{
  "frames": [
    {
      "file_path": "/media/NFS/ttao/scannet/posed_images/scene0612_01/00002.jpg",
      "transform_matrix": [
        [
          0.754115,
          0.277642,
          -0.595168,
          1.958342
        ],
        [
          0.656279,
          -0.352626,
          0.667048,
          3.38648
        ],
        [
          -0.024671,
          -0.893628,
          -0.448131,
          1.370887
        ],
        [
          0.0,
          0.0,
          0.0,
          1.0
        ]
      ]
    },
    {
      "file_path": "/media/NFS/ttao/scannet/posed_images/scene0612_01/00004.jpg",
      "transform_matrix": [
        [
          0.757589,
          0.276818,
          -0.591127,
          1.957461
        ],
        [
          0.652332,
          -0.352816,
          0.670809,
          3.375424
        ],
        [
          -0.022867,
          -0.893808,
          -0.447866,
          1.368973
        ],
        [
          0.0,
          0.0,
          0.0,
          1.0
        ]
      ]
    },
    {
      "file_path": "/media/NFS/ttao/scannet/posed_images/scene0612_01/00006.jpg",
      "transform_matrix": [
        [
          0.763405,
          0.271896,
          -0.585906,
          1.957712
        ],
        [
          0.645538,
          -0.352374,
          0.677579,
          3.366074
        ],
        [
          -0.022228,
          -0.895492,
          -0.444523,
          1.367855
        ],
        [
          0.0,
          0.0,
          0.0,
          1.0
        ]
      ]
    },
    {
      "file_path": "/media/NFS/ttao/scannet/posed_images/scene0612_01/00011.jpg",
      "transform_matrix": [
        [
          0.783634,
          0.268854,
          -0.560031,
          1.94727
        ],
        [
          0.620903,
          -0.367913,
          0.692185,
          3.344333
        ],
        [
          -0.019946,
          -0.890145,
          -0.455241,
          1.377636
        ],
        [
          0.0,
          0.0,
          0.0,
          1.0
        ]
      ]
    },
    {
      "file_path": "/media/NFS/ttao/scannet/posed_images/scene0612_01/00012.jpg",
      "transform_matrix": [
        [
          0.786562,
          0.26642,
          -0.557081,
          1.948907
        ],
        [
          0.617188,
          -0.368344,
          0.695271,
          3.340087
        ],
        [
          -0.019963,
          -0.890698,
          -0.454157,
          1.3761
        ],
        [
          0.0,
          0.0,
          0.0,
          1.0
        ]
      ]
    },
    {
      "file_path": "/media/NFS/ttao/scannet/posed_images/scene0612_01/00016.jpg",
      "transform_matrix": [
        [
          0.800868,
          0.254923,
          -0.541871,
          1.949631
        ],
        [
          0.598447,
          -0.373513,
          0.708766,
          3.329114
        ],
        [
          -0.021715,
          -0.891909,
          -0.451692,
          1.376163
        ],
        [
          0.0,
          0.0,
          0.0,
          1.0
        ]
      ]
    },
    {
      "file_path": "/media/NFS/ttao/scannet/posed_images/scene0612_01/00018.jpg",
      "transform_matrix": [
        [
          0.808398,
          0.243764,
          -0.53579,
          1.952056
        ],
        [
          0.588022,
          -0.376006,
          0.716136,
          3.325075
        ],
        [
          -0.026892,
          -0.893979,
          -0.447301,
          1.376126
        ],
        [
          0.0,
          0.0,
          0.0,
          1.0
        ]
      ]
    },
    {
      "file_path": "/media/NFS/ttao/scannet/posed_images/scene0612_01/00023.jpg",
      "transform_matrix": [
        [
          0.829614,
          0.205985,
          -0.518952,
          1.962108
        ],
        [
          0.556717,
          -0.375945,
          0.740764,
          3.312982
        ],
        [
          -0.042511,
          -0.903458,
          -0.426564,
          1.391045
        ],
        [
          0.0,
          0.0,
          0.0,
          1.0
        ]
      ]
    },
    {
      "file_path": "/media/NFS/ttao/scannet/posed_images/scene0612_01/00025.jpg",
      "transform_matrix": [
        [
          0.8281,
          0.19414,
          -0.52589,
          1.972004
        ],
        [
          0.558586,
          -0.364821,
          0.744907,
          3.308067
        ],
        [
          -0.047239,
          -0.910613,
          -0.410552,
          1.395505
        ],
        [
          0.0,
          0.0,
          0.0,
          1.0
        ]
      ]
    },
    {
      "file_path": "/media/NFS/ttao/scannet/posed_images/scene0612_01/00028.jpg",
      "transform_matrix": [
        [
          0.824257,
          0.180744,
          -0.536593,
          1.985318
        ],
        [
          0.563798,
          -0.349483,
          0.748327,
          3.300728
        ],
        [
          -0.052274,
          -0.919344,
          -0.389967,
          1.4
        ],
        [
          0.0,
          0.0,
          0.0,
          1.0
        ]
      ]
    },
    {
      "file_path": "/media/NFS/ttao/scannet/posed_images/scene0612_01/00032.jpg",
      "transform_matrix": [
        [
          0.818299,
          0.19153,
          -0.541944,
          2.003003
        ],
        [
          0.572423,
          -0.357081,
          0.738123,
          3.290244
        ],
        [
          -0.052145,
          -0.914226,
          -0.401835,
          1.403562
        ],
        [
          0.0,
          0.0,
          0.0,
          1.0
        ]
      ]
    },
    {
      "file_path": "/media/NFS/ttao/scannet/posed_images/scene0612_01/00035.jpg",
      "transform_matrix": [
        [
          0.814215,
          0.181938,
          -0.551319,
          2.019313
        ],
        [
          0.57702,
          -0.358361,
          0.733911,
          3.285506
        ],
        [
          -0.064045,
          -0.915683,
          -0.396765,
          1.407004
        ],
        [
          0.0,
          0.0,
          0.0,
          1.0
        ]
      ]
    },
    {
      "file_path": "/media/NFS/ttao/scannet/posed_images/scene0612_01/00038.jpg",
      "transform_matrix": [
        [
          0.816699,
          0.1808,
          -0.548009,
          2.03486
        ],
        [
          0.572756,
          -0.369797,
          0.731574,
          3.283482
        ],
        [
          -0.070383,
          -0.911351,
          -0.405567,
          1.408159
        ],
        [
          0.0,
          0.0,
          0.0,
          1.0
        ]
      ]
    },
    {
      "file_path": "/media/NFS/ttao/scannet/posed_images/scene0612_01/00039.jpg",
      "transform_matrix": [
        [
          0.816522,
          0.178921,
          -0.548889,
          2.040112
        ],
        [
          0.57258,
          -0.372488,
          0.730346,
          3.28315
        ],
        [
          -0.07378,
          -0.910626,
          -0.406591,
          1.410775
        ],
        [
          0.0,
          0.0,
          0.0,
          1.0
        ]
      ]
    },
    {
      "file_path": "/media/NFS/ttao/scannet/posed_images/scene0612_01/00042.jpg",
      "transform_matrix": [
        [
          0.815804,
          0.174651,
          -0.551326,
          2.063112
        ],
        [
          0.571644,
          -0.388038,
          0.722945,
          3.280591
        ],
        [
          -0.087672,
          -0.904944,
          -0.416401,
          1.407385
        ],
        [
          0.0,
          0.0,
          0.0,
          1.0
        ]
      ]
    },
    {
      "file_path": "/media/NFS/ttao/scannet/posed_images/scene0612_01/00046.jpg",
      "transform_matrix": [
        [
          0.829255,
          0.160024,
          -0.535471,
          2.079473
        ],
        [
          0.549893,
          -0.40468,
          0.730652,
          3.281728
        ],
        [
          -0.099773,
          -0.900348,
          -0.423579,
          1.407752
        ],
        [
          0.0,
          0.0,
          0.0,
          1.0
        ]
      ]
    },
    {
      "file_path": "/media/NFS/ttao/scannet/posed_images/scene0612_01/00049.jpg",
      "transform_matrix": [
        [
          0.833841,
          0.131791,
          -0.536042,
          2.090008
        ],
        [
          0.537453,
          -0.415332,
          0.733923,
          3.280334
        ],
        [
          -0.125911,
          -0.900072,
          -0.417153,
          1.415481
        ],
        [
          0.0,
          0.0,
          0.0,
          1.0
        ]
      ]
    },
    {
      "file_path": "/media/NFS/ttao/scannet/posed_images/scene0612_01/00052.jpg",
      "transform_matrix": [
        [
          0.848805,
          0.099366,
          -0.519285,
          2.093814
        ],
        [
          0.511869,
          -0.400343,
          0.760076,
          3.270143
        ],
        [
          -0.132366,
          -0.910962,
          -0.390676,
          1.430251
        ],
        [
          0.0,
          0.0,
          0.0,
          1.0
        ]
      ]
    },
    {
      "file_path": "/media/NFS/ttao/scannet/posed_images/scene0612_01/00054.jpg",
      "transform_matrix": [
        [
          0.857292,
          0.082444,
          -0.508187,
          2.095093
        ],
        [
          0.496793,
          -0.391476,
          0.77456,
          3.266199
        ],
        [
          -0.135086,
          -0.916488,
          -0.376567,
          1.437505
        ],
        [
          0.0,
          0.0,
          0.0,
          1.0
        ]
      ]
    },
    {
      "file_path": "/media/NFS/ttao/scannet/posed_images/scene0612_01/00058.jpg",
      "transform_matrix": [
        [
          0.884993,
          0.057131,
          -0.462086,
          2.088005
        ],
        [
          0.449891,
          -0.360579,
          0.817056,
          3.249528
        ],
        [
          -0.11994,
          -0.930977,
          -0.344812,
          1.44046
        ],
        [
          0.0,
          0.0,
          0.0,
          1.0
        ]
      ]
    },
    {
      "file_path": "/media/NFS/ttao/scannet/posed_images/scene0612_01/00062.jpg",
      "transform_matrix": [
        [
          0.912394,
          0.04085,
          -0.40727,
          2.076748
        ],
        [
          0.393042,
          -0.365197,
          0.843889,
          3.237382
        ],
        [
          -0.114261,
          -0.930034,
          -0.349259,
          1.437901
        ],
        [
          0.0,
          0.0,
          0.0,
          1.0
        ]
      ]
    },
    {
      "file_path": "/media/NFS/ttao/scannet/posed_images/scene0612_01/00063.jpg",
      "transform_matrix": [
        [
          0.916122,
          0.038647,
          -0.399032,
          2.073994
        ],
        [
          0.384363,
          -0.367594,
          0.846841,
          3.234453
        ],
        [
          -0.113954,
          -0.929183,
          -0.351616,
          1.436556
        ],
        [
          0.0,
          0.0,
          0.0,
          1.0
        ]
      ]
    },
    {
      "file_path": "/media/NFS/ttao/scannet/posed_images/scene0612_01/00069.jpg",
      "transform_matrix": [
        [
          0.9527,
          0.056864,
          -0.298546,
          2.062572
        ],
        [
          0.296465,
          -0.390039,
          0.871767,
          3.218193
        ],
        [
          -0.066873,
          -0.919041,
          -0.388449,
          1.415384
        ],
        [
          0.0,
          0.0,
          0.0,
          1.0
        ]
      ]
    },
    {
      "file_path": "/media/NFS/ttao/scannet/posed_images/scene0612_01/00072.jpg",
      "transform_matrix": [
        [
          0.966687,
          0.048566,
          -0.251311,
          2.065957
        ],
        [
          0.24887,
          -0.407836,
          0.878484,
          3.209243
        ],
        [
          -0.059829,
          -0.911762,
          -0.406337,
          1.398088
        ],
        [
          0.0,
          0.0,
          0.0,
          1.0
        ]
      ]
    },
    {
      "file_path": "/media/NFS/ttao/scannet/posed_images/scene0612_01/00074.jpg",
      "transform_matrix": [
        [
          0.9762,
          0.044532,
          -0.212253,
          2.068596
        ],
        [
          0.211088,
          -0.419658,
          0.882796,
          3.209947
        ],
        [
          -0.049761,
          -0.906589,
          -0.41907,
          1.395282
        ],
        [
          0.0,
          0.0,
          0.0,
          1.0
        ]
      ]
    },
    {
      "file_path": "/media/NFS/ttao/scannet/posed_images/scene0612_01/00076.jpg",
      "transform_matrix": [
        [
          0.983739,
          0.037142,
          -0.175723,
          2.072742
        ],
        [
          0.174613,
          -0.426855,
          0.887302,
          3.213147
        ],
        [
          -0.042052,
          -0.903557,
          -0.426399,
          1.391716
        ],
        [
          0.0,
          0.0,
          0.0,
          1.0
        ]
      ]
    },
    {
      "file_path": "/media/NFS/ttao/scannet/posed_images/scene0612_01/00081.jpg",
      "transform_matrix": [
        [
          0.996759,
          -0.033954,
          -0.072933,
          2.10866
        ],
        [
          0.050756,
          -0.437955,
          0.897563,
          3.221277
        ],
        [
          -0.062417,
          -0.898356,
          -0.434812,
          1.386037
        ],
        [
          0.0,
          0.0,
          0.0,
          1.0
        ]
      ]
    },
    {
      "file_path": "/media/NFS/ttao/scannet/posed_images/scene0612_01/00083.jpg",
      "transform_matrix": [
        [
          0.997596,
          -0.055805,
          -0.041077,
          2.117935
        ],
        [
          0.012473,
          -0.438497,
          0.898646,
          3.227992
        ],
        [
          -0.068161,
          -0.896999,
          -0.436747,
          1.390833
        ],
        [
          0.0,
          0.0,
          0.0,
          1.0
        ]
      ]
    },
    {
      "file_path": "/media/NFS/ttao/scannet/posed_images/scene0612_01/00087.jpg",
      "transform_matrix": [
        [
          0.996643,
          -0.080156,
          0.016688,
          2.136427
        ],
        [
          -0.049623,
          -0.429245,
          0.901824,
          3.239688
        ],
        [
          -0.065123,
          -0.899624,
          -0.431782,
          1.393898
        ],
        [
          0.0,
          0.0,
          0.0,
          1.0
        ]
      ]
    },
    {
      "file_path": "/media/NFS/ttao/scannet/posed_images/scene0612_01/00090.jpg",
      "transform_matrix": [
        [
          0.994904,
          -0.087426,
          0.05023,
          2.142594
        ],
        [
          -0.08311,
          -0.429006,
          0.89947,
          3.250424
        ],
        [
          -0.057088,
          -0.899061,
          -0.434085,
          1.403141
        ],
        [
          0.0,
          0.0,
          0.0,
          1.0
        ]
      ]
    },
    {
      "file_path": "/media/NFS/ttao/scannet/posed_images/scene0612_01/00092.jpg",
      "transform_matrix": [
        [
          0.993139,
          -0.098236,
          0.063437,
          2.152576
        ],
        [
          -0.099579,
          -0.426056,
          0.8992,
          3.254741
        ],
        [
          -0.061306,
          -0.899348,
          -0.432915,
          1.401106
        ],
        [
          0.0,
          0.0,
          0.0,
          1.0
        ]
      ]
    },
    {
      "file_path": "/media/NFS/ttao/scannet/posed_images/scene0612_01/00095.jpg",
      "transform_matrix": [
        [
          0.989672,
          -0.115628,
          0.084734,
          2.161155
        ],
        [
          -0.126502,
          -0.426412,
          0.895639,
          3.266095
        ],
        [
          -0.067429,
          -0.897108,
          -0.436636,
          1.403475
        ],
        [
          0.0,
          0.0,
          0.0,
          1.0
        ]
      ]
    },
    {
      "file_path": "/media/NFS/ttao/scannet/posed_images/scene0612_01/00097.jpg",
      "transform_matrix": [
        [
          0.987105,
          -0.126343,
          0.098292,
          2.165879
        ],
        [
          -0.143922,
          -0.431683,
          0.890469,
          3.275111
        ],
        [
          -0.070073,
          -0.893133,
          -0.4443,
          1.406526
        ],
        [
          0.0,
          0.0,
          0.0,
          1.0
        ]
      ]
    },
    {
      "file_path": "/media/NFS/ttao/scannet/posed_images/scene0612_01/00102.jpg",
      "transform_matrix": [
        [
          0.974719,
          -0.15602,
          0.159936,
          2.181909
        ],
        [
          -0.210439,
          -0.400509,
          0.891801,
          3.295173
        ],
        [
          -0.075082,
          -0.902912,
          -0.423216,
          1.410363
        ],
        [
          0.0,
          0.0,
          0.0,
          1.0
        ]
      ]
    },
    {
      "file_path": "/media/NFS/ttao/scannet/posed_images/scene0612_01/00104.jpg",
      "transform_matrix": [
        [
          0.970493,
          -0.171891,
          0.169104,
          2.189617
        ],
        [
          -0.225253,
          -0.396026,
          0.890182,
          3.302664
        ],
        [
          -0.086045,
          -0.902007,
          -0.42306,
          1.417462
        ],
        [
          0.0,
          0.0,
          0.0,
          1.0
        ]
      ]
    },
    {
      "file_path": "/media/NFS/ttao/scannet/posed_images/scene0612_01/00106.jpg",
      "transform_matrix": [
        [
          0.96702,
          -0.180335,
          0.179864,
          2.193053
        ],
        [
          -0.237885,
          -0.387145,
          0.890803,
          3.308527
        ],
        [
          -0.09101,
          -0.904211,
          -0.417276,
          1.422246
        ],
        [
          0.0,
          0.0,
          0.0,
          1.0
        ]
      ]
    },
    {
      "file_path": "/media/NFS/ttao/scannet/posed_images/scene0612_01/00110.jpg",
      "transform_matrix": [
        [
          0.955407,
          -0.203851,
          0.21364,
          2.203938
        ],
        [
          -0.276523,
          -0.363811,
          0.889481,
          3.320468
        ],
        [
          -0.103597,
          -0.908893,
          -0.403958,
          1.438483
        ],
        [
          0.0,
          0.0,
          0.0,
          1.0
        ]
      ]
    },
    {
      "file_path": "/media/NFS/ttao/scannet/posed_images/scene0612_01/00114.jpg",
      "transform_matrix": [
        [
          0.948953,
          -0.210622,
          0.234789,
          2.207093
        ],
        [
          -0.297736,
          -0.352425,
          0.887215,
          3.326985
        ],
        [
          -0.104122,
          -0.911831,
          -0.397145,
          1.44341
        ],
        [
          0.0,
          0.0,
          0.0,
          1.0
        ]
      ]
    },
    {
      "file_path": "/media/NFS/ttao/scannet/posed_images/scene0612_01/00117.jpg",
      "transform_matrix": [
        [
          0.944087,
          -0.213713,
          0.251052,
          2.209593
        ],
        [
          -0.313498,
          -0.34615,
          0.884251,
          3.330104
        ],
        [
          -0.102074,
          -0.913514,
          -0.393794,
          1.447956
        ],
        [
          0.0,
          0.0,
          0.0,
          1.0
        ]
      ]
    },
    {
      "file_path": "/media/NFS/ttao/scannet/posed_images/scene0612_01/00118.jpg",
      "transform_matrix": [
        [
          0.942678,
          -0.21473,
          0.255437,
          2.209533
        ],
        [
          -0.317988,
          -0.345899,
          0.882745,
          3.330656
        ],
        [
          -0.101196,
          -0.91337,
          -0.394353,
          1.447378
        ],
        [
          0.0,
          0.0,
          0.0,
          1.0
        ]
      ]
    },
    {
      "file_path": "/media/NFS/ttao/scannet/posed_images/scene0612_01/00121.jpg",
      "transform_matrix": [
        [
          0.93733,
          -0.218306,
          0.271579,
          2.20942
        ],
        [
          -0.335229,
          -0.352375,
          0.873758,
          3.33327
        ],
        [
          -0.095049,
          -0.910041,
          -0.403475,
          1.449405
        ],
        [
          0.0,
          0.0,
          0.0,
          1.0
        ]
      ]
    },
    {
      "file_path": "/media/NFS/ttao/scannet/posed_images/scene0612_01/00126.jpg",
      "transform_matrix": [
        [
          0.920307,
          -0.234175,
          0.313364,
          2.208622
        ],
        [
          -0.381523,
          -0.360246,
          0.851271,
          3.340378
        ],
        [
          -0.086458,
          -0.902987,
          -0.42088,
          1.440376
        ],
        [
          0.0,
          0.0,
          0.0,
          1.0
        ]
      ]
    },
    {
      "file_path": "/media/NFS/ttao/scannet/posed_images/scene0612_01/00127.jpg",
      "transform_matrix": [
        [
          0.916097,
          -0.236505,
          0.323776,
          2.209434
        ],
        [
          -0.392011,
          -0.358695,
          0.847151,
          3.34185
        ],
        [
          -0.084218,
          -0.902997,
          -0.421312,
          1.439465
        ],
        [
          0.0,
          0.0,
          0.0,
          1.0
        ]
      ]
    },
    {
      "file_path": "/media/NFS/ttao/scannet/posed_images/scene0612_01/00133.jpg",
      "transform_matrix": [
        [
          0.878817,
          -0.271685,
          0.39226,
          2.215481
        ],
        [
          -0.46799,
          -0.33038,
          0.819655,
          3.35836
        ],
        [
          -0.093093,
          -0.903901,
          -0.417489,
          1.441333
        ],
        [
          0.0,
          0.0,
          0.0,
          1.0
        ]
      ]
    },
    {
      "file_path": "/media/NFS/ttao/scannet/posed_images/scene0612_01/00134.jpg",
      "transform_matrix": [
        [
          0.871174,
          -0.279483,
          0.403663,
          2.217592
        ],
        [
          -0.481485,
          -0.325471,
          0.813782,
          3.362672
        ],
        [
          -0.096058,
          -0.903304,
          -0.418109,
          1.440102
        ],
        [
          0.0,
          0.0,
          0.0,
          1.0
        ]
      ]
    },
    {
      "file_path": "/media/NFS/ttao/scannet/posed_images/scene0612_01/00137.jpg",
      "transform_matrix": [
        [
          0.849604,
          -0.29365,
          0.438113,
          2.226906
        ],
        [
          -0.518073,
          -0.308947,
          0.797592,
          3.378688
        ],
        [
          -0.098859,
          -0.904611,
          -0.414614,
          1.439793
        ],
        [
          0.0,
          0.0,
          0.0,
          1.0
        ]
      ]
    },
    {
      "file_path": "/media/NFS/ttao/scannet/posed_images/scene0612_01/00142.jpg",
      "transform_matrix": [
        [
          0.821351,
          -0.293572,
          0.489079,
          2.243741
        ],
        [
          -0.561625,
          -0.266186,
          0.783404,
          3.418762
        ],
        [
          -0.099799,
          -0.918129,
          -0.383509,
          1.435901
        ],
        [
          0.0,
          0.0,
          0.0,
          1.0
        ]
      ]
    },
    {
      "file_path": "/media/NFS/ttao/scannet/posed_images/scene0612_01/00145.jpg",
      "transform_matrix": [
        [
          0.812181,
          -0.298479,
          0.50127,
          2.256721
        ],
        [
          -0.574285,
          -0.257698,
          0.777038,
          3.453293
        ],
        [
          -0.102753,
          -0.918968,
          -0.38071,
          1.440399
        ],
        [
          0.0,
          0.0,
          0.0,
          1.0
        ]
      ]
    },
    {
      "file_path": "/media/NFS/ttao/scannet/posed_images/scene0612_01/00148.jpg",
      "transform_matrix": [
        [
          0.803613,
          -0.290565,
          0.519402,
          2.271465
        ],
        [
          -0.586934,
          -0.24239,
          0.772499,
          3.490571
        ],
        [
          -0.098563,
          -0.925645,
          -0.365331,
          1.440286
        ],
        [
          0.0,
          0.0,
          0.0,
          1.0
        ]
      ]
    },
    {
      "file_path": "/media/NFS/ttao/scannet/posed_images/scene0612_01/00149.jpg",
      "transform_matrix": [
        [
          0.802465,
          -0.284664,
          0.524419,
          2.276279
        ],
        [
          -0.589647,
          -0.243588,
          0.770053,
          3.503927
        ],
        [
          -0.091464,
          -0.927163,
          -0.363322,
          1.438241
        ],
        [
          0.0,
          0.0,
          0.0,
          1.0
        ]
      ]
    },
    {
      "file_path": "/media/NFS/ttao/scannet/posed_images/scene0612_01/00153.jpg",
      "transform_matrix": [
        [
          0.796211,
          -0.255168,
          0.548578,
          2.298958
        ],
        [
          -0.602855,
          -0.257976,
          0.754993,
          3.562265
        ],
        [
          -0.05113,
          -0.931847,
          -0.359232,
          1.441443
        ],
        [
          0.0,
          0.0,
          0.0,
          1.0
        ]
      ]
    },
    {
      "file_path": "/media/NFS/ttao/scannet/posed_images/scene0612_01/00155.jpg",
      "transform_matrix": [
        [
          0.787172,
          -0.264282,
          0.557239,
          2.313764
        ],
        [
          -0.614496,
          -0.259202,
          0.745123,
          3.591356
        ],
        [
          -0.052485,
          -0.928961,
          -0.366437,
          1.443844
        ],
        [
          0.0,
          0.0,
          0.0,
          1.0
        ]
      ]
    },
    {
      "file_path": "/media/NFS/ttao/scannet/posed_images/scene0612_01/00159.jpg",
      "transform_matrix": [
        [
          0.746313,
          -0.286309,
          0.600869,
          2.352713
        ],
        [
          -0.663706,
          -0.252153,
          0.704211,
          3.644748
        ],
        [
          -0.050111,
          -0.924362,
          -0.378211,
          1.448427
        ],
        [
          0.0,
          0.0,
          0.0,
          1.0
        ]
      ]
    },
    {
      "file_path": "/media/NFS/ttao/scannet/posed_images/scene0612_01/00161.jpg",
      "transform_matrix": [
        [
          0.717666,
          -0.324314,
          0.61626,
          2.377398
        ],
        [
          -0.692982,
          -0.245173,
          0.677987,
          3.666629
        ],
        [
          -0.068791,
          -0.913625,
          -0.400696,
          1.452568
        ],
        [
          0.0,
          0.0,
          0.0,
          1.0
        ]
      ]
    },
    {
      "file_path": "/media/NFS/ttao/scannet/posed_images/scene0612_01/00166.jpg",
      "transform_matrix": [
        [
          0.63761,
          -0.3476,
          0.687479,
          2.428943
        ],
        [
          -0.768511,
          -0.225241,
          0.59888,
          3.716096
        ],
        [
          -0.053322,
          -0.910187,
          -0.41075,
          1.444491
        ],
        [
          0.0,
          0.0,
          0.0,
          1.0
        ]
      ]
    },
    {
      "file_path": "/media/NFS/ttao/scannet/posed_images/scene0612_01/00167.jpg",
      "transform_matrix": [
        [
          0.621078,
          -0.355121,
          0.698678,
          2.439873
        ],
        [
          -0.781999,
          -0.221254,
          0.582688,
          3.725172
        ],
        [
          -0.052339,
          -0.90826,
          -0.41512,
          1.444095
        ],
        [
          0.0,
          0.0,
          0.0,
          1.0
        ]
      ]
    },
    {
      "file_path": "/media/NFS/ttao/scannet/posed_images/scene0612_01/00170.jpg",
      "transform_matrix": [
        [
          0.563474,
          -0.357703,
          0.744678,
          2.462311
        ],
        [
          -0.825584,
          -0.210943,
          0.523368,
          3.757215
        ],
        [
          -0.030126,
          -0.909699,
          -0.414175,
          1.438545
        ],
        [
          0.0,
          0.0,
          0.0,
          1.0
        ]
      ]
    },
    {
      "file_path": "/media/NFS/ttao/scannet/posed_images/scene0612_01/00174.jpg",
      "transform_matrix": [
        [
          0.456796,
          -0.389334,
          0.799848,
          2.50896
        ],
        [
          -0.889022,
          -0.168188,
          0.425856,
          3.799163
        ],
        [
          -0.031276,
          -0.905611,
          -0.422954,
          1.448557
        ],
        [
          0.0,
          0.0,
          0.0,
          1.0
        ]
      ]
    },
    {
      "file_path": "/media/NFS/ttao/scannet/posed_images/scene0612_01/00176.jpg",
      "transform_matrix": [
        [
          0.407483,
          -0.412608,
          0.814685,
          2.527139
        ],
        [
          -0.91264,
          -0.152416,
          0.379285,
          3.813187
        ],
        [
          -0.032325,
          -0.898067,
          -0.43867,
          1.45495
        ],
        [
          0.0,
          0.0,
          0.0,
          1.0
        ]
      ]
    },
    {
      "file_path": "/media/NFS/ttao/scannet/posed_images/scene0612_01/00181.jpg",
      "transform_matrix": [
        [
          0.2765,
          -0.403011,
          0.872427,
          2.55293
        ],
        [
          -0.960881,
          -0.131048,
          0.243997,
          3.848124
        ],
        [
          0.015996,
          -0.905764,
          -0.423481,
          1.421066
        ],
        [
          0.0,
          0.0,
          0.0,
          1.0
        ]
      ]
    },
    {
      "file_path": "/media/NFS/ttao/scannet/posed_images/scene0612_01/00184.jpg",
      "transform_matrix": [
        [
          0.200828,
          -0.411813,
          0.888863,
          2.570364
        ],
        [
          -0.979535,
          -0.096822,
          0.176456,
          3.859629
        ],
        [
          0.013395,
          -0.90611,
          -0.42283,
          1.423483
        ],
        [
          0.0,
          0.0,
          0.0,
          1.0
        ]
      ]
    },
    {
      "file_path": "/media/NFS/ttao/scannet/posed_images/scene0612_01/00187.jpg",
      "transform_matrix": [
        [
          0.138247,
          -0.423326,
          0.895367,
          2.583885
        ],
        [
          -0.990375,
          -0.065173,
          0.122103,
          3.867937
        ],
        [
          0.006665,
          -0.90363,
          -0.428262,
          1.423684
        ],
        [
          0.0,
          0.0,
          0.0,
          1.0
        ]
      ]
    },
    {
      "file_path": "/media/NFS/ttao/scannet/posed_images/scene0612_01/00188.jpg",
      "transform_matrix": [
        [
          0.117742,
          -0.422279,
          0.898786,
          2.585975
        ],
        [
          -0.99304,
          -0.052766,
          0.105298,
          3.870655
        ],
        [
          0.00296,
          -0.904929,
          -0.425553,
          1.421787
        ],
        [
          0.0,
          0.0,
          0.0,
          1.0
        ]
      ]
    },
    {
      "file_path": "/media/NFS/ttao/scannet/posed_images/scene0612_01/00191.jpg",
      "transform_matrix": [
        [
          0.063618,
          -0.409671,
          0.910012,
          2.573394
        ],
        [
          -0.997898,
          -0.037387,
          0.052932,
          3.879177
        ],
        [
          0.012338,
          -0.911467,
          -0.411189,
          1.371972
        ],
        [
          0.0,
          0.0,
          0.0,
          1.0
        ]
      ]
    },
    {
      "file_path": "/media/NFS/ttao/scannet/posed_images/scene0612_01/00195.jpg",
      "transform_matrix": [
        [
          -0.009181,
          -0.401882,
          0.915646,
          2.590127
        ],
        [
          -0.99994,
          -0.001863,
          -0.010844,
          3.881036
        ],
        [
          0.006064,
          -0.91569,
          -0.40184,
          1.370834
        ],
        [
          0.0,
          0.0,
          0.0,
          1.0
        ]
      ]
    },
    {
      "file_path": "/media/NFS/ttao/scannet/posed_images/scene0612_01/00200.jpg",
      "transform_matrix": [
        [
          -0.107545,
          -0.39192,
          0.913692,
          2.607788
        ],
        [
          -0.994115,
          0.03037,
          -0.103984,
          3.882946
        ],
        [
          0.013005,
          -0.919498,
          -0.392879,
          1.367852
        ],
        [
          0.0,
          0.0,
          0.0,
          1.0
        ]
      ]
    },
    {
      "file_path": "/media/NFS/ttao/scannet/posed_images/scene0612_01/00203.jpg",
      "transform_matrix": [
        [
          -0.174054,
          -0.382572,
          0.907383,
          2.627583
        ],
        [
          -0.984663,
          0.056374,
          -0.165109,
          3.878616
        ],
        [
          0.012013,
          -0.922204,
          -0.386516,
          1.372487
        ],
        [
          0.0,
          0.0,
          0.0,
          1.0
        ]
      ]
    },
    {
      "file_path": "/media/NFS/ttao/scannet/posed_images/scene0612_01/00204.jpg",
      "transform_matrix": [
        [
          -0.192172,
          -0.382936,
          0.903565,
          2.633928
        ],
        [
          -0.981292,
          0.064017,
          -0.181573,
          3.876332
        ],
        [
          0.011687,
          -0.921554,
          -0.388074,
          1.37354
        ],
        [
          0.0,
          0.0,
          0.0,
          1.0
        ]
      ]
    },
    {
      "file_path": "/media/NFS/ttao/scannet/posed_images/scene0612_01/00208.jpg",
      "transform_matrix": [
        [
          -0.289124,
          -0.385331,
          0.876315,
          2.679197
        ],
        [
          -0.957156,
          0.100931,
          -0.271415,
          3.853547
        ],
        [
          0.016137,
          -0.917242,
          -0.398003,
          1.381105
        ],
        [
          0.0,
          0.0,
          0.0,
          1.0
        ]
      ]
    },
    {
      "file_path": "/media/NFS/ttao/scannet/posed_images/scene0612_01/00211.jpg",
      "transform_matrix": [
        [
          -0.343056,
          -0.364048,
          0.865899,
          2.698309
        ],
        [
          -0.939243,
          0.121517,
          -0.321024,
          3.838474
        ],
        [
          0.011647,
          -0.923419,
          -0.383617,
          1.369925
        ],
        [
          0.0,
          0.0,
          0.0,
          1.0
        ]
      ]
    },
    {
      "file_path": "/media/NFS/ttao/scannet/posed_images/scene0612_01/00213.jpg",
      "transform_matrix": [
        [
          -0.369403,
          -0.34698,
          0.862059,
          2.713901
        ],
        [
          -0.929269,
          0.138459,
          -0.342474,
          3.824533
        ],
        [
          -0.000528,
          -0.927596,
          -0.373585,
          1.373911
        ],
        [
          0.0,
          0.0,
          0.0,
          1.0
        ]
      ]
    },
    {
      "file_path": "/media/NFS/ttao/scannet/posed_images/scene0612_01/00216.jpg",
      "transform_matrix": [
        [
          -0.401437,
          -0.342504,
          0.849434,
          2.743561
        ],
        [
          -0.915794,
          0.163305,
          -0.366951,
          3.794539
        ],
        [
          -0.013035,
          -0.925215,
          -0.37922,
          1.383455
        ],
        [
          0.0,
          0.0,
          0.0,
          1.0
        ]
      ]
    },
    {
      "file_path": "/media/NFS/ttao/scannet/posed_images/scene0612_01/00221.jpg",
      "transform_matrix": [
        [
          -0.47123,
          -0.311248,
          0.825267,
          2.784253
        ],
        [
          -0.881113,
          0.208321,
          -0.42455,
          3.743165
        ],
        [
          -0.03978,
          -0.927215,
          -0.372412,
          1.386039
        ],
        [
          0.0,
          0.0,
          0.0,
          1.0
        ]
      ]
    },
    {
      "file_path": "/media/NFS/ttao/scannet/posed_images/scene0612_01/00224.jpg",
      "transform_matrix": [
        [
          -0.508078,
          -0.299384,
          0.807605,
          2.807459
        ],
        [
          -0.859862,
          0.230682,
          -0.455438,
          3.714607
        ],
        [
          -0.049949,
          -0.925827,
          -0.374634,
          1.384891
        ],
        [
          0.0,
          0.0,
          0.0,
          1.0
        ]
      ]
    },
    {
      "file_path": "/media/NFS/ttao/scannet/posed_images/scene0612_01/00226.jpg",
      "transform_matrix": [
        [
          -0.538819,
          -0.287433,
          0.791869,
          2.823164
        ],
        [
          -0.841093,
          0.236335,
          -0.486527,
          3.698542
        ],
        [
          -0.047302,
          -0.928185,
          -0.3691,
          1.390313
        ],
        [
          0.0,
          0.0,
          0.0,
          1.0
        ]
      ]
    },
    {
      "file_path": "/media/NFS/ttao/scannet/posed_images/scene0612_01/00228.jpg",
      "transform_matrix": [
        [
          -0.571327,
          -0.28069,
          0.771232,
          2.834053
        ],
        [
          -0.819376,
          0.248885,
          -0.51641,
          3.682947
        ],
        [
          -0.046997,
          -0.926968,
          -0.372185,
          1.394866
        ],
        [
          0.0,
          0.0,
          0.0,
          1.0
        ]
      ]
    },
    {
      "file_path": "/media/NFS/ttao/scannet/posed_images/scene0612_01/00233.jpg",
      "transform_matrix": [
        [
          -0.637421,
          -0.248366,
          0.72939,
          2.846368
        ],
        [
          -0.769086,
          0.262747,
          -0.582642,
          3.664053
        ],
        [
          -0.046936,
          -0.932351,
          -0.358494,
          1.398137
        ],
        [
          0.0,
          0.0,
          0.0,
          1.0
        ]
      ]
    },
    {
      "file_path": "/media/NFS/ttao/scannet/posed_images/scene0612_01/00236.jpg",
      "transform_matrix": [
        [
          -0.673803,
          -0.2231,
          0.704426,
          2.845242
        ],
        [
          -0.736512,
          0.279551,
          -0.615957,
          3.657611
        ],
        [
          -0.059503,
          -0.933851,
