{
  "frames": [
    {
      "file_path": "/media/NFS/ttao/scannet/posed_images/scene0050_01/00000.jpg",
      "transform_matrix": [
        [
          -0.127977,
          0.579905,
          -0.804569,
          3.238828
        ],
        [
          0.988281,
          0.006506,
          -0.152509,
          0.827629
        ],
        [
          -0.083206,
          -0.814658,
          -0.573942,
          1.504358
        ],
        [
          0.0,
          0.0,
          0.0,
          1.0
        ]
      ]
    },
    {
      "file_path": "/media/NFS/ttao/scannet/posed_images/scene0050_01/00015.jpg",
      "transform_matrix": [
        [
          -0.195786,
          0.543382,
          -0.816336,
          3.113796
        ],
        [
          0.979258,
          0.064047,
          -0.192228,
          0.885965
        ],
        [
          -0.052169,
          -0.837039,
          -0.544651,
          1.515055
        ],
        [
          0.0,
          0.0,
          0.0,
          1.0
        ]
      ]
    },
    {
      "file_path": "/media/NFS/ttao/scannet/posed_images/scene0050_01/00022.jpg",
      "transform_matrix": [
        [
          -0.183131,
          0.58172,
          -0.792505,
          3.077158
        ],
        [
          0.981067,
          0.056469,
          -0.185254,
          0.903114
        ],
        [
          -0.063014,
          -0.811427,
          -0.581048,
          1.489862
        ],
        [
          0.0,
          0.0,
          0.0,
          1.0
        ]
      ]
    },
    {
      "file_path": "/media/NFS/ttao/scannet/posed_images/scene0050_01/00045.jpg",
      "transform_matrix": [
        [
          -0.334664,
          0.570776,
          -0.74981,
          2.991354
        ],
        [
          0.937885,
          0.124494,
          -0.32384,
          1.070767
        ],
        [
          -0.091493,
          -0.811613,
          -0.576986,
          1.506104
        ],
        [
          0.0,
          0.0,
          0.0,
          1.0
        ]
      ]
    },
    {
      "file_path": "/media/NFS/ttao/scannet/posed_images/scene0050_01/00052.jpg",
      "transform_matrix": [
        [
          -0.365847,
          0.504778,
          -0.781892,
          2.984568
        ],
        [
          0.92644,
          0.117472,
          -0.357643,
          1.107538
        ],
        [
          -0.08868,
          -0.855219,
          -0.510624,
          1.528346
        ],
        [
          0.0,
          0.0,
          0.0,
          1.0
        ]
      ]
    },
    {
      "file_path": "/media/NFS/ttao/scannet/posed_images/scene0050_01/00059.jpg",
      "transform_matrix": [
        [
          -0.37023,
          0.472134,
          -0.800012,
          2.957078
        ],
        [
          0.923525,
          0.094218,
          -0.371786,
          1.124217
        ],
        [
          -0.100157,
          -0.876477,
          -0.470909,
          1.547537
        ],
        [
          0.0,
          0.0,
          0.0,
          1.0
        ]
      ]
    },
    {
      "file_path": "/media/NFS/ttao/scannet/posed_images/scene0050_01/00078.jpg",
      "transform_matrix": [
        [
          -0.320465,
          0.35085,
          -0.87989,
          2.852431
        ],
        [
          0.944576,
          0.048479,
          -0.324693,
          1.106488
        ],
        [
          -0.071262,
          -0.935176,
          -0.346941,
          1.573062
        ],
        [
          0.0,
          0.0,
          0.0,
          1.0
        ]
      ]
    },
    {
      "file_path": "/media/NFS/ttao/scannet/posed_images/scene0050_01/00085.jpg",
      "transform_matrix": [
        [
          -0.335833,
          0.377429,
          -0.862997,
          2.818366
        ],
        [
          0.938016,
          0.050662,
          -0.34287,
          1.118485
        ],
        [
          -0.085688,
          -0.924652,
          -0.371049,
          1.553182
        ],
        [
          0.0,
          0.0,
          0.0,
          1.0
        ]
      ]
    },
    {
      "file_path": "/media/NFS/ttao/scannet/posed_images/scene0050_01/00100.jpg",
      "transform_matrix": [
        [
          -0.284711,
          0.327518,
          -0.900928,
          2.769251
        ],
        [
          0.957809,
          0.058702,
          -0.281346,
          1.231508
        ],
        [
          -0.03926,
          -0.943019,
          -0.330413,
          1.580075
        ],
        [
          0.0,
          0.0,
          0.0,
          1.0
        ]
      ]
    },
    {
      "file_path": "/media/NFS/ttao/scannet/posed_images/scene0050_01/00119.jpg",
      "transform_matrix": [
        [
          -0.254664,
          0.161093,
          -0.953517,
          2.784907
        ],
        [
          0.964784,
          -0.024842,
          -0.26187,
          1.302815
        ],
        [
          -0.065873,
          -0.986626,
          -0.149093,
          1.643837
        ],
        [
          0.0,
          0.0,
          0.0,
          1.0
        ]
      ]
    },
    {
      "file_path": "/media/NFS/ttao/scannet/posed_images/scene0050_01/00122.jpg",
      "transform_matrix": [
        [
          -0.245595,
          0.138606,
          -0.959412,
          2.803036
        ],
        [
          0.966506,
          -0.041048,
          -0.253341,
          1.312953
        ],
        [
          -0.074497,
          -0.989497,
          -0.123882,
          1.625014
        ],
        [
          0.0,
          0.0,
          0.0,
          1.0
        ]
      ]
    },
    {
      "file_path": "/media/NFS/ttao/scannet/posed_images/scene0050_01/00141.jpg",
      "transform_matrix": [
        [
          -0.177096,
          0.096406,
          -0.979461,
          2.822921
        ],
        [
          0.982393,
          -0.042851,
          -0.181844,
          1.310032
        ],
        [
          -0.059502,
          -0.994419,
          -0.087119,
          1.619462
        ],
        [
          0.0,
          0.0,
          0.0,
          1.0
        ]
      ]
    },
    {
      "file_path": "/media/NFS/ttao/scannet/posed_images/scene0050_01/00152.jpg",
      "transform_matrix": [
        [
          -0.106873,
          0.199312,
          -0.974091,
          2.813988
        ],
        [
          0.993707,
          -0.011638,
          -0.111407,
          1.288622
        ],
        [
          -0.033541,
          -0.979867,
          -0.196814,
          1.61389
        ],
        [
          0.0,
          0.0,
          0.0,
          1.0
        ]
      ]
    },
    {
      "file_path": "/media/NFS/ttao/scannet/posed_images/scene0050_01/00160.jpg",
      "transform_matrix": [
        [
          -0.083466,
          0.283574,
          -0.955311,
          2.79913
        ],
        [
          0.996088,
          -0.004173,
          -0.088267,
          1.275033
        ],
        [
          -0.029016,
          -0.958941,
          -0.282116,
          1.606529
        ],
        [
          0.0,
          0.0,
          0.0,
          1.0
        ]
      ]
    },
    {
      "file_path": "/media/NFS/ttao/scannet/posed_images/scene0050_01/00174.jpg",
      "transform_matrix": [
        [
          -0.095999,
          0.437165,
          -0.894243,
          2.762942
        ],
        [
          0.993626,
          -0.011247,
          -0.112166,
          1.32152
        ],
        [
          -0.059092,
          -0.899311,
          -0.433299,
          1.564298
        ],
        [
          0.0,
          0.0,
          0.0,
          1.0
        ]
      ]
    },
    {
      "file_path": "/media/NFS/ttao/scannet/posed_images/scene0050_01/00182.jpg",
      "transform_matrix": [
        [
          -0.10346,
          0.486545,
          -0.867508,
          2.740091
        ],
        [
          0.991928,
          -0.013819,
          -0.126049,
          1.368722
        ],
        [
          -0.073316,
          -0.873546,
          -0.481187,
          1.550191
        ],
        [
          0.0,
          0.0,
          0.0,
          1.0
        ]
      ]
    },
    {
      "file_path": "/media/NFS/ttao/scannet/posed_images/scene0050_01/00200.jpg",
      "transform_matrix": [
        [
          -0.389636,
          0.574128,
          -0.720111,
          2.590812
        ],
        [
          0.915565,
          0.156891,
          -0.370306,
          1.484199
        ],
        [
          -0.099624,
          -0.803593,
          -0.586782,
          1.499474
        ],
        [
          0.0,
          0.0,
          0.0,
          1.0
        ]
      ]
    },
    {
      "file_path": "/media/NFS/ttao/scannet/posed_images/scene0050_01/00215.jpg",
      "transform_matrix": [
        [
          -0.623276,
          0.567216,
          -0.538325,
          2.423666
        ],
        [
          0.769733,
          0.323531,
          -0.550308,
          1.581776
        ],
        [
          -0.137979,
          -0.75736,
          -0.638254,
          1.474805
        ],
        [
          0.0,
          0.0,
          0.0,
          1.0
        ]
      ]
    },
    {
      "file_path": "/media/NFS/ttao/scannet/posed_images/scene0050_01/00223.jpg",
      "transform_matrix": [
        [
          -0.770502,
          0.486945,
          -0.411352,
          2.331851
        ],
        [
          0.623905,
          0.44384,
          -0.643233,
          1.660464
        ],
        [
          -0.130645,
          -0.752257,
          -0.645787,
          1.476075
        ],
        [
          0.0,
          0.0,
          0.0,
          1.0
        ]
      ]
    },
    {
      "file_path": "/media/NFS/ttao/scannet/posed_images/scene0050_01/00234.jpg",
      "transform_matrix": [
        [
          -0.863484,
          0.3868,
          -0.323699,
          2.210657
        ],
        [
          0.488227,
          0.479888,
          -0.728932,
          1.738457
        ],
        [
          -0.126612,
          -0.78746,
          -0.603222,
          1.474688
        ],
        [
          0.0,
          0.0,
          0.0,
          1.0
        ]
      ]
    },
    {
      "file_path": "/media/NFS/ttao/scannet/posed_images/scene0050_01/00245.jpg",
      "transform_matrix": [
        [
          -0.893927,
          0.345867,
          -0.285081,
          2.095852
        ],
        [
          0.434137,
          0.509993,
          -0.742585,
          1.765879
        ],
        [
          -0.111447,
          -0.787581,
          -0.60605,
          1.457869
        ],
        [
          0.0,
          0.0,
          0.0,
          1.0
        ]
      ]
    },
    {
      "file_path": "/media/NFS/ttao/scannet/posed_images/scene0050_01/00260.jpg",
      "transform_matrix": [
        [
          -0.972539,
          0.209388,
          -0.101607,
          1.876321
        ],
        [
          0.201509,
          0.539114,
          -0.817771,
          1.883964
        ],
        [
          -0.116453,
          -0.81579,
          -0.566503,
          1.453105
        ],
        [
          0.0,
          0.0,
          0.0,
          1.0
        ]
      ]
    },
    {
      "file_path": "/media/NFS/ttao/scannet/posed_images/scene0050_01/00275.jpg",
      "transform_matrix": [
        [
          -0.995133,
          0.096823,
          0.018323,
          1.746657
        ],
        [
          0.038852,
          0.556384,
          -0.830016,
          1.894194
        ],
        [
          -0.090559,
          -0.825265,
          -0.557438,
          1.43253
        ],
        [
          0.0,
          0.0,
          0.0,
          1.0
        ]
      ]
    },
    {
      "file_path": "/media/NFS/ttao/scannet/posed_images/scene0050_01/00282.jpg",
      "transform_matrix": [
        [
          -0.996681,
          0.080806,
          0.009864,
          1.731515
        ],
        [
          0.037296,
          0.560971,
          -0.826995,
          1.889005
        ],
        [
          -0.07236,
          -0.823882,
          -0.562123,
          1.430103
        ],
        [
          0.0,
          0.0,
          0.0,
          1.0
        ]
      ]
    },
    {
      "file_path": "/media/NFS/ttao/scannet/posed_images/scene0050_01/00304.jpg",
      "transform_matrix": [
        [
          -0.958395,
          0.16074,
          -0.235885,
          1.792888
        ],
        [
          0.284939,
          0.489567,
          -0.824096,
          1.895802
        ],
        [
          -0.016984,
          -0.857022,
          -0.514999,
          1.403896
        ],
        [
          0.0,
          0.0,
          0.0,
          1.0
        ]
      ]
    },
    {
      "file_path": "/media/NFS/ttao/scannet/posed_images/scene0050_01/00312.jpg",
      "transform_matrix": [
        [
          -0.939108,
          0.194216,
          -0.283473,
          1.82909
        ],
        [
          0.343471,
          0.50595,
          -0.791228,
          1.891015
        ],
        [
          -0.010246,
          -0.840413,
          -0.541849,
          1.31826
        ],
        [
          0.0,
          0.0,
          0.0,
          1.0
        ]
      ]
    },
    {
      "file_path": "/media/NFS/ttao/scannet/posed_images/scene0050_01/00323.jpg",
      "transform_matrix": [
        [
          -0.920748,
          0.201191,
          -0.334284,
          1.917421
        ],
        [
          0.389621,
          0.519106,
          -0.760739,
          1.838621
        ],
        [
          0.020475,
          -0.830693,
          -0.556354,
          1.190592
        ],
        [
          0.0,
          0.0,
          0.0,
          1.0
        ]
      ]
    },
    {
      "file_path": "/media/NFS/ttao/scannet/posed_images/scene0050_01/00341.jpg",
      "transform_matrix": [
        [
          -0.912374,
          0.054743,
          -0.405681,
          2.02331
        ],
        [
          0.391571,
          0.405656,
          -0.825903,
          1.698825
        ],
        [
          0.119355,
          -0.912385,
          -0.391546,
          0.930627
        ],
        [
          0.0,
          0.0,
          0.0,
          1.0
        ]
      ]
    },
    {
      "file_path": "/media/NFS/ttao/scannet/posed_images/scene0050_01/00345.jpg",
      "transform_matrix": [
        [
          -0.897889,
          0.035635,
          -0.438778,
          2.030114
        ],
        [
          0.418514,
          0.378228,
          -0.825705,
          1.692727
        ],
        [
          0.136534,
          -0.925026,
          -0.35452,
          0.88221
        ],
        [
          0.0,
          0.0,
          0.0,
          1.0
        ]
      ]
    },
    {
      "file_path": "/media/NFS/ttao/scannet/posed_images/scene0050_01/00360.jpg",
      "transform_matrix": [
        [
          -0.839395,
          -0.041082,
          -0.541967,
          2.070992
        ],
        [
          0.501838,
          0.324384,
          -0.801832,
          1.706032
        ],
        [
          0.208747,
          -0.945033,
          -0.251669,
          0.802861
        ],
        [
          0.0,
          0.0,
          0.0,
          1.0
        ]
      ]
    },
    {
      "file_path": "/media/NFS/ttao/scannet/posed_images/scene0050_01/00367.jpg",
      "transform_matrix": [
        [
          -0.838484,
          -0.030592,
          -0.544067,
          2.074192
        ],
        [
          0.507395,
          0.32029,
          -0.799978,
          1.719996
        ],
        [
          0.198732,
          -0.946825,
          -0.253036,
          0.819542
        ],
        [
          0.0,
          0.0,
          0.0,
          1.0
        ]
      ]
    },
    {
      "file_path": "/media/NFS/ttao/scannet/posed_images/scene0050_01/00390.jpg",
      "transform_matrix": [
        [
          -0.72317,
          0.131687,
          -0.677999,
          2.024758
        ],
        [
          0.672838,
          0.355949,
          -0.648529,
          1.715102
        ],
        [
          0.15593,
          -0.92518,
          -0.346016,
          0.888057
        ],
        [
          0.0,
          0.0,
          0.0,
          1.0
        ]
      ]
    },
    {
      "file_path": "/media/NFS/ttao/scannet/posed_images/scene0050_01/00397.jpg",
      "transform_matrix": [
        [
          -0.738354,
          0.166071,
          -0.653647,
          2.011365
        ],
        [
          0.646541,
          0.45006,
          -0.61598,
          1.718109
        ],
        [
          0.191884,
          -0.87742,
          -0.439675,
          0.958924
        ],
        [
          0.0,
          0.0,
          0.0,
          1.0
        ]
      ]
    },
    {
      "file_path": "/media/NFS/ttao/scannet/posed_images/scene0050_01/00416.jpg",
      "transform_matrix": [
        [
          -0.789796,
          0.351217,
          -0.502861,
          1.965535
        ],
        [
          0.607375,
          0.562162,
          -0.56131,
          1.745925
        ],
        [
          0.085547,
          -0.748746,
          -0.657314,
          1.238124
        ],
        [
          0.0,
          0.0,
          0.0,
          1.0
        ]
      ]
    },
    {
      "file_path": "/media/NFS/ttao/scannet/posed_images/scene0050_01/00423.jpg",
      "transform_matrix": [
        [
          -0.789074,
          0.413316,
          -0.454458,
          1.926613
        ],
        [
          0.613145,
          0.575226,
          -0.541451,
          1.733464
        ],
        [
          0.037626,
          -0.705893,
          -0.707318,
          1.29548
        ],
        [
          0.0,
          0.0,
          0.0,
          1.0
        ]
      ]
    },
    {
      "file_path": "/media/NFS/ttao/scannet/posed_images/scene0050_01/00434.jpg",
      "transform_matrix": [
        [
          -0.763716,
          0.449681,
          -0.463168,
          1.907859
        ],
        [
          0.645048,
          0.559934,
          -0.519988,
          1.646008
        ],
        [
          0.025515,
          -0.695889,
          -0.717696,
          1.346737
        ],
        [
          0.0,
          0.0,
          0.0,
          1.0
        ]
      ]
    },
    {
      "file_path": "/media/NFS/ttao/scannet/posed_images/scene0050_01/00445.jpg",
      "transform_matrix": [
        [
          -0.648882,
          0.528826,
          -0.547079,
          1.909253
        ],
        [
          0.76041,
          0.476203,
          -0.441596,
          1.473851
        ],
        [
          0.026993,
          -0.702548,
          -0.711124,
          1.37288
        ],
        [
          0.0,
          0.0,
          0.0,
          1.0
        ]
      ]
    },
    {
      "file_path": "/media/NFS/ttao/scannet/posed_images/scene0050_01/00464.jpg",
      "transform_matrix": [
        [
          -0.378935,
          0.69467,
          -0.611426,
          1.84365
        ],
        [
          0.924811,
          0.260224,
          -0.277505,
          1.144773
        ],
        [
          -0.033667,
          -0.67061,
          -0.741046,
          1.368548
        ],
        [
          0.0,
          0.0,
          0.0,
          1.0
        ]
      ]
    },
    {
      "file_path": "/media/NFS/ttao/scannet/posed_images/scene0050_01/00471.jpg",
      "transform_matrix": [
        [
          -0.185597,
          0.745651,
          -0.639968,
          1.857835
        ],
        [
          0.981132,
          0.104716,
          -0.162528,
          1.003446
        ],
        [
          -0.054175,
          -0.658057,
          -0.751016,
          1.365843
        ],
        [
          0.0,
          0.0,
          0.0,
          1.0
        ]
      ]
    },
    {
      "file_path": "/media/NFS/ttao/scannet/posed_images/scene0050_01/00486.jpg",
      "transform_matrix": [
        [
          0.159337,
          0.758323,
          -0.632106,
          1.806094
        ],
        [
          0.980416,
          -0.196617,
          0.011259,
          0.82807
        ],
        [
          -0.115745,
          -0.621521,
          -0.7748,
          1.377251
        ],
        [
          0.0,
          0.0,
          0.0,
          1.0
        ]
      ]
    },
    {
      "file_path": "/media/NFS/ttao/scannet/posed_images/scene0050_01/00494.jpg",
      "transform_matrix": [
        [
          0.323941,
          0.731012,
          -0.600569,
          1.779886
        ],
        [
          0.938246,
          -0.329739,
          0.104722,
          0.770316
        ],
        [
          -0.121478,
          -0.597405,
          -0.792685,
          1.383297
        ],
        [
          0.0,
          0.0,
          0.0,
          1.0
        ]
      ]
    },
    {
      "file_path": "/media/NFS/ttao/scannet/posed_images/scene0050_01/00508.jpg",
      "transform_matrix": [
        [
          0.493912,
          0.644402,
          -0.583777,
          1.756754
        ],
        [
          0.859957,
          -0.46128,
          0.218393,
          0.707647
        ],
        [
          -0.128552,
          -0.60989,
          -0.78199,
          1.40173
        ],
        [
          0.0,
          0.0,
          0.0,
          1.0
        ]
      ]
    },
    {
      "file_path": "/media/NFS/ttao/scannet/posed_images/scene0050_01/00520.jpg",
      "transform_matrix": [
        [
          0.472196,
          0.638209,
          -0.608046,
          1.740445
        ],
        [
          0.873316,
          -0.432444,
          0.224303,
          0.745186
        ],
        [
          -0.119794,
          -0.636931,
          -0.761556,
          1.422017
        ],
        [
          0.0,
          0.0,
          0.0,
          1.0
        ]
      ]
    },
    {
      "file_path": "/media/NFS/ttao/scannet/posed_images/scene0050_01/00538.jpg",
      "transform_matrix": [
        [
          0.144583,
          0.674494,
          -0.723984,
          1.71425
        ],
        [
          0.978166,
          -0.207818,
          0.001733,
          0.953442
        ],
        [
          -0.149288,
          -0.708427,
          -0.689815,
          1.477854
        ],
        [
          0.0,
          0.0,
          0.0,
          1.0
        ]
      ]
    },
    {
      "file_path": "/media/NFS/ttao/scannet/posed_images/scene0050_01/00546.jpg",
      "transform_matrix": [
        [
          0.041733,
          0.688566,
          -0.723972,
          1.668004
        ],
        [
          0.988818,
          -0.132296,
          -0.068826,
          1.022987
        ],
        [
          -0.14317,
          -0.713004,
          -0.686388,
          1.482612
        ],
        [
          0.0,
          0.0,
          0.0,
          1.0
        ]
      ]
    },
    {
      "file_path": "/media/NFS/ttao/scannet/posed_images/scene0050_01/00553.jpg",
      "transform_matrix": [
        [
          -0.039233,
          0.683294,
          -0.729089,
          1.591319
        ],
        [
          0.991192,
          -0.065748,
          -0.114956,
          1.060232
        ],
        [
          -0.126485,
          -0.727178,
          -0.674696,
          1.469717
        ],
        [
          0.0,
          0.0,
          0.0,
          1.0
        ]
      ]
    },
    {
      "file_path": "/media/NFS/ttao/scannet/posed_images/scene0050_01/00575.jpg",
      "transform_matrix": [
        [
          -0.439887,
          0.628016,
          -0.641946,
          1.273875
        ],
        [
          0.893684,
          0.235699,
          -0.381804,
          1.18273
        ],
        [
          -0.088473,
          -0.741648,
          -0.664929,
          1.465283
        ],
        [
          0.0,
          0.0,
          0.0,
          1.0
        ]
      ]
    },
    {
      "file_path": "/media/NFS/ttao/scannet/posed_images/scene0050_01/00579.jpg",
      "transform_matrix": [
        [
          -0.534126,
          0.588705,
          -0.606742,
          1.208171
        ],
        [
          0.84196,
          0.30571,
          -0.444572,
          1.208615
        ],
        [
          -0.076235,
          -0.74831,
          -0.658954,
          1.45143
        ],
        [
          0.0,
          0.0,
          0.0,
          1.0
        ]
      ]
    },
    {
      "file_path": "/media/NFS/ttao/scannet/posed_images/scene0050_01/00601.jpg",
      "transform_matrix": [
        [
          -0.947608,
          0.258172,
          -0.188113,
          0.933912
        ],
        [
          0.316867,
          0.685165,
          -0.655854,
          1.312653
        ],
        [
          -0.040435,
          -0.6811,
          -0.731073,
          1.435545
        ],
        [
          0.0,
          0.0,
          0.0,
          1.0
        ]
      ]
    },
    {
      "file_path": "/media/NFS/ttao/scannet/posed_images/scene0050_01/00609.jpg",
      "transform_matrix": [
        [
          -0.985069,
          0.060442,
          -0.1612,
          0.861292
        ],
        [
          0.159969,
          0.667419,
          -0.727298,
          1.316528
        ],
        [
          0.063629,
          -0.742226,
          -0.667123,
          1.445749
        ],
        [
          0.0,
          0.0,
          0.0,
          1.0
        ]
      ]
    },
    {
      "file_path": "/media/NFS/ttao/scannet/posed_images/scene0050_01/00616.jpg",
      "transform_matrix": [
        [
          -0.998445,
          -0.023685,
          -0.050454,
          0.807825
        ],
        [
          0.02827,
          0.564941,
          -0.824647,
          1.34686
        ],
        [
          0.048035,
          -0.824791,
          -0.563393,
          1.502904
        ],
        [
          0.0,
          0.0,
          0.0,
          1.0
        ]
      ]
    },
    {
      "file_path": "/media/NFS/ttao/scannet/posed_images/scene0050_01/00638.jpg",
      "transform_matrix": [
        [
          -0.922238,
          -0.137034,
          0.361522,
          0.677995
        ],
        [
          -0.386425,
          0.296856,
          -0.873242,
          1.448683
        ],
        [
          0.012343,
          -0.945039,
          -0.326725,
          1.597963
        ],
        [
          0.0,
          0.0,
          0.0,
          1.0
        ]
      ]
    },
    {
      "file_path": "/media/NFS/ttao/scannet/posed_images/scene0050_01/00642.jpg",
      "transform_matrix": [
        [
          -0.905244,
          -0.160345,
          0.393476,
          0.676222
        ],
        [
          -0.424258,
          0.290522,
          -0.857672,
          1.464465
        ],
        [
          0.02321,
          -0.943338,
          -0.331021,
          1.577848
        ],
        [
          0.0,
          0.0,
          0.0,
          1.0
        ]
      ]
    },
    {
      "file_path": "/media/NFS/ttao/scannet/posed_images/scene0050_01/00661.jpg",
      "transform_matrix": [
        [
          -0.976285,
          -0.18612,
          0.110576,
          0.689149
        ],
        [
          -0.199877,
          0.578698,
          -0.790669,
          1.449071
        ],
        [
          0.083169,
          -0.79402,
          -0.602176,
          1.528264
        ],
        [
          0.0,
          0.0,
          0.0,
          1.0
        ]
      ]
    },
    {
      "file_path": "/media/NFS/ttao/scannet/posed_images/scene0050_01/00664.jpg",
      "transform_matrix": [
        [
          -0.979878,
          -0.176023,
          0.0941,
          0.688549
        ],
        [
          -0.182485,
          0.599079,
          -0.779618,
          1.449817
        ],
        [
          0.080857,
          -0.781102,
          -0.619146,
          1.521428
        ],
        [
          0.0,
          0.0,
          0.0,
          1.0
        ]
      ]
    },
    {
      "file_path": "/media/NFS/ttao/scannet/posed_images/scene0050_01/00687.jpg",
      "transform_matrix": [
        [
          -0.963869,
          -0.212608,
          0.16048,
          0.637371
        ],
        [
          -0.266363,
          0.763351,
          -0.588512,
          1.462442
        ],
        [
          0.00262,
          -0.609995,
          -0.792401,
          1.413545
        ],
        [
          0.0,
          0.0,
          0.0,
          1.0
        ]
      ]
    },
    {
      "file_path": "/media/NFS/ttao/scannet/posed_images/scene0050_01/00690.jpg",
      "transform_matrix": [
        [
          -0.965434,
          -0.20423,
          0.161947,
          0.633
        ],
        [
          -0.260379,
          0.783848,
          -0.563725,
          1.457545
        ],
        [
          -0.011812,
          -0.586407,
          -0.809931,
          1.403126
        ],
        [
          0.0,
          0.0,
          0.0,
          1.0
        ]
      ]
    },
    {
      "file_path": "/media/NFS/ttao/scannet/posed_images/scene0050_01/00709.jpg",
      "transform_matrix": [
        [
          -0.955484,
          -0.23838,
          0.173853,
          0.626337
        ],
        [
          -0.29226,
          0.845437,
          -0.447014,
          1.482802
        ],
        [
          -0.040422,
          -0.477925,
          -0.87747,
          1.341401
        ],
        [
          0.0,
          0.0,
          0.0,
          1.0
        ]
      ]
    },
    {
      "file_path": "/media/NFS/ttao/scannet/posed_images/scene0050_01/00724.jpg",
      "transform_matrix": [
        [
          -0.946163,
          -0.274071,
          0.172223,
          0.627097
        ],
        [
          -0.323482,
          0.819741,
          -0.472636,
          1.521488
        ],
        [
          -0.011643,
          -0.502902,
          -0.864265,
          1.301027
        ],
        [
          0.0,
          0.0,
          0.0,
          1.0
        ]
      ]
    },
    {
      "file_path": "/media/NFS/ttao/scannet/posed_images/scene0050_01/00731.jpg",
      "transform_matrix": [
        [
          -0.94831,
          -0.279647,
          0.150018,
          0.636388
        ],
        [
          -0.316935,
          0.81058,
          -0.492456,
          1.560652
        ],
        [
          0.016112,
          -0.514547,
          -0.857311,
          1.295632
        ],
        [
          0.0,
          0.0,
          0.0,
          1.0
        ]
      ]
    },
    {
      "file_path": "/media/NFS/ttao/scannet/posed_images/scene0050_01/00742.jpg",
      "transform_matrix": [
        [
          -0.930764,
          -0.311884,
          0.190804,
          0.647461
        ],
        [
          -0.365249,
          0.769667,
          -0.523647,
          1.62529
        ],
        [
          0.016461,
          -0.557083,
          -0.830294,
          1.296157
        ],
        [
          0.0,
          0.0,
          0.0,
          1.0
        ]
      ]
    },
    {
      "file_path": "/media/NFS/ttao/scannet/posed_images/scene0050_01/00753.jpg",
      "transform_matrix": [
        [
          -0.924803,
          -0.329148,
          0.190791,
          0.649362
        ],
        [
          -0.379629,
          0.765538,
          -0.519456,
          1.659596
        ],
        [
          0.024921,
          -0.552824,
          -0.832925,
          1.28704
        ],
        [
          0.0,
          0.0,
          0.0,
          1.0
        ]
      ]
    },
    {
      "file_path": "/media/NFS/ttao/scannet/posed_images/scene0050_01/00772.jpg",
      "transform_matrix": [
        [
          -0.909928,
          -0.357204,
          0.210802,
          0.666282
        ],
        [
          -0.414504,
          0.80126,
          -0.431473,
          1.661616
        ],
        [
          -0.014784,
          -0.479988,
          -0.877151,
          1.279304
        ],
        [
          0.0,
          0.0,
          0.0,
          1.0
        ]
      ]
    },
    {
      "file_path": "/media/NFS/ttao/scannet/posed_images/scene0050_01/00779.jpg",
      "transform_matrix": [
        [
          -0.905598,
          -0.367494,
          0.211757,
          0.66996
        ],
        [
          -0.423958,
          0.798859,
          -0.426714,
          1.673296
        ],
        [
          -0.012349,
          -0.476207,
          -0.879246,
          1.274373
        ],
        [
          0.0,
          0.0,
          0.0,
          1.0
        ]
      ]
    },
    {
      "file_path": "/media/NFS/ttao/scannet/posed_images/scene0050_01/00794.jpg",
      "transform_matrix": [
        [
          -0.859583,
          -0.42859,
          0.278257,
          0.688599
        ],
        [
          -0.510035,
          0.752969,
          -0.415814,
          1.705899
        ],
        [
          -0.031305,
          -0.499348,
          -0.865836,
          1.283629
        ],
        [
          0.0,
          0.0,
          0.0,
          1.0
        ]
      ]
    },
    {
      "file_path": "/media/NFS/ttao/scannet/posed_images/scene0050_01/00805.jpg",
      "transform_matrix": [
        [
          -0.808127,
          -0.509062,
          0.296288,
          0.724303
        ],
        [
          -0.588907,
          0.707621,
          -0.390463,
          1.685124
        ],
        [
          -0.01089,
          -0.49003,
          -0.871637,
          1.292455
        ],
        [
          0.0,
          0.0,
          0.0,
          1.0
        ]
      ]
    },
    {
      "file_path": "/media/NFS/ttao/scannet/posed_images/scene0050_01/00820.jpg",
      "transform_matrix": [
        [
          -0.64992,
          -0.669057,
          0.360508,
          0.792656
        ],
        [
          -0.759885,
          0.580383,
          -0.292798,
          1.634357
        ],
        [
          -0.013334,
          -0.464239,
          -0.885609,
          1.306047
        ],
        [
          0.0,
          0.0,
          0.0,
          1.0
        ]
      ]
    },
    {
      "file_path": "/media/NFS/ttao/scannet/posed_images/scene0050_01/00835.jpg",
      "transform_matrix": [
        [
          -0.392236,
          -0.792321,
          0.46731,
          0.859623
        ],
        [
          -0.918668,
          0.363321,
          -0.155074,
          1.629157
        ],
        [
          -0.046916,
          -0.490128,
          -0.870387,
          1.335687
        ],
        [
          0.0,
          0.0,
          0.0,
          1.0
        ]
      ]
    },
    {
      "file_path": "/media/NFS/ttao/scannet/posed_images/scene0050_01/00842.jpg",
      "transform_matrix": [
        [
          -0.274358,
          -0.834631,
          0.477619,
          0.885594
        ],
        [
          -0.960681,
          0.259928,
          -0.097622,
          1.635478
        ],
        [
          -0.042668,
          -0.485622,
          -0.873127,
          1.34677
        ],
        [
          0.0,
          0.0,
          0.0,
          1.0
        ]
      ]
    },
    {
      "file_path": "/media/NFS/ttao/scannet/posed_images/scene0050_01/00861.jpg",
      "transform_matrix": [
        [
          0.239988,
          -0.815208,
          0.527107,
          0.862493
        ],
        [
          -0.96509,
          -0.141667,
          0.220301,
          1.640681
        ],
        [
          -0.104918,
          -0.561575,
          -0.820747,
          1.431889
        ],
        [
          0.0,
          0.0,
          0.0,
          1.0
        ]
      ]
    },
    {
      "file_path": "/media/NFS/ttao/scannet/posed_images/scene0050_01/00872.jpg",
      "transform_matrix": [
        [
          0.372416,
          -0.756053,
          0.53823,
          0.846443
        ],
        [
          -0.923425,
          -0.243944,
          0.296275,
          1.666137
        ],
        [
          -0.092702,
          -0.607351,
          -0.789006,
          1.466641
        ],
        [
          0.0,
          0.0,
          0.0,
          1.0
        ]
      ]
    },
    {
      "file_path": "/media/NFS/ttao/scannet/posed_images/scene0050_01/00883.jpg",
      "transform_matrix": [
        [
          0.469795,
          -0.687359,
          0.553923,
          0.826708
        ],
        [
          -0.879423,
          -0.309769,
          0.361468,
          1.663018
        ],
        [
          -0.07687,
          -0.656948,
          -0.750007,
          1.498153
        ],
        [
          0.0,
          0.0,
          0.0,
          1.0
        ]
      ]
    },
    {
      "file_path": "/media/NFS/ttao/scannet/posed_images/scene0050_01/00887.jpg",
      "transform_matrix": [
        [
          0.492098,
          -0.66685,
          0.5596,
          0.826021
        ],
        [
          -0.867817,
          -0.32497,
          0.375884,
          1.643723
        ],
        [
          -0.068805,
          -0.670601,
          -0.73862,
          1.507077
        ],
        [
          0.0,
          0.0,
          0.0,
          1.0
        ]
      ]
    },
    {
      "file_path": "/media/NFS/ttao/scannet/posed_images/scene0050_01/00909.jpg",
      "transform_matrix": [
        [
          0.741002,
          -0.527577,
          0.415426,
          0.772337
        ],
        [
          -0.666709,
          -0.50423,
          0.548863,
          1.457788
        ],
        [
          -0.080098,
          -0.683676,
          -0.725376,
          1.534986
        ],
        [
          0.0,
          0.0,
          0.0,
          1.0
        ]
      ]
    },
    {
      "file_path": "/media/NFS/ttao/scannet/posed_images/scene0050_01/00920.jpg",
      "transform_matrix": [
        [
          0.774834,
          -0.504718,
          0.380645,
          0.757571
        ],
        [
          -0.631146,
          -0.583465,
          0.5111,
          1.470897
        ],
        [
          -0.035868,
          -0.636261,
          -0.77064,
          1.52409
        ],
        [
          0.0,
          0.0,
          0.0,
          1.0
        ]
      ]
    },
    {
      "file_path": "/media/NFS/ttao/scannet/posed_images/scene0050_01/00924.jpg",
      "transform_matrix": [
        [
          0.794077,
          -0.489598,
          0.360189,
          0.752425
        ],
        [
          -0.605807,
          -0.58935,
          0.534475,
          1.456937
        ],
        [
          -0.0494,
          -0.64262,
          -0.764591,
          1.528241
        ],
        [
          0.0,
          0.0,
          0.0,
          1.0
        ]
      ]
    },
    {
      "file_path": "/media/NFS/ttao/scannet/posed_images/scene0050_01/00939.jpg",
      "transform_matrix": [
        [
          0.924151,
          -0.340802,
          0.172626,
          0.737931
        ],
        [
          -0.372174,
          -0.701184,
          0.608134,
          1.328057
        ],
        [
          -0.086211,
          -0.626254,
          -0.774837,
          1.545917
        ],
        [
          0.0,
          0.0,
          0.0,
          1.0
        ]
      ]
    },
    {
      "file_path": "/media/NFS/ttao/scannet/posed_images/scene0050_01/00957.jpg",
      "transform_matrix": [
        [
          0.988911,
          -0.148339,
          -0.007167,
          0.677973
        ],
        [
          -0.111345,
          -0.77249,
          0.62519,
          1.253946
        ],
        [
          -0.098277,
