{
  "frames": [
    {
      "file_path": "/media/NFS/ttao/scannet/posed_images/scene0358_02/00000.jpg",
      "transform_matrix": [
        [
          0.9065,
          -0.139352,
          0.398547,
          3.45007
        ],
        [
          -0.421862,
          -0.337064,
          0.841677,
          0.891476
        ],
        [
          0.017046,
          -0.931112,
          -0.364335,
          1.381945
        ],
        [
          0.0,
          0.0,
          0.0,
          1.0
        ]
      ]
    },
    {
      "file_path": "/media/NFS/ttao/scannet/posed_images/scene0358_02/00005.jpg",
      "transform_matrix": [
        [
          0.910562,
          -0.117801,
          0.396232,
          3.424735
        ],
        [
          -0.411996,
          -0.336782,
          0.846662,
          0.868918
        ],
        [
          0.033706,
          -0.934184,
          -0.355195,
          1.382229
        ],
        [
          0.0,
          0.0,
          0.0,
          1.0
        ]
      ]
    },
    {
      "file_path": "/media/NFS/ttao/scannet/posed_images/scene0358_02/00012.jpg",
      "transform_matrix": [
        [
          0.902734,
          -0.093577,
          0.419899,
          3.407727
        ],
        [
          -0.426007,
          -0.330386,
          0.842237,
          0.862738
        ],
        [
          0.059915,
          -0.939195,
          -0.338115,
          1.410733
        ],
        [
          0.0,
          0.0,
          0.0,
          1.0
        ]
      ]
    },
    {
      "file_path": "/media/NFS/ttao/scannet/posed_images/scene0358_02/00021.jpg",
      "transform_matrix": [
        [
          0.902985,
          -0.065935,
          0.424584,
          3.401545
        ],
        [
          -0.427361,
          -0.240189,
          0.871592,
          0.842433
        ],
        [
          0.044512,
          -0.968484,
          -0.245065,
          1.440806
        ],
        [
          0.0,
          0.0,
          0.0,
          1.0
        ]
      ]
    },
    {
      "file_path": "/media/NFS/ttao/scannet/posed_images/scene0358_02/00022.jpg",
      "transform_matrix": [
        [
          0.902741,
          -0.067555,
          0.424848,
          3.399355
        ],
        [
          -0.427971,
          -0.241105,
          0.871039,
          0.842915
        ],
        [
          0.04359,
          -0.968145,
          -0.246567,
          1.433755
        ],
        [
          0.0,
          0.0,
          0.0,
          1.0
        ]
      ]
    },
    {
      "file_path": "/media/NFS/ttao/scannet/posed_images/scene0358_02/00029.jpg",
      "transform_matrix": [
        [
          0.914947,
          -0.097308,
          0.391666,
          3.410815
        ],
        [
          -0.402322,
          -0.296297,
          0.866225,
          0.844266
        ],
        [
          0.031759,
          -0.950126,
          -0.310245,
          1.406809
        ],
        [
          0.0,
          0.0,
          0.0,
          1.0
        ]
      ]
    },
    {
      "file_path": "/media/NFS/ttao/scannet/posed_images/scene0358_02/00033.jpg",
      "transform_matrix": [
        [
          0.931624,
          -0.104742,
          0.348004,
          3.416059
        ],
        [
          -0.362948,
          -0.317202,
          0.876158,
          0.846167
        ],
        [
          0.018617,
          -0.942556,
          -0.333529,
          1.401246
        ],
        [
          0.0,
          0.0,
          0.0,
          1.0
        ]
      ]
    },
    {
      "file_path": "/media/NFS/ttao/scannet/posed_images/scene0358_02/00043.jpg",
      "transform_matrix": [
        [
          0.974973,
          -0.092439,
          0.202195,
          3.464969
        ],
        [
          -0.222306,
          -0.394098,
          0.891777,
          0.813693
        ],
        [
          -0.002751,
          -0.914408,
          -0.404785,
          1.37824
        ],
        [
          0.0,
          0.0,
          0.0,
          1.0
        ]
      ]
    },
    {
      "file_path": "/media/NFS/ttao/scannet/posed_images/scene0358_02/00045.jpg",
      "transform_matrix": [
        [
          0.979895,
          -0.086942,
          0.179577,
          3.474421
        ],
        [
          -0.19947,
          -0.407573,
          0.89112,
          0.806905
        ],
        [
          -0.004286,
          -0.909024,
          -0.416721,
          1.371954
        ],
        [
          0.0,
          0.0,
          0.0,
          1.0
        ]
      ]
    },
    {
      "file_path": "/media/NFS/ttao/scannet/posed_images/scene0358_02/00055.jpg",
      "transform_matrix": [
        [
          0.995003,
          -0.060252,
          0.07962,
          3.483257
        ],
        [
          -0.098747,
          -0.475737,
          0.874027,
          0.790521
        ],
        [
          -0.014784,
          -0.877522,
          -0.479309,
          1.356957
        ],
        [
          0.0,
          0.0,
          0.0,
          1.0
        ]
      ]
    },
    {
      "file_path": "/media/NFS/ttao/scannet/posed_images/scene0358_02/00060.jpg",
      "transform_matrix": [
        [
          0.999068,
          -0.02903,
          0.031944,
          3.487057
        ],
        [
          -0.041686,
          -0.456919,
          0.888531,
          0.788126
        ],
        [
          -0.011198,
          -0.889034,
          -0.457703,
          1.374744
        ],
        [
          0.0,
          0.0,
          0.0,
          1.0
        ]
      ]
    },
    {
      "file_path": "/media/NFS/ttao/scannet/posed_images/scene0358_02/00062.jpg",
      "transform_matrix": [
        [
          0.999716,
          -0.01768,
          0.015995,
          3.481458
        ],
        [
          -0.022226,
          -0.448347,
          0.893583,
          0.788012
        ],
        [
          -0.008627,
          -0.893685,
          -0.448613,
          1.381659
        ],
        [
          0.0,
          0.0,
          0.0,
          1.0
        ]
      ]
    },
    {
      "file_path": "/media/NFS/ttao/scannet/posed_images/scene0358_02/00072.jpg",
      "transform_matrix": [
        [
          0.998112,
          0.02975,
          -0.053726,
          3.426841
        ],
        [
          0.060877,
          -0.363973,
          0.929418,
          0.789575
        ],
        [
          0.008096,
          -0.930935,
          -0.365097,
          1.411605
        ],
        [
          0.0,
          0.0,
          0.0,
          1.0
        ]
      ]
    },
    {
      "file_path": "/media/NFS/ttao/scannet/posed_images/scene0358_02/00074.jpg",
      "transform_matrix": [
        [
          0.9984,
          0.037129,
          -0.042657,
          3.413987
        ],
        [
          0.05303,
          -0.352593,
          0.934273,
          0.793188
        ],
        [
          0.019648,
          -0.93504,
          -0.353998,
          1.415064
        ],
        [
          0.0,
          0.0,
          0.0,
          1.0
        ]
      ]
    },
    {
      "file_path": "/media/NFS/ttao/scannet/posed_images/scene0358_02/00079.jpg",
      "transform_matrix": [
        [
          0.999294,
          0.034995,
          -0.013694,
          3.370795
        ],
        [
          0.02402,
          -0.314558,
          0.948934,
          0.808491
        ],
        [
          0.0289,
          -0.948593,
          -0.315176,
          1.431274
        ],
        [
          0.0,
          0.0,
          0.0,
          1.0
        ]
      ]
    },
    {
      "file_path": "/media/NFS/ttao/scannet/posed_images/scene0358_02/00088.jpg",
      "transform_matrix": [
        [
          0.99691,
          0.043338,
          -0.065515,
          3.292679
        ],
        [
          0.074489,
          -0.25682,
          0.963584,
          0.835508
        ],
        [
          0.024934,
          -0.965487,
          -0.259255,
          1.436848
        ],
        [
          0.0,
          0.0,
          0.0,
          1.0
        ]
      ]
    },
    {
      "file_path": "/media/NFS/ttao/scannet/posed_images/scene0358_02/00093.jpg",
      "transform_matrix": [
        [
          0.993035,
          0.06118,
          -0.100691,
          3.252197
        ],
        [
          0.113709,
          -0.273853,
          0.955026,
          0.858581
        ],
        [
          0.030854,
          -0.959824,
          -0.278902,
          1.434452
        ],
        [
          0.0,
          0.0,
          0.0,
          1.0
        ]
      ]
    },
    {
      "file_path": "/media/NFS/ttao/scannet/posed_images/scene0358_02/00100.jpg",
      "transform_matrix": [
        [
          0.978808,
          0.099266,
          -0.179112,
          3.205029
        ],
        [
          0.200588,
          -0.288693,
          0.936173,
          0.887529
        ],
        [
          0.041222,
          -0.952262,
          -0.302487,
          1.417428
        ],
        [
          0.0,
          0.0,
          0.0,
          1.0
        ]
      ]
    },
    {
      "file_path": "/media/NFS/ttao/scannet/posed_images/scene0358_02/00101.jpg",
      "transform_matrix": [
        [
          0.97657,
          0.102077,
          -0.189452,
          3.204757
        ],
        [
          0.211602,
          -0.295116,
          0.931736,
          0.890771
        ],
        [
          0.039199,
          -0.949993,
          -0.309801,
          1.415693
        ],
        [
          0.0,
          0.0,
          0.0,
          1.0
        ]
      ]
    },
    {
      "file_path": "/media/NFS/ttao/scannet/posed_images/scene0358_02/00112.jpg",
      "transform_matrix": [
        [
          0.948071,
          0.147698,
          -0.281685,
          3.184513
        ],
        [
          0.316169,
          -0.341258,
          0.885201,
          0.934583
        ],
        [
          0.034615,
          -0.928293,
          -0.370234,
          1.398521
        ],
        [
          0.0,
          0.0,
          0.0,
          1.0
        ]
      ]
    },
    {
      "file_path": "/media/NFS/ttao/scannet/posed_images/scene0358_02/00115.jpg",
      "transform_matrix": [
        [
          0.936551,
          0.155402,
          -0.314202,
          3.184829
        ],
        [
          0.349436,
          -0.34306,
          0.871897,
          0.950386
        ],
        [
          0.027704,
          -0.926369,
          -0.375596,
          1.399172
        ],
        [
          0.0,
          0.0,
          0.0,
          1.0
        ]
      ]
    },
    {
      "file_path": "/media/NFS/ttao/scannet/posed_images/scene0358_02/00124.jpg",
      "transform_matrix": [
        [
          0.885365,
          0.173402,
          -0.431348,
          3.192505
        ],
        [
          0.46475,
          -0.353474,
          0.811827,
          1.004052
        ],
        [
          -0.011698,
          -0.919232,
          -0.393542,
          1.396546
        ],
        [
          0.0,
          0.0,
          0.0,
          1.0
        ]
      ]
    },
    {
      "file_path": "/media/NFS/ttao/scannet/posed_images/scene0358_02/00125.jpg",
      "transform_matrix": [
        [
          0.881454,
          0.173454,
          -0.439264,
          3.196511
        ],
        [
          0.471988,
          -0.35569,
          0.806667,
          1.009622
        ],
        [
          -0.016322,
          -0.918367,
          -0.395393,
          1.396074
        ],
        [
          0.0,
          0.0,
          0.0,
          1.0
        ]
      ]
    },
    {
      "file_path": "/media/NFS/ttao/scannet/posed_images/scene0358_02/00130.jpg",
      "transform_matrix": [
        [
          0.865633,
          0.176053,
          -0.468705,
          3.200196
        ],
        [
          0.499374,
          -0.371147,
          0.782864,
          1.029455
        ],
        [
          -0.036133,
          -0.911732,
          -0.409193,
          1.38796
        ],
        [
          0.0,
          0.0,
          0.0,
          1.0
        ]
      ]
    },
    {
      "file_path": "/media/NFS/ttao/scannet/posed_images/scene0358_02/00136.jpg",
      "transform_matrix": [
        [
          0.834669,
          0.183166,
          -0.519401,
          3.201842
        ],
        [
          0.546666,
          -0.390183,
          0.740887,
          1.04678
        ],
        [
          -0.066956,
          -0.902335,
          -0.425804,
          1.388383
        ],
        [
          0.0,
          0.0,
          0.0,
          1.0
        ]
      ]
    },
    {
      "file_path": "/media/NFS/ttao/scannet/posed_images/scene0358_02/00146.jpg",
      "transform_matrix": [
        [
          0.782286,
          0.194786,
          -0.591681,
          3.170633
        ],
        [
          0.616182,
          -0.381298,
          0.689153,
          1.052996
        ],
        [
          -0.091369,
          -0.903698,
          -0.418308,
          1.387992
        ],
        [
          0.0,
          0.0,
          0.0,
          1.0
        ]
      ]
    },
    {
      "file_path": "/media/NFS/ttao/scannet/posed_images/scene0358_02/00148.jpg",
      "transform_matrix": [
        [
          0.784426,
          0.191153,
          -0.590031,
          3.160278
        ],
        [
          0.613373,
          -0.380091,
          0.692319,
          1.052222
        ],
        [
          -0.091927,
          -0.904982,
          -0.4154,
          1.389276
        ],
        [
          0.0,
          0.0,
          0.0,
          1.0
        ]
      ]
    },
    {
      "file_path": "/media/NFS/ttao/scannet/posed_images/scene0358_02/00153.jpg",
      "transform_matrix": [
        [
          0.801069,
          0.180701,
          -0.570644,
          3.131291
        ],
        [
          0.593525,
          -0.363332,
          0.718135,
          1.045726
        ],
        [
          -0.077566,
          -0.913967,
          -0.398305,
          1.399418
        ],
        [
          0.0,
          0.0,
          0.0,
          1.0
        ]
      ]
    },
    {
      "file_path": "/media/NFS/ttao/scannet/posed_images/scene0358_02/00163.jpg",
      "transform_matrix": [
        [
          0.769905,
          0.185494,
          -0.610605,
          3.055128
        ],
        [
          0.636146,
          -0.299018,
          0.711272,
          1.009713
        ],
        [
          -0.050645,
          -0.936045,
          -0.348217,
          1.424209
        ],
        [
          0.0,
          0.0,
          0.0,
          1.0
        ]
      ]
    },
    {
      "file_path": "/media/NFS/ttao/scannet/posed_images/scene0358_02/00168.jpg",
      "transform_matrix": [
        [
          0.763229,
          0.182799,
          -0.61973,
          3.00691
        ],
        [
          0.644793,
          -0.277117,
          0.712355,
          0.991895
        ],
        [
          -0.04152,
          -0.943287,
          -0.329371,
          1.429977
        ],
        [
          0.0,
          0.0,
          0.0,
          1.0
        ]
      ]
    },
    {
      "file_path": "/media/NFS/ttao/scannet/posed_images/scene0358_02/00170.jpg",
      "transform_matrix": [
        [
          0.762383,
          0.177553,
          -0.622291,
          2.983843
        ],
        [
          0.645463,
          -0.277518,
          0.71159,
          0.981395
        ],
        [
          -0.046352,
          -0.944171,
          -0.32618,
          1.430367
        ],
        [
          0.0,
          0.0,
          0.0,
          1.0
        ]
      ]
    },
    {
      "file_path": "/media/NFS/ttao/scannet/posed_images/scene0358_02/00177.jpg",
      "transform_matrix": [
        [
          0.742521,
          0.168662,
          -0.64824,
          2.918869
        ],
        [
          0.667222,
          -0.271443,
          0.693638,
          0.973077
        ],
        [
          -0.05897,
          -0.947561,
          -0.314087,
          1.436878
        ],
        [
          0.0,
          0.0,
          0.0,
          1.0
        ]
      ]
    },
    {
      "file_path": "/media/NFS/ttao/scannet/posed_images/scene0358_02/00185.jpg",
      "transform_matrix": [
        [
          0.699131,
          0.134127,
          -0.7023,
          2.794939
        ],
        [
          0.710909,
          -0.235242,
          0.662774,
          0.976162
        ],
        [
          -0.076314,
          -0.962637,
          -0.259817,
          1.448031
        ],
        [
          0.0,
          0.0,
          0.0,
          1.0
        ]
      ]
    },
    {
      "file_path": "/media/NFS/ttao/scannet/posed_images/scene0358_02/00191.jpg",
      "transform_matrix": [
        [
          0.700109,
          0.090012,
          -0.70834,
          2.684378
        ],
        [
          0.706189,
          -0.23396,
          0.668252,
          0.995676
        ],
        [
          -0.105573,
          -0.96807,
          -0.227363,
          1.471204
        ],
        [
          0.0,
          0.0,
          0.0,
          1.0
        ]
      ]
    },
    {
      "file_path": "/media/NFS/ttao/scannet/posed_images/scene0358_02/00194.jpg",
      "transform_matrix": [
        [
          0.69796,
          0.082299,
          -0.711392,
          2.632433
        ],
        [
          0.707877,
          -0.229726,
          0.667935,
          0.996522
        ],
        [
          -0.108455,
          -0.969769,
          -0.218597,
          1.475135
        ],
        [
          0.0,
          0.0,
          0.0,
          1.0
        ]
      ]
    },
    {
      "file_path": "/media/NFS/ttao/scannet/posed_images/scene0358_02/00199.jpg",
      "transform_matrix": [
        [
          0.653815,
          0.083367,
          -0.752048,
          2.563816
        ],
        [
          0.748272,
          -0.218775,
          0.626281,
          0.987103
        ],
        [
          -0.112318,
          -0.972207,
          -0.20542,
          1.480769
        ],
        [
          0.0,
          0.0,
          0.0,
          1.0
        ]
      ]
    },
    {
      "file_path": "/media/NFS/ttao/scannet/posed_images/scene0358_02/00209.jpg",
      "transform_matrix": [
        [
          0.573631,
          0.106773,
          -0.812125,
          2.475548
        ],
        [
          0.816786,
          -0.14927,
          0.557297,
          0.913249
        ],
        [
          -0.061722,
          -0.983015,
          -0.172836,
          1.480282
        ],
        [
          0.0,
          0.0,
          0.0,
          1.0
        ]
      ]
    },
    {
      "file_path": "/media/NFS/ttao/scannet/posed_images/scene0358_02/00211.jpg",
      "transform_matrix": [
        [
          0.562975,
          0.120775,
          -0.817601,
          2.443232
        ],
        [
          0.824952,
          -0.142115,
          0.547044,
          0.89136
        ],
        [
          -0.050124,
          -0.982454,
          -0.179641,
          1.485013
        ],
        [
          0.0,
          0.0,
          0.0,
          1.0
        ]
      ]
    },
    {
      "file_path": "/media/NFS/ttao/scannet/posed_images/scene0358_02/00216.jpg",
      "transform_matrix": [
        [
          0.553839,
          0.156053,
          -0.817869,
          2.39826
        ],
        [
          0.832115,
          -0.138093,
          0.537136,
          0.851055
        ],
        [
          -0.029121,
          -0.978048,
          -0.206335,
          1.467623
        ],
        [
          0.0,
          0.0,
          0.0,
          1.0
        ]
      ]
    },
    {
      "file_path": "/media/NFS/ttao/scannet/posed_images/scene0358_02/00225.jpg",
      "transform_matrix": [
        [
          0.54415,
          0.218915,
          -0.809924,
          2.328417
        ],
        [
          0.838835,
          -0.160385,
          0.520223,
          0.783329
        ],
        [
          -0.016015,
          -0.962472,
          -0.270907,
          1.425118
        ],
        [
          0.0,
          0.0,
          0.0,
          1.0
        ]
      ]
    },
    {
      "file_path": "/media/NFS/ttao/scannet/posed_images/scene0358_02/00228.jpg",
      "transform_matrix": [
        [
          0.548374,
          0.229332,
          -0.804173,
          2.314283
        ],
        [
          0.836083,
          -0.168646,
          0.522039,
          0.765123
        ],
        [
          -0.0159,
          -0.958627,
          -0.284221,
          1.413478
        ],
        [
          0.0,
          0.0,
          0.0,
          1.0
        ]
      ]
    },
    {
      "file_path": "/media/NFS/ttao/scannet/posed_images/scene0358_02/00237.jpg",
      "transform_matrix": [
        [
          0.512829,
          0.281364,
          -0.811074,
          2.326087
        ],
        [
          0.858487,
          -0.165226,
          0.48549,
          0.715115
        ],
        [
          0.002589,
          -0.94527,
          -0.32628,
          1.378753
        ],
        [
          0.0,
          0.0,
          0.0,
          1.0
        ]
      ]
    },
    {
      "file_path": "/media/NFS/ttao/scannet/posed_images/scene0358_02/00240.jpg",
      "transform_matrix": [
        [
          0.51093,
          0.292194,
          -0.808438,
          2.349144
        ],
        [
          0.859621,
          -0.17228,
          0.481011,
          0.704897
        ],
        [
          0.001271,
          -0.940714,
          -0.3392,
          1.366093
        ],
        [
          0.0,
          0.0,
          0.0,
          1.0
        ]
      ]
    },
    {
      "file_path": "/media/NFS/ttao/scannet/posed_images/scene0358_02/00247.jpg",
      "transform_matrix": [
        [
          0.506877,
          0.331839,
          -0.795587,
          2.435401
        ],
        [
          0.861993,
          -0.202193,
          0.46485,
          0.70154
        ],
        [
          -0.006607,
          -0.921412,
          -0.38853,
          1.343955
        ],
        [
          0.0,
          0.0,
          0.0,
          1.0
        ]
      ]
    },
    {
      "file_path": "/media/NFS/ttao/scannet/posed_images/scene0358_02/00252.jpg",
      "transform_matrix": [
        [
          0.498811,
          0.372601,
          -0.782532,
          2.509014
        ],
        [
          0.866699,
          -0.209587,
          0.452667,
          0.687884
        ],
        [
          0.004656,
          -0.904014,
          -0.427477,
          1.320876
        ],
        [
          0.0,
          0.0,
          0.0,
          1.0
        ]
      ]
    },
    {
      "file_path": "/media/NFS/ttao/scannet/posed_images/scene0358_02/00261.jpg",
      "transform_matrix": [
        [
          0.500114,
          0.452113,
          -0.738566,
          2.610636
        ],
        [
          0.865603,
          -0.236541,
          0.441338,
          0.661081
        ],
        [
          0.024834,
          -0.860025,
          -0.509648,
          1.295981
        ],
        [
          0.0,
          0.0,
          0.0,
          1.0
        ]
      ]
    },
    {
      "file_path": "/media/NFS/ttao/scannet/posed_images/scene0358_02/00266.jpg",
      "transform_matrix": [
        [
          0.509752,
          0.446293,
          -0.73551,
          2.651838
        ],
        [
          0.860307,
          -0.259403,
          0.438843,
          0.650158
        ],
        [
          0.005059,
          -0.856465,
          -0.51618,
          1.301912
        ],
        [
          0.0,
          0.0,
          0.0,
          1.0
        ]
      ]
    },
    {
      "file_path": "/media/NFS/ttao/scannet/posed_images/scene0358_02/00268.jpg",
      "transform_matrix": [
        [
          0.518849,
          0.431755,
          -0.737823,
          2.663931
        ],
        [
          0.85484,
          -0.268805,
          0.443839,
          0.646577
        ],
        [
          -0.006701,
          -0.861006,
          -0.508551,
          1.307179
        ],
        [
          0.0,
          0.0,
          0.0,
          1.0
        ]
      ]
    },
    {
      "file_path": "/media/NFS/ttao/scannet/posed_images/scene0358_02/00278.jpg",
      "transform_matrix": [
        [
          0.603659,
          0.383617,
          -0.698881,
          2.713104
        ],
        [
          0.797116,
          -0.306089,
          0.520497,
          0.614608
        ],
        [
          -0.014248,
          -0.871291,
          -0.49056,
          1.319659
        ],
        [
          0.0,
          0.0,
          0.0,
          1.0
        ]
      ]
    },
    {
      "file_path": "/media/NFS/ttao/scannet/posed_images/scene0358_02/00280.jpg",
      "transform_matrix": [
        [
          0.616539,
          0.375817,
          -0.691839,
          2.716691
        ],
        [
          0.787176,
          -0.311302,
          0.532396,
          0.607105
        ],
        [
          -0.015287,
          -0.872841,
          -0.487764,
          1.324071
        ],
        [
          0.0,
          0.0,
          0.0,
          1.0
        ]
      ]
    },
    {
      "file_path": "/media/NFS/ttao/scannet/posed_images/scene0358_02/00288.jpg",
      "transform_matrix": [
        [
          0.641712,
          0.331695,
          -0.691509,
          2.744774
        ],
        [
          0.766616,
          -0.303861,
          0.565658,
          0.595794
        ],
        [
          -0.022497,
          -0.893111,
          -0.449274,
          1.343273
        ],
        [
          0.0,
          0.0,
          0.0,
          1.0
        ]
      ]
    },
    {
      "file_path": "/media/NFS/ttao/scannet/posed_images/scene0358_02/00294.jpg",
      "transform_matrix": [
        [
          0.664736,
          0.302404,
          -0.683139,
          2.767624
        ],
        [
          0.745911,
          -0.319755,
          0.584272,
          0.596294
        ],
        [
          -0.041751,
          -0.897947,
          -0.438119,
          1.347534
        ],
        [
          0.0,
          0.0,
          0.0,
          1.0
        ]
      ]
    },
    {
      "file_path": "/media/NFS/ttao/scannet/posed_images/scene0358_02/00300.jpg",
      "transform_matrix": [
        [
          0.703176,
          0.279368,
          -0.653832,
          2.78667
        ],
        [
          0.709325,
          -0.339017,
          0.618002,
          0.597315
        ],
        [
          -0.04901,
          -0.898343,
          -0.436552,
          1.346157
        ],
        [
          0.0,
          0.0,
          0.0,
          1.0
        ]
      ]
    },
    {
      "file_path": "/media/NFS/ttao/scannet/posed_images/scene0358_02/00302.jpg",
      "transform_matrix": [
        [
          0.712418,
          0.273986,
          -0.646058,
          2.792387
        ],
        [
          0.700141,
          -0.339912,
          0.627903,
          0.594223
        ],
        [
          -0.047566,
          -0.899662,
          -0.433988,
          1.343486
        ],
        [
          0.0,
          0.0,
          0.0,
          1.0
        ]
      ]
    },
    {
      "file_path": "/media/NFS/ttao/scannet/posed_images/scene0358_02/00307.jpg",
      "transform_matrix": [
        [
          0.738385,
          0.251396,
          -0.62577,
          2.810389
        ],
        [
          0.67209,
          -0.350725,
          0.652141,
          0.59392
        ],
        [
          -0.055528,
          -0.902104,
          -0.427931,
          1.34229
        ],
        [
          0.0,
          0.0,
          0.0,
          1.0
        ]
      ]
    },
    {
      "file_path": "/media/NFS/ttao/scannet/posed_images/scene0358_02/00318.jpg",
      "transform_matrix": [
        [
          0.837808,
          0.214101,
          -0.502233,
          2.857539
        ],
        [
          0.540921,
          -0.45026,
          0.710402,
          0.620489
        ],
        [
          -0.074037,
          -0.866849,
          -0.493043,
          1.317394
        ],
        [
          0.0,
          0.0,
          0.0,
          1.0
        ]
      ]
    },
    {
      "file_path": "/media/NFS/ttao/scannet/posed_images/scene0358_02/00321.jpg",
      "transform_matrix": [
        [
          0.862381,
          0.196003,
          -0.466779,
          2.887999
        ],
        [
          0.499284,
          -0.481821,
          0.720114,
          0.63016
        ],
        [
          -0.08376,
          -0.854068,
          -0.513374,
          1.308433
        ],
        [
          0.0,
          0.0,
          0.0,
          1.0
        ]
      ]
    },
    {
      "file_path": "/media/NFS/ttao/scannet/posed_images/scene0358_02/00330.jpg",
      "transform_matrix": [
        [
          0.905384,
          0.153842,
          -0.395743,
          2.979561
        ],
        [
          0.412165,
          -0.542304,
          0.732139,
          0.645311
        ],
        [
          -0.101979,
          -0.825978,
          -0.554401,
          1.29857
        ],
        [
          0.0,
          0.0,
          0.0,
          1.0
        ]
      ]
    },
    {
      "file_path": "/media/NFS/ttao/scannet/posed_images/scene0358_02/00331.jpg",
      "transform_matrix": [
        [
          0.911643,
          0.148212,
          -0.383328,
          2.992865
        ],
        [
          0.398655,
          -0.545637,
          0.737126,
          0.647288
        ],
        [
          -0.099907,
          -0.824811,
          -0.556512,
          1.299277
        ],
        [
          0.0,
          0.0,
          0.0,
          1.0
        ]
      ]
    },
    {
      "file_path": "/media/NFS/ttao/scannet/posed_images/scene0358_02/00337.jpg",
      "transform_matrix": [
        [
          0.940207,
          0.099669,
          -0.325693,
          3.078818
        ],
        [
          0.325113,
          -0.5477,
          0.770925,
          0.653114
        ],
        [
          -0.101545,
          -0.830717,
          -0.547355,
          1.308231
        ],
        [
          0.0,
          0.0,
          0.0,
          1.0
        ]
      ]
    },
    {
      "file_path": "/media/NFS/ttao/scannet/posed_images/scene0358_02/00345.jpg",
      "transform_matrix": [
        [
          0.964525,
          0.058487,
          -0.257432,
          3.156544
        ],
        [
          0.24691,
          -0.544948,
          0.801291,
          0.642072
        ],
        [
          -0.093422,
          -0.836428,
          -0.540056,
          1.299986
        ],
        [
          0.0,
          0.0,
          0.0,
          1.0
        ]
      ]
    },
    {
      "file_path": "/media/NFS/ttao/scannet/posed_images/scene0358_02/00352.jpg",
      "transform_matrix": [
        [
          0.975618,
          0.037717,
          -0.216212,
          3.203596
        ],
        [
          0.200156,
          -0.557059,
          0.805992,
          0.633791
        ],
        [
          -0.090044,
          -0.829616,
          -0.551026,
          1.289912
        ],
        [
          0.0,
          0.0,
          0.0,
          1.0
        ]
      ]
    },
    {
      "file_path": "/media/NFS/ttao/scannet/posed_images/scene0358_02/00354.jpg",
      "transform_matrix": [
        [
          0.978074,
          0.030205,
          -0.206056,
          3.216656
        ],
        [
          0.186896,
          -0.563809,
          0.804481,
          0.63138
        ],
        [
          -0.091877,
          -0.825352,
          -0.557092,
          1.28873
        ],
        [
          0.0,
          0.0,
          0.0,
          1.0
        ]
      ]
    },
    {
      "file_path": "/media/NFS/ttao/scannet/posed_images/scene0358_02/00359.jpg",
      "transform_matrix": [
        [
          0.983661,
          0.014275,
          -0.179462,
          3.257331
        ],
        [
          0.153311,
          -0.588979,
          0.793473,
          0.617269
        ],
        [
          -0.094373,
          -0.808022,
          -0.581544,
          1.285596
        ],
        [
          0.0,
          0.0,
          0.0,
          1.0
        ]
      ]
    },
    {
      "file_path": "/media/NFS/ttao/scannet/posed_images/scene0358_02/00369.jpg",
      "transform_matrix": [
        [
          0.998179,
          -0.025602,
          -0.054613,
          3.287187
        ],
        [
          0.025858,
          -0.636381,
          0.770941,
          0.600232
        ],
        [
          -0.054492,
          -0.77095,
          -0.63456,
          1.27167
        ],
        [
          0.0,
          0.0,
          0.0,
          1.0
        ]
      ]
    },
    {
      "file_path": "/media/NFS/ttao/scannet/posed_images/scene0358_02/00371.jpg",
      "transform_matrix": [
        [
          0.998897,
          -0.039195,
          -0.025872,
          3.279387
        ],
        [
          -0.005173,
          -0.639359,
          0.768891,
          0.600652
        ],
        [
          -0.046679,
          -0.767909,
          -0.638856,
          1.270808
        ],
        [
          0.0,
          0.0,
          0.0,
          1.0
        ]
      ]
    },
    {
      "file_path": "/media/NFS/ttao/scannet/posed_images/scene0358_02/00376.jpg",
      "transform_matrix": [
        [
          0.998451,
          -0.053573,
          0.015003,
          3.301533
        ],
        [
          -0.046222,
          -0.648714,
          0.759627,
          0.604274
        ],
        [
          -0.030963,
          -0.759144,
          -0.650186,
          1.274697
        ],
        [
          0.0,
          0.0,
          0.0,
          1.0
        ]
      ]
    },
    {
      "file_path": "/media/NFS/ttao/scannet/posed_images/scene0358_02/00386.jpg",
      "transform_matrix": [
        [
          0.999547,
          -0.025964,
          0.015237,
          3.348246
        ],
        [
          -0.027595,
          -0.587841,
          0.808506,
          0.61793
        ],
        [
          -0.012035,
          -0.80856,
          -0.588291,
          1.30945
        ],
        [
          0.0,
          0.0,
          0.0,
          1.0
        ]
      ]
    },
    {
      "file_path": "/media/NFS/ttao/scannet/posed_images/scene0358_02/00391.jpg",
      "transform_matrix": [
        [
          0.998996,
          -0.035716,
          0.027057,
          3.359403
        ],
        [
          -0.041873,
          -0.529238,
          0.84744,
          0.632793
        ],
        [
          -0.015947,
          -0.847722,
          -0.530202,
          1.330916
        ],
        [
          0.0,
          0.0,
          0.0,
          1.0
        ]
      ]
    },
    {
      "file_path": "/media/NFS/ttao/scannet/posed_images/scene0358_02/00395.jpg",
      "transform_matrix": [
        [
          0.998296,
          -0.051788,
          0.026891,
          3.366719
        ],
        [
          -0.04956,
          -0.509191,
          0.859226,
          0.649707
        ],
        [
          -0.030805,
          -0.859094,
          -0.51089,
          1.343336
        ],
        [
          0.0,
          0.0,
          0.0,
          1.0
        ]
      ]
    },
    {
      "file_path": "/media/NFS/ttao/scannet/posed_images/scene0358_02/00400.jpg",
      "transform_matrix": [
        [
          0.998262,
          -0.056559,
          0.016588,
          3.371378
        ],
        [
          -0.041837,
          -0.481713,
          0.87533,
          0.667559
        ],
        [
          -0.041517,
          -0.874502,
          -0.483242,
          1.364124
        ],
        [
          0.0,
          0.0,
          0.0,
          1.0
        ]
      ]
    },
    {
      "file_path": "/media/NFS/ttao/scannet/posed_images/scene0358_02/00405.jpg",
      "transform_matrix": [
        [
          0.998319,
          -0.050912,
          0.027681,
          3.365134
        ],
        [
          -0.046769,
          -0.425782,
          0.903616,
          0.679399
        ],
        [
          -0.034219,
          -0.903392,
          -0.427448,
          1.381368
        ],
        [
          0.0,
          0.0,
          0.0,
          1.0
        ]
      ]
    },
    {
      "file_path": "/media/NFS/ttao/scannet/posed_images/scene0358_02/00416.jpg",
      "transform_matrix": [
        [
          0.999353,
          -0.007287,
          -0.035212,
          3.313248
        ],
        [
          0.030025,
          -0.369706,
          0.928663,
          0.697844
        ],
        [
          -0.019785,
          -0.92912,
          -0.369248,
          1.399378
        ],
        [
          0.0,
          0.0,
          0.0,
          1.0
        ]
      ]
    },
    {
      "file_path": "/media/NFS/ttao/scannet/posed_images/scene0358_02/00419.jpg",
      "transform_matrix": [
        [
          0.999226,
          0.007194,
          -0.038662,
          3.288936
        ],
        [
          0.038581,
          -0.369748,
          0.928331,
          0.705083
        ],
        [
          -0.007617,
          -0.929104,
          -0.36974,
          1.400643
        ],
        [
          0.0,
          0.0,
          0.0,
          1.0
        ]
      ]
    },
    {
      "file_path": "/media/NFS/ttao/scannet/posed_images/scene0358_02/00426.jpg",
      "transform_matrix": [
        [
          0.998045,
          0.032019,
          -0.053681,
          3.239305
        ],
        [
          0.061581,
          -0.356553,
          0.932244,
          0.71454
        ],
        [
          0.010709,
          -0.933726,
          -0.357827,
          1.406762
        ],
        [
          0.0,
          0.0,
          0.0,
          1.0
        ]
      ]
    },
    {
      "file_path": "/media/NFS/ttao/scannet/posed_images/scene0358_02/00431.jpg",
      "transform_matrix": [
        [
          0.996835,
          0.032463,
          -0.072575,
          3.215014
        ],
        [
          0.079363,
          -0.351752,
          0.932723,
          0.72828
        ],
        [
          0.004751,
          -0.93553,
          -0.353215,
          1.415475
        ],
        [
          0.0,
          0.0,
          0.0,
          1.0
        ]
      ]
    },
    {
      "file_path": "/media/NFS/ttao/scannet/posed_images/scene0358_02/00434.jpg",
      "transform_matrix": [
        [
          0.996188,
          0.034903,
          -0.079947,
          3.194711
        ],
        [
          0.087015,
          -0.332698,
          0.93901,
          0.733623
        ],
        [
          0.006176,
          -0.942387,
          -0.334467,
          1.419432
        ],
        [
          0.0,
          0.0,
          0.0,
          1.0
        ]
      ]
    },
    {
      "file_path": "/media/NFS/ttao/scannet/posed_images/scene0358_02/00440.jpg",
      "transform_matrix": [
        [
          0.991746,
          0.038808,
          -0.122208,
          3.158805
        ],
        [
          0.12822,
          -0.305222,
          0.94361,
          0.736153
        ],
        [
          -0.00068,
          -0.95149,
          -0.307679,
          1.419512
        ],
