{
  "frames": [
    {
      "file_path": "/media/NFS/ttao/scannet/posed_images/scene0254_01/00000.jpg",
      "transform_matrix": [
        [
          0.331617,
          -0.355459,
          0.873887,
          5.176186
        ],
        [
          -0.942503,
          -0.084113,
          0.323441,
          3.108934
        ],
        [
          -0.041465,
          -0.9309,
          -0.362914,
          1.390662
        ],
        [
          0.0,
          0.0,
          0.0,
          1.0
        ]
      ]
    },
    {
      "file_path": "/media/NFS/ttao/scannet/posed_images/scene0254_01/00004.jpg",
      "transform_matrix": [
        [
          0.327327,
          -0.328486,
          0.885976,
          5.202819
        ],
        [
          -0.944793,
          -0.098929,
          0.312377,
          3.107556
        ],
        [
          -0.014963,
          -0.939314,
          -0.342733,
          1.390708
        ],
        [
          0.0,
          0.0,
          0.0,
          1.0
        ]
      ]
    },
    {
      "file_path": "/media/NFS/ttao/scannet/posed_images/scene0254_01/00007.jpg",
      "transform_matrix": [
        [
          0.336855,
          -0.305527,
          0.890607,
          5.221925
        ],
        [
          -0.941545,
          -0.104615,
          0.320233,
          3.116561
        ],
        [
          -0.004669,
          -0.946419,
          -0.322908,
          1.397807
        ],
        [
          0.0,
          0.0,
          0.0,
          1.0
        ]
      ]
    },
    {
      "file_path": "/media/NFS/ttao/scannet/posed_images/scene0254_01/00015.jpg",
      "transform_matrix": [
        [
          0.375843,
          -0.284538,
          0.881919,
          5.266866
        ],
        [
          -0.92668,
          -0.118202,
          0.356782,
          3.112571
        ],
        [
          0.002726,
          -0.95135,
          -0.308101,
          1.422151
        ],
        [
          0.0,
          0.0,
          0.0,
          1.0
        ]
      ]
    },
    {
      "file_path": "/media/NFS/ttao/scannet/posed_images/scene0254_01/00016.jpg",
      "transform_matrix": [
        [
          0.379302,
          -0.286302,
          0.879865,
          5.270506
        ],
        [
          -0.925257,
          -0.122985,
          0.358851,
          3.11049
        ],
        [
          0.00547,
          -0.950214,
          -0.311552,
          1.421769
        ],
        [
          0.0,
          0.0,
          0.0,
          1.0
        ]
      ]
    },
    {
      "file_path": "/media/NFS/ttao/scannet/posed_images/scene0254_01/00021.jpg",
      "transform_matrix": [
        [
          0.397836,
          -0.312162,
          0.862718,
          5.296882
        ],
        [
          -0.917335,
          -0.119998,
          0.379602,
          3.083687
        ],
        [
          -0.014972,
          -0.94242,
          -0.334096,
          1.419798
        ],
        [
          0.0,
          0.0,
          0.0,
          1.0
        ]
      ]
    },
    {
      "file_path": "/media/NFS/ttao/scannet/posed_images/scene0254_01/00024.jpg",
      "transform_matrix": [
        [
          0.431733,
          -0.327169,
          0.840576,
          5.308843
        ],
        [
          -0.901582,
          -0.128088,
          0.413212,
          3.061775
        ],
        [
          -0.027523,
          -0.936245,
          -0.350269,
          1.411348
        ],
        [
          0.0,
          0.0,
          0.0,
          1.0
        ]
      ]
    },
    {
      "file_path": "/media/NFS/ttao/scannet/posed_images/scene0254_01/00031.jpg",
      "transform_matrix": [
        [
          0.544952,
          -0.355262,
          0.759484,
          5.338038
        ],
        [
          -0.837717,
          -0.192385,
          0.511095,
          2.987517
        ],
        [
          -0.035459,
          -0.914755,
          -0.40245,
          1.372593
        ],
        [
          0.0,
          0.0,
          0.0,
          1.0
        ]
      ]
    },
    {
      "file_path": "/media/NFS/ttao/scannet/posed_images/scene0254_01/00032.jpg",
      "transform_matrix": [
        [
          0.55925,
          -0.354402,
          0.749426,
          5.342652
        ],
        [
          -0.828425,
          -0.205269,
          0.521131,
          2.974816
        ],
        [
          -0.030855,
          -0.912285,
          -0.408392,
          1.367852
        ],
        [
          0.0,
          0.0,
          0.0,
          1.0
        ]
      ]
    },
    {
      "file_path": "/media/NFS/ttao/scannet/posed_images/scene0254_01/00040.jpg",
      "transform_matrix": [
        [
          0.585153,
          -0.384683,
          0.713873,
          5.365858
        ],
        [
          -0.810898,
          -0.270713,
          0.518805,
          2.908475
        ],
        [
          -0.006321,
          -0.882459,
          -0.470347,
          1.328017
        ],
        [
          0.0,
          0.0,
          0.0,
          1.0
        ]
      ]
    },
    {
      "file_path": "/media/NFS/ttao/scannet/posed_images/scene0254_01/00042.jpg",
      "transform_matrix": [
        [
          0.586635,
          -0.398067,
          0.705267,
          5.368604
        ],
        [
          -0.809804,
          -0.278897,
          0.516173,
          2.901602
        ],
        [
          -0.008775,
          -0.873933,
          -0.485967,
          1.324287
        ],
        [
          0.0,
          0.0,
          0.0,
          1.0
        ]
      ]
    },
    {
      "file_path": "/media/NFS/ttao/scannet/posed_images/scene0254_01/00045.jpg",
      "transform_matrix": [
        [
          0.583067,
          -0.418477,
          0.696355,
          5.362614
        ],
        [
          -0.812366,
          -0.290095,
          0.505871,
          2.909269
        ],
        [
          -0.009686,
          -0.860652,
          -0.509101,
          1.314708
        ],
        [
          0.0,
          0.0,
          0.0,
          1.0
        ]
      ]
    },
    {
      "file_path": "/media/NFS/ttao/scannet/posed_images/scene0254_01/00052.jpg",
      "transform_matrix": [
        [
          0.581415,
          -0.439173,
          0.684897,
          5.335769
        ],
        [
          -0.813474,
          -0.329047,
          0.479571,
          2.922711
        ],
        [
          0.014749,
          -0.835976,
          -0.548568,
          1.288919
        ],
        [
          0.0,
          0.0,
          0.0,
          1.0
        ]
      ]
    },
    {
      "file_path": "/media/NFS/ttao/scannet/posed_images/scene0254_01/00053.jpg",
      "transform_matrix": [
        [
          0.581006,
          -0.439874,
          0.684794,
          5.330873
        ],
        [
          -0.813696,
          -0.332752,
          0.47663,
          2.924188
        ],
        [
          0.01821,
          -0.834138,
          -0.551255,
          1.287411
        ],
        [
          0.0,
          0.0,
          0.0,
          1.0
        ]
      ]
    },
    {
      "file_path": "/media/NFS/ttao/scannet/posed_images/scene0254_01/00060.jpg",
      "transform_matrix": [
        [
          0.557048,
          -0.444067,
          0.701785,
          5.270647
        ],
        [
          -0.829695,
          -0.334312,
          0.447036,
          2.944041
        ],
        [
          0.036102,
          -0.831288,
          -0.554668,
          1.27872
        ],
        [
          0.0,
          0.0,
          0.0,
          1.0
        ]
      ]
    },
    {
      "file_path": "/media/NFS/ttao/scannet/posed_images/scene0254_01/00061.jpg",
      "transform_matrix": [
        [
          0.551856,
          -0.444766,
          0.705435,
          5.261526
        ],
        [
          -0.832989,
          -0.334359,
          0.440833,
          2.946832
        ],
        [
          0.039801,
          -0.830895,
          -0.555003,
          1.280023
        ],
        [
          0.0,
          0.0,
          0.0,
          1.0
        ]
      ]
    },
    {
      "file_path": "/media/NFS/ttao/scannet/posed_images/scene0254_01/00067.jpg",
      "transform_matrix": [
        [
          0.541585,
          -0.446529,
          0.712249,
          5.194428
        ],
        [
          -0.839779,
          -0.325868,
          0.43426,
          2.961641
        ],
        [
          0.038189,
          -0.833319,
          -0.551471,
          1.280785
        ],
        [
          0.0,
          0.0,
          0.0,
          1.0
        ]
      ]
    },
    {
      "file_path": "/media/NFS/ttao/scannet/posed_images/scene0254_01/00071.jpg",
      "transform_matrix": [
        [
          0.554686,
          -0.442004,
          0.704951,
          5.148043
        ],
        [
          -0.831119,
          -0.334604,
          0.444164,
          2.975272
        ],
        [
          0.039557,
          -0.83227,
          -0.552958,
          1.284753
        ],
        [
          0.0,
          0.0,
          0.0,
          1.0
        ]
      ]
    },
    {
      "file_path": "/media/NFS/ttao/scannet/posed_images/scene0254_01/00076.jpg",
      "transform_matrix": [
        [
          0.573168,
          -0.430666,
          0.697141,
          5.098561
        ],
        [
          -0.817784,
          -0.35465,
          0.453268,
          2.981166
        ],
        [
          0.052033,
          -0.82991,
          -0.555466,
          1.282009
        ],
        [
          0.0,
          0.0,
          0.0,
          1.0
        ]
      ]
    },
    {
      "file_path": "/media/NFS/ttao/scannet/posed_images/scene0254_01/00078.jpg",
      "transform_matrix": [
        [
          0.579733,
          -0.423269,
          0.696242,
          5.080815
        ],
        [
          -0.812896,
          -0.358942,
          0.458652,
          2.982145
        ],
        [
          0.055777,
          -0.831868,
          -0.552164,
          1.280902
        ],
        [
          0.0,
          0.0,
          0.0,
          1.0
        ]
      ]
    },
    {
      "file_path": "/media/NFS/ttao/scannet/posed_images/scene0254_01/00082.jpg",
      "transform_matrix": [
        [
          0.606129,
          -0.410581,
          0.681198,
          5.047435
        ],
        [
          -0.793079,
          -0.3769,
          0.478511,
          2.973814
        ],
        [
          0.060276,
          -0.830283,
          -0.554073,
          1.27971
        ],
        [
          0.0,
          0.0,
          0.0,
          1.0
        ]
      ]
    },
    {
      "file_path": "/media/NFS/ttao/scannet/posed_images/scene0254_01/00086.jpg",
      "transform_matrix": [
        [
          0.633652,
          -0.391918,
          0.666997,
          5.020241
        ],
        [
          -0.771475,
          -0.384255,
          0.507124,
          2.954779
        ],
        [
          0.057546,
          -0.835911,
          -0.545839,
          1.285348
        ],
        [
          0.0,
          0.0,
          0.0,
          1.0
        ]
      ]
    },
    {
      "file_path": "/media/NFS/ttao/scannet/posed_images/scene0254_01/00093.jpg",
      "transform_matrix": [
        [
          0.675316,
          -0.3687,
          0.638756,
          4.972909
        ],
        [
          -0.736984,
          -0.370631,
          0.565232,
          2.902181
        ],
        [
          0.028342,
          -0.852463,
          -0.522019,
          1.294778
        ],
        [
          0.0,
          0.0,
          0.0,
          1.0
        ]
      ]
    },
    {
      "file_path": "/media/NFS/ttao/scannet/posed_images/scene0254_01/00094.jpg",
      "transform_matrix": [
        [
          0.678459,
          -0.366023,
          0.636962,
          4.966399
        ],
        [
          -0.734237,
          -0.366518,
          0.571455,
          2.894339
        ],
        [
          0.024292,
          -0.855389,
          -0.517416,
          1.297511
        ],
        [
          0.0,
          0.0,
          0.0,
          1.0
        ]
      ]
    },
    {
      "file_path": "/media/NFS/ttao/scannet/posed_images/scene0254_01/00099.jpg",
      "transform_matrix": [
        [
          0.696403,
          -0.342845,
          0.63046,
          4.93866
        ],
        [
          -0.717633,
          -0.338863,
          0.60842,
          2.857702
        ],
        [
          0.005045,
          -0.876145,
          -0.482022,
          1.312303
        ],
        [
          0.0,
          0.0,
          0.0,
          1.0
        ]
      ]
    },
    {
      "file_path": "/media/NFS/ttao/scannet/posed_images/scene0254_01/00105.jpg",
      "transform_matrix": [
        [
          0.720692,
          -0.305998,
          0.622068,
          4.902041
        ],
        [
          -0.693245,
          -0.313093,
          0.649141,
          2.849062
        ],
        [
          -0.003871,
          -0.899076,
          -0.437775,
          1.328767
        ],
        [
          0.0,
          0.0,
          0.0,
          1.0
        ]
      ]
    },
    {
      "file_path": "/media/NFS/ttao/scannet/posed_images/scene0254_01/00108.jpg",
      "transform_matrix": [
        [
          0.729124,
          -0.278286,
          0.625248,
          4.885511
        ],
        [
          -0.684362,
          -0.303447,
          0.663,
          2.853609
        ],
        [
          0.005227,
          -0.911305,
          -0.411699,
          1.338422
        ],
        [
          0.0,
          0.0,
          0.0,
          1.0
        ]
      ]
    },
    {
      "file_path": "/media/NFS/ttao/scannet/posed_images/scene0254_01/00114.jpg",
      "transform_matrix": [
        [
          0.731785,
          -0.231118,
          0.641152,
          4.850861
        ],
        [
          -0.681294,
          -0.27315,
          0.679137,
          2.875455
        ],
        [
          0.01817,
          -0.933795,
          -0.357346,
          1.34626
        ],
        [
          0.0,
          0.0,
          0.0,
          1.0
        ]
      ]
    },
    {
      "file_path": "/media/NFS/ttao/scannet/posed_images/scene0254_01/00115.jpg",
      "transform_matrix": [
        [
          0.726916,
          -0.228133,
          0.647725,
          4.844558
        ],
        [
          -0.686397,
          -0.270579,
          0.675016,
          2.882528
        ],
        [
          0.021267,
          -0.935277,
          -0.353278,
          1.343231
        ],
        [
          0.0,
          0.0,
          0.0,
          1.0
        ]
      ]
    },
    {
      "file_path": "/media/NFS/ttao/scannet/posed_images/scene0254_01/00120.jpg",
      "transform_matrix": [
        [
          0.68276,
          -0.246762,
          0.687712,
          4.809935
        ],
        [
          -0.730348,
          -0.257252,
          0.632782,
          2.926403
        ],
        [
          0.020769,
          -0.934307,
          -0.355864,
          1.346952
        ],
        [
          0.0,
          0.0,
          0.0,
          1.0
        ]
      ]
    },
    {
      "file_path": "/media/NFS/ttao/scannet/posed_images/scene0254_01/00125.jpg",
      "transform_matrix": [
        [
          0.642314,
          -0.281606,
          0.712833,
          4.771286
        ],
        [
          -0.766416,
          -0.228396,
          0.600368,
          2.970496
        ],
        [
          -0.006259,
          -0.931951,
          -0.362529,
          1.356998
        ],
        [
          0.0,
          0.0,
          0.0,
          1.0
        ]
      ]
    },
    {
      "file_path": "/media/NFS/ttao/scannet/posed_images/scene0254_01/00128.jpg",
      "transform_matrix": [
        [
          0.629114,
          -0.291687,
          0.72051,
          4.752838
        ],
        [
          -0.777092,
          -0.213912,
          0.59192,
          2.990732
        ],
        [
          -0.01853,
          -0.932288,
          -0.361243,
          1.359975
        ],
        [
          0.0,
          0.0,
          0.0,
          1.0
        ]
      ]
    },
    {
      "file_path": "/media/NFS/ttao/scannet/posed_images/scene0254_01/00133.jpg",
      "transform_matrix": [
        [
          0.633456,
          -0.280509,
          0.721144,
          4.723212
        ],
        [
          -0.773539,
          -0.206372,
          0.599207,
          3.026509
        ],
        [
          -0.019259,
          -0.937404,
          -0.347712,
          1.358286
        ],
        [
          0.0,
          0.0,
          0.0,
          1.0
        ]
      ]
    },
    {
      "file_path": "/media/NFS/ttao/scannet/posed_images/scene0254_01/00138.jpg",
      "transform_matrix": [
        [
          0.649481,
          -0.27073,
          0.710549,
          4.705877
        ],
        [
          -0.760155,
          -0.208513,
          0.615376,
          3.059819
        ],
        [
          -0.018442,
          -0.939802,
          -0.341221,
          1.348009
        ],
        [
          0.0,
          0.0,
          0.0,
          1.0
        ]
      ]
    },
    {
      "file_path": "/media/NFS/ttao/scannet/posed_images/scene0254_01/00140.jpg",
      "transform_matrix": [
        [
          0.652955,
          -0.269705,
          0.70775,
          4.69241
        ],
        [
          -0.757191,
          -0.210678,
          0.618285,
          3.088987
        ],
        [
          -0.017647,
          -0.939614,
          -0.341782,
          1.353151
        ],
        [
          0.0,
          0.0,
          0.0,
          1.0
        ]
      ]
    },
    {
      "file_path": "/media/NFS/ttao/scannet/posed_images/scene0254_01/00146.jpg",
      "transform_matrix": [
        [
          0.696877,
          -0.238652,
          0.67632,
          4.683319
        ],
        [
          -0.717056,
          -0.213555,
          0.663494,
          3.138796
        ],
        [
          -0.013913,
          -0.947333,
          -0.319949,
          1.340567
        ],
        [
          0.0,
          0.0,
          0.0,
          1.0
        ]
      ]
    },
    {
      "file_path": "/media/NFS/ttao/scannet/posed_images/scene0254_01/00148.jpg",
      "transform_matrix": [
        [
          0.706046,
          -0.237945,
          0.666994,
          4.681969
        ],
        [
          -0.707983,
          -0.21576,
          0.672464,
          3.164545
        ],
        [
          -0.016099,
          -0.947011,
          -0.320797,
          1.341952
        ],
        [
          0.0,
          0.0,
          0.0,
          1.0
        ]
      ]
    },
    {
      "file_path": "/media/NFS/ttao/scannet/posed_images/scene0254_01/00154.jpg",
      "transform_matrix": [
        [
          0.718894,
          -0.235231,
          0.654108,
          4.674261
        ],
        [
          -0.694794,
          -0.21434,
          0.686528,
          3.245412
        ],
        [
          -0.021291,
          -0.948011,
          -0.317525,
          1.348444
        ],
        [
          0.0,
          0.0,
          0.0,
          1.0
        ]
      ]
    },
    {
      "file_path": "/media/NFS/ttao/scannet/posed_images/scene0254_01/00156.jpg",
      "transform_matrix": [
        [
          0.730379,
          -0.228287,
          0.643763,
          4.667213
        ],
        [
          -0.682938,
          -0.227669,
          0.694091,
          3.270196
        ],
        [
          -0.011887,
          -0.9466,
          -0.32219,
          1.346206
        ],
        [
          0.0,
          0.0,
          0.0,
          1.0
        ]
      ]
    },
    {
      "file_path": "/media/NFS/ttao/scannet/posed_images/scene0254_01/00160.jpg",
      "transform_matrix": [
        [
          0.737414,
          -0.215887,
          0.64001,
          4.633451
        ],
        [
          -0.675347,
          -0.251476,
          0.693301,
          3.335226
        ],
        [
          0.011272,
          -0.943479,
          -0.331241,
          1.339322
        ],
        [
          0.0,
          0.0,
          0.0,
          1.0
        ]
      ]
    },
    {
      "file_path": "/media/NFS/ttao/scannet/posed_images/scene0254_01/00165.jpg",
      "transform_matrix": [
        [
          0.74184,
          -0.195688,
          0.641389,
          4.582151
        ],
        [
          -0.669807,
          -0.262049,
          0.694758,
          3.405499
        ],
        [
          0.03212,
          -0.945006,
          -0.325472,
          1.333591
        ],
        [
          0.0,
          0.0,
          0.0,
          1.0
        ]
      ]
    },
    {
      "file_path": "/media/NFS/ttao/scannet/posed_images/scene0254_01/00170.jpg",
      "transform_matrix": [
        [
          0.734644,
          -0.202,
          0.647684,
          4.498945
        ],
        [
          -0.678296,
          -0.23922,
          0.694758,
          3.484537
        ],
        [
          0.014598,
          -0.949721,
          -0.312757,
          1.330375
        ],
        [
          0.0,
          0.0,
          0.0,
          1.0
        ]
      ]
    },
    {
      "file_path": "/media/NFS/ttao/scannet/posed_images/scene0254_01/00176.jpg",
      "transform_matrix": [
        [
          0.741297,
          -0.205476,
          0.638951,
          4.411453
        ],
        [
          -0.67115,
          -0.235401,
          0.702954,
          3.58313
        ],
        [
          0.00597,
          -0.949929,
          -0.312408,
          1.345407
        ],
        [
          0.0,
          0.0,
          0.0,
          1.0
        ]
      ]
    },
    {
      "file_path": "/media/NFS/ttao/scannet/posed_images/scene0254_01/00180.jpg",
      "transform_matrix": [
        [
          0.716274,
          -0.206786,
          0.666476,
          4.379974
        ],
        [
          -0.697729,
          -0.227518,
          0.679271,
          3.642439
        ],
        [
          0.011172,
          -0.951565,
          -0.307246,
          1.35026
        ],
        [
          0.0,
          0.0,
          0.0,
          1.0
        ]
      ]
    },
    {
      "file_path": "/media/NFS/ttao/scannet/posed_images/scene0254_01/00184.jpg",
      "transform_matrix": [
        [
          0.687971,
          -0.204156,
          0.696431,
          4.362022
        ],
        [
          -0.72539,
          -0.223129,
          0.65117,
          3.697345
        ],
        [
          0.022453,
          -0.953171,
          -0.301599,
          1.350143
        ],
        [
          0.0,
          0.0,
          0.0,
          1.0
        ]
      ]
    },
    {
      "file_path": "/media/NFS/ttao/scannet/posed_images/scene0254_01/00185.jpg",
      "transform_matrix": [
        [
          0.683739,
          -0.20761,
          0.699571,
          4.363134
        ],
        [
          -0.729474,
          -0.219703,
          0.647765,
          3.705738
        ],
        [
          0.019215,
          -0.95322,
          -0.301665,
          1.349733
        ],
        [
          0.0,
          0.0,
          0.0,
          1.0
        ]
      ]
    },
    {
      "file_path": "/media/NFS/ttao/scannet/posed_images/scene0254_01/00190.jpg",
      "transform_matrix": [
        [
          0.657781,
          -0.229179,
          0.717497,
          4.360424
        ],
        [
          -0.753168,
          -0.210109,
          0.623371,
          3.780191
        ],
        [
          0.007888,
          -0.950437,
          -0.310816,
          1.343538
        ],
        [
          0.0,
          0.0,
          0.0,
          1.0
        ]
      ]
    },
    {
      "file_path": "/media/NFS/ttao/scannet/posed_images/scene0254_01/00195.jpg",
      "transform_matrix": [
        [
          0.634672,
          -0.266521,
          0.725368,
          4.365549
        ],
        [
          -0.772028,
          -0.177235,
          0.610377,
          3.865446
        ],
        [
          -0.034118,
          -0.947394,
          -0.318247,
          1.342237
        ],
        [
          0.0,
          0.0,
          0.0,
          1.0
        ]
      ]
    },
    {
      "file_path": "/media/NFS/ttao/scannet/posed_images/scene0254_01/00200.jpg",
      "transform_matrix": [
        [
          0.58185,
          -0.297318,
          0.757002,
          4.374113
        ],
        [
          -0.8123,
          -0.166389,
          0.559003,
          3.957604
        ],
        [
          -0.040245,
          -0.940168,
          -0.338325,
          1.356949
        ],
        [
          0.0,
          0.0,
          0.0,
          1.0
        ]
      ]
    },
    {
      "file_path": "/media/NFS/ttao/scannet/posed_images/scene0254_01/00202.jpg",
      "transform_matrix": [
        [
          0.571104,
          -0.303269,
          0.762803,
          4.375447
        ],
        [
          -0.820015,
          -0.168166,
          0.54708,
          3.990658
        ],
        [
          -0.037635,
          -0.937949,
          -0.344725,
          1.36006
        ],
        [
          0.0,
          0.0,
          0.0,
          1.0
        ]
      ]
    },
    {
      "file_path": "/media/NFS/ttao/scannet/posed_images/scene0254_01/00206.jpg",
      "transform_matrix": [
        [
          0.529063,
          -0.304042,
          0.792244,
          4.379203
        ],
        [
          -0.848185,
          -0.160895,
          0.504673,
          4.050231
        ],
        [
          -0.025974,
          -0.938973,
          -0.343008,
          1.362518
        ],
        [
          0.0,
          0.0,
          0.0,
          1.0
        ]
      ]
    },
    {
      "file_path": "/media/NFS/ttao/scannet/posed_images/scene0254_01/00212.jpg",
      "transform_matrix": [
        [
          0.44046,
          -0.309925,
          0.84258,
          4.381274
        ],
        [
          -0.897486,
          -0.128318,
          0.421963,
          4.145678
        ],
        [
          -0.022659,
          -0.942062,
          -0.334672,
          1.366787
        ],
        [
          0.0,
          0.0,
          0.0,
          1.0
        ]
      ]
    },
    {
      "file_path": "/media/NFS/ttao/scannet/posed_images/scene0254_01/00216.jpg",
      "transform_matrix": [
        [
          0.380902,
          -0.322181,
          0.866668,
          4.378207
        ],
        [
          -0.924361,
          -0.11069,
          0.36511,
          4.218606
        ],
        [
          -0.0217,
          -0.940185,
          -0.339973,
          1.370535
        ],
        [
          0.0,
          0.0,
          0.0,
          1.0
        ]
      ]
    },
    {
      "file_path": "/media/NFS/ttao/scannet/posed_images/scene0254_01/00218.jpg",
      "transform_matrix": [
        [
          0.356598,
          -0.32772,
          0.874893,
          4.373756
        ],
        [
          -0.933953,
          -0.101141,
          0.342785,
          4.258953
        ],
        [
          -0.02385,
          -0.939346,
          -0.342142,
          1.373194
        ],
        [
          0.0,
          0.0,
          0.0,
          1.0
        ]
      ]
    },
    {
      "file_path": "/media/NFS/ttao/scannet/posed_images/scene0254_01/00225.jpg",
      "transform_matrix": [
        [
          0.283875,
          -0.354196,
          0.891045,
          4.362061
        ],
        [
          -0.957705,
          -0.059102,
          0.281618,
          4.40149
        ],
        [
          -0.047086,
          -0.933302,
          -0.355993,
          1.376247
        ],
        [
          0.0,
          0.0,
          0.0,
          1.0
        ]
      ]
    },
    {
      "file_path": "/media/NFS/ttao/scannet/posed_images/scene0254_01/00227.jpg",
      "transform_matrix": [
        [
          0.278412,
          -0.356926,
          0.891679,
          4.358094
        ],
        [
          -0.958971,
          -0.051599,
          0.278769,
          4.431761
        ],
        [
          -0.05349,
          -0.932707,
          -0.356647,
          1.373063
        ],
        [
          0.0,
          0.0,
          0.0,
          1.0
        ]
      ]
    },
    {
      "file_path": "/media/NFS/ttao/scannet/posed_images/scene0254_01/00233.jpg",
      "transform_matrix": [
        [
          0.28648,
          -0.382112,
          0.87859,
          4.345857
        ],
        [
          -0.957188,
          -0.074454,
          0.279727,
          4.502298
        ],
        [
          -0.041472,
          -0.921112,
          -0.387083,
          1.345381
        ],
        [
          0.0,
          0.0,
          0.0,
          1.0
        ]
      ]
    },
    {
      "file_path": "/media/NFS/ttao/scannet/posed_images/scene0254_01/00238.jpg",
      "transform_matrix": [
        [
          0.289321,
          -0.412842,
          0.863629,
          4.340736
        ],
        [
          -0.957101,
          -0.1098,
          0.268147,
          4.524097
        ],
        [
          -0.015876,
          -0.90416,
          -0.426899,
          1.318287
        ],
        [
          0.0,
          0.0,
          0.0,
          1.0
        ]
      ]
    },
    {
      "file_path": "/media/NFS/ttao/scannet/posed_images/scene0254_01/00240.jpg",
      "transform_matrix": [
        [
          0.288141,
          -0.424825,
          0.858195,
          4.339975
        ],
        [
          -0.957573,
          -0.122802,
          0.260718,
          4.527172
        ],
        [
          -0.005372,
          -0.896908,
          -0.442185,
          1.305075
        ],
        [
          0.0,
          0.0,
          0.0,
          1.0
        ]
      ]
    },
    {
      "file_path": "/media/NFS/ttao/scannet/posed_images/scene0254_01/00243.jpg",
      "transform_matrix": [
        [
          0.288743,
          -0.443359,
          0.848564,
          4.340297
        ],
        [
          -0.957405,
          -0.135561,
          0.254951,
          4.520785
        ],
        [
          0.001998,
          -0.886034,
          -0.463616,
          1.297216
        ],
        [
          0.0,
          0.0,
          0.0,
          1.0
        ]
      ]
    },
    {
      "file_path": "/media/NFS/ttao/scannet/posed_images/scene0254_01/00251.jpg",
      "transform_matrix": [
        [
          0.29588,
          -0.453327,
          0.840803,
          4.338994
        ],
        [
          -0.955163,
          -0.130413,
          0.265811,
          4.464222
        ],
        [
          -0.010847,
          -0.881752,
          -0.471588,
          1.308127
        ],
        [
          0.0,
          0.0,
          0.0,
          1.0
        ]
      ]
    },
    {
      "file_path": "/media/NFS/ttao/scannet/posed_images/scene0254_01/00253.jpg",
      "transform_matrix": [
        [
          0.307219,
          -0.450283,
          0.838368,
          4.338078
        ],
        [
          -0.951392,
          -0.125231,
          0.281374,
          4.440059
        ],
        [
          -0.021708,
          -0.88406,
          -0.466869,
          1.316342
        ],
        [
          0.0,
          0.0,
          0.0,
          1.0
        ]
      ]
    },
    {
      "file_path": "/media/NFS/ttao/scannet/posed_images/scene0254_01/00256.jpg",
      "transform_matrix": [
        [
          0.33877,
          -0.443745,
          0.829654,
          4.334867
        ],
        [
          -0.939923,
          -0.120073,
          0.319574,
          4.394752
        ],
        [
          -0.04219,
          -0.888072,
          -0.457763,
          1.323894
        ],
        [
          0.0,
          0.0,
          0.0,
          1.0
        ]
      ]
    },
    {
      "file_path": "/media/NFS/ttao/scannet/posed_images/scene0254_01/00259.jpg",
      "transform_matrix": [
        [
          0.382774,
          -0.434845,
          0.815104,
          4.330015
        ],
        [
          -0.922241,
          -0.127926,
          0.364839,
          4.340278
        ],
        [
          -0.054376,
          -0.891372,
          -0.449999,
          1.327773
        ],
        [
          0.0,
          0.0,
          0.0,
          1.0
        ]
      ]
    },
    {
      "file_path": "/media/NFS/ttao/scannet/posed_images/scene0254_01/00264.jpg",
      "transform_matrix": [
        [
          0.460776,
          -0.41779,
          0.783031,
          4.32747
        ],
        [
          -0.88566,
          -0.159416,
          0.436112,
          4.220514
        ],
        [
          -0.057376,
          -0.894449,
          -0.443475,
          1.318604
        ],
        [
          0.0,
          0.0,
          0.0,
          1.0
        ]
      ]
    },
    {
      "file_path": "/media/NFS/ttao/scannet/posed_images/scene0254_01/00269.jpg",
      "transform_matrix": [
        [
          0.515599,
          -0.382334,
          0.766797,
          4.321
        ],
        [
          -0.85648,
          -0.204419,
          0.473977,
          4.111254
        ],
        [
          -0.024469,
          -0.901129,
          -0.43286,
          1.325792
        ],
        [
          0.0,
          0.0,
          0.0,
          1.0
        ]
      ]
    },
    {
      "file_path": "/media/NFS/ttao/scannet/posed_images/scene0254_01/00276.jpg",
      "transform_matrix": [
        [
          0.593906,
          -0.357079,
          0.720951,
          4.308153
        ],
        [
          -0.803337,
          -0.214328,
          0.55562,
          3.976495
        ],
        [
          -0.04388,
          -0.909152,
          -0.414146,
          1.350138
        ],
        [
          0.0,
          0.0,
          0.0,
          1.0
        ]
      ]
    },
    {
      "file_path": "/media/NFS/ttao/scannet/posed_images/scene0254_01/00278.jpg",
      "transform_matrix": [
        [
          0.610331,
          -0.343996,
          0.713556,
          4.300634
        ],
        [
          -0.790932,
          -0.214772,
          0.572974,
          3.941244
        ],
        [
          -0.043849,
          -0.914079,
          -0.40316,
          1.352793
        ],
        [
          0.0,
          0.0,
          0.0,
          1.0
        ]
      ]
    },
    {
      "file_path": "/media/NFS/ttao/scannet/posed_images/scene0254_01/00280.jpg",
      "transform_matrix": [
        [
          0.631508,
          -0.330378,
          0.701461,
          4.293898
        ],
        [
          -0.773943,
          -0.213734,
          0.596096,
          3.901428
        ],
        [
          -0.047011,
          -0.919331,
          -0.390668,
          1.354323
        ],
        [
          0.0,
          0.0,
          0.0,
          1.0
        ]
      ]
    },
    {
      "file_path": "/media/NFS/ttao/scannet/posed_images/scene0254_01/00288.jpg",
      "transform_matrix": [
        [
          0.725834,
          -0.231146,
          0.647871,
          4.244569
        ],
        [
          -0.687826,
          -0.25455,
          0.679779,
          3.740459
        ],
        [
          0.007788,
          -0.939029,
          -0.343749,
          1.343482
        ],
        [
          0.0,
          0.0,
          0.0,
          1.0
        ]
      ]
    },
    {
      "file_path": "/media/NFS/ttao/scannet/posed_images/scene0254_01/00292.jpg",
      "transform_matrix": [
        [
          0.772908,
          -0.184852,
          0.606995,
          4.229143
        ],
        [
          -0.63387,
          -0.268169,
          0.725461,
          3.656556
        ],
        [
          0.028675,
          -0.945471,
          -0.324442,
          1.344279
        ],
        [
          0.0,
          0.0,
          0.0,
          1.0
        ]
      ]
    },
    {
      "file_path": "/media/NFS/ttao/scannet/posed_images/scene0254_01/00293.jpg",
      "transform_matrix": [
        [
          0.782596,
          -0.182356,
          0.595223,
          4.229352
        ],
        [
          -0.621786,
          -0.275715,
          0.733051,
          3.639941
        ],
        [
          0.030435,
          -0.943784,
          -0.32916,
          1.345185
        ],
        [
          0.0,
          0.0,
          0.0,
          1.0
        ]
      ]
    },
    {
      "file_path": "/media/NFS/ttao/scannet/posed_images/scene0254_01/00300.jpg",
      "transform_matrix": [
        [
          0.851107,
          -0.173606,
          0.495457,
          4.261239
        ],
        [
          -0.524956,
          -0.270243,
          0.807087,
          3.520515
        ],
        [
          -0.006222,
          -0.947011,
          -0.321141,
          1.344187
        ],
        [
          0.0,
          0.0,
          0.0,
          1.0
        ]
      ]
    },
    {
      "file_path": "/media/NFS/ttao/scannet/posed_images/scene0254_01/00304.jpg",
      "transform_matrix": [
        [
          0.884307,
          -0.153929,
          0.440803,
          4.307949
        ],
        [
          -0.466663,
          -0.260898,
          0.845079,
          3.46107
        ],
        [
          -0.015077,
          -0.953015,
          -0.302547,
          1.336338
        ],
        [
          0.0,
          0.0,
          0.0,
          1.0
        ]
      ]
    },
    {
      "file_path": "/media/NFS/ttao/scannet/posed_images/scene0254_01/00307.jpg",
      "transform_matrix": [
        [
          0.902658,
          -0.120218,
          0.413226,
          4.349154
        ],
        [
          -0.430338,
          -0.261525,
          0.863953,
          3.422836
        ],
        [
          0.004206,
          -0.957681,
          -0.287803,
          1.324129
        ],
        [
          0.0,
          0.0,
          0.0,
          1.0
        ]
      ]
    },
    {
      "file_path": "/media/NFS/ttao/scannet/posed_images/scene0254_01/00313.jpg",
      "transform_matrix": [
        [
          0.915591,
          -0.078129,
          0.394447,
          4.412447
        ],
        [
          -0.398664,
          -0.304538,
          0.865057,
          3.363363
        ],
        [
          0.052538,
          -0.94929,
          -0.30998,
          1.324976
        ],
        [
          0.0,
          0.0,
          0.0,
          1.0
        ]
      ]
    },
    {
      "file_path": "/media/NFS/ttao/scannet/posed_images/scene0254_01/00314.jpg",
      "transform_matrix": [
        [
          0.91823,
          -0.075442,
          0.388795,
          4.419554
        ],
        [
          -0.392591,
          -0.302782,
          0.868444,
          3.353693
        ],
        [
          0.052203,
          -0.950069,
          -0.307642,
          1.324997
        ],
        [
          0.0,
          0.0,
          0.0,
          1.0
        ]
      ]
    },
    {
      "file_path": "/media/NFS/ttao/scannet/posed_images/scene0254_01/00320.jpg",
      "transform_matrix": [
        [
          0.93697,
          -0.061056,
          0.344033,
          4.45357
        ],
        [
          -0.34638,
          -0.291671,
          0.891599,
          3.295675
        ],
        [
          0.045907,
          -0.954568,
