{
  "frames": [
    {
      "file_path": "/media/NFS/ttao/scannet/posed_images/scene0244_00/00000.jpg",
      "transform_matrix": [
        [
          0.717216,
          -0.119441,
          0.686539,
          2.213826
        ],
        [
          -0.696482,
          -0.090813,
          0.711804,
          2.974027
        ],
        [
          -0.022672,
          -0.988679,
          -0.148321,
          1.561807
        ],
        [
          0.0,
          0.0,
          0.0,
          1.0
        ]
      ]
    },
    {
      "file_path": "/media/NFS/ttao/scannet/posed_images/scene0244_00/00002.jpg",
      "transform_matrix": [
        [
          0.709894,
          -0.125158,
          0.693099,
          2.215182
        ],
        [
          -0.704015,
          -0.097688,
          0.703435,
          2.98878
        ],
        [
          -0.020333,
          -0.987316,
          -0.157461,
          1.564608
        ],
        [
          0.0,
          0.0,
          0.0,
          1.0
        ]
      ]
    },
    {
      "file_path": "/media/NFS/ttao/scannet/posed_images/scene0244_00/00004.jpg",
      "transform_matrix": [
        [
          0.69964,
          -0.127649,
          0.703001,
          2.216097
        ],
        [
          -0.714285,
          -0.101045,
          0.692522,
          2.999011
        ],
        [
          -0.017365,
          -0.986659,
          -0.161873,
          1.567545
        ],
        [
          0.0,
          0.0,
          0.0,
          1.0
        ]
      ]
    },
    {
      "file_path": "/media/NFS/ttao/scannet/posed_images/scene0244_00/00007.jpg",
      "transform_matrix": [
        [
          0.676906,
          -0.119816,
          0.726252,
          2.215629
        ],
        [
          -0.736053,
          -0.103482,
          0.668968,
          3.025098
        ],
        [
          -0.005,
          -0.987388,
          -0.158238,
          1.564851
        ],
        [
          0.0,
          0.0,
          0.0,
          1.0
        ]
      ]
    },
    {
      "file_path": "/media/NFS/ttao/scannet/posed_images/scene0244_00/00009.jpg",
      "transform_matrix": [
        [
          0.665549,
          -0.114843,
          0.737465,
          2.210762
        ],
        [
          -0.746354,
          -0.102514,
          0.657607,
          3.049736
        ],
        [
          7.9e-05,
          -0.98808,
          -0.153941,
          1.565995
        ],
        [
          0.0,
          0.0,
          0.0,
          1.0
        ]
      ]
    },
    {
      "file_path": "/media/NFS/ttao/scannet/posed_images/scene0244_00/00011.jpg",
      "transform_matrix": [
        [
          0.65865,
          -0.111965,
          0.744073,
          2.203045
        ],
        [
          -0.75244,
          -0.103136,
          0.650536,
          3.069266
        ],
        [
          0.003904,
          -0.988346,
          -0.152178,
          1.567747
        ],
        [
          0.0,
          0.0,
          0.0,
          1.0
        ]
      ]
    },
    {
      "file_path": "/media/NFS/ttao/scannet/posed_images/scene0244_00/00014.jpg",
      "transform_matrix": [
        [
          0.642622,
          -0.116919,
          0.75721,
          2.189781
        ],
        [
          -0.766182,
          -0.096161,
          0.635388,
          3.115155
        ],
        [
          -0.001475,
          -0.988475,
          -0.151377,
          1.574111
        ],
        [
          0.0,
          0.0,
          0.0,
          1.0
        ]
      ]
    },
    {
      "file_path": "/media/NFS/ttao/scannet/posed_images/scene0244_00/00015.jpg",
      "transform_matrix": [
        [
          0.636637,
          -0.119067,
          0.761916,
          2.186943
        ],
        [
          -0.771159,
          -0.094916,
          0.629527,
          3.127694
        ],
        [
          -0.002638,
          -0.988339,
          -0.152246,
          1.574764
        ],
        [
          0.0,
          0.0,
          0.0,
          1.0
        ]
      ]
    },
    {
      "file_path": "/media/NFS/ttao/scannet/posed_images/scene0244_00/00017.jpg",
      "transform_matrix": [
        [
          0.612218,
          -0.121082,
          0.781363,
          2.176096
        ],
        [
          -0.79068,
          -0.089007,
          0.605725,
          3.166783
        ],
        [
          -0.003796,
          -0.988644,
          -0.150229,
          1.579196
        ],
        [
          0.0,
          0.0,
          0.0,
          1.0
        ]
      ]
    },
    {
      "file_path": "/media/NFS/ttao/scannet/posed_images/scene0244_00/00020.jpg",
      "transform_matrix": [
        [
          0.560386,
          -0.132031,
          0.81764,
          2.160952
        ],
        [
          -0.828177,
          -0.077985,
          0.555015,
          3.21749
        ],
        [
          -0.009516,
          -0.988173,
          -0.153047,
          1.577532
        ],
        [
          0.0,
          0.0,
          0.0,
          1.0
        ]
      ]
    },
    {
      "file_path": "/media/NFS/ttao/scannet/posed_images/scene0244_00/00021.jpg",
      "transform_matrix": [
        [
          0.544966,
          -0.137223,
          0.827153,
          2.158273
        ],
        [
          -0.838333,
          -0.072105,
          0.540369,
          3.228772
        ],
        [
          -0.014509,
          -0.987912,
          -0.154333,
          1.579272
        ],
        [
          0.0,
          0.0,
          0.0,
          1.0
        ]
      ]
    },
    {
      "file_path": "/media/NFS/ttao/scannet/posed_images/scene0244_00/00023.jpg",
      "transform_matrix": [
        [
          0.492628,
          -0.151022,
          0.857035,
          2.153373
        ],
        [
          -0.869908,
          -0.058261,
          0.489761,
          3.260986
        ],
        [
          -0.024033,
          -0.986812,
          -0.160076,
          1.583483
        ],
        [
          0.0,
          0.0,
          0.0,
          1.0
        ]
      ]
    },
    {
      "file_path": "/media/NFS/ttao/scannet/posed_images/scene0244_00/00027.jpg",
      "transform_matrix": [
        [
          0.422168,
          -0.195118,
          0.88527,
          2.153667
        ],
        [
          -0.9058,
          -0.051932,
          0.420512,
          3.304787
        ],
        [
          -0.036076,
          -0.979404,
          -0.198662,
          1.577509
        ],
        [
          0.0,
          0.0,
          0.0,
          1.0
        ]
      ]
    },
    {
      "file_path": "/media/NFS/ttao/scannet/posed_images/scene0244_00/00029.jpg",
      "transform_matrix": [
        [
          0.39625,
          -0.197112,
          0.896735,
          2.158018
        ],
        [
          -0.917625,
          -0.052223,
          0.394001,
          3.3194
        ],
        [
          -0.030832,
          -0.978989,
          -0.201568,
          1.576587
        ],
        [
          0.0,
          0.0,
          0.0,
          1.0
        ]
      ]
    },
    {
      "file_path": "/media/NFS/ttao/scannet/posed_images/scene0244_00/00030.jpg",
      "transform_matrix": [
        [
          0.383323,
          -0.191888,
          0.903462,
          2.152375
        ],
        [
          -0.923229,
          -0.051343,
          0.380805,
          3.324833
        ],
        [
          -0.026685,
          -0.980073,
          -0.196837,
          1.563645
        ],
        [
          0.0,
          0.0,
          0.0,
          1.0
        ]
      ]
    },
    {
      "file_path": "/media/NFS/ttao/scannet/posed_images/scene0244_00/00032.jpg",
      "transform_matrix": [
        [
          0.343898,
          -0.20507,
          0.916341,
          2.162732
        ],
        [
          -0.938985,
          -0.068474,
          0.337072,
          3.342717
        ],
        [
          -0.006378,
          -0.976349,
          -0.216105,
          1.557698
        ],
        [
          0.0,
          0.0,
          0.0,
          1.0
        ]
      ]
    },
    {
      "file_path": "/media/NFS/ttao/scannet/posed_images/scene0244_00/00035.jpg",
      "transform_matrix": [
        [
          0.280232,
          -0.234125,
          0.930943,
          2.189049
        ],
        [
          -0.959926,
          -0.072018,
          0.270844,
          3.365402
        ],
        [
          0.003633,
          -0.969535,
          -0.244925,
          1.544886
        ],
        [
          0.0,
          0.0,
          0.0,
          1.0
        ]
      ]
    },
    {
      "file_path": "/media/NFS/ttao/scannet/posed_images/scene0244_00/00037.jpg",
      "transform_matrix": [
        [
          0.257761,
          -0.248061,
          0.933823,
          2.202449
        ],
        [
          -0.966185,
          -0.059373,
          0.250923,
          3.370997
        ],
        [
          -0.0068,
          -0.966923,
          -0.254976,
          1.537992
        ],
        [
          0.0,
          0.0,
          0.0,
          1.0
        ]
      ]
    },
    {
      "file_path": "/media/NFS/ttao/scannet/posed_images/scene0244_00/00038.jpg",
      "transform_matrix": [
        [
          0.248128,
          -0.249701,
          0.935992,
          2.210476
        ],
        [
          -0.968669,
          -0.053368,
          0.242553,
          3.374036
        ],
        [
          -0.010613,
          -0.966851,
          -0.25512,
          1.535071
        ],
        [
          0.0,
          0.0,
          0.0,
          1.0
        ]
      ]
    },
    {
      "file_path": "/media/NFS/ttao/scannet/posed_images/scene0244_00/00041.jpg",
      "transform_matrix": [
        [
          0.212515,
          -0.231992,
          0.949219,
          2.238377
        ],
        [
          -0.977042,
          -0.035512,
          0.210065,
          3.386686
        ],
        [
          -0.015025,
          -0.972069,
          -0.234213,
          1.523742
        ],
        [
          0.0,
          0.0,
          0.0,
          1.0
        ]
      ]
    },
    {
      "file_path": "/media/NFS/ttao/scannet/posed_images/scene0244_00/00044.jpg",
      "transform_matrix": [
        [
          0.158729,
          -0.254059,
          0.954075,
          2.272297
        ],
        [
          -0.987296,
          -0.033847,
          0.155243,
          3.402105
        ],
        [
          -0.007148,
          -0.966596,
          -0.256204,
          1.525159
        ],
        [
          0.0,
          0.0,
          0.0,
          1.0
        ]
      ]
    },
    {
      "file_path": "/media/NFS/ttao/scannet/posed_images/scene0244_00/00045.jpg",
      "transform_matrix": [
        [
          0.14377,
          -0.2545,
          0.956326,
          2.279403
        ],
        [
          -0.989591,
          -0.030764,
          0.140584,
          3.404665
        ],
        [
          -0.006358,
          -0.966583,
          -0.256274,
          1.522972
        ],
        [
          0.0,
          0.0,
          0.0,
          1.0
        ]
      ]
    },
    {
      "file_path": "/media/NFS/ttao/scannet/posed_images/scene0244_00/00048.jpg",
      "transform_matrix": [
        [
          0.075027,
          -0.26617,
          0.961002,
          2.308877
        ],
        [
          -0.997034,
          -0.003473,
          0.076879,
          3.409964
        ],
        [
          -0.017125,
          -0.96392,
          -0.265641,
          1.523018
        ],
        [
          0.0,
          0.0,
          0.0,
          1.0
        ]
      ]
    },
    {
      "file_path": "/media/NFS/ttao/scannet/posed_images/scene0244_00/00049.jpg",
      "transform_matrix": [
        [
          0.056164,
          -0.269663,
          0.961315,
          2.318107
        ],
        [
          -0.998261,
          0.00207,
          0.058903,
          3.415514
        ],
        [
          -0.017874,
          -0.962952,
          -0.269078,
          1.52569
        ],
        [
          0.0,
          0.0,
          0.0,
          1.0
        ]
      ]
    },
    {
      "file_path": "/media/NFS/ttao/scannet/posed_images/scene0244_00/00051.jpg",
      "transform_matrix": [
        [
          0.018151,
          -0.280169,
          0.959779,
          2.353319
        ],
        [
          -0.999467,
          0.020959,
          0.02502,
          3.39717
        ],
        [
          -0.027126,
          -0.959722,
          -0.27964,
          1.521642
        ],
        [
          0.0,
          0.0,
          0.0,
          1.0
        ]
      ]
    },
    {
      "file_path": "/media/NFS/ttao/scannet/posed_images/scene0244_00/00055.jpg",
      "transform_matrix": [
        [
          -0.03897,
          -0.271743,
          0.96158,
          2.381086
        ],
        [
          -0.998944,
          0.03402,
          -0.03087,
          3.43048
        ],
        [
          -0.024324,
          -0.961768,
          -0.272782,
          1.512337
        ],
        [
          0.0,
          0.0,
          0.0,
          1.0
        ]
      ]
    },
    {
      "file_path": "/media/NFS/ttao/scannet/posed_images/scene0244_00/00056.jpg",
      "transform_matrix": [
        [
          -0.052351,
          -0.272738,
          0.960663,
          2.389315
        ],
        [
          -0.998353,
          0.036912,
          -0.043925,
          3.435918
        ],
        [
          -0.02348,
          -0.96138,
          -0.274221,
          1.514424
        ],
        [
          0.0,
          0.0,
          0.0,
          1.0
        ]
      ]
    },
    {
      "file_path": "/media/NFS/ttao/scannet/posed_images/scene0244_00/00059.jpg",
      "transform_matrix": [
        [
          -0.132353,
          -0.262937,
          0.955692,
          2.420597
        ],
        [
          -0.99084,
          0.061153,
          -0.120396,
          3.476003
        ],
        [
          -0.026787,
          -0.962873,
          -0.268622,
          1.522705
        ],
        [
          0.0,
          0.0,
          0.0,
          1.0
        ]
      ]
    },
    {
      "file_path": "/media/NFS/ttao/scannet/posed_images/scene0244_00/00060.jpg",
      "transform_matrix": [
        [
          -0.110655,
          -0.268879,
          0.956796,
          2.437241
        ],
        [
          -0.99338,
          0.059804,
          -0.09808,
          3.380448
        ],
        [
          -0.030848,
          -0.961315,
          -0.273717,
          1.534106
        ],
        [
          0.0,
          0.0,
          0.0,
          1.0
        ]
      ]
    },
    {
      "file_path": "/media/NFS/ttao/scannet/posed_images/scene0244_00/00063.jpg",
      "transform_matrix": [
        [
          -0.183714,
          -0.255818,
          0.949108,
          2.454774
        ],
        [
          -0.98202,
          0.090427,
          -0.165712,
          3.404441
        ],
        [
          -0.043433,
          -0.962487,
          -0.267831,
          1.52704
        ],
        [
          0.0,
          0.0,
          0.0,
          1.0
        ]
      ]
    },
    {
      "file_path": "/media/NFS/ttao/scannet/posed_images/scene0244_00/00065.jpg",
      "transform_matrix": [
        [
          -0.246121,
          -0.237879,
          0.939595,
          2.472148
        ],
        [
          -0.967683,
          0.115219,
          -0.224308,
          3.435241
        ],
        [
          -0.054901,
          -0.964437,
          -0.258549,
          1.526502
        ],
        [
          0.0,
          0.0,
          0.0,
          1.0
        ]
      ]
    },
    {
      "file_path": "/media/NFS/ttao/scannet/posed_images/scene0244_00/00068.jpg",
      "transform_matrix": [
        [
          -0.301792,
          -0.230961,
          0.924975,
          2.488238
        ],
        [
          -0.951513,
          0.133557,
          -0.277102,
          3.459401
        ],
        [
          -0.059537,
          -0.963753,
          -0.260069,
          1.525321
        ],
        [
          0.0,
          0.0,
          0.0,
          1.0
        ]
      ]
    },
    {
      "file_path": "/media/NFS/ttao/scannet/posed_images/scene0244_00/00069.jpg",
      "transform_matrix": [
        [
          -0.316915,
          -0.227512,
          0.920762,
          2.492145
        ],
        [
          -0.946486,
          0.138368,
          -0.29158,
          3.468385
        ],
        [
          -0.061066,
          -0.963895,
          -0.259188,
          1.52606
        ],
        [
          0.0,
          0.0,
          0.0,
          1.0
        ]
      ]
    },
    {
      "file_path": "/media/NFS/ttao/scannet/posed_images/scene0244_00/00071.jpg",
      "transform_matrix": [
        [
          -0.33849,
          -0.206562,
          0.918018,
          2.498162
        ],
        [
          -0.938492,
          0.144868,
          -0.313443,
          3.435433
        ],
        [
          -0.068246,
          -0.967649,
          -0.242893,
          1.508176
        ],
        [
          0.0,
          0.0,
          0.0,
          1.0
        ]
      ]
    },
    {
      "file_path": "/media/NFS/ttao/scannet/posed_images/scene0244_00/00074.jpg",
      "transform_matrix": [
        [
          -0.374856,
          -0.207618,
          0.903536,
          2.511781
        ],
        [
          -0.924586,
          0.155201,
          -0.347927,
          3.449964
        ],
        [
          -0.067993,
          -0.96582,
          -0.250139,
          1.508884
        ],
        [
          0.0,
          0.0,
          0.0,
          1.0
        ]
      ]
    },
    {
      "file_path": "/media/NFS/ttao/scannet/posed_images/scene0244_00/00076.jpg",
      "transform_matrix": [
        [
          -0.407485,
          -0.209408,
          0.888878,
          2.528034
        ],
        [
          -0.910917,
          0.162174,
          -0.379382,
          3.447867
        ],
        [
          -0.064707,
          -0.964286,
          -0.256837,
          1.511779
        ],
        [
          0.0,
          0.0,
          0.0,
          1.0
        ]
      ]
    },
    {
      "file_path": "/media/NFS/ttao/scannet/posed_images/scene0244_00/00077.jpg",
      "transform_matrix": [
        [
          -0.420218,
          -0.208042,
          0.883253,
          2.537132
        ],
        [
          -0.90523,
          0.163747,
          -0.392105,
          3.451306
        ],
        [
          -0.063055,
          -0.964316,
          -0.257135,
          1.51057
        ],
        [
          0.0,
          0.0,
          0.0,
          1.0
        ]
      ]
    },
    {
      "file_path": "/media/NFS/ttao/scannet/posed_images/scene0244_00/00081.jpg",
      "transform_matrix": [
        [
          -0.452939,
          -0.178436,
          0.873503,
          2.549996
        ],
        [
          -0.888601,
          0.169868,
          -0.426068,
          3.435115
        ],
        [
          -0.072355,
          -0.969178,
          -0.235498,
          1.488991
        ],
        [
          0.0,
          0.0,
          0.0,
          1.0
        ]
      ]
    },
    {
      "file_path": "/media/NFS/ttao/scannet/posed_images/scene0244_00/00082.jpg",
      "transform_matrix": [
        [
          -0.461464,
          -0.177885,
          0.869142,
          2.556133
        ],
        [
          -0.884118,
          0.173257,
          -0.433955,
          3.429899
        ],
        [
          -0.073391,
          -0.968679,
          -0.237223,
          1.493225
        ],
        [
          0.0,
          0.0,
          0.0,
          1.0
        ]
      ]
    },
    {
      "file_path": "/media/NFS/ttao/scannet/posed_images/scene0244_00/00084.jpg",
      "transform_matrix": [
        [
          -0.479389,
          -0.171722,
          0.860638,
          2.571341
        ],
        [
          -0.874189,
          0.179843,
          -0.451053,
          3.425323
        ],
        [
          -0.077324,
          -0.968591,
          -0.236333,
          1.489762
        ],
        [
          0.0,
          0.0,
          0.0,
          1.0
        ]
      ]
    },
    {
      "file_path": "/media/NFS/ttao/scannet/posed_images/scene0244_00/00086.jpg",
      "transform_matrix": [
        [
          -0.498287,
          -0.165015,
          0.851164,
          2.588946
        ],
        [
          -0.862958,
          0.189224,
          -0.468507,
          3.404411
        ],
        [
          -0.083749,
          -0.967969,
          -0.236689,
          1.492943
        ],
        [
          0.0,
          0.0,
          0.0,
          1.0
        ]
      ]
    },
    {
      "file_path": "/media/NFS/ttao/scannet/posed_images/scene0244_00/00089.jpg",
      "transform_matrix": [
        [
          -0.51704,
          -0.149354,
          0.84283,
          2.605397
        ],
        [
          -0.85217,
          0.182384,
          -0.49045,
          3.396585
        ],
        [
          -0.080468,
          -0.971818,
          -0.221574,
          1.49419
        ],
        [
          0.0,
          0.0,
          0.0,
          1.0
        ]
      ]
    },
    {
      "file_path": "/media/NFS/ttao/scannet/posed_images/scene0244_00/00090.jpg",
      "transform_matrix": [
        [
          -0.513957,
          -0.149861,
          0.844624,
          2.596211
        ],
        [
          -0.854338,
          0.177999,
          -0.488286,
          3.369269
        ],
        [
          -0.077167,
          -0.972552,
          -0.219516,
          1.484502
        ],
        [
          0.0,
          0.0,
          0.0,
          1.0
        ]
      ]
    },
    {
      "file_path": "/media/NFS/ttao/scannet/posed_images/scene0244_00/00093.jpg",
      "transform_matrix": [
        [
          -0.547474,
          -0.152817,
          0.822751,
          2.616109
        ],
        [
          -0.834234,
          0.176945,
          -0.52225,
          3.347202
        ],
        [
          -0.065774,
          -0.972285,
          -0.224358,
          1.4815
        ],
        [
          0.0,
          0.0,
          0.0,
          1.0
        ]
      ]
    },
    {
      "file_path": "/media/NFS/ttao/scannet/posed_images/scene0244_00/00096.jpg",
      "transform_matrix": [
        [
          -0.572202,
          -0.156947,
          0.804955,
          2.630505
        ],
        [
          -0.817587,
          0.186138,
          -0.544889,
          3.337197
        ],
        [
          -0.064314,
          -0.969907,
          -0.234827,
          1.483602
        ],
        [
          0.0,
          0.0,
          0.0,
          1.0
        ]
      ]
    },
    {
      "file_path": "/media/NFS/ttao/scannet/posed_images/scene0244_00/00098.jpg",
      "transform_matrix": [
        [
          -0.584399,
          -0.154209,
          0.796679,
          2.633963
        ],
        [
          -0.808658,
          0.192291,
          -0.555965,
          3.332256
        ],
        [
          -0.06746,
          -0.969146,
          -0.237077,
          1.48502
        ],
        [
          0.0,
          0.0,
          0.0,
          1.0
        ]
      ]
    },
    {
      "file_path": "/media/NFS/ttao/scannet/posed_images/scene0244_00/00100.jpg",
      "transform_matrix": [
        [
          -0.592862,
          -0.151679,
          0.790891,
          2.621915
        ],
        [
          -0.802974,
          0.185997,
          -0.566249,
          3.324283
        ],
        [
          -0.061215,
          -0.970772,
          -0.232064,
          1.470783
        ],
        [
          0.0,
          0.0,
          0.0,
          1.0
        ]
      ]
    },
    {
      "file_path": "/media/NFS/ttao/scannet/posed_images/scene0244_00/00101.jpg",
      "transform_matrix": [
        [
          -0.614143,
          -0.15312,
          0.774198,
          2.635474
        ],
        [
          -0.787169,
          0.189093,
          -0.587034,
          3.337018
        ],
        [
          -0.056509,
          -0.969947,
          -0.236661,
          1.474679
        ],
        [
          0.0,
          0.0,
          0.0,
          1.0
        ]
      ]
    },
    {
      "file_path": "/media/NFS/ttao/scannet/posed_images/scene0244_00/00103.jpg",
      "transform_matrix": [
        [
          -0.633531,
          -0.153477,
          0.758342,
          2.646927
        ],
        [
          -0.771728,
          0.195575,
          -0.605133,
          3.339936
        ],
        [
          -0.055439,
          -0.968605,
          -0.242345,
          1.474515
        ],
        [
          0.0,
          0.0,
          0.0,
          1.0
        ]
      ]
    },
    {
      "file_path": "/media/NFS/ttao/scannet/posed_images/scene0244_00/00107.jpg",
      "transform_matrix": [
        [
          -0.684905,
          -0.151588,
          0.712689,
          2.679703
        ],
        [
          -0.726767,
          0.212052,
          -0.653332,
          3.346922
        ],
        [
          -0.05209,
          -0.96543,
          -0.255405,
          1.48001
        ],
        [
          0.0,
          0.0,
          0.0,
          1.0
        ]
      ]
    },
    {
      "file_path": "/media/NFS/ttao/scannet/posed_images/scene0244_00/00108.jpg",
      "transform_matrix": [
        [
          -0.695704,
          -0.150337,
          0.70242,
          2.694248
        ],
        [
          -0.716434,
          0.216186,
          -0.663314,
          3.357402
        ],
        [
          -0.052133,
          -0.964708,
          -0.258108,
          1.483403
        ],
        [
          0.0,
          0.0,
          0.0,
          1.0
        ]
      ]
    },
    {
      "file_path": "/media/NFS/ttao/scannet/posed_images/scene0244_00/00111.jpg",
      "transform_matrix": [
        [
          -0.703228,
          -0.154014,
          0.694083,
          2.694348
        ],
        [
          -0.709473,
          0.215228,
          -0.671063,
          3.347429
        ],
        [
          -0.046033,
          -0.964343,
          -0.260623,
          1.466965
        ],
        [
          0.0,
          0.0,
          0.0,
          1.0
        ]
      ]
    },
    {
      "file_path": "/media/NFS/ttao/scannet/posed_images/scene0244_00/00113.jpg",
      "transform_matrix": [
        [
          -0.7138,
          -0.152771,
          0.683485,
          2.71957
        ],
        [
          -0.698971,
          0.216603,
          -0.681559,
          3.349674
        ],
        [
          -0.043923,
          -0.964233,
          -0.261393,
          1.461014
        ],
        [
          0.0,
          0.0,
          0.0,
          1.0
        ]
      ]
    },
    {
      "file_path": "/media/NFS/ttao/scannet/posed_images/scene0244_00/00115.jpg",
      "transform_matrix": [
        [
          -0.725892,
          -0.150406,
          0.671162,
          2.746707
        ],
        [
          -0.686432,
          0.220122,
          -0.693079,
          3.363261
        ],
        [
          -0.043494,
          -0.963807,
          -0.263029,
          1.462941
        ],
        [
          0.0,
          0.0,
          0.0,
          1.0
        ]
      ]
    },
    {
      "file_path": "/media/NFS/ttao/scannet/posed_images/scene0244_00/00116.jpg",
      "transform_matrix": [
        [
          -0.732156,
          -0.148671,
          0.664715,
          2.762066
        ],
        [
          -0.679682,
          0.223243,
          -0.69871,
          3.367292
        ],
        [
          -0.044515,
          -0.963359,
          -0.264497,
          1.464997
        ],
        [
          0.0,
          0.0,
          0.0,
          1.0
        ]
      ]
    },
    {
      "file_path": "/media/NFS/ttao/scannet/posed_images/scene0244_00/00118.jpg",
      "transform_matrix": [
        [
          -0.743882,
          -0.138971,
          0.653703,
          2.79344
        ],
        [
          -0.666391,
          0.228333,
          -0.709779,
          3.377757
        ],
        [
          -0.050623,
          -0.963613,
          -0.262462,
          1.461675
        ],
        [
          0.0,
          0.0,
          0.0,
          1.0
        ]
      ]
    },
    {
      "file_path": "/media/NFS/ttao/scannet/posed_images/scene0244_00/00122.jpg",
      "transform_matrix": [
        [
          -0.757361,
          -0.118057,
          0.642236,
          2.854495
        ],
        [
          -0.647664,
          0.261246,
          -0.715739,
          3.377188
        ],
        [
          -0.083284,
          -0.958026,
          -0.274319,
          1.482251
        ],
        [
          0.0,
          0.0,
          0.0,
          1.0
        ]
      ]
    },
    {
      "file_path": "/media/NFS/ttao/scannet/posed_images/scene0244_00/00124.jpg",
      "transform_matrix": [
        [
          -0.769209,
          -0.101786,
          0.630838,
          2.902214
        ],
        [
          -0.631519,
          0.271686,
          -0.726203,
          3.393987
        ],
        [
          -0.097472,
          -0.956988,
          -0.273263,
          1.489749
        ],
        [
          0.0,
          0.0,
          0.0,
          1.0
        ]
      ]
    },
    {
      "file_path": "/media/NFS/ttao/scannet/posed_images/scene0244_00/00126.jpg",
      "transform_matrix": [
        [
          -0.775615,
          -0.095991,
          0.623865,
          2.932557
        ],
        [
          -0.622779,
          0.277343,
          -0.731592,
          3.406535
        ],
        [
          -0.102799,
          -0.955964,
          -0.274893,
          1.479233
        ],
        [
          0.0,
          0.0,
          0.0,
          1.0
        ]
      ]
    },
    {
      "file_path": "/media/NFS/ttao/scannet/posed_images/scene0244_00/00127.jpg",
      "transform_matrix": [
        [
          -0.777341,
          -0.094632,
          0.621921,
          2.9458
        ],
        [
          -0.620134,
          0.281404,
          -0.732288,
          3.407883
        ],
        [
          -0.105713,
          -0.954912,
          -0.277431,
          1.482915
        ],
        [
          0.0,
          0.0,
          0.0,
          1.0
        ]
      ]
    },
    {
      "file_path": "/media/NFS/ttao/scannet/posed_images/scene0244_00/00129.jpg",
      "transform_matrix": [
        [
          -0.778017,
          -0.09265,
          0.621374,
          2.988004
        ],
        [
          -0.617602,
          0.294066,
          -0.729447,
          3.418489
        ],
        [
          -0.115141,
          -0.951284,
          -0.286009,
          1.473321
        ],
        [
          0.0,
          0.0,
          0.0,
          1.0
        ]
      ]
    },
    {
      "file_path": "/media/NFS/ttao/scannet/posed_images/scene0244_00/00132.jpg",
      "transform_matrix": [
        [
          -0.767375,
          -0.106442,
          0.632302,
          3.020916
        ],
        [
          -0.631187,
          0.298978,
          -0.715692,
          3.405353
        ],
        [
          -0.112864,
          -0.948305,
          -0.296613,
          1.472131
        ],
        [
          0.0,
          0.0,
          0.0,
          1.0
        ]
      ]
    },
    {
      "file_path": "/media/NFS/ttao/scannet/posed_images/scene0244_00/00134.jpg",
      "transform_matrix": [
        [
          -0.768795,
          -0.114084,
          0.629237,
          3.043809
        ],
        [
          -0.630513,
          0.299557,
          -0.716044,
          3.401304
        ],
        [
          -0.106804,
          -0.947233,
          -0.30223,
          1.469154
        ],
        [
          0.0,
          0.0,
          0.0,
          1.0
        ]
      ]
    },
    {
      "file_path": "/media/NFS/ttao/scannet/posed_images/scene0244_00/00137.jpg",
      "transform_matrix": [
        [
          -0.777807,
          -0.114545,
          0.617977,
          3.095009
        ],
        [
          -0.620854,
          0.292971,
          -0.727124,
          3.409961
        ],
        [
          -0.09776,
          -0.949235,
          -0.298991,
          1.467942
        ],
        [
          0.0,
          0.0,
          0.0,
          1.0
        ]
      ]
    },
    {
      "file_path": "/media/NFS/ttao/scannet/posed_images/scene0244_00/00138.jpg",
      "transform_matrix": [
        [
          -0.781468,
          -0.113459,
          0.613543,
          3.12001
        ],
        [
          -0.616545,
          0.29142,
          -0.731401,
          3.400468
        ],
        [
          -0.095815,
          -0.949843,
          -0.297688,
          1.466222
        ],
        [
          0.0,
          0.0,
          0.0,
          1.0
        ]
      ]
    },
    {
      "file_path": "/media/NFS/ttao/scannet/posed_images/scene0244_00/00140.jpg",
      "transform_matrix": [
        [
          -0.790772,
          -0.118886,
          0.600454,
          3.153488
        ],
        [
          -0.606129,
          0.288893,
          -0.741046,
          3.399279
        ],
        [
          -0.085367,
          -0.949951,
          -0.300509,
          1.471756
        ],
        [
          0.0,
          0.0,
          0.0,
          1.0
        ]
      ]
    },
    {
      "file_path": "/media/NFS/ttao/scannet/posed_images/scene0244_00/00143.jpg",
      "transform_matrix": [
        [
          -0.809205,
          -0.118746,
          0.575401,
          3.199033
        ],
        [
          -0.583482,
          0.277128,
          -0.76338,
          3.395055
        ],
        [
          -0.068811,
          -0.953467,
          -0.29354,
          1.476564
        ],
        [
          0.0,
          0.0,
          0.0,
          1.0
        ]
      ]
    },
    {
      "file_path": "/media/NFS/ttao/scannet/posed_images/scene0244_00/00144.jpg",
      "transform_matrix": [
        [
          -0.812896,
          -0.119329,
          0.570054,
          3.210955
        ],
        [
          -0.578701,
          0.275774,
          -0.767499,
          3.395889
        ],
        [
          -0.065621,
          -0.953787,
          -0.293231,
          1.482884
        ],
        [
          0.0,
          0.0,
          0.0,
          1.0
        ]
      ]
    },
    {
      "file_path": "/media/NFS/ttao/scannet/posed_images/scene0244_00/00146.jpg",
      "transform_matrix": [
        [
          -0.82082,
          -0.118999,
          0.558653,
          3.228955
        ],
        [
          -0.568,
          0.273215,
          -0.776356,
          3.391962
        ],
        [
          -0.060246,
          -0.954564,
          -0.291852,
          1.481512
        ],
        [
          0.0,
          0.0,
          0.0,
          1.0
        ]
      ]
    },
    {
      "file_path": "/media/NFS/ttao/scannet/posed_images/scene0244_00/00149.jpg",
      "transform_matrix": [
        [
          -0.843985,
          -0.129653,
          0.52046,
          3.278177
        ],
        [
          -0.533399,
          0.304809,
          -0.789036,
          3.396204
        ],
        [
          -0.05634,
          -0.943548,
          -0.326411,
          1.492349
        ],
        [
          0.0,
          0.0,
          0.0,
          1.0
        ]
      ]
    },
    {
      "file_path": "/media/NFS/ttao/scannet/posed_images/scene0244_00/00151.jpg",
      "transform_matrix": [
        [
          -0.853618,
          -0.121851,
          0.506447,
          3.279812
        ],
        [
          -0.517683,
          0.306339,
          -0.79885,
          3.391593
        ],
        [
          -0.057804,
          -0.944091,
          -0.324577,
          1.483674
        ],
        [
          0.0,
          0.0,
          0.0,
          1.0
        ]
      ]
    },
    {
      "file_path": "/media/NFS/ttao/scannet/posed_images/scene0244_00/00154.jpg",
      "transform_matrix": [
        [
          -0.88388,
          -0.105088,
          0.455755,
          3.321578
        ],
        [
          -0.463834,
          0.322196,
          -0.825256,
          3.4058
        ],
        [
          -0.060118,
          -0.940822,
          -0.333526,
          1.486177
        ],
        [
          0.0,
          0.0,
          0.0,
          1.0
        ]
      ]
    },
    {
      "file_path": "/media/NFS/ttao/scannet/posed_images/scene0244_00/00155.jpg",
      "transform_matrix": [
        [
          -0.890787,
          -0.098989,
          0.443509,
          3.330443
        ],
        [
          -0.450363,
          0.322471,
          -0.832578,
          3.411407
        ],
        [
          -0.060603,
          -0.941389,
          -0.331834,
          1.485415
        ],
        [
          0.0,
          0.0,
          0.0,
          1.0
        ]
      ]
    },
    {
      "file_path": "/media/NFS/ttao/scannet/posed_images/scene0244_00/00157.jpg",
      "transform_matrix": [
        [
          -0.905983,
          -0.094196,
          0.4127,
          3.356241
        ],
        [
          -0.419637,
          0.328057,
          -0.846335,
          3.424727
        ],
        [
          -0.055668,
          -0.93995,
          -0.336743,
          1.492627
        ],
        [
          0.0,
          0.0,
          0.0,
          1.0
        ]
      ]
    },
    {
      "file_path": "/media/NFS/ttao/scannet/posed_images/scene0244_00/00161.jpg",
      "transform_matrix": [
        [
          -0.931729,
          -0.050177,
          0.359671,
          3.389106
        ],
        [
          -0.353814,
          0.348602,
          -0.867924,
          3.452062
        ],
        [
          -0.081832,
          -0.935927,
          -0.342556,
          1.48956
        ],
        [
          0.0,
          0.0,
          0.0,
          1.0
        ]
      ]
    },
    {
      "file_path": "/media/NFS/ttao/scannet/posed_images/scene0244_00/00163.jpg",
      "transform_matrix": [
        [
          -0.941807,
          -0.025658,
          0.335174,
          3.41445
        ],
        [
          -0.32087,
          0.36585,
          -0.873611,
          3.471198
        ],
        [
          -0.100208,
          -0.93032,
          -0.352793,
          1.496186
        ],
        [
          0.0,
          0.0,
          0.0,
          1.0
        ]
      ]
    },
    {
      "file_path": "/media/NFS/ttao/scannet/posed_images/scene0244_00/00164.jpg",
      "transform_matrix": [
        [
          -0.945684,
          -0.012628,
          0.32484,
          3.426729
        ],
        [
          -0.306318,
          0.36922,
          -0.877409,
          3.482307
        ],
        [
          -0.108858,
          -0.929256,
          -0.353034,
          1.49923
        ],
        [
          0.0,
          0.0,
          0.0,
          1.0
        ]
      ]
    },
    {
      "file_path": "/media/NFS/ttao/scannet/posed_images/scene0244_00/00167.jpg",
      "transform_matrix": [
        [
          -0.958655,
          0.015499,
          0.28415,
          3.463901
        ],
        [
          -0.256979,
          0.381779,
          -0.88781,
          3.522223
