{
  "frames": [
    {
      "file_path": "/media/NFS/ttao/scannet/posed_images/scene0583_01/00000.jpg",
      "transform_matrix": [
        [
          -0.102741,
          0.621577,
          -0.776587,
          3.415158
        ],
        [
          0.994563,
          0.077521,
          -0.069532,
          1.676734
        ],
        [
          0.016982,
          -0.779508,
          -0.626162,
          1.394138
        ],
        [
          0.0,
          0.0,
          0.0,
          1.0
        ]
      ]
    },
    {
      "file_path": "/media/NFS/ttao/scannet/posed_images/scene0583_01/00005.jpg",
      "transform_matrix": [
        [
          -0.092482,
          0.630399,
          -0.770743,
          3.420586
        ],
        [
          0.995553,
          0.072493,
          -0.060164,
          1.678239
        ],
        [
          0.017946,
          -0.772879,
          -0.634299,
          1.383056
        ],
        [
          0.0,
          0.0,
          0.0,
          1.0
        ]
      ]
    },
    {
      "file_path": "/media/NFS/ttao/scannet/posed_images/scene0583_01/00009.jpg",
      "transform_matrix": [
        [
          -0.090635,
          0.643533,
          -0.760034,
          3.421886
        ],
        [
          0.9957,
          0.073254,
          -0.056713,
          1.677223
        ],
        [
          0.019179,
          -0.761905,
          -0.647405,
          1.376591
        ],
        [
          0.0,
          0.0,
          0.0,
          1.0
        ]
      ]
    },
    {
      "file_path": "/media/NFS/ttao/scannet/posed_images/scene0583_01/00014.jpg",
      "transform_matrix": [
        [
          -0.089476,
          0.669574,
          -0.737337,
          3.421872
        ],
        [
          0.995988,
          0.061185,
          -0.065301,
          1.679428
        ],
        [
          0.00139,
          -0.740221,
          -0.672362,
          1.36962
        ],
        [
          0.0,
          0.0,
          0.0,
          1.0
        ]
      ]
    },
    {
      "file_path": "/media/NFS/ttao/scannet/posed_images/scene0583_01/00022.jpg",
      "transform_matrix": [
        [
          -0.096404,
          0.698725,
          -0.708865,
          3.430286
        ],
        [
          0.995316,
          0.072872,
          -0.063531,
          1.671298
        ],
        [
          0.007265,
          -0.711669,
          -0.702477,
          1.356633
        ],
        [
          0.0,
          0.0,
          0.0,
          1.0
        ]
      ]
    },
    {
      "file_path": "/media/NFS/ttao/scannet/posed_images/scene0583_01/00025.jpg",
      "transform_matrix": [
        [
          -0.098618,
          0.704567,
          -0.702751,
          3.434909
        ],
        [
          0.995108,
          0.073938,
          -0.065516,
          1.665191
        ],
        [
          0.0058,
          -0.705775,
          -0.708413,
          1.352604
        ],
        [
          0.0,
          0.0,
          0.0,
          1.0
        ]
      ]
    },
    {
      "file_path": "/media/NFS/ttao/scannet/posed_images/scene0583_01/00033.jpg",
      "transform_matrix": [
        [
          -0.1083,
          0.722712,
          -0.682611,
          3.445989
        ],
        [
          0.994106,
          0.0753,
          -0.077996,
          1.655356
        ],
        [
          -0.004968,
          -0.687035,
          -0.726607,
          1.344423
        ],
        [
          0.0,
          0.0,
          0.0,
          1.0
        ]
      ]
    },
    {
      "file_path": "/media/NFS/ttao/scannet/posed_images/scene0583_01/00036.jpg",
      "transform_matrix": [
        [
          -0.112007,
          0.725209,
          -0.679357,
          3.451794
        ],
        [
          0.993707,
          0.080971,
          -0.077398,
          1.649757
        ],
        [
          -0.001121,
          -0.683751,
          -0.729715,
          1.339066
        ],
        [
          0.0,
          0.0,
          0.0,
          1.0
        ]
      ]
    },
    {
      "file_path": "/media/NFS/ttao/scannet/posed_images/scene0583_01/00044.jpg",
      "transform_matrix": [
        [
          -0.131439,
          0.701353,
          -0.700591,
          3.453382
        ],
        [
          0.991264,
          0.085164,
          -0.100717,
          1.637007
        ],
        [
          -0.010973,
          -0.707709,
          -0.706419,
          1.357821
        ],
        [
          0.0,
          0.0,
          0.0,
          1.0
        ]
      ]
    },
    {
      "file_path": "/media/NFS/ttao/scannet/posed_images/scene0583_01/00050.jpg",
      "transform_matrix": [
        [
          -0.12557,
          0.642054,
          -0.756306,
          3.452377
        ],
        [
          0.992042,
          0.07421,
          -0.101709,
          1.635983
        ],
        [
          -0.009177,
          -0.763059,
          -0.646263,
          1.388526
        ],
        [
          0.0,
          0.0,
          0.0,
          1.0
        ]
      ]
    },
    {
      "file_path": "/media/NFS/ttao/scannet/posed_images/scene0583_01/00053.jpg",
      "transform_matrix": [
        [
          -0.116599,
          0.611483,
          -0.78262,
          3.448424
        ],
        [
          0.993152,
          0.065996,
          -0.096401,
          1.638045
        ],
        [
          -0.007298,
          -0.788501,
          -0.614991,
          1.409307
        ],
        [
          0.0,
          0.0,
          0.0,
          1.0
        ]
      ]
    },
    {
      "file_path": "/media/NFS/ttao/scannet/posed_images/scene0583_01/00060.jpg",
      "transform_matrix": [
        [
          -0.091767,
          0.521025,
          -0.848594,
          3.451709
        ],
        [
          0.995741,
          0.055611,
          -0.073535,
          1.637882
        ],
        [
          0.008877,
          -0.851728,
          -0.523909,
          1.442341
        ],
        [
          0.0,
          0.0,
          0.0,
          1.0
        ]
      ]
    },
    {
      "file_path": "/media/NFS/ttao/scannet/posed_images/scene0583_01/00066.jpg",
      "transform_matrix": [
        [
          -0.072238,
          0.452734,
          -0.888714,
          3.458285
        ],
        [
          0.996999,
          0.057643,
          -0.051674,
          1.63844
        ],
        [
          0.027834,
          -0.88978,
          -0.45554,
          1.465621
        ],
        [
          0.0,
          0.0,
          0.0,
          1.0
        ]
      ]
    },
    {
      "file_path": "/media/NFS/ttao/scannet/posed_images/scene0583_01/00071.jpg",
      "transform_matrix": [
        [
          -0.056925,
          0.41348,
          -0.908732,
          3.459315
        ],
        [
          0.997856,
          0.053008,
          -0.038388,
          1.64703
        ],
        [
          0.032297,
          -0.908969,
          -0.415611,
          1.485321
        ],
        [
          0.0,
          0.0,
          0.0,
          1.0
        ]
      ]
    },
    {
      "file_path": "/media/NFS/ttao/scannet/posed_images/scene0583_01/00075.jpg",
      "transform_matrix": [
        [
          -0.04163,
          0.384268,
          -0.922282,
          3.461839
        ],
        [
          0.998329,
          0.053022,
          -0.022971,
          1.651214
        ],
        [
          0.040074,
          -0.921698,
          -0.385834,
          1.495715
        ],
        [
          0.0,
          0.0,
          0.0,
          1.0
        ]
      ]
    },
    {
      "file_path": "/media/NFS/ttao/scannet/posed_images/scene0583_01/00082.jpg",
      "transform_matrix": [
        [
          -0.02651,
          0.328435,
          -0.944154,
          3.460039
        ],
        [
          0.998737,
          0.049027,
          -0.010987,
          1.664774
        ],
        [
          0.042681,
          -0.943253,
          -0.32932,
          1.535712
        ],
        [
          0.0,
          0.0,
          0.0,
          1.0
        ]
      ]
    },
    {
      "file_path": "/media/NFS/ttao/scannet/posed_images/scene0583_01/00086.jpg",
      "transform_matrix": [
        [
          -0.009937,
          0.282769,
          -0.959136,
          3.465146
        ],
        [
          0.999077,
          0.042886,
          0.002293,
          1.667649
        ],
        [
          0.041782,
          -0.958229,
          -0.282935,
          1.548421
        ],
        [
          0.0,
          0.0,
          0.0,
          1.0
        ]
      ]
    },
    {
      "file_path": "/media/NFS/ttao/scannet/posed_images/scene0583_01/00091.jpg",
      "transform_matrix": [
        [
          -0.001563,
          0.235582,
          -0.971853,
          3.472391
        ],
        [
          0.998852,
          0.046895,
          0.009761,
          1.674225
        ],
        [
          0.047874,
          -0.970722,
          -0.235385,
          1.565135
        ],
        [
          0.0,
          0.0,
          0.0,
          1.0
        ]
      ]
    },
    {
      "file_path": "/media/NFS/ttao/scannet/posed_images/scene0583_01/00096.jpg",
      "transform_matrix": [
        [
          0.000157,
          0.19455,
          -0.980893,
          3.477584
        ],
        [
          0.998217,
          0.058516,
          0.011765,
          1.677877
        ],
        [
          0.059687,
          -0.979146,
          -0.194193,
          1.582888
        ],
        [
          0.0,
          0.0,
          0.0,
          1.0
        ]
      ]
    },
    {
      "file_path": "/media/NFS/ttao/scannet/posed_images/scene0583_01/00100.jpg",
      "transform_matrix": [
        [
          0.002329,
          0.150216,
          -0.98865,
          3.485708
        ],
        [
          0.998411,
          0.055319,
          0.010757,
          1.680292
        ],
        [
          0.056307,
          -0.987104,
          -0.149849,
          1.60107
        ],
        [
          0.0,
          0.0,
          0.0,
          1.0
        ]
      ]
    },
    {
      "file_path": "/media/NFS/ttao/scannet/posed_images/scene0583_01/00103.jpg",
      "transform_matrix": [
        [
          -0.000353,
          0.119874,
          -0.992789,
          3.488715
        ],
        [
          0.99866,
          0.051418,
          0.005853,
          1.679779
        ],
        [
          0.051749,
          -0.991457,
          -0.119732,
          1.627642
        ],
        [
          0.0,
          0.0,
          0.0,
          1.0
        ]
      ]
    },
    {
      "file_path": "/media/NFS/ttao/scannet/posed_images/scene0583_01/00108.jpg",
      "transform_matrix": [
        [
          -0.008628,
          0.060447,
          -0.998134,
          3.503444
        ],
        [
          0.999019,
          0.043887,
          -0.005978,
          1.681165
        ],
        [
          0.043444,
          -0.997206,
          -0.060766,
          1.638814
        ],
        [
          0.0,
          0.0,
          0.0,
          1.0
        ]
      ]
    },
    {
      "file_path": "/media/NFS/ttao/scannet/posed_images/scene0583_01/00118.jpg",
      "transform_matrix": [
        [
          -0.04346,
          -0.017134,
          -0.998908,
          3.556514
        ],
        [
          0.998738,
          0.024465,
          -0.043872,
          1.678359
        ],
        [
          0.02519,
          -0.999554,
          0.016049,
          1.66307
        ],
        [
          0.0,
          0.0,
          0.0,
          1.0
        ]
      ]
    },
    {
      "file_path": "/media/NFS/ttao/scannet/posed_images/scene0583_01/00119.jpg",
      "transform_matrix": [
        [
          -0.042152,
          -0.020485,
          -0.998901,
          3.563158
        ],
        [
          0.998728,
          0.026838,
          -0.042695,
          1.677647
        ],
        [
          0.027683,
          -0.99943,
          0.019327,
          1.668274
        ],
        [
          0.0,
          0.0,
          0.0,
          1.0
        ]
      ]
    },
    {
      "file_path": "/media/NFS/ttao/scannet/posed_images/scene0583_01/00124.jpg",
      "transform_matrix": [
        [
          -0.059198,
          -0.056743,
          -0.996632,
          3.603765
        ],
        [
          0.997634,
          0.031615,
          -0.061058,
          1.685033
        ],
        [
          0.034973,
          -0.997888,
          0.054737,
          1.678762
        ],
        [
          0.0,
          0.0,
          0.0,
          1.0
        ]
      ]
    },
    {
      "file_path": "/media/NFS/ttao/scannet/posed_images/scene0583_01/00130.jpg",
      "transform_matrix": [
        [
          -0.090936,
          -0.10519,
          -0.990285,
          3.663891
        ],
        [
          0.994997,
          0.03172,
          -0.094738,
          1.701125
        ],
        [
          0.041378,
          -0.993946,
          0.101779,
          1.688732
        ],
        [
          0.0,
          0.0,
          0.0,
          1.0
        ]
      ]
    },
    {
      "file_path": "/media/NFS/ttao/scannet/posed_images/scene0583_01/00136.jpg",
      "transform_matrix": [
        [
          -0.118177,
          -0.125762,
          -0.984996,
          3.73435
        ],
        [
          0.992523,
          0.01553,
          -0.121063,
          1.735332
        ],
        [
          0.030522,
          -0.991939,
          0.122986,
          1.69643
        ],
        [
          0.0,
          0.0,
          0.0,
          1.0
        ]
      ]
    },
    {
      "file_path": "/media/NFS/ttao/scannet/posed_images/scene0583_01/00140.jpg",
      "transform_matrix": [
        [
          -0.128961,
          -0.122826,
          -0.984013,
          3.780547
        ],
        [
          0.990805,
          0.025,
          -0.132972,
          1.760682
        ],
        [
          0.040933,
          -0.992113,
          0.118473,
          1.692528
        ],
        [
          0.0,
          0.0,
          0.0,
          1.0
        ]
      ]
    },
    {
      "file_path": "/media/NFS/ttao/scannet/posed_images/scene0583_01/00149.jpg",
      "transform_matrix": [
        [
          -0.166919,
          -0.106411,
          -0.980211,
          3.871856
        ],
        [
          0.985102,
          0.023725,
          -0.170328,
          1.799392
        ],
        [
          0.04138,
          -0.994039,
          0.100865,
          1.680424
        ],
        [
          0.0,
          0.0,
          0.0,
          1.0
        ]
      ]
    },
    {
      "file_path": "/media/NFS/ttao/scannet/posed_images/scene0583_01/00151.jpg",
      "transform_matrix": [
        [
          -0.168552,
          -0.106185,
          -0.979956,
          3.885147
        ],
        [
          0.985037,
          0.018127,
          -0.17139,
          1.802665
        ],
        [
          0.035963,
          -0.994181,
          0.101541,
          1.677372
        ],
        [
          0.0,
          0.0,
          0.0,
          1.0
        ]
      ]
    },
    {
      "file_path": "/media/NFS/ttao/scannet/posed_images/scene0583_01/00158.jpg",
      "transform_matrix": [
        [
          -0.156855,
          -0.082307,
          -0.984186,
          3.910178
        ],
        [
          0.98703,
          0.021426,
          -0.1591,
          1.806766
        ],
        [
          0.034182,
          -0.996377,
          0.077879,
          1.667912
        ],
        [
          0.0,
          0.0,
          0.0,
          1.0
        ]
      ]
    },
    {
      "file_path": "/media/NFS/ttao/scannet/posed_images/scene0583_01/00165.jpg",
      "transform_matrix": [
        [
          -0.167048,
          0.004901,
          -0.985936,
          3.893686
        ],
        [
          0.985675,
          0.024397,
          -0.166882,
          1.801664
        ],
        [
          0.023236,
          -0.99969,
          -0.008906,
          1.626105
        ],
        [
          0.0,
          0.0,
          0.0,
          1.0
        ]
      ]
    },
    {
      "file_path": "/media/NFS/ttao/scannet/posed_images/scene0583_01/00166.jpg",
      "transform_matrix": [
        [
          -0.168396,
          0.020725,
          -0.985501,
          3.889629
        ],
        [
          0.985404,
          0.028825,
          -0.167773,
          1.801224
        ],
        [
          0.02493,
          -0.99937,
          -0.025276,
          1.620038
        ],
        [
          0.0,
          0.0,
          0.0,
          1.0
        ]
      ]
    },
    {
      "file_path": "/media/NFS/ttao/scannet/posed_images/scene0583_01/00172.jpg",
      "transform_matrix": [
        [
          -0.176373,
          0.125793,
          -0.976252,
          3.866997
        ],
        [
          0.984244,
          0.035183,
          -0.173283,
          1.794561
        ],
        [
          0.012549,
          -0.991432,
          -0.130017,
          1.60685
        ],
        [
          0.0,
          0.0,
          0.0,
          1.0
        ]
      ]
    },
    {
      "file_path": "/media/NFS/ttao/scannet/posed_images/scene0583_01/00180.jpg",
      "transform_matrix": [
        [
          -0.184772,
          0.242395,
          -0.95242,
          3.848853
        ],
        [
          0.98274,
          0.036684,
          -0.181318,
          1.785835
        ],
        [
          -0.009012,
          -0.969484,
          -0.244989,
          1.573435
        ],
        [
          0.0,
          0.0,
          0.0,
          1.0
        ]
      ]
    },
    {
      "file_path": "/media/NFS/ttao/scannet/posed_images/scene0583_01/00182.jpg",
      "transform_matrix": [
        [
          -0.187458,
          0.267687,
          -0.945094,
          3.84301
        ],
        [
          0.982253,
          0.044984,
          -0.182087,
          1.787487
        ],
        [
          -0.006228,
          -0.962455,
          -0.271369,
          1.558029
        ],
        [
          0.0,
          0.0,
          0.0,
          1.0
        ]
      ]
    },
    {
      "file_path": "/media/NFS/ttao/scannet/posed_images/scene0583_01/00191.jpg",
      "transform_matrix": [
        [
          -0.194789,
          0.389757,
          -0.900082,
          3.83052
        ],
        [
          0.980844,
          0.079129,
          -0.178002,
          1.781514
        ],
        [
          0.001845,
          -0.917512,
          -0.397704,
          1.487734
        ],
        [
          0.0,
          0.0,
          0.0,
          1.0
        ]
      ]
    },
    {
      "file_path": "/media/NFS/ttao/scannet/posed_images/scene0583_01/00193.jpg",
      "transform_matrix": [
        [
          -0.191945,
          0.419042,
          -0.887446,
          3.822178
        ],
        [
          0.981403,
          0.084107,
          -0.172553,
          1.782902
        ],
        [
          0.002333,
          -0.904063,
          -0.427393,
          1.484621
        ],
        [
          0.0,
          0.0,
          0.0,
          1.0
        ]
      ]
    },
    {
      "file_path": "/media/NFS/ttao/scannet/posed_images/scene0583_01/00199.jpg",
      "transform_matrix": [
        [
          -0.176486,
          0.48541,
          -0.856288,
          3.80566
        ],
        [
          0.984285,
          0.092294,
          -0.150548,
          1.78693
        ],
        [
          0.005953,
          -0.869402,
          -0.494071,
          1.455365
        ],
        [
          0.0,
          0.0,
          0.0,
          1.0
        ]
      ]
    },
    {
      "file_path": "/media/NFS/ttao/scannet/posed_images/scene0583_01/00202.jpg",
      "transform_matrix": [
        [
          -0.173069,
          0.500078,
          -0.84851,
          3.806231
        ],
        [
          0.984868,
          0.095796,
          -0.144424,
          1.784257
        ],
        [
          0.00906,
          -0.860666,
          -0.50909,
          1.426413
        ],
        [
          0.0,
          0.0,
          0.0,
          1.0
        ]
      ]
    },
    {
      "file_path": "/media/NFS/ttao/scannet/posed_images/scene0583_01/00209.jpg",
      "transform_matrix": [
        [
          -0.153607,
          0.559231,
          -0.814657,
          3.775488
        ],
        [
          0.988083,
          0.095177,
          -0.120972,
          1.772849
        ],
        [
          0.009885,
          -0.823531,
          -0.567186,
          1.396427
        ],
        [
          0.0,
          0.0,
          0.0,
          1.0
        ]
      ]
    },
    {
      "file_path": "/media/NFS/ttao/scannet/posed_images/scene0583_01/00213.jpg",
      "transform_matrix": [
        [
          -0.144926,
          0.598243,
          -0.7881,
          3.746599
        ],
        [
          0.98936,
          0.097908,
          -0.107614,
          1.759346
        ],
        [
          0.012782,
          -0.795311,
          -0.606067,
          1.372107
        ],
        [
          0.0,
          0.0,
          0.0,
          1.0
        ]
      ]
    },
    {
      "file_path": "/media/NFS/ttao/scannet/posed_images/scene0583_01/00220.jpg",
      "transform_matrix": [
        [
          -0.107166,
          0.641661,
          -0.759465,
          3.668909
        ],
        [
          0.994236,
          0.071641,
          -0.079764,
          1.714632
        ],
        [
          0.003228,
          -0.763636,
          -0.64564,
          1.352729
        ],
        [
          0.0,
          0.0,
          0.0,
          1.0
        ]
      ]
    },
    {
      "file_path": "/media/NFS/ttao/scannet/posed_images/scene0583_01/00227.jpg",
      "transform_matrix": [
        [
          -0.021301,
          0.6297,
          -0.776547,
          3.573542
        ],
        [
          0.999521,
          -0.004023,
          -0.030679,
          1.645496
        ],
        [
          -0.022443,
          -0.776828,
          -0.629313,
          1.36795
        ],
        [
          0.0,
          0.0,
          0.0,
          1.0
        ]
      ]
    },
    {
      "file_path": "/media/NFS/ttao/scannet/posed_images/scene0583_01/00230.jpg",
      "transform_matrix": [
        [
          0.0223,
          0.617133,
          -0.786542,
          3.538291
        ],
        [
          0.999333,
          -0.036522,
          -0.000323,
          1.620965
        ],
        [
          -0.028925,
          -0.78601,
          -0.617536,
          1.371738
        ],
        [
          0.0,
          0.0,
          0.0,
          1.0
        ]
      ]
    },
    {
      "file_path": "/media/NFS/ttao/scannet/posed_images/scene0583_01/00238.jpg",
      "transform_matrix": [
        [
          0.152697,
          0.565041,
          -0.810809,
          3.447025
        ],
        [
          0.987659,
          -0.116168,
          0.105047,
          1.574557
        ],
        [
          -0.034835,
          -0.816844,
          -0.575807,
          1.397161
        ],
        [
          0.0,
          0.0,
          0.0,
          1.0
        ]
      ]
    },
    {
      "file_path": "/media/NFS/ttao/scannet/posed_images/scene0583_01/00243.jpg",
      "transform_matrix": [
        [
          0.210384,
          0.535122,
          -0.818159,
          3.39721
        ],
        [
          0.977362,
          -0.134307,
          0.163478,
          1.567547
        ],
        [
          -0.022404,
          -0.83403,
          -0.551264,
          1.389573
        ],
        [
          0.0,
          0.0,
          0.0,
          1.0
        ]
      ]
    },
    {
      "file_path": "/media/NFS/ttao/scannet/posed_images/scene0583_01/00248.jpg",
      "transform_matrix": [
        [
          0.261988,
          0.534183,
          -0.803748,
          3.328506
        ],
        [
          0.964974,
          -0.156806,
          0.210326,
          1.570648
        ],
        [
          -0.01368,
          -0.830699,
          -0.556554,
          1.383784
        ],
        [
          0.0,
          0.0,
          0.0,
          1.0
        ]
      ]
    },
    {
      "file_path": "/media/NFS/ttao/scannet/posed_images/scene0583_01/00249.jpg",
      "transform_matrix": [
        [
          0.271835,
          0.534865,
          -0.800016,
          3.313926
        ],
        [
          0.962295,
          -0.159451,
          0.220372,
          1.571655
        ],
        [
          -0.009694,
          -0.829756,
          -0.558042,
          1.382673
        ],
        [
          0.0,
          0.0,
          0.0,
          1.0
        ]
      ]
    },
    {
      "file_path": "/media/NFS/ttao/scannet/posed_images/scene0583_01/00257.jpg",
      "transform_matrix": [
        [
          0.378921,
          0.559882,
          -0.736852,
          3.172237
        ],
        [
          0.924903,
          -0.202275,
          0.321931,
          1.581363
        ],
        [
          0.031197,
          -0.803503,
          -0.594483,
          1.367826
        ],
        [
          0.0,
          0.0,
          0.0,
          1.0
        ]
      ]
    },
    {
      "file_path": "/media/NFS/ttao/scannet/posed_images/scene0583_01/00260.jpg",
      "transform_matrix": [
        [
          0.409674,
          0.568978,
          -0.713043,
          3.135912
        ],
        [
          0.91136,
          -0.221107,
          0.347181,
          1.586547
        ],
        [
          0.03988,
          -0.79207,
          -0.609126,
          1.364345
        ],
        [
          0.0,
          0.0,
          0.0,
          1.0
        ]
      ]
    },
    {
      "file_path": "/media/NFS/ttao/scannet/posed_images/scene0583_01/00270.jpg",
      "transform_matrix": [
        [
          0.59002,
          0.534568,
          -0.605072,
          2.995347
        ],
        [
          0.80183,
          -0.300176,
          0.516684,
          1.566079
        ],
        [
          0.094575,
          -0.79002,
          -0.605743,
          1.361671
        ],
        [
          0.0,
          0.0,
          0.0,
          1.0
        ]
      ]
    },
    {
      "file_path": "/media/NFS/ttao/scannet/posed_images/scene0583_01/00274.jpg",
      "transform_matrix": [
        [
          0.636123,
          0.514177,
          -0.575299,
          2.947832
        ],
        [
          0.763805,
          -0.314,
          0.56392,
          1.548879
        ],
        [
          0.109311,
          -0.798139,
          -0.592474,
          1.373618
        ],
        [
          0.0,
          0.0,
          0.0,
          1.0
        ]
      ]
    },
    {
      "file_path": "/media/NFS/ttao/scannet/posed_images/scene0583_01/00279.jpg",
      "transform_matrix": [
        [
          0.655499,
          0.505848,
          -0.560748,
          2.90148
        ],
        [
          0.744614,
          -0.309049,
          0.591641,
          1.525172
        ],
        [
          0.125982,
          -0.805361,
          -0.579243,
          1.382536
        ],
        [
          0.0,
          0.0,
          0.0,
          1.0
        ]
      ]
    },
    {
      "file_path": "/media/NFS/ttao/scannet/posed_images/scene0583_01/00285.jpg",
      "transform_matrix": [
        [
          0.664483,
          0.486971,
          -0.566853,
          2.87771
        ],
        [
          0.731472,
          -0.268523,
          0.626772,
          1.50237
        ],
        [
          0.153006,
          -0.831117,
          -0.534634,
          1.383387
        ],
        [
          0.0,
          0.0,
          0.0,
          1.0
        ]
      ]
    },
    {
      "file_path": "/media/NFS/ttao/scannet/posed_images/scene0583_01/00290.jpg",
      "transform_matrix": [
        [
          0.674494,
          0.469795,
          -0.569518,
          2.8613
        ],
        [
          0.717031,
          -0.233105,
          0.656908,
          1.490763
        ],
        [
          0.175854,
          -0.851443,
          -0.494085,
          1.392582
        ],
        [
          0.0,
          0.0,
          0.0,
          1.0
        ]
      ]
    },
    {
      "file_path": "/media/NFS/ttao/scannet/posed_images/scene0583_01/00293.jpg",
      "transform_matrix": [
        [
          0.679884,
          0.457463,
          -0.573136,
          2.854684
        ],
        [
          0.710047,
          -0.215337,
          0.67042,
          1.489135
        ],
        [
          0.183275,
          -0.862762,
          -0.471225,
          1.403651
        ],
        [
          0.0,
          0.0,
          0.0,
          1.0
        ]
      ]
    },
    {
      "file_path": "/media/NFS/ttao/scannet/posed_images/scene0583_01/00296.jpg",
      "transform_matrix": [
        [
          0.687291,
          0.436871,
          -0.580322,
          2.851436
        ],
        [
          0.702166,
          -0.195013,
          0.684787,
          1.487229
        ],
        [
          0.185993,
          -0.878131,
          -0.440787,
          1.416146
        ],
        [
          0.0,
          0.0,
          0.0,
          1.0
        ]
      ]
    },
    {
      "file_path": "/media/NFS/ttao/scannet/posed_images/scene0583_01/00306.jpg",
      "transform_matrix": [
        [
          0.691935,
          0.354343,
          -0.62902,
          2.853712
        ],
        [
          0.699191,
          -0.111813,
          0.706137,
          1.469249
        ],
        [
          0.179882,
          -0.928407,
          -0.325121,
          1.460862
        ],
        [
          0.0,
          0.0,
          0.0,
          1.0
        ]
      ]
    },
    {
      "file_path": "/media/NFS/ttao/scannet/posed_images/scene0583_01/00310.jpg",
      "transform_matrix": [
        [
          0.694776,
          0.311351,
          -0.648342,
          2.870726
        ],
        [
          0.699359,
          -0.082045,
          0.710046,
          1.464179
        ],
        [
          0.16788,
          -0.946747,
          -0.274749,
          1.466084
        ],
        [
          0.0,
          0.0,
          0.0,
          1.0
        ]
      ]
    },
    {
      "file_path": "/media/NFS/ttao/scannet/posed_images/scene0583_01/00314.jpg",
      "transform_matrix": [
        [
          0.698025,
          0.278211,
          -0.659818,
          2.876394
        ],
        [
          0.696792,
          -0.051506,
          0.715422,
          1.458831
        ],
        [
          0.165054,
          -0.959138,
          -0.229808,
          1.480511
        ],
        [
          0.0,
          0.0,
          0.0,
          1.0
        ]
      ]
    },
    {
      "file_path": "/media/NFS/ttao/scannet/posed_images/scene0583_01/00318.jpg",
      "transform_matrix": [
        [
          0.708913,
          0.245904,
          -0.66104,
          2.880401
        ],
        [
          0.685592,
          -0.020269,
          0.727704,
          1.455448
        ],
        [
          0.165547,
          -0.969082,
          -0.182959,
          1.493853
        ],
        [
          0.0,
          0.0,
          0.0,
          1.0
        ]
      ]
    },
    {
      "file_path": "/media/NFS/ttao/scannet/posed_images/scene0583_01/00323.jpg",
      "transform_matrix": [
        [
          0.723675,
          0.207311,
          -0.658267,
          2.892312
        ],
        [
          0.670489,
          0.0148,
          0.741772,
          1.453373
        ],
        [
          0.16352,
          -0.978163,
          -0.128289,
          1.516954
        ],
        [
          0.0,
          0.0,
          0.0,
          1.0
        ]
      ]
    },
    {
      "file_path": "/media/NFS/ttao/scannet/posed_images/scene0583_01/00332.jpg",
      "transform_matrix": [
        [
          0.715278,
          0.150367,
          -0.682471,
          2.909515
        ],
        [
          0.680182,
          0.074361,
          0.729262,
          1.442586
        ],
        [
          0.160406,
          -0.98583,
          -0.049088,
          1.539317
        ],
        [
          0.0,
          0.0,
          0.0,
          1.0
        ]
      ]
    },
    {
      "file_path": "/media/NFS/ttao/scannet/posed_images/scene0583_01/00334.jpg",
      "transform_matrix": [
        [
          0.710835,
          0.143823,
          -0.688497,
          2.912291
        ],
        [
          0.684066,
          0.086327,
          0.724293,
          1.441116
        ],
        [
          0.163606,
          -0.985831,
          -0.03702,
          1.544317
        ],
        [
          0.0,
          0.0,
          0.0,
          1.0
        ]
      ]
    },
    {
      "file_path": "/media/NFS/ttao/scannet/posed_images/scene0583_01/00342.jpg",
      "transform_matrix": [
        [
          0.674855,
          0.107012,
          -0.73015,
          2.928905
        ],
        [
          0.718101,
          0.132708,
          0.683169,
          1.434906
        ],
        [
          0.170004,
          -0.985361,
          0.012713,
          1.563689
        ],
        [
          0.0,
          0.0,
          0.0,
          1.0
        ]
      ]
    },
    {
      "file_path": "/media/NFS/ttao/scannet/posed_images/scene0583_01/00348.jpg",
      "transform_matrix": [
        [
          0.651462,
          0.074834,
          -0.754981,
          2.936918
        ],
        [
          0.739513,
          0.159638,
          0.653939,
          1.431977
        ],
        [
          0.169461,
          -0.984335,
          0.048658,
          1.572135
        ],
        [
          0.0,
          0.0,
          0.0,
          1.0
        ]
      ]
    },
    {
      "file_path": "/media/NFS/ttao/scannet/posed_images/scene0583_01/00351.jpg",
      "transform_matrix": [
        [
          0.64476,
          0.076807,
          -0.760516,
          2.933538
        ],
        [
          0.744081,
          0.164728,
          0.647463,
          1.430838
        ],
        [
          0.175008,
          -0.983344,
          0.049059,
          1.569696
        ],
        [
          0.0,
          0.0,
          0.0,
          1.0
        ]
      ]
    },
    {
      "file_path": "/media/NFS/ttao/scannet/posed_images/scene0583_01/00358.jpg",
      "transform_matrix": [
        [
          0.612495,
          0.078087,
          -0.786608,
          2.927112
        ],
        [
          0.767476,
          0.179551,
          0.615421,
          1.432807
        ],
        [
          0.189292,
          -0.980645,
          0.050044,
          1.576052
        ],
        [
          0.0,
          0.0,
          0.0,
          1.0
        ]
      ]
    },
    {
      "file_path": "/media/NFS/ttao/scannet/posed_images/scene0583_01/00359.jpg",
      "transform_matrix": [
        [
          0.608979,
          0.078918,
          -0.78925,
          2.925932
        ],
        [
          0.769557,
          0.182277,
          0.612011,
          1.433839
        ],
        [
          0.19216,
          -0.980075,
          0.050271,
          1.577687
        ],
        [
          0.0,
          0.0,
          0.0,
          1.0
        ]
      ]
    },
    {
      "file_path": "/media/NFS/ttao/scannet/posed_images/scene0583_01/00367.jpg",
      "transform_matrix": [
        [
          0.559969,
          0.047437,
          -0.827155,
          2.912124
        ],
        [
          0.808589,
          0.186339,
          0.558087,
          1.451167
        ],
        [
          0.180605,
          -0.98134,
          0.065987,
          1.592113
        ],
        [
          0.0,
          0.0,
          0.0,
          1.0
        ]
      ]
    },
    {
      "file_path": "/media/NFS/ttao/scannet/posed_images/scene0583_01/00370.jpg",
      "transform_matrix": [
        [
          0.518129,
          0.033542,
          -0.854644,
          2.907586
        ],
        [
          0.839002,
          0.174221,
          0.515484,
          1.467869
        ],
        [
          0.166187,
          -0.984135,
          0.062127,
          1.599644
        ],
        [
          0.0,
          0.0,
          0.0,
          1.0
        ]
      ]
    },
    {
      "file_path": "/media/NFS/ttao/scannet/posed_images/scene0583_01/00378.jpg",
      "transform_matrix": [
        [
          0.367232,
          0.014414,
          -0.930018,
          2.891584
        ],
        [
          0.912913,
          0.185903,
          0.363359,
          1.514918
        ],
        [
          0.178131,
          -0.982462,
          0.055111,
          1.615608
        ],
        [
          0.0,
          0.0,
          0.0,
          1.0
        ]
      ]
    },
    {
      "file_path": "/media/NFS/ttao/scannet/posed_images/scene0583_01/00381.jpg",
      "transform_matrix": [
        [
          0.306065,
          0.014116,
          -0.951906,
          2.879433
        ],
        [
          0.930714,
          0.205873,
          0.302304,
          1.535174
        ],
        [
          0.200239,
          -0.978477,
          0.049873,
          1.610866
        ],
        [
          0.0,
          0.0,
          0.0,
          1.0
        ]
      ]
    },
    {
      "file_path": "/media/NFS/ttao/scannet/posed_images/scene0583_01/00389.jpg",
      "transform_matrix": [
        [
          0.149964,
          0.021838,
          -0.98845,
          2.843381
        ],
        [
          0.964089,
          0.218409,
          0.151093,
          1.566449
        ],
        [
          0.219186,
          -0.975613,
          0.0117,
          1.600612
        ],
        [
          0.0,
          0.0,
          0.0,
          1.0
        ]
      ]
    },
    {
      "file_path": "/media/NFS/ttao/scannet/posed_images/scene0583_01/00392.jpg",
      "transform_matrix": [
        [
          0.093936,
          0.019341,
          -0.99539,
          2.841476
        ],
        [
          0.975335,
          0.198804,
          0.095906,
          1.575194
        ],
        [
          0.199743,
          -0.979849,
          -0.000189,
          1.590649
        ],
        [
          0.0,
          0.0,
          0.0,
          1.0
        ]
      ]
    },
    {
      "file_path": "/media/NFS/ttao/scannet/posed_images/scene0583_01/00400.jpg",
      "transform_matrix": [
        [
          -0.054681,
          -0.000204,
          -0.998504,
          2.816092
        ],
        [
          0.987457,
          0.148332,
          -0.054106,
          1.589707
        ],
        [
          0.148121,
          -0.988938,
          -0.007909,
          1.59779
        ],
        [
          0.0,
          0.0,
          0.0,
          1.0
        ]
      ]
    },
    {
      "file_path": "/media/NFS/ttao/scannet/posed_images/scene0583_01/00403.jpg",
      "transform_matrix": [
        [
          -0.09311,
          -0.006054,
          -0.995637,
          2.802739
        ],
        [
          0.98754,
          0.126858,
          -0.093124,
          1.598694
        ],
        [
          0.126868,
          -0.991902,
          -0.005833,
          1.594847
        ],
        [
          0.0,
          0.0,
          0.0,
