{
  "frames": [
    {
      "file_path": "/media/NFS/ttao/scannet/posed_images/scene0357_01/00000.jpg",
      "transform_matrix": [
        [
          0.550203,
          0.440813,
          -0.709197,
          3.667726
        ],
        [
          0.833734,
          -0.242685,
          0.495975,
          1.655327
        ],
        [
          0.046521,
          -0.864169,
          -0.501047,
          1.384561
        ],
        [
          0.0,
          0.0,
          0.0,
          1.0
        ]
      ]
    },
    {
      "file_path": "/media/NFS/ttao/scannet/posed_images/scene0357_01/00003.jpg",
      "transform_matrix": [
        [
          0.535498,
          0.446818,
          -0.716656,
          3.685008
        ],
        [
          0.843062,
          -0.232691,
          0.484874,
          1.65025
        ],
        [
          0.049891,
          -0.863834,
          -0.501301,
          1.382149
        ],
        [
          0.0,
          0.0,
          0.0,
          1.0
        ]
      ]
    },
    {
      "file_path": "/media/NFS/ttao/scannet/posed_images/scene0357_01/00006.jpg",
      "transform_matrix": [
        [
          0.534067,
          0.447649,
          -0.717206,
          3.693068
        ],
        [
          0.844052,
          -0.233676,
          0.482673,
          1.652094
        ],
        [
          0.048474,
          -0.863138,
          -0.502637,
          1.380384
        ],
        [
          0.0,
          0.0,
          0.0,
          1.0
        ]
      ]
    },
    {
      "file_path": "/media/NFS/ttao/scannet/posed_images/scene0357_01/00009.jpg",
      "transform_matrix": [
        [
          0.535345,
          0.452019,
          -0.713502,
          3.699476
        ],
        [
          0.843212,
          -0.237023,
          0.482507,
          1.657978
        ],
        [
          0.048986,
          -0.859941,
          -0.508037,
          1.378677
        ],
        [
          0.0,
          0.0,
          0.0,
          1.0
        ]
      ]
    },
    {
      "file_path": "/media/NFS/ttao/scannet/posed_images/scene0357_01/00014.jpg",
      "transform_matrix": [
        [
          0.546448,
          0.469986,
          -0.693187,
          3.691647
        ],
        [
          0.835395,
          -0.247337,
          0.490856,
          1.66421
        ],
        [
          0.059244,
          -0.847312,
          -0.527781,
          1.369346
        ],
        [
          0.0,
          0.0,
          0.0,
          1.0
        ]
      ]
    },
    {
      "file_path": "/media/NFS/ttao/scannet/posed_images/scene0357_01/00015.jpg",
      "transform_matrix": [
        [
          0.547749,
          0.469847,
          -0.692253,
          3.687641
        ],
        [
          0.834536,
          -0.24816,
          0.4919,
          1.666417
        ],
        [
          0.059328,
          -0.847149,
          -0.528033,
          1.368806
        ],
        [
          0.0,
          0.0,
          0.0,
          1.0
        ]
      ]
    },
    {
      "file_path": "/media/NFS/ttao/scannet/posed_images/scene0357_01/00020.jpg",
      "transform_matrix": [
        [
          0.576818,
          0.447725,
          -0.683244,
          3.65094
        ],
        [
          0.812955,
          -0.232818,
          0.53376,
          1.668862
        ],
        [
          0.079906,
          -0.86333,
          -0.498274,
          1.376453
        ],
        [
          0.0,
          0.0,
          0.0,
          1.0
        ]
      ]
    },
    {
      "file_path": "/media/NFS/ttao/scannet/posed_images/scene0357_01/00022.jpg",
      "transform_matrix": [
        [
          0.59281,
          0.432213,
          -0.679535,
          3.630862
        ],
        [
          0.801071,
          -0.229676,
          0.552751,
          1.671177
        ],
        [
          0.082833,
          -0.872032,
          -0.482388,
          1.387683
        ],
        [
          0.0,
          0.0,
          0.0,
          1.0
        ]
      ]
    },
    {
      "file_path": "/media/NFS/ttao/scannet/posed_images/scene0357_01/00024.jpg",
      "transform_matrix": [
        [
          0.611776,
          0.415902,
          -0.672871,
          3.611907
        ],
        [
          0.786631,
          -0.230266,
          0.572879,
          1.677179
        ],
        [
          0.083322,
          -0.879775,
          -0.468032,
          1.400308
        ],
        [
          0.0,
          0.0,
          0.0,
          1.0
        ]
      ]
    },
    {
      "file_path": "/media/NFS/ttao/scannet/posed_images/scene0357_01/00029.jpg",
      "transform_matrix": [
        [
          0.661491,
          0.364226,
          -0.655568,
          3.566619
        ],
        [
          0.746878,
          -0.240868,
          0.619803,
          1.690104
        ],
        [
          0.067843,
          -0.899623,
          -0.431365,
          1.427524
        ],
        [
          0.0,
          0.0,
          0.0,
          1.0
        ]
      ]
    },
    {
      "file_path": "/media/NFS/ttao/scannet/posed_images/scene0357_01/00031.jpg",
      "transform_matrix": [
        [
          0.675072,
          0.356337,
          -0.645989,
          3.546998
        ],
        [
          0.734145,
          -0.237993,
          0.635917,
          1.691144
        ],
        [
          0.072859,
          -0.903539,
          -0.422266,
          1.433673
        ],
        [
          0.0,
          0.0,
          0.0,
          1.0
        ]
      ]
    },
    {
      "file_path": "/media/NFS/ttao/scannet/posed_images/scene0357_01/00033.jpg",
      "transform_matrix": [
        [
          0.692954,
          0.34963,
          -0.630534,
          3.53291
        ],
        [
          0.716362,
          -0.235042,
          0.656948,
          1.696706
        ],
        [
          0.081487,
          -0.906925,
          -0.413336,
          1.439697
        ],
        [
          0.0,
          0.0,
          0.0,
          1.0
        ]
      ]
    },
    {
      "file_path": "/media/NFS/ttao/scannet/posed_images/scene0357_01/00037.jpg",
      "transform_matrix": [
        [
          0.723612,
          0.297614,
          -0.622746,
          3.508378
        ],
        [
          0.687038,
          -0.224218,
          0.691162,
          1.711144
        ],
        [
          0.066068,
          -0.927983,
          -0.366719,
          1.465791
        ],
        [
          0.0,
          0.0,
          0.0,
          1.0
        ]
      ]
    },
    {
      "file_path": "/media/NFS/ttao/scannet/posed_images/scene0357_01/00039.jpg",
      "transform_matrix": [
        [
          0.737733,
          0.27673,
          -0.615768,
          3.498135
        ],
        [
          0.671986,
          -0.21361,
          0.709088,
          1.717595
        ],
        [
          0.064692,
          -0.936905,
          -0.343546,
          1.477155
        ],
        [
          0.0,
          0.0,
          0.0,
          1.0
        ]
      ]
    },
    {
      "file_path": "/media/NFS/ttao/scannet/posed_images/scene0357_01/00042.jpg",
      "transform_matrix": [
        [
          0.75721,
          0.253275,
          -0.602067,
          3.47832
        ],
        [
          0.649448,
          -0.193663,
          0.735331,
          1.723185
        ],
        [
          0.069643,
          -0.947811,
          -0.311133,
          1.503476
        ],
        [
          0.0,
          0.0,
          0.0,
          1.0
        ]
      ]
    },
    {
      "file_path": "/media/NFS/ttao/scannet/posed_images/scene0357_01/00047.jpg",
      "transform_matrix": [
        [
          0.784946,
          0.196485,
          -0.587583,
          3.472672
        ],
        [
          0.617467,
          -0.170119,
          0.76798,
          1.740895
        ],
        [
          0.050937,
          -0.965636,
          -0.254857,
          1.531355
        ],
        [
          0.0,
          0.0,
          0.0,
          1.0
        ]
      ]
    },
    {
      "file_path": "/media/NFS/ttao/scannet/posed_images/scene0357_01/00050.jpg",
      "transform_matrix": [
        [
          0.792507,
          0.174627,
          -0.584326,
          3.479371
        ],
        [
          0.60844,
          -0.161002,
          0.777096,
          1.755692
        ],
        [
          0.041624,
          -0.971382,
          -0.233845,
          1.543542
        ],
        [
          0.0,
          0.0,
          0.0,
          1.0
        ]
      ]
    },
    {
      "file_path": "/media/NFS/ttao/scannet/posed_images/scene0357_01/00051.jpg",
      "transform_matrix": [
        [
          0.793996,
          0.168072,
          -0.584228,
          3.477817
        ],
        [
          0.606734,
          -0.158992,
          0.778843,
          1.758353
        ],
        [
          0.038014,
          -0.972869,
          -0.228214,
          1.553333
        ],
        [
          0.0,
          0.0,
          0.0,
          1.0
        ]
      ]
    },
    {
      "file_path": "/media/NFS/ttao/scannet/posed_images/scene0357_01/00056.jpg",
      "transform_matrix": [
        [
          0.807689,
          0.160936,
          -0.567219,
          3.47923
        ],
        [
          0.587299,
          -0.134548,
          0.798108,
          1.770645
        ],
        [
          0.052126,
          -0.977751,
          -0.203191,
          1.569907
        ],
        [
          0.0,
          0.0,
          0.0,
          1.0
        ]
      ]
    },
    {
      "file_path": "/media/NFS/ttao/scannet/posed_images/scene0357_01/00059.jpg",
      "transform_matrix": [
        [
          0.810053,
          0.15174,
          -0.566382,
          3.481264
        ],
        [
          0.583715,
          -0.117113,
          0.803468,
          1.778481
        ],
        [
          0.055588,
          -0.981458,
          -0.183441,
          1.586389
        ],
        [
          0.0,
          0.0,
          0.0,
          1.0
        ]
      ]
    },
    {
      "file_path": "/media/NFS/ttao/scannet/posed_images/scene0357_01/00060.jpg",
      "transform_matrix": [
        [
          0.807266,
          0.143995,
          -0.572352,
          3.487925
        ],
        [
          0.58791,
          -0.111066,
          0.801266,
          1.785488
        ],
        [
          0.051809,
          -0.983326,
          -0.174316,
          1.589953
        ],
        [
          0.0,
          0.0,
          0.0,
          1.0
        ]
      ]
    },
    {
      "file_path": "/media/NFS/ttao/scannet/posed_images/scene0357_01/00064.jpg",
      "transform_matrix": [
        [
          0.796257,
          0.133912,
          -0.589951,
          3.484048
        ],
        [
          0.601794,
          -0.07572,
          0.795054,
          1.788215
        ],
        [
          0.061796,
          -0.988096,
          -0.14088,
          1.616099
        ],
        [
          0.0,
          0.0,
          0.0,
          1.0
        ]
      ]
    },
    {
      "file_path": "/media/NFS/ttao/scannet/posed_images/scene0357_01/00066.jpg",
      "transform_matrix": [
        [
          0.790393,
          0.130279,
          -0.598587,
          3.482256
        ],
        [
          0.609117,
          -0.06307,
          0.790569,
          1.790152
        ],
        [
          0.065242,
          -0.989469,
          -0.129205,
          1.627313
        ],
        [
          0.0,
          0.0,
          0.0,
          1.0
        ]
      ]
    },
    {
      "file_path": "/media/NFS/ttao/scannet/posed_images/scene0357_01/00070.jpg",
      "transform_matrix": [
        [
          0.768101,
          0.116736,
          -0.629598,
          3.478242
        ],
        [
          0.635523,
          -0.018748,
          0.771854,
          1.789322
        ],
        [
          0.078299,
          -0.992986,
          -0.088589,
          1.638982
        ],
        [
          0.0,
          0.0,
          0.0,
          1.0
        ]
      ]
    },
    {
      "file_path": "/media/NFS/ttao/scannet/posed_images/scene0357_01/00074.jpg",
      "transform_matrix": [
        [
          0.755193,
          0.111244,
          -0.645994,
          3.46683
        ],
        [
          0.650095,
          -0.000789,
          0.759853,
          1.783861
        ],
        [
          0.084019,
          -0.993793,
          -0.072916,
          1.658803
        ],
        [
          0.0,
          0.0,
          0.0,
          1.0
        ]
      ]
    },
    {
      "file_path": "/media/NFS/ttao/scannet/posed_images/scene0357_01/00075.jpg",
      "transform_matrix": [
        [
          0.751172,
          0.109554,
          -0.650952,
          3.464028
        ],
        [
          0.654866,
          0.000343,
          0.755746,
          1.783053
        ],
        [
          0.083018,
          -0.993981,
          -0.071486,
          1.658323
        ],
        [
          0.0,
          0.0,
          0.0,
          1.0
        ]
      ]
    },
    {
      "file_path": "/media/NFS/ttao/scannet/posed_images/scene0357_01/00080.jpg",
      "transform_matrix": [
        [
          0.729191,
          0.09978,
          -0.676997,
          3.445556
        ],
        [
          0.679217,
          0.014951,
          0.733786,
          1.773856
        ],
        [
          0.083339,
          -0.994897,
          -0.05687,
          1.661289
        ],
        [
          0.0,
          0.0,
          0.0,
          1.0
        ]
      ]
    },
    {
      "file_path": "/media/NFS/ttao/scannet/posed_images/scene0357_01/00083.jpg",
      "transform_matrix": [
        [
          0.717443,
          0.098423,
          -0.68963,
          3.433202
        ],
        [
          0.691572,
          0.018314,
          0.722076,
          1.7678
        ],
        [
          0.083699,
          -0.994976,
          -0.054927,
          1.661406
        ],
        [
          0.0,
          0.0,
          0.0,
          1.0
        ]
      ]
    },
    {
      "file_path": "/media/NFS/ttao/scannet/posed_images/scene0357_01/00084.jpg",
      "transform_matrix": [
        [
          0.71351,
          0.09784,
          -0.69378,
          3.428599
        ],
        [
          0.69586,
          0.016571,
          0.717987,
          1.76507
        ],
        [
          0.081744,
          -0.995064,
          -0.056259,
          1.663788
        ],
        [
          0.0,
          0.0,
          0.0,
          1.0
        ]
      ]
    },
    {
      "file_path": "/media/NFS/ttao/scannet/posed_images/scene0357_01/00089.jpg",
      "transform_matrix": [
        [
          0.686682,
          0.099579,
          -0.720105,
          3.402734
        ],
        [
          0.723046,
          0.009069,
          0.69074,
          1.751652
        ],
        [
          0.075314,
          -0.994988,
          -0.065773,
          1.658074
        ],
        [
          0.0,
          0.0,
          0.0,
          1.0
        ]
      ]
    },
    {
      "file_path": "/media/NFS/ttao/scannet/posed_images/scene0357_01/00092.jpg",
      "transform_matrix": [
        [
          0.666626,
          0.108579,
          -0.737442,
          3.381992
        ],
        [
          0.742015,
          -0.002585,
          0.670379,
          1.744502
        ],
        [
          0.070882,
          -0.994085,
          -0.08229,
          1.65246
        ],
        [
          0.0,
          0.0,
          0.0,
          1.0
        ]
      ]
    },
    {
      "file_path": "/media/NFS/ttao/scannet/posed_images/scene0357_01/00095.jpg",
      "transform_matrix": [
        [
          0.641295,
          0.120194,
          -0.757822,
          3.359828
        ],
        [
          0.764333,
          -0.013385,
          0.644683,
          1.732468
        ],
        [
          0.067343,
          -0.99266,
          -0.100452,
          1.64375
        ],
        [
          0.0,
          0.0,
          0.0,
          1.0
        ]
      ]
    },
    {
      "file_path": "/media/NFS/ttao/scannet/posed_images/scene0357_01/00098.jpg",
      "transform_matrix": [
        [
          0.61489,
          0.13687,
          -0.776645,
          3.337225
        ],
        [
          0.786049,
          -0.027021,
          0.617573,
          1.72112
        ],
        [
          0.063541,
          -0.99022,
          -0.124202,
          1.630637
        ],
        [
          0.0,
          0.0,
          0.0,
          1.0
        ]
      ]
    },
    {
      "file_path": "/media/NFS/ttao/scannet/posed_images/scene0357_01/00100.jpg",
      "transform_matrix": [
        [
          0.588628,
          0.149035,
          -0.794547,
          3.325067
        ],
        [
          0.806037,
          -0.033047,
          0.590941,
          1.72011
        ],
        [
          0.061814,
          -0.988279,
          -0.139581,
          1.622378
        ],
        [
          0.0,
          0.0,
          0.0,
          1.0
        ]
      ]
    },
    {
      "file_path": "/media/NFS/ttao/scannet/posed_images/scene0357_01/00102.jpg",
      "transform_matrix": [
        [
          0.570024,
          0.166028,
          -0.804678,
          3.309394
        ],
        [
          0.818711,
          -0.03232,
          0.573296,
          1.712495
        ],
        [
          0.069176,
          -0.985591,
          -0.154352,
          1.61092
        ],
        [
          0.0,
          0.0,
          0.0,
          1.0
        ]
      ]
    },
    {
      "file_path": "/media/NFS/ttao/scannet/posed_images/scene0357_01/00106.jpg",
      "transform_matrix": [
        [
          0.531582,
          0.196001,
          -0.824017,
          3.28191
        ],
        [
          0.843777,
          -0.037661,
          0.535371,
          1.708403
        ],
        [
          0.0739,
          -0.97988,
          -0.185401,
          1.599852
        ],
        [
          0.0,
          0.0,
          0.0,
          1.0
        ]
      ]
    },
    {
      "file_path": "/media/NFS/ttao/scannet/posed_images/scene0357_01/00110.jpg",
      "transform_matrix": [
        [
          0.496831,
          0.239357,
          -0.834186,
          3.255943
        ],
        [
          0.865917,
          -0.072651,
          0.494884,
          1.719328
        ],
        [
          0.05785,
          -0.96821,
          -0.243359,
          1.554155
        ],
        [
          0.0,
          0.0,
          0.0,
          1.0
        ]
      ]
    },
    {
      "file_path": "/media/NFS/ttao/scannet/posed_images/scene0357_01/00112.jpg",
      "transform_matrix": [
        [
          0.471035,
          0.263278,
          -0.841909,
          3.243173
        ],
        [
          0.8802,
          -0.077434,
          0.468243,
          1.724872
        ],
        [
          0.058085,
          -0.961607,
          -0.268212,
          1.549743
        ],
        [
          0.0,
          0.0,
          0.0,
          1.0
        ]
      ]
    },
    {
      "file_path": "/media/NFS/ttao/scannet/posed_images/scene0357_01/00116.jpg",
      "transform_matrix": [
        [
          0.421077,
          0.312411,
          -0.851525,
          3.216337
        ],
        [
          0.905292,
          -0.086739,
          0.415841,
          1.739516
        ],
        [
          0.056053,
          -0.945979,
          -0.319347,
          1.519766
        ],
        [
          0.0,
          0.0,
          0.0,
          1.0
        ]
      ]
    },
    {
      "file_path": "/media/NFS/ttao/scannet/posed_images/scene0357_01/00117.jpg",
      "transform_matrix": [
        [
          0.406662,
          0.324233,
          -0.854107,
          3.209373
        ],
        [
          0.911999,
          -0.089114,
          0.400396,
          1.744859
        ],
        [
          0.053709,
          -0.941771,
          -0.331939,
          1.517893
        ],
        [
          0.0,
          0.0,
          0.0,
          1.0
        ]
      ]
    },
    {
      "file_path": "/media/NFS/ttao/scannet/posed_images/scene0357_01/00120.jpg",
      "transform_matrix": [
        [
          0.36259,
          0.345885,
          -0.865386,
          3.198318
        ],
        [
          0.931284,
          -0.099407,
          0.350469,
          1.770168
        ],
        [
          0.035197,
          -0.932996,
          -0.358161,
          1.492994
        ],
        [
          0.0,
          0.0,
          0.0,
          1.0
        ]
      ]
    },
    {
      "file_path": "/media/NFS/ttao/scannet/posed_images/scene0357_01/00123.jpg",
      "transform_matrix": [
        [
          0.313977,
          0.352776,
          -0.881457,
          3.178829
        ],
        [
          0.949189,
          -0.095678,
          0.299811,
          1.796455
        ],
        [
          0.021431,
          -0.930803,
          -0.364892,
          1.476384
        ],
        [
          0.0,
          0.0,
          0.0,
          1.0
        ]
      ]
    },
    {
      "file_path": "/media/NFS/ttao/scannet/posed_images/scene0357_01/00128.jpg",
      "transform_matrix": [
        [
          0.230046,
          0.365773,
          -0.901825,
          3.128755
        ],
        [
          0.973176,
          -0.089048,
          0.21213,
          1.839866
        ],
        [
          -0.002714,
          -0.926434,
          -0.376447,
          1.484608
        ],
        [
          0.0,
          0.0,
          0.0,
          1.0
        ]
      ]
    },
    {
      "file_path": "/media/NFS/ttao/scannet/posed_images/scene0357_01/00130.jpg",
      "transform_matrix": [
        [
          0.196098,
          0.36282,
          -0.910993,
          3.119154
        ],
        [
          0.980574,
          -0.068166,
          0.183927,
          1.852617
        ],
        [
          0.004633,
          -0.929363,
          -0.369139,
          1.470982
        ],
        [
          0.0,
          0.0,
          0.0,
          1.0
        ]
      ]
    },
    {
      "file_path": "/media/NFS/ttao/scannet/posed_images/scene0357_01/00132.jpg",
      "transform_matrix": [
        [
          0.162998,
          0.365212,
          -0.916543,
          3.104148
        ],
        [
          0.986595,
          -0.052871,
          0.154389,
          1.866544
        ],
        [
          0.007926,
          -0.929422,
          -0.368934,
          1.459633
        ],
        [
          0.0,
          0.0,
          0.0,
          1.0
        ]
      ]
    },
    {
      "file_path": "/media/NFS/ttao/scannet/posed_images/scene0357_01/00137.jpg",
      "transform_matrix": [
        [
          0.085066,
          0.388165,
          -0.917655,
          3.049904
        ],
        [
          0.996332,
          -0.041717,
          0.074713,
          1.88738
        ],
        [
          -0.009281,
          -0.920645,
          -0.39029,
          1.450617
        ],
        [
          0.0,
          0.0,
          0.0,
          1.0
        ]
      ]
    },
    {
      "file_path": "/media/NFS/ttao/scannet/posed_images/scene0357_01/00140.jpg",
      "transform_matrix": [
        [
          0.045874,
          0.398657,
          -0.915952,
          3.004197
        ],
        [
          0.998768,
          -0.035675,
          0.034495,
          1.892134
        ],
        [
          -0.018925,
          -0.916406,
          -0.399802,
          1.456658
        ],
        [
          0.0,
          0.0,
          0.0,
          1.0
        ]
      ]
    },
    {
      "file_path": "/media/NFS/ttao/scannet/posed_images/scene0357_01/00142.jpg",
      "transform_matrix": [
        [
          0.019454,
          0.403651,
          -0.914706,
          2.970703
        ],
        [
          0.999579,
          -0.027556,
          0.009099,
          1.889367
        ],
        [
          -0.021533,
          -0.914498,
          -0.404017,
          1.460634
        ],
        [
          0.0,
          0.0,
          0.0,
          1.0
        ]
      ]
    },
    {
      "file_path": "/media/NFS/ttao/scannet/posed_images/scene0357_01/00146.jpg",
      "transform_matrix": [
        [
          -0.022126,
          0.404021,
          -0.914482,
          2.901834
        ],
        [
          0.999656,
          -0.003973,
          -0.025943,
          1.887615
        ],
        [
          -0.014115,
          -0.914741,
          -0.403794,
          1.453401
        ],
        [
          0.0,
          0.0,
          0.0,
          1.0
        ]
      ]
    },
    {
      "file_path": "/media/NFS/ttao/scannet/posed_images/scene0357_01/00149.jpg",
      "transform_matrix": [
        [
          -0.039642,
          0.395537,
          -0.917594,
          2.844387
        ],
        [
          0.999171,
          0.024172,
          -0.032746,
          1.883694
        ],
        [
          0.009228,
          -0.918132,
          -0.396168,
          1.454101
        ],
        [
          0.0,
          0.0,
          0.0,
          1.0
        ]
      ]
    },
    {
      "file_path": "/media/NFS/ttao/scannet/posed_images/scene0357_01/00153.jpg",
      "transform_matrix": [
        [
          -0.070838,
          0.383272,
          -0.920915,
          2.75994
        ],
        [
          0.99723,
          0.048197,
          -0.056649,
          1.882102
        ],
        [
          0.022674,
          -0.922377,
          -0.385625,
          1.461959
        ],
        [
          0.0,
          0.0,
          0.0,
          1.0
        ]
      ]
    },
    {
      "file_path": "/media/NFS/ttao/scannet/posed_images/scene0357_01/00154.jpg",
      "transform_matrix": [
        [
          -0.075778,
          0.387124,
          -0.918908,
          2.740739
        ],
        [
          0.996815,
          0.052364,
          -0.060142,
          1.879046
        ],
        [
          0.024836,
          -0.920539,
          -0.389859,
          1.462706
        ],
        [
          0.0,
          0.0,
          0.0,
          1.0
        ]
      ]
    },
    {
      "file_path": "/media/NFS/ttao/scannet/posed_images/scene0357_01/00159.jpg",
      "transform_matrix": [
        [
          -0.102659,
          0.383668,
          -0.917747,
          2.652093
        ],
        [
          0.994207,
          0.069097,
          -0.082326,
          1.870694
        ],
        [
          0.031828,
          -0.920882,
          -0.38854,
          1.465731
        ],
        [
          0.0,
          0.0,
          0.0,
          1.0
        ]
      ]
    },
    {
      "file_path": "/media/NFS/ttao/scannet/posed_images/scene0357_01/00162.jpg",
      "transform_matrix": [
        [
          -0.137982,
          0.384219,
          -0.912873,
          2.601912
        ],
        [
          0.990172,
          0.074736,
          -0.11821,
          1.895063
        ],
        [
          0.022806,
          -0.920212,
          -0.390755,
          1.463538
        ],
        [
          0.0,
          0.0,
          0.0,
          1.0
        ]
      ]
    },
    {
      "file_path": "/media/NFS/ttao/scannet/posed_images/scene0357_01/00163.jpg",
      "transform_matrix": [
        [
          -0.141361,
          0.386614,
          -0.911343,
          2.588278
        ],
        [
          0.989678,
          0.077083,
          -0.120812,
          1.89773
        ],
        [
          0.023541,
          -0.919015,
          -0.39352,
          1.464016
        ],
        [
          0.0,
          0.0,
          0.0,
          1.0
        ]
      ]
    },
    {
      "file_path": "/media/NFS/ttao/scannet/posed_images/scene0357_01/00168.jpg",
      "transform_matrix": [
        [
          -0.16229,
          0.377589,
          -0.911641,
          2.516984
        ],
        [
          0.986194,
          0.092887,
          -0.137089,
          1.904309
        ],
        [
          0.032916,
          -0.921303,
          -0.38745,
          1.472296
        ],
        [
          0.0,
          0.0,
          0.0,
          1.0
        ]
      ]
    },
    {
      "file_path": "/media/NFS/ttao/scannet/posed_images/scene0357_01/00169.jpg",
      "transform_matrix": [
        [
          -0.166008,
          0.375121,
          -0.91199,
          2.502071
        ],
        [
          0.985519,
          0.095516,
          -0.140104,
          1.904034
        ],
        [
          0.034554,
          -0.922042,
          -0.385546,
          1.473176
        ],
        [
          0.0,
          0.0,
          0.0,
          1.0
        ]
      ]
    },
    {
      "file_path": "/media/NFS/ttao/scannet/posed_images/scene0357_01/00172.jpg",
      "transform_matrix": [
        [
          -0.198955,
          0.367438,
          -0.908519,
          2.442883
        ],
        [
          0.979386,
          0.10759,
          -0.170961,
          1.919075
        ],
        [
          0.03493,
          -0.923804,
          -0.38127,
          1.516242
        ],
        [
          0.0,
          0.0,
          0.0,
          1.0
        ]
      ]
    },
    {
      "file_path": "/media/NFS/ttao/scannet/posed_images/scene0357_01/00175.jpg",
      "transform_matrix": [
        [
          -0.237412,
          0.325219,
          -0.915351,
          2.395992
        ],
        [
          0.971159,
          0.100826,
          -0.216064,
          1.935301
        ],
        [
          0.022023,
          -0.940248,
          -0.339777,
          1.519572
        ],
        [
          0.0,
          0.0,
          0.0,
          1.0
        ]
      ]
    },
    {
      "file_path": "/media/NFS/ttao/scannet/posed_images/scene0357_01/00180.jpg",
      "transform_matrix": [
        [
          -0.339129,
          0.268739,
          -0.901538,
          2.319673
        ],
        [
          0.940665,
          0.108966,
          -0.321365,
          2.004857
        ],
        [
          0.011874,
          -0.95703,
          -0.289747,
          1.528059
        ],
        [
          0.0,
          0.0,
          0.0,
          1.0
        ]
      ]
    },
    {
      "file_path": "/media/NFS/ttao/scannet/posed_images/scene0357_01/00182.jpg",
      "transform_matrix": [
        [
          -0.347915,
          0.246938,
          -0.904421,
          2.29257
        ],
        [
          0.936884,
          0.127264,
          -0.325656,
          2.005705
        ],
        [
          0.034684,
          -0.960638,
          -0.275629,
          1.553375
        ],
        [
          0.0,
          0.0,
          0.0,
          1.0
        ]
      ]
    },
    {
      "file_path": "/media/NFS/ttao/scannet/posed_images/scene0357_01/00185.jpg",
      "transform_matrix": [
        [
          -0.377025,
          0.222663,
          -0.89904,
          2.255289
        ],
        [
          0.925494,
          0.128543,
          -0.356283,
          2.002656
        ],
        [
          0.036235,
          -0.966384,
          -0.254537,
          1.576694
        ],
        [
          0.0,
          0.0,
          0.0,
          1.0
        ]
      ]
    },
    {
      "file_path": "/media/NFS/ttao/scannet/posed_images/scene0357_01/00189.jpg",
      "transform_matrix": [
        [
          -0.414111,
          0.177869,
          -0.892679,
          2.209584
        ],
        [
          0.909536,
          0.11907,
          -0.398205,
          2.003694
        ],
        [
          0.035463,
          -0.976824,
          -0.211086,
          1.593249
        ],
        [
          0.0,
          0.0,
          0.0,
          1.0
        ]
      ]
    },
    {
      "file_path": "/media/NFS/ttao/scannet/posed_images/scene0357_01/00190.jpg",
      "transform_matrix": [
        [
          -0.436678,
          0.176657,
          -0.882102,
          2.177742
        ],
        [
          0.898965,
          0.123022,
          -0.420389,
          2.03301
        ],
        [
          0.034253,
          -0.976554,
          -0.21253,
          1.605073
        ],
        [
          0.0,
          0.0,
          0.0,
          1.0
        ]
      ]
    },
    {
      "file_path": "/media/NFS/ttao/scannet/posed_images/scene0357_01/00195.jpg",
      "transform_matrix": [
        [
          -0.480231,
          0.147853,
          -0.864591,
          2.122873
        ],
        [
          0.876797,
          0.108547,
          -0.468449,
          2.001179
        ],
        [
          0.024587,
          -0.983035,
          -0.181765,
          1.627212
        ],
        [
          0.0,
          0.0,
          0.0,
          1.0
        ]
      ]
    },
    {
      "file_path": "/media/NFS/ttao/scannet/posed_images/scene0357_01/00197.jpg",
      "transform_matrix": [
        [
          -0.495588,
          0.134583,
          -0.858068,
          2.095027
        ],
        [
          0.868193,
          0.105398,
          -0.484905,
          1.993352
        ],
        [
          0.025179,
          -0.985281,
          -0.169078,
          1.633025
        ],
        [
          0.0,
          0.0,
          0.0,
          1.0
        ]
      ]
    },
    {
      "file_path": "/media/NFS/ttao/scannet/posed_images/scene0357_01/00200.jpg",
      "transform_matrix": [
        [
          -0.526614,
          0.120716,
          -0.84149,
          2.041341
        ],
        [
          0.849607,
          0.108583,
          -0.516118,
          2.003071
        ],
        [
          0.029068,
          -0.986731,
          -0.159742,
          1.641137
        ],
        [
          0.0,
          0.0,
          0.0,
          1.0
        ]
      ]
    },
    {
      "file_path": "/media/NFS/ttao/scannet/posed_images/scene0357_01/00202.jpg",
      "transform_matrix": [
        [
          -0.530809,
          0.111537,
          -0.84012,
          2.019299
        ],
        [
          0.846545,
          0.116618,
          -0.519386,
          1.972837
        ],
        [
          0.040042,
          -0.986894,
          -0.156323,
          1.655706
        ],
        [
          0.0,
          0.0,
          0.0,
          1.0
        ]
      ]
    },
    {
      "file_path": "/media/NFS/ttao/scannet/posed_images/scene0357_01/00207.jpg",
      "transform_matrix": [
        [
          -0.542548,
          0.075724,
          -0.836605,
          1.948872
        ],
        [
          0.838578,
          0.107258,
          -0.534119,
          1.936923
        ],
        [
          0.049286,
          -0.991343,
          -0.121693,
          1.679447
        ],
        [
          0.0,
          0.0,
          0.0,
          1.0
        ]
      ]
    },
    {
      "file_path": "/media/NFS/ttao/scannet/posed_images/scene0357_01/00210.jpg",
      "transform_matrix": [
        [
          -0.569202,
          0.064526,
          -0.819662,
          1.897392
        ],
        [
          0.820965,
          0.09918,
          -0.562299,
          1.935371
        ],
        [
          0.045011,
          -0.992975,
          -0.109428,
          1.684493
        ],
        [
          0.0,
          0.0,
          0.0,
          1.0
        ]
      ]
    },
    {
      "file_path": "/media/NFS/ttao/scannet/posed_images/scene0357_01/00212.jpg",
      "transform_matrix": [
        [
          -0.576794,
          0.055487,
          -0.815003,
          1.874978
        ],
        [
          0.81538,
          0.099739,
          -0.57027,
          1.913336
        ],
        [
          0.049645,
          -0.993465,
          -0.102772,
          1.678151
        ],
        [
          0.0,
          0.0,
          0.0,
          1.0
        ]
      ]
    },
    {
      "file_path": "/media/NFS/ttao/scannet/posed_images/scene0357_01/00214.jpg",
      "transform_matrix": [
        [
          -0.58807,
          0.059568,
          -0.806614,
          1.845365
        ],
        [
          0.807146,
          0.107162,
          -0.580544,
          1.902493
        ],
        [
          0.051857,
          -0.992456,
          -0.111099,
          1.6772
        ],
        [
          0.0,
          0.0,
          0.0,
          1.0
        ]
      ]
    },
    {
      "file_path": "/media/NFS/ttao/scannet/posed_images/scene0357_01/00219.jpg",
      "transform_matrix": [
        [
          -0.622304,
          0.071484,
          -0.779505,
          1.769263
        ],
        [
          0.780946,
          0.12474,
          -0.612016,
          1.879822
        ],
        [
          0.053486,
          -0.989611,
          -0.133451,
          1.671823
        ],
        [
          0.0,
          0.0,
          0.0,
          1.0
        ]
      ]
    },
    {
      "file_path": "/media/NFS/ttao/scannet/posed_images/scene0357_01/00220.jpg",
      "transform_matrix": [
        [
          -0.636594,
          0.075447,
          -0.7675,
          1.741227
        ],
        [
          0.768855,
          0.139628,
          -0.623992,
          1.892767
        ],
        [
          0.060086,
          -0.987326,
          -0.146894,
          1.684751
        ],
        [
          0.0,
          0.0,
          0.0,
          1.0
        ]
      ]
    },
    {
      "file_path": "/media/NFS/ttao/scannet/posed_images/scene0357_01/00225.jpg",
      "transform_matrix": [
        [
          -0.681438,
          0.060857,
          -0.729341,
          1.661619
        ],
        [
          0.728378,
          0.153704,
          -0.667713,
          1.875072
        ],
        [
          0.071467,
          -0.986241,
          -0.149067,
          1.677163
        ],
        [
          0.0,
          0.0,
          0.0,
          1.0
        ]
      ]
    },
    {
      "file_path": "/media/NFS/ttao/scannet/posed_images/scene0357_01/00226.jpg",
      "transform_matrix": [
        [
          -0.693538,
          0.058575,
          -0.718035,
          1.645755
        ],
        [
          0.716694,
          0.157339,
          -0.679408,
          1.872628
        ],
        [
          0.073178,
          -0.985806,
          -0.151101,
          1.675774
        ],
        [
          0.0,
          0.0,
          0.0,
          1.0
        ]
      ]
    },
    {
      "file_path": "/media/NFS/ttao/scannet/posed_images/scene0357_01/00229.jpg",
      "transform_matrix": [
        [
          -0.730435,
          0.062131,
          -0.68015,
          1.60146
        ],
        [
          0.678576,
          0.178955,
          -0.712397,
          1.863748
        ],
        [
          0.077454,
          -0.981894,
          -0.172876,
          1.666834
        ],
        [
          0.0,
          0.0,
          0.0,
          1.0
        ]
      ]
    },
    {
      "file_path": "/media/NFS/ttao/scannet/posed_images/scene0357_01/00232.jpg",
      "transform_matrix": [
        [
          -0.764625,
          0.063007,
          -0.641388,
          1.552563
        ],
        [
          0.640106,
          0.189935,
          -0.744439,
          1.867877
        ],
        [
          0.074917,
          -0.979773,
          -0.18556,
          1.647053
        ],
        [
          0.0,
          0.0,
