{
  "frames": [
    {
      "file_path": "/media/NFS/ttao/scannet/posed_images/scene0247_01/00004.jpg",
      "transform_matrix": [
        [
          0.639159,
          -0.244139,
          0.729296,
          6.556217
        ],
        [
          -0.766623,
          -0.126593,
          0.629494,
          3.082194
        ],
        [
          -0.06136,
          -0.961442,
          -0.268075,
          1.374402
        ],
        [
          0.0,
          0.0,
          0.0,
          1.0
        ]
      ]
    },
    {
      "file_path": "/media/NFS/ttao/scannet/posed_images/scene0247_01/00020.jpg",
      "transform_matrix": [
        [
          0.640854,
          -0.253924,
          0.724451,
          6.609489
        ],
        [
          -0.766342,
          -0.156293,
          0.623131,
          3.042271
        ],
        [
          -0.045001,
          -0.954513,
          -0.294753,
          1.340914
        ],
        [
          0.0,
          0.0,
          0.0,
          1.0
        ]
      ]
    },
    {
      "file_path": "/media/NFS/ttao/scannet/posed_images/scene0247_01/00028.jpg",
      "transform_matrix": [
        [
          0.624567,
          -0.255016,
          0.738162,
          6.592278
        ],
        [
          -0.780823,
          -0.185512,
          0.596574,
          3.055467
        ],
        [
          -0.015198,
          -0.948974,
          -0.314987,
          1.308035
        ],
        [
          0.0,
          0.0,
          0.0,
          1.0
        ]
      ]
    },
    {
      "file_path": "/media/NFS/ttao/scannet/posed_images/scene0247_01/00044.jpg",
      "transform_matrix": [
        [
          0.546233,
          -0.144225,
          0.825123,
          6.514024
        ],
        [
          -0.836958,
          -0.054421,
          0.544556,
          3.117061
        ],
        [
          -0.033635,
          -0.988047,
          -0.150437,
          1.441392
        ],
        [
          0.0,
          0.0,
          0.0,
          1.0
        ]
      ]
    },
    {
      "file_path": "/media/NFS/ttao/scannet/posed_images/scene0247_01/00056.jpg",
      "transform_matrix": [
        [
          0.510007,
          -0.041218,
          0.859182,
          6.496661
        ],
        [
          -0.859776,
          0.00582,
          0.510639,
          3.101879
        ],
        [
          -0.026048,
          -0.999133,
          -0.03247,
          1.509122
        ],
        [
          0.0,
          0.0,
          0.0,
          1.0
        ]
      ]
    },
    {
      "file_path": "/media/NFS/ttao/scannet/posed_images/scene0247_01/00064.jpg",
      "transform_matrix": [
        [
          0.475319,
          0.025218,
          0.879452,
          6.469777
        ],
        [
          -0.879418,
          0.043601,
          0.474051,
          3.105492
        ],
        [
          -0.02639,
          -0.998731,
          0.042901,
          1.545689
        ],
        [
          0.0,
          0.0,
          0.0,
          1.0
        ]
      ]
    },
    {
      "file_path": "/media/NFS/ttao/scannet/posed_images/scene0247_01/00076.jpg",
      "transform_matrix": [
        [
          0.437028,
          0.114845,
          0.892086,
          6.44
        ],
        [
          -0.899279,
          0.075024,
          0.430893,
          2.985338
        ],
        [
          -0.017442,
          -0.990546,
          0.136066,
          1.550996
        ],
        [
          0.0,
          0.0,
          0.0,
          1.0
        ]
      ]
    },
    {
      "file_path": "/media/NFS/ttao/scannet/posed_images/scene0247_01/00100.jpg",
      "transform_matrix": [
        [
          0.262955,
          -0.03321,
          0.964237,
          6.354062
        ],
        [
          -0.963784,
          0.036997,
          0.264105,
          2.905048
        ],
        [
          -0.044445,
          -0.998764,
          -0.022278,
          1.440114
        ],
        [
          0.0,
          0.0,
          0.0,
          1.0
        ]
      ]
    },
    {
      "file_path": "/media/NFS/ttao/scannet/posed_images/scene0247_01/00112.jpg",
      "transform_matrix": [
        [
          0.254892,
          -0.128647,
          0.958374,
          6.37844
        ],
        [
          -0.966966,
          -0.031036,
          0.253011,
          2.934376
        ],
        [
          -0.002805,
          -0.991205,
          -0.132307,
          1.370841
        ],
        [
          0.0,
          0.0,
          0.0,
          1.0
        ]
      ]
    },
    {
      "file_path": "/media/NFS/ttao/scannet/posed_images/scene0247_01/00116.jpg",
      "transform_matrix": [
        [
          0.247832,
          -0.148813,
          0.957306,
          6.388287
        ],
        [
          -0.96878,
          -0.044977,
          0.24381,
          2.968629
        ],
        [
          0.006775,
          -0.987842,
          -0.155314,
          1.355164
        ],
        [
          0.0,
          0.0,
          0.0,
          1.0
        ]
      ]
    },
    {
      "file_path": "/media/NFS/ttao/scannet/posed_images/scene0247_01/00132.jpg",
      "transform_matrix": [
        [
          0.055113,
          -0.193614,
          0.979529,
          6.471594
        ],
        [
          -0.998473,
          -0.00707,
          0.054782,
          3.101393
        ],
        [
          -0.003682,
          -0.981052,
          -0.193708,
          1.354028
        ],
        [
          0.0,
          0.0,
          0.0,
          1.0
        ]
      ]
    },
    {
      "file_path": "/media/NFS/ttao/scannet/posed_images/scene0247_01/00148.jpg",
      "transform_matrix": [
        [
          -0.078725,
          -0.163531,
          0.983392,
          6.517306
        ],
        [
          -0.991689,
          0.113537,
          -0.060508,
          3.100956
        ],
        [
          -0.101757,
          -0.979983,
          -0.171111,
          1.354497
        ],
        [
          0.0,
          0.0,
          0.0,
          1.0
        ]
      ]
    },
    {
      "file_path": "/media/NFS/ttao/scannet/posed_images/scene0247_01/00160.jpg",
      "transform_matrix": [
        [
          -0.069292,
          -0.107603,
          0.991776,
          6.520183
        ],
        [
          -0.993136,
          0.101351,
          -0.058391,
          3.004108
        ],
        [
          -0.094235,
          -0.989015,
          -0.113887,
          1.370679
        ],
        [
          0.0,
          0.0,
          0.0,
          1.0
        ]
      ]
    },
    {
      "file_path": "/media/NFS/ttao/scannet/posed_images/scene0247_01/00180.jpg",
      "transform_matrix": [
        [
          0.090128,
          0.098601,
          0.991037,
          6.491532
        ],
        [
          -0.992506,
          0.091337,
          0.081175,
          2.89141
        ],
        [
          -0.082515,
          -0.990927,
          0.106094,
          1.498476
        ],
        [
          0.0,
          0.0,
          0.0,
          1.0
        ]
      ]
    },
    {
      "file_path": "/media/NFS/ttao/scannet/posed_images/scene0247_01/00193.jpg",
      "transform_matrix": [
        [
          0.11482,
          0.202191,
          0.972592,
          6.483321
        ],
        [
          -0.992809,
          0.056721,
          0.105416,
          2.937864
        ],
        [
          -0.033852,
          -0.977702,
          0.20725,
          1.545129
        ],
        [
          0.0,
          0.0,
          0.0,
          1.0
        ]
      ]
    },
    {
      "file_path": "/media/NFS/ttao/scannet/posed_images/scene0247_01/00201.jpg",
      "transform_matrix": [
        [
          0.120257,
          0.2246,
          0.967002,
          6.491173
        ],
        [
          -0.991889,
          0.067578,
          0.107656,
          2.986324
        ],
        [
          -0.041169,
          -0.972105,
          0.230905,
          1.559665
        ],
        [
          0.0,
          0.0,
          0.0,
          1.0
        ]
      ]
    },
    {
      "file_path": "/media/NFS/ttao/scannet/posed_images/scene0247_01/00217.jpg",
      "transform_matrix": [
        [
          0.077121,
          0.039139,
          0.996253,
          6.543722
        ],
        [
          -0.994603,
          0.072579,
          0.074142,
          3.159656
        ],
        [
          -0.069405,
          -0.996595,
          0.044525,
          1.483163
        ],
        [
          0.0,
          0.0,
          0.0,
          1.0
        ]
      ]
    },
    {
      "file_path": "/media/NFS/ttao/scannet/posed_images/scene0247_01/00233.jpg",
      "transform_matrix": [
        [
          0.113264,
          -0.256168,
          0.959974,
          6.647275
        ],
        [
          -0.993083,
          0.000894,
          0.117409,
          3.284586
        ],
        [
          -0.030934,
          -0.966632,
          -0.254295,
          1.387824
        ],
        [
          0.0,
          0.0,
          0.0,
          1.0
        ]
      ]
    },
    {
      "file_path": "/media/NFS/ttao/scannet/posed_images/scene0247_01/00249.jpg",
      "transform_matrix": [
        [
          0.134017,
          -0.37074,
          0.919016,
          6.816637
        ],
        [
          -0.989403,
          0.002228,
          0.14518,
          3.471206
        ],
        [
          -0.055872,
          -0.928734,
          -0.366513,
          1.361129
        ],
        [
          0.0,
          0.0,
          0.0,
          1.0
        ]
      ]
    },
    {
      "file_path": "/media/NFS/ttao/scannet/posed_images/scene0247_01/00253.jpg",
      "transform_matrix": [
        [
          0.126882,
          -0.366977,
          0.921536,
          6.871204
        ],
        [
          -0.991303,
          -0.014206,
          0.130831,
          3.525156
        ],
        [
          -0.034921,
          -0.930122,
          -0.365588,
          1.36702
        ],
        [
          0.0,
          0.0,
          0.0,
          1.0
        ]
      ]
    },
    {
      "file_path": "/media/NFS/ttao/scannet/posed_images/scene0247_01/00273.jpg",
      "transform_matrix": [
        [
          0.010985,
          -0.311365,
          0.950227,
          7.16466
        ],
        [
          -0.997977,
          0.0561,
          0.02992,
          3.719935
        ],
        [
          -0.062623,
          -0.948633,
          -0.310119,
          1.426753
        ],
        [
          0.0,
          0.0,
          0.0,
          1.0
        ]
      ]
    },
    {
      "file_path": "/media/NFS/ttao/scannet/posed_images/scene0247_01/00277.jpg",
      "transform_matrix": [
        [
          0.020191,
          -0.315721,
          0.948637,
          7.243164
        ],
        [
          -0.997682,
          0.055315,
          0.039645,
          3.718928
        ],
        [
          -0.064991,
          -0.947239,
          -0.313872,
          1.425807
        ],
        [
          0.0,
          0.0,
          0.0,
          1.0
        ]
      ]
    },
    {
      "file_path": "/media/NFS/ttao/scannet/posed_images/scene0247_01/00293.jpg",
      "transform_matrix": [
        [
          -0.011609,
          -0.324802,
          0.945711,
          7.486357
        ],
        [
          -0.999348,
          0.036104,
          0.000133,
          3.668765
        ],
        [
          -0.034187,
          -0.945093,
          -0.325009,
          1.426966
        ],
        [
          0.0,
          0.0,
          0.0,
          1.0
        ]
      ]
    },
    {
      "file_path": "/media/NFS/ttao/scannet/posed_images/scene0247_01/00313.jpg",
      "transform_matrix": [
        [
          -0.371416,
          -0.292839,
          0.881077,
          7.338144
        ],
        [
          -0.926344,
          0.181009,
          -0.330337,
          3.824431
        ],
        [
          -0.062747,
          -0.938872,
          -0.338499,
          1.414416
        ],
        [
          0.0,
          0.0,
          0.0,
          1.0
        ]
      ]
    },
    {
      "file_path": "/media/NFS/ttao/scannet/posed_images/scene0247_01/00329.jpg",
      "transform_matrix": [
        [
          -0.513093,
          -0.289682,
          0.807973,
          7.156055
        ],
        [
          -0.856245,
          0.238362,
          -0.458288,
          3.8579
        ],
        [
          -0.059832,
          -0.926967,
          -0.37034,
          1.43512
        ],
        [
          0.0,
          0.0,
          0.0,
          1.0
        ]
      ]
    },
    {
      "file_path": "/media/NFS/ttao/scannet/posed_images/scene0247_01/00333.jpg",
      "transform_matrix": [
        [
          -0.512419,
          -0.292014,
          0.807561,
          7.08135
        ],
        [
          -0.856552,
          0.240837,
          -0.456418,
          3.850896
        ],
        [
          -0.06121,
          -0.925595,
          -0.373534,
          1.435976
        ],
        [
          0.0,
          0.0,
          0.0,
          1.0
        ]
      ]
    },
    {
      "file_path": "/media/NFS/ttao/scannet/posed_images/scene0247_01/00345.jpg",
      "transform_matrix": [
        [
          -0.36469,
          -0.201996,
          0.908955,
          6.821357
        ],
        [
          -0.922829,
          0.208458,
          -0.323931,
          3.788887
        ],
        [
          -0.124046,
          -0.956945,
          -0.26243,
          1.432971
        ],
        [
          0.0,
          0.0,
          0.0,
          1.0
        ]
      ]
    },
    {
      "file_path": "/media/NFS/ttao/scannet/posed_images/scene0247_01/00361.jpg",
      "transform_matrix": [
        [
          -0.332388,
          -0.141351,
          0.932491,
          6.704376
        ],
        [
          -0.938582,
          0.146694,
          -0.312322,
          3.577669
        ],
        [
          -0.092644,
          -0.979031,
          -0.181428,
          1.403359
        ],
        [
          0.0,
          0.0,
          0.0,
          1.0
        ]
      ]
    },
    {
      "file_path": "/media/NFS/ttao/scannet/posed_images/scene0247_01/00377.jpg",
      "transform_matrix": [
        [
          -0.236418,
          -0.089585,
          0.967513,
          6.58993
        ],
        [
          -0.96216,
          0.160424,
          -0.220256,
          3.274924
        ],
        [
          -0.135481,
          -0.982975,
          -0.124123,
          1.416452
        ],
        [
          0.0,
          0.0,
          0.0,
          1.0
        ]
      ]
    },
    {
      "file_path": "/media/NFS/ttao/scannet/posed_images/scene0247_01/00393.jpg",
      "transform_matrix": [
        [
          -0.293063,
          -0.159728,
          0.942657,
          6.512686
        ],
        [
          -0.951452,
          0.145759,
          -0.271099,
          3.046409
        ],
        [
          -0.094098,
          -0.976341,
          -0.19469,
          1.400076
        ],
        [
          0.0,
          0.0,
          0.0,
          1.0
        ]
      ]
    },
    {
      "file_path": "/media/NFS/ttao/scannet/posed_images/scene0247_01/00405.jpg",
      "transform_matrix": [
        [
          -0.341802,
          -0.21802,
          0.914133,
          6.508309
        ],
        [
          -0.938853,
          0.122221,
          -0.321895,
          2.910552
        ],
        [
          -0.041547,
          -0.968261,
          -0.246465,
          1.369013
        ],
        [
          0.0,
          0.0,
          0.0,
          1.0
        ]
      ]
    },
    {
      "file_path": "/media/NFS/ttao/scannet/posed_images/scene0247_01/00417.jpg",
      "transform_matrix": [
        [
          -0.378132,
          -0.191406,
          0.905748,
          6.479248
        ],
        [
          -0.92413,
          0.135932,
          -0.35708,
          2.749314
        ],
        [
          -0.054773,
          -0.972053,
          -0.228285,
          1.397108
        ],
        [
          0.0,
          0.0,
          0.0,
          1.0
        ]
      ]
    },
    {
      "file_path": "/media/NFS/ttao/scannet/posed_images/scene0247_01/00429.jpg",
      "transform_matrix": [
        [
          -0.469427,
          -0.212357,
          0.857055,
          6.446759
        ],
        [
          -0.881081,
          0.17613,
          -0.438946,
          2.639027
        ],
        [
          -0.05774,
          -0.961188,
          -0.269784,
          1.384573
        ],
        [
          0.0,
          0.0,
          0.0,
          1.0
        ]
      ]
    },
    {
      "file_path": "/media/NFS/ttao/scannet/posed_images/scene0247_01/00437.jpg",
      "transform_matrix": [
        [
          -0.528741,
          -0.225908,
          0.818168,
          6.435664
        ],
        [
          -0.847393,
          0.195658,
          -0.493603,
          2.576844
        ],
        [
          -0.048572,
          -0.954297,
          -0.294885,
          1.364775
        ],
        [
          0.0,
          0.0,
          0.0,
          1.0
        ]
      ]
    },
    {
      "file_path": "/media/NFS/ttao/scannet/posed_images/scene0247_01/00453.jpg",
      "transform_matrix": [
        [
          -0.664785,
          -0.152866,
          0.731227,
          6.524983
        ],
        [
          -0.744992,
          0.208011,
          -0.633813,
          2.689672
        ],
        [
          -0.055215,
          -0.966107,
          -0.252167,
          1.338623
        ],
        [
          0.0,
          0.0,
          0.0,
          1.0
        ]
      ]
    },
    {
      "file_path": "/media/NFS/ttao/scannet/posed_images/scene0247_01/00473.jpg",
      "transform_matrix": [
        [
          -0.805267,
          -0.081532,
          0.587281,
          6.547629
        ],
        [
          -0.591348,
          0.182373,
          -0.785524,
          2.911251
        ],
        [
          -0.043059,
          -0.979843,
          -0.195072,
          1.37358
        ],
        [
          0.0,
          0.0,
          0.0,
          1.0
        ]
      ]
    },
    {
      "file_path": "/media/NFS/ttao/scannet/posed_images/scene0247_01/00481.jpg",
      "transform_matrix": [
        [
          -0.827549,
          -0.090689,
          0.554021,
          6.538695
        ],
        [
          -0.559945,
          0.2042,
          -0.802972,
          2.987379
        ],
        [
          -0.04031,
          -0.97472,
          -0.219766,
          1.403515
        ],
        [
          0.0,
          0.0,
          0.0,
          1.0
        ]
      ]
    },
    {
      "file_path": "/media/NFS/ttao/scannet/posed_images/scene0247_01/00501.jpg",
      "transform_matrix": [
        [
          -0.906408,
          -0.05353,
          0.418999,
          6.595275
        ],
        [
          -0.420747,
          0.202194,
          -0.884358,
          3.128284
        ],
        [
          -0.037379,
          -0.977882,
          -0.205793,
          1.436874
        ],
        [
          0.0,
          0.0,
          0.0,
          1.0
        ]
      ]
    },
    {
      "file_path": "/media/NFS/ttao/scannet/posed_images/scene0247_01/00509.jpg",
      "transform_matrix": [
        [
          -0.928885,
          -0.054893,
          0.366278,
          6.674667
        ],
        [
          -0.368122,
          0.245581,
          -0.896759,
          3.184198
        ],
        [
          -0.040725,
          -0.967821,
          -0.248323,
          1.439187
        ],
        [
          0.0,
          0.0,
          0.0,
          1.0
        ]
      ]
    },
    {
      "file_path": "/media/NFS/ttao/scannet/posed_images/scene0247_01/00529.jpg",
      "transform_matrix": [
        [
          -0.97013,
          -0.015405,
          0.242096,
          6.7179
        ],
        [
          -0.239259,
          0.225474,
          -0.944413,
          3.128525
        ],
        [
          -0.040037,
          -0.974128,
          -0.222425,
          1.437611
        ],
        [
          0.0,
          0.0,
          0.0,
          1.0
        ]
      ]
    },
    {
      "file_path": "/media/NFS/ttao/scannet/posed_images/scene0247_01/00541.jpg",
      "transform_matrix": [
        [
          -0.987184,
          0.003256,
          0.159553,
          6.751045
        ],
        [
          -0.154,
          0.242767,
          -0.957783,
          3.045683
        ],
        [
          -0.041853,
          -0.970079,
          -0.239155,
          1.45493
        ],
        [
          0.0,
          0.0,
          0.0,
          1.0
        ]
      ]
    },
    {
      "file_path": "/media/NFS/ttao/scannet/posed_images/scene0247_01/00545.jpg",
      "transform_matrix": [
        [
          -0.989875,
          -0.00126,
          0.141937,
          6.797574
        ],
        [
          -0.138236,
          0.235605,
          -0.961967,
          3.033849
        ],
        [
          -0.032229,
          -0.971848,
          -0.233394,
          1.451077
        ],
        [
          0.0,
          0.0,
          0.0,
          1.0
        ]
      ]
    },
    {
      "file_path": "/media/NFS/ttao/scannet/posed_images/scene0247_01/00558.jpg",
      "transform_matrix": [
        [
          -0.99796,
          0.020363,
          0.060512,
          6.990808
        ],
        [
          -0.054354,
          0.226272,
          -0.972546,
          3.042013
        ],
        [
          -0.033496,
          -0.973851,
          -0.224704,
          1.454369
        ],
        [
          0.0,
          0.0,
          0.0,
          1.0
        ]
      ]
    },
    {
      "file_path": "/media/NFS/ttao/scannet/posed_images/scene0247_01/00574.jpg",
      "transform_matrix": [
        [
          -0.991676,
          0.074371,
          -0.105109,
          7.178948
        ],
        [
          0.118851,
          0.214699,
          -0.969422,
          2.974245
        ],
        [
          -0.04953,
          -0.973845,
          -0.221751,
          1.432172
        ],
        [
          0.0,
          0.0,
          0.0,
          1.0
        ]
      ]
    },
    {
      "file_path": "/media/NFS/ttao/scannet/posed_images/scene0247_01/00594.jpg",
      "transform_matrix": [
        [
          -0.941924,
          0.119648,
          -0.313791,
          7.488615
        ],
        [
          0.334486,
          0.250826,
          -0.908408,
          2.732064
        ],
        [
          -0.029982,
          -0.960609,
          -0.27628,
          1.384946
        ],
        [
          0.0,
          0.0,
          0.0,
          1.0
        ]
      ]
    },
    {
      "file_path": "/media/NFS/ttao/scannet/posed_images/scene0247_01/00606.jpg",
      "transform_matrix": [
        [
          -0.917614,
          0.150883,
          -0.367721,
          7.655016
        ],
        [
          0.396262,
          0.275116,
          -0.87595,
          2.578221
        ],
        [
          -0.031,
          -0.949498,
          -0.312239,
          1.389363
        ],
        [
          0.0,
          0.0,
          0.0,
          1.0
        ]
      ]
    },
    {
      "file_path": "/media/NFS/ttao/scannet/posed_images/scene0247_01/00614.jpg",
      "transform_matrix": [
        [
          -0.8919,
          0.16288,
          -0.421881,
          7.741745
        ],
        [
          0.452115,
          0.299929,
          -0.840021,
          2.450734
        ],
        [
          -0.010288,
          -0.939954,
          -0.341148,
          1.348715
        ],
        [
          0.0,
          0.0,
          0.0,
          1.0
        ]
      ]
    },
    {
      "file_path": "/media/NFS/ttao/scannet/posed_images/scene0247_01/00626.jpg",
      "transform_matrix": [
        [
          -0.885437,
          0.169867,
          -0.432605,
          7.790044
        ],
        [
          0.464758,
          0.320904,
          -0.82524,
          2.257315
        ],
        [
          -0.001356,
          -0.931754,
          -0.363087,
          1.328917
        ],
        [
          0.0,
          0.0,
          0.0,
          1.0
        ]
      ]
    },
    {
      "file_path": "/media/NFS/ttao/scannet/posed_images/scene0247_01/00646.jpg",
      "transform_matrix": [
        [
          -0.860246,
          0.240219,
          -0.449747,
          7.783342
        ],
        [
          0.507622,
          0.320572,
          -0.799721,
          2.188622
        ],
        [
          -0.047932,
          -0.916258,
          -0.397711,
          1.377517
        ],
        [
          0.0,
          0.0,
          0.0,
          1.0
        ]
      ]
    },
    {
      "file_path": "/media/NFS/ttao/scannet/posed_images/scene0247_01/00658.jpg",
      "transform_matrix": [
        [
          -0.926761,
          0.186103,
          -0.326311,
          7.654598
        ],
        [
          0.370247,
          0.305724,
          -0.877183,
          2.423632
        ],
        [
          -0.063486,
          -0.933755,
          -0.352238,
          1.418376
        ],
        [
          0.0,
          0.0,
          0.0,
          1.0
        ]
      ]
    },
    {
      "file_path": "/media/NFS/ttao/scannet/posed_images/scene0247_01/00670.jpg",
      "transform_matrix": [
        [
          -0.943537,
          0.19249,
          -0.269602,
          7.473076
        ],
        [
          0.308913,
          0.217368,
          -0.925918,
          2.580373
        ],
        [
          -0.119627,
          -0.956922,
          -0.264557,
          1.44752
        ],
        [
          0.0,
          0.0,
          0.0,
          1.0
        ]
      ]
    },
    {
      "file_path": "/media/NFS/ttao/scannet/posed_images/scene0247_01/00690.jpg",
      "transform_matrix": [
        [
          -0.930135,
          0.145618,
          -0.337112,
          7.090547
        ],
        [
          0.36292,
          0.224477,
          -0.904378,
          2.657704
        ],
        [
          -0.05602,
          -0.963538,
          -0.261642,
          1.412175
        ],
        [
          0.0,
          0.0,
          0.0,
          1.0
        ]
      ]
    },
    {
      "file_path": "/media/NFS/ttao/scannet/posed_images/scene0247_01/00698.jpg",
      "transform_matrix": [
        [
          -0.955413,
          0.13868,
          -0.26068,
          6.927207
        ],
        [
          0.287943,
          0.242094,
          -0.926542,
          2.714298
        ],
        [
          -0.065384,
          -0.960291,
          -0.271232,
          1.403524
        ],
        [
          0.0,
          0.0,
          0.0,
          1.0
        ]
      ]
    },
    {
      "file_path": "/media/NFS/ttao/scannet/posed_images/scene0247_01/00706.jpg",
      "transform_matrix": [
        [
          -0.973261,
          0.131002,
          -0.188683,
          6.798718
        ],
        [
          0.217293,
          0.25875,
          -0.941186,
          2.736225
        ],
        [
          -0.074476,
          -0.95702,
          -0.280297,
          1.38914
        ],
        [
          0.0,
          0.0,
          0.0,
          1.0
        ]
      ]
    },
    {
      "file_path": "/media/NFS/ttao/scannet/posed_images/scene0247_01/00718.jpg",
      "transform_matrix": [
        [
          -0.984795,
          0.064935,
          -0.161131,
          6.618297
        ],
        [
          0.173431,
          0.313695,
          -0.933551,
          2.710134
        ],
        [
          -0.010074,
          -0.947301,
          -0.320186,
          1.366856
        ],
        [
          0.0,
          0.0,
          0.0,
          1.0
        ]
      ]
    },
    {
      "file_path": "/media/NFS/ttao/scannet/posed_images/scene0247_01/00738.jpg",
      "transform_matrix": [
        [
          -0.998379,
          -0.019241,
          0.053558,
          6.338482
        ],
        [
          -0.056382,
          0.20656,
          -0.976808,
          2.703477
        ],
        [
          0.007732,
          -0.978245,
          -0.20731,
          1.43496
        ],
        [
          0.0,
          0.0,
          0.0,
          1.0
        ]
      ]
    },
    {
      "file_path": "/media/NFS/ttao/scannet/posed_images/scene0247_01/00750.jpg",
      "transform_matrix": [
        [
          -0.988747,
          0.019079,
          0.148374,
          6.215877
        ],
        [
          -0.141685,
          0.198818,
          -0.969741,
          2.650625
        ],
        [
          -0.048001,
          -0.979851,
          -0.193877,
          1.434677
        ],
        [
          0.0,
          0.0,
          0.0,
          1.0
        ]
      ]
    },
    {
      "file_path": "/media/NFS/ttao/scannet/posed_images/scene0247_01/00758.jpg",
      "transform_matrix": [
        [
          -0.990006,
          0.023255,
          0.139095,
          6.207059
        ],
        [
          -0.132263,
          0.189136,
          -0.973003,
          2.57724
        ],
        [
          -0.048935,
          -0.981676,
          -0.18417,
          1.413113
        ],
        [
          0.0,
          0.0,
          0.0,
          1.0
        ]
      ]
    },
    {
      "file_path": "/media/NFS/ttao/scannet/posed_images/scene0247_01/00774.jpg",
      "transform_matrix": [
        [
          -0.976157,
          0.032304,
          0.214648,
          6.179119
        ],
        [
          -0.209933,
          0.110895,
          -0.971407,
          2.366265
        ],
        [
          -0.055184,
          -0.993307,
          -0.101469,
          1.438582
        ],
        [
          0.0,
          0.0,
          0.0,
          1.0
        ]
      ]
    },
    {
      "file_path": "/media/NFS/ttao/scannet/posed_images/scene0247_01/00786.jpg",
      "transform_matrix": [
        [
          -0.979484,
          0.037542,
          0.197998,
          6.099442
        ],
        [
          -0.189668,
          0.160316,
          -0.968672,
          2.239093
        ],
        [
          -0.068108,
          -0.986352,
          -0.149906,
          1.403385
        ],
        [
          0.0,
          0.0,
          0.0,
          1.0
        ]
      ]
    },
    {
      "file_path": "/media/NFS/ttao/scannet/posed_images/scene0247_01/00810.jpg",
      "transform_matrix": [
        [
          -0.90729,
          -0.099241,
          0.408626,
          5.718191
        ],
        [
          -0.418776,
          0.301268,
          -0.856659,
          2.102985
        ],
        [
          -0.03809,
          -0.948361,
          -0.314897,
          1.368039
        ],
        [
          0.0,
          0.0,
          0.0,
          1.0
        ]
      ]
    },
    {
      "file_path": "/media/NFS/ttao/scannet/posed_images/scene0247_01/00822.jpg",
      "transform_matrix": [
        [
          -0.845733,
          -0.135336,
          0.516158,
          5.619043
        ],
        [
          -0.532336,
          0.280698,
          -0.798641,
          2.038589
        ],
        [
          -0.0368,
          -0.950207,
          -0.309439,
          1.389594
        ],
        [
          0.0,
          0.0,
          0.0,
          1.0
        ]
      ]
    },
    {
      "file_path": "/media/NFS/ttao/scannet/posed_images/scene0247_01/00834.jpg",
      "transform_matrix": [
        [
          -0.804722,
          -0.100293,
          0.585119,
          5.458499
        ],
        [
          -0.593341,
          0.167803,
          -0.787267,
          1.978471
        ],
        [
          -0.019227,
          -0.980706,
          -0.194543,
          1.441312
        ],
        [
          0.0,
          0.0,
          0.0,
          1.0
        ]
      ]
    },
    {
      "file_path": "/media/NFS/ttao/scannet/posed_images/scene0247_01/00846.jpg",
      "transform_matrix": [
        [
          -0.715703,
          -0.121878,
          0.687689,
          5.23658
        ],
        [
          -0.697924,
          0.08827,
          -0.710711,
          1.976548
        ],
        [
          0.025918,
          -0.988612,
          -0.148237,
          1.441636
        ],
        [
          0.0,
          0.0,
          0.0,
          1.0
        ]
      ]
    },
    {
      "file_path": "/media/NFS/ttao/scannet/posed_images/scene0247_01/00854.jpg",
      "transform_matrix": [
        [
          -0.683834,
          -0.110121,
          0.72128,
          5.126407
        ],
        [
          -0.729636,
          0.101349,
          -0.676283,
          1.971025
        ],
        [
          0.001372,
          -0.988738,
          -0.149654,
          1.443526
        ],
        [
          0.0,
          0.0,
          0.0,
          1.0
        ]
      ]
    },
    {
      "file_path": "/media/NFS/ttao/scannet/posed_images/scene0247_01/00870.jpg",
      "transform_matrix": [
        [
          -0.663197,
          -0.240243,
          0.708839,
          5.031037
        ],
        [
          -0.748332,
          0.196429,
          -0.633573,
          2.01053
        ],
        [
          0.012975,
          -0.950631,
          -0.310053,
          1.354318
        ],
        [
          0.0,
          0.0,
          0.0,
          1.0
        ]
      ]
    },
    {
      "file_path": "/media/NFS/ttao/scannet/posed_images/scene0247_01/00882.jpg",
      "transform_matrix": [
        [
          -0.606877,
          -0.279801,
          0.743917,
          4.940965
        ],
        [
          -0.794729,
          0.201493,
          -0.572544,
          1.97354
        ],
        [
          0.010305,
          -0.938676,
          -0.344647,
          1.352295
        ],
        [
          0.0,
          0.0,
          0.0,
          1.0
        ]
      ]
    },
    {
      "file_path": "/media/NFS/ttao/scannet/posed_images/scene0247_01/00898.jpg",
      "transform_matrix": [
        [
          -0.521726,
          -0.346006,
          0.779796,
          4.776094
        ],
        [
          -0.853016,
          0.225415,
          -0.470694,
          1.914118
        ],
        [
          -0.012915,
          -0.910752,
          -0.412753,
          1.336954
        ],
        [
          0.0,
          0.0,
          0.0,
          1.0
        ]
      ]
    },
    {
      "file_path": "/media/NFS/ttao/scannet/posed_images/scene0247_01/00915.jpg",
      "transform_matrix": [
        [
          -0.629059,
          -0.374437,
          0.681236,
          4.689162
        ],
        [
          -0.777052,
          0.278315,
          -0.564562,
          2.03359
        ],
        [
          0.021795,
          -0.884499,
          -0.466034,
          1.312151
        ],
        [
          0.0,
          0.0,
          0.0,
          1.0
        ]
      ]
    },
    {
      "file_path": "/media/NFS/ttao/scannet/posed_images/scene0247_01/00919.jpg",
      "transform_matrix": [
        [
          -0.642656,
          -0.372483,
          0.669515,
          4.667988
        ],
        [
          -0.765899,
          0.289747,
          -0.573973,
          2.041945
        ],
        [
          0.019805,
          -0.881648,
          -0.471491,
          1.312821
        ],
        [
          0.0,
          0.0,
          0.0,
          1.0
        ]
      ]
    },
    {
      "file_path": "/media/NFS/ttao/scannet/posed_images/scene0247_01/00935.jpg",
      "transform_matrix": [
        [
          -0.69978,
          -0.327971,
          0.634621,
          4.608871
        ],
        [
          -0.713263,
          0.27159,
          -0.646138,
          2.052043
        ],
        [
          0.039557,
          -0.904806,
          -0.423983,
          1.35796
        ],
        [
          0.0,
          0.0,
          0.0,
          1.0
        ]
      ]
    },
    {
      "file_path": "/media/NFS/ttao/scannet/posed_images/scene0247_01/00951.jpg",
      "transform_matrix": [
        [
          -0.749291,
          -0.212022,
          0.627383,
          4.738794
        ],
        [
          -0.658968,
          0.144628,
          -0.738136,
          2.022146
        ],
        [
          0.065764,
          -0.966504,
          -0.248084,
          1.427447
        ],
        [
          0.0,
          0.0,
          0.0,
          1.0
        ]
      ]
    },
    {
      "file_path": "/media/NFS/ttao/scannet/posed_images/scene0247_01/00959.jpg",
      "transform_matrix": [
        [
          -0.779995,
          -0.197215,
          0.593898,
          4.840152
        ],
        [
          -0.619259,
          0.106535,
          -0.777926,
          2.007233
        ],
        [
          0.090148,
          -0.974555,
          -0.205223,
          1.436032
        ],
        [
          0.0,
          0.0,
          0.0,
          1.0
        ]
      ]
    },
    {
      "file_path": "/media/NFS/ttao/scannet/posed_images/scene0247_01/00983.jpg",
      "transform_matrix": [
        [
          -0.957765,
          -0.081131,
          0.275868,
          5.219592
        ],
        [
          -0.28332,
          0.10228,
          -0.953556,
          1.917223
        ],
        [
          0.049147,
          -0.991442,
          -0.120947,
          1.4566
        ],
        [
          0.0,
          0.0,
          0.0,
          1.0
        ]
      ]
    },
    {
      "file_path": "/media/NFS/ttao/scannet/posed_images/scene0247_01/00987.jpg",
      "transform_matrix": [
        [
          -0.975201,
          -0.056446,
          0.214003,
          5.278118
        ],
        [
          -0.219266,
          0.114917,
          -0.968874,
          1.914119
        ],
        [
          0.030097,
          -0.99177,
          -0.124444,
          1.455628
        ],
        [
          0.0,
          0.0,
          0.0,
          1.0
        ]
      ]
    },
    {
      "file_path": "/media/NFS/ttao/scannet/posed_images/scene0247_01/01011.jpg",
      "transform_matrix": [
        [
          -0.998958,
          -0.035544,
          0.028612,
          5.740772
        ],
        [
          -0.035503,
          0.211567,
          -0.976719,
          2.049256
        ],
        [
          0.028663,
          -0.976717,
          -0.212608,
          1.395422
        ],
        [
          0.0,
          0.0,
          0.0,
          1.0
        ]
      ]
    },
    {
      "file_path": "/media/NFS/ttao/scannet/posed_images/scene0247_01/01023.jpg",
      "transform_matrix": [
        [
          -0.999272,
          -0.028318,
          0.025559,
          5.869804
        ],
        [
          -0.031698,
          0.24361,
          -0.969355,
          2.016866
        ],
        [
          0.021224,
          -0.96946,
          -0.244331,
          1.353672
        ],
        [
          0.0,
          0.0,
          0.0,
          1.0
        ]
      ]
    },
    {
      "file_path": "/media/NFS/ttao/scannet/posed_images/scene0247_01/01027.jpg",
      "transform_matrix": [
        [
          -0.999749,
          -0.011747,
          -0.019074,
          5.915266
        ],
        [
          0.015592,
          0.246477,
          -0.969023,
          1.999579
        ],
        [
          0.016084,
