{
  "frames": [
    {
      "file_path": "/media/NFS/ttao/scannet/posed_images/scene0428_00/00002.jpg",
      "transform_matrix": [
        [
          0.591679,
          -0.263642,
          0.761846,
          5.032527
        ],
        [
          -0.805472,
          -0.232772,
          0.545007,
          0.291069
        ],
        [
          0.03365,
          -0.936114,
          -0.350083,
          1.618188
        ],
        [
          0.0,
          0.0,
          0.0,
          1.0
        ]
      ]
    },
    {
      "file_path": "/media/NFS/ttao/scannet/posed_images/scene0428_00/00005.jpg",
      "transform_matrix": [
        [
          0.589151,
          -0.261478,
          0.764546,
          5.027734
        ],
        [
          -0.807133,
          -0.234831,
          0.541655,
          0.291164
        ],
        [
          0.037908,
          -0.936207,
          -0.349398,
          1.615957
        ],
        [
          0.0,
          0.0,
          0.0,
          1.0
        ]
      ]
    },
    {
      "file_path": "/media/NFS/ttao/scannet/posed_images/scene0428_00/00009.jpg",
      "transform_matrix": [
        [
          0.589625,
          -0.263123,
          0.763615,
          5.028718
        ],
        [
          -0.80671,
          -0.238101,
          0.540857,
          0.293562
        ],
        [
          0.039505,
          -0.934919,
          -0.352655,
          1.611791
        ],
        [
          0.0,
          0.0,
          0.0,
          1.0
        ]
      ]
    },
    {
      "file_path": "/media/NFS/ttao/scannet/posed_images/scene0428_00/00016.jpg",
      "transform_matrix": [
        [
          0.589517,
          -0.263569,
          0.763545,
          5.0249
        ],
        [
          -0.806572,
          -0.24325,
          0.538769,
          0.290578
        ],
        [
          0.04373,
          -0.933467,
          -0.355988,
          1.602205
        ],
        [
          0.0,
          0.0,
          0.0,
          1.0
        ]
      ]
    },
    {
      "file_path": "/media/NFS/ttao/scannet/posed_images/scene0428_00/00022.jpg",
      "transform_matrix": [
        [
          0.588853,
          -0.272606,
          0.760879,
          5.026729
        ],
        [
          -0.807298,
          -0.243827,
          0.537419,
          0.297031
        ],
        [
          0.039019,
          -0.930717,
          -0.363653,
          1.604149
        ],
        [
          0.0,
          0.0,
          0.0,
          1.0
        ]
      ]
    },
    {
      "file_path": "/media/NFS/ttao/scannet/posed_images/scene0428_00/00025.jpg",
      "transform_matrix": [
        [
          0.588766,
          -0.273869,
          0.760493,
          5.029146
        ],
        [
          -0.807392,
          -0.243934,
          0.537229,
          0.295886
        ],
        [
          0.03838,
          -0.930318,
          -0.364739,
          1.604847
        ],
        [
          0.0,
          0.0,
          0.0,
          1.0
        ]
      ]
    },
    {
      "file_path": "/media/NFS/ttao/scannet/posed_images/scene0428_00/00031.jpg",
      "transform_matrix": [
        [
          0.576905,
          -0.290511,
          0.763403,
          5.022418
        ],
        [
          -0.814838,
          -0.269614,
          0.513174,
          0.304957
        ],
        [
          0.056742,
          -0.918102,
          -0.392261,
          1.590216
        ],
        [
          0.0,
          0.0,
          0.0,
          1.0
        ]
      ]
    },
    {
      "file_path": "/media/NFS/ttao/scannet/posed_images/scene0428_00/00038.jpg",
      "transform_matrix": [
        [
          0.594575,
          -0.310131,
          0.741821,
          5.027682
        ],
        [
          -0.803375,
          -0.266679,
          0.532421,
          0.310373
        ],
        [
          0.032708,
          -0.912525,
          -0.407712,
          1.589539
        ],
        [
          0.0,
          0.0,
          0.0,
          1.0
        ]
      ]
    },
    {
      "file_path": "/media/NFS/ttao/scannet/posed_images/scene0428_00/00044.jpg",
      "transform_matrix": [
        [
          0.581842,
          -0.319993,
          0.747706,
          5.03627
        ],
        [
          -0.811636,
          -0.287269,
          0.508649,
          0.306369
        ],
        [
          0.052028,
          -0.902818,
          -0.426863,
          1.587698
        ],
        [
          0.0,
          0.0,
          0.0,
          1.0
        ]
      ]
    },
    {
      "file_path": "/media/NFS/ttao/scannet/posed_images/scene0428_00/00047.jpg",
      "transform_matrix": [
        [
          0.579682,
          -0.320492,
          0.749169,
          5.037002
        ],
        [
          -0.813239,
          -0.285222,
          0.507239,
          0.304311
        ],
        [
          0.051113,
          -0.90329,
          -0.425974,
          1.587608
        ],
        [
          0.0,
          0.0,
          0.0,
          1.0
        ]
      ]
    },
    {
      "file_path": "/media/NFS/ttao/scannet/posed_images/scene0428_00/00052.jpg",
      "transform_matrix": [
        [
          0.534856,
          -0.432163,
          0.726061,
          5.056522
        ],
        [
          -0.844585,
          -0.298475,
          0.44451,
          0.299283
        ],
        [
          0.024611,
          -0.850969,
          -0.524639,
          1.567195
        ],
        [
          0.0,
          0.0,
          0.0,
          1.0
        ]
      ]
    },
    {
      "file_path": "/media/NFS/ttao/scannet/posed_images/scene0428_00/00056.jpg",
      "transform_matrix": [
        [
          0.548639,
          -0.446682,
          0.706732,
          5.068936
        ],
        [
          -0.835814,
          -0.313526,
          0.450685,
          0.298937
        ],
        [
          0.020266,
          -0.83796,
          -0.545355,
          1.557261
        ],
        [
          0.0,
          0.0,
          0.0,
          1.0
        ]
      ]
    },
    {
      "file_path": "/media/NFS/ttao/scannet/posed_images/scene0428_00/00063.jpg",
      "transform_matrix": [
        [
          0.553333,
          -0.485039,
          0.67717,
          5.073657
        ],
        [
          -0.832678,
          -0.343271,
          0.434526,
          0.304569
        ],
        [
          0.021691,
          -0.804302,
          -0.593824,
          1.524252
        ],
        [
          0.0,
          0.0,
          0.0,
          1.0
        ]
      ]
    },
    {
      "file_path": "/media/NFS/ttao/scannet/posed_images/scene0428_00/00071.jpg",
      "transform_matrix": [
        [
          0.525995,
          -0.536068,
          0.660273,
          5.078149
        ],
        [
          -0.850351,
          -0.34542,
          0.396974,
          0.315326
        ],
        [
          0.015267,
          -0.77027,
          -0.637535,
          1.493443
        ],
        [
          0.0,
          0.0,
          0.0,
          1.0
        ]
      ]
    },
    {
      "file_path": "/media/NFS/ttao/scannet/posed_images/scene0428_00/00072.jpg",
      "transform_matrix": [
        [
          0.527515,
          -0.536407,
          0.658783,
          5.083148
        ],
        [
          -0.849432,
          -0.345713,
          0.398682,
          0.315254
        ],
        [
          0.013894,
          -0.769903,
          -0.63801,
          1.496347
        ],
        [
          0.0,
          0.0,
          0.0,
          1.0
        ]
      ]
    },
    {
      "file_path": "/media/NFS/ttao/scannet/posed_images/scene0428_00/00077.jpg",
      "transform_matrix": [
        [
          0.53424,
          -0.504193,
          0.678511,
          5.091822
        ],
        [
          -0.84468,
          -0.349944,
          0.405037,
          0.320965
        ],
        [
          0.033224,
          -0.789511,
          -0.612836,
          1.517712
        ],
        [
          0.0,
          0.0,
          0.0,
          1.0
        ]
      ]
    },
    {
      "file_path": "/media/NFS/ttao/scannet/posed_images/scene0428_00/00085.jpg",
      "transform_matrix": [
        [
          0.551889,
          -0.393052,
          0.735478,
          5.088577
        ],
        [
          -0.832993,
          -0.301351,
          0.464015,
          0.331712
        ],
        [
          0.039255,
          -0.868733,
          -0.493722,
          1.582482
        ],
        [
          0.0,
          0.0,
          0.0,
          1.0
        ]
      ]
    },
    {
      "file_path": "/media/NFS/ttao/scannet/posed_images/scene0428_00/00088.jpg",
      "transform_matrix": [
        [
          0.561704,
          -0.337554,
          0.755345,
          5.083994
        ],
        [
          -0.82577,
          -0.284926,
          0.486745,
          0.337379
        ],
        [
          0.050915,
          -0.897148,
          -0.438786,
          1.61493
        ],
        [
          0.0,
          0.0,
          0.0,
          1.0
        ]
      ]
    },
    {
      "file_path": "/media/NFS/ttao/scannet/posed_images/scene0428_00/00097.jpg",
      "transform_matrix": [
        [
          0.593952,
          -0.18099,
          0.783877,
          5.070338
        ],
        [
          -0.801361,
          -0.2191,
          0.556611,
          0.334344
        ],
        [
          0.071007,
          -0.958769,
          -0.275173,
          1.699809
        ],
        [
          0.0,
          0.0,
          0.0,
          1.0
        ]
      ]
    },
    {
      "file_path": "/media/NFS/ttao/scannet/posed_images/scene0428_00/00100.jpg",
      "transform_matrix": [
        [
          0.59836,
          -0.140732,
          0.788771,
          5.056815
        ],
        [
          -0.79676,
          -0.208329,
          0.56725,
          0.337606
        ],
        [
          0.084493,
          -0.967881,
          -0.236785,
          1.71716
        ],
        [
          0.0,
          0.0,
          0.0,
          1.0
        ]
      ]
    },
    {
      "file_path": "/media/NFS/ttao/scannet/posed_images/scene0428_00/00107.jpg",
      "transform_matrix": [
        [
          0.627747,
          -0.043782,
          0.777185,
          5.031135
        ],
        [
          -0.770495,
          -0.177029,
          0.612371,
          0.331401
        ],
        [
          0.110774,
          -0.983231,
          -0.144863,
          1.751022
        ],
        [
          0.0,
          0.0,
          0.0,
          1.0
        ]
      ]
    },
    {
      "file_path": "/media/NFS/ttao/scannet/posed_images/scene0428_00/00108.jpg",
      "transform_matrix": [
        [
          0.632846,
          -0.036437,
          0.77342,
          5.029221
        ],
        [
          -0.765778,
          -0.177053,
          0.618253,
          0.331685
        ],
        [
          0.114409,
          -0.983527,
          -0.13995,
          1.755219
        ],
        [
          0.0,
          0.0,
          0.0,
          1.0
        ]
      ]
    },
    {
      "file_path": "/media/NFS/ttao/scannet/posed_images/scene0428_00/00116.jpg",
      "transform_matrix": [
        [
          0.690671,
          0.02481,
          0.722744,
          5.012183
        ],
        [
          -0.707488,
          -0.183817,
          0.682402,
          0.331886
        ],
        [
          0.149783,
          -0.982647,
          -0.109405,
          1.785246
        ],
        [
          0.0,
          0.0,
          0.0,
          1.0
        ]
      ]
    },
    {
      "file_path": "/media/NFS/ttao/scannet/posed_images/scene0428_00/00119.jpg",
      "transform_matrix": [
        [
          0.724298,
          0.037457,
          0.688469,
          5.024212
        ],
        [
          -0.672524,
          -0.181751,
          0.717411,
          0.321122
        ],
        [
          0.152002,
          -0.982631,
          -0.106451,
          1.789651
        ],
        [
          0.0,
          0.0,
          0.0,
          1.0
        ]
      ]
    },
    {
      "file_path": "/media/NFS/ttao/scannet/posed_images/scene0428_00/00124.jpg",
      "transform_matrix": [
        [
          -Infinity,
          -Infinity,
          -Infinity,
          -Infinity
        ],
        [
          -Infinity,
          -Infinity,
          -Infinity,
          -Infinity
        ],
        [
          -Infinity,
          -Infinity,
          -Infinity,
          -Infinity
        ],
        [
          -Infinity,
          -Infinity,
          -Infinity,
          -Infinity
        ]
      ]
    },
    {
      "file_path": "/media/NFS/ttao/scannet/posed_images/scene0428_00/00130.jpg",
      "transform_matrix": [
        [
          0.866085,
          -0.013503,
          0.499715,
          4.917308
        ],
        [
          -0.494228,
          -0.173252,
          0.851894,
          0.327291
        ],
        [
          0.075073,
          -0.984785,
          -0.156724,
          1.693061
        ],
        [
          0.0,
          0.0,
          0.0,
          1.0
        ]
      ]
    },
    {
      "file_path": "/media/NFS/ttao/scannet/posed_images/scene0428_00/00138.jpg",
      "transform_matrix": [
        [
          0.925992,
          -0.053097,
          0.373791,
          4.946939
        ],
        [
          -0.373578,
          -0.27199,
          0.886826,
          0.395211
        ],
        [
          0.054579,
          -0.960834,
          -0.271696,
          1.661195
        ],
        [
          0.0,
          0.0,
          0.0,
          1.0
        ]
      ]
    },
    {
      "file_path": "/media/NFS/ttao/scannet/posed_images/scene0428_00/00141.jpg",
      "transform_matrix": [
        [
          0.929908,
          -0.057136,
          0.363328,
          4.934042
        ],
        [
          -0.361879,
          -0.318585,
          0.876098,
          0.422539
        ],
        [
          0.065694,
          -0.946171,
          -0.316931,
          1.65069
        ],
        [
          0.0,
          0.0,
          0.0,
          1.0
        ]
      ]
    },
    {
      "file_path": "/media/NFS/ttao/scannet/posed_images/scene0428_00/00147.jpg",
      "transform_matrix": [
        [
          0.934338,
          -0.073518,
          0.348723,
          4.915713
        ],
        [
          -0.34809,
          -0.39818,
          0.848697,
          0.48138
        ],
        [
          0.07646,
          -0.914357,
          -0.397625,
          1.621019
        ],
        [
          0.0,
          0.0,
          0.0,
          1.0
        ]
      ]
    },
    {
      "file_path": "/media/NFS/ttao/scannet/posed_images/scene0428_00/00152.jpg",
      "transform_matrix": [
        [
          0.932091,
          -0.105268,
          0.346591,
          4.865688
        ],
        [
          -0.355165,
          -0.45359,
          0.817382,
          0.538897
        ],
        [
          0.071166,
          -0.884971,
          -0.460175,
          1.598186
        ],
        [
          0.0,
          0.0,
          0.0,
          1.0
        ]
      ]
    },
    {
      "file_path": "/media/NFS/ttao/scannet/posed_images/scene0428_00/00160.jpg",
      "transform_matrix": [
        [
          0.935791,
          -0.145778,
          0.321004,
          4.815617
        ],
        [
          -0.349548,
          -0.502303,
          0.79089,
          0.597899
        ],
        [
          0.045947,
          -0.852315,
          -0.521007,
          1.559083
        ],
        [
          0.0,
          0.0,
          0.0,
          1.0
        ]
      ]
    },
    {
      "file_path": "/media/NFS/ttao/scannet/posed_images/scene0428_00/00165.jpg",
      "transform_matrix": [
        [
          0.929725,
          -0.169568,
          0.326892,
          4.785583
        ],
        [
          -0.366328,
          -0.516551,
          0.773937,
          0.642839
        ],
        [
          0.037622,
          -0.839298,
          -0.542368,
          1.550463
        ],
        [
          0.0,
          0.0,
          0.0,
          1.0
        ]
      ]
    },
    {
      "file_path": "/media/NFS/ttao/scannet/posed_images/scene0428_00/00166.jpg",
      "transform_matrix": [
        [
          0.927629,
          -0.173457,
          0.330782,
          4.777108
        ],
        [
          -0.371698,
          -0.515669,
          0.771962,
          0.651891
        ],
        [
          0.036672,
          -0.839046,
          -0.542823,
          1.547092
        ],
        [
          0.0,
          0.0,
          0.0,
          1.0
        ]
      ]
    },
    {
      "file_path": "/media/NFS/ttao/scannet/posed_images/scene0428_00/00172.jpg",
      "transform_matrix": [
        [
          0.90171,
          -0.214618,
          0.375311,
          4.762621
        ],
        [
          -0.430963,
          -0.515462,
          0.740655,
          0.716052
        ],
        [
          0.0345,
          -0.829601,
          -0.55729,
          1.545091
        ],
        [
          0.0,
          0.0,
          0.0,
          1.0
        ]
      ]
    },
    {
      "file_path": "/media/NFS/ttao/scannet/posed_images/scene0428_00/00177.jpg",
      "transform_matrix": [
        [
          0.868483,
          -0.252459,
          0.426616,
          4.762039
        ],
        [
          -0.494813,
          -0.493483,
          0.715287,
          0.793061
        ],
        [
          0.029947,
          -0.83231,
          -0.553501,
          1.558125
        ],
        [
          0.0,
          0.0,
          0.0,
          1.0
        ]
      ]
    },
    {
      "file_path": "/media/NFS/ttao/scannet/posed_images/scene0428_00/00185.jpg",
      "transform_matrix": [
        [
          0.786616,
          -0.273588,
          0.55352,
          4.731267
        ],
        [
          -0.617133,
          -0.376753,
          0.690799,
          0.949758
        ],
        [
          0.019546,
          -0.88499,
          -0.465201,
          1.588152
        ],
        [
          0.0,
          0.0,
          0.0,
          1.0
        ]
      ]
    },
    {
      "file_path": "/media/NFS/ttao/scannet/posed_images/scene0428_00/00191.jpg",
      "transform_matrix": [
        [
          0.794663,
          -0.258152,
          0.549425,
          4.691985
        ],
        [
          -0.60705,
          -0.339589,
          0.718449,
          1.054029
        ],
        [
          0.00111,
          -0.904454,
          -0.42657,
          1.607707
        ],
        [
          0.0,
          0.0,
          0.0,
          1.0
        ]
      ]
    },
    {
      "file_path": "/media/NFS/ttao/scannet/posed_images/scene0428_00/00196.jpg",
      "transform_matrix": [
        [
          0.795783,
          -0.234391,
          0.558381,
          4.640734
        ],
        [
          -0.605488,
          -0.324145,
          0.726852,
          1.154874
        ],
        [
          0.010629,
          -0.91651,
          -0.39987,
          1.620077
        ],
        [
          0.0,
          0.0,
          0.0,
          1.0
        ]
      ]
    },
    {
      "file_path": "/media/NFS/ttao/scannet/posed_images/scene0428_00/00201.jpg",
      "transform_matrix": [
        [
          0.759872,
          -0.236803,
          0.605408,
          4.549791
        ],
        [
          -0.650062,
          -0.271176,
          0.709848,
          1.245901
        ],
        [
          -0.003922,
          -0.932946,
          -0.359996,
          1.62609
        ],
        [
          0.0,
          0.0,
          0.0,
          1.0
        ]
      ]
    },
    {
      "file_path": "/media/NFS/ttao/scannet/posed_images/scene0428_00/00202.jpg",
      "transform_matrix": [
        [
          0.758621,
          -0.23404,
          0.608045,
          4.537442
        ],
        [
          -0.65151,
          -0.264802,
          0.710925,
          1.25267
        ],
        [
          -0.005373,
          -0.93547,
          -0.353364,
          1.625046
        ],
        [
          0.0,
          0.0,
          0.0,
          1.0
        ]
      ]
    },
    {
      "file_path": "/media/NFS/ttao/scannet/posed_images/scene0428_00/00212.jpg",
      "transform_matrix": [
        [
          0.695459,
          -0.250121,
          0.673629,
          4.361653
        ],
        [
          -0.718559,
          -0.237785,
          0.653553,
          1.410491
        ],
        [
          -0.003288,
          -0.938561,
          -0.345097,
          1.652461
        ],
        [
          0.0,
          0.0,
          0.0,
          1.0
        ]
      ]
    },
    {
      "file_path": "/media/NFS/ttao/scannet/posed_images/scene0428_00/00213.jpg",
      "transform_matrix": [
        [
          0.693569,
          -0.248807,
          0.67606,
          4.351952
        ],
        [
          -0.720383,
          -0.243763,
          0.649329,
          1.427653
        ],
        [
          0.003241,
          -0.937377,
          -0.348302,
          1.655514
        ],
        [
          0.0,
          0.0,
          0.0,
          1.0
        ]
      ]
    },
    {
      "file_path": "/media/NFS/ttao/scannet/posed_images/scene0428_00/00218.jpg",
      "transform_matrix": [
        [
          0.694535,
          -0.224909,
          0.683401,
          4.315486
        ],
        [
          -0.719241,
          -0.240453,
          0.651824,
          1.485922
        ],
        [
          0.017725,
          -0.944245,
          -0.328767,
          1.68069
        ],
        [
          0.0,
          0.0,
          0.0,
          1.0
        ]
      ]
    },
    {
      "file_path": "/media/NFS/ttao/scannet/posed_images/scene0428_00/00227.jpg",
      "transform_matrix": [
        [
          0.704356,
          -0.159963,
          0.691588,
          4.232555
        ],
        [
          -0.709339,
          -0.195476,
          0.677221,
          1.627902
        ],
        [
          0.026859,
          -0.967575,
          -0.251152,
          1.72652
        ],
        [
          0.0,
          0.0,
          0.0,
          1.0
        ]
      ]
    },
    {
      "file_path": "/media/NFS/ttao/scannet/posed_images/scene0428_00/00229.jpg",
      "transform_matrix": [
        [
          0.701557,
          -0.155766,
          0.695381,
          4.221731
        ],
        [
          -0.71196,
          -0.194997,
          0.674603,
          1.650505
        ],
        [
          0.030517,
          -0.968356,
          -0.247701,
          1.732601
        ],
        [
          0.0,
          0.0,
          0.0,
          1.0
        ]
      ]
    },
    {
      "file_path": "/media/NFS/ttao/scannet/posed_images/scene0428_00/00238.jpg",
      "transform_matrix": [
        [
          0.679579,
          -0.141054,
          0.719914,
          4.110023
        ],
        [
          -0.73346,
          -0.150003,
          0.662975,
          1.766157
        ],
        [
          0.014474,
          -0.978572,
          -0.205396,
          1.784833
        ],
        [
          0.0,
          0.0,
          0.0,
          1.0
        ]
      ]
    },
    {
      "file_path": "/media/NFS/ttao/scannet/posed_images/scene0428_00/00240.jpg",
      "transform_matrix": [
        [
          0.659501,
          -0.141793,
          0.73821,
          4.083723
        ],
        [
          -0.751587,
          -0.141691,
          0.644236,
          1.797719
        ],
        [
          0.01325,
          -0.979703,
          -0.200015,
          1.778752
        ],
        [
          0.0,
          0.0,
          0.0,
          1.0
        ]
      ]
    },
    {
      "file_path": "/media/NFS/ttao/scannet/posed_images/scene0428_00/00248.jpg",
      "transform_matrix": [
        [
          0.596349,
          -0.165574,
          0.785464,
          3.981466
        ],
        [
          -0.80196,
          -0.080177,
          0.591972,
          1.863376
        ],
        [
          -0.035039,
          -0.982933,
          -0.180597,
          1.795953
        ],
        [
          0.0,
          0.0,
          0.0,
          1.0
        ]
      ]
    },
    {
      "file_path": "/media/NFS/ttao/scannet/posed_images/scene0428_00/00251.jpg",
      "transform_matrix": [
        [
          0.588067,
          -0.176562,
          0.789306,
          3.945257
        ],
        [
          -0.806431,
          -0.053162,
          0.588934,
          1.886135
        ],
        [
          -0.062023,
          -0.982853,
          -0.173648,
          1.8043
        ],
        [
          0.0,
          0.0,
          0.0,
          1.0
        ]
      ]
    },
    {
      "file_path": "/media/NFS/ttao/scannet/posed_images/scene0428_00/00257.jpg",
      "transform_matrix": [
        [
          0.609146,
          -0.192448,
          0.769353,
          3.898995
        ],
        [
          -0.788263,
          -0.040413,
          0.614009,
          1.89932
        ],
        [
          -0.087073,
          -0.980475,
          -0.176317,
          1.810519
        ],
        [
          0.0,
          0.0,
          0.0,
          1.0
        ]
      ]
    },
    {
      "file_path": "/media/NFS/ttao/scannet/posed_images/scene0428_00/00260.jpg",
      "transform_matrix": [
        [
          0.624057,
          -0.191254,
          0.757611,
          3.858383
        ],
        [
          -0.77673,
          -0.046231,
          0.628134,
          1.927207
        ],
        [
          -0.085108,
          -0.980451,
          -0.177404,
          1.81845
        ],
        [
          0.0,
          0.0,
          0.0,
          1.0
        ]
      ]
    },
    {
      "file_path": "/media/NFS/ttao/scannet/posed_images/scene0428_00/00270.jpg",
      "transform_matrix": [
        [
          0.732826,
          -0.091018,
          0.674301,
          3.835179
        ],
        [
          -0.679439,
          -0.044802,
          0.732363,
          1.899903
        ],
        [
          -0.036448,
          -0.994841,
          -0.094674,
          1.814969
        ],
        [
          0.0,
          0.0,
          0.0,
          1.0
        ]
      ]
    },
    {
      "file_path": "/media/NFS/ttao/scannet/posed_images/scene0428_00/00273.jpg",
      "transform_matrix": [
        [
          0.758417,
          -0.083048,
          0.646457,
          3.841812
        ],
        [
          -0.651178,
          -0.054299,
          0.75698,
          1.896084
        ],
        [
          -0.027764,
          -0.995065,
          -0.09526,
          1.838271
        ],
        [
          0.0,
          0.0,
          0.0,
          1.0
        ]
      ]
    },
    {
      "file_path": "/media/NFS/ttao/scannet/posed_images/scene0428_00/00279.jpg",
      "transform_matrix": [
        [
          0.798163,
          -0.09838,
          0.594354,
          3.851202
        ],
        [
          -0.601953,
          -0.09053,
          0.793383,
          1.889822
        ],
        [
          -0.024246,
          -0.991022,
          -0.131478,
          1.837911
        ],
        [
          0.0,
          0.0,
          0.0,
          1.0
        ]
      ]
    },
    {
      "file_path": "/media/NFS/ttao/scannet/posed_images/scene0428_00/00284.jpg",
      "transform_matrix": [
        [
          0.796239,
          -0.128501,
          0.591177,
          3.816145
        ],
        [
          -0.603993,
          -0.112994,
          0.788939,
          1.919166
        ],
        [
          -0.03458,
          -0.985251,
          -0.167584,
          1.774771
        ],
        [
          0.0,
          0.0,
          0.0,
          1.0
        ]
      ]
    },
    {
      "file_path": "/media/NFS/ttao/scannet/posed_images/scene0428_00/00290.jpg",
      "transform_matrix": [
        [
          0.820304,
          -0.177056,
          0.543831,
          3.830743
        ],
        [
          -0.571105,
          -0.202627,
          0.795475,
          1.919971
        ],
        [
          -0.030649,
          -0.963117,
          -0.267333,
          1.695752
        ],
        [
          0.0,
          0.0,
          0.0,
          1.0
        ]
      ]
    },
    {
      "file_path": "/media/NFS/ttao/scannet/posed_images/scene0428_00/00295.jpg",
      "transform_matrix": [
        [
          0.83635,
          -0.21716,
          0.503348,
          3.843848
        ],
        [
          -0.547995,
          -0.306372,
          0.778356,
          1.924901
        ],
        [
          -0.014816,
          -0.926811,
          -0.375237,
          1.648201
        ],
        [
          0.0,
          0.0,
          0.0,
          1.0
        ]
      ]
    },
    {
      "file_path": "/media/NFS/ttao/scannet/posed_images/scene0428_00/00301.jpg",
      "transform_matrix": [
        [
          0.811107,
          -0.27171,
          0.517956,
          3.812208
        ],
        [
          -0.584825,
          -0.362826,
          0.725491,
          1.949932
        ],
        [
          -0.009195,
          -0.891365,
          -0.453193,
          1.641449
        ],
        [
          0.0,
          0.0,
          0.0,
          1.0
        ]
      ]
    },
    {
      "file_path": "/media/NFS/ttao/scannet/posed_images/scene0428_00/00303.jpg",
      "transform_matrix": [
        [
          0.807432,
          -0.29217,
          0.512532,
          3.806433
        ],
        [
          -0.589678,
          -0.372786,
          0.716457,
          1.951522
        ],
        [
          -0.018262,
          -0.880719,
          -0.473286,
          1.623615
        ],
        [
          0.0,
          0.0,
          0.0,
          1.0
        ]
      ]
    },
    {
      "file_path": "/media/NFS/ttao/scannet/posed_images/scene0428_00/00307.jpg",
      "transform_matrix": [
        [
          0.80825,
          -0.322999,
          0.492344,
          3.812363
        ],
        [
          -0.588573,
          -0.417986,
          0.692005,
          1.962135
        ],
        [
          -0.017724,
          -0.849093,
          -0.527945,
          1.599646
        ],
        [
          0.0,
          0.0,
          0.0,
          1.0
        ]
      ]
    },
    {
      "file_path": "/media/NFS/ttao/scannet/posed_images/scene0428_00/00315.jpg",
      "transform_matrix": [
        [
          0.829265,
          -0.357814,
          0.429289,
          3.840955
        ],
        [
          -0.558793,
          -0.519428,
          0.646486,
          2.026189
        ],
        [
          -0.008337,
          -0.775992,
          -0.630688,
          1.589146
        ],
        [
          0.0,
          0.0,
          0.0,
          1.0
        ]
      ]
    },
    {
      "file_path": "/media/NFS/ttao/scannet/posed_images/scene0428_00/00318.jpg",
      "transform_matrix": [
        [
          0.831254,
          -0.356577,
          0.426461,
          3.858816
        ],
        [
          -0.555892,
          -0.532293,
          0.638474,
          2.060754
        ],
        [
          -0.000663,
          -0.7678,
          -0.640689,
          1.59144
        ],
        [
          0.0,
          0.0,
          0.0,
          1.0
        ]
      ]
    },
    {
      "file_path": "/media/NFS/ttao/scannet/posed_images/scene0428_00/00325.jpg",
      "transform_matrix": [
        [
          0.838137,
          -0.349312,
          0.418936,
          3.933219
        ],
        [
          -0.545451,
          -0.53236,
          0.64736,
          2.154121
        ],
        [
          -0.003105,
          -0.771086,
          -0.636723,
          1.604782
        ],
        [
          0.0,
          0.0,
          0.0,
          1.0
        ]
      ]
    },
    {
      "file_path": "/media/NFS/ttao/scannet/posed_images/scene0428_00/00331.jpg",
      "transform_matrix": [
        [
          0.831034,
          -0.379577,
          0.406576,
          4.047694
        ],
        [
          -0.554157,
          -0.502073,
          0.663953,
          2.269039
        ],
        [
          -0.04789,
          -0.777074,
          -0.627585,
          1.594412
        ],
        [
          0.0,
          0.0,
          0.0,
          1.0
        ]
      ]
    },
    {
      "file_path": "/media/NFS/ttao/scannet/posed_images/scene0428_00/00337.jpg",
      "transform_matrix": [
        [
          0.827398,
          -0.426867,
          0.364961,
          4.164554
        ],
        [
          -0.553459,
          -0.509397,
          0.658937,
          2.396962
        ],
        [
          -0.095369,
          -0.747194,
          -0.657728,
          1.591674
        ],
        [
          0.0,
          0.0,
          0.0,
          1.0
        ]
      ]
    },
    {
      "file_path": "/media/NFS/ttao/scannet/posed_images/scene0428_00/00339.jpg",
      "transform_matrix": [
        [
          0.823794,
          -0.438742,
          0.358983,
          4.193681
        ],
        [
          -0.559083,
          -0.524067,
          0.64248,
          2.442695
        ],
        [
          -0.093752,
          -0.729972,
          -0.677016,
          1.597596
        ],
        [
          0.0,
          0.0,
          0.0,
          1.0
        ]
      ]
    },
    {
      "file_path": "/media/NFS/ttao/scannet/posed_images/scene0428_00/00348.jpg",
      "transform_matrix": [
        [
          0.78138,
          -0.458705,
          0.423125,
          4.30879
        ],
        [
          -0.620493,
          -0.498715,
          0.605204,
          2.603009
        ],
        [
          -0.066592,
          -0.73544,
          -0.674309,
          1.590209
        ],
        [
          0.0,
          0.0,
          0.0,
          1.0
        ]
      ]
    },
    {
      "file_path": "/media/NFS/ttao/scannet/posed_images/scene0428_00/00353.jpg",
      "transform_matrix": [
        [
          0.749715,
          -0.464093,
          0.471746,
          4.36439
        ],
        [
          -0.660072,
          -0.473545,
          0.583147,
          2.6927
        ],
        [
          -0.047241,
          -0.748581,
          -0.661359,
          1.580327
        ],
        [
          0.0,
          0.0,
          0.0,
          1.0
        ]
      ]
    },
    {
      "file_path": "/media/NFS/ttao/scannet/posed_images/scene0428_00/00354.jpg",
      "transform_matrix": [
        [
          0.744611,
          -0.46559,
          0.47831,
          4.374158
        ],
        [
          -0.666149,
          -0.472788,
          0.576816,
          2.713521
        ],
        [
          -0.042421,
          -0.748129,
          -0.662195,
          1.574718
        ],
        [
          0.0,
          0.0,
          0.0,
          1.0
        ]
      ]
    },
    {
      "file_path": "/media/NFS/ttao/scannet/posed_images/scene0428_00/00359.jpg",
      "transform_matrix": [
        [
          0.748052,
          -0.484844,
          0.453149,
          4.44649
        ],
        [
          -0.662013,
          -0.4974,
          0.560652,
          2.820143
        ],
        [
          -0.046432,
          -0.719388,
          -0.693055,
          1.57324
        ],
        [
          0.0,
          0.0,
          0.0,
          1.0
        ]
      ]
    },
    {
      "file_path": "/media/NFS/ttao/scannet/posed_images/scene0428_00/00365.jpg",
      "transform_matrix": [
        [
          0.742965,
          -0.500529,
          0.44438,
          4.521649
        ],
        [
          -0.666545,
          -0.492765,
          0.559376,
          2.917882
        ],
        [
          -0.061009,
          -0.711796,
          -0.699732,
          1.575425
        ],
        [
          0.0,
          0.0,
          0.0,
          1.0
        ]
      ]
    },
    {
      "file_path": "/media/NFS/ttao/scannet/posed_images/scene0428_00/00370.jpg",
      "transform_matrix": [
        [
          0.747232,
          -0.479777,
          0.459846,
          4.570571
        ],
        [
          -0.662329,
          -0.480949,
          0.574463,
          2.974356
        ],
        [
          -0.054452,
          -0.733827,
          -0.677151,
          1.585617
        ],
        [
          0.0,
          0.0,
          0.0,
          1.0
        ]
      ]
    },
    {
      "file_path": "/media/NFS/ttao/scannet/posed_images/scene0428_00/00375.jpg",
      "transform_matrix": [
        [
          0.765109,
          -0.443335,
          0.466971,
          4.612913
        ],
        [
          -0.640347,
          -0.447785,
          0.624055,
          3.010038
        ],
        [
          -0.067563,
          -0.776494,
          -0.626492,
          1.618771
        ],
        [
          0.0,
          0.0,
          0.0,
          1.0
        ]
      ]
    },
    {
      "file_path": "/media/NFS/ttao/scannet/posed_images/scene0428_00/00384.jpg",
      "transform_matrix": [
        [
          0.798008,
          -0.322522,
          0.50908,
          4.639966
        ],
        [
          -0.59895,
          -0.331037,
          0.729159,
          2.996925
        ],
        [
          -0.066645,
          -0.886789,
          -0.457345,
          1.72105
        ],
        [
          0.0,
          0.0,
          0.0,
          1.0
        ]
      ]
    },
    {
      "file_path": "/media/NFS/ttao/scannet/posed_images/scene0428_00/00389.jpg",
      "transform_matrix": [
        [
          0.801584,
          -0.260694,
          0.538053,
          4.632632
        ],
        [
          -0.594963,
          -0.25899,
          0.760883,
          2.949281
        ],
        [
          -0.059007,
          -0.930034,
          -0.362706,
          1.780728
        ],
        [
          0.0,
          0.0,
          0.0,
          1.0
        ]
      ]
    },
    {
      "file_path": "/media/NFS/ttao/scannet/posed_images/scene0428_00/00392.jpg",
      "transform_matrix": [
        [
          0.805239,
          -0.225778,
          0.548283,
          4.598255
        ],
        [
          -0.590279,
          -0.217557,
          0.777328,
          2.894252
        ],
        [
          -0.056221,
          -0.949575,
          -0.308457,
          1.776216
        ],
        [
          0.0,
          0.0,
          0.0,
          1.0
        ]
      ]
    },
    {
      "file_path": "/media/NFS/ttao/scannet/posed_images/scene0428_00/00400.jpg",
      "transform_matrix": [
        [
          0.859181,
          -0.154476,
          0.487797,
          4.552525
        ],
        [
          -0.509756,
          -0.175998,
          0.842124,
          2.732389
        ],
        [
          -0.044236,
          -0.972194,
          -0.229959,
          1.807836
        ],
        [
          0.0,
          0.0,
          0.0,
          1.0
        ]
      ]
    },
    {
      "file_path": "/media/NFS/ttao/scannet/posed_images/scene0428_00/00405.jpg",
      "transform_matrix": [
        [
          0.888324,
          -0.113204,
          0.445044,
          4.511339
        ],
        [
          -0.458835,
          -0.17933,
          0.870236,
          2.634149
        ],
        [
          -0.018704,
