{
  "frames": [
    {
      "file_path": "/media/NFS/ttao/scannet/posed_images/scene0148_00/00001.jpg",
      "transform_matrix": [
        [
          -0.130918,
          -0.563466,
          0.8157,
          2.40989
        ],
        [
          -0.991376,
          0.069526,
          -0.111087,
          4.444678
        ],
        [
          0.005882,
          -0.823209,
          -0.567709,
          1.359228
        ],
        [
          0.0,
          0.0,
          0.0,
          1.0
        ]
      ]
    },
    {
      "file_path": "/media/NFS/ttao/scannet/posed_images/scene0148_00/00005.jpg",
      "transform_matrix": [
        [
          -0.124522,
          -0.559987,
          0.81909,
          2.418836
        ],
        [
          -0.992141,
          0.060066,
          -0.109765,
          4.442202
        ],
        [
          0.012268,
          -0.826321,
          -0.563065,
          1.360516
        ],
        [
          0.0,
          0.0,
          0.0,
          1.0
        ]
      ]
    },
    {
      "file_path": "/media/NFS/ttao/scannet/posed_images/scene0148_00/00007.jpg",
      "transform_matrix": [
        [
          -0.115671,
          -0.561512,
          0.819344,
          2.423724
        ],
        [
          -0.993137,
          0.050996,
          -0.105258,
          4.437516
        ],
        [
          0.01732,
          -0.825896,
          -0.563557,
          1.359532
        ],
        [
          0.0,
          0.0,
          0.0,
          1.0
        ]
      ]
    },
    {
      "file_path": "/media/NFS/ttao/scannet/posed_images/scene0148_00/00010.jpg",
      "transform_matrix": [
        [
          -0.097411,
          -0.559839,
          0.822856,
          2.434544
        ],
        [
          -0.995046,
          0.038292,
          -0.091743,
          4.430032
        ],
        [
          0.019852,
          -0.827716,
          -0.560795,
          1.361218
        ],
        [
          0.0,
          0.0,
          0.0,
          1.0
        ]
      ]
    },
    {
      "file_path": "/media/NFS/ttao/scannet/posed_images/scene0148_00/00016.jpg",
      "transform_matrix": [
        [
          -0.01452,
          -0.544151,
          0.838862,
          2.43311
        ],
        [
          -0.999652,
          0.026388,
          -0.000186,
          4.407142
        ],
        [
          -0.022035,
          -0.838572,
          -0.544344,
          1.332255
        ],
        [
          0.0,
          0.0,
          0.0,
          1.0
        ]
      ]
    },
    {
      "file_path": "/media/NFS/ttao/scannet/posed_images/scene0148_00/00020.jpg",
      "transform_matrix": [
        [
          0.048617,
          -0.567391,
          0.822012,
          2.428552
        ],
        [
          -0.998246,
          0.000246,
          0.05921,
          4.410501
        ],
        [
          -0.033798,
          -0.823448,
          -0.566384,
          1.309654
        ],
        [
          0.0,
          0.0,
          0.0,
          1.0
        ]
      ]
    },
    {
      "file_path": "/media/NFS/ttao/scannet/posed_images/scene0148_00/00021.jpg",
      "transform_matrix": [
        [
          0.062343,
          -0.572876,
          0.817268,
          2.429645
        ],
        [
          -0.9974,
          -0.006102,
          0.071807,
          4.410943
        ],
        [
          -0.036149,
          -0.819619,
          -0.571767,
          1.305297
        ],
        [
          0.0,
          0.0,
          0.0,
          1.0
        ]
      ]
    },
    {
      "file_path": "/media/NFS/ttao/scannet/posed_images/scene0148_00/00025.jpg",
      "transform_matrix": [
        [
          0.096772,
          -0.594623,
          0.79816,
          2.429284
        ],
        [
          -0.99422,
          -0.02029,
          0.105427,
          4.409765
        ],
        [
          -0.046495,
          -0.803749,
          -0.593149,
          1.292563
        ],
        [
          0.0,
          0.0,
          0.0,
          1.0
        ]
      ]
    },
    {
      "file_path": "/media/NFS/ttao/scannet/posed_images/scene0148_00/00031.jpg",
      "transform_matrix": [
        [
          0.113833,
          -0.620549,
          0.775861,
          2.414646
        ],
        [
          -0.99166,
          -0.023457,
          0.126733,
          4.423434
        ],
        [
          -0.060444,
          -0.783817,
          -0.618044,
          1.280051
        ],
        [
          0.0,
          0.0,
          0.0,
          1.0
        ]
      ]
    },
    {
      "file_path": "/media/NFS/ttao/scannet/posed_images/scene0148_00/00035.jpg",
      "transform_matrix": [
        [
          0.107446,
          -0.640189,
          0.760666,
          2.404091
        ],
        [
          -0.99269,
          -0.026779,
          0.117682,
          4.431866
        ],
        [
          -0.054969,
          -0.76775,
          -0.638387,
          1.27248
        ],
        [
          0.0,
          0.0,
          0.0,
          1.0
        ]
      ]
    },
    {
      "file_path": "/media/NFS/ttao/scannet/posed_images/scene0148_00/00038.jpg",
      "transform_matrix": [
        [
          0.104594,
          -0.646974,
          0.755305,
          2.396712
        ],
        [
          -0.993845,
          -0.040122,
          0.103259,
          4.449812
        ],
        [
          -0.036501,
          -0.761456,
          -0.647188,
          1.27459
        ],
        [
          0.0,
          0.0,
          0.0,
          1.0
        ]
      ]
    },
    {
      "file_path": "/media/NFS/ttao/scannet/posed_images/scene0148_00/00039.jpg",
      "transform_matrix": [
        [
          0.102865,
          -0.647434,
          0.755148,
          2.393467
        ],
        [
          -0.994229,
          -0.043668,
          0.097993,
          4.458427
        ],
        [
          -0.030468,
          -0.76087,
          -0.648189,
          1.277563
        ],
        [
          0.0,
          0.0,
          0.0,
          1.0
        ]
      ]
    },
    {
      "file_path": "/media/NFS/ttao/scannet/posed_images/scene0148_00/00045.jpg",
      "transform_matrix": [
        [
          0.124935,
          -0.628986,
          0.767312,
          2.363775
        ],
        [
          -0.992129,
          -0.072601,
          0.102027,
          4.500257
        ],
        [
          -0.008466,
          -0.774019,
          -0.633106,
          1.291651
        ],
        [
          0.0,
          0.0,
          0.0,
          1.0
        ]
      ]
    },
    {
      "file_path": "/media/NFS/ttao/scannet/posed_images/scene0148_00/00047.jpg",
      "transform_matrix": [
        [
          0.134593,
          -0.626939,
          0.767354,
          2.354034
        ],
        [
          -0.990896,
          -0.08773,
          0.102125,
          4.519051
        ],
        [
          0.003294,
          -0.774113,
          -0.633038,
          1.298756
        ],
        [
          0.0,
          0.0,
          0.0,
          1.0
        ]
      ]
    },
    {
      "file_path": "/media/NFS/ttao/scannet/posed_images/scene0148_00/00052.jpg",
      "transform_matrix": [
        [
          0.152256,
          -0.59788,
          0.786993,
          2.313371
        ],
        [
          -0.987758,
          -0.119412,
          0.100379,
          4.583221
        ],
        [
          0.033961,
          -0.792642,
          -0.608741,
          1.318151
        ],
        [
          0.0,
          0.0,
          0.0,
          1.0
        ]
      ]
    },
    {
      "file_path": "/media/NFS/ttao/scannet/posed_images/scene0148_00/00057.jpg",
      "transform_matrix": [
        [
          0.122092,
          -0.560551,
          0.81907,
          2.256797
        ],
        [
          -0.991432,
          -0.107484,
          0.074226,
          4.671087
        ],
        [
          0.046429,
          -0.821115,
          -0.568872,
          1.321822
        ],
        [
          0.0,
          0.0,
          0.0,
          1.0
        ]
      ]
    },
    {
      "file_path": "/media/NFS/ttao/scannet/posed_images/scene0148_00/00060.jpg",
      "transform_matrix": [
        [
          0.083382,
          -0.549493,
          0.831327,
          2.220262
        ],
        [
          -0.995538,
          -0.082914,
          0.045047,
          4.737597
        ],
        [
          0.044175,
          -0.831374,
          -0.553954,
          1.320017
        ],
        [
          0.0,
          0.0,
          0.0,
          1.0
        ]
      ]
    },
    {
      "file_path": "/media/NFS/ttao/scannet/posed_images/scene0148_00/00061.jpg",
      "transform_matrix": [
        [
          0.069732,
          -0.54422,
          0.83604,
          2.207806
        ],
        [
          -0.99662,
          -0.074498,
          0.034631,
          4.756548
        ],
        [
          0.043437,
          -0.835628,
          -0.547575,
          1.315479
        ],
        [
          0.0,
          0.0,
          0.0,
          1.0
        ]
      ]
    },
    {
      "file_path": "/media/NFS/ttao/scannet/posed_images/scene0148_00/00068.jpg",
      "transform_matrix": [
        [
          0.038173,
          -0.559783,
          0.82776,
          2.146578
        ],
        [
          -0.998989,
          -0.041075,
          0.018291,
          4.853409
        ],
        [
          0.023761,
          -0.827621,
          -0.560785,
          1.315708
        ],
        [
          0.0,
          0.0,
          0.0,
          1.0
        ]
      ]
    },
    {
      "file_path": "/media/NFS/ttao/scannet/posed_images/scene0148_00/00069.jpg",
      "transform_matrix": [
        [
          0.036692,
          -0.556282,
          0.830183,
          2.136044
        ],
        [
          -0.998983,
          -0.042202,
          0.015874,
          4.861174
        ],
        [
          0.026205,
          -0.829921,
          -0.557265,
          1.31399
        ],
        [
          0.0,
          0.0,
          0.0,
          1.0
        ]
      ]
    },
    {
      "file_path": "/media/NFS/ttao/scannet/posed_images/scene0148_00/00074.jpg",
      "transform_matrix": [
        [
          0.016692,
          -0.566276,
          0.824047,
          2.082273
        ],
        [
          -0.99866,
          -0.049819,
          -0.014006,
          4.896142
        ],
        [
          0.048984,
          -0.822708,
          -0.566349,
          1.305392
        ],
        [
          0.0,
          0.0,
          0.0,
          1.0
        ]
      ]
    },
    {
      "file_path": "/media/NFS/ttao/scannet/posed_images/scene0148_00/00078.jpg",
      "transform_matrix": [
        [
          -0.008784,
          -0.568603,
          0.822565,
          2.044954
        ],
        [
          -0.998258,
          -0.043003,
          -0.040386,
          4.918267
        ],
        [
          0.058337,
          -0.821487,
          -0.567235,
          1.311368
        ],
        [
          0.0,
          0.0,
          0.0,
          1.0
        ]
      ]
    },
    {
      "file_path": "/media/NFS/ttao/scannet/posed_images/scene0148_00/00082.jpg",
      "transform_matrix": [
        [
          -0.026595,
          -0.562417,
          0.826426,
          1.999022
        ],
        [
          -0.998972,
          -0.015422,
          -0.042642,
          4.945473
        ],
        [
          0.036728,
          -0.82671,
          -0.561429,
          1.312695
        ],
        [
          0.0,
          0.0,
          0.0,
          1.0
        ]
      ]
    },
    {
      "file_path": "/media/NFS/ttao/scannet/posed_images/scene0148_00/00083.jpg",
      "transform_matrix": [
        [
          -0.031475,
          -0.56341,
          0.825577,
          1.993801
        ],
        [
          -0.998948,
          -0.00984,
          -0.044801,
          4.945595
        ],
        [
          0.033365,
          -0.826119,
          -0.562508,
          1.319697
        ],
        [
          0.0,
          0.0,
          0.0,
          1.0
        ]
      ]
    },
    {
      "file_path": "/media/NFS/ttao/scannet/posed_images/scene0148_00/00090.jpg",
      "transform_matrix": [
        [
          -0.111816,
          -0.58785,
          0.801205,
          1.960245
        ],
        [
          -0.992645,
          0.02843,
          -0.117674,
          4.973523
        ],
        [
          0.046396,
          -0.80847,
          -0.586706,
          1.334169
        ],
        [
          0.0,
          0.0,
          0.0,
          1.0
        ]
      ]
    },
    {
      "file_path": "/media/NFS/ttao/scannet/posed_images/scene0148_00/00091.jpg",
      "transform_matrix": [
        [
          -0.121254,
          -0.590944,
          0.797548,
          1.959577
        ],
        [
          -0.991574,
          0.035199,
          -0.124672,
          4.977731
        ],
        [
          0.045601,
          -0.805945,
          -0.590232,
          1.34084
        ],
        [
          0.0,
          0.0,
          0.0,
          1.0
        ]
      ]
    },
    {
      "file_path": "/media/NFS/ttao/scannet/posed_images/scene0148_00/00094.jpg",
      "transform_matrix": [
        [
          -0.141322,
          -0.581133,
          0.801444,
          1.9566
        ],
        [
          -0.989088,
          0.048833,
          -0.139001,
          4.99122
        ],
        [
          0.041641,
          -0.812342,
          -0.581693,
          1.349888
        ],
        [
          0.0,
          0.0,
          0.0,
          1.0
        ]
      ]
    },
    {
      "file_path": "/media/NFS/ttao/scannet/posed_images/scene0148_00/00100.jpg",
      "transform_matrix": [
        [
          -0.154668,
          -0.569041,
          0.807632,
          1.967884
        ],
        [
          -0.987294,
          0.058873,
          -0.147594,
          5.032832
        ],
        [
          0.03644,
          -0.820199,
          -0.570917,
          1.356738
        ],
        [
          0.0,
          0.0,
          0.0,
          1.0
        ]
      ]
    },
    {
      "file_path": "/media/NFS/ttao/scannet/posed_images/scene0148_00/00103.jpg",
      "transform_matrix": [
        [
          -0.157719,
          -0.571151,
          0.80555,
          1.982828
        ],
        [
          -0.986168,
          0.049004,
          -0.158338,
          5.067562
        ],
        [
          0.05096,
          -0.819381,
          -0.57098,
          1.355765
        ],
        [
          0.0,
          0.0,
          0.0,
          1.0
        ]
      ]
    },
    {
      "file_path": "/media/NFS/ttao/scannet/posed_images/scene0148_00/00107.jpg",
      "transform_matrix": [
        [
          -0.152281,
          -0.583395,
          0.797785,
          2.012122
        ],
        [
          -0.986943,
          0.046905,
          -0.154087,
          5.125479
        ],
        [
          0.052473,
          -0.810833,
          -0.582921,
          1.359332
        ],
        [
          0.0,
          0.0,
          0.0,
          1.0
        ]
      ]
    },
    {
      "file_path": "/media/NFS/ttao/scannet/posed_images/scene0148_00/00109.jpg",
      "transform_matrix": [
        [
          -0.156312,
          -0.589618,
          0.792412,
          2.030319
        ],
        [
          -0.986313,
          0.050553,
          -0.156946,
          5.154227
        ],
        [
          0.052479,
          -0.806098,
          -0.58945,
          1.360566
        ],
        [
          0.0,
          0.0,
          0.0,
          1.0
        ]
      ]
    },
    {
      "file_path": "/media/NFS/ttao/scannet/posed_images/scene0148_00/00114.jpg",
      "transform_matrix": [
        [
          -0.177888,
          -0.593118,
          0.785218,
          2.075106
        ],
        [
          -0.98257,
          0.063303,
          -0.174781,
          5.219157
        ],
        [
          0.05396,
          -0.802623,
          -0.594041,
          1.355485
        ],
        [
          0.0,
          0.0,
          0.0,
          1.0
        ]
      ]
    },
    {
      "file_path": "/media/NFS/ttao/scannet/posed_images/scene0148_00/00118.jpg",
      "transform_matrix": [
        [
          -0.216922,
          -0.613527,
          0.759295,
          2.118352
        ],
        [
          -0.973685,
          0.08031,
          -0.213279,
          5.253158
        ],
        [
          0.069874,
          -0.785579,
          -0.614803,
          1.36329
        ],
        [
          0.0,
          0.0,
          0.0,
          1.0
        ]
      ]
    },
    {
      "file_path": "/media/NFS/ttao/scannet/posed_images/scene0148_00/00122.jpg",
      "transform_matrix": [
        [
          -0.29492,
          -0.59673,
          0.746281,
          2.156736
        ],
        [
          -0.952866,
          0.12548,
          -0.276226,
          5.28837
        ],
        [
          0.071189,
          -0.792571,
          -0.60561,
          1.362959
        ],
        [
          0.0,
          0.0,
          0.0,
          1.0
        ]
      ]
    },
    {
      "file_path": "/media/NFS/ttao/scannet/posed_images/scene0148_00/00123.jpg",
      "transform_matrix": [
        [
          -0.315072,
          -0.590797,
          0.742757,
          2.163053
        ],
        [
          -0.946577,
          0.138957,
          -0.291003,
          5.299203
        ],
        [
          0.068713,
          -0.794764,
          -0.603017,
          1.357677
        ],
        [
          0.0,
          0.0,
          0.0,
          1.0
        ]
      ]
    },
    {
      "file_path": "/media/NFS/ttao/scannet/posed_images/scene0148_00/00127.jpg",
      "transform_matrix": [
        [
          -0.37345,
          -0.598293,
          0.708929,
          2.217499
        ],
        [
          -0.925684,
          0.190614,
          -0.326765,
          5.340307
        ],
        [
          0.06037,
          -0.778275,
          -0.625015,
          1.348186
        ],
        [
          0.0,
          0.0,
          0.0,
          1.0
        ]
      ]
    },
    {
      "file_path": "/media/NFS/ttao/scannet/posed_images/scene0148_00/00133.jpg",
      "transform_matrix": [
        [
          -0.419349,
          -0.545482,
          0.725669,
          2.299403
        ],
        [
          -0.907777,
          0.260216,
          -0.328982,
          5.378632
        ],
        [
          -0.009377,
          -0.796703,
          -0.604298,
          1.351692
        ],
        [
          0.0,
          0.0,
          0.0,
          1.0
        ]
      ]
    },
    {
      "file_path": "/media/NFS/ttao/scannet/posed_images/scene0148_00/00135.jpg",
      "transform_matrix": [
        [
          -0.44345,
          -0.544751,
          0.711758,
          2.324867
        ],
        [
          -0.896155,
          0.283708,
          -0.341198,
          5.390457
        ],
        [
          -0.016063,
          -0.789149,
          -0.613991,
          1.353406
        ],
        [
          0.0,
          0.0,
          0.0,
          1.0
        ]
      ]
    },
    {
      "file_path": "/media/NFS/ttao/scannet/posed_images/scene0148_00/00139.jpg",
      "transform_matrix": [
        [
          -0.470437,
          -0.54536,
          0.693737,
          2.381731
        ],
        [
          -0.882432,
          0.292435,
          -0.368505,
          5.427823
        ],
        [
          -0.001905,
          -0.785534,
          -0.618815,
          1.366032
        ],
        [
          0.0,
          0.0,
          0.0,
          1.0
        ]
      ]
    },
    {
      "file_path": "/media/NFS/ttao/scannet/posed_images/scene0148_00/00144.jpg",
      "transform_matrix": [
        [
          -0.493973,
          -0.539847,
          0.681583,
          2.437723
        ],
        [
          -0.8693,
          0.290827,
          -0.399671,
          5.465178
        ],
        [
          0.017538,
          -0.789927,
          -0.61295,
          1.367055
        ],
        [
          0.0,
          0.0,
          0.0,
          1.0
        ]
      ]
    },
    {
      "file_path": "/media/NFS/ttao/scannet/posed_images/scene0148_00/00145.jpg",
      "transform_matrix": [
        [
          -0.500622,
          -0.537748,
          0.678384,
          2.446781
        ],
        [
          -0.86546,
          0.293837,
          -0.405756,
          5.469596
        ],
        [
          0.01886,
          -0.790245,
          -0.612501,
          1.366487
        ],
        [
          0.0,
          0.0,
          0.0,
          1.0
        ]
      ]
    },
    {
      "file_path": "/media/NFS/ttao/scannet/posed_images/scene0148_00/00151.jpg",
      "transform_matrix": [
        [
          -0.576325,
          -0.513151,
          0.636023,
          2.515863
        ],
        [
          -0.816461,
          0.328002,
          -0.475191,
          5.522175
        ],
        [
          0.035228,
          -0.793152,
          -0.608004,
          1.366714
        ],
        [
          0.0,
          0.0,
          0.0,
          1.0
        ]
      ]
    },
    {
      "file_path": "/media/NFS/ttao/scannet/posed_images/scene0148_00/00154.jpg",
      "transform_matrix": [
        [
          -0.613333,
          -0.488718,
          0.620465,
          2.546046
        ],
        [
          -0.78933,
          0.351494,
          -0.503398,
          5.552853
        ],
        [
          0.02793,
          -0.798503,
          -0.601343,
          1.373843
        ],
        [
          0.0,
          0.0,
          0.0,
          1.0
        ]
      ]
    },
    {
      "file_path": "/media/NFS/ttao/scannet/posed_images/scene0148_00/00156.jpg",
      "transform_matrix": [
        [
          -0.637601,
          -0.475609,
          0.60602,
          2.566625
        ],
        [
          -0.770032,
          0.370307,
          -0.519541,
          5.576319
        ],
        [
          0.022685,
          -0.797915,
          -0.602342,
          1.376495
        ],
        [
          0.0,
          0.0,
          0.0,
          1.0
        ]
      ]
    },
    {
      "file_path": "/media/NFS/ttao/scannet/posed_images/scene0148_00/00161.jpg",
      "transform_matrix": [
        [
          -0.667106,
          -0.447091,
          0.595885,
          2.629901
        ],
        [
          -0.744961,
          0.398996,
          -0.534635,
          5.618512
        ],
        [
          0.001275,
          -0.80057,
          -0.599238,
          1.392692
        ],
        [
          0.0,
          0.0,
          0.0,
          1.0
        ]
      ]
    },
    {
      "file_path": "/media/NFS/ttao/scannet/posed_images/scene0148_00/00163.jpg",
      "transform_matrix": [
        [
          -0.680868,
          -0.435582,
          0.588801,
          2.651884
        ],
        [
          -0.732398,
          0.401182,
          -0.550133,
          5.622811
        ],
        [
          0.003411,
          -0.805804,
          -0.592172,
          1.397938
        ],
        [
          0.0,
          0.0,
          0.0,
          1.0
        ]
      ]
    },
    {
      "file_path": "/media/NFS/ttao/scannet/posed_images/scene0148_00/00169.jpg",
      "transform_matrix": [
        [
          -0.749195,
          -0.405634,
          0.523609,
          2.727291
        ],
        [
          -0.660644,
          0.400956,
          -0.634652,
          5.629588
        ],
        [
          0.047492,
          -0.821398,
          -0.568375,
          1.396319
        ],
        [
          0.0,
          0.0,
          0.0,
          1.0
        ]
      ]
    },
    {
      "file_path": "/media/NFS/ttao/scannet/posed_images/scene0148_00/00173.jpg",
      "transform_matrix": [
        [
          -0.785095,
          -0.389148,
          0.481861,
          2.789634
        ],
        [
          -0.615135,
          0.399013,
          -0.679998,
          5.609378
        ],
        [
          0.072351,
          -0.830273,
          -0.552642,
          1.372988
        ],
        [
          0.0,
          0.0,
          0.0,
          1.0
        ]
      ]
    },
    {
      "file_path": "/media/NFS/ttao/scannet/posed_images/scene0148_00/00174.jpg",
      "transform_matrix": [
        [
          -0.78901,
          -0.387529,
          0.476743,
          2.809712
        ],
        [
          -0.610018,
          0.401848,
          -0.682932,
          5.60679
        ],
        [
          0.073078,
          -0.829662,
          -0.553462,
          1.37493
        ],
        [
          0.0,
          0.0,
          0.0,
          1.0
        ]
      ]
    },
    {
      "file_path": "/media/NFS/ttao/scannet/posed_images/scene0148_00/00179.jpg",
      "transform_matrix": [
        [
          -0.804403,
          -0.345385,
          0.483369,
          2.889229
        ],
        [
          -0.593302,
          0.425296,
          -0.683459,
          5.581101
        ],
        [
          0.030482,
          -0.83656,
          -0.547027,
          1.36706
        ],
        [
          0.0,
          0.0,
          0.0,
          1.0
        ]
      ]
    },
    {
      "file_path": "/media/NFS/ttao/scannet/posed_images/scene0148_00/00181.jpg",
      "transform_matrix": [
        [
          -0.815369,
          -0.331532,
          0.474616,
          2.912543
        ],
        [
          -0.578456,
          0.432931,
          -0.691346,
          5.561421
        ],
        [
          0.023727,
          -0.838246,
          -0.544775,
          1.363567
        ],
        [
          0.0,
          0.0,
          0.0,
          1.0
        ]
      ]
    },
    {
      "file_path": "/media/NFS/ttao/scannet/posed_images/scene0148_00/00185.jpg",
      "transform_matrix": [
        [
          -0.854846,
          -0.281085,
          0.436152,
          2.971158
        ],
        [
          -0.518755,
          0.444411,
          -0.730337,
          5.529334
        ],
        [
          0.011456,
          -0.850582,
          -0.525717,
          1.384323
        ],
        [
          0.0,
          0.0,
          0.0,
          1.0
        ]
      ]
    },
    {
      "file_path": "/media/NFS/ttao/scannet/posed_images/scene0148_00/00191.jpg",
      "transform_matrix": [
        [
          -0.917247,
          -0.193314,
          0.348265,
          3.026233
        ],
        [
          -0.398267,
          0.430963,
          -0.809725,
          5.507088
        ],
        [
          0.006442,
          -0.88142,
          -0.47229,
          1.370126
        ],
        [
          0.0,
          0.0,
          0.0,
          1.0
        ]
      ]
    },
    {
      "file_path": "/media/NFS/ttao/scannet/posed_images/scene0148_00/00193.jpg",
      "transform_matrix": [
        [
          -0.936397,
          -0.171304,
          0.306292,
          3.055131
        ],
        [
          -0.350812,
          0.433208,
          -0.830218,
          5.510133
        ],
        [
          0.009532,
          -0.884865,
          -0.46575,
          1.36341
        ],
        [
          0.0,
          0.0,
          0.0,
          1.0
        ]
      ]
    },
    {
      "file_path": "/media/NFS/ttao/scannet/posed_images/scene0148_00/00197.jpg",
      "transform_matrix": [
        [
          -0.968672,
          -0.131506,
          0.210665,
          3.139256
        ],
        [
          -0.247684,
          0.44992,
          -0.858035,
          5.508495
        ],
        [
          0.018054,
          -0.883333,
          -0.468398,
          1.365053
        ],
        [
          0.0,
          0.0,
          0.0,
          1.0
        ]
      ]
    },
    {
      "file_path": "/media/NFS/ttao/scannet/posed_images/scene0148_00/00201.jpg",
      "transform_matrix": [
        [
          -0.976264,
          -0.102654,
          0.190714,
          3.186167
        ],
        [
          -0.216557,
          0.477047,
          -0.85178,
          5.505319
        ],
        [
          -0.003541,
          -0.872862,
          -0.487954,
          1.364971
        ],
        [
          0.0,
          0.0,
          0.0,
          1.0
        ]
      ]
    },
    {
      "file_path": "/media/NFS/ttao/scannet/posed_images/scene0148_00/00204.jpg",
      "transform_matrix": [
        [
          -0.98532,
          -0.086209,
          0.147353,
          3.233433
        ],
        [
          -0.170699,
          0.48431,
          -0.858083,
          5.51267
        ],
        [
          0.00261,
          -0.870639,
          -0.491916,
          1.368744
        ],
        [
          0.0,
          0.0,
          0.0,
          1.0
        ]
      ]
    },
    {
      "file_path": "/media/NFS/ttao/scannet/posed_images/scene0148_00/00206.jpg",
      "transform_matrix": [
        [
          -0.989655,
          -0.076745,
          0.121214,
          3.252496
        ],
        [
          -0.143293,
          0.487261,
          -0.86142,
          5.51582
        ],
        [
          0.007047,
          -0.869878,
          -0.493217,
          1.365206
        ],
        [
          0.0,
          0.0,
          0.0,
          1.0
        ]
      ]
    },
    {
      "file_path": "/media/NFS/ttao/scannet/posed_images/scene0148_00/00213.jpg",
      "transform_matrix": [
        [
          -0.999696,
          -0.023873,
          -0.006089,
          3.281841
        ],
        [
          -0.006835,
          0.506185,
          -0.862397,
          5.506321
        ],
        [
          0.02367,
          -0.862094,
          -0.506195,
          1.358006
        ],
        [
          0.0,
          0.0,
          0.0,
          1.0
        ]
      ]
    },
    {
      "file_path": "/media/NFS/ttao/scannet/posed_images/scene0148_00/00216.jpg",
      "transform_matrix": [
        [
          -0.998344,
          0.008651,
          -0.056874,
          3.292908
        ],
        [
          0.053159,
          0.516669,
          -0.854533,
          5.504769
        ],
        [
          0.021992,
          -0.856142,
          -0.516273,
          1.344528
        ],
        [
          0.0,
          0.0,
          0.0,
          1.0
        ]
      ]
    },
    {
      "file_path": "/media/NFS/ttao/scannet/posed_images/scene0148_00/00217.jpg",
      "transform_matrix": [
        [
          -0.997329,
          0.020936,
          -0.069979,
          3.292532
        ],
        [
          0.070478,
          0.527493,
          -0.846631,
          5.501787
        ],
        [
          0.019188,
          -0.849301,
          -0.527559,
          1.345312
        ],
        [
          0.0,
          0.0,
          0.0,
          1.0
        ]
      ]
    },
    {
      "file_path": "/media/NFS/ttao/scannet/posed_images/scene0148_00/00224.jpg",
      "transform_matrix": [
        [
          -0.979877,
          0.080865,
          -0.182489,
          3.288188
        ],
        [
          0.196777,
          0.544654,
          -0.815249,
          5.488785
        ],
        [
          0.033468,
          -0.834753,
          -0.549607,
          1.337966
        ],
        [
          0.0,
          0.0,
          0.0,
          1.0
        ]
      ]
    },
    {
      "file_path": "/media/NFS/ttao/scannet/posed_images/scene0148_00/00227.jpg",
      "transform_matrix": [
        [
          -0.970988,
          0.104684,
          -0.214999,
          3.28972
        ],
        [
          0.236895,
          0.543751,
          -0.805119,
          5.488317
        ],
        [
          0.032624,
          -0.832692,
          -0.552774,
          1.328677
        ],
        [
          0.0,
          0.0,
          0.0,
          1.0
        ]
      ]
    },
    {
      "file_path": "/media/NFS/ttao/scannet/posed_images/scene0148_00/00232.jpg",
      "transform_matrix": [
        [
          -0.96153,
          0.139021,
          -0.236926,
          3.291078
        ],
        [
          0.273873,
          0.552055,
          -0.787546,
          5.4758
        ],
        [
          0.021311,
          -0.822136,
          -0.568892,
          1.318244
        ],
        [
          0.0,
          0.0,
          0.0,
          1.0
        ]
      ]
    },
    {
      "file_path": "/media/NFS/ttao/scannet/posed_images/scene0148_00/00235.jpg",
      "transform_matrix": [
        [
          -0.958868,
          0.146714,
          -0.242998,
          3.285468
        ],
        [
          0.282995,
          0.560664,
          -0.778184,
          5.464657
        ],
        [
          0.02207,
          -0.814942,
          -0.579122,
          1.313341
        ],
        [
          0.0,
          0.0,
          0.0,
          1.0
        ]
      ]
    },
    {
      "file_path": "/media/NFS/ttao/scannet/posed_images/scene0148_00/00236.jpg",
      "transform_matrix": [
        [
          -0.958082,
          0.148889,
          -0.244766,
          3.282218
        ],
        [
          0.285596,
          0.563923,
          -0.774872,
          5.459704
        ],
        [
          0.022659,
          -0.812295,
          -0.582807,
          1.31253
        ],
        [
          0.0,
          0.0,
          0.0,
          1.0
        ]
      ]
    },
    {
      "file_path": "/media/NFS/ttao/scannet/posed_images/scene0148_00/00241.jpg",
      "transform_matrix": [
        [
          -0.952864,
          0.158728,
          -0.258564,
          3.27243
        ],
        [
          0.302217,
          0.571676,
          -0.762792,
          5.425768
        ],
        [
          0.026738,
          -0.804979,
          -0.5927,
          1.30637
        ],
        [
          0.0,
          0.0,
          0.0,
          1.0
        ]
      ]
    },
    {
      "file_path": "/media/NFS/ttao/scannet/posed_images/scene0148_00/00246.jpg",
      "transform_matrix": [
        [
          -0.961327,
          0.1669,
          -0.219076,
          3.255143
        ],
        [
          0.275365,
          0.596603,
          -0.753817,
          5.389898
        ],
        [
          0.004889,
          -0.78499,
          -0.619489,
          1.298386
        ],
        [
          0.0,
          0.0,
          0.0,
          1.0
        ]
      ]
    },
    {
      "file_path": "/media/NFS/ttao/scannet/posed_images/scene0148_00/00248.jpg",
      "transform_matrix": [
        [
          -0.964746,
          0.171117,
          -0.199961,
          3.238816
        ],
        [
          0.263084,
          0.606094,
          -0.750624,
          5.373553
        ],
        [
          -0.00725,
          -0.776768,
          -0.629745,
          1.303969
        ],
        [
          0.0,
          0.0,
          0.0,
          1.0
        ]
      ]
    },
    {
      "file_path": "/media/NFS/ttao/scannet/posed_images/scene0148_00/00250.jpg",
      "transform_matrix": [
        [
          -0.964699,
          0.182856,
          -0.189524,
          3.222
        ],
        [
          0.262457,
          0.60817,
          -0.749163,
          5.357677
        ],
        [
          -0.021726,
          -0.772459,
          -0.634693,
          1.309989
        ],
        [
          0.0,
          0.0,
          0.0,
          1.0
        ]
      ]
    },
    {
      "file_path": "/media/NFS/ttao/scannet/posed_images/scene0148_00/00254.jpg",
      "transform_matrix": [
        [
          -0.964921,
          0.181281,
          -0.189904,
          3.196974
        ],
        [
          0.2614,
          0.596111,
          -0.759158,
          5.326642
        ],
        [
          -0.024417,
          -0.782169,
          -0.622587,
          1.336008
        ],
        [
          0.0,
          0.0,
          0.0,
          1.0
        ]
      ]
    },
    {
      "file_path": "/media/NFS/ttao/scannet/posed_images/scene0148_00/00260.jpg",
      "transform_matrix": [
        [
          -0.967442,
          0.148844,
          -0.204697,
          3.176275
        ],
        [
          0.252831,
          0.531679,
          -0.808328,
          5.313371
        ],
        [
          -0.011481,
          -0.833764,
          -0.552001,
          1.361111
        ],
        [
          0.0,
          0.0,
          0.0,
          1.0
        ]
      ]
    },
    {
      "file_path": "/media/NFS/ttao/scannet/posed_images/scene0148_00/00263.jpg",
      "transform_matrix": [
        [
          -0.965301,
          0.143048,
          -0.218476,
          3.171352
        ],
        [
          0.261057,
          0.507356,
          -0.821243,
          5.308582
        ],
        [
          -0.006632,
          -0.849781,
          -0.527095,
          1.36914
        ],
        [
          0.0,
          0.0,
          0.0,
          1.0
        ]
      ]
    },
    {
      "file_path": "/media/NFS/ttao/scannet/posed_images/scene0148_00/00268.jpg",
      "transform_matrix": [
        [
          -0.960044,
          0.132284,
          -0.246609,
          3.170418
        ],
        [
          0.2797,
          0.482294,
          -0.830157,
          5.304615
        ],
        [
          0.009122,
          -0.865964,
          -0.500023,
          1.377639
        ],
        [
          0.0,
          0.0,
          0.0,
          1.0
        ]
      ]
    },
    {
      "file_path": "/media/NFS/ttao/scannet/posed_images/scene0148_00/00270.jpg",
      "transform_matrix": [
        [
          -0.95852,
          0.123121,
          -0.257061,
          3.174321
        ],
        [
          0.284294,
          0.477544,
          -0.831341,
          5.311342
        ],
        [
          0.020402,
          -0.869938,
          -0.492738,
          1.372149
        ],
        [
          0.0,
          0.0,
          0.0,
          1.0
        ]
      ]
    },
    {
      "file_path": "/media/NFS/ttao/scannet/posed_images/scene0148_00/00274.jpg",
      "transform_matrix": [
        [
          -0.954766,
          0.110588,
          -0.276029,
          3.18708
        ],
        [
          0.294787,
          0.473802,
          -0.829827,
          5.304746
        ],
        [
          0.039014,
          -0.87366,
          -0.48497,
          1.37811
        ],
        [
          0.0,
          0.0,
          0.0,
          1.0
        ]
      ]
    },
    {
      "file_path": "/media/NFS/ttao/scannet/posed_images/scene0148_00/00276.jpg",
      "transform_matrix": [
        [
          -0.95747,
          0.102941,
          -0.269545,
          3.196535
        ],
        [
          0.285563,
          0.471767,
          -0.8342,
          5.300523
        ],
        [
          0.041289,
          -0.875693,
          -0.481099,
          1.382989
        ],
        [
          0.0,
          0.0,
          0.0,
          1.0
        ]
      ]
    },
    {
      "file_path": "/media/NFS/ttao/scannet/posed_images/scene0148_00/00282.jpg",
      "transform_matrix": [
        [
          -0.96455,
          0.020157,
          -0.26313,
          3.285486
        ],
        [
          0.240778,
          0.475369,
          -0.846197,
          5.282505
        ],
        [
          0.108027,
          -0.879555,
