{
  "frames": [
    {
      "file_path": "/media/NFS/ttao/scannet/posed_images/scene0569_01/00000.jpg",
      "transform_matrix": [
        [
          -0.008694,
          0.320621,
          -0.947168,
          4.452837
        ],
        [
          0.999954,
          0.006699,
          -0.006911,
          2.597034
        ],
        [
          0.004129,
          -0.947184,
          -0.320664,
          1.54074
        ],
        [
          0.0,
          0.0,
          0.0,
          1.0
        ]
      ]
    },
    {
      "file_path": "/media/NFS/ttao/scannet/posed_images/scene0569_01/00003.jpg",
      "transform_matrix": [
        [
          -0.00107,
          0.326875,
          -0.945067,
          4.472991
        ],
        [
          0.999988,
          0.004833,
          0.00054,
          2.599021
        ],
        [
          0.004744,
          -0.945055,
          -0.326877,
          1.528454
        ],
        [
          0.0,
          0.0,
          0.0,
          1.0
        ]
      ]
    },
    {
      "file_path": "/media/NFS/ttao/scannet/posed_images/scene0569_01/00006.jpg",
      "transform_matrix": [
        [
          -0.011533,
          0.333862,
          -0.942552,
          4.487038
        ],
        [
          0.999929,
          0.00081,
          -0.011948,
          2.610994
        ],
        [
          -0.003226,
          -0.942622,
          -0.333847,
          1.528839
        ],
        [
          0.0,
          0.0,
          0.0,
          1.0
        ]
      ]
    },
    {
      "file_path": "/media/NFS/ttao/scannet/posed_images/scene0569_01/00013.jpg",
      "transform_matrix": [
        [
          -0.054238,
          0.384244,
          -0.921637,
          4.533002
        ],
        [
          0.998373,
          0.004617,
          -0.056829,
          2.649709
        ],
        [
          -0.017581,
          -0.92322,
          -0.383869,
          1.486917
        ],
        [
          0.0,
          0.0,
          0.0,
          1.0
        ]
      ]
    },
    {
      "file_path": "/media/NFS/ttao/scannet/posed_images/scene0569_01/00014.jpg",
      "transform_matrix": [
        [
          -0.058407,
          0.388643,
          -0.919535,
          4.543165
        ],
        [
          0.998195,
          0.009803,
          -0.05926,
          2.657834
        ],
        [
          -0.014017,
          -0.921336,
          -0.388514,
          1.471945
        ],
        [
          0.0,
          0.0,
          0.0,
          1.0
        ]
      ]
    },
    {
      "file_path": "/media/NFS/ttao/scannet/posed_images/scene0569_01/00017.jpg",
      "transform_matrix": [
        [
          -0.070639,
          0.417939,
          -0.905725,
          4.563581
        ],
        [
          0.997491,
          0.025207,
          -0.066164,
          2.672666
        ],
        [
          -0.004822,
          -0.908125,
          -0.418671,
          1.427739
        ],
        [
          0.0,
          0.0,
          0.0,
          1.0
        ]
      ]
    },
    {
      "file_path": "/media/NFS/ttao/scannet/posed_images/scene0569_01/00022.jpg",
      "transform_matrix": [
        [
          -0.106498,
          0.494197,
          -0.862802,
          4.597056
        ],
        [
          0.994294,
          0.058347,
          -0.089308,
          2.698291
        ],
        [
          0.006206,
          -0.86739,
          -0.497591,
          1.351204
        ],
        [
          0.0,
          0.0,
          0.0,
          1.0
        ]
      ]
    },
    {
      "file_path": "/media/NFS/ttao/scannet/posed_images/scene0569_01/00027.jpg",
      "transform_matrix": [
        [
          -0.136128,
          0.570118,
          -0.810206,
          4.627395
        ],
        [
          0.99069,
          0.079954,
          -0.110191,
          2.709164
        ],
        [
          0.001957,
          -0.817663,
          -0.575694,
          1.293664
        ],
        [
          0.0,
          0.0,
          0.0,
          1.0
        ]
      ]
    },
    {
      "file_path": "/media/NFS/ttao/scannet/posed_images/scene0569_01/00028.jpg",
      "transform_matrix": [
        [
          -0.141092,
          0.582966,
          -0.800152,
          4.632483
        ],
        [
          0.989995,
          0.084473,
          -0.113023,
          2.709627
        ],
        [
          0.001703,
          -0.808093,
          -0.589052,
          1.28386
        ],
        [
          0.0,
          0.0,
          0.0,
          1.0
        ]
      ]
    },
    {
      "file_path": "/media/NFS/ttao/scannet/posed_images/scene0569_01/00033.jpg",
      "transform_matrix": [
        [
          -0.131136,
          0.635381,
          -0.760983,
          4.654233
        ],
        [
          0.991325,
          0.090857,
          -0.094968,
          2.69918
        ],
        [
          0.0088,
          -0.766835,
          -0.641784,
          1.260065
        ],
        [
          0.0,
          0.0,
          0.0,
          1.0
        ]
      ]
    },
    {
      "file_path": "/media/NFS/ttao/scannet/posed_images/scene0569_01/00036.jpg",
      "transform_matrix": [
        [
          -0.126801,
          0.637837,
          -0.759661,
          4.658476
        ],
        [
          0.991894,
          0.08791,
          -0.091753,
          2.678054
        ],
        [
          0.008258,
          -0.765138,
          -0.643814,
          1.26915
        ],
        [
          0.0,
          0.0,
          0.0,
          1.0
        ]
      ]
    },
    {
      "file_path": "/media/NFS/ttao/scannet/posed_images/scene0569_01/00041.jpg",
      "transform_matrix": [
        [
          -0.137085,
          0.599546,
          -0.788513,
          4.658703
        ],
        [
          0.990405,
          0.068917,
          -0.119784,
          2.619482
        ],
        [
          -0.017475,
          -0.797368,
          -0.603241,
          1.316057
        ],
        [
          0.0,
          0.0,
          0.0,
          1.0
        ]
      ]
    },
    {
      "file_path": "/media/NFS/ttao/scannet/posed_images/scene0569_01/00045.jpg",
      "transform_matrix": [
        [
          -0.128393,
          0.547054,
          -0.827192,
          4.652746
        ],
        [
          0.990778,
          0.034335,
          -0.131077,
          2.566243
        ],
        [
          -0.043305,
          -0.836393,
          -0.546417,
          1.369954
        ],
        [
          0.0,
          0.0,
          0.0,
          1.0
        ]
      ]
    },
    {
      "file_path": "/media/NFS/ttao/scannet/posed_images/scene0569_01/00046.jpg",
      "transform_matrix": [
        [
          -0.120773,
          0.532845,
          -0.83755,
          4.654266
        ],
        [
          0.991809,
          0.029425,
          -0.124298,
          2.552853
        ],
        [
          -0.041587,
          -0.845701,
          -0.532034,
          1.378498
        ],
        [
          0.0,
          0.0,
          0.0,
          1.0
        ]
      ]
    },
    {
      "file_path": "/media/NFS/ttao/scannet/posed_images/scene0569_01/00052.jpg",
      "transform_matrix": [
        [
          -0.04194,
          0.46358,
          -0.885062,
          4.639036
        ],
        [
          0.998403,
          -0.014113,
          -0.054703,
          2.485941
        ],
        [
          -0.03785,
          -0.885942,
          -0.462248,
          1.436385
        ],
        [
          0.0,
          0.0,
          0.0,
          1.0
        ]
      ]
    },
    {
      "file_path": "/media/NFS/ttao/scannet/posed_images/scene0569_01/00054.jpg",
      "transform_matrix": [
        [
          -0.017488,
          0.442618,
          -0.89654,
          4.632154
        ],
        [
          0.998907,
          -0.031136,
          -0.034857,
          2.47155
        ],
        [
          -0.043343,
          -0.896169,
          -0.44159,
          1.457992
        ],
        [
          0.0,
          0.0,
          0.0,
          1.0
        ]
      ]
    },
    {
      "file_path": "/media/NFS/ttao/scannet/posed_images/scene0569_01/00059.jpg",
      "transform_matrix": [
        [
          0.043583,
          0.407113,
          -0.912337,
          4.616366
        ],
        [
          0.998519,
          -0.047514,
          0.026497,
          2.435769
        ],
        [
          -0.032561,
          -0.912141,
          -0.408581,
          1.49119
        ],
        [
          0.0,
          0.0,
          0.0,
          1.0
        ]
      ]
    },
    {
      "file_path": "/media/NFS/ttao/scannet/posed_images/scene0569_01/00060.jpg",
      "transform_matrix": [
        [
          0.049242,
          0.410171,
          -0.910678,
          4.612277
        ],
        [
          0.998456,
          -0.043696,
          0.034307,
          2.430329
        ],
        [
          -0.025721,
          -0.910961,
          -0.411689,
          1.492847
        ],
        [
          0.0,
          0.0,
          0.0,
          1.0
        ]
      ]
    },
    {
      "file_path": "/media/NFS/ttao/scannet/posed_images/scene0569_01/00067.jpg",
      "transform_matrix": [
        [
          0.128873,
          0.370122,
          -0.920001,
          4.553841
        ],
        [
          0.991589,
          -0.059255,
          0.115062,
          2.426717
        ],
        [
          -0.011928,
          -0.927091,
          -0.374646,
          1.521336
        ],
        [
          0.0,
          0.0,
          0.0,
          1.0
        ]
      ]
    },
    {
      "file_path": "/media/NFS/ttao/scannet/posed_images/scene0569_01/00070.jpg",
      "transform_matrix": [
        [
          0.148944,
          0.36682,
          -0.918291,
          4.516413
        ],
        [
          0.988786,
          -0.065473,
          0.134224,
          2.430477
        ],
        [
          -0.010887,
          -0.927985,
          -0.372458,
          1.536132
        ],
        [
          0.0,
          0.0,
          0.0,
          1.0
        ]
      ]
    },
    {
      "file_path": "/media/NFS/ttao/scannet/posed_images/scene0569_01/00071.jpg",
      "transform_matrix": [
        [
          0.154353,
          0.36081,
          -0.919778,
          4.50261
        ],
        [
          0.987898,
          -0.070732,
          0.138038,
          2.433188
        ],
        [
          -0.015252,
          -0.929953,
          -0.367361,
          1.542319
        ],
        [
          0.0,
          0.0,
          0.0,
          1.0
        ]
      ]
    },
    {
      "file_path": "/media/NFS/ttao/scannet/posed_images/scene0569_01/00077.jpg",
      "transform_matrix": [
        [
          0.201772,
          0.316409,
          -0.926916,
          4.440498
        ],
        [
          0.976732,
          -0.135237,
          0.166452,
          2.44668
        ],
        [
          -0.072686,
          -0.938934,
          -0.336334,
          1.552048
        ],
        [
          0.0,
          0.0,
          0.0,
          1.0
        ]
      ]
    },
    {
      "file_path": "/media/NFS/ttao/scannet/posed_images/scene0569_01/00081.jpg",
      "transform_matrix": [
        [
          0.211612,
          0.33124,
          -0.919511,
          4.401868
        ],
        [
          0.974376,
          -0.144882,
          0.172047,
          2.442735
        ],
        [
          -0.076231,
          -0.932357,
          -0.353411,
          1.535495
        ],
        [
          0.0,
          0.0,
          0.0,
          1.0
        ]
      ]
    },
    {
      "file_path": "/media/NFS/ttao/scannet/posed_images/scene0569_01/00082.jpg",
      "transform_matrix": [
        [
          0.213183,
          0.334832,
          -0.917846,
          4.39423
        ],
        [
          0.973827,
          -0.148626,
          0.171966,
          2.442346
        ],
        [
          -0.078836,
          -0.930483,
          -0.357753,
          1.53086
        ],
        [
          0.0,
          0.0,
          0.0,
          1.0
        ]
      ]
    },
    {
      "file_path": "/media/NFS/ttao/scannet/posed_images/scene0569_01/00085.jpg",
      "transform_matrix": [
        [
          0.221191,
          0.331302,
          -0.917231,
          4.388538
        ],
        [
          0.971272,
          -0.15949,
          0.176616,
          2.445683
        ],
        [
          -0.087776,
          -0.929947,
          -0.357062,
          1.508012
        ],
        [
          0.0,
          0.0,
          0.0,
          1.0
        ]
      ]
    },
    {
      "file_path": "/media/NFS/ttao/scannet/posed_images/scene0569_01/00092.jpg",
      "transform_matrix": [
        [
          0.235951,
          0.389708,
          -0.890199,
          4.418637
        ],
        [
          0.970057,
          -0.148747,
          0.191999,
          2.470246
        ],
        [
          -0.057591,
          -0.908846,
          -0.413136,
          1.458996
        ],
        [
          0.0,
          0.0,
          0.0,
          1.0
        ]
      ]
    },
    {
      "file_path": "/media/NFS/ttao/scannet/posed_images/scene0569_01/00093.jpg",
      "transform_matrix": [
        [
          0.240761,
          0.389764,
          -0.888886,
          4.426641
        ],
        [
          0.96891,
          -0.150295,
          0.196534,
          2.474102
        ],
        [
          -0.056994,
          -0.908568,
          -0.413832,
          1.452355
        ],
        [
          0.0,
          0.0,
          0.0,
          1.0
        ]
      ]
    },
    {
      "file_path": "/media/NFS/ttao/scannet/posed_images/scene0569_01/00097.jpg",
      "transform_matrix": [
        [
          0.258607,
          0.415296,
          -0.872153,
          4.475029
        ],
        [
          0.965081,
          -0.150084,
          0.214695,
          2.49272
        ],
        [
          -0.041735,
          -0.89722,
          -0.439607,
          1.426801
        ],
        [
          0.0,
          0.0,
          0.0,
          1.0
        ]
      ]
    },
    {
      "file_path": "/media/NFS/ttao/scannet/posed_images/scene0569_01/00100.jpg",
      "transform_matrix": [
        [
          0.289263,
          0.424193,
          -0.85813,
          4.515224
        ],
        [
          0.956655,
          -0.159686,
          0.243538,
          2.506444
        ],
        [
          -0.033724,
          -0.891381,
          -0.451998,
          1.422287
        ],
        [
          0.0,
          0.0,
          0.0,
          1.0
        ]
      ]
    },
    {
      "file_path": "/media/NFS/ttao/scannet/posed_images/scene0569_01/00104.jpg",
      "transform_matrix": [
        [
          0.344594,
          0.434523,
          -0.832133,
          4.571731
        ],
        [
          0.937925,
          -0.196566,
          0.285761,
          2.53127
        ],
        [
          -0.039399,
          -0.878949,
          -0.475285,
          1.408307
        ],
        [
          0.0,
          0.0,
          0.0,
          1.0
        ]
      ]
    },
    {
      "file_path": "/media/NFS/ttao/scannet/posed_images/scene0569_01/00110.jpg",
      "transform_matrix": [
        [
          0.437896,
          0.408421,
          -0.800899,
          4.633081
        ],
        [
          0.898525,
          -0.228553,
          0.374722,
          2.59008
        ],
        [
          -0.030004,
          -0.883717,
          -0.467059,
          1.441613
        ],
        [
          0.0,
          0.0,
          0.0,
          1.0
        ]
      ]
    },
    {
      "file_path": "/media/NFS/ttao/scannet/posed_images/scene0569_01/00111.jpg",
      "transform_matrix": [
        [
          0.445387,
          0.397201,
          -0.80241,
          4.645189
        ],
        [
          0.894825,
          -0.227828,
          0.383905,
          2.601432
        ],
        [
          -0.030324,
          -0.889003,
          -0.456896,
          1.443954
        ],
        [
          0.0,
          0.0,
          0.0,
          1.0
        ]
      ]
    },
    {
      "file_path": "/media/NFS/ttao/scannet/posed_images/scene0569_01/00117.jpg",
      "transform_matrix": [
        [
          0.496672,
          0.328431,
          -0.803399,
          4.69774
        ],
        [
          0.867364,
          -0.221489,
          0.44567,
          2.679611
        ],
        [
          -0.031572,
          -0.918191,
          -0.394877,
          1.456006
        ],
        [
          0.0,
          0.0,
          0.0,
          1.0
        ]
      ]
    },
    {
      "file_path": "/media/NFS/ttao/scannet/posed_images/scene0569_01/00121.jpg",
      "transform_matrix": [
        [
          0.527563,
          0.314139,
          -0.7893,
          4.72227
        ],
        [
          0.849009,
          -0.227074,
          0.477097,
          2.749858
        ],
        [
          -0.029355,
          -0.921821,
          -0.386503,
          1.463568
        ],
        [
          0.0,
          0.0,
          0.0,
          1.0
        ]
      ]
    },
    {
      "file_path": "/media/NFS/ttao/scannet/posed_images/scene0569_01/00123.jpg",
      "transform_matrix": [
        [
          0.534308,
          0.309548,
          -0.786572,
          4.732558
        ],
        [
          0.844972,
          -0.22114,
          0.48695,
          2.787529
        ],
        [
          -0.023208,
          -0.924812,
          -0.379716,
          1.467624
        ],
        [
          0.0,
          0.0,
          0.0,
          1.0
        ]
      ]
    },
    {
      "file_path": "/media/NFS/ttao/scannet/posed_images/scene0569_01/00127.jpg",
      "transform_matrix": [
        [
          0.527525,
          0.309928,
          -0.790988,
          4.753262
        ],
        [
          0.849076,
          -0.223101,
          0.478848,
          2.862518
        ],
        [
          -0.028062,
          -0.924213,
          -0.380844,
          1.476512
        ],
        [
          0.0,
          0.0,
          0.0,
          1.0
        ]
      ]
    },
    {
      "file_path": "/media/NFS/ttao/scannet/posed_images/scene0569_01/00129.jpg",
      "transform_matrix": [
        [
          0.519535,
          0.306727,
          -0.797498,
          4.763693
        ],
        [
          0.853942,
          -0.218572,
          0.47224,
          2.900223
        ],
        [
          -0.029462,
          -0.926361,
          -0.375483,
          1.474091
        ],
        [
          0.0,
          0.0,
          0.0,
          1.0
        ]
      ]
    },
    {
      "file_path": "/media/NFS/ttao/scannet/posed_images/scene0569_01/00134.jpg",
      "transform_matrix": [
        [
          0.478508,
          0.333141,
          -0.812432,
          4.775743
        ],
        [
          0.87675,
          -0.232225,
          0.421166,
          2.989155
        ],
        [
          -0.048359,
          -0.913832,
          -0.403203,
          1.455922
        ],
        [
          0.0,
          0.0,
          0.0,
          1.0
        ]
      ]
    },
    {
      "file_path": "/media/NFS/ttao/scannet/posed_images/scene0569_01/00136.jpg",
      "transform_matrix": [
        [
          0.464404,
          0.350816,
          -0.813177,
          4.772921
        ],
        [
          0.883361,
          -0.249083,
          0.397029,
          3.025983
        ],
        [
          -0.063265,
          -0.90271,
          -0.425572,
          1.448873
        ],
        [
          0.0,
          0.0,
          0.0,
          1.0
        ]
      ]
    },
    {
      "file_path": "/media/NFS/ttao/scannet/posed_images/scene0569_01/00139.jpg",
      "transform_matrix": [
        [
          0.447044,
          0.371591,
          -0.813678,
          4.769135
        ],
        [
          0.890388,
          -0.272096,
          0.364929,
          3.079081
        ],
        [
          -0.085794,
          -0.887628,
          -0.452499,
          1.429405
        ],
        [
          0.0,
          0.0,
          0.0,
          1.0
        ]
      ]
    },
    {
      "file_path": "/media/NFS/ttao/scannet/posed_images/scene0569_01/00144.jpg",
      "transform_matrix": [
        [
          0.441246,
          0.427604,
          -0.788959,
          4.744437
        ],
        [
          0.893744,
          -0.288529,
          0.343471,
          3.185548
        ],
        [
          -0.080768,
          -0.856683,
          -0.509481,
          1.390792
        ],
        [
          0.0,
          0.0,
          0.0,
          1.0
        ]
      ]
    },
    {
      "file_path": "/media/NFS/ttao/scannet/posed_images/scene0569_01/00148.jpg",
      "transform_matrix": [
        [
          0.470412,
          0.432562,
          -0.769157,
          4.729578
        ],
        [
          0.879155,
          -0.304946,
          0.366189,
          3.259634
        ],
        [
          -0.076152,
          -0.848468,
          -0.523739,
          1.370385
        ],
        [
          0.0,
          0.0,
          0.0,
          1.0
        ]
      ]
    },
    {
      "file_path": "/media/NFS/ttao/scannet/posed_images/scene0569_01/00150.jpg",
      "transform_matrix": [
        [
          0.478316,
          0.447168,
          -0.755814,
          4.724748
        ],
        [
          0.873376,
          -0.3322,
          0.356172,
          3.311472
        ],
        [
          -0.091812,
          -0.830473,
          -0.549441,
          1.35705
        ],
        [
          0.0,
          0.0,
          0.0,
          1.0
        ]
      ]
    },
    {
      "file_path": "/media/NFS/ttao/scannet/posed_images/scene0569_01/00156.jpg",
      "transform_matrix": [
        [
          0.531001,
          0.438406,
          -0.725147,
          4.684754
        ],
        [
          0.843314,
          -0.357051,
          0.401667,
          3.405653
        ],
        [
          -0.082821,
          -0.824812,
          -0.559308,
          1.357508
        ],
        [
          0.0,
          0.0,
          0.0,
          1.0
        ]
      ]
    },
    {
      "file_path": "/media/NFS/ttao/scannet/posed_images/scene0569_01/00158.jpg",
      "transform_matrix": [
        [
          0.52921,
          0.440385,
          -0.725256,
          4.672735
        ],
        [
          0.844488,
          -0.356307,
          0.399857,
          3.430467
        ],
        [
          -0.082323,
          -0.824079,
          -0.560461,
          1.371644
        ],
        [
          0.0,
          0.0,
          0.0,
          1.0
        ]
      ]
    },
    {
      "file_path": "/media/NFS/ttao/scannet/posed_images/scene0569_01/00164.jpg",
      "transform_matrix": [
        [
          0.415726,
          0.429744,
          -0.801556,
          4.654136
        ],
        [
          0.907251,
          -0.257757,
          0.332351,
          3.530899
        ],
        [
          -0.063781,
          -0.865379,
          -0.497042,
          1.384326
        ],
        [
          0.0,
          0.0,
          0.0,
          1.0
        ]
      ]
    },
    {
      "file_path": "/media/NFS/ttao/scannet/posed_images/scene0569_01/00167.jpg",
      "transform_matrix": [
        [
          0.346367,
          0.429798,
          -0.833849,
          4.646685
        ],
        [
          0.936603,
          -0.208621,
          0.281518,
          3.575223
        ],
        [
          -0.052963,
          -0.878494,
          -0.474809,
          1.394084
        ],
        [
          0.0,
          0.0,
          0.0,
          1.0
        ]
      ]
    },
    {
      "file_path": "/media/NFS/ttao/scannet/posed_images/scene0569_01/00170.jpg",
      "transform_matrix": [
        [
          0.281909,
          0.448081,
          -0.848381,
          4.63613
        ],
        [
          0.95871,
          -0.166082,
          0.230852,
          3.611165
        ],
        [
          -0.03746,
          -0.87843,
          -0.4764,
          1.400796
        ],
        [
          0.0,
          0.0,
          0.0,
          1.0
        ]
      ]
    },
    {
      "file_path": "/media/NFS/ttao/scannet/posed_images/scene0569_01/00175.jpg",
      "transform_matrix": [
        [
          0.182154,
          0.451925,
          -0.87326,
          4.622646
        ],
        [
          0.982938,
          -0.106776,
          0.149774,
          3.676919
        ],
        [
          -0.025557,
          -0.885643,
          -0.463664,
          1.426695
        ],
        [
          0.0,
          0.0,
          0.0,
          1.0
        ]
      ]
    },
    {
      "file_path": "/media/NFS/ttao/scannet/posed_images/scene0569_01/00176.jpg",
      "transform_matrix": [
        [
          0.162332,
          0.454229,
          -0.87597,
          4.617529
        ],
        [
          0.986428,
          -0.096883,
          0.132564,
          3.692043
        ],
        [
          -0.024653,
          -0.885601,
          -0.463792,
          1.431672
        ],
        [
          0.0,
          0.0,
          0.0,
          1.0
        ]
      ]
    },
    {
      "file_path": "/media/NFS/ttao/scannet/posed_images/scene0569_01/00181.jpg",
      "transform_matrix": [
        [
          0.101549,
          0.431458,
          -0.896399,
          4.577821
        ],
        [
          0.994789,
          -0.05227,
          0.087537,
          3.747294
        ],
        [
          -0.009086,
          -0.900617,
          -0.434518,
          1.440312
        ],
        [
          0.0,
          0.0,
          0.0,
          1.0
        ]
      ]
    },
    {
      "file_path": "/media/NFS/ttao/scannet/posed_images/scene0569_01/00182.jpg",
      "transform_matrix": [
        [
          0.087947,
          0.427553,
          -0.899702,
          4.568635
        ],
        [
          0.996099,
          -0.044287,
          0.076324,
          3.758598
        ],
        [
          -0.007213,
          -0.902905,
          -0.42978,
          1.443713
        ],
        [
          0.0,
          0.0,
          0.0,
          1.0
        ]
      ]
    },
    {
      "file_path": "/media/NFS/ttao/scannet/posed_images/scene0569_01/00187.jpg",
      "transform_matrix": [
        [
          0.072431,
          0.425667,
          -0.901976,
          4.527942
        ],
        [
          0.997252,
          -0.016775,
          0.072166,
          3.815676
        ],
        [
          0.015588,
          -0.904724,
          -0.425713,
          1.453717
        ],
        [
          0.0,
          0.0,
          0.0,
          1.0
        ]
      ]
    },
    {
      "file_path": "/media/NFS/ttao/scannet/posed_images/scene0569_01/00192.jpg",
      "transform_matrix": [
        [
          0.112447,
          0.364478,
          -0.924398,
          4.505418
        ],
        [
          0.992467,
          0.004332,
          0.122435,
          3.862097
        ],
        [
          0.04863,
          -0.931202,
          -0.361246,
          1.474898
        ],
        [
          0.0,
          0.0,
          0.0,
          1.0
        ]
      ]
    },
    {
      "file_path": "/media/NFS/ttao/scannet/posed_images/scene0569_01/00195.jpg",
      "transform_matrix": [
        [
          0.114285,
          0.361252,
          -0.925438,
          4.498651
        ],
        [
          0.99299,
          -0.013238,
          0.117459,
          3.890987
        ],
        [
          0.030181,
          -0.932374,
          -0.360232,
          1.483098
        ],
        [
          0.0,
          0.0,
          0.0,
          1.0
        ]
      ]
    },
    {
      "file_path": "/media/NFS/ttao/scannet/posed_images/scene0569_01/00200.jpg",
      "transform_matrix": [
        [
          0.083089,
          0.317617,
          -0.944572,
          4.503036
        ],
        [
          0.996387,
          -0.009727,
          0.084376,
          3.951458
        ],
        [
          0.017612,
          -0.948169,
          -0.317277,
          1.508983
        ],
        [
          0.0,
          0.0,
          0.0,
          1.0
        ]
      ]
    },
    {
      "file_path": "/media/NFS/ttao/scannet/posed_images/scene0569_01/00202.jpg",
      "transform_matrix": [
        [
          0.080324,
          0.306281,
          -0.948546,
          4.50835
        ],
        [
          0.996659,
          -0.010556,
          0.08099,
          3.976309
        ],
        [
          0.014792,
          -0.951883,
          -0.306105,
          1.512577
        ],
        [
          0.0,
          0.0,
          0.0,
          1.0
        ]
      ]
    },
    {
      "file_path": "/media/NFS/ttao/scannet/posed_images/scene0569_01/00205.jpg",
      "transform_matrix": [
        [
          0.056959,
          0.313213,
          -0.947973,
          4.51334
        ],
        [
          0.998333,
          -0.008929,
          0.057035,
          4.009863
        ],
        [
          0.009399,
          -0.949641,
          -0.3132,
          1.524862
        ],
        [
          0.0,
          0.0,
          0.0,
          1.0
        ]
      ]
    },
    {
      "file_path": "/media/NFS/ttao/scannet/posed_images/scene0569_01/00210.jpg",
      "transform_matrix": [
        [
          0.011935,
          0.291063,
          -0.956629,
          4.523509
        ],
        [
          0.999906,
          -0.009959,
          0.009445,
          4.06359
        ],
        [
          -0.006778,
          -0.956652,
          -0.291155,
          1.537948
        ],
        [
          0.0,
          0.0,
          0.0,
          1.0
        ]
      ]
    },
    {
      "file_path": "/media/NFS/ttao/scannet/posed_images/scene0569_01/00211.jpg",
      "transform_matrix": [
        [
          0.005798,
          0.29249,
          -0.956251,
          4.523221
        ],
        [
          0.999968,
          -0.007074,
          0.003899,
          4.072012
        ],
        [
          -0.005624,
          -0.956243,
          -0.292521,
          1.545781
        ],
        [
          0.0,
          0.0,
          0.0,
          1.0
        ]
      ]
    },
    {
      "file_path": "/media/NFS/ttao/scannet/posed_images/scene0569_01/00218.jpg",
      "transform_matrix": [
        [
          0.003743,
          0.244729,
          -0.969584,
          4.515984
        ],
        [
          0.999468,
          0.030504,
          0.011557,
          4.108617
        ],
        [
          0.032405,
          -0.969111,
          -0.244485,
          1.596061
        ],
        [
          0.0,
          0.0,
          0.0,
          1.0
        ]
      ]
    },
    {
      "file_path": "/media/NFS/ttao/scannet/posed_images/scene0569_01/00220.jpg",
      "transform_matrix": [
        [
          0.002879,
          0.220071,
          -0.97548,
          4.519042
        ],
        [
          0.999482,
          0.030629,
          0.009859,
          4.112174
        ],
        [
          0.032048,
          -0.975003,
          -0.219869,
          1.605322
        ],
        [
          0.0,
          0.0,
          0.0,
          1.0
        ]
      ]
    },
    {
      "file_path": "/media/NFS/ttao/scannet/posed_images/scene0569_01/00224.jpg",
      "transform_matrix": [
        [
          0.012142,
          0.184548,
          -0.982749,
          4.511629
        ],
        [
          0.999578,
          0.023687,
          0.016798,
          4.119736
        ],
        [
          0.026378,
          -0.982538,
          -0.184182,
          1.632002
        ],
        [
          0.0,
          0.0,
          0.0,
          1.0
        ]
      ]
    },
    {
      "file_path": "/media/NFS/ttao/scannet/posed_images/scene0569_01/00227.jpg",
      "transform_matrix": [
        [
          0.01541,
          0.162432,
          -0.986599,
          4.502626
        ],
        [
          0.999457,
          0.026255,
          0.019933,
          4.125118
        ],
        [
          0.02914,
          -0.98637,
          -0.161939,
          1.655551
        ],
        [
          0.0,
          0.0,
          0.0,
          1.0
        ]
      ]
    },
    {
      "file_path": "/media/NFS/ttao/scannet/posed_images/scene0569_01/00230.jpg",
      "transform_matrix": [
        [
          0.002114,
          0.130523,
          -0.991443,
          4.505476
        ],
        [
          0.999885,
          0.014627,
          0.004058,
          4.132386
        ],
        [
          0.015031,
          -0.991337,
          -0.130477,
          1.655406
        ],
        [
          0.0,
          0.0,
          0.0,
          1.0
        ]
      ]
    },
    {
      "file_path": "/media/NFS/ttao/scannet/posed_images/scene0569_01/00235.jpg",
      "transform_matrix": [
        [
          -0.101145,
          0.112778,
          -0.988459,
          4.516321
        ],
        [
          0.994861,
          0.006749,
          -0.10103,
          4.167956
        ],
        [
          -0.004723,
          -0.993597,
          -0.112881,
          1.652842
        ],
        [
          0.0,
          0.0,
          0.0,
          1.0
        ]
      ]
    },
    {
      "file_path": "/media/NFS/ttao/scannet/posed_images/scene0569_01/00240.jpg",
      "transform_matrix": [
        [
          -0.215815,
          0.105923,
          -0.970672,
          4.518041
        ],
        [
          0.976433,
          0.021982,
          -0.214697,
          4.237576
        ],
        [
          -0.001404,
          -0.994131,
          -0.108171,
          1.67121
        ],
        [
          0.0,
          0.0,
          0.0,
          1.0
        ]
      ]
    },
    {
      "file_path": "/media/NFS/ttao/scannet/posed_images/scene0569_01/00241.jpg",
      "transform_matrix": [
        [
          -0.23887,
          0.103456,
          -0.965525,
          4.521581
        ],
        [
          0.971051,
          0.024407,
          -0.237622,
          4.252921
        ],
        [
          -0.001018,
          -0.994334,
          -0.106292,
          1.665403
        ],
        [
          0.0,
          0.0,
          0.0,
          1.0
        ]
      ]
    },
    {
      "file_path": "/media/NFS/ttao/scannet/posed_images/scene0569_01/00245.jpg",
      "transform_matrix": [
        [
          -0.308722,
          0.121317,
          -0.943384,
          4.534328
        ],
        [
          0.951147,
          0.035964,
          -0.306637,
          4.304391
        ],
        [
          -0.003273,
          -0.991962,
          -0.126493,
          1.660472
        ],
        [
          0.0,
          0.0,
          0.0,
          1.0
        ]
      ]
    },
    {
      "file_path": "/media/NFS/ttao/scannet/posed_images/scene0569_01/00250.jpg",
      "transform_matrix": [
        [
          -0.359141,
          0.165805,
          -0.918437,
          4.553043
        ],
        [
          0.933271,
          0.068867,
          -0.352509,
          4.315407
        ],
        [
          0.004802,
          -0.983751,
          -0.179474,
          1.60662
        ],
        [
          0.0,
          0.0,
          0.0,
          1.0
        ]
      ]
    },
    {
      "file_path": "/media/NFS/ttao/scannet/posed_images/scene0569_01/00254.jpg",
      "transform_matrix": [
        [
          -0.371184,
          0.221964,
          -0.90164,
          4.564006
        ],
        [
          0.928511,
          0.098656,
          -0.357959,
          4.347071
        ],
        [
          0.009498,
          -0.970051,
          -0.242716,
          1.578098
        ],
        [
          0.0,
          0.0,
          0.0,
          1.0
        ]
      ]
    },
    {
      "file_path": "/media/NFS/ttao/scannet/posed_images/scene0569_01/00255.jpg",
      "transform_matrix": [
        [
          -0.37099,
          0.232984,
          -0.898935,
          4.570786
        ],
        [
          0.928597,
          0.102096,
          -0.35677,
          4.351463
        ],
        [
          0.008656,
          -0.967106,
          -0.254225,
          1.564897
        ],
        [
          0.0,
          0.0,
          0.0,
          1.0
        ]
      ]
    },
    {
      "file_path": "/media/NFS/ttao/scannet/posed_images/scene0569_01/00261.jpg",
      "transform_matrix": [
        [
          -0.356905,
          0.30235,
          -0.883857,
          4.602403
        ],
        [
          0.933996,
          0.098866,
          -0.343332,
          4.372094
        ],
        [
          -0.016423,
          -0.948056,
          -0.317679,
          1.503524
        ],
        [
          0.0,
          0.0,
          0.0,
          1.0
        ]
      ]
    },
    {
      "file_path": "/media/NFS/ttao/scannet/posed_images/scene0569_01/00262.jpg",
      "transform_matrix": [
        [
          -0.356115,
          0.312599,
          -0.880604,
          4.607347
        ],
        [
          0.934267,
          0.10084,
          -0.34202,
          4.374907
        ],
        [
          -0.018115,
          -0.944518,
          -0.327961,
          1.492981
        ],
        [
          0.0,
          0.0,
          0.0,
          1.0
        ]
      ]
    },
    {
      "file_path": "/media/NFS/ttao/scannet/posed_images/scene0569_01/00265.jpg",
      "transform_matrix": [
        [
          -0.341265,
          0.341612,
          -0.875694,
          4.627916
        ],
        [
          0.939783,
          0.105523,
          -0.325075,
          4.376105
        ],
        [
          -0.018644,
          -0.933898,
          -0.357052,
          1.456757
        ],
        [
          0.0,
          0.0,
          0.0,
          1.0
        ]
      ]
    },
    {
      "file_path": "/media/NFS/ttao/scannet/posed_images/scene0569_01/00269.jpg",
      "transform_matrix": [
        [
          -0.348869,
          0.392441,
          -0.851047,
          4.647731
        ],
        [
          0.937169,
          0.143975,
          -0.317782,
          4.36798
        ],
        [
          -0.002181,
          -0.908439,
          -0.418012,
          1.421536
        ],
        [
          0.0,
          0.0,
          0.0,
          1.0
        ]
      ]
    },
    {
      "file_path": "/media/NFS/ttao/scannet/posed_images/scene0569_01/00274.jpg",
      "transform_matrix": [
        [
          -0.369897,
          0.430515,
          -0.823306,
          4.685315
        ],
        [
          0.928777,
          0.193719,
          -0.315985,
          4.356965
        ],
        [
          0.023453,
          -0.881549,
          -0.471509,
          1.405661
        ],
        [
          0.0,
          0.0,
          0.0,
          1.0
        ]
      ]
    },
    {
      "file_path": "/media/NFS/ttao/scannet/posed_images/scene0569_01/00276.jpg",
      "transform_matrix": [
        [
          -0.378694,
          0.431584,
          -0.818735,
          4.697056
        ],
        [
          0.925082,
          0.203788,
          -0.320459,
          4.348946
        ],
        [
          0.028543,
          -0.878752,
          -0.476424,
          1.408504
