{
  "frames": [
    {
      "file_path": "/media/NFS/ttao/scannet/posed_images/scene0691_01/00000.jpg",
      "transform_matrix": [
        [
          -0.966818,
          0.16026,
          -0.198947,
          6.065402
        ],
        [
          0.253398,
          0.50269,
          -0.826494,
          4.628242
        ],
        [
          -0.032445,
          -0.849482,
          -0.526619,
          1.301772
        ],
        [
          0.0,
          0.0,
          0.0,
          1.0
        ]
      ]
    },
    {
      "file_path": "/media/NFS/ttao/scannet/posed_images/scene0691_01/00003.jpg",
      "transform_matrix": [
        [
          -0.949469,
          0.187954,
          -0.251361,
          6.136446
        ],
        [
          0.312435,
          0.489749,
          -0.81396,
          4.604084
        ],
        [
          -0.029883,
          -0.851363,
          -0.523725,
          1.294313
        ],
        [
          0.0,
          0.0,
          0.0,
          1.0
        ]
      ]
    },
    {
      "file_path": "/media/NFS/ttao/scannet/posed_images/scene0691_01/00007.jpg",
      "transform_matrix": [
        [
          -0.933181,
          0.187844,
          -0.306411,
          6.171111
        ],
        [
          0.359339,
          0.50411,
          -0.785334,
          4.571726
        ],
        [
          0.006945,
          -0.842964,
          -0.537925,
          1.299768
        ],
        [
          0.0,
          0.0,
          0.0,
          1.0
        ]
      ]
    },
    {
      "file_path": "/media/NFS/ttao/scannet/posed_images/scene0691_01/00013.jpg",
      "transform_matrix": [
        [
          -0.906562,
          0.182531,
          -0.380562,
          6.206269
        ],
        [
          0.421773,
          0.425711,
          -0.800548,
          4.523475
        ],
        [
          0.015885,
          -0.886258,
          -0.46292,
          1.316874
        ],
        [
          0.0,
          0.0,
          0.0,
          1.0
        ]
      ]
    },
    {
      "file_path": "/media/NFS/ttao/scannet/posed_images/scene0691_01/00016.jpg",
      "transform_matrix": [
        [
          -0.901891,
          0.17221,
          -0.396153,
          6.215855
        ],
        [
          0.431528,
          0.400391,
          -0.808375,
          4.49371
        ],
        [
          0.019405,
          -0.900017,
          -0.435422,
          1.320944
        ],
        [
          0.0,
          0.0,
          0.0,
          1.0
        ]
      ]
    },
    {
      "file_path": "/media/NFS/ttao/scannet/posed_images/scene0691_01/00017.jpg",
      "transform_matrix": [
        [
          -0.90111,
          0.171949,
          -0.398039,
          6.214283
        ],
        [
          0.43318,
          0.396995,
          -0.809166,
          4.480698
        ],
        [
          0.018884,
          -0.90157,
          -0.432221,
          1.326026
        ],
        [
          0.0,
          0.0,
          0.0,
          1.0
        ]
      ]
    },
    {
      "file_path": "/media/NFS/ttao/scannet/posed_images/scene0691_01/00024.jpg",
      "transform_matrix": [
        [
          -0.888863,
          0.165413,
          -0.427272,
          6.212913
        ],
        [
          0.458006,
          0.346051,
          -0.818828,
          4.381727
        ],
        [
          0.012413,
          -0.923519,
          -0.383352,
          1.350703
        ],
        [
          0.0,
          0.0,
          0.0,
          1.0
        ]
      ]
    },
    {
      "file_path": "/media/NFS/ttao/scannet/posed_images/scene0691_01/00025.jpg",
      "transform_matrix": [
        [
          -0.886986,
          0.167448,
          -0.430369,
          6.208561
        ],
        [
          0.46171,
          0.339656,
          -0.819425,
          4.363508
        ],
        [
          0.008966,
          -0.925524,
          -0.378583,
          1.356253
        ],
        [
          0.0,
          0.0,
          0.0,
          1.0
        ]
      ]
    },
    {
      "file_path": "/media/NFS/ttao/scannet/posed_images/scene0691_01/00030.jpg",
      "transform_matrix": [
        [
          -0.875786,
          0.163382,
          -0.454208,
          6.20012
        ],
        [
          0.482671,
          0.286177,
          -0.827727,
          4.298303
        ],
        [
          -0.005252,
          -0.944144,
          -0.32949,
          1.380674
        ],
        [
          0.0,
          0.0,
          0.0,
          1.0
        ]
      ]
    },
    {
      "file_path": "/media/NFS/ttao/scannet/posed_images/scene0691_01/00033.jpg",
      "transform_matrix": [
        [
          -0.87702,
          0.1552,
          -0.454697,
          6.198576
        ],
        [
          0.480442,
          0.276505,
          -0.832299,
          4.269273
        ],
        [
          -0.003447,
          -0.948398,
          -0.317065,
          1.383421
        ],
        [
          0.0,
          0.0,
          0.0,
          1.0
        ]
      ]
    },
    {
      "file_path": "/media/NFS/ttao/scannet/posed_images/scene0691_01/00038.jpg",
      "transform_matrix": [
        [
          -0.863751,
          0.142639,
          -0.48331,
          6.209002
        ],
        [
          0.503796,
          0.265585,
          -0.821982,
          4.213056
        ],
        [
          0.011113,
          -0.953477,
          -0.30126,
          1.384698
        ],
        [
          0.0,
          0.0,
          0.0,
          1.0
        ]
      ]
    },
    {
      "file_path": "/media/NFS/ttao/scannet/posed_images/scene0691_01/00040.jpg",
      "transform_matrix": [
        [
          -0.85184,
          0.142727,
          -0.503982,
          6.230857
        ],
        [
          0.52338,
          0.270551,
          -0.808007,
          4.171148
        ],
        [
          0.021028,
          -0.952067,
          -0.305167,
          1.387491
        ],
        [
          0.0,
          0.0,
          0.0,
          1.0
        ]
      ]
    },
    {
      "file_path": "/media/NFS/ttao/scannet/posed_images/scene0691_01/00042.jpg",
      "transform_matrix": [
        [
          -0.845013,
          0.142381,
          -0.515443,
          6.247445
        ],
        [
          0.534125,
          0.271183,
          -0.800731,
          4.142015
        ],
        [
          0.02577,
          -0.951939,
          -0.305202,
          1.382598
        ],
        [
          0.0,
          0.0,
          0.0,
          1.0
        ]
      ]
    },
    {
      "file_path": "/media/NFS/ttao/scannet/posed_images/scene0691_01/00048.jpg",
      "transform_matrix": [
        [
          -0.813046,
          0.167397,
          -0.557615,
          6.311324
        ],
        [
          0.582194,
          0.229533,
          -0.779977,
          4.020236
        ],
        [
          -0.002575,
          -0.958798,
          -0.284078,
          1.390677
        ],
        [
          0.0,
          0.0,
          0.0,
          1.0
        ]
      ]
    },
    {
      "file_path": "/media/NFS/ttao/scannet/posed_images/scene0691_01/00051.jpg",
      "transform_matrix": [
        [
          -0.797507,
          0.188356,
          -0.573153,
          6.337763
        ],
        [
          0.602846,
          0.211591,
          -0.769289,
          3.969399
        ],
        [
          -0.023626,
          -0.959037,
          -0.282295,
          1.398843
        ],
        [
          0.0,
          0.0,
          0.0,
          1.0
        ]
      ]
    },
    {
      "file_path": "/media/NFS/ttao/scannet/posed_images/scene0691_01/00057.jpg",
      "transform_matrix": [
        [
          -0.764325,
          0.189474,
          -0.616366,
          6.368393
        ],
        [
          0.644661,
          0.202597,
          -0.737134,
          3.877276
        ],
        [
          -0.014794,
          -0.960757,
          -0.276997,
          1.40333
        ],
        [
          0.0,
          0.0,
          0.0,
          1.0
        ]
      ]
    },
    {
      "file_path": "/media/NFS/ttao/scannet/posed_images/scene0691_01/00058.jpg",
      "transform_matrix": [
        [
          -0.757277,
          0.188706,
          -0.625237,
          6.375388
        ],
        [
          0.653026,
          0.205068,
          -0.729043,
          3.859265
        ],
        [
          -0.009358,
          -0.960384,
          -0.278524,
          1.405874
        ],
        [
          0.0,
          0.0,
          0.0,
          1.0
        ]
      ]
    },
    {
      "file_path": "/media/NFS/ttao/scannet/posed_images/scene0691_01/00061.jpg",
      "transform_matrix": [
        [
          -0.745297,
          0.177338,
          -0.642715,
          6.379682
        ],
        [
          0.666732,
          0.197948,
          -0.718529,
          3.810275
        ],
        [
          -0.000198,
          -0.964037,
          -0.265767,
          1.413374
        ],
        [
          0.0,
          0.0,
          0.0,
          1.0
        ]
      ]
    },
    {
      "file_path": "/media/NFS/ttao/scannet/posed_images/scene0691_01/00068.jpg",
      "transform_matrix": [
        [
          -0.703096,
          0.154692,
          -0.694066,
          6.364735
        ],
        [
          0.711078,
          0.146121,
          -0.687762,
          3.703488
        ],
        [
          -0.004973,
          -0.977097,
          -0.212735,
          1.426407
        ],
        [
          0.0,
          0.0,
          0.0,
          1.0
        ]
      ]
    },
    {
      "file_path": "/media/NFS/ttao/scannet/posed_images/scene0691_01/00069.jpg",
      "transform_matrix": [
        [
          -0.700301,
          0.151457,
          -0.697595,
          6.357695
        ],
        [
          0.713807,
          0.138128,
          -0.686586,
          3.689575
        ],
        [
          -0.007631,
          -0.978765,
          -0.204842,
          1.424809
        ],
        [
          0.0,
          0.0,
          0.0,
          1.0
        ]
      ]
    },
    {
      "file_path": "/media/NFS/ttao/scannet/posed_images/scene0691_01/00072.jpg",
      "transform_matrix": [
        [
          -0.686789,
          0.150909,
          -0.711018,
          6.333542
        ],
        [
          0.726624,
          0.117816,
          -0.676858,
          3.654287
        ],
        [
          -0.018375,
          -0.981502,
          -0.190569,
          1.420828
        ],
        [
          0.0,
          0.0,
          0.0,
          1.0
        ]
      ]
    },
    {
      "file_path": "/media/NFS/ttao/scannet/posed_images/scene0691_01/00075.jpg",
      "transform_matrix": [
        [
          -0.668921,
          0.163244,
          -0.725187,
          6.312004
        ],
        [
          0.742835,
          0.111063,
          -0.660198,
          3.600139
        ],
        [
          -0.027232,
          -0.980314,
          -0.195555,
          1.434372
        ],
        [
          0.0,
          0.0,
          0.0,
          1.0
        ]
      ]
    },
    {
      "file_path": "/media/NFS/ttao/scannet/posed_images/scene0691_01/00079.jpg",
      "transform_matrix": [
        [
          -0.642354,
          0.157653,
          -0.750018,
          6.284509
        ],
        [
          0.765868,
          0.09531,
          -0.635894,
          3.552645
        ],
        [
          -0.028766,
          -0.982884,
          -0.181964,
          1.443184
        ],
        [
          0.0,
          0.0,
          0.0,
          1.0
        ]
      ]
    },
    {
      "file_path": "/media/NFS/ttao/scannet/posed_images/scene0691_01/00084.jpg",
      "transform_matrix": [
        [
          -Infinity,
          -Infinity,
          -Infinity,
          -Infinity
        ],
        [
          -Infinity,
          -Infinity,
          -Infinity,
          -Infinity
        ],
        [
          -Infinity,
          -Infinity,
          -Infinity,
          -Infinity
        ],
        [
          -Infinity,
          -Infinity,
          -Infinity,
          -Infinity
        ]
      ]
    },
    {
      "file_path": "/media/NFS/ttao/scannet/posed_images/scene0691_01/00087.jpg",
      "transform_matrix": [
        [
          -Infinity,
          -Infinity,
          -Infinity,
          -Infinity
        ],
        [
          -Infinity,
          -Infinity,
          -Infinity,
          -Infinity
        ],
        [
          -Infinity,
          -Infinity,
          -Infinity,
          -Infinity
        ],
        [
          -Infinity,
          -Infinity,
          -Infinity,
          -Infinity
        ]
      ]
    },
    {
      "file_path": "/media/NFS/ttao/scannet/posed_images/scene0691_01/00090.jpg",
      "transform_matrix": [
        [
          -Infinity,
          -Infinity,
          -Infinity,
          -Infinity
        ],
        [
          -Infinity,
          -Infinity,
          -Infinity,
          -Infinity
        ],
        [
          -Infinity,
          -Infinity,
          -Infinity,
          -Infinity
        ],
        [
          -Infinity,
          -Infinity,
          -Infinity,
          -Infinity
        ]
      ]
    },
    {
      "file_path": "/media/NFS/ttao/scannet/posed_images/scene0691_01/00094.jpg",
      "transform_matrix": [
        [
          -Infinity,
          -Infinity,
          -Infinity,
          -Infinity
        ],
        [
          -Infinity,
          -Infinity,
          -Infinity,
          -Infinity
        ],
        [
          -Infinity,
          -Infinity,
          -Infinity,
          -Infinity
        ],
        [
          -Infinity,
          -Infinity,
          -Infinity,
          -Infinity
        ]
      ]
    },
    {
      "file_path": "/media/NFS/ttao/scannet/posed_images/scene0691_01/00100.jpg",
      "transform_matrix": [
        [
          -0.346093,
          0.173288,
          -0.922058,
          6.219911
        ],
        [
          0.938126,
          0.076293,
          -0.337786,
          3.419385
        ],
        [
          0.011812,
          -0.981912,
          -0.18897,
          1.424445
        ],
        [
          0.0,
          0.0,
          0.0,
          1.0
        ]
      ]
    },
    {
      "file_path": "/media/NFS/ttao/scannet/posed_images/scene0691_01/00102.jpg",
      "transform_matrix": [
        [
          -0.319735,
          0.174494,
          -0.931301,
          6.215204
        ],
        [
          0.947454,
          0.06925,
          -0.312305,
          3.411111
        ],
        [
          0.009997,
          -0.98222,
          -0.187467,
          1.421176
        ],
        [
          0.0,
          0.0,
          0.0,
          1.0
        ]
      ]
    },
    {
      "file_path": "/media/NFS/ttao/scannet/posed_images/scene0691_01/00105.jpg",
      "transform_matrix": [
        [
          -0.26966,
          0.179072,
          -0.946159,
          6.218773
        ],
        [
          0.962926,
          0.057869,
          -0.263487,
          3.398134
        ],
        [
          0.00757,
          -0.982133,
          -0.188038,
          1.414864
        ],
        [
          0.0,
          0.0,
          0.0,
          1.0
        ]
      ]
    },
    {
      "file_path": "/media/NFS/ttao/scannet/posed_images/scene0691_01/00109.jpg",
      "transform_matrix": [
        [
          -0.197101,
          0.192056,
          -0.961387,
          6.213819
        ],
        [
          0.980292,
          0.051995,
          -0.19059,
          3.389569
        ],
        [
          0.013383,
          -0.980006,
          -0.19852,
          1.410091
        ],
        [
          0.0,
          0.0,
          0.0,
          1.0
        ]
      ]
    },
    {
      "file_path": "/media/NFS/ttao/scannet/posed_images/scene0691_01/00112.jpg",
      "transform_matrix": [
        [
          -0.14304,
          0.200976,
          -0.969097,
          6.218856
        ],
        [
          0.989423,
          0.05289,
          -0.135072,
          3.391417
        ],
        [
          0.024109,
          -0.978167,
          -0.206416,
          1.408889
        ],
        [
          0.0,
          0.0,
          0.0,
          1.0
        ]
      ]
    },
    {
      "file_path": "/media/NFS/ttao/scannet/posed_images/scene0691_01/00118.jpg",
      "transform_matrix": [
        [
          -0.043933,
          0.211461,
          -0.976399,
          6.208685
        ],
        [
          0.998374,
          0.044832,
          -0.035213,
          3.391907
        ],
        [
          0.036327,
          -0.976358,
          -0.213087,
          1.403419
        ],
        [
          0.0,
          0.0,
          0.0,
          1.0
        ]
      ]
    },
    {
      "file_path": "/media/NFS/ttao/scannet/posed_images/scene0691_01/00119.jpg",
      "transform_matrix": [
        [
          -0.031656,
          0.213358,
          -0.976461,
          6.205697
        ],
        [
          0.998802,
          0.043228,
          -0.022935,
          3.393574
        ],
        [
          0.037317,
          -0.976017,
          -0.214471,
          1.405023
        ],
        [
          0.0,
          0.0,
          0.0,
          1.0
        ]
      ]
    },
    {
      "file_path": "/media/NFS/ttao/scannet/posed_images/scene0691_01/00125.jpg",
      "transform_matrix": [
        [
          0.027137,
          0.220261,
          -0.975063,
          6.202085
        ],
        [
          0.998488,
          0.040668,
          0.036976,
          3.401116
        ],
        [
          0.047798,
          -0.974593,
          -0.218824,
          1.396048
        ],
        [
          0.0,
          0.0,
          0.0,
          1.0
        ]
      ]
    },
    {
      "file_path": "/media/NFS/ttao/scannet/posed_images/scene0691_01/00127.jpg",
      "transform_matrix": [
        [
          0.039426,
          0.222412,
          -0.974155,
          6.198035
        ],
        [
          0.998071,
          0.038022,
          0.049075,
          3.409246
        ],
        [
          0.047954,
          -0.974211,
          -0.220484,
          1.396821
        ],
        [
          0.0,
          0.0,
          0.0,
          1.0
        ]
      ]
    },
    {
      "file_path": "/media/NFS/ttao/scannet/posed_images/scene0691_01/00131.jpg",
      "transform_matrix": [
        [
          0.056088,
          0.219161,
          -0.974075,
          6.193704
        ],
        [
          0.997599,
          0.027392,
          0.063605,
          3.436263
        ],
        [
          0.040622,
          -0.975304,
          -0.217098,
          1.396848
        ],
        [
          0.0,
          0.0,
          0.0,
          1.0
        ]
      ]
    },
    {
      "file_path": "/media/NFS/ttao/scannet/posed_images/scene0691_01/00136.jpg",
      "transform_matrix": [
        [
          0.094321,
          0.215905,
          -0.971848,
          6.165093
        ],
        [
          0.995049,
          0.010257,
          0.098851,
          3.471203
        ],
        [
          0.03131,
          -0.976361,
          -0.213868,
          1.400967
        ],
        [
          0.0,
          0.0,
          0.0,
          1.0
        ]
      ]
    },
    {
      "file_path": "/media/NFS/ttao/scannet/posed_images/scene0691_01/00138.jpg",
      "transform_matrix": [
        [
          0.107409,
          0.219146,
          -0.969762,
          6.152008
        ],
        [
          0.993675,
          0.008492,
          0.111977,
          3.485792
        ],
        [
          0.032775,
          -0.975655,
          -0.216848,
          1.403116
        ],
        [
          0.0,
          0.0,
          0.0,
          1.0
        ]
      ]
    },
    {
      "file_path": "/media/NFS/ttao/scannet/posed_images/scene0691_01/00143.jpg",
      "transform_matrix": [
        [
          0.131844,
          0.210605,
          -0.96864,
          6.124396
        ],
        [
          0.990569,
          0.008773,
          0.136737,
          3.536599
        ],
        [
          0.037295,
          -0.977532,
          -0.207462,
          1.40185
        ],
        [
          0.0,
          0.0,
          0.0,
          1.0
        ]
      ]
    },
    {
      "file_path": "/media/NFS/ttao/scannet/posed_images/scene0691_01/00147.jpg",
      "transform_matrix": [
        [
          0.15829,
          0.21162,
          -0.964449,
          6.101069
        ],
        [
          0.986472,
          0.008278,
          0.16372,
          3.559561
        ],
        [
          0.04263,
          -0.977317,
          -0.207447,
          1.402562
        ],
        [
          0.0,
          0.0,
          0.0,
          1.0
        ]
      ]
    },
    {
      "file_path": "/media/NFS/ttao/scannet/posed_images/scene0691_01/00149.jpg",
      "transform_matrix": [
        [
          0.168857,
          0.209216,
          -0.96318,
          6.0957
        ],
        [
          0.98461,
          0.008866,
          0.174539,
          3.568963
        ],
        [
          0.045056,
          -0.977829,
          -0.204499,
          1.400127
        ],
        [
          0.0,
          0.0,
          0.0,
          1.0
        ]
      ]
    },
    {
      "file_path": "/media/NFS/ttao/scannet/posed_images/scene0691_01/00155.jpg",
      "transform_matrix": [
        [
          0.186173,
          0.213893,
          -0.958952,
          6.075939
        ],
        [
          0.981307,
          0.007941,
          0.192285,
          3.628337
        ],
        [
          0.048743,
          -0.976825,
          -0.208417,
          1.395741
        ],
        [
          0.0,
          0.0,
          0.0,
          1.0
        ]
      ]
    },
    {
      "file_path": "/media/NFS/ttao/scannet/posed_images/scene0691_01/00156.jpg",
      "transform_matrix": [
        [
          0.193231,
          0.214782,
          -0.957356,
          6.07564
        ],
        [
          0.979931,
          0.006444,
          0.199233,
          3.632651
        ],
        [
          0.048961,
          -0.976641,
          -0.209227,
          1.397371
        ],
        [
          0.0,
          0.0,
          0.0,
          1.0
        ]
      ]
    },
    {
      "file_path": "/media/NFS/ttao/scannet/posed_images/scene0691_01/00159.jpg",
      "transform_matrix": [
        [
          0.219023,
          0.213767,
          -0.952015,
          6.063604
        ],
        [
          0.9747,
          -0.003341,
          0.223491,
          3.643701
        ],
        [
          0.044594,
          -0.976879,
          -0.20909,
          1.407801
        ],
        [
          0.0,
          0.0,
          0.0,
          1.0
        ]
      ]
    },
    {
      "file_path": "/media/NFS/ttao/scannet/posed_images/scene0691_01/00166.jpg",
      "transform_matrix": [
        [
          0.259393,
          0.169044,
          -0.950863,
          6.062101
        ],
        [
          0.964746,
          1.6e-05,
          0.263183,
          3.68
        ],
        [
          0.044504,
          -0.985608,
          -0.16308,
          1.413801
        ],
        [
          0.0,
          0.0,
          0.0,
          1.0
        ]
      ]
    },
    {
      "file_path": "/media/NFS/ttao/scannet/posed_images/scene0691_01/00168.jpg",
      "transform_matrix": [
        [
          0.279132,
          0.160974,
          -0.946664,
          6.062356
        ],
        [
          0.959348,
          -0.003972,
          0.282196,
          3.674491
        ],
        [
          0.041666,
          -0.986951,
          -0.155539,
          1.415583
        ],
        [
          0.0,
          0.0,
          0.0,
          1.0
        ]
      ]
    },
    {
      "file_path": "/media/NFS/ttao/scannet/posed_images/scene0691_01/00170.jpg",
      "transform_matrix": [
        [
          0.283198,
          0.159522,
          -0.945702,
          6.048154
        ],
        [
          0.958396,
          -0.01034,
          0.285256,
          3.700071
        ],
        [
          0.035726,
          -0.98714,
          -0.155814,
          1.439695
        ],
        [
          0.0,
          0.0,
          0.0,
          1.0
        ]
      ]
    },
    {
      "file_path": "/media/NFS/ttao/scannet/posed_images/scene0691_01/00176.jpg",
      "transform_matrix": [
        [
          0.354807,
          0.118347,
          -0.927419,
          6.055509
        ],
        [
          0.93481,
          -0.028403,
          0.35401,
          3.685092
        ],
        [
          0.015555,
          -0.992566,
          -0.120709,
          1.439801
        ],
        [
          0.0,
          0.0,
          0.0,
          1.0
        ]
      ]
    },
    {
      "file_path": "/media/NFS/ttao/scannet/posed_images/scene0691_01/00178.jpg",
      "transform_matrix": [
        [
          0.376243,
          0.111616,
          -0.919774,
          6.063538
        ],
        [
          0.926474,
          -0.035285,
          0.374702,
          3.681897
        ],
        [
          0.009369,
          -0.993125,
          -0.116685,
          1.432973
        ],
        [
          0.0,
          0.0,
          0.0,
          1.0
        ]
      ]
    },
    {
      "file_path": "/media/NFS/ttao/scannet/posed_images/scene0691_01/00182.jpg",
      "transform_matrix": [
        [
          0.415459,
          0.12121,
          -0.9015,
          6.064581
        ],
        [
          0.909494,
          -0.0394,
          0.413846,
          3.693205
        ],
        [
          0.014643,
          -0.991845,
          -0.126608,
          1.442305
        ],
        [
          0.0,
          0.0,
          0.0,
          1.0
        ]
      ]
    },
    {
      "file_path": "/media/NFS/ttao/scannet/posed_images/scene0691_01/00184.jpg",
      "transform_matrix": [
        [
          0.44167,
          0.123789,
          -0.888597,
          6.061776
        ],
        [
          0.896976,
          -0.039915,
          0.440274,
          3.688058
        ],
        [
          0.019033,
          -0.991505,
          -0.128664,
          1.448083
        ],
        [
          0.0,
          0.0,
          0.0,
          1.0
        ]
      ]
    },
    {
      "file_path": "/media/NFS/ttao/scannet/posed_images/scene0691_01/00189.jpg",
      "transform_matrix": [
        [
          0.514912,
          0.102544,
          -0.851088,
          6.063266
        ],
        [
          0.857015,
          -0.038653,
          0.51384,
          3.668622
        ],
        [
          0.019794,
          -0.993977,
          -0.107785,
          1.450714
        ],
        [
          0.0,
          0.0,
          0.0,
          1.0
        ]
      ]
    },
    {
      "file_path": "/media/NFS/ttao/scannet/posed_images/scene0691_01/00193.jpg",
      "transform_matrix": [
        [
          0.56051,
          0.082225,
          -0.824056,
          6.090663
        ],
        [
          0.828019,
          -0.038107,
          0.559403,
          3.689663
        ],
        [
          0.014595,
          -0.995885,
          -0.089443,
          1.454392
        ],
        [
          0.0,
          0.0,
          0.0,
          1.0
        ]
      ]
    },
    {
      "file_path": "/media/NFS/ttao/scannet/posed_images/scene0691_01/00197.jpg",
      "transform_matrix": [
        [
          0.60589,
          0.063587,
          -0.793003,
          6.094218
        ],
        [
          0.795465,
          -0.033963,
          0.605047,
          3.678567
        ],
        [
          0.011541,
          -0.997398,
          -0.071159,
          1.455016
        ],
        [
          0.0,
          0.0,
          0.0,
          1.0
        ]
      ]
    },
    {
      "file_path": "/media/NFS/ttao/scannet/posed_images/scene0691_01/00200.jpg",
      "transform_matrix": [
        [
          0.634125,
          0.048198,
          -0.771727,
          6.103286
        ],
        [
          0.773176,
          -0.027758,
          0.633583,
          3.674763
        ],
        [
          0.009116,
          -0.998452,
          -0.054868,
          1.447818
        ],
        [
          0.0,
          0.0,
          0.0,
          1.0
        ]
      ]
    },
    {
      "file_path": "/media/NFS/ttao/scannet/posed_images/scene0691_01/00204.jpg",
      "transform_matrix": [
        [
          0.673319,
          0.03231,
          -0.738646,
          6.098846
        ],
        [
          0.739352,
          -0.03027,
          0.672638,
          3.658674
        ],
        [
          -0.000626,
          -0.999019,
          -0.04427,
          1.447916
        ],
        [
          0.0,
          0.0,
          0.0,
          1.0
        ]
      ]
    },
    {
      "file_path": "/media/NFS/ttao/scannet/posed_images/scene0691_01/00206.jpg",
      "transform_matrix": [
        [
          0.696771,
          0.029955,
          -0.716668,
          6.098448
        ],
        [
          0.717292,
          -0.031006,
          0.696082,
          3.655609
        ],
        [
          -0.001369,
          -0.99907,
          -0.043091,
          1.441488
        ],
        [
          0.0,
          0.0,
          0.0,
          1.0
        ]
      ]
    },
    {
      "file_path": "/media/NFS/ttao/scannet/posed_images/scene0691_01/00211.jpg",
      "transform_matrix": [
        [
          0.743819,
          0.057102,
          -0.665938,
          6.107454
        ],
        [
          0.668372,
          -0.068723,
          0.740645,
          3.663821
        ],
        [
          -0.003473,
          -0.996,
          -0.089283,
          1.417392
        ],
        [
          0.0,
          0.0,
          0.0,
          1.0
        ]
      ]
    },
    {
      "file_path": "/media/NFS/ttao/scannet/posed_images/scene0691_01/00215.jpg",
      "transform_matrix": [
        [
          0.771357,
          0.073107,
          -0.632189,
          6.105095
        ],
        [
          0.636387,
          -0.095562,
          0.765428,
          3.666914
        ],
        [
          -0.004455,
          -0.992735,
          -0.120237,
          1.412493
        ],
        [
          0.0,
          0.0,
          0.0,
          1.0
        ]
      ]
    },
    {
      "file_path": "/media/NFS/ttao/scannet/posed_images/scene0691_01/00220.jpg",
      "transform_matrix": [
        [
          0.807637,
          0.074263,
          -0.584984,
          6.121428
        ],
        [
          0.589654,
          -0.110901,
          0.800006,
          3.67384
        ],
        [
          -0.005464,
          -0.991053,
          -0.133357,
          1.403655
        ],
        [
          0.0,
          0.0,
          0.0,
          1.0
        ]
      ]
    },
    {
      "file_path": "/media/NFS/ttao/scannet/posed_images/scene0691_01/00222.jpg",
      "transform_matrix": [
        [
          0.819768,
          0.06783,
          -0.568665,
          6.129975
        ],
        [
          0.572647,
          -0.110122,
          0.812372,
          3.676518
        ],
        [
          -0.00752,
          -0.991601,
          -0.129118,
          1.39802
        ],
        [
          0.0,
          0.0,
          0.0,
          1.0
        ]
      ]
    },
    {
      "file_path": "/media/NFS/ttao/scannet/posed_images/scene0691_01/00224.jpg",
      "transform_matrix": [
        [
          0.832954,
          0.068727,
          -0.549058,
          6.1372
        ],
        [
          0.553313,
          -0.113703,
          0.825176,
          3.680686
        ],
        [
          -0.005717,
          -0.991135,
          -0.132737,
          1.395939
        ],
        [
          0.0,
          0.0,
          0.0,
          1.0
        ]
      ]
    },
    {
      "file_path": "/media/NFS/ttao/scannet/posed_images/scene0691_01/00230.jpg",
      "transform_matrix": [
        [
          0.88084,
          0.094697,
          -0.463846,
          6.175731
        ],
        [
          0.473207,
          -0.147173,
          0.86857,
          3.697926
        ],
        [
          0.013986,
          -0.984567,
          -0.174447,
          1.390586
        ],
        [
          0.0,
          0.0,
          0.0,
          1.0
        ]
      ]
    },
    {
      "file_path": "/media/NFS/ttao/scannet/posed_images/scene0691_01/00232.jpg",
      "transform_matrix": [
        [
          0.894095,
          0.089007,
          -0.438944,
          6.180925
        ],
        [
          0.447835,
          -0.164174,
          0.878914,
          3.702072
        ],
        [
          0.006166,
          -0.982407,
          -0.186648,
          1.390493
        ],
        [
          0.0,
          0.0,
          0.0,
          1.0
        ]
      ]
    },
    {
      "file_path": "/media/NFS/ttao/scannet/posed_images/scene0691_01/00237.jpg",
      "transform_matrix": [
        [
          0.920039,
          0.087047,
          -0.382034,
          6.195896
        ],
        [
          0.391823,
          -0.200764,
          0.897869,
          3.704208
        ],
        [
          0.001458,
          -0.975765,
          -0.218817,
          1.383015
        ],
        [
          0.0,
          0.0,
          0.0,
          1.0
        ]
      ]
    },
    {
      "file_path": "/media/NFS/ttao/scannet/posed_images/scene0691_01/00238.jpg",
      "transform_matrix": [
        [
          0.925994,
          0.07929,
          -0.369118,
          6.198256
        ],
        [
          0.377508,
          -0.206858,
          0.902606,
          3.702514
        ],
        [
          -0.004787,
          -0.975153,
          -0.221482,
          1.382271
        ],
        [
          0.0,
          0.0,
          0.0,
          1.0
        ]
      ]
    },
    {
      "file_path": "/media/NFS/ttao/scannet/posed_images/scene0691_01/00245.jpg",
      "transform_matrix": [
        [
          0.963994,
          0.077065,
          -0.254512,
          6.220754
        ],
        [
          0.265634,
          -0.234406,
          0.935143,
          3.687803
        ],
        [
          0.012408,
          -0.969079,
          -0.246437,
          1.340844
        ],
        [
          0.0,
          0.0,
          0.0,
          1.0
        ]
      ]
    },
    {
      "file_path": "/media/NFS/ttao/scannet/posed_images/scene0691_01/00246.jpg",
      "transform_matrix": [
        [
          0.970606,
          0.072792,
          -0.229402,
          6.218228
        ],
        [
          0.240206,
          -0.233593,
          0.942197,
          3.685212
        ],
        [
          0.014998,
          -0.969606,
          -0.244212,
          1.336703
        ],
        [
          0.0,
          0.0,
          0.0,
          1.0
        ]
      ]
    },
    {
      "file_path": "/media/NFS/ttao/scannet/posed_images/scene0691_01/00250.jpg",
      "transform_matrix": [
        [
          0.986903,
          0.059082,
          -0.150106,
          6.21999
        ],
        [
          0.159736,
          -0.228035,
          0.96046,
          3.674136
        ],
        [
          0.022516,
          -0.971859,
          -0.234486,
          1.328495
        ],
        [
          0.0,
          0.0,
          0.0,
          1.0
        ]
      ]
    },
    {
      "file_path": "/media/NFS/ttao/scannet/posed_images/scene0691_01/00254.jpg",
      "transform_matrix": [
        [
          0.996362,
          0.031214,
          -0.079299,
          6.192373
        ],
        [
          0.084453,
          -0.236975,
          0.967838,
          3.659904
        ],
        [
          0.011418,
          -0.971014,
          -0.238749,
          1.32908
        ],
        [
          0.0,
          0.0,
          0.0,
          1.0
        ]
      ]
    },
    {
      "file_path": "/media/NFS/ttao/scannet/posed_images/scene0691_01/00258.jpg",
      "transform_matrix": [
        [
          0.999307,
          -0.004584,
          -0.036926,
          6.165296
        ],
        [
          0.034714,
          -0.242461,
          0.96954,
          3.639565
        ],
        [
          -0.013397,
          -0.97015,
          -0.242134,
          1.326994
        ],
        [
          0.0,
          0.0,
          0.0,
          1.0
        ]
      ]
    },
    {
      "file_path": "/media/NFS/ttao/scannet/posed_images/scene0691_01/00264.jpg",
      "transform_matrix": [
        [
          0.997612,
          -0.033943,
          0.060151,
          6.108409
        ],
        [
          -0.066779,
          -0.251757,
          0.965484,
          3.615117
        ],
        [
          -0.017628,
          -0.967195,
          -0.253423,
          1.32756
        ],
        [
          0.0,
          0.0,
          0.0,
          1.0
        ]
      ]
    },
    {
      "file_path": "/media/NFS/ttao/scannet/posed_images/scene0691_01/00265.jpg",
      "transform_matrix": [
        [
          0.996818,
          -0.04104,
          0.068335,
          6.10598
        ],
        [
          -0.076525,
          -0.252722,
          0.964508,
          3.611742
        ],
        [
          -0.022313,
          -0.966668,
          -0.255058,
          1.328958
        ],
        [
          0.0,
          0.0,
          0.0,
          1.0
        ]
      ]
    },
    {
      "file_path": "/media/NFS/ttao/scannet/posed_images/scene0691_01/00268.jpg",
      "transform_matrix": [
        [
          0.994344,
          -0.046047,
          0.095703,
          6.087644
        ],
        [
          -0.104397,
          -0.258243,
          0.960423,
          3.604369
        ],
        [
          -0.01951,
          -0.964982,
          -0.261589,
          1.332056
        ],
        [
          0.0,
          0.0,
          0.0,
          1.0
        ]
      ]
    },
    {
      "file_path": "/media/NFS/ttao/scannet/posed_images/scene0691_01/00273.jpg",
      "transform_matrix": [
        [
          0.989052,
          -0.022876,
          0.145783,
          6.059294
        ],
        [
          -0.146991,
          -0.239926,
          0.959598,
          3.5977
        ],
        [
          0.013026,
          -0.970521,
          -0.240662,
          1.326013
        ],
        [
          0.0,
          0.0,
          0.0,
          1.0
        ]
      ]
    },
    {
      "file_path": "/media/NFS/ttao/scannet/posed_images/scene0691_01/00278.jpg",
      "transform_matrix": [
        [
          0.983593,
          -0.030432,
          0.177815,
          6.051762
        ],
        [
          -0.179894,
          -0.239218,
          0.954155,
          3.602532
        ],
        [
          0.0135,
          -0.970489,
          -0.240768,
          1.325436
        ],
        [
          0.0,
          0.0,
          0.0,
          1.0
        ]
      ]
    },
    {
      "file_path": "/media/NFS/ttao/scannet/posed_images/scene0691_01/00281.jpg",
      "transform_matrix": [
        [
          0.981861,
          -0.043259,
          0.1846,
          6.059738
        ],
        [
          -0.189596,
          -0.230486,
          0.954426,
          3.606479
        ],
