{
  "frames": [
    {
      "file_path": "/media/NFS/ttao/scannet/posed_images/scene0673_00/00002.jpg",
      "transform_matrix": [
        [
          -0.815867,
          -0.339225,
          0.468282,
          2.208027
        ],
        [
          -0.568417,
          0.321857,
          -0.757173,
          3.050401
        ],
        [
          0.106132,
          -0.883932,
          -0.455413,
          1.512166
        ],
        [
          0.0,
          0.0,
          0.0,
          1.0
        ]
      ]
    },
    {
      "file_path": "/media/NFS/ttao/scannet/posed_images/scene0673_00/00009.jpg",
      "transform_matrix": [
        [
          -0.821467,
          -0.344559,
          0.454391,
          2.214268
        ],
        [
          -0.557931,
          0.320849,
          -0.765355,
          3.053851
        ],
        [
          0.11792,
          -0.882233,
          -0.455808,
          1.510901
        ],
        [
          0.0,
          0.0,
          0.0,
          1.0
        ]
      ]
    },
    {
      "file_path": "/media/NFS/ttao/scannet/posed_images/scene0673_00/00013.jpg",
      "transform_matrix": [
        [
          -0.812927,
          -0.357332,
          0.459851,
          2.217957
        ],
        [
          -0.569125,
          0.320043,
          -0.75741,
          3.060364
        ],
        [
          0.123475,
          -0.877432,
          -0.463538,
          1.503419
        ],
        [
          0.0,
          0.0,
          0.0,
          1.0
        ]
      ]
    },
    {
      "file_path": "/media/NFS/ttao/scannet/posed_images/scene0673_00/00027.jpg",
      "transform_matrix": [
        [
          -0.769326,
          -0.478951,
          0.422782,
          2.232583
        ],
        [
          -0.624259,
          0.422922,
          -0.656839,
          3.095192
        ],
        [
          0.13579,
          -0.769249,
          -0.624354,
          1.422417
        ],
        [
          0.0,
          0.0,
          0.0,
          1.0
        ]
      ]
    },
    {
      "file_path": "/media/NFS/ttao/scannet/posed_images/scene0673_00/00031.jpg",
      "transform_matrix": [
        [
          -0.773852,
          -0.485787,
          0.406405,
          2.239038
        ],
        [
          -0.616572,
          0.431011,
          -0.658839,
          3.116546
        ],
        [
          0.144891,
          -0.760421,
          -0.633061,
          1.419191
        ],
        [
          0.0,
          0.0,
          0.0,
          1.0
        ]
      ]
    },
    {
      "file_path": "/media/NFS/ttao/scannet/posed_images/scene0673_00/00036.jpg",
      "transform_matrix": [
        [
          -0.767475,
          -0.480778,
          0.42407,
          2.254024
        ],
        [
          -0.621518,
          0.395845,
          -0.676034,
          3.140779
        ],
        [
          0.157157,
          -0.782406,
          -0.602613,
          1.441787
        ],
        [
          0.0,
          0.0,
          0.0,
          1.0
        ]
      ]
    },
    {
      "file_path": "/media/NFS/ttao/scannet/posed_images/scene0673_00/00047.jpg",
      "transform_matrix": [
        [
          -0.666186,
          -0.443886,
          0.5993,
          2.239412
        ],
        [
          -0.7337,
          0.246004,
          -0.633377,
          3.140003
        ],
        [
          0.133717,
          -0.861654,
          -0.489564,
          1.517862
        ],
        [
          0.0,
          0.0,
          0.0,
          1.0
        ]
      ]
    },
    {
      "file_path": "/media/NFS/ttao/scannet/posed_images/scene0673_00/00056.jpg",
      "transform_matrix": [
        [
          -0.702009,
          -0.382514,
          0.600721,
          2.194345
        ],
        [
          -0.694789,
          0.182647,
          -0.695636,
          3.100139
        ],
        [
          0.15637,
          -0.905717,
          -0.393986,
          1.551384
        ],
        [
          0.0,
          0.0,
          0.0,
          1.0
        ]
      ]
    },
    {
      "file_path": "/media/NFS/ttao/scannet/posed_images/scene0673_00/00061.jpg",
      "transform_matrix": [
        [
          -0.704773,
          -0.367771,
          0.606662,
          2.168279
        ],
        [
          -0.692262,
          0.16951,
          -0.701456,
          3.067721
        ],
        [
          0.15514,
          -0.914336,
          -0.37406,
          1.562257
        ],
        [
          0.0,
          0.0,
          0.0,
          1.0
        ]
      ]
    },
    {
      "file_path": "/media/NFS/ttao/scannet/posed_images/scene0673_00/00065.jpg",
      "transform_matrix": [
        [
          -0.660488,
          -0.346764,
          0.665966,
          2.158203
        ],
        [
          -0.739361,
          0.145895,
          -0.657313,
          3.057691
        ],
        [
          0.130771,
          -0.926536,
          -0.352745,
          1.572389
        ],
        [
          0.0,
          0.0,
          0.0,
          1.0
        ]
      ]
    },
    {
      "file_path": "/media/NFS/ttao/scannet/posed_images/scene0673_00/00076.jpg",
      "transform_matrix": [
        [
          -0.469055,
          -0.372201,
          0.800908,
          2.177138
        ],
        [
          -0.87738,
          0.092717,
          -0.470753,
          3.072371
        ],
        [
          0.100957,
          -0.92351,
          -0.37005,
          1.568651
        ],
        [
          0.0,
          0.0,
          0.0,
          1.0
        ]
      ]
    },
    {
      "file_path": "/media/NFS/ttao/scannet/posed_images/scene0673_00/00085.jpg",
      "transform_matrix": [
        [
          -0.439959,
          -0.419756,
          0.793877,
          2.250889
        ],
        [
          -0.888415,
          0.074512,
          -0.452953,
          3.141887
        ],
        [
          0.130976,
          -0.904574,
          -0.4057,
          1.551349
        ],
        [
          0.0,
          0.0,
          0.0,
          1.0
        ]
      ]
    },
    {
      "file_path": "/media/NFS/ttao/scannet/posed_images/scene0673_00/00088.jpg",
      "transform_matrix": [
        [
          -0.438774,
          -0.412809,
          0.798164,
          2.263314
        ],
        [
          -0.889869,
          0.076113,
          -0.449821,
          3.15399
        ],
        [
          0.12494,
          -0.907632,
          -0.400743,
          1.555239
        ],
        [
          0.0,
          0.0,
          0.0,
          1.0
        ]
      ]
    },
    {
      "file_path": "/media/NFS/ttao/scannet/posed_images/scene0673_00/00101.jpg",
      "transform_matrix": [
        [
          -0.425352,
          -0.337787,
          0.839628,
          2.27832
        ],
        [
          -0.898218,
          0.043969,
          -0.437345,
          3.208449
        ],
        [
          0.110812,
          -0.940195,
          -0.322109,
          1.583882
        ],
        [
          0.0,
          0.0,
          0.0,
          1.0
        ]
      ]
    },
    {
      "file_path": "/media/NFS/ttao/scannet/posed_images/scene0673_00/00106.jpg",
      "transform_matrix": [
        [
          -0.454055,
          -0.283965,
          0.844511,
          2.272706
        ],
        [
          -0.884918,
          0.0334,
          -0.464548,
          3.223754
        ],
        [
          0.103708,
          -0.958253,
          -0.266451,
          1.606008
        ],
        [
          0.0,
          0.0,
          0.0,
          1.0
        ]
      ]
    },
    {
      "file_path": "/media/NFS/ttao/scannet/posed_images/scene0673_00/00117.jpg",
      "transform_matrix": [
        [
          -0.491398,
          -0.175393,
          0.853091,
          2.230564
        ],
        [
          -0.865027,
          -0.015605,
          -0.501482,
          3.230649
        ],
        [
          0.101269,
          -0.984375,
          -0.144052,
          1.624877
        ],
        [
          0.0,
          0.0,
          0.0,
          1.0
        ]
      ]
    },
    {
      "file_path": "/media/NFS/ttao/scannet/posed_images/scene0673_00/00121.jpg",
      "transform_matrix": [
        [
          -0.471954,
          -0.153763,
          0.868111,
          2.205355
        ],
        [
          -0.875649,
          -0.032685,
          -0.481841,
          3.227618
        ],
        [
          0.102464,
          -0.987567,
          -0.119217,
          1.62448
        ],
        [
          0.0,
          0.0,
          0.0,
          1.0
        ]
      ]
    },
    {
      "file_path": "/media/NFS/ttao/scannet/posed_images/scene0673_00/00126.jpg",
      "transform_matrix": [
        [
          -0.404864,
          -0.181972,
          0.896087,
          2.177037
        ],
        [
          -0.909989,
          -0.015711,
          -0.414335,
          3.189347
        ],
        [
          0.089476,
          -0.983178,
          -0.159231,
          1.598306
        ],
        [
          0.0,
          0.0,
          0.0,
          1.0
        ]
      ]
    },
    {
      "file_path": "/media/NFS/ttao/scannet/posed_images/scene0673_00/00137.jpg",
      "transform_matrix": [
        [
          -0.232428,
          -0.425001,
          0.874843,
          2.166875
        ],
        [
          -0.97035,
          0.039992,
          -0.238373,
          3.151395
        ],
        [
          0.066322,
          -0.904309,
          -0.421695,
          1.53273
        ],
        [
          0.0,
          0.0,
          0.0,
          1.0
        ]
      ]
    },
    {
      "file_path": "/media/NFS/ttao/scannet/posed_images/scene0673_00/00146.jpg",
      "transform_matrix": [
        [
          -0.201625,
          -0.544225,
          0.81435,
          2.181908
        ],
        [
          -0.979043,
          0.087644,
          -0.183829,
          3.181834
        ],
        [
          0.028672,
          -0.834349,
          -0.550491,
          1.493034
        ],
        [
          0.0,
          0.0,
          0.0,
          1.0
        ]
      ]
    },
    {
      "file_path": "/media/NFS/ttao/scannet/posed_images/scene0673_00/00153.jpg",
      "transform_matrix": [
        [
          -0.183815,
          -0.575296,
          0.797023,
          2.197339
        ],
        [
          -0.981408,
          0.061846,
          -0.181697,
          3.224465
        ],
        [
          0.055237,
          -0.815604,
          -0.575969,
          1.481884
        ],
        [
          0.0,
          0.0,
          0.0,
          1.0
        ]
      ]
    },
    {
      "file_path": "/media/NFS/ttao/scannet/posed_images/scene0673_00/00155.jpg",
      "transform_matrix": [
        [
          -0.167472,
          -0.576005,
          0.800107,
          2.206038
        ],
        [
          -0.983415,
          0.040277,
          -0.176844,
          3.24446
        ],
        [
          0.069636,
          -0.816454,
          -0.573197,
          1.486748
        ],
        [
          0.0,
          0.0,
          0.0,
          1.0
        ]
      ]
    },
    {
      "file_path": "/media/NFS/ttao/scannet/posed_images/scene0673_00/00166.jpg",
      "transform_matrix": [
        [
          0.035829,
          -0.553744,
          0.831916,
          2.231439
        ],
        [
          -0.995038,
          -0.097086,
          -0.021768,
          3.366124
        ],
        [
          0.092821,
          -0.827008,
          -0.554474,
          1.486799
        ],
        [
          0.0,
          0.0,
          0.0,
          1.0
        ]
      ]
    },
    {
      "file_path": "/media/NFS/ttao/scannet/posed_images/scene0673_00/00175.jpg",
      "transform_matrix": [
        [
          0.148961,
          -0.52307,
          0.839171,
          2.229918
        ],
        [
          -0.985735,
          -0.145781,
          0.084109,
          3.407203
        ],
        [
          0.078341,
          -0.839729,
          -0.537324,
          1.50016
        ],
        [
          0.0,
          0.0,
          0.0,
          1.0
        ]
      ]
    },
    {
      "file_path": "/media/NFS/ttao/scannet/posed_images/scene0673_00/00180.jpg",
      "transform_matrix": [
        [
          0.183474,
          -0.492806,
          0.850576,
          2.222875
        ],
        [
          -0.980456,
          -0.154247,
          0.122122,
          3.388864
        ],
        [
          0.071017,
          -0.856359,
          -0.511475,
          1.518906
        ],
        [
          0.0,
          0.0,
          0.0,
          1.0
        ]
      ]
    },
    {
      "file_path": "/media/NFS/ttao/scannet/posed_images/scene0673_00/00189.jpg",
      "transform_matrix": [
        [
          0.292924,
          -0.442874,
          0.847383,
          2.199415
        ],
        [
          -0.955181,
          -0.175144,
          0.238651,
          3.28808
        ],
        [
          0.042722,
          -0.879311,
          -0.474329,
          1.525811
        ],
        [
          0.0,
          0.0,
          0.0,
          1.0
        ]
      ]
    },
    {
      "file_path": "/media/NFS/ttao/scannet/posed_images/scene0673_00/00193.jpg",
      "transform_matrix": [
        [
          0.332536,
          -0.462728,
          0.821768,
          2.189433
        ],
        [
          -0.942742,
          -0.18677,
          0.276322,
          3.229027
        ],
        [
          0.02562,
          -0.866603,
          -0.498341,
          1.515881
        ],
        [
          0.0,
          0.0,
          0.0,
          1.0
        ]
      ]
    },
    {
      "file_path": "/media/NFS/ttao/scannet/posed_images/scene0673_00/00200.jpg",
      "transform_matrix": [
        [
          0.361293,
          -0.531233,
          0.766328,
          2.196067
        ],
        [
          -0.932366,
          -0.194614,
          0.304664,
          3.164514
        ],
        [
          -0.012709,
          -0.824571,
          -0.565616,
          1.498064
        ],
        [
          0.0,
          0.0,
          0.0,
          1.0
        ]
      ]
    },
    {
      "file_path": "/media/NFS/ttao/scannet/posed_images/scene0673_00/00211.jpg",
      "transform_matrix": [
        [
          0.307322,
          -0.627192,
          0.71567,
          2.237983
        ],
        [
          -0.9516,
          -0.199933,
          0.233419,
          3.118758
        ],
        [
          -0.003313,
          -0.752766,
          -0.65828,
          1.441752
        ],
        [
          0.0,
          0.0,
          0.0,
          1.0
        ]
      ]
    },
    {
      "file_path": "/media/NFS/ttao/scannet/posed_images/scene0673_00/00216.jpg",
      "transform_matrix": [
        [
          0.326468,
          -0.654276,
          0.68216,
          2.266754
        ],
        [
          -0.945199,
          -0.229194,
          0.232528,
          3.10764
        ],
        [
          0.00421,
          -0.72069,
          -0.693245,
          1.421593
        ],
        [
          0.0,
          0.0,
          0.0,
          1.0
        ]
      ]
    },
    {
      "file_path": "/media/NFS/ttao/scannet/posed_images/scene0673_00/00227.jpg",
      "transform_matrix": [
        [
          0.550326,
          -0.5476,
          0.630298,
          2.325974
        ],
        [
          -0.834642,
          -0.381306,
          0.397466,
          3.073896
        ],
        [
          0.022684,
          -0.744808,
          -0.666893,
          1.426532
        ],
        [
          0.0,
          0.0,
          0.0,
          1.0
        ]
      ]
    },
    {
      "file_path": "/media/NFS/ttao/scannet/posed_images/scene0673_00/00231.jpg",
      "transform_matrix": [
        [
          0.595085,
          -0.531877,
          0.602479,
          2.344944
        ],
        [
          -0.80337,
          -0.413929,
          0.428089,
          3.05177
        ],
        [
          0.021693,
          -0.738763,
          -0.673617,
          1.430058
        ],
        [
          0.0,
          0.0,
          0.0,
          1.0
        ]
      ]
    },
    {
      "file_path": "/media/NFS/ttao/scannet/posed_images/scene0673_00/00240.jpg",
      "transform_matrix": [
        [
          0.723896,
          -0.443629,
          0.528365,
          2.379884
        ],
        [
          -0.689864,
          -0.456654,
          0.561743,
          2.906841
        ],
        [
          -0.007926,
          -0.771143,
          -0.636613,
          1.449859
        ],
        [
          0.0,
          0.0,
          0.0,
          1.0
        ]
      ]
    },
    {
      "file_path": "/media/NFS/ttao/scannet/posed_images/scene0673_00/00251.jpg",
      "transform_matrix": [
        [
          0.85907,
          -0.336861,
          0.385387,
          2.385934
        ],
        [
          -0.510184,
          -0.502683,
          0.69787,
          2.772163
        ],
        [
          -0.041358,
          -0.796138,
          -0.603701,
          1.472823
        ],
        [
          0.0,
          0.0,
          0.0,
          1.0
        ]
      ]
    },
    {
      "file_path": "/media/NFS/ttao/scannet/posed_images/scene0673_00/00256.jpg",
      "transform_matrix": [
        [
          0.867881,
          -0.337471,
          0.364549,
          2.372205
        ],
        [
          -0.493729,
          -0.504866,
          0.708055,
          2.746629
        ],
        [
          -0.054899,
          -0.794496,
          -0.604783,
          1.462274
        ],
        [
          0.0,
          0.0,
          0.0,
          1.0
        ]
      ]
    },
    {
      "file_path": "/media/NFS/ttao/scannet/posed_images/scene0673_00/00265.jpg",
      "transform_matrix": [
        [
          0.874749,
          -0.350424,
          0.334691,
          2.314048
        ],
        [
          -0.478469,
          -0.515286,
          0.711019,
          2.701318
        ],
        [
          -0.076696,
          -0.782102,
          -0.618413,
          1.457457
        ],
        [
          0.0,
          0.0,
          0.0,
          1.0
        ]
      ]
    },
    {
      "file_path": "/media/NFS/ttao/scannet/posed_images/scene0673_00/00267.jpg",
      "transform_matrix": [
        [
          0.87701,
          -0.341758,
          0.337721,
          2.29257
        ],
        [
          -0.476457,
          -0.527919,
          0.703058,
          2.692962
        ],
        [
          -0.061986,
          -0.777498,
          -0.625823,
          1.457446
        ],
        [
          0.0,
          0.0,
          0.0,
          1.0
        ]
      ]
    },
    {
      "file_path": "/media/NFS/ttao/scannet/posed_images/scene0673_00/00281.jpg",
      "transform_matrix": [
        [
          0.949769,
          -0.259374,
          0.175112,
          2.152321
        ],
        [
          -0.291896,
          -0.532426,
          0.794556,
          2.610029
        ],
        [
          -0.112853,
          -0.805759,
          -0.581392,
          1.500901
        ],
        [
          0.0,
          0.0,
          0.0,
          1.0
        ]
      ]
    },
    {
      "file_path": "/media/NFS/ttao/scannet/posed_images/scene0673_00/00285.jpg",
      "transform_matrix": [
        [
          0.96375,
          -0.230441,
          0.134474,
          2.151177
        ],
        [
          -0.239357,
          -0.52408,
          0.817342,
          2.612863
        ],
        [
          -0.117874,
          -0.819901,
          -0.56024,
          1.505032
        ],
        [
          0.0,
          0.0,
          0.0,
          1.0
        ]
      ]
    },
    {
      "file_path": "/media/NFS/ttao/scannet/posed_images/scene0673_00/00292.jpg",
      "transform_matrix": [
        [
          0.981559,
          -0.182297,
          0.057528,
          2.192885
        ],
        [
          -0.142329,
          -0.496055,
          0.856546,
          2.674843
        ],
        [
          -0.127608,
          -0.848939,
          -0.512854,
          1.517972
        ],
        [
          0.0,
          0.0,
          0.0,
          1.0
        ]
      ]
    },
    {
      "file_path": "/media/NFS/ttao/scannet/posed_images/scene0673_00/00299.jpg",
      "transform_matrix": [
        [
          0.984571,
          -0.171087,
          0.036722,
          2.258804
        ],
        [
          -0.114534,
          -0.471433,
          0.874433,
          2.763941
        ],
        [
          -0.132292,
          -0.865147,
          -0.483755,
          1.530328
        ],
        [
          0.0,
          0.0,
          0.0,
          1.0
        ]
      ]
    },
    {
      "file_path": "/media/NFS/ttao/scannet/posed_images/scene0673_00/00305.jpg",
      "transform_matrix": [
        [
          0.986403,
          -0.162079,
          -0.027175,
          2.304378
        ],
        [
          -0.043282,
          -0.415728,
          0.908458,
          2.834688
        ],
        [
          -0.15854,
          -0.89493,
          -0.417091,
          1.551882
        ],
        [
          0.0,
          0.0,
          0.0,
          1.0
        ]
      ]
    },
    {
      "file_path": "/media/NFS/ttao/scannet/posed_images/scene0673_00/00319.jpg",
      "transform_matrix": [
        [
          0.993775,
          -0.110607,
          0.013299,
          2.300107
        ],
        [
          -0.046548,
          -0.303804,
          0.951597,
          2.962146
        ],
        [
          -0.101212,
          -0.946292,
          -0.307062,
          1.596476
        ],
        [
          0.0,
          0.0,
          0.0,
          1.0
        ]
      ]
    },
    {
      "file_path": "/media/NFS/ttao/scannet/posed_images/scene0673_00/00321.jpg",
      "transform_matrix": [
        [
          0.994347,
          -0.106163,
          0.001429,
          2.33546
        ],
        [
          -0.032992,
          -0.296164,
          0.954567,
          2.988196
        ],
        [
          -0.100917,
          -0.949219,
          -0.297993,
          1.598172
        ],
        [
          0.0,
          0.0,
          0.0,
          1.0
        ]
      ]
    },
    {
      "file_path": "/media/NFS/ttao/scannet/posed_images/scene0673_00/00330.jpg",
      "transform_matrix": [
        [
          0.982839,
          -0.150364,
          -0.10686,
          2.38786
        ],
        [
          0.071974,
          -0.220795,
          0.972661,
          3.037454
        ],
        [
          -0.169847,
          -0.96366,
          -0.206183,
          1.632255
        ],
        [
          0.0,
          0.0,
          0.0,
          1.0
        ]
      ]
    },
    {
      "file_path": "/media/NFS/ttao/scannet/posed_images/scene0673_00/00341.jpg",
      "transform_matrix": [
        [
          0.980898,
          -0.073892,
          -0.179943,
          2.597339
        ],
        [
          0.167131,
          -0.153187,
          0.973962,
          3.09854
        ],
        [
          -0.099533,
          -0.985431,
          -0.137911,
          1.591459
        ],
        [
          0.0,
          0.0,
          0.0,
          1.0
        ]
      ]
    },
    {
      "file_path": "/media/NFS/ttao/scannet/posed_images/scene0673_00/00346.jpg",
      "transform_matrix": [
        [
          0.962948,
          -0.093739,
          -0.252872,
          2.689915
        ],
        [
          0.24174,
          -0.115644,
          0.963425,
          3.108596
        ],
        [
          -0.119554,
          -0.988858,
          -0.088699,
          1.591427
        ],
        [
          0.0,
          0.0,
          0.0,
          1.0
        ]
      ]
    },
    {
      "file_path": "/media/NFS/ttao/scannet/posed_images/scene0673_00/00355.jpg",
      "transform_matrix": [
        [
          0.945978,
          -0.057631,
          -0.319067,
          2.735869
        ],
        [
          0.289637,
          -0.292084,
          0.911481,
          3.171535
        ],
        [
          -0.145724,
          -0.954655,
          -0.259613,
          1.512288
        ],
        [
          0.0,
          0.0,
          0.0,
          1.0
        ]
      ]
    },
    {
      "file_path": "/media/NFS/ttao/scannet/posed_images/scene0673_00/00357.jpg",
      "transform_matrix": [
        [
          0.944371,
          -0.033889,
          -0.327132,
          2.73912
        ],
        [
          0.298499,
          -0.329248,
          0.89582,
          3.191443
        ],
        [
          -0.138066,
          -0.943635,
          -0.300816,
          1.493683
        ],
        [
          0.0,
          0.0,
          0.0,
          1.0
        ]
      ]
    },
    {
      "file_path": "/media/NFS/ttao/scannet/posed_images/scene0673_00/00368.jpg",
      "transform_matrix": [
        [
          0.894937,
          0.094911,
          -0.435982,
          2.768457
        ],
        [
          0.436249,
          -0.391268,
          0.810306,
          3.293417
        ],
        [
          -0.093679,
          -0.91537,
          -0.391565,
          1.441477
        ],
        [
          0.0,
          0.0,
          0.0,
          1.0
        ]
      ]
    },
    {
      "file_path": "/media/NFS/ttao/scannet/posed_images/scene0673_00/00377.jpg",
      "transform_matrix": [
        [
          0.788711,
          0.205896,
          -0.57926,
          2.816196
        ],
        [
          0.612317,
          -0.347105,
          0.710343,
          3.312546
        ],
        [
          -0.054807,
          -0.914945,
          -0.399839,
          1.42777
        ],
        [
          0.0,
          0.0,
          0.0,
          1.0
        ]
      ]
    },
    {
      "file_path": "/media/NFS/ttao/scannet/posed_images/scene0673_00/00382.jpg",
      "transform_matrix": [
        [
          0.738656,
          0.266316,
          -0.619245,
          2.849783
        ],
        [
          0.673985,
          -0.30747,
          0.671719,
          3.301182
        ],
        [
          -0.01151,
          -0.913531,
          -0.406607,
          1.401487
        ],
        [
          0.0,
          0.0,
          0.0,
          1.0
        ]
      ]
    },
    {
      "file_path": "/media/NFS/ttao/scannet/posed_images/scene0673_00/00393.jpg",
      "transform_matrix": [
        [
          0.632072,
          0.404631,
          -0.660877,
          2.989055
        ],
        [
          0.77419,
          -0.292994,
          0.561057,
          3.305686
        ],
        [
          0.033388,
          -0.866272,
          -0.498455,
          1.352254
        ],
        [
          0.0,
          0.0,
          0.0,
          1.0
        ]
      ]
    },
    {
      "file_path": "/media/NFS/ttao/scannet/posed_images/scene0673_00/00400.jpg",
      "transform_matrix": [
        [
          0.598797,
          0.424067,
          -0.679418,
          3.036478
        ],
        [
          0.800828,
          -0.3056,
          0.515056,
          3.269897
        ],
        [
          0.010788,
          -0.852511,
          -0.522598,
          1.337432
        ],
        [
          0.0,
          0.0,
          0.0,
          1.0
        ]
      ]
    },
    {
      "file_path": "/media/NFS/ttao/scannet/posed_images/scene0673_00/00409.jpg",
      "transform_matrix": [
        [
          0.472316,
          0.40679,
          -0.781946,
          3.067293
        ],
        [
          0.881417,
          -0.222626,
          0.416583,
          3.173558
        ],
        [
          -0.004619,
          -0.885979,
          -0.463702,
          1.356225
        ],
        [
          0.0,
          0.0,
          0.0,
          1.0
        ]
      ]
    },
    {
      "file_path": "/media/NFS/ttao/scannet/posed_images/scene0673_00/00413.jpg",
      "transform_matrix": [
        [
          0.42463,
          0.407483,
          -0.808485,
          3.06861
        ],
        [
          0.905342,
          -0.184386,
          0.382568,
          3.098079
        ],
        [
          0.006816,
          -0.894405,
          -0.447207,
          1.350247
        ],
        [
          0.0,
          0.0,
          0.0,
          1.0
        ]
      ]
    },
    {
      "file_path": "/media/NFS/ttao/scannet/posed_images/scene0673_00/00420.jpg",
      "transform_matrix": [
        [
          0.329755,
          0.370563,
          -0.8683,
          3.080218
        ],
        [
          0.943955,
          -0.115322,
          0.309271,
          3.027293
        ],
        [
          0.014471,
          -0.92162,
          -0.387823,
          1.376474
        ],
        [
          0.0,
          0.0,
          0.0,
          1.0
        ]
      ]
    },
    {
      "file_path": "/media/NFS/ttao/scannet/posed_images/scene0673_00/00427.jpg",
      "transform_matrix": [
        [
          0.218114,
          0.348716,
          -0.911495,
          3.094485
        ],
        [
          0.974723,
          -0.031539,
          0.221178,
          3.022596
        ],
        [
          0.048381,
          -0.936698,
          -0.34678,
          1.392449
        ],
        [
          0.0,
          0.0,
          0.0,
          1.0
        ]
      ]
    },
    {
      "file_path": "/media/NFS/ttao/scannet/posed_images/scene0673_00/00438.jpg",
      "transform_matrix": [
        [
          0.016478,
          0.293798,
          -0.955725,
          3.119219
        ],
        [
          0.997646,
          0.058801,
          0.035276,
          3.064887
        ],
        [
          0.066562,
          -0.954057,
          -0.292138,
          1.427697
        ],
        [
          0.0,
          0.0,
          0.0,
          1.0
        ]
      ]
    },
    {
      "file_path": "/media/NFS/ttao/scannet/posed_images/scene0673_00/00445.jpg",
      "transform_matrix": [
        [
          -0.007008,
          0.204493,
          -0.978843,
          3.144439
        ],
        [
          0.996312,
          0.085136,
          0.010653,
          3.082106
        ],
        [
          0.085513,
          -0.975159,
          -0.204335,
          1.454368
        ],
        [
          0.0,
          0.0,
          0.0,
          1.0
        ]
      ]
    },
    {
      "file_path": "/media/NFS/ttao/scannet/posed_images/scene0673_00/00447.jpg",
      "transform_matrix": [
        [
          -0.007675,
          0.185013,
          -0.982706,
          3.148152
        ],
        [
          0.996957,
          0.077647,
          0.006833,
          3.082232
        ],
        [
          0.077568,
          -0.979664,
          -0.185047,
          1.467385
        ],
        [
          0.0,
          0.0,
          0.0,
          1.0
        ]
      ]
    },
    {
      "file_path": "/media/NFS/ttao/scannet/posed_images/scene0673_00/00458.jpg",
      "transform_matrix": [
        [
          -0.037599,
          0.059408,
          -0.997525,
          3.193408
        ],
        [
          0.997193,
          0.066912,
          -0.033602,
          3.077732
        ],
        [
          0.06475,
          -0.995989,
          -0.061757,
          1.484656
        ],
        [
          0.0,
          0.0,
          0.0,
          1.0
        ]
      ]
    },
    {
      "file_path": "/media/NFS/ttao/scannet/posed_images/scene0673_00/00465.jpg",
      "transform_matrix": [
        [
          -0.098386,
          0.112449,
          -0.988775,
          3.176058
        ],
        [
          0.991143,
          0.100129,
          -0.087235,
          3.049026
        ],
        [
          0.089196,
          -0.9886,
          -0.121304,
          1.446033
        ],
        [
          0.0,
          0.0,
          0.0,
          1.0
        ]
      ]
    },
    {
      "file_path": "/media/NFS/ttao/scannet/posed_images/scene0673_00/00476.jpg",
      "transform_matrix": [
        [
          -0.2078,
          0.216792,
          -0.953845,
          3.15289
        ],
        [
          0.973845,
          0.137459,
          -0.180916,
          2.997918
        ],
        [
          0.091894,
          -0.966492,
          -0.239686,
          1.419617
        ],
        [
          0.0,
          0.0,
          0.0,
          1.0
        ]
      ]
    },
    {
      "file_path": "/media/NFS/ttao/scannet/posed_images/scene0673_00/00480.jpg",
      "transform_matrix": [
        [
          -0.218227,
          0.251665,
          -0.94289,
          3.139208
        ],
        [
          0.971564,
          0.146978,
          -0.185634,
          2.982666
        ],
        [
          0.091866,
          -0.956589,
          -0.276584,
          1.421193
        ],
        [
          0.0,
          0.0,
          0.0,
          1.0
        ]
      ]
    },
    {
      "file_path": "/media/NFS/ttao/scannet/posed_images/scene0673_00/00485.jpg",
      "transform_matrix": [
        [
          -0.237916,
          0.282989,
          -0.929146,
          3.132379
        ],
        [
          0.967678,
          0.151434,
          -0.201661,
          2.974501
        ],
        [
          0.083636,
          -0.947093,
          -0.309871,
          1.407423
        ],
        [
          0.0,
          0.0,
          0.0,
          1.0
        ]
      ]
    },
    {
      "file_path": "/media/NFS/ttao/scannet/posed_images/scene0673_00/00496.jpg",
      "transform_matrix": [
        [
          -0.265493,
          0.340714,
          -0.901902,
          3.130574
        ],
        [
          0.960576,
          0.173537,
          -0.217207,
          2.964745
        ],
        [
          0.082508,
          -0.924013,
          -0.373354,
          1.37937
        ],
        [
          0.0,
          0.0,
          0.0,
          1.0
        ]
      ]
    },
    {
      "file_path": "/media/NFS/ttao/scannet/posed_images/scene0673_00/00503.jpg",
      "transform_matrix": [
        [
          -0.223671,
          0.309561,
          -0.924199,
          3.137112
        ],
        [
          0.970096,
          0.162405,
          -0.180381,
          2.953432
        ],
        [
          0.094255,
          -0.936908,
          -0.336629,
          1.369375
        ],
        [
          0.0,
          0.0,
          0.0,
          1.0
        ]
      ]
    },
    {
      "file_path": "/media/NFS/ttao/scannet/posed_images/scene0673_00/00507.jpg",
      "transform_matrix": [
        [
          -0.221185,
          0.329168,
          -0.918001,
          3.136165
        ],
        [
          0.968821,
          0.181921,
          -0.168198,
          2.949546
        ],
        [
          0.111639,
          -0.926582,
          -0.359143,
          1.371122
        ],
        [
          0.0,
          0.0,
          0.0,
          1.0
        ]
      ]
    },
    {
      "file_path": "/media/NFS/ttao/scannet/posed_images/scene0673_00/00514.jpg",
      "transform_matrix": [
        [
          -0.215647,
          0.309509,
          -0.926122,
          3.134609
        ],
        [
          0.969831,
          0.178314,
          -0.166232,
          2.936555
        ],
        [
          0.11369,
          -0.934028,
          -0.338624,
          1.391418
        ],
        [
          0.0,
          0.0,
          0.0,
          1.0
        ]
      ]
    },
    {
      "file_path": "/media/NFS/ttao/scannet/posed_images/scene0673_00/00525.jpg",
      "transform_matrix": [
        [
          -0.046385,
          0.225682,
          -0.973096,
          3.125317
        ],
        [
          0.998595,
          0.035447,
          -0.03938,
          2.904378
        ],
        [
          0.025605,
          -0.973556,
          -0.22701,
          1.434672
        ],
        [
          0.0,
          0.0,
          0.0,
          1.0
        ]
      ]
    },
    {
      "file_path": "/media/NFS/ttao/scannet/posed_images/scene0673_00/00532.jpg",
      "transform_matrix": [
        [
          0.059352,
          0.154462,
          -0.986214,
          3.11437
        ],
        [
          0.997868,
          0.017693,
          0.062824,
          2.850994
        ],
        [
          0.027153,
          -0.98784,
          -0.153083,
          1.437581
        ],
        [
          0.0,
          0.0,
          0.0,
          1.0
        ]
      ]
    },
    {
      "file_path": "/media/NFS/ttao/scannet/posed_images/scene0673_00/00543.jpg",
      "transform_matrix": [
        [
          0.109713,
          -0.021295,
          -0.993735,
          3.040291
        ],
        [
          0.993958,
          -0.000867,
          0.109756,
          2.786791
        ],
        [
          -0.003198,
          -0.999773,
          0.021072,
          1.450031
        ],
        [
          0.0,
          0.0,
          0.0,
          1.0
        ]
      ]
    },
    {
      "file_path": "/media/NFS/ttao/scannet/posed_images/scene0673_00/00546.jpg",
      "transform_matrix": [
        [
          0.11945,
          -0.037357,
          -0.992137,
          3.004393
        ],
        [
          0.992822,
          -0.001497,
          0.119589,
          2.764675
        ],
        [
          -0.005953,
          -0.999301,
          0.03691,
          1.446027
        ],
        [
          0.0,
          0.0,
          0.0,
          1.0
        ]
      ]
    },
    {
      "file_path": "/media/NFS/ttao/scannet/posed_images/scene0673_00/00552.jpg",
      "transform_matrix": [
        [
          0.133087,
          -0.008989,
          -0.991064,
          2.940276
        ],
        [
          0.991089,
          0.006849,
          0.133028,
          2.699459
        ],
        [
          0.005592,
          -0.999936,
          0.009821,
          1.443759
        ],
        [
          0.0,
          0.0,
          0.0,
          1.0
        ]
      ]
    },
    {
      "file_path": "/media/NFS/ttao/scannet/posed_images/scene0673_00/00566.jpg",
      "transform_matrix": [
        [
          0.107492,
          0.133289,
          -0.985231,
          2.837719
        ],
        [
          0.992104,
          0.05003,
          0.11501,
          2.528462
        ],
        [
          0.064621,
          -0.989814,
          -0.126859,
          1.357926
        ],
        [
          0.0,
          0.0,
          0.0,
          1.0
        ]
      ]
    },
    {
      "file_path": "/media/NFS/ttao/scannet/posed_images/scene0673_00/00568.jpg",
      "transform_matrix": [
        [
          0.119812,
          0.141925,
          -0.9826,
          2.82372
        ],
        [
          0.990437,
          0.051112,
          0.12815,
          2.495976
        ],
        [
          0.068411,
          -0.988557,
          -0.134444,
          1.351672
        ],
        [
          0.0,
          0.0,
          0.0,
          1.0
        ]
      ]
    },
    {
      "file_path": "/media/NFS/ttao/scannet/posed_images/scene0673_00/00579.jpg",
      "transform_matrix": [
        [
          0.071962,
          0.195048,
          -0.97815,
          2.773045
        ],
        [
          0.995313,
          0.049482,
          0.083092,
          2.355768
        ],
        [
          0.064608,
          -0.979545,
          -0.190573,
