{
  "frames": [
    {
      "file_path": "/media/NFS/ttao/scannet/posed_images/scene0357_00/00000.jpg",
      "transform_matrix": [
        [
          0.013679,
          -0.374318,
          0.9272,
          3.842173
        ],
        [
          -0.999902,
          -0.007856,
          0.01158,
          1.165681
        ],
        [
          0.00295,
          -0.927267,
          -0.374389,
          1.547483
        ],
        [
          0.0,
          0.0,
          0.0,
          1.0
        ]
      ]
    },
    {
      "file_path": "/media/NFS/ttao/scannet/posed_images/scene0357_00/00003.jpg",
      "transform_matrix": [
        [
          0.014335,
          -0.381327,
          0.924329,
          3.837139
        ],
        [
          -0.999897,
          -0.006092,
          0.012994,
          1.164523
        ],
        [
          0.000676,
          -0.92442,
          -0.381375,
          1.530845
        ],
        [
          0.0,
          0.0,
          0.0,
          1.0
        ]
      ]
    },
    {
      "file_path": "/media/NFS/ttao/scannet/posed_images/scene0357_00/00006.jpg",
      "transform_matrix": [
        [
          0.016631,
          -0.394992,
          0.918534,
          3.840765
        ],
        [
          -0.999862,
          -0.00635,
          0.015373,
          1.164385
        ],
        [
          -0.00024,
          -0.918663,
          -0.395043,
          1.530928
        ],
        [
          0.0,
          0.0,
          0.0,
          1.0
        ]
      ]
    },
    {
      "file_path": "/media/NFS/ttao/scannet/posed_images/scene0357_00/00011.jpg",
      "transform_matrix": [
        [
          0.023186,
          -0.396118,
          0.917907,
          3.845263
        ],
        [
          -0.999731,
          -0.00846,
          0.021602,
          1.162154
        ],
        [
          -0.000791,
          -0.918161,
          -0.396207,
          1.539028
        ],
        [
          0.0,
          0.0,
          0.0,
          1.0
        ]
      ]
    },
    {
      "file_path": "/media/NFS/ttao/scannet/posed_images/scene0357_00/00012.jpg",
      "transform_matrix": [
        [
          0.024067,
          -0.392759,
          0.919326,
          3.846211
        ],
        [
          -0.99971,
          -0.00864,
          0.02248,
          1.162848
        ],
        [
          -0.000886,
          -0.919601,
          -0.392853,
          1.536883
        ],
        [
          0.0,
          0.0,
          0.0,
          1.0
        ]
      ]
    },
    {
      "file_path": "/media/NFS/ttao/scannet/posed_images/scene0357_00/00015.jpg",
      "transform_matrix": [
        [
          0.028908,
          -0.384486,
          0.922678,
          3.845725
        ],
        [
          -0.999579,
          -0.008896,
          0.02761,
          1.163558
        ],
        [
          -0.002408,
          -0.923088,
          -0.384581,
          1.542491
        ],
        [
          0.0,
          0.0,
          0.0,
          1.0
        ]
      ]
    },
    {
      "file_path": "/media/NFS/ttao/scannet/posed_images/scene0357_00/00018.jpg",
      "transform_matrix": [
        [
          0.03737,
          -0.371987,
          0.927486,
          3.848952
        ],
        [
          -0.999291,
          -0.0097,
          0.036372,
          1.164576
        ],
        [
          -0.004534,
          -0.928187,
          -0.372085,
          1.549791
        ],
        [
          0.0,
          0.0,
          0.0,
          1.0
        ]
      ]
    },
    {
      "file_path": "/media/NFS/ttao/scannet/posed_images/scene0357_00/00021.jpg",
      "transform_matrix": [
        [
          0.048809,
          -0.346856,
          0.936648,
          3.854895
        ],
        [
          -0.998798,
          -0.01267,
          0.047355,
          1.170093
        ],
        [
          -0.004558,
          -0.937833,
          -0.347058,
          1.544783
        ],
        [
          0.0,
          0.0,
          0.0,
          1.0
        ]
      ]
    },
    {
      "file_path": "/media/NFS/ttao/scannet/posed_images/scene0357_00/00024.jpg",
      "transform_matrix": [
        [
          0.067059,
          -0.32379,
          0.943749,
          3.858439
        ],
        [
          -0.997719,
          -0.014464,
          0.065932,
          1.172687
        ],
        [
          -0.007698,
          -0.946018,
          -0.324022,
          1.563048
        ],
        [
          0.0,
          0.0,
          0.0,
          1.0
        ]
      ]
    },
    {
      "file_path": "/media/NFS/ttao/scannet/posed_images/scene0357_00/00027.jpg",
      "transform_matrix": [
        [
          0.082643,
          -0.289365,
          0.953645,
          3.863286
        ],
        [
          -0.996517,
          -0.013303,
          0.082322,
          1.177224
        ],
        [
          -0.011135,
          -0.957126,
          -0.289457,
          1.565954
        ],
        [
          0.0,
          0.0,
          0.0,
          1.0
        ]
      ]
    },
    {
      "file_path": "/media/NFS/ttao/scannet/posed_images/scene0357_00/00030.jpg",
      "transform_matrix": [
        [
          0.092751,
          -0.259659,
          0.961236,
          3.869193
        ],
        [
          -0.9956,
          -0.011238,
          0.093031,
          1.180671
        ],
        [
          -0.013354,
          -0.965635,
          -0.259559,
          1.579713
        ],
        [
          0.0,
          0.0,
          0.0,
          1.0
        ]
      ]
    },
    {
      "file_path": "/media/NFS/ttao/scannet/posed_images/scene0357_00/00033.jpg",
      "transform_matrix": [
        [
          0.10229,
          -0.242391,
          0.964771,
          3.882396
        ],
        [
          -0.994673,
          -0.012514,
          0.102316,
          1.18025
        ],
        [
          -0.012728,
          -0.970098,
          -0.24238,
          1.627475
        ],
        [
          0.0,
          0.0,
          0.0,
          1.0
        ]
      ]
    },
    {
      "file_path": "/media/NFS/ttao/scannet/posed_images/scene0357_00/00036.jpg",
      "transform_matrix": [
        [
          0.105176,
          -0.213865,
          0.971185,
          3.885255
        ],
        [
          -0.994445,
          -0.018623,
          0.103594,
          1.184423
        ],
        [
          -0.004068,
          -0.976686,
          -0.214636,
          1.644861
        ],
        [
          0.0,
          0.0,
          0.0,
          1.0
        ]
      ]
    },
    {
      "file_path": "/media/NFS/ttao/scannet/posed_images/scene0357_00/00040.jpg",
      "transform_matrix": [
        [
          0.103078,
          -0.161993,
          0.981393,
          3.8855
        ],
        [
          -0.994654,
          -0.022871,
          0.100696,
          1.189901
        ],
        [
          0.006133,
          -0.986527,
          -0.163485,
          1.634023
        ],
        [
          0.0,
          0.0,
          0.0,
          1.0
        ]
      ]
    },
    {
      "file_path": "/media/NFS/ttao/scannet/posed_images/scene0357_00/00044.jpg",
      "transform_matrix": [
        [
          0.101739,
          -0.114022,
          0.988255,
          3.880361
        ],
        [
          -0.994764,
          -0.021326,
          0.099948,
          1.192109
        ],
        [
          0.009679,
          -0.993249,
          -0.115595,
          1.628431
        ],
        [
          0.0,
          0.0,
          0.0,
          1.0
        ]
      ]
    },
    {
      "file_path": "/media/NFS/ttao/scannet/posed_images/scene0357_00/00047.jpg",
      "transform_matrix": [
        [
          0.089809,
          -0.081867,
          0.992589,
          3.877886
        ],
        [
          -0.99575,
          -0.027806,
          0.087802,
          1.191402
        ],
        [
          0.020412,
          -0.996255,
          -0.084017,
          1.629323
        ],
        [
          0.0,
          0.0,
          0.0,
          1.0
        ]
      ]
    },
    {
      "file_path": "/media/NFS/ttao/scannet/posed_images/scene0357_00/00050.jpg",
      "transform_matrix": [
        [
          0.08278,
          -0.053312,
          0.995141,
          3.877549
        ],
        [
          -0.996248,
          -0.029723,
          0.081279,
          1.185191
        ],
        [
          0.025246,
          -0.998135,
          -0.055572,
          1.646697
        ],
        [
          0.0,
          0.0,
          0.0,
          1.0
        ]
      ]
    },
    {
      "file_path": "/media/NFS/ttao/scannet/posed_images/scene0357_00/00052.jpg",
      "transform_matrix": [
        [
          0.072256,
          -0.03854,
          0.996641,
          3.876029
        ],
        [
          -0.997008,
          -0.030308,
          0.07111,
          1.185647
        ],
        [
          0.027466,
          -0.998797,
          -0.040614,
          1.661322
        ],
        [
          0.0,
          0.0,
          0.0,
          1.0
        ]
      ]
    },
    {
      "file_path": "/media/NFS/ttao/scannet/posed_images/scene0357_00/00056.jpg",
      "transform_matrix": [
        [
          0.060537,
          -0.010839,
          0.998107,
          3.876592
        ],
        [
          -0.997682,
          -0.03178,
          0.060166,
          1.179066
        ],
        [
          0.031068,
          -0.999436,
          -0.012737,
          1.676914
        ],
        [
          0.0,
          0.0,
          0.0,
          1.0
        ]
      ]
    },
    {
      "file_path": "/media/NFS/ttao/scannet/posed_images/scene0357_00/00059.jpg",
      "transform_matrix": [
        [
          0.06324,
          0.009372,
          0.997954,
          3.878658
        ],
        [
          -0.997639,
          -0.026229,
          0.063467,
          1.174758
        ],
        [
          0.026771,
          -0.999612,
          0.007692,
          1.692394
        ],
        [
          0.0,
          0.0,
          0.0,
          1.0
        ]
      ]
    },
    {
      "file_path": "/media/NFS/ttao/scannet/posed_images/scene0357_00/00061.jpg",
      "transform_matrix": [
        [
          0.069211,
          0.005706,
          0.997586,
          3.893579
        ],
        [
          -0.997338,
          -0.022616,
          0.069323,
          1.169518
        ],
        [
          0.022957,
          -0.999728,
          0.004126,
          1.703698
        ],
        [
          0.0,
          0.0,
          0.0,
          1.0
        ]
      ]
    },
    {
      "file_path": "/media/NFS/ttao/scannet/posed_images/scene0357_00/00063.jpg",
      "transform_matrix": [
        [
          0.079001,
          0.002246,
          0.996872,
          3.89747
        ],
        [
          -0.99666,
          -0.020575,
          0.079031,
          1.167815
        ],
        [
          0.020688,
          -0.999786,
          0.000613,
          1.708326
        ],
        [
          0.0,
          0.0,
          0.0,
          1.0
        ]
      ]
    },
    {
      "file_path": "/media/NFS/ttao/scannet/posed_images/scene0357_00/00067.jpg",
      "transform_matrix": [
        [
          0.097622,
          -0.039319,
          0.994447,
          3.913336
        ],
        [
          -0.994778,
          -0.033767,
          0.096319,
          1.165735
        ],
        [
          0.029793,
          -0.998656,
          -0.04241,
          1.706597
        ],
        [
          0.0,
          0.0,
          0.0,
          1.0
        ]
      ]
    },
    {
      "file_path": "/media/NFS/ttao/scannet/posed_images/scene0357_00/00069.jpg",
      "transform_matrix": [
        [
          0.108393,
          -0.060634,
          0.992257,
          3.923414
        ],
        [
          -0.993465,
          -0.042502,
          0.105928,
          1.166723
        ],
        [
          0.03575,
          -0.997255,
          -0.064845,
          1.70088
        ],
        [
          0.0,
          0.0,
          0.0,
          1.0
        ]
      ]
    },
    {
      "file_path": "/media/NFS/ttao/scannet/posed_images/scene0357_00/00072.jpg",
      "transform_matrix": [
        [
          0.133788,
          -0.097804,
          0.986172,
          3.955517
        ],
        [
          -0.990481,
          -0.045725,
          0.129838,
          1.160033
        ],
        [
          0.032394,
          -0.994155,
          -0.10299,
          1.682951
        ],
        [
          0.0,
          0.0,
          0.0,
          1.0
        ]
      ]
    },
    {
      "file_path": "/media/NFS/ttao/scannet/posed_images/scene0357_00/00076.jpg",
      "transform_matrix": [
        [
          0.177342,
          -0.14829,
          0.972913,
          4.003741
        ],
        [
          -0.983986,
          -0.044714,
          0.172546,
          1.16127
        ],
        [
          0.017916,
          -0.987933,
          -0.153845,
          1.663292
        ],
        [
          0.0,
          0.0,
          0.0,
          1.0
        ]
      ]
    },
    {
      "file_path": "/media/NFS/ttao/scannet/posed_images/scene0357_00/00078.jpg",
      "transform_matrix": [
        [
          0.196465,
          -0.169535,
          0.965743,
          4.026633
        ],
        [
          -0.980415,
          -0.047727,
          0.191072,
          1.177315
        ],
        [
          0.013699,
          -0.984368,
          -0.175591,
          1.645526
        ],
        [
          0.0,
          0.0,
          0.0,
          1.0
        ]
      ]
    },
    {
      "file_path": "/media/NFS/ttao/scannet/posed_images/scene0357_00/00082.jpg",
      "transform_matrix": [
        [
          0.224787,
          -0.183872,
          0.956902,
          4.071727
        ],
        [
          -0.974066,
          -0.068423,
          0.215672,
          1.193461
        ],
        [
          0.025818,
          -0.980566,
          -0.194484,
          1.579248
        ],
        [
          0.0,
          0.0,
          0.0,
          1.0
        ]
      ]
    },
    {
      "file_path": "/media/NFS/ttao/scannet/posed_images/scene0357_00/00086.jpg",
      "transform_matrix": [
        [
          0.235083,
          -0.185009,
          0.954205,
          4.13909
        ],
        [
          -0.970924,
          -0.090351,
          0.221684,
          1.211365
        ],
        [
          0.045199,
          -0.978575,
          -0.20087,
          1.566001
        ],
        [
          0.0,
          0.0,
          0.0,
          1.0
        ]
      ]
    },
    {
      "file_path": "/media/NFS/ttao/scannet/posed_images/scene0357_00/00087.jpg",
      "transform_matrix": [
        [
          0.235057,
          -0.183438,
          0.954515,
          4.153274
        ],
        [
          -0.970823,
          -0.092249,
          0.221345,
          1.215394
        ],
        [
          0.04745,
          -0.978693,
          -0.199769,
          1.560147
        ],
        [
          0.0,
          0.0,
          0.0,
          1.0
        ]
      ]
    },
    {
      "file_path": "/media/NFS/ttao/scannet/posed_images/scene0357_00/00092.jpg",
      "transform_matrix": [
        [
          0.26244,
          -0.198975,
          0.944211,
          4.235058
        ],
        [
          -0.963311,
          -0.110997,
          0.244359,
          1.234573
        ],
        [
          0.056184,
          -0.973698,
          -0.220805,
          1.563367
        ],
        [
          0.0,
          0.0,
          0.0,
          1.0
        ]
      ]
    },
    {
      "file_path": "/media/NFS/ttao/scannet/posed_images/scene0357_00/00095.jpg",
      "transform_matrix": [
        [
          0.280037,
          -0.207348,
          0.937329,
          4.274833
        ],
        [
          -0.958183,
          -0.12023,
          0.259671,
          1.242532
        ],
        [
          0.058853,
          -0.970851,
          -0.232346,
          1.563818
        ],
        [
          0.0,
          0.0,
          0.0,
          1.0
        ]
      ]
    },
    {
      "file_path": "/media/NFS/ttao/scannet/posed_images/scene0357_00/00097.jpg",
      "transform_matrix": [
        [
          0.283444,
          -0.215219,
          0.934527,
          4.297038
        ],
        [
          -0.956897,
          -0.127799,
          0.260797,
          1.242641
        ],
        [
          0.063303,
          -0.968167,
          -0.242167,
          1.560079
        ],
        [
          0.0,
          0.0,
          0.0,
          1.0
        ]
      ]
    },
    {
      "file_path": "/media/NFS/ttao/scannet/posed_images/scene0357_00/00100.jpg",
      "transform_matrix": [
        [
          0.292968,
          -0.247156,
          0.923625,
          4.334101
        ],
        [
          -0.953957,
          -0.140539,
          0.264982,
          1.237275
        ],
        [
          0.064314,
          -0.95873,
          -0.27695,
          1.570949
        ],
        [
          0.0,
          0.0,
          0.0,
          1.0
        ]
      ]
    },
    {
      "file_path": "/media/NFS/ttao/scannet/posed_images/scene0357_00/00105.jpg",
      "transform_matrix": [
        [
          0.304001,
          -0.279054,
          0.910886,
          4.381712
        ],
        [
          -0.950883,
          -0.147443,
          0.27218,
          1.235207
        ],
        [
          0.058351,
          -0.948889,
          -0.31017,
          1.546597
        ],
        [
          0.0,
          0.0,
          0.0,
          1.0
        ]
      ]
    },
    {
      "file_path": "/media/NFS/ttao/scannet/posed_images/scene0357_00/00107.jpg",
      "transform_matrix": [
        [
          0.30607,
          -0.291911,
          0.90615,
          4.400794
        ],
        [
          -0.950786,
          -0.141952,
          0.275418,
          1.237376
        ],
        [
          0.048232,
          -0.945853,
          -0.320992,
          1.539167
        ],
        [
          0.0,
          0.0,
          0.0,
          1.0
        ]
      ]
    },
    {
      "file_path": "/media/NFS/ttao/scannet/posed_images/scene0357_00/00111.jpg",
      "transform_matrix": [
        [
          0.323802,
          -0.320974,
          0.890016,
          4.463519
        ],
        [
          -0.945582,
          -0.141647,
          0.292934,
          1.212615
        ],
        [
          0.032044,
          -0.936436,
          -0.349373,
          1.542981
        ],
        [
          0.0,
          0.0,
          0.0,
          1.0
        ]
      ]
    },
    {
      "file_path": "/media/NFS/ttao/scannet/posed_images/scene0357_00/00114.jpg",
      "transform_matrix": [
        [
          0.347062,
          -0.319572,
          0.881715,
          4.507677
        ],
        [
          -0.937291,
          -0.15042,
          0.314419,
          1.204014
        ],
        [
          0.032149,
          -0.935547,
          -0.351737,
          1.541389
        ],
        [
          0.0,
          0.0,
          0.0,
          1.0
        ]
      ]
    },
    {
      "file_path": "/media/NFS/ttao/scannet/posed_images/scene0357_00/00115.jpg",
      "transform_matrix": [
        [
          0.359115,
          -0.309236,
          0.880574,
          4.521159
        ],
        [
          -0.932669,
          -0.153427,
          0.32648,
          1.198652
        ],
        [
          0.034145,
          -0.938527,
          -0.343512,
          1.530197
        ],
        [
          0.0,
          0.0,
          0.0,
          1.0
        ]
      ]
    },
    {
      "file_path": "/media/NFS/ttao/scannet/posed_images/scene0357_00/00118.jpg",
      "transform_matrix": [
        [
          0.400474,
          -0.310216,
          0.862199,
          4.567037
        ],
        [
          -0.915247,
          -0.180709,
          0.360094,
          1.198148
        ],
        [
          0.0441,
          -0.933333,
          -0.356294,
          1.527487
        ],
        [
          0.0,
          0.0,
          0.0,
          1.0
        ]
      ]
    },
    {
      "file_path": "/media/NFS/ttao/scannet/posed_images/scene0357_00/00121.jpg",
      "transform_matrix": [
        [
          0.442998,
          -0.313647,
          0.839868,
          4.612494
        ],
        [
          -0.895485,
          -0.199869,
          0.397693,
          1.19293
        ],
        [
          0.043128,
          -0.928266,
          -0.369408,
          1.529312
        ],
        [
          0.0,
          0.0,
          0.0,
          1.0
        ]
      ]
    },
    {
      "file_path": "/media/NFS/ttao/scannet/posed_images/scene0357_00/00124.jpg",
      "transform_matrix": [
        [
          0.480744,
          -0.318464,
          0.816986,
          4.659205
        ],
        [
          -0.876087,
          -0.213589,
          0.432264,
          1.190536
        ],
        [
          0.036839,
          -0.923559,
          -0.381683,
          1.529542
        ],
        [
          0.0,
          0.0,
          0.0,
          1.0
        ]
      ]
    },
    {
      "file_path": "/media/NFS/ttao/scannet/posed_images/scene0357_00/00129.jpg",
      "transform_matrix": [
        [
          0.522143,
          -0.314123,
          0.792902,
          4.730307
        ],
        [
          -0.852614,
          -0.214509,
          0.476483,
          1.212746
        ],
        [
          0.02041,
          -0.924831,
          -0.37983,
          1.521327
        ],
        [
          0.0,
          0.0,
          0.0,
          1.0
        ]
      ]
    },
    {
      "file_path": "/media/NFS/ttao/scannet/posed_images/scene0357_00/00132.jpg",
      "transform_matrix": [
        [
          0.543231,
          -0.316225,
          0.777755,
          4.791489
        ],
        [
          -0.839395,
          -0.22417,
          0.495139,
          1.21214
        ],
        [
          0.017774,
          -0.921819,
          -0.387214,
          1.514093
        ],
        [
          0.0,
          0.0,
          0.0,
          1.0
        ]
      ]
    },
    {
      "file_path": "/media/NFS/ttao/scannet/posed_images/scene0357_00/00133.jpg",
      "transform_matrix": [
        [
          0.54563,
          -0.314905,
          0.776609,
          4.8087
        ],
        [
          -0.837749,
          -0.228808,
          0.495807,
          1.220246
        ],
        [
          0.021562,
          -0.921131,
          -0.388656,
          1.514195
        ],
        [
          0.0,
          0.0,
          0.0,
          1.0
        ]
      ]
    },
    {
      "file_path": "/media/NFS/ttao/scannet/posed_images/scene0357_00/00138.jpg",
      "transform_matrix": [
        [
          0.557359,
          -0.301074,
          0.77376,
          4.902628
        ],
        [
          -0.829779,
          -0.234065,
          0.506636,
          1.255216
        ],
        [
          0.028575,
          -0.924429,
          -0.380283,
          1.508981
        ],
        [
          0.0,
          0.0,
          0.0,
          1.0
        ]
      ]
    },
    {
      "file_path": "/media/NFS/ttao/scannet/posed_images/scene0357_00/00140.jpg",
      "transform_matrix": [
        [
          0.570388,
          -0.308453,
          0.761258,
          4.950767
        ],
        [
          -0.820871,
          -0.24653,
          0.515163,
          1.261519
        ],
        [
          0.028769,
          -0.918738,
          -0.393818,
          1.518044
        ],
        [
          0.0,
          0.0,
          0.0,
          1.0
        ]
      ]
    },
    {
      "file_path": "/media/NFS/ttao/scannet/posed_images/scene0357_00/00144.jpg",
      "transform_matrix": [
        [
          0.571779,
          -0.309133,
          0.759938,
          5.028365
        ],
        [
          -0.819225,
          -0.264853,
          0.508648,
          1.275464
        ],
        [
          0.044032,
          -0.913395,
          -0.404686,
          1.525633
        ],
        [
          0.0,
          0.0,
          0.0,
          1.0
        ]
      ]
    },
    {
      "file_path": "/media/NFS/ttao/scannet/posed_images/scene0357_00/00145.jpg",
      "transform_matrix": [
        [
          0.571277,
          -0.311356,
          0.759408,
          5.046983
        ],
        [
          -0.819657,
          -0.26433,
          0.508225,
          1.276716
        ],
        [
          0.042495,
          -0.912791,
          -0.406211,
          1.528
        ],
        [
          0.0,
          0.0,
          0.0,
          1.0
        ]
      ]
    },
    {
      "file_path": "/media/NFS/ttao/scannet/posed_images/scene0357_00/00150.jpg",
      "transform_matrix": [
        [
          0.568922,
          -0.320705,
          0.757282,
          5.124782
        ],
        [
          -0.821673,
          -0.260141,
          0.507129,
          1.296868
        ],
        [
          0.034362,
          -0.910755,
          -0.411515,
          1.534955
        ],
        [
          0.0,
          0.0,
          0.0,
          1.0
        ]
      ]
    },
    {
      "file_path": "/media/NFS/ttao/scannet/posed_images/scene0357_00/00151.jpg",
      "transform_matrix": [
        [
          0.571115,
          -0.320785,
          0.755595,
          5.136698
        ],
        [
          -0.820153,
          -0.261458,
          0.50891,
          1.299069
        ],
        [
          0.034305,
          -0.91035,
          -0.412416,
          1.526999
        ],
        [
          0.0,
          0.0,
          0.0,
          1.0
        ]
      ]
    },
    {
      "file_path": "/media/NFS/ttao/scannet/posed_images/scene0357_00/00154.jpg",
      "transform_matrix": [
        [
          0.58782,
          -0.323206,
          0.741623,
          5.183692
        ],
        [
          -0.80821,
          -0.274916,
          0.520786,
          1.300865
        ],
        [
          0.035563,
          -0.905516,
          -0.422819,
          1.520606
        ],
        [
          0.0,
          0.0,
          0.0,
          1.0
        ]
      ]
    },
    {
      "file_path": "/media/NFS/ttao/scannet/posed_images/scene0357_00/00157.jpg",
      "transform_matrix": [
        [
          0.620079,
          -0.319964,
          0.716327,
          5.230865
        ],
        [
          -0.783683,
          -0.295274,
          0.546493,
          1.299023
        ],
        [
          0.036655,
          -0.900242,
          -0.433844,
          1.516045
        ],
        [
          0.0,
          0.0,
          0.0,
          1.0
        ]
      ]
    },
    {
      "file_path": "/media/NFS/ttao/scannet/posed_images/scene0357_00/00161.jpg",
      "transform_matrix": [
        [
          0.671965,
          -0.290524,
          0.681219,
          5.284719
        ],
        [
          -0.739311,
          -0.317043,
          0.594056,
          1.298609
        ],
        [
          0.043389,
          -0.902818,
          -0.427829,
          1.517175
        ],
        [
          0.0,
          0.0,
          0.0,
          1.0
        ]
      ]
    },
    {
      "file_path": "/media/NFS/ttao/scannet/posed_images/scene0357_00/00165.jpg",
      "transform_matrix": [
        [
          0.7339,
          -0.281516,
          0.618174,
          5.355396
        ],
        [
          -0.678289,
          -0.352292,
          0.644836,
          1.282941
        ],
        [
          0.036246,
          -0.892546,
          -0.449497,
          1.517346
        ],
        [
          0.0,
          0.0,
          0.0,
          1.0
        ]
      ]
    },
    {
      "file_path": "/media/NFS/ttao/scannet/posed_images/scene0357_00/00168.jpg",
      "transform_matrix": [
        [
          0.760622,
          -0.276423,
          0.587404,
          5.395446
        ],
        [
          -0.647962,
          -0.378994,
          0.660689,
          1.276105
        ],
        [
          0.039993,
          -0.88315,
          -0.467383,
          1.517635
        ],
        [
          0.0,
          0.0,
          0.0,
          1.0
        ]
      ]
    },
    {
      "file_path": "/media/NFS/ttao/scannet/posed_images/scene0357_00/00169.jpg",
      "transform_matrix": [
        [
          0.766028,
          -0.277505,
          0.579821,
          5.408532
        ],
        [
          -0.641593,
          -0.385494,
          0.663139,
          1.274735
        ],
        [
          0.039493,
          -0.879992,
          -0.473344,
          1.517278
        ],
        [
          0.0,
          0.0,
          0.0,
          1.0
        ]
      ]
    },
    {
      "file_path": "/media/NFS/ttao/scannet/posed_images/scene0357_00/00173.jpg",
      "transform_matrix": [
        [
          0.80419,
          -0.266046,
          0.531505,
          5.477179
        ],
        [
          -0.59394,
          -0.393779,
          0.701551,
          1.258026
        ],
        [
          0.02265,
          -0.879862,
          -0.474689,
          1.526323
        ],
        [
          0.0,
          0.0,
          0.0,
          1.0
        ]
      ]
    },
    {
      "file_path": "/media/NFS/ttao/scannet/posed_images/scene0357_00/00177.jpg",
      "transform_matrix": [
        [
          0.834651,
          -0.240484,
          0.495506,
          5.533751
        ],
        [
          -0.550006,
          -0.411573,
          0.726705,
          1.254577
        ],
        [
          0.029176,
          -0.879076,
          -0.475788,
          1.518392
        ],
        [
          0.0,
          0.0,
          0.0,
          1.0
        ]
      ]
    },
    {
      "file_path": "/media/NFS/ttao/scannet/posed_images/scene0357_00/00179.jpg",
      "transform_matrix": [
        [
          0.847901,
          -0.221087,
          0.481855,
          5.564745
        ],
        [
          -0.528592,
          -0.422281,
          0.73639,
          1.257654
        ],
        [
          0.040672,
          -0.87909,
          -0.474917,
          1.514555
        ],
        [
          0.0,
          0.0,
          0.0,
          1.0
        ]
      ]
    },
    {
      "file_path": "/media/NFS/ttao/scannet/posed_images/scene0357_00/00181.jpg",
      "transform_matrix": [
        [
          0.864164,
          -0.201187,
          0.461241,
          5.601385
        ],
        [
          -0.50062,
          -0.436587,
          0.74751,
          1.253328
        ],
        [
          0.050983,
          -0.876879,
          -0.478001,
          1.507639
        ],
        [
          0.0,
          0.0,
          0.0,
          1.0
        ]
      ]
    },
    {
      "file_path": "/media/NFS/ttao/scannet/posed_images/scene0357_00/00184.jpg",
      "transform_matrix": [
        [
          0.871674,
          -0.171773,
          0.458997,
          5.647138
        ],
        [
          -0.485102,
          -0.435641,
          0.758217,
          1.261515
        ],
        [
          0.069717,
          -0.883579,
          -0.463064,
          1.507249
        ],
        [
          0.0,
          0.0,
          0.0,
          1.0
        ]
      ]
    },
    {
      "file_path": "/media/NFS/ttao/scannet/posed_images/scene0357_00/00189.jpg",
      "transform_matrix": [
        [
          0.896793,
          -0.143031,
          0.418695,
          5.712755
        ],
        [
          -0.435737,
          -0.449735,
          0.779661,
          1.270046
        ],
        [
          0.076786,
          -0.881635,
          -0.465643,
          1.511433
        ],
        [
          0.0,
          0.0,
          0.0,
          1.0
        ]
      ]
    },
    {
      "file_path": "/media/NFS/ttao/scannet/posed_images/scene0357_00/00192.jpg",
      "transform_matrix": [
        [
          0.916038,
          -0.135109,
          0.37765,
          5.75137
        ],
        [
          -0.395803,
          -0.4569,
          0.796607,
          1.28548
        ],
        [
          0.064919,
          -0.879197,
          -0.472014,
          1.537279
        ],
        [
          0.0,
          0.0,
          0.0,
          1.0
        ]
      ]
    },
    {
      "file_path": "/media/NFS/ttao/scannet/posed_images/scene0357_00/00193.jpg",
      "transform_matrix": [
        [
          0.920077,
          -0.123885,
          0.371632,
          5.759486
        ],
        [
          -0.385935,
          -0.449332,
          0.805702,
          1.287548
        ],
        [
          0.067172,
          -0.884734,
          -0.461231,
          1.538639
        ],
        [
          0.0,
          0.0,
          0.0,
          1.0
        ]
      ]
    },
    {
      "file_path": "/media/NFS/ttao/scannet/posed_images/scene0357_00/00198.jpg",
      "transform_matrix": [
        [
          0.942133,
          -0.088251,
          0.323414,
          5.795253
        ],
        [
          -0.330524,
          -0.40575,
          0.852127,
          1.3025
        ],
        [
          0.056024,
          -0.909714,
          -0.411439,
          1.553562
        ],
        [
          0.0,
          0.0,
          0.0,
          1.0
        ]
      ]
    },
    {
      "file_path": "/media/NFS/ttao/scannet/posed_images/scene0357_00/00200.jpg",
      "transform_matrix": [
        [
          0.954996,
          -0.069507,
          0.28836,
          5.822968
        ],
        [
          -0.2925,
          -0.382131,
          0.876596,
          1.294009
        ],
        [
          0.049262,
          -0.921491,
          -0.385264,
          1.551277
        ],
        [
          0.0,
          0.0,
          0.0,
          1.0
        ]
      ]
    },
    {
      "file_path": "/media/NFS/ttao/scannet/posed_images/scene0357_00/00204.jpg",
      "transform_matrix": [
        [
          0.970364,
          -0.055764,
          0.235124,
          5.856404
        ],
        [
          -0.239645,
          -0.347018,
          0.906724,
          1.294739
        ],
        [
          0.03103,
          -0.936199,
          -0.350098,
          1.56081
        ],
        [
          0.0,
          0.0,
          0.0,
          1.0
        ]
      ]
    },
    {
      "file_path": "/media/NFS/ttao/scannet/posed_images/scene0357_00/00208.jpg",
      "transform_matrix": [
        [
          0.98279,
          -0.018466,
          0.183799,
          5.891833
        ],
        [
          -0.180457,
          -0.308615,
          0.933912,
          1.288203
        ],
        [
          0.039477,
          -0.951008,
          -0.306636,
          1.572043
        ],
        [
          0.0,
          0.0,
          0.0,
          1.0
        ]
      ]
    },
    {
      "file_path": "/media/NFS/ttao/scannet/posed_images/scene0357_00/00210.jpg",
      "transform_matrix": [
        [
          0.990255,
          0.010935,
          0.138834,
          5.927771
        ],
        [
          -0.129187,
          -0.300188,
          0.945091,
          1.276758
        ],
        [
          0.05201,
          -0.953817,
          -0.29585,
          1.568283
        ],
        [
          0.0,
          0.0,
          0.0,
          1.0
        ]
      ]
    },
    {
      "file_path": "/media/NFS/ttao/scannet/posed_images/scene0357_00/00214.jpg",
      "transform_matrix": [
        [
          0.997177,
          0.045598,
          0.059654,
          5.953305
        ],
        [
          -0.042981,
          -0.304803,
          0.951445,
          1.266519
        ],
        [
          0.061567,
          -0.951323,
          -0.301983,
          1.576134
        ],
        [
          0.0,
          0.0,
          0.0,
          1.0
        ]
      ]
    },
    {
      "file_path": "/media/NFS/ttao/scannet/posed_images/scene0357_00/00215.jpg",
      "transform_matrix": [
        [
          0.997927,
          0.052509,
          0.037203,
          5.960333
        ],
        [
          -0.01958,
          -0.302961,
          0.952802,
          1.263743
        ],
        [
          0.061302,
          -0.951555,
          -0.301305,
          1.576543
        ],
        [
          0.0,
          0.0,
          0.0,
          1.0
        ]
      ]
    },
    {
      "file_path": "/media/NFS/ttao/scannet/posed_images/scene0357_00/00218.jpg",
      "transform_matrix": [
        [
          0.996905,
          0.074654,
          -0.024649,
          5.969468
        ],
        [
          0.046386,
          -0.305397,
          0.951095,
          1.256039
        ],
        [
          0.063475,
          -0.949294,
          -0.307915,
          1.578958
        ],
        [
          0.0,
          0.0,
          0.0,
          1.0
        ]
      ]
    },
    {
      "file_path": "/media/NFS/ttao/scannet/posed_images/scene0357_00/00223.jpg",
      "transform_matrix": [
        [
          0.986859,
          0.099645,
          -0.1272,
          6.00783
        ],
        [
          0.150128,
          -0.274331,
          0.949844,
          1.23844
        ],
        [
          0.059752,
          -0.956459,
          -0.285685,
          1.585224
        ],
        [
          0.0,
          0.0,
          0.0,
          1.0
        ]
      ]
    },
    {
      "file_path": "/media/NFS/ttao/scannet/posed_images/scene0357_00/00224.jpg",
      "transform_matrix": [
        [
          0.985114,
          0.101456,
          -0.138769,
          6.00772
        ],
        [
          0.161629,
          -0.271795,
          0.948685,
          1.23501
        ],
        [
          0.058533,
          -0.956992,
          -0.284148,
          1.584141
        ],
        [
          0.0,
          0.0,
          0.0,
          1.0
        ]
      ]
    },
    {
      "file_path": "/media/NFS/ttao/scannet/posed_images/scene0357_00/00228.jpg",
      "transform_matrix": [
        [
          0.976731,
          0.106294,
          -0.186273,
          6.013945
        ],
        [
          0.208076,
          -0.259212,
          0.94314,
          1.22275
        ],
        [
          0.051966,
          -0.959954,
          -0.275297,
          1.586948
        ],
        [
          0.0,
          0.0,
          0.0,
          1.0
        ]
      ]
    },
    {
      "file_path": "/media/NFS/ttao/scannet/posed_images/scene0357_00/00232.jpg",
      "transform_matrix": [
        [
          0.961589,
          0.119253,
          -0.247239,
          6.039092
        ],
        [
          0.269772,
          -0.244191,
          0.931447,
          1.210603
        ],
        [
          0.050704,
          -0.962367,
          -0.266982,
          1.566395
        ],
        [
          0.0,
          0.0,
          0.0,
          1.0
        ]
      ]
    },
    {
      "file_path": "/media/NFS/ttao/scannet/posed_images/scene0357_00/00235.jpg",
      "transform_matrix": [
        [
          0.951719,
          0.131021,
          -0.277606,
          6.039673
        ],
        [
          0.302528,
          -0.247015,
          0.920576,
          1.204697
        ],
        [
          0.052042,
          -0.960113,
          -0.274727,
          1.564136
        ],
        [
