{
  "frames": [
    {
      "file_path": "/media/NFS/ttao/scannet/posed_images/scene0175_00/00002.jpg",
      "transform_matrix": [
        [
          -0.486704,
          0.327719,
          -0.809765,
          4.437128
        ],
        [
          0.869935,
          0.097394,
          -0.483454,
          2.283443
        ],
        [
          -0.079571,
          -0.939742,
          -0.332496,
          1.465507
        ],
        [
          0.0,
          0.0,
          0.0,
          1.0
        ]
      ]
    },
    {
      "file_path": "/media/NFS/ttao/scannet/posed_images/scene0175_00/00004.jpg",
      "transform_matrix": [
        [
          -0.494127,
          0.32769,
          -0.805269,
          4.441189
        ],
        [
          0.866163,
          0.105829,
          -0.488427,
          2.279036
        ],
        [
          -0.074832,
          -0.938839,
          -0.336126,
          1.469096
        ],
        [
          0.0,
          0.0,
          0.0,
          1.0
        ]
      ]
    },
    {
      "file_path": "/media/NFS/ttao/scannet/posed_images/scene0175_00/00008.jpg",
      "transform_matrix": [
        [
          -0.508362,
          0.317207,
          -0.800592,
          4.454636
        ],
        [
          0.858998,
          0.121202,
          -0.497427,
          2.266521
        ],
        [
          -0.060754,
          -0.94058,
          -0.334094,
          1.468172
        ],
        [
          0.0,
          0.0,
          0.0,
          1.0
        ]
      ]
    },
    {
      "file_path": "/media/NFS/ttao/scannet/posed_images/scene0175_00/00009.jpg",
      "transform_matrix": [
        [
          -0.510728,
          0.315618,
          -0.799714,
          4.456876
        ],
        [
          0.857732,
          0.123483,
          -0.499047,
          2.264055
        ],
        [
          -0.058757,
          -0.940817,
          -0.333782,
          1.467574
        ],
        [
          0.0,
          0.0,
          0.0,
          1.0
        ]
      ]
    },
    {
      "file_path": "/media/NFS/ttao/scannet/posed_images/scene0175_00/00012.jpg",
      "transform_matrix": [
        [
          -0.51836,
          0.324574,
          -0.791173,
          4.45958
        ],
        [
          0.852827,
          0.127876,
          -0.506294,
          2.255499
        ],
        [
          -0.063158,
          -0.937177,
          -0.343091,
          1.472213
        ],
        [
          0.0,
          0.0,
          0.0,
          1.0
        ]
      ]
    },
    {
      "file_path": "/media/NFS/ttao/scannet/posed_images/scene0175_00/00016.jpg",
      "transform_matrix": [
        [
          -0.544152,
          0.321484,
          -0.774949,
          4.466622
        ],
        [
          0.836675,
          0.139423,
          -0.529656,
          2.244647
        ],
        [
          -0.06223,
          -0.936594,
          -0.344845,
          1.474653
        ],
        [
          0.0,
          0.0,
          0.0,
          1.0
        ]
      ]
    },
    {
      "file_path": "/media/NFS/ttao/scannet/posed_images/scene0175_00/00020.jpg",
      "transform_matrix": [
        [
          -0.571422,
          0.308602,
          -0.760422,
          4.476227
        ],
        [
          0.81842,
          0.14594,
          -0.555778,
          2.236344
        ],
        [
          -0.060538,
          -0.939929,
          -0.335959,
          1.478881
        ],
        [
          0.0,
          0.0,
          0.0,
          1.0
        ]
      ]
    },
    {
      "file_path": "/media/NFS/ttao/scannet/posed_images/scene0175_00/00022.jpg",
      "transform_matrix": [
        [
          -0.58246,
          0.300853,
          -0.755135,
          4.478821
        ],
        [
          0.810701,
          0.147349,
          -0.566615,
          2.231926
        ],
        [
          -0.0592,
          -0.942219,
          -0.329726,
          1.486235
        ],
        [
          0.0,
          0.0,
          0.0,
          1.0
        ]
      ]
    },
    {
      "file_path": "/media/NFS/ttao/scannet/posed_images/scene0175_00/00027.jpg",
      "transform_matrix": [
        [
          -0.60892,
          0.256165,
          -0.75073,
          4.492203
        ],
        [
          0.791211,
          0.12863,
          -0.597863,
          2.227517
        ],
        [
          -0.056585,
          -0.958037,
          -0.281006,
          1.50788
        ],
        [
          0.0,
          0.0,
          0.0,
          1.0
        ]
      ]
    },
    {
      "file_path": "/media/NFS/ttao/scannet/posed_images/scene0175_00/00028.jpg",
      "transform_matrix": [
        [
          -0.613567,
          0.248793,
          -0.749425,
          4.496296
        ],
        [
          0.787623,
          0.124989,
          -0.603347,
          2.22688
        ],
        [
          -0.056439,
          -0.960458,
          -0.272645,
          1.509895
        ],
        [
          0.0,
          0.0,
          0.0,
          1.0
        ]
      ]
    },
    {
      "file_path": "/media/NFS/ttao/scannet/posed_images/scene0175_00/00031.jpg",
      "transform_matrix": [
        [
          -0.633436,
          0.238275,
          -0.736196,
          4.495915
        ],
        [
          0.770851,
          0.111387,
          -0.627202,
          2.232266
        ],
        [
          -0.067444,
          -0.964789,
          -0.254231,
          1.531568
        ],
        [
          0.0,
          0.0,
          0.0,
          1.0
        ]
      ]
    },
    {
      "file_path": "/media/NFS/ttao/scannet/posed_images/scene0175_00/00034.jpg",
      "transform_matrix": [
        [
          -0.644364,
          0.214587,
          -0.733994,
          4.501715
        ],
        [
          0.761412,
          0.090874,
          -0.641867,
          2.23456
        ],
        [
          -0.071035,
          -0.972468,
          -0.221946,
          1.553423
        ],
        [
          0.0,
          0.0,
          0.0,
          1.0
        ]
      ]
    },
    {
      "file_path": "/media/NFS/ttao/scannet/posed_images/scene0175_00/00037.jpg",
      "transform_matrix": [
        [
          -0.647535,
          0.175585,
          -0.741531,
          4.510147
        ],
        [
          0.75909,
          0.063148,
          -0.647915,
          2.239519
        ],
        [
          -0.066938,
          -0.982437,
          -0.174176,
          1.573266
        ],
        [
          0.0,
          0.0,
          0.0,
          1.0
        ]
      ]
    },
    {
      "file_path": "/media/NFS/ttao/scannet/posed_images/scene0175_00/00041.jpg",
      "transform_matrix": [
        [
          -0.656644,
          0.125099,
          -0.743753,
          4.517522
        ],
        [
          0.750981,
          0.017427,
          -0.660094,
          2.25624
        ],
        [
          -0.069616,
          -0.991991,
          -0.10539,
          1.595367
        ],
        [
          0.0,
          0.0,
          0.0,
          1.0
        ]
      ]
    },
    {
      "file_path": "/media/NFS/ttao/scannet/posed_images/scene0175_00/00044.jpg",
      "transform_matrix": [
        [
          -0.656518,
          0.088501,
          -0.749101,
          4.527833
        ],
        [
          0.751113,
          -0.014647,
          -0.660011,
          2.262917
        ],
        [
          -0.069383,
          -0.995968,
          -0.056859,
          1.609898
        ],
        [
          0.0,
          0.0,
          0.0,
          1.0
        ]
      ]
    },
    {
      "file_path": "/media/NFS/ttao/scannet/posed_images/scene0175_00/00049.jpg",
      "transform_matrix": [
        [
          -0.651021,
          0.029156,
          -0.7585,
          4.541679
        ],
        [
          0.756975,
          -0.04907,
          -0.651599,
          2.27529
        ],
        [
          -0.056218,
          -0.99837,
          0.009875,
          1.627944
        ],
        [
          0.0,
          0.0,
          0.0,
          1.0
        ]
      ]
    },
    {
      "file_path": "/media/NFS/ttao/scannet/posed_images/scene0175_00/00050.jpg",
      "transform_matrix": [
        [
          -0.650488,
          0.023557,
          -0.759151,
          4.541016
        ],
        [
          0.757537,
          -0.051983,
          -0.650719,
          2.278062
        ],
        [
          -0.054792,
          -0.99837,
          0.015969,
          1.632889
        ],
        [
          0.0,
          0.0,
          0.0,
          1.0
        ]
      ]
    },
    {
      "file_path": "/media/NFS/ttao/scannet/posed_images/scene0175_00/00055.jpg",
      "transform_matrix": [
        [
          -0.631862,
          -0.009774,
          -0.77502,
          4.55148
        ],
        [
          0.774221,
          -0.05505,
          -0.630517,
          2.285969
        ],
        [
          -0.036502,
          -0.998436,
          0.042351,
          1.641119
        ],
        [
          0.0,
          0.0,
          0.0,
          1.0
        ]
      ]
    },
    {
      "file_path": "/media/NFS/ttao/scannet/posed_images/scene0175_00/00058.jpg",
      "transform_matrix": [
        [
          -0.615288,
          -0.010173,
          -0.788237,
          4.550752
        ],
        [
          0.787298,
          -0.05839,
          -0.613802,
          2.290537
        ],
        [
          -0.039781,
          -0.998242,
          0.043936,
          1.644673
        ],
        [
          0.0,
          0.0,
          0.0,
          1.0
        ]
      ]
    },
    {
      "file_path": "/media/NFS/ttao/scannet/posed_images/scene0175_00/00059.jpg",
      "transform_matrix": [
        [
          -0.611998,
          -0.008132,
          -0.790817,
          4.549746
        ],
        [
          0.789695,
          -0.060527,
          -0.610507,
          2.293727
        ],
        [
          -0.042901,
          -0.998133,
          0.043464,
          1.647073
        ],
        [
          0.0,
          0.0,
          0.0,
          1.0
        ]
      ]
    },
    {
      "file_path": "/media/NFS/ttao/scannet/posed_images/scene0175_00/00062.jpg",
      "transform_matrix": [
        [
          -0.594478,
          -0.012822,
          -0.804009,
          4.549477
        ],
        [
          0.802582,
          -0.071105,
          -0.592289,
          2.296102
        ],
        [
          -0.049574,
          -0.997386,
          0.052561,
          1.636071
        ],
        [
          0.0,
          0.0,
          0.0,
          1.0
        ]
      ]
    },
    {
      "file_path": "/media/NFS/ttao/scannet/posed_images/scene0175_00/00066.jpg",
      "transform_matrix": [
        [
          -0.560139,
          -0.008311,
          -0.828357,
          4.543306
        ],
        [
          0.826694,
          -0.069715,
          -0.558315,
          2.308273
        ],
        [
          -0.053109,
          -0.997532,
          0.045921,
          1.63939
        ],
        [
          0.0,
          0.0,
          0.0,
          1.0
        ]
      ]
    },
    {
      "file_path": "/media/NFS/ttao/scannet/posed_images/scene0175_00/00070.jpg",
      "transform_matrix": [
        [
          -0.504289,
          -0.014867,
          -0.863407,
          4.540372
        ],
        [
          0.862081,
          -0.066678,
          -0.502366,
          2.31307
        ],
        [
          -0.050102,
          -0.997664,
          0.046441,
          1.626477
        ],
        [
          0.0,
          0.0,
          0.0,
          1.0
        ]
      ]
    },
    {
      "file_path": "/media/NFS/ttao/scannet/posed_images/scene0175_00/00074.jpg",
      "transform_matrix": [
        [
          -0.447154,
          -0.025264,
          -0.8941,
          4.53746
        ],
        [
          0.893721,
          -0.053156,
          -0.445462,
          2.320225
        ],
        [
          -0.036272,
          -0.998267,
          0.046348,
          1.618705
        ],
        [
          0.0,
          0.0,
          0.0,
          1.0
        ]
      ]
    },
    {
      "file_path": "/media/NFS/ttao/scannet/posed_images/scene0175_00/00075.jpg",
      "transform_matrix": [
        [
          -0.433254,
          -0.024792,
          -0.900931,
          4.53647
        ],
        [
          0.900672,
          -0.048372,
          -0.431798,
          2.323068
        ],
        [
          -0.032875,
          -0.998522,
          0.043287,
          1.625359
        ],
        [
          0.0,
          0.0,
          0.0,
          1.0
        ]
      ]
    },
    {
      "file_path": "/media/NFS/ttao/scannet/posed_images/scene0175_00/00080.jpg",
      "transform_matrix": [
        [
          -0.359422,
          -0.035103,
          -0.932515,
          4.530819
        ],
        [
          0.93261,
          -0.048295,
          -0.35764,
          2.331846
        ],
        [
          -0.032482,
          -0.998216,
          0.050095,
          1.630111
        ],
        [
          0.0,
          0.0,
          0.0,
          1.0
        ]
      ]
    },
    {
      "file_path": "/media/NFS/ttao/scannet/posed_images/scene0175_00/00081.jpg",
      "transform_matrix": [
        [
          -0.351149,
          -0.04004,
          -0.935463,
          4.527686
        ],
        [
          0.935683,
          -0.051853,
          -0.349012,
          2.337203
        ],
        [
          -0.034532,
          -0.997852,
          0.055673,
          1.626441
        ],
        [
          0.0,
          0.0,
          0.0,
          1.0
        ]
      ]
    },
    {
      "file_path": "/media/NFS/ttao/scannet/posed_images/scene0175_00/00084.jpg",
      "transform_matrix": [
        [
          -0.323463,
          -0.054615,
          -0.944663,
          4.525112
        ],
        [
          0.945374,
          -0.061383,
          -0.320157,
          2.344344
        ],
        [
          -0.040501,
          -0.996619,
          0.071487,
          1.632394
        ],
        [
          0.0,
          0.0,
          0.0,
          1.0
        ]
      ]
    },
    {
      "file_path": "/media/NFS/ttao/scannet/posed_images/scene0175_00/00088.jpg",
      "transform_matrix": [
        [
          -0.288056,
          -0.079217,
          -0.954331,
          4.525946
        ],
        [
          0.957407,
          -0.044509,
          -0.28529,
          2.349615
        ],
        [
          -0.019877,
          -0.995863,
          0.088664,
          1.636642
        ],
        [
          0.0,
          0.0,
          0.0,
          1.0
        ]
      ]
    },
    {
      "file_path": "/media/NFS/ttao/scannet/posed_images/scene0175_00/00091.jpg",
      "transform_matrix": [
        [
          -0.258556,
          -0.092631,
          -0.961545,
          4.524096
        ],
        [
          0.96599,
          -0.021294,
          -0.2577,
          2.357934
        ],
        [
          0.003396,
          -0.995473,
          0.094986,
          1.633778
        ],
        [
          0.0,
          0.0,
          0.0,
          1.0
        ]
      ]
    },
    {
      "file_path": "/media/NFS/ttao/scannet/posed_images/scene0175_00/00094.jpg",
      "transform_matrix": [
        [
          -0.211475,
          -0.092495,
          -0.972997,
          4.523763
        ],
        [
          0.977343,
          -0.010964,
          -0.211378,
          2.351434
        ],
        [
          0.008884,
          -0.995653,
          0.092718,
          1.640547
        ],
        [
          0.0,
          0.0,
          0.0,
          1.0
        ]
      ]
    },
    {
      "file_path": "/media/NFS/ttao/scannet/posed_images/scene0175_00/00098.jpg",
      "transform_matrix": [
        [
          -0.144907,
          -0.080745,
          -0.986145,
          4.529985
        ],
        [
          0.989306,
          0.004888,
          -0.145772,
          2.329493
        ],
        [
          0.016591,
          -0.996723,
          0.079174,
          1.655965
        ],
        [
          0.0,
          0.0,
          0.0,
          1.0
        ]
      ]
    },
    {
      "file_path": "/media/NFS/ttao/scannet/posed_images/scene0175_00/00100.jpg",
      "transform_matrix": [
        [
          -0.130037,
          -0.100507,
          -0.986402,
          4.50746
        ],
        [
          0.991491,
          -0.007193,
          -0.129975,
          2.390833
        ],
        [
          0.005968,
          -0.99491,
          0.100587,
          1.599554
        ],
        [
          0.0,
          0.0,
          0.0,
          1.0
        ]
      ]
    },
    {
      "file_path": "/media/NFS/ttao/scannet/posed_images/scene0175_00/00105.jpg",
      "transform_matrix": [
        [
          -0.038884,
          -0.097036,
          -0.994521,
          4.508805
        ],
        [
          0.998769,
          0.026906,
          -0.041675,
          2.354837
        ],
        [
          0.030803,
          -0.994917,
          0.09587,
          1.613107
        ],
        [
          0.0,
          0.0,
          0.0,
          1.0
        ]
      ]
    },
    {
      "file_path": "/media/NFS/ttao/scannet/posed_images/scene0175_00/00109.jpg",
      "transform_matrix": [
        [
          0.010838,
          -0.084353,
          -0.996377,
          4.500584
        ],
        [
          0.99944,
          0.032471,
          0.008122,
          2.344944
        ],
        [
          0.031668,
          -0.995907,
          0.084658,
          1.607157
        ],
        [
          0.0,
          0.0,
          0.0,
          1.0
        ]
      ]
    },
    {
      "file_path": "/media/NFS/ttao/scannet/posed_images/scene0175_00/00110.jpg",
      "transform_matrix": [
        [
          0.006646,
          -0.091187,
          -0.995812,
          4.492968
        ],
        [
          0.999943,
          0.008948,
          0.005854,
          2.408885
        ],
        [
          0.008376,
          -0.995794,
          0.091241,
          1.586277
        ],
        [
          0.0,
          0.0,
          0.0,
          1.0
        ]
      ]
    },
    {
      "file_path": "/media/NFS/ttao/scannet/posed_images/scene0175_00/00115.jpg",
      "transform_matrix": [
        [
          0.055042,
          -0.020441,
          -0.998275,
          4.479672
        ],
        [
          0.998482,
          -0.001111,
          0.055076,
          2.416297
        ],
        [
          -0.002235,
          -0.99979,
          0.020349,
          1.602061
        ],
        [
          0.0,
          0.0,
          0.0,
          1.0
        ]
      ]
    },
    {
      "file_path": "/media/NFS/ttao/scannet/posed_images/scene0175_00/00116.jpg",
      "transform_matrix": [
        [
          0.062517,
          -0.023358,
          -0.99777,
          4.478394
        ],
        [
          0.998034,
          -0.003062,
          0.062605,
          2.422092
        ],
        [
          -0.004518,
          -0.999722,
          0.023121,
          1.600017
        ],
        [
          0.0,
          0.0,
          0.0,
          1.0
        ]
      ]
    },
    {
      "file_path": "/media/NFS/ttao/scannet/posed_images/scene0175_00/00121.jpg",
      "transform_matrix": [
        [
          0.098876,
          -0.042717,
          -0.994182,
          4.474249
        ],
        [
          0.995021,
          -0.008297,
          0.099316,
          2.454791
        ],
        [
          -0.012492,
          -0.999053,
          0.041684,
          1.582776
        ],
        [
          0.0,
          0.0,
          0.0,
          1.0
        ]
      ]
    },
    {
      "file_path": "/media/NFS/ttao/scannet/posed_images/scene0175_00/00122.jpg",
      "transform_matrix": [
        [
          0.102595,
          -0.032853,
          -0.994181,
          4.473657
        ],
        [
          0.994659,
          -0.007942,
          0.102907,
          2.461349
        ],
        [
          -0.011277,
          -0.999429,
          0.031863,
          1.592598
        ],
        [
          0.0,
          0.0,
          0.0,
          1.0
        ]
      ]
    },
    {
      "file_path": "/media/NFS/ttao/scannet/posed_images/scene0175_00/00127.jpg",
      "transform_matrix": [
        [
          0.132574,
          0.056442,
          -0.989565,
          4.463888
        ],
        [
          0.991026,
          -0.024726,
          0.13136,
          2.481952
        ],
        [
          -0.017054,
          -0.9981,
          -0.059214,
          1.611023
        ],
        [
          0.0,
          0.0,
          0.0,
          1.0
        ]
      ]
    },
    {
      "file_path": "/media/NFS/ttao/scannet/posed_images/scene0175_00/00131.jpg",
      "transform_matrix": [
        [
          0.143217,
          0.071885,
          -0.987077,
          4.456343
        ],
        [
          0.989632,
          -0.021363,
          0.142032,
          2.498011
        ],
        [
          -0.010877,
          -0.997184,
          -0.074199,
          1.54696
        ],
        [
          0.0,
          0.0,
          0.0,
          1.0
        ]
      ]
    },
    {
      "file_path": "/media/NFS/ttao/scannet/posed_images/scene0175_00/00132.jpg",
      "transform_matrix": [
        [
          0.146992,
          0.079588,
          -0.985931,
          4.453817
        ],
        [
          0.989079,
          -0.022701,
          0.145629,
          2.49912
        ],
        [
          -0.010792,
          -0.996569,
          -0.082055,
          1.542683
        ],
        [
          0.0,
          0.0,
          0.0,
          1.0
        ]
      ]
    },
    {
      "file_path": "/media/NFS/ttao/scannet/posed_images/scene0175_00/00137.jpg",
      "transform_matrix": [
        [
          0.157169,
          0.124509,
          -0.979691,
          4.449595
        ],
        [
          0.987479,
          -0.033385,
          0.154176,
          2.510571
        ],
        [
          -0.013511,
          -0.991657,
          -0.128197,
          1.519499
        ],
        [
          0.0,
          0.0,
          0.0,
          1.0
        ]
      ]
    },
    {
      "file_path": "/media/NFS/ttao/scannet/posed_images/scene0175_00/00138.jpg",
      "transform_matrix": [
        [
          0.162052,
          0.139193,
          -0.976916,
          4.44838
        ],
        [
          0.98672,
          -0.033985,
          0.158836,
          2.509163
        ],
        [
          -0.011092,
          -0.989682,
          -0.142852,
          1.51511
        ],
        [
          0.0,
          0.0,
          0.0,
          1.0
        ]
      ]
    },
    {
      "file_path": "/media/NFS/ttao/scannet/posed_images/scene0175_00/00143.jpg",
      "transform_matrix": [
        [
          0.185943,
          0.223801,
          -0.956733,
          4.418108
        ],
        [
          0.982358,
          -0.062133,
          0.176388,
          2.516372
        ],
        [
          -0.019969,
          -0.972652,
          -0.231406,
          1.533692
        ],
        [
          0.0,
          0.0,
          0.0,
          1.0
        ]
      ]
    },
    {
      "file_path": "/media/NFS/ttao/scannet/posed_images/scene0175_00/00145.jpg",
      "transform_matrix": [
        [
          0.18913,
          0.241579,
          -0.951771,
          4.415239
        ],
        [
          0.98179,
          -0.064107,
          0.178824,
          2.516336
        ],
        [
          -0.017815,
          -0.968261,
          -0.249305,
          1.527594
        ],
        [
          0.0,
          0.0,
          0.0,
          1.0
        ]
      ]
    },
    {
      "file_path": "/media/NFS/ttao/scannet/posed_images/scene0175_00/00150.jpg",
      "transform_matrix": [
        [
          0.19712,
          0.284395,
          -0.938223,
          4.406507
        ],
        [
          0.98013,
          -0.078764,
          0.182049,
          2.517696
        ],
        [
          -0.022125,
          -0.955466,
          -0.29427,
          1.519623
        ],
        [
          0.0,
          0.0,
          0.0,
          1.0
        ]
      ]
    },
    {
      "file_path": "/media/NFS/ttao/scannet/posed_images/scene0175_00/00153.jpg",
      "transform_matrix": [
        [
          0.19867,
          0.29884,
          -0.933394,
          4.406907
        ],
        [
          0.979589,
          -0.090272,
          0.1796,
          2.51829
        ],
        [
          -0.030588,
          -0.950024,
          -0.310674,
          1.511587
        ],
        [
          0.0,
          0.0,
          0.0,
          1.0
        ]
      ]
    },
    {
      "file_path": "/media/NFS/ttao/scannet/posed_images/scene0175_00/00154.jpg",
      "transform_matrix": [
        [
          0.199267,
          0.304475,
          -0.931444,
          4.405462
        ],
        [
          0.979454,
          -0.091963,
          0.179477,
          2.518773
        ],
        [
          -0.031012,
          -0.948071,
          -0.316545,
          1.50992
        ],
        [
          0.0,
          0.0,
          0.0,
          1.0
        ]
      ]
    },
    {
      "file_path": "/media/NFS/ttao/scannet/posed_images/scene0175_00/00157.jpg",
      "transform_matrix": [
        [
          0.208058,
          0.322141,
          -0.923546,
          4.407134
        ],
        [
          0.977794,
          -0.092732,
          0.187933,
          2.521288
        ],
        [
          -0.025102,
          -0.942139,
          -0.334281,
          1.498276
        ],
        [
          0.0,
          0.0,
          0.0,
          1.0
        ]
      ]
    },
    {
      "file_path": "/media/NFS/ttao/scannet/posed_images/scene0175_00/00162.jpg",
      "transform_matrix": [
        [
          0.225692,
          0.360084,
          -0.905209,
          4.403413
        ],
        [
          0.973889,
          -0.106819,
          0.200324,
          2.526827
        ],
        [
          -0.02456,
          -0.926785,
          -0.37479,
          1.477684
        ],
        [
          0.0,
          0.0,
          0.0,
          1.0
        ]
      ]
    },
    {
      "file_path": "/media/NFS/ttao/scannet/posed_images/scene0175_00/00163.jpg",
      "transform_matrix": [
        [
          0.224289,
          0.369383,
          -0.901804,
          4.403177
        ],
        [
          0.97421,
          -0.108444,
          0.197878,
          2.528801
        ],
        [
          -0.024703,
          -0.922928,
          -0.384179,
          1.472307
        ],
        [
          0.0,
          0.0,
          0.0,
          1.0
        ]
      ]
    },
    {
      "file_path": "/media/NFS/ttao/scannet/posed_images/scene0175_00/00168.jpg",
      "transform_matrix": [
        [
          0.213556,
          0.425479,
          -0.87941,
          4.398904
        ],
        [
          0.976514,
          -0.119276,
          0.179428,
          2.531738
        ],
        [
          -0.02855,
          -0.897074,
          -0.440958,
          1.447592
        ],
        [
          0.0,
          0.0,
          0.0,
          1.0
        ]
      ]
    },
    {
      "file_path": "/media/NFS/ttao/scannet/posed_images/scene0175_00/00171.jpg",
      "transform_matrix": [
        [
          0.210434,
          0.456057,
          -0.864714,
          4.397365
        ],
        [
          0.976979,
          -0.12982,
          0.169286,
          2.534233
        ],
        [
          -0.035053,
          -0.880431,
          -0.472877,
          1.431027
        ],
        [
          0.0,
          0.0,
          0.0,
          1.0
        ]
      ]
    },
    {
      "file_path": "/media/NFS/ttao/scannet/posed_images/scene0175_00/00175.jpg",
      "transform_matrix": [
        [
          0.204593,
          0.496228,
          -0.843741,
          4.397051
        ],
        [
          0.978416,
          -0.129263,
          0.161225,
          2.534905
        ],
        [
          -0.02906,
          -0.858515,
          -0.511964,
          1.409713
        ],
        [
          0.0,
          0.0,
          0.0,
          1.0
        ]
      ]
    },
    {
      "file_path": "/media/NFS/ttao/scannet/posed_images/scene0175_00/00177.jpg",
      "transform_matrix": [
        [
          0.202911,
          0.511741,
          -0.834834,
          4.397796
        ],
        [
          0.978813,
          -0.129867,
          0.158299,
          2.533371
        ],
        [
          -0.027409,
          -0.849268,
          -0.527251,
          1.399463
        ],
        [
          0.0,
          0.0,
          0.0,
          1.0
        ]
      ]
    },
    {
      "file_path": "/media/NFS/ttao/scannet/posed_images/scene0175_00/00180.jpg",
      "transform_matrix": [
        [
          0.203803,
          0.540472,
          -0.816305,
          4.393959
        ],
        [
          0.978868,
          -0.126775,
          0.160452,
          2.527977
        ],
        [
          -0.016767,
          -0.831756,
          -0.554888,
          1.392121
        ],
        [
          0.0,
          0.0,
          0.0,
          1.0
        ]
      ]
    },
    {
      "file_path": "/media/NFS/ttao/scannet/posed_images/scene0175_00/00184.jpg",
      "transform_matrix": [
        [
          0.202141,
          0.570997,
          -0.795677,
          4.395529
        ],
        [
          0.979335,
          -0.123165,
          0.160413,
          2.521199
        ],
        [
          -0.006404,
          -0.811661,
          -0.584094,
          1.373545
        ],
        [
          0.0,
          0.0,
          0.0,
          1.0
        ]
      ]
    },
    {
      "file_path": "/media/NFS/ttao/scannet/posed_images/scene0175_00/00187.jpg",
      "transform_matrix": [
        [
          0.190444,
          0.595144,
          -0.780727,
          4.395611
        ],
        [
          0.981697,
          -0.116747,
          0.150472,
          2.513464
        ],
        [
          -0.001595,
          -0.795093,
          -0.606485,
          1.361425
        ],
        [
          0.0,
          0.0,
          0.0,
          1.0
        ]
      ]
    },
    {
      "file_path": "/media/NFS/ttao/scannet/posed_images/scene0175_00/00188.jpg",
      "transform_matrix": [
        [
          0.18646,
          0.60441,
          -0.774546,
          4.395203
        ],
        [
          0.982459,
          -0.112519,
          0.148708,
          2.509446
        ],
        [
          0.002729,
          -0.788687,
          -0.614788,
          1.358055
        ],
        [
          0.0,
          0.0,
          0.0,
          1.0
        ]
      ]
    },
    {
      "file_path": "/media/NFS/ttao/scannet/posed_images/scene0175_00/00194.jpg",
      "transform_matrix": [
        [
          0.1322,
          0.659309,
          -0.740158,
          4.396286
        ],
        [
          0.99083,
          -0.066863,
          0.117412,
          2.480418
        ],
        [
          0.027922,
          -0.748893,
          -0.662103,
          1.331648
        ],
        [
          0.0,
          0.0,
          0.0,
          1.0
        ]
      ]
    },
    {
      "file_path": "/media/NFS/ttao/scannet/posed_images/scene0175_00/00197.jpg",
      "transform_matrix": [
        [
          0.104421,
          0.670353,
          -0.734659,
          4.39925
        ],
        [
          0.994262,
          -0.053112,
          0.092857,
          2.463723
        ],
        [
          0.023228,
          -0.740139,
          -0.672052,
          1.322359
        ],
        [
          0.0,
          0.0,
          0.0,
          1.0
        ]
      ]
    },
    {
      "file_path": "/media/NFS/ttao/scannet/posed_images/scene0175_00/00200.jpg",
      "transform_matrix": [
        [
          0.056629,
          0.674446,
          -0.73615,
          4.40429
        ],
        [
          0.998293,
          -0.027719,
          0.051399,
          2.45395
        ],
        [
          0.01426,
          -0.737804,
          -0.674864,
          1.31358
        ],
        [
          0.0,
          0.0,
          0.0,
          1.0
        ]
      ]
    },
    {
      "file_path": "/media/NFS/ttao/scannet/posed_images/scene0175_00/00203.jpg",
      "transform_matrix": [
        [
          0.01855,
          0.663743,
          -0.747731,
          4.410447
        ],
        [
          0.999783,
          -0.005258,
          0.020135,
          2.436583
        ],
        [
          0.009433,
          -0.747942,
          -0.663697,
          1.308038
        ],
        [
          0.0,
          0.0,
          0.0,
          1.0
        ]
      ]
    },
    {
      "file_path": "/media/NFS/ttao/scannet/posed_images/scene0175_00/00206.jpg",
      "transform_matrix": [
        [
          -0.007054,
          0.649462,
          -0.760361,
          4.415145
        ],
        [
          0.999935,
          0.011419,
          0.000477,
          2.421359
        ],
        [
          0.008992,
          -0.760308,
          -0.6495,
          1.305626
        ],
        [
          0.0,
          0.0,
          0.0,
          1.0
        ]
      ]
    },
    {
      "file_path": "/media/NFS/ttao/scannet/posed_images/scene0175_00/00207.jpg",
      "transform_matrix": [
        [
          -0.014459,
          0.647478,
          -0.761947,
          4.415288
        ],
        [
          0.999848,
          0.01675,
          -0.00474,
          2.415363
        ],
        [
          0.009694,
          -0.7619,
          -0.647622,
          1.306109
        ],
        [
          0.0,
          0.0,
          0.0,
          1.0
        ]
      ]
    },
    {
      "file_path": "/media/NFS/ttao/scannet/posed_images/scene0175_00/00211.jpg",
      "transform_matrix": [
        [
          -0.077678,
          0.656725,
          -0.750119,
          4.412175
        ],
        [
          0.996973,
          0.048568,
          -0.06072,
          2.407868
        ],
        [
          -0.003445,
          -0.752564,
          -0.65851,
          1.306185
        ],
        [
          0.0,
          0.0,
          0.0,
          1.0
        ]
      ]
    },
    {
      "file_path": "/media/NFS/ttao/scannet/posed_images/scene0175_00/00214.jpg",
      "transform_matrix": [
        [
          -0.132956,
          0.640254,
          -0.75657,
          4.408437
        ],
        [
          0.991121,
          0.086643,
          -0.100852,
          2.40421
        ],
        [
          0.00098,
          -0.763261,
          -0.646089,
          1.300811
        ],
        [
          0.0,
          0.0,
          0.0,
          1.0
        ]
      ]
    },
    {
      "file_path": "/media/NFS/ttao/scannet/posed_images/scene0175_00/00219.jpg",
      "transform_matrix": [
        [
          -0.253714,
          0.639471,
          -0.725745,
          4.386753
        ],
        [
          0.967188,
          0.178008,
          -0.181274,
          2.408071
        ],
        [
          0.013268,
          -0.747924,
          -0.663652,
          1.289746
        ],
        [
          0.0,
          0.0,
          0.0,
          1.0
        ]
      ]
    },
    {
      "file_path": "/media/NFS/ttao/scannet/posed_images/scene0175_00/00222.jpg",
      "transform_matrix": [
        [
          -0.341683,
          0.620723,
          -0.70566,
          4.374044
        ],
        [
          0.939528,
          0.244153,
          -0.240158,
          2.415497
        ],
        [
          0.023217,
          -0.745045,
          -0.66661,
          1.288944
        ],
        [
          0.0,
          0.0,
          0.0,
          1.0
        ]
      ]
    },
    {
      "file_path": "/media/NFS/ttao/scannet/posed_images/scene0175_00/00225.jpg",
      "transform_matrix": [
        [
          -0.421857,
          0.588717,
          -0.689528,
          4.361994
        ],
        [
          0.906228,
          0.297311,
          -0.300593,
          2.420933
        ],
        [
          0.02804,
          -0.751677,
          -0.658935,
          1.290122
        ],
        [
          0.0,
          0.0,
          0.0,
          1.0
        ]
      ]
    },
    {
      "file_path": "/media/NFS/ttao/scannet/posed_images/scene0175_00/00226.jpg",
      "transform_matrix": [
        [
          -0.446679,
          0.578918,
          -0.682153,
          4.358078
        ],
        [
          0.894383,
          0.309044,
          -0.323375,
          2.423187
        ],
        [
          0.023608,
          -0.75455,
          -0.655817,
          1.29201
        ],
        [
          0.0,
          0.0,
          0.0,
          1.0
        ]
      ]
    },
    {
      "file_path": "/media/NFS/ttao/scannet/posed_images/scene0175_00/00229.jpg",
      "transform_matrix": [
        [
          -0.524572,
          0.549814,
          -0.650022,
          4.348522
        ],
        [
          0.851362,
          0.341128,
          -0.398515,
          2.430093
        ],
        [
          0.002632,
          -0.762454,
          -0.647037,
          1.300222
        ],
        [
          0.0,
          0.0,
          0.0,
          1.0
        ]
      ]
    },
    {
      "file_path": "/media/NFS/ttao/scannet/posed_images/scene0175_00/00235.jpg",
      "transform_matrix": [
        [
          -0.632632,
          0.513696,
          -0.579563,
          4.335898
        ],
        [
          0.774327,
          0.406051,
          -0.485325,
          2.431667
        ],
        [
          -0.013977,
          -0.755803,
          -0.65465,
          1.309541
        ],
        [
          0.0,
          0.0,
          0.0,
          1.0
        ]
      ]
    },
    {
      "file_path": "/media/NFS/ttao/scannet/posed_images/scene0175_00/00236.jpg",
      "transform_matrix": [
        [
          -0.643755,
          0.508767,
          -0.571607,
          4.334032
        ],
        [
          0.765016,
          0.410164,
          -0.496504,
          2.429228
        ],
        [
          -0.018152,
          -0.756916,
          -0.65326,
          1.311018
        ],
        [
          0.0,
          0.0,
          0.0,
          1.0
        ]
      ]
    },
    {
      "file_path": "/media/NFS/ttao/scannet/posed_images/scene0175_00/00241.jpg",
      "transform_matrix": [
        [
          -0.685406,
          0.493489,
          -0.535432,
          4.321954
        ],
        [
          0.726795,
          0.418618,
          -0.544544,
          2.405129
        ],
        [
          -0.044585,
          -0.762383,
          -0.645589,
          1.313323
        ],
        [
          0.0,
          0.0,
          0.0,
          1.0
        ]
      ]
    },
    {
      "file_path": "/media/NFS/ttao/scannet/posed_images/scene0175_00/00242.jpg",
      "transform_matrix": [
        [
          -0.693004,
          0.488634,
          -0.530079,
          4.319148
        ],
        [
          0.719518,
          0.422721,
          -0.550999,
          2.396172
        ],
        [
          -0.045161,
          -0.763246,
          -0.644528,
