{
  "frames": [
    {
      "file_path": "/media/NFS/ttao/scannet/posed_images/scene0100_01/00000.jpg",
      "transform_matrix": [
        [
          -0.850242,
          -0.254102,
          0.460999,
          3.449762
        ],
        [
          -0.526366,
          0.401822,
          -0.749318,
          1.87255
        ],
        [
          0.005163,
          -0.879756,
          -0.475397,
          1.256118
        ],
        [
          0.0,
          0.0,
          0.0,
          1.0
        ]
      ]
    },
    {
      "file_path": "/media/NFS/ttao/scannet/posed_images/scene0100_01/00003.jpg",
      "transform_matrix": [
        [
          -0.853586,
          -0.251172,
          0.456403,
          3.447345
        ],
        [
          -0.52095,
          0.413953,
          -0.746495,
          1.866399
        ],
        [
          -0.001431,
          -0.87496,
          -0.484192,
          1.252982
        ],
        [
          0.0,
          0.0,
          0.0,
          1.0
        ]
      ]
    },
    {
      "file_path": "/media/NFS/ttao/scannet/posed_images/scene0100_01/00009.jpg",
      "transform_matrix": [
        [
          -0.859136,
          -0.241419,
          0.451223,
          3.441982
        ],
        [
          -0.511727,
          0.412995,
          -0.753373,
          1.863245
        ],
        [
          -0.004474,
          -0.878153,
          -0.47836,
          1.255503
        ],
        [
          0.0,
          0.0,
          0.0,
          1.0
        ]
      ]
    },
    {
      "file_path": "/media/NFS/ttao/scannet/posed_images/scene0100_01/00012.jpg",
      "transform_matrix": [
        [
          -0.862291,
          -0.23394,
          0.449141,
          3.440696
        ],
        [
          -0.50633,
          0.414428,
          -0.756227,
          1.859814
        ],
        [
          -0.009225,
          -0.879501,
          -0.475808,
          1.266552
        ],
        [
          0.0,
          0.0,
          0.0,
          1.0
        ]
      ]
    },
    {
      "file_path": "/media/NFS/ttao/scannet/posed_images/scene0100_01/00015.jpg",
      "transform_matrix": [
        [
          -0.86527,
          -0.230995,
          0.444915,
          3.435359
        ],
        [
          -0.501242,
          0.412912,
          -0.760435,
          1.856573
        ],
        [
          -0.008054,
          -0.880991,
          -0.473065,
          1.268977
        ],
        [
          0.0,
          0.0,
          0.0,
          1.0
        ]
      ]
    },
    {
      "file_path": "/media/NFS/ttao/scannet/posed_images/scene0100_01/00020.jpg",
      "transform_matrix": [
        [
          -0.871466,
          -0.230343,
          0.433,
          3.423074
        ],
        [
          -0.490424,
          0.419273,
          -0.764,
          1.847435
        ],
        [
          -0.005563,
          -0.878153,
          -0.478347,
          1.269382
        ],
        [
          0.0,
          0.0,
          0.0,
          1.0
        ]
      ]
    },
    {
      "file_path": "/media/NFS/ttao/scannet/posed_images/scene0100_01/00024.jpg",
      "transform_matrix": [
        [
          -0.869776,
          -0.224508,
          0.439416,
          3.412388
        ],
        [
          -0.493383,
          0.41006,
          -0.767088,
          1.835653
        ],
        [
          -0.00797,
          -0.883995,
          -0.467429,
          1.274022
        ],
        [
          0.0,
          0.0,
          0.0,
          1.0
        ]
      ]
    },
    {
      "file_path": "/media/NFS/ttao/scannet/posed_images/scene0100_01/00026.jpg",
      "transform_matrix": [
        [
          -0.865657,
          -0.228829,
          0.445282,
          3.407765
        ],
        [
          -0.500637,
          0.397777,
          -0.768854,
          1.828083
        ],
        [
          -0.001186,
          -0.888488,
          -0.458899,
          1.276623
        ],
        [
          0.0,
          0.0,
          0.0,
          1.0
        ]
      ]
    },
    {
      "file_path": "/media/NFS/ttao/scannet/posed_images/scene0100_01/00029.jpg",
      "transform_matrix": [
        [
          -0.862931,
          -0.231179,
          0.449339,
          3.40383
        ],
        [
          -0.505271,
          0.382153,
          -0.773732,
          1.81265
        ],
        [
          0.007155,
          -0.894715,
          -0.44658,
          1.283877
        ],
        [
          0.0,
          0.0,
          0.0,
          1.0
        ]
      ]
    },
    {
      "file_path": "/media/NFS/ttao/scannet/posed_images/scene0100_01/00035.jpg",
      "transform_matrix": [
        [
          -0.854643,
          -0.21935,
          0.470607,
          3.401711
        ],
        [
          -0.519155,
          0.34713,
          -0.781012,
          1.772202
        ],
        [
          0.007953,
          -0.911804,
          -0.410549,
          1.302041
        ],
        [
          0.0,
          0.0,
          0.0,
          1.0
        ]
      ]
    },
    {
      "file_path": "/media/NFS/ttao/scannet/posed_images/scene0100_01/00037.jpg",
      "transform_matrix": [
        [
          -0.853048,
          -0.22105,
          0.4727,
          3.402728
        ],
        [
          -0.521658,
          0.337843,
          -0.783413,
          1.755959
        ],
        [
          0.013475,
          -0.914876,
          -0.403509,
          1.305532
        ],
        [
          0.0,
          0.0,
          0.0,
          1.0
        ]
      ]
    },
    {
      "file_path": "/media/NFS/ttao/scannet/posed_images/scene0100_01/00040.jpg",
      "transform_matrix": [
        [
          -0.844201,
          -0.219397,
          0.489071,
          3.401178
        ],
        [
          -0.535722,
          0.314532,
          -0.783628,
          1.730981
        ],
        [
          0.018097,
          -0.923544,
          -0.383064,
          1.309628
        ],
        [
          0.0,
          0.0,
          0.0,
          1.0
        ]
      ]
    },
    {
      "file_path": "/media/NFS/ttao/scannet/posed_images/scene0100_01/00045.jpg",
      "transform_matrix": [
        [
          -0.821176,
          -0.220259,
          0.526456,
          3.397965
        ],
        [
          -0.5701,
          0.275231,
          -0.774102,
          1.679189
        ],
        [
          0.025606,
          -0.935806,
          -0.351583,
          1.32371
        ],
        [
          0.0,
          0.0,
          0.0,
          1.0
        ]
      ]
    },
    {
      "file_path": "/media/NFS/ttao/scannet/posed_images/scene0100_01/00048.jpg",
      "transform_matrix": [
        [
          -0.810593,
          -0.209268,
          0.546943,
          3.394372
        ],
        [
          -0.585112,
          0.250894,
          -0.771166,
          1.646927
        ],
        [
          0.024156,
          -0.945124,
          -0.325818,
          1.338131
        ],
        [
          0.0,
          0.0,
          0.0,
          1.0
        ]
      ]
    },
    {
      "file_path": "/media/NFS/ttao/scannet/posed_images/scene0100_01/00053.jpg",
      "transform_matrix": [
        [
          -0.813916,
          -0.189371,
          0.549254,
          3.379598
        ],
        [
          -0.580686,
          0.234962,
          -0.779485,
          1.59737
        ],
        [
          0.018559,
          -0.953379,
          -0.301204,
          1.357758
        ],
        [
          0.0,
          0.0,
          0.0,
          1.0
        ]
      ]
    },
    {
      "file_path": "/media/NFS/ttao/scannet/posed_images/scene0100_01/00058.jpg",
      "transform_matrix": [
        [
          -0.806678,
          -0.168651,
          0.566417,
          3.356425
        ],
        [
          -0.590892,
          0.21253,
          -0.778253,
          1.549074
        ],
        [
          0.010872,
          -0.96249,
          -0.271098,
          1.373624
        ],
        [
          0.0,
          0.0,
          0.0,
          1.0
        ]
      ]
    },
    {
      "file_path": "/media/NFS/ttao/scannet/posed_images/scene0100_01/00060.jpg",
      "transform_matrix": [
        [
          -0.800924,
          -0.150268,
          0.579604,
          3.345374
        ],
        [
          -0.59875,
          0.208278,
          -0.773382,
          1.529116
        ],
        [
          -0.004504,
          -0.966457,
          -0.256788,
          1.3824
        ],
        [
          0.0,
          0.0,
          0.0,
          1.0
        ]
      ]
    },
    {
      "file_path": "/media/NFS/ttao/scannet/posed_images/scene0100_01/00064.jpg",
      "transform_matrix": [
        [
          -0.780267,
          -0.142163,
          0.609075,
          3.315147
        ],
        [
          -0.625441,
          0.181523,
          -0.758863,
          1.48615
        ],
        [
          -0.002679,
          -0.973056,
          -0.230551,
          1.395098
        ],
        [
          0.0,
          0.0,
          0.0,
          1.0
        ]
      ]
    },
    {
      "file_path": "/media/NFS/ttao/scannet/posed_images/scene0100_01/00069.jpg",
      "transform_matrix": [
        [
          -0.748564,
          -0.145616,
          0.646876,
          3.2717
        ],
        [
          -0.663059,
          0.167795,
          -0.729519,
          1.425044
        ],
        [
          -0.002313,
          -0.975008,
          -0.222157,
          1.412193
        ],
        [
          0.0,
          0.0,
          0.0,
          1.0
        ]
      ]
    },
    {
      "file_path": "/media/NFS/ttao/scannet/posed_images/scene0100_01/00071.jpg",
      "transform_matrix": [
        [
          -0.73711,
          -0.134122,
          0.662329,
          3.252586
        ],
        [
          -0.675585,
          0.169327,
          -0.717574,
          1.401405
        ],
        [
          -0.015908,
          -0.976391,
          -0.215423,
          1.41865
        ],
        [
          0.0,
          0.0,
          0.0,
          1.0
        ]
      ]
    },
    {
      "file_path": "/media/NFS/ttao/scannet/posed_images/scene0100_01/00076.jpg",
      "transform_matrix": [
        [
          -0.697025,
          -0.115221,
          0.707729,
          3.21477
        ],
        [
          -0.716437,
          0.152579,
          -0.680762,
          1.348439
        ],
        [
          -0.029547,
          -0.981552,
          -0.1889,
          1.433198
        ],
        [
          0.0,
          0.0,
          0.0,
          1.0
        ]
      ]
    },
    {
      "file_path": "/media/NFS/ttao/scannet/posed_images/scene0100_01/00077.jpg",
      "transform_matrix": [
        [
          -0.692029,
          -0.1142,
          0.712779,
          3.209595
        ],
        [
          -0.721243,
          0.150534,
          -0.676128,
          1.338719
        ],
        [
          -0.030083,
          -0.981987,
          -0.18654,
          1.436596
        ],
        [
          0.0,
          0.0,
          0.0,
          1.0
        ]
      ]
    },
    {
      "file_path": "/media/NFS/ttao/scannet/posed_images/scene0100_01/00083.jpg",
      "transform_matrix": [
        [
          -0.663672,
          -0.08508,
          0.743169,
          3.185553
        ],
        [
          -0.746908,
          0.129614,
          -0.652173,
          1.29487
        ],
        [
          -0.040838,
          -0.987908,
          -0.149568,
          1.461093
        ],
        [
          0.0,
          0.0,
          0.0,
          1.0
        ]
      ]
    },
    {
      "file_path": "/media/NFS/ttao/scannet/posed_images/scene0100_01/00085.jpg",
      "transform_matrix": [
        [
          -0.657979,
          -0.067271,
          0.750026,
          3.179239
        ],
        [
          -0.75193,
          0.112657,
          -0.649546,
          1.284916
        ],
        [
          -0.0408,
          -0.991354,
          -0.124709,
          1.465786
        ],
        [
          0.0,
          0.0,
          0.0,
          1.0
        ]
      ]
    },
    {
      "file_path": "/media/NFS/ttao/scannet/posed_images/scene0100_01/00092.jpg",
      "transform_matrix": [
        [
          -0.662839,
          -0.034595,
          0.747963,
          3.180807
        ],
        [
          -0.74773,
          0.083033,
          -0.658792,
          1.254948
        ],
        [
          -0.039314,
          -0.995946,
          -0.080905,
          1.474978
        ],
        [
          0.0,
          0.0,
          0.0,
          1.0
        ]
      ]
    },
    {
      "file_path": "/media/NFS/ttao/scannet/posed_images/scene0100_01/00093.jpg",
      "transform_matrix": [
        [
          -0.665343,
          -0.034979,
          0.745718,
          3.184616
        ],
        [
          -0.745548,
          0.082566,
          -0.661318,
          1.251047
        ],
        [
          -0.038438,
          -0.995972,
          -0.081013,
          1.474964
        ],
        [
          0.0,
          0.0,
          0.0,
          1.0
        ]
      ]
    },
    {
      "file_path": "/media/NFS/ttao/scannet/posed_images/scene0100_01/00097.jpg",
      "transform_matrix": [
        [
          -0.672663,
          -0.055845,
          0.737838,
          3.204966
        ],
        [
          -0.739562,
          0.082986,
          -0.667954,
          1.233049
        ],
        [
          -0.023928,
          -0.994985,
          -0.097123,
          1.463341
        ],
        [
          0.0,
          0.0,
          0.0,
          1.0
        ]
      ]
    },
    {
      "file_path": "/media/NFS/ttao/scannet/posed_images/scene0100_01/00100.jpg",
      "transform_matrix": [
        [
          -0.673036,
          -0.097074,
          0.733212,
          3.230975
        ],
        [
          -0.739489,
          0.106261,
          -0.664729,
          1.218608
        ],
        [
          -0.013384,
          -0.989588,
          -0.143302,
          1.445899
        ],
        [
          0.0,
          0.0,
          0.0,
          1.0
        ]
      ]
    },
    {
      "file_path": "/media/NFS/ttao/scannet/posed_images/scene0100_01/00106.jpg",
      "transform_matrix": [
        [
          -0.658185,
          -0.170553,
          0.733284,
          3.283308
        ],
        [
          -0.752683,
          0.169992,
          -0.636059,
          1.194808
        ],
        [
          -0.016171,
          -0.970574,
          -0.240258,
          1.410685
        ],
        [
          0.0,
          0.0,
          0.0,
          1.0
        ]
      ]
    },
    {
      "file_path": "/media/NFS/ttao/scannet/posed_images/scene0100_01/00110.jpg",
      "transform_matrix": [
        [
          -0.659198,
          -0.215544,
          0.720416,
          3.314821
        ],
        [
          -0.751799,
          0.209324,
          -0.625286,
          1.17644
        ],
        [
          -0.016024,
          -0.953795,
          -0.300031,
          1.388154
        ],
        [
          0.0,
          0.0,
          0.0,
          1.0
        ]
      ]
    },
    {
      "file_path": "/media/NFS/ttao/scannet/posed_images/scene0100_01/00111.jpg",
      "transform_matrix": [
        [
          -0.659332,
          -0.226324,
          0.716979,
          3.320622
        ],
        [
          -0.751756,
          0.213663,
          -0.623868,
          1.172127
        ],
        [
          -0.011996,
          -0.950329,
          -0.311015,
          1.384086
        ],
        [
          0.0,
          0.0,
          0.0,
          1.0
        ]
      ]
    },
    {
      "file_path": "/media/NFS/ttao/scannet/posed_images/scene0100_01/00116.jpg",
      "transform_matrix": [
        [
          -0.648187,
          -0.277942,
          0.708944,
          3.33968
        ],
        [
          -0.761372,
          0.220769,
          -0.609569,
          1.152806
        ],
        [
          0.012912,
          -0.934885,
          -0.354717,
          1.362762
        ],
        [
          0.0,
          0.0,
          0.0,
          1.0
        ]
      ]
    },
    {
      "file_path": "/media/NFS/ttao/scannet/posed_images/scene0100_01/00121.jpg",
      "transform_matrix": [
        [
          -0.647453,
          -0.316427,
          0.693309,
          3.35315
        ],
        [
          -0.761678,
          0.238227,
          -0.602573,
          1.128955
        ],
        [
          0.025506,
          -0.918217,
          -0.395257,
          1.348515
        ],
        [
          0.0,
          0.0,
          0.0,
          1.0
        ]
      ]
    },
    {
      "file_path": "/media/NFS/ttao/scannet/posed_images/scene0100_01/00122.jpg",
      "transform_matrix": [
        [
          -0.647152,
          -0.319446,
          0.692206,
          3.354206
        ],
        [
          -0.761992,
          0.242806,
          -0.600344,
          1.124757
        ],
        [
          0.023706,
          -0.915969,
          -0.400548,
          1.345536
        ],
        [
          0.0,
          0.0,
          0.0,
          1.0
        ]
      ]
    },
    {
      "file_path": "/media/NFS/ttao/scannet/posed_images/scene0100_01/00128.jpg",
      "transform_matrix": [
        [
          -0.624615,
          -0.35305,
          0.696572,
          3.358055
        ],
        [
          -0.780933,
          0.28159,
          -0.55754,
          1.099779
        ],
        [
          0.000692,
          -0.892223,
          -0.451594,
          1.329096
        ],
        [
          0.0,
          0.0,
          0.0,
          1.0
        ]
      ]
    },
    {
      "file_path": "/media/NFS/ttao/scannet/posed_images/scene0100_01/00132.jpg",
      "transform_matrix": [
        [
          -0.599556,
          -0.388214,
          0.699873,
          3.352379
        ],
        [
          -0.800318,
          0.296136,
          -0.52134,
          1.08394
        ],
        [
          -0.004866,
          -0.872693,
          -0.488245,
          1.320138
        ],
        [
          0.0,
          0.0,
          0.0,
          1.0
        ]
      ]
    },
    {
      "file_path": "/media/NFS/ttao/scannet/posed_images/scene0100_01/00133.jpg",
      "transform_matrix": [
        [
          -0.594618,
          -0.399805,
          0.697557,
          3.351013
        ],
        [
          -0.804008,
          0.296489,
          -0.515428,
          1.080592
        ],
        [
          -0.000747,
          -0.867324,
          -0.497744,
          1.319517
        ],
        [
          0.0,
          0.0,
          0.0,
          1.0
        ]
      ]
    },
    {
      "file_path": "/media/NFS/ttao/scannet/posed_images/scene0100_01/00139.jpg",
      "transform_matrix": [
        [
          -0.585089,
          -0.441855,
          0.680026,
          3.336291
        ],
        [
          -0.81095,
          0.313041,
          -0.494333,
          1.049454
        ],
        [
          0.005547,
          -0.840696,
          -0.541479,
          1.304492
        ],
        [
          0.0,
          0.0,
          0.0,
          1.0
        ]
      ]
    },
    {
      "file_path": "/media/NFS/ttao/scannet/posed_images/scene0100_01/00141.jpg",
      "transform_matrix": [
        [
          -0.570915,
          -0.44304,
          0.69121,
          3.326973
        ],
        [
          -0.820973,
          0.316,
          -0.47555,
          1.041755
        ],
        [
          -0.007735,
          -0.838963,
          -0.544133,
          1.299112
        ],
        [
          0.0,
          0.0,
          0.0,
          1.0
        ]
      ]
    },
    {
      "file_path": "/media/NFS/ttao/scannet/posed_images/scene0100_01/00147.jpg",
      "transform_matrix": [
        [
          -0.503278,
          -0.455153,
          0.734539,
          3.305646
        ],
        [
          -0.863398,
          0.29972,
          -0.405848,
          1.031434
        ],
        [
          -0.035433,
          -0.838453,
          -0.543821,
          1.299814
        ],
        [
          0.0,
          0.0,
          0.0,
          1.0
        ]
      ]
    },
    {
      "file_path": "/media/NFS/ttao/scannet/posed_images/scene0100_01/00151.jpg",
      "transform_matrix": [
        [
          -0.462768,
          -0.461439,
          0.756914,
          3.293819
        ],
        [
          -0.8859,
          0.271588,
          -0.37606,
          1.023506
        ],
        [
          -0.03204,
          -0.844579,
          -0.534471,
          1.298127
        ],
        [
          0.0,
          0.0,
          0.0,
          1.0
        ]
      ]
    },
    {
      "file_path": "/media/NFS/ttao/scannet/posed_images/scene0100_01/00153.jpg",
      "transform_matrix": [
        [
          -0.454381,
          -0.458754,
          0.763598,
          3.290395
        ],
        [
          -0.890171,
          0.266227,
          -0.369755,
          1.018598
        ],
        [
          -0.033664,
          -0.847743,
          -0.529338,
          1.296438
        ],
        [
          0.0,
          0.0,
          0.0,
          1.0
        ]
      ]
    },
    {
      "file_path": "/media/NFS/ttao/scannet/posed_images/scene0100_01/00158.jpg",
      "transform_matrix": [
        [
          -0.431952,
          -0.457512,
          0.777239,
          3.28733
        ],
        [
          -0.900912,
          0.259136,
          -0.348147,
          1.005033
        ],
        [
          -0.042129,
          -0.850607,
          -0.524112,
          1.298513
        ],
        [
          0.0,
          0.0,
          0.0,
          1.0
        ]
      ]
    },
    {
      "file_path": "/media/NFS/ttao/scannet/posed_images/scene0100_01/00162.jpg",
      "transform_matrix": [
        [
          -0.415048,
          -0.455016,
          0.787842,
          3.284374
        ],
        [
          -0.908676,
          0.250354,
          -0.334114,
          0.9875
        ],
        [
          -0.045212,
          -0.854566,
          -0.517371,
          1.300168
        ],
        [
          0.0,
          0.0,
          0.0,
          1.0
        ]
      ]
    },
    {
      "file_path": "/media/NFS/ttao/scannet/posed_images/scene0100_01/00166.jpg",
      "transform_matrix": [
        [
          -0.418733,
          -0.451112,
          0.788138,
          3.287765
        ],
        [
          -0.907055,
          0.249587,
          -0.339054,
          0.9662
        ],
        [
          -0.043758,
          -0.856857,
          -0.513693,
          1.296728
        ],
        [
          0.0,
          0.0,
          0.0,
          1.0
        ]
      ]
    },
    {
      "file_path": "/media/NFS/ttao/scannet/posed_images/scene0100_01/00170.jpg",
      "transform_matrix": [
        [
          -0.403531,
          -0.442862,
          0.800647,
          3.29566
        ],
        [
          -0.914007,
          0.235161,
          -0.33059,
          0.947034
        ],
        [
          -0.041875,
          -0.865201,
          -0.499674,
          1.295147
        ],
        [
          0.0,
          0.0,
          0.0,
          1.0
        ]
      ]
    },
    {
      "file_path": "/media/NFS/ttao/scannet/posed_images/scene0100_01/00171.jpg",
      "transform_matrix": [
        [
          -0.397795,
          -0.442089,
          0.803938,
          3.299318
        ],
        [
          -0.9165,
          0.231855,
          -0.325994,
          0.942786
        ],
        [
          -0.042279,
          -0.866488,
          -0.497405,
          1.294251
        ],
        [
          0.0,
          0.0,
          0.0,
          1.0
        ]
      ]
    },
    {
      "file_path": "/media/NFS/ttao/scannet/posed_images/scene0100_01/00176.jpg",
      "transform_matrix": [
        [
          -0.338162,
          -0.43273,
          0.835698,
          3.328641
        ],
        [
          -0.939885,
          0.200179,
          -0.276667,
          0.925032
        ],
        [
          -0.047567,
          -0.879018,
          -0.474409,
          1.293245
        ],
        [
          0.0,
          0.0,
          0.0,
          1.0
        ]
      ]
    },
    {
      "file_path": "/media/NFS/ttao/scannet/posed_images/scene0100_01/00179.jpg",
      "transform_matrix": [
        [
          -0.315824,
          -0.435331,
          0.843055,
          3.352285
        ],
        [
          -0.947718,
          0.187508,
          -0.258208,
          0.914117
        ],
        [
          -0.045673,
          -0.880527,
          -0.471791,
          1.290101
        ],
        [
          0.0,
          0.0,
          0.0,
          1.0
        ]
      ]
    },
    {
      "file_path": "/media/NFS/ttao/scannet/posed_images/scene0100_01/00183.jpg",
      "transform_matrix": [
        [
          -0.31171,
          -0.448812,
          0.837499,
          3.395826
        ],
        [
          -0.949755,
          0.173445,
          -0.260542,
          0.895606
        ],
        [
          -0.028325,
          -0.876633,
          -0.480326,
          1.291998
        ],
        [
          0.0,
          0.0,
          0.0,
          1.0
        ]
      ]
    },
    {
      "file_path": "/media/NFS/ttao/scannet/posed_images/scene0100_01/00186.jpg",
      "transform_matrix": [
        [
          -0.32494,
          -0.45021,
          0.8317,
          3.434926
        ],
        [
          -0.94553,
          0.172935,
          -0.275801,
          0.877473
        ],
        [
          -0.019661,
          -0.876016,
          -0.481881,
          1.288224
        ],
        [
          0.0,
          0.0,
          0.0,
          1.0
        ]
      ]
    },
    {
      "file_path": "/media/NFS/ttao/scannet/posed_images/scene0100_01/00189.jpg",
      "transform_matrix": [
        [
          -0.33971,
          -0.447646,
          0.82717,
          3.481891
        ],
        [
          -0.940441,
          0.17381,
          -0.292166,
          0.855488
        ],
        [
          -0.012983,
          -0.877156,
          -0.48003,
          1.288723
        ],
        [
          0.0,
          0.0,
          0.0,
          1.0
        ]
      ]
    },
    {
      "file_path": "/media/NFS/ttao/scannet/posed_images/scene0100_01/00196.jpg",
      "transform_matrix": [
        [
          -0.351701,
          -0.483486,
          0.801591,
          3.574842
        ],
        [
          -0.936051,
          0.191429,
          -0.295234,
          0.807729
        ],
        [
          -0.010707,
          -0.854164,
          -0.519893,
          1.29439
        ],
        [
          0.0,
          0.0,
          0.0,
          1.0
        ]
      ]
    },
    {
      "file_path": "/media/NFS/ttao/scannet/posed_images/scene0100_01/00199.jpg",
      "transform_matrix": [
        [
          -0.348086,
          -0.499596,
          0.793247,
          3.600212
        ],
        [
          -0.937463,
          0.184903,
          -0.294915,
          0.798222
        ],
        [
          0.000664,
          -0.846295,
          -0.532715,
          1.288572
        ],
        [
          0.0,
          0.0,
          0.0,
          1.0
        ]
      ]
    },
    {
      "file_path": "/media/NFS/ttao/scannet/posed_images/scene0100_01/00200.jpg",
      "transform_matrix": [
        [
          -0.331567,
          -0.484839,
          0.809317,
          3.575779
        ],
        [
          -0.943386,
          0.178853,
          -0.279347,
          0.779182
        ],
        [
          -0.009311,
          -0.856121,
          -0.516692,
          1.270075
        ],
        [
          0.0,
          0.0,
          0.0,
          1.0
        ]
      ]
    },
    {
      "file_path": "/media/NFS/ttao/scannet/posed_images/scene0100_01/00205.jpg",
      "transform_matrix": [
        [
          -0.312099,
          -0.502938,
          0.806008,
          3.605489
        ],
        [
          -0.94998,
          0.175515,
          -0.258328,
          0.762118
        ],
        [
          -0.011544,
          -0.846315,
          -0.532558,
          1.262041
        ],
        [
          0.0,
          0.0,
          0.0,
          1.0
        ]
      ]
    },
    {
      "file_path": "/media/NFS/ttao/scannet/posed_images/scene0100_01/00208.jpg",
      "transform_matrix": [
        [
          -0.294021,
          -0.514961,
          0.805212,
          3.622427
        ],
        [
          -0.955682,
          0.171589,
          -0.239227,
          0.751752
        ],
        [
          -0.014973,
          -0.839864,
          -0.54259,
          1.256806
        ],
        [
          0.0,
          0.0,
          0.0,
          1.0
        ]
      ]
    },
    {
      "file_path": "/media/NFS/ttao/scannet/posed_images/scene0100_01/00214.jpg",
      "transform_matrix": [
        [
          -0.247611,
          -0.515139,
          0.820561,
          3.663422
        ],
        [
          -0.968859,
          0.132512,
          -0.209172,
          0.730504
        ],
        [
          -0.000982,
          -0.846801,
          -0.531909,
          1.254707
        ],
        [
          0.0,
          0.0,
          0.0,
          1.0
        ]
      ]
    },
    {
      "file_path": "/media/NFS/ttao/scannet/posed_images/scene0100_01/00216.jpg",
      "transform_matrix": [
        [
          -0.227309,
          -0.525355,
          0.819959,
          3.676731
        ],
        [
          -0.973714,
          0.110031,
          -0.199435,
          0.716767
        ],
        [
          0.014553,
          -0.843739,
          -0.536556,
          1.24834
        ],
        [
          0.0,
          0.0,
          0.0,
          1.0
        ]
      ]
    },
    {
      "file_path": "/media/NFS/ttao/scannet/posed_images/scene0100_01/00221.jpg",
      "transform_matrix": [
        [
          -0.193328,
          -0.557056,
          0.807659,
          3.719758
        ],
        [
          -0.979708,
          0.065231,
          -0.189521,
          0.669189
        ],
        [
          0.052889,
          -0.827909,
          -0.558363,
          1.238852
        ],
        [
          0.0,
          0.0,
          0.0,
          1.0
        ]
      ]
    },
    {
      "file_path": "/media/NFS/ttao/scannet/posed_images/scene0100_01/00223.jpg",
      "transform_matrix": [
        [
          -0.17479,
          -0.577417,
          0.79752,
          3.735672
        ],
        [
          -0.982505,
          0.049396,
          -0.179568,
          0.645285
        ],
        [
          0.064291,
          -0.814954,
          -0.575949,
          1.238607
        ],
        [
          0.0,
          0.0,
          0.0,
          1.0
        ]
      ]
    },
    {
      "file_path": "/media/NFS/ttao/scannet/posed_images/scene0100_01/00228.jpg",
      "transform_matrix": [
        [
          -0.096043,
          -0.587337,
          0.803624,
          3.756026
        ],
        [
          -0.993809,
          0.011274,
          -0.110533,
          0.615749
        ],
        [
          0.05586,
          -0.809264,
          -0.584783,
          1.240473
        ],
        [
          0.0,
          0.0,
          0.0,
          1.0
        ]
      ]
    },
    {
      "file_path": "/media/NFS/ttao/scannet/posed_images/scene0100_01/00232.jpg",
      "transform_matrix": [
        [
          -0.044592,
          -0.609981,
          0.791161,
          3.763799
        ],
        [
          -0.997941,
          -0.009349,
          -0.063454,
          0.612933
        ],
        [
          0.046103,
          -0.792361,
          -0.608308,
          1.231826
        ],
        [
          0.0,
          0.0,
          0.0,
          1.0
        ]
      ]
    },
    {
      "file_path": "/media/NFS/ttao/scannet/posed_images/scene0100_01/00237.jpg",
      "transform_matrix": [
        [
          0.008279,
          -0.638739,
          0.769379,
          3.773866
        ],
        [
          -0.998871,
          -0.041283,
          -0.023525,
          0.61901
        ],
        [
          0.046788,
          -0.768315,
          -0.638359,
          1.216665
        ],
        [
          0.0,
          0.0,
          0.0,
          1.0
        ]
      ]
    },
    {
      "file_path": "/media/NFS/ttao/scannet/posed_images/scene0100_01/00240.jpg",
      "transform_matrix": [
        [
          0.028125,
          -0.655322,
          0.754826,
          3.782037
        ],
        [
          -0.99863,
          -0.051759,
          -0.007727,
          0.613637
        ],
        [
          0.044133,
          -0.753574,
          -0.655879,
          1.207104
        ],
        [
          0.0,
          0.0,
          0.0,
          1.0
        ]
      ]
    },
    {
      "file_path": "/media/NFS/ttao/scannet/posed_images/scene0100_01/00243.jpg",
      "transform_matrix": [
        [
          0.03804,
          -0.660751,
          0.749641,
          3.790446
        ],
        [
          -0.998566,
          -0.053426,
          0.003581,
          0.60305
        ],
        [
          0.037684,
          -0.748701,
          -0.661835,
          1.202936
        ],
        [
          0.0,
          0.0,
          0.0,
          1.0
        ]
      ]
    },
    {
      "file_path": "/media/NFS/ttao/scannet/posed_images/scene0100_01/00248.jpg",
      "transform_matrix": [
        [
          0.045779,
          -0.664476,
          0.745907,
          3.806367
        ],
        [
          -0.998703,
          -0.047114,
          0.019322,
          0.596671
        ],
        [
          0.022304,
          -0.745823,
          -0.66577,
          1.206257
        ],
        [
          0.0,
          0.0,
          0.0,
          1.0
        ]
      ]
    },
    {
      "file_path": "/media/NFS/ttao/scannet/posed_images/scene0100_01/00250.jpg",
      "transform_matrix": [
        [
          0.038705,
          -0.664255,
          0.746504,
          3.813184
        ],
        [
          -0.998992,
          -0.04272,
          0.013783,
          0.59782
        ],
        [
          0.022735,
          -0.746285,
          -0.665239,
          1.207587
        ],
        [
          0.0,
          0.0,
          0.0,
          1.0
        ]
      ]
    },
    {
      "file_path": "/media/NFS/ttao/scannet/posed_images/scene0100_01/00253.jpg",
      "transform_matrix": [
        [
          0.012869,
          -0.664242,
          0.747407,
          3.82072
        ],
        [
          -0.999386,
          -0.032902,
          -0.012033,
          0.604046
        ],
        [
          0.032584,
          -0.746793,
          -0.664257,
          1.208613
        ],
        [
          0.0,
          0.0,
          0.0,
          1.0
        ]
      ]
    },
    {
      "file_path": "/media/NFS/ttao/scannet/posed_images/scene0100_01/00256.jpg",
      "transform_matrix": [
        [
          -0.027383,
          -0.671246,
          0.740729,
          3.826468
        ],
        [
          -0.998678,
          -0.013887,
          -0.049503,
          0.611962
        ],
        [
          0.043515,
          -0.741105,
          -0.669978,
          1.208341
        ],
        [
          0.0,
          0.0,
          0.0,
          1.0
        ]
      ]
    },
    {
      "file_path": "/media/NFS/ttao/scannet/posed_images/scene0100_01/00263.jpg",
      "transform_matrix": [
        [
          -0.178588,
          -0.687073,
          0.704299,
          3.825023
        ],
        [
          -0.981989,
          0.079595,
          -0.171353,
          0.66254
        ],
        [
          0.061673,
          -0.722215,
          -0.688913,
          1.203235
        ],
        [
          0.0,
          0.0,
          0.0,
          1.0
        ]
      ]
    },
    {
      "file_path": "/media/NFS/ttao/scannet/posed_images/scene0100_01/00267.jpg",
      "transform_matrix": [
        [
          -0.317871,
          -0.671987,
          0.668873,
          3.814819
        ],
        [
          -0.945088,
          0.168066,
          -0.28029,
          0.71449
        ],
        [
          0.075936,
          -0.72124,
          -0.68851,
          1.196689
        ],
        [
          0.0,
          0.0,
          0.0,
          1.0
        ]
      ]
    },
    {
      "file_path": "/media/NFS/ttao/scannet/posed_images/scene0100_01/00269.jpg",
      "transform_matrix": [
        [
          -0.370624,
          -0.652452,
          0.661017,
          3.805872
        ],
        [
          -0.92617,
          0.206281,
          -0.315684,
          0.741816
        ],
        [
          0.069613,
          -0.729215,
          -0.680735,
          1.198892
        ],
        [
          0.0,
          0.0,
          0.0,
          1.0
        ]
      ]
    },
    {
      "file_path": "/media/NFS/ttao/scannet/posed_images/scene0100_01/00272.jpg",
      "transform_matrix": [
        [
          -0.423173,
          -0.628742,
          0.652387,
          3.796071
        ],
        [
          -0.904226,
          0.247411,
          -0.348086,
          0.790875
        ],
        [
          0.057448,
          -0.737205,
          -0.673222,
          1.205408
        ],
        [
          0.0,
          0.0,
          0.0,
          1.0
        ]
      ]
    },
    {
      "file_path": "/media/NFS/ttao/scannet/posed_images/scene0100_01/00278.jpg",
      "transform_matrix": [
        [
          -0.484058,
          -0.623069,
          0.614387,
          3.774974
        ],
        [
          -0.870691,
          0.273078,
          -0.409055,
          0.845152
        ],
        [
          0.087094,
          -0.732948,
          -0.674686,
          1.209222
        ],
        [
          0.0,
          0.0,
          0.0,
          1.0
        ]
      ]
    },
    {
      "file_path": "/media/NFS/ttao/scannet/posed_images/scene0100_01/00282.jpg",
      "transform_matrix": [
        [
          -0.521451,
          -0.600235,
          0.606471,
          3.749055
        ],
        [
          -0.847908,
          0.284862,
          -0.447109,
          0.862586
        ],
        [
          0.09561,
          -0.747376,
          -0.657485,
          1.209526
        ],
        [
          0.0,
          0.0,
          0.0,
          1.0
        ]
      ]
    },
    {
      "file_path": "/media/NFS/ttao/scannet/posed_images/scene0100_01/00286.jpg",
      "transform_matrix": [
        [
          -0.547105,
          -0.57331,
          0.609911,
          3.719661
        ],
        [
          -0.832307,
          0.295017,
          -0.469286,
          0.87716
        ],
        [
          0.089112,
          -0.764382,
          -0.638576,
          1.21317
        ],
        [
          0.0,
          0.0,
          0.0,
          1.0
        ]
      ]
    },
    {
      "file_path": "/media/NFS/ttao/scannet/posed_images/scene0100_01/00287.jpg",
      "transform_matrix": [
        [
          -0.556017,
          -0.568541,
          0.606306,
          3.713237
        ],
        [
          -0.826666,
          0.302422,
          -0.474515,
          0.879973
        ],
