{
  "frames": [
    {
      "file_path": "/media/NFS/ttao/scannet/posed_images/scene0048_01/00001.jpg",
      "transform_matrix": [
        [
          0.411353,
          -0.304194,
          0.859217,
          2.726278
        ],
        [
          -0.909254,
          -0.20274,
          0.363531,
          4.665786
        ],
        [
          0.063614,
          -0.930786,
          -0.359987,
          1.337329
        ],
        [
          0.0,
          0.0,
          0.0,
          1.0
        ]
      ]
    },
    {
      "file_path": "/media/NFS/ttao/scannet/posed_images/scene0048_01/00003.jpg",
      "transform_matrix": [
        [
          0.409995,
          -0.302421,
          0.860491,
          2.727167
        ],
        [
          -0.909712,
          -0.203639,
          0.361878,
          4.669471
        ],
        [
          0.06579,
          -0.931167,
          -0.358607,
          1.336081
        ],
        [
          0.0,
          0.0,
          0.0,
          1.0
        ]
      ]
    },
    {
      "file_path": "/media/NFS/ttao/scannet/posed_images/scene0048_01/00004.jpg",
      "transform_matrix": [
        [
          0.409246,
          -0.303522,
          0.860461,
          2.729137
        ],
        [
          -0.910079,
          -0.203364,
          0.361109,
          4.667186
        ],
        [
          0.065382,
          -0.930869,
          -0.359455,
          1.335069
        ],
        [
          0.0,
          0.0,
          0.0,
          1.0
        ]
      ]
    },
    {
      "file_path": "/media/NFS/ttao/scannet/posed_images/scene0048_01/00007.jpg",
      "transform_matrix": [
        [
          0.402489,
          -0.314044,
          0.859871,
          2.734793
        ],
        [
          -0.913235,
          -0.202675,
          0.353446,
          4.668934
        ],
        [
          0.063277,
          -0.927523,
          -0.36837,
          1.335236
        ],
        [
          0.0,
          0.0,
          0.0,
          1.0
        ]
      ]
    },
    {
      "file_path": "/media/NFS/ttao/scannet/posed_images/scene0048_01/00008.jpg",
      "transform_matrix": [
        [
          0.400989,
          -0.315039,
          0.860208,
          2.737046
        ],
        [
          -0.913781,
          -0.204082,
          0.35122,
          4.667235
        ],
        [
          0.064906,
          -0.926877,
          -0.369711,
          1.334836
        ],
        [
          0.0,
          0.0,
          0.0,
          1.0
        ]
      ]
    },
    {
      "file_path": "/media/NFS/ttao/scannet/posed_images/scene0048_01/00011.jpg",
      "transform_matrix": [
        [
          0.38548,
          -0.316809,
          0.866624,
          2.736112
        ],
        [
          -0.91988,
          -0.205536,
          0.334031,
          4.676361
        ],
        [
          0.072299,
          -0.925952,
          -0.370656,
          1.334321
        ],
        [
          0.0,
          0.0,
          0.0,
          1.0
        ]
      ]
    },
    {
      "file_path": "/media/NFS/ttao/scannet/posed_images/scene0048_01/00014.jpg",
      "transform_matrix": [
        [
          0.375739,
          -0.312861,
          0.872318,
          2.73914
        ],
        [
          -0.924155,
          -0.196556,
          0.327572,
          4.681834
        ],
        [
          0.068975,
          -0.929239,
          -0.362985,
          1.33658
        ],
        [
          0.0,
          0.0,
          0.0,
          1.0
        ]
      ]
    },
    {
      "file_path": "/media/NFS/ttao/scannet/posed_images/scene0048_01/00016.jpg",
      "transform_matrix": [
        [
          0.379182,
          -0.311787,
          0.871211,
          2.738315
        ],
        [
          -0.923131,
          -0.192217,
          0.332989,
          4.678005
        ],
        [
          0.06364,
          -0.930506,
          -0.360706,
          1.337749
        ],
        [
          0.0,
          0.0,
          0.0,
          1.0
        ]
      ]
    },
    {
      "file_path": "/media/NFS/ttao/scannet/posed_images/scene0048_01/00018.jpg",
      "transform_matrix": [
        [
          0.383591,
          -0.308564,
          0.870429,
          2.735691
        ],
        [
          -0.921399,
          -0.191471,
          0.338177,
          4.676904
        ],
        [
          0.062313,
          -0.931734,
          -0.357757,
          1.337525
        ],
        [
          0.0,
          0.0,
          0.0,
          1.0
        ]
      ]
    },
    {
      "file_path": "/media/NFS/ttao/scannet/posed_images/scene0048_01/00020.jpg",
      "transform_matrix": [
        [
          0.384711,
          -0.311837,
          0.868767,
          2.734938
        ],
        [
          -0.920615,
          -0.197769,
          0.336683,
          4.675417
        ],
        [
          0.066825,
          -0.929325,
          -0.363166,
          1.333659
        ],
        [
          0.0,
          0.0,
          0.0,
          1.0
        ]
      ]
    },
    {
      "file_path": "/media/NFS/ttao/scannet/posed_images/scene0048_01/00023.jpg",
      "transform_matrix": [
        [
          0.383762,
          -0.31685,
          0.867371,
          2.733302
        ],
        [
          -0.920897,
          -0.20086,
          0.334071,
          4.682623
        ],
        [
          0.06837,
          -0.926964,
          -0.368869,
          1.33042
        ],
        [
          0.0,
          0.0,
          0.0,
          1.0
        ]
      ]
    },
    {
      "file_path": "/media/NFS/ttao/scannet/posed_images/scene0048_01/00025.jpg",
      "transform_matrix": [
        [
          0.384767,
          -0.315341,
          0.867476,
          2.728622
        ],
        [
          -0.920429,
          -0.20137,
          0.335053,
          4.681282
        ],
        [
          0.069028,
          -0.927367,
          -0.36773,
          1.326157
        ],
        [
          0.0,
          0.0,
          0.0,
          1.0
        ]
      ]
    },
    {
      "file_path": "/media/NFS/ttao/scannet/posed_images/scene0048_01/00026.jpg",
      "transform_matrix": [
        [
          0.383559,
          -0.314974,
          0.868144,
          2.726512
        ],
        [
          -0.920799,
          -0.202487,
          0.333358,
          4.683568
        ],
        [
          0.070789,
          -0.927249,
          -0.367694,
          1.32276
        ],
        [
          0.0,
          0.0,
          0.0,
          1.0
        ]
      ]
    },
    {
      "file_path": "/media/NFS/ttao/scannet/posed_images/scene0048_01/00028.jpg",
      "transform_matrix": [
        [
          0.383264,
          -0.319137,
          0.866752,
          2.725824
        ],
        [
          -0.920561,
          -0.208526,
          0.330279,
          4.685696
        ],
        [
          0.075336,
          -0.924483,
          -0.373706,
          1.319861
        ],
        [
          0.0,
          0.0,
          0.0,
          1.0
        ]
      ]
    },
    {
      "file_path": "/media/NFS/ttao/scannet/posed_images/scene0048_01/00032.jpg",
      "transform_matrix": [
        [
          0.389494,
          -0.329462,
          0.860086,
          2.719527
        ],
        [
          -0.917275,
          -0.222979,
          0.329979,
          4.693782
        ],
        [
          0.083066,
          -0.917461,
          -0.389057,
          1.301021
        ],
        [
          0.0,
          0.0,
          0.0,
          1.0
        ]
      ]
    },
    {
      "file_path": "/media/NFS/ttao/scannet/posed_images/scene0048_01/00034.jpg",
      "transform_matrix": [
        [
          0.394835,
          -0.335696,
          0.855227,
          2.718588
        ],
        [
          -0.915004,
          -0.227679,
          0.333062,
          4.697007
        ],
        [
          0.08291,
          -0.914041,
          -0.397059,
          1.298673
        ],
        [
          0.0,
          0.0,
          0.0,
          1.0
        ]
      ]
    },
    {
      "file_path": "/media/NFS/ttao/scannet/posed_images/scene0048_01/00036.jpg",
      "transform_matrix": [
        [
          0.392081,
          -0.33913,
          0.855139,
          2.716064
        ],
        [
          -0.916498,
          -0.224227,
          0.33129,
          4.702187
        ],
        [
          0.079395,
          -0.913627,
          -0.398727,
          1.297894
        ],
        [
          0.0,
          0.0,
          0.0,
          1.0
        ]
      ]
    },
    {
      "file_path": "/media/NFS/ttao/scannet/posed_images/scene0048_01/00037.jpg",
      "transform_matrix": [
        [
          0.388799,
          -0.339776,
          0.85638,
          2.714879
        ],
        [
          -0.918073,
          -0.220888,
          0.329168,
          4.70502
        ],
        [
          0.077321,
          -0.9142,
          -0.39782,
          1.29744
        ],
        [
          0.0,
          0.0,
          0.0,
          1.0
        ]
      ]
    },
    {
      "file_path": "/media/NFS/ttao/scannet/posed_images/scene0048_01/00040.jpg",
      "transform_matrix": [
        [
          0.37705,
          -0.344843,
          0.859603,
          2.71691
        ],
        [
          -0.923227,
          -0.214156,
          0.319045,
          4.709143
        ],
        [
          0.074069,
          -0.913904,
          -0.399116,
          1.302837
        ],
        [
          0.0,
          0.0,
          0.0,
          1.0
        ]
      ]
    },
    {
      "file_path": "/media/NFS/ttao/scannet/posed_images/scene0048_01/00042.jpg",
      "transform_matrix": [
        [
          0.366325,
          -0.345049,
          0.864145,
          2.717233
        ],
        [
          -0.92768,
          -0.20751,
          0.310401,
          4.714285
        ],
        [
          0.072216,
          -0.915358,
          -0.396112,
          1.30522
        ],
        [
          0.0,
          0.0,
          0.0,
          1.0
        ]
      ]
    },
    {
      "file_path": "/media/NFS/ttao/scannet/posed_images/scene0048_01/00044.jpg",
      "transform_matrix": [
        [
          0.352208,
          -0.344398,
          0.870252,
          2.717898
        ],
        [
          -0.933608,
          -0.194627,
          0.300826,
          4.716101
        ],
        [
          0.06577,
          -0.918428,
          -0.390082,
          1.3093
        ],
        [
          0.0,
          0.0,
          0.0,
          1.0
        ]
      ]
    },
    {
      "file_path": "/media/NFS/ttao/scannet/posed_images/scene0048_01/00046.jpg",
      "transform_matrix": [
        [
          0.331696,
          -0.338737,
          0.880474,
          2.716184
        ],
        [
          -0.94141,
          -0.17923,
          0.285699,
          4.725061
        ],
        [
          0.06103,
          -0.923653,
          -0.37834,
          1.315549
        ],
        [
          0.0,
          0.0,
          0.0,
          1.0
        ]
      ]
    },
    {
      "file_path": "/media/NFS/ttao/scannet/posed_images/scene0048_01/00050.jpg",
      "transform_matrix": [
        [
          0.268929,
          -0.31847,
          0.908985,
          2.718766
        ],
        [
          -0.961803,
          -0.138871,
          0.235901,
          4.744865
        ],
        [
          0.051104,
          -0.937706,
          -0.343652,
          1.340337
        ],
        [
          0.0,
          0.0,
          0.0,
          1.0
        ]
      ]
    },
    {
      "file_path": "/media/NFS/ttao/scannet/posed_images/scene0048_01/00051.jpg",
      "transform_matrix": [
        [
          0.256176,
          -0.315518,
          0.913686,
          2.721197
        ],
        [
          -0.965229,
          -0.13438,
          0.224222,
          4.744424
        ],
        [
          0.052035,
          -0.939356,
          -0.338972,
          1.341556
        ],
        [
          0.0,
          0.0,
          0.0,
          1.0
        ]
      ]
    },
    {
      "file_path": "/media/NFS/ttao/scannet/posed_images/scene0048_01/00054.jpg",
      "transform_matrix": [
        [
          0.20282,
          -0.312419,
          0.92804,
          2.726699
        ],
        [
          -0.977167,
          -0.125859,
          0.171187,
          4.74776
        ],
        [
          0.063321,
          -0.94157,
          -0.330812,
          1.345647
        ],
        [
          0.0,
          0.0,
          0.0,
          1.0
        ]
      ]
    },
    {
      "file_path": "/media/NFS/ttao/scannet/posed_images/scene0048_01/00056.jpg",
      "transform_matrix": [
        [
          0.162386,
          -0.320013,
          0.933393,
          2.725312
        ],
        [
          -0.98437,
          -0.117885,
          0.130838,
          4.751196
        ],
        [
          0.068163,
          -0.940051,
          -0.334154,
          1.344797
        ],
        [
          0.0,
          0.0,
          0.0,
          1.0
        ]
      ]
    },
    {
      "file_path": "/media/NFS/ttao/scannet/posed_images/scene0048_01/00057.jpg",
      "transform_matrix": [
        [
          0.143568,
          -0.326124,
          0.934361,
          2.729505
        ],
        [
          -0.987077,
          -0.115105,
          0.111492,
          4.751359
        ],
        [
          0.07119,
          -0.938293,
          -0.338435,
          1.347432
        ],
        [
          0.0,
          0.0,
          0.0,
          1.0
        ]
      ]
    },
    {
      "file_path": "/media/NFS/ttao/scannet/posed_images/scene0048_01/00061.jpg",
      "transform_matrix": [
        [
          0.085178,
          -0.325319,
          0.94176,
          2.721241
        ],
        [
          -0.993492,
          -0.099467,
          0.055497,
          4.73782
        ],
        [
          0.07562,
          -0.940358,
          -0.331675,
          1.351357
        ],
        [
          0.0,
          0.0,
          0.0,
          1.0
        ]
      ]
    },
    {
      "file_path": "/media/NFS/ttao/scannet/posed_images/scene0048_01/00063.jpg",
      "transform_matrix": [
        [
          0.062073,
          -0.329089,
          0.942256,
          2.719094
        ],
        [
          -0.995365,
          -0.089887,
          0.034178,
          4.729738
        ],
        [
          0.073449,
          -0.940011,
          -0.333143,
          1.35308
        ],
        [
          0.0,
          0.0,
          0.0,
          1.0
        ]
      ]
    },
    {
      "file_path": "/media/NFS/ttao/scannet/posed_images/scene0048_01/00064.jpg",
      "transform_matrix": [
        [
          0.049957,
          -0.330678,
          0.94242,
          2.716111
        ],
        [
          -0.995904,
          -0.087696,
          0.022021,
          4.727295
        ],
        [
          0.075365,
          -0.93966,
          -0.333705,
          1.352112
        ],
        [
          0.0,
          0.0,
          0.0,
          1.0
        ]
      ]
    },
    {
      "file_path": "/media/NFS/ttao/scannet/posed_images/scene0048_01/00068.jpg",
      "transform_matrix": [
        [
          0.011132,
          -0.332487,
          0.943042,
          2.704193
        ],
        [
          -0.996129,
          -0.085927,
          -0.018537,
          4.714501
        ],
        [
          0.087196,
          -0.939185,
          -0.332156,
          1.350344
        ],
        [
          0.0,
          0.0,
          0.0,
          1.0
        ]
      ]
    },
    {
      "file_path": "/media/NFS/ttao/scannet/posed_images/scene0048_01/00069.jpg",
      "transform_matrix": [
        [
          0.004006,
          -0.337347,
          0.941372,
          2.702358
        ],
        [
          -0.996187,
          -0.083393,
          -0.025645,
          4.706485
        ],
        [
          0.087155,
          -0.937679,
          -0.336395,
          1.351085
        ],
        [
          0.0,
          0.0,
          0.0,
          1.0
        ]
      ]
    },
    {
      "file_path": "/media/NFS/ttao/scannet/posed_images/scene0048_01/00072.jpg",
      "transform_matrix": [
        [
          -0.008923,
          -0.354196,
          0.935128,
          2.701021
        ],
        [
          -0.99709,
          -0.06766,
          -0.035141,
          4.665496
        ],
        [
          0.075717,
          -0.93272,
          -0.352562,
          1.356753
        ],
        [
          0.0,
          0.0,
          0.0,
          1.0
        ]
      ]
    },
    {
      "file_path": "/media/NFS/ttao/scannet/posed_images/scene0048_01/00074.jpg",
      "transform_matrix": [
        [
          -0.031392,
          -0.358582,
          0.93297,
          2.698067
        ],
        [
          -0.997036,
          -0.054368,
          -0.054444,
          4.654194
        ],
        [
          0.070246,
          -0.931914,
          -0.355813,
          1.357315
        ],
        [
          0.0,
          0.0,
          0.0,
          1.0
        ]
      ]
    },
    {
      "file_path": "/media/NFS/ttao/scannet/posed_images/scene0048_01/00077.jpg",
      "transform_matrix": [
        [
          -0.067651,
          -0.364607,
          0.9287,
          2.694155
        ],
        [
          -0.995475,
          -0.037584,
          -0.087271,
          4.646839
        ],
        [
          0.066724,
          -0.930403,
          -0.360415,
          1.356421
        ],
        [
          0.0,
          0.0,
          0.0,
          1.0
        ]
      ]
    },
    {
      "file_path": "/media/NFS/ttao/scannet/posed_images/scene0048_01/00078.jpg",
      "transform_matrix": [
        [
          -0.077297,
          -0.366079,
          0.927368,
          2.689294
        ],
        [
          -0.994895,
          -0.0322,
          -0.095637,
          4.642382
        ],
        [
          0.064872,
          -0.930027,
          -0.361722,
          1.355191
        ],
        [
          0.0,
          0.0,
          0.0,
          1.0
        ]
      ]
    },
    {
      "file_path": "/media/NFS/ttao/scannet/posed_images/scene0048_01/00080.jpg",
      "transform_matrix": [
        [
          -0.075236,
          -0.36642,
          0.927403,
          2.682142
        ],
        [
          -0.995403,
          -0.027678,
          -0.091688,
          4.57601
        ],
        [
          0.059265,
          -0.930038,
          -0.362653,
          1.357708
        ],
        [
          0.0,
          0.0,
          0.0,
          1.0
        ]
      ]
    },
    {
      "file_path": "/media/NFS/ttao/scannet/posed_images/scene0048_01/00083.jpg",
      "transform_matrix": [
        [
          -0.116122,
          -0.373862,
          0.920186,
          2.678758
        ],
        [
          -0.991669,
          -0.00837,
          -0.128543,
          4.559155
        ],
        [
          0.05576,
          -0.927447,
          -0.369776,
          1.352566
        ],
        [
          0.0,
          0.0,
          0.0,
          1.0
        ]
      ]
    },
    {
      "file_path": "/media/NFS/ttao/scannet/posed_images/scene0048_01/00085.jpg",
      "transform_matrix": [
        [
          -0.142647,
          -0.37888,
          0.914386,
          2.671848
        ],
        [
          -0.988229,
          0.002928,
          -0.152954,
          4.554979
        ],
        [
          0.055274,
          -0.925441,
          -0.374838,
          1.349524
        ],
        [
          0.0,
          0.0,
          0.0,
          1.0
        ]
      ]
    },
    {
      "file_path": "/media/NFS/ttao/scannet/posed_images/scene0048_01/00086.jpg",
      "transform_matrix": [
        [
          -0.155389,
          -0.381288,
          0.911303,
          2.666769
        ],
        [
          -0.986293,
          0.008055,
          -0.164805,
          4.555139
        ],
        [
          0.055497,
          -0.924421,
          -0.377314,
          1.347268
        ],
        [
          0.0,
          0.0,
          0.0,
          1.0
        ]
      ]
    },
    {
      "file_path": "/media/NFS/ttao/scannet/posed_images/scene0048_01/00089.jpg",
      "transform_matrix": [
        [
          -0.191861,
          -0.388595,
          0.901212,
          2.667334
        ],
        [
          -0.980086,
          0.027967,
          -0.196594,
          4.538597
        ],
        [
          0.051191,
          -0.920984,
          -0.386222,
          1.348449
        ],
        [
          0.0,
          0.0,
          0.0,
          1.0
        ]
      ]
    },
    {
      "file_path": "/media/NFS/ttao/scannet/posed_images/scene0048_01/00091.jpg",
      "transform_matrix": [
        [
          -0.207834,
          -0.386631,
          0.89851,
          2.668387
        ],
        [
          -0.977252,
          0.042405,
          -0.207801,
          4.511011
        ],
        [
          0.042241,
          -0.921259,
          -0.386649,
          1.353144
        ],
        [
          0.0,
          0.0,
          0.0,
          1.0
        ]
      ]
    },
    {
      "file_path": "/media/NFS/ttao/scannet/posed_images/scene0048_01/00094.jpg",
      "transform_matrix": [
        [
          -0.234059,
          -0.374538,
          0.897183,
          2.660205
        ],
        [
          -0.97134,
          0.05078,
          -0.232207,
          4.495103
        ],
        [
          0.041412,
          -0.92582,
          -0.37569,
          1.355713
        ],
        [
          0.0,
          0.0,
          0.0,
          1.0
        ]
      ]
    },
    {
      "file_path": "/media/NFS/ttao/scannet/posed_images/scene0048_01/00095.jpg",
      "transform_matrix": [
        [
          -0.245271,
          -0.373123,
          0.894774,
          2.659406
        ],
        [
          -0.968516,
          0.053708,
          -0.243089,
          4.494723
        ],
        [
          0.042646,
          -0.926226,
          -0.374549,
          1.35695
        ],
        [
          0.0,
          0.0,
          0.0,
          1.0
        ]
      ]
    },
    {
      "file_path": "/media/NFS/ttao/scannet/posed_images/scene0048_01/00099.jpg",
      "transform_matrix": [
        [
          -0.291617,
          -0.356079,
          0.887788,
          2.650453
        ],
        [
          -0.955396,
          0.063147,
          -0.288497,
          4.49098
        ],
        [
          0.046666,
          -0.93232,
          -0.358611,
          1.363481
        ],
        [
          0.0,
          0.0,
          0.0,
          1.0
        ]
      ]
    },
    {
      "file_path": "/media/NFS/ttao/scannet/posed_images/scene0048_01/00100.jpg",
      "transform_matrix": [
        [
          -0.297565,
          -0.352932,
          0.88707,
          2.647414
        ],
        [
          -0.953691,
          0.067142,
          -0.293199,
          4.466593
        ],
        [
          0.04392,
          -0.933237,
          -0.356567,
          1.36397
        ],
        [
          0.0,
          0.0,
          0.0,
          1.0
        ]
      ]
    },
    {
      "file_path": "/media/NFS/ttao/scannet/posed_images/scene0048_01/00103.jpg",
      "transform_matrix": [
        [
          -0.339583,
          -0.346448,
          0.874447,
          2.641109
        ],
        [
          -0.939583,
          0.082238,
          -0.332296,
          4.459177
        ],
        [
          0.04321,
          -0.934458,
          -0.353443,
          1.36221
        ],
        [
          0.0,
          0.0,
          0.0,
          1.0
        ]
      ]
    },
    {
      "file_path": "/media/NFS/ttao/scannet/posed_images/scene0048_01/00105.jpg",
      "transform_matrix": [
        [
          -0.373585,
          -0.342554,
          0.862027,
          2.641666
        ],
        [
          -0.926953,
          0.10327,
          -0.360685,
          4.461225
        ],
        [
          0.034532,
          -0.933805,
          -0.356112,
          1.361791
        ],
        [
          0.0,
          0.0,
          0.0,
          1.0
        ]
      ]
    },
    {
      "file_path": "/media/NFS/ttao/scannet/posed_images/scene0048_01/00108.jpg",
      "transform_matrix": [
        [
          -0.425898,
          -0.340716,
          0.838167,
          2.642762
        ],
        [
          -0.904378,
          0.132991,
          -0.40548,
          4.465092
        ],
        [
          0.026685,
          -0.930713,
          -0.364776,
          1.353248
        ],
        [
          0.0,
          0.0,
          0.0,
          1.0
        ]
      ]
    },
    {
      "file_path": "/media/NFS/ttao/scannet/posed_images/scene0048_01/00110.jpg",
      "transform_matrix": [
        [
          -0.446341,
          -0.342727,
          0.82663,
          2.638983
        ],
        [
          -0.894669,
          0.151679,
          -0.420192,
          4.45037
        ],
        [
          0.018629,
          -0.927109,
          -0.374328,
          1.352374
        ],
        [
          0.0,
          0.0,
          0.0,
          1.0
        ]
      ]
    },
    {
      "file_path": "/media/NFS/ttao/scannet/posed_images/scene0048_01/00111.jpg",
      "transform_matrix": [
        [
          -0.454773,
          -0.342807,
          0.821988,
          2.637959
        ],
        [
          -0.89047,
          0.158808,
          -0.426431,
          4.447526
        ],
        [
          0.015645,
          -0.925885,
          -0.377481,
          1.353433
        ],
        [
          0.0,
          0.0,
          0.0,
          1.0
        ]
      ]
    },
    {
      "file_path": "/media/NFS/ttao/scannet/posed_images/scene0048_01/00114.jpg",
      "transform_matrix": [
        [
          -0.48281,
          -0.342881,
          0.805808,
          2.642041
        ],
        [
          -0.875628,
          0.175313,
          -0.450046,
          4.455597
        ],
        [
          0.013044,
          -0.922875,
          -0.384879,
          1.343417
        ],
        [
          0.0,
          0.0,
          0.0,
          1.0
        ]
      ]
    },
    {
      "file_path": "/media/NFS/ttao/scannet/posed_images/scene0048_01/00117.jpg",
      "transform_matrix": [
        [
          -0.510746,
          -0.347701,
          0.786284,
          2.645254
        ],
        [
          -0.85952,
          0.186252,
          -0.475956,
          4.464757
        ],
        [
          0.019043,
          -0.91892,
          -0.393983,
          1.335417
        ],
        [
          0.0,
          0.0,
          0.0,
          1.0
        ]
      ]
    },
    {
      "file_path": "/media/NFS/ttao/scannet/posed_images/scene0048_01/00118.jpg",
      "transform_matrix": [
        [
          -0.519802,
          -0.347313,
          0.7805,
          2.643899
        ],
        [
          -0.854036,
          0.189112,
          -0.484623,
          4.469355
        ],
        [
          0.020714,
          -0.918483,
          -0.394918,
          1.329593
        ],
        [
          0.0,
          0.0,
          0.0,
          1.0
        ]
      ]
    },
    {
      "file_path": "/media/NFS/ttao/scannet/posed_images/scene0048_01/00120.jpg",
      "transform_matrix": [
        [
          -0.531555,
          -0.354362,
          0.769335,
          2.640106
        ],
        [
          -0.846728,
          0.198317,
          -0.493682,
          4.470759
        ],
        [
          0.022369,
          -0.913837,
          -0.405464,
          1.316489
        ],
        [
          0.0,
          0.0,
          0.0,
          1.0
        ]
      ]
    },
    {
      "file_path": "/media/NFS/ttao/scannet/posed_images/scene0048_01/00123.jpg",
      "transform_matrix": [
        [
          -0.548499,
          -0.370175,
          0.749746,
          2.643004
        ],
        [
          -0.835977,
          0.224503,
          -0.50074,
          4.479157
        ],
        [
          0.017041,
          -0.901426,
          -0.432598,
          1.301022
        ],
        [
          0.0,
          0.0,
          0.0,
          1.0
        ]
      ]
    },
    {
      "file_path": "/media/NFS/ttao/scannet/posed_images/scene0048_01/00126.jpg",
      "transform_matrix": [
        [
          -0.565257,
          -0.387346,
          0.728318,
          2.648949
        ],
        [
          -0.824509,
          0.237609,
          -0.513543,
          4.486989
        ],
        [
          0.025864,
          -0.890789,
          -0.453681,
          1.296198
        ],
        [
          0.0,
          0.0,
          0.0,
          1.0
        ]
      ]
    },
    {
      "file_path": "/media/NFS/ttao/scannet/posed_images/scene0048_01/00128.jpg",
      "transform_matrix": [
        [
          -0.580747,
          -0.391581,
          0.71372,
          2.654959
        ],
        [
          -0.813408,
          0.243398,
          -0.528323,
          4.501917
        ],
        [
          0.033163,
          -0.887368,
          -0.459868,
          1.293909
        ],
        [
          0.0,
          0.0,
          0.0,
          1.0
        ]
      ]
    },
    {
      "file_path": "/media/NFS/ttao/scannet/posed_images/scene0048_01/00130.jpg",
      "transform_matrix": [
        [
          -0.591209,
          -0.391138,
          0.705325,
          2.654626
        ],
        [
          -0.805635,
          0.245478,
          -0.53916,
          4.502797
        ],
        [
          0.037745,
          -0.88699,
          -0.460243,
          1.292736
        ],
        [
          0.0,
          0.0,
          0.0,
          1.0
        ]
      ]
    },
    {
      "file_path": "/media/NFS/ttao/scannet/posed_images/scene0048_01/00131.jpg",
      "transform_matrix": [
        [
          -0.593786,
          -0.390122,
          0.703721,
          2.652688
        ],
        [
          -0.803749,
          0.246834,
          -0.541351,
          4.501957
        ],
        [
          0.037491,
          -0.887062,
          -0.460126,
          1.295691
        ],
        [
          0.0,
          0.0,
          0.0,
          1.0
        ]
      ]
    },
    {
      "file_path": "/media/NFS/ttao/scannet/posed_images/scene0048_01/00135.jpg",
      "transform_matrix": [
        [
          -0.609273,
          -0.370141,
          0.701271,
          2.654565
        ],
        [
          -0.792022,
          0.241059,
          -0.560885,
          4.515593
        ],
        [
          0.038559,
          -0.897155,
          -0.440031,
          1.305466
        ],
        [
          0.0,
          0.0,
          0.0,
          1.0
        ]
      ]
    },
    {
      "file_path": "/media/NFS/ttao/scannet/posed_images/scene0048_01/00137.jpg",
      "transform_matrix": [
        [
          -0.619995,
          -0.359381,
          0.697461,
          2.661128
        ],
        [
          -0.783678,
          0.240414,
          -0.572757,
          4.522514
        ],
        [
          0.038159,
          -0.901691,
          -0.430694,
          1.309097
        ],
        [
          0.0,
          0.0,
          0.0,
          1.0
        ]
      ]
    },
    {
      "file_path": "/media/NFS/ttao/scannet/posed_images/scene0048_01/00139.jpg",
      "transform_matrix": [
        [
          -0.629685,
          -0.348217,
          0.694436,
          2.662392
        ],
        [
          -0.776077,
          0.242112,
          -0.582311,
          4.524108
        ],
        [
          0.034639,
          -0.905609,
          -0.422698,
          1.314138
        ],
        [
          0.0,
          0.0,
          0.0,
          1.0
        ]
      ]
    },
    {
      "file_path": "/media/NFS/ttao/scannet/posed_images/scene0048_01/00141.jpg",
      "transform_matrix": [
        [
          -0.644031,
          -0.338862,
          0.685854,
          2.669564
        ],
        [
          -0.764185,
          0.243615,
          -0.597222,
          4.529029
        ],
        [
          0.035291,
          -0.908749,
          -0.415849,
          1.316891
        ],
        [
          0.0,
          0.0,
          0.0,
          1.0
        ]
      ]
    },
    {
      "file_path": "/media/NFS/ttao/scannet/posed_images/scene0048_01/00142.jpg",
      "transform_matrix": [
        [
          -0.654677,
          -0.334249,
          0.677994,
          2.675038
        ],
        [
          -0.755059,
          0.24665,
          -0.607495,
          4.536428
        ],
        [
          0.035828,
          -0.909638,
          -0.413853,
          1.31917
        ],
        [
          0.0,
          0.0,
          0.0,
          1.0
        ]
      ]
    },
    {
      "file_path": "/media/NFS/ttao/scannet/posed_images/scene0048_01/00145.jpg",
      "transform_matrix": [
        [
          -0.689281,
          -0.309039,
          0.655276,
          2.689896
        ],
        [
          -0.723636,
          0.249665,
          -0.643443,
          4.545663
        ],
        [
          0.03525,
          -0.917694,
          -0.395721,
          1.323652
        ],
        [
          0.0,
          0.0,
          0.0,
          1.0
        ]
      ]
    },
    {
      "file_path": "/media/NFS/ttao/scannet/posed_images/scene0048_01/00148.jpg",
      "transform_matrix": [
        [
          -0.731343,
          -0.298203,
          0.613361,
          2.706133
        ],
        [
          -0.680838,
          0.266548,
          -0.682211,
          4.552281
        ],
        [
          0.039947,
          -0.91653,
          -0.397966,
          1.31348
        ],
        [
          0.0,
          0.0,
          0.0,
          1.0
        ]
      ]
    },
    {
      "file_path": "/media/NFS/ttao/scannet/posed_images/scene0048_01/00149.jpg",
      "transform_matrix": [
        [
          -0.745307,
          -0.297434,
          0.596699,
          2.718155
        ],
        [
          -0.665363,
          0.274732,
          -0.694128,
          4.555245
        ],
        [
          0.042525,
          -0.914361,
          -0.402662,
          1.318336
        ],
        [
          0.0,
          0.0,
          0.0,
          1.0
        ]
      ]
    },
    {
      "file_path": "/media/NFS/ttao/scannet/posed_images/scene0048_01/00151.jpg",
      "transform_matrix": [
        [
          -0.757661,
          -0.285435,
          0.586921,
          2.699257
        ],
        [
          -0.651459,
          0.276497,
          -0.706506,
          4.52122
        ],
        [
          0.03938,
          -0.917647,
          -0.39544,
          1.323977
        ],
        [
          0.0,
          0.0,
          0.0,
          1.0
        ]
      ]
    },
    {
      "file_path": "/media/NFS/ttao/scannet/posed_images/scene0048_01/00153.jpg",
      "transform_matrix": [
        [
          -0.773695,
          -0.269873,
          0.573205,
          2.705253
        ],
        [
          -0.632405,
          0.274404,
          -0.724408,
          4.51537
        ],
        [
          0.038209,
          -0.922969,
          -0.382974,
          1.324281
        ],
        [
          0.0,
          0.0,
          0.0,
          1.0
        ]
      ]
    },
    {
      "file_path": "/media/NFS/ttao/scannet/posed_images/scene0048_01/00157.jpg",
      "transform_matrix": [
        [
          -0.805274,
          -0.256972,
          0.534321,
          2.725798
        ],
        [
          -0.591027,
          0.276283,
          -0.757862,
          4.504721
        ],
        [
          0.047125,
          -0.926085,
          -0.374361,
          1.327019
        ],
        [
          0.0,
          0.0,
          0.0,
          1.0
        ]
      ]
    },
    {
      "file_path": "/media/NFS/ttao/scannet/posed_images/scene0048_01/00159.jpg",
      "transform_matrix": [
        [
          -0.820819,
          -0.239931,
          0.518352,
          2.735645
        ],
        [
          -0.569754,
          0.279662,
          -0.772768,
          4.499795
        ],
        [
          0.040447,
          -0.929636,
          -0.366253,
          1.323709
        ],
        [
          0.0,
          0.0,
          0.0,
          1.0
        ]
      ]
    },
    {
      "file_path": "/media/NFS/ttao/scannet/posed_images/scene0048_01/00161.jpg",
      "transform_matrix": [
        [
          -0.828037,
          -0.237887,
          0.507704,
          2.729337
        ],
        [
          -0.558987,
          0.280097,
          -0.780436,
          4.474943
        ],
        [
          0.043449,
          -0.93003,
          -0.364907,
          1.338574
        ],
        [
          0.0,
          0.0,
          0.0,
          1.0
        ]
      ]
    },
    {
      "file_path": "/media/NFS/ttao/scannet/posed_images/scene0048_01/00162.jpg",
      "transform_matrix": [
        [
          -0.833388,
          -0.234694,
          0.500383,
          2.733336
        ],
        [
          -0.550784,
          0.277577,
          -0.787139,
          4.473265
        ],
        [
          0.045842,
          -0.931595,
          -0.360595,
          1.33638
        ],
        [
          0.0,
          0.0,
          0.0,
          1.0
        ]
      ]
    },
    {
      "file_path": "/media/NFS/ttao/scannet/posed_images/scene0048_01/00166.jpg",
      "transform_matrix": [
        [
          -0.853551,
          -0.224813,
          0.47001,
          2.74771
        ],
        [
          -0.518754,
          0.282879,
          -0.806767,
          4.455457
        ],
        [
          0.048416,
          -0.932437,
          -0.358075,
          1.338966
        ],
        [
          0.0,
          0.0,
          0.0,
          1.0
        ]
      ]
    },
    {
      "file_path": "/media/NFS/ttao/scannet/posed_images/scene0048_01/00167.jpg",
      "transform_matrix": [
        [
          -0.860309,
          -0.218156,
          0.460735,
          2.747099
        ],
        [
          -0.507471,
          0.28071,
          -0.814662,
          4.449841
        ],
        [
          0.04839,
          -0.934671,
          -0.352205,
          1.337814
        ],
        [
          0.0,
          0.0,
          0.0,
          1.0
        ]
      ]
    },
    {
      "file_path": "/media/NFS/ttao/scannet/posed_images/scene0048_01/00169.jpg",
      "transform_matrix": [
        [
          -0.876655,
          -0.21244,
          0.431678,
          2.755786
        ],
        [
          -0.477878,
          0.280497,
          -0.832439,
          4.447027
        ],
        [
          0.055759,
          -0.936051,
          -0.347419,
          1.335064
        ],
        [
          0.0,
          0.0,
          0.0,
          1.0
        ]
      ]
    },
    {
      "file_path": "/media/NFS/ttao/scannet/posed_images/scene0048_01/00172.jpg",
      "transform_matrix": [
        [
          -0.901663,
          -0.218797,
          0.373004,
          2.781798
        ],
        [
          -0.425522,
          0.295244,
          -0.855431,
          4.441535
        ],
        [
          0.077038,
          -0.930032,
