{
  "frames": [
    {
      "file_path": "/media/NFS/ttao/scannet/posed_images/scene0274_01/00002.jpg",
      "transform_matrix": [
        [
          -0.253642,
          0.27263,
          -0.928084,
          2.463745
        ],
        [
          0.966067,
          0.023009,
          -0.257263,
          2.15562
        ],
        [
          -0.048784,
          -0.961844,
          -0.269215,
          1.357574
        ],
        [
          0.0,
          0.0,
          0.0,
          1.0
        ]
      ]
    },
    {
      "file_path": "/media/NFS/ttao/scannet/posed_images/scene0274_01/00008.jpg",
      "transform_matrix": [
        [
          -0.249478,
          0.285554,
          -0.925321,
          2.454913
        ],
        [
          0.966685,
          0.016924,
          -0.255408,
          2.165488
        ],
        [
          -0.057273,
          -0.958213,
          -0.280263,
          1.350704
        ],
        [
          0.0,
          0.0,
          0.0,
          1.0
        ]
      ]
    },
    {
      "file_path": "/media/NFS/ttao/scannet/posed_images/scene0274_01/00011.jpg",
      "transform_matrix": [
        [
          -0.242675,
          0.277779,
          -0.929488,
          2.458552
        ],
        [
          0.968634,
          0.016592,
          -0.247937,
          2.151925
        ],
        [
          -0.05345,
          -0.960502,
          -0.273093,
          1.335929
        ],
        [
          0.0,
          0.0,
          0.0,
          1.0
        ]
      ]
    },
    {
      "file_path": "/media/NFS/ttao/scannet/posed_images/scene0274_01/00016.jpg",
      "transform_matrix": [
        [
          -0.250851,
          0.305696,
          -0.91849,
          2.444736
        ],
        [
          0.966652,
          0.028576,
          -0.254494,
          2.171334
        ],
        [
          -0.051551,
          -0.9517,
          -0.30267,
          1.319996
        ],
        [
          0.0,
          0.0,
          0.0,
          1.0
        ]
      ]
    },
    {
      "file_path": "/media/NFS/ttao/scannet/posed_images/scene0274_01/00023.jpg",
      "transform_matrix": [
        [
          -0.281837,
          0.341215,
          -0.896739,
          2.410729
        ],
        [
          0.957392,
          0.038649,
          -0.286193,
          2.211189
        ],
        [
          -0.062996,
          -0.93919,
          -0.33757,
          1.285256
        ],
        [
          0.0,
          0.0,
          0.0,
          1.0
        ]
      ]
    },
    {
      "file_path": "/media/NFS/ttao/scannet/posed_images/scene0274_01/00027.jpg",
      "transform_matrix": [
        [
          -0.292882,
          0.341988,
          -0.892896,
          2.386892
        ],
        [
          0.954149,
          0.044173,
          -0.296055,
          2.241109
        ],
        [
          -0.061805,
          -0.938665,
          -0.339245,
          1.272109
        ],
        [
          0.0,
          0.0,
          0.0,
          1.0
        ]
      ]
    },
    {
      "file_path": "/media/NFS/ttao/scannet/posed_images/scene0274_01/00030.jpg",
      "transform_matrix": [
        [
          -0.330943,
          0.336492,
          -0.881618,
          2.355256
        ],
        [
          0.942586,
          0.073504,
          -0.325775,
          2.281294
        ],
        [
          -0.044818,
          -0.938813,
          -0.341498,
          1.269382
        ],
        [
          0.0,
          0.0,
          0.0,
          1.0
        ]
      ]
    },
    {
      "file_path": "/media/NFS/ttao/scannet/posed_images/scene0274_01/00039.jpg",
      "transform_matrix": [
        [
          -0.396504,
          0.378049,
          -0.836578,
          2.286725
        ],
        [
          0.917637,
          0.136457,
          -0.373258,
          2.364281
        ],
        [
          -0.026953,
          -0.915673,
          -0.401018,
          1.260985
        ],
        [
          0.0,
          0.0,
          0.0,
          1.0
        ]
      ]
    },
    {
      "file_path": "/media/NFS/ttao/scannet/posed_images/scene0274_01/00044.jpg",
      "transform_matrix": [
        [
          -0.434578,
          0.3559,
          -0.827331,
          2.251824
        ],
        [
          0.900348,
          0.148537,
          -0.409035,
          2.439586
        ],
        [
          -0.022686,
          -0.922644,
          -0.384985,
          1.275286
        ],
        [
          0.0,
          0.0,
          0.0,
          1.0
        ]
      ]
    },
    {
      "file_path": "/media/NFS/ttao/scannet/posed_images/scene0274_01/00048.jpg",
      "transform_matrix": [
        [
          -0.465668,
          0.332493,
          -0.820123,
          2.232053
        ],
        [
          0.884685,
          0.151812,
          -0.440779,
          2.498297
        ],
        [
          -0.022051,
          -0.930807,
          -0.364845,
          1.281805
        ],
        [
          0.0,
          0.0,
          0.0,
          1.0
        ]
      ]
    },
    {
      "file_path": "/media/NFS/ttao/scannet/posed_images/scene0274_01/00052.jpg",
      "transform_matrix": [
        [
          -0.494113,
          0.318666,
          -0.808891,
          2.205625
        ],
        [
          0.869356,
          0.171991,
          -0.463291,
          2.560073
        ],
        [
          -0.008513,
          -0.932132,
          -0.362017,
          1.278689
        ],
        [
          0.0,
          0.0,
          0.0,
          1.0
        ]
      ]
    },
    {
      "file_path": "/media/NFS/ttao/scannet/posed_images/scene0274_01/00059.jpg",
      "transform_matrix": [
        [
          -0.5081,
          0.320065,
          -0.79962,
          2.172115
        ],
        [
          0.861297,
          0.190388,
          -0.471084,
          2.601821
        ],
        [
          0.00146,
          -0.928068,
          -0.372407,
          1.278689
        ],
        [
          0.0,
          0.0,
          0.0,
          1.0
        ]
      ]
    },
    {
      "file_path": "/media/NFS/ttao/scannet/posed_images/scene0274_01/00061.jpg",
      "transform_matrix": [
        [
          -0.509322,
          0.323897,
          -0.797297,
          2.16497
        ],
        [
          0.860576,
          0.192532,
          -0.47153,
          2.603752
        ],
        [
          0.000778,
          -0.926295,
          -0.376799,
          1.28296
        ],
        [
          0.0,
          0.0,
          0.0,
          1.0
        ]
      ]
    },
    {
      "file_path": "/media/NFS/ttao/scannet/posed_images/scene0274_01/00067.jpg",
      "transform_matrix": [
        [
          -0.487868,
          0.334352,
          -0.806345,
          2.152114
        ],
        [
          0.872804,
          0.171954,
          -0.456777,
          2.607998
        ],
        [
          -0.01407,
          -0.926629,
          -0.375715,
          1.283417
        ],
        [
          0.0,
          0.0,
          0.0,
          1.0
        ]
      ]
    },
    {
      "file_path": "/media/NFS/ttao/scannet/posed_images/scene0274_01/00074.jpg",
      "transform_matrix": [
        [
          -0.385891,
          0.325673,
          -0.863149,
          2.155494
        ],
        [
          0.922052,
          0.166734,
          -0.349315,
          2.569978
        ],
        [
          0.030153,
          -0.930665,
          -0.364628,
          1.293105
        ],
        [
          0.0,
          0.0,
          0.0,
          1.0
        ]
      ]
    },
    {
      "file_path": "/media/NFS/ttao/scannet/posed_images/scene0274_01/00081.jpg",
      "transform_matrix": [
        [
          -0.295289,
          0.324737,
          -0.898527,
          2.19325
        ],
        [
          0.954816,
          0.133394,
          -0.265578,
          2.481963
        ],
        [
          0.033615,
          -0.93635,
          -0.349454,
          1.323892
        ],
        [
          0.0,
          0.0,
          0.0,
          1.0
        ]
      ]
    },
    {
      "file_path": "/media/NFS/ttao/scannet/posed_images/scene0274_01/00083.jpg",
      "transform_matrix": [
        [
          -0.276814,
          0.316106,
          -0.907442,
          2.216292
        ],
        [
          0.960408,
          0.121944,
          -0.250492,
          2.442104
        ],
        [
          0.031475,
          -0.940854,
          -0.337346,
          1.324363
        ],
        [
          0.0,
          0.0,
          0.0,
          1.0
        ]
      ]
    },
    {
      "file_path": "/media/NFS/ttao/scannet/posed_images/scene0274_01/00088.jpg",
      "transform_matrix": [
        [
          -0.248051,
          0.29496,
          -0.922751,
          2.273047
        ],
        [
          0.968392,
          0.10129,
          -0.227942,
          2.342152
        ],
        [
          0.026232,
          -0.950126,
          -0.310762,
          1.326236
        ],
        [
          0.0,
          0.0,
          0.0,
          1.0
        ]
      ]
    },
    {
      "file_path": "/media/NFS/ttao/scannet/posed_images/scene0274_01/00097.jpg",
      "transform_matrix": [
        [
          -0.246558,
          0.320708,
          -0.914525,
          2.330222
        ],
        [
          0.968081,
          0.125368,
          -0.217033,
          2.193063
        ],
        [
          0.045048,
          -0.938844,
          -0.341382,
          1.315355
        ],
        [
          0.0,
          0.0,
          0.0,
          1.0
        ]
      ]
    },
    {
      "file_path": "/media/NFS/ttao/scannet/posed_images/scene0274_01/00100.jpg",
      "transform_matrix": [
        [
          -0.251845,
          0.325601,
          -0.91135,
          2.331451
        ],
        [
          0.967178,
          0.117549,
          -0.225276,
          2.144997
        ],
        [
          0.033779,
          -0.938172,
          -0.344518,
          1.31861
        ],
        [
          0.0,
          0.0,
          0.0,
          1.0
        ]
      ]
    },
    {
      "file_path": "/media/NFS/ttao/scannet/posed_images/scene0274_01/00103.jpg",
      "transform_matrix": [
        [
          -0.278377,
          0.303754,
          -0.911175,
          2.334878
        ],
        [
          0.959994,
          0.11793,
          -0.253979,
          2.114547
        ],
        [
          0.030308,
          -0.945424,
          -0.324431,
          1.307701
        ],
        [
          0.0,
          0.0,
          0.0,
          1.0
        ]
      ]
    },
    {
      "file_path": "/media/NFS/ttao/scannet/posed_images/scene0274_01/00111.jpg",
      "transform_matrix": [
        [
          -0.291824,
          0.319976,
          -0.901363,
          2.29429
        ],
        [
          0.955614,
          0.057626,
          -0.288931,
          2.003728
        ],
        [
          -0.040509,
          -0.945672,
          -0.32259,
          1.30364
        ],
        [
          0.0,
          0.0,
          0.0,
          1.0
        ]
      ]
    },
    {
      "file_path": "/media/NFS/ttao/scannet/posed_images/scene0274_01/00117.jpg",
      "transform_matrix": [
        [
          -0.259797,
          0.306252,
          -0.915814,
          2.26322
        ],
        [
          0.964625,
          0.038335,
          -0.260824,
          1.908189
        ],
        [
          -0.04477,
          -0.951178,
          -0.305378,
          1.31542
        ],
        [
          0.0,
          0.0,
          0.0,
          1.0
        ]
      ]
    },
    {
      "file_path": "/media/NFS/ttao/scannet/posed_images/scene0274_01/00119.jpg",
      "transform_matrix": [
        [
          -0.260159,
          0.302255,
          -0.917038,
          2.261208
        ],
        [
          0.964967,
          0.047955,
          -0.257951,
          1.868939
        ],
        [
          -0.03399,
          -0.95202,
          -0.304142,
          1.322084
        ],
        [
          0.0,
          0.0,
          0.0,
          1.0
        ]
      ]
    },
    {
      "file_path": "/media/NFS/ttao/scannet/posed_images/scene0274_01/00128.jpg",
      "transform_matrix": [
        [
          -0.185716,
          0.290508,
          -0.938677,
          2.274212
        ],
        [
          0.982525,
          0.066983,
          -0.173661,
          1.686521
        ],
        [
          0.012425,
          -0.954525,
          -0.297872,
          1.31965
        ],
        [
          0.0,
          0.0,
          0.0,
          1.0
        ]
      ]
    },
    {
      "file_path": "/media/NFS/ttao/scannet/posed_images/scene0274_01/00133.jpg",
      "transform_matrix": [
        [
          -0.141942,
          0.304193,
          -0.941976,
          2.292928
        ],
        [
          0.989761,
          0.058063,
          -0.130392,
          1.580346
        ],
        [
          0.015029,
          -0.950839,
          -0.30932,
          1.321047
        ],
        [
          0.0,
          0.0,
          0.0,
          1.0
        ]
      ]
    },
    {
      "file_path": "/media/NFS/ttao/scannet/posed_images/scene0274_01/00135.jpg",
      "transform_matrix": [
        [
          -0.128592,
          0.306109,
          -0.943272,
          2.296507
        ],
        [
          0.991398,
          0.063064,
          -0.114687,
          1.544099
        ],
        [
          0.024379,
          -0.949905,
          -0.311585,
          1.322099
        ],
        [
          0.0,
          0.0,
          0.0,
          1.0
        ]
      ]
    },
    {
      "file_path": "/media/NFS/ttao/scannet/posed_images/scene0274_01/00142.jpg",
      "transform_matrix": [
        [
          -0.061598,
          0.305822,
          -0.950094,
          2.287036
        ],
        [
          0.997548,
          0.050561,
          -0.0484,
          1.431813
        ],
        [
          0.033236,
          -0.950745,
          -0.308186,
          1.322502
        ],
        [
          0.0,
          0.0,
          0.0,
          1.0
        ]
      ]
    },
    {
      "file_path": "/media/NFS/ttao/scannet/posed_images/scene0274_01/00145.jpg",
      "transform_matrix": [
        [
          -0.037407,
          0.298918,
          -0.953545,
          2.273209
        ],
        [
          0.998604,
          0.046793,
          -0.024506,
          1.389954
        ],
        [
          0.037294,
          -0.953131,
          -0.300251,
          1.316779
        ],
        [
          0.0,
          0.0,
          0.0,
          1.0
        ]
      ]
    },
    {
      "file_path": "/media/NFS/ttao/scannet/posed_images/scene0274_01/00150.jpg",
      "transform_matrix": [
        [
          0.005143,
          0.265017,
          -0.96423,
          2.247804
        ],
        [
          0.999682,
          0.022449,
          0.011503,
          1.302072
        ],
        [
          0.024694,
          -0.963982,
          -0.264817,
          1.301767
        ],
        [
          0.0,
          0.0,
          0.0,
          1.0
        ]
      ]
    },
    {
      "file_path": "/media/NFS/ttao/scannet/posed_images/scene0274_01/00158.jpg",
      "transform_matrix": [
        [
          0.047472,
          0.254069,
          -0.96602,
          2.191488
        ],
        [
          0.998833,
          -0.020635,
          0.043657,
          1.150623
        ],
        [
          -0.008842,
          -0.966966,
          -0.254752,
          1.324291
        ],
        [
          0.0,
          0.0,
          0.0,
          1.0
        ]
      ]
    },
    {
      "file_path": "/media/NFS/ttao/scannet/posed_images/scene0274_01/00164.jpg",
      "transform_matrix": [
        [
          0.131509,
          0.227027,
          -0.964968,
          2.152291
        ],
        [
          0.991206,
          -0.044523,
          0.12461,
          1.043128
        ],
        [
          -0.014673,
          -0.97287,
          -0.230886,
          1.33807
        ],
        [
          0.0,
          0.0,
          0.0,
          1.0
        ]
      ]
    },
    {
      "file_path": "/media/NFS/ttao/scannet/posed_images/scene0274_01/00167.jpg",
      "transform_matrix": [
        [
          0.177682,
          0.220412,
          -0.959087,
          2.131037
        ],
        [
          0.984,
          -0.052783,
          0.170168,
          0.986163
        ],
        [
          -0.013117,
          -0.973978,
          -0.226264,
          1.337651
        ],
        [
          0.0,
          0.0,
          0.0,
          1.0
        ]
      ]
    },
    {
      "file_path": "/media/NFS/ttao/scannet/posed_images/scene0274_01/00170.jpg",
      "transform_matrix": [
        [
          0.222007,
          0.226206,
          -0.948443,
          2.106128
        ],
        [
          0.974959,
          -0.064428,
          0.212847,
          0.921844
        ],
        [
          -0.012959,
          -0.971946,
          -0.234846,
          1.334196
        ],
        [
          0.0,
          0.0,
          0.0,
          1.0
        ]
      ]
    },
    {
      "file_path": "/media/NFS/ttao/scannet/posed_images/scene0274_01/00178.jpg",
      "transform_matrix": [
        [
          0.289509,
          0.269105,
          -0.918568,
          2.054548
        ],
        [
          0.957069,
          -0.095655,
          0.273621,
          0.794428
        ],
        [
          -0.014233,
          -0.958349,
          -0.285245,
          1.335231
        ],
        [
          0.0,
          0.0,
          0.0,
          1.0
        ]
      ]
    },
    {
      "file_path": "/media/NFS/ttao/scannet/posed_images/scene0274_01/00181.jpg",
      "transform_matrix": [
        [
          0.324918,
          0.283943,
          -0.902111,
          2.038222
        ],
        [
          0.945721,
          -0.103895,
          0.307924,
          0.77195
        ],
        [
          -0.006292,
          -0.953196,
          -0.302288,
          1.3365
        ],
        [
          0.0,
          0.0,
          0.0,
          1.0
        ]
      ]
    },
    {
      "file_path": "/media/NFS/ttao/scannet/posed_images/scene0274_01/00189.jpg",
      "transform_matrix": [
        [
          0.374112,
          0.366664,
          -0.85182,
          2.007997
        ],
        [
          0.927363,
          -0.153975,
          0.341012,
          0.752016
        ],
        [
          -0.006122,
          -0.917524,
          -0.397634,
          1.286784
        ],
        [
          0.0,
          0.0,
          0.0,
          1.0
        ]
      ]
    },
    {
      "file_path": "/media/NFS/ttao/scannet/posed_images/scene0274_01/00196.jpg",
      "transform_matrix": [
        [
          0.392721,
          0.435234,
          -0.810149,
          1.985479
        ],
        [
          0.919368,
          -0.163678,
          0.357733,
          0.751633
        ],
        [
          0.023094,
          -0.885314,
          -0.464419,
          1.25604
        ],
        [
          0.0,
          0.0,
          0.0,
          1.0
        ]
      ]
    },
    {
      "file_path": "/media/NFS/ttao/scannet/posed_images/scene0274_01/00200.jpg",
      "transform_matrix": [
        [
          0.404992,
          0.455793,
          -0.792612,
          1.971298
        ],
        [
          0.913808,
          -0.172752,
          0.367577,
          0.748185
        ],
        [
          0.030614,
          -0.87316,
          -0.48647,
          1.243317
        ],
        [
          0.0,
          0.0,
          0.0,
          1.0
        ]
      ]
    },
    {
      "file_path": "/media/NFS/ttao/scannet/posed_images/scene0274_01/00203.jpg",
      "transform_matrix": [
        [
          0.393152,
          0.459552,
          -0.796394,
          1.97042
        ],
        [
          0.919049,
          -0.170094,
          0.355551,
          0.748857
        ],
        [
          0.027932,
          -0.871711,
          -0.489224,
          1.246639
        ],
        [
          0.0,
          0.0,
          0.0,
          1.0
        ]
      ]
    },
    {
      "file_path": "/media/NFS/ttao/scannet/posed_images/scene0274_01/00208.jpg",
      "transform_matrix": [
        [
          0.397356,
          0.442821,
          -0.803752,
          1.988596
        ],
        [
          0.917664,
          -0.191401,
          0.348221,
          0.776971
        ],
        [
          0.000361,
          -0.875942,
          -0.482416,
          1.266198
        ],
        [
          0.0,
          0.0,
          0.0,
          1.0
        ]
      ]
    },
    {
      "file_path": "/media/NFS/ttao/scannet/posed_images/scene0274_01/00216.jpg",
      "transform_matrix": [
        [
          0.410403,
          0.388385,
          -0.825061,
          2.061104
        ],
        [
          0.911721,
          -0.192883,
          0.362713,
          0.86204
        ],
        [
          -0.018268,
          -0.901084,
          -0.433259,
          1.297305
        ],
        [
          0.0,
          0.0,
          0.0,
          1.0
        ]
      ]
    },
    {
      "file_path": "/media/NFS/ttao/scannet/posed_images/scene0274_01/00222.jpg",
      "transform_matrix": [
        [
          0.350767,
          0.363476,
          -0.863046,
          2.13587
        ],
        [
          0.936365,
          -0.14945,
          0.317624,
          0.935317
        ],
        [
          -0.013534,
          -0.919538,
          -0.392768,
          1.309608
        ],
        [
          0.0,
          0.0,
          0.0,
          1.0
        ]
      ]
    },
    {
      "file_path": "/media/NFS/ttao/scannet/posed_images/scene0274_01/00224.jpg",
      "transform_matrix": [
        [
          0.332685,
          0.358682,
          -0.872163,
          2.157752
        ],
        [
          0.943015,
          -0.132965,
          0.305029,
          0.959244
        ],
        [
          -0.006559,
          -0.923941,
          -0.382478,
          1.318299
        ],
        [
          0.0,
          0.0,
          0.0,
          1.0
        ]
      ]
    },
    {
      "file_path": "/media/NFS/ttao/scannet/posed_images/scene0274_01/00228.jpg",
      "transform_matrix": [
        [
          0.29839,
          0.326479,
          -0.896869,
          2.199514
        ],
        [
          0.954217,
          -0.122526,
          0.272868,
          1.007515
        ],
        [
          -0.020804,
          -0.937229,
          -0.348093,
          1.338122
        ],
        [
          0.0,
          0.0,
          0.0,
          1.0
        ]
      ]
    },
    {
      "file_path": "/media/NFS/ttao/scannet/posed_images/scene0274_01/00233.jpg",
      "transform_matrix": [
        [
          0.271287,
          0.282176,
          -0.920206,
          2.23864
        ],
        [
          0.961823,
          -0.115295,
          0.248202,
          1.067826
        ],
        [
          -0.036059,
          -0.952409,
          -0.302682,
          1.366975
        ],
        [
          0.0,
          0.0,
          0.0,
          1.0
        ]
      ]
    },
    {
      "file_path": "/media/NFS/ttao/scannet/posed_images/scene0274_01/00242.jpg",
      "transform_matrix": [
        [
          0.21126,
          0.207072,
          -0.955244,
          2.254374
        ],
        [
          0.975807,
          -0.100971,
          0.19392,
          1.148814
        ],
        [
          -0.056296,
          -0.973101,
          -0.223393,
          1.375832
        ],
        [
          0.0,
          0.0,
          0.0,
          1.0
        ]
      ]
    },
    {
      "file_path": "/media/NFS/ttao/scannet/posed_images/scene0274_01/00246.jpg",
      "transform_matrix": [
        [
          0.17117,
          0.194895,
          -0.965773,
          2.240457
        ],
        [
          0.983676,
          -0.089043,
          0.156374,
          1.195244
        ],
        [
          -0.055519,
          -0.976774,
          -0.206955,
          1.377088
        ],
        [
          0.0,
          0.0,
          0.0,
          1.0
        ]
      ]
    },
    {
      "file_path": "/media/NFS/ttao/scannet/posed_images/scene0274_01/00249.jpg",
      "transform_matrix": [
        [
          0.153164,
          0.177984,
          -0.97204,
          2.22333
        ],
        [
          0.987316,
          -0.06918,
          0.142903,
          1.235864
        ],
        [
          -0.041811,
          -0.981598,
          -0.186322,
          1.386175
        ],
        [
          0.0,
          0.0,
          0.0,
          1.0
        ]
      ]
    },
    {
      "file_path": "/media/NFS/ttao/scannet/posed_images/scene0274_01/00256.jpg",
      "transform_matrix": [
        [
          0.19604,
          0.119095,
          -0.973337,
          2.187491
        ],
        [
          0.980476,
          -0.008309,
          0.196462,
          1.328451
        ],
        [
          0.01531,
          -0.992848,
          -0.118399,
          1.430325
        ],
        [
          0.0,
          0.0,
          0.0,
          1.0
        ]
      ]
    },
    {
      "file_path": "/media/NFS/ttao/scannet/posed_images/scene0274_01/00260.jpg",
      "transform_matrix": [
        [
          0.165901,
          0.077884,
          -0.983062,
          2.190142
        ],
        [
          0.986134,
          -0.00903,
          0.165704,
          1.378775
        ],
        [
          0.004029,
          -0.996921,
          -0.078302,
          1.442068
        ],
        [
          0.0,
          0.0,
          0.0,
          1.0
        ]
      ]
    },
    {
      "file_path": "/media/NFS/ttao/scannet/posed_images/scene0274_01/00269.jpg",
      "transform_matrix": [
        [
          0.038096,
          0.035074,
          -0.998658,
          2.223359
        ],
        [
          0.998654,
          0.033875,
          0.039286,
          1.538876
        ],
        [
          0.035207,
          -0.99881,
          -0.033737,
          1.45542
        ],
        [
          0.0,
          0.0,
          0.0,
          1.0
        ]
      ]
    },
    {
      "file_path": "/media/NFS/ttao/scannet/posed_images/scene0274_01/00274.jpg",
      "transform_matrix": [
        [
          -0.019759,
          0.044299,
          -0.998823,
          2.256027
        ],
        [
          0.998884,
          0.043745,
          -0.01782,
          1.618973
        ],
        [
          0.042904,
          -0.99806,
          -0.045114,
          1.449186
        ],
        [
          0.0,
          0.0,
          0.0,
          1.0
        ]
      ]
    },
    {
      "file_path": "/media/NFS/ttao/scannet/posed_images/scene0274_01/00275.jpg",
      "transform_matrix": [
        [
          -0.034442,
          0.040993,
          -0.998566,
          2.263934
        ],
        [
          0.998416,
          0.045878,
          -0.032553,
          1.634847
        ],
        [
          0.044477,
          -0.998106,
          -0.042508,
          1.453103
        ],
        [
          0.0,
          0.0,
          0.0,
          1.0
        ]
      ]
    },
    {
      "file_path": "/media/NFS/ttao/scannet/posed_images/scene0274_01/00282.jpg",
      "transform_matrix": [
        [
          -0.120105,
          0.037713,
          -0.992045,
          2.319349
        ],
        [
          0.992139,
          0.039928,
          -0.118599,
          1.729031
        ],
        [
          0.035138,
          -0.998491,
          -0.042213,
          1.456028
        ],
        [
          0.0,
          0.0,
          0.0,
          1.0
        ]
      ]
    },
    {
      "file_path": "/media/NFS/ttao/scannet/posed_images/scene0274_01/00289.jpg",
      "transform_matrix": [
        [
          -0.154093,
          0.021331,
          -0.987826,
          2.387571
        ],
        [
          0.987587,
          0.034144,
          -0.153318,
          1.77143
        ],
        [
          0.030457,
          -0.999189,
          -0.026328,
          1.451669
        ],
        [
          0.0,
          0.0,
          0.0,
          1.0
        ]
      ]
    },
    {
      "file_path": "/media/NFS/ttao/scannet/posed_images/scene0274_01/00292.jpg",
      "transform_matrix": [
        [
          -0.174945,
          0.029448,
          -0.984138,
          2.419969
        ],
        [
          0.98431,
          0.028558,
          -0.174121,
          1.792532
        ],
        [
          0.022977,
          -0.999158,
          -0.033982,
          1.460545
        ],
        [
          0.0,
          0.0,
          0.0,
          1.0
        ]
      ]
    },
    {
      "file_path": "/media/NFS/ttao/scannet/posed_images/scene0274_01/00300.jpg",
      "transform_matrix": [
        [
          -0.213493,
          -0.012785,
          -0.976861,
          2.500238
        ],
        [
          0.975467,
          0.052184,
          -0.213872,
          1.821182
        ],
        [
          0.053711,
          -0.998556,
          0.00133,
          1.459836
        ],
        [
          0.0,
          0.0,
          0.0,
          1.0
        ]
      ]
    },
    {
      "file_path": "/media/NFS/ttao/scannet/posed_images/scene0274_01/00303.jpg",
      "transform_matrix": [
        [
          -0.228062,
          -0.023578,
          -0.973361,
          2.515142
        ],
        [
          0.972436,
          0.044329,
          -0.228919,
          1.836402
        ],
        [
          0.048545,
          -0.998739,
          0.012819,
          1.465031
        ],
        [
          0.0,
          0.0,
          0.0,
          1.0
        ]
      ]
    },
    {
      "file_path": "/media/NFS/ttao/scannet/posed_images/scene0274_01/00310.jpg",
      "transform_matrix": [
        [
          -0.300468,
          -0.029037,
          -0.95335,
          2.520459
        ],
        [
          0.953665,
          0.007177,
          -0.300786,
          1.886884
        ],
        [
          0.015576,
          -0.999552,
          0.025535,
          1.456729
        ],
        [
          0.0,
          0.0,
          0.0,
          1.0
        ]
      ]
    },
    {
      "file_path": "/media/NFS/ttao/scannet/posed_images/scene0274_01/00316.jpg",
      "transform_matrix": [
        [
          -0.329498,
          0.006227,
          -0.944136,
          2.498319
        ],
        [
          0.944153,
          -0.000611,
          -0.329508,
          1.940108
        ],
        [
          -0.002628,
          -0.99998,
          -0.005678,
          1.437644
        ],
        [
          0.0,
          0.0,
          0.0,
          1.0
        ]
      ]
    },
    {
      "file_path": "/media/NFS/ttao/scannet/posed_images/scene0274_01/00317.jpg",
      "transform_matrix": [
        [
          -0.333016,
          0.013855,
          -0.942819,
          2.493425
        ],
        [
          0.9429,
          -0.001792,
          -0.333071,
          1.948419
        ],
        [
          -0.006304,
          -0.999902,
          -0.012467,
          1.435609
        ],
        [
          0.0,
          0.0,
          0.0,
          1.0
        ]
      ]
    },
    {
      "file_path": "/media/NFS/ttao/scannet/posed_images/scene0274_01/00325.jpg",
      "transform_matrix": [
        [
          -0.40247,
          0.095152,
          -0.910475,
          2.432364
        ],
        [
          0.915365,
          0.029687,
          -0.401529,
          2.065518
        ],
        [
          -0.011177,
          -0.99502,
          -0.099047,
          1.42534
        ],
        [
          0.0,
          0.0,
          0.0,
          1.0
        ]
      ]
    },
    {
      "file_path": "/media/NFS/ttao/scannet/posed_images/scene0274_01/00327.jpg",
      "transform_matrix": [
        [
          -0.417103,
          0.088607,
          -0.90453,
          2.422384
        ],
        [
          0.908788,
          0.028185,
          -0.416305,
          2.088911
        ],
        [
          -0.011393,
          -0.995668,
          -0.092281,
          1.423986
        ],
        [
          0.0,
          0.0,
          0.0,
          1.0
        ]
      ]
    },
    {
      "file_path": "/media/NFS/ttao/scannet/posed_images/scene0274_01/00333.jpg",
      "transform_matrix": [
        [
          -0.491435,
          0.123701,
          -0.862085,
          2.385173
        ],
        [
          0.870299,
          0.032546,
          -0.491447,
          2.150804
        ],
        [
          -0.032735,
          -0.991786,
          -0.123651,
          1.427639
        ],
        [
          0.0,
          0.0,
          0.0,
          1.0
        ]
      ]
    },
    {
      "file_path": "/media/NFS/ttao/scannet/posed_images/scene0274_01/00341.jpg",
      "transform_matrix": [
        [
          -0.605015,
          0.117189,
          -0.787543,
          2.321318
        ],
        [
          0.793815,
          0.012063,
          -0.608039,
          2.220154
        ],
        [
          -0.061755,
          -0.993036,
          -0.100324,
          1.411582
        ],
        [
          0.0,
          0.0,
          0.0,
          1.0
        ]
      ]
    },
    {
      "file_path": "/media/NFS/ttao/scannet/posed_images/scene0274_01/00343.jpg",
      "transform_matrix": [
        [
          -0.615981,
          0.112224,
          -0.779726,
          2.299733
        ],
        [
          0.785548,
          0.013365,
          -0.618657,
          2.229828
        ],
        [
          -0.059007,
          -0.993593,
          -0.09639,
          1.406302
        ],
        [
          0.0,
          0.0,
          0.0,
          1.0
        ]
      ]
    },
    {
      "file_path": "/media/NFS/ttao/scannet/posed_images/scene0274_01/00352.jpg",
      "transform_matrix": [
        [
          -0.631614,
          0.132259,
          -0.763918,
          2.185158
        ],
        [
          0.775266,
          0.101225,
          -0.623471,
          2.275301
        ],
        [
          -0.005132,
          -0.986033,
          -0.166471,
          1.387622
        ],
        [
          0.0,
          0.0,
          0.0,
          1.0
        ]
      ]
    },
    {
      "file_path": "/media/NFS/ttao/scannet/posed_images/scene0274_01/00353.jpg",
      "transform_matrix": [
        [
          -0.634517,
          0.134793,
          -0.761065,
          2.176707
        ],
        [
          0.772874,
          0.101256,
          -0.626429,
          2.282404
        ],
        [
          -0.007376,
          -0.985687,
          -0.168427,
          1.390015
        ],
        [
          0.0,
          0.0,
          0.0,
          1.0
        ]
      ]
    },
    {
      "file_path": "/media/NFS/ttao/scannet/posed_images/scene0274_01/00358.jpg",
      "transform_matrix": [
        [
          -0.666227,
          0.148276,
          -0.73086,
          2.134572
        ],
        [
          0.745396,
          0.102239,
          -0.658735,
          2.319949
        ],
        [
          -0.022952,
          -0.983647,
          -0.178638,
          1.400682
        ],
        [
          0.0,
          0.0,
          0.0,
          1.0
        ]
      ]
    },
    {
      "file_path": "/media/NFS/ttao/scannet/posed_images/scene0274_01/00368.jpg",
      "transform_matrix": [
        [
          -0.779188,
          0.133116,
          -0.612491,
          2.056819
        ],
        [
          0.626567,
          0.139365,
          -0.766806,
          2.444153
        ],
        [
          -0.016714,
          -0.981253,
          -0.191998,
          1.424002
        ],
        [
          0.0,
          0.0,
          0.0,
          1.0
        ]
      ]
    },
    {
      "file_path": "/media/NFS/ttao/scannet/posed_images/scene0274_01/00369.jpg",
      "transform_matrix": [
        [
          -0.78774,
          0.134068,
          -0.601241,
          2.047781
        ],
        [
          0.615659,
          0.138535,
          -0.775739,
          2.459488
        ],
        [
          -0.020708,
          -0.981241,
          -0.19167,
          1.423943
        ],
        [
          0.0,
          0.0,
          0.0,
          1.0
        ]
      ]
    },
    {
      "file_path": "/media/NFS/ttao/scannet/posed_images/scene0274_01/00377.jpg",
      "transform_matrix": [
        [
          -0.853276,
          0.155477,
          -0.497742,
          1.99046
        ],
        [
          0.520829,
          0.207167,
          -0.828142,
          2.539664
        ],
        [
          -0.025641,
          -0.965872,
          -0.257748,
          1.387457
        ],
        [
          0.0,
          0.0,
          0.0,
          1.0
        ]
      ]
    },
    {
      "file_path": "/media/NFS/ttao/scannet/posed_images/scene0274_01/00383.jpg",
      "transform_matrix": [
        [
          -0.883652,
          0.173645,
          -0.434748,
          1.979432
        ],
        [
          0.466976,
          0.261405,
          -0.844749,
          2.538857
        ],
        [
          -0.033041,
          -0.949481,
          -0.312079,
          1.372188
        ],
        [
          0.0,
          0.0,
          0.0,
          1.0
        ]
      ]
    },
    {
      "file_path": "/media/NFS/ttao/scannet/posed_images/scene0274_01/00386.jpg",
      "transform_matrix": [
        [
          -0.895542,
          0.193741,
          -0.400585,
          1.974396
        ],
        [
          0.442056,
          0.28437,
          -0.850718,
          2.53275
        ],
        [
          -0.050904,
          -0.938935,
          -0.34031,
          1.35728
        ],
        [
          0.0,
          0.0,
          0.0,
          1.0
        ]
      ]
    },
    {
      "file_path": "/media/NFS/ttao/scannet/posed_images/scene0274_01/00394.jpg",
      "transform_matrix": [
        [
          -0.908592,
          0.194017,
          -0.369888,
          1.971931
        ],
        [
          0.41615,
          0.344685,
          -0.841434,
          2.492532
        ],
        [
          -0.035758,
          -0.91845,
          -0.393918,
          1.317664
        ],
        [
          0.0,
          0.0,
          0.0,
          1.0
        ]
      ]
    },
    {
      "file_path": "/media/NFS/ttao/scannet/posed_images/scene0274_01/00396.jpg",
      "transform_matrix": [
        [
          -0.91278,
          0.186251,
          -0.363514,
          1.970345
        ],
        [
          0.407481,
          0.353955,
          -0.841828,
          2.480008
        ],
        [
          -0.028124,
          -0.916529,
          -0.398977,
          1.315482
        ],
        [
          0.0,
          0.0,
          0.0,
          1.0
        ]
      ]
    },
    {
      "file_path": "/media/NFS/ttao/scannet/posed_images/scene0274_01/00400.jpg",
      "transform_matrix": [
        [
          -0.921592,
          0.167706,
          -0.350062,
          1.980083
        ],
        [
          0.387821,
          0.360086,
          -0.848489,
          2.455735
        ],
        [
          -0.016244,
          -0.917722,
          -0.396892,
