{
  "frames": [
    {
      "file_path": "/media/NFS/ttao/scannet/posed_images/scene0565_00/00000.jpg",
      "transform_matrix": [
        [
          -0.458451,
          -0.246967,
          0.853716,
          -0.061639
        ],
        [
          -0.888188,
          0.160543,
          -0.43052,
          2.279039
        ],
        [
          -0.030734,
          -0.955632,
          -0.292955,
          1.548905
        ],
        [
          0.0,
          0.0,
          0.0,
          1.0
        ]
      ]
    },
    {
      "file_path": "/media/NFS/ttao/scannet/posed_images/scene0565_00/00003.jpg",
      "transform_matrix": [
        [
          -0.456574,
          -0.245487,
          0.855147,
          -0.061316
        ],
        [
          -0.889197,
          0.15777,
          -0.429463,
          2.280924
        ],
        [
          -0.029489,
          -0.956475,
          -0.29032,
          1.541687
        ],
        [
          0.0,
          0.0,
          0.0,
          1.0
        ]
      ]
    },
    {
      "file_path": "/media/NFS/ttao/scannet/posed_images/scene0565_00/00009.jpg",
      "transform_matrix": [
        [
          -0.444955,
          -0.265096,
          0.855418,
          -0.054571
        ],
        [
          -0.895318,
          0.15354,
          -0.418127,
          2.265517
        ],
        [
          -0.020497,
          -0.951919,
          -0.305664,
          1.531915
        ],
        [
          0.0,
          0.0,
          0.0,
          1.0
        ]
      ]
    },
    {
      "file_path": "/media/NFS/ttao/scannet/posed_images/scene0565_00/00013.jpg",
      "transform_matrix": [
        [
          -0.443988,
          -0.279354,
          0.851373,
          -0.026429
        ],
        [
          -0.895908,
          0.154231,
          -0.416607,
          2.262568
        ],
        [
          -0.014927,
          -0.947721,
          -0.318752,
          1.529624
        ],
        [
          0.0,
          0.0,
          0.0,
          1.0
        ]
      ]
    },
    {
      "file_path": "/media/NFS/ttao/scannet/posed_images/scene0565_00/00014.jpg",
      "transform_matrix": [
        [
          -0.444075,
          -0.281837,
          0.850509,
          -0.018414
        ],
        [
          -0.895875,
          0.154888,
          -0.416436,
          2.267307
        ],
        [
          -0.014366,
          -0.946878,
          -0.321272,
          1.531663
        ],
        [
          0.0,
          0.0,
          0.0,
          1.0
        ]
      ]
    },
    {
      "file_path": "/media/NFS/ttao/scannet/posed_images/scene0565_00/00017.jpg",
      "transform_matrix": [
        [
          -0.436716,
          -0.289049,
          0.851898,
          0.010849
        ],
        [
          -0.899521,
          0.152819,
          -0.409278,
          2.255084
        ],
        [
          -0.011885,
          -0.945038,
          -0.326744,
          1.523013
        ],
        [
          0.0,
          0.0,
          0.0,
          1.0
        ]
      ]
    },
    {
      "file_path": "/media/NFS/ttao/scannet/posed_images/scene0565_00/00020.jpg",
      "transform_matrix": [
        [
          -0.428906,
          -0.30539,
          0.850163,
          0.051641
        ],
        [
          -0.903349,
          0.146089,
          -0.403261,
          2.243936
        ],
        [
          -0.001048,
          -0.940954,
          -0.338532,
          1.522099
        ],
        [
          0.0,
          0.0,
          0.0,
          1.0
        ]
      ]
    },
    {
      "file_path": "/media/NFS/ttao/scannet/posed_images/scene0565_00/00027.jpg",
      "transform_matrix": [
        [
          -0.3759,
          -0.328744,
          0.866387,
          0.141574
        ],
        [
          -0.926643,
          0.127727,
          -0.353579,
          2.175133
        ],
        [
          0.005576,
          -0.935742,
          -0.352641,
          1.513906
        ],
        [
          0.0,
          0.0,
          0.0,
          1.0
        ]
      ]
    },
    {
      "file_path": "/media/NFS/ttao/scannet/posed_images/scene0565_00/00030.jpg",
      "transform_matrix": [
        [
          -0.345308,
          -0.335469,
          0.876483,
          0.180039
        ],
        [
          -0.938457,
          0.115642,
          -0.325462,
          2.127749
        ],
        [
          0.007824,
          -0.934926,
          -0.354756,
          1.509242
        ],
        [
          0.0,
          0.0,
          0.0,
          1.0
        ]
      ]
    },
    {
      "file_path": "/media/NFS/ttao/scannet/posed_images/scene0565_00/00031.jpg",
      "transform_matrix": [
        [
          -0.34141,
          -0.336505,
          0.877613,
          0.197172
        ],
        [
          -0.939857,
          0.111897,
          -0.322719,
          2.12487
        ],
        [
          0.010395,
          -0.93501,
          -0.354469,
          1.503477
        ],
        [
          0.0,
          0.0,
          0.0,
          1.0
        ]
      ]
    },
    {
      "file_path": "/media/NFS/ttao/scannet/posed_images/scene0565_00/00037.jpg",
      "transform_matrix": [
        [
          -0.310074,
          -0.345604,
          0.88567,
          0.278995
        ],
        [
          -0.95067,
          0.103897,
          -0.292288,
          2.047872
        ],
        [
          0.008997,
          -0.932611,
          -0.360771,
          1.518718
        ],
        [
          0.0,
          0.0,
          0.0,
          1.0
        ]
      ]
    },
    {
      "file_path": "/media/NFS/ttao/scannet/posed_images/scene0565_00/00040.jpg",
      "transform_matrix": [
        [
          -0.293879,
          -0.358561,
          0.886041,
          0.340561
        ],
        [
          -0.955838,
          0.113025,
          -0.27129,
          2.003704
        ],
        [
          -0.002871,
          -0.926639,
          -0.375942,
          1.539184
        ],
        [
          0.0,
          0.0,
          0.0,
          1.0
        ]
      ]
    },
    {
      "file_path": "/media/NFS/ttao/scannet/posed_images/scene0565_00/00042.jpg",
      "transform_matrix": [
        [
          -0.28274,
          -0.356978,
          0.890295,
          0.371215
        ],
        [
          -0.959173,
          0.11178,
          -0.259795,
          1.980921
        ],
        [
          -0.006777,
          -0.927401,
          -0.374008,
          1.54656
        ],
        [
          0.0,
          0.0,
          0.0,
          1.0
        ]
      ]
    },
    {
      "file_path": "/media/NFS/ttao/scannet/posed_images/scene0565_00/00048.jpg",
      "transform_matrix": [
        [
          -0.197142,
          -0.338107,
          0.920228,
          0.448738
        ],
        [
          -0.980215,
          0.084932,
          -0.178787,
          1.871873
        ],
        [
          -0.017708,
          -0.937267,
          -0.348161,
          1.545437
        ],
        [
          0.0,
          0.0,
          0.0,
          1.0
        ]
      ]
    },
    {
      "file_path": "/media/NFS/ttao/scannet/posed_images/scene0565_00/00050.jpg",
      "transform_matrix": [
        [
          -0.158974,
          -0.336875,
          0.928032,
          0.473077
        ],
        [
          -0.987211,
          0.065559,
          -0.145314,
          1.831847
        ],
        [
          -0.011888,
          -0.939264,
          -0.342989,
          1.539225
        ],
        [
          0.0,
          0.0,
          0.0,
          1.0
        ]
      ]
    },
    {
      "file_path": "/media/NFS/ttao/scannet/posed_images/scene0565_00/00054.jpg",
      "transform_matrix": [
        [
          -0.087336,
          -0.332203,
          0.939156,
          0.532057
        ],
        [
          -0.996117,
          0.018629,
          -0.086044,
          1.758658
        ],
        [
          0.011089,
          -0.943024,
          -0.33254,
          1.529913
        ],
        [
          0.0,
          0.0,
          0.0,
          1.0
        ]
      ]
    },
    {
      "file_path": "/media/NFS/ttao/scannet/posed_images/scene0565_00/00058.jpg",
      "transform_matrix": [
        [
          -0.024698,
          -0.335261,
          0.941802,
          0.594281
        ],
        [
          -0.999323,
          -0.017418,
          -0.032407,
          1.684287
        ],
        [
          0.027269,
          -0.941964,
          -0.334604,
          1.534481
        ],
        [
          0.0,
          0.0,
          0.0,
          1.0
        ]
      ]
    },
    {
      "file_path": "/media/NFS/ttao/scannet/posed_images/scene0565_00/00062.jpg",
      "transform_matrix": [
        [
          0.00725,
          -0.357926,
          0.933722,
          0.67313
        ],
        [
          -0.999598,
          -0.028178,
          -0.00304,
          1.637217
        ],
        [
          0.027398,
          -0.933325,
          -0.357987,
          1.53405
        ],
        [
          0.0,
          0.0,
          0.0,
          1.0
        ]
      ]
    },
    {
      "file_path": "/media/NFS/ttao/scannet/posed_images/scene0565_00/00063.jpg",
      "transform_matrix": [
        [
          0.010065,
          -0.358199,
          0.933591,
          0.689096
        ],
        [
          -0.999576,
          -0.029104,
          -0.00039,
          1.632356
        ],
        [
          0.027311,
          -0.933191,
          -0.358341,
          1.530671
        ],
        [
          0.0,
          0.0,
          0.0,
          1.0
        ]
      ]
    },
    {
      "file_path": "/media/NFS/ttao/scannet/posed_images/scene0565_00/00067.jpg",
      "transform_matrix": [
        [
          0.033263,
          -0.360393,
          0.932207,
          0.776334
        ],
        [
          -0.99936,
          -0.024263,
          0.026279,
          1.594308
        ],
        [
          0.013147,
          -0.932485,
          -0.36097,
          1.526449
        ],
        [
          0.0,
          0.0,
          0.0,
          1.0
        ]
      ]
    },
    {
      "file_path": "/media/NFS/ttao/scannet/posed_images/scene0565_00/00070.jpg",
      "transform_matrix": [
        [
          0.055352,
          -0.358849,
          0.931753,
          0.851695
        ],
        [
          -0.998425,
          -0.028422,
          0.048367,
          1.563144
        ],
        [
          0.009126,
          -0.932963,
          -0.359857,
          1.529607
        ],
        [
          0.0,
          0.0,
          0.0,
          1.0
        ]
      ]
    },
    {
      "file_path": "/media/NFS/ttao/scannet/posed_images/scene0565_00/00077.jpg",
      "transform_matrix": [
        [
          0.048747,
          -0.354698,
          0.93371,
          1.044861
        ],
        [
          -0.998537,
          -0.039217,
          0.037233,
          1.549835
        ],
        [
          0.023411,
          -0.934158,
          -0.35609,
          1.526562
        ],
        [
          0.0,
          0.0,
          0.0,
          1.0
        ]
      ]
    },
    {
      "file_path": "/media/NFS/ttao/scannet/posed_images/scene0565_00/00080.jpg",
      "transform_matrix": [
        [
          0.063367,
          -0.370454,
          0.926687,
          1.121064
        ],
        [
          -0.997976,
          -0.028554,
          0.056827,
          1.536228
        ],
        [
          0.005409,
          -0.928412,
          -0.371513,
          1.532519
        ],
        [
          0.0,
          0.0,
          0.0,
          1.0
        ]
      ]
    },
    {
      "file_path": "/media/NFS/ttao/scannet/posed_images/scene0565_00/00081.jpg",
      "transform_matrix": [
        [
          0.067089,
          -0.373133,
          0.925349,
          1.145778
        ],
        [
          -0.997746,
          -0.026446,
          0.061673,
          1.527787
        ],
        [
          0.00146,
          -0.927401,
          -0.374066,
          1.537457
        ],
        [
          0.0,
          0.0,
          0.0,
          1.0
        ]
      ]
    },
    {
      "file_path": "/media/NFS/ttao/scannet/posed_images/scene0565_00/00084.jpg",
      "transform_matrix": [
        [
          0.072441,
          -0.365857,
          0.927848,
          1.21388
        ],
        [
          -0.99736,
          -0.021961,
          0.069209,
          1.517049
        ],
        [
          -0.004944,
          -0.930412,
          -0.366482,
          1.537098
        ],
        [
          0.0,
          0.0,
          0.0,
          1.0
        ]
      ]
    },
    {
      "file_path": "/media/NFS/ttao/scannet/posed_images/scene0565_00/00089.jpg",
      "transform_matrix": [
        [
          0.070534,
          -0.354897,
          0.932241,
          1.341404
        ],
        [
          -0.997504,
          -0.021912,
          0.06713,
          1.505438
        ],
        [
          -0.003397,
          -0.934648,
          -0.355557,
          1.5245
        ],
        [
          0.0,
          0.0,
          0.0,
          1.0
        ]
      ]
    },
    {
      "file_path": "/media/NFS/ttao/scannet/posed_images/scene0565_00/00093.jpg",
      "transform_matrix": [
        [
          0.081975,
          -0.345909,
          0.93468,
          1.446121
        ],
        [
          -0.996627,
          -0.031983,
          0.075571,
          1.480415
        ],
        [
          0.003753,
          -0.937723,
          -0.347365,
          1.52507
        ],
        [
          0.0,
          0.0,
          0.0,
          1.0
        ]
      ]
    },
    {
      "file_path": "/media/NFS/ttao/scannet/posed_images/scene0565_00/00097.jpg",
      "transform_matrix": [
        [
          0.10582,
          -0.354124,
          0.929192,
          1.552402
        ],
        [
          -0.994357,
          -0.044775,
          0.096177,
          1.467011
        ],
        [
          0.007546,
          -0.934126,
          -0.356864,
          1.537668
        ],
        [
          0.0,
          0.0,
          0.0,
          1.0
        ]
      ]
    },
    {
      "file_path": "/media/NFS/ttao/scannet/posed_images/scene0565_00/00100.jpg",
      "transform_matrix": [
        [
          0.119738,
          -0.365498,
          0.923079,
          1.639021
        ],
        [
          -0.992801,
          -0.046858,
          0.110229,
          1.467739
        ],
        [
          0.002965,
          -0.929632,
          -0.368477,
          1.539357
        ],
        [
          0.0,
          0.0,
          0.0,
          1.0
        ]
      ]
    },
    {
      "file_path": "/media/NFS/ttao/scannet/posed_images/scene0565_00/00102.jpg",
      "transform_matrix": [
        [
          0.119672,
          -0.364493,
          0.923485,
          1.68778
        ],
        [
          -0.992794,
          -0.049733,
          0.109025,
          1.470719
        ],
        [
          0.006189,
          -0.929877,
          -0.367818,
          1.533098
        ],
        [
          0.0,
          0.0,
          0.0,
          1.0
        ]
      ]
    },
    {
      "file_path": "/media/NFS/ttao/scannet/posed_images/scene0565_00/00105.jpg",
      "transform_matrix": [
        [
          0.11227,
          -0.367754,
          0.923121,
          1.776128
        ],
        [
          -0.993642,
          -0.049388,
          0.101171,
          1.475886
        ],
        [
          0.008385,
          -0.928611,
          -0.370961,
          1.532736
        ],
        [
          0.0,
          0.0,
          0.0,
          1.0
        ]
      ]
    },
    {
      "file_path": "/media/NFS/ttao/scannet/posed_images/scene0565_00/00112.jpg",
      "transform_matrix": [
        [
          0.078974,
          -0.339078,
          0.937438,
          1.973203
        ],
        [
          -0.996874,
          -0.028932,
          0.073516,
          1.51796
        ],
        [
          0.002195,
          -0.940313,
          -0.340303,
          1.525542
        ],
        [
          0.0,
          0.0,
          0.0,
          1.0
        ]
      ]
    },
    {
      "file_path": "/media/NFS/ttao/scannet/posed_images/scene0565_00/00113.jpg",
      "transform_matrix": [
        [
          0.0721,
          -0.339255,
          0.937928,
          2.002455
        ],
        [
          -0.997396,
          -0.02287,
          0.0684,
          1.521261
        ],
        [
          -0.001754,
          -0.940417,
          -0.34002,
          1.520247
        ],
        [
          0.0,
          0.0,
          0.0,
          1.0
        ]
      ]
    },
    {
      "file_path": "/media/NFS/ttao/scannet/posed_images/scene0565_00/00117.jpg",
      "transform_matrix": [
        [
          0.038464,
          -0.341035,
          0.939263,
          2.111523
        ],
        [
          -0.999042,
          0.006494,
          0.04327,
          1.533103
        ],
        [
          -0.020856,
          -0.940028,
          -0.340459,
          1.525151
        ],
        [
          0.0,
          0.0,
          0.0,
          1.0
        ]
      ]
    },
    {
      "file_path": "/media/NFS/ttao/scannet/posed_images/scene0565_00/00120.jpg",
      "transform_matrix": [
        [
          0.016324,
          -0.368549,
          0.929465,
          2.210316
        ],
        [
          -0.999365,
          0.023424,
          0.026839,
          1.564292
        ],
        [
          -0.031663,
          -0.929313,
          -0.367933,
          1.542606
        ],
        [
          0.0,
          0.0,
          0.0,
          1.0
        ]
      ]
    },
    {
      "file_path": "/media/NFS/ttao/scannet/posed_images/scene0565_00/00124.jpg",
      "transform_matrix": [
        [
          0.015365,
          -0.363864,
          0.931325,
          2.313484
        ],
        [
          -0.999454,
          0.021669,
          0.024955,
          1.576252
        ],
        [
          -0.029261,
          -0.9312,
          -0.363333,
          1.520468
        ],
        [
          0.0,
          0.0,
          0.0,
          1.0
        ]
      ]
    },
    {
      "file_path": "/media/NFS/ttao/scannet/posed_images/scene0565_00/00128.jpg",
      "transform_matrix": [
        [
          0.032272,
          -0.382609,
          0.923347,
          2.439967
        ],
        [
          -0.999288,
          0.00571,
          0.037292,
          1.568327
        ],
        [
          -0.01954,
          -0.923893,
          -0.382152,
          1.511135
        ],
        [
          0.0,
          0.0,
          0.0,
          1.0
        ]
      ]
    },
    {
      "file_path": "/media/NFS/ttao/scannet/posed_images/scene0565_00/00133.jpg",
      "transform_matrix": [
        [
          0.071769,
          -0.36791,
          0.927088,
          2.585689
        ],
        [
          -0.997418,
          -0.028867,
          0.065757,
          1.570977
        ],
        [
          0.002569,
          -0.929413,
          -0.369032,
          1.492752
        ],
        [
          0.0,
          0.0,
          0.0,
          1.0
        ]
      ]
    },
    {
      "file_path": "/media/NFS/ttao/scannet/posed_images/scene0565_00/00135.jpg",
      "transform_matrix": [
        [
          0.094796,
          -0.372075,
          0.923349,
          2.642803
        ],
        [
          -0.995424,
          -0.046608,
          0.083414,
          1.565517
        ],
        [
          0.011999,
          -0.927032,
          -0.374791,
          1.497017
        ],
        [
          0.0,
          0.0,
          0.0,
          1.0
        ]
      ]
    },
    {
      "file_path": "/media/NFS/ttao/scannet/posed_images/scene0565_00/00141.jpg",
      "transform_matrix": [
        [
          0.163038,
          -0.388052,
          0.907102,
          2.825555
        ],
        [
          -0.986517,
          -0.077371,
          0.144213,
          1.552504
        ],
        [
          0.014221,
          -0.918384,
          -0.395434,
          1.50447
        ],
        [
          0.0,
          0.0,
          0.0,
          1.0
        ]
      ]
    },
    {
      "file_path": "/media/NFS/ttao/scannet/posed_images/scene0565_00/00142.jpg",
      "transform_matrix": [
        [
          0.166655,
          -0.386152,
          0.907256,
          2.851414
        ],
        [
          -0.985888,
          -0.080063,
          0.147022,
          1.556638
        ],
        [
          0.015864,
          -0.918954,
          -0.394045,
          1.497715
        ],
        [
          0.0,
          0.0,
          0.0,
          1.0
        ]
      ]
    },
    {
      "file_path": "/media/NFS/ttao/scannet/posed_images/scene0565_00/00147.jpg",
      "transform_matrix": [
        [
          0.184106,
          -0.380154,
          0.906415,
          2.999848
        ],
        [
          -0.982651,
          -0.09222,
          0.160914,
          1.567825
        ],
        [
          0.022418,
          -0.920314,
          -0.390537,
          1.485969
        ],
        [
          0.0,
          0.0,
          0.0,
          1.0
        ]
      ]
    },
    {
      "file_path": "/media/NFS/ttao/scannet/posed_images/scene0565_00/00148.jpg",
      "transform_matrix": [
        [
          0.186484,
          -0.378435,
          0.906648,
          3.028925
        ],
        [
          -0.982184,
          -0.093585,
          0.162959,
          1.572869
        ],
        [
          0.023179,
          -0.920885,
          -0.389145,
          1.481346
        ],
        [
          0.0,
          0.0,
          0.0,
          1.0
        ]
      ]
    },
    {
      "file_path": "/media/NFS/ttao/scannet/posed_images/scene0565_00/00153.jpg",
      "transform_matrix": [
        [
          0.220084,
          -0.385709,
          0.895986,
          3.176075
        ],
        [
          -0.975455,
          -0.093769,
          0.199238,
          1.588365
        ],
        [
          0.007168,
          -0.917843,
          -0.396879,
          1.478139
        ],
        [
          0.0,
          0.0,
          0.0,
          1.0
        ]
      ]
    },
    {
      "file_path": "/media/NFS/ttao/scannet/posed_images/scene0565_00/00155.jpg",
      "transform_matrix": [
        [
          0.234464,
          -0.383049,
          0.893477,
          3.234261
        ],
        [
          -0.972115,
          -0.096554,
          0.213706,
          1.595542
        ],
        [
          0.004409,
          -0.918668,
          -0.395006,
          1.481233
        ],
        [
          0.0,
          0.0,
          0.0,
          1.0
        ]
      ]
    },
    {
      "file_path": "/media/NFS/ttao/scannet/posed_images/scene0565_00/00162.jpg",
      "transform_matrix": [
        [
          0.279424,
          -0.385191,
          0.879517,
          3.442103
        ],
        [
          -0.959692,
          -0.083206,
          0.268455,
          1.597657
        ],
        [
          -0.030226,
          -0.919078,
          -0.392914,
          1.473018
        ],
        [
          0.0,
          0.0,
          0.0,
          1.0
        ]
      ]
    },
    {
      "file_path": "/media/NFS/ttao/scannet/posed_images/scene0565_00/00163.jpg",
      "transform_matrix": [
        [
          0.286723,
          -0.385432,
          0.877059,
          3.475559
        ],
        [
          -0.957528,
          -0.086153,
          0.275169,
          1.596862
        ],
        [
          -0.030498,
          -0.918706,
          -0.393764,
          1.474909
        ],
        [
          0.0,
          0.0,
          0.0,
          1.0
        ]
      ]
    },
    {
      "file_path": "/media/NFS/ttao/scannet/posed_images/scene0565_00/00167.jpg",
      "transform_matrix": [
        [
          0.319108,
          -0.363724,
          0.875143,
          3.596259
        ],
        [
          -0.94751,
          -0.103085,
          0.302652,
          1.592705
        ],
        [
          -0.019868,
          -0.925785,
          -0.377528,
          1.462671
        ],
        [
          0.0,
          0.0,
          0.0,
          1.0
        ]
      ]
    },
    {
      "file_path": "/media/NFS/ttao/scannet/posed_images/scene0565_00/00169.jpg",
      "transform_matrix": [
        [
          0.33914,
          -0.35657,
          0.870542,
          3.656629
        ],
        [
          -0.940682,
          -0.118618,
          0.317879,
          1.586933
        ],
        [
          -0.010084,
          -0.926708,
          -0.375647,
          1.456212
        ],
        [
          0.0,
          0.0,
          0.0,
          1.0
        ]
      ]
    },
    {
      "file_path": "/media/NFS/ttao/scannet/posed_images/scene0565_00/00174.jpg",
      "transform_matrix": [
        [
          0.38605,
          -0.353202,
          0.852181,
          3.795753
        ],
        [
          -0.92222,
          -0.169612,
          0.34748,
          1.577772
        ],
        [
          0.02181,
          -0.920043,
          -0.391209,
          1.446555
        ],
        [
          0.0,
          0.0,
          0.0,
          1.0
        ]
      ]
    },
    {
      "file_path": "/media/NFS/ttao/scannet/posed_images/scene0565_00/00178.jpg",
      "transform_matrix": [
        [
          0.41102,
          -0.352064,
          0.840901,
          3.922263
        ],
        [
          -0.910718,
          -0.199745,
          0.361517,
          1.574145
        ],
        [
          0.040689,
          -0.914414,
          -0.40273,
          1.454564
        ],
        [
          0.0,
          0.0,
          0.0,
          1.0
        ]
      ]
    },
    {
      "file_path": "/media/NFS/ttao/scannet/posed_images/scene0565_00/00180.jpg",
      "transform_matrix": [
        [
          0.412375,
          -0.356349,
          0.838428,
          3.984735
        ],
        [
          -0.910432,
          -0.19409,
          0.365298,
          1.571477
        ],
        [
          0.032557,
          -0.913972,
          -0.404469,
          1.456542
        ],
        [
          0.0,
          0.0,
          0.0,
          1.0
        ]
      ]
    },
    {
      "file_path": "/media/NFS/ttao/scannet/posed_images/scene0565_00/00184.jpg",
      "transform_matrix": [
        [
          0.416951,
          -0.350056,
          0.838816,
          4.111275
        ],
        [
          -0.908535,
          -0.187688,
          0.37328,
          1.581075
        ],
        [
          0.026767,
          -0.917733,
          -0.396295,
          1.440727
        ],
        [
          0.0,
          0.0,
          0.0,
          1.0
        ]
      ]
    },
    {
      "file_path": "/media/NFS/ttao/scannet/posed_images/scene0565_00/00189.jpg",
      "transform_matrix": [
        [
          0.402634,
          -0.361297,
          0.841041,
          4.237197
        ],
        [
          -0.915225,
          -0.174769,
          0.36307,
          1.615217
        ],
        [
          0.015811,
          -0.915926,
          -0.401036,
          1.43313
        ],
        [
          0.0,
          0.0,
          0.0,
          1.0
        ]
      ]
    },
    {
      "file_path": "/media/NFS/ttao/scannet/posed_images/scene0565_00/00192.jpg",
      "transform_matrix": [
        [
          0.395581,
          -0.367751,
          0.841591,
          4.31644
        ],
        [
          -0.918393,
          -0.166667,
          0.358853,
          1.623765
        ],
        [
          0.008297,
          -0.914867,
          -0.40367,
          1.453603
        ],
        [
          0.0,
          0.0,
          0.0,
          1.0
        ]
      ]
    },
    {
      "file_path": "/media/NFS/ttao/scannet/posed_images/scene0565_00/00195.jpg",
      "transform_matrix": [
        [
          0.395455,
          -0.395111,
          0.829157,
          4.397666
        ],
        [
          -0.918455,
          -0.162863,
          0.360437,
          1.638154
        ],
        [
          -0.007374,
          -0.904081,
          -0.427297,
          1.460834
        ],
        [
          0.0,
          0.0,
          0.0,
          1.0
        ]
      ]
    },
    {
      "file_path": "/media/NFS/ttao/scannet/posed_images/scene0565_00/00200.jpg",
      "transform_matrix": [
        [
          0.41071,
          -0.385846,
          0.8261,
          4.518862
        ],
        [
          -0.911343,
          -0.146127,
          0.384838,
          1.640153
        ],
        [
          -0.027772,
          -0.910917,
          -0.411654,
          1.437301
        ],
        [
          0.0,
          0.0,
          0.0,
          1.0
        ]
      ]
    },
    {
      "file_path": "/media/NFS/ttao/scannet/posed_images/scene0565_00/00204.jpg",
      "transform_matrix": [
        [
          0.431384,
          -0.365186,
          0.824953,
          4.622719
        ],
        [
          -0.902027,
          -0.158376,
          0.401578,
          1.649865
        ],
        [
          -0.015998,
          -0.917364,
          -0.397728,
          1.434121
        ],
        [
          0.0,
          0.0,
          0.0,
          1.0
        ]
      ]
    },
    {
      "file_path": "/media/NFS/ttao/scannet/posed_images/scene0565_00/00208.jpg",
      "transform_matrix": [
        [
          0.460574,
          -0.336507,
          0.821362,
          4.724457
        ],
        [
          -0.88761,
          -0.179219,
          0.424298,
          1.652813
        ],
        [
          0.004424,
          -0.924469,
          -0.381231,
          1.434768
        ],
        [
          0.0,
          0.0,
          0.0,
          1.0
        ]
      ]
    },
    {
      "file_path": "/media/NFS/ttao/scannet/posed_images/scene0565_00/00211.jpg",
      "transform_matrix": [
        [
          0.48062,
          -0.316963,
          0.817642,
          4.789152
        ],
        [
          -0.876497,
          -0.202894,
          0.436563,
          1.655909
        ],
        [
          0.02752,
          -0.926482,
          -0.375332,
          1.422588
        ],
        [
          0.0,
          0.0,
          0.0,
          1.0
        ]
      ]
    },
    {
      "file_path": "/media/NFS/ttao/scannet/posed_images/scene0565_00/00215.jpg",
      "transform_matrix": [
        [
          0.505964,
          -0.320964,
          0.800614,
          4.88149
        ],
        [
          -0.8615,
          -0.233921,
          0.450664,
          1.664076
        ],
        [
          0.042634,
          -0.917749,
          -0.394867,
          1.426971
        ],
        [
          0.0,
          0.0,
          0.0,
          1.0
        ]
      ]
    },
    {
      "file_path": "/media/NFS/ttao/scannet/posed_images/scene0565_00/00216.jpg",
      "transform_matrix": [
        [
          0.511986,
          -0.320525,
          0.796953,
          4.903863
        ],
        [
          -0.857922,
          -0.237132,
          0.455782,
          1.664674
        ],
        [
          0.042893,
          -0.917078,
          -0.396394,
          1.428704
        ],
        [
          0.0,
          0.0,
          0.0,
          1.0
        ]
      ]
    },
    {
      "file_path": "/media/NFS/ttao/scannet/posed_images/scene0565_00/00220.jpg",
      "transform_matrix": [
        [
          0.52424,
          -0.315512,
          0.790964,
          4.994936
        ],
        [
          -0.850441,
          -0.24179,
          0.467212,
          1.68152
        ],
        [
          0.043837,
          -0.9176,
          -0.395081,
          1.428226
        ],
        [
          0.0,
          0.0,
          0.0,
          1.0
        ]
      ]
    },
    {
      "file_path": "/media/NFS/ttao/scannet/posed_images/scene0565_00/00226.jpg",
      "transform_matrix": [
        [
          0.522778,
          -0.304875,
          0.796087,
          5.129867
        ],
        [
          -0.850844,
          -0.244243,
          0.465199,
          1.715418
        ],
        [
          0.052611,
          -0.920542,
          -0.387086,
          1.432299
        ],
        [
          0.0,
          0.0,
          0.0,
          1.0
        ]
      ]
    },
    {
      "file_path": "/media/NFS/ttao/scannet/posed_images/scene0565_00/00229.jpg",
      "transform_matrix": [
        [
          0.516004,
          -0.325244,
          0.792437,
          5.192657
        ],
        [
          -0.854842,
          -0.254537,
          0.452169,
          1.734332
        ],
        [
          0.05464,
          -0.910729,
          -0.409374,
          1.437299
        ],
        [
          0.0,
          0.0,
          0.0,
          1.0
        ]
      ]
    },
    {
      "file_path": "/media/NFS/ttao/scannet/posed_images/scene0565_00/00231.jpg",
      "transform_matrix": [
        [
          0.511364,
          -0.340557,
          0.789005,
          5.238643
        ],
        [
          -0.858005,
          -0.253955,
          0.446469,
          1.743359
        ],
        [
          0.048324,
          -0.905278,
          -0.422063,
          1.444109
        ],
        [
          0.0,
          0.0,
          0.0,
          1.0
        ]
      ]
    },
    {
      "file_path": "/media/NFS/ttao/scannet/posed_images/scene0565_00/00234.jpg",
      "transform_matrix": [
        [
          0.514288,
          -0.36458,
          0.776267,
          5.298895
        ],
        [
          -0.856962,
          -0.253844,
          0.44853,
          1.752764
        ],
        [
          0.033526,
          -0.895905,
          -0.44298,
          1.450148
        ],
        [
          0.0,
          0.0,
          0.0,
          1.0
        ]
      ]
    },
    {
      "file_path": "/media/NFS/ttao/scannet/posed_images/scene0565_00/00240.jpg",
      "transform_matrix": [
        [
          0.525204,
          -0.366483,
          0.768018,
          5.42523
        ],
        [
          -0.850562,
          -0.254233,
          0.460336,
          1.766189
        ],
        [
          0.02655,
          -0.895017,
          -0.445241,
          1.471997
        ],
        [
          0.0,
          0.0,
          0.0,
          1.0
        ]
      ]
    },
    {
      "file_path": "/media/NFS/ttao/scannet/posed_images/scene0565_00/00243.jpg",
      "transform_matrix": [
        [
          0.53743,
          -0.361116,
          0.762079,
          5.486245
        ],
        [
          -0.842563,
          -0.267922,
          0.467231,
          1.773914
        ],
        [
          0.035453,
          -0.893204,
          -0.448252,
          1.468439
        ],
        [
          0.0,
          0.0,
          0.0,
          1.0
        ]
      ]
    },
    {
      "file_path": "/media/NFS/ttao/scannet/posed_images/scene0565_00/00244.jpg",
      "transform_matrix": [
        [
          0.542216,
          -0.361247,
          0.758619,
          5.506642
        ],
        [
          -0.839339,
          -0.27464,
          0.469129,
          1.776723
        ],
        [
          0.038876,
          -0.891108,
          -0.452123,
          1.46811
        ],
        [
          0.0,
          0.0,
          0.0,
          1.0
        ]
      ]
    },
    {
      "file_path": "/media/NFS/ttao/scannet/posed_images/scene0565_00/00248.jpg",
      "transform_matrix": [
        [
          0.576602,
          -0.343594,
          0.741265,
          5.581338
        ],
        [
          -0.81475,
          -0.309469,
          0.490317,
          1.785087
        ],
        [
          0.060928,
          -0.886664,
          -0.458384,
          1.469271
        ],
        [
          0.0,
          0.0,
          0.0,
          1.0
        ]
      ]
    },
    {
      "file_path": "/media/NFS/ttao/scannet/posed_images/scene0565_00/00253.jpg",
      "transform_matrix": [
        [
          0.631743,
          -0.336788,
          0.698194,
          5.672706
        ],
        [
          -0.772036,
          -0.354363,
          0.527624,
          1.793325
        ],
        [
          0.069716,
          -0.872354,
          -0.483879,
          1.486149
        ],
        [
          0.0,
          0.0,
          0.0,
          1.0
        ]
      ]
    },
    {
      "file_path": "/media/NFS/ttao/scannet/posed_images/scene0565_00/00255.jpg",
      "transform_matrix": [
        [
          0.647426,
          -0.337598,
          0.683276,
          5.704635
        ],
        [
          -0.758992,
          -0.366854,
          0.537911,
          1.800183
        ],
        [
          0.069065,
          -0.866859,
          -0.493746,
          1.486392
        ],
        [
          0.0,
          0.0,
          0.0,
          1.0
        ]
      ]
    },
    {
      "file_path": "/media/NFS/ttao/scannet/posed_images/scene0565_00/00261.jpg",
      "transform_matrix": [
        [
          0.672212,
          -0.323322,
          0.666029,
          5.80036
        ],
        [
          -0.738384,
          -0.358444,
          0.571233,
          1.820165
        ],
        [
          0.054042,
          -0.875774,
          -0.479687,
          1.485325
        ],
        [
          0.0,
          0.0,
          0.0,
          1.0
        ]
      ]
    },
    {
      "file_path": "/media/NFS/ttao/scannet/posed_images/scene0565_00/00262.jpg",
      "transform_matrix": [
        [
          0.677748,
          -0.322494,
          0.660799,
          5.81709
        ],
        [
          -0.733415,
          -0.360712,
          0.576185,
          1.825166
        ],
        [
          0.052542,
          -0.875148,
          -0.480994,
          1.486275
        ],
        [
          0.0,
          0.0,
          0.0,
          1.0
        ]
      ]
    },
    {
      "file_path": "/media/NFS/ttao/scannet/posed_images/scene0565_00/00266.jpg",
      "transform_matrix": [
        [
          0.704211,
          -0.297878,
          0.644481,
          5.87395
        ],
        [
          -0.708031,
          -0.362047,
          0.606312,
          1.846931
        ],
        [
          0.052726,
          -0.883284,
          -0.465865,
          1.488836
        ],
        [
          0.0,
          0.0,
          0.0,
          1.0
        ]
      ]
    },
    {
      "file_path": "/media/NFS/ttao/scannet/posed_images/scene0565_00/00272.jpg",
      "transform_matrix": [
        [
          0.756043,
          -0.283101,
          0.59013,
          5.940698
        ],
        [
          -0.653241,
          -0.382755,
          0.65328,
          1.880234
        ],
        [
          0.040931,
          -0.879405,
          -0.474312,
          1.492915
        ],
        [
          0.0,
          0.0,
          0.0,
          1.0
        ]
      ]
    },
    {
      "file_path": "/media/NFS/ttao/scannet/posed_images/scene0565_00/00274.jpg",
      "transform_matrix": [
        [
          0.778799,
          -0.282901,
          0.559857,
          5.961356
        ],
        [
          -0.626588,
          -0.39258,
          0.673252,
          1.889453
        ],
        [
          0.029325,
          -0.875127,
