{
  "frames": [
    {
      "file_path": "/media/NFS/ttao/scannet/posed_images/scene0553_01/00001.jpg",
      "transform_matrix": [
        [
          -0.202922,
          0.382204,
          -0.901522,
          1.604227
        ],
        [
          0.978907,
          0.10151,
          -0.177305,
          2.865164
        ],
        [
          0.023746,
          -0.918485,
          -0.394741,
          1.362705
        ],
        [
          0.0,
          0.0,
          0.0,
          1.0
        ]
      ]
    },
    {
      "file_path": "/media/NFS/ttao/scannet/posed_images/scene0553_01/00007.jpg",
      "transform_matrix": [
        [
          -0.209783,
          0.359109,
          -0.909413,
          1.607071
        ],
        [
          0.977436,
          0.100511,
          -0.185785,
          2.861577
        ],
        [
          0.024689,
          -0.927867,
          -0.372092,
          1.373448
        ],
        [
          0.0,
          0.0,
          0.0,
          1.0
        ]
      ]
    },
    {
      "file_path": "/media/NFS/ttao/scannet/posed_images/scene0553_01/00010.jpg",
      "transform_matrix": [
        [
          -0.212927,
          0.350499,
          -0.912038,
          1.609025
        ],
        [
          0.976813,
          0.097681,
          -0.19051,
          2.866431
        ],
        [
          0.022315,
          -0.931455,
          -0.363171,
          1.374708
        ],
        [
          0.0,
          0.0,
          0.0,
          1.0
        ]
      ]
    },
    {
      "file_path": "/media/NFS/ttao/scannet/posed_images/scene0553_01/00013.jpg",
      "transform_matrix": [
        [
          -0.215602,
          0.339396,
          -0.915602,
          1.609263
        ],
        [
          0.97615,
          0.099339,
          -0.193036,
          2.865425
        ],
        [
          0.025439,
          -0.935383,
          -0.352719,
          1.382607
        ],
        [
          0.0,
          0.0,
          0.0,
          1.0
        ]
      ]
    },
    {
      "file_path": "/media/NFS/ttao/scannet/posed_images/scene0553_01/00021.jpg",
      "transform_matrix": [
        [
          -0.234057,
          0.300562,
          -0.924597,
          1.611952
        ],
        [
          0.971797,
          0.100471,
          -0.213345,
          2.862993
        ],
        [
          0.028771,
          -0.948456,
          -0.315601,
          1.400396
        ],
        [
          0.0,
          0.0,
          0.0,
          1.0
        ]
      ]
    },
    {
      "file_path": "/media/NFS/ttao/scannet/posed_images/scene0553_01/00022.jpg",
      "transform_matrix": [
        [
          -0.236533,
          0.297926,
          -0.92482,
          1.611864
        ],
        [
          0.971212,
          0.100191,
          -0.216122,
          2.861685
        ],
        [
          0.02827,
          -0.949317,
          -0.313048,
          1.402024
        ],
        [
          0.0,
          0.0,
          0.0,
          1.0
        ]
      ]
    },
    {
      "file_path": "/media/NFS/ttao/scannet/posed_images/scene0553_01/00028.jpg",
      "transform_matrix": [
        [
          -0.247344,
          0.286591,
          -0.925574,
          1.61222
        ],
        [
          0.968717,
          0.09307,
          -0.230055,
          2.848835
        ],
        [
          0.020212,
          -0.953521,
          -0.300646,
          1.407529
        ],
        [
          0.0,
          0.0,
          0.0,
          1.0
        ]
      ]
    },
    {
      "file_path": "/media/NFS/ttao/scannet/posed_images/scene0553_01/00032.jpg",
      "transform_matrix": [
        [
          -0.26167,
          0.283126,
          -0.922696,
          1.615401
        ],
        [
          0.965016,
          0.09311,
          -0.245101,
          2.846359
        ],
        [
          0.016518,
          -0.954552,
          -0.297585,
          1.398036
        ],
        [
          0.0,
          0.0,
          0.0,
          1.0
        ]
      ]
    },
    {
      "file_path": "/media/NFS/ttao/scannet/posed_images/scene0553_01/00036.jpg",
      "transform_matrix": [
        [
          -0.27879,
          0.317049,
          -0.906508,
          1.617676
        ],
        [
          0.96028,
          0.10363,
          -0.259082,
          2.835043
        ],
        [
          0.0118,
          -0.94273,
          -0.333347,
          1.374367
        ],
        [
          0.0,
          0.0,
          0.0,
          1.0
        ]
      ]
    },
    {
      "file_path": "/media/NFS/ttao/scannet/posed_images/scene0553_01/00045.jpg",
      "transform_matrix": [
        [
          -0.292169,
          0.435572,
          -0.851419,
          1.627563
        ],
        [
          0.956219,
          0.117371,
          -0.268086,
          2.814904
        ],
        [
          -0.016839,
          -0.892469,
          -0.450794,
          1.308123
        ],
        [
          0.0,
          0.0,
          0.0,
          1.0
        ]
      ]
    },
    {
      "file_path": "/media/NFS/ttao/scannet/posed_images/scene0553_01/00048.jpg",
      "transform_matrix": [
        [
          -0.290406,
          0.443512,
          -0.847916,
          1.641172
        ],
        [
          0.956701,
          0.116355,
          -0.266804,
          2.811299
        ],
        [
          -0.019671,
          -0.888684,
          -0.458099,
          1.297957
        ],
        [
          0.0,
          0.0,
          0.0,
          1.0
        ]
      ]
    },
    {
      "file_path": "/media/NFS/ttao/scannet/posed_images/scene0553_01/00051.jpg",
      "transform_matrix": [
        [
          -0.282626,
          0.444937,
          -0.849796,
          1.661118
        ],
        [
          0.959147,
          0.119412,
          -0.256473,
          2.802677
        ],
        [
          -0.012638,
          -0.887565,
          -0.460509,
          1.289821
        ],
        [
          0.0,
          0.0,
          0.0,
          1.0
        ]
      ]
    },
    {
      "file_path": "/media/NFS/ttao/scannet/posed_images/scene0553_01/00056.jpg",
      "transform_matrix": [
        [
          -0.239798,
          0.43452,
          -0.868153,
          1.70397
        ],
        [
          0.970811,
          0.102863,
          -0.21667,
          2.795056
        ],
        [
          -0.004847,
          -0.894769,
          -0.446503,
          1.283162
        ],
        [
          0.0,
          0.0,
          0.0,
          1.0
        ]
      ]
    },
    {
      "file_path": "/media/NFS/ttao/scannet/posed_images/scene0553_01/00060.jpg",
      "transform_matrix": [
        [
          -0.206089,
          0.436785,
          -0.87564,
          1.744683
        ],
        [
          0.978492,
          0.10021,
          -0.180309,
          2.789417
        ],
        [
          0.008992,
          -0.893967,
          -0.448043,
          1.277876
        ],
        [
          0.0,
          0.0,
          0.0,
          1.0
        ]
      ]
    },
    {
      "file_path": "/media/NFS/ttao/scannet/posed_images/scene0553_01/00066.jpg",
      "transform_matrix": [
        [
          -0.156552,
          0.45794,
          -0.87509,
          1.798652
        ],
        [
          0.987182,
          0.100382,
          -0.124075,
          2.774523
        ],
        [
          0.031024,
          -0.883297,
          -0.467785,
          1.277559
        ],
        [
          0.0,
          0.0,
          0.0,
          1.0
        ]
      ]
    },
    {
      "file_path": "/media/NFS/ttao/scannet/posed_images/scene0553_01/00073.jpg",
      "transform_matrix": [
        [
          -0.12565,
          0.475523,
          -0.870683,
          1.83655
        ],
        [
          0.991163,
          0.09778,
          -0.089635,
          2.754772
        ],
        [
          0.042512,
          -0.874252,
          -0.483607,
          1.286582
        ],
        [
          0.0,
          0.0,
          0.0,
          1.0
        ]
      ]
    },
    {
      "file_path": "/media/NFS/ttao/scannet/posed_images/scene0553_01/00076.jpg",
      "transform_matrix": [
        [
          -0.107606,
          0.477484,
          -0.872027,
          1.841089
        ],
        [
          0.99357,
          0.082716,
          -0.077313,
          2.748664
        ],
        [
          0.035214,
          -0.874738,
          -0.483314,
          1.294739
        ],
        [
          0.0,
          0.0,
          0.0,
          1.0
        ]
      ]
    },
    {
      "file_path": "/media/NFS/ttao/scannet/posed_images/scene0553_01/00079.jpg",
      "transform_matrix": [
        [
          -0.081305,
          0.476417,
          -0.875452,
          1.84058
        ],
        [
          0.996347,
          0.061854,
          -0.058872,
          2.742816
        ],
        [
          0.026103,
          -0.877041,
          -0.479706,
          1.30454
        ],
        [
          0.0,
          0.0,
          0.0,
          1.0
        ]
      ]
    },
    {
      "file_path": "/media/NFS/ttao/scannet/posed_images/scene0553_01/00084.jpg",
      "transform_matrix": [
        [
          -0.027912,
          0.496083,
          -0.867827,
          1.840624
        ],
        [
          0.999143,
          0.040383,
          -0.009051,
          2.719208
        ],
        [
          0.030555,
          -0.867336,
          -0.496785,
          1.309227
        ],
        [
          0.0,
          0.0,
          0.0,
          1.0
        ]
      ]
    },
    {
      "file_path": "/media/NFS/ttao/scannet/posed_images/scene0553_01/00088.jpg",
      "transform_matrix": [
        [
          0.035008,
          0.50031,
          -0.865138,
          1.835842
        ],
        [
          0.998833,
          0.011312,
          0.04696,
          2.702246
        ],
        [
          0.033281,
          -0.865772,
          -0.49933,
          1.317892
        ],
        [
          0.0,
          0.0,
          0.0,
          1.0
        ]
      ]
    },
    {
      "file_path": "/media/NFS/ttao/scannet/posed_images/scene0553_01/00094.jpg",
      "transform_matrix": [
        [
          0.115804,
          0.459826,
          -0.880426,
          1.83344
        ],
        [
          0.993173,
          -0.041119,
          0.109159,
          2.68107
        ],
        [
          0.013992,
          -0.887056,
          -0.461449,
          1.334592
        ],
        [
          0.0,
          0.0,
          0.0,
          1.0
        ]
      ]
    },
    {
      "file_path": "/media/NFS/ttao/scannet/posed_images/scene0553_01/00100.jpg",
      "transform_matrix": [
        [
          0.157739,
          0.44281,
          -0.882631,
          1.82634
        ],
        [
          0.987469,
          -0.066354,
          0.143186,
          2.676158
        ],
        [
          0.004839,
          -0.894157,
          -0.447727,
          1.346008
        ],
        [
          0.0,
          0.0,
          0.0,
          1.0
        ]
      ]
    },
    {
      "file_path": "/media/NFS/ttao/scannet/posed_images/scene0553_01/00102.jpg",
      "transform_matrix": [
        [
          0.174082,
          0.436565,
          -0.88267,
          1.82487
        ],
        [
          0.984728,
          -0.074758,
          0.157235,
          2.674151
        ],
        [
          0.002657,
          -0.896561,
          -0.442912,
          1.348026
        ],
        [
          0.0,
          0.0,
          0.0,
          1.0
        ]
      ]
    },
    {
      "file_path": "/media/NFS/ttao/scannet/posed_images/scene0553_01/00108.jpg",
      "transform_matrix": [
        [
          0.212052,
          0.420765,
          -0.882038,
          1.821079
        ],
        [
          0.977258,
          -0.090525,
          0.191761,
          2.66749
        ],
        [
          0.000839,
          -0.902642,
          -0.430392,
          1.355382
        ],
        [
          0.0,
          0.0,
          0.0,
          1.0
        ]
      ]
    },
    {
      "file_path": "/media/NFS/ttao/scannet/posed_images/scene0553_01/00111.jpg",
      "transform_matrix": [
        [
          0.221835,
          0.416378,
          -0.881714,
          1.818247
        ],
        [
          0.975058,
          -0.088046,
          0.203741,
          2.66894
        ],
        [
          0.007202,
          -0.904918,
          -0.425524,
          1.362238
        ],
        [
          0.0,
          0.0,
          0.0,
          1.0
        ]
      ]
    },
    {
      "file_path": "/media/NFS/ttao/scannet/posed_images/scene0553_01/00118.jpg",
      "transform_matrix": [
        [
          0.245871,
          0.37136,
          -0.895343,
          1.819509
        ],
        [
          0.969191,
          -0.080179,
          0.232895,
          2.67109
        ],
        [
          0.0147,
          -0.925021,
          -0.379632,
          1.387596
        ],
        [
          0.0,
          0.0,
          0.0,
          1.0
        ]
      ]
    },
    {
      "file_path": "/media/NFS/ttao/scannet/posed_images/scene0553_01/00123.jpg",
      "transform_matrix": [
        [
          0.285289,
          0.347846,
          -0.893092,
          1.822353
        ],
        [
          0.958095,
          -0.078448,
          0.275499,
          2.677495
        ],
        [
          0.02577,
          -0.934264,
          -0.35565,
          1.404534
        ],
        [
          0.0,
          0.0,
          0.0,
          1.0
        ]
      ]
    },
    {
      "file_path": "/media/NFS/ttao/scannet/posed_images/scene0553_01/00126.jpg",
      "transform_matrix": [
        [
          0.312213,
          0.337902,
          -0.887888,
          1.821921
        ],
        [
          0.949527,
          -0.081117,
          0.303016,
          2.680349
        ],
        [
          0.030367,
          -0.937679,
          -0.346173,
          1.413377
        ],
        [
          0.0,
          0.0,
          0.0,
          1.0
        ]
      ]
    },
    {
      "file_path": "/media/NFS/ttao/scannet/posed_images/scene0553_01/00132.jpg",
      "transform_matrix": [
        [
          0.337078,
          0.315909,
          -0.886893,
          1.827846
        ],
        [
          0.940757,
          -0.076182,
          0.330414,
          2.704758
        ],
        [
          0.036815,
          -0.945726,
          -0.322873,
          1.422717
        ],
        [
          0.0,
          0.0,
          0.0,
          1.0
        ]
      ]
    },
    {
      "file_path": "/media/NFS/ttao/scannet/posed_images/scene0553_01/00137.jpg",
      "transform_matrix": [
        [
          0.353713,
          0.303316,
          -0.884809,
          1.827825
        ],
        [
          0.9345,
          -0.074179,
          0.348149,
          2.706831
        ],
        [
          0.039965,
          -0.949998,
          -0.309686,
          1.431298
        ],
        [
          0.0,
          0.0,
          0.0,
          1.0
        ]
      ]
    },
    {
      "file_path": "/media/NFS/ttao/scannet/posed_images/scene0553_01/00139.jpg",
      "transform_matrix": [
        [
          0.35721,
          0.300163,
          -0.884479,
          1.828324
        ],
        [
          0.933147,
          -0.073665,
          0.351866,
          2.70926
        ],
        [
          0.040462,
          -0.951039,
          -0.30641,
          1.435186
        ],
        [
          0.0,
          0.0,
          0.0,
          1.0
        ]
      ]
    },
    {
      "file_path": "/media/NFS/ttao/scannet/posed_images/scene0553_01/00146.jpg",
      "transform_matrix": [
        [
          0.366791,
          0.277674,
          -0.887897,
          1.835245
        ],
        [
          0.929416,
          -0.067694,
          0.362773,
          2.718897
        ],
        [
          0.040628,
          -0.958287,
          -0.282904,
          1.436195
        ],
        [
          0.0,
          0.0,
          0.0,
          1.0
        ]
      ]
    },
    {
      "file_path": "/media/NFS/ttao/scannet/posed_images/scene0553_01/00149.jpg",
      "transform_matrix": [
        [
          0.371704,
          0.266508,
          -0.889275,
          1.835171
        ],
        [
          0.927339,
          -0.061863,
          0.369074,
          2.721131
        ],
        [
          0.043348,
          -0.961845,
          -0.270138,
          1.441461
        ],
        [
          0.0,
          0.0,
          0.0,
          1.0
        ]
      ]
    },
    {
      "file_path": "/media/NFS/ttao/scannet/posed_images/scene0553_01/00153.jpg",
      "transform_matrix": [
        [
          0.37904,
          0.242156,
          -0.893134,
          1.840152
        ],
        [
          0.924331,
          -0.053123,
          0.377876,
          2.728688
        ],
        [
          0.044059,
          -0.968782,
          -0.243968,
          1.44372
        ],
        [
          0.0,
          0.0,
          0.0,
          1.0
        ]
      ]
    },
    {
      "file_path": "/media/NFS/ttao/scannet/posed_images/scene0553_01/00159.jpg",
      "transform_matrix": [
        [
          0.404199,
          0.21262,
          -0.889615,
          1.834407
        ],
        [
          0.913482,
          -0.044261,
          0.404464,
          2.728306
        ],
        [
          0.046622,
          -0.976132,
          -0.212115,
          1.468767
        ],
        [
          0.0,
          0.0,
          0.0,
          1.0
        ]
      ]
    },
    {
      "file_path": "/media/NFS/ttao/scannet/posed_images/scene0553_01/00163.jpg",
      "transform_matrix": [
        [
          0.405935,
          0.183973,
          -0.895193,
          1.841941
        ],
        [
          0.913023,
          -0.038693,
          0.406069,
          2.746638
        ],
        [
          0.040068,
          -0.982169,
          -0.183679,
          1.469436
        ],
        [
          0.0,
          0.0,
          0.0,
          1.0
        ]
      ]
    },
    {
      "file_path": "/media/NFS/ttao/scannet/posed_images/scene0553_01/00170.jpg",
      "transform_matrix": [
        [
          0.420559,
          0.151356,
          -0.894551,
          1.847042
        ],
        [
          0.906529,
          -0.030377,
          0.42105,
          2.756614
        ],
        [
          0.036555,
          -0.988012,
          -0.149984,
          1.480028
        ],
        [
          0.0,
          0.0,
          0.0,
          1.0
        ]
      ]
    },
    {
      "file_path": "/media/NFS/ttao/scannet/posed_images/scene0553_01/00174.jpg",
      "transform_matrix": [
        [
          0.433826,
          0.139703,
          -0.8901,
          1.847135
        ],
        [
          0.900369,
          -0.030351,
          0.434067,
          2.759625
        ],
        [
          0.033625,
          -0.989728,
          -0.138951,
          1.483388
        ],
        [
          0.0,
          0.0,
          0.0,
          1.0
        ]
      ]
    },
    {
      "file_path": "/media/NFS/ttao/scannet/posed_images/scene0553_01/00180.jpg",
      "transform_matrix": [
        [
          0.458166,
          0.120195,
          -0.880703,
          1.854948
        ],
        [
          0.888263,
          -0.025399,
          0.458633,
          2.772761
        ],
        [
          0.032756,
          -0.992425,
          -0.118401,
          1.480337
        ],
        [
          0.0,
          0.0,
          0.0,
          1.0
        ]
      ]
    },
    {
      "file_path": "/media/NFS/ttao/scannet/posed_images/scene0553_01/00184.jpg",
      "transform_matrix": [
        [
          0.485978,
          0.112951,
          -0.866641,
          1.861643
        ],
        [
          0.873337,
          -0.024985,
          0.486476,
          2.778439
        ],
        [
          0.033295,
          -0.993286,
          -0.110786,
          1.475079
        ],
        [
          0.0,
          0.0,
          0.0,
          1.0
        ]
      ]
    },
    {
      "file_path": "/media/NFS/ttao/scannet/posed_images/scene0553_01/00189.jpg",
      "transform_matrix": [
        [
          0.52501,
          0.10801,
          -0.844215,
          1.87211
        ],
        [
          0.850997,
          -0.051504,
          0.522639,
          2.798578
        ],
        [
          0.01297,
          -0.992815,
          -0.118957,
          1.468614
        ],
        [
          0.0,
          0.0,
          0.0,
          1.0
        ]
      ]
    },
    {
      "file_path": "/media/NFS/ttao/scannet/posed_images/scene0553_01/00191.jpg",
      "transform_matrix": [
        [
          0.540127,
          0.109498,
          -0.83443,
          1.876655
        ],
        [
          0.841518,
          -0.057954,
          0.537111,
          2.806511
        ],
        [
          0.010454,
          -0.992296,
          -0.123447,
          1.472211
        ],
        [
          0.0,
          0.0,
          0.0,
          1.0
        ]
      ]
    },
    {
      "file_path": "/media/NFS/ttao/scannet/posed_images/scene0553_01/00198.jpg",
      "transform_matrix": [
        [
          0.590937,
          0.100142,
          -0.800478,
          1.883886
        ],
        [
          0.80667,
          -0.062609,
          0.587676,
          2.828309
        ],
        [
          0.008734,
          -0.993001,
          -0.11778,
          1.474511
        ],
        [
          0.0,
          0.0,
          0.0,
          1.0
        ]
      ]
    },
    {
      "file_path": "/media/NFS/ttao/scannet/posed_images/scene0553_01/00201.jpg",
      "transform_matrix": [
        [
          0.608065,
          0.096262,
          -0.78803,
          1.875245
        ],
        [
          0.793868,
          -0.066848,
          0.604404,
          2.831827
        ],
        [
          0.005503,
          -0.993109,
          -0.117067,
          1.475244
        ],
        [
          0.0,
          0.0,
          0.0,
          1.0
        ]
      ]
    },
    {
      "file_path": "/media/NFS/ttao/scannet/posed_images/scene0553_01/00206.jpg",
      "transform_matrix": [
        [
          0.645594,
          0.084549,
          -0.758986,
          1.855206
        ],
        [
          0.763548,
          -0.052925,
          0.643579,
          2.840134
        ],
        [
          0.014245,
          -0.995013,
          -0.098725,
          1.463302
        ],
        [
          0.0,
          0.0,
          0.0,
          1.0
        ]
      ]
    },
    {
      "file_path": "/media/NFS/ttao/scannet/posed_images/scene0553_01/00209.jpg",
      "transform_matrix": [
        [
          0.678165,
          0.080929,
          -0.73044,
          1.841869
        ],
        [
          0.734649,
          -0.048212,
          0.676732,
          2.848147
        ],
        [
          0.019551,
          -0.995553,
          -0.09215,
          1.46194
        ],
        [
          0.0,
          0.0,
          0.0,
          1.0
        ]
      ]
    },
    {
      "file_path": "/media/NFS/ttao/scannet/posed_images/scene0553_01/00217.jpg",
      "transform_matrix": [
        [
          0.74633,
          0.107302,
          -0.65687,
          1.779704
        ],
        [
          0.664291,
          -0.058798,
          0.745158,
          2.859453
        ],
        [
          0.041334,
          -0.992486,
          -0.115163,
          1.439778
        ],
        [
          0.0,
          0.0,
          0.0,
          1.0
        ]
      ]
    },
    {
      "file_path": "/media/NFS/ttao/scannet/posed_images/scene0553_01/00220.jpg",
      "transform_matrix": [
        [
          0.7628,
          0.110471,
          -0.637128,
          1.762078
        ],
        [
          0.644558,
          -0.051002,
          0.762852,
          2.862522
        ],
        [
          0.051778,
          -0.99257,
          -0.110109,
          1.439001
        ],
        [
          0.0,
          0.0,
          0.0,
          1.0
        ]
      ]
    },
    {
      "file_path": "/media/NFS/ttao/scannet/posed_images/scene0553_01/00226.jpg",
      "transform_matrix": [
        [
          0.789893,
          0.106521,
          -0.603922,
          1.725298
        ],
        [
          0.61199,
          -0.073984,
          0.787397,
          2.873462
        ],
        [
          0.039193,
          -0.991554,
          -0.123629,
          1.436146
        ],
        [
          0.0,
          0.0,
          0.0,
          1.0
        ]
      ]
    },
    {
      "file_path": "/media/NFS/ttao/scannet/posed_images/scene0553_01/00230.jpg",
      "transform_matrix": [
        [
          0.78501,
          0.105752,
          -0.61039,
          1.714788
        ],
        [
          0.618754,
          -0.086056,
          0.780857,
          2.87312
        ],
        [
          0.03005,
          -0.990662,
          -0.132989,
          1.419821
        ],
        [
          0.0,
          0.0,
          0.0,
          1.0
        ]
      ]
    },
    {
      "file_path": "/media/NFS/ttao/scannet/posed_images/scene0553_01/00233.jpg",
      "transform_matrix": [
        [
          0.800482,
          0.108165,
          -0.589516,
          1.704342
        ],
        [
          0.598489,
          -0.091338,
          0.795907,
          2.871613
        ],
        [
          0.032244,
          -0.989928,
          -0.13785,
          1.400008
        ],
        [
          0.0,
          0.0,
          0.0,
          1.0
        ]
      ]
    },
    {
      "file_path": "/media/NFS/ttao/scannet/posed_images/scene0553_01/00241.jpg",
      "transform_matrix": [
        [
          0.858155,
          0.123567,
          -0.498299,
          1.678596
        ],
        [
          0.512089,
          -0.136935,
          0.847947,
          2.86152
        ],
        [
          0.036544,
          -0.982843,
          -0.180789,
          1.359499
        ],
        [
          0.0,
          0.0,
          0.0,
          1.0
        ]
      ]
    },
    {
      "file_path": "/media/NFS/ttao/scannet/posed_images/scene0553_01/00244.jpg",
      "transform_matrix": [
        [
          0.869796,
          0.129505,
          -0.476113,
          1.667945
        ],
        [
          0.492206,
          -0.160322,
          0.855588,
          2.849765
        ],
        [
          0.034471,
          -0.978532,
          -0.20319,
          1.354275
        ],
        [
          0.0,
          0.0,
          0.0,
          1.0
        ]
      ]
    },
    {
      "file_path": "/media/NFS/ttao/scannet/posed_images/scene0553_01/00250.jpg",
      "transform_matrix": [
        [
          0.880557,
          0.128453,
          -0.456201,
          1.652616
        ],
        [
          0.473833,
          -0.218074,
          0.853186,
          2.821827
        ],
        [
          0.010109,
          -0.967441,
          -0.252892,
          1.325438
        ],
        [
          0.0,
          0.0,
          0.0,
          1.0
        ]
      ]
    },
    {
      "file_path": "/media/NFS/ttao/scannet/posed_images/scene0553_01/00251.jpg",
      "transform_matrix": [
        [
          0.88024,
          0.134856,
          -0.454963,
          1.645906
        ],
        [
          0.474422,
          -0.229805,
          0.849773,
          2.81159
        ],
        [
          0.010045,
          -0.963848,
          -0.266262,
          1.3226
        ],
        [
          0.0,
          0.0,
          0.0,
          1.0
        ]
      ]
    },
    {
      "file_path": "/media/NFS/ttao/scannet/posed_images/scene0553_01/00257.jpg",
      "transform_matrix": [
        [
          0.873484,
          0.163775,
          -0.458479,
          1.624066
        ],
        [
          0.48647,
          -0.256292,
          0.835261,
          2.779282
        ],
        [
          0.01929,
          -0.952624,
          -0.303539,
          1.302742
        ],
        [
          0.0,
          0.0,
          0.0,
          1.0
        ]
      ]
    },
    {
      "file_path": "/media/NFS/ttao/scannet/posed_images/scene0553_01/00262.jpg",
      "transform_matrix": [
        [
          0.873598,
          0.184675,
          -0.450245,
          1.603446
        ],
        [
          0.486141,
          -0.288982,
          0.824716,
          2.755605
        ],
        [
          0.022191,
          -0.939353,
          -0.342232,
          1.272849
        ],
        [
          0.0,
          0.0,
          0.0,
          1.0
        ]
      ]
    },
    {
      "file_path": "/media/NFS/ttao/scannet/posed_images/scene0553_01/00269.jpg",
      "transform_matrix": [
        [
          0.876755,
          0.229014,
          -0.422909,
          1.576044
        ],
        [
          0.478171,
          -0.320927,
          0.817532,
          2.740525
        ],
        [
          0.051503,
          -0.918999,
          -0.390882,
          1.236138
        ],
        [
          0.0,
          0.0,
          0.0,
          1.0
        ]
      ]
    },
    {
      "file_path": "/media/NFS/ttao/scannet/posed_images/scene0553_01/00274.jpg",
      "transform_matrix": [
        [
          0.877523,
          0.235044,
          -0.417981,
          1.572156
        ],
        [
          0.476044,
          -0.322005,
          0.818349,
          2.743921
        ],
        [
          0.057756,
          -0.917097,
          -0.394458,
          1.216498
        ],
        [
          0.0,
          0.0,
          0.0,
          1.0
        ]
      ]
    },
    {
      "file_path": "/media/NFS/ttao/scannet/posed_images/scene0553_01/00275.jpg",
      "transform_matrix": [
        [
          0.879122,
          0.234194,
          -0.415087,
          1.572106
        ],
        [
          0.472873,
          -0.319963,
          0.820984,
          2.744857
        ],
        [
          0.059457,
          -0.918029,
          -0.392031,
          1.215011
        ],
        [
          0.0,
          0.0,
          0.0,
          1.0
        ]
      ]
    },
    {
      "file_path": "/media/NFS/ttao/scannet/posed_images/scene0553_01/00281.jpg",
      "transform_matrix": [
        [
          0.900734,
          0.197624,
          -0.386811,
          1.587066
        ],
        [
          0.432319,
          -0.32142,
          0.84249,
          2.772236
        ],
        [
          0.042168,
          -0.926085,
          -0.374951,
          1.232156
        ],
        [
          0.0,
          0.0,
          0.0,
          1.0
        ]
      ]
    },
    {
      "file_path": "/media/NFS/ttao/scannet/posed_images/scene0553_01/00288.jpg",
      "transform_matrix": [
        [
          0.924007,
          0.150376,
          -0.351564,
          1.614294
        ],
        [
          0.382272,
          -0.341974,
          0.858442,
          2.79262
        ],
        [
          0.008864,
          -0.927599,
          -0.373471,
          1.243655
        ],
        [
          0.0,
          0.0,
          0.0,
          1.0
        ]
      ]
    },
    {
      "file_path": "/media/NFS/ttao/scannet/posed_images/scene0553_01/00290.jpg",
      "transform_matrix": [
        [
          0.928842,
          0.130934,
          -0.346568,
          1.626571
        ],
        [
          0.370408,
          -0.346211,
          0.861937,
          2.793863
        ],
        [
          -0.007129,
          -0.928975,
          -0.370074,
          1.239388
        ],
        [
          0.0,
          0.0,
          0.0,
          1.0
        ]
      ]
    },
    {
      "file_path": "/media/NFS/ttao/scannet/posed_images/scene0553_01/00297.jpg",
      "transform_matrix": [
        [
          0.945054,
          0.078413,
          -0.31737,
          1.666503
        ],
        [
          0.324532,
          -0.342001,
          0.881881,
          2.799535
        ],
        [
          -0.03939,
          -0.936422,
          -0.348657,
          1.250293
        ],
        [
          0.0,
          0.0,
          0.0,
          1.0
        ]
      ]
    },
    {
      "file_path": "/media/NFS/ttao/scannet/posed_images/scene0553_01/00300.jpg",
      "transform_matrix": [
        [
          0.94309,
          0.038352,
          -0.33032,
          1.704329
        ],
        [
          0.322863,
          -0.343477,
          0.88192,
          2.806341
        ],
        [
          -0.079634,
          -0.938378,
          -0.336312,
          1.257113
        ],
        [
          0.0,
          0.0,
          0.0,
          1.0
        ]
      ]
    },
    {
      "file_path": "/media/NFS/ttao/scannet/posed_images/scene0553_01/00304.jpg",
      "transform_matrix": [
        [
          0.941039,
          0.018137,
          -0.337812,
          1.731678
        ],
        [
          0.324596,
          -0.329721,
          0.886522,
          2.815397
        ],
        [
          -0.095305,
          -0.943904,
          -0.316168,
          1.273213
        ],
        [
          0.0,
          0.0,
          0.0,
          1.0
        ]
      ]
    },
    {
      "file_path": "/media/NFS/ttao/scannet/posed_images/scene0553_01/00307.jpg",
      "transform_matrix": [
        [
          0.935052,
          0.037785,
          -0.352491,
          1.75137
        ],
        [
          0.346957,
          -0.301692,
          0.888033,
          2.822225
        ],
        [
          -0.072789,
          -0.952656,
          -0.295208,
          1.289983
        ],
        [
          0.0,
          0.0,
          0.0,
          1.0
        ]
      ]
    },
    {
      "file_path": "/media/NFS/ttao/scannet/posed_images/scene0553_01/00316.jpg",
      "transform_matrix": [
        [
          0.950074,
          0.045903,
          -0.308629,
          1.847119
        ],
        [
          0.3104,
          -0.239823,
          0.919857,
          2.846426
        ],
        [
          -0.031792,
          -0.969731,
          -0.242098,
          1.333546
        ],
        [
          0.0,
          0.0,
          0.0,
          1.0
        ]
      ]
    },
    {
      "file_path": "/media/NFS/ttao/scannet/posed_images/scene0553_01/00320.jpg",
      "transform_matrix": [
        [
          0.944941,
          0.034535,
          -0.325414,
          1.883228
        ],
        [
          0.324495,
          -0.227447,
          0.918135,
          2.849218
        ],
        [
          -0.042307,
          -0.973178,
          -0.226131,
          1.356799
        ],
        [
          0.0,
          0.0,
          0.0,
          1.0
        ]
      ]
    },
    {
      "file_path": "/media/NFS/ttao/scannet/posed_images/scene0553_01/00323.jpg",
      "transform_matrix": [
        [
          0.939916,
          0.023989,
          -0.340562,
          1.89955
        ],
        [
          0.33745,
          -0.216697,
          0.916063,
          2.843596
        ],
        [
          -0.051823,
          -0.975944,
          -0.211772,
          1.366093
        ],
        [
          0.0,
          0.0,
          0.0,
          1.0
        ]
      ]
    },
    {
      "file_path": "/media/NFS/ttao/scannet/posed_images/scene0553_01/00330.jpg",
      "transform_matrix": [
        [
          0.939741,
          0.0244,
          -0.341015,
          1.919623
        ],
        [
          0.338526,
          -0.205933,
          0.918146,
          2.832638
        ],
        [
          -0.047824,
          -0.978262,
          -0.201783,
          1.379653
        ],
        [
          0.0,
          0.0,
          0.0,
          1.0
        ]
      ]
    },
    {
      "file_path": "/media/NFS/ttao/scannet/posed_images/scene0553_01/00334.jpg",
      "transform_matrix": [
        [
          0.941667,
          0.028429,
          -0.335343,
          1.923468
        ],
        [
          0.332952,
          -0.22393,
          0.915969,
          2.830871
        ],
        [
          -0.049053,
          -0.97419,
          -0.220333,
          1.37182
        ],
        [
          0.0,
          0.0,
          0.0,
          1.0
        ]
      ]
    },
    {
      "file_path": "/media/NFS/ttao/scannet/posed_images/scene0553_01/00335.jpg",
      "transform_matrix": [
        [
          0.942053,
          0.029706,
          -0.334147,
          1.923292
        ],
        [
          0.331924,
          -0.226862,
          0.91562,
          2.830629
        ],
        [
          -0.048606,
          -0.973474,
          -0.223576,
          1.368802
        ],
        [
          0.0,
          0.0,
          0.0,
          1.0
        ]
      ]
    },
    {
      "file_path": "/media/NFS/ttao/scannet/posed_images/scene0553_01/00341.jpg",
      "transform_matrix": [
        [
          0.947474,
          0.045553,
          -0.316573,
          1.914245
        ],
        [
          0.317807,
          -0.245329,
          0.915867,
          2.826558
        ],
        [
          -0.035944,
          -0.968369,
          -0.24692,
          1.356169
        ],
        [
          0.0,
          0.0,
          0.0,
          1.0
        ]
      ]
    },
    {
      "file_path": "/media/NFS/ttao/scannet/posed_images/scene0553_01/00348.jpg",
      "transform_matrix": [
        [
          0.955182,
          0.05743,
          -0.290394,
          1.905643
        ],
        [
          0.295078,
          -0.262861,
          0.918604,
          2.814898
        ],
        [
          -0.023578,
          -0.963123,
          -0.268026,
          1.333943
        ],
        [
          0.0,
          0.0,
          0.0,
          1.0
        ]
      ]
    },
    {
      "file_path": "/media/NFS/ttao/scannet/posed_images/scene0553_01/00351.jpg",
      "transform_matrix": [
        [
          0.955591,
          0.05932,
          -0.288664,
          1.904692
        ],
        [
          0.293536,
          -0.278424,
          0.914504,
          2.812343
        ],
        [
          -0.026122,
          -0.958625,
          -0.283472,
          1.323525
        ],
        [
          0.0,
          0.0,
          0.0,
          1.0
        ]
      ]
    },
    {
      "file_path": "/media/NFS/ttao/scannet/posed_images/scene0553_01/00356.jpg",
      "transform_matrix": [
        [
          0.95195,
          0.075697,
          -0.29675,
          1.907623
        ],
        [
          0.305759,
          -0.289919,
          0.906895,
          2.800588
        ],
        [
          -0.017384,
          -0.954053,
          -0.299133,
          1.311314
        ],
        [
          0.0,
          0.0,
          0.0,
          1.0
        ]
      ]
    },
    {
      "file_path": "/media/NFS/ttao/scannet/posed_images/scene0553_01/00359.jpg",
      "transform_matrix": [
        [
          0.952352,
          0.076542,
          -0.29524,
          1.910623
        ],
        [
          0.304587,
          -0.289033,
          0.907572,
          2.791412
        ],
        [
          -0.015867,
          -0.954254,
          -0.298575,
          1.30425
        ],
        [
          0.0,
          0.0,
          0.0,
