{
  "frames": [
    {
      "file_path": "/media/NFS/ttao/scannet/posed_images/scene0585_00/00003.jpg",
      "transform_matrix": [
        [
          -0.853518,
          0.179843,
          -0.489043,
          6.525182
        ],
        [
          0.5186,
          0.384336,
          -0.763767,
          3.915277
        ],
        [
          0.050599,
          -0.905507,
          -0.421304,
          1.706651
        ],
        [
          0.0,
          0.0,
          0.0,
          1.0
        ]
      ]
    },
    {
      "file_path": "/media/NFS/ttao/scannet/posed_images/scene0585_00/00014.jpg",
      "transform_matrix": [
        [
          -0.85744,
          0.197396,
          -0.475218,
          6.495219
        ],
        [
          0.513772,
          0.380271,
          -0.769047,
          3.916081
        ],
        [
          0.028905,
          -0.903565,
          -0.427476,
          1.657872
        ],
        [
          0.0,
          0.0,
          0.0,
          1.0
        ]
      ]
    },
    {
      "file_path": "/media/NFS/ttao/scannet/posed_images/scene0585_00/00020.jpg",
      "transform_matrix": [
        [
          -0.879095,
          0.170664,
          -0.445047,
          6.44126
        ],
        [
          0.474528,
          0.401305,
          -0.78344,
          3.908527
        ],
        [
          0.044895,
          -0.899905,
          -0.433769,
          1.662217
        ],
        [
          0.0,
          0.0,
          0.0,
          1.0
        ]
      ]
    },
    {
      "file_path": "/media/NFS/ttao/scannet/posed_images/scene0585_00/00031.jpg",
      "transform_matrix": [
        [
          -0.950187,
          0.119048,
          -0.28805,
          6.331889
        ],
        [
          0.310639,
          0.437238,
          -0.843994,
          3.879332
        ],
        [
          0.025471,
          -0.891432,
          -0.452439,
          1.661237
        ],
        [
          0.0,
          0.0,
          0.0,
          1.0
        ]
      ]
    },
    {
      "file_path": "/media/NFS/ttao/scannet/posed_images/scene0585_00/00042.jpg",
      "transform_matrix": [
        [
          -0.983047,
          0.074227,
          -0.167659,
          6.249249
        ],
        [
          0.183238,
          0.430397,
          -0.883845,
          3.760128
        ],
        [
          0.006554,
          -0.899583,
          -0.436701,
          1.680668
        ],
        [
          0.0,
          0.0,
          0.0,
          1.0
        ]
      ]
    },
    {
      "file_path": "/media/NFS/ttao/scannet/posed_images/scene0585_00/00051.jpg",
      "transform_matrix": [
        [
          -0.993715,
          0.058485,
          -0.09545,
          6.195336
        ],
        [
          0.1107,
          0.386676,
          -0.915548,
          3.668955
        ],
        [
          -0.016638,
          -0.92036,
          -0.390719,
          1.772826
        ],
        [
          0.0,
          0.0,
          0.0,
          1.0
        ]
      ]
    },
    {
      "file_path": "/media/NFS/ttao/scannet/posed_images/scene0585_00/00056.jpg",
      "transform_matrix": [
        [
          -0.997701,
          0.042649,
          -0.052658,
          6.157215
        ],
        [
          0.064255,
          0.348639,
          -0.935052,
          3.63559
        ],
        [
          -0.02152,
          -0.936286,
          -0.350578,
          1.818608
        ],
        [
          0.0,
          0.0,
          0.0,
          1.0
        ]
      ]
    },
    {
      "file_path": "/media/NFS/ttao/scannet/posed_images/scene0585_00/00065.jpg",
      "transform_matrix": [
        [
          -0.998927,
          -0.013774,
          0.044226,
          6.077828
        ],
        [
          -0.046277,
          0.25521,
          -0.965778,
          3.613856
        ],
        [
          0.002016,
          -0.966788,
          -0.255574,
          1.863506
        ],
        [
          0.0,
          0.0,
          0.0,
          1.0
        ]
      ]
    },
    {
      "file_path": "/media/NFS/ttao/scannet/posed_images/scene0585_00/00073.jpg",
      "transform_matrix": [
        [
          -0.995315,
          -0.006702,
          0.096447,
          6.001515
        ],
        [
          -0.095842,
          0.199442,
          -0.975212,
          3.609113
        ],
        [
          -0.012699,
          -0.979887,
          -0.19915,
          1.920306
        ],
        [
          0.0,
          0.0,
          0.0,
          1.0
        ]
      ]
    },
    {
      "file_path": "/media/NFS/ttao/scannet/posed_images/scene0585_00/00090.jpg",
      "transform_matrix": [
        [
          -0.996548,
          -0.023174,
          0.079715,
          5.92806
        ],
        [
          -0.082909,
          0.326435,
          -0.941577,
          3.669053
        ],
        [
          -0.004201,
          -0.944936,
          -0.327229,
          1.838824
        ],
        [
          0.0,
          0.0,
          0.0,
          1.0
        ]
      ]
    },
    {
      "file_path": "/media/NFS/ttao/scannet/posed_images/scene0585_00/00099.jpg",
      "transform_matrix": [
        [
          -0.996865,
          0.006039,
          0.078888,
          5.904409
        ],
        [
          -0.066679,
          0.472559,
          -0.878773,
          3.708662
        ],
        [
          -0.042586,
          -0.881278,
          -0.470675,
          1.757156
        ],
        [
          0.0,
          0.0,
          0.0,
          1.0
        ]
      ]
    },
    {
      "file_path": "/media/NFS/ttao/scannet/posed_images/scene0585_00/00102.jpg",
      "transform_matrix": [
        [
          -0.998195,
          0.006088,
          0.059751,
          5.910009
        ],
        [
          -0.048876,
          0.495826,
          -0.867046,
          3.735865
        ],
        [
          -0.034904,
          -0.868401,
          -0.494633,
          1.692726
        ],
        [
          0.0,
          0.0,
          0.0,
          1.0
        ]
      ]
    },
    {
      "file_path": "/media/NFS/ttao/scannet/posed_images/scene0585_00/00118.jpg",
      "transform_matrix": [
        [
          -0.999397,
          -0.026405,
          0.022528,
          5.881299
        ],
        [
          -0.034264,
          0.646886,
          -0.761817,
          3.801672
        ],
        [
          0.005543,
          -0.762129,
          -0.647401,
          1.5649
        ],
        [
          0.0,
          0.0,
          0.0,
          1.0
        ]
      ]
    },
    {
      "file_path": "/media/NFS/ttao/scannet/posed_images/scene0585_00/00127.jpg",
      "transform_matrix": [
        [
          -0.999638,
          -0.003713,
          -0.026625,
          5.846636
        ],
        [
          0.015843,
          0.718778,
          -0.69506,
          3.809161
        ],
        [
          0.021718,
          -0.69523,
          -0.718459,
          1.518534
        ],
        [
          0.0,
          0.0,
          0.0,
          1.0
        ]
      ]
    },
    {
      "file_path": "/media/NFS/ttao/scannet/posed_images/scene0585_00/00133.jpg",
      "transform_matrix": [
        [
          -0.997065,
          0.048621,
          -0.059145,
          5.791903
        ],
        [
          0.07579,
          0.736391,
          -0.672298,
          3.775647
        ],
        [
          0.010866,
          -0.674807,
          -0.737914,
          1.520087
        ],
        [
          0.0,
          0.0,
          0.0,
          1.0
        ]
      ]
    },
    {
      "file_path": "/media/NFS/ttao/scannet/posed_images/scene0585_00/00147.jpg",
      "transform_matrix": [
        [
          -0.967919,
          0.120942,
          -0.220238,
          5.635177
        ],
        [
          0.249505,
          0.566094,
          -0.785675,
          3.635649
        ],
        [
          0.029654,
          -0.815421,
          -0.578109,
          1.601979
        ],
        [
          0.0,
          0.0,
          0.0,
          1.0
        ]
      ]
    },
    {
      "file_path": "/media/NFS/ttao/scannet/posed_images/scene0585_00/00155.jpg",
      "transform_matrix": [
        [
          -0.949886,
          0.132057,
          -0.283334,
          5.559855
        ],
        [
          0.311477,
          0.476523,
          -0.822136,
          3.556903
        ],
        [
          0.026447,
          -0.869187,
          -0.493775,
          1.664866
        ],
        [
          0.0,
          0.0,
          0.0,
          1.0
        ]
      ]
    },
    {
      "file_path": "/media/NFS/ttao/scannet/posed_images/scene0585_00/00161.jpg",
      "transform_matrix": [
        [
          -0.946246,
          0.124315,
          -0.298604,
          5.513411
        ],
        [
          0.322607,
          0.42927,
          -0.843595,
          3.504793
        ],
        [
          0.02331,
          -0.89458,
          -0.4463,
          1.705422
        ],
        [
          0.0,
          0.0,
          0.0,
          1.0
        ]
      ]
    },
    {
      "file_path": "/media/NFS/ttao/scannet/posed_images/scene0585_00/00175.jpg",
      "transform_matrix": [
        [
          -0.965795,
          0.026854,
          -0.257912,
          5.407071
        ],
        [
          0.249202,
          0.371066,
          -0.894544,
          3.427384
        ],
        [
          0.07168,
          -0.928218,
          -0.365065,
          1.801089
        ],
        [
          0.0,
          0.0,
          0.0,
          1.0
        ]
      ]
    },
    {
      "file_path": "/media/NFS/ttao/scannet/posed_images/scene0585_00/00178.jpg",
      "transform_matrix": [
        [
          -0.972144,
          0.02252,
          -0.233299,
          5.388921
        ],
        [
          0.226024,
          0.353543,
          -0.907701,
          3.412858
        ],
        [
          0.06204,
          -0.935147,
          -0.348785,
          1.806189
        ],
        [
          0.0,
          0.0,
          0.0,
          1.0
        ]
      ]
    },
    {
      "file_path": "/media/NFS/ttao/scannet/posed_images/scene0585_00/00192.jpg",
      "transform_matrix": [
        [
          -0.983363,
          0.028421,
          -0.179415,
          5.237216
        ],
        [
          0.181577,
          0.18221,
          -0.966349,
          3.429636
        ],
        [
          0.005226,
          -0.982849,
          -0.184339,
          1.782944
        ],
        [
          0.0,
          0.0,
          0.0,
          1.0
        ]
      ]
    },
    {
      "file_path": "/media/NFS/ttao/scannet/posed_images/scene0585_00/00200.jpg",
      "transform_matrix": [
        [
          -0.957843,
          0.0415,
          -0.284278,
          5.15401
        ],
        [
          0.286918,
          0.188635,
          -0.939199,
          3.383828
        ],
        [
          0.014648,
          -0.98117,
          -0.19259,
          1.788832
        ],
        [
          0.0,
          0.0,
          0.0,
          1.0
        ]
      ]
    },
    {
      "file_path": "/media/NFS/ttao/scannet/posed_images/scene0585_00/00212.jpg",
      "transform_matrix": [
        [
          -0.888297,
          0.065294,
          -0.454604,
          5.059546
        ],
        [
          0.459164,
          0.147462,
          -0.876027,
          3.235772
        ],
        [
          0.009837,
          -0.98691,
          -0.160971,
          1.786224
        ],
        [
          0.0,
          0.0,
          0.0,
          1.0
        ]
      ]
    },
    {
      "file_path": "/media/NFS/ttao/scannet/posed_images/scene0585_00/00214.jpg",
      "transform_matrix": [
        [
          -0.883591,
          0.074379,
          -0.462314,
          5.05392
        ],
        [
          0.468255,
          0.136317,
          -0.873015,
          3.213636
        ],
        [
          -0.001913,
          -0.987869,
          -0.155277,
          1.784181
        ],
        [
          0.0,
          0.0,
          0.0,
          1.0
        ]
      ]
    },
    {
      "file_path": "/media/NFS/ttao/scannet/posed_images/scene0585_00/00226.jpg",
      "transform_matrix": [
        [
          -0.935052,
          0.102541,
          -0.339357,
          5.019476
        ],
        [
          0.351498,
          0.143629,
          -0.925105,
          3.129825
        ],
        [
          -0.046119,
          -0.984305,
          -0.170343,
          1.754007
        ],
        [
          0.0,
          0.0,
          0.0,
          1.0
        ]
      ]
    },
    {
      "file_path": "/media/NFS/ttao/scannet/posed_images/scene0585_00/00234.jpg",
      "transform_matrix": [
        [
          -0.973148,
          0.075334,
          -0.217503,
          4.967151
        ],
        [
          0.226816,
          0.152895,
          -0.961862,
          3.118983
        ],
        [
          -0.039205,
          -0.985367,
          -0.165876,
          1.767289
        ],
        [
          0.0,
          0.0,
          0.0,
          1.0
        ]
      ]
    },
    {
      "file_path": "/media/NFS/ttao/scannet/posed_images/scene0585_00/00248.jpg",
      "transform_matrix": [
        [
          -0.996236,
          0.025336,
          0.082891,
          4.93944
        ],
        [
          -0.075487,
          0.216373,
          -0.973388,
          3.13567
        ],
        [
          -0.042597,
          -0.975982,
          -0.213646,
          1.739888
        ],
        [
          0.0,
          0.0,
          0.0,
          1.0
        ]
      ]
    },
    {
      "file_path": "/media/NFS/ttao/scannet/posed_images/scene0585_00/00257.jpg",
      "transform_matrix": [
        [
          -0.96838,
          -0.012694,
          0.249157,
          4.973256
        ],
        [
          -0.244853,
          0.239806,
          -0.939436,
          3.129749
        ],
        [
          -0.047824,
          -0.970738,
          -0.235331,
          1.709194
        ],
        [
          0.0,
          0.0,
          0.0,
          1.0
        ]
      ]
    },
    {
      "file_path": "/media/NFS/ttao/scannet/posed_images/scene0585_00/00268.jpg",
      "transform_matrix": [
        [
          -0.923716,
          -0.108822,
          0.367297,
          5.00097
        ],
        [
          -0.381119,
          0.357923,
          -0.852432,
          3.10219
        ],
        [
          -0.038701,
          -0.927388,
          -0.372093,
          1.693207
        ],
        [
          0.0,
          0.0,
          0.0,
          1.0
        ]
      ]
    },
    {
      "file_path": "/media/NFS/ttao/scannet/posed_images/scene0585_00/00276.jpg",
      "transform_matrix": [
        [
          -0.88175,
          -0.191926,
          0.430907,
          5.019216
        ],
        [
          -0.471251,
          0.398972,
          -0.786603,
          3.129899
        ],
        [
          -0.02095,
          -0.896653,
          -0.442239,
          1.613529
        ],
        [
          0.0,
          0.0,
          0.0,
          1.0
        ]
      ]
    },
    {
      "file_path": "/media/NFS/ttao/scannet/posed_images/scene0585_00/00282.jpg",
      "transform_matrix": [
        [
          -0.833723,
          -0.270951,
          0.481136,
          4.968984
        ],
        [
          -0.551305,
          0.45758,
          -0.697627,
          3.112615
        ],
        [
          -0.031136,
          -0.84688,
          -0.530871,
          1.615937
        ],
        [
          0.0,
          0.0,
          0.0,
          1.0
        ]
      ]
    },
    {
      "file_path": "/media/NFS/ttao/scannet/posed_images/scene0585_00/00290.jpg",
      "transform_matrix": [
        [
          -0.784158,
          -0.342778,
          0.5173,
          4.868554
        ],
        [
          -0.619567,
          0.479618,
          -0.621373,
          3.166291
        ],
        [
          -0.035114,
          -0.807756,
          -0.58847,
          1.532526
        ],
        [
          0.0,
          0.0,
          0.0,
          1.0
        ]
      ]
    },
    {
      "file_path": "/media/NFS/ttao/scannet/posed_images/scene0585_00/00302.jpg",
      "transform_matrix": [
        [
          -0.772522,
          -0.415379,
          0.480281,
          4.708449
        ],
        [
          -0.634953,
          0.513195,
          -0.577465,
          3.197469
        ],
        [
          -0.006611,
          -0.75106,
          -0.660201,
          1.485639
        ],
        [
          0.0,
          0.0,
          0.0,
          1.0
        ]
      ]
    },
    {
      "file_path": "/media/NFS/ttao/scannet/posed_images/scene0585_00/00316.jpg",
      "transform_matrix": [
        [
          -0.862794,
          -0.286017,
          0.41687,
          4.631962
        ],
        [
          -0.502559,
          0.574871,
          -0.645723,
          2.994812
        ],
        [
          -0.054959,
          -0.766628,
          -0.639736,
          1.663019
        ],
        [
          0.0,
          0.0,
          0.0,
          1.0
        ]
      ]
    },
    {
      "file_path": "/media/NFS/ttao/scannet/posed_images/scene0585_00/00319.jpg",
      "transform_matrix": [
        [
          -0.881419,
          -0.239176,
          0.407303,
          4.631365
        ],
        [
          -0.465767,
          0.583423,
          -0.665341,
          2.934998
        ],
        [
          -0.078496,
          -0.776152,
          -0.62564,
          1.721777
        ],
        [
          0.0,
          0.0,
          0.0,
          1.0
        ]
      ]
    },
    {
      "file_path": "/media/NFS/ttao/scannet/posed_images/scene0585_00/00333.jpg",
      "transform_matrix": [
        [
          -0.880116,
          -0.033413,
          0.473581,
          4.525735
        ],
        [
          -0.47036,
          0.196835,
          -0.860243,
          3.017146
        ],
        [
          -0.064474,
          -0.979867,
          -0.188954,
          1.710589
        ],
        [
          0.0,
          0.0,
          0.0,
          1.0
        ]
      ]
    },
    {
      "file_path": "/media/NFS/ttao/scannet/posed_images/scene0585_00/00336.jpg",
      "transform_matrix": [
        [
          -0.880693,
          0.000205,
          0.473687,
          4.519526
        ],
        [
          -0.467457,
          0.161276,
          -0.86918,
          3.013717
        ],
        [
          -0.076572,
          -0.986909,
          -0.141939,
          1.701355
        ],
        [
          0.0,
          0.0,
          0.0,
          1.0
        ]
      ]
    },
    {
      "file_path": "/media/NFS/ttao/scannet/posed_images/scene0585_00/00352.jpg",
      "transform_matrix": [
        [
          -0.900797,
          0.039013,
          0.432485,
          4.534026
        ],
        [
          -0.431832,
          0.024288,
          -0.901627,
          3.005234
        ],
        [
          -0.045679,
          -0.998944,
          -0.005032,
          1.83262
        ],
        [
          0.0,
          0.0,
          0.0,
          1.0
        ]
      ]
    },
    {
      "file_path": "/media/NFS/ttao/scannet/posed_images/scene0585_00/00361.jpg",
      "transform_matrix": [
        [
          -0.904012,
          0.059208,
          0.423387,
          4.460508
        ],
        [
          -0.427074,
          -0.080525,
          -0.900624,
          2.996424
        ],
        [
          -0.01923,
          -0.994993,
          0.098082,
          1.857793
        ],
        [
          0.0,
          0.0,
          0.0,
          1.0
        ]
      ]
    },
    {
      "file_path": "/media/NFS/ttao/scannet/posed_images/scene0585_00/00372.jpg",
      "transform_matrix": [
        [
          -0.931596,
          0.00267,
          0.363487,
          4.353134
        ],
        [
          -0.363496,
          -0.005435,
          -0.93158,
          2.961599
        ],
        [
          -0.000512,
          -0.999982,
          0.006034,
          1.831096
        ],
        [
          0.0,
          0.0,
          0.0,
          1.0
        ]
      ]
    },
    {
      "file_path": "/media/NFS/ttao/scannet/posed_images/scene0585_00/00381.jpg",
      "transform_matrix": [
        [
          -0.93824,
          -0.082738,
          0.335945,
          4.292415
        ],
        [
          -0.345013,
          0.151047,
          -0.926364,
          2.939091
        ],
        [
          0.025902,
          -0.985058,
          -0.170264,
          1.762892
        ],
        [
          0.0,
          0.0,
          0.0,
          1.0
        ]
      ]
    },
    {
      "file_path": "/media/NFS/ttao/scannet/posed_images/scene0585_00/00384.jpg",
      "transform_matrix": [
        [
          -0.94014,
          -0.083748,
          0.330338,
          4.268844
        ],
        [
          -0.340288,
          0.178193,
          -0.923283,
          2.93372
        ],
        [
          0.018459,
          -0.980425,
          -0.196025,
          1.75188
        ],
        [
          0.0,
          0.0,
          0.0,
          1.0
        ]
      ]
    },
    {
      "file_path": "/media/NFS/ttao/scannet/posed_images/scene0585_00/00400.jpg",
      "transform_matrix": [
        [
          -0.928926,
          -0.169173,
          0.329358,
          4.215894
        ],
        [
          -0.370218,
          0.410226,
          -0.833459,
          2.908955
        ],
        [
          0.005888,
          -0.896156,
          -0.443701,
          1.633525
        ],
        [
          0.0,
          0.0,
          0.0,
          1.0
        ]
      ]
    },
    {
      "file_path": "/media/NFS/ttao/scannet/posed_images/scene0585_00/00409.jpg",
      "transform_matrix": [
        [
          -0.930015,
          -0.163474,
          0.329161,
          4.175869
        ],
        [
          -0.365489,
          0.505408,
          -0.781653,
          2.928256
        ],
        [
          -0.038581,
          -0.847254,
          -0.529785,
          1.496084
        ],
        [
          0.0,
          0.0,
          0.0,
          1.0
        ]
      ]
    },
    {
      "file_path": "/media/NFS/ttao/scannet/posed_images/scene0585_00/00412.jpg",
      "transform_matrix": [
        [
          -0.94348,
          -0.187643,
          0.273195,
          4.23616
        ],
        [
          -0.330706,
          0.587435,
          -0.738616,
          2.895311
        ],
        [
          -0.021888,
          -0.787217,
          -0.616288,
          1.515762
        ],
        [
          0.0,
          0.0,
          0.0,
          1.0
        ]
      ]
    },
    {
      "file_path": "/media/NFS/ttao/scannet/posed_images/scene0585_00/00429.jpg",
      "transform_matrix": [
        [
          -0.934456,
          -0.21303,
          0.285323,
          4.236937
        ],
        [
          -0.354725,
          0.626689,
          -0.693852,
          2.940999
        ],
        [
          -0.030998,
          -0.749586,
          -0.661181,
          1.340046
        ],
        [
          0.0,
          0.0,
          0.0,
          1.0
        ]
      ]
    },
    {
      "file_path": "/media/NFS/ttao/scannet/posed_images/scene0585_00/00431.jpg",
      "transform_matrix": [
        [
          -0.935057,
          -0.243371,
          0.257759,
          4.25613
        ],
        [
          -0.353697,
          0.689352,
          -0.632212,
          2.877495
        ],
        [
          -0.023825,
          -0.682323,
          -0.730663,
          1.386183
        ],
        [
          0.0,
          0.0,
          0.0,
          1.0
        ]
      ]
    },
    {
      "file_path": "/media/NFS/ttao/scannet/posed_images/scene0585_00/00446.jpg",
      "transform_matrix": [
        [
          -0.867266,
          -0.384162,
          0.316653,
          4.15603
        ],
        [
          -0.497781,
          0.679298,
          -0.539229,
          2.915891
        ],
        [
          -0.007951,
          -0.625279,
          -0.780361,
          1.341177
        ],
        [
          0.0,
          0.0,
          0.0,
          1.0
        ]
      ]
    },
    {
      "file_path": "/media/NFS/ttao/scannet/posed_images/scene0585_00/00448.jpg",
      "transform_matrix": [
        [
          -0.859914,
          -0.393868,
          0.324679,
          4.146936
        ],
        [
          -0.510411,
          0.67027,
          -0.53872,
          2.921779
        ],
        [
          -0.005438,
          -0.628972,
          -0.777409,
          1.33582
        ],
        [
          0.0,
          0.0,
          0.0,
          1.0
        ]
      ]
    },
    {
      "file_path": "/media/NFS/ttao/scannet/posed_images/scene0585_00/00465.jpg",
      "transform_matrix": [
        [
          -0.867145,
          -0.384026,
          0.317147,
          4.223618
        ],
        [
          -0.498052,
          0.67061,
          -0.549751,
          2.927967
        ],
        [
          -0.001563,
          -0.63467,
          -0.772781,
          1.14702
        ],
        [
          0.0,
          0.0,
          0.0,
          1.0
        ]
      ]
    },
    {
      "file_path": "/media/NFS/ttao/scannet/posed_images/scene0585_00/00474.jpg",
      "transform_matrix": [
        [
          -0.887062,
          -0.356147,
          0.293734,
          4.309488
        ],
        [
          -0.460887,
          0.646649,
          -0.607807,
          2.884712
        ],
        [
          0.026526,
          -0.674541,
          -0.737761,
          0.996331
        ],
        [
          0.0,
          0.0,
          0.0,
          1.0
        ]
      ]
    },
    {
      "file_path": "/media/NFS/ttao/scannet/posed_images/scene0585_00/00477.jpg",
      "transform_matrix": [
        [
          -0.900271,
          -0.334491,
          0.278616,
          4.330817
        ],
        [
          -0.434419,
          0.648924,
          -0.624642,
          2.869454
        ],
        [
          0.028136,
          -0.683383,
          -0.729517,
          0.954808
        ],
        [
          0.0,
          0.0,
          0.0,
          1.0
        ]
      ]
    },
    {
      "file_path": "/media/NFS/ttao/scannet/posed_images/scene0585_00/00491.jpg",
      "transform_matrix": [
        [
          -0.929226,
          -0.276244,
          0.245415,
          4.380238
        ],
        [
          -0.368702,
          0.649197,
          -0.665284,
          2.794412
        ],
        [
          0.024458,
          -0.708684,
          -0.705102,
          0.837474
        ],
        [
          0.0,
          0.0,
          0.0,
          1.0
        ]
      ]
    },
    {
      "file_path": "/media/NFS/ttao/scannet/posed_images/scene0585_00/00502.jpg",
      "transform_matrix": [
        [
          -0.921162,
          -0.30798,
          0.237926,
          4.432623
        ],
        [
          -0.38784,
          0.675788,
          -0.62681,
          2.798133
        ],
        [
          0.032258,
          -0.669671,
          -0.741957,
          0.860489
        ],
        [
          0.0,
          0.0,
          0.0,
          1.0
        ]
      ]
    },
    {
      "file_path": "/media/NFS/ttao/scannet/posed_images/scene0585_00/00508.jpg",
      "transform_matrix": [
        [
          -0.895298,
          -0.352023,
          0.272985,
          4.525659
        ],
        [
          -0.444735,
          0.671217,
          -0.593025,
          2.850842
        ],
        [
          0.025526,
          -0.65234,
          -0.757496,
          0.886516
        ],
        [
          0.0,
          0.0,
          0.0,
          1.0
        ]
      ]
    },
    {
      "file_path": "/media/NFS/ttao/scannet/posed_images/scene0585_00/00519.jpg",
      "transform_matrix": [
        [
          -0.830435,
          -0.412692,
          0.374251,
          4.667045
        ],
        [
          -0.556437,
          0.647572,
          -0.520605,
          2.944922
        ],
        [
          -0.027505,
          -0.640575,
          -0.767403,
          0.937746
        ],
        [
          0.0,
          0.0,
          0.0,
          1.0
        ]
      ]
    },
    {
      "file_path": "/media/NFS/ttao/scannet/posed_images/scene0585_00/00530.jpg",
      "transform_matrix": [
        [
          -0.786326,
          -0.452911,
          0.420194,
          4.753395
        ],
        [
          -0.615707,
          0.630569,
          -0.472533,
          3.013686
        ],
        [
          -0.050946,
          -0.630281,
          -0.774694,
          0.980877
        ],
        [
          0.0,
          0.0,
          0.0,
          1.0
        ]
      ]
    },
    {
      "file_path": "/media/NFS/ttao/scannet/posed_images/scene0585_00/00541.jpg",
      "transform_matrix": [
        [
          -0.737298,
          -0.504029,
          0.44983,
          4.775513
        ],
        [
          -0.674161,
          0.591893,
          -0.441781,
          3.086019
        ],
        [
          -0.043581,
          -0.628981,
          -0.776198,
          1.04381
        ],
        [
          0.0,
          0.0,
          0.0,
          1.0
        ]
      ]
    },
    {
      "file_path": "/media/NFS/ttao/scannet/posed_images/scene0585_00/00544.jpg",
      "transform_matrix": [
        [
          -0.725827,
          -0.518316,
          0.452244,
          4.773708
        ],
        [
          -0.686251,
          0.590807,
          -0.424273,
          3.100421
        ],
        [
          -0.047282,
          -0.618301,
          -0.784518,
          1.07287
        ],
        [
          0.0,
          0.0,
          0.0,
          1.0
        ]
      ]
    },
    {
      "file_path": "/media/NFS/ttao/scannet/posed_images/scene0585_00/00553.jpg",
      "transform_matrix": [
        [
          -0.704421,
          -0.526469,
          0.476048,
          4.722863
        ],
        [
          -0.708651,
          0.559515,
          -0.429834,
          3.144375
        ],
        [
          -0.040062,
          -0.640136,
          -0.767216,
          1.195256
        ],
        [
          0.0,
          0.0,
          0.0,
          1.0
        ]
      ]
    },
    {
      "file_path": "/media/NFS/ttao/scannet/posed_images/scene0585_00/00561.jpg",
      "transform_matrix": [
        [
          -0.671912,
          -0.552308,
          0.493447,
          4.649239
        ],
        [
          -0.74023,
          0.522705,
          -0.422894,
          3.181165
        ],
        [
          -0.02436,
          -0.649412,
          -0.760047,
          1.280614
        ],
        [
          0.0,
          0.0,
          0.0,
          1.0
        ]
      ]
    },
    {
      "file_path": "/media/NFS/ttao/scannet/posed_images/scene0585_00/00575.jpg",
      "transform_matrix": [
        [
          -0.590151,
          -0.522613,
          0.615303,
          4.530278
        ],
        [
          -0.804734,
          0.441476,
          -0.396866,
          3.24025
        ],
        [
          -0.064234,
          -0.729366,
          -0.681102,
          1.427887
        ],
        [
          0.0,
          0.0,
          0.0,
          1.0
        ]
      ]
    },
    {
      "file_path": "/media/NFS/ttao/scannet/posed_images/scene0585_00/00581.jpg",
      "transform_matrix": [
        [
          -0.567254,
          -0.511852,
          0.645159,
          4.455186
        ],
        [
          -0.820595,
          0.417529,
          -0.390249,
          3.237311
        ],
        [
          -0.069623,
          -0.750785,
          -0.656868,
          1.489035
        ],
        [
          0.0,
          0.0,
          0.0,
          1.0
        ]
      ]
    },
    {
      "file_path": "/media/NFS/ttao/scannet/posed_images/scene0585_00/00589.jpg",
      "transform_matrix": [
        [
          -0.585906,
          -0.46522,
          0.663539,
          4.355141
        ],
        [
          -0.80507,
          0.427727,
          -0.41099,
          3.180554
        ],
        [
          -0.092613,
          -0.774997,
          -0.625142,
          1.582979
        ],
        [
          0.0,
          0.0,
          0.0,
          1.0
        ]
      ]
    },
    {
      "file_path": "/media/NFS/ttao/scannet/posed_images/scene0585_00/00606.jpg",
      "transform_matrix": [
        [
          -0.646865,
          -0.290211,
          0.705225,
          4.309324
        ],
        [
          -0.755618,
          0.368797,
          -0.541322,
          3.178959
        ],
        [
          -0.102987,
          -0.883044,
          -0.457851,
          1.705007
        ],
        [
          0.0,
          0.0,
          0.0,
          1.0
        ]
      ]
    },
    {
      "file_path": "/media/NFS/ttao/scannet/posed_images/scene0585_00/00615.jpg",
      "transform_matrix": [
        [
          -0.753033,
          -0.149741,
          0.640717,
          4.282595
        ],
        [
          -0.648185,
          0.336239,
          -0.683228,
          3.150528
        ],
        [
          -0.113127,
          -0.929796,
          -0.350259,
          1.695073
        ],
        [
          0.0,
          0.0,
          0.0,
          1.0
        ]
      ]
    },
    {
      "file_path": "/media/NFS/ttao/scannet/posed_images/scene0585_00/00626.jpg",
      "transform_matrix": [
        [
          -0.839035,
          -0.082092,
          0.537848,
          4.206521
        ],
        [
          -0.539944,
          0.247257,
          -0.804565,
          3.121262
        ],
        [
          -0.066939,
          -0.965466,
          -0.251783,
          1.63228
        ],
        [
          0.0,
          0.0,
          0.0,
          1.0
        ]
      ]
    },
    {
      "file_path": "/media/NFS/ttao/scannet/posed_images/scene0585_00/00629.jpg",
      "transform_matrix": [
        [
          -0.862052,
          -0.072999,
          0.501535,
          4.200487
        ],
        [
          -0.50277,
          0.248014,
          -0.828077,
          3.109537
        ],
        [
          -0.063939,
          -0.966002,
          -0.250503,
          1.627863
        ],
        [
          0.0,
          0.0,
          0.0,
          1.0
        ]
      ]
    },
    {
      "file_path": "/media/NFS/ttao/scannet/posed_images/scene0585_00/00640.jpg",
      "transform_matrix": [
        [
          -0.919031,
          -0.008865,
          0.394086,
          4.172982
        ],
        [
          -0.381817,
          0.268502,
          -0.884377,
          3.047749
        ],
        [
          -0.097973,
          -0.963239,
          -0.250146,
          1.701219
        ],
        [
          0.0,
          0.0,
          0.0,
          1.0
        ]
      ]
    },
    {
      "file_path": "/media/NFS/ttao/scannet/posed_images/scene0585_00/00646.jpg",
      "transform_matrix": [
        [
          -0.937382,
          0.0091,
          0.348183,
          4.121117
        ],
        [
          -0.332638,
          0.273026,
          -0.902668,
          3.017718
        ],
        [
          -0.103277,
          -0.961964,
          -0.252903,
          1.711834
        ],
        [
          0.0,
          0.0,
          0.0,
          1.0
        ]
      ]
    },
    {
      "file_path": "/media/NFS/ttao/scannet/posed_images/scene0585_00/00660.jpg",
      "transform_matrix": [
        [
          -0.974621,
          -0.007453,
          0.223738,
          4.041192
        ],
        [
          -0.218842,
          0.242181,
          -0.945228,
          2.97515
        ],
        [
          -0.047141,
          -0.970202,
          -0.237666,
          1.754765
        ],
        [
          0.0,
          0.0,
          0.0,
          1.0
        ]
      ]
    },
    {
      "file_path": "/media/NFS/ttao/scannet/posed_images/scene0585_00/00671.jpg",
      "transform_matrix": [
        [
          -0.987201,
          -0.005385,
          0.159392,
          3.915444
        ],
        [
          -0.157718,
          0.181233,
          -0.970711,
          2.903141
        ],
        [
          -0.02366,
          -0.983425,
          -0.179763,
          1.774036
        ],
        [
          0.0,
          0.0,
          0.0,
          1.0
        ]
      ]
    },
    {
      "file_path": "/media/NFS/ttao/scannet/posed_images/scene0585_00/00682.jpg",
      "transform_matrix": [
        [
          -0.976289,
          -0.040678,
          0.212616,
          3.765568
        ],
        [
          -0.216328,
          0.147385,
          -0.965132,
          2.801
        ],
        [
          0.007924,
          -0.988242,
          -0.15269,
          1.797178
        ],
        [
          0.0,
          0.0,
          0.0,
          1.0
        ]
      ]
    },
    {
      "file_path": "/media/NFS/ttao/scannet/posed_images/scene0585_00/00691.jpg",
      "transform_matrix": [
        [
          -0.972833,
          -0.057922,
          0.224147,
          3.697841
        ],
        [
          -0.22921,
          0.10485,
          -0.967713,
          2.743711
        ],
        [
          0.03255,
          -0.9928,
          -0.115278,
          1.815718
        ],
        [
          0.0,
          0.0,
          0.0,
          1.0
        ]
      ]
    },
    {
      "file_path": "/media/NFS/ttao/scannet/posed_images/scene0585_00/00697.jpg",
      "transform_matrix": [
        [
          -0.976215,
          -0.037092,
          0.213608,
          3.675744
        ],
        [
          -0.216727,
          0.140588,
          -0.966056,
          2.703742
        ],
        [
          0.005803,
          -0.989373,
          -0.145283,
          1.785889
        ],
        [
          0.0,
          0.0,
          0.0,
          1.0
        ]
      ]
    },
    {
      "file_path": "/media/NFS/ttao/scannet/posed_images/scene0585_00/00705.jpg",
      "transform_matrix": [
        [
          -0.978822,
          -0.03761,
          0.20123,
          3.672719
        ],
        [
          -0.204482,
          0.226478,
          -0.95231,
          2.655607
        ],
        [
          -0.009758,
          -0.97329,
          -0.229372,
          1.722611
        ],
        [
          0.0,
          0.0,
          0.0,
          1.0
        ]
      ]
    },
    {
      "file_path": "/media/NFS/ttao/scannet/posed_images/scene0585_00/00719.jpg",
      "transform_matrix": [
        [
          -0.974716,
          0.006936,
          0.22334,
          3.648945
        ],
        [
          -0.198131,
          0.435295,
          -0.878216,
          2.591682
        ],
        [
          -0.10331,
          -0.900261,
          -0.422914,
          1.609545
        ],
        [
          0.0,
          0.0,
          0.0,
          1.0
        ]
      ]
    },
    {
      "file_path": "/media/NFS/ttao/scannet/posed_images/scene0585_00/00725.jpg",
      "transform_matrix": [
        [
          -0.970339,
          -0.022308,
          0.240717,
          3.611616
        ],
        [
          -0.218512,
          0.506897,
          -0.833852,
          2.574173
        ],
        [
