{
  "frames": [
    {
      "file_path": "/media/NFS/ttao/scannet/posed_images/scene0471_00/00000.jpg",
      "transform_matrix": [
        [
          0.804562,
          0.314643,
          -0.503667,
          1.504017
        ],
        [
          0.593867,
          -0.428671,
          0.680855,
          1.103201
        ],
        [
          -0.001681,
          -0.846901,
          -0.531748,
          1.276191
        ],
        [
          0.0,
          0.0,
          0.0,
          1.0
        ]
      ]
    },
    {
      "file_path": "/media/NFS/ttao/scannet/posed_images/scene0471_00/00002.jpg",
      "transform_matrix": [
        [
          0.802719,
          0.306609,
          -0.511501,
          1.502642
        ],
        [
          0.596328,
          -0.42127,
          0.683319,
          1.101795
        ],
        [
          -0.005968,
          -0.853536,
          -0.521001,
          1.27825
        ],
        [
          0.0,
          0.0,
          0.0,
          1.0
        ]
      ]
    },
    {
      "file_path": "/media/NFS/ttao/scannet/posed_images/scene0471_00/00004.jpg",
      "transform_matrix": [
        [
          0.799706,
          0.306928,
          -0.516009,
          1.500007
        ],
        [
          0.600373,
          -0.415467,
          0.683329,
          1.103955
        ],
        [
          -0.004652,
          -0.856261,
          -0.516523,
          1.283797
        ],
        [
          0.0,
          0.0,
          0.0,
          1.0
        ]
      ]
    },
    {
      "file_path": "/media/NFS/ttao/scannet/posed_images/scene0471_00/00006.jpg",
      "transform_matrix": [
        [
          0.798569,
          0.306669,
          -0.517921,
          1.497407
        ],
        [
          0.601904,
          -0.406945,
          0.687101,
          1.102125
        ],
        [
          -5.3e-05,
          -0.860436,
          -0.509558,
          1.285452
        ],
        [
          0.0,
          0.0,
          0.0,
          1.0
        ]
      ]
    },
    {
      "file_path": "/media/NFS/ttao/scannet/posed_images/scene0471_00/00008.jpg",
      "transform_matrix": [
        [
          0.796035,
          0.307483,
          -0.521327,
          1.49523
        ],
        [
          0.605246,
          -0.40096,
          0.687684,
          1.102887
        ],
        [
          0.00242,
          -0.862952,
          -0.505281,
          1.289347
        ],
        [
          0.0,
          0.0,
          0.0,
          1.0
        ]
      ]
    },
    {
      "file_path": "/media/NFS/ttao/scannet/posed_images/scene0471_00/00010.jpg",
      "transform_matrix": [
        [
          0.793636,
          0.308103,
          -0.524609,
          1.491273
        ],
        [
          0.608374,
          -0.395057,
          0.688339,
          1.103124
        ],
        [
          0.004829,
          -0.865449,
          -0.500974,
          1.29507
        ],
        [
          0.0,
          0.0,
          0.0,
          1.0
        ]
      ]
    },
    {
      "file_path": "/media/NFS/ttao/scannet/posed_images/scene0471_00/00012.jpg",
      "transform_matrix": [
        [
          0.790914,
          0.303521,
          -0.531348,
          1.489666
        ],
        [
          0.611904,
          -0.384734,
          0.691052,
          1.101582
        ],
        [
          0.005321,
          -0.871697,
          -0.490017,
          1.30152
        ],
        [
          0.0,
          0.0,
          0.0,
          1.0
        ]
      ]
    },
    {
      "file_path": "/media/NFS/ttao/scannet/posed_images/scene0471_00/00014.jpg",
      "transform_matrix": [
        [
          0.78791,
          0.293262,
          -0.541476,
          1.489469
        ],
        [
          0.615758,
          -0.366153,
          0.697692,
          1.098777
        ],
        [
          0.006343,
          -0.883136,
          -0.469074,
          1.308458
        ],
        [
          0.0,
          0.0,
          0.0,
          1.0
        ]
      ]
    },
    {
      "file_path": "/media/NFS/ttao/scannet/posed_images/scene0471_00/00017.jpg",
      "transform_matrix": [
        [
          0.77865,
          0.276941,
          -0.563034,
          1.490075
        ],
        [
          0.627363,
          -0.327958,
          0.7063,
          1.093827
        ],
        [
          0.010952,
          -0.903188,
          -0.429106,
          1.32135
        ],
        [
          0.0,
          0.0,
          0.0,
          1.0
        ]
      ]
    },
    {
      "file_path": "/media/NFS/ttao/scannet/posed_images/scene0471_00/00020.jpg",
      "transform_matrix": [
        [
          0.771481,
          0.268826,
          -0.576671,
          1.486796
        ],
        [
          0.635771,
          -0.290456,
          0.715144,
          1.087535
        ],
        [
          0.024752,
          -0.918351,
          -0.394993,
          1.329932
        ],
        [
          0.0,
          0.0,
          0.0,
          1.0
        ]
      ]
    },
    {
      "file_path": "/media/NFS/ttao/scannet/posed_images/scene0471_00/00022.jpg",
      "transform_matrix": [
        [
          0.768742,
          0.264875,
          -0.582132,
          1.486114
        ],
        [
          0.639021,
          -0.28076,
          0.716119,
          1.086506
        ],
        [
          0.026243,
          -0.922505,
          -0.385092,
          1.336761
        ],
        [
          0.0,
          0.0,
          0.0,
          1.0
        ]
      ]
    },
    {
      "file_path": "/media/NFS/ttao/scannet/posed_images/scene0471_00/00024.jpg",
      "transform_matrix": [
        [
          0.765478,
          0.262683,
          -0.587402,
          1.484862
        ],
        [
          0.642911,
          -0.274454,
          0.715081,
          1.084668
        ],
        [
          0.026625,
          -0.925026,
          -0.37897,
          1.339372
        ],
        [
          0.0,
          0.0,
          0.0,
          1.0
        ]
      ]
    },
    {
      "file_path": "/media/NFS/ttao/scannet/posed_images/scene0471_00/00026.jpg",
      "transform_matrix": [
        [
          0.762493,
          0.264346,
          -0.59053,
          1.482521
        ],
        [
          0.64643,
          -0.273084,
          0.712428,
          1.084506
        ],
        [
          0.027063,
          -0.924958,
          -0.379105,
          1.341158
        ],
        [
          0.0,
          0.0,
          0.0,
          1.0
        ]
      ]
    },
    {
      "file_path": "/media/NFS/ttao/scannet/posed_images/scene0471_00/00027.jpg",
      "transform_matrix": [
        [
          0.762064,
          0.265026,
          -0.590779,
          1.480405
        ],
        [
          0.646906,
          -0.272508,
          0.712216,
          1.083921
        ],
        [
          0.027763,
          -0.924933,
          -0.379115,
          1.341068
        ],
        [
          0.0,
          0.0,
          0.0,
          1.0
        ]
      ]
    },
    {
      "file_path": "/media/NFS/ttao/scannet/posed_images/scene0471_00/00029.jpg",
      "transform_matrix": [
        [
          0.764219,
          0.26917,
          -0.586103,
          1.476988
        ],
        [
          0.644291,
          -0.277318,
          0.71273,
          1.085035
        ],
        [
          0.029309,
          -0.922303,
          -0.385355,
          1.340984
        ],
        [
          0.0,
          0.0,
          0.0,
          1.0
        ]
      ]
    },
    {
      "file_path": "/media/NFS/ttao/scannet/posed_images/scene0471_00/00032.jpg",
      "transform_matrix": [
        [
          0.776383,
          0.278347,
          -0.565466,
          1.471634
        ],
        [
          0.629565,
          -0.300337,
          0.716551,
          1.08951
        ],
        [
          0.02962,
          -0.912316,
          -0.408415,
          1.331495
        ],
        [
          0.0,
          0.0,
          0.0,
          1.0
        ]
      ]
    },
    {
      "file_path": "/media/NFS/ttao/scannet/posed_images/scene0471_00/00034.jpg",
      "transform_matrix": [
        [
          0.783939,
          0.285479,
          -0.551309,
          1.471744
        ],
        [
          0.620087,
          -0.316362,
          0.717918,
          1.090327
        ],
        [
          0.030537,
          -0.904664,
          -0.42503,
          1.324625
        ],
        [
          0.0,
          0.0,
          0.0,
          1.0
        ]
      ]
    },
    {
      "file_path": "/media/NFS/ttao/scannet/posed_images/scene0471_00/00036.jpg",
      "transform_matrix": [
        [
          0.796168,
          0.293787,
          -0.528966,
          1.473071
        ],
        [
          0.604229,
          -0.339809,
          0.72072,
          1.095323
        ],
        [
          0.031991,
          -0.893431,
          -0.44806,
          1.320572
        ],
        [
          0.0,
          0.0,
          0.0,
          1.0
        ]
      ]
    },
    {
      "file_path": "/media/NFS/ttao/scannet/posed_images/scene0471_00/00039.jpg",
      "transform_matrix": [
        [
          0.811926,
          0.297506,
          -0.502261,
          1.482502
        ],
        [
          0.58291,
          -0.366771,
          0.725048,
          1.098551
        ],
        [
          0.031491,
          -0.881459,
          -0.47121,
          1.306343
        ],
        [
          0.0,
          0.0,
          0.0,
          1.0
        ]
      ]
    },
    {
      "file_path": "/media/NFS/ttao/scannet/posed_images/scene0471_00/00040.jpg",
      "transform_matrix": [
        [
          0.81479,
          0.299018,
          -0.496694,
          1.492332
        ],
        [
          0.579154,
          -0.380757,
          0.720837,
          1.103154
        ],
        [
          0.026424,
          -0.874993,
          -0.483414,
          1.302628
        ],
        [
          0.0,
          0.0,
          0.0,
          1.0
        ]
      ]
    },
    {
      "file_path": "/media/NFS/ttao/scannet/posed_images/scene0471_00/00042.jpg",
      "transform_matrix": [
        [
          0.826319,
          0.311482,
          -0.46923,
          1.496871
        ],
        [
          0.561897,
          -0.399222,
          0.724496,
          1.10109
        ],
        [
          0.038341,
          -0.862323,
          -0.504905,
          1.289162
        ],
        [
          0.0,
          0.0,
          0.0,
          1.0
        ]
      ]
    },
    {
      "file_path": "/media/NFS/ttao/scannet/posed_images/scene0471_00/00045.jpg",
      "transform_matrix": [
        [
          0.841573,
          0.326716,
          -0.43013,
          1.505729
        ],
        [
          0.537712,
          -0.431266,
          0.724483,
          1.099468
        ],
        [
          0.0512,
          -0.840991,
          -0.538621,
          1.27528
        ],
        [
          0.0,
          0.0,
          0.0,
          1.0
        ]
      ]
    },
    {
      "file_path": "/media/NFS/ttao/scannet/posed_images/scene0471_00/00048.jpg",
      "transform_matrix": [
        [
          0.848216,
          0.331432,
          -0.413139,
          1.519947
        ],
        [
          0.527561,
          -0.459441,
          0.714558,
          1.092765
        ],
        [
          0.047014,
          -0.824055,
          -0.564555,
          1.260844
        ],
        [
          0.0,
          0.0,
          0.0,
          1.0
        ]
      ]
    },
    {
      "file_path": "/media/NFS/ttao/scannet/posed_images/scene0471_00/00049.jpg",
      "transform_matrix": [
        [
          0.849559,
          0.334168,
          -0.408144,
          1.523621
        ],
        [
          0.525545,
          -0.469745,
          0.709325,
          1.091011
        ],
        [
          0.04531,
          -0.817111,
          -0.574696,
          1.258569
        ],
        [
          0.0,
          0.0,
          0.0,
          1.0
        ]
      ]
    },
    {
      "file_path": "/media/NFS/ttao/scannet/posed_images/scene0471_00/00051.jpg",
      "transform_matrix": [
        [
          0.85317,
          0.335716,
          -0.399243,
          1.535137
        ],
        [
          0.519957,
          -0.486023,
          0.702443,
          1.081837
        ],
        [
          0.04178,
          -0.806893,
          -0.589218,
          1.241584
        ],
        [
          0.0,
          0.0,
          0.0,
          1.0
        ]
      ]
    },
    {
      "file_path": "/media/NFS/ttao/scannet/posed_images/scene0471_00/00054.jpg",
      "transform_matrix": [
        [
          0.858089,
          0.339394,
          -0.385351,
          1.550422
        ],
        [
          0.511843,
          -0.505045,
          0.694944,
          1.067642
        ],
        [
          0.041241,
          -0.793562,
          -0.60709,
          1.230127
        ],
        [
          0.0,
          0.0,
          0.0,
          1.0
        ]
      ]
    },
    {
      "file_path": "/media/NFS/ttao/scannet/posed_images/scene0471_00/00055.jpg",
      "transform_matrix": [
        [
          0.860029,
          0.34024,
          -0.380246,
          1.552298
        ],
        [
          0.508526,
          -0.510422,
          0.693448,
          1.061859
        ],
        [
          0.041853,
          -0.78975,
          -0.611999,
          1.228163
        ],
        [
          0.0,
          0.0,
          0.0,
          1.0
        ]
      ]
    },
    {
      "file_path": "/media/NFS/ttao/scannet/posed_images/scene0471_00/00058.jpg",
      "transform_matrix": [
        [
          0.866632,
          0.344828,
          -0.360614,
          1.565989
        ],
        [
          0.496478,
          -0.524156,
          0.691933,
          1.04515
        ],
        [
          0.04958,
          -0.778688,
          -0.62545,
          1.217263
        ],
        [
          0.0,
          0.0,
          0.0,
          1.0
        ]
      ]
    },
    {
      "file_path": "/media/NFS/ttao/scannet/posed_images/scene0471_00/00060.jpg",
      "transform_matrix": [
        [
          0.872015,
          0.342747,
          -0.34945,
          1.577933
        ],
        [
          0.487002,
          -0.535774,
          0.689765,
          1.037002
        ],
        [
          0.049189,
          -0.771668,
          -0.634121,
          1.211194
        ],
        [
          0.0,
          0.0,
          0.0,
          1.0
        ]
      ]
    },
    {
      "file_path": "/media/NFS/ttao/scannet/posed_images/scene0471_00/00062.jpg",
      "transform_matrix": [
        [
          0.876213,
          0.335893,
          -0.34558,
          1.584317
        ],
        [
          0.479819,
          -0.541103,
          0.690639,
          1.023595
        ],
        [
          0.044987,
          -0.770963,
          -0.635289,
          1.204375
        ],
        [
          0.0,
          0.0,
          0.0,
          1.0
        ]
      ]
    },
    {
      "file_path": "/media/NFS/ttao/scannet/posed_images/scene0471_00/00065.jpg",
      "transform_matrix": [
        [
          0.881995,
          0.332422,
          -0.334037,
          1.586907
        ],
        [
          0.4692,
          -0.553253,
          0.688304,
          1.009076
        ],
        [
          0.044,
          -0.763811,
          -0.643938,
          1.195373
        ],
        [
          0.0,
          0.0,
          0.0,
          1.0
        ]
      ]
    },
    {
      "file_path": "/media/NFS/ttao/scannet/posed_images/scene0471_00/00067.jpg",
      "transform_matrix": [
        [
          0.881695,
          0.335765,
          -0.331475,
          1.588903
        ],
        [
          0.469574,
          -0.555987,
          0.685842,
          1.001131
        ],
        [
          0.045986,
          -0.760355,
          -0.647877,
          1.191646
        ],
        [
          0.0,
          0.0,
          0.0,
          1.0
        ]
      ]
    },
    {
      "file_path": "/media/NFS/ttao/scannet/posed_images/scene0471_00/00068.jpg",
      "transform_matrix": [
        [
          0.881235,
          0.336315,
          -0.33214,
          1.589352
        ],
        [
          0.470391,
          -0.55493,
          0.686138,
          0.997222
        ],
        [
          0.046444,
          -0.760884,
          -0.647223,
          1.189125
        ],
        [
          0.0,
          0.0,
          0.0,
          1.0
        ]
      ]
    },
    {
      "file_path": "/media/NFS/ttao/scannet/posed_images/scene0471_00/00070.jpg",
      "transform_matrix": [
        [
          0.878777,
          0.340336,
          -0.334547,
          1.591931
        ],
        [
          0.474919,
          -0.554715,
          0.683186,
          0.990474
        ],
        [
          0.046935,
          -0.759251,
          -0.649103,
          1.184018
        ],
        [
          0.0,
          0.0,
          0.0,
          1.0
        ]
      ]
    },
    {
      "file_path": "/media/NFS/ttao/scannet/posed_images/scene0471_00/00072.jpg",
      "transform_matrix": [
        [
          0.87692,
          0.344172,
          -0.335496,
          1.592551
        ],
        [
          0.478394,
          -0.557646,
          0.678359,
          0.985154
        ],
        [
          0.046384,
          -0.755365,
          -0.65366,
          1.17824
        ],
        [
          0.0,
          0.0,
          0.0,
          1.0
        ]
      ]
    },
    {
      "file_path": "/media/NFS/ttao/scannet/posed_images/scene0471_00/00075.jpg",
      "transform_matrix": [
        [
          0.879784,
          0.344365,
          -0.32771,
          1.585771
        ],
        [
          0.472959,
          -0.56468,
          0.676348,
          0.97898
        ],
        [
          0.047859,
          -0.750033,
          -0.659667,
          1.169094
        ],
        [
          0.0,
          0.0,
          0.0,
          1.0
        ]
      ]
    },
    {
      "file_path": "/media/NFS/ttao/scannet/posed_images/scene0471_00/00076.jpg",
      "transform_matrix": [
        [
          0.883737,
          0.339709,
          -0.321881,
          1.581771
        ],
        [
          0.465364,
          -0.565228,
          0.681141,
          0.974642
        ],
        [
          0.049454,
          -0.751741,
          -0.657601,
          1.163731
        ],
        [
          0.0,
          0.0,
          0.0,
          1.0
        ]
      ]
    },
    {
      "file_path": "/media/NFS/ttao/scannet/posed_images/scene0471_00/00080.jpg",
      "transform_matrix": [
        [
          0.901141,
          0.318117,
          -0.294527,
          1.566163
        ],
        [
          0.430797,
          -0.580983,
          0.69056,
          0.962663
        ],
        [
          0.048564,
          -0.749173,
          -0.660591,
          1.149845
        ],
        [
          0.0,
          0.0,
          0.0,
          1.0
        ]
      ]
    },
    {
      "file_path": "/media/NFS/ttao/scannet/posed_images/scene0471_00/00081.jpg",
      "transform_matrix": [
        [
          0.904562,
          0.310349,
          -0.292321,
          1.562763
        ],
        [
          0.424102,
          -0.584807,
          0.691475,
          0.960514
        ],
        [
          0.043647,
          -0.749456,
          -0.660614,
          1.148429
        ],
        [
          0.0,
          0.0,
          0.0,
          1.0
        ]
      ]
    },
    {
      "file_path": "/media/NFS/ttao/scannet/posed_images/scene0471_00/00084.jpg",
      "transform_matrix": [
        [
          0.915315,
          0.284126,
          -0.28543,
          1.555114
        ],
        [
          0.401661,
          -0.592224,
          0.698526,
          0.957321
        ],
        [
          0.029431,
          -0.754018,
          -0.656194,
          1.143935
        ],
        [
          0.0,
          0.0,
          0.0,
          1.0
        ]
      ]
    },
    {
      "file_path": "/media/NFS/ttao/scannet/posed_images/scene0471_00/00085.jpg",
      "transform_matrix": [
        [
          0.921657,
          0.273546,
          -0.275176,
          1.547601
        ],
        [
          0.386902,
          -0.594435,
          0.70495,
          0.955751
        ],
        [
          0.029262,
          -0.756188,
          -0.6537,
          1.140315
        ],
        [
          0.0,
          0.0,
          0.0,
          1.0
        ]
      ]
    },
    {
      "file_path": "/media/NFS/ttao/scannet/posed_images/scene0471_00/00088.jpg",
      "transform_matrix": [
        [
          0.936161,
          0.247744,
          -0.249451,
          1.527049
        ],
        [
          0.350614,
          -0.605562,
          0.714398,
          0.955558
        ],
        [
          0.02593,
          -0.756252,
          -0.653766,
          1.135227
        ],
        [
          0.0,
          0.0,
          0.0,
          1.0
        ]
      ]
    },
    {
      "file_path": "/media/NFS/ttao/scannet/posed_images/scene0471_00/00089.jpg",
      "transform_matrix": [
        [
          0.939107,
          0.240909,
          -0.245032,
          1.519286
        ],
        [
          0.342821,
          -0.60812,
          0.716005,
          0.953992
        ],
        [
          0.023484,
          -0.756408,
          -0.653678,
          1.13375
        ],
        [
          0.0,
          0.0,
          0.0,
          1.0
        ]
      ]
    },
    {
      "file_path": "/media/NFS/ttao/scannet/posed_images/scene0471_00/00092.jpg",
      "transform_matrix": [
        [
          0.940724,
          0.234368,
          -0.245174,
          1.482877
        ],
        [
          0.338748,
          -0.613022,
          0.71376,
          0.95173
        ],
        [
          0.016986,
          -0.754504,
          -0.656076,
          1.134631
        ],
        [
          0.0,
          0.0,
          0.0,
          1.0
        ]
      ]
    },
    {
      "file_path": "/media/NFS/ttao/scannet/posed_images/scene0471_00/00093.jpg",
      "transform_matrix": [
        [
          0.938618,
          0.238202,
          -0.249512,
          1.472203
        ],
        [
          0.344507,
          -0.610296,
          0.71334,
          0.951961
        ],
        [
          0.017643,
          -0.755512,
          -0.654897,
          1.134985
        ],
        [
          0.0,
          0.0,
          0.0,
          1.0
        ]
      ]
    },
    {
      "file_path": "/media/NFS/ttao/scannet/posed_images/scene0471_00/00096.jpg",
      "transform_matrix": [
        [
          0.932103,
          0.24793,
          -0.264037,
          1.433463
        ],
        [
          0.361879,
          -0.607094,
          0.707446,
          0.953324
        ],
        [
          0.015102,
          -0.754962,
          -0.655595,
          1.135481
        ],
        [
          0.0,
          0.0,
          0.0,
          1.0
        ]
      ]
    },
    {
      "file_path": "/media/NFS/ttao/scannet/posed_images/scene0471_00/00099.jpg",
      "transform_matrix": [
        [
          0.925466,
          0.253083,
          -0.281889,
          1.393094
        ],
        [
          0.378806,
          -0.609761,
          0.696202,
          0.956968
        ],
        [
          0.004312,
          -0.751093,
          -0.660183,
          1.138201
        ],
        [
          0.0,
          0.0,
          0.0,
          1.0
        ]
      ]
    },
    {
      "file_path": "/media/NFS/ttao/scannet/posed_images/scene0471_00/00100.jpg",
      "transform_matrix": [
        [
          0.931394,
          0.239367,
          -0.274241,
          1.362177
        ],
        [
          0.364011,
          -0.614871,
          0.699593,
          0.952327
        ],
        [
          -0.001163,
          -0.751424,
          -0.659819,
          1.139605
        ],
        [
          0.0,
          0.0,
          0.0,
          1.0
        ]
      ]
    },
    {
      "file_path": "/media/NFS/ttao/scannet/posed_images/scene0471_00/00103.jpg",
      "transform_matrix": [
        [
          0.932348,
          0.233245,
          -0.276267,
          1.32067
        ],
        [
          0.361361,
          -0.626573,
          0.690525,
          0.95853
        ],
        [
          -0.01204,
          -0.743642,
          -0.66847,
          1.148734
        ],
        [
          0.0,
          0.0,
          0.0,
          1.0
        ]
      ]
    },
    {
      "file_path": "/media/NFS/ttao/scannet/posed_images/scene0471_00/00105.jpg",
      "transform_matrix": [
        [
          0.936313,
          0.222269,
          -0.271874,
          1.300065
        ],
        [
          0.350825,
          -0.626272,
          0.696208,
          0.963316
        ],
        [
          -0.015521,
          -0.747248,
          -0.664363,
          1.15555
        ],
        [
          0.0,
          0.0,
          0.0,
          1.0
        ]
      ]
    },
    {
      "file_path": "/media/NFS/ttao/scannet/posed_images/scene0471_00/00107.jpg",
      "transform_matrix": [
        [
          0.94058,
          0.210928,
          -0.266117,
          1.28252
        ],
        [
          0.339051,
          -0.626716,
          0.701621,
          0.969789
        ],
        [
          -0.018789,
          -0.750158,
          -0.660992,
          1.160239
        ],
        [
          0.0,
          0.0,
          0.0,
          1.0
        ]
      ]
    },
    {
      "file_path": "/media/NFS/ttao/scannet/posed_images/scene0471_00/00108.jpg",
      "transform_matrix": [
        [
          0.942439,
          0.207485,
          -0.26222,
          1.274962
        ],
        [
          0.333844,
          -0.628207,
          0.702783,
          0.972674
        ],
        [
          -0.018912,
          -0.74987,
          -0.661314,
          1.160402
        ],
        [
          0.0,
          0.0,
          0.0,
          1.0
        ]
      ]
    },
    {
      "file_path": "/media/NFS/ttao/scannet/posed_images/scene0471_00/00110.jpg",
      "transform_matrix": [
        [
          0.947186,
          0.196614,
          -0.253343,
          1.259627
        ],
        [
          0.319809,
          -0.637536,
          0.700907,
          0.980922
        ],
        [
          -0.023707,
          -0.74491,
          -0.666743,
          1.160787
        ],
        [
          0.0,
          0.0,
          0.0,
          1.0
        ]
      ]
    },
    {
      "file_path": "/media/NFS/ttao/scannet/posed_images/scene0471_00/00114.jpg",
      "transform_matrix": [
        [
          0.956961,
          0.183257,
          -0.22504,
          1.235843
        ],
        [
          0.289211,
          -0.666708,
          0.686918,
          1.009759
        ],
        [
          -0.024154,
          -0.722438,
          -0.691014,
          1.158958
        ],
        [
          0.0,
          0.0,
          0.0,
          1.0
        ]
      ]
    },
    {
      "file_path": "/media/NFS/ttao/scannet/posed_images/scene0471_00/00116.jpg",
      "transform_matrix": [
        [
          0.958495,
          0.17966,
          -0.22138,
          1.227879
        ],
        [
          0.283588,
          -0.680868,
          0.675276,
          1.030445
        ],
        [
          -0.02941,
          -0.710029,
          -0.703558,
          1.161861
        ],
        [
          0.0,
          0.0,
          0.0,
          1.0
        ]
      ]
    },
    {
      "file_path": "/media/NFS/ttao/scannet/posed_images/scene0471_00/00117.jpg",
      "transform_matrix": [
        [
          0.9595,
          0.175552,
          -0.22032,
          1.222745
        ],
        [
          0.279707,
          -0.686742,
          0.670932,
          1.041794
        ],
        [
          -0.03352,
          -0.705384,
          -0.708032,
          1.165148
        ],
        [
          0.0,
          0.0,
          0.0,
          1.0
        ]
      ]
    },
    {
      "file_path": "/media/NFS/ttao/scannet/posed_images/scene0471_00/00120.jpg",
      "transform_matrix": [
        [
          0.965243,
          0.161299,
          -0.205641,
          1.208237
        ],
        [
          0.259186,
          -0.691909,
          0.673858,
          1.078136
        ],
        [
          -0.033592,
          -0.703736,
          -0.709667,
          1.171456
        ],
        [
          0.0,
          0.0,
          0.0,
          1.0
        ]
      ]
    },
    {
      "file_path": "/media/NFS/ttao/scannet/posed_images/scene0471_00/00121.jpg",
      "transform_matrix": [
        [
          0.96798,
          0.152008,
          -0.19977,
          1.207317
        ],
        [
          0.248312,
          -0.696538,
          0.673183,
          1.091395
        ],
        [
          -0.036817,
          -0.701233,
          -0.711981,
          1.171723
        ],
        [
          0.0,
          0.0,
          0.0,
          1.0
        ]
      ]
    },
    {
      "file_path": "/media/NFS/ttao/scannet/posed_images/scene0471_00/00123.jpg",
      "transform_matrix": [
        [
          0.981428,
          0.101947,
          -0.162498,
          1.196519
        ],
        [
          0.185595,
          -0.718843,
          0.669939,
          1.13746
        ],
        [
          -0.048512,
          -0.687656,
          -0.724414,
          1.17925
        ],
        [
          0.0,
          0.0,
          0.0,
          1.0
        ]
      ]
    },
    {
      "file_path": "/media/NFS/ttao/scannet/posed_images/scene0471_00/00125.jpg",
      "transform_matrix": [
        [
          0.987184,
          0.065566,
          -0.145496,
          1.188647
        ],
        [
          0.147322,
          -0.724919,
          0.672896,
          1.162579
        ],
        [
          -0.061354,
          -0.685707,
          -0.725287,
          1.181028
        ],
        [
          0.0,
          0.0,
          0.0,
          1.0
        ]
      ]
    },
    {
      "file_path": "/media/NFS/ttao/scannet/posed_images/scene0471_00/00129.jpg",
      "transform_matrix": [
        [
          0.995443,
          0.016254,
          -0.093966,
          1.172994
        ],
        [
          0.076646,
          -0.722652,
          0.686949,
          1.205678
        ],
        [
          -0.056739,
          -0.691021,
          -0.720604,
          1.188846
        ],
        [
          0.0,
          0.0,
          0.0,
          1.0
        ]
      ]
    },
    {
      "file_path": "/media/NFS/ttao/scannet/posed_images/scene0471_00/00130.jpg",
      "transform_matrix": [
        [
          0.997047,
          0.001964,
          -0.076763,
          1.163143
        ],
        [
          0.054486,
          -0.722498,
          0.689223,
          1.217258
        ],
        [
          -0.054107,
          -0.691371,
          -0.720471,
          1.192964
        ],
        [
          0.0,
          0.0,
          0.0,
          1.0
        ]
      ]
    },
    {
      "file_path": "/media/NFS/ttao/scannet/posed_images/scene0471_00/00133.jpg",
      "transform_matrix": [
        [
          0.998618,
          -0.033821,
          -0.040235,
          1.150968
        ],
        [
          0.004817,
          -0.703368,
          0.71081,
          1.235566
        ],
        [
          -0.052341,
          -0.710021,
          -0.702232,
          1.199741
        ],
        [
          0.0,
          0.0,
          0.0,
          1.0
        ]
      ]
    },
    {
      "file_path": "/media/NFS/ttao/scannet/posed_images/scene0471_00/00134.jpg",
      "transform_matrix": [
        [
          0.998638,
          -0.046368,
          -0.023917,
          1.143002
        ],
        [
          -0.015392,
          -0.69985,
          0.714124,
          1.240073
        ],
        [
          -0.04985,
          -0.712783,
          -0.699611,
          1.199443
        ],
        [
          0.0,
          0.0,
          0.0,
          1.0
        ]
      ]
    },
    {
      "file_path": "/media/NFS/ttao/scannet/posed_images/scene0471_00/00137.jpg",
      "transform_matrix": [
        [
          0.995869,
          -0.087103,
          0.025629,
          1.119384
        ],
        [
          -0.080006,
          -0.70837,
          0.701292,
          1.256619
        ],
        [
          -0.04293,
          -0.700446,
          -0.712413,
          1.203674
        ],
        [
          0.0,
          0.0,
          0.0,
          1.0
        ]
      ]
    },
    {
      "file_path": "/media/NFS/ttao/scannet/posed_images/scene0471_00/00138.jpg",
      "transform_matrix": [
        [
          0.994069,
          -0.10102,
          0.040275,
          1.112786
        ],
        [
          -0.100237,
          -0.707425,
          0.699644,
          1.259387
        ],
        [
          -0.042186,
          -0.699532,
          -0.713355,
          1.205761
        ],
        [
          0.0,
          0.0,
          0.0,
          1.0
        ]
      ]
    },
    {
      "file_path": "/media/NFS/ttao/scannet/posed_images/scene0471_00/00141.jpg",
      "transform_matrix": [
        [
          0.983306,
          -0.147863,
          0.106047,
          1.076707
        ],
        [
          -0.179225,
          -0.686373,
          0.704819,
          1.259008
        ],
        [
          -0.031429,
          -0.712059,
          -0.701416,
          1.208637
        ],
        [
          0.0,
          0.0,
          0.0,
          1.0
        ]
      ]
    },
    {
      "file_path": "/media/NFS/ttao/scannet/posed_images/scene0471_00/00143.jpg",
      "transform_matrix": [
        [
          0.972152,
          -0.188541,
          0.139182,
          1.053574
        ],
        [
          -0.231431,
          -0.678967,
          0.696738,
          1.255045
        ],
        [
          -0.036864,
          -0.709547,
          -0.703694,
          1.214029
        ],
        [
          0.0,
          0.0,
          0.0,
          1.0
        ]
      ]
    },
    {
      "file_path": "/media/NFS/ttao/scannet/posed_images/scene0471_00/00145.jpg",
      "transform_matrix": [
        [
          0.961493,
          -0.222133,
          0.161824,
          1.03229
        ],
        [
          -0.271419,
          -0.67505,
          0.686032,
          1.249556
        ],
        [
          -0.043151,
          -0.703537,
          -0.709347,
          1.22538
        ],
        [
          0.0,
          0.0,
          0.0,
          1.0
        ]
      ]
    },
    {
      "file_path": "/media/NFS/ttao/scannet/posed_images/scene0471_00/00147.jpg",
      "transform_matrix": [
        [
          0.952345,
          -0.247952,
          0.177645,
          1.014009
        ],
        [
          -0.299793,
          -0.653522,
          0.695006,
          1.239329
        ],
        [
          -0.056233,
          -0.715143,
          -0.696713,
          1.234306
        ],
        [
          0.0,
          0.0,
          0.0,
          1.0
        ]
      ]
    },
    {
      "file_path": "/media/NFS/ttao/scannet/posed_images/scene0471_00/00150.jpg",
      "transform_matrix": [
        [
          0.928638,
          -0.295991,
          0.223655,
          0.988037
        ],
        [
          -0.365251,
          -0.623834,
          0.690958,
          1.228326
        ],
        [
          -0.064993,
          -0.72334,
          -0.687427,
          1.240224
        ],
        [
          0.0,
          0.0,
          0.0,
          1.0
        ]
      ]
    },
    {
      "file_path": "/media/NFS/ttao/scannet/posed_images/scene0471_00/00152.jpg",
      "transform_matrix": [
        [
          0.912993,
          -0.327894,
          0.242754,
          0.976394
        ],
        [
          -0.400736,
          -0.609165,
          0.684346,
          1.220466
        ],
        [
          -0.076516,
          -0.722083,
          -0.687562,
          1.240825
        ],
        [
          0.0,
          0.0,
          0.0,
          1.0
        ]
      ]
    },
    {
      "file_path": "/media/NFS/ttao/scannet/posed_images/scene0471_00/00153.jpg",
      "transform_matrix": [
        [
          0.907048,
          -0.339389,
          0.249158,
          0.972442
        ],
        [
          -0.41335,
          -0.605336,
          0.680228,
          1.218638
        ],
        [
          -0.080038,
          -0.719988,
          -0.689355,
          1.241012
        ],
        [
          0.0,
          0.0,
          0.0,
          1.0
        ]
      ]
    },
    {
      "file_path": "/media/NFS/ttao/scannet/posed_images/scene0471_00/00156.jpg",
      "transform_matrix": [
        [
          0.896255,
          -0.356185,
          0.264308,
          0.965676
        ],
        [
          -0.436464,
          -0.602251,
          0.668425,
          1.212447
        ],
        [
          -0.078903,
          -0.714441,
          -0.695233,
          1.240651
        ],
        [
          0.0,
          0.0,
          0.0,
          1.0
        ]
      ]
    },
    {
      "file_path": "/media/NFS/ttao/scannet/posed_images/scene0471_00/00158.jpg",
      "transform_matrix": [
        [
          0.892051,
          -0.361024,
          0.27186,
          0.965436
        ],
        [
          -0.444724,
          -0.594205,
          0.67018,
          1.207665
        ],
        [
          -0.08041,
          -0.718737,
          -0.690617,
          1.242275
        ],
        [
          0.0,
          0.0,
          0.0,
          1.0
        ]
      ]
    },
    {
      "file_path": "/media/NFS/ttao/scannet/posed_images/scene0471_00/00161.jpg",
      "transform_matrix": [
        [
          0.889164,
          -0.365176,
          0.275742,
          0.964418
        ],
        [
          -0.4492,
          -0.581731,
          0.678091,
          1.204803
        ],
        [
          -0.087215,
          -0.726798,
          -0.681292,
          1.243048
        ],
        [
          0.0,
          0.0,
          0.0,
          1.0
        ]
      ]
    },
    {
      "file_path": "/media/NFS/ttao/scannet/posed_images/scene0471_00/00163.jpg",
      "transform_matrix": [
        [
          0.890773,
          -0.368057,
          0.266568,
          0.966533
        ],
        [
          -0.444826,
          -0.586083,
          0.677227,
          1.202899
        ],
        [
          -0.093027,
          -0.721832,
          -0.685788,
          1.246505
        ],
        [
          0.0,
          0.0,
          0.0,
          1.0
        ]
      ]
    },
    {
      "file_path": "/media/NFS/ttao/scannet/posed_images/scene0471_00/00165.jpg",
      "transform_matrix": [
        [
          0.892858,
          -0.36339,
          0.265993,
          0.967699
        ],
        [
          -0.440562,
          -0.582423,
          0.683147,
          1.199237
        ],
        [
          -0.093329,
          -0.727139,
          -0.680116,
          1.247203
        ],
        [
          0.0,
          0.0,
