{
  "frames": [
    {
      "file_path": "/media/NFS/ttao/scannet/posed_images/scene0543_00/00000.jpg",
      "transform_matrix": [
        [
          -0.11276,
          -0.575193,
          0.810208,
          3.165627
        ],
        [
          -0.993454,
          0.080271,
          -0.081276,
          3.189034
        ],
        [
          -0.018287,
          -0.814069,
          -0.58048,
          1.271382
        ],
        [
          0.0,
          0.0,
          0.0,
          1.0
        ]
      ]
    },
    {
      "file_path": "/media/NFS/ttao/scannet/posed_images/scene0543_00/00002.jpg",
      "transform_matrix": [
        [
          -0.117078,
          -0.566652,
          0.815597,
          3.162869
        ],
        [
          -0.992892,
          0.08448,
          -0.083835,
          3.187043
        ],
        [
          -0.021397,
          -0.819615,
          -0.572515,
          1.272167
        ],
        [
          0.0,
          0.0,
          0.0,
          1.0
        ]
      ]
    },
    {
      "file_path": "/media/NFS/ttao/scannet/posed_images/scene0543_00/00004.jpg",
      "transform_matrix": [
        [
          -0.120662,
          -0.565363,
          0.815969,
          3.164661
        ],
        [
          -0.99247,
          0.086154,
          -0.087068,
          3.183856
        ],
        [
          -0.021074,
          -0.82033,
          -0.571502,
          1.275482
        ],
        [
          0.0,
          0.0,
          0.0,
          1.0
        ]
      ]
    },
    {
      "file_path": "/media/NFS/ttao/scannet/posed_images/scene0543_00/00006.jpg",
      "transform_matrix": [
        [
          -0.123916,
          -0.564125,
          0.816338,
          3.164485
        ],
        [
          -0.992045,
          0.088802,
          -0.089222,
          3.182462
        ],
        [
          -0.02216,
          -0.8209,
          -0.570641,
          1.27573
        ],
        [
          0.0,
          0.0,
          0.0,
          1.0
        ]
      ]
    },
    {
      "file_path": "/media/NFS/ttao/scannet/posed_images/scene0543_00/00008.jpg",
      "transform_matrix": [
        [
          -0.123672,
          -0.564522,
          0.816101,
          3.165004
        ],
        [
          -0.992079,
          0.0886,
          -0.089052,
          3.181117
        ],
        [
          -0.022035,
          -0.820649,
          -0.571007,
          1.27629
        ],
        [
          0.0,
          0.0,
          0.0,
          1.0
        ]
      ]
    },
    {
      "file_path": "/media/NFS/ttao/scannet/posed_images/scene0543_00/00010.jpg",
      "transform_matrix": [
        [
          -0.122043,
          -0.563666,
          0.816937,
          3.164558
        ],
        [
          -0.99234,
          0.085199,
          -0.089461,
          3.178959
        ],
        [
          -0.019176,
          -0.821597,
          -0.569746,
          1.276418
        ],
        [
          0.0,
          0.0,
          0.0,
          1.0
        ]
      ]
    },
    {
      "file_path": "/media/NFS/ttao/scannet/posed_images/scene0543_00/00013.jpg",
      "transform_matrix": [
        [
          -0.123466,
          -0.561729,
          0.818057,
          3.164245
        ],
        [
          -0.992184,
          0.084904,
          -0.091446,
          3.174635
        ],
        [
          -0.018089,
          -0.822953,
          -0.567821,
          1.27701
        ],
        [
          0.0,
          0.0,
          0.0,
          1.0
        ]
      ]
    },
    {
      "file_path": "/media/NFS/ttao/scannet/posed_images/scene0543_00/00016.jpg",
      "transform_matrix": [
        [
          -0.122342,
          -0.557439,
          0.821155,
          3.164601
        ],
        [
          -0.992277,
          0.08575,
          -0.089626,
          3.169189
        ],
        [
          -0.020453,
          -0.825778,
          -0.563625,
          1.27954
        ],
        [
          0.0,
          0.0,
          0.0,
          1.0
        ]
      ]
    },
    {
      "file_path": "/media/NFS/ttao/scannet/posed_images/scene0543_00/00018.jpg",
      "transform_matrix": [
        [
          -0.120231,
          -0.552494,
          0.8248,
          3.164044
        ],
        [
          -0.992552,
          0.083333,
          -0.088863,
          3.167066
        ],
        [
          -0.019636,
          -0.829341,
          -0.558398,
          1.281176
        ],
        [
          0.0,
          0.0,
          0.0,
          1.0
        ]
      ]
    },
    {
      "file_path": "/media/NFS/ttao/scannet/posed_images/scene0543_00/00020.jpg",
      "transform_matrix": [
        [
          -0.115538,
          -0.554213,
          0.824317,
          3.162911
        ],
        [
          -0.993116,
          0.080567,
          -0.085029,
          3.163574
        ],
        [
          -0.019288,
          -0.828466,
          -0.559707,
          1.281333
        ],
        [
          0.0,
          0.0,
          0.0,
          1.0
        ]
      ]
    },
    {
      "file_path": "/media/NFS/ttao/scannet/posed_images/scene0543_00/00022.jpg",
      "transform_matrix": [
        [
          -0.109765,
          -0.5575,
          0.822888,
          3.163143
        ],
        [
          -0.993754,
          0.078321,
          -0.079495,
          3.159124
        ],
        [
          -0.020131,
          -0.826474,
          -0.562615,
          1.281699
        ],
        [
          0.0,
          0.0,
          0.0,
          1.0
        ]
      ]
    },
    {
      "file_path": "/media/NFS/ttao/scannet/posed_images/scene0543_00/00023.jpg",
      "transform_matrix": [
        [
          -0.108669,
          -0.557588,
          0.822975,
          3.163278
        ],
        [
          -0.993856,
          0.078455,
          -0.078077,
          3.159355
        ],
        [
          -0.021031,
          -0.826402,
          -0.562687,
          1.281795
        ],
        [
          0.0,
          0.0,
          0.0,
          1.0
        ]
      ]
    },
    {
      "file_path": "/media/NFS/ttao/scannet/posed_images/scene0543_00/00025.jpg",
      "transform_matrix": [
        [
          -0.101659,
          -0.555745,
          0.825114,
          3.16265
        ],
        [
          -0.994547,
          0.076172,
          -0.07123,
          3.153519
        ],
        [
          -0.023265,
          -0.827856,
          -0.560458,
          1.283134
        ],
        [
          0.0,
          0.0,
          0.0,
          1.0
        ]
      ]
    },
    {
      "file_path": "/media/NFS/ttao/scannet/posed_images/scene0543_00/00028.jpg",
      "transform_matrix": [
        [
          -0.0939,
          -0.549235,
          0.830376,
          3.159134
        ],
        [
          -0.995329,
          0.070578,
          -0.065871,
          3.146059
        ],
        [
          -0.022428,
          -0.832682,
          -0.553297,
          1.284139
        ],
        [
          0.0,
          0.0,
          0.0,
          1.0
        ]
      ]
    },
    {
      "file_path": "/media/NFS/ttao/scannet/posed_images/scene0543_00/00029.jpg",
      "transform_matrix": [
        [
          -0.090163,
          -0.550236,
          0.830127,
          3.158176
        ],
        [
          -0.995656,
          0.069244,
          -0.062244,
          3.14256
        ],
        [
          -0.023233,
          -0.832133,
          -0.554089,
          1.284191
        ],
        [
          0.0,
          0.0,
          0.0,
          1.0
        ]
      ]
    },
    {
      "file_path": "/media/NFS/ttao/scannet/posed_images/scene0543_00/00032.jpg",
      "transform_matrix": [
        [
          -0.084258,
          -0.555406,
          0.8273,
          3.157367
        ],
        [
          -0.996123,
          0.068025,
          -0.055783,
          3.141467
        ],
        [
          -0.025294,
          -0.828792,
          -0.558984,
          1.283776
        ],
        [
          0.0,
          0.0,
          0.0,
          1.0
        ]
      ]
    },
    {
      "file_path": "/media/NFS/ttao/scannet/posed_images/scene0543_00/00035.jpg",
      "transform_matrix": [
        [
          -0.072544,
          -0.55987,
          0.825399,
          3.154757
        ],
        [
          -0.997016,
          0.06261,
          -0.045159,
          3.130689
        ],
        [
          -0.026395,
          -0.826212,
          -0.562741,
          1.283496
        ],
        [
          0.0,
          0.0,
          0.0,
          1.0
        ]
      ]
    },
    {
      "file_path": "/media/NFS/ttao/scannet/posed_images/scene0543_00/00036.jpg",
      "transform_matrix": [
        [
          -0.068175,
          -0.560134,
          0.825592,
          3.154216
        ],
        [
          -0.99732,
          0.060306,
          -0.041441,
          3.127997
        ],
        [
          -0.026575,
          -0.826204,
          -0.562744,
          1.283644
        ],
        [
          0.0,
          0.0,
          0.0,
          1.0
        ]
      ]
    },
    {
      "file_path": "/media/NFS/ttao/scannet/posed_images/scene0543_00/00038.jpg",
      "transform_matrix": [
        [
          -0.055097,
          -0.563197,
          0.824484,
          3.150529
        ],
        [
          -0.998148,
          0.052392,
          -0.030913,
          3.124188
        ],
        [
          -0.025786,
          -0.82466,
          -0.56504,
          1.280899
        ],
        [
          0.0,
          0.0,
          0.0,
          1.0
        ]
      ]
    },
    {
      "file_path": "/media/NFS/ttao/scannet/posed_images/scene0543_00/00040.jpg",
      "transform_matrix": [
        [
          -0.037517,
          -0.570237,
          0.820623,
          3.148485
        ],
        [
          -0.998927,
          0.043718,
          -0.01529,
          3.115912
        ],
        [
          -0.027157,
          -0.820316,
          -0.571265,
          1.28141
        ],
        [
          0.0,
          0.0,
          0.0,
          1.0
        ]
      ]
    },
    {
      "file_path": "/media/NFS/ttao/scannet/posed_images/scene0543_00/00042.jpg",
      "transform_matrix": [
        [
          -0.014981,
          -0.574131,
          0.818627,
          3.144923
        ],
        [
          -0.999487,
          0.031767,
          0.003988,
          3.109516
        ],
        [
          -0.028295,
          -0.818147,
          -0.574312,
          1.279353
        ],
        [
          0.0,
          0.0,
          0.0,
          1.0
        ]
      ]
    },
    {
      "file_path": "/media/NFS/ttao/scannet/posed_images/scene0543_00/00044.jpg",
      "transform_matrix": [
        [
          0.010324,
          -0.578494,
          0.815621,
          3.141495
        ],
        [
          -0.999544,
          0.017184,
          0.02484,
          3.10596
        ],
        [
          -0.028385,
          -0.815506,
          -0.578052,
          1.278076
        ],
        [
          0.0,
          0.0,
          0.0,
          1.0
        ]
      ]
    },
    {
      "file_path": "/media/NFS/ttao/scannet/posed_images/scene0543_00/00047.jpg",
      "transform_matrix": [
        [
          0.047896,
          -0.582224,
          0.811617,
          3.137366
        ],
        [
          -0.998435,
          -0.004425,
          0.055746,
          3.101408
        ],
        [
          -0.028865,
          -0.813016,
          -0.581525,
          1.275855
        ],
        [
          0.0,
          0.0,
          0.0,
          1.0
        ]
      ]
    },
    {
      "file_path": "/media/NFS/ttao/scannet/posed_images/scene0543_00/00048.jpg",
      "transform_matrix": [
        [
          0.058889,
          -0.5805,
          0.812128,
          3.13556
        ],
        [
          -0.997836,
          -0.0104,
          0.064921,
          3.099838
        ],
        [
          -0.029241,
          -0.814194,
          -0.579857,
          1.27603
        ],
        [
          0.0,
          0.0,
          0.0,
          1.0
        ]
      ]
    },
    {
      "file_path": "/media/NFS/ttao/scannet/posed_images/scene0543_00/00052.jpg",
      "transform_matrix": [
        [
          0.100404,
          -0.584766,
          0.804965,
          3.130993
        ],
        [
          -0.9944,
          -0.032168,
          0.100664,
          3.102215
        ],
        [
          -0.032971,
          -0.810564,
          -0.584721,
          1.273901
        ],
        [
          0.0,
          0.0,
          0.0,
          1.0
        ]
      ]
    },
    {
      "file_path": "/media/NFS/ttao/scannet/posed_images/scene0543_00/00054.jpg",
      "transform_matrix": [
        [
          0.119679,
          -0.585601,
          0.801716,
          3.129571
        ],
        [
          -0.992229,
          -0.04287,
          0.116805,
          3.101188
        ],
        [
          -0.034031,
          -0.809465,
          -0.586181,
          1.27427
        ],
        [
          0.0,
          0.0,
          0.0,
          1.0
        ]
      ]
    },
    {
      "file_path": "/media/NFS/ttao/scannet/posed_images/scene0543_00/00056.jpg",
      "transform_matrix": [
        [
          0.137144,
          -0.582838,
          0.800932,
          3.127337
        ],
        [
          -0.989901,
          -0.051345,
          0.132137,
          3.101961
        ],
        [
          -0.03589,
          -0.810965,
          -0.583993,
          1.273734
        ],
        [
          0.0,
          0.0,
          0.0,
          1.0
        ]
      ]
    },
    {
      "file_path": "/media/NFS/ttao/scannet/posed_images/scene0543_00/00057.jpg",
      "transform_matrix": [
        [
          0.145954,
          -0.582684,
          0.799486,
          3.126258
        ],
        [
          -0.988591,
          -0.055504,
          0.140024,
          3.102914
        ],
        [
          -0.037215,
          -0.810801,
          -0.584137,
          1.273788
        ],
        [
          0.0,
          0.0,
          0.0,
          1.0
        ]
      ]
    },
    {
      "file_path": "/media/NFS/ttao/scannet/posed_images/scene0543_00/00059.jpg",
      "transform_matrix": [
        [
          0.165656,
          -0.583705,
          0.794888,
          3.124281
        ],
        [
          -0.985425,
          -0.066357,
          0.156637,
          3.104102
        ],
        [
          -0.038683,
          -0.80925,
          -0.58619,
          1.272059
        ],
        [
          0.0,
          0.0,
          0.0,
          1.0
        ]
      ]
    },
    {
      "file_path": "/media/NFS/ttao/scannet/posed_images/scene0543_00/00061.jpg",
      "transform_matrix": [
        [
          0.180285,
          -0.58782,
          0.788648,
          3.124141
        ],
        [
          -0.982966,
          -0.078552,
          0.166157,
          3.114012
        ],
        [
          -0.035721,
          -0.805169,
          -0.591969,
          1.271353
        ],
        [
          0.0,
          0.0,
          0.0,
          1.0
        ]
      ]
    },
    {
      "file_path": "/media/NFS/ttao/scannet/posed_images/scene0543_00/00065.jpg",
      "transform_matrix": [
        [
          0.219294,
          -0.603236,
          0.766822,
          3.123199
        ],
        [
          -0.975347,
          -0.11567,
          0.187933,
          3.125826
        ],
        [
          -0.024669,
          -0.78913,
          -0.61373,
          1.266791
        ],
        [
          0.0,
          0.0,
          0.0,
          1.0
        ]
      ]
    },
    {
      "file_path": "/media/NFS/ttao/scannet/posed_images/scene0543_00/00067.jpg",
      "transform_matrix": [
        [
          0.239662,
          -0.605983,
          0.758516,
          3.125496
        ],
        [
          -0.970689,
          -0.135054,
          0.198806,
          3.131674
        ],
        [
          -0.018032,
          -0.783929,
          -0.620588,
          1.266036
        ],
        [
          0.0,
          0.0,
          0.0,
          1.0
        ]
      ]
    },
    {
      "file_path": "/media/NFS/ttao/scannet/posed_images/scene0543_00/00069.jpg",
      "transform_matrix": [
        [
          0.262871,
          -0.60476,
          0.751774,
          3.128819
        ],
        [
          -0.96479,
          -0.157544,
          0.21062,
          3.139506
        ],
        [
          -0.008937,
          -0.78067,
          -0.62488,
          1.266991
        ],
        [
          0.0,
          0.0,
          0.0,
          1.0
        ]
      ]
    },
    {
      "file_path": "/media/NFS/ttao/scannet/posed_images/scene0543_00/00070.jpg",
      "transform_matrix": [
        [
          0.27187,
          -0.602319,
          0.750533,
          3.129752
        ],
        [
          -0.962313,
          -0.165039,
          0.216137,
          3.146104
        ],
        [
          -0.006316,
          -0.781008,
          -0.624488,
          1.266266
        ],
        [
          0.0,
          0.0,
          0.0,
          1.0
        ]
      ]
    },
    {
      "file_path": "/media/NFS/ttao/scannet/posed_images/scene0543_00/00073.jpg",
      "transform_matrix": [
        [
          0.300109,
          -0.592491,
          0.747589,
          3.132871
        ],
        [
          -0.953876,
          -0.180272,
          0.240048,
          3.160968
        ],
        [
          -0.007457,
          -0.785147,
          -0.619264,
          1.267828
        ],
        [
          0.0,
          0.0,
          0.0,
          1.0
        ]
      ]
    },
    {
      "file_path": "/media/NFS/ttao/scannet/posed_images/scene0543_00/00074.jpg",
      "transform_matrix": [
        [
          0.309729,
          -0.588636,
          0.74671,
          3.134368
        ],
        [
          -0.950797,
          -0.185733,
          0.247968,
          3.16678
        ],
        [
          -0.007275,
          -0.786773,
          -0.6172,
          1.268847
        ],
        [
          0.0,
          0.0,
          0.0,
          1.0
        ]
      ]
    },
    {
      "file_path": "/media/NFS/ttao/scannet/posed_images/scene0543_00/00077.jpg",
      "transform_matrix": [
        [
          0.342479,
          -0.579601,
          0.739439,
          3.136175
        ],
        [
          -0.939516,
          -0.207762,
          0.272294,
          3.186237
        ],
        [
          -0.004195,
          -0.78797,
          -0.615699,
          1.269632
        ],
        [
          0.0,
          0.0,
          0.0,
          1.0
        ]
      ]
    },
    {
      "file_path": "/media/NFS/ttao/scannet/posed_images/scene0543_00/00079.jpg",
      "transform_matrix": [
        [
          0.364098,
          -0.576894,
          0.731181,
          3.139088
        ],
        [
          -0.931361,
          -0.225205,
          0.286094,
          3.200993
        ],
        [
          -0.00038,
          -0.78516,
          -0.619293,
          1.270403
        ],
        [
          0.0,
          0.0,
          0.0,
          1.0
        ]
      ]
    },
    {
      "file_path": "/media/NFS/ttao/scannet/posed_images/scene0543_00/00080.jpg",
      "transform_matrix": [
        [
          0.371389,
          -0.576333,
          0.72795,
          3.140195
        ],
        [
          -0.928477,
          -0.230431,
          0.291258,
          3.212903
        ],
        [
          -0.000119,
          -0.784055,
          -0.620692,
          1.271614
        ],
        [
          0.0,
          0.0,
          0.0,
          1.0
        ]
      ]
    },
    {
      "file_path": "/media/NFS/ttao/scannet/posed_images/scene0543_00/00083.jpg",
      "transform_matrix": [
        [
          0.403521,
          -0.564823,
          0.719823,
          3.144523
        ],
        [
          -0.914961,
          -0.25258,
          0.314721,
          3.241005
        ],
        [
          0.004051,
          -0.785607,
          -0.618713,
          1.272398
        ],
        [
          0.0,
          0.0,
          0.0,
          1.0
        ]
      ]
    },
    {
      "file_path": "/media/NFS/ttao/scannet/posed_images/scene0543_00/00085.jpg",
      "transform_matrix": [
        [
          0.423885,
          -0.555571,
          0.715306,
          3.147734
        ],
        [
          -0.905688,
          -0.266173,
          0.32997,
          3.261867
        ],
        [
          0.007073,
          -0.787713,
          -0.616001,
          1.274588
        ],
        [
          0.0,
          0.0,
          0.0,
          1.0
        ]
      ]
    },
    {
      "file_path": "/media/NFS/ttao/scannet/posed_images/scene0543_00/00087.jpg",
      "transform_matrix": [
        [
          0.443836,
          -0.543871,
          0.712189,
          3.150366
        ],
        [
          -0.896076,
          -0.276079,
          0.347603,
          3.28236
        ],
        [
          0.007569,
          -0.792455,
          -0.609884,
          1.275998
        ],
        [
          0.0,
          0.0,
          0.0,
          1.0
        ]
      ]
    },
    {
      "file_path": "/media/NFS/ttao/scannet/posed_images/scene0543_00/00090.jpg",
      "transform_matrix": [
        [
          0.468779,
          -0.52892,
          0.707453,
          3.155715
        ],
        [
          -0.883306,
          -0.284358,
          0.372707,
          3.316855
        ],
        [
          0.004037,
          -0.799615,
          -0.600499,
          1.280874
        ],
        [
          0.0,
          0.0,
          0.0,
          1.0
        ]
      ]
    },
    {
      "file_path": "/media/NFS/ttao/scannet/posed_images/scene0543_00/00092.jpg",
      "transform_matrix": [
        [
          0.482231,
          -0.515866,
          0.708051,
          3.158347
        ],
        [
          -0.876038,
          -0.287065,
          0.387494,
          3.337548
        ],
        [
          0.003362,
          -0.807141,
          -0.590349,
          1.281477
        ],
        [
          0.0,
          0.0,
          0.0,
          1.0
        ]
      ]
    },
    {
      "file_path": "/media/NFS/ttao/scannet/posed_images/scene0543_00/00094.jpg",
      "transform_matrix": [
        [
          0.488622,
          -0.505924,
          0.710837,
          3.162261
        ],
        [
          -0.872489,
          -0.286415,
          0.39589,
          3.355869
        ],
        [
          0.003304,
          -0.813638,
          -0.581362,
          1.284547
        ],
        [
          0.0,
          0.0,
          0.0,
          1.0
        ]
      ]
    },
    {
      "file_path": "/media/NFS/ttao/scannet/posed_images/scene0543_00/00096.jpg",
      "transform_matrix": [
        [
          0.488171,
          -0.500392,
          0.71505,
          3.164649
        ],
        [
          -0.872728,
          -0.285371,
          0.396117,
          3.374904
        ],
        [
          0.005841,
          -0.817417,
          -0.576017,
          1.285335
        ],
        [
          0.0,
          0.0,
          0.0,
          1.0
        ]
      ]
    },
    {
      "file_path": "/media/NFS/ttao/scannet/posed_images/scene0543_00/00099.jpg",
      "transform_matrix": [
        [
          0.485429,
          -0.499817,
          0.717315,
          3.169329
        ],
        [
          -0.874229,
          -0.286,
          0.392336,
          3.404279
        ],
        [
          0.009056,
          -0.817549,
          -0.575787,
          1.285126
        ],
        [
          0.0,
          0.0,
          0.0,
          1.0
        ]
      ]
    },
    {
      "file_path": "/media/NFS/ttao/scannet/posed_images/scene0543_00/00100.jpg",
      "transform_matrix": [
        [
          0.487793,
          -0.500703,
          0.715091,
          3.174696
        ],
        [
          -0.872916,
          -0.28797,
          0.393817,
          3.412325
        ],
        [
          0.00874,
          -0.816315,
          -0.577541,
          1.284834
        ],
        [
          0.0,
          0.0,
          0.0,
          1.0
        ]
      ]
    },
    {
      "file_path": "/media/NFS/ttao/scannet/posed_images/scene0543_00/00102.jpg",
      "transform_matrix": [
        [
          0.489582,
          -0.504477,
          0.711205,
          3.182738
        ],
        [
          -0.871949,
          -0.286801,
          0.3968,
          3.43328
        ],
        [
          0.003798,
          -0.814401,
          -0.580291,
          1.289327
        ],
        [
          0.0,
          0.0,
          0.0,
          1.0
        ]
      ]
    },
    {
      "file_path": "/media/NFS/ttao/scannet/posed_images/scene0543_00/00105.jpg",
      "transform_matrix": [
        [
          0.49326,
          -0.502913,
          0.70977,
          3.190434
        ],
        [
          -0.86983,
          -0.27627,
          0.408742,
          3.456601
        ],
        [
          -0.009473,
          -0.818995,
          -0.573722,
          1.288763
        ],
        [
          0.0,
          0.0,
          0.0,
          1.0
        ]
      ]
    },
    {
      "file_path": "/media/NFS/ttao/scannet/posed_images/scene0543_00/00107.jpg",
      "transform_matrix": [
        [
          0.490699,
          -0.504572,
          0.710367,
          3.195944
        ],
        [
          -0.871265,
          -0.274264,
          0.407034,
          3.469257
        ],
        [
          -0.01055,
          -0.818649,
          -0.574197,
          1.286194
        ],
        [
          0.0,
          0.0,
          0.0,
          1.0
        ]
      ]
    },
    {
      "file_path": "/media/NFS/ttao/scannet/posed_images/scene0543_00/00108.jpg",
      "transform_matrix": [
        [
          0.487318,
          -0.506443,
          0.711362,
          3.198699
        ],
        [
          -0.873177,
          -0.274106,
          0.403024,
          3.475974
        ],
        [
          -0.009121,
          -0.817546,
          -0.575791,
          1.284357
        ],
        [
          0.0,
          0.0,
          0.0,
          1.0
        ]
      ]
    },
    {
      "file_path": "/media/NFS/ttao/scannet/posed_images/scene0543_00/00110.jpg",
      "transform_matrix": [
        [
          0.485268,
          -0.51228,
          0.708579,
          3.211729
        ],
        [
          -0.874348,
          -0.279088,
          0.397022,
          3.481414
        ],
        [
          -0.005631,
          -0.812206,
          -0.583343,
          1.28002
        ],
        [
          0.0,
          0.0,
          0.0,
          1.0
        ]
      ]
    },
    {
      "file_path": "/media/NFS/ttao/scannet/posed_images/scene0543_00/00112.jpg",
      "transform_matrix": [
        [
          0.484968,
          -0.520511,
          0.702761,
          3.223054
        ],
        [
          -0.874524,
          -0.285351,
          0.392151,
          3.495012
        ],
        [
          -0.003585,
          -0.804763,
          -0.593586,
          1.278116
        ],
        [
          0.0,
          0.0,
          0.0,
          1.0
        ]
      ]
    },
    {
      "file_path": "/media/NFS/ttao/scannet/posed_images/scene0543_00/00115.jpg",
      "transform_matrix": [
        [
          0.503073,
          -0.51779,
          0.691962,
          3.242353
        ],
        [
          -0.864232,
          -0.297091,
          0.406006,
          3.509864
        ],
        [
          -0.004651,
          -0.802266,
          -0.596948,
          1.27694
        ],
        [
          0.0,
          0.0,
          0.0,
          1.0
        ]
      ]
    },
    {
      "file_path": "/media/NFS/ttao/scannet/posed_images/scene0543_00/00118.jpg",
      "transform_matrix": [
        [
          0.525549,
          -0.503373,
          0.685867,
          3.264749
        ],
        [
          -0.850762,
          -0.309507,
          0.424746,
          3.521303
        ],
        [
          -0.001525,
          -0.806735,
          -0.590912,
          1.276789
        ],
        [
          0.0,
          0.0,
          0.0,
          1.0
        ]
      ]
    },
    {
      "file_path": "/media/NFS/ttao/scannet/posed_images/scene0543_00/00119.jpg",
      "transform_matrix": [
        [
          0.534232,
          -0.49832,
          0.682842,
          3.274361
        ],
        [
          -0.845336,
          -0.313012,
          0.432933,
          3.526146
        ],
        [
          -0.002002,
          -0.808518,
          -0.588468,
          1.278845
        ],
        [
          0.0,
          0.0,
          0.0,
          1.0
        ]
      ]
    },
    {
      "file_path": "/media/NFS/ttao/scannet/posed_images/scene0543_00/00122.jpg",
      "transform_matrix": [
        [
          0.590505,
          -0.476205,
          0.651561,
          3.309976
        ],
        [
          -0.806943,
          -0.336325,
          0.485518,
          3.533633
        ],
        [
          -0.012071,
          -0.812474,
          -0.582873,
          1.28467
        ],
        [
          0.0,
          0.0,
          0.0,
          1.0
        ]
      ]
    },
    {
      "file_path": "/media/NFS/ttao/scannet/posed_images/scene0543_00/00123.jpg",
      "transform_matrix": [
        [
          0.607393,
          -0.472342,
          0.638723,
          3.319665
        ],
        [
          -0.794165,
          -0.341447,
          0.502708,
          3.535977
        ],
        [
          -0.01936,
          -0.812593,
          -0.58251,
          1.288888
        ],
        [
          0.0,
          0.0,
          0.0,
          1.0
        ]
      ]
    },
    {
      "file_path": "/media/NFS/ttao/scannet/posed_images/scene0543_00/00126.jpg",
      "transform_matrix": [
        [
          0.651982,
          -0.439583,
          0.617808,
          3.344545
        ],
        [
          -0.757331,
          -0.33778,
          0.558886,
          3.534997
        ],
        [
          -0.036994,
          -0.832269,
          -0.553136,
          1.301273
        ],
        [
          0.0,
          0.0,
          0.0,
          1.0
        ]
      ]
    },
    {
      "file_path": "/media/NFS/ttao/scannet/posed_images/scene0543_00/00127.jpg",
      "transform_matrix": [
        [
          0.665831,
          -0.427041,
          0.611805,
          3.352415
        ],
        [
          -0.745345,
          -0.34376,
          0.571218,
          3.535147
        ],
        [
          -0.033619,
          -0.83634,
          -0.547179,
          1.304949
        ],
        [
          0.0,
          0.0,
          0.0,
          1.0
        ]
      ]
    },
    {
      "file_path": "/media/NFS/ttao/scannet/posed_images/scene0543_00/00129.jpg",
      "transform_matrix": [
        [
          0.691904,
          -0.400736,
          0.600567,
          3.367345
        ],
        [
          -0.72153,
          -0.354115,
          0.594976,
          3.538022
        ],
        [
          -0.025759,
          -0.844993,
          -0.534156,
          1.31304
        ],
        [
          0.0,
          0.0,
          0.0,
          1.0
        ]
      ]
    },
    {
      "file_path": "/media/NFS/ttao/scannet/posed_images/scene0543_00/00133.jpg",
      "transform_matrix": [
        [
          0.733498,
          -0.361678,
          0.575474,
          3.392122
        ],
        [
          -0.679535,
          -0.372024,
          0.632322,
          3.528111
        ],
        [
          -0.014607,
          -0.854861,
          -0.518651,
          1.317237
        ],
        [
          0.0,
          0.0,
          0.0,
          1.0
        ]
      ]
    },
    {
      "file_path": "/media/NFS/ttao/scannet/posed_images/scene0543_00/00134.jpg",
      "transform_matrix": [
        [
          0.737569,
          -0.35839,
          0.572318,
          3.395727
        ],
        [
          -0.67518,
          -0.37744,
          0.633775,
          3.52954
        ],
        [
          -0.011123,
          -0.853871,
          -0.520367,
          1.316949
        ],
        [
          0.0,
          0.0,
          0.0,
          1.0
        ]
      ]
    },
    {
      "file_path": "/media/NFS/ttao/scannet/posed_images/scene0543_00/00136.jpg",
      "transform_matrix": [
        [
          0.746693,
          -0.358305,
          0.560417,
          3.405601
        ],
        [
          -0.665025,
          -0.384625,
          0.64016,
          3.536117
        ],
        [
          -0.013822,
          -0.850694,
          -0.525479,
          1.321519
        ],
        [
          0.0,
          0.0,
          0.0,
          1.0
        ]
      ]
    },
    {
      "file_path": "/media/NFS/ttao/scannet/posed_images/scene0543_00/00138.jpg",
      "transform_matrix": [
        [
          0.764464,
          -0.354435,
          0.538489,
          3.416313
        ],
        [
          -0.644094,
          -0.384745,
          0.661146,
          3.542645
        ],
        [
          -0.027153,
          -0.85226,
          -0.522413,
          1.326611
        ],
        [
          0.0,
          0.0,
          0.0,
          1.0
        ]
      ]
    },
    {
      "file_path": "/media/NFS/ttao/scannet/posed_images/scene0543_00/00141.jpg",
      "transform_matrix": [
        [
          0.788433,
          -0.33723,
          0.51444,
          3.430053
        ],
        [
          -0.614261,
          -0.387452,
          0.687434,
          3.543308
        ],
        [
          -0.032502,
          -0.857996,
          -0.512627,
          1.318172
        ],
        [
          0.0,
          0.0,
          0.0,
          1.0
        ]
      ]
    },
    {
      "file_path": "/media/NFS/ttao/scannet/posed_images/scene0543_00/00143.jpg",
      "transform_matrix": [
        [
          0.796559,
          -0.331738,
          0.505414,
          3.436461
        ],
        [
          -0.604005,
          -0.400871,
          0.688825,
          3.554953
        ],
        [
          -0.025904,
          -0.853963,
          -0.519689,
          1.318811
        ],
        [
          0.0,
          0.0,
          0.0,
          1.0
        ]
      ]
    },
    {
      "file_path": "/media/NFS/ttao/scannet/posed_images/scene0543_00/00145.jpg",
      "transform_matrix": [
        [
          0.804885,
          -0.322534,
          0.498128,
          3.441207
        ],
        [
          -0.593064,
          -0.407683,
          0.694313,
          3.565609
        ],
        [
          -0.020861,
          -0.854264,
          -0.519421,
          1.317335
        ],
        [
          0.0,
          0.0,
          0.0,
          1.0
        ]
      ]
    },
    {
      "file_path": "/media/NFS/ttao/scannet/posed_images/scene0543_00/00146.jpg",
      "transform_matrix": [
        [
          0.807392,
          -0.318935,
          0.496386,
          3.443676
        ],
        [
          -0.589717,
          -0.409454,
          0.696119,
          3.571326
        ],
        [
          -0.01877,
          -0.854768,
          -0.518671,
          1.316853
        ],
        [
          0.0,
          0.0,
          0.0,
          1.0
        ]
      ]
    },
    {
      "file_path": "/media/NFS/ttao/scannet/posed_images/scene0543_00/00150.jpg",
      "transform_matrix": [
        [
          0.813713,
          -0.309781,
          0.491839,
          3.463965
        ],
        [
          -0.580871,
          -0.402149,
          0.707719,
          3.598285
        ],
        [
          -0.021445,
          -0.861575,
          -0.507177,
          1.322067
        ],
        [
          0.0,
          0.0,
          0.0,
          1.0
        ]
      ]
    },
    {
      "file_path": "/media/NFS/ttao/scannet/posed_images/scene0543_00/00151.jpg",
      "transform_matrix": [
        [
          0.81295,
          -0.304225,
          0.496547,
          3.466682
        ],
        [
          -0.582088,
          -0.399816,
          0.70804,
          3.60507
        ],
        [
          -0.016876,
          -0.864635,
          -0.502117,
          1.321784
        ],
        [
          0.0,
          0.0,
          0.0,
          1.0
        ]
      ]
    },
    {
      "file_path": "/media/NFS/ttao/scannet/posed_images/scene0543_00/00154.jpg",
      "transform_matrix": [
        [
          0.802486,
          -0.298882,
          0.516416,
          3.473464
        ],
        [
          -0.596654,
          -0.395445,
          0.698303,
          3.633155
        ],
        [
          -0.004497,
          -0.8685,
          -0.495668,
          1.323073
        ],
        [
          0.0,
          0.0,
          0.0,
          1.0
        ]
      ]
    },
    {
      "file_path": "/media/NFS/ttao/scannet/posed_images/scene0543_00/00155.jpg",
      "transform_matrix": [
        [
          0.80106,
          -0.298089,
          0.519081,
          3.475471
        ],
        [
          -0.598566,
          -0.39218,
          0.698508,
          3.644271
        ],
        [
          -0.004645,
          -0.870251,
          -0.492586,
          1.327026
        ],
        [
          0.0,
          0.0,
          0.0,
          1.0
        ]
      ]
    },
    {
      "file_path": "/media/NFS/ttao/scannet/posed_images/scene0543_00/00158.jpg",
      "transform_matrix": [
        [
          0.803521,
          -0.277696,
          0.526535,
          3.479282
        ],
        [
          -0.595262,
          -0.380959,
          0.707484,
          3.669823
        ],
        [
          0.004122,
          -0.881904,
          -0.47141,
          1.330526
        ],
        [
          0.0,
          0.0,
          0.0,
          1.0
        ]
      ]
    },
    {
      "file_path": "/media/NFS/ttao/scannet/posed_images/scene0543_00/00159.jpg",
      "transform_matrix": [
        [
          0.802507,
          -0.273925,
          0.530044,
          3.480627
        ],
        [
          -0.596579,
          -0.381304,
          0.706187,
          3.6811
        ],
        [
          0.008665,
          -0.882934,
          -0.469417,
          1.332702
        ],
        [
          0.0,
          0.0,
          0.0,
          1.0
        ]
      ]
    },
    {
      "file_path": "/media/NFS/ttao/scannet/posed_images/scene0543_00/00161.jpg",
      "transform_matrix": [
        [
          0.803354,
          -0.265698,
          0.532942,
          3.483998
        ],
        [
          -0.595401,
          -0.374912,
          0.710591,
          3.694676
        ],
        [
          0.011003,
          -0.88817,
          -0.459384,
          1.326747
        ],
        [
          0.0,
          0.0,
          0.0,
          1.0
        ]
      ]
    },
    {
      "file_path": "/media/NFS/ttao/scannet/posed_images/scene0543_00/00164.jpg",
      "transform_matrix": [
        [
          0.809014,
          -0.260809,
          0.526759,
          3.486509
        ],
        [
          -0.587642,
          -0.378916,
          0.714912,
          3.723103
        ],
        [
          0.013142,
