{
  "frames": [
    {
      "file_path": "/media/NFS/ttao/scannet/posed_images/scene0217_00/00001.jpg",
      "transform_matrix": [
        [
          0.682166,
          -0.228863,
          0.694458,
          2.86838
        ],
        [
          -0.73116,
          -0.203846,
          0.651039,
          1.527134
        ],
        [
          -0.007436,
          -0.951876,
          -0.306392,
          1.502821
        ],
        [
          0.0,
          0.0,
          0.0,
          1.0
        ]
      ]
    },
    {
      "file_path": "/media/NFS/ttao/scannet/posed_images/scene0217_00/00004.jpg",
      "transform_matrix": [
        [
          0.673423,
          -0.239992,
          0.699218,
          2.869567
        ],
        [
          -0.739225,
          -0.209724,
          0.63997,
          1.527525
        ],
        [
          -0.006945,
          -0.94785,
          -0.318641,
          1.500957
        ],
        [
          0.0,
          0.0,
          0.0,
          1.0
        ]
      ]
    },
    {
      "file_path": "/media/NFS/ttao/scannet/posed_images/scene0217_00/00010.jpg",
      "transform_matrix": [
        [
          0.668856,
          -0.249521,
          0.700265,
          2.869988
        ],
        [
          -0.743388,
          -0.221469,
          0.631131,
          1.532871
        ],
        [
          -0.002393,
          -0.942704,
          -0.333622,
          1.502577
        ],
        [
          0.0,
          0.0,
          0.0,
          1.0
        ]
      ]
    },
    {
      "file_path": "/media/NFS/ttao/scannet/posed_images/scene0217_00/00011.jpg",
      "transform_matrix": [
        [
          0.669134,
          -0.247109,
          0.700855,
          2.868469
        ],
        [
          -0.743142,
          -0.22108,
          0.631557,
          1.532531
        ],
        [
          -0.001118,
          -0.94343,
          -0.331569,
          1.498371
        ],
        [
          0.0,
          0.0,
          0.0,
          1.0
        ]
      ]
    },
    {
      "file_path": "/media/NFS/ttao/scannet/posed_images/scene0217_00/00019.jpg",
      "transform_matrix": [
        [
          0.670503,
          -0.251893,
          0.697836,
          2.867481
        ],
        [
          -0.741905,
          -0.225525,
          0.63144,
          1.53466
        ],
        [
          -0.001676,
          -0.94111,
          -0.338096,
          1.499014
        ],
        [
          0.0,
          0.0,
          0.0,
          1.0
        ]
      ]
    },
    {
      "file_path": "/media/NFS/ttao/scannet/posed_images/scene0217_00/00020.jpg",
      "transform_matrix": [
        [
          0.669504,
          -0.25536,
          0.697536,
          2.868939
        ],
        [
          -0.74279,
          -0.223451,
          0.631136,
          1.536567
        ],
        [
          -0.005302,
          -0.94067,
          -0.33928,
          1.501524
        ],
        [
          0.0,
          0.0,
          0.0,
          1.0
        ]
      ]
    },
    {
      "file_path": "/media/NFS/ttao/scannet/posed_images/scene0217_00/00024.jpg",
      "transform_matrix": [
        [
          0.656668,
          -0.276256,
          0.701762,
          2.873563
        ],
        [
          -0.753485,
          -0.200389,
          0.626183,
          1.527728
        ],
        [
          -0.032362,
          -0.939961,
          -0.339744,
          1.499603
        ],
        [
          0.0,
          0.0,
          0.0,
          1.0
        ]
      ]
    },
    {
      "file_path": "/media/NFS/ttao/scannet/posed_images/scene0217_00/00029.jpg",
      "transform_matrix": [
        [
          0.65212,
          -0.278072,
          0.705277,
          2.876156
        ],
        [
          -0.757402,
          -0.198614,
          0.622008,
          1.527603
        ],
        [
          -0.032885,
          -0.939802,
          -0.340133,
          1.499146
        ],
        [
          0.0,
          0.0,
          0.0,
          1.0
        ]
      ]
    },
    {
      "file_path": "/media/NFS/ttao/scannet/posed_images/scene0217_00/00032.jpg",
      "transform_matrix": [
        [
          0.643124,
          -0.274972,
          0.71469,
          2.872588
        ],
        [
          -0.765069,
          -0.191034,
          0.61496,
          1.528128
        ],
        [
          -0.032567,
          -0.942283,
          -0.333231,
          1.495599
        ],
        [
          0.0,
          0.0,
          0.0,
          1.0
        ]
      ]
    },
    {
      "file_path": "/media/NFS/ttao/scannet/posed_images/scene0217_00/00037.jpg",
      "transform_matrix": [
        [
          0.62682,
          -0.293367,
          0.721826,
          2.87599
        ],
        [
          -0.778552,
          -0.199085,
          0.595166,
          1.525103
        ],
        [
          -0.030897,
          -0.935041,
          -0.353192,
          1.488063
        ],
        [
          0.0,
          0.0,
          0.0,
          1.0
        ]
      ]
    },
    {
      "file_path": "/media/NFS/ttao/scannet/posed_images/scene0217_00/00042.jpg",
      "transform_matrix": [
        [
          0.599927,
          -0.30009,
          0.741643,
          2.881628
        ],
        [
          -0.799903,
          -0.20691,
          0.563333,
          1.527081
        ],
        [
          -0.015597,
          -0.931201,
          -0.364173,
          1.478724
        ],
        [
          0.0,
          0.0,
          0.0,
          1.0
        ]
      ]
    },
    {
      "file_path": "/media/NFS/ttao/scannet/posed_images/scene0217_00/00047.jpg",
      "transform_matrix": [
        [
          0.566815,
          -0.323911,
          0.757497,
          2.891414
        ],
        [
          -0.823669,
          -0.203804,
          0.529182,
          1.532198
        ],
        [
          -0.017027,
          -0.923875,
          -0.382315,
          1.473653
        ],
        [
          0.0,
          0.0,
          0.0,
          1.0
        ]
      ]
    },
    {
      "file_path": "/media/NFS/ttao/scannet/posed_images/scene0217_00/00052.jpg",
      "transform_matrix": [
        [
          0.537041,
          -0.338636,
          0.772602,
          2.899599
        ],
        [
          -0.84309,
          -0.185024,
          0.504941,
          1.536475
        ],
        [
          -0.028041,
          -0.922547,
          -0.384866,
          1.477691
        ],
        [
          0.0,
          0.0,
          0.0,
          1.0
        ]
      ]
    },
    {
      "file_path": "/media/NFS/ttao/scannet/posed_images/scene0217_00/00053.jpg",
      "transform_matrix": [
        [
          0.531639,
          -0.339906,
          0.775773,
          2.898861
        ],
        [
          -0.846466,
          -0.181579,
          0.500525,
          1.540936
        ],
        [
          -0.029268,
          -0.922764,
          -0.384253,
          1.476346
        ],
        [
          0.0,
          0.0,
          0.0,
          1.0
        ]
      ]
    },
    {
      "file_path": "/media/NFS/ttao/scannet/posed_images/scene0217_00/00058.jpg",
      "transform_matrix": [
        [
          0.4776,
          -0.348058,
          0.806693,
          2.909609
        ],
        [
          -0.877608,
          -0.14587,
          0.456647,
          1.549374
        ],
        [
          -0.041267,
          -0.926055,
          -0.375126,
          1.479659
        ],
        [
          0.0,
          0.0,
          0.0,
          1.0
        ]
      ]
    },
    {
      "file_path": "/media/NFS/ttao/scannet/posed_images/scene0217_00/00061.jpg",
      "transform_matrix": [
        [
          0.44923,
          -0.355749,
          0.819534,
          2.91589
        ],
        [
          -0.891867,
          -0.124578,
          0.434803,
          1.553017
        ],
        [
          -0.052585,
          -0.926242,
          -0.373244,
          1.480253
        ],
        [
          0.0,
          0.0,
          0.0,
          1.0
        ]
      ]
    },
    {
      "file_path": "/media/NFS/ttao/scannet/posed_images/scene0217_00/00066.jpg",
      "transform_matrix": [
        [
          0.395971,
          -0.372928,
          0.839126,
          2.921319
        ],
        [
          -0.915804,
          -0.093543,
          0.390581,
          1.56928
        ],
        [
          -0.067164,
          -0.923133,
          -0.378569,
          1.482646
        ],
        [
          0.0,
          0.0,
          0.0,
          1.0
        ]
      ]
    },
    {
      "file_path": "/media/NFS/ttao/scannet/posed_images/scene0217_00/00072.jpg",
      "transform_matrix": [
        [
          0.324996,
          -0.376957,
          0.867341,
          2.935153
        ],
        [
          -0.942759,
          -0.056671,
          0.328625,
          1.578591
        ],
        [
          -0.074725,
          -0.924495,
          -0.373798,
          1.481863
        ],
        [
          0.0,
          0.0,
          0.0,
          1.0
        ]
      ]
    },
    {
      "file_path": "/media/NFS/ttao/scannet/posed_images/scene0217_00/00076.jpg",
      "transform_matrix": [
        [
          0.28523,
          -0.393785,
          0.873829,
          2.95448
        ],
        [
          -0.955977,
          -0.051308,
          0.288923,
          1.588907
        ],
        [
          -0.068939,
          -0.91777,
          -0.391084,
          1.48244
        ],
        [
          0.0,
          0.0,
          0.0,
          1.0
        ]
      ]
    },
    {
      "file_path": "/media/NFS/ttao/scannet/posed_images/scene0217_00/00078.jpg",
      "transform_matrix": [
        [
          0.268054,
          -0.394229,
          0.879051,
          2.967736
        ],
        [
          -0.961469,
          -0.051672,
          0.270013,
          1.591474
        ],
        [
          -0.061025,
          -0.917558,
          -0.39289,
          1.477373
        ],
        [
          0.0,
          0.0,
          0.0,
          1.0
        ]
      ]
    },
    {
      "file_path": "/media/NFS/ttao/scannet/posed_images/scene0217_00/00083.jpg",
      "transform_matrix": [
        [
          0.225669,
          -0.396939,
          0.88967,
          3.004334
        ],
        [
          -0.972728,
          -0.041556,
          0.228196,
          1.603599
        ],
        [
          -0.053609,
          -0.916904,
          -0.395491,
          1.461507
        ],
        [
          0.0,
          0.0,
          0.0,
          1.0
        ]
      ]
    },
    {
      "file_path": "/media/NFS/ttao/scannet/posed_images/scene0217_00/00086.jpg",
      "transform_matrix": [
        [
          0.197148,
          -0.407009,
          0.891895,
          3.039219
        ],
        [
          -0.978349,
          -0.023245,
          0.20565,
          1.60657
        ],
        [
          -0.062969,
          -0.913128,
          -0.40278,
          1.457853
        ],
        [
          0.0,
          0.0,
          0.0,
          1.0
        ]
      ]
    },
    {
      "file_path": "/media/NFS/ttao/scannet/posed_images/scene0217_00/00091.jpg",
      "transform_matrix": [
        [
          0.14155,
          -0.418366,
          0.897181,
          3.096416
        ],
        [
          -0.987188,
          0.007768,
          0.159373,
          1.626308
        ],
        [
          -0.073646,
          -0.908246,
          -0.411906,
          1.445544
        ],
        [
          0.0,
          0.0,
          0.0,
          1.0
        ]
      ]
    },
    {
      "file_path": "/media/NFS/ttao/scannet/posed_images/scene0217_00/00096.jpg",
      "transform_matrix": [
        [
          0.074651,
          -0.439722,
          0.895026,
          3.170292
        ],
        [
          -0.993967,
          0.039509,
          0.102313,
          1.637928
        ],
        [
          -0.080351,
          -0.897265,
          -0.434119,
          1.439305
        ],
        [
          0.0,
          0.0,
          0.0,
          1.0
        ]
      ]
    },
    {
      "file_path": "/media/NFS/ttao/scannet/posed_images/scene0217_00/00100.jpg",
      "transform_matrix": [
        [
          0.03426,
          -0.443027,
          0.895853,
          3.220164
        ],
        [
          -0.995885,
          0.060121,
          0.067817,
          1.6616
        ],
        [
          -0.083904,
          -0.89449,
          -0.439144,
          1.442066
        ],
        [
          0.0,
          0.0,
          0.0,
          1.0
        ]
      ]
    },
    {
      "file_path": "/media/NFS/ttao/scannet/posed_images/scene0217_00/00106.jpg",
      "transform_matrix": [
        [
          -0.024173,
          -0.448013,
          0.8937,
          3.26717
        ],
        [
          -0.997881,
          0.064831,
          0.005509,
          1.700415
        ],
        [
          -0.060408,
          -0.891673,
          -0.448631,
          1.432556
        ],
        [
          0.0,
          0.0,
          0.0,
          1.0
        ]
      ]
    },
    {
      "file_path": "/media/NFS/ttao/scannet/posed_images/scene0217_00/00107.jpg",
      "transform_matrix": [
        [
          -0.035658,
          -0.446147,
          0.894249,
          3.274153
        ],
        [
          -0.997945,
          0.063557,
          -0.008084,
          1.712026
        ],
        [
          -0.05323,
          -0.8927,
          -0.447497,
          1.432425
        ],
        [
          0.0,
          0.0,
          0.0,
          1.0
        ]
      ]
    },
    {
      "file_path": "/media/NFS/ttao/scannet/posed_images/scene0217_00/00113.jpg",
      "transform_matrix": [
        [
          -0.142239,
          -0.414878,
          0.89869,
          3.307279
        ],
        [
          -0.987499,
          0.121785,
          -0.100074,
          1.764932
        ],
        [
          -0.067928,
          -0.90169,
          -0.427014,
          1.450992
        ],
        [
          0.0,
          0.0,
          0.0,
          1.0
        ]
      ]
    },
    {
      "file_path": "/media/NFS/ttao/scannet/posed_images/scene0217_00/00118.jpg",
      "transform_matrix": [
        [
          -0.210193,
          -0.380239,
          0.900687,
          3.315504
        ],
        [
          -0.974023,
          0.160837,
          -0.159407,
          1.81589
        ],
        [
          -0.084251,
          -0.910796,
          -0.404169,
          1.467677
        ],
        [
          0.0,
          0.0,
          0.0,
          1.0
        ]
      ]
    },
    {
      "file_path": "/media/NFS/ttao/scannet/posed_images/scene0217_00/00119.jpg",
      "transform_matrix": [
        [
          -0.22088,
          -0.371216,
          0.901893,
          3.314899
        ],
        [
          -0.971433,
          0.166014,
          -0.16958,
          1.826801
        ],
        [
          -0.086776,
          -0.913585,
          -0.397281,
          1.467306
        ],
        [
          0.0,
          0.0,
          0.0,
          1.0
        ]
      ]
    },
    {
      "file_path": "/media/NFS/ttao/scannet/posed_images/scene0217_00/00123.jpg",
      "transform_matrix": [
        [
          -0.301632,
          -0.325587,
          0.896109,
          3.320874
        ],
        [
          -0.949903,
          0.183328,
          -0.25313,
          1.865075
        ],
        [
          -0.081866,
          -0.927569,
          -0.364574,
          1.470432
        ],
        [
          0.0,
          0.0,
          0.0,
          1.0
        ]
      ]
    },
    {
      "file_path": "/media/NFS/ttao/scannet/posed_images/scene0217_00/00128.jpg",
      "transform_matrix": [
        [
          -0.343898,
          -0.319919,
          0.882829,
          3.339254
        ],
        [
          -0.935403,
          0.199009,
          -0.292261,
          1.900333
        ],
        [
          -0.082191,
          -0.926308,
          -0.367692,
          1.467683
        ],
        [
          0.0,
          0.0,
          0.0,
          1.0
        ]
      ]
    },
    {
      "file_path": "/media/NFS/ttao/scannet/posed_images/scene0217_00/00134.jpg",
      "transform_matrix": [
        [
          -0.406681,
          -0.313176,
          0.858214,
          3.401993
        ],
        [
          -0.910753,
          0.212705,
          -0.353958,
          1.928452
        ],
        [
          -0.071695,
          -0.925569,
          -0.371729,
          1.461447
        ],
        [
          0.0,
          0.0,
          0.0,
          1.0
        ]
      ]
    },
    {
      "file_path": "/media/NFS/ttao/scannet/posed_images/scene0217_00/00136.jpg",
      "transform_matrix": [
        [
          -0.425099,
          -0.304411,
          0.852423,
          3.430145
        ],
        [
          -0.901739,
          0.224066,
          -0.369676,
          1.931947
        ],
        [
          -0.078465,
          -0.925812,
          -0.36975,
          1.459177
        ],
        [
          0.0,
          0.0,
          0.0,
          1.0
        ]
      ]
    },
    {
      "file_path": "/media/NFS/ttao/scannet/posed_images/scene0217_00/00142.jpg",
      "transform_matrix": [
        [
          -0.496106,
          -0.276974,
          0.8229,
          3.547188
        ],
        [
          -0.861444,
          0.275553,
          -0.426597,
          1.934385
        ],
        [
          -0.108597,
          -0.920519,
          -0.375301,
          1.460984
        ],
        [
          0.0,
          0.0,
          0.0,
          1.0
        ]
      ]
    },
    {
      "file_path": "/media/NFS/ttao/scannet/posed_images/scene0217_00/00147.jpg",
      "transform_matrix": [
        [
          -0.53789,
          -0.268307,
          0.799178,
          3.621693
        ],
        [
          -0.837113,
          0.281975,
          -0.468756,
          1.931945
        ],
        [
          -0.099578,
          -0.921141,
          -0.376275,
          1.460201
        ],
        [
          0.0,
          0.0,
          0.0,
          1.0
        ]
      ]
    },
    {
      "file_path": "/media/NFS/ttao/scannet/posed_images/scene0217_00/00152.jpg",
      "transform_matrix": [
        [
          -0.593249,
          -0.280039,
          0.754741,
          3.682182
        ],
        [
          -0.801451,
          0.29363,
          -0.521016,
          1.926506
        ],
        [
          -0.075709,
          -0.91398,
          -0.398633,
          1.454054
        ],
        [
          0.0,
          0.0,
          0.0,
          1.0
        ]
      ]
    },
    {
      "file_path": "/media/NFS/ttao/scannet/posed_images/scene0217_00/00154.jpg",
      "transform_matrix": [
        [
          -0.612981,
          -0.277236,
          0.739861,
          3.702879
        ],
        [
          -0.787098,
          0.295792,
          -0.541281,
          1.924059
        ],
        [
          -0.068782,
          -0.914137,
          -0.399527,
          1.4528
        ],
        [
          0.0,
          0.0,
          0.0,
          1.0
        ]
      ]
    },
    {
      "file_path": "/media/NFS/ttao/scannet/posed_images/scene0217_00/00159.jpg",
      "transform_matrix": [
        [
          -0.672746,
          -0.257397,
          0.693657,
          3.749986
        ],
        [
          -0.736876,
          0.317395,
          -0.596886,
          1.924185
        ],
        [
          -0.066527,
          -0.912692,
          -0.403196,
          1.443241
        ],
        [
          0.0,
          0.0,
          0.0,
          1.0
        ]
      ]
    },
    {
      "file_path": "/media/NFS/ttao/scannet/posed_images/scene0217_00/00163.jpg",
      "transform_matrix": [
        [
          -0.715661,
          -0.272135,
          0.643251,
          3.795765
        ],
        [
          -0.696743,
          0.342462,
          -0.630293,
          1.928483
        ],
        [
          -0.048764,
          -0.899256,
          -0.434695,
          1.448056
        ],
        [
          0.0,
          0.0,
          0.0,
          1.0
        ]
      ]
    },
    {
      "file_path": "/media/NFS/ttao/scannet/posed_images/scene0217_00/00165.jpg",
      "transform_matrix": [
        [
          -0.744973,
          -0.257634,
          0.615338,
          3.813798
        ],
        [
          -0.665649,
          0.347788,
          -0.660269,
          1.934328
        ],
        [
          -0.0439,
          -0.901481,
          -0.430586,
          1.447608
        ],
        [
          0.0,
          0.0,
          0.0,
          1.0
        ]
      ]
    },
    {
      "file_path": "/media/NFS/ttao/scannet/posed_images/scene0217_00/00169.jpg",
      "transform_matrix": [
        [
          -0.787112,
          -0.233646,
          0.570846,
          3.849456
        ],
        [
          -0.614874,
          0.370493,
          -0.696179,
          1.946199
        ],
        [
          -0.048835,
          -0.898969,
          -0.435282,
          1.459146
        ],
        [
          0.0,
          0.0,
          0.0,
          1.0
        ]
      ]
    },
    {
      "file_path": "/media/NFS/ttao/scannet/posed_images/scene0217_00/00173.jpg",
      "transform_matrix": [
        [
          -0.832785,
          -0.198449,
          0.516805,
          3.882484
        ],
        [
          -0.551269,
          0.382791,
          -0.741333,
          1.955247
        ],
        [
          -0.050711,
          -0.902269,
          -0.428181,
          1.458059
        ],
        [
          0.0,
          0.0,
          0.0,
          1.0
        ]
      ]
    },
    {
      "file_path": "/media/NFS/ttao/scannet/posed_images/scene0217_00/00180.jpg",
      "transform_matrix": [
        [
          -0.87226,
          -0.168594,
          0.459064,
          3.932981
        ],
        [
          -0.486111,
          0.401534,
          -0.776187,
          1.963792
        ],
        [
          -0.053469,
          -0.900193,
          -0.432197,
          1.452597
        ],
        [
          0.0,
          0.0,
          0.0,
          1.0
        ]
      ]
    },
    {
      "file_path": "/media/NFS/ttao/scannet/posed_images/scene0217_00/00184.jpg",
      "transform_matrix": [
        [
          -0.890029,
          -0.166117,
          0.424563,
          3.959978
        ],
        [
          -0.454269,
          0.40194,
          -0.795037,
          1.948426
        ],
        [
          -0.03858,
          -0.900472,
          -0.4332,
          1.447412
        ],
        [
          0.0,
          0.0,
          0.0,
          1.0
        ]
      ]
    },
    {
      "file_path": "/media/NFS/ttao/scannet/posed_images/scene0217_00/00189.jpg",
      "transform_matrix": [
        [
          -0.910507,
          -0.159557,
          0.38147,
          4.002777
        ],
        [
          -0.41249,
          0.414756,
          -0.811067,
          1.924935
        ],
        [
          -0.028805,
          -0.895834,
          -0.443454,
          1.433943
        ],
        [
          0.0,
          0.0,
          0.0,
          1.0
        ]
      ]
    },
    {
      "file_path": "/media/NFS/ttao/scannet/posed_images/scene0217_00/00193.jpg",
      "transform_matrix": [
        [
          -0.924023,
          -0.150333,
          0.351542,
          4.040664
        ],
        [
          -0.381601,
          0.419652,
          -0.823574,
          1.896329
        ],
        [
          -0.023715,
          -0.895149,
          -0.445135,
          1.429672
        ],
        [
          0.0,
          0.0,
          0.0,
          1.0
        ]
      ]
    },
    {
      "file_path": "/media/NFS/ttao/scannet/posed_images/scene0217_00/00194.jpg",
      "transform_matrix": [
        [
          -0.926897,
          -0.146522,
          0.345533,
          4.04858
        ],
        [
          -0.374544,
          0.420084,
          -0.826587,
          1.885416
        ],
        [
          -0.02404,
          -0.895578,
          -0.444254,
          1.431917
        ],
        [
          0.0,
          0.0,
          0.0,
          1.0
        ]
      ]
    },
    {
      "file_path": "/media/NFS/ttao/scannet/posed_images/scene0217_00/00200.jpg",
      "transform_matrix": [
        [
          -0.945221,
          -0.104694,
          0.309185,
          4.093944
        ],
        [
          -0.323597,
          0.425043,
          -0.845354,
          1.827201
        ],
        [
          -0.042914,
          -0.899098,
          -0.435638,
          1.444906
        ],
        [
          0.0,
          0.0,
          0.0,
          1.0
        ]
      ]
    },
    {
      "file_path": "/media/NFS/ttao/scannet/posed_images/scene0217_00/00203.jpg",
      "transform_matrix": [
        [
          -0.950972,
          -0.088504,
          0.296343,
          4.100517
        ],
        [
          -0.30492,
          0.428565,
          -0.850504,
          1.803736
        ],
        [
          -0.051729,
          -0.899166,
          -0.43454,
          1.449016
        ],
        [
          0.0,
          0.0,
          0.0,
          1.0
        ]
      ]
    },
    {
      "file_path": "/media/NFS/ttao/scannet/posed_images/scene0217_00/00209.jpg",
      "transform_matrix": [
        [
          -0.96981,
          -0.061913,
          0.23587,
          4.121105
        ],
        [
          -0.239284,
          0.428086,
          -0.871484,
          1.766443
        ],
        [
          -0.047016,
          -0.901615,
          -0.429977,
          1.448814
        ],
        [
          0.0,
          0.0,
          0.0,
          1.0
        ]
      ]
    },
    {
      "file_path": "/media/NFS/ttao/scannet/posed_images/scene0217_00/00211.jpg",
      "transform_matrix": [
        [
          -0.977881,
          -0.053235,
          0.202277,
          4.121024
        ],
        [
          -0.205243,
          0.430595,
          -0.878899,
          1.758907
        ],
        [
          -0.040312,
          -0.900974,
          -0.431996,
          1.447954
        ],
        [
          0.0,
          0.0,
          0.0,
          1.0
        ]
      ]
    },
    {
      "file_path": "/media/NFS/ttao/scannet/posed_images/scene0217_00/00218.jpg",
      "transform_matrix": [
        [
          -0.994625,
          -0.019217,
          0.101744,
          4.124138
        ],
        [
          -0.099728,
          0.442041,
          -0.891434,
          1.7379
        ],
        [
          -0.027844,
          -0.896789,
          -0.441582,
          1.44774
        ],
        [
          0.0,
          0.0,
          0.0,
          1.0
        ]
      ]
    },
    {
      "file_path": "/media/NFS/ttao/scannet/posed_images/scene0217_00/00219.jpg",
      "transform_matrix": [
        [
          -0.996108,
          -0.010249,
          0.087546,
          4.128655
        ],
        [
          -0.082968,
          0.444364,
          -0.891996,
          1.739108
        ],
        [
          -0.029761,
          -0.895787,
          -0.443485,
          1.445315
        ],
        [
          0.0,
          0.0,
          0.0,
          1.0
        ]
      ]
    },
    {
      "file_path": "/media/NFS/ttao/scannet/posed_images/scene0217_00/00226.jpg",
      "transform_matrix": [
        [
          -0.999429,
          0.033791,
          0.000817,
          4.153035
        ],
        [
          0.015272,
          0.472983,
          -0.880939,
          1.743353
        ],
        [
          -0.030154,
          -0.880423,
          -0.473229,
          1.435517
        ],
        [
          0.0,
          0.0,
          0.0,
          1.0
        ]
      ]
    },
    {
      "file_path": "/media/NFS/ttao/scannet/posed_images/scene0217_00/00230.jpg",
      "transform_matrix": [
        [
          -0.997989,
          0.049565,
          -0.039504,
          4.164887
        ],
        [
          0.058674,
          0.486711,
          -0.87159,
          1.747725
        ],
        [
          -0.023973,
          -0.872156,
          -0.488641,
          1.433614
        ],
        [
          0.0,
          0.0,
          0.0,
          1.0
        ]
      ]
    },
    {
      "file_path": "/media/NFS/ttao/scannet/posed_images/scene0217_00/00234.jpg",
      "transform_matrix": [
        [
          -0.995514,
          0.06021,
          -0.072975,
          4.169133
        ],
        [
          0.093271,
          0.495406,
          -0.863639,
          1.753388
        ],
        [
          -0.015847,
          -0.866572,
          -0.4988,
          1.427777
        ],
        [
          0.0,
          0.0,
          0.0,
          1.0
        ]
      ]
    },
    {
      "file_path": "/media/NFS/ttao/scannet/posed_images/scene0217_00/00239.jpg",
      "transform_matrix": [
        [
          -0.990829,
          0.074962,
          -0.112417,
          4.177757
        ],
        [
          0.134825,
          0.49368,
          -0.859129,
          1.76177
        ],
        [
          -0.008904,
          -0.866407,
          -0.499259,
          1.424738
        ],
        [
          0.0,
          0.0,
          0.0,
          1.0
        ]
      ]
    },
    {
      "file_path": "/media/NFS/ttao/scannet/posed_images/scene0217_00/00241.jpg",
      "transform_matrix": [
        [
          -0.988445,
          0.084096,
          -0.126112,
          4.179075
        ],
        [
          0.151269,
          0.493988,
          -0.856209,
          1.763372
        ],
        [
          -0.009705,
          -0.865392,
          -0.501001,
          1.426718
        ],
        [
          0.0,
          0.0,
          0.0,
          1.0
        ]
      ]
    },
    {
      "file_path": "/media/NFS/ttao/scannet/posed_images/scene0217_00/00244.jpg",
      "transform_matrix": [
        [
          -0.983505,
          0.098568,
          -0.151666,
          4.180653
        ],
        [
          0.180647,
          0.492524,
          -0.851344,
          1.767121
        ],
        [
          -0.009216,
          -0.864699,
          -0.502206,
          1.425018
        ],
        [
          0.0,
          0.0,
          0.0,
          1.0
        ]
      ]
    },
    {
      "file_path": "/media/NFS/ttao/scannet/posed_images/scene0217_00/00251.jpg",
      "transform_matrix": [
        [
          -0.970569,
          0.126063,
          -0.205192,
          4.177862
        ],
        [
          0.240761,
          0.488626,
          -0.838617,
          1.772642
        ],
        [
          -0.005457,
          -0.863338,
          -0.504596,
          1.421484
        ],
        [
          0.0,
          0.0,
          0.0,
          1.0
        ]
      ]
    },
    {
      "file_path": "/media/NFS/ttao/scannet/posed_images/scene0217_00/00255.jpg",
      "transform_matrix": [
        [
          -0.964868,
          0.138751,
          -0.223109,
          4.17316
        ],
        [
          0.262614,
          0.483556,
          -0.834989,
          1.779202
        ],
        [
          -0.00797,
          -0.864246,
          -0.503006,
          1.419707
        ],
        [
          0.0,
          0.0,
          0.0,
          1.0
        ]
      ]
    },
    {
      "file_path": "/media/NFS/ttao/scannet/posed_images/scene0217_00/00258.jpg",
      "transform_matrix": [
        [
          -0.960332,
          0.149532,
          -0.235379,
          4.167437
        ],
        [
          0.278649,
          0.481676,
          -0.830869,
          1.782025
        ],
        [
          -0.010864,
          -0.863498,
          -0.504236,
          1.421862
        ],
        [
          0.0,
          0.0,
          0.0,
          1.0
        ]
      ]
    },
    {
      "file_path": "/media/NFS/ttao/scannet/posed_images/scene0217_00/00261.jpg",
      "transform_matrix": [
        [
          -0.957169,
          0.158531,
          -0.242273,
          4.152327
        ],
        [
          0.289141,
          0.479992,
          -0.828254,
          1.786209
        ],
        [
          -0.015015,
          -0.86283,
          -0.505272,
          1.424798
        ],
        [
          0.0,
          0.0,
          0.0,
          1.0
        ]
      ]
    },
    {
      "file_path": "/media/NFS/ttao/scannet/posed_images/scene0217_00/00265.jpg",
      "transform_matrix": [
        [
          -0.950341,
          0.168971,
          -0.261346,
          4.141526
        ],
        [
          0.310884,
          0.476918,
          -0.822132,
          1.792057
        ],
        [
          -0.014275,
          -0.862553,
          -0.505765,
          1.423269
        ],
        [
          0.0,
          0.0,
          0.0,
          1.0
        ]
      ]
    },
    {
      "file_path": "/media/NFS/ttao/scannet/posed_images/scene0217_00/00271.jpg",
      "transform_matrix": [
        [
          -0.939964,
          0.197169,
          -0.278554,
          4.114831
        ],
        [
          0.340217,
          0.477166,
          -0.810287,
          1.796166
        ],
        [
          -0.026847,
          -0.85641,
          -0.515599,
          1.425984
        ],
        [
          0.0,
          0.0,
          0.0,
          1.0
        ]
      ]
    },
    {
      "file_path": "/media/NFS/ttao/scannet/posed_images/scene0217_00/00276.jpg",
      "transform_matrix": [
        [
          -0.930524,
          0.216064,
          -0.295704,
          4.089728
        ],
        [
          0.364928,
          0.478988,
          -0.798372,
          1.797864
        ],
        [
          -0.030861,
          -0.850815,
          -0.524558,
          1.424412
        ],
        [
          0.0,
          0.0,
          0.0,
          1.0
        ]
      ]
    },
    {
      "file_path": "/media/NFS/ttao/scannet/posed_images/scene0217_00/00277.jpg",
      "transform_matrix": [
        [
          -0.928527,
          0.217353,
          -0.30099,
          4.084498
        ],
        [
          0.370108,
          0.477954,
          -0.796606,
          1.798585
        ],
        [
          -0.029286,
          -0.851069,
          -0.524237,
          1.422372
        ],
        [
          0.0,
          0.0,
          0.0,
          1.0
        ]
      ]
    },
    {
      "file_path": "/media/NFS/ttao/scannet/posed_images/scene0217_00/00284.jpg",
      "transform_matrix": [
        [
          -0.90708,
          0.251285,
          -0.337729,
          4.026083
        ],
        [
          0.419617,
          0.475757,
          -0.773031,
          1.788271
        ],
        [
          -0.033574,
          -0.842918,
          -0.536993,
          1.418631
        ],
        [
          0.0,
          0.0,
          0.0,
          1.0
        ]
      ]
    },
    {
      "file_path": "/media/NFS/ttao/scannet/posed_images/scene0217_00/00285.jpg",
      "transform_matrix": [
        [
          -0.904174,
          0.255007,
          -0.342697,
          4.017295
        ],
        [
          0.425765,
          0.473098,
          -0.771299,
          1.787309
        ],
        [
          -0.034557,
          -0.843297,
          -0.536336,
          1.416509
        ],
        [
          0.0,
          0.0,
          0.0,
          1.0
        ]
      ]
    },
    {
      "file_path": "/media/NFS/ttao/scannet/posed_images/scene0217_00/00290.jpg",
      "transform_matrix": [
        [
          -0.885956,
          0.280132,
          -0.369605,
          3.973419
        ],
        [
          0.462497,
          0.474691,
          -0.748842,
          1.758797
        ],
        [
          -0.034327,
          -0.834383,
          -0.550116,
          1.432979
        ],
        [
          0.0,
          0.0,
          0.0,
          1.0
        ]
      ]
    },
    {
      "file_path": "/media/NFS/ttao/scannet/posed_images/scene0217_00/00295.jpg",
      "transform_matrix": [
        [
          -0.865639,
          0.295765,
          -0.403971,
          3.909505
        ],
        [
          0.499455,
          0.453969,
          -0.737873,
          1.747315
        ],
        [
          -0.034847,
          -0.840497,
          -0.540694,
          1.4248
        ],
        [
          0.0,
          0.0,
          0.0,
          1.0
        ]
      ]
    },
    {
      "file_path": "/media/NFS/ttao/scannet/posed_images/scene0217_00/00300.jpg",
      "transform_matrix": [
        [
          -0.845034,
          0.321939,
          -0.426934,
          3.840975
        ],
        [
          0.533338,
          0.450257,
          -0.716114,
          1.713914
        ],
        [
          -0.038315,
          -0.832841,
          -0.552185,
          1.436064
        ],
        [
          0.0,
          0.0,
          0.0,
          1.0
        ]
      ]
    },
    {
      "file_path": "/media/NFS/ttao/scannet/posed_images/scene0217_00/00302.jpg",
      "transform_matrix": [
        [
          -0.838402,
          0.322952,
          -0.439072,
          3.813388
        ],
        [
          0.543784,
          0.440678,
          -0.714215,
          1.713776
        ],
        [
          -0.037168,
          -0.837559,
          -0.545081,
          1.42143
        ],
        [
          0.0,
          0.0,
          0.0,
          1.0
        ]
      ]
    },
    {
      "file_path": "/media/NFS/ttao/scannet/posed_images/scene0217_00/00306.jpg",
      "transform_matrix": [
        [
          -0.821579,
          0.336159,
          -0.460441,
          3.759372
        ],
        [
          0.569102,
          0.43593,
          -0.6972,
          1.697105
        ],
        [
          -0.03365,
          -0.834843,
          -0.54946,
          1.411647
        ],
        [
          0.0,
          0.0,
          0.0,
          1.0
        ]
      ]
    },
    {
      "file_path": "/media/NFS/ttao/scannet/posed_images/scene0217_00/00313.jpg",
      "transform_matrix": [
        [
          -0.799509,
          0.347485,
          -0.489939,
          3.682751
        ],
        [
          0.600578,
          0.449423,
          -0.661306,
          1.656148
        ],
        [
          -0.009604,
          -0.822966,
          -0.56801,
          1.403688
        ],
        [
          0.0,
          0.0,
          0.0,
          1.0
        ]
      ]
    },
    {
      "file_path": "/media/NFS/ttao/scannet/posed_images/scene0217_00/00317.jpg",
      "transform_matrix": [
        [
          -0.779846,
          0.36985,
          -0.505026,
          3.650691
        ],
        [
          0.625862,
          0.445626,
          -0.640089,
          1.632056
        ],
        [
          -0.011685,
          -0.815247,
          -0.578995,
          1.39094
        ],
        [
          0.0,
          0.0,
          0.0,
          1.0
        ]
      ]
    },
    {
      "file_path": "/media/NFS/ttao/scannet/posed_images/scene0217_00/00321.jpg",
      "transform_matrix": [
        [
          -0.756634,
          0.399016,
          -0.517968,
          3.620298
        ],
        [
          0.653807,
          0.453996,
          -0.60533,
          1.587721
        ],
        [
