{
  "frames": [
    {
      "file_path": "/media/NFS/ttao/scannet/posed_images/scene0422_00/00004.jpg",
      "transform_matrix": [
        [
          0.973691,
          -0.124026,
          0.191163,
          5.468659
        ],
        [
          -0.226339,
          -0.429273,
          0.874354,
          2.914957
        ],
        [
          -0.026381,
          -0.894619,
          -0.446051,
          1.345236
        ],
        [
          0.0,
          0.0,
          0.0,
          1.0
        ]
      ]
    },
    {
      "file_path": "/media/NFS/ttao/scannet/posed_images/scene0422_00/00011.jpg",
      "transform_matrix": [
        [
          0.972919,
          -0.121234,
          0.1968,
          5.479708
        ],
        [
          -0.230557,
          -0.448258,
          0.86366,
          2.919271
        ],
        [
          -0.016488,
          -0.885645,
          -0.46407,
          1.359449
        ],
        [
          0.0,
          0.0,
          0.0,
          1.0
        ]
      ]
    },
    {
      "file_path": "/media/NFS/ttao/scannet/posed_images/scene0422_00/00018.jpg",
      "transform_matrix": [
        [
          0.968674,
          -0.121021,
          0.216852,
          5.479388
        ],
        [
          -0.248133,
          -0.436379,
          0.864872,
          2.921336
        ],
        [
          -0.010038,
          -0.891587,
          -0.452739,
          1.366339
        ],
        [
          0.0,
          0.0,
          0.0,
          1.0
        ]
      ]
    },
    {
      "file_path": "/media/NFS/ttao/scannet/posed_images/scene0422_00/00020.jpg",
      "transform_matrix": [
        [
          0.967312,
          -0.121994,
          0.222318,
          5.476454
        ],
        [
          -0.253451,
          -0.435973,
          0.863534,
          2.919785
        ],
        [
          -0.008421,
          -0.891653,
          -0.452641,
          1.366896
        ],
        [
          0.0,
          0.0,
          0.0,
          1.0
        ]
      ]
    },
    {
      "file_path": "/media/NFS/ttao/scannet/posed_images/scene0422_00/00031.jpg",
      "transform_matrix": [
        [
          0.949872,
          -0.12145,
          0.288083,
          5.479728
        ],
        [
          -0.311432,
          -0.448427,
          0.837809,
          2.919494
        ],
        [
          0.027433,
          -0.88553,
          -0.463772,
          1.36932
        ],
        [
          0.0,
          0.0,
          0.0,
          1.0
        ]
      ]
    },
    {
      "file_path": "/media/NFS/ttao/scannet/posed_images/scene0422_00/00038.jpg",
      "transform_matrix": [
        [
          0.950635,
          -0.113109,
          0.288963,
          5.486453
        ],
        [
          -0.309078,
          -0.428094,
          0.849239,
          2.927459
        ],
        [
          0.027647,
          -0.896628,
          -0.441921,
          1.3783
        ],
        [
          0.0,
          0.0,
          0.0,
          1.0
        ]
      ]
    },
    {
      "file_path": "/media/NFS/ttao/scannet/posed_images/scene0422_00/00043.jpg",
      "transform_matrix": [
        [
          0.944627,
          -0.106782,
          0.310286,
          5.479854
        ],
        [
          -0.325178,
          -0.431499,
          0.841468,
          2.933203
        ],
        [
          0.044035,
          -0.895771,
          -0.442329,
          1.377186
        ],
        [
          0.0,
          0.0,
          0.0,
          1.0
        ]
      ]
    },
    {
      "file_path": "/media/NFS/ttao/scannet/posed_images/scene0422_00/00056.jpg",
      "transform_matrix": [
        [
          0.950957,
          -0.128694,
          0.28128,
          5.524296
        ],
        [
          -0.309202,
          -0.420845,
          0.852809,
          2.966272
        ],
        [
          0.008623,
          -0.897958,
          -0.439998,
          1.376808
        ],
        [
          0.0,
          0.0,
          0.0,
          1.0
        ]
      ]
    },
    {
      "file_path": "/media/NFS/ttao/scannet/posed_images/scene0422_00/00058.jpg",
      "transform_matrix": [
        [
          0.953692,
          -0.127588,
          0.272384,
          5.534531
        ],
        [
          -0.300726,
          -0.422412,
          0.855063,
          2.969915
        ],
        [
          0.005962,
          -0.897379,
          -0.44122,
          1.370633
        ],
        [
          0.0,
          0.0,
          0.0,
          1.0
        ]
      ]
    },
    {
      "file_path": "/media/NFS/ttao/scannet/posed_images/scene0422_00/00072.jpg",
      "transform_matrix": [
        [
          0.989139,
          -0.035822,
          0.14255,
          5.620335
        ],
        [
          -0.143995,
          -0.430704,
          0.890932,
          3.043468
        ],
        [
          0.029482,
          -0.901782,
          -0.431184,
          1.388939
        ],
        [
          0.0,
          0.0,
          0.0,
          1.0
        ]
      ]
    },
    {
      "file_path": "/media/NFS/ttao/scannet/posed_images/scene0422_00/00078.jpg",
      "transform_matrix": [
        [
          0.994842,
          0.019253,
          0.099597,
          5.646255
        ],
        [
          -0.081401,
          -0.434362,
          0.897053,
          3.087601
        ],
        [
          0.060532,
          -0.900533,
          -0.430554,
          1.390345
        ],
        [
          0.0,
          0.0,
          0.0,
          1.0
        ]
      ]
    },
    {
      "file_path": "/media/NFS/ttao/scannet/posed_images/scene0422_00/00083.jpg",
      "transform_matrix": [
        [
          0.99641,
          0.036213,
          0.076527,
          5.663107
        ],
        [
          -0.053621,
          -0.429567,
          0.901442,
          3.136696
        ],
        [
          0.065517,
          -0.902308,
          -0.426083,
          1.390701
        ],
        [
          0.0,
          0.0,
          0.0,
          1.0
        ]
      ]
    },
    {
      "file_path": "/media/NFS/ttao/scannet/posed_images/scene0422_00/00090.jpg",
      "transform_matrix": [
        [
          0.998442,
          0.049256,
          0.026236,
          5.704915
        ],
        [
          -0.002132,
          -0.436101,
          0.899895,
          3.235774
        ],
        [
          0.055767,
          -0.898549,
          -0.435316,
          1.39115
        ],
        [
          0.0,
          0.0,
          0.0,
          1.0
        ]
      ]
    },
    {
      "file_path": "/media/NFS/ttao/scannet/posed_images/scene0422_00/00099.jpg",
      "transform_matrix": [
        [
          0.997918,
          0.040822,
          0.049928,
          5.741793
        ],
        [
          -0.030557,
          -0.382482,
          0.923458,
          3.365254
        ],
        [
          0.056794,
          -0.923061,
          -0.380438,
          1.386043
        ],
        [
          0.0,
          0.0,
          0.0,
          1.0
        ]
      ]
    },
    {
      "file_path": "/media/NFS/ttao/scannet/posed_images/scene0422_00/00103.jpg",
      "transform_matrix": [
        [
          0.998585,
          0.052298,
          -0.009629,
          5.794174
        ],
        [
          0.030218,
          -0.409083,
          0.911997,
          3.422532
        ],
        [
          0.043757,
          -0.910997,
          -0.410085,
          1.380572
        ],
        [
          0.0,
          0.0,
          0.0,
          1.0
        ]
      ]
    },
    {
      "file_path": "/media/NFS/ttao/scannet/posed_images/scene0422_00/00116.jpg",
      "transform_matrix": [
        [
          0.987572,
          0.107218,
          -0.114918,
          5.930197
        ],
        [
          0.15022,
          -0.428929,
          0.89076,
          3.537144
        ],
        [
          0.046214,
          -0.896953,
          -0.439705,
          1.379495
        ],
        [
          0.0,
          0.0,
          0.0,
          1.0
        ]
      ]
    },
    {
      "file_path": "/media/NFS/ttao/scannet/posed_images/scene0422_00/00121.jpg",
      "transform_matrix": [
        [
          0.981185,
          0.129799,
          -0.142924,
          5.967865
        ],
        [
          0.184838,
          -0.417711,
          0.88958,
          3.567357
        ],
        [
          0.055766,
          -0.89926,
          -0.433844,
          1.395813
        ],
        [
          0.0,
          0.0,
          0.0,
          1.0
        ]
      ]
    },
    {
      "file_path": "/media/NFS/ttao/scannet/posed_images/scene0422_00/00130.jpg",
      "transform_matrix": [
        [
          0.973034,
          0.133143,
          -0.188353,
          6.033514
        ],
        [
          0.226566,
          -0.398535,
          0.888728,
          3.629053
        ],
        [
          0.043262,
          -0.907437,
          -0.417954,
          1.412517
        ],
        [
          0.0,
          0.0,
          0.0,
          1.0
        ]
      ]
    },
    {
      "file_path": "/media/NFS/ttao/scannet/posed_images/scene0422_00/00132.jpg",
      "transform_matrix": [
        [
          0.972312,
          0.138098,
          -0.188517,
          6.046353
        ],
        [
          0.228703,
          -0.396625,
          0.889035,
          3.647657
        ],
        [
          0.048003,
          -0.907534,
          -0.417227,
          1.415863
        ],
        [
          0.0,
          0.0,
          0.0,
          1.0
        ]
      ]
    },
    {
      "file_path": "/media/NFS/ttao/scannet/posed_images/scene0422_00/00143.jpg",
      "transform_matrix": [
        [
          0.976954,
          0.149425,
          -0.152425,
          6.083267
        ],
        [
          0.199504,
          -0.385331,
          0.900954,
          3.770462
        ],
        [
          0.075891,
          -0.9106,
          -0.406262,
          1.423414
        ],
        [
          0.0,
          0.0,
          0.0,
          1.0
        ]
      ]
    },
    {
      "file_path": "/media/NFS/ttao/scannet/posed_images/scene0422_00/00150.jpg",
      "transform_matrix": [
        [
          0.975506,
          0.146363,
          -0.164213,
          6.096978
        ],
        [
          0.206778,
          -0.355478,
          0.911525,
          3.864984
        ],
        [
          0.07504,
          -0.923154,
          -0.377036,
          1.434333
        ],
        [
          0.0,
          0.0,
          0.0,
          1.0
        ]
      ]
    },
    {
      "file_path": "/media/NFS/ttao/scannet/posed_images/scene0422_00/00155.jpg",
      "transform_matrix": [
        [
          0.975848,
          0.123388,
          -0.180266,
          6.104406
        ],
        [
          0.212932,
          -0.352954,
          0.911089,
          3.931056
        ],
        [
          0.048792,
          -0.927469,
          -0.370703,
          1.423872
        ],
        [
          0.0,
          0.0,
          0.0,
          1.0
        ]
      ]
    },
    {
      "file_path": "/media/NFS/ttao/scannet/posed_images/scene0422_00/00168.jpg",
      "transform_matrix": [
        [
          0.955307,
          0.137043,
          -0.261931,
          6.157584
        ],
        [
          0.295081,
          -0.388766,
          0.872805,
          4.085142
        ],
        [
          0.017782,
          -0.911087,
          -0.41183,
          1.408478
        ],
        [
          0.0,
          0.0,
          0.0,
          1.0
        ]
      ]
    },
    {
      "file_path": "/media/NFS/ttao/scannet/posed_images/scene0422_00/00170.jpg",
      "transform_matrix": [
        [
          0.944075,
          0.144284,
          -0.296487,
          6.178893
        ],
        [
          0.329636,
          -0.391403,
          0.859153,
          4.124921
        ],
        [
          0.007916,
          -0.908838,
          -0.417075,
          1.414987
        ],
        [
          0.0,
          0.0,
          0.0,
          1.0
        ]
      ]
    },
    {
      "file_path": "/media/NFS/ttao/scannet/posed_images/scene0422_00/00179.jpg",
      "transform_matrix": [
        [
          0.90865,
          0.217207,
          -0.356616,
          6.217547
        ],
        [
          0.414662,
          -0.368984,
          0.831809,
          4.217539
        ],
        [
          0.049089,
          -0.903699,
          -0.425346,
          1.416768
        ],
        [
          0.0,
          0.0,
          0.0,
          1.0
        ]
      ]
    },
    {
      "file_path": "/media/NFS/ttao/scannet/posed_images/scene0422_00/00186.jpg",
      "transform_matrix": [
        [
          0.882773,
          0.234195,
          -0.407264,
          6.217964
        ],
        [
          0.468356,
          -0.370806,
          0.801964,
          4.293561
        ],
        [
          0.0368,
          -0.898697,
          -0.437024,
          1.413872
        ],
        [
          0.0,
          0.0,
          0.0,
          1.0
        ]
      ]
    },
    {
      "file_path": "/media/NFS/ttao/scannet/posed_images/scene0422_00/00193.jpg",
      "transform_matrix": [
        [
          0.867981,
          0.273747,
          -0.414331,
          6.182044
        ],
        [
          0.491825,
          -0.358491,
          0.793469,
          4.416056
        ],
        [
          0.068676,
          -0.892495,
          -0.4458,
          1.412611
        ],
        [
          0.0,
          0.0,
          0.0,
          1.0
        ]
      ]
    },
    {
      "file_path": "/media/NFS/ttao/scannet/posed_images/scene0422_00/00202.jpg",
      "transform_matrix": [
        [
          0.869552,
          0.252853,
          -0.424198,
          6.12888
        ],
        [
          0.488377,
          -0.312867,
          0.814618,
          4.563423
        ],
        [
          0.073261,
          -0.915521,
          -0.395542,
          1.424061
        ],
        [
          0.0,
          0.0,
          0.0,
          1.0
        ]
      ]
    },
    {
      "file_path": "/media/NFS/ttao/scannet/posed_images/scene0422_00/00211.jpg",
      "transform_matrix": [
        [
          0.849633,
          0.273179,
          -0.451106,
          6.084753
        ],
        [
          0.522993,
          -0.326434,
          0.787349,
          4.716422
        ],
        [
          0.067831,
          -0.904884,
          -0.42022,
          1.431711
        ],
        [
          0.0,
          0.0,
          0.0,
          1.0
        ]
      ]
    },
    {
      "file_path": "/media/NFS/ttao/scannet/posed_images/scene0422_00/00217.jpg",
      "transform_matrix": [
        [
          0.810428,
          0.287022,
          -0.51071,
          6.082979
        ],
        [
          0.581589,
          -0.289377,
          0.760273,
          4.825541
        ],
        [
          0.070427,
          -0.91317,
          -0.401449,
          1.441128
        ],
        [
          0.0,
          0.0,
          0.0,
          1.0
        ]
      ]
    },
    {
      "file_path": "/media/NFS/ttao/scannet/posed_images/scene0422_00/00222.jpg",
      "transform_matrix": [
        [
          0.776211,
          0.291391,
          -0.559095,
          6.089127
        ],
        [
          0.627414,
          -0.269766,
          0.730464,
          4.897935
        ],
        [
          0.062026,
          -0.917779,
          -0.392218,
          1.440824
        ],
        [
          0.0,
          0.0,
          0.0,
          1.0
        ]
      ]
    },
    {
      "file_path": "/media/NFS/ttao/scannet/posed_images/scene0422_00/00235.jpg",
      "transform_matrix": [
        [
          0.680453,
          0.33566,
          -0.651395,
          5.990257
        ],
        [
          0.729833,
          -0.230632,
          0.643547,
          5.056458
        ],
        [
          0.065781,
          -0.913313,
          -0.40191,
          1.453193
        ],
        [
          0.0,
          0.0,
          0.0,
          1.0
        ]
      ]
    },
    {
      "file_path": "/media/NFS/ttao/scannet/posed_images/scene0422_00/00240.jpg",
      "transform_matrix": [
        [
          0.662258,
          0.318213,
          -0.678347,
          5.93137
        ],
        [
          0.746523,
          -0.202687,
          0.633736,
          5.092016
        ],
        [
          0.064171,
          -0.926099,
          -0.371784,
          1.431275
        ],
        [
          0.0,
          0.0,
          0.0,
          1.0
        ]
      ]
    },
    {
      "file_path": "/media/NFS/ttao/scannet/posed_images/scene0422_00/00251.jpg",
      "transform_matrix": [
        [
          0.520142,
          0.379788,
          -0.764993,
          5.796214
        ],
        [
          0.852556,
          -0.177392,
          0.491611,
          5.183531
        ],
        [
          0.051004,
          -0.907906,
          -0.416059,
          1.426204
        ],
        [
          0.0,
          0.0,
          0.0,
          1.0
        ]
      ]
    },
    {
      "file_path": "/media/NFS/ttao/scannet/posed_images/scene0422_00/00253.jpg",
      "transform_matrix": [
        [
          0.496166,
          0.385991,
          -0.777708,
          5.783425
        ],
        [
          0.866816,
          -0.169172,
          0.469053,
          5.205775
        ],
        [
          0.049484,
          -0.906858,
          -0.418521,
          1.425913
        ],
        [
          0.0,
          0.0,
          0.0,
          1.0
        ]
      ]
    },
    {
      "file_path": "/media/NFS/ttao/scannet/posed_images/scene0422_00/00260.jpg",
      "transform_matrix": [
        [
          0.397586,
          0.394024,
          -0.828656,
          5.745726
        ],
        [
          0.917225,
          -0.146099,
          0.370612,
          5.264303
        ],
        [
          0.024965,
          -0.907414,
          -0.419496,
          1.413801
        ],
        [
          0.0,
          0.0,
          0.0,
          1.0
        ]
      ]
    },
    {
      "file_path": "/media/NFS/ttao/scannet/posed_images/scene0422_00/00267.jpg",
      "transform_matrix": [
        [
          0.288443,
          0.388012,
          -0.875355,
          5.732394
        ],
        [
          0.957386,
          -0.102973,
          0.26983,
          5.349558
        ],
        [
          0.014559,
          -0.915884,
          -0.401179,
          1.409746
        ],
        [
          0.0,
          0.0,
          0.0,
          1.0
        ]
      ]
    },
    {
      "file_path": "/media/NFS/ttao/scannet/posed_images/scene0422_00/00278.jpg",
      "transform_matrix": [
        [
          0.162631,
          0.440955,
          -0.882672,
          5.666764
        ],
        [
          0.98632,
          -0.048269,
          0.157614,
          5.457787
        ],
        [
          0.026895,
          -0.89623,
          -0.442773,
          1.419063
        ],
        [
          0.0,
          0.0,
          0.0,
          1.0
        ]
      ]
    },
    {
      "file_path": "/media/NFS/ttao/scannet/posed_images/scene0422_00/00287.jpg",
      "transform_matrix": [
        [
          0.088389,
          0.415079,
          -0.905481,
          5.560417
        ],
        [
          0.994681,
          0.011488,
          0.102363,
          5.545846
        ],
        [
          0.052891,
          -0.909713,
          -0.411856,
          1.420826
        ],
        [
          0.0,
          0.0,
          0.0,
          1.0
        ]
      ]
    },
    {
      "file_path": "/media/NFS/ttao/scannet/posed_images/scene0422_00/00289.jpg",
      "transform_matrix": [
        [
          0.082829,
          0.409283,
          -0.90864,
          5.534554
        ],
        [
          0.995095,
          0.015522,
          0.097702,
          5.565367
        ],
        [
          0.054092,
          -0.912276,
          -0.40599,
          1.418811
        ],
        [
          0.0,
          0.0,
          0.0,
          1.0
        ]
      ]
    },
    {
      "file_path": "/media/NFS/ttao/scannet/posed_images/scene0422_00/00300.jpg",
      "transform_matrix": [
        [
          -0.019508,
          0.376186,
          -0.926339,
          5.389093
        ],
        [
          0.999315,
          0.036489,
          -0.006227,
          5.683554
        ],
        [
          0.031459,
          -0.925826,
          -0.37664,
          1.430536
        ],
        [
          0.0,
          0.0,
          0.0,
          1.0
        ]
      ]
    },
    {
      "file_path": "/media/NFS/ttao/scannet/posed_images/scene0422_00/00305.jpg",
      "transform_matrix": [
        [
          -0.105545,
          0.358203,
          -0.927659,
          5.342112
        ],
        [
          0.993785,
          0.071186,
          -0.085581,
          5.733877
        ],
        [
          0.035381,
          -0.930926,
          -0.36349,
          1.429081
        ],
        [
          0.0,
          0.0,
          0.0,
          1.0
        ]
      ]
    },
    {
      "file_path": "/media/NFS/ttao/scannet/posed_images/scene0422_00/00316.jpg",
      "transform_matrix": [
        [
          -0.264563,
          0.338606,
          -0.902968,
          5.30005
        ],
        [
          0.963046,
          0.141778,
          -0.229,
          5.8358
        ],
        [
          0.05048,
          -0.930185,
          -0.363603,
          1.442116
        ],
        [
          0.0,
          0.0,
          0.0,
          1.0
        ]
      ]
    },
    {
      "file_path": "/media/NFS/ttao/scannet/posed_images/scene0422_00/00320.jpg",
      "transform_matrix": [
        [
          -0.288835,
          0.325634,
          -0.900298,
          5.30636
        ],
        [
          0.956413,
          0.140367,
          -0.256068,
          5.839102
        ],
        [
          0.042988,
          -0.935018,
          -0.351984,
          1.44675
        ],
        [
          0.0,
          0.0,
          0.0,
          1.0
        ]
      ]
    },
    {
      "file_path": "/media/NFS/ttao/scannet/posed_images/scene0422_00/00332.jpg",
      "transform_matrix": [
        [
          -0.362508,
          0.303876,
          -0.881049,
          5.302031
        ],
        [
          0.931246,
          0.155633,
          -0.329483,
          5.793623
        ],
        [
          0.036998,
          -0.939914,
          -0.339401,
          1.456699
        ],
        [
          0.0,
          0.0,
          0.0,
          1.0
        ]
      ]
    },
    {
      "file_path": "/media/NFS/ttao/scannet/posed_images/scene0422_00/00338.jpg",
      "transform_matrix": [
        [
          -0.40547,
          0.280261,
          -0.870085,
          5.289334
        ],
        [
          0.911778,
          0.191922,
          -0.36308,
          5.759408
        ],
        [
          0.065231,
          -0.940542,
          -0.333355,
          1.459907
        ],
        [
          0.0,
          0.0,
          0.0,
          1.0
        ]
      ]
    },
    {
      "file_path": "/media/NFS/ttao/scannet/posed_images/scene0422_00/00343.jpg",
      "transform_matrix": [
        [
          -0.43738,
          0.257694,
          -0.861564,
          5.281105
        ],
        [
          0.896932,
          0.194146,
          -0.397266,
          5.729367
        ],
        [
          0.064896,
          -0.946521,
          -0.31605,
          1.462072
        ],
        [
          0.0,
          0.0,
          0.0,
          1.0
        ]
      ]
    },
    {
      "file_path": "/media/NFS/ttao/scannet/posed_images/scene0422_00/00352.jpg",
      "transform_matrix": [
        [
          -0.473896,
          0.206892,
          -0.855931,
          5.275522
        ],
        [
          0.879509,
          0.159147,
          -0.448482,
          5.691806
        ],
        [
          0.043432,
          -0.965333,
          -0.257383,
          1.46837
        ],
        [
          0.0,
          0.0,
          0.0,
          1.0
        ]
      ]
    },
    {
      "file_path": "/media/NFS/ttao/scannet/posed_images/scene0422_00/00361.jpg",
      "transform_matrix": [
        [
          -0.482474,
          0.175778,
          -0.858092,
          5.277627
        ],
        [
          0.875006,
          0.141241,
          -0.463051,
          5.667415
        ],
        [
          0.039803,
          -0.974245,
          -0.221952,
          1.46899
        ],
        [
          0.0,
          0.0,
          0.0,
          1.0
        ]
      ]
    },
    {
      "file_path": "/media/NFS/ttao/scannet/posed_images/scene0422_00/00367.jpg",
      "transform_matrix": [
        [
          -0.481034,
          0.167775,
          -0.860499,
          5.279986
        ],
        [
          0.876017,
          0.130781,
          -0.46421,
          5.648952
        ],
        [
          0.034654,
          -0.977112,
          -0.209884,
          1.473399
        ],
        [
          0.0,
          0.0,
          0.0,
          1.0
        ]
      ]
    },
    {
      "file_path": "/media/NFS/ttao/scannet/posed_images/scene0422_00/00372.jpg",
      "transform_matrix": [
        [
          -0.495312,
          0.160532,
          -0.853754,
          5.277514
        ],
        [
          0.868134,
          0.127402,
          -0.4797,
          5.642568
        ],
        [
          0.031763,
          -0.978774,
          -0.202467,
          1.471241
        ],
        [
          0.0,
          0.0,
          0.0,
          1.0
        ]
      ]
    },
    {
      "file_path": "/media/NFS/ttao/scannet/posed_images/scene0422_00/00379.jpg",
      "transform_matrix": [
        [
          -0.54818,
          0.14466,
          -0.823755,
          5.274784
        ],
        [
          0.83621,
          0.113477,
          -0.53654,
          5.634173
        ],
        [
          0.015862,
          -0.982953,
          -0.183172,
          1.469569
        ],
        [
          0.0,
          0.0,
          0.0,
          1.0
        ]
      ]
    },
    {
      "file_path": "/media/NFS/ttao/scannet/posed_images/scene0422_00/00390.jpg",
      "transform_matrix": [
        [
          -0.629153,
          0.14746,
          -0.763165,
          5.269514
        ],
        [
          0.777111,
          0.139872,
          -0.613624,
          5.630673
        ],
        [
          0.01626,
          -0.979128,
          -0.202594,
          1.476445
        ],
        [
          0.0,
          0.0,
          0.0,
          1.0
        ]
      ]
    },
    {
      "file_path": "/media/NFS/ttao/scannet/posed_images/scene0422_00/00396.jpg",
      "transform_matrix": [
        [
          -0.693901,
          0.140302,
          -0.706269,
          5.257524
        ],
        [
          0.719946,
          0.153409,
          -0.676863,
          5.643277
        ],
        [
          0.013383,
          -0.978152,
          -0.207461,
          1.475598
        ],
        [
          0.0,
          0.0,
          0.0,
          1.0
        ]
      ]
    },
    {
      "file_path": "/media/NFS/ttao/scannet/posed_images/scene0422_00/00401.jpg",
      "transform_matrix": [
        [
          -0.738291,
          0.14032,
          -0.659725,
          5.251313
        ],
        [
          0.674361,
          0.1721,
          -0.718066,
          5.654714
        ],
        [
          0.01278,
          -0.975034,
          -0.221686,
          1.479384
        ],
        [
          0.0,
          0.0,
          0.0,
          1.0
        ]
      ]
    },
    {
      "file_path": "/media/NFS/ttao/scannet/posed_images/scene0422_00/00414.jpg",
      "transform_matrix": [
        [
          -0.836529,
          0.151491,
          -0.526564,
          5.223032
        ],
        [
          0.547729,
          0.205607,
          -0.810999,
          5.693795
        ],
        [
          -0.014594,
          -0.966839,
          -0.254971,
          1.471951
        ],
        [
          0.0,
          0.0,
          0.0,
          1.0
        ]
      ]
    },
    {
      "file_path": "/media/NFS/ttao/scannet/posed_images/scene0422_00/00417.jpg",
      "transform_matrix": [
        [
          -0.853909,
          0.146056,
          -0.499507,
          5.217846
        ],
        [
          0.52021,
          0.212105,
          -0.827281,
          5.703856
        ],
        [
          -0.014882,
          -0.966271,
          -0.257099,
          1.47075
        ],
        [
          0.0,
          0.0,
          0.0,
          1.0
        ]
      ]
    },
    {
      "file_path": "/media/NFS/ttao/scannet/posed_images/scene0422_00/00430.jpg",
      "transform_matrix": [
        [
          -0.899006,
          0.178034,
          -0.400115,
          5.221933
        ],
        [
          0.434272,
          0.244477,
          -0.866971,
          5.674105
        ],
        [
          -0.056532,
          -0.953171,
          -0.297102,
          1.453736
        ],
        [
          0.0,
          0.0,
          0.0,
          1.0
        ]
      ]
    },
    {
      "file_path": "/media/NFS/ttao/scannet/posed_images/scene0422_00/00432.jpg",
      "transform_matrix": [
        [
          -0.903688,
          0.170992,
          -0.392568,
          5.212523
        ],
        [
          0.425505,
          0.256066,
          -0.867973,
          5.663031
        ],
        [
          -0.047893,
          -0.951416,
          -0.304161,
          1.453023
        ],
        [
          0.0,
          0.0,
          0.0,
          1.0
        ]
      ]
    },
    {
      "file_path": "/media/NFS/ttao/scannet/posed_images/scene0422_00/00439.jpg",
      "transform_matrix": [
        [
          -0.929843,
          0.125488,
          -0.345898,
          5.19671
        ],
        [
          0.367884,
          0.298256,
          -0.880741,
          5.609881
        ],
        [
          -0.007357,
          -0.946201,
          -0.323496,
          1.445772
        ],
        [
          0.0,
          0.0,
          0.0,
          1.0
        ]
      ]
    },
    {
      "file_path": "/media/NFS/ttao/scannet/posed_images/scene0422_00/00452.jpg",
      "transform_matrix": [
        [
          -0.960414,
          0.082344,
          -0.266128,
          5.186656
        ],
        [
          0.278573,
          0.279793,
          -0.918756,
          5.560228
        ],
        [
          -0.001193,
          -0.956523,
          -0.291656,
          1.458103
        ],
        [
          0.0,
          0.0,
          0.0,
          1.0
        ]
      ]
    },
    {
      "file_path": "/media/NFS/ttao/scannet/posed_images/scene0422_00/00459.jpg",
      "transform_matrix": [
        [
          -0.977078,
          0.067714,
          -0.201823,
          5.177536
        ],
        [
          0.212743,
          0.276707,
          -0.937109,
          5.55972
        ],
        [
          -0.00761,
          -0.958566,
          -0.28477,
          1.463615
        ],
        [
          0.0,
          0.0,
          0.0,
          1.0
        ]
      ]
    },
    {
      "file_path": "/media/NFS/ttao/scannet/posed_images/scene0422_00/00461.jpg",
      "transform_matrix": [
        [
          -0.979126,
          0.060092,
          -0.19417,
          5.18548
        ],
        [
          0.203256,
          0.28886,
          -0.935547,
          5.558931
        ],
        [
          -0.00013,
          -0.955484,
          -0.295044,
          1.46582
        ],
        [
          0.0,
          0.0,
          0.0,
          1.0
        ]
      ]
    },
    {
      "file_path": "/media/NFS/ttao/scannet/posed_images/scene0422_00/00475.jpg",
      "transform_matrix": [
        [
          -0.999508,
          0.00955,
          -0.029889,
          5.148824
        ],
        [
          0.031375,
          0.293756,
          -0.955365,
          5.599381
        ],
        [
          -0.000344,
          -0.955833,
          -0.293911,
          1.478787
        ],
        [
          0.0,
          0.0,
          0.0,
          1.0
        ]
      ]
    },
    {
      "file_path": "/media/NFS/ttao/scannet/posed_images/scene0422_00/00477.jpg",
      "transform_matrix": [
        [
          -0.99982,
          -0.000502,
          -0.018984,
          5.140326
        ],
        [
          0.01801,
          0.292016,
          -0.956244,
          5.608946
        ],
        [
          0.006024,
          -0.956413,
          -0.291955,
          1.47989
        ],
        [
          0.0,
          0.0,
          0.0,
          1.0
        ]
      ]
    },
    {
      "file_path": "/media/NFS/ttao/scannet/posed_images/scene0422_00/00484.jpg",
      "transform_matrix": [
        [
          -0.999846,
          0.009756,
          0.014592,
          5.120342
        ],
        [
          -0.011219,
          0.284168,
          -0.958709,
          5.643693
        ],
        [
          -0.0135,
          -0.958725,
          -0.284015,
          1.485006
        ],
        [
          0.0,
          0.0,
          0.0,
          1.0
        ]
      ]
    },
    {
      "file_path": "/media/NFS/ttao/scannet/posed_images/scene0422_00/00491.jpg",
      "transform_matrix": [
        [
          -0.998856,
          -0.013715,
          0.045819,
          5.104639
        ],
        [
          -0.047825,
          0.295115,
          -0.954264,
          5.669973
        ],
        [
          -0.000434,
          -0.955363,
          -0.295434,
          1.4798
        ],
        [
          0.0,
          0.0,
          0.0,
          1.0
        ]
      ]
    },
    {
      "file_path": "/media/NFS/ttao/scannet/posed_images/scene0422_00/00500.jpg",
      "transform_matrix": [
        [
          -0.985982,
          -0.040779,
          0.161789,
          5.091716
        ],
        [
          -0.166364,
          0.31414,
          -0.934687,
          5.703546
        ],
        [
          -0.012709,
          -0.948501,
          -0.316521,
          1.466127
        ],
        [
          0.0,
          0.0,
          0.0,
          1.0
        ]
      ]
    },
    {
      "file_path": "/media/NFS/ttao/scannet/posed_images/scene0422_00/00511.jpg",
      "transform_matrix": [
        [
          -0.958029,
          -0.055642,
          0.281219,
          5.110798
        ],
        [
          -0.283206,
          0.335754,
          -0.898367,
          5.755405
        ],
        [
          -0.044434,
          -0.940305,
          -0.33742,
          1.460997
        ],
        [
          0.0,
          0.0,
          0.0,
          1.0
        ]
      ]
    },
    {
      "file_path": "/media/NFS/ttao/scannet/posed_images/scene0422_00/00515.jpg",
      "transform_matrix": [
        [
          -0.952436,
          -0.068853,
          0.29686,
          5.120248
        ],
        [
          -0.302671,
          0.327051,
          -0.895225,
          5.777491
        ],
        [
          -0.035449,
          -0.942495,
          -0.332334,
          1.463599
        ],
        [
          0.0,
          0.0,
          0.0,
          1.0
        ]
      ]
    },
    {
      "file_path": "/media/NFS/ttao/scannet/posed_images/scene0422_00/00522.jpg",
      "transform_matrix": [
        [
          -0.938843,
          -0.106957,
          0.327314,
          5.17852
        ],
        [
          -0.344124,
          0.325564,
          -0.880674,
          5.840747
        ],
        [
          -0.012368,
          -0.939451,
          -0.34246,
          1.447317
        ],
        [
          0.0,
          0.0,
          0.0,
          1.0
        ]
      ]
    },
    {
      "file_path": "/media/NFS/ttao/scannet/posed_images/scene0422_00/00533.jpg",
      "transform_matrix": [
        [
          -0.898314,
          -0.180885,
          0.400391,
          5.249752
        ],
        [
          -0.43935,
          0.365834,
          -0.820449,
          5.959811
        ],
        [
          0.00193,
          -0.912933,
          -0.408106,
          1.393725
        ],
        [
          0.0,
          0.0,
          0.0,
          1.0
        ]
      ]
    },
    {
      "file_path": "/media/NFS/ttao/scannet/posed_images/scene0422_00/00540.jpg",
      "transform_matrix": [
        [
          -0.883525,
          -0.20572,
          0.420788,
          5.270474
        ],
        [
          -0.468259,
          0.367231,
          -0.803664,
          6.014845
        ],
        [
          0.010803,
          -0.907095,
          -0.420788,
          1.385931
        ],
        [
          0.0,
          0.0,
          0.0,
          1.0
        ]
      ]
    },
    {
      "file_path": "/media/NFS/ttao/scannet/posed_images/scene0422_00/00549.jpg",
      "transform_matrix": [
        [
          -0.847282,
          -0.219929,
          0.483472,
          5.238837
        ],
        [
          -0.531144,
          0.350664,
          -0.771312,
          6.051822
        ],
        [
          9.7e-05,
          -0.910311,
          -0.413925,
          1.384359
        ],
        [
          0.0,
          0.0,
          0.0,
          1.0
        ]
      ]
    },
    {
      "file_path": "/media/NFS/ttao/scannet/posed_images/scene0422_00/00553.jpg",
      "transform_matrix": [
        [
          -0.831688,
          -0.231576,
          0.504645,
          5.220847
        ],
        [
          -0.555242,
          0.348367,
          -0.755213,
          6.077935
        ],
        [
          -0.000912,
          -0.908302,
          -0.418313,
          1.388697
        ],
        [
          0.0,
          0.0,
          0.0,
          1.0
        ]
      ]
    },
    {
      "file_path": "/media/NFS/ttao/scannet/posed_images/scene0422_00/00564.jpg",
      "transform_matrix": [
        [
          -0.755531,
          -0.263234,
          0.599901,
          5.15752
        ],
        [
          -0.653717,
          0.362682,
          -0.664165,
          6.131232
        ],
        [
          -0.042743,
          -0.893963,
          -0.446098,
          1.388311
        ],
        [
          0.0,
          0.0,
          0.0,
          1.0
        ]
      ]
    },
    {
      "file_path": "/media/NFS/ttao/scannet/posed_images/scene0422_00/00567.jpg",
      "transform_matrix": [
        [
          -0.727303,
          -0.27178,
          0.630211,
          5.139747
        ],
        [
          -0.68464,
          0.351447,
          -0.638556,
          6.146208
        ],
        [
          -0.047939,
          -0.895891,
          -0.44168,
          1.382479
        ],
        [
          0.0,
          0.0,
          0.0,
          1.0
        ]
      ]
    },
    {
      "file_path": "/media/NFS/ttao/scannet/posed_images/scene0422_00/00578.jpg",
      "transform_matrix": [
        [
          -0.613205,
          -0.322947,
          0.720891,
          5.116755
        ],
        [
          -0.785958,
          0.34077,
          -0.515893,
          6.201688
        ],
        [
          -0.079052,
          -0.882939,
          -0.462785,
          1.370645
        ],
