{
  "frames": [
    {
      "file_path": "/media/NFS/ttao/scannet/posed_images/scene0594_00/00001.jpg",
      "transform_matrix": [
        [
          0.654391,
          -0.318935,
          0.685605,
          0.786817
        ],
        [
          -0.755835,
          -0.302343,
          0.580778,
          5.843045
        ],
        [
          0.022058,
          -0.898259,
          -0.438913,
          1.40546
        ],
        [
          0.0,
          0.0,
          0.0,
          1.0
        ]
      ]
    },
    {
      "file_path": "/media/NFS/ttao/scannet/posed_images/scene0594_00/00002.jpg",
      "transform_matrix": [
        [
          0.652865,
          -0.318054,
          0.687466,
          0.791176
        ],
        [
          -0.757091,
          -0.302849,
          0.578874,
          5.841134
        ],
        [
          0.024085,
          -0.898401,
          -0.438515,
          1.4063
        ],
        [
          0.0,
          0.0,
          0.0,
          1.0
        ]
      ]
    },
    {
      "file_path": "/media/NFS/ttao/scannet/posed_images/scene0594_00/00005.jpg",
      "transform_matrix": [
        [
          0.642684,
          -0.319034,
          0.696545,
          0.781134
        ],
        [
          -0.765573,
          -0.302135,
          0.56799,
          5.852613
        ],
        [
          0.029242,
          -0.898294,
          -0.438421,
          1.406805
        ],
        [
          0.0,
          0.0,
          0.0,
          1.0
        ]
      ]
    },
    {
      "file_path": "/media/NFS/ttao/scannet/posed_images/scene0594_00/00009.jpg",
      "transform_matrix": [
        [
          0.636559,
          -0.322605,
          0.700513,
          0.785725
        ],
        [
          -0.770751,
          -0.298059,
          0.56312,
          5.851991
        ],
        [
          0.027129,
          -0.89838,
          -0.43838,
          1.405884
        ],
        [
          0.0,
          0.0,
          0.0,
          1.0
        ]
      ]
    },
    {
      "file_path": "/media/NFS/ttao/scannet/posed_images/scene0594_00/00011.jpg",
      "transform_matrix": [
        [
          0.63268,
          -0.3221,
          0.70425,
          0.780015
        ],
        [
          -0.774019,
          -0.292032,
          0.561794,
          5.857366
        ],
        [
          0.024709,
          -0.900538,
          -0.434074,
          1.395776
        ],
        [
          0.0,
          0.0,
          0.0,
          1.0
        ]
      ]
    },
    {
      "file_path": "/media/NFS/ttao/scannet/posed_images/scene0594_00/00012.jpg",
      "transform_matrix": [
        [
          0.633021,
          -0.322367,
          0.703821,
          0.781772
        ],
        [
          -0.77375,
          -0.292139,
          0.562108,
          5.85707
        ],
        [
          0.024408,
          -0.900408,
          -0.434361,
          1.395787
        ],
        [
          0.0,
          0.0,
          0.0,
          1.0
        ]
      ]
    },
    {
      "file_path": "/media/NFS/ttao/scannet/posed_images/scene0594_00/00015.jpg",
      "transform_matrix": [
        [
          0.63021,
          -0.329525,
          0.703029,
          0.781503
        ],
        [
          -0.776106,
          -0.29333,
          0.558228,
          5.854599
        ],
        [
          0.022269,
          -0.897425,
          -0.440605,
          1.387897
        ],
        [
          0.0,
          0.0,
          0.0,
          1.0
        ]
      ]
    },
    {
      "file_path": "/media/NFS/ttao/scannet/posed_images/scene0594_00/00019.jpg",
      "transform_matrix": [
        [
          0.627309,
          -0.34734,
          0.697022,
          0.792888
        ],
        [
          -0.778628,
          -0.296878,
          0.552813,
          5.859736
        ],
        [
          0.014917,
          -0.889505,
          -0.456682,
          1.383526
        ],
        [
          0.0,
          0.0,
          0.0,
          1.0
        ]
      ]
    },
    {
      "file_path": "/media/NFS/ttao/scannet/posed_images/scene0594_00/00020.jpg",
      "transform_matrix": [
        [
          0.624294,
          -0.35177,
          0.697507,
          0.795033
        ],
        [
          -0.781019,
          -0.299712,
          0.547889,
          5.866207
        ],
        [
          0.016321,
          -0.886809,
          -0.461847,
          1.391462
        ],
        [
          0.0,
          0.0,
          0.0,
          1.0
        ]
      ]
    },
    {
      "file_path": "/media/NFS/ttao/scannet/posed_images/scene0594_00/00023.jpg",
      "transform_matrix": [
        [
          0.623349,
          -0.357775,
          0.695293,
          0.813122
        ],
        [
          -0.781772,
          -0.303773,
          0.544568,
          5.841641
        ],
        [
          0.016378,
          -0.883017,
          -0.469055,
          1.375837
        ],
        [
          0.0,
          0.0,
          0.0,
          1.0
        ]
      ]
    },
    {
      "file_path": "/media/NFS/ttao/scannet/posed_images/scene0594_00/00025.jpg",
      "transform_matrix": [
        [
          0.620593,
          -0.370254,
          0.691214,
          0.822199
        ],
        [
          -0.783954,
          -0.311825,
          0.536825,
          5.829099
        ],
        [
          0.016776,
          -0.87503,
          -0.483779,
          1.366053
        ],
        [
          0.0,
          0.0,
          0.0,
          1.0
        ]
      ]
    },
    {
      "file_path": "/media/NFS/ttao/scannet/posed_images/scene0594_00/00029.jpg",
      "transform_matrix": [
        [
          0.606519,
          -0.410518,
          0.680889,
          0.843396
        ],
        [
          -0.795052,
          -0.318685,
          0.516073,
          5.819886
        ],
        [
          0.005132,
          -0.85435,
          -0.519672,
          1.370735
        ],
        [
          0.0,
          0.0,
          0.0,
          1.0
        ]
      ]
    },
    {
      "file_path": "/media/NFS/ttao/scannet/posed_images/scene0594_00/00031.jpg",
      "transform_matrix": [
        [
          0.599326,
          -0.416329,
          0.683724,
          0.851666
        ],
        [
          -0.800505,
          -0.310765,
          0.512462,
          5.796358
        ],
        [
          -0.000875,
          -0.854456,
          -0.519523,
          1.378021
        ],
        [
          0.0,
          0.0,
          0.0,
          1.0
        ]
      ]
    },
    {
      "file_path": "/media/NFS/ttao/scannet/posed_images/scene0594_00/00034.jpg",
      "transform_matrix": [
        [
          0.598681,
          -0.411242,
          0.687359,
          0.862474
        ],
        [
          -0.8009,
          -0.294628,
          0.5213,
          5.759844
        ],
        [
          -0.011866,
          -0.862598,
          -0.505752,
          1.389708
        ],
        [
          0.0,
          0.0,
          0.0,
          1.0
        ]
      ]
    },
    {
      "file_path": "/media/NFS/ttao/scannet/posed_images/scene0594_00/00037.jpg",
      "transform_matrix": [
        [
          0.612633,
          -0.391366,
          0.686668,
          0.881674
        ],
        [
          -0.790248,
          -0.288181,
          0.540796,
          5.704558
        ],
        [
          -0.013765,
          -0.873948,
          -0.485826,
          1.395367
        ],
        [
          0.0,
          0.0,
          0.0,
          1.0
        ]
      ]
    },
    {
      "file_path": "/media/NFS/ttao/scannet/posed_images/scene0594_00/00038.jpg",
      "transform_matrix": [
        [
          0.614809,
          -0.387076,
          0.687155,
          0.881083
        ],
        [
          -0.788549,
          -0.286065,
          0.544387,
          5.685326
        ],
        [
          -0.014149,
          -0.87655,
          -0.481103,
          1.397149
        ],
        [
          0.0,
          0.0,
          0.0,
          1.0
        ]
      ]
    },
    {
      "file_path": "/media/NFS/ttao/scannet/posed_images/scene0594_00/00040.jpg",
      "transform_matrix": [
        [
          0.618958,
          -0.374375,
          0.69046,
          0.90019
        ],
        [
          -0.785355,
          -0.283293,
          0.550421,
          5.647568
        ],
        [
          -0.010462,
          -0.882943,
          -0.469364,
          1.395681
        ],
        [
          0.0,
          0.0,
          0.0,
          1.0
        ]
      ]
    },
    {
      "file_path": "/media/NFS/ttao/scannet/posed_images/scene0594_00/00043.jpg",
      "transform_matrix": [
        [
          0.605552,
          -0.369761,
          0.704687,
          0.947116
        ],
        [
          -0.795783,
          -0.274613,
          0.539738,
          5.566217
        ],
        [
          -0.006058,
          -0.887618,
          -0.460542,
          1.394613
        ],
        [
          0.0,
          0.0,
          0.0,
          1.0
        ]
      ]
    },
    {
      "file_path": "/media/NFS/ttao/scannet/posed_images/scene0594_00/00047.jpg",
      "transform_matrix": [
        [
          0.547905,
          -0.403159,
          0.732982,
          0.970081
        ],
        [
          -0.836468,
          -0.252478,
          0.486391,
          5.497911
        ],
        [
          -0.011031,
          -0.879612,
          -0.475564,
          1.387477
        ],
        [
          0.0,
          0.0,
          0.0,
          1.0
        ]
      ]
    },
    {
      "file_path": "/media/NFS/ttao/scannet/posed_images/scene0594_00/00049.jpg",
      "transform_matrix": [
        [
          0.520665,
          -0.422785,
          0.741728,
          0.998306
        ],
        [
          -0.853414,
          -0.232958,
          0.466278,
          5.471132
        ],
        [
          -0.024344,
          -0.875776,
          -0.482104,
          1.398635
        ],
        [
          0.0,
          0.0,
          0.0,
          1.0
        ]
      ]
    },
    {
      "file_path": "/media/NFS/ttao/scannet/posed_images/scene0594_00/00052.jpg",
      "transform_matrix": [
        [
          0.472554,
          -0.420343,
          0.774599,
          0.994421
        ],
        [
          -0.880863,
          -0.197537,
          0.430186,
          5.471791
        ],
        [
          -0.027814,
          -0.885602,
          -0.463612,
          1.396689
        ],
        [
          0.0,
          0.0,
          0.0,
          1.0
        ]
      ]
    },
    {
      "file_path": "/media/NFS/ttao/scannet/posed_images/scene0594_00/00054.jpg",
      "transform_matrix": [
        [
          0.463467,
          -0.417923,
          0.78137,
          1.001809
        ],
        [
          -0.88559,
          -0.188128,
          0.424663,
          5.450158
        ],
        [
          -0.030479,
          -0.88879,
          -0.4573,
          1.396685
        ],
        [
          0.0,
          0.0,
          0.0,
          1.0
        ]
      ]
    },
    {
      "file_path": "/media/NFS/ttao/scannet/posed_images/scene0594_00/00056.jpg",
      "transform_matrix": [
        [
          0.463872,
          -0.417863,
          0.781161,
          1.019575
        ],
        [
          -0.885502,
          -0.192214,
          0.423012,
          5.425814
        ],
        [
          -0.026611,
          -0.887944,
          -0.459182,
          1.389514
        ],
        [
          0.0,
          0.0,
          0.0,
          1.0
        ]
      ]
    },
    {
      "file_path": "/media/NFS/ttao/scannet/posed_images/scene0594_00/00059.jpg",
      "transform_matrix": [
        [
          0.469964,
          -0.419771,
          0.776483,
          1.034724
        ],
        [
          -0.882558,
          -0.208503,
          0.421447,
          5.420238
        ],
        [
          -0.015012,
          -0.883357,
          -0.468461,
          1.386448
        ],
        [
          0.0,
          0.0,
          0.0,
          1.0
        ]
      ]
    },
    {
      "file_path": "/media/NFS/ttao/scannet/posed_images/scene0594_00/00061.jpg",
      "transform_matrix": [
        [
          0.477849,
          -0.417047,
          0.773132,
          1.052114
        ],
        [
          -0.878429,
          -0.222043,
          0.423154,
          5.422045
        ],
        [
          -0.004806,
          -0.881345,
          -0.472449,
          1.383721
        ],
        [
          0.0,
          0.0,
          0.0,
          1.0
        ]
      ]
    },
    {
      "file_path": "/media/NFS/ttao/scannet/posed_images/scene0594_00/00064.jpg",
      "transform_matrix": [
        [
          0.503874,
          -0.416966,
          0.756472,
          1.077477
        ],
        [
          -0.863634,
          -0.259137,
          0.432417,
          5.403826
        ],
        [
          0.015727,
          -0.871199,
          -0.490679,
          1.375966
        ],
        [
          0.0,
          0.0,
          0.0,
          1.0
        ]
      ]
    },
    {
      "file_path": "/media/NFS/ttao/scannet/posed_images/scene0594_00/00067.jpg",
      "transform_matrix": [
        [
          0.518564,
          -0.432576,
          0.737543,
          1.104529
        ],
        [
          -0.85484,
          -0.280885,
          0.436293,
          5.404759
        ],
        [
          0.018435,
          -0.856727,
          -0.51544,
          1.387384
        ],
        [
          0.0,
          0.0,
          0.0,
          1.0
        ]
      ]
    },
    {
      "file_path": "/media/NFS/ttao/scannet/posed_images/scene0594_00/00070.jpg",
      "transform_matrix": [
        [
          0.54149,
          -0.420524,
          0.727976,
          1.139131
        ],
        [
          -0.840654,
          -0.280557,
          0.463237,
          5.366395
        ],
        [
          0.009436,
          -0.862814,
          -0.505434,
          1.397624
        ],
        [
          0.0,
          0.0,
          0.0,
          1.0
        ]
      ]
    },
    {
      "file_path": "/media/NFS/ttao/scannet/posed_images/scene0594_00/00073.jpg",
      "transform_matrix": [
        [
          0.553682,
          -0.402014,
          0.729261,
          1.144646
        ],
        [
          -0.832728,
          -0.267539,
          0.484754,
          5.352987
        ],
        [
          0.000228,
          -0.875676,
          -0.4829,
          1.406288
        ],
        [
          0.0,
          0.0,
          0.0,
          1.0
        ]
      ]
    },
    {
      "file_path": "/media/NFS/ttao/scannet/posed_images/scene0594_00/00075.jpg",
      "transform_matrix": [
        [
          0.568,
          -0.384607,
          0.727635,
          1.156358
        ],
        [
          -0.823025,
          -0.262912,
          0.503495,
          5.327004
        ],
        [
          -0.002344,
          -0.884847,
          -0.465875,
          1.409628
        ],
        [
          0.0,
          0.0,
          0.0,
          1.0
        ]
      ]
    },
    {
      "file_path": "/media/NFS/ttao/scannet/posed_images/scene0594_00/00078.jpg",
      "transform_matrix": [
        [
          0.583139,
          -0.366494,
          0.725004,
          1.163955
        ],
        [
          -0.81237,
          -0.260935,
          0.521506,
          5.291039
        ],
        [
          -0.00195,
          -0.893082,
          -0.44989,
          1.409567
        ],
        [
          0.0,
          0.0,
          0.0,
          1.0
        ]
      ]
    },
    {
      "file_path": "/media/NFS/ttao/scannet/posed_images/scene0594_00/00080.jpg",
      "transform_matrix": [
        [
          0.596154,
          -0.361414,
          0.716924,
          1.190332
        ],
        [
          -0.802847,
          -0.261599,
          0.535726,
          5.23836
        ],
        [
          -0.006072,
          -0.894956,
          -0.446114,
          1.419787
        ],
        [
          0.0,
          0.0,
          0.0,
          1.0
        ]
      ]
    },
    {
      "file_path": "/media/NFS/ttao/scannet/posed_images/scene0594_00/00081.jpg",
      "transform_matrix": [
        [
          0.601541,
          -0.35665,
          0.714808,
          1.196194
        ],
        [
          -0.798836,
          -0.265142,
          0.539963,
          5.224276
        ],
        [
          -0.003052,
          -0.895824,
          -0.444399,
          1.423539
        ],
        [
          0.0,
          0.0,
          0.0,
          1.0
        ]
      ]
    },
    {
      "file_path": "/media/NFS/ttao/scannet/posed_images/scene0594_00/00084.jpg",
      "transform_matrix": [
        [
          0.627821,
          -0.334981,
          0.702587,
          1.203063
        ],
        [
          -0.778328,
          -0.278129,
          0.562895,
          5.162301
        ],
        [
          0.006851,
          -0.90024,
          -0.43534,
          1.416608
        ],
        [
          0.0,
          0.0,
          0.0,
          1.0
        ]
      ]
    },
    {
      "file_path": "/media/NFS/ttao/scannet/posed_images/scene0594_00/00087.jpg",
      "transform_matrix": [
        [
          0.64879,
          -0.330893,
          0.68526,
          1.212415
        ],
        [
          -0.760883,
          -0.295499,
          0.5777,
          5.105179
        ],
        [
          0.011337,
          -0.896209,
          -0.443487,
          1.407621
        ],
        [
          0.0,
          0.0,
          0.0,
          1.0
        ]
      ]
    },
    {
      "file_path": "/media/NFS/ttao/scannet/posed_images/scene0594_00/00090.jpg",
      "transform_matrix": [
        [
          0.655729,
          -0.332497,
          0.677838,
          1.217817
        ],
        [
          -0.75482,
          -0.308104,
          0.579067,
          5.05663
        ],
        [
          0.016307,
          -0.891357,
          -0.453009,
          1.408461
        ],
        [
          0.0,
          0.0,
          0.0,
          1.0
        ]
      ]
    },
    {
      "file_path": "/media/NFS/ttao/scannet/posed_images/scene0594_00/00093.jpg",
      "transform_matrix": [
        [
          0.662992,
          -0.337715,
          0.668125,
          1.212
        ],
        [
          -0.748491,
          -0.316029,
          0.582998,
          5.027216
        ],
        [
          0.01426,
          -0.886608,
          -0.462302,
          1.41066
        ],
        [
          0.0,
          0.0,
          0.0,
          1.0
        ]
      ]
    },
    {
      "file_path": "/media/NFS/ttao/scannet/posed_images/scene0594_00/00096.jpg",
      "transform_matrix": [
        [
          0.669246,
          -0.338006,
          0.661711,
          1.194567
        ],
        [
          -0.742965,
          -0.317149,
          0.589423,
          5.004528
        ],
        [
          0.010632,
          -0.886097,
          -0.463377,
          1.412616
        ],
        [
          0.0,
          0.0,
          0.0,
          1.0
        ]
      ]
    },
    {
      "file_path": "/media/NFS/ttao/scannet/posed_images/scene0594_00/00098.jpg",
      "transform_matrix": [
        [
          0.673421,
          -0.335877,
          0.658553,
          1.187024
        ],
        [
          -0.739205,
          -0.316735,
          0.594352,
          4.988944
        ],
        [
          0.008958,
          -0.887055,
          -0.461578,
          1.416046
        ],
        [
          0.0,
          0.0,
          0.0,
          1.0
        ]
      ]
    },
    {
      "file_path": "/media/NFS/ttao/scannet/posed_images/scene0594_00/00099.jpg",
      "transform_matrix": [
        [
          0.673184,
          -0.33375,
          0.659875,
          1.178273
        ],
        [
          -0.739401,
          -0.316462,
          0.594254,
          4.979058
        ],
        [
          0.010493,
          -0.887954,
          -0.459812,
          1.414009
        ],
        [
          0.0,
          0.0,
          0.0,
          1.0
        ]
      ]
    },
    {
      "file_path": "/media/NFS/ttao/scannet/posed_images/scene0594_00/00103.jpg",
      "transform_matrix": [
        [
          0.674415,
          -0.333938,
          0.658521,
          1.123801
        ],
        [
          -0.738194,
          -0.323412,
          0.592008,
          4.94802
        ],
        [
          0.01528,
          -0.885376,
          -0.464625,
          1.407524
        ],
        [
          0.0,
          0.0,
          0.0,
          1.0
        ]
      ]
    },
    {
      "file_path": "/media/NFS/ttao/scannet/posed_images/scene0594_00/00104.jpg",
      "transform_matrix": [
        [
          0.677981,
          -0.334159,
          0.654736,
          1.110569
        ],
        [
          -0.734928,
          -0.326225,
          0.594524,
          4.945366
        ],
        [
          0.014926,
          -0.884259,
          -0.466758,
          1.408862
        ],
        [
          0.0,
          0.0,
          0.0,
          1.0
        ]
      ]
    },
    {
      "file_path": "/media/NFS/ttao/scannet/posed_images/scene0594_00/00109.jpg",
      "transform_matrix": [
        [
          0.703087,
          -0.310374,
          0.639795,
          1.017088
        ],
        [
          -0.710805,
          -0.332853,
          0.61965,
          4.935392
        ],
        [
          0.020634,
          -0.890437,
          -0.45464,
          1.400759
        ],
        [
          0.0,
          0.0,
          0.0,
          1.0
        ]
      ]
    },
    {
      "file_path": "/media/NFS/ttao/scannet/posed_images/scene0594_00/00110.jpg",
      "transform_matrix": [
        [
          0.707136,
          -0.309954,
          0.635522,
          0.997662
        ],
        [
          -0.706767,
          -0.336491,
          0.622297,
          4.930799
        ],
        [
          0.020964,
          -0.889214,
          -0.45701,
          1.398103
        ],
        [
          0.0,
          0.0,
          0.0,
          1.0
        ]
      ]
    },
    {
      "file_path": "/media/NFS/ttao/scannet/posed_images/scene0594_00/00112.jpg",
      "transform_matrix": [
        [
          0.711781,
          -0.317405,
          0.626596,
          0.961203
        ],
        [
          -0.702196,
          -0.343164,
          0.623827,
          4.914436
        ],
        [
          0.01702,
          -0.884021,
          -0.467138,
          1.387541
        ],
        [
          0.0,
          0.0,
          0.0,
          1.0
        ]
      ]
    },
    {
      "file_path": "/media/NFS/ttao/scannet/posed_images/scene0594_00/00115.jpg",
      "transform_matrix": [
        [
          0.712501,
          -0.337797,
          0.615008,
          0.912227
        ],
        [
          -0.701558,
          -0.358665,
          0.615772,
          4.907578
        ],
        [
          0.012576,
          -0.870203,
          -0.492534,
          1.382573
        ],
        [
          0.0,
          0.0,
          0.0,
          1.0
        ]
      ]
    },
    {
      "file_path": "/media/NFS/ttao/scannet/posed_images/scene0594_00/00118.jpg",
      "transform_matrix": [
        [
          0.711556,
          -0.345321,
          0.611917,
          0.864624
        ],
        [
          -0.702524,
          -0.364804,
          0.611047,
          4.898339
        ],
        [
          0.012222,
          -0.86468,
          -0.502174,
          1.382463
        ],
        [
          0.0,
          0.0,
          0.0,
          1.0
        ]
      ]
    },
    {
      "file_path": "/media/NFS/ttao/scannet/posed_images/scene0594_00/00121.jpg",
      "transform_matrix": [
        [
          0.712415,
          -0.352858,
          0.606595,
          0.826262
        ],
        [
          -0.70166,
          -0.372692,
          0.607268,
          4.888821
        ],
        [
          0.011794,
          -0.858249,
          -0.513098,
          1.393513
        ],
        [
          0.0,
          0.0,
          0.0,
          1.0
        ]
      ]
    },
    {
      "file_path": "/media/NFS/ttao/scannet/posed_images/scene0594_00/00123.jpg",
      "transform_matrix": [
        [
          0.715742,
          -0.347063,
          0.60602,
          0.800254
        ],
        [
          -0.698198,
          -0.374585,
          0.610087,
          4.878961
        ],
        [
          0.015267,
          -0.859787,
          -0.510425,
          1.397853
        ],
        [
          0.0,
          0.0,
          0.0,
          1.0
        ]
      ]
    },
    {
      "file_path": "/media/NFS/ttao/scannet/posed_images/scene0594_00/00127.jpg",
      "transform_matrix": [
        [
          0.725091,
          -0.334534,
          0.601939,
          0.744922
        ],
        [
          -0.688249,
          -0.382007,
          0.616753,
          4.837746
        ],
        [
          0.02362,
          -0.861485,
          -0.507233,
          1.393251
        ],
        [
          0.0,
          0.0,
          0.0,
          1.0
        ]
      ]
    },
    {
      "file_path": "/media/NFS/ttao/scannet/posed_images/scene0594_00/00128.jpg",
      "transform_matrix": [
        [
          0.725081,
          -0.334784,
          0.601812,
          0.732625
        ],
        [
          -0.68826,
          -0.382218,
          0.61661,
          4.823568
        ],
        [
          0.023592,
          -0.861295,
          -0.507557,
          1.393798
        ],
        [
          0.0,
          0.0,
          0.0,
          1.0
        ]
      ]
    },
    {
      "file_path": "/media/NFS/ttao/scannet/posed_images/scene0594_00/00130.jpg",
      "transform_matrix": [
        [
          0.722849,
          -0.340044,
          0.601548,
          0.712243
        ],
        [
          -0.690704,
          -0.381287,
          0.614449,
          4.798721
        ],
        [
          0.020423,
          -0.859645,
          -0.510483,
          1.392312
        ],
        [
          0.0,
          0.0,
          0.0,
          1.0
        ]
      ]
    },
    {
      "file_path": "/media/NFS/ttao/scannet/posed_images/scene0594_00/00133.jpg",
      "transform_matrix": [
        [
          0.716761,
          -0.351745,
          0.602104,
          0.689083
        ],
        [
          -0.697269,
          -0.371868,
          0.612805,
          4.743458
        ],
        [
          0.008352,
          -0.859063,
          -0.511802,
          1.380306
        ],
        [
          0.0,
          0.0,
          0.0,
          1.0
        ]
      ]
    },
    {
      "file_path": "/media/NFS/ttao/scannet/posed_images/scene0594_00/00135.jpg",
      "transform_matrix": [
        [
          0.709266,
          -0.355385,
          0.608805,
          0.671634
        ],
        [
          -0.704731,
          -0.37857,
          0.600033,
          4.706784
        ],
        [
          0.017233,
          -0.854626,
          -0.518958,
          1.369473
        ],
        [
          0.0,
          0.0,
          0.0,
          1.0
        ]
      ]
    },
    {
      "file_path": "/media/NFS/ttao/scannet/posed_images/scene0594_00/00138.jpg",
      "transform_matrix": [
        [
          0.686197,
          -0.379257,
          0.620723,
          0.651476
        ],
        [
          -0.727019,
          -0.385732,
          0.568026,
          4.656782
        ],
        [
          0.024005,
          -0.841056,
          -0.540416,
          1.36181
        ],
        [
          0.0,
          0.0,
          0.0,
          1.0
        ]
      ]
    },
    {
      "file_path": "/media/NFS/ttao/scannet/posed_images/scene0594_00/00142.jpg",
      "transform_matrix": [
        [
          0.647395,
          -0.439124,
          0.622936,
          0.626479
        ],
        [
          -0.76214,
          -0.378107,
          0.525527,
          4.627216
        ],
        [
          0.004765,
          -0.814988,
          -0.579459,
          1.376732
        ],
        [
          0.0,
          0.0,
          0.0,
          1.0
        ]
      ]
    },
    {
      "file_path": "/media/NFS/ttao/scannet/posed_images/scene0594_00/00144.jpg",
      "transform_matrix": [
        [
          0.626653,
          -0.444352,
          0.6402,
          0.609636
        ],
        [
          -0.779298,
          -0.357308,
          0.514806,
          4.614158
        ],
        [
          -7e-06,
          -0.821512,
          -0.570191,
          1.38041
        ],
        [
          0.0,
          0.0,
          0.0,
          1.0
        ]
      ]
    },
    {
      "file_path": "/media/NFS/ttao/scannet/posed_images/scene0594_00/00147.jpg",
      "transform_matrix": [
        [
          0.58574,
          -0.450736,
          0.673607,
          0.585233
        ],
        [
          -0.810497,
          -0.324016,
          0.487963,
          4.579654
        ],
        [
          -0.001683,
          -0.831776,
          -0.55511,
          1.385245
        ],
        [
          0.0,
          0.0,
          0.0,
          1.0
        ]
      ]
    },
    {
      "file_path": "/media/NFS/ttao/scannet/posed_images/scene0594_00/00148.jpg",
      "transform_matrix": [
        [
          0.571336,
          -0.455576,
          0.68266,
          0.578876
        ],
        [
          -0.820708,
          -0.313467,
          0.477678,
          4.569426
        ],
        [
          -0.003627,
          -0.83318,
          -0.55299,
          1.384805
        ],
        [
          0.0,
          0.0,
          0.0,
          1.0
        ]
      ]
    },
    {
      "file_path": "/media/NFS/ttao/scannet/posed_images/scene0594_00/00152.jpg",
      "transform_matrix": [
        [
          0.497036,
          -0.482738,
          0.721054,
          0.533213
        ],
        [
          -0.867713,
          -0.271255,
          0.416528,
          4.542516
        ],
        [
          -0.005484,
          -0.832697,
          -0.553702,
          1.38659
        ],
        [
          0.0,
          0.0,
          0.0,
          1.0
        ]
      ]
    },
    {
      "file_path": "/media/NFS/ttao/scannet/posed_images/scene0594_00/00154.jpg",
      "transform_matrix": [
        [
          0.47226,
          -0.489019,
          0.73337,
          0.512512
        ],
        [
          -0.881421,
          -0.254203,
          0.398093,
          4.540919
        ],
        [
          -0.00825,
          -0.834411,
          -0.551081,
          1.391075
        ],
        [
          0.0,
          0.0,
          0.0,
          1.0
        ]
      ]
    },
    {
      "file_path": "/media/NFS/ttao/scannet/posed_images/scene0594_00/00157.jpg",
      "transform_matrix": [
        [
          0.452446,
          -0.486105,
          0.747659,
          0.48871
        ],
        [
          -0.891729,
          -0.236669,
          0.385755,
          4.531402
        ],
        [
          -0.01057,
          -0.841243,
          -0.540554,
          1.396327
        ],
        [
          0.0,
          0.0,
          0.0,
          1.0
        ]
      ]
    },
    {
      "file_path": "/media/NFS/ttao/scannet/posed_images/scene0594_00/00158.jpg",
      "transform_matrix": [
        [
          0.444759,
          -0.483988,
          0.753622,
          0.483972
        ],
        [
          -0.89558,
          -0.229795,
          0.38096,
          4.517031
        ],
        [
          -0.011202,
          -0.844364,
          -0.535653,
          1.397127
        ],
        [
          0.0,
          0.0,
          0.0,
          1.0
        ]
      ]
    },
    {
      "file_path": "/media/NFS/ttao/scannet/posed_images/scene0594_00/00161.jpg",
      "transform_matrix": [
        [
          0.404474,
          -0.483888,
          0.77605,
          0.47354
        ],
        [
          -0.914484,
          -0.203836,
          0.349528,
          4.486512
        ],
        [
          -0.010945,
          -0.85106,
          -0.524954,
          1.398686
        ],
        [
          0.0,
          0.0,
          0.0,
          1.0
        ]
      ]
    },
    {
      "file_path": "/media/NFS/ttao/scannet/posed_images/scene0594_00/00165.jpg",
      "transform_matrix": [
        [
          0.334123,
          -0.506074,
          0.795142,
          0.466119
        ],
        [
          -0.94222,
          -0.157712,
          0.295548,
          4.449559
        ],
        [
          -0.024166,
          -0.847948,
          -0.529528,
          1.399574
        ],
        [
          0.0,
          0.0,
          0.0,
          1.0
        ]
      ]
    },
    {
      "file_path": "/media/NFS/ttao/scannet/posed_images/scene0594_00/00167.jpg",
      "transform_matrix": [
        [
          0.307523,
          -0.517461,
          0.798539,
          0.465815
        ],
        [
          -0.950495,
          -0.127721,
          0.283277,
          4.429376
        ],
        [
          -0.044594,
          -0.846122,
          -0.531121,
          1.399747
        ],
        [
          0.0,
          0.0,
          0.0,
          1.0
        ]
      ]
    },
    {
      "file_path": "/media/NFS/ttao/scannet/posed_images/scene0594_00/00170.jpg",
      "transform_matrix": [
        [
          0.290904,
          -0.514274,
          0.806782,
          0.465423
        ],
        [
          -0.954686,
          -0.100632,
          0.280087,
          4.377261
        ],
        [
          -0.062854,
          -0.851702,
          -0.520244,
          1.403899
        ],
        [
          0.0,
          0.0,
          0.0,
          1.0
        ]
      ]
    },
    {
      "file_path": "/media/NFS/ttao/scannet/posed_images/scene0594_00/00172.jpg",
      "transform_matrix": [
        [
          0.290042,
          -0.512437,
          0.80826,
          0.465059
        ],
        [
          -0.95482,
          -0.097786,
          0.280638,
          4.347035
        ],
        [
          -0.064772,
          -0.853139,
          -0.517648,
          1.409896
        ],
        [
          0.0,
          0.0,
          0.0,
          1.0
        ]
      ]
    },
    {
      "file_path": "/media/NFS/ttao/scannet/posed_images/scene0594_00/00174.jpg",
      "transform_matrix": [
        [
          0.29457,
          -0.511079,
          0.807482,
          0.46011
        ],
        [
          -0.953783,
          -0.10473,
          0.281654,
          4.314009
        ],
        [
          -0.05938,
          -0.853129,
          -0.518309,
          1.405046
        ],
        [
          0.0,
          0.0,
          0.0,
          1.0
        ]
      ]
    },
    {
      "file_path": "/media/NFS/ttao/scannet/posed_images/scene0594_00/00176.jpg",
      "transform_matrix": [
        [
          0.288509,
          -0.516428,
          0.806266,
          0.458481
        ],
        [
          -0.955921,
          -0.107367,
          0.27329,
          4.285728
        ],
        [
          -0.054569,
          -0.849573,
          -0.524641,
          1.401794
        ],
        [
          0.0,
          0.0,
          0.0,
          1.0
        ]
      ]
    },
    {
      "file_path": "/media/NFS/ttao/scannet/posed_images/scene0594_00/00179.jpg",
      "transform_matrix": [
        [
          0.270593,
          -0.519578,
          0.810443,
          0.452704
        ],
        [
          -0.961516,
          -0.104229,
          0.254212,
          4.239532
        ],
        [
          -0.047611,
          -0.848042,
          -0.527786,
          1.390394
        ],
        [
          0.0,
          0.0,
          0.0,
          1.0
        ]
      ]
    },
    {
      "file_path": "/media/NFS/ttao/scannet/posed_images/scene0594_00/00182.jpg",
      "transform_matrix": [
        [
          0.224955,
          -0.543592,
          0.808643,
          0.455739
        ],
        [
          -0.972707,
          -0.076835,
          0.218944,
          4.215068
        ],
        [
          -0.056884,
          -0.835826,
          -0.54604,
          1.384113
        ],
        [
          0.0,
          0.0,
          0.0,
          1.0
        ]
      ]
    },
    {
      "file_path": "/media/NFS/ttao/scannet/posed_images/scene0594_00/00185.jpg",
      "transform_matrix": [
        [
          0.187277,
          -0.549468,
          0.814256,
          0.454103
        ],
        [
          -0.979402,
          -0.040743,
          0.197767,
          4.178638
        ],
        [
          -0.075491,
          -0.834521,
          -0.54578,
          1.386968
        ],
        [
          0.0,
          0.0,
          0.0,
          1.0
        ]
      ]
    },
    {
      "file_path": "/media/NFS/ttao/scannet/posed_images/scene0594_00/00186.jpg",
      "transform_matrix": [
        [
          0.175711,
          -0.547313,
          0.818275,
          0.452097
        ],
        [
          -0.981354,
          -0.031599,
          0.189594,
          4.170845
        ],
        [
          -0.07791,
          -0.836331,
          -0.54266,
          1.388008
        ],
        [
          0.0,
          0.0,
          0.0,
          1.0
        ]
      ]
    },
    {
      "file_path": "/media/NFS/ttao/scannet/posed_images/scene0594_00/00189.jpg",
      "transform_matrix": [
        [
          0.137824,
          -0.542428,
          0.82872,
          0.449065
        ],
        [
          -0.987265,
          -0.00812,
          0.158876,
          4.149416
        ],
        [
          -0.079449,
          -0.840063,
          -0.53664,
          1.394225
        ],
        [
          0.0,
          0.0,
          0.0,
          1.0
        ]
      ]
    },
    {
      "file_path": "/media/NFS/ttao/scannet/posed_images/scene0594_00/00193.jpg",
      "transform_matrix": [
        [
          0.074934,
          -0.533154,
          0.842694,
          0.430933
        ],
        [
          -0.993655,
          0.03116,
          0.108071,
          4.139835
        ],
        [
          -0.083877,
          -0.845444,
          -0.527436,
          1.397073
        ],
        [
          0.0,
          0.0,
          0.0,
          1.0
        ]
      ]
    },
    {
      "file_path": "/media/NFS/ttao/scannet/posed_images/scene0594_00/00194.jpg",
      "transform_matrix": [
        [
          0.062288,
          -0.528771,
          0.846476,
          0.426919
        ],
        [
          -0.994581,
          0.037852,
          0.096832,
          4.14021
        ],
        [
          -0.083243,
          -0.84792,
          -0.523548,
          1.39605
        ],
        [
          0.0,
          0.0,
          0.0,
          1.0
        ]
      ]
    },
    {
      "file_path": "/media/NFS/ttao/scannet/posed_images/scene0594_00/00197.jpg",
      "transform_matrix": [
        [
          0.028266,
          -0.51494,
          0.85676,
          0.420714
        ],
        [
          -0.996951,
          0.047839,
          0.061644,
          4.148534
        ],
        [
          -0.07273,
          -0.85589,
          -0.512018,
          1.403753
