{
  "frames": [
    {
      "file_path": "/media/NFS/ttao/scannet/posed_images/scene0426_01/00000.jpg",
      "transform_matrix": [
        [
          0.985239,
          -0.037533,
          -0.167021,
          2.191636
        ],
        [
          0.167647,
          0.014189,
          0.985745,
          1.54935
        ],
        [
          -0.034628,
          -0.999195,
          0.020272,
          1.600143
        ],
        [
          0.0,
          0.0,
          0.0,
          1.0
        ]
      ]
    },
    {
      "file_path": "/media/NFS/ttao/scannet/posed_images/scene0426_01/00005.jpg",
      "transform_matrix": [
        [
          0.983338,
          -0.036292,
          -0.178125,
          2.18054
        ],
        [
          0.178754,
          0.01487,
          0.983781,
          1.541921
        ],
        [
          -0.033054,
          -0.999231,
          0.021109,
          1.601262
        ],
        [
          0.0,
          0.0,
          0.0,
          1.0
        ]
      ]
    },
    {
      "file_path": "/media/NFS/ttao/scannet/posed_images/scene0426_01/00010.jpg",
      "transform_matrix": [
        [
          0.984308,
          -0.022143,
          -0.175062,
          2.169333
        ],
        [
          0.17524,
          0.006352,
          0.984505,
          1.540212
        ],
        [
          -0.020688,
          -0.999735,
          0.010133,
          1.604881
        ],
        [
          0.0,
          0.0,
          0.0,
          1.0
        ]
      ]
    },
    {
      "file_path": "/media/NFS/ttao/scannet/posed_images/scene0426_01/00020.jpg",
      "transform_matrix": [
        [
          0.982533,
          0.031912,
          -0.183331,
          2.151932
        ],
        [
          0.184939,
          -0.058183,
          0.981026,
          1.548043
        ],
        [
          0.02064,
          -0.997796,
          -0.063068,
          1.574772
        ],
        [
          0.0,
          0.0,
          0.0,
          1.0
        ]
      ]
    },
    {
      "file_path": "/media/NFS/ttao/scannet/posed_images/scene0426_01/00022.jpg",
      "transform_matrix": [
        [
          0.982729,
          0.039115,
          -0.180866,
          2.148992
        ],
        [
          0.183561,
          -0.082422,
          0.979547,
          1.554276
        ],
        [
          0.023407,
          -0.99583,
          -0.088179,
          1.560454
        ],
        [
          0.0,
          0.0,
          0.0,
          1.0
        ]
      ]
    },
    {
      "file_path": "/media/NFS/ttao/scannet/posed_images/scene0426_01/00029.jpg",
      "transform_matrix": [
        [
          0.979575,
          0.055351,
          -0.193311,
          2.145592
        ],
        [
          0.200071,
          -0.172138,
          0.964541,
          1.577868
        ],
        [
          0.020112,
          -0.983517,
          -0.179696,
          1.499322
        ],
        [
          0.0,
          0.0,
          0.0,
          1.0
        ]
      ]
    },
    {
      "file_path": "/media/NFS/ttao/scannet/posed_images/scene0426_01/00037.jpg",
      "transform_matrix": [
        [
          0.96745,
          0.122154,
          -0.221625,
          2.123011
        ],
        [
          0.250187,
          -0.330105,
          0.910185,
          1.601
        ],
        [
          0.038023,
          -0.936007,
          -0.349921,
          1.411043
        ],
        [
          0.0,
          0.0,
          0.0,
          1.0
        ]
      ]
    },
    {
      "file_path": "/media/NFS/ttao/scannet/posed_images/scene0426_01/00043.jpg",
      "transform_matrix": [
        [
          0.955806,
          0.160531,
          -0.246303,
          2.105595
        ],
        [
          0.292612,
          -0.438156,
          0.84994,
          1.619802
        ],
        [
          0.028523,
          -0.884449,
          -0.465765,
          1.31953
        ],
        [
          0.0,
          0.0,
          0.0,
          1.0
        ]
      ]
    },
    {
      "file_path": "/media/NFS/ttao/scannet/posed_images/scene0426_01/00046.jpg",
      "transform_matrix": [
        [
          0.951312,
          0.188795,
          -0.243644,
          2.098631
        ],
        [
          0.306188,
          -0.487985,
          0.817386,
          1.624075
        ],
        [
          0.035423,
          -0.85219,
          -0.522032,
          1.285341
        ],
        [
          0.0,
          0.0,
          0.0,
          1.0
        ]
      ]
    },
    {
      "file_path": "/media/NFS/ttao/scannet/posed_images/scene0426_01/00049.jpg",
      "transform_matrix": [
        [
          0.945792,
          0.21187,
          -0.246146,
          2.09135
        ],
        [
          0.322613,
          -0.525643,
          0.78716,
          1.626956
        ],
        [
          0.03739,
          -0.8239,
          -0.565501,
          1.255657
        ],
        [
          0.0,
          0.0,
          0.0,
          1.0
        ]
      ]
    },
    {
      "file_path": "/media/NFS/ttao/scannet/posed_images/scene0426_01/00060.jpg",
      "transform_matrix": [
        [
          0.93336,
          0.254435,
          -0.253184,
          2.074446
        ],
        [
          0.358187,
          -0.614494,
          0.702922,
          1.613126
        ],
        [
          0.023268,
          -0.746766,
          -0.664679,
          1.165584
        ],
        [
          0.0,
          0.0,
          0.0,
          1.0
        ]
      ]
    },
    {
      "file_path": "/media/NFS/ttao/scannet/posed_images/scene0426_01/00063.jpg",
      "transform_matrix": [
        [
          0.935494,
          0.250667,
          -0.249032,
          2.072027
        ],
        [
          0.352761,
          -0.622157,
          0.698914,
          1.612155
        ],
        [
          0.020257,
          -0.741679,
          -0.670449,
          1.162397
        ],
        [
          0.0,
          0.0,
          0.0,
          1.0
        ]
      ]
    },
    {
      "file_path": "/media/NFS/ttao/scannet/posed_images/scene0426_01/00066.jpg",
      "transform_matrix": [
        [
          0.93695,
          0.248196,
          -0.246015,
          2.068817
        ],
        [
          0.348599,
          -0.614316,
          0.70788,
          1.611258
        ],
        [
          0.024562,
          -0.749009,
          -0.662104,
          1.167465
        ],
        [
          0.0,
          0.0,
          0.0,
          1.0
        ]
      ]
    },
    {
      "file_path": "/media/NFS/ttao/scannet/posed_images/scene0426_01/00077.jpg",
      "transform_matrix": [
        [
          0.943283,
          0.196454,
          -0.267623,
          2.057862
        ],
        [
          0.330943,
          -0.492523,
          0.804921,
          1.611301
        ],
        [
          0.02632,
          -0.847836,
          -0.529604,
          1.2547
        ],
        [
          0.0,
          0.0,
          0.0,
          1.0
        ]
      ]
    },
    {
      "file_path": "/media/NFS/ttao/scannet/posed_images/scene0426_01/00082.jpg",
      "transform_matrix": [
        [
          0.953109,
          0.146888,
          -0.264589,
          2.076177
        ],
        [
          0.30218,
          -0.414379,
          0.858474,
          1.611616
        ],
        [
          0.016459,
          -0.898172,
          -0.439335,
          1.300584
        ],
        [
          0.0,
          0.0,
          0.0,
          1.0
        ]
      ]
    },
    {
      "file_path": "/media/NFS/ttao/scannet/posed_images/scene0426_01/00083.jpg",
      "transform_matrix": [
        [
          0.956706,
          0.137562,
          -0.256497,
          2.074855
        ],
        [
          0.290566,
          -0.400229,
          0.86913,
          1.611581
        ],
        [
          0.016902,
          -0.906031,
          -0.422873,
          1.30948
        ],
        [
          0.0,
          0.0,
          0.0,
          1.0
        ]
      ]
    },
    {
      "file_path": "/media/NFS/ttao/scannet/posed_images/scene0426_01/00094.jpg",
      "transform_matrix": [
        [
          0.989679,
          0.025857,
          -0.140952,
          2.128114
        ],
        [
          0.141537,
          -0.330366,
          0.93318,
          1.627798
        ],
        [
          -0.022436,
          -0.943498,
          -0.330616,
          1.391283
        ],
        [
          0.0,
          0.0,
          0.0,
          1.0
        ]
      ]
    },
    {
      "file_path": "/media/NFS/ttao/scannet/posed_images/scene0426_01/00097.jpg",
      "transform_matrix": [
        [
          0.995713,
          0.011996,
          -0.091709,
          2.139287
        ],
        [
          0.090261,
          -0.342429,
          0.935198,
          1.633245
        ],
        [
          -0.020185,
          -0.939467,
          -0.342044,
          1.403399
        ],
        [
          0.0,
          0.0,
          0.0,
          1.0
        ]
      ]
    },
    {
      "file_path": "/media/NFS/ttao/scannet/posed_images/scene0426_01/00100.jpg",
      "transform_matrix": [
        [
          0.99824,
          0.014897,
          -0.057401,
          2.144011
        ],
        [
          0.058881,
          -0.364164,
          0.929471,
          1.637604
        ],
        [
          -0.007057,
          -0.931216,
          -0.364401,
          1.407755
        ],
        [
          0.0,
          0.0,
          0.0,
          1.0
        ]
      ]
    },
    {
      "file_path": "/media/NFS/ttao/scannet/posed_images/scene0426_01/00107.jpg",
      "transform_matrix": [
        [
          0.999307,
          0.00654,
          -0.03665,
          2.183421
        ],
        [
          0.036762,
          -0.328851,
          0.943666,
          1.640611
        ],
        [
          -0.00588,
          -0.944359,
          -0.328864,
          1.442161
        ],
        [
          0.0,
          0.0,
          0.0,
          1.0
        ]
      ]
    },
    {
      "file_path": "/media/NFS/ttao/scannet/posed_images/scene0426_01/00114.jpg",
      "transform_matrix": [
        [
          0.999712,
          -0.023056,
          0.006611,
          2.199662
        ],
        [
          -0.012249,
          -0.253787,
          0.967182,
          1.635694
        ],
        [
          -0.020622,
          -0.966985,
          -0.253997,
          1.50438
        ],
        [
          0.0,
          0.0,
          0.0,
          1.0
        ]
      ]
    },
    {
      "file_path": "/media/NFS/ttao/scannet/posed_images/scene0426_01/00121.jpg",
      "transform_matrix": [
        [
          0.999391,
          -0.017969,
          0.029905,
          2.20396
        ],
        [
          -0.032929,
          -0.202613,
          0.978705,
          1.622838
        ],
        [
          -0.011528,
          -0.979094,
          -0.203081,
          1.520589
        ],
        [
          0.0,
          0.0,
          0.0,
          1.0
        ]
      ]
    },
    {
      "file_path": "/media/NFS/ttao/scannet/posed_images/scene0426_01/00124.jpg",
      "transform_matrix": [
        [
          0.999394,
          -0.016307,
          0.030765,
          2.202521
        ],
        [
          -0.033741,
          -0.235424,
          0.971307,
          1.624958
        ],
        [
          -0.008596,
          -0.971756,
          -0.235832,
          1.499506
        ],
        [
          0.0,
          0.0,
          0.0,
          1.0
        ]
      ]
    },
    {
      "file_path": "/media/NFS/ttao/scannet/posed_images/scene0426_01/00129.jpg",
      "transform_matrix": [
        [
          0.998552,
          -0.027505,
          0.046226,
          2.190821
        ],
        [
          -0.052855,
          -0.342215,
          0.938134,
          1.638833
        ],
        [
          -0.009984,
          -0.939219,
          -0.343173,
          1.436491
        ],
        [
          0.0,
          0.0,
          0.0,
          1.0
        ]
      ]
    },
    {
      "file_path": "/media/NFS/ttao/scannet/posed_images/scene0426_01/00134.jpg",
      "transform_matrix": [
        [
          0.998867,
          -0.02424,
          0.040956,
          2.210688
        ],
        [
          -0.047577,
          -0.487201,
          0.871993,
          1.659382
        ],
        [
          -0.001183,
          -0.872953,
          -0.487802,
          1.351455
        ],
        [
          0.0,
          0.0,
          0.0,
          1.0
        ]
      ]
    },
    {
      "file_path": "/media/NFS/ttao/scannet/posed_images/scene0426_01/00141.jpg",
      "transform_matrix": [
        [
          0.99892,
          -0.031876,
          0.033797,
          2.206297
        ],
        [
          -0.0463,
          -0.62322,
          0.780674,
          1.673702
        ],
        [
          -0.003822,
          -0.781396,
          -0.624023,
          1.249549
        ],
        [
          0.0,
          0.0,
          0.0,
          1.0
        ]
      ]
    },
    {
      "file_path": "/media/NFS/ttao/scannet/posed_images/scene0426_01/00146.jpg",
      "transform_matrix": [
        [
          0.997496,
          -0.047759,
          0.052167,
          2.208631
        ],
        [
          -0.070725,
          -0.679343,
          0.730404,
          1.672736
        ],
        [
          0.000557,
          -0.732265,
          -0.68102,
          1.197201
        ],
        [
          0.0,
          0.0,
          0.0,
          1.0
        ]
      ]
    },
    {
      "file_path": "/media/NFS/ttao/scannet/posed_images/scene0426_01/00151.jpg",
      "transform_matrix": [
        [
          0.994735,
          -0.065224,
          0.079047,
          2.220803
        ],
        [
          -0.101793,
          -0.718105,
          0.68845,
          1.667983
        ],
        [
          0.011861,
          -0.692872,
          -0.720963,
          1.153701
        ],
        [
          0.0,
          0.0,
          0.0,
          1.0
        ]
      ]
    },
    {
      "file_path": "/media/NFS/ttao/scannet/posed_images/scene0426_01/00158.jpg",
      "transform_matrix": [
        [
          0.976721,
          -0.155465,
          0.147806,
          2.26984
        ],
        [
          -0.214467,
          -0.693352,
          0.687944,
          1.685758
        ],
        [
          -0.00447,
          -0.703629,
          -0.710553,
          1.169073
        ],
        [
          0.0,
          0.0,
          0.0,
          1.0
        ]
      ]
    },
    {
      "file_path": "/media/NFS/ttao/scannet/posed_images/scene0426_01/00163.jpg",
      "transform_matrix": [
        [
          0.955041,
          -0.204912,
          0.214259,
          2.336724
        ],
        [
          -0.296472,
          -0.660137,
          0.690161,
          1.685701
        ],
        [
          1.9e-05,
          -0.722654,
          -0.691209,
          1.183724
        ],
        [
          0.0,
          0.0,
          0.0,
          1.0
        ]
      ]
    },
    {
      "file_path": "/media/NFS/ttao/scannet/posed_images/scene0426_01/00170.jpg",
      "transform_matrix": [
        [
          0.93383,
          -0.217843,
          0.283734,
          2.40259
        ],
        [
          -0.357278,
          -0.607231,
          0.709664,
          1.69623
        ],
        [
          0.017697,
          -0.764078,
          -0.644881,
          1.225512
        ],
        [
          0.0,
          0.0,
          0.0,
          1.0
        ]
      ]
    },
    {
      "file_path": "/media/NFS/ttao/scannet/posed_images/scene0426_01/00175.jpg",
      "transform_matrix": [
        [
          0.9352,
          -0.188298,
          0.299907,
          2.416615
        ],
        [
          -0.352933,
          -0.564864,
          0.7459,
          1.704491
        ],
        [
          0.028955,
          -0.803413,
          -0.594718,
          1.267405
        ],
        [
          0.0,
          0.0,
          0.0,
          1.0
        ]
      ]
    },
    {
      "file_path": "/media/NFS/ttao/scannet/posed_images/scene0426_01/00180.jpg",
      "transform_matrix": [
        [
          0.927395,
          -0.189083,
          0.322779,
          2.40471
        ],
        [
          -0.373644,
          -0.510036,
          0.77476,
          1.719343
        ],
        [
          0.018135,
          -0.839113,
          -0.543654,
          1.300985
        ],
        [
          0.0,
          0.0,
          0.0,
          1.0
        ]
      ]
    },
    {
      "file_path": "/media/NFS/ttao/scannet/posed_images/scene0426_01/00186.jpg",
      "transform_matrix": [
        [
          0.902779,
          -0.174196,
          0.39325,
          2.381844
        ],
        [
          -0.428878,
          -0.433565,
          0.792518,
          1.750968
        ],
        [
          0.032446,
          -0.884125,
          -0.466122,
          1.357814
        ],
        [
          0.0,
          0.0,
          0.0,
          1.0
        ]
      ]
    },
    {
      "file_path": "/media/NFS/ttao/scannet/posed_images/scene0426_01/00192.jpg",
      "transform_matrix": [
        [
          0.870347,
          -0.160052,
          0.465703,
          2.339106
        ],
        [
          -0.491422,
          -0.343013,
          0.800529,
          1.771122
        ],
        [
          0.031616,
          -0.925595,
          -0.377193,
          1.403038
        ],
        [
          0.0,
          0.0,
          0.0,
          1.0
        ]
      ]
    },
    {
      "file_path": "/media/NFS/ttao/scannet/posed_images/scene0426_01/00201.jpg",
      "transform_matrix": [
        [
          0.842162,
          -0.161158,
          0.514579,
          2.30252
        ],
        [
          -0.538616,
          -0.296716,
          0.788576,
          1.786093
        ],
        [
          0.025598,
          -0.941269,
          -0.336685,
          1.448116
        ],
        [
          0.0,
          0.0,
          0.0,
          1.0
        ]
      ]
    },
    {
      "file_path": "/media/NFS/ttao/scannet/posed_images/scene0426_01/00203.jpg",
      "transform_matrix": [
        [
          0.831021,
          -0.172618,
          0.528778,
          2.300023
        ],
        [
          -0.555348,
          -0.311295,
          0.771157,
          1.789853
        ],
        [
          0.031491,
          -0.934504,
          -0.354556,
          1.436228
        ],
        [
          0.0,
          0.0,
          0.0,
          1.0
        ]
      ]
    },
    {
      "file_path": "/media/NFS/ttao/scannet/posed_images/scene0426_01/00213.jpg",
      "transform_matrix": [
        [
          0.779417,
          -0.319811,
          0.53873,
          2.309061
        ],
        [
          -0.625503,
          -0.445861,
          0.640277,
          1.791327
        ],
        [
          0.035431,
          -0.83602,
          -0.547554,
          1.283555
        ],
        [
          0.0,
          0.0,
          0.0,
          1.0
        ]
      ]
    },
    {
      "file_path": "/media/NFS/ttao/scannet/posed_images/scene0426_01/00216.jpg",
      "transform_matrix": [
        [
          0.758575,
          -0.347669,
          0.551081,
          2.316952
        ],
        [
          -0.649716,
          -0.467621,
          0.599332,
          1.784495
        ],
        [
          0.049328,
          -0.812685,
          -0.580612,
          1.248768
        ],
        [
          0.0,
          0.0,
          0.0,
          1.0
        ]
      ]
    },
    {
      "file_path": "/media/NFS/ttao/scannet/posed_images/scene0426_01/00225.jpg",
      "transform_matrix": [
        [
          0.699573,
          -0.46209,
          0.545042,
          2.345745
        ],
        [
          -0.713756,
          -0.488099,
          0.502307,
          1.716176
        ],
        [
          0.033923,
          -0.740427,
          -0.67128,
          1.150554
        ],
        [
          0.0,
          0.0,
          0.0,
          1.0
        ]
      ]
    },
    {
      "file_path": "/media/NFS/ttao/scannet/posed_images/scene0426_01/00226.jpg",
      "transform_matrix": [
        [
          0.69026,
          -0.478067,
          0.543133,
          2.347676
        ],
        [
          -0.723193,
          -0.479773,
          0.496799,
          1.7097
        ],
        [
          0.023078,
          -0.73571,
          -0.676903,
          1.145395
        ],
        [
          0.0,
          0.0,
          0.0,
          1.0
        ]
      ]
    },
    {
      "file_path": "/media/NFS/ttao/scannet/posed_images/scene0426_01/00235.jpg",
      "transform_matrix": [
        [
          0.595748,
          -0.58748,
          0.547678,
          2.364422
        ],
        [
          -0.803141,
          -0.441687,
          0.399846,
          1.660784
        ],
        [
          0.007001,
          -0.678071,
          -0.734963,
          1.094766
        ],
        [
          0.0,
          0.0,
          0.0,
          1.0
        ]
      ]
    },
    {
      "file_path": "/media/NFS/ttao/scannet/posed_images/scene0426_01/00240.jpg",
      "transform_matrix": [
        [
          0.558335,
          -0.618338,
          0.5531,
          2.371564
        ],
        [
          -0.829521,
          -0.426173,
          0.360933,
          1.660248
        ],
        [
          0.012537,
          -0.660329,
          -0.750872,
          1.086173
        ],
        [
          0.0,
          0.0,
          0.0,
          1.0
        ]
      ]
    },
    {
      "file_path": "/media/NFS/ttao/scannet/posed_images/scene0426_01/00247.jpg",
      "transform_matrix": [
        [
          0.524704,
          -0.588452,
          0.615151,
          2.386148
        ],
        [
          -0.85123,
          -0.354504,
          0.386955,
          1.673202
        ],
        [
          -0.009631,
          -0.726672,
          -0.686918,
          1.140807
        ],
        [
          0.0,
          0.0,
          0.0,
          1.0
        ]
      ]
    },
    {
      "file_path": "/media/NFS/ttao/scannet/posed_images/scene0426_01/00250.jpg",
      "transform_matrix": [
        [
          0.497602,
          -0.54989,
          0.67083,
          2.402262
        ],
        [
          -0.867381,
          -0.321244,
          0.380069,
          1.664398
        ],
        [
          0.006504,
          -0.770988,
          -0.636816,
          1.176162
        ],
        [
          0.0,
          0.0,
          0.0,
          1.0
        ]
      ]
    },
    {
      "file_path": "/media/NFS/ttao/scannet/posed_images/scene0426_01/00254.jpg",
      "transform_matrix": [
        [
          0.462255,
          -0.507571,
          0.727112,
          2.421389
        ],
        [
          -0.886737,
          -0.268463,
          0.37633,
          1.659986
        ],
        [
          0.004188,
          -0.818718,
          -0.574181,
          1.228442
        ],
        [
          0.0,
          0.0,
          0.0,
          1.0
        ]
      ]
    },
    {
      "file_path": "/media/NFS/ttao/scannet/posed_images/scene0426_01/00262.jpg",
      "transform_matrix": [
        [
          0.389049,
          -0.435449,
          0.811804,
          2.452941
        ],
        [
          -0.921183,
          -0.176359,
          0.34687,
          1.632586
        ],
        [
          -0.007875,
          -0.882769,
          -0.469741,
          1.32164
        ],
        [
          0.0,
          0.0,
          0.0,
          1.0
        ]
      ]
    },
    {
      "file_path": "/media/NFS/ttao/scannet/posed_images/scene0426_01/00269.jpg",
      "transform_matrix": [
        [
          0.351786,
          -0.356981,
          0.865338,
          2.462114
        ],
        [
          -0.936042,
          -0.12579,
          0.328636,
          1.628782
        ],
        [
          -0.008466,
          -0.925603,
          -0.378401,
          1.407995
        ],
        [
          0.0,
          0.0,
          0.0,
          1.0
        ]
      ]
    },
    {
      "file_path": "/media/NFS/ttao/scannet/posed_images/scene0426_01/00276.jpg",
      "transform_matrix": [
        [
          0.331564,
          -0.299341,
          0.894685,
          2.470008
        ],
        [
          -0.943295,
          -0.121386,
          0.308966,
          1.654058
        ],
        [
          0.016116,
          -0.946393,
          -0.322614,
          1.492342
        ],
        [
          0.0,
          0.0,
          0.0,
          1.0
        ]
      ]
    },
    {
      "file_path": "/media/NFS/ttao/scannet/posed_images/scene0426_01/00281.jpg",
      "transform_matrix": [
        [
          0.300934,
          -0.259785,
          0.917579,
          2.459131
        ],
        [
          -0.953054,
          -0.115804,
          0.279782,
          1.704632
        ],
        [
          0.033576,
          -0.958698,
          -0.282438,
          1.551374
        ],
        [
          0.0,
          0.0,
          0.0,
          1.0
        ]
      ]
    },
    {
      "file_path": "/media/NFS/ttao/scannet/posed_images/scene0426_01/00283.jpg",
      "transform_matrix": [
        [
          0.278751,
          -0.264663,
          0.923175,
          2.456589
        ],
        [
          -0.959643,
          -0.113999,
          0.25708,
          1.732809
        ],
        [
          0.037201,
          -0.957579,
          -0.285759,
          1.567483
        ],
        [
          0.0,
          0.0,
          0.0,
          1.0
        ]
      ]
    },
    {
      "file_path": "/media/NFS/ttao/scannet/posed_images/scene0426_01/00291.jpg",
      "transform_matrix": [
        [
          0.252585,
          -0.272732,
          0.928342,
          2.428449
        ],
        [
          -0.967328,
          -0.049527,
          0.248643,
          1.843941
        ],
        [
          -0.021835,
          -0.960815,
          -0.276331,
          1.623095
        ],
        [
          0.0,
          0.0,
          0.0,
          1.0
        ]
      ]
    },
    {
      "file_path": "/media/NFS/ttao/scannet/posed_images/scene0426_01/00298.jpg",
      "transform_matrix": [
        [
          0.235166,
          -0.259727,
          0.93661,
          2.423788
        ],
        [
          -0.971955,
          -0.062591,
          0.226684,
          1.943077
        ],
        [
          -0.000252,
          -0.963652,
          -0.267162,
          1.643014
        ],
        [
          0.0,
          0.0,
          0.0,
          1.0
        ]
      ]
    },
    {
      "file_path": "/media/NFS/ttao/scannet/posed_images/scene0426_01/00300.jpg",
      "transform_matrix": [
        [
          0.222127,
          -0.255756,
          0.940876,
          2.429826
        ],
        [
          -0.974993,
          -0.065191,
          0.212461,
          1.969896
        ],
        [
          0.006998,
          -0.964541,
          -0.263841,
          1.641287
        ],
        [
          0.0,
          0.0,
          0.0,
          1.0
        ]
      ]
    },
    {
      "file_path": "/media/NFS/ttao/scannet/posed_images/scene0426_01/00305.jpg",
      "transform_matrix": [
        [
          0.221484,
          -0.267705,
          0.937699,
          2.457561
        ],
        [
          -0.974521,
          -0.095667,
          0.202869,
          2.045029
        ],
        [
          0.035398,
          -0.95874,
          -0.282073,
          1.631578
        ],
        [
          0.0,
          0.0,
          0.0,
          1.0
        ]
      ]
    },
    {
      "file_path": "/media/NFS/ttao/scannet/posed_images/scene0426_01/00315.jpg",
      "transform_matrix": [
        [
          0.22441,
          -0.250907,
          0.94164,
          2.566246
        ],
        [
          -0.973055,
          -0.110201,
          0.202533,
          2.217481
        ],
        [
          0.052953,
          -0.961718,
          -0.268876,
          1.637017
        ],
        [
          0.0,
          0.0,
          0.0,
          1.0
        ]
      ]
    },
    {
      "file_path": "/media/NFS/ttao/scannet/posed_images/scene0426_01/00320.jpg",
      "transform_matrix": [
        [
          0.204972,
          -0.263408,
          0.942657,
          2.628947
        ],
        [
          -0.977537,
          -0.103384,
          0.183667,
          2.300106
        ],
        [
          0.049077,
          -0.959129,
          -0.278682,
          1.63381
        ],
        [
          0.0,
          0.0,
          0.0,
          1.0
        ]
      ]
    },
    {
      "file_path": "/media/NFS/ttao/scannet/posed_images/scene0426_01/00322.jpg",
      "transform_matrix": [
        [
          0.172459,
          -0.271984,
          0.946722,
          2.654323
        ],
        [
          -0.983539,
          -0.100186,
          0.150383,
          2.332796
        ],
        [
          0.053946,
          -0.957072,
          -0.284785,
          1.624161
        ],
        [
          0.0,
          0.0,
          0.0,
          1.0
        ]
      ]
    },
    {
      "file_path": "/media/NFS/ttao/scannet/posed_images/scene0426_01/00330.jpg",
      "transform_matrix": [
        [
          0.091343,
          -0.369503,
          0.924729,
          2.73454
        ],
        [
          -0.995805,
          -0.028805,
          0.086854,
          2.415037
        ],
        [
          -0.005456,
          -0.928783,
          -0.370584,
          1.529975
        ],
        [
          0.0,
          0.0,
          0.0,
          1.0
        ]
      ]
    },
    {
      "file_path": "/media/NFS/ttao/scannet/posed_images/scene0426_01/00334.jpg",
      "transform_matrix": [
        [
          0.050975,
          -0.482349,
          0.874495,
          2.763282
        ],
        [
          -0.977127,
          0.156927,
          0.143515,
          2.314607
        ],
        [
          -0.206456,
          -0.861809,
          -0.463316,
          1.572397
        ],
        [
          0.0,
          0.0,
          0.0,
          1.0
        ]
      ]
    },
    {
      "file_path": "/media/NFS/ttao/scannet/posed_images/scene0426_01/00344.jpg",
      "transform_matrix": [
        [
          -0.127868,
          -0.66079,
          0.739599,
          2.69032
        ],
        [
          -0.989682,
          0.133617,
          -0.051726,
          2.3543
        ],
        [
          -0.064643,
          -0.738582,
          -0.671058,
          1.166065
        ],
        [
          0.0,
          0.0,
          0.0,
          1.0
        ]
      ]
    },
    {
      "file_path": "/media/NFS/ttao/scannet/posed_images/scene0426_01/00349.jpg",
      "transform_matrix": [
        [
          -0.139193,
          -0.714155,
          0.686009,
          2.640202
        ],
        [
          -0.987601,
          0.150891,
          -0.043306,
          2.309862
        ],
        [
          -0.072586,
          -0.683531,
          -0.726303,
          1.09093
        ],
        [
          0.0,
          0.0,
          0.0,
          1.0
        ]
      ]
    },
    {
      "file_path": "/media/NFS/ttao/scannet/posed_images/scene0426_01/00354.jpg",
      "transform_matrix": [
        [
          -0.165365,
          -0.767919,
          0.618834,
          2.604898
        ],
        [
          -0.985298,
          0.155938,
          -0.069786,
          2.276264
        ],
        [
          -0.04291,
          -0.621276,
          -0.782416,
          1.074734
        ],
        [
          0.0,
          0.0,
          0.0,
          1.0
        ]
      ]
    },
    {
      "file_path": "/media/NFS/ttao/scannet/posed_images/scene0426_01/00361.jpg",
      "transform_matrix": [
        [
          -0.156862,
          -0.752837,
          0.639242,
          2.537251
        ],
        [
          -0.987168,
          0.139104,
          -0.078416,
          2.202024
        ],
        [
          -0.029887,
          -0.64334,
          -0.764997,
          1.071716
        ],
        [
          0.0,
          0.0,
          0.0,
          1.0
        ]
      ]
    },
    {
      "file_path": "/media/NFS/ttao/scannet/posed_images/scene0426_01/00364.jpg",
      "transform_matrix": [
        [
          -0.176352,
          -0.744681,
          0.6437,
          2.52161
        ],
        [
          -0.983996,
          0.150332,
          -0.095667,
          2.17405
        ],
        [
          -0.025527,
          -0.650269,
          -0.759275,
          1.082825
        ],
        [
          0.0,
          0.0,
          0.0,
          1.0
        ]
      ]
    },
    {
      "file_path": "/media/NFS/ttao/scannet/posed_images/scene0426_01/00368.jpg",
      "transform_matrix": [
        [
          -0.214137,
          -0.694083,
          0.687309,
          2.508571
        ],
        [
          -0.976635,
          0.165219,
          -0.137431,
          2.139718
        ],
        [
          -0.018168,
          -0.700679,
          -0.713245,
          1.119462
        ],
        [
          0.0,
          0.0,
          0.0,
          1.0
        ]
      ]
    },
    {
      "file_path": "/media/NFS/ttao/scannet/posed_images/scene0426_01/00374.jpg",
      "transform_matrix": [
        [
          -0.280985,
          -0.608233,
          0.742361,
          2.513538
        ],
        [
          -0.959317,
          0.200207,
          -0.199068,
          2.096195
        ],
        [
          -0.027546,
          -0.768095,
          -0.639744,
          1.204813
        ],
        [
          0.0,
          0.0,
          0.0,
          1.0
        ]
      ]
    },
    {
      "file_path": "/media/NFS/ttao/scannet/posed_images/scene0426_01/00383.jpg",
      "transform_matrix": [
        [
          -0.372272,
          -0.501048,
          0.781258,
          2.535195
        ],
        [
          -0.927866,
          0.181082,
          -0.325997,
          2.074765
        ],
        [
          0.021868,
          -0.846262,
          -0.532317,
          1.340405
        ],
        [
          0.0,
          0.0,
          0.0,
          1.0
        ]
      ]
    },
    {
      "file_path": "/media/NFS/ttao/scannet/posed_images/scene0426_01/00388.jpg",
      "transform_matrix": [
        [
          -0.420751,
          -0.43415,
          0.796544,
          2.535597
        ],
        [
          -0.906986,
          0.183323,
          -0.37917,
          2.080635
        ],
        [
          0.018592,
          -0.88199,
          -0.470901,
          1.397898
        ],
        [
          0.0,
          0.0,
          0.0,
          1.0
        ]
      ]
    },
    {
      "file_path": "/media/NFS/ttao/scannet/posed_images/scene0426_01/00390.jpg",
      "transform_matrix": [
        [
          -0.429338,
          -0.414843,
          0.802231,
          2.533057
        ],
        [
          -0.902908,
          0.176864,
          -0.39176,
          2.076741
        ],
        [
          0.020633,
          -0.892538,
          -0.450499,
          1.417125
        ],
        [
          0.0,
          0.0,
          0.0,
          1.0
        ]
      ]
    },
    {
      "file_path": "/media/NFS/ttao/scannet/posed_images/scene0426_01/00400.jpg",
      "transform_matrix": [
        [
          -0.468401,
          -0.267883,
          0.841925,
          2.51478
        ],
        [
          -0.883414,
          0.127581,
          -0.45089,
          2.080209
        ],
        [
          0.013372,
          -0.954967,
          -0.296411,
          1.514596
        ],
        [
          0.0,
          0.0,
          0.0,
          1.0
        ]
      ]
    },
    {
      "file_path": "/media/NFS/ttao/scannet/posed_images/scene0426_01/00402.jpg",
      "transform_matrix": [
        [
          -0.474489,
          -0.24183,
          0.846391,
          2.509674
        ],
        [
          -0.880184,
          0.11759,
          -0.459836,
          2.079656
        ],
        [
          0.011675,
          -0.963167,
          -0.26865,
          1.536521
        ],
        [
          0.0,
          0.0,
          0.0,
          1.0
        ]
      ]
    },
    {
      "file_path": "/media/NFS/ttao/scannet/posed_images/scene0426_01/00407.jpg",
      "transform_matrix": [
        [
          -0.480728,
          -0.178423,
          0.858525,
          2.489998
        ],
        [
          -0.876614,
          0.074179,
          -0.475441,
          2.077697
        ],
        [
          0.021146,
          -0.981154,
          -0.192068,
          1.573933
        ],
        [
          0.0,
          0.0,
          0.0,
          1.0
        ]
      ]
    },
    {
      "file_path": "/media/NFS/ttao/scannet/posed_images/scene0426_01/00415.jpg",
      "transform_matrix": [
        [
          -0.43632,
          -0.152613,
          0.886755,
          2.451194
        ],
        [
          -0.898946,
          0.03122,
          -0.436945,
          2.048767
        ],
        [
          0.038999,
          -0.987793,
          -0.150813,
          1.610549
        ],
        [
          0.0,
          0.0,
          0.0,
          1.0
        ]
      ]
    },
    {
      "file_path": "/media/NFS/ttao/scannet/posed_images/scene0426_01/00419.jpg",
      "transform_matrix": [
        [
          -0.421705,
          -0.148069,
          0.894561,
          2.437392
        ],
        [
          -0.906183,
          0.034485,
          -0.421476,
          2.032723
        ],
        [
          0.031558,
          -0.988376,
          -0.14872,
          1.611295
        ],
        [
          0.0,
          0.0,
          0.0,
          1.0
        ]
      ]
    },
    {
      "file_path": "/media/NFS/ttao/scannet/posed_images/scene0426_01/00427.jpg",
      "transform_matrix": [
        [
          -0.437963,
          -0.192085,
          0.878232,
          2.423315
        ],
        [
          -0.898368,
          0.05709,
          -0.435518,
          2.000747
        ],
        [
          0.033518,
          -0.979716,
          -0.197566,
          1.569838
        ],
        [
          0.0,
          0.0,
          0.0,
          1.0
        ]
      ]
    },
    {
      "file_path": "/media/NFS/ttao/scannet/posed_images/scene0426_01/00431.jpg",
      "transform_matrix": [
        [
          -0.447909,
          -0.224128,
          0.865531,
          2.420497
        ],
        [
          -0.893356,
          0.073265,
          -0.443336,
          1.970271
        ],
        [
          0.035951,
          -0.971802,
          -0.233043,
          1.550191
        ],
        [
          0.0,
          0.0,
          0.0,
          1.0
        ]
      ]
    },
    {
      "file_path": "/media/NFS/ttao/scannet/posed_images/scene0426_01/00439.jpg",
      "transform_matrix": [
        [
          -0.457248,
          -0.320856,
          0.829443,
          2.417491
        ],
        [
          -0.888896,
          0.13544,
          -0.437631,
          1.919337
        ],
        [
          0.028077,
          -0.937394,
          -0.347137,
          1.482204
