{
  "frames": [
    {
      "file_path": "/media/NFS/ttao/scannet/posed_images/scene0604_00/00001.jpg",
      "transform_matrix": [
        [
          -0.141083,
          0.263186,
          -0.954374,
          5.327139
        ],
        [
          0.989998,
          0.037006,
          -0.136144,
          4.248831
        ],
        [
          -0.000514,
          -0.964035,
          -0.265775,
          1.593995
        ],
        [
          0.0,
          0.0,
          0.0,
          1.0
        ]
      ]
    },
    {
      "file_path": "/media/NFS/ttao/scannet/posed_images/scene0604_00/00004.jpg",
      "transform_matrix": [
        [
          -0.130331,
          0.265924,
          -0.955143,
          5.320942
        ],
        [
          0.991466,
          0.038023,
          -0.124701,
          4.239219
        ],
        [
          0.003156,
          -0.963244,
          -0.26861,
          1.590508
        ],
        [
          0.0,
          0.0,
          0.0,
          1.0
        ]
      ]
    },
    {
      "file_path": "/media/NFS/ttao/scannet/posed_images/scene0604_00/00008.jpg",
      "transform_matrix": [
        [
          -0.115357,
          0.268161,
          -0.956443,
          5.308176
        ],
        [
          0.993324,
          0.03216,
          -0.110788,
          4.255332
        ],
        [
          0.00105,
          -0.962837,
          -0.270081,
          1.588399
        ],
        [
          0.0,
          0.0,
          0.0,
          1.0
        ]
      ]
    },
    {
      "file_path": "/media/NFS/ttao/scannet/posed_images/scene0604_00/00012.jpg",
      "transform_matrix": [
        [
          -0.100284,
          0.270733,
          -0.957417,
          5.289987
        ],
        [
          0.994953,
          0.030581,
          -0.095568,
          4.292362
        ],
        [
          0.003405,
          -0.962169,
          -0.272434,
          1.592719
        ],
        [
          0.0,
          0.0,
          0.0,
          1.0
        ]
      ]
    },
    {
      "file_path": "/media/NFS/ttao/scannet/posed_images/scene0604_00/00019.jpg",
      "transform_matrix": [
        [
          -0.042382,
          0.26229,
          -0.964058,
          5.268695
        ],
        [
          0.999088,
          0.016175,
          -0.039521,
          4.307415
        ],
        [
          0.005228,
          -0.964854,
          -0.262736,
          1.597363
        ],
        [
          0.0,
          0.0,
          0.0,
          1.0
        ]
      ]
    },
    {
      "file_path": "/media/NFS/ttao/scannet/posed_images/scene0604_00/00022.jpg",
      "transform_matrix": [
        [
          -0.007318,
          0.257664,
          -0.966207,
          5.263297
        ],
        [
          0.99996,
          0.00693,
          -0.005725,
          4.314826
        ],
        [
          0.005221,
          -0.96621,
          -0.257704,
          1.585809
        ],
        [
          0.0,
          0.0,
          0.0,
          1.0
        ]
      ]
    },
    {
      "file_path": "/media/NFS/ttao/scannet/posed_images/scene0604_00/00030.jpg",
      "transform_matrix": [
        [
          0.081196,
          0.259222,
          -0.962399,
          5.224831
        ],
        [
          0.996688,
          -0.016735,
          0.079581,
          4.340049
        ],
        [
          0.004523,
          -0.965673,
          -0.259722,
          1.571107
        ],
        [
          0.0,
          0.0,
          0.0,
          1.0
        ]
      ]
    },
    {
      "file_path": "/media/NFS/ttao/scannet/posed_images/scene0604_00/00032.jpg",
      "transform_matrix": [
        [
          0.092772,
          0.261544,
          -0.960723,
          5.219796
        ],
        [
          0.995687,
          -0.023407,
          0.089777,
          4.372825
        ],
        [
          0.000993,
          -0.964908,
          -0.262587,
          1.582404
        ],
        [
          0.0,
          0.0,
          0.0,
          1.0
        ]
      ]
    },
    {
      "file_path": "/media/NFS/ttao/scannet/posed_images/scene0604_00/00037.jpg",
      "transform_matrix": [
        [
          0.114949,
          0.241046,
          -0.963682,
          5.213435
        ],
        [
          0.993369,
          -0.030046,
          0.110975,
          4.383358
        ],
        [
          -0.002205,
          -0.970049,
          -0.242901,
          1.607568
        ],
        [
          0.0,
          0.0,
          0.0,
          1.0
        ]
      ]
    },
    {
      "file_path": "/media/NFS/ttao/scannet/posed_images/scene0604_00/00044.jpg",
      "transform_matrix": [
        [
          0.08288,
          0.175039,
          -0.981067,
          5.220934
        ],
        [
          0.996319,
          -0.03618,
          0.077713,
          4.349306
        ],
        [
          -0.021892,
          -0.983897,
          -0.177393,
          1.643331
        ],
        [
          0.0,
          0.0,
          0.0,
          1.0
        ]
      ]
    },
    {
      "file_path": "/media/NFS/ttao/scannet/posed_images/scene0604_00/00049.jpg",
      "transform_matrix": [
        [
          0.012958,
          0.139227,
          -0.990176,
          5.249034
        ],
        [
          0.999529,
          -0.029369,
          0.008951,
          4.31697
        ],
        [
          -0.027834,
          -0.989825,
          -0.139542,
          1.656999
        ],
        [
          0.0,
          0.0,
          0.0,
          1.0
        ]
      ]
    },
    {
      "file_path": "/media/NFS/ttao/scannet/posed_images/scene0604_00/00051.jpg",
      "transform_matrix": [
        [
          -0.030022,
          0.124393,
          -0.991779,
          5.275625
        ],
        [
          0.999222,
          -0.021673,
          -0.032965,
          4.30809
        ],
        [
          -0.025596,
          -0.991996,
          -0.123645,
          1.633458
        ],
        [
          0.0,
          0.0,
          0.0,
          1.0
        ]
      ]
    },
    {
      "file_path": "/media/NFS/ttao/scannet/posed_images/scene0604_00/00055.jpg",
      "transform_matrix": [
        [
          -0.102449,
          0.106588,
          -0.989011,
          5.307693
        ],
        [
          0.994178,
          -0.022392,
          -0.105398,
          4.277793
        ],
        [
          -0.033381,
          -0.994051,
          -0.103673,
          1.611235
        ],
        [
          0.0,
          0.0,
          0.0,
          1.0
        ]
      ]
    },
    {
      "file_path": "/media/NFS/ttao/scannet/posed_images/scene0604_00/00060.jpg",
      "transform_matrix": [
        [
          -0.203308,
          0.119678,
          -0.971773,
          5.336049
        ],
        [
          0.978375,
          -0.013745,
          -0.206382,
          4.2663
        ],
        [
          -0.038056,
          -0.992718,
          -0.114296,
          1.647039
        ],
        [
          0.0,
          0.0,
          0.0,
          1.0
        ]
      ]
    },
    {
      "file_path": "/media/NFS/ttao/scannet/posed_images/scene0604_00/00067.jpg",
      "transform_matrix": [
        [
          -0.294176,
          0.115418,
          -0.948757,
          5.356729
        ],
        [
          0.954971,
          -0.004624,
          -0.296665,
          4.242268
        ],
        [
          -0.038627,
          -0.993306,
          -0.108861,
          1.643129
        ],
        [
          0.0,
          0.0,
          0.0,
          1.0
        ]
      ]
    },
    {
      "file_path": "/media/NFS/ttao/scannet/posed_images/scene0604_00/00068.jpg",
      "transform_matrix": [
        [
          -0.308101,
          0.115895,
          -0.944268,
          5.358034
        ],
        [
          0.950579,
          -0.002548,
          -0.310473,
          4.24633
        ],
        [
          -0.038388,
          -0.993258,
          -0.109382,
          1.644602
        ],
        [
          0.0,
          0.0,
          0.0,
          1.0
        ]
      ]
    },
    {
      "file_path": "/media/NFS/ttao/scannet/posed_images/scene0604_00/00075.jpg",
      "transform_matrix": [
        [
          -0.429036,
          0.091711,
          -0.89862,
          5.382296
        ],
        [
          0.903287,
          0.042744,
          -0.426902,
          4.252725
        ],
        [
          -0.000741,
          -0.994868,
          -0.10118,
          1.636418
        ],
        [
          0.0,
          0.0,
          0.0,
          1.0
        ]
      ]
    },
    {
      "file_path": "/media/NFS/ttao/scannet/posed_images/scene0604_00/00080.jpg",
      "transform_matrix": [
        [
          -0.550152,
          0.087804,
          -0.830436,
          5.329947
        ],
        [
          0.83456,
          0.092385,
          -0.543116,
          4.32722
        ],
        [
          0.029032,
          -0.991845,
          -0.124104,
          1.660632
        ],
        [
          0.0,
          0.0,
          0.0,
          1.0
        ]
      ]
    },
    {
      "file_path": "/media/NFS/ttao/scannet/posed_images/scene0604_00/00086.jpg",
      "transform_matrix": [
        [
          -0.616972,
          0.077966,
          -0.783114,
          5.342734
        ],
        [
          0.785018,
          0.131289,
          -0.605401,
          4.331411
        ],
        [
          0.055614,
          -0.988274,
          -0.142206,
          1.640442
        ],
        [
          0.0,
          0.0,
          0.0,
          1.0
        ]
      ]
    },
    {
      "file_path": "/media/NFS/ttao/scannet/posed_images/scene0604_00/00089.jpg",
      "transform_matrix": [
        [
          -0.643525,
          0.080081,
          -0.761225,
          5.32305
        ],
        [
          0.763862,
          0.130709,
          -0.632004,
          4.332876
        ],
        [
          0.048887,
          -0.988181,
          -0.145286,
          1.638061
        ],
        [
          0.0,
          0.0,
          0.0,
          1.0
        ]
      ]
    },
    {
      "file_path": "/media/NFS/ttao/scannet/posed_images/scene0604_00/00091.jpg",
      "transform_matrix": [
        [
          -0.660473,
          0.080007,
          -0.746575,
          5.304729
        ],
        [
          0.749743,
          0.124229,
          -0.649963,
          4.34443
        ],
        [
          0.040745,
          -0.989023,
          -0.142035,
          1.633543
        ],
        [
          0.0,
          0.0,
          0.0,
          1.0
        ]
      ]
    },
    {
      "file_path": "/media/NFS/ttao/scannet/posed_images/scene0604_00/00100.jpg",
      "transform_matrix": [
        [
          -0.737145,
          0.113135,
          -0.666196,
          5.153888
        ],
        [
          0.675508,
          0.148881,
          -0.722166,
          4.334926
        ],
        [
          0.017482,
          -0.982362,
          -0.18617,
          1.636817
        ],
        [
          0.0,
          0.0,
          0.0,
          1.0
        ]
      ]
    },
    {
      "file_path": "/media/NFS/ttao/scannet/posed_images/scene0604_00/00101.jpg",
      "transform_matrix": [
        [
          -0.743065,
          0.105809,
          -0.660802,
          5.137937
        ],
        [
          0.668831,
          0.15106,
          -0.727905,
          4.327693
        ],
        [
          0.022802,
          -0.982846,
          -0.183016,
          1.632254
        ],
        [
          0.0,
          0.0,
          0.0,
          1.0
        ]
      ]
    },
    {
      "file_path": "/media/NFS/ttao/scannet/posed_images/scene0604_00/00108.jpg",
      "transform_matrix": [
        [
          -0.787262,
          0.097596,
          -0.608846,
          5.030164
        ],
        [
          0.613313,
          0.226048,
          -0.756802,
          4.279272
        ],
        [
          0.063767,
          -0.969215,
          -0.237816,
          1.615687
        ],
        [
          0.0,
          0.0,
          0.0,
          1.0
        ]
      ]
    },
    {
      "file_path": "/media/NFS/ttao/scannet/posed_images/scene0604_00/00112.jpg",
      "transform_matrix": [
        [
          -0.815218,
          0.10594,
          -0.569382,
          4.968326
        ],
        [
          0.575726,
          0.255041,
          -0.776848,
          4.275233
        ],
        [
          0.062916,
          -0.961109,
          -0.268906,
          1.610997
        ],
        [
          0.0,
          0.0,
          0.0,
          1.0
        ]
      ]
    },
    {
      "file_path": "/media/NFS/ttao/scannet/posed_images/scene0604_00/00118.jpg",
      "transform_matrix": [
        [
          -0.851771,
          0.120932,
          -0.509765,
          4.88646
        ],
        [
          0.522136,
          0.276028,
          -0.806959,
          4.274688
        ],
        [
          0.043122,
          -0.953512,
          -0.298256,
          1.608492
        ],
        [
          0.0,
          0.0,
          0.0,
          1.0
        ]
      ]
    },
    {
      "file_path": "/media/NFS/ttao/scannet/posed_images/scene0604_00/00119.jpg",
      "transform_matrix": [
        [
          -0.857867,
          0.122311,
          -0.499103,
          4.876224
        ],
        [
          0.512413,
          0.276722,
          -0.812932,
          4.276481
        ],
        [
          0.038682,
          -0.953134,
          -0.300065,
          1.604993
        ],
        [
          0.0,
          0.0,
          0.0,
          1.0
        ]
      ]
    },
    {
      "file_path": "/media/NFS/ttao/scannet/posed_images/scene0604_00/00125.jpg",
      "transform_matrix": [
        [
          -0.906384,
          0.113308,
          -0.406977,
          4.764206
        ],
        [
          0.421281,
          0.314203,
          -0.850764,
          4.314059
        ],
        [
          0.031475,
          -0.94257,
          -0.332523,
          1.588111
        ],
        [
          0.0,
          0.0,
          0.0,
          1.0
        ]
      ]
    },
    {
      "file_path": "/media/NFS/ttao/scannet/posed_images/scene0604_00/00132.jpg",
      "transform_matrix": [
        [
          -0.952927,
          0.042661,
          -0.300186,
          4.665642
        ],
        [
          0.294707,
          0.363032,
          -0.883943,
          4.35247
        ],
        [
          0.071268,
          -0.9308,
          -0.358515,
          1.575603
        ],
        [
          0.0,
          0.0,
          0.0,
          1.0
        ]
      ]
    },
    {
      "file_path": "/media/NFS/ttao/scannet/posed_images/scene0604_00/00133.jpg",
      "transform_matrix": [
        [
          -0.958707,
          0.031319,
          -0.282666,
          4.652882
        ],
        [
          0.275136,
          0.353688,
          -0.893982,
          4.361416
        ],
        [
          0.071977,
          -0.934839,
          -0.3477,
          1.565905
        ],
        [
          0.0,
          0.0,
          0.0,
          1.0
        ]
      ]
    },
    {
      "file_path": "/media/NFS/ttao/scannet/posed_images/scene0604_00/00137.jpg",
      "transform_matrix": [
        [
          -0.979257,
          0.020285,
          -0.201604,
          4.602064
        ],
        [
          0.19478,
          0.368379,
          -0.909042,
          4.373555
        ],
        [
          0.055827,
          -0.929455,
          -0.364689,
          1.572243
        ],
        [
          0.0,
          0.0,
          0.0,
          1.0
        ]
      ]
    },
    {
      "file_path": "/media/NFS/ttao/scannet/posed_images/scene0604_00/00143.jpg",
      "transform_matrix": [
        [
          -0.993688,
          -0.002223,
          -0.11216,
          4.542422
        ],
        [
          0.102939,
          0.379348,
          -0.91951,
          4.363427
        ],
        [
          0.044591,
          -0.925252,
          -0.376725,
          1.550474
        ],
        [
          0.0,
          0.0,
          0.0,
          1.0
        ]
      ]
    },
    {
      "file_path": "/media/NFS/ttao/scannet/posed_images/scene0604_00/00147.jpg",
      "transform_matrix": [
        [
          -0.99808,
          -0.005705,
          -0.061678,
          4.481962
        ],
        [
          0.054404,
          0.3953,
          -0.916939,
          4.333464
        ],
        [
          0.029613,
          -0.918534,
          -0.394231,
          1.541065
        ],
        [
          0.0,
          0.0,
          0.0,
          1.0
        ]
      ]
    },
    {
      "file_path": "/media/NFS/ttao/scannet/posed_images/scene0604_00/00154.jpg",
      "transform_matrix": [
        [
          -0.997983,
          -0.062675,
          0.010049,
          4.393497
        ],
        [
          -0.035568,
          0.421034,
          -0.906347,
          4.261615
        ],
        [
          0.052574,
          -0.904877,
          -0.422414,
          1.502528
        ],
        [
          0.0,
          0.0,
          0.0,
          1.0
        ]
      ]
    },
    {
      "file_path": "/media/NFS/ttao/scannet/posed_images/scene0604_00/00159.jpg",
      "transform_matrix": [
        [
          -0.993058,
          -0.112516,
          0.034295,
          4.342936
        ],
        [
          -0.080637,
          0.438939,
          -0.894891,
          4.206459
        ],
        [
          0.085636,
          -0.891444,
          -0.444965,
          1.495391
        ],
        [
          0.0,
          0.0,
          0.0,
          1.0
        ]
      ]
    },
    {
      "file_path": "/media/NFS/ttao/scannet/posed_images/scene0604_00/00162.jpg",
      "transform_matrix": [
        [
          -0.991613,
          -0.117385,
          0.054078,
          4.3185
        ],
        [
          -0.101458,
          0.447821,
          -0.888349,
          4.173235
        ],
        [
          0.080061,
          -0.886385,
          -0.455974,
          1.51649
        ],
        [
          0.0,
          0.0,
          0.0,
          1.0
        ]
      ]
    },
    {
      "file_path": "/media/NFS/ttao/scannet/posed_images/scene0604_00/00169.jpg",
      "transform_matrix": [
        [
          -0.986761,
          -0.114251,
          0.115103,
          4.249815
        ],
        [
          -0.153042,
          0.421121,
          -0.894,
          4.135495
        ],
        [
          0.053668,
          -0.89978,
          -0.433031,
          1.527143
        ],
        [
          0.0,
          0.0,
          0.0,
          1.0
        ]
      ]
    },
    {
      "file_path": "/media/NFS/ttao/scannet/posed_images/scene0604_00/00172.jpg",
      "transform_matrix": [
        [
          -0.979343,
          -0.12323,
          0.160317,
          4.212712
        ],
        [
          -0.19737,
          0.410223,
          -0.890372,
          4.128599
        ],
        [
          0.043955,
          -0.903621,
          -0.426071,
          1.533055
        ],
        [
          0.0,
          0.0,
          0.0,
          1.0
        ]
      ]
    },
    {
      "file_path": "/media/NFS/ttao/scannet/posed_images/scene0604_00/00176.jpg",
      "transform_matrix": [
        [
          -0.961663,
          -0.150062,
          0.229533,
          4.159082
        ],
        [
          -0.270879,
          0.38927,
          -0.880394,
          4.129815
        ],
        [
          0.042763,
          -0.908818,
          -0.414995,
          1.525897
        ],
        [
          0.0,
          0.0,
          0.0,
          1.0
        ]
      ]
    },
    {
      "file_path": "/media/NFS/ttao/scannet/posed_images/scene0604_00/00183.jpg",
      "transform_matrix": [
        [
          -0.913409,
          -0.206416,
          0.350822,
          4.0886
        ],
        [
          -0.405161,
          0.378279,
          -0.832316,
          4.139768
        ],
        [
          0.039095,
          -0.902384,
          -0.429155,
          1.545847
        ],
        [
          0.0,
          0.0,
          0.0,
          1.0
        ]
      ]
    },
    {
      "file_path": "/media/NFS/ttao/scannet/posed_images/scene0604_00/00187.jpg",
      "transform_matrix": [
        [
          -0.883682,
          -0.219615,
          0.41337,
          4.057371
        ],
        [
          -0.467483,
          0.369211,
          -0.803208,
          4.1392
        ],
        [
          0.023776,
          -0.903024,
          -0.428931,
          1.554942
        ],
        [
          0.0,
          0.0,
          0.0,
          1.0
        ]
      ]
    },
    {
      "file_path": "/media/NFS/ttao/scannet/posed_images/scene0604_00/00191.jpg",
      "transform_matrix": [
        [
          -0.849598,
          -0.225242,
          0.476916,
          4.033015
        ],
        [
          -0.527386,
          0.350968,
          -0.773748,
          4.14003
        ],
        [
          0.006898,
          -0.908894,
          -0.416971,
          1.551671
        ],
        [
          0.0,
          0.0,
          0.0,
          1.0
        ]
      ]
    },
    {
      "file_path": "/media/NFS/ttao/scannet/posed_images/scene0604_00/00197.jpg",
      "transform_matrix": [
        [
          -0.794606,
          -0.25045,
          0.553061,
          4.029403
        ],
        [
          -0.607109,
          0.334571,
          -0.720751,
          4.117427
        ],
        [
          -0.004526,
          -0.908481,
          -0.417902,
          1.556196
        ],
        [
          0.0,
          0.0,
          0.0,
          1.0
        ]
      ]
    },
    {
      "file_path": "/media/NFS/ttao/scannet/posed_images/scene0604_00/00198.jpg",
      "transform_matrix": [
        [
          -0.787375,
          -0.254501,
          0.561489,
          4.027397
        ],
        [
          -0.616462,
          0.330936,
          -0.714463,
          4.11062
        ],
        [
          -0.003985,
          -0.908686,
          -0.417461,
          1.557611
        ],
        [
          0.0,
          0.0,
          0.0,
          1.0
        ]
      ]
    },
    {
      "file_path": "/media/NFS/ttao/scannet/posed_images/scene0604_00/00202.jpg",
      "transform_matrix": [
        [
          -0.753908,
          -0.276271,
          0.596068,
          4.018456
        ],
        [
          -0.65698,
          0.316883,
          -0.684078,
          4.076765
        ],
        [
          0.000107,
          -0.907337,
          -0.420405,
          1.542359
        ],
        [
          0.0,
          0.0,
          0.0,
          1.0
        ]
      ]
    },
    {
      "file_path": "/media/NFS/ttao/scannet/posed_images/scene0604_00/00209.jpg",
      "transform_matrix": [
        [
          -0.697742,
          -0.312649,
          0.64452,
          4.06066
        ],
        [
          -0.715663,
          0.264876,
          -0.646272,
          4.016096
        ],
        [
          0.031338,
          -0.91219,
          -0.408567,
          1.54394
        ],
        [
          0.0,
          0.0,
          0.0,
          1.0
        ]
      ]
    },
    {
      "file_path": "/media/NFS/ttao/scannet/posed_images/scene0604_00/00215.jpg",
      "transform_matrix": [
        [
          -0.658854,
          -0.316353,
          0.682519,
          4.081972
        ],
        [
          -0.75139,
          0.232832,
          -0.617417,
          3.956074
        ],
        [
          0.036409,
          -0.919625,
          -0.391106,
          1.559097
        ],
        [
          0.0,
          0.0,
          0.0,
          1.0
        ]
      ]
    },
    {
      "file_path": "/media/NFS/ttao/scannet/posed_images/scene0604_00/00216.jpg",
      "transform_matrix": [
        [
          -0.654883,
          -0.318875,
          0.685162,
          4.084617
        ],
        [
          -0.754886,
          0.233152,
          -0.613016,
          3.946741
        ],
        [
          0.035729,
          -0.918673,
          -0.393401,
          1.563608
        ],
        [
          0.0,
          0.0,
          0.0,
          1.0
        ]
      ]
    },
    {
      "file_path": "/media/NFS/ttao/scannet/posed_images/scene0604_00/00220.jpg",
      "transform_matrix": [
        [
          -0.6285,
          -0.311509,
          0.712707,
          4.087113
        ],
        [
          -0.77735,
          0.220032,
          -0.589333,
          3.917929
        ],
        [
          0.026764,
          -0.924418,
          -0.380441,
          1.558949
        ],
        [
          0.0,
          0.0,
          0.0,
          1.0
        ]
      ]
    },
    {
      "file_path": "/media/NFS/ttao/scannet/posed_images/scene0604_00/00226.jpg",
      "transform_matrix": [
        [
          -0.575343,
          -0.318293,
          0.753439,
          4.094696
        ],
        [
          -0.817802,
          0.208728,
          -0.536315,
          3.888006
        ],
        [
          0.013442,
          -0.924728,
          -0.38039,
          1.548426
        ],
        [
          0.0,
          0.0,
          0.0,
          1.0
        ]
      ]
    },
    {
      "file_path": "/media/NFS/ttao/scannet/posed_images/scene0604_00/00233.jpg",
      "transform_matrix": [
        [
          -0.460799,
          -0.33325,
          0.822562,
          4.072837
        ],
        [
          -0.887432,
          0.161147,
          -0.431852,
          3.869046
        ],
        [
          0.011362,
          -0.928965,
          -0.369993,
          1.525571
        ],
        [
          0.0,
          0.0,
          0.0,
          1.0
        ]
      ]
    },
    {
      "file_path": "/media/NFS/ttao/scannet/posed_images/scene0604_00/00234.jpg",
      "transform_matrix": [
        [
          -0.446632,
          -0.338057,
          0.828395,
          4.070622
        ],
        [
          -0.894623,
          0.155234,
          -0.41899,
          3.864904
        ],
        [
          0.013047,
          -0.928235,
          -0.371766,
          1.526818
        ],
        [
          0.0,
          0.0,
          0.0,
          1.0
        ]
      ]
    },
    {
      "file_path": "/media/NFS/ttao/scannet/posed_images/scene0604_00/00240.jpg",
      "transform_matrix": [
        [
          -0.347426,
          -0.34469,
          0.872057,
          4.054463
        ],
        [
          -0.937665,
          0.118947,
          -0.32655,
          3.822742
        ],
        [
          0.008829,
          -0.93115,
          -0.364529,
          1.555942
        ],
        [
          0.0,
          0.0,
          0.0,
          1.0
        ]
      ]
    },
    {
      "file_path": "/media/NFS/ttao/scannet/posed_images/scene0604_00/00247.jpg",
      "transform_matrix": [
        [
          -0.250583,
          -0.317324,
          0.914611,
          4.061299
        ],
        [
          -0.967973,
          0.097147,
          -0.231498,
          3.808362
        ],
        [
          -0.015392,
          -0.943328,
          -0.331505,
          1.555747
        ],
        [
          0.0,
          0.0,
          0.0,
          1.0
        ]
      ]
    },
    {
      "file_path": "/media/NFS/ttao/scannet/posed_images/scene0604_00/00252.jpg",
      "transform_matrix": [
        [
          -0.19214,
          -0.310969,
          0.930796,
          4.085357
        ],
        [
          -0.981268,
          0.074407,
          -0.1777,
          3.770323
        ],
        [
          -0.013998,
          -0.947503,
          -0.31944,
          1.549387
        ],
        [
          0.0,
          0.0,
          0.0,
          1.0
        ]
      ]
    },
    {
      "file_path": "/media/NFS/ttao/scannet/posed_images/scene0604_00/00254.jpg",
      "transform_matrix": [
        [
          -0.179713,
          -0.310115,
          0.933559,
          4.105369
        ],
        [
          -0.983656,
          0.067418,
          -0.166961,
          3.752925
        ],
        [
          -0.011161,
          -0.948306,
          -0.317162,
          1.535855
        ],
        [
          0.0,
          0.0,
          0.0,
          1.0
        ]
      ]
    },
    {
      "file_path": "/media/NFS/ttao/scannet/posed_images/scene0604_00/00261.jpg",
      "transform_matrix": [
        [
          -0.130573,
          -0.282785,
          0.950255,
          4.202565
        ],
        [
          -0.991354,
          0.024686,
          -0.128874,
          3.726217
        ],
        [
          0.012986,
          -0.958866,
          -0.283563,
          1.5418
        ],
        [
          0.0,
          0.0,
          0.0,
          1.0
        ]
      ]
    },
    {
      "file_path": "/media/NFS/ttao/scannet/posed_images/scene0604_00/00262.jpg",
      "transform_matrix": [
        [
          -0.122355,
          -0.285437,
          0.950556,
          4.215121
        ],
        [
          -0.992223,
          0.013095,
          -0.123786,
          3.721494
        ],
        [
          0.022886,
          -0.958308,
          -0.284819,
          1.535188
        ],
        [
          0.0,
          0.0,
          0.0,
          1.0
        ]
      ]
    },
    {
      "file_path": "/media/NFS/ttao/scannet/posed_images/scene0604_00/00269.jpg",
      "transform_matrix": [
        [
          -0.062954,
          -0.268105,
          0.961331,
          4.299239
        ],
        [
          -0.997923,
          0.003726,
          -0.064311,
          3.68105
        ],
        [
          0.01366,
          -0.963383,
          -0.267782,
          1.558854
        ],
        [
          0.0,
          0.0,
          0.0,
          1.0
        ]
      ]
    },
    {
      "file_path": "/media/NFS/ttao/scannet/posed_images/scene0604_00/00272.jpg",
      "transform_matrix": [
        [
          -0.010621,
          -0.277476,
          0.960674,
          4.316608
        ],
        [
          -0.999855,
          -0.009886,
          -0.013909,
          3.613466
        ],
        [
          0.013357,
          -0.960682,
          -0.27733,
          1.564631
        ],
        [
          0.0,
          0.0,
          0.0,
          1.0
        ]
      ]
    },
    {
      "file_path": "/media/NFS/ttao/scannet/posed_images/scene0604_00/00276.jpg",
      "transform_matrix": [
        [
          0.055738,
          -0.277629,
          0.95907,
          4.334748
        ],
        [
          -0.998419,
          -0.022523,
          0.051505,
          3.587965
        ],
        [
          0.007302,
          -0.960424,
          -0.278446,
          1.57133
        ],
        [
          0.0,
          0.0,
          0.0,
          1.0
        ]
      ]
    },
    {
      "file_path": "/media/NFS/ttao/scannet/posed_images/scene0604_00/00281.jpg",
      "transform_matrix": [
        [
          0.133837,
          -0.282619,
          0.94985,
          4.333066
        ],
        [
          -0.991003,
          -0.039018,
          0.128027,
          3.524882
        ],
        [
          0.000879,
          -0.958439,
          -0.285298,
          1.560018
        ],
        [
          0.0,
          0.0,
          0.0,
          1.0
        ]
      ]
    },
    {
      "file_path": "/media/NFS/ttao/scannet/posed_images/scene0604_00/00287.jpg",
      "transform_matrix": [
        [
          0.247541,
          -0.30814,
          0.918571,
          4.32663
        ],
        [
          -0.968493,
          -0.1054,
          0.225637,
          3.465104
        ],
        [
          0.02729,
          -0.945484,
          -0.324522,
          1.562454
        ],
        [
          0.0,
          0.0,
          0.0,
          1.0
        ]
      ]
    },
    {
      "file_path": "/media/NFS/ttao/scannet/posed_images/scene0604_00/00292.jpg",
      "transform_matrix": [
        [
          0.328738,
          -0.291023,
          0.898464,
          4.309176
        ],
        [
          -0.94382,
          -0.135203,
          0.301539,
          3.423992
        ],
        [
          0.03372,
          -0.947115,
          -0.319119,
          1.545466
        ],
        [
          0.0,
          0.0,
          0.0,
          1.0
        ]
      ]
    },
    {
      "file_path": "/media/NFS/ttao/scannet/posed_images/scene0604_00/00295.jpg",
      "transform_matrix": [
        [
          0.371606,
          -0.28705,
          0.8829,
          4.303411
        ],
        [
          -0.928156,
          -0.136277,
          0.346347,
          3.416439
        ],
        [
          0.0209,
          -0.948173,
          -0.317068,
          1.547886
        ],
        [
          0.0,
          0.0,
          0.0,
          1.0
        ]
      ]
    },
    {
      "file_path": "/media/NFS/ttao/scannet/posed_images/scene0604_00/00302.jpg",
      "transform_matrix": [
        [
          0.4873,
          -0.27482,
          0.828863,
          4.269114
        ],
        [
          -0.873226,
          -0.157785,
          0.461066,
          3.441792
        ],
        [
          0.004072,
          -0.948461,
          -0.316869,
          1.555216
        ],
        [
          0.0,
          0.0,
          0.0,
          1.0
        ]
      ]
    },
    {
      "file_path": "/media/NFS/ttao/scannet/posed_images/scene0604_00/00308.jpg",
      "transform_matrix": [
        [
          0.549805,
          -0.253647,
          0.79585,
          4.281685
        ],
        [
          -0.835165,
          -0.183598,
          0.51845,
          3.464727
        ],
        [
          0.014614,
          -0.949713,
          -0.31278,
          1.543896
        ],
        [
          0.0,
          0.0,
          0.0,
          1.0
        ]
      ]
    },
    {
      "file_path": "/media/NFS/ttao/scannet/posed_images/scene0604_00/00310.jpg",
      "transform_matrix": [
        [
          0.569311,
          -0.242058,
          0.785681,
          4.292919
        ],
        [
          -0.821828,
          -0.193178,
          0.535987,
          3.464568
        ],
        [
          0.022036,
          -0.950837,
          -0.308908,
          1.532412
        ],
        [
          0.0,
          0.0,
          0.0,
          1.0
        ]
      ]
    },
    {
      "file_path": "/media/NFS/ttao/scannet/posed_images/scene0604_00/00313.jpg",
      "transform_matrix": [
        [
          0.585741,
          -0.252545,
          0.770149,
          4.303129
        ],
        [
          -0.809886,
          -0.219311,
          0.544047,
          3.501728
        ],
        [
          0.031506,
          -0.942403,
          -0.332992,
          1.54617
        ],
        [
          0.0,
          0.0,
          0.0,
          1.0
        ]
      ]
    },
    {
      "file_path": "/media/NFS/ttao/scannet/posed_images/scene0604_00/00317.jpg",
      "transform_matrix": [
        [
          0.627264,
          -0.220303,
          0.746999,
          4.322616
        ],
        [
          -0.7782,
          -0.215173,
          0.590005,
          3.52596
        ],
        [
          0.030754,
          -0.951403,
          -0.30641,
          1.549704
        ],
        [
          0.0,
          0.0,
          0.0,
          1.0
        ]
      ]
    },
    {
      "file_path": "/media/NFS/ttao/scannet/posed_images/scene0604_00/00326.jpg",
      "transform_matrix": [
        [
          0.722719,
          -0.170369,
          0.669815,
          4.35716
        ],
        [
          -0.690398,
          -0.222911,
          0.68823,
          3.577649
        ],
        [
          0.032056,
          -0.959836,
          -0.278725,
          1.561749
        ],
        [
          0.0,
          0.0,
          0.0,
          1.0
        ]
      ]
    },
    {
      "file_path": "/media/NFS/ttao/scannet/posed_images/scene0604_00/00330.jpg",
      "transform_matrix": [
        [
          0.768523,
          -0.158052,
          0.619994,
          4.400573
        ],
        [
          -0.639302,
          -0.228786,
          0.734132,
          3.562309
        ],
        [
          0.025815,
          -0.960561,
          -0.27687,
          1.548614
        ],
        [
          0.0,
          0.0,
          0.0,
          1.0
        ]
      ]
    },
    {
      "file_path": "/media/NFS/ttao/scannet/posed_images/scene0604_00/00334.jpg",
      "transform_matrix": [
        [
          0.802616,
          -0.162474,
          0.573942,
          4.407374
        ],
        [
          -0.596232,
          -0.247121,
          0.763832,
          3.574894
        ],
        [
          0.01773,
          -0.955266,
          -0.295215,
          1.554581
        ],
        [
          0.0,
          0.0,
          0.0,
          1.0
        ]
      ]
    },
    {
      "file_path": "/media/NFS/ttao/scannet/posed_images/scene0604_00/00337.jpg",
      "transform_matrix": [
        [
          0.827521,
          -0.160083,
          0.538129,
          4.411123
        ],
        [
          -0.561312,
          -0.255942,
          0.787034,
          3.583655
        ],
        [
          0.011739,
          -0.953345,
          -0.301654,
          1.54453
        ],
        [
          0.0,
          0.0,
          0.0,
          1.0
        ]
      ]
    },
    {
      "file_path": "/media/NFS/ttao/scannet/posed_images/scene0604_00/00344.jpg",
      "transform_matrix": [
        [
          0.893014,
          -0.127054,
          0.431721,
          4.444072
        ],
        [
          -0.448651,
          -0.326353,
          0.831989,
          3.559871
        ],
        [
          0.035186,
          -0.93667,
          -0.348441,
          1.510512
        ],
        [
          0.0,
          0.0,
          0.0,
          1.0
        ]
      ]
    },
    {
      "file_path": "/media/NFS/ttao/scannet/posed_images/scene0604_00/00349.jpg",
      "transform_matrix": [
        [
          0.928146,
          -0.073006,
          0.364986,
          4.46003
        ],
        [
          -0.365491,
          -0.36431,
          0.85656,
          3.549945
        ],
        [
          0.070434,
          -0.928412,
          -0.364816,
          1.511933
        ],
        [
          0.0,
          0.0,
          0.0,
          1.0
        ]
      ]
    },
    {
      "file_path": "/media/NFS/ttao/scannet/posed_images/scene0604_00/00351.jpg",
      "transform_matrix": [
        [
          0.942109,
          -0.058406,
          0.33018,
          4.482443
        ],
        [
          -0.32677,
          -0.380703,
          0.865036,
          3.550999
        ],
        [
          0.075177,
          -0.922851,
          -0.377749,
          1.54138
        ],
        [
          0.0,
          0.0,
          0.0,
          1.0
        ]
      ]
    },
    {
      "file_path": "/media/NFS/ttao/scannet/posed_images/scene0604_00/00356.jpg",
      "transform_matrix": [
        [
          0.967576,
          -0.026105,
          0.251228,
          4.488945
        ],
        [
          -0.242543,
          -0.373636,
          0.895304,
          3.546876
        ],
        [
          0.070495,
          -0.927208,
          -0.367853,
