{
  "frames": [
    {
      "file_path": "/media/NFS/ttao/scannet/posed_images/scene0213_00/00002.jpg",
      "transform_matrix": [
        [
          0.918949,
          -0.279699,
          0.278033,
          3.194456
        ],
        [
          -0.394079,
          -0.623826,
          0.67494,
          3.763771
        ],
        [
          -0.015336,
          -0.729802,
          -0.683487,
          1.79648
        ],
        [
          0.0,
          0.0,
          0.0,
          1.0
        ]
      ]
    },
    {
      "file_path": "/media/NFS/ttao/scannet/posed_images/scene0213_00/00011.jpg",
      "transform_matrix": [
        [
          0.92705,
          -0.256071,
          0.273872,
          3.169095
        ],
        [
          -0.374887,
          -0.621113,
          0.688243,
          3.765021
        ],
        [
          -0.006134,
          -0.740707,
          -0.671801,
          1.789645
        ],
        [
          0.0,
          0.0,
          0.0,
          1.0
        ]
      ]
    },
    {
      "file_path": "/media/NFS/ttao/scannet/posed_images/scene0213_00/00013.jpg",
      "transform_matrix": [
        [
          0.930156,
          -0.248817,
          0.270002,
          3.168321
        ],
        [
          -0.367125,
          -0.619235,
          0.694095,
          3.766377
        ],
        [
          -0.005509,
          -0.744741,
          -0.667332,
          1.79588
        ],
        [
          0.0,
          0.0,
          0.0,
          1.0
        ]
      ]
    },
    {
      "file_path": "/media/NFS/ttao/scannet/posed_images/scene0213_00/00026.jpg",
      "transform_matrix": [
        [
          0.958531,
          -0.180808,
          0.220287,
          3.149918
        ],
        [
          -0.283843,
          -0.536488,
          0.794741,
          3.744466
        ],
        [
          -0.025514,
          -0.824311,
          -0.565562,
          1.859982
        ],
        [
          0.0,
          0.0,
          0.0,
          1.0
        ]
      ]
    },
    {
      "file_path": "/media/NFS/ttao/scannet/posed_images/scene0213_00/00033.jpg",
      "transform_matrix": [
        [
          0.975335,
          -0.159201,
          0.152894,
          3.130773
        ],
        [
          -0.211781,
          -0.479715,
          0.851483,
          3.711546
        ],
        [
          -0.062211,
          -0.862861,
          -0.501599,
          1.879384
        ],
        [
          0.0,
          0.0,
          0.0,
          1.0
        ]
      ]
    },
    {
      "file_path": "/media/NFS/ttao/scannet/posed_images/scene0213_00/00039.jpg",
      "transform_matrix": [
        [
          0.984232,
          -0.142414,
          0.104911,
          3.118665
        ],
        [
          -0.159346,
          -0.456371,
          0.875405,
          3.700527
        ],
        [
          -0.076792,
          -0.878319,
          -0.471868,
          1.900186
        ],
        [
          0.0,
          0.0,
          0.0,
          1.0
        ]
      ]
    },
    {
      "file_path": "/media/NFS/ttao/scannet/posed_images/scene0213_00/00044.jpg",
      "transform_matrix": [
        [
          0.987292,
          -0.137878,
          0.07902,
          3.109199
        ],
        [
          -0.133078,
          -0.445532,
          0.88532,
          3.694625
        ],
        [
          -0.08686,
          -0.884585,
          -0.458219,
          1.908626
        ],
        [
          0.0,
          0.0,
          0.0,
          1.0
        ]
      ]
    },
    {
      "file_path": "/media/NFS/ttao/scannet/posed_images/scene0213_00/00053.jpg",
      "transform_matrix": [
        [
          0.988645,
          -0.131938,
          0.071933,
          3.111447
        ],
        [
          -0.125785,
          -0.464657,
          0.876511,
          3.687551
        ],
        [
          -0.082221,
          -0.875606,
          -0.475976,
          1.899079
        ],
        [
          0.0,
          0.0,
          0.0,
          1.0
        ]
      ]
    },
    {
      "file_path": "/media/NFS/ttao/scannet/posed_images/scene0213_00/00059.jpg",
      "transform_matrix": [
        [
          0.990236,
          -0.120954,
          0.069299,
          3.106693
        ],
        [
          -0.115846,
          -0.437523,
          0.891714,
          3.690618
        ],
        [
          -0.077536,
          -0.891035,
          -0.447263,
          1.913776
        ],
        [
          0.0,
          0.0,
          0.0,
          1.0
        ]
      ]
    },
    {
      "file_path": "/media/NFS/ttao/scannet/posed_images/scene0213_00/00070.jpg",
      "transform_matrix": [
        [
          0.988532,
          -0.130796,
          0.075477,
          3.11749
        ],
        [
          -0.118888,
          -0.365895,
          0.923031,
          3.688944
        ],
        [
          -0.093112,
          -0.921419,
          -0.377249,
          1.935587
        ],
        [
          0.0,
          0.0,
          0.0,
          1.0
        ]
      ]
    },
    {
      "file_path": "/media/NFS/ttao/scannet/posed_images/scene0213_00/00072.jpg",
      "transform_matrix": [
        [
          0.988749,
          -0.128132,
          0.077189,
          3.119786
        ],
        [
          -0.119418,
          -0.365381,
          0.923166,
          3.685904
        ],
        [
          -0.090084,
          -0.921997,
          -0.376571,
          1.926369
        ],
        [
          0.0,
          0.0,
          0.0,
          1.0
        ]
      ]
    },
    {
      "file_path": "/media/NFS/ttao/scannet/posed_images/scene0213_00/00079.jpg",
      "transform_matrix": [
        [
          0.989094,
          -0.116477,
          0.090149,
          3.126133
        ],
        [
          -0.131703,
          -0.425409,
          0.895367,
          3.688967
        ],
        [
          -0.06594,
          -0.897474,
          -0.43611,
          1.890088
        ],
        [
          0.0,
          0.0,
          0.0,
          1.0
        ]
      ]
    },
    {
      "file_path": "/media/NFS/ttao/scannet/posed_images/scene0213_00/00088.jpg",
      "transform_matrix": [
        [
          0.988556,
          -0.135175,
          0.066966,
          3.12911
        ],
        [
          -0.130137,
          -0.539658,
          0.831765,
          3.689351
        ],
        [
          -0.076295,
          -0.830962,
          -0.551073,
          1.83598
        ],
        [
          0.0,
          0.0,
          0.0,
          1.0
        ]
      ]
    },
    {
      "file_path": "/media/NFS/ttao/scannet/posed_images/scene0213_00/00099.jpg",
      "transform_matrix": [
        [
          0.990197,
          -0.120724,
          0.070248,
          3.113658
        ],
        [
          -0.130186,
          -0.615484,
          0.777323,
          3.684794
        ],
        [
          -0.050605,
          -0.778849,
          -0.625167,
          1.782739
        ],
        [
          0.0,
          0.0,
          0.0,
          1.0
        ]
      ]
    },
    {
      "file_path": "/media/NFS/ttao/scannet/posed_images/scene0213_00/00101.jpg",
      "transform_matrix": [
        [
          0.989832,
          -0.121871,
          0.073355,
          3.114743
        ],
        [
          -0.134208,
          -0.629255,
          0.765524,
          3.697039
        ],
        [
          -0.047136,
          -0.767585,
          -0.639212,
          1.794657
        ],
        [
          0.0,
          0.0,
          0.0,
          1.0
        ]
      ]
    },
    {
      "file_path": "/media/NFS/ttao/scannet/posed_images/scene0213_00/00107.jpg",
      "transform_matrix": [
        [
          0.987117,
          -0.130132,
          0.093085,
          3.128008
        ],
        [
          -0.154947,
          -0.632487,
          0.758915,
          3.701204
        ],
        [
          -0.039884,
          -0.763562,
          -0.644502,
          1.790686
        ],
        [
          0.0,
          0.0,
          0.0,
          1.0
        ]
      ]
    },
    {
      "file_path": "/media/NFS/ttao/scannet/posed_images/scene0213_00/00121.jpg",
      "transform_matrix": [
        [
          0.953872,
          -0.184478,
          0.236845,
          3.205395
        ],
        [
          -0.300196,
          -0.594565,
          0.745906,
          3.722408
        ],
        [
          0.003217,
          -0.782599,
          -0.622518,
          1.792239
        ],
        [
          0.0,
          0.0,
          0.0,
          1.0
        ]
      ]
    },
    {
      "file_path": "/media/NFS/ttao/scannet/posed_images/scene0213_00/00123.jpg",
      "transform_matrix": [
        [
          0.945583,
          -0.2035,
          0.253891,
          3.220068
        ],
        [
          -0.325361,
          -0.582674,
          0.744736,
          3.720509
        ],
        [
          -0.003618,
          -0.786815,
          -0.617178,
          1.786787
        ],
        [
          0.0,
          0.0,
          0.0,
          1.0
        ]
      ]
    },
    {
      "file_path": "/media/NFS/ttao/scannet/posed_images/scene0213_00/00131.jpg",
      "transform_matrix": [
        [
          0.919715,
          -0.247622,
          0.304642,
          3.284652
        ],
        [
          -0.392578,
          -0.575033,
          0.717788,
          3.754674
        ],
        [
          -0.002561,
          -0.779757,
          -0.626077,
          1.763697
        ],
        [
          0.0,
          0.0,
          0.0,
          1.0
        ]
      ]
    },
    {
      "file_path": "/media/NFS/ttao/scannet/posed_images/scene0213_00/00142.jpg",
      "transform_matrix": [
        [
          0.870325,
          -0.279225,
          0.405669,
          3.398309
        ],
        [
          -0.49163,
          -0.540898,
          0.682444,
          3.85278
        ],
        [
          0.02887,
          -0.793387,
          -0.608032,
          1.770352
        ],
        [
          0.0,
          0.0,
          0.0,
          1.0
        ]
      ]
    },
    {
      "file_path": "/media/NFS/ttao/scannet/posed_images/scene0213_00/00149.jpg",
      "transform_matrix": [
        [
          0.8534,
          -0.305924,
          0.422041,
          3.460295
        ],
        [
          -0.520815,
          -0.533749,
          0.666231,
          3.881111
        ],
        [
          0.021448,
          -0.788367,
          -0.614831,
          1.755283
        ],
        [
          0.0,
          0.0,
          0.0,
          1.0
        ]
      ]
    },
    {
      "file_path": "/media/NFS/ttao/scannet/posed_images/scene0213_00/00151.jpg",
      "transform_matrix": [
        [
          0.853975,
          -0.3108,
          0.41729,
          3.472436
        ],
        [
          -0.519976,
          -0.538689,
          0.662901,
          3.89234
        ],
        [
          0.01876,
          -0.783082,
          -0.621636,
          1.758126
        ],
        [
          0.0,
          0.0,
          0.0,
          1.0
        ]
      ]
    },
    {
      "file_path": "/media/NFS/ttao/scannet/posed_images/scene0213_00/00162.jpg",
      "transform_matrix": [
        [
          0.859009,
          -0.268157,
          0.436114,
          3.573483
        ],
        [
          -0.509784,
          -0.526478,
          0.680398,
          3.879602
        ],
        [
          0.047151,
          -0.806792,
          -0.588951,
          1.768174
        ],
        [
          0.0,
          0.0,
          0.0,
          1.0
        ]
      ]
    },
    {
      "file_path": "/media/NFS/ttao/scannet/posed_images/scene0213_00/00171.jpg",
      "transform_matrix": [
        [
          0.833264,
          -0.27344,
          0.480522,
          3.661434
        ],
        [
          -0.550039,
          -0.497919,
          0.670473,
          3.840478
        ],
        [
          0.055927,
          -0.822986,
          -0.565301,
          1.791978
        ],
        [
          0.0,
          0.0,
          0.0,
          1.0
        ]
      ]
    },
    {
      "file_path": "/media/NFS/ttao/scannet/posed_images/scene0213_00/00180.jpg",
      "transform_matrix": [
        [
          0.798964,
          -0.262153,
          0.541232,
          3.711709
        ],
        [
          -0.597929,
          -0.442546,
          0.668306,
          3.795867
        ],
        [
          0.064322,
          -0.857571,
          -0.510328,
          1.79864
        ],
        [
          0.0,
          0.0,
          0.0,
          1.0
        ]
      ]
    },
    {
      "file_path": "/media/NFS/ttao/scannet/posed_images/scene0213_00/00186.jpg",
      "transform_matrix": [
        [
          0.783591,
          -0.262573,
          0.563064,
          3.73711
        ],
        [
          -0.617592,
          -0.427779,
          0.659989,
          3.787134
        ],
        [
          0.067572,
          -0.864905,
          -0.497367,
          1.806218
        ],
        [
          0.0,
          0.0,
          0.0,
          1.0
        ]
      ]
    },
    {
      "file_path": "/media/NFS/ttao/scannet/posed_images/scene0213_00/00193.jpg",
      "transform_matrix": [
        [
          0.764607,
          -0.250883,
          0.593661,
          3.762814
        ],
        [
          -0.641222,
          -0.388858,
          0.661531,
          3.804488
        ],
        [
          0.064883,
          -0.88648,
          -0.458196,
          1.835864
        ],
        [
          0.0,
          0.0,
          0.0,
          1.0
        ]
      ]
    },
    {
      "file_path": "/media/NFS/ttao/scannet/posed_images/scene0213_00/00197.jpg",
      "transform_matrix": [
        [
          0.762099,
          -0.237664,
          0.602263,
          3.773239
        ],
        [
          -0.642941,
          -0.387504,
          0.660657,
          3.801247
        ],
        [
          0.076365,
          -0.890706,
          -0.44812,
          1.838217
        ],
        [
          0.0,
          0.0,
          0.0,
          1.0
        ]
      ]
    },
    {
      "file_path": "/media/NFS/ttao/scannet/posed_images/scene0213_00/00208.jpg",
      "transform_matrix": [
        [
          0.739099,
          -0.232135,
          0.632333,
          3.784147
        ],
        [
          -0.67055,
          -0.342741,
          0.657945,
          3.793843
        ],
        [
          0.063994,
          -0.910298,
          -0.408978,
          1.854645
        ],
        [
          0.0,
          0.0,
          0.0,
          1.0
        ]
      ]
    },
    {
      "file_path": "/media/NFS/ttao/scannet/posed_images/scene0213_00/00213.jpg",
      "transform_matrix": [
        [
          0.708721,
          -0.233861,
          0.665601,
          3.796138
        ],
        [
          -0.703724,
          -0.301033,
          0.643546,
          3.809124
        ],
        [
          0.049868,
          -0.924494,
          -0.377922,
          1.889913
        ],
        [
          0.0,
          0.0,
          0.0,
          1.0
        ]
      ]
    },
    {
      "file_path": "/media/NFS/ttao/scannet/posed_images/scene0213_00/00223.jpg",
      "transform_matrix": [
        [
          0.620959,
          -0.235335,
          0.747681,
          3.814473
        ],
        [
          -0.782311,
          -0.245668,
          0.572395,
          3.787047
        ],
        [
          0.048977,
          -0.940353,
          -0.336655,
          1.882881
        ],
        [
          0.0,
          0.0,
          0.0,
          1.0
        ]
      ]
    },
    {
      "file_path": "/media/NFS/ttao/scannet/posed_images/scene0213_00/00228.jpg",
      "transform_matrix": [
        [
          0.593405,
          -0.235385,
          0.769717,
          3.828552
        ],
        [
          -0.803529,
          -0.229117,
          0.549406,
          3.761297
        ],
        [
          0.047033,
          -0.94451,
          -0.325098,
          1.886033
        ],
        [
          0.0,
          0.0,
          0.0,
          1.0
        ]
      ]
    },
    {
      "file_path": "/media/NFS/ttao/scannet/posed_images/scene0213_00/00234.jpg",
      "transform_matrix": [
        [
          0.543632,
          -0.22988,
          0.80723,
          3.81199
        ],
        [
          -0.837889,
          -0.204849,
          0.505943,
          3.787192
        ],
        [
          0.049053,
          -0.951416,
          -0.303976,
          1.899049
        ],
        [
          0.0,
          0.0,
          0.0,
          1.0
        ]
      ]
    },
    {
      "file_path": "/media/NFS/ttao/scannet/posed_images/scene0213_00/00243.jpg",
      "transform_matrix": [
        [
          0.483461,
          -0.216896,
          0.848069,
          3.796519
        ],
        [
          -0.874738,
          -0.156397,
          0.458665,
          3.843226
        ],
        [
          0.033153,
          -0.963585,
          -0.26534,
          1.910471
        ],
        [
          0.0,
          0.0,
          0.0,
          1.0
        ]
      ]
    },
    {
      "file_path": "/media/NFS/ttao/scannet/posed_images/scene0213_00/00248.jpg",
      "transform_matrix": [
        [
          0.467917,
          -0.211292,
          0.858143,
          3.774857
        ],
        [
          -0.883593,
          -0.13139,
          0.449443,
          3.828579
        ],
        [
          0.017788,
          -0.968552,
          -0.248176,
          1.897089
        ],
        [
          0.0,
          0.0,
          0.0,
          1.0
        ]
      ]
    },
    {
      "file_path": "/media/NFS/ttao/scannet/posed_images/scene0213_00/00254.jpg",
      "transform_matrix": [
        [
          0.438375,
          -0.191503,
          0.878154,
          3.747344
        ],
        [
          -0.898117,
          -0.131214,
          0.419726,
          3.843132
        ],
        [
          0.034847,
          -0.972682,
          -0.229513,
          1.874244
        ],
        [
          0.0,
          0.0,
          0.0,
          1.0
        ]
      ]
    },
    {
      "file_path": "/media/NFS/ttao/scannet/posed_images/scene0213_00/00263.jpg",
      "transform_matrix": [
        [
          0.386359,
          -0.240582,
          0.890419,
          3.706538
        ],
        [
          -0.921721,
          -0.136313,
          0.363111,
          3.860848
        ],
        [
          0.034018,
          -0.961009,
          -0.274415,
          1.83183
        ],
        [
          0.0,
          0.0,
          0.0,
          1.0
        ]
      ]
    },
    {
      "file_path": "/media/NFS/ttao/scannet/posed_images/scene0213_00/00269.jpg",
      "transform_matrix": [
        [
          0.346027,
          -0.295975,
          0.890317,
          3.742712
        ],
        [
          -0.936548,
          -0.165664,
          0.308922,
          3.848895
        ],
        [
          0.056061,
          -0.94072,
          -0.334519,
          1.801598
        ],
        [
          0.0,
          0.0,
          0.0,
          1.0
        ]
      ]
    },
    {
      "file_path": "/media/NFS/ttao/scannet/posed_images/scene0213_00/00280.jpg",
      "transform_matrix": [
        [
          0.200916,
          -0.392238,
          0.897654,
          3.876432
        ],
        [
          -0.975632,
          -0.162604,
          0.147318,
          3.914026
        ],
        [
          0.088179,
          -0.905378,
          -0.41535,
          1.820948
        ],
        [
          0.0,
          0.0,
          0.0,
          1.0
        ]
      ]
    },
    {
      "file_path": "/media/NFS/ttao/scannet/posed_images/scene0213_00/00285.jpg",
      "transform_matrix": [
        [
          0.176454,
          -0.385734,
          0.905579,
          3.933612
        ],
        [
          -0.98185,
          -0.13396,
          0.134255,
          3.929173
        ],
        [
          0.069525,
          -0.912833,
          -0.402371,
          1.828262
        ],
        [
          0.0,
          0.0,
          0.0,
          1.0
        ]
      ]
    },
    {
      "file_path": "/media/NFS/ttao/scannet/posed_images/scene0213_00/00294.jpg",
      "transform_matrix": [
        [
          0.114758,
          -0.405266,
          0.906968,
          3.994288
        ],
        [
          -0.990294,
          -0.118736,
          0.072245,
          3.990417
        ],
        [
          0.078412,
          -0.906455,
          -0.414958,
          1.780667
        ],
        [
          0.0,
          0.0,
          0.0,
          1.0
        ]
      ]
    },
    {
      "file_path": "/media/NFS/ttao/scannet/posed_images/scene0213_00/00300.jpg",
      "transform_matrix": [
        [
          0.047535,
          -0.432981,
          0.900149,
          4.063695
        ],
        [
          -0.994808,
          -0.101701,
          0.003614,
          4.024649
        ],
        [
          0.089981,
          -0.895647,
          -0.435568,
          1.795839
        ],
        [
          0.0,
          0.0,
          0.0,
          1.0
        ]
      ]
    },
    {
      "file_path": "/media/NFS/ttao/scannet/posed_images/scene0213_00/00309.jpg",
      "transform_matrix": [
        [
          -0.084654,
          -0.435428,
          0.896234,
          4.121527
        ],
        [
          -0.99446,
          -0.019322,
          -0.103319,
          4.050982
        ],
        [
          0.062305,
          -0.900016,
          -0.43138,
          1.773629
        ],
        [
          0.0,
          0.0,
          0.0,
          1.0
        ]
      ]
    },
    {
      "file_path": "/media/NFS/ttao/scannet/posed_images/scene0213_00/00316.jpg",
      "transform_matrix": [
        [
          -0.236179,
          -0.464726,
          0.853375,
          4.184441
        ],
        [
          -0.968704,
          0.043581,
          -0.244364,
          4.077414
        ],
        [
          0.076371,
          -0.884381,
          -0.460475,
          1.766608
        ],
        [
          0.0,
          0.0,
          0.0,
          1.0
        ]
      ]
    },
    {
      "file_path": "/media/NFS/ttao/scannet/posed_images/scene0213_00/00320.jpg",
      "transform_matrix": [
        [
          -0.310645,
          -0.478742,
          0.821161,
          4.251873
        ],
        [
          -0.946419,
          0.075563,
          -0.313977,
          4.125497
        ],
        [
          0.088265,
          -0.874698,
          -0.476564,
          1.784972
        ],
        [
          0.0,
          0.0,
          0.0,
          1.0
        ]
      ]
    },
    {
      "file_path": "/media/NFS/ttao/scannet/posed_images/scene0213_00/00326.jpg",
      "transform_matrix": [
        [
          -0.352887,
          -0.448586,
          0.821122,
          4.289417
        ],
        [
          -0.932028,
          0.091213,
          -0.35072,
          4.11244
        ],
        [
          0.082431,
          -0.889073,
          -0.450282,
          1.779457
        ],
        [
          0.0,
          0.0,
          0.0,
          1.0
        ]
      ]
    },
    {
      "file_path": "/media/NFS/ttao/scannet/posed_images/scene0213_00/00337.jpg",
      "transform_matrix": [
        [
          -0.416319,
          -0.452272,
          0.788752,
          4.356845
        ],
        [
          -0.906225,
          0.136059,
          -0.400306,
          4.117001
        ],
        [
          0.07373,
          -0.881441,
          -0.466504,
          1.766326
        ],
        [
          0.0,
          0.0,
          0.0,
          1.0
        ]
      ]
    },
    {
      "file_path": "/media/NFS/ttao/scannet/posed_images/scene0213_00/00344.jpg",
      "transform_matrix": [
        [
          -0.516063,
          -0.428027,
          0.741938,
          4.40847
        ],
        [
          -0.854398,
          0.195861,
          -0.481293,
          4.12992
        ],
        [
          0.060689,
          -0.882288,
          -0.466782,
          1.772331
        ],
        [
          0.0,
          0.0,
          0.0,
          1.0
        ]
      ]
    },
    {
      "file_path": "/media/NFS/ttao/scannet/posed_images/scene0213_00/00351.jpg",
      "transform_matrix": [
        [
          -0.627837,
          -0.388745,
          0.674313,
          4.463132
        ],
        [
          -0.776926,
          0.260714,
          -0.573075,
          4.151419
        ],
        [
          0.046977,
          -0.883689,
          -0.465712,
          1.779942
        ],
        [
          0.0,
          0.0,
          0.0,
          1.0
        ]
      ]
    },
    {
      "file_path": "/media/NFS/ttao/scannet/posed_images/scene0213_00/00357.jpg",
      "transform_matrix": [
        [
          -0.676145,
          -0.372934,
          0.635412,
          4.476957
        ],
        [
          -0.734811,
          0.278514,
          -0.618452,
          4.177495
        ],
        [
          0.053671,
          -0.885071,
          -0.462352,
          1.764169
        ],
        [
          0.0,
          0.0,
          0.0,
          1.0
        ]
      ]
    },
    {
      "file_path": "/media/NFS/ttao/scannet/posed_images/scene0213_00/00364.jpg",
      "transform_matrix": [
        [
          -0.715865,
          -0.346346,
          0.606286,
          4.482234
        ],
        [
          -0.696526,
          0.293433,
          -0.654789,
          4.192665
        ],
        [
          0.048879,
          -0.891034,
          -0.451297,
          1.773721
        ],
        [
          0.0,
          0.0,
          0.0,
          1.0
        ]
      ]
    },
    {
      "file_path": "/media/NFS/ttao/scannet/posed_images/scene0213_00/00377.jpg",
      "transform_matrix": [
        [
          -0.801477,
          -0.309095,
          0.511952,
          4.447631
        ],
        [
          -0.594125,
          0.313924,
          -0.740586,
          4.169359
        ],
        [
          0.068197,
          -0.897726,
          -0.435244,
          1.75923
        ],
        [
          0.0,
          0.0,
          0.0,
          1.0
        ]
      ]
    },
    {
      "file_path": "/media/NFS/ttao/scannet/posed_images/scene0213_00/00383.jpg",
      "transform_matrix": [
        [
          -0.833553,
          -0.300623,
          0.463482,
          4.45564
        ],
        [
          -0.546394,
          0.324851,
          -0.771962,
          4.138945
        ],
        [
          0.081507,
          -0.896715,
          -0.435039,
          1.788097
        ],
        [
          0.0,
          0.0,
          0.0,
          1.0
        ]
      ]
    },
    {
      "file_path": "/media/NFS/ttao/scannet/posed_images/scene0213_00/00390.jpg",
      "transform_matrix": [
        [
          -0.881468,
          -0.264094,
          0.391495,
          4.450507
        ],
        [
          -0.464273,
          0.33296,
          -0.820724,
          4.110047
        ],
        [
          0.086396,
          -0.905203,
          -0.416106,
          1.755047
        ],
        [
          0.0,
          0.0,
          0.0,
          1.0
        ]
      ]
    },
    {
      "file_path": "/media/NFS/ttao/scannet/posed_images/scene0213_00/00392.jpg",
      "transform_matrix": [
        [
          -0.889618,
          -0.25822,
          0.376699,
          4.449715
        ],
        [
          -0.448588,
          0.339232,
          -0.826855,
          4.106541
        ],
        [
          0.085722,
          -0.904568,
          -0.417622,
          1.73714
        ],
        [
          0.0,
          0.0,
          0.0,
          1.0
        ]
      ]
    },
    {
      "file_path": "/media/NFS/ttao/scannet/posed_images/scene0213_00/00401.jpg",
      "transform_matrix": [
        [
          -0.94261,
          -0.194973,
          0.271059,
          4.490867
        ],
        [
          -0.328602,
          0.397684,
          -0.856661,
          4.045245
        ],
        [
          0.05923,
          -0.896567,
          -0.438929,
          1.759726
        ],
        [
          0.0,
          0.0,
          0.0,
          1.0
        ]
      ]
    },
    {
      "file_path": "/media/NFS/ttao/scannet/posed_images/scene0213_00/00408.jpg",
      "transform_matrix": [
        [
          -0.985864,
          -0.100252,
          0.134242,
          4.513208
        ],
        [
          -0.164406,
          0.424492,
          -0.89038,
          4.021692
        ],
        [
          0.032278,
          -0.899864,
          -0.434974,
          1.741715
        ],
        [
          0.0,
          0.0,
          0.0,
          1.0
        ]
      ]
    },
    {
      "file_path": "/media/NFS/ttao/scannet/posed_images/scene0213_00/00414.jpg",
      "transform_matrix": [
        [
          -0.999378,
          -0.034914,
          -0.004945,
          4.567161
        ],
        [
          -0.011263,
          0.448928,
          -0.893497,
          4.009075
        ],
        [
          0.033415,
          -0.892885,
          -0.449042,
          1.742912
        ],
        [
          0.0,
          0.0,
          0.0,
          1.0
        ]
      ]
    },
    {
      "file_path": "/media/NFS/ttao/scannet/posed_images/scene0213_00/00425.jpg",
      "transform_matrix": [
        [
          -0.989293,
          0.021263,
          -0.144387,
          4.561757
        ],
        [
          0.13936,
          0.431422,
          -0.891321,
          4.007962
        ],
        [
          0.04334,
          -0.9019,
          -0.429766,
          1.763671
        ],
        [
          0.0,
          0.0,
          0.0,
          1.0
        ]
      ]
    },
    {
      "file_path": "/media/NFS/ttao/scannet/posed_images/scene0213_00/00434.jpg",
      "transform_matrix": [
        [
          -0.973461,
          0.042065,
          -0.224953,
          4.539662
        ],
        [
          0.22428,
          0.370864,
          -0.901199,
          4.012257
        ],
        [
          0.045518,
          -0.927734,
          -0.370456,
          1.788134
        ],
        [
          0.0,
          0.0,
          0.0,
          1.0
        ]
      ]
    },
    {
      "file_path": "/media/NFS/ttao/scannet/posed_images/scene0213_00/00436.jpg",
      "transform_matrix": [
        [
          -0.970468,
          0.041825,
          -0.237575,
          4.538985
        ],
        [
          0.236342,
          0.362072,
          -0.901691,
          4.01549
        ],
        [
          0.048306,
          -0.931211,
          -0.361265,
          1.789361
        ],
        [
          0.0,
          0.0,
          0.0,
          1.0
        ]
      ]
    },
    {
      "file_path": "/media/NFS/ttao/scannet/posed_images/scene0213_00/00445.jpg",
      "transform_matrix": [
        [
          -0.950214,
          0.063853,
          -0.304986,
          4.493646
        ],
        [
          0.306309,
          0.370995,
          -0.876663,
          4.015344
        ],
        [
          0.057171,
          -0.926437,
          -0.372083,
          1.779448
        ],
        [
          0.0,
          0.0,
          0.0,
          1.0
        ]
      ]
    },
    {
      "file_path": "/media/NFS/ttao/scannet/posed_images/scene0213_00/00456.jpg",
      "transform_matrix": [
        [
          -0.919809,
          0.132416,
          -0.369348,
          4.440978
        ],
        [
          0.39053,
          0.399938,
          -0.829177,
          4.019704
        ],
        [
          0.03792,
          -0.906926,
          -0.419579,
          1.791061
        ],
        [
          0.0,
          0.0,
          0.0,
          1.0
        ]
      ]
    },
    {
      "file_path": "/media/NFS/ttao/scannet/posed_images/scene0213_00/00458.jpg",
      "transform_matrix": [
        [
          -0.910621,
          0.141327,
          -0.388325,
          4.430462
        ],
        [
          0.411453,
          0.397437,
          -0.820213,
          4.018987
        ],
        [
          0.038417,
          -0.906681,
          -0.420064,
          1.79109
        ],
        [
          0.0,
          0.0,
          0.0,
          1.0
        ]
      ]
    },
    {
      "file_path": "/media/NFS/ttao/scannet/posed_images/scene0213_00/00471.jpg",
      "transform_matrix": [
        [
          -0.844296,
          0.202596,
          -0.496105,
          4.368455
        ],
        [
          0.533424,
          0.406215,
          -0.741922,
          4.021394
        ],
        [
          0.051215,
          -0.891036,
          -0.451035,
          1.774952
        ],
        [
          0.0,
          0.0,
          0.0,
          1.0
        ]
      ]
    },
    {
      "file_path": "/media/NFS/ttao/scannet/posed_images/scene0213_00/00473.jpg",
      "transform_matrix": [
        [
          -0.835394,
          0.210894,
          -0.507583,
          4.36071
        ],
        [
          0.547221,
          0.405872,
          -0.731996,
          4.022434
        ],
        [
          0.05164,
          -0.889265,
          -0.454469,
          1.772108
        ],
        [
          0.0,
          0.0,
          0.0,
          1.0
        ]
      ]
    },
    {
      "file_path": "/media/NFS/ttao/scannet/posed_images/scene0213_00/00480.jpg",
      "transform_matrix": [
        [
          -0.802971,
          0.230843,
          -0.5495,
          4.347956
        ],
        [
          0.593387,
          0.396161,
          -0.700677,
          4.018636
        ],
        [
          0.055944,
          -0.888689,
          -0.455085,
          1.771494
        ],
        [
          0.0,
          0.0,
          0.0,
          1.0
        ]
      ]
    },
    {
      "file_path": "/media/NFS/ttao/scannet/posed_images/scene0213_00/00489.jpg",
      "transform_matrix": [
        [
          -0.755008,
          0.266908,
          -0.598935,
          4.296638
        ],
        [
          0.653858,
          0.375148,
          -0.657064,
          4.038044
        ],
        [
          0.049314,
          -0.887707,
          -0.45776,
          1.768893
        ],
        [
          0.0,
          0.0,
          0.0,
          1.0
        ]
      ]
    },
    {
      "file_path": "/media/NFS/ttao/scannet/posed_images/scene0213_00/00500.jpg",
      "transform_matrix": [
        [
          -0.682203,
          0.315027,
          -0.659815,
          4.242605
        ],
        [
          0.729848,
          0.347488,
          -0.588705,
          4.036769
        ],
        [
          0.04382,
          -0.883182,
          -0.466979,
          1.770836
        ],
        [
          0.0,
          0.0,
          0.0,
          1.0
        ]
      ]
    },
    {
      "file_path": "/media/NFS/ttao/scannet/posed_images/scene0213_00/00502.jpg",
      "transform_matrix": [
        [
          -0.674923,
          0.321576,
          -0.664129,
          4.237034
        ],
        [
          0.736645,
          0.345871,
          -0.581144,
          4.029527
        ],
        [
          0.042821,
          -0.881454,
          -0.470324,
          1.770699
        ],
        [
          0.0,
          0.0,
          0.0,
          1.0
        ]
      ]
    },
    {
      "file_path": "/media/NFS/ttao/scannet/posed_images/scene0213_00/00513.jpg",
      "transform_matrix": [
        [
          -0.717893,
          0.305457,
          -0.62556,
          4.14919
        ],
        [
          0.695392,
          0.356658,
          -0.623879,
          4.001519
        ],
        [
          0.032543,
          -0.882888,
          -0.468455,
          1.768457
        ],
        [
          0.0,
          0.0,
          0.0,
          1.0
        ]
      ]
    },
    {
      "file_path": "/media/NFS/ttao/scannet/posed_images/scene0213_00/00521.jpg",
      "transform_matrix": [
        [
          -0.793016,
          0.245387,
          -0.557594,
          4.049131
        ],
        [
          0.60792,
          0.378068,
          -0.69821,
          3.984517
        ],
        [
          0.039476,
          -0.892664,
          -0.44899,
          1.780016
        ],
        [
          0.0,
          0.0,
          0.0,
          1.0
        ]
      ]
    },
    {
      "file_path": "/media/NFS/ttao/scannet/posed_images/scene0213_00/00530.jpg",
      "transform_matrix": [
        [
          -0.829785,
          0.255643,
          -0.496088,
          3.904606
        ],
        [
          0.558082,
          0.381358,
          -0.73696,
          3.94458
        ],
        [
          0.000789,
          -0.888377,
          -0.459115,
          1.776991
        ],
        [
          0.0,
          0.0,
          0.0,
          1.0
        ]
      ]
    },
    {
      "file_path": "/media/NFS/ttao/scannet/posed_images/scene0213_00/00537.jpg",
      "transform_matrix": [
        [
          -0.853474,
          0.232459,
          -0.466418,
          3.769041
        ],
        [
          0.521093,
          0.392143,
          -0.758081,
          3.879563
        ],
        [
          0.00668,
          -0.890049,
          -0.455817,
          1.773522
        ],
        [
          0.0,
          0.0,
          0.0,
          1.0
        ]
      ]
    },
    {
      "file_path": "/media/NFS/ttao/scannet/posed_images/scene0213_00/00543.jpg",
      "transform_matrix": [
        [
          -0.873056,
          0.208869,
          -0.440621,
          3.65921
        ],
        [
          0.486756,
          0.427099,
          -0.762007,
          3.815843
        ],
        [
          0.029029,
          -0.87975,
          -0.47455,
          1.777669
        ],
        [
          0.0,
          0.0,
          0.0,
          1.0
        ]
      ]
    },
    {
      "file_path": "/media/NFS/ttao/scannet/posed_images/scene0213_00/00552.jpg",
      "transform_matrix": [
        [
          -0.923534,
          0.163462,
          -0.346938,
          3.493495
        ],
        [
          0.382705,
          0.451651,
          -0.805946,
          3.760981
        ],
        [
          0.024953,
          -0.877093,
          -0.479673,
          1.758683
        ],
        [
          0.0,
          0.0,
          0.0,
          1.0
        ]
      ]
    },
    {
      "file_path": "/media/NFS/ttao/scannet/posed_images/scene0213_00/00554.jpg",
      "transform_matrix": [
        [
          -0.9381,
          0.1292,
          -0.321366,
          3.461282
        ],
        [
          0.343731,
          0.461475,
          -0.817858,
          3.751406
        ],
        [
          0.042635,
          -0.877695,
          -0.477319,
          1.754111
        ],
        [
          0.0,
          0.0,
          0.0,
          1.0
        ]
      ]
    },
    {
      "file_path": "/media/NFS/ttao/scannet/posed_images/scene0213_00/00561.jpg",
      "transform_matrix": [
        [
          -0.981511,
          -0.0159,
          -0.190743,
          3.368752
        ],
        [
          0.15659,
          0.506366,
          -0.847982,
          3.730362
        ],
        [
          0.110069,
          -0.862172,
