{
  "frames": [
    {
      "file_path": "/media/NFS/ttao/scannet/posed_images/scene0570_01/00000.jpg",
      "transform_matrix": [
        [
          -0.197055,
          0.697514,
          -0.688944,
          3.251707
        ],
        [
          0.980372,
          0.144708,
          -0.133902,
          2.597758
        ],
        [
          0.006297,
          -0.701807,
          -0.712339,
          1.500989
        ],
        [
          0.0,
          0.0,
          0.0,
          1.0
        ]
      ]
    },
    {
      "file_path": "/media/NFS/ttao/scannet/posed_images/scene0570_01/00001.jpg",
      "transform_matrix": [
        [
          -0.194865,
          0.698212,
          -0.68886,
          3.257503
        ],
        [
          0.980786,
          0.145389,
          -0.130083,
          2.6
        ],
        [
          0.009327,
          -0.700972,
          -0.713127,
          1.500729
        ],
        [
          0.0,
          0.0,
          0.0,
          1.0
        ]
      ]
    },
    {
      "file_path": "/media/NFS/ttao/scannet/posed_images/scene0570_01/00003.jpg",
      "transform_matrix": [
        [
          -0.19158,
          0.697175,
          -0.690828,
          3.259242
        ],
        [
          0.981407,
          0.144487,
          -0.126348,
          2.598443
        ],
        [
          0.011729,
          -0.702189,
          -0.711894,
          1.50032
        ],
        [
          0.0,
          0.0,
          0.0,
          1.0
        ]
      ]
    },
    {
      "file_path": "/media/NFS/ttao/scannet/posed_images/scene0570_01/00005.jpg",
      "transform_matrix": [
        [
          -0.190263,
          0.700038,
          -0.688293,
          3.259642
        ],
        [
          0.981676,
          0.143265,
          -0.125653,
          2.597688
        ],
        [
          0.010646,
          -0.699587,
          -0.714468,
          1.502504
        ],
        [
          0.0,
          0.0,
          0.0,
          1.0
        ]
      ]
    },
    {
      "file_path": "/media/NFS/ttao/scannet/posed_images/scene0570_01/00007.jpg",
      "transform_matrix": [
        [
          -0.189295,
          0.703211,
          -0.685319,
          3.260251
        ],
        [
          0.981845,
          0.144215,
          -0.12322,
          2.596052
        ],
        [
          0.012183,
          -0.696201,
          -0.717743,
          1.501209
        ],
        [
          0.0,
          0.0,
          0.0,
          1.0
        ]
      ]
    },
    {
      "file_path": "/media/NFS/ttao/scannet/posed_images/scene0570_01/00009.jpg",
      "transform_matrix": [
        [
          -0.188691,
          0.704812,
          -0.683839,
          3.261494
        ],
        [
          0.981952,
          0.144548,
          -0.121969,
          2.596606
        ],
        [
          0.012882,
          -0.694512,
          -0.719366,
          1.499897
        ],
        [
          0.0,
          0.0,
          0.0,
          1.0
        ]
      ]
    },
    {
      "file_path": "/media/NFS/ttao/scannet/posed_images/scene0570_01/00011.jpg",
      "transform_matrix": [
        [
          -0.186874,
          0.70828,
          -0.680748,
          3.260069
        ],
        [
          0.982276,
          0.144994,
          -0.118789,
          2.590904
        ],
        [
          0.014568,
          -0.690881,
          -0.722822,
          1.500758
        ],
        [
          0.0,
          0.0,
          0.0,
          1.0
        ]
      ]
    },
    {
      "file_path": "/media/NFS/ttao/scannet/posed_images/scene0570_01/00013.jpg",
      "transform_matrix": [
        [
          -0.18756,
          0.707843,
          -0.681013,
          3.26089
        ],
        [
          0.98214,
          0.145657,
          -0.119099,
          2.589948
        ],
        [
          0.014891,
          -0.691189,
          -0.722521,
          1.49997
        ],
        [
          0.0,
          0.0,
          0.0,
          1.0
        ]
      ]
    },
    {
      "file_path": "/media/NFS/ttao/scannet/posed_images/scene0570_01/00015.jpg",
      "transform_matrix": [
        [
          -0.192812,
          0.708519,
          -0.67884,
          3.260237
        ],
        [
          0.98109,
          0.15113,
          -0.120923,
          2.589858
        ],
        [
          0.016917,
          -0.689319,
          -0.724261,
          1.499923
        ],
        [
          0.0,
          0.0,
          0.0,
          1.0
        ]
      ]
    },
    {
      "file_path": "/media/NFS/ttao/scannet/posed_images/scene0570_01/00016.jpg",
      "transform_matrix": [
        [
          -0.194177,
          0.707541,
          -0.679472,
          3.260131
        ],
        [
          0.980827,
          0.151707,
          -0.122324,
          2.59096
        ],
        [
          0.016531,
          -0.690197,
          -0.723433,
          1.499776
        ],
        [
          0.0,
          0.0,
          0.0,
          1.0
        ]
      ]
    },
    {
      "file_path": "/media/NFS/ttao/scannet/posed_images/scene0570_01/00018.jpg",
      "transform_matrix": [
        [
          -0.19974,
          0.703244,
          -0.682314,
          3.26046
        ],
        [
          0.979712,
          0.154973,
          -0.127073,
          2.591915
        ],
        [
          0.016377,
          -0.693853,
          -0.719931,
          1.498523
        ],
        [
          0.0,
          0.0,
          0.0,
          1.0
        ]
      ]
    },
    {
      "file_path": "/media/NFS/ttao/scannet/posed_images/scene0570_01/00020.jpg",
      "transform_matrix": [
        [
          -0.207331,
          0.702957,
          -0.680343,
          3.257088
        ],
        [
          0.978143,
          0.160223,
          -0.132535,
          2.595255
        ],
        [
          0.01584,
          -0.692951,
          -0.720811,
          1.498453
        ],
        [
          0.0,
          0.0,
          0.0,
          1.0
        ]
      ]
    },
    {
      "file_path": "/media/NFS/ttao/scannet/posed_images/scene0570_01/00022.jpg",
      "transform_matrix": [
        [
          -0.219825,
          0.699415,
          -0.68007,
          3.245333
        ],
        [
          0.975447,
          0.167174,
          -0.143373,
          2.598794
        ],
        [
          0.013412,
          -0.694889,
          -0.718992,
          1.51328
        ],
        [
          0.0,
          0.0,
          0.0,
          1.0
        ]
      ]
    },
    {
      "file_path": "/media/NFS/ttao/scannet/posed_images/scene0570_01/00024.jpg",
      "transform_matrix": [
        [
          -0.23327,
          0.683556,
          -0.691619,
          3.246523
        ],
        [
          0.97238,
          0.169752,
          -0.160193,
          2.600611
        ],
        [
          0.007902,
          -0.709884,
          -0.704274,
          1.514766
        ],
        [
          0.0,
          0.0,
          0.0,
          1.0
        ]
      ]
    },
    {
      "file_path": "/media/NFS/ttao/scannet/posed_images/scene0570_01/00026.jpg",
      "transform_matrix": [
        [
          -0.250881,
          0.671947,
          -0.696812,
          3.244792
        ],
        [
          0.967995,
          0.1791,
          -0.175808,
          2.599402
        ],
        [
          0.006665,
          -0.718617,
          -0.695374,
          1.518661
        ],
        [
          0.0,
          0.0,
          0.0,
          1.0
        ]
      ]
    },
    {
      "file_path": "/media/NFS/ttao/scannet/posed_images/scene0570_01/00028.jpg",
      "transform_matrix": [
        [
          -0.274218,
          0.661507,
          -0.698007,
          3.243154
        ],
        [
          0.9616,
          0.197194,
          -0.190891,
          2.600909
        ],
        [
          0.011367,
          -0.723549,
          -0.690179,
          1.518566
        ],
        [
          0.0,
          0.0,
          0.0,
          1.0
        ]
      ]
    },
    {
      "file_path": "/media/NFS/ttao/scannet/posed_images/scene0570_01/00030.jpg",
      "transform_matrix": [
        [
          -0.297265,
          0.645112,
          -0.703892,
          3.246355
        ],
        [
          0.95458,
          0.216448,
          -0.204762,
          2.607508
        ],
        [
          0.020261,
          -0.73279,
          -0.680153,
          1.510315
        ],
        [
          0.0,
          0.0,
          0.0,
          1.0
        ]
      ]
    },
    {
      "file_path": "/media/NFS/ttao/scannet/posed_images/scene0570_01/00031.jpg",
      "transform_matrix": [
        [
          -0.307419,
          0.639531,
          -0.704623,
          3.245996
        ],
        [
          0.951335,
          0.223156,
          -0.212515,
          2.608021
        ],
        [
          0.021331,
          -0.735664,
          -0.677011,
          1.509214
        ],
        [
          0.0,
          0.0,
          0.0,
          1.0
        ]
      ]
    },
    {
      "file_path": "/media/NFS/ttao/scannet/posed_images/scene0570_01/00033.jpg",
      "transform_matrix": [
        [
          -0.326765,
          0.631876,
          -0.702821,
          3.244151
        ],
        [
          0.944895,
          0.234118,
          -0.228828,
          2.607333
        ],
        [
          0.019953,
          -0.738865,
          -0.673558,
          1.506076
        ],
        [
          0.0,
          0.0,
          0.0,
          1.0
        ]
      ]
    },
    {
      "file_path": "/media/NFS/ttao/scannet/posed_images/scene0570_01/00036.jpg",
      "transform_matrix": [
        [
          -0.354336,
          0.629636,
          -0.691379,
          3.237161
        ],
        [
          0.935077,
          0.245503,
          -0.255654,
          2.607842
        ],
        [
          0.008766,
          -0.73708,
          -0.675748,
          1.50526
        ],
        [
          0.0,
          0.0,
          0.0,
          1.0
        ]
      ]
    },
    {
      "file_path": "/media/NFS/ttao/scannet/posed_images/scene0570_01/00037.jpg",
      "transform_matrix": [
        [
          -0.367899,
          0.628781,
          -0.685043,
          3.234295
        ],
        [
          0.929858,
          0.251795,
          -0.26826,
          2.609586
        ],
        [
          0.003813,
          -0.735685,
          -0.677312,
          1.50426
        ],
        [
          0.0,
          0.0,
          0.0,
          1.0
        ]
      ]
    },
    {
      "file_path": "/media/NFS/ttao/scannet/posed_images/scene0570_01/00039.jpg",
      "transform_matrix": [
        [
          -0.390979,
          0.625537,
          -0.675158,
          3.228694
        ],
        [
          0.920398,
          0.264187,
          -0.288225,
          2.609836
        ],
        [
          -0.001927,
          -0.734104,
          -0.679035,
          1.500114
        ],
        [
          0.0,
          0.0,
          0.0,
          1.0
        ]
      ]
    },
    {
      "file_path": "/media/NFS/ttao/scannet/posed_images/scene0570_01/00041.jpg",
      "transform_matrix": [
        [
          -0.410879,
          0.622363,
          -0.666215,
          3.215536
        ],
        [
          0.911667,
          0.275343,
          -0.30504,
          2.605156
        ],
        [
          -0.006408,
          -0.732701,
          -0.68052,
          1.507115
        ],
        [
          0.0,
          0.0,
          0.0,
          1.0
        ]
      ]
    },
    {
      "file_path": "/media/NFS/ttao/scannet/posed_images/scene0570_01/00042.jpg",
      "transform_matrix": [
        [
          -0.419247,
          0.61728,
          -0.665731,
          3.211754
        ],
        [
          0.907844,
          0.279274,
          -0.31277,
          2.604236
        ],
        [
          -0.007146,
          -0.735508,
          -0.677479,
          1.50674
        ],
        [
          0.0,
          0.0,
          0.0,
          1.0
        ]
      ]
    },
    {
      "file_path": "/media/NFS/ttao/scannet/posed_images/scene0570_01/00045.jpg",
      "transform_matrix": [
        [
          -0.437321,
          0.608939,
          -0.661773,
          3.203442
        ],
        [
          0.899284,
          0.290981,
          -0.326526,
          2.59293
        ],
        [
          -0.006271,
          -0.737918,
          -0.674861,
          1.508395
        ],
        [
          0.0,
          0.0,
          0.0,
          1.0
        ]
      ]
    },
    {
      "file_path": "/media/NFS/ttao/scannet/posed_images/scene0570_01/00046.jpg",
      "transform_matrix": [
        [
          -0.439276,
          0.607455,
          -0.661842,
          3.197914
        ],
        [
          0.898329,
          0.291741,
          -0.328469,
          2.591908
        ],
        [
          -0.006444,
          -0.738841,
          -0.673849,
          1.509416
        ],
        [
          0.0,
          0.0,
          0.0,
          1.0
        ]
      ]
    },
    {
      "file_path": "/media/NFS/ttao/scannet/posed_images/scene0570_01/00048.jpg",
      "transform_matrix": [
        [
          -0.438524,
          0.598754,
          -0.670217,
          3.18875
        ],
        [
          0.89872,
          0.291967,
          -0.327198,
          2.584559
        ],
        [
          -0.00023,
          -0.745821,
          -0.666146,
          1.511533
        ],
        [
          0.0,
          0.0,
          0.0,
          1.0
        ]
      ]
    },
    {
      "file_path": "/media/NFS/ttao/scannet/posed_images/scene0570_01/00050.jpg",
      "transform_matrix": [
        [
          -0.439524,
          0.584028,
          -0.682445,
          3.185635
        ],
        [
          0.898212,
          0.290718,
          -0.329695,
          2.577779
        ],
        [
          0.005847,
          -0.757889,
          -0.652358,
          1.508855
        ],
        [
          0.0,
          0.0,
          0.0,
          1.0
        ]
      ]
    },
    {
      "file_path": "/media/NFS/ttao/scannet/posed_images/scene0570_01/00052.jpg",
      "transform_matrix": [
        [
          -0.439515,
          0.582817,
          -0.683484,
          3.179084
        ],
        [
          0.898234,
          0.286352,
          -0.333433,
          2.56389
        ],
        [
          0.001386,
          -0.760478,
          -0.649363,
          1.512923
        ],
        [
          0.0,
          0.0,
          0.0,
          1.0
        ]
      ]
    },
    {
      "file_path": "/media/NFS/ttao/scannet/posed_images/scene0570_01/00054.jpg",
      "transform_matrix": [
        [
          -0.437533,
          0.590553,
          -0.678095,
          3.171944
        ],
        [
          0.899165,
          0.28044,
          -0.33594,
          2.550029
        ],
        [
          -0.008225,
          -0.756704,
          -0.653706,
          1.513023
        ],
        [
          0.0,
          0.0,
          0.0,
          1.0
        ]
      ]
    },
    {
      "file_path": "/media/NFS/ttao/scannet/posed_images/scene0570_01/00056.jpg",
      "transform_matrix": [
        [
          -0.429552,
          0.588757,
          -0.684727,
          3.162719
        ],
        [
          0.903025,
          0.275334,
          -0.329753,
          2.532819
        ],
        [
          -0.005616,
          -0.759971,
          -0.649933,
          1.513099
        ],
        [
          0.0,
          0.0,
          0.0,
          1.0
        ]
      ]
    },
    {
      "file_path": "/media/NFS/ttao/scannet/posed_images/scene0570_01/00058.jpg",
      "transform_matrix": [
        [
          -0.431213,
          0.581556,
          -0.689817,
          3.159776
        ],
        [
          0.902249,
          0.279138,
          -0.328677,
          2.518909
        ],
        [
          0.00141,
          -0.764117,
          -0.645077,
          1.509756
        ],
        [
          0.0,
          0.0,
          0.0,
          1.0
        ]
      ]
    },
    {
      "file_path": "/media/NFS/ttao/scannet/posed_images/scene0570_01/00059.jpg",
      "transform_matrix": [
        [
          -0.430716,
          0.582369,
          -0.689442,
          3.156306
        ],
        [
          0.902482,
          0.280707,
          -0.326696,
          2.514639
        ],
        [
          0.003274,
          -0.762922,
          -0.646482,
          1.51009
        ],
        [
          0.0,
          0.0,
          0.0,
          1.0
        ]
      ]
    },
    {
      "file_path": "/media/NFS/ttao/scannet/posed_images/scene0570_01/00061.jpg",
      "transform_matrix": [
        [
          -0.425726,
          0.582071,
          -0.692785,
          3.150281
        ],
        [
          0.904847,
          0.276488,
          -0.323739,
          2.506714
        ],
        [
          0.003107,
          -0.764688,
          -0.644393,
          1.509409
        ],
        [
          0.0,
          0.0,
          0.0,
          1.0
        ]
      ]
    },
    {
      "file_path": "/media/NFS/ttao/scannet/posed_images/scene0570_01/00063.jpg",
      "transform_matrix": [
        [
          -0.434044,
          0.57611,
          -0.692606,
          3.138202
        ],
        [
          0.900886,
          0.280335,
          -0.331387,
          2.500278
        ],
        [
          0.003246,
          -0.767795,
          -0.640687,
          1.513043
        ],
        [
          0.0,
          0.0,
          0.0,
          1.0
        ]
      ]
    },
    {
      "file_path": "/media/NFS/ttao/scannet/posed_images/scene0570_01/00064.jpg",
      "transform_matrix": [
        [
          -0.439455,
          0.571772,
          -0.692789,
          3.134732
        ],
        [
          0.898247,
          0.28459,
          -0.334905,
          2.497887
        ],
        [
          0.005672,
          -0.76947,
          -0.638657,
          1.51216
        ],
        [
          0.0,
          0.0,
          0.0,
          1.0
        ]
      ]
    },
    {
      "file_path": "/media/NFS/ttao/scannet/posed_images/scene0570_01/00066.jpg",
      "transform_matrix": [
        [
          -0.450899,
          0.559734,
          -0.695262,
          3.127435
        ],
        [
          0.892412,
          0.297601,
          -0.339168,
          2.494944
        ],
        [
          0.017067,
          -0.77339,
          -0.633701,
          1.510932
        ],
        [
          0.0,
          0.0,
          0.0,
          1.0
        ]
      ]
    },
    {
      "file_path": "/media/NFS/ttao/scannet/posed_images/scene0570_01/00068.jpg",
      "transform_matrix": [
        [
          -0.465033,
          0.551613,
          -0.692436,
          3.116917
        ],
        [
          0.884974,
          0.310652,
          -0.346866,
          2.493479
        ],
        [
          0.023771,
          -0.774092,
          -0.632627,
          1.509031
        ],
        [
          0.0,
          0.0,
          0.0,
          1.0
        ]
      ]
    },
    {
      "file_path": "/media/NFS/ttao/scannet/posed_images/scene0570_01/00070.jpg",
      "transform_matrix": [
        [
          -0.481959,
          0.546539,
          -0.684843,
          3.108899
        ],
        [
          0.875648,
          0.328007,
          -0.354473,
          2.490043
        ],
        [
          0.0309,
          -0.770523,
          -0.636662,
          1.505259
        ],
        [
          0.0,
          0.0,
          0.0,
          1.0
        ]
      ]
    },
    {
      "file_path": "/media/NFS/ttao/scannet/posed_images/scene0570_01/00072.jpg",
      "transform_matrix": [
        [
          -0.507784,
          0.53301,
          -0.676798,
          3.098794
        ],
        [
          0.86081,
          0.344997,
          -0.374143,
          2.492155
        ],
        [
          0.034071,
          -0.772579,
          -0.634004,
          1.507048
        ],
        [
          0.0,
          0.0,
          0.0,
          1.0
        ]
      ]
    },
    {
      "file_path": "/media/NFS/ttao/scannet/posed_images/scene0570_01/00074.jpg",
      "transform_matrix": [
        [
          -0.540244,
          0.514668,
          -0.665773,
          3.093788
        ],
        [
          0.841026,
          0.357011,
          -0.40647,
          2.490705
        ],
        [
          0.028491,
          -0.779525,
          -0.625722,
          1.506549
        ],
        [
          0.0,
          0.0,
          0.0,
          1.0
        ]
      ]
    },
    {
      "file_path": "/media/NFS/ttao/scannet/posed_images/scene0570_01/00076.jpg",
      "transform_matrix": [
        [
          -0.571906,
          0.505324,
          -0.646198,
          3.086796
        ],
        [
          0.820006,
          0.37395,
          -0.433304,
          2.494518
        ],
        [
          0.022687,
          -0.777695,
          -0.628232,
          1.502846
        ],
        [
          0.0,
          0.0,
          0.0,
          1.0
        ]
      ]
    },
    {
      "file_path": "/media/NFS/ttao/scannet/posed_images/scene0570_01/00077.jpg",
      "transform_matrix": [
        [
          -0.581971,
          0.499517,
          -0.641711,
          3.082349
        ],
        [
          0.812808,
          0.382082,
          -0.439722,
          2.495599
        ],
        [
          0.025537,
          -0.777493,
          -0.628372,
          1.500957
        ],
        [
          0.0,
          0.0,
          0.0,
          1.0
        ]
      ]
    },
    {
      "file_path": "/media/NFS/ttao/scannet/posed_images/scene0570_01/00080.jpg",
      "transform_matrix": [
        [
          -0.611921,
          0.475283,
          -0.632186,
          3.059661
        ],
        [
          0.790607,
          0.389995,
          -0.472064,
          2.49873
        ],
        [
          0.022185,
          -0.788676,
          -0.614408,
          1.500457
        ],
        [
          0.0,
          0.0,
          0.0,
          1.0
        ]
      ]
    },
    {
      "file_path": "/media/NFS/ttao/scannet/posed_images/scene0570_01/00081.jpg",
      "transform_matrix": [
        [
          -0.620653,
          0.46586,
          -0.630685,
          3.054053
        ],
        [
          0.783674,
          0.394627,
          -0.479714,
          2.49564
        ],
        [
          0.025405,
          -0.791988,
          -0.610008,
          1.498668
        ],
        [
          0.0,
          0.0,
          0.0,
          1.0
        ]
      ]
    },
    {
      "file_path": "/media/NFS/ttao/scannet/posed_images/scene0570_01/00084.jpg",
      "transform_matrix": [
        [
          -0.638195,
          0.466935,
          -0.61211,
          3.034933
        ],
        [
          0.769475,
          0.412488,
          -0.487608,
          2.484238
        ],
        [
          0.024807,
          -0.782192,
          -0.622543,
          1.497272
        ],
        [
          0.0,
          0.0,
          0.0,
          1.0
        ]
      ]
    },
    {
      "file_path": "/media/NFS/ttao/scannet/posed_images/scene0570_01/00086.jpg",
      "transform_matrix": [
        [
          -0.649561,
          0.457651,
          -0.607146,
          3.024525
        ],
        [
          0.759964,
          0.414891,
          -0.50032,
          2.473552
        ],
        [
          0.022927,
          -0.786397,
          -0.617296,
          1.494987
        ],
        [
          0.0,
          0.0,
          0.0,
          1.0
        ]
      ]
    },
    {
      "file_path": "/media/NFS/ttao/scannet/posed_images/scene0570_01/00087.jpg",
      "transform_matrix": [
        [
          -0.659232,
          0.450806,
          -0.60182,
          3.018283
        ],
        [
          0.751653,
          0.417166,
          -0.510872,
          2.470841
        ],
        [
          0.020755,
          -0.789143,
          -0.613859,
          1.493253
        ],
        [
          0.0,
          0.0,
          0.0,
          1.0
        ]
      ]
    },
    {
      "file_path": "/media/NFS/ttao/scannet/posed_images/scene0570_01/00088.jpg",
      "transform_matrix": [
        [
          -0.669305,
          0.444381,
          -0.595446,
          3.012252
        ],
        [
          0.742732,
          0.421207,
          -0.520513,
          2.468619
        ],
        [
          0.0195,
          -0.790639,
          -0.611972,
          1.489414
        ],
        [
          0.0,
          0.0,
          0.0,
          1.0
        ]
      ]
    },
    {
      "file_path": "/media/NFS/ttao/scannet/posed_images/scene0570_01/00091.jpg",
      "transform_matrix": [
        [
          -0.690442,
          0.419369,
          -0.589423,
          2.993861
        ],
        [
          0.723111,
          0.422645,
          -0.546335,
          2.44818
        ],
        [
          0.020001,
          -0.803431,
          -0.595062,
          1.48973
        ],
        [
          0.0,
          0.0,
          0.0,
          1.0
        ]
      ]
    },
    {
      "file_path": "/media/NFS/ttao/scannet/posed_images/scene0570_01/00093.jpg",
      "transform_matrix": [
        [
          -0.706721,
          0.407828,
          -0.578119,
          2.988658
        ],
        [
          0.70706,
          0.435667,
          -0.55701,
          2.431143
        ],
        [
          0.024703,
          -0.802416,
          -0.596254,
          1.483733
        ],
        [
          0.0,
          0.0,
          0.0,
          1.0
        ]
      ]
    },
    {
      "file_path": "/media/NFS/ttao/scannet/posed_images/scene0570_01/00094.jpg",
      "transform_matrix": [
        [
          -0.70981,
          0.405508,
          -0.575962,
          2.985205
        ],
        [
          0.703681,
          0.44496,
          -0.553934,
          2.420617
        ],
        [
          0.031656,
          -0.798482,
          -0.601185,
          1.481117
        ],
        [
          0.0,
          0.0,
          0.0,
          1.0
        ]
      ]
    },
    {
      "file_path": "/media/NFS/ttao/scannet/posed_images/scene0570_01/00096.jpg",
      "transform_matrix": [
        [
          -0.713385,
          0.407407,
          -0.570176,
          2.974812
        ],
        [
          0.699847,
          0.455985,
          -0.54981,
          2.401832
        ],
        [
          0.035995,
          -0.791263,
          -0.610416,
          1.482167
        ],
        [
          0.0,
          0.0,
          0.0,
          1.0
        ]
      ]
    },
    {
      "file_path": "/media/NFS/ttao/scannet/posed_images/scene0570_01/00099.jpg",
      "transform_matrix": [
        [
          -0.726286,
          0.399764,
          -0.559193,
          2.963438
        ],
        [
          0.686693,
          0.458631,
          -0.564012,
          2.381303
        ],
        [
          0.030991,
          -0.793629,
          -0.607613,
          1.482328
        ],
        [
          0.0,
          0.0,
          0.0,
          1.0
        ]
      ]
    },
    {
      "file_path": "/media/NFS/ttao/scannet/posed_images/scene0570_01/00100.jpg",
      "transform_matrix": [
        [
          -0.729616,
          0.399771,
          -0.554836,
          2.955523
        ],
        [
          0.683314,
          0.458493,
          -0.568213,
          2.376806
        ],
        [
          0.027233,
          -0.793705,
          -0.607693,
          1.484918
        ],
        [
          0.0,
          0.0,
          0.0,
          1.0
        ]
      ]
    },
    {
      "file_path": "/media/NFS/ttao/scannet/posed_images/scene0570_01/00102.jpg",
      "transform_matrix": [
        [
          -0.733913,
          0.395663,
          -0.552107,
          2.947176
        ],
        [
          0.678754,
          0.458053,
          -0.574004,
          2.363677
        ],
        [
          0.025782,
          -0.796014,
          -0.604729,
          1.48656
        ],
        [
          0.0,
          0.0,
          0.0,
          1.0
        ]
      ]
    },
    {
      "file_path": "/media/NFS/ttao/scannet/posed_images/scene0570_01/00104.jpg",
      "transform_matrix": [
        [
          -0.743956,
          0.382939,
          -0.54762,
          2.941457
        ],
        [
          0.667631,
          0.460597,
          -0.584909,
          2.353215
        ],
        [
          0.028247,
          -0.800755,
          -0.598326,
          1.485415
        ],
        [
          0.0,
          0.0,
          0.0,
          1.0
        ]
      ]
    },
    {
      "file_path": "/media/NFS/ttao/scannet/posed_images/scene0570_01/00105.jpg",
      "transform_matrix": [
        [
          -0.74699,
          0.378113,
          -0.546842,
          2.938047
        ],
        [
          0.664113,
          0.462695,
          -0.587254,
          2.346628
        ],
        [
          0.030972,
          -0.801837,
          -0.596739,
          1.485901
        ],
        [
          0.0,
          0.0,
          0.0,
          1.0
        ]
      ]
    },
    {
      "file_path": "/media/NFS/ttao/scannet/posed_images/scene0570_01/00108.jpg",
      "transform_matrix": [
        [
          -0.763164,
          0.363928,
          -0.533982,
          2.927217
        ],
        [
          0.645648,
          0.463743,
          -0.606697,
          2.33139
        ],
        [
          0.026836,
          -0.807774,
          -0.588881,
          1.488816
        ],
        [
          0.0,
          0.0,
          0.0,
          1.0
        ]
      ]
    },
    {
      "file_path": "/media/NFS/ttao/scannet/posed_images/scene0570_01/00110.jpg",
      "transform_matrix": [
        [
          -0.779164,
          0.352067,
          -0.518606,
          2.920714
        ],
        [
          0.626413,
          0.467151,
          -0.624001,
          2.321827
        ],
        [
          0.022577,
          -0.811061,
          -0.584526,
          1.488055
        ],
        [
          0.0,
          0.0,
          0.0,
          1.0
        ]
      ]
    },
    {
      "file_path": "/media/NFS/ttao/scannet/posed_images/scene0570_01/00112.jpg",
      "transform_matrix": [
        [
          -0.79911,
          0.335639,
          -0.498769,
          2.91382
        ],
        [
          0.601021,
          0.465391,
          -0.649758,
          2.312986
        ],
        [
          0.014038,
          -0.818998,
          -0.573624,
          1.482787
        ],
        [
          0.0,
          0.0,
          0.0,
          1.0
        ]
      ]
    },
    {
      "file_path": "/media/NFS/ttao/scannet/posed_images/scene0570_01/00113.jpg",
      "transform_matrix": [
        [
          -0.806835,
          0.332172,
          -0.488547,
          2.911191
        ],
        [
          0.590675,
          0.468858,
          -0.656715,
          2.304409
        ],
        [
          0.010917,
          -0.818434,
          -0.574497,
          1.482402
        ],
        [
          0.0,
          0.0,
          0.0,
          1.0
        ]
      ]
    },
    {
      "file_path": "/media/NFS/ttao/scannet/posed_images/scene0570_01/00114.jpg",
      "transform_matrix": [
        [
          -0.833383,
          0.329867,
          -0.443463,
          2.885929
        ],
        [
          0.552657,
          0.487965,
          -0.675618,
          2.278168
        ],
        [
          -0.00647,
          -0.808132,
          -0.588966,
          1.472988
        ],
        [
          0.0,
          0.0,
          0.0,
          1.0
        ]
      ]
    },
    {
      "file_path": "/media/NFS/ttao/scannet/posed_images/scene0570_01/00117.jpg",
      "transform_matrix": [
        [
          -0.854836,
          0.313417,
          -0.413552,
          2.864398
        ],
        [
          0.517491,
          0.456256,
          -0.723902,
          2.270462
        ],
        [
          -0.038197,
          -0.832827,
          -0.552215,
          1.474249
        ],
        [
          0.0,
          0.0,
          0.0,
          1.0
        ]
      ]
    },
    {
      "file_path": "/media/NFS/ttao/scannet/posed_images/scene0570_01/00119.jpg",
      "transform_matrix": [
        [
          -0.872201,
          0.297941,
          -0.387938,
          2.852007
        ],
        [
          0.486977,
          0.454269,
          -0.745985,
          2.264831
        ],
        [
          -0.046032,
          -0.839566,
          -0.541304,
          1.474614
        ],
        [
          0.0,
          0.0,
          0.0,
          1.0
        ]
      ]
    },
    {
      "file_path": "/media/NFS/ttao/scannet/posed_images/scene0570_01/00121.jpg",
      "transform_matrix": [
        [
          -0.893448,
          0.275953,
          -0.354402,
          2.840572
        ],
        [
          0.447018,
          0.469184,
          -0.761605,
          2.263396
        ],
        [
          -0.043887,
          -0.838878,
          -0.542547,
          1.465428
        ],
        [
          0.0,
          0.0,
          0.0,
          1.0
        ]
      ]
    },
    {
      "file_path": "/media/NFS/ttao/scannet/posed_images/scene0570_01/00123.jpg",
      "transform_matrix": [
        [
          -0.910898,
          0.245135,
          -0.331924,
          2.830616
        ],
        [
          0.411544,
          0.48135,
          -0.773908,
          2.261501
        ],
        [
          -0.02994,
          -0.841552,
          -0.539345,
          1.461982
        ],
        [
          0.0,
          0.0,
          0.0,
          1.0
        ]
      ]
    },
    {
      "file_path": "/media/NFS/ttao/scannet/posed_images/scene0570_01/00124.jpg",
      "transform_matrix": [
        [
          -0.917603,
          0.233301,
          -0.321832,
          2.826112
        ],
        [
          0.396759,
          0.488204,
          -0.777328,
          2.261261
        ],
        [
          -0.024232,
          -0.840968,
          -0.540542,
          1.460125
        ],
        [
          0.0,
          0.0,
          0.0,
          1.0
        ]
      ]
    },
    {
      "file_path": "/media/NFS/ttao/scannet/posed_images/scene0570_01/00126.jpg",
      "transform_matrix": [
        [
          -0.929846,
          0.214706,
          -0.298811,
          2.815512
        ],
        [
          0.367598,
          0.506586,
          -0.779899,
          2.257574
        ],
        [
          -0.016076,
          -0.835028,
          -0.549973,
          1.458801
        ],
        [
          0.0,
          0.0,
          0.0,
          1.0
        ]
      ]
    },
    {
      "file_path": "/media/NFS/ttao/scannet/posed_images/scene0570_01/00128.jpg",
      "transform_matrix": [
        [
          -0.93985,
          0.197853,
          -0.278453,
          2.806996
        ],
        [
          0.341339,
          0.512851,
          -0.7877,
          2.255274
        ],
        [
          -0.013044,
          -0.835367,
          -0.549538,
          1.460612
        ],
        [
          0.0,
          0.0,
          0.0,
          1.0
        ]
      ]
    },
    {
      "file_path": "/media/NFS/ttao/scannet/posed_images/scene0570_01/00130.jpg",
      "transform_matrix": [
        [
          -0.949239,
          0.181261,
          -0.257079,
          2.797884
        ],
        [
          0.314391,
          0.520296,
          -0.794009,
          2.255367
        ],
        [
          -0.010166,
          -0.834527,
          -0.550872,
          1.463462
        ],
        [
          0.0,
          0.0,
          0.0,
          1.0
        ]
      ]
    },
    {
      "file_path": "/media/NFS/ttao/scannet/posed_images/scene0570_01/00131.jpg",
      "transform_matrix": [
        [
          -0.952926,
          0.17518,
          -0.247474,
          2.794564
        ],
        [
          0.303067,
          0.526006,
          -0.794649,
          2.256991
        ],
        [
          -0.009034,
          -0.832244,
          -0.554337,
          1.458582
        ],
        [
          0.0,
          0.0,
          0.0,
          1.0
        ]
      ]
    },
    {
      "file_path": "/media/NFS/ttao/scannet/posed_images/scene0570_01/00133.jpg",
      "transform_matrix": [
        [
          -0.959211,
          0.169097,
          -0.226542,
          2.788927
        ],
        [
          0.282486,
          0.542752,
          -0.790962,
          2.253571
        ],
        [
          -0.010794,
          -0.822694,
          -0.568381,
          1.451568
        ],
        [
          0.0,
          0.0,
          0.0,
          1.0
        ]
      ]
    },
    {
      "file_path": "/media/NFS/ttao/scannet/posed_images/scene0570_01/00135.jpg",
      "transform_matrix": [
        [
          -0.965744,
          0.164943,
          -0.200332,
          2.785262
        ],
        [
          0.258862,
          0.55832,
          -0.788207,
          2.24816
        ],
        [
          -0.01816,
          -0.813064,
          -0.581891,
          1.44717
        ],
        [
          0.0,
          0.0,
          0.0,
          1.0
        ]
      ]
    },
    {
      "file_path": "/media/NFS/ttao/scannet/posed_images/scene0570_01/00137.jpg",
      "transform_matrix": [
        [
          -0.971339,
          0.158101,
          -0.177495,
          2.781888
        ],
        [
          0.236524,
          0.568763,
          -0.787759,
          2.240763
        ],
        [
          -0.023593,
          -0.807163,
          -0.589857,
          1.439626
        ],
        [
          0.0,
          0.0,
          0.0,
          1.0
        ]
      ]
    },
    {
      "file_path": "/media/NFS/ttao/scannet/posed_images/scene0570_01/00139.jpg",
      "transform_matrix": [
        [
          -0.976811,
          0.138595,
          -0.163194,
          2.777549
        ],
        [
          0.213903,
          0.598691,
          -0.77189,
          2.218967
        ],
        [
          -0.009278,
          -0.788898,
          -0.614453,
          1.429943
        ],
        [
          0.0,
          0.0,
          0.0,
          1.0
        ]
      ]
    },
    {
      "file_path": "/media/NFS/ttao/scannet/posed_images/scene0570_01/00141.jpg",
      "transform_matrix": [
        [
          -0.97792,
          0.131912,
          -0.162084,
          2.775576
        ],
        [
          0.208978,
          0.618765,
          -0.757271,
          2.198818
        ],
        [
          0.000398,
          -0.774422,
          -0.632669,
          1.430171
        ],
        [
          0.0,
          0.0,
          0.0,
          1.0
        ]
      ]
    },
    {
      "file_path": "/media/NFS/ttao/scannet/posed_images/scene0570_01/00142.jpg",
      "transform_matrix": [
        [
          -0.978444,
          0.130032,
          -0.160435,
          2.774253
        ],
        [
          0.206503,
          0.623563,
          -0.754007,
          2.189562
        ],
        [
          0.001996,
          -0.770884,
          -0.636973,
