{
  "frames": [
    {
      "file_path": "/media/NFS/ttao/scannet/posed_images/scene0261_02/00000.jpg",
      "transform_matrix": [
        [
          0.777552,
          0.176845,
          -0.603439,
          2.164454
        ],
        [
          0.628535,
          -0.247401,
          0.737385,
          1.570326
        ],
        [
          -0.018889,
          -0.952638,
          -0.30352,
          1.405384
        ],
        [
          0.0,
          0.0,
          0.0,
          1.0
        ]
      ]
    },
    {
      "file_path": "/media/NFS/ttao/scannet/posed_images/scene0261_02/00011.jpg",
      "transform_matrix": [
        [
          0.795403,
          0.194328,
          -0.574082,
          2.194477
        ],
        [
          0.605962,
          -0.236204,
          0.759617,
          1.488697
        ],
        [
          0.012014,
          -0.952074,
          -0.305632,
          1.403984
        ],
        [
          0.0,
          0.0,
          0.0,
          1.0
        ]
      ]
    },
    {
      "file_path": "/media/NFS/ttao/scannet/posed_images/scene0261_02/00020.jpg",
      "transform_matrix": [
        [
          0.795547,
          0.180528,
          -0.578372,
          2.247852
        ],
        [
          0.605635,
          -0.209157,
          0.767763,
          1.454075
        ],
        [
          0.017632,
          -0.961074,
          -0.275728,
          1.418025
        ],
        [
          0.0,
          0.0,
          0.0,
          1.0
        ]
      ]
    },
    {
      "file_path": "/media/NFS/ttao/scannet/posed_images/scene0261_02/00026.jpg",
      "transform_matrix": [
        [
          0.785994,
          0.160947,
          -0.596917,
          2.302952
        ],
        [
          0.617886,
          -0.172077,
          0.767207,
          1.461971
        ],
        [
          0.020764,
          -0.971846,
          -0.234698,
          1.457527
        ],
        [
          0.0,
          0.0,
          0.0,
          1.0
        ]
      ]
    },
    {
      "file_path": "/media/NFS/ttao/scannet/posed_images/scene0261_02/00037.jpg",
      "transform_matrix": [
        [
          0.811725,
          0.093241,
          -0.576549,
          2.391529
        ],
        [
          0.583028,
          -0.071287,
          0.809319,
          1.472249
        ],
        [
          0.034361,
          -0.993088,
          -0.112228,
          1.521149
        ],
        [
          0.0,
          0.0,
          0.0,
          1.0
        ]
      ]
    },
    {
      "file_path": "/media/NFS/ttao/scannet/posed_images/scene0261_02/00049.jpg",
      "transform_matrix": [
        [
          0.868347,
          0.045806,
          -0.493837,
          2.403441
        ],
        [
          0.493052,
          0.027884,
          0.869553,
          1.455508
        ],
        [
          0.053601,
          -0.998561,
          0.001628,
          1.583079
        ],
        [
          0.0,
          0.0,
          0.0,
          1.0
        ]
      ]
    },
    {
      "file_path": "/media/NFS/ttao/scannet/posed_images/scene0261_02/00054.jpg",
      "transform_matrix": [
        [
          0.892213,
          0.029551,
          -0.450647,
          2.392099
        ],
        [
          0.44952,
          0.03789,
          0.892466,
          1.453688
        ],
        [
          0.043448,
          -0.998845,
          0.020522,
          1.603724
        ],
        [
          0.0,
          0.0,
          0.0,
          1.0
        ]
      ]
    },
    {
      "file_path": "/media/NFS/ttao/scannet/posed_images/scene0261_02/00069.jpg",
      "transform_matrix": [
        [
          0.956947,
          -0.034281,
          -0.288232,
          2.356
        ],
        [
          0.290178,
          0.088816,
          0.952842,
          1.439182
        ],
        [
          -0.007065,
          -0.995458,
          0.09494,
          1.70262
        ],
        [
          0.0,
          0.0,
          0.0,
          1.0
        ]
      ]
    },
    {
      "file_path": "/media/NFS/ttao/scannet/posed_images/scene0261_02/00080.jpg",
      "transform_matrix": [
        [
          0.972152,
          -0.02079,
          -0.233426,
          2.345664
        ],
        [
          0.234349,
          0.089139,
          0.968057,
          1.422377
        ],
        [
          0.000682,
          -0.995802,
          0.091528,
          1.676729
        ],
        [
          0.0,
          0.0,
          0.0,
          1.0
        ]
      ]
    },
    {
      "file_path": "/media/NFS/ttao/scannet/posed_images/scene0261_02/00089.jpg",
      "transform_matrix": [
        [
          0.979124,
          0.004563,
          -0.203214,
          2.348803
        ],
        [
          0.203136,
          0.013604,
          0.979056,
          1.433345
        ],
        [
          0.007232,
          -0.999897,
          0.012394,
          1.623283
        ],
        [
          0.0,
          0.0,
          0.0,
          1.0
        ]
      ]
    },
    {
      "file_path": "/media/NFS/ttao/scannet/posed_images/scene0261_02/00100.jpg",
      "transform_matrix": [
        [
          0.975652,
          0.029494,
          -0.217332,
          2.365928
        ],
        [
          0.218821,
          -0.063797,
          0.973677,
          1.450185
        ],
        [
          0.014852,
          -0.997527,
          -0.068698,
          1.557199
        ],
        [
          0.0,
          0.0,
          0.0,
          1.0
        ]
      ]
    },
    {
      "file_path": "/media/NFS/ttao/scannet/posed_images/scene0261_02/00103.jpg",
      "transform_matrix": [
        [
          0.973973,
          0.03843,
          -0.223381,
          2.374425
        ],
        [
          0.225681,
          -0.072781,
          0.971479,
          1.454868
        ],
        [
          0.021076,
          -0.996607,
          -0.07956,
          1.548881
        ],
        [
          0.0,
          0.0,
          0.0,
          1.0
        ]
      ]
    },
    {
      "file_path": "/media/NFS/ttao/scannet/posed_images/scene0261_02/00112.jpg",
      "transform_matrix": [
        [
          0.97539,
          0.039245,
          -0.216968,
          2.411658
        ],
        [
          0.218886,
          -0.053895,
          0.974261,
          1.474588
        ],
        [
          0.026541,
          -0.997775,
          -0.061158,
          1.548134
        ],
        [
          0.0,
          0.0,
          0.0,
          1.0
        ]
      ]
    },
    {
      "file_path": "/media/NFS/ttao/scannet/posed_images/scene0261_02/00123.jpg",
      "transform_matrix": [
        [
          0.985188,
          0.052701,
          -0.163179,
          2.369121
        ],
        [
          0.160387,
          0.053478,
          0.985604,
          1.488538
        ],
        [
          0.060669,
          -0.997177,
          0.044234,
          1.598068
        ],
        [
          0.0,
          0.0,
          0.0,
          1.0
        ]
      ]
    },
    {
      "file_path": "/media/NFS/ttao/scannet/posed_images/scene0261_02/00135.jpg",
      "transform_matrix": [
        [
          0.999309,
          0.00786,
          -0.036338,
          2.218104
        ],
        [
          0.034833,
          0.143696,
          0.989009,
          1.467302
        ],
        [
          0.012995,
          -0.989591,
          0.143322,
          1.651532
        ],
        [
          0.0,
          0.0,
          0.0,
          1.0
        ]
      ]
    },
    {
      "file_path": "/media/NFS/ttao/scannet/posed_images/scene0261_02/00146.jpg",
      "transform_matrix": [
        [
          0.991896,
          0.049007,
          0.117218,
          2.120471
        ],
        [
          -0.121853,
          0.105768,
          0.986897,
          1.512182
        ],
        [
          0.035967,
          -0.993182,
          0.110883,
          1.615335
        ],
        [
          0.0,
          0.0,
          0.0,
          1.0
        ]
      ]
    },
    {
      "file_path": "/media/NFS/ttao/scannet/posed_images/scene0261_02/00155.jpg",
      "transform_matrix": [
        [
          0.991235,
          -0.020884,
          0.130452,
          2.046038
        ],
        [
          -0.127319,
          0.112588,
          0.985451,
          1.563412
        ],
        [
          -0.035267,
          -0.993422,
          0.108942,
          1.616186
        ],
        [
          0.0,
          0.0,
          0.0,
          1.0
        ]
      ]
    },
    {
      "file_path": "/media/NFS/ttao/scannet/posed_images/scene0261_02/00161.jpg",
      "transform_matrix": [
        [
          0.987792,
          -0.014419,
          0.155114,
          2.007212
        ],
        [
          -0.153092,
          0.094395,
          0.983693,
          1.593122
        ],
        [
          -0.028825,
          -0.99543,
          0.091035,
          1.610184
        ],
        [
          0.0,
          0.0,
          0.0,
          1.0
        ]
      ]
    },
    {
      "file_path": "/media/NFS/ttao/scannet/posed_images/scene0261_02/00178.jpg",
      "transform_matrix": [
        [
          0.901157,
          -0.020407,
          0.433011,
          1.80776
        ],
        [
          -0.43349,
          -0.045511,
          0.900008,
          1.570263
        ],
        [
          0.00134,
          -0.998755,
          -0.049859,
          1.572545
        ],
        [
          0.0,
          0.0,
          0.0,
          1.0
        ]
      ]
    },
    {
      "file_path": "/media/NFS/ttao/scannet/posed_images/scene0261_02/00186.jpg",
      "transform_matrix": [
        [
          0.840729,
          -0.014251,
          0.541269,
          1.746797
        ],
        [
          -0.540524,
          -0.080763,
          0.837444,
          1.536678
        ],
        [
          0.03178,
          -0.996632,
          -0.075603,
          1.579248
        ],
        [
          0.0,
          0.0,
          0.0,
          1.0
        ]
      ]
    },
    {
      "file_path": "/media/NFS/ttao/scannet/posed_images/scene0261_02/00192.jpg",
      "transform_matrix": [
        [
          0.799374,
          0.006349,
          0.6008,
          1.733775
        ],
        [
          -0.599136,
          -0.066688,
          0.797865,
          1.520609
        ],
        [
          0.045132,
          -0.997754,
          -0.049505,
          1.568544
        ],
        [
          0.0,
          0.0,
          0.0,
          1.0
        ]
      ]
    },
    {
      "file_path": "/media/NFS/ttao/scannet/posed_images/scene0261_02/00206.jpg",
      "transform_matrix": [
        [
          0.749805,
          -0.017415,
          0.66143,
          1.757251
        ],
        [
          -0.661453,
          -0.044666,
          0.748655,
          1.493233
        ],
        [
          0.016506,
          -0.99885,
          -0.045011,
          1.562843
        ],
        [
          0.0,
          0.0,
          0.0,
          1.0
        ]
      ]
    },
    {
      "file_path": "/media/NFS/ttao/scannet/posed_images/scene0261_02/00212.jpg",
      "transform_matrix": [
        [
          0.760808,
          -0.051463,
          0.646933,
          1.77289
        ],
        [
          -0.648966,
          -0.066246,
          0.757928,
          1.467881
        ],
        [
          0.003852,
          -0.996475,
          -0.083798,
          1.539341
        ],
        [
          0.0,
          0.0,
          0.0,
          1.0
        ]
      ]
    },
    {
      "file_path": "/media/NFS/ttao/scannet/posed_images/scene0261_02/00218.jpg",
      "transform_matrix": [
        [
          0.766171,
          -0.087879,
          0.6366,
          1.781526
        ],
        [
          -0.642636,
          -0.10364,
          0.75913,
          1.448355
        ],
        [
          -0.000734,
          -0.990725,
          -0.13588,
          1.505775
        ],
        [
          0.0,
          0.0,
          0.0,
          1.0
        ]
      ]
    },
    {
      "file_path": "/media/NFS/ttao/scannet/posed_images/scene0261_02/00235.jpg",
      "transform_matrix": [
        [
          0.731674,
          -0.188625,
          0.655037,
          1.775244
        ],
        [
          -0.681337,
          -0.231707,
          0.694329,
          1.440224
        ],
        [
          0.020809,
          -0.954323,
          -0.298051,
          1.433722
        ],
        [
          0.0,
          0.0,
          0.0,
          1.0
        ]
      ]
    },
    {
      "file_path": "/media/NFS/ttao/scannet/posed_images/scene0261_02/00238.jpg",
      "transform_matrix": [
        [
          0.728223,
          -0.212029,
          0.651717,
          1.76448
        ],
        [
          -0.685174,
          -0.246198,
          0.68551,
          1.439126
        ],
        [
          0.015103,
          -0.945743,
          -0.324563,
          1.421207
        ],
        [
          0.0,
          0.0,
          0.0,
          1.0
        ]
      ]
    },
    {
      "file_path": "/media/NFS/ttao/scannet/posed_images/scene0261_02/00249.jpg",
      "transform_matrix": [
        [
          0.669131,
          -0.320438,
          0.67051,
          1.727958
        ],
        [
          -0.743081,
          -0.27672,
          0.609308,
          1.427677
        ],
        [
          -0.009702,
          -0.90595,
          -0.423273,
          1.377903
        ],
        [
          0.0,
          0.0,
          0.0,
          1.0
        ]
      ]
    },
    {
      "file_path": "/media/NFS/ttao/scannet/posed_images/scene0261_02/00261.jpg",
      "transform_matrix": [
        [
          0.632072,
          -0.382723,
          0.673802,
          1.71064
        ],
        [
          -0.7749,
          -0.316596,
          0.547081,
          1.417044
        ],
        [
          0.003943,
          -0.867923,
          -0.496683,
          1.321857
        ],
        [
          0.0,
          0.0,
          0.0,
          1.0
        ]
      ]
    },
    {
      "file_path": "/media/NFS/ttao/scannet/posed_images/scene0261_02/00272.jpg",
      "transform_matrix": [
        [
          0.656031,
          -0.306977,
          0.689485,
          1.715803
        ],
        [
          -0.754734,
          -0.267558,
          0.59899,
          1.424039
        ],
        [
          0.000601,
          -0.913333,
          -0.407212,
          1.366053
        ],
        [
          0.0,
          0.0,
          0.0,
          1.0
        ]
      ]
    },
    {
      "file_path": "/media/NFS/ttao/scannet/posed_images/scene0261_02/00275.jpg",
      "transform_matrix": [
        [
          0.662413,
          -0.283275,
          0.693516,
          1.723434
        ],
        [
          -0.749138,
          -0.251944,
          0.612631,
          1.425629
        ],
        [
          0.001184,
          -0.925354,
          -0.379103,
          1.385865
        ],
        [
          0.0,
          0.0,
          0.0,
          1.0
        ]
      ]
    },
    {
      "file_path": "/media/NFS/ttao/scannet/posed_images/scene0261_02/00284.jpg",
      "transform_matrix": [
        [
          0.722877,
          -0.203833,
          0.660228,
          1.754384
        ],
        [
          -0.690931,
          -0.202195,
          0.694069,
          1.418593
        ],
        [
          -0.00798,
          -0.957898,
          -0.286996,
          1.425548
        ],
        [
          0.0,
          0.0,
          0.0,
          1.0
        ]
      ]
    },
    {
      "file_path": "/media/NFS/ttao/scannet/posed_images/scene0261_02/00301.jpg",
      "transform_matrix": [
        [
          0.874004,
          -0.125189,
          0.469516,
          1.889865
        ],
        [
          -0.485595,
          -0.260306,
          0.834529,
          1.369543
        ],
        [
          0.017744,
          -0.957376,
          -0.2883,
          1.422142
        ],
        [
          0.0,
          0.0,
          0.0,
          1.0
        ]
      ]
    },
    {
      "file_path": "/media/NFS/ttao/scannet/posed_images/scene0261_02/00310.jpg",
      "transform_matrix": [
        [
          0.907118,
          -0.156815,
          0.390571,
          1.898824
        ],
        [
          -0.420733,
          -0.313706,
          0.851218,
          1.334312
        ],
        [
          -0.010959,
          -0.936481,
          -0.350546,
          1.404298
        ],
        [
          0.0,
          0.0,
          0.0,
          1.0
        ]
      ]
    },
    {
      "file_path": "/media/NFS/ttao/scannet/posed_images/scene0261_02/00313.jpg",
      "transform_matrix": [
        [
          0.909088,
          -0.167012,
          0.381661,
          1.888106
        ],
        [
          -0.416257,
          -0.326808,
          0.848485,
          1.326644
        ],
        [
          -0.016978,
          -0.930217,
          -0.366618,
          1.40263
        ],
        [
          0.0,
          0.0,
          0.0,
          1.0
        ]
      ]
    },
    {
      "file_path": "/media/NFS/ttao/scannet/posed_images/scene0261_02/00324.jpg",
      "transform_matrix": [
        [
          0.938879,
          -0.109432,
          0.32639,
          1.800851
        ],
        [
          -0.342904,
          -0.380952,
          0.858658,
          1.283034
        ],
        [
          0.030374,
          -0.918096,
          -0.395193,
          1.37303
        ],
        [
          0.0,
          0.0,
          0.0,
          1.0
        ]
      ]
    },
    {
      "file_path": "/media/NFS/ttao/scannet/posed_images/scene0261_02/00338.jpg",
      "transform_matrix": [
        [
          0.933048,
          -0.09861,
          0.345973,
          1.657688
        ],
        [
          -0.355294,
          -0.403522,
          0.843171,
          1.261506
        ],
        [
          0.056462,
          -0.909641,
          -0.411541,
          1.349594
        ],
        [
          0.0,
          0.0,
          0.0,
          1.0
        ]
      ]
    },
    {
      "file_path": "/media/NFS/ttao/scannet/posed_images/scene0261_02/00344.jpg",
      "transform_matrix": [
        [
          0.936423,
          -0.089027,
          0.33939,
          1.635382
        ],
        [
          -0.346638,
          -0.384544,
          0.855551,
          1.254385
        ],
        [
          0.054343,
          -0.918804,
          -0.390956,
          1.341611
        ],
        [
          0.0,
          0.0,
          0.0,
          1.0
        ]
      ]
    },
    {
      "file_path": "/media/NFS/ttao/scannet/posed_images/scene0261_02/00358.jpg",
      "transform_matrix": [
        [
          0.913483,
          -0.106267,
          0.392755,
          1.671563
        ],
        [
          -0.402932,
          -0.370363,
          0.836945,
          1.286709
        ],
        [
          0.056523,
          -0.922788,
          -0.381139,
          1.344851
        ],
        [
          0.0,
          0.0,
          0.0,
          1.0
        ]
      ]
    },
    {
      "file_path": "/media/NFS/ttao/scannet/posed_images/scene0261_02/00367.jpg",
      "transform_matrix": [
        [
          0.932584,
          -0.123771,
          0.339069,
          1.682086
        ],
        [
          -0.360343,
          -0.373804,
          0.854648,
          1.273934
        ],
        [
          0.020965,
          -0.919212,
          -0.393204,
          1.346818
        ],
        [
          0.0,
          0.0,
          0.0,
          1.0
        ]
      ]
    },
    {
      "file_path": "/media/NFS/ttao/scannet/posed_images/scene0261_02/00378.jpg",
      "transform_matrix": [
        [
          0.928738,
          -0.169764,
          0.329585,
          1.715945
        ],
        [
          -0.370466,
          -0.390964,
          0.842557,
          1.275643
        ],
        [
          -0.01418,
          -0.904614,
          -0.425995,
          1.330073
        ],
        [
          0.0,
          0.0,
          0.0,
          1.0
        ]
      ]
    },
    {
      "file_path": "/media/NFS/ttao/scannet/posed_images/scene0261_02/00381.jpg",
      "transform_matrix": [
        [
          0.934062,
          -0.177084,
          0.310111,
          1.736521
        ],
        [
          -0.355892,
          -0.389944,
          0.849285,
          1.285906
        ],
        [
          -0.029469,
          -0.903651,
          -0.427255,
          1.325388
        ],
        [
          0.0,
          0.0,
          0.0,
          1.0
        ]
      ]
    },
    {
      "file_path": "/media/NFS/ttao/scannet/posed_images/scene0261_02/00396.jpg",
      "transform_matrix": [
        [
          0.990069,
          -0.080566,
          0.115204,
          1.844062
        ],
        [
          -0.1367,
          -0.360542,
          0.922671,
          1.323384
        ],
        [
          -0.0328,
          -0.929257,
          -0.367975,
          1.380271
        ],
        [
          0.0,
          0.0,
          0.0,
          1.0
        ]
      ]
    },
    {
      "file_path": "/media/NFS/ttao/scannet/posed_images/scene0261_02/00401.jpg",
      "transform_matrix": [
        [
          0.989926,
          -0.083973,
          0.113993,
          1.87592
        ],
        [
          -0.137075,
          -0.366878,
          0.920115,
          1.338942
        ],
        [
          -0.035443,
          -0.926471,
          -0.374693,
          1.385065
        ],
        [
          0.0,
          0.0,
          0.0,
          1.0
        ]
      ]
    },
    {
      "file_path": "/media/NFS/ttao/scannet/posed_images/scene0261_02/00413.jpg",
      "transform_matrix": [
        [
          0.997362,
          0.030466,
          -0.065888,
          1.974805
        ],
        [
          0.07234,
          -0.341763,
          0.936998,
          1.349774
        ],
        [
          0.006028,
          -0.939292,
          -0.343065,
          1.398686
        ],
        [
          0.0,
          0.0,
          0.0,
          1.0
        ]
      ]
    },
    {
      "file_path": "/media/NFS/ttao/scannet/posed_images/scene0261_02/00419.jpg",
      "transform_matrix": [
        [
          0.988337,
          0.056213,
          -0.141525,
          2.051495
        ],
        [
          0.152023,
          -0.310236,
          0.938425,
          1.351749
        ],
        [
          0.008845,
          -0.948996,
          -0.315164,
          1.426308
        ],
        [
          0.0,
          0.0,
          0.0,
          1.0
        ]
      ]
    },
    {
      "file_path": "/media/NFS/ttao/scannet/posed_images/scene0261_02/00427.jpg",
      "transform_matrix": [
        [
          0.946326,
          0.07881,
          -0.313459,
          2.12941
        ],
        [
          0.323184,
          -0.244187,
          0.914289,
          1.335739
        ],
        [
          -0.004487,
          -0.96652,
          -0.25655,
          1.466174
        ],
        [
          0.0,
          0.0,
          0.0,
          1.0
        ]
      ]
    },
    {
      "file_path": "/media/NFS/ttao/scannet/posed_images/scene0261_02/00444.jpg",
      "transform_matrix": [
        [
          0.791004,
          0.158141,
          -0.591019,
          2.327295
        ],
        [
          0.611278,
          -0.24458,
          0.752675,
          1.312917
        ],
        [
          -0.025523,
          -0.956646,
          -0.290132,
          1.432408
        ],
        [
          0.0,
          0.0,
          0.0,
          1.0
        ]
      ]
    },
    {
      "file_path": "/media/NFS/ttao/scannet/posed_images/scene0261_02/00447.jpg",
      "transform_matrix": [
        [
          0.77826,
          0.154285,
          -0.608694,
          2.354112
        ],
        [
          0.627114,
          -0.240745,
          0.74079,
          1.323106
        ],
        [
          -0.032247,
          -0.958247,
          -0.284117,
          1.424588
        ],
        [
          0.0,
          0.0,
          0.0,
          1.0
        ]
      ]
    },
    {
      "file_path": "/media/NFS/ttao/scannet/posed_images/scene0261_02/00459.jpg",
      "transform_matrix": [
        [
          0.719493,
          0.211871,
          -0.661393,
          2.385748
        ],
        [
          0.694493,
          -0.223744,
          0.683826,
          1.400528
        ],
        [
          -0.003099,
          -0.951341,
          -0.308125,
          1.382963
        ],
        [
          0.0,
          0.0,
          0.0,
          1.0
        ]
      ]
    },
    {
      "file_path": "/media/NFS/ttao/scannet/posed_images/scene0261_02/00470.jpg",
      "transform_matrix": [
        [
          0.669177,
          0.257504,
          -0.697061,
          2.389282
        ],
        [
          0.743098,
          -0.235412,
          0.626408,
          1.480949
        ],
        [
          -0.002794,
          -0.937162,
          -0.348883,
          1.377302
        ],
        [
          0.0,
          0.0,
          0.0,
          1.0
        ]
      ]
    },
    {
      "file_path": "/media/NFS/ttao/scannet/posed_images/scene0261_02/00479.jpg",
      "transform_matrix": [
        [
          0.643833,
          0.274231,
          -0.714337,
          2.414122
        ],
        [
          0.76515,
          -0.236932,
          0.598673,
          1.511164
        ],
        [
          -0.005074,
          -0.93202,
          -0.362372,
          1.363073
        ],
        [
          0.0,
          0.0,
          0.0,
          1.0
        ]
      ]
    },
    {
      "file_path": "/media/NFS/ttao/scannet/posed_images/scene0261_02/00493.jpg",
      "transform_matrix": [
        [
          0.543938,
          0.340404,
          -0.766979,
          2.515131
        ],
        [
          0.839104,
          -0.214099,
          0.500067,
          1.543598
        ],
        [
          0.006015,
          -0.91558,
          -0.402091,
          1.355899
        ],
        [
          0.0,
          0.0,
          0.0,
          1.0
        ]
      ]
    },
    {
      "file_path": "/media/NFS/ttao/scannet/posed_images/scene0261_02/00496.jpg",
      "transform_matrix": [
        [
          0.543791,
          0.342112,
          -0.766323,
          2.534982
        ],
        [
          0.839209,
          -0.216773,
          0.498737,
          1.551101
        ],
        [
          0.004505,
          -0.914313,
          -0.404982,
          1.352156
        ],
        [
          0.0,
          0.0,
          0.0,
          1.0
        ]
      ]
    },
    {
      "file_path": "/media/NFS/ttao/scannet/posed_images/scene0261_02/00505.jpg",
      "transform_matrix": [
        [
          0.547769,
          0.302843,
          -0.779894,
          2.567888
        ],
        [
          0.836596,
          -0.206701,
          0.507329,
          1.564654
        ],
        [
          -0.007564,
          -0.930355,
          -0.366582,
          1.370528
        ],
        [
          0.0,
          0.0,
          0.0,
          1.0
        ]
      ]
    },
    {
      "file_path": "/media/NFS/ttao/scannet/posed_images/scene0261_02/00522.jpg",
      "transform_matrix": [
        [
          0.488046,
          0.386212,
          -0.782721,
          2.576381
        ],
        [
          0.872437,
          -0.242355,
          0.424403,
          1.543785
        ],
        [
          -0.025787,
          -0.890002,
          -0.455226,
          1.325094
        ],
        [
          0.0,
          0.0,
          0.0,
          1.0
        ]
      ]
    },
    {
      "file_path": "/media/NFS/ttao/scannet/posed_images/scene0261_02/00530.jpg",
      "transform_matrix": [
        [
          0.49896,
          0.358692,
          -0.78891,
          2.555136
        ],
        [
          0.866402,
          -0.185815,
          0.463487,
          1.527337
        ],
        [
          0.019658,
          -0.914775,
          -0.403486,
          1.340696
        ],
        [
          0.0,
          0.0,
          0.0,
          1.0
        ]
      ]
    },
    {
      "file_path": "/media/NFS/ttao/scannet/posed_images/scene0261_02/00533.jpg",
      "transform_matrix": [
        [
          0.523705,
          0.364775,
          -0.769852,
          2.53223
        ],
        [
          0.850754,
          -0.177089,
          0.494831,
          1.509847
        ],
        [
          0.04417,
          -0.9141,
          -0.403076,
          1.341823
        ],
        [
          0.0,
          0.0,
          0.0,
          1.0
        ]
      ]
    },
    {
      "file_path": "/media/NFS/ttao/scannet/posed_images/scene0261_02/00542.jpg",
      "transform_matrix": [
        [
          0.586622,
          0.315117,
          -0.74604,
          2.443326
        ],
        [
          0.806271,
          -0.140595,
          0.574596,
          1.441768
        ],
        [
          0.076175,
          -0.938581,
          -0.336546,
          1.370055
        ],
        [
          0.0,
          0.0,
          0.0,
          1.0
        ]
      ]
    },
    {
      "file_path": "/media/NFS/ttao/scannet/posed_images/scene0261_02/00553.jpg",
      "transform_matrix": [
        [
          0.572922,
          0.329504,
          -0.750458,
          2.369721
        ],
        [
          0.81938,
          -0.208548,
          0.533971,
          1.4074
        ],
        [
          0.019439,
          -0.920834,
          -0.389471,
          1.35758
        ],
        [
          0.0,
          0.0,
          0.0,
          1.0
        ]
      ]
    },
    {
      "file_path": "/media/NFS/ttao/scannet/posed_images/scene0261_02/00568.jpg",
      "transform_matrix": [
        [
          0.571785,
          0.257321,
          -0.779004,
          2.468146
        ],
        [
          0.817688,
          -0.255945,
          0.515635,
          1.507365
        ],
        [
          -0.066698,
          -0.931814,
          -0.356754,
          1.369759
        ],
        [
          0.0,
          0.0,
          0.0,
          1.0
        ]
      ]
    },
    {
      "file_path": "/media/NFS/ttao/scannet/posed_images/scene0261_02/00573.jpg",
      "transform_matrix": [
        [
          0.527802,
          0.238972,
          -0.815057,
          2.526175
        ],
        [
          0.84604,
          -0.232775,
          0.479616,
          1.561385
        ],
        [
          -0.07511,
          -0.942713,
          -0.325039,
          1.352669
        ],
        [
          0.0,
          0.0,
          0.0,
          1.0
        ]
      ]
    },
    {
      "file_path": "/media/NFS/ttao/scannet/posed_images/scene0261_02/00582.jpg",
      "transform_matrix": [
        [
          0.472013,
          0.329603,
          -0.817659,
          2.58931
        ],
        [
          0.881517,
          -0.164417,
          0.4426,
          1.655968
        ],
        [
          0.011445,
          -0.929693,
          -0.368158,
          1.321358
        ],
        [
          0.0,
          0.0,
          0.0,
          1.0
        ]
      ]
    },
    {
      "file_path": "/media/NFS/ttao/scannet/posed_images/scene0261_02/00596.jpg",
      "transform_matrix": [
        [
          0.527937,
          0.302471,
          -0.793595,
          2.619097
        ],
        [
          0.849044,
          -0.165796,
          0.501633,
          1.723453
        ],
        [
          0.020155,
          -0.938628,
          -0.344341,
          1.345196
        ],
        [
          0.0,
          0.0,
          0.0,
          1.0
        ]
      ]
    },
    {
      "file_path": "/media/NFS/ttao/scannet/posed_images/scene0261_02/00608.jpg",
      "transform_matrix": [
        [
          0.560831,
          0.253122,
          -0.788288,
          2.580968
        ],
        [
          0.826289,
          -0.111205,
          0.552159,
          1.68577
        ],
        [
          0.052102,
          -0.961022,
          -0.271519,
          1.387113
        ],
        [
          0.0,
          0.0,
          0.0,
          1.0
        ]
      ]
    },
    {
      "file_path": "/media/NFS/ttao/scannet/posed_images/scene0261_02/00611.jpg",
      "transform_matrix": [
        [
          0.581013,
          0.24227,
          -0.777,
          2.558913
        ],
        [
          0.81226,
          -0.112123,
          0.572419,
          1.664321
        ],
        [
          0.05156,
          -0.963708,
          -0.261931,
          1.403878
        ],
        [
          0.0,
          0.0,
          0.0,
          1.0
        ]
      ]
    },
    {
      "file_path": "/media/NFS/ttao/scannet/posed_images/scene0261_02/00619.jpg",
      "transform_matrix": [
        [
          0.686661,
          0.185136,
          -0.703009,
          2.46286
        ],
        [
          0.726259,
          -0.131705,
          0.674686,
          1.567519
        ],
        [
          0.032319,
          -0.973847,
          -0.224894,
          1.432312
        ],
        [
          0.0,
          0.0,
          0.0,
          1.0
        ]
      ]
    },
    {
      "file_path": "/media/NFS/ttao/scannet/posed_images/scene0261_02/00634.jpg",
      "transform_matrix": [
        [
          0.781873,
          0.237689,
          -0.576349,
          2.244511
        ],
        [
          0.619709,
          -0.195346,
          0.760132,
          1.321094
        ],
        [
          0.068088,
          -0.951496,
          -0.300034,
          1.378413
        ],
        [
          0.0,
          0.0,
          0.0,
          1.0
        ]
      ]
    },
    {
      "file_path": "/media/NFS/ttao/scannet/posed_images/scene0261_02/00639.jpg",
      "transform_matrix": [
        [
          0.786073,
          0.228044,
          -0.57453,
          2.196262
        ],
        [
          0.613796,
          -0.17805,
          0.769125,
          1.257733
        ],
        [
          0.073099,
          -0.957233,
          -0.279933,
          1.368306
        ],
        [
          0.0,
          0.0,
          0.0,
          1.0
        ]
      ]
    },
    {
      "file_path": "/media/NFS/ttao/scannet/posed_images/scene0261_02/00654.jpg",
      "transform_matrix": [
        [
          0.729751,
          0.295545,
          -0.616537,
          2.157511
        ],
        [
          0.676576,
          -0.182191,
          0.713479,
          1.184475
        ],
        [
          0.098538,
          -0.937795,
          -0.332912,
          1.332002
        ],
        [
          0.0,
          0.0,
          0.0,
          1.0
        ]
      ]
    },
    {
      "file_path": "/media/NFS/ttao/scannet/posed_images/scene0261_02/00665.jpg",
      "transform_matrix": [
        [
          0.69864,
          0.34027,
          -0.62938,
          2.128618
        ],
        [
          0.706227,
          -0.187003,
          0.682842,
          1.179271
        ],
        [
          0.114655,
          -0.921546,
          -0.370955,
          1.313464
        ],
        [
          0.0,
          0.0,
          0.0,
          1.0
        ]
      ]
    },
    {
      "file_path": "/media/NFS/ttao/scannet/posed_images/scene0261_02/00674.jpg",
      "transform_matrix": [
        [
          0.726235,
          0.265983,
          -0.633905,
          2.077276
        ],
        [
          0.684047,
          -0.188006,
          0.704794,
          1.223938
        ],
        [
          0.068285,
          -0.945466,
          -0.318482,
          1.353821
        ],
        [
          0.0,
          0.0,
          0.0,
          1.0
        ]
      ]
    },
    {
      "file_path": "/media/NFS/ttao/scannet/posed_images/scene0261_02/00682.jpg",
      "transform_matrix": [
        [
          0.754184,
          0.229556,
          -0.615232,
          2.004704
        ],
        [
          0.65469,
          -0.190273,
          0.731559,
          1.240829
        ],
        [
          0.050871,
          -0.954516,
          -0.293789,
          1.364918
        ],
        [
          0.0,
          0.0,
          0.0,
          1.0
        ]
      ]
    },
    {
      "file_path": "/media/NFS/ttao/scannet/posed_images/scene0261_02/00685.jpg",
      "transform_matrix": [
        [
          0.760134,
          0.222546,
          -0.610467,
          1.983414
        ],
        [
          0.648342,
          -0.197585,
          0.735264,
          1.241656
        ],
        [
          0.04301,
          -0.95469,
          -0.294477,
          1.370005
        ],
        [
          0.0,
          0.0,
          0.0,
          1.0
        ]
      ]
    },
    {
      "file_path": "/media/NFS/ttao/scannet/posed_images/scene0261_02/00700.jpg",
      "transform_matrix": [
        [
          0.826283,
          0.135021,
          -0.546833,
          1.8849
        ],
        [
          0.563124,
          -0.177084,
          0.807176,
          1.214536
        ],
        [
          0.012151,
          -0.97489,
          -0.222355,
          1.420414
        ],
        [
          0.0,
          0.0,
          0.0,
          1.0
        ]
      ]
    },
    {
      "file_path": "/media/NFS/ttao/scannet/posed_images/scene0261_02/00711.jpg",
      "transform_matrix": [
        [
          0.854038,
          0.082116,
          -0.513688,
          1.872229
        ],
        [
          0.519441,
          -0.080955,
          0.850663,
          1.200284
        ],
        [
          0.028268,
          -0.993329,
          -0.111793,
          1.497579
        ],
        [
          0.0,
          0.0,
          0.0,
          1.0
        ]
      ]
    },
    {
      "file_path": "/media/NFS/ttao/scannet/posed_images/scene0261_02/00722.jpg",
      "transform_matrix": [
        [
          0.853148,
          0.014947,
          -0.521455,
          1.902871
        ],
        [
          0.521459,
          0.003901,
          0.853267,
          1.184529
        ],
        [
          0.014788,
          -0.999881,
          -0.004467,
          1.551802
        ],
        [
          0.0,
          0.0,
          0.0,
          1.0
        ]
      ]
    },
    {
      "file_path": "/media/NFS/ttao/scannet/posed_images/scene0261_02/00728.jpg",
      "transform_matrix": [
        [
          0.836611,
          -0.00856,
          -0.54773,
          1.938256
        ],
        [
          0.547796,
          0.010471,
          0.836547,
          1.183188
        ],
        [
          -0.001426,
          -0.999909,
          0.013449,
          1.56584
        ],
        [
          0.0,
          0.0,
          0.0,
          1.0
        ]
      ]
    },
    {
      "file_path": "/media/NFS/ttao/scannet/posed_images/scene0261_02/00740.jpg",
      "transform_matrix": [
        [
          0.840198,
          -0.035856,
          -0.541093,
          2.069178
        ],
        [
          0.542134,
          0.078607,
          0.836607,
          1.209023
        ],
        [
          0.012536,
          -0.996261,
          0.085484,
          1.603767
        ],
        [
          0.0,
          0.0,
          0.0,
