{
  "frames": [
    {
      "file_path": "/media/NFS/ttao/scannet/posed_images/scene0667_00/00005.jpg",
      "transform_matrix": [
        [
          0.652055,
          -0.260876,
          0.711877,
          4.546244
        ],
        [
          -0.755842,
          -0.15011,
          0.637315,
          4.708787
        ],
        [
          -0.059401,
          -0.95363,
          -0.295061,
          1.385807
        ],
        [
          0.0,
          0.0,
          0.0,
          1.0
        ]
      ]
    },
    {
      "file_path": "/media/NFS/ttao/scannet/posed_images/scene0667_00/00019.jpg",
      "transform_matrix": [
        [
          0.654575,
          -0.25406,
          0.712029,
          4.572573
        ],
        [
          -0.754185,
          -0.154269,
          0.638284,
          4.724922
        ],
        [
          -0.052318,
          -0.954806,
          -0.292589,
          1.469696
        ],
        [
          0.0,
          0.0,
          0.0,
          1.0
        ]
      ]
    },
    {
      "file_path": "/media/NFS/ttao/scannet/posed_images/scene0667_00/00028.jpg",
      "transform_matrix": [
        [
          0.659551,
          -0.274913,
          0.699582,
          4.580031
        ],
        [
          -0.749096,
          -0.163596,
          0.641944,
          4.727756
        ],
        [
          -0.06203,
          -0.947449,
          -0.313836,
          1.425558
        ],
        [
          0.0,
          0.0,
          0.0,
          1.0
        ]
      ]
    },
    {
      "file_path": "/media/NFS/ttao/scannet/posed_images/scene0667_00/00056.jpg",
      "transform_matrix": [
        [
          0.550085,
          -0.441143,
          0.709083,
          4.256929
        ],
        [
          -0.833667,
          -0.240218,
          0.497287,
          4.927772
        ],
        [
          -0.04904,
          -0.864689,
          -0.499907,
          1.38186
        ],
        [
          0.0,
          0.0,
          0.0,
          1.0
        ]
      ]
    },
    {
      "file_path": "/media/NFS/ttao/scannet/posed_images/scene0667_00/00070.jpg",
      "transform_matrix": [
        [
          0.570939,
          -0.439057,
          0.693728,
          4.102576
        ],
        [
          -0.818667,
          -0.240906,
          0.521296,
          4.907673
        ],
        [
          -0.061755,
          -0.86556,
          -0.496984,
          1.388948
        ],
        [
          0.0,
          0.0,
          0.0,
          1.0
        ]
      ]
    },
    {
      "file_path": "/media/NFS/ttao/scannet/posed_images/scene0667_00/00084.jpg",
      "transform_matrix": [
        [
          0.55061,
          -0.429094,
          0.716035,
          3.992865
        ],
        [
          -0.833318,
          -0.232104,
          0.501706,
          4.880079
        ],
        [
          -0.049085,
          -0.87293,
          -0.485371,
          1.416926
        ],
        [
          0.0,
          0.0,
          0.0,
          1.0
        ]
      ]
    },
    {
      "file_path": "/media/NFS/ttao/scannet/posed_images/scene0667_00/00088.jpg",
      "transform_matrix": [
        [
          0.530798,
          -0.432466,
          0.728853,
          3.98405
        ],
        [
          -0.846433,
          -0.22741,
          0.481493,
          4.888533
        ],
        [
          -0.042481,
          -0.872501,
          -0.486762,
          1.418247
        ],
        [
          0.0,
          0.0,
          0.0,
          1.0
        ]
      ]
    },
    {
      "file_path": "/media/NFS/ttao/scannet/posed_images/scene0667_00/00107.jpg",
      "transform_matrix": [
        [
          0.493441,
          -0.403023,
          0.770772,
          3.995284
        ],
        [
          -0.868415,
          -0.178654,
          0.462535,
          4.97683
        ],
        [
          -0.048711,
          -0.897583,
          -0.438146,
          1.444695
        ],
        [
          0.0,
          0.0,
          0.0,
          1.0
        ]
      ]
    },
    {
      "file_path": "/media/NFS/ttao/scannet/posed_images/scene0667_00/00121.jpg",
      "transform_matrix": [
        [
          0.362688,
          -0.463642,
          0.808389,
          3.970388
        ],
        [
          -0.930805,
          -0.137982,
          0.338473,
          5.000815
        ],
        [
          -0.045387,
          -0.875213,
          -0.481604,
          1.423894
        ],
        [
          0.0,
          0.0,
          0.0,
          1.0
        ]
      ]
    },
    {
      "file_path": "/media/NFS/ttao/scannet/posed_images/scene0667_00/00144.jpg",
      "transform_matrix": [
        [
          0.195845,
          -0.504595,
          0.84085,
          3.808624
        ],
        [
          -0.98046,
          -0.084547,
          0.177625,
          4.890153
        ],
        [
          -0.018537,
          -0.859206,
          -0.511293,
          1.425013
        ],
        [
          0.0,
          0.0,
          0.0,
          1.0
        ]
      ]
    },
    {
      "file_path": "/media/NFS/ttao/scannet/posed_images/scene0667_00/00153.jpg",
      "transform_matrix": [
        [
          0.140942,
          -0.474528,
          0.868884,
          3.766563
        ],
        [
          -0.989973,
          -0.059179,
          0.128264,
          4.863709
        ],
        [
          -0.009445,
          -0.878249,
          -0.47811,
          1.435474
        ],
        [
          0.0,
          0.0,
          0.0,
          1.0
        ]
      ]
    },
    {
      "file_path": "/media/NFS/ttao/scannet/posed_images/scene0667_00/00172.jpg",
      "transform_matrix": [
        [
          -0.043079,
          -0.43708,
          0.89839,
          3.766694
        ],
        [
          -0.997755,
          -0.027333,
          -0.061142,
          4.869656
        ],
        [
          0.05128,
          -0.899007,
          -0.434922,
          1.418928
        ],
        [
          0.0,
          0.0,
          0.0,
          1.0
        ]
      ]
    },
    {
      "file_path": "/media/NFS/ttao/scannet/posed_images/scene0667_00/00195.jpg",
      "transform_matrix": [
        [
          -0.20715,
          -0.537665,
          0.817316,
          3.744778
        ],
        [
          -0.976622,
          0.064601,
          -0.205029,
          4.814077
        ],
        [
          0.057437,
          -0.84068,
          -0.538477,
          1.366044
        ],
        [
          0.0,
          0.0,
          0.0,
          1.0
        ]
      ]
    },
    {
      "file_path": "/media/NFS/ttao/scannet/posed_images/scene0667_00/00200.jpg",
      "transform_matrix": [
        [
          -0.229983,
          -0.552208,
          0.801358,
          3.724802
        ],
        [
          -0.972054,
          0.090497,
          -0.216611,
          4.780301
        ],
        [
          0.047094,
          -0.82878,
          -0.557589,
          1.36633
        ],
        [
          0.0,
          0.0,
          0.0,
          1.0
        ]
      ]
    },
    {
      "file_path": "/media/NFS/ttao/scannet/posed_images/scene0667_00/00218.jpg",
      "transform_matrix": [
        [
          -0.263371,
          -0.549274,
          0.793053,
          3.575211
        ],
        [
          -0.963754,
          0.113513,
          -0.241441,
          4.576434
        ],
        [
          0.042596,
          -0.827897,
          -0.559261,
          1.395419
        ],
        [
          0.0,
          0.0,
          0.0,
          1.0
        ]
      ]
    },
    {
      "file_path": "/media/NFS/ttao/scannet/posed_images/scene0667_00/00242.jpg",
      "transform_matrix": [
        [
          -0.509921,
          -0.465425,
          0.723436,
          3.486575
        ],
        [
          -0.859236,
          0.235337,
          -0.454236,
          4.465077
        ],
        [
          0.041162,
          -0.853227,
          -0.519913,
          1.423092
        ],
        [
          0.0,
          0.0,
          0.0,
          1.0
        ]
      ]
    },
    {
      "file_path": "/media/NFS/ttao/scannet/posed_images/scene0667_00/00246.jpg",
      "transform_matrix": [
        [
          -0.512838,
          -0.464696,
          0.721841,
          3.462798
        ],
        [
          -0.857968,
          0.248226,
          -0.44975,
          4.455305
        ],
        [
          0.029818,
          -0.849965,
          -0.525994,
          1.420921
        ],
        [
          0.0,
          0.0,
          0.0,
          1.0
        ]
      ]
    },
    {
      "file_path": "/media/NFS/ttao/scannet/posed_images/scene0667_00/00260.jpg",
      "transform_matrix": [
        [
          -0.553088,
          -0.496818,
          0.668779,
          3.342711
        ],
        [
          -0.830598,
          0.266375,
          -0.489031,
          4.402808
        ],
        [
          0.064813,
          -0.825964,
          -0.559985,
          1.413611
        ],
        [
          0.0,
          0.0,
          0.0,
          1.0
        ]
      ]
    },
    {
      "file_path": "/media/NFS/ttao/scannet/posed_images/scene0667_00/00284.jpg",
      "transform_matrix": [
        [
          -0.750026,
          -0.403015,
          0.524442,
          3.25536
        ],
        [
          -0.657962,
          0.373802,
          -0.653726,
          4.386045
        ],
        [
          0.067424,
          -0.835375,
          -0.54553,
          1.394511
        ],
        [
          0.0,
          0.0,
          0.0,
          1.0
        ]
      ]
    },
    {
      "file_path": "/media/NFS/ttao/scannet/posed_images/scene0667_00/00302.jpg",
      "transform_matrix": [
        [
          -0.743535,
          -0.334802,
          0.578847,
          3.404953
        ],
        [
          -0.66375,
          0.264416,
          -0.699657,
          4.477051
        ],
        [
          0.08119,
          -0.904429,
          -0.418827,
          1.439839
        ],
        [
          0.0,
          0.0,
          0.0,
          1.0
        ]
      ]
    },
    {
      "file_path": "/media/NFS/ttao/scannet/posed_images/scene0667_00/00316.jpg",
      "transform_matrix": [
        [
          -0.677845,
          -0.383425,
          0.627306,
          3.513045
        ],
        [
          -0.727548,
          0.227005,
          -0.647412,
          4.528907
        ],
        [
          0.105832,
          -0.89524,
          -0.432834,
          1.440143
        ],
        [
          0.0,
          0.0,
          0.0,
          1.0
        ]
      ]
    },
    {
      "file_path": "/media/NFS/ttao/scannet/posed_images/scene0667_00/00321.jpg",
      "transform_matrix": [
        [
          -0.698463,
          -0.373555,
          0.610414,
          3.542011
        ],
        [
          -0.708471,
          0.240452,
          -0.663514,
          4.513494
        ],
        [
          0.101084,
          -0.895901,
          -0.4326,
          1.446998
        ],
        [
          0.0,
          0.0,
          0.0,
          1.0
        ]
      ]
    },
    {
      "file_path": "/media/NFS/ttao/scannet/posed_images/scene0667_00/00344.jpg",
      "transform_matrix": [
        [
          -0.840472,
          -0.281395,
          0.463059,
          3.792908
        ],
        [
          -0.531927,
          0.265629,
          -0.804049,
          4.512083
        ],
        [
          0.103254,
          -0.922094,
          -0.372935,
          1.420324
        ],
        [
          0.0,
          0.0,
          0.0,
          1.0
        ]
      ]
    },
    {
      "file_path": "/media/NFS/ttao/scannet/posed_images/scene0667_00/00358.jpg",
      "transform_matrix": [
        [
          -0.965317,
          -0.093948,
          0.243592,
          4.028072
        ],
        [
          -0.260258,
          0.272249,
          -0.926362,
          4.615971
        ],
        [
          0.020712,
          -0.95763,
          -0.287257,
          1.435903
        ],
        [
          0.0,
          0.0,
          0.0,
          1.0
        ]
      ]
    },
    {
      "file_path": "/media/NFS/ttao/scannet/posed_images/scene0667_00/00372.jpg",
      "transform_matrix": [
        [
          -0.997766,
          -0.041646,
          0.052233,
          4.172776
        ],
        [
          -0.06281,
          0.318573,
          -0.945815,
          4.783853
        ],
        [
          0.02275,
          -0.946983,
          -0.320477,
          1.414239
        ],
        [
          0.0,
          0.0,
          0.0,
          1.0
        ]
      ]
    },
    {
      "file_path": "/media/NFS/ttao/scannet/posed_images/scene0667_00/00386.jpg",
      "transform_matrix": [
        [
          -0.996898,
          -0.001565,
          -0.078691,
          4.322982
        ],
        [
          0.073989,
          0.322319,
          -0.943735,
          4.946086
        ],
        [
          0.02684,
          -0.94663,
          -0.321203,
          1.416718
        ],
        [
          0.0,
          0.0,
          0.0,
          1.0
        ]
      ]
    },
    {
      "file_path": "/media/NFS/ttao/scannet/posed_images/scene0667_00/00400.jpg",
      "transform_matrix": [
        [
          -0.981766,
          0.049803,
          -0.183455,
          4.484519
        ],
        [
          0.189454,
          0.335564,
          -0.92277,
          5.020646
        ],
        [
          0.015605,
          -0.9407,
          -0.338881,
          1.404
        ],
        [
          0.0,
          0.0,
          0.0,
          1.0
        ]
      ]
    },
    {
      "file_path": "/media/NFS/ttao/scannet/posed_images/scene0667_00/00423.jpg",
      "transform_matrix": [
        [
          -0.931098,
          0.10567,
          -0.349128,
          4.377044
        ],
        [
          0.363855,
          0.336765,
          -0.868446,
          5.00509
        ],
        [
          0.025806,
          -0.93564,
          -0.35201,
          1.402849
        ],
        [
          0.0,
          0.0,
          0.0,
          1.0
        ]
      ]
    },
    {
      "file_path": "/media/NFS/ttao/scannet/posed_images/scene0667_00/00432.jpg",
      "transform_matrix": [
        [
          -0.908204,
          0.128059,
          -0.398455,
          4.29379
        ],
        [
          0.418344,
          0.305999,
          -0.855192,
          4.997598
        ],
        [
          0.012412,
          -0.94338,
          -0.331482,
          1.419117
        ],
        [
          0.0,
          0.0,
          0.0,
          1.0
        ]
      ]
    },
    {
      "file_path": "/media/NFS/ttao/scannet/posed_images/scene0667_00/00456.jpg",
      "transform_matrix": [
        [
          -0.742018,
          0.10857,
          -0.66153,
          4.453926
        ],
        [
          0.670249,
          0.139691,
          -0.728871,
          4.853384
        ],
        [
          0.013276,
          -0.984225,
          -0.176422,
          1.436593
        ],
        [
          0.0,
          0.0,
          0.0,
          1.0
        ]
      ]
    },
    {
      "file_path": "/media/NFS/ttao/scannet/posed_images/scene0667_00/00474.jpg",
      "transform_matrix": [
        [
          -0.458156,
          0.210561,
          -0.863573,
          4.578301
        ],
        [
          0.888502,
          0.080449,
          -0.451766,
          4.8082
        ],
        [
          -0.025651,
          -0.974265,
          -0.223942,
          1.395416
        ],
        [
          0.0,
          0.0,
          0.0,
          1.0
        ]
      ]
    },
    {
      "file_path": "/media/NFS/ttao/scannet/posed_images/scene0667_00/00479.jpg",
      "transform_matrix": [
        [
          -0.376657,
          0.237956,
          -0.895269,
          4.612839
        ],
        [
          0.925791,
          0.063049,
          -0.37274,
          4.815555
        ],
        [
          -0.03225,
          -0.969227,
          -0.244046,
          1.37655
        ],
        [
          0.0,
          0.0,
          0.0,
          1.0
        ]
      ]
    },
    {
      "file_path": "/media/NFS/ttao/scannet/posed_images/scene0667_00/00502.jpg",
      "transform_matrix": [
        [
          -0.102327,
          0.253665,
          -0.961865,
          4.626919
        ],
        [
          0.994374,
          0.052703,
          -0.091886,
          4.796576
        ],
        [
          0.027385,
          -0.965855,
          -0.257631,
          1.351279
        ],
        [
          0.0,
          0.0,
          0.0,
          1.0
        ]
      ]
    },
    {
      "file_path": "/media/NFS/ttao/scannet/posed_images/scene0667_00/00516.jpg",
      "transform_matrix": [
        [
          0.008045,
          0.22647,
          -0.973985,
          4.594052
        ],
        [
          0.999795,
          0.016276,
          0.012043,
          4.747135
        ],
        [
          0.01858,
          -0.973882,
          -0.226292,
          1.366049
        ],
        [
          0.0,
          0.0,
          0.0,
          1.0
        ]
      ]
    },
    {
      "file_path": "/media/NFS/ttao/scannet/posed_images/scene0667_00/00525.jpg",
      "transform_matrix": [
        [
          0.072245,
          0.236071,
          -0.969047,
          4.588912
        ],
        [
          0.997386,
          -0.01815,
          0.069936,
          4.763392
        ],
        [
          -0.001078,
          -0.971566,
          -0.236765,
          1.370854
        ],
        [
          0.0,
          0.0,
          0.0,
          1.0
        ]
      ]
    },
    {
      "file_path": "/media/NFS/ttao/scannet/posed_images/scene0667_00/00548.jpg",
      "transform_matrix": [
        [
          0.128719,
          0.316174,
          -0.939928,
          4.708873
        ],
        [
          0.99115,
          -0.072016,
          0.111509,
          4.840453
        ],
        [
          -0.032434,
          -0.945964,
          -0.322646,
          1.323301
        ],
        [
          0.0,
          0.0,
          0.0,
          1.0
        ]
      ]
    },
    {
      "file_path": "/media/NFS/ttao/scannet/posed_images/scene0667_00/00553.jpg",
      "transform_matrix": [
        [
          0.147434,
          0.314623,
          -0.937697,
          4.741697
        ],
        [
          0.988604,
          -0.07603,
          0.129928,
          4.842826
        ],
        [
          -0.030415,
          -0.946167,
          -0.322247,
          1.305308
        ],
        [
          0.0,
          0.0,
          0.0,
          1.0
        ]
      ]
    },
    {
      "file_path": "/media/NFS/ttao/scannet/posed_images/scene0667_00/00576.jpg",
      "transform_matrix": [
        [
          0.297271,
          0.362535,
          -0.883289,
          4.778641
        ],
        [
          0.95384,
          -0.154082,
          0.257774,
          4.846746
        ],
        [
          -0.042646,
          -0.919145,
          -0.391604,
          1.27276
        ],
        [
          0.0,
          0.0,
          0.0,
          1.0
        ]
      ]
    },
    {
      "file_path": "/media/NFS/ttao/scannet/posed_images/scene0667_00/00595.jpg",
      "transform_matrix": [
        [
          0.478648,
          0.390253,
          -0.78651,
          4.761561
        ],
        [
          0.874575,
          -0.291042,
          0.387832,
          4.871389
        ],
        [
          -0.077555,
          -0.873497,
          -0.480612,
          1.249622
        ],
        [
          0.0,
          0.0,
          0.0,
          1.0
        ]
      ]
    },
    {
      "file_path": "/media/NFS/ttao/scannet/posed_images/scene0667_00/00600.jpg",
      "transform_matrix": [
        [
          0.532919,
          0.364501,
          -0.763633,
          4.77207
        ],
        [
          0.840828,
          -0.329322,
          0.429599,
          4.890254
        ],
        [
          -0.094892,
          -0.871026,
          -0.481984,
          1.24596
        ],
        [
          0.0,
          0.0,
          0.0,
          1.0
        ]
      ]
    },
    {
      "file_path": "/media/NFS/ttao/scannet/posed_images/scene0667_00/00623.jpg",
      "transform_matrix": [
        [
          0.615208,
          0.318081,
          -0.721348,
          4.905635
        ],
        [
          0.787867,
          -0.280582,
          0.548215,
          5.197917
        ],
        [
          -0.02802,
          -0.905593,
          -0.423222,
          1.243525
        ],
        [
          0.0,
          0.0,
          0.0,
          1.0
        ]
      ]
    },
    {
      "file_path": "/media/NFS/ttao/scannet/posed_images/scene0667_00/00641.jpg",
      "transform_matrix": [
        [
          0.52111,
          0.325507,
          -0.78898,
          4.936628
        ],
        [
          0.853469,
          -0.205111,
          0.479083,
          5.385253
        ],
        [
          -0.005884,
          -0.923025,
          -0.384695,
          1.284525
        ],
        [
          0.0,
          0.0,
          0.0,
          1.0
        ]
      ]
    },
    {
      "file_path": "/media/NFS/ttao/scannet/posed_images/scene0667_00/00660.jpg",
      "transform_matrix": [
        [
          0.394995,
          0.26409,
          -0.879907,
          4.914093
        ],
        [
          0.918142,
          -0.080604,
          0.387967,
          5.604673
        ],
        [
          0.031534,
          -0.961124,
          -0.27431,
          1.324912
        ],
        [
          0.0,
          0.0,
          0.0,
          1.0
        ]
      ]
    },
    {
      "file_path": "/media/NFS/ttao/scannet/posed_images/scene0667_00/00674.jpg",
      "transform_matrix": [
        [
          0.155963,
          0.268303,
          -0.950626,
          4.962331
        ],
        [
          0.983801,
          0.04392,
          0.173802,
          5.781483
        ],
        [
          0.088383,
          -0.962333,
          -0.257107,
          1.360593
        ],
        [
          0.0,
          0.0,
          0.0,
          1.0
        ]
      ]
    },
    {
      "file_path": "/media/NFS/ttao/scannet/posed_images/scene0667_00/00683.jpg",
      "transform_matrix": [
        [
          0.094251,
          0.295551,
          -0.950666,
          4.985404
        ],
        [
          0.992887,
          0.04187,
          0.111454,
          5.894549
        ],
        [
          0.072745,
          -0.954409,
          -0.289503,
          1.36293
        ],
        [
          0.0,
          0.0,
          0.0,
          1.0
        ]
      ]
    },
    {
      "file_path": "/media/NFS/ttao/scannet/posed_images/scene0667_00/00706.jpg",
      "transform_matrix": [
        [
          0.149899,
          0.464912,
          -0.872575,
          4.980312
        ],
        [
          0.988612,
          -0.058636,
          0.138592,
          6.009452
        ],
        [
          0.013268,
          -0.883413,
          -0.468407,
          1.290154
        ],
        [
          0.0,
          0.0,
          0.0,
          1.0
        ]
      ]
    },
    {
      "file_path": "/media/NFS/ttao/scannet/posed_images/scene0667_00/00716.jpg",
      "transform_matrix": [
        [
          0.18479,
          0.417181,
          -0.889838,
          4.945382
        ],
        [
          0.979132,
          -0.000233,
          0.203224,
          5.94655
        ],
        [
          0.084574,
          -0.908823,
          -0.408519,
          1.32242
        ],
        [
          0.0,
          0.0,
          0.0,
          1.0
        ]
      ]
    },
    {
      "file_path": "/media/NFS/ttao/scannet/posed_images/scene0667_00/00730.jpg",
      "transform_matrix": [
        [
          0.369103,
          0.360816,
          -0.85649,
          4.775927
        ],
        [
          0.919842,
          -0.010076,
          0.39216,
          5.706515
        ],
        [
          0.132867,
          -0.932582,
          -0.335613,
          1.330195
        ],
        [
          0.0,
          0.0,
          0.0,
          1.0
        ]
      ]
    },
    {
      "file_path": "/media/NFS/ttao/scannet/posed_images/scene0667_00/00744.jpg",
      "transform_matrix": [
        [
          0.469867,
          0.286875,
          -0.834822,
          4.663538
        ],
        [
          0.880515,
          -0.085262,
          0.466286,
          5.457683
        ],
        [
          0.062587,
          -0.954166,
          -0.292659,
          1.366393
        ],
        [
          0.0,
          0.0,
          0.0,
          1.0
        ]
      ]
    },
    {
      "file_path": "/media/NFS/ttao/scannet/posed_images/scene0667_00/00762.jpg",
      "transform_matrix": [
        [
          0.592304,
          0.217324,
          -0.775852,
          4.587438
        ],
        [
          0.804604,
          -0.210085,
          0.555407,
          5.151913
        ],
        [
          -0.042292,
          -0.953223,
          -0.299294,
          1.387331
        ],
        [
          0.0,
          0.0,
          0.0,
          1.0
        ]
      ]
    },
    {
      "file_path": "/media/NFS/ttao/scannet/posed_images/scene0667_00/00781.jpg",
      "transform_matrix": [
        [
          0.809067,
          0.15492,
          -0.56693,
          4.328788
        ],
        [
          0.586361,
          -0.278238,
          0.760766,
          4.926534
        ],
        [
          -0.039883,
          -0.947936,
          -0.315952,
          1.386127
        ],
        [
          0.0,
          0.0,
          0.0,
          1.0
        ]
      ]
    },
    {
      "file_path": "/media/NFS/ttao/scannet/posed_images/scene0667_00/00790.jpg",
      "transform_matrix": [
        [
          0.864207,
          0.127983,
          -0.486587,
          4.251425
        ],
        [
          0.50225,
          -0.27683,
          0.819213,
          4.859047
        ],
        [
          -0.029856,
          -0.952358,
          -0.303518,
          1.402195
        ],
        [
          0.0,
          0.0,
          0.0,
          1.0
        ]
      ]
    },
    {
      "file_path": "/media/NFS/ttao/scannet/posed_images/scene0667_00/00804.jpg",
      "transform_matrix": [
        [
          0.936962,
          0.028651,
          -0.348255,
          4.149275
        ],
        [
          0.337803,
          -0.329245,
          0.881753,
          4.781605
        ],
        [
          -0.089398,
          -0.94381,
          -0.318168,
          1.429162
        ],
        [
          0.0,
          0.0,
          0.0,
          1.0
        ]
      ]
    },
    {
      "file_path": "/media/NFS/ttao/scannet/posed_images/scene0667_00/00823.jpg",
      "transform_matrix": [
        [
          0.977831,
          -0.035728,
          -0.206327,
          3.984477
        ],
        [
          0.182343,
          -0.339146,
          0.922893,
          4.80893
        ],
        [
          -0.102948,
          -0.940055,
          -0.325113,
          1.472365
        ],
        [
          0.0,
          0.0,
          0.0,
          1.0
        ]
      ]
    },
    {
      "file_path": "/media/NFS/ttao/scannet/posed_images/scene0667_00/00841.jpg",
      "transform_matrix": [
        [
          0.980207,
          -0.074236,
          -0.183531,
          4.056614
        ],
        [
          0.149975,
          -0.326716,
          0.933147,
          4.996227
        ],
        [
          -0.129236,
          -0.942203,
          -0.309116,
          1.47414
        ],
        [
          0.0,
          0.0,
          0.0,
          1.0
        ]
      ]
    },
    {
      "file_path": "/media/NFS/ttao/scannet/posed_images/scene0667_00/00855.jpg",
      "transform_matrix": [
        [
          0.977397,
          -0.133068,
          -0.164277,
          4.181445
        ],
        [
          0.12128,
          -0.283543,
          0.951259,
          5.118878
        ],
        [
          -0.173162,
          -0.949682,
          -0.260996,
          1.483692
        ],
        [
          0.0,
          0.0,
          0.0,
          1.0
        ]
      ]
    },
    {
      "file_path": "/media/NFS/ttao/scannet/posed_images/scene0667_00/00869.jpg",
      "transform_matrix": [
        [
          0.971482,
          -0.147388,
          -0.185741,
          4.183814
        ],
        [
          0.13773,
          -0.286882,
          0.948013,
          5.117801
        ],
        [
          -0.193012,
          -0.94656,
          -0.258401,
          1.483269
        ],
        [
          0.0,
          0.0,
          0.0,
          1.0
        ]
      ]
    },
    {
      "file_path": "/media/NFS/ttao/scannet/posed_images/scene0667_00/00892.jpg",
      "transform_matrix": [
        [
          0.986303,
          -0.14621,
          0.076353,
          3.964325
        ],
        [
          -0.119151,
          -0.311438,
          0.942767,
          4.9121
        ],
        [
          -0.114062,
          -0.938951,
          -0.324593,
          1.474106
        ],
        [
          0.0,
          0.0,
          0.0,
          1.0
        ]
      ]
    },
    {
      "file_path": "/media/NFS/ttao/scannet/posed_images/scene0667_00/00906.jpg",
      "transform_matrix": [
        [
          0.969995,
          -0.167606,
          0.176117,
          3.89885
        ],
        [
          -0.224137,
          -0.335836,
          0.914865,
          4.811541
        ],
        [
          -0.09419,
          -0.926889,
          -0.363326,
          1.462626
        ],
        [
          0.0,
          0.0,
          0.0,
          1.0
        ]
      ]
    },
    {
      "file_path": "/media/NFS/ttao/scannet/posed_images/scene0667_00/00911.jpg",
      "transform_matrix": [
        [
          0.966602,
          -0.161456,
          0.19903,
          3.871552
        ],
        [
          -0.245263,
          -0.357477,
          0.901142,
          4.753888
        ],
        [
          -0.074346,
          -0.91986,
          -0.385137,
          1.452252
        ],
        [
          0.0,
          0.0,
          0.0,
          1.0
        ]
      ]
    },
    {
      "file_path": "/media/NFS/ttao/scannet/posed_images/scene0667_00/00934.jpg",
      "transform_matrix": [
        [
          0.915918,
          -0.229594,
          0.329214,
          3.804482
        ],
        [
          -0.391418,
          -0.329456,
          0.859215,
          4.538394
        ],
        [
          -0.088809,
          -0.915831,
          -0.391621,
          1.477107
        ],
        [
          0.0,
          0.0,
          0.0,
          1.0
        ]
      ]
    },
    {
      "file_path": "/media/NFS/ttao/scannet/posed_images/scene0667_00/00948.jpg",
      "transform_matrix": [
        [
          0.86251,
          -0.255622,
          0.436731,
          3.746601
        ],
        [
          -0.502551,
          -0.331513,
          0.798462,
          4.442826
        ],
        [
          -0.059323,
          -0.908161,
          -0.414396,
          1.474296
        ],
        [
          0.0,
          0.0,
          0.0,
          1.0
        ]
      ]
    },
    {
      "file_path": "/media/NFS/ttao/scannet/posed_images/scene0667_00/00962.jpg",
      "transform_matrix": [
        [
          0.779877,
          -0.305699,
          0.546206,
          3.697342
        ],
        [
          -0.619422,
          -0.251384,
          0.743722,
          4.32838
        ],
        [
          -0.090047,
          -0.918343,
          -0.385405,
          1.49707
        ],
        [
          0.0,
          0.0,
          0.0,
          1.0
        ]
      ]
    },
    {
      "file_path": "/media/NFS/ttao/scannet/posed_images/scene0667_00/00971.jpg",
      "transform_matrix": [
        [
          0.775109,
          -0.29566,
          0.558383,
          3.67128
        ],
        [
          -0.627181,
          -0.253054,
          0.736619,
          4.247558
        ],
        [
          -0.076488,
          -0.921167,
          -0.381577,
          1.495691
        ],
        [
          0.0,
          0.0,
          0.0,
          1.0
        ]
      ]
    },
    {
      "file_path": "/media/NFS/ttao/scannet/posed_images/scene0667_00/00995.jpg",
      "transform_matrix": [
        [
          0.747606,
          -0.274752,
          0.604646,
          3.665992
        ],
        [
          -0.659819,
          -0.203553,
          0.723329,
          4.082232
        ],
        [
          -0.075658,
          -0.939722,
          -0.333464,
          1.532977
        ],
        [
          0.0,
          0.0,
          0.0,
          1.0
        ]
      ]
    },
    {
      "file_path": "/media/NFS/ttao/scannet/posed_images/scene0667_00/01009.jpg",
      "transform_matrix": [
        [
          0.70615,
          -0.330458,
          0.626219,
          3.672496
        ],
        [
          -0.70409,
          -0.234166,
          0.670391,
          4.159665
        ],
        [
          -0.074897,
          -0.914311,
          -0.398028,
          1.49679
        ],
        [
          0.0,
          0.0,
          0.0,
          1.0
        ]
      ]
    },
    {
      "file_path": "/media/NFS/ttao/scannet/posed_images/scene0667_00/01018.jpg",
      "transform_matrix": [
        [
          0.647879,
          -0.349559,
          0.676802,
          3.68047
        ],
        [
          -0.759354,
          -0.226068,
          0.610143,
          4.261895
        ],
        [
          -0.060278,
          -0.909231,
          -0.411904,
          1.489542
        ],
        [
          0.0,
          0.0,
          0.0,
          1.0
        ]
      ]
    },
    {
      "file_path": "/media/NFS/ttao/scannet/posed_images/scene0667_00/01037.jpg",
      "transform_matrix": [
        [
          0.544621,
          -0.416346,
          0.728041,
          3.724015
        ],
        [
          -0.837327,
          -0.220592,
          0.500223,
          4.442266
        ],
        [
          -0.047666,
          -0.88204,
          -0.468757,
          1.452792
        ],
        [
          0.0,
          0.0,
          0.0,
          1.0
        ]
      ]
    },
    {
      "file_path": "/media/NFS/ttao/scannet/posed_images/scene0667_00/01050.jpg",
      "transform_matrix": [
        [
          0.511365,
          -0.392857,
          0.764309,
          3.788289
        ],
        [
          -0.856447,
          -0.159763,
          0.490892,
          4.525033
        ],
        [
          -0.070742,
          -0.905615,
          -0.418158,
          1.461684
        ],
        [
          0.0,
          0.0,
          0.0,
          1.0
        ]
      ]
    },
    {
      "file_path": "/media/NFS/ttao/scannet/posed_images/scene0667_00/01078.jpg",
      "transform_matrix": [
        [
          0.104208,
          -0.434453,
          0.894646,
          3.818756
        ],
        [
          -0.994508,
          -0.054307,
          0.089468,
          4.802696
        ],
        [
          0.009716,
          -0.899056,
          -0.437726,
          1.456852
        ],
        [
          0.0,
          0.0,
          0.0,
          1.0
        ]
      ]
    },
    {
      "file_path": "/media/NFS/ttao/scannet/posed_images/scene0667_00/01088.jpg",
      "transform_matrix": [
        [
          0.021385,
          -0.439995,
          0.897745,
          3.808615
        ],
        [
          -0.997706,
          -0.067078,
          -0.00911,
          4.858951
        ],
        [
          0.064228,
          -0.895491,
          -0.44042,
          1.439935
        ],
        [
          0.0,
          0.0,
          0.0,
          1.0
        ]
      ]
    },
    {
      "file_path": "/media/NFS/ttao/scannet/posed_images/scene0667_00/01102.jpg",
      "transform_matrix": [
        [
          0.055499,
          -0.462888,
          0.884678,
          3.815957
        ],
        [
          -0.997298,
          -0.068402,
          0.026774,
          4.836002
        ],
        [
          0.04812,
          -0.883774,
          -0.465434,
          1.431629
        ],
        [
          0.0,
          0.0,
          0.0,
          1.0
        ]
      ]
    },
    {
      "file_path": "/media/NFS/ttao/scannet/posed_images/scene0667_00/01111.jpg",
      "transform_matrix": [
        [
          0.171262,
          -0.455109,
          0.873811,
          3.813358
        ],
        [
          -0.985223,
          -0.081208,
          0.150803,
          4.747664
        ],
        [
          0.002329,
          -0.886725,
          -0.462291,
          1.42696
        ],
        [
          0.0,
          0.0,
          0.0,
          1.0
        ]
      ]
    },
    {
      "file_path": "/media/NFS/ttao/scannet/posed_images/scene0667_00/01139.jpg",
      "transform_matrix": [
        [
          0.831619,
          -0.306973,
          0.462793,
          3.692943
        ],
        [
          -0.554698,
          -0.418873,
          0.718927,
          4.250469
        ],
        [
          -0.02684,
          -0.854583,
          -0.51862,
          1.386786
        ],
        [
          0.0,
          0.0,
          0.0,
          1.0
        ]
      ]
    },
    {
      "file_path": "/media/NFS/ttao/scannet/posed_images/scene0667_00/01143.jpg",
      "transform_matrix": [
        [
          0.849557,
          -0.302916,
          0.43185,
          3.659851
        ],
        [
          -0.526486,
          -0.436282,
          0.729706,
          4.179244
        ],
        [
          -0.032632,
          -0.84729,
          -0.530128,
          1.390521
        ],
        [
          0.0,
          0.0,
          0.0,
          1.0
        ]
      ]
    },
    {
      "file_path": "/media/NFS/ttao/scannet/posed_images/scene0667_00/01167.jpg",
      "transform_matrix": [
        [
          0.968076,
          -0.20096,
          0.149816,
          3.616127
        ],
        [
          -0.22503,
          -0.4335,
          0.872605,
          3.812807
        ],
        [
          -0.110414,
          -0.878461,
          -0.464883,
          1.434448
        ],
        [
          0.0,
          0.0,
          0.0,
          1.0
        ]
      ]
    },
    {
      "file_path": "/media/NFS/ttao/scannet/posed_images/scene0667_00/01181.jpg",
      "transform_matrix": [
        [
          0.979893,
          -0.160425,
          0.11863,
          3.591282
        ],
        [
          -0.17181,
          -0.376148,
          0.910491,
          3.693083
        ],
        [
          -0.101443,
          -0.912566,
          -0.396147,
          1.46926
        ],
        [
          0.0,
          0.0,
          0.0,
          1.0
        ]
      ]
    },
    {
      "file_path": "/media/NFS/ttao/scannet/posed_images/scene0667_00/01195.jpg",
      "transform_matrix": [
        [
          0.989825,
          -0.129864,
          0.058153,
          3.524286
        ],
        [
          -0.104747,
          -0.388422,
          0.915509,
          3.565992
        ],
        [
          -0.096304,
          -0.912285,
          -0.398072,
