{
  "frames": [
    {
      "file_path": "/media/NFS/ttao/scannet/posed_images/scene0277_02/00000.jpg",
      "transform_matrix": [
        [
          -0.938574,
          0.248921,
          -0.238994,
          2.617575
        ],
        [
          0.343023,
          0.5975,
          -0.724796,
          1.880662
        ],
        [
          -0.037618,
          -0.762255,
          -0.646183,
          1.366758
        ],
        [
          0.0,
          0.0,
          0.0,
          1.0
        ]
      ]
    },
    {
      "file_path": "/media/NFS/ttao/scannet/posed_images/scene0277_02/00002.jpg",
      "transform_matrix": [
        [
          -0.934886,
          0.255432,
          -0.246461,
          2.617869
        ],
        [
          0.353175,
          0.600076,
          -0.717759,
          1.875477
        ],
        [
          -0.035443,
          -0.758066,
          -0.651214,
          1.367691
        ],
        [
          0.0,
          0.0,
          0.0,
          1.0
        ]
      ]
    },
    {
      "file_path": "/media/NFS/ttao/scannet/posed_images/scene0277_02/00005.jpg",
      "transform_matrix": [
        [
          -0.930195,
          0.259788,
          -0.25932,
          2.621022
        ],
        [
          0.366327,
          0.612235,
          -0.700695,
          1.864913
        ],
        [
          -0.023267,
          -0.746779,
          -0.664666,
          1.36241
        ],
        [
          0.0,
          0.0,
          0.0,
          1.0
        ]
      ]
    },
    {
      "file_path": "/media/NFS/ttao/scannet/posed_images/scene0277_02/00008.jpg",
      "transform_matrix": [
        [
          -0.92922,
          0.255206,
          -0.267246,
          2.624367
        ],
        [
          0.369362,
          0.619816,
          -0.692388,
          1.851212
        ],
        [
          -0.011058,
          -0.742091,
          -0.670208,
          1.358244
        ],
        [
          0.0,
          0.0,
          0.0,
          1.0
        ]
      ]
    },
    {
      "file_path": "/media/NFS/ttao/scannet/posed_images/scene0277_02/00011.jpg",
      "transform_matrix": [
        [
          -0.929569,
          0.263865,
          -0.257442,
          2.61694
        ],
        [
          0.368117,
          0.626947,
          -0.686606,
          1.83204
        ],
        [
          -0.019769,
          -0.733016,
          -0.679924,
          1.36176
        ],
        [
          0.0,
          0.0,
          0.0,
          1.0
        ]
      ]
    },
    {
      "file_path": "/media/NFS/ttao/scannet/posed_images/scene0277_02/00016.jpg",
      "transform_matrix": [
        [
          -0.94678,
          0.258614,
          -0.191639,
          2.611654
        ],
        [
          0.315719,
          0.630198,
          -0.709346,
          1.786978
        ],
        [
          -0.062677,
          -0.732099,
          -0.678309,
          1.358876
        ],
        [
          0.0,
          0.0,
          0.0,
          1.0
        ]
      ]
    },
    {
      "file_path": "/media/NFS/ttao/scannet/posed_images/scene0277_02/00019.jpg",
      "transform_matrix": [
        [
          -0.95785,
          0.24234,
          -0.154257,
          2.611243
        ],
        [
          0.276403,
          0.631176,
          -0.72472,
          1.756446
        ],
        [
          -0.078265,
          -0.73681,
          -0.671555,
          1.360081
        ],
        [
          0.0,
          0.0,
          0.0,
          1.0
        ]
      ]
    },
    {
      "file_path": "/media/NFS/ttao/scannet/posed_images/scene0277_02/00021.jpg",
      "transform_matrix": [
        [
          -0.961812,
          0.232462,
          -0.144498,
          2.608215
        ],
        [
          0.263629,
          0.6448,
          -0.717449,
          1.736072
        ],
        [
          -0.073608,
          -0.728145,
          -0.68146,
          1.362255
        ],
        [
          0.0,
          0.0,
          0.0,
          1.0
        ]
      ]
    },
    {
      "file_path": "/media/NFS/ttao/scannet/posed_images/scene0277_02/00023.jpg",
      "transform_matrix": [
        [
          -0.962625,
          0.232972,
          -0.13812,
          2.598186
        ],
        [
          0.259705,
          0.649293,
          -0.714823,
          1.72037
        ],
        [
          -0.076853,
          -0.723977,
          -0.68553,
          1.361297
        ],
        [
          0.0,
          0.0,
          0.0,
          1.0
        ]
      ]
    },
    {
      "file_path": "/media/NFS/ttao/scannet/posed_images/scene0277_02/00027.jpg",
      "transform_matrix": [
        [
          -0.966703,
          0.224834,
          -0.122205,
          2.573634
        ],
        [
          0.24105,
          0.639748,
          -0.729806,
          1.695684
        ],
        [
          -0.085905,
          -0.734964,
          -0.672643,
          1.360053
        ],
        [
          0.0,
          0.0,
          0.0,
          1.0
        ]
      ]
    },
    {
      "file_path": "/media/NFS/ttao/scannet/posed_images/scene0277_02/00030.jpg",
      "transform_matrix": [
        [
          -0.969376,
          0.217527,
          -0.113982,
          2.550059
        ],
        [
          0.230988,
          0.650004,
          -0.723975,
          1.679399
        ],
        [
          -0.083396,
          -0.728133,
          -0.680344,
          1.365624
        ],
        [
          0.0,
          0.0,
          0.0,
          1.0
        ]
      ]
    },
    {
      "file_path": "/media/NFS/ttao/scannet/posed_images/scene0277_02/00032.jpg",
      "transform_matrix": [
        [
          -0.97258,
          0.208544,
          -0.10295,
          2.530984
        ],
        [
          0.21686,
          0.653254,
          -0.725419,
          1.672001
        ],
        [
          -0.084029,
          -0.727853,
          -0.680566,
          1.372012
        ],
        [
          0.0,
          0.0,
          0.0,
          1.0
        ]
      ]
    },
    {
      "file_path": "/media/NFS/ttao/scannet/posed_images/scene0277_02/00036.jpg",
      "transform_matrix": [
        [
          -0.981526,
          0.182257,
          -0.058217,
          2.487174
        ],
        [
          0.163201,
          0.638716,
          -0.751936,
          1.668948
        ],
        [
          -0.099861,
          -0.747546,
          -0.656661,
          1.383069
        ],
        [
          0.0,
          0.0,
          0.0,
          1.0
        ]
      ]
    },
    {
      "file_path": "/media/NFS/ttao/scannet/posed_images/scene0277_02/00039.jpg",
      "transform_matrix": [
        [
          -0.986577,
          0.162831,
          -0.0123,
          2.447019
        ],
        [
          0.112978,
          0.626256,
          -0.771388,
          1.674529
        ],
        [
          -0.117903,
          -0.762423,
          -0.636247,
          1.392908
        ],
        [
          0.0,
          0.0,
          0.0,
          1.0
        ]
      ]
    },
    {
      "file_path": "/media/NFS/ttao/scannet/posed_images/scene0277_02/00040.jpg",
      "transform_matrix": [
        [
          -0.98932,
          0.145498,
          0.008716,
          2.429397
        ],
        [
          0.083962,
          0.617744,
          -0.781884,
          1.684417
        ],
        [
          -0.119147,
          -0.772802,
          -0.623363,
          1.391761
        ],
        [
          0.0,
          0.0,
          0.0,
          1.0
        ]
      ]
    },
    {
      "file_path": "/media/NFS/ttao/scannet/posed_images/scene0277_02/00043.jpg",
      "transform_matrix": [
        [
          -0.990882,
          0.120553,
          0.060162,
          2.384475
        ],
        [
          0.027002,
          0.615164,
          -0.787937,
          1.703773
        ],
        [
          -0.131997,
          -0.779128,
          -0.61281,
          1.400509
        ],
        [
          0.0,
          0.0,
          0.0,
          1.0
        ]
      ]
    },
    {
      "file_path": "/media/NFS/ttao/scannet/posed_images/scene0277_02/00047.jpg",
      "transform_matrix": [
        [
          -0.988208,
          0.070131,
          0.136113,
          2.330396
        ],
        [
          -0.062763,
          0.625306,
          -0.777852,
          1.735121
        ],
        [
          -0.139664,
          -0.777223,
          -0.61353,
          1.409363
        ],
        [
          0.0,
          0.0,
          0.0,
          1.0
        ]
      ]
    },
    {
      "file_path": "/media/NFS/ttao/scannet/posed_images/scene0277_02/00050.jpg",
      "transform_matrix": [
        [
          -0.98741,
          0.013426,
          0.157613,
          2.288965
        ],
        [
          -0.112372,
          0.641737,
          -0.758648,
          1.754223
        ],
        [
          -0.111331,
          -0.766807,
          -0.632149,
          1.41539
        ],
        [
          0.0,
          0.0,
          0.0,
          1.0
        ]
      ]
    },
    {
      "file_path": "/media/NFS/ttao/scannet/posed_images/scene0277_02/00053.jpg",
      "transform_matrix": [
        [
          -0.976599,
          -0.019534,
          0.214178,
          2.254223
        ],
        [
          -0.179795,
          0.62062,
          -0.76322,
          1.773143
        ],
        [
          -0.118014,
          -0.783869,
          -0.609609,
          1.423358
        ],
        [
          0.0,
          0.0,
          0.0,
          1.0
        ]
      ]
    },
    {
      "file_path": "/media/NFS/ttao/scannet/posed_images/scene0277_02/00055.jpg",
      "transform_matrix": [
        [
          -0.969257,
          -0.023949,
          0.244883,
          2.23958
        ],
        [
          -0.208121,
          0.610693,
          -0.764029,
          1.775725
        ],
        [
          -0.131251,
          -0.791506,
          -0.596902,
          1.429706
        ],
        [
          0.0,
          0.0,
          0.0,
          1.0
        ]
      ]
    },
    {
      "file_path": "/media/NFS/ttao/scannet/posed_images/scene0277_02/00058.jpg",
      "transform_matrix": [
        [
          -0.95435,
          -0.033963,
          0.296754,
          2.217526
        ],
        [
          -0.259915,
          0.583969,
          -0.769041,
          1.77511
        ],
        [
          -0.147177,
          -0.811065,
          -0.566138,
          1.437811
        ],
        [
          0.0,
          0.0,
          0.0,
          1.0
        ]
      ]
    },
    {
      "file_path": "/media/NFS/ttao/scannet/posed_images/scene0277_02/00062.jpg",
      "transform_matrix": [
        [
          -0.93366,
          -0.071689,
          0.350912,
          2.190747
        ],
        [
          -0.329275,
          0.557281,
          -0.762244,
          1.763957
        ],
        [
          -0.140913,
          -0.827223,
          -0.543917,
          1.448782
        ],
        [
          0.0,
          0.0,
          0.0,
          1.0
        ]
      ]
    },
    {
      "file_path": "/media/NFS/ttao/scannet/posed_images/scene0277_02/00063.jpg",
      "transform_matrix": [
        [
          -0.927193,
          -0.081545,
          0.3656,
          2.1845
        ],
        [
          -0.348759,
          0.544055,
          -0.763133,
          1.761517
        ],
        [
          -0.136676,
          -0.835078,
          -0.532883,
          1.449727
        ],
        [
          0.0,
          0.0,
          0.0,
          1.0
        ]
      ]
    },
    {
      "file_path": "/media/NFS/ttao/scannet/posed_images/scene0277_02/00065.jpg",
      "transform_matrix": [
        [
          -0.914519,
          -0.098985,
          0.392246,
          2.171347
        ],
        [
          -0.382592,
          0.526679,
          -0.7591,
          1.752855
        ],
        [
          -0.131448,
          -0.844282,
          -0.519529,
          1.453936
        ],
        [
          0.0,
          0.0,
          0.0,
          1.0
        ]
      ]
    },
    {
      "file_path": "/media/NFS/ttao/scannet/posed_images/scene0277_02/00069.jpg",
      "transform_matrix": [
        [
          -0.886807,
          -0.126634,
          0.444451,
          2.132472
        ],
        [
          -0.441923,
          0.513714,
          -0.735393,
          1.733328
        ],
        [
          -0.135195,
          -0.848565,
          -0.511527,
          1.452837
        ],
        [
          0.0,
          0.0,
          0.0,
          1.0
        ]
      ]
    },
    {
      "file_path": "/media/NFS/ttao/scannet/posed_images/scene0277_02/00071.jpg",
      "transform_matrix": [
        [
          -0.877605,
          -0.15115,
          0.454933,
          2.111284
        ],
        [
          -0.464293,
          0.504242,
          -0.728129,
          1.725401
        ],
        [
          -0.11934,
          -0.850232,
          -0.512703,
          1.445496
        ],
        [
          0.0,
          0.0,
          0.0,
          1.0
        ]
      ]
    },
    {
      "file_path": "/media/NFS/ttao/scannet/posed_images/scene0277_02/00074.jpg",
      "transform_matrix": [
        [
          -0.870887,
          -0.183036,
          0.456129,
          2.076227
        ],
        [
          -0.48194,
          0.500039,
          -0.719511,
          1.706331
        ],
        [
          -0.096386,
          -0.846439,
          -0.523689,
          1.444078
        ],
        [
          0.0,
          0.0,
          0.0,
          1.0
        ]
      ]
    },
    {
      "file_path": "/media/NFS/ttao/scannet/posed_images/scene0277_02/00078.jpg",
      "transform_matrix": [
        [
          -0.850951,
          -0.225247,
          0.474494,
          2.035812
        ],
        [
          -0.519591,
          0.49318,
          -0.69771,
          1.677904
        ],
        [
          -0.076854,
          -0.840261,
          -0.536708,
          1.448038
        ],
        [
          0.0,
          0.0,
          0.0,
          1.0
        ]
      ]
    },
    {
      "file_path": "/media/NFS/ttao/scannet/posed_images/scene0277_02/00080.jpg",
      "transform_matrix": [
        [
          -0.841555,
          -0.239828,
          0.484012,
          2.015225
        ],
        [
          -0.536525,
          0.475046,
          -0.697475,
          1.662773
        ],
        [
          -0.062654,
          -0.846648,
          -0.528451,
          1.451162
        ],
        [
          0.0,
          0.0,
          0.0,
          1.0
        ]
      ]
    },
    {
      "file_path": "/media/NFS/ttao/scannet/posed_images/scene0277_02/00083.jpg",
      "transform_matrix": [
        [
          -0.826976,
          -0.24865,
          0.504266,
          1.989951
        ],
        [
          -0.560231,
          0.440121,
          -0.701737,
          1.647157
        ],
        [
          -0.047451,
          -0.862825,
          -0.503271,
          1.45707
        ],
        [
          0.0,
          0.0,
          0.0,
          1.0
        ]
      ]
    },
    {
      "file_path": "/media/NFS/ttao/scannet/posed_images/scene0277_02/00087.jpg",
      "transform_matrix": [
        [
          -0.796348,
          -0.250786,
          0.550396,
          1.956506
        ],
        [
          -0.600381,
          0.438033,
          -0.669081,
          1.632625
        ],
        [
          -0.073296,
          -0.863269,
          -0.499394,
          1.465638
        ],
        [
          0.0,
          0.0,
          0.0,
          1.0
        ]
      ]
    },
    {
      "file_path": "/media/NFS/ttao/scannet/posed_images/scene0277_02/00088.jpg",
      "transform_matrix": [
        [
          -0.788723,
          -0.248595,
          0.562242,
          1.949549
        ],
        [
          -0.60996,
          0.430397,
          -0.665363,
          1.630332
        ],
        [
          -0.076581,
          -0.867732,
          -0.491097,
          1.467522
        ],
        [
          0.0,
          0.0,
          0.0,
          1.0
        ]
      ]
    },
    {
      "file_path": "/media/NFS/ttao/scannet/posed_images/scene0277_02/00093.jpg",
      "transform_matrix": [
        [
          -0.719614,
          -0.28614,
          0.632676,
          1.902768
        ],
        [
          -0.690407,
          0.392104,
          -0.607942,
          1.637842
        ],
        [
          -0.074118,
          -0.874287,
          -0.479717,
          1.467285
        ],
        [
          0.0,
          0.0,
          0.0,
          1.0
        ]
      ]
    },
    {
      "file_path": "/media/NFS/ttao/scannet/posed_images/scene0277_02/00095.jpg",
      "transform_matrix": [
        [
          -0.690391,
          -0.293156,
          0.661377,
          1.883277
        ],
        [
          -0.718428,
          0.385224,
          -0.579193,
          1.643085
        ],
        [
          -0.084984,
          -0.875021,
          -0.476567,
          1.465838
        ],
        [
          0.0,
          0.0,
          0.0,
          1.0
        ]
      ]
    },
    {
      "file_path": "/media/NFS/ttao/scannet/posed_images/scene0277_02/00099.jpg",
      "transform_matrix": [
        [
          -0.643879,
          -0.295455,
          0.70578,
          1.840782
        ],
        [
          -0.759261,
          0.360737,
          -0.541657,
          1.646661
        ],
        [
          -0.094566,
          -0.884633,
          -0.456599,
          1.477029
        ],
        [
          0.0,
          0.0,
          0.0,
          1.0
        ]
      ]
    },
    {
      "file_path": "/media/NFS/ttao/scannet/posed_images/scene0277_02/00100.jpg",
      "transform_matrix": [
        [
          -0.631002,
          -0.305445,
          0.71312,
          1.844477
        ],
        [
          -0.771419,
          0.344399,
          -0.535073,
          1.648203
        ],
        [
          -0.082162,
          -0.887746,
          -0.452942,
          1.477578
        ],
        [
          0.0,
          0.0,
          0.0,
          1.0
        ]
      ]
    },
    {
      "file_path": "/media/NFS/ttao/scannet/posed_images/scene0277_02/00103.jpg",
      "transform_matrix": [
        [
          -0.598501,
          -0.349707,
          0.720765,
          1.822345
        ],
        [
          -0.799617,
          0.315889,
          -0.510711,
          1.660443
        ],
        [
          -0.049082,
          -0.881997,
          -0.468692,
          1.46806
        ],
        [
          0.0,
          0.0,
          0.0,
          1.0
        ]
      ]
    },
    {
      "file_path": "/media/NFS/ttao/scannet/posed_images/scene0277_02/00106.jpg",
      "transform_matrix": [
        [
          -0.573677,
          -0.375404,
          0.727988,
          1.820753
        ],
        [
          -0.816688,
          0.330058,
          -0.473373,
          1.660904
        ],
        [
          -0.062573,
          -0.866103,
          -0.495934,
          1.470329
        ],
        [
          0.0,
          0.0,
          0.0,
          1.0
        ]
      ]
    },
    {
      "file_path": "/media/NFS/ttao/scannet/posed_images/scene0277_02/00108.jpg",
      "transform_matrix": [
        [
          -0.531467,
          -0.387514,
          0.753243,
          1.823348
        ],
        [
          -0.844227,
          0.315224,
          -0.433493,
          1.662622
        ],
        [
          -0.069456,
          -0.866295,
          -0.49468,
          1.471685
        ],
        [
          0.0,
          0.0,
          0.0,
          1.0
        ]
      ]
    },
    {
      "file_path": "/media/NFS/ttao/scannet/posed_images/scene0277_02/00111.jpg",
      "transform_matrix": [
        [
          -0.456136,
          -0.404519,
          0.792657,
          1.830636
        ],
        [
          -0.888084,
          0.263951,
          -0.376346,
          1.659899
        ],
        [
          -0.056984,
          -0.875611,
          -0.479644,
          1.467604
        ],
        [
          0.0,
          0.0,
          0.0,
          1.0
        ]
      ]
    },
    {
      "file_path": "/media/NFS/ttao/scannet/posed_images/scene0277_02/00114.jpg",
      "transform_matrix": [
        [
          -0.420127,
          -0.394688,
          0.817138,
          1.831401
        ],
        [
          -0.906842,
          0.215974,
          -0.361929,
          1.656699
        ],
        [
          -0.033631,
          -0.893071,
          -0.448656,
          1.456925
        ],
        [
          0.0,
          0.0,
          0.0,
          1.0
        ]
      ]
    },
    {
      "file_path": "/media/NFS/ttao/scannet/posed_images/scene0277_02/00118.jpg",
      "transform_matrix": [
        [
          -0.397984,
          -0.390153,
          0.830295,
          1.838104
        ],
        [
          -0.917294,
          0.182491,
          -0.353933,
          1.65034
        ],
        [
          -0.013433,
          -0.902485,
          -0.430513,
          1.454654
        ],
        [
          0.0,
          0.0,
          0.0,
          1.0
        ]
      ]
    },
    {
      "file_path": "/media/NFS/ttao/scannet/posed_images/scene0277_02/00120.jpg",
      "transform_matrix": [
        [
          -0.373624,
          -0.351674,
          0.85833,
          1.840271
        ],
        [
          -0.927407,
          0.159535,
          -0.338329,
          1.642111
        ],
        [
          -0.017952,
          -0.922428,
          -0.385751,
          1.460324
        ],
        [
          0.0,
          0.0,
          0.0,
          1.0
        ]
      ]
    },
    {
      "file_path": "/media/NFS/ttao/scannet/posed_images/scene0277_02/00124.jpg",
      "transform_matrix": [
        [
          -0.335763,
          -0.293595,
          0.895022,
          1.826598
        ],
        [
          -0.941059,
          0.145794,
          -0.305209,
          1.645421
        ],
        [
          -0.040881,
          -0.944747,
          -0.325242,
          1.467315
        ],
        [
          0.0,
          0.0,
          0.0,
          1.0
        ]
      ]
    },
    {
      "file_path": "/media/NFS/ttao/scannet/posed_images/scene0277_02/00126.jpg",
      "transform_matrix": [
        [
          -0.339492,
          -0.282604,
          0.897151,
          1.818738
        ],
        [
          -0.93974,
          0.142901,
          -0.310594,
          1.64976
        ],
        [
          -0.040428,
          -0.948533,
          -0.314088,
          1.472555
        ],
        [
          0.0,
          0.0,
          0.0,
          1.0
        ]
      ]
    },
    {
      "file_path": "/media/NFS/ttao/scannet/posed_images/scene0277_02/00130.jpg",
      "transform_matrix": [
        [
          -0.310797,
          -0.301827,
          0.90128,
          1.803871
        ],
        [
          -0.950266,
          0.11864,
          -0.287959,
          1.660647
        ],
        [
          -0.020014,
          -0.945952,
          -0.323689,
          1.488043
        ],
        [
          0.0,
          0.0,
          0.0,
          1.0
        ]
      ]
    },
    {
      "file_path": "/media/NFS/ttao/scannet/posed_images/scene0277_02/00133.jpg",
      "transform_matrix": [
        [
          -0.270746,
          -0.301339,
          0.914271,
          1.782959
        ],
        [
          -0.962492,
          0.102022,
          -0.251399,
          1.675086
        ],
        [
          -0.01752,
          -0.948043,
          -0.317659,
          1.492859
        ],
        [
          0.0,
          0.0,
          0.0,
          1.0
        ]
      ]
    },
    {
      "file_path": "/media/NFS/ttao/scannet/posed_images/scene0277_02/00135.jpg",
      "transform_matrix": [
        [
          -0.244108,
          -0.309453,
          0.919048,
          1.764961
        ],
        [
          -0.969688,
          0.08842,
          -0.227786,
          1.683907
        ],
        [
          -0.010773,
          -0.946795,
          -0.321657,
          1.49516
        ],
        [
          0.0,
          0.0,
          0.0,
          1.0
        ]
      ]
    },
    {
      "file_path": "/media/NFS/ttao/scannet/posed_images/scene0277_02/00139.jpg",
      "transform_matrix": [
        [
          -0.210887,
          -0.340057,
          0.916454,
          1.729539
        ],
        [
          -0.977504,
          0.069896,
          -0.199,
          1.702663
        ],
        [
          0.003615,
          -0.937804,
          -0.347148,
          1.501069
        ],
        [
          0.0,
          0.0,
          0.0,
          1.0
        ]
      ]
    },
    {
      "file_path": "/media/NFS/ttao/scannet/posed_images/scene0277_02/00142.jpg",
      "transform_matrix": [
        [
          -0.172785,
          -0.337547,
          0.925315,
          1.705522
        ],
        [
          -0.984943,
          0.053642,
          -0.164351,
          1.712925
        ],
        [
          0.005841,
          -0.939779,
          -0.341733,
          1.500542
        ],
        [
          0.0,
          0.0,
          0.0,
          1.0
        ]
      ]
    },
    {
      "file_path": "/media/NFS/ttao/scannet/posed_images/scene0277_02/00145.jpg",
      "transform_matrix": [
        [
          -0.136558,
          -0.34234,
          0.929599,
          1.686772
        ],
        [
          -0.990631,
          0.048467,
          -0.127675,
          1.724576
        ],
        [
          -0.001347,
          -0.938325,
          -0.345751,
          1.498004
        ],
        [
          0.0,
          0.0,
          0.0,
          1.0
        ]
      ]
    },
    {
      "file_path": "/media/NFS/ttao/scannet/posed_images/scene0277_02/00146.jpg",
      "transform_matrix": [
        [
          -0.12402,
          -0.342738,
          0.931209,
          1.679762
        ],
        [
          -0.992273,
          0.046376,
          -0.115084,
          1.730547
        ],
        [
          -0.003742,
          -0.938286,
          -0.345841,
          1.497795
        ],
        [
          0.0,
          0.0,
          0.0,
          1.0
        ]
      ]
    },
    {
      "file_path": "/media/NFS/ttao/scannet/posed_images/scene0277_02/00149.jpg",
      "transform_matrix": [
        [
          -0.078783,
          -0.348475,
          0.934002,
          1.662575
        ],
        [
          -0.996883,
          0.031461,
          -0.072348,
          1.747154
        ],
        [
          -0.004173,
          -0.93679,
          -0.349867,
          1.498345
        ],
        [
          0.0,
          0.0,
          0.0,
          1.0
        ]
      ]
    },
    {
      "file_path": "/media/NFS/ttao/scannet/posed_images/scene0277_02/00151.jpg",
      "transform_matrix": [
        [
          -0.050615,
          -0.351429,
          0.934845,
          1.644793
        ],
        [
          -0.998705,
          0.022577,
          -0.045586,
          1.742028
        ],
        [
          -0.005086,
          -0.935942,
          -0.352117,
          1.49718
        ],
        [
          0.0,
          0.0,
          0.0,
          1.0
        ]
      ]
    },
    {
      "file_path": "/media/NFS/ttao/scannet/posed_images/scene0277_02/00154.jpg",
      "transform_matrix": [
        [
          -0.034105,
          -0.349865,
          0.936179,
          1.62805
        ],
        [
          -0.999394,
          0.018494,
          -0.029496,
          1.759227
        ],
        [
          -0.006994,
          -0.936618,
          -0.350284,
          1.500752
        ],
        [
          0.0,
          0.0,
          0.0,
          1.0
        ]
      ]
    },
    {
      "file_path": "/media/NFS/ttao/scannet/posed_images/scene0277_02/00158.jpg",
      "transform_matrix": [
        [
          -0.006343,
          -0.336162,
          0.941783,
          1.609562
        ],
        [
          -0.99996,
          -0.003876,
          -0.008118,
          1.779306
        ],
        [
          0.00638,
          -0.941796,
          -0.336124,
          1.500073
        ],
        [
          0.0,
          0.0,
          0.0,
          1.0
        ]
      ]
    },
    {
      "file_path": "/media/NFS/ttao/scannet/posed_images/scene0277_02/00160.jpg",
      "transform_matrix": [
        [
          0.0084,
          -0.346854,
          0.937881,
          1.606667
        ],
        [
          -0.999796,
          -0.020163,
          0.001497,
          1.784402
        ],
        [
          0.018391,
          -0.937702,
          -0.346953,
          1.502512
        ],
        [
          0.0,
          0.0,
          0.0,
          1.0
        ]
      ]
    },
    {
      "file_path": "/media/NFS/ttao/scannet/posed_images/scene0277_02/00165.jpg",
      "transform_matrix": [
        [
          0.053532,
          -0.376471,
          0.92488,
          1.605077
        ],
        [
          -0.998487,
          -0.03186,
          0.044824,
          1.799279
        ],
        [
          0.012592,
          -0.92588,
          -0.377607,
          1.484989
        ],
        [
          0.0,
          0.0,
          0.0,
          1.0
        ]
      ]
    },
    {
      "file_path": "/media/NFS/ttao/scannet/posed_images/scene0277_02/00168.jpg",
      "transform_matrix": [
        [
          0.088757,
          -0.376515,
          0.922149,
          1.617009
        ],
        [
          -0.995986,
          -0.044329,
          0.077764,
          1.814362
        ],
        [
          0.011598,
          -0.925349,
          -0.378938,
          1.491834
        ],
        [
          0.0,
          0.0,
          0.0,
          1.0
        ]
      ]
    },
    {
      "file_path": "/media/NFS/ttao/scannet/posed_images/scene0277_02/00171.jpg",
      "transform_matrix": [
        [
          0.13727,
          -0.371579,
          0.918197,
          1.629321
        ],
        [
          -0.990324,
          -0.070556,
          0.1195,
          1.80491
        ],
        [
          0.020381,
          -0.925717,
          -0.377669,
          1.483501
        ],
        [
          0.0,
          0.0,
          0.0,
          1.0
        ]
      ]
    },
    {
      "file_path": "/media/NFS/ttao/scannet/posed_images/scene0277_02/00172.jpg",
      "transform_matrix": [
        [
          0.151187,
          -0.370445,
          0.916468,
          1.632885
        ],
        [
          -0.988194,
          -0.079906,
          0.130721,
          1.811847
        ],
        [
          0.024806,
          -0.925411,
          -0.378152,
          1.47533
        ],
        [
          0.0,
          0.0,
          0.0,
          1.0
        ]
      ]
    },
    {
      "file_path": "/media/NFS/ttao/scannet/posed_images/scene0277_02/00176.jpg",
      "transform_matrix": [
        [
          0.20603,
          -0.397854,
          0.894016,
          1.65971
        ],
        [
          -0.978301,
          -0.104193,
          0.179086,
          1.832749
        ],
        [
          0.0219,
          -0.911513,
          -0.410687,
          1.462381
        ],
        [
          0.0,
          0.0,
          0.0,
          1.0
        ]
      ]
    },
    {
      "file_path": "/media/NFS/ttao/scannet/posed_images/scene0277_02/00179.jpg",
      "transform_matrix": [
        [
          0.2572,
          -0.411557,
          0.874339,
          1.676193
        ],
        [
          -0.966354,
          -0.106693,
          0.234047,
          1.851208
        ],
        [
          -0.003038,
          -0.905118,
          -0.42515,
          1.438169
        ],
        [
          0.0,
          0.0,
          0.0,
          1.0
        ]
      ]
    },
    {
      "file_path": "/media/NFS/ttao/scannet/posed_images/scene0277_02/00180.jpg",
      "transform_matrix": [
        [
          0.284737,
          -0.420613,
          0.8614,
          1.702803
        ],
        [
          -0.958528,
          -0.113483,
          0.26143,
          1.837235
        ],
        [
          -0.012207,
          -0.900115,
          -0.435482,
          1.462935
        ],
        [
          0.0,
          0.0,
          0.0,
          1.0
        ]
      ]
    },
    {
      "file_path": "/media/NFS/ttao/scannet/posed_images/scene0277_02/00183.jpg",
      "transform_matrix": [
        [
          0.33593,
          -0.423907,
          0.841103,
          1.724354
        ],
        [
          -0.941788,
          -0.138209,
          0.306486,
          1.848125
        ],
        [
          -0.013674,
          -0.895098,
          -0.445659,
          1.445013
        ],
        [
          0.0,
          0.0,
          0.0,
          1.0
        ]
      ]
    },
    {
      "file_path": "/media/NFS/ttao/scannet/posed_images/scene0277_02/00187.jpg",
      "transform_matrix": [
        [
          0.389806,
          -0.435567,
          0.811377,
          1.766963
        ],
        [
          -0.920895,
          -0.186617,
          0.342239,
          1.862574
        ],
        [
          0.002349,
          -0.880599,
          -0.473856,
          1.444391
        ],
        [
          0.0,
          0.0,
          0.0,
          1.0
        ]
      ]
    },
    {
      "file_path": "/media/NFS/ttao/scannet/posed_images/scene0277_02/00189.jpg",
      "transform_matrix": [
        [
          0.417835,
          -0.429696,
          0.800485,
          1.788416
        ],
        [
          -0.908517,
          -0.200782,
          0.366447,
          1.8657
        ],
        [
          0.003262,
          -0.880368,
          -0.47428,
          1.442389
        ],
        [
          0.0,
          0.0,
          0.0,
          1.0
        ]
      ]
    },
    {
      "file_path": "/media/NFS/ttao/scannet/posed_images/scene0277_02/00192.jpg",
      "transform_matrix": [
        [
          0.436088,
          -0.431378,
          0.789772,
          1.810599
        ],
        [
          -0.899904,
          -0.210014,
          0.382189,
          1.874375
        ],
        [
          0.000995,
          -0.877387,
          -0.479783,
          1.423217
        ],
        [
          0.0,
          0.0,
          0.0,
          1.0
        ]
      ]
    },
    {
      "file_path": "/media/NFS/ttao/scannet/posed_images/scene0277_02/00196.jpg",
      "transform_matrix": [
        [
          0.473414,
          -0.459842,
          0.751282,
          1.865238
        ],
        [
          -0.880829,
          -0.242784,
          0.406445,
          1.867825
        ],
        [
          -0.004501,
          -0.854167,
          -0.519979,
          1.42189
        ],
        [
          0.0,
          0.0,
          0.0,
          1.0
        ]
      ]
    },
    {
      "file_path": "/media/NFS/ttao/scannet/posed_images/scene0277_02/00197.jpg",
      "transform_matrix": [
        [
          0.487468,
          -0.457722,
          0.74355,
          1.87506
        ],
        [
          -0.873103,
          -0.2476,
          0.419983,
          1.867022
        ],
        [
          -0.008132,
          -0.853923,
          -0.520335,
          1.418011
        ],
        [
          0.0,
          0.0,
          0.0,
          1.0
        ]
      ]
    },
    {
      "file_path": "/media/NFS/ttao/scannet/posed_images/scene0277_02/00200.jpg",
      "transform_matrix": [
        [
          0.541706,
          -0.465174,
          0.700119,
          1.920264
        ],
        [
          -0.840249,
          -0.276741,
          0.466257,
          1.860433
        ],
        [
          -0.023139,
          -0.84085,
          -0.540774,
          1.427121
        ],
        [
          0.0,
          0.0,
          0.0,
          1.0
        ]
      ]
    },
    {
      "file_path": "/media/NFS/ttao/scannet/posed_images/scene0277_02/00205.jpg",
      "transform_matrix": [
        [
          0.607815,
          -0.454289,
          0.651293,
          1.962694
        ],
        [
          -0.792774,
          -0.300164,
          0.530482,
          1.834188
        ],
        [
          -0.045497,
          -0.838763,
          -0.542593,
          1.415794
        ],
        [
          0.0,
          0.0,
          0.0,
          1.0
        ]
      ]
    },
    {
      "file_path": "/media/NFS/ttao/scannet/posed_images/scene0277_02/00206.jpg",
      "transform_matrix": [
        [
          0.61697,
          -0.455191,
          0.641988,
          1.968181
        ],
        [
          -0.785375,
          -0.303944,
          0.539263,
          1.828102
        ],
        [
          -0.050339,
          -0.836911,
          -0.54502,
          1.410343
        ],
        [
          0.0,
          0.0,
          0.0,
          1.0
        ]
      ]
    },
    {
      "file_path": "/media/NFS/ttao/scannet/posed_images/scene0277_02/00209.jpg",
      "transform_matrix": [
        [
          0.651709,
          -0.458408,
          0.604265,
          1.988411
        ],
        [
          -0.7555,
          -0.321923,
          0.570601,
          1.805293
        ],
        [
          -0.067041,
          -0.828389,
          -0.556128,
          1.411746
        ],
        [
          0.0,
          0.0,
          0.0,
          1.0
        ]
      ]
    },
    {
      "file_path": "/media/NFS/ttao/scannet/posed_images/scene0277_02/00214.jpg",
      "transform_matrix": [
        [
          0.685006,
          -0.437396,
          0.582625,
          2.005452
        ],
        [
          -0.72634,
          -0.347954,
          0.592754,
          1.762417
        ],
        [
          -0.056541,
          -0.829224,
          -0.556049,
          1.412309
        ],
        [
          0.0,
          0.0,
          0.0,
          1.0
        ]
      ]
    },
    {
      "file_path": "/media/NFS/ttao/scannet/posed_images/scene0277_02/00216.jpg",
      "transform_matrix": [
        [
          0.71441,
          -0.412116,
          0.56549,
          2.005347
        ],
        [
          -0.6984,
          -0.370204,
          0.612525,
          1.738744
        ],
        [
          -0.043085,
          -0.832532,
          -0.552299,
          1.409062
        ],
        [
          0.0,
          0.0,
          0.0,
          1.0
        ]
      ]
    },
    {
      "file_path": "/media/NFS/ttao/scannet/posed_images/scene0277_02/00219.jpg",
      "transform_matrix": [
        [
          0.757249,
          -0.397572,
          0.51818,
          1.990114
        ],
        [
          -0.649519,
          -0.375137,
          0.66136,
          1.731349
        ],
        [
          -0.06855,
          -0.837382,
          -0.542303,
          1.399524
        ],
        [
          0.0,
          0.0,
          0.0,
          1.0
        ]
      ]
    },
    {
      "file_path": "/media/NFS/ttao/scannet/posed_images/scene0277_02/00220.jpg",
      "transform_matrix": [
        [
          0.778083,
          -0.390789,
          0.491804,
          1.995985
        ],
        [
          -0.623501,
          -0.385265,
          0.680307,
          1.720681
        ],
        [
