{
  "frames": [
    {
      "file_path": "/media/NFS/ttao/scannet/posed_images/scene0407_00/00001.jpg",
      "transform_matrix": [
        [
          0.428035,
          0.351301,
          -0.832691,
          2.46679
        ],
        [
          0.903686,
          -0.154383,
          0.399397,
          4.21882
        ],
        [
          0.011755,
          -0.923446,
          -0.383547,
          1.282808
        ],
        [
          0.0,
          0.0,
          0.0,
          1.0
        ]
      ]
    },
    {
      "file_path": "/media/NFS/ttao/scannet/posed_images/scene0407_00/00005.jpg",
      "transform_matrix": [
        [
          0.391941,
          0.379118,
          -0.838243,
          2.473671
        ],
        [
          0.919663,
          -0.137153,
          0.36798,
          4.233426
        ],
        [
          0.02454,
          -0.915128,
          -0.402416,
          1.287093
        ],
        [
          0.0,
          0.0,
          0.0,
          1.0
        ]
      ]
    },
    {
      "file_path": "/media/NFS/ttao/scannet/posed_images/scene0407_00/00009.jpg",
      "transform_matrix": [
        [
          0.374593,
          0.376254,
          -0.847415,
          2.481682
        ],
        [
          0.926356,
          -0.113133,
          0.359257,
          4.245487
        ],
        [
          0.039302,
          -0.919584,
          -0.390924,
          1.287296
        ],
        [
          0.0,
          0.0,
          0.0,
          1.0
        ]
      ]
    },
    {
      "file_path": "/media/NFS/ttao/scannet/posed_images/scene0407_00/00010.jpg",
      "transform_matrix": [
        [
          0.374185,
          0.384461,
          -0.843905,
          2.484242
        ],
        [
          0.926248,
          -0.110504,
          0.360353,
          4.24199
        ],
        [
          0.045286,
          -0.916503,
          -0.397455,
          1.288606
        ],
        [
          0.0,
          0.0,
          0.0,
          1.0
        ]
      ]
    },
    {
      "file_path": "/media/NFS/ttao/scannet/posed_images/scene0407_00/00016.jpg",
      "transform_matrix": [
        [
          0.400607,
          0.361798,
          -0.841794,
          2.492434
        ],
        [
          0.915205,
          -0.114127,
          0.386491,
          4.249805
        ],
        [
          0.04376,
          -0.925245,
          -0.376839,
          1.302374
        ],
        [
          0.0,
          0.0,
          0.0,
          1.0
        ]
      ]
    },
    {
      "file_path": "/media/NFS/ttao/scannet/posed_images/scene0407_00/00018.jpg",
      "transform_matrix": [
        [
          0.40334,
          0.367293,
          -0.8381,
          2.497519
        ],
        [
          0.913145,
          -0.102495,
          0.394538,
          4.251817
        ],
        [
          0.05901,
          -0.92444,
          -0.376733,
          1.299555
        ],
        [
          0.0,
          0.0,
          0.0,
          1.0
        ]
      ]
    },
    {
      "file_path": "/media/NFS/ttao/scannet/posed_images/scene0407_00/00024.jpg",
      "transform_matrix": [
        [
          0.432891,
          0.357901,
          -0.827352,
          2.503398
        ],
        [
          0.899228,
          -0.1071,
          0.424169,
          4.251371
        ],
        [
          0.063201,
          -0.927597,
          -0.368197,
          1.29633
        ],
        [
          0.0,
          0.0,
          0.0,
          1.0
        ]
      ]
    },
    {
      "file_path": "/media/NFS/ttao/scannet/posed_images/scene0407_00/00026.jpg",
      "transform_matrix": [
        [
          0.438965,
          0.361096,
          -0.822751,
          2.499454
        ],
        [
          0.896507,
          -0.115003,
          0.427842,
          4.250842
        ],
        [
          0.059873,
          -0.92541,
          -0.374207,
          1.299105
        ],
        [
          0.0,
          0.0,
          0.0,
          1.0
        ]
      ]
    },
    {
      "file_path": "/media/NFS/ttao/scannet/posed_images/scene0407_00/00029.jpg",
      "transform_matrix": [
        [
          0.438642,
          0.349616,
          -0.827865,
          2.497383
        ],
        [
          0.897561,
          -0.124853,
          0.422843,
          4.254549
        ],
        [
          0.044471,
          -0.928537,
          -0.368568,
          1.301829
        ],
        [
          0.0,
          0.0,
          0.0,
          1.0
        ]
      ]
    },
    {
      "file_path": "/media/NFS/ttao/scannet/posed_images/scene0407_00/00034.jpg",
      "transform_matrix": [
        [
          0.450222,
          0.357487,
          -0.818232,
          2.498542
        ],
        [
          0.891754,
          -0.13327,
          0.432451,
          4.25972
        ],
        [
          0.04555,
          -0.92436,
          -0.378792,
          1.294821
        ],
        [
          0.0,
          0.0,
          0.0,
          1.0
        ]
      ]
    },
    {
      "file_path": "/media/NFS/ttao/scannet/posed_images/scene0407_00/00037.jpg",
      "transform_matrix": [
        [
          0.45963,
          0.357365,
          -0.813038,
          2.496194
        ],
        [
          0.887091,
          -0.140887,
          0.439568,
          4.25867
        ],
        [
          0.042539,
          -0.923277,
          -0.381771,
          1.294017
        ],
        [
          0.0,
          0.0,
          0.0,
          1.0
        ]
      ]
    },
    {
      "file_path": "/media/NFS/ttao/scannet/posed_images/scene0407_00/00039.jpg",
      "transform_matrix": [
        [
          0.466262,
          0.357766,
          -0.809076,
          2.496836
        ],
        [
          0.883635,
          -0.144623,
          0.445278,
          4.260396
        ],
        [
          0.042294,
          -0.922544,
          -0.383567,
          1.290114
        ],
        [
          0.0,
          0.0,
          0.0,
          1.0
        ]
      ]
    },
    {
      "file_path": "/media/NFS/ttao/scannet/posed_images/scene0407_00/00045.jpg",
      "transform_matrix": [
        [
          0.501401,
          0.35625,
          -0.788468,
          2.491549
        ],
        [
          0.864561,
          -0.170867,
          0.472588,
          4.257331
        ],
        [
          0.033636,
          -0.918635,
          -0.393673,
          1.285385
        ],
        [
          0.0,
          0.0,
          0.0,
          1.0
        ]
      ]
    },
    {
      "file_path": "/media/NFS/ttao/scannet/posed_images/scene0407_00/00047.jpg",
      "transform_matrix": [
        [
          0.508689,
          0.354881,
          -0.784407,
          2.488555
        ],
        [
          0.860488,
          -0.179711,
          0.476723,
          4.25704
        ],
        [
          0.028214,
          -0.917477,
          -0.396788,
          1.283588
        ],
        [
          0.0,
          0.0,
          0.0,
          1.0
        ]
      ]
    },
    {
      "file_path": "/media/NFS/ttao/scannet/posed_images/scene0407_00/00050.jpg",
      "transform_matrix": [
        [
          0.515366,
          0.3569,
          -0.779115,
          2.478342
        ],
        [
          0.856607,
          -0.188076,
          0.480471,
          4.264159
        ],
        [
          0.024947,
          -0.915013,
          -0.402651,
          1.285793
        ],
        [
          0.0,
          0.0,
          0.0,
          1.0
        ]
      ]
    },
    {
      "file_path": "/media/NFS/ttao/scannet/posed_images/scene0407_00/00053.jpg",
      "transform_matrix": [
        [
          0.534522,
          0.355184,
          -0.766897,
          2.471881
        ],
        [
          0.844782,
          -0.197596,
          0.497292,
          4.259066
        ],
        [
          0.025095,
          -0.913674,
          -0.405672,
          1.282162
        ],
        [
          0.0,
          0.0,
          0.0,
          1.0
        ]
      ]
    },
    {
      "file_path": "/media/NFS/ttao/scannet/posed_images/scene0407_00/00059.jpg",
      "transform_matrix": [
        [
          0.58272,
          0.354297,
          -0.731376,
          2.452262
        ],
        [
          0.812627,
          -0.244397,
          0.529064,
          4.237823
        ],
        [
          0.008699,
          -0.902631,
          -0.430326,
          1.276351
        ],
        [
          0.0,
          0.0,
          0.0,
          1.0
        ]
      ]
    },
    {
      "file_path": "/media/NFS/ttao/scannet/posed_images/scene0407_00/00063.jpg",
      "transform_matrix": [
        [
          0.605744,
          0.335999,
          -0.721234,
          2.442357
        ],
        [
          0.795509,
          -0.2734,
          0.540757,
          4.229343
        ],
        [
          -0.015492,
          -0.901308,
          -0.432901,
          1.270881
        ],
        [
          0.0,
          0.0,
          0.0,
          1.0
        ]
      ]
    },
    {
      "file_path": "/media/NFS/ttao/scannet/posed_images/scene0407_00/00065.jpg",
      "transform_matrix": [
        [
          0.628243,
          0.33103,
          -0.70408,
          2.421103
        ],
        [
          0.777868,
          -0.284974,
          0.5601,
          4.204705
        ],
        [
          -0.015234,
          -0.89956,
          -0.436531,
          1.265161
        ],
        [
          0.0,
          0.0,
          0.0,
          1.0
        ]
      ]
    },
    {
      "file_path": "/media/NFS/ttao/scannet/posed_images/scene0407_00/00070.jpg",
      "transform_matrix": [
        [
          0.655662,
          0.330098,
          -0.679075,
          2.417953
        ],
        [
          0.754949,
          -0.301632,
          0.582297,
          4.199525
        ],
        [
          -0.012615,
          -0.894457,
          -0.446976,
          1.261026
        ],
        [
          0.0,
          0.0,
          0.0,
          1.0
        ]
      ]
    },
    {
      "file_path": "/media/NFS/ttao/scannet/posed_images/scene0407_00/00072.jpg",
      "transform_matrix": [
        [
          0.666964,
          0.331653,
          -0.667207,
          2.415293
        ],
        [
          0.745051,
          -0.306014,
          0.592667,
          4.195378
        ],
        [
          -0.007615,
          -0.892391,
          -0.451199,
          1.263715
        ],
        [
          0.0,
          0.0,
          0.0,
          1.0
        ]
      ]
    },
    {
      "file_path": "/media/NFS/ttao/scannet/posed_images/scene0407_00/00077.jpg",
      "transform_matrix": [
        [
          0.665796,
          0.33647,
          -0.66596,
          2.423425
        ],
        [
          0.74579,
          -0.327194,
          0.580294,
          4.19342
        ],
        [
          -0.022647,
          -0.883024,
          -0.468781,
          1.264184
        ],
        [
          0.0,
          0.0,
          0.0,
          1.0
        ]
      ]
    },
    {
      "file_path": "/media/NFS/ttao/scannet/posed_images/scene0407_00/00081.jpg",
      "transform_matrix": [
        [
          0.693822,
          0.286549,
          -0.660681,
          2.430218
        ],
        [
          0.719864,
          -0.301657,
          0.625139,
          4.18626
        ],
        [
          -0.020166,
          -0.909336,
          -0.415573,
          1.26102
        ],
        [
          0.0,
          0.0,
          0.0,
          1.0
        ]
      ]
    },
    {
      "file_path": "/media/NFS/ttao/scannet/posed_images/scene0407_00/00083.jpg",
      "transform_matrix": [
        [
          0.704701,
          0.278957,
          -0.652364,
          2.424729
        ],
        [
          0.709438,
          -0.289569,
          0.642532,
          4.171668
        ],
        [
          -0.009666,
          -0.915605,
          -0.401963,
          1.248558
        ],
        [
          0.0,
          0.0,
          0.0,
          1.0
        ]
      ]
    },
    {
      "file_path": "/media/NFS/ttao/scannet/posed_images/scene0407_00/00085.jpg",
      "transform_matrix": [
        [
          0.710925,
          0.290042,
          -0.640672,
          2.415685
        ],
        [
          0.703259,
          -0.28884,
          0.649613,
          4.163913
        ],
        [
          0.003364,
          -0.912385,
          -0.409319,
          1.247283
        ],
        [
          0.0,
          0.0,
          0.0,
          1.0
        ]
      ]
    },
    {
      "file_path": "/media/NFS/ttao/scannet/posed_images/scene0407_00/00091.jpg",
      "transform_matrix": [
        [
          0.756145,
          0.265416,
          -0.598162,
          2.366898
        ],
        [
          0.654164,
          -0.281838,
          0.701881,
          4.121526
        ],
        [
          0.017705,
          -0.92202,
          -0.386736,
          1.24308
        ],
        [
          0.0,
          0.0,
          0.0,
          1.0
        ]
      ]
    },
    {
      "file_path": "/media/NFS/ttao/scannet/posed_images/scene0407_00/00094.jpg",
      "transform_matrix": [
        [
          0.776816,
          0.261163,
          -0.573019,
          2.325625
        ],
        [
          0.62952,
          -0.298666,
          0.717289,
          4.100326
        ],
        [
          0.016188,
          -0.917928,
          -0.396416,
          1.246941
        ],
        [
          0.0,
          0.0,
          0.0,
          1.0
        ]
      ]
    },
    {
      "file_path": "/media/NFS/ttao/scannet/posed_images/scene0407_00/00096.jpg",
      "transform_matrix": [
        [
          0.795668,
          0.245782,
          -0.553627,
          2.298982
        ],
        [
          0.605637,
          -0.306546,
          0.734325,
          4.082829
        ],
        [
          0.010772,
          -0.919576,
          -0.392764,
          1.245531
        ],
        [
          0.0,
          0.0,
          0.0,
          1.0
        ]
      ]
    },
    {
      "file_path": "/media/NFS/ttao/scannet/posed_images/scene0407_00/00100.jpg",
      "transform_matrix": [
        [
          0.83156,
          0.225217,
          -0.507725,
          2.254798
        ],
        [
          0.555427,
          -0.341824,
          0.758062,
          4.057392
        ],
        [
          -0.002824,
          -0.912378,
          -0.409339,
          1.234858
        ],
        [
          0.0,
          0.0,
          0.0,
          1.0
        ]
      ]
    },
    {
      "file_path": "/media/NFS/ttao/scannet/posed_images/scene0407_00/00103.jpg",
      "transform_matrix": [
        [
          0.871324,
          0.212661,
          -0.442233,
          2.206595
        ],
        [
          0.490685,
          -0.368668,
          0.789502,
          4.038702
        ],
        [
          0.004859,
          -0.904909,
          -0.425578,
          1.239843
        ],
        [
          0.0,
          0.0,
          0.0,
          1.0
        ]
      ]
    },
    {
      "file_path": "/media/NFS/ttao/scannet/posed_images/scene0407_00/00110.jpg",
      "transform_matrix": [
        [
          0.911071,
          0.171849,
          -0.374722,
          2.153991
        ],
        [
          0.412222,
          -0.36937,
          0.83285,
          4.044215
        ],
        [
          0.004714,
          -0.913254,
          -0.407362,
          1.24349
        ],
        [
          0.0,
          0.0,
          0.0,
          1.0
        ]
      ]
    },
    {
      "file_path": "/media/NFS/ttao/scannet/posed_images/scene0407_00/00111.jpg",
      "transform_matrix": [
        [
          0.916569,
          0.163145,
          -0.36508,
          2.142671
        ],
        [
          0.399874,
          -0.371661,
          0.837836,
          4.044164
        ],
        [
          0.001003,
          -0.913921,
          -0.405891,
          1.242358
        ],
        [
          0.0,
          0.0,
          0.0,
          1.0
        ]
      ]
    },
    {
      "file_path": "/media/NFS/ttao/scannet/posed_images/scene0407_00/00115.jpg",
      "transform_matrix": [
        [
          0.934703,
          0.122081,
          -0.333804,
          2.101859
        ],
        [
          0.354975,
          -0.368064,
          0.859373,
          4.054496
        ],
        [
          -0.017948,
          -0.921751,
          -0.387367,
          1.242411
        ],
        [
          0.0,
          0.0,
          0.0,
          1.0
        ]
      ]
    },
    {
      "file_path": "/media/NFS/ttao/scannet/posed_images/scene0407_00/00120.jpg",
      "transform_matrix": [
        [
          0.941692,
          0.122102,
          -0.31354,
          2.06244
        ],
        [
          0.335603,
          -0.407958,
          0.849083,
          4.075311
        ],
        [
          -0.024236,
          -0.904799,
          -0.425148,
          1.240117
        ],
        [
          0.0,
          0.0,
          0.0,
          1.0
        ]
      ]
    },
    {
      "file_path": "/media/NFS/ttao/scannet/posed_images/scene0407_00/00122.jpg",
      "transform_matrix": [
        [
          0.946422,
          0.11524,
          -0.301671,
          2.048647
        ],
        [
          0.321975,
          -0.408655,
          0.85401,
          4.080425
        ],
        [
          -0.024863,
          -0.905384,
          -0.423864,
          1.23453
        ],
        [
          0.0,
          0.0,
          0.0,
          1.0
        ]
      ]
    },
    {
      "file_path": "/media/NFS/ttao/scannet/posed_images/scene0407_00/00125.jpg",
      "transform_matrix": [
        [
          0.960291,
          0.113408,
          -0.254911,
          2.027037
        ],
        [
          0.27882,
          -0.422964,
          0.862184,
          4.090184
        ],
        [
          -0.01004,
          -0.899022,
          -0.437789,
          1.22476
        ],
        [
          0.0,
          0.0,
          0.0,
          1.0
        ]
      ]
    },
    {
      "file_path": "/media/NFS/ttao/scannet/posed_images/scene0407_00/00132.jpg",
      "transform_matrix": [
        [
          0.988452,
          0.054303,
          -0.141469,
          1.977459
        ],
        [
          0.151292,
          -0.406396,
          0.901084,
          4.08443
        ],
        [
          -0.00856,
          -0.912082,
          -0.409918,
          1.230289
        ],
        [
          0.0,
          0.0,
          0.0,
          1.0
        ]
      ]
    },
    {
      "file_path": "/media/NFS/ttao/scannet/posed_images/scene0407_00/00135.jpg",
      "transform_matrix": [
        [
          0.996853,
          0.013571,
          -0.078093,
          1.94207
        ],
        [
          0.076697,
          -0.413821,
          0.907122,
          4.077259
        ],
        [
          -0.020006,
          -0.910257,
          -0.41356,
          1.230414
        ],
        [
          0.0,
          0.0,
          0.0,
          1.0
        ]
      ]
    },
    {
      "file_path": "/media/NFS/ttao/scannet/posed_images/scene0407_00/00136.jpg",
      "transform_matrix": [
        [
          0.998118,
          -0.002458,
          -0.061262,
          1.92813
        ],
        [
          0.054752,
          -0.413922,
          0.908664,
          4.07364
        ],
        [
          -0.027592,
          -0.910309,
          -0.413008,
          1.231055
        ],
        [
          0.0,
          0.0,
          0.0,
          1.0
        ]
      ]
    },
    {
      "file_path": "/media/NFS/ttao/scannet/posed_images/scene0407_00/00141.jpg",
      "transform_matrix": [
        [
          0.998866,
          -0.041485,
          -0.023371,
          1.873236
        ],
        [
          0.00281,
          -0.43862,
          0.898669,
          4.057216
        ],
        [
          -0.047532,
          -0.897715,
          -0.438006,
          1.22443
        ],
        [
          0.0,
          0.0,
          0.0,
          1.0
        ]
      ]
    },
    {
      "file_path": "/media/NFS/ttao/scannet/posed_images/scene0407_00/00143.jpg",
      "transform_matrix": [
        [
          0.997995,
          -0.062304,
          -0.011113,
          1.844777
        ],
        [
          -0.016848,
          -0.430823,
          0.90228,
          4.046916
        ],
        [
          -0.061003,
          -0.900283,
          -0.431009,
          1.221926
        ],
        [
          0.0,
          0.0,
          0.0,
          1.0
        ]
      ]
    },
    {
      "file_path": "/media/NFS/ttao/scannet/posed_images/scene0407_00/00149.jpg",
      "transform_matrix": [
        [
          0.994298,
          -0.094698,
          0.049022,
          1.783803
        ],
        [
          -0.08676,
          -0.451147,
          0.888222,
          4.026901
        ],
        [
          -0.061996,
          -0.887411,
          -0.456791,
          1.221501
        ],
        [
          0.0,
          0.0,
          0.0,
          1.0
        ]
      ]
    },
    {
      "file_path": "/media/NFS/ttao/scannet/posed_images/scene0407_00/00150.jpg",
      "transform_matrix": [
        [
          0.993595,
          -0.099412,
          0.053721,
          1.789097
        ],
        [
          -0.093039,
          -0.449923,
          0.888208,
          4.029034
        ],
        [
          -0.064129,
          -0.887517,
          -0.45629,
          1.223425
        ],
        [
          0.0,
          0.0,
          0.0,
          1.0
        ]
      ]
    },
    {
      "file_path": "/media/NFS/ttao/scannet/posed_images/scene0407_00/00155.jpg",
      "transform_matrix": [
        [
          0.984865,
          -0.118934,
          0.126077,
          1.760389
        ],
        [
          -0.16679,
          -0.452512,
          0.876021,
          4.038507
        ],
        [
          -0.047137,
          -0.883791,
          -0.4655,
          1.217529
        ],
        [
          0.0,
          0.0,
          0.0,
          1.0
        ]
      ]
    },
    {
      "file_path": "/media/NFS/ttao/scannet/posed_images/scene0407_00/00157.jpg",
      "transform_matrix": [
        [
          0.979718,
          -0.133108,
          0.149779,
          1.749322
        ],
        [
          -0.194495,
          -0.451911,
          0.870602,
          4.047314
        ],
        [
          -0.048198,
          -0.882076,
          -0.468634,
          1.216883
        ],
        [
          0.0,
          0.0,
          0.0,
          1.0
        ]
      ]
    },
    {
      "file_path": "/media/NFS/ttao/scannet/posed_images/scene0407_00/00164.jpg",
      "transform_matrix": [
        [
          0.957117,
          -0.192181,
          0.21678,
          1.740507
        ],
        [
          -0.279431,
          -0.414937,
          0.865878,
          4.101801
        ],
        [
          -0.076455,
          -0.889322,
          -0.450845,
          1.202944
        ],
        [
          0.0,
          0.0,
          0.0,
          1.0
        ]
      ]
    },
    {
      "file_path": "/media/NFS/ttao/scannet/posed_images/scene0407_00/00165.jpg",
      "transform_matrix": [
        [
          0.955652,
          -0.198356,
          0.217678,
          1.737228
        ],
        [
          -0.28319,
          -0.4161,
          0.864097,
          4.110818
        ],
        [
          -0.080823,
          -0.887421,
          -0.45382,
          1.202933
        ],
        [
          0.0,
          0.0,
          0.0,
          1.0
        ]
      ]
    },
    {
      "file_path": "/media/NFS/ttao/scannet/posed_images/scene0407_00/00169.jpg",
      "transform_matrix": [
        [
          0.936315,
          -0.22068,
          0.273156,
          1.722849
        ],
        [
          -0.344354,
          -0.42459,
          0.837344,
          4.148191
        ],
        [
          -0.068805,
          -0.87808,
          -0.473541,
          1.199725
        ],
        [
          0.0,
          0.0,
          0.0,
          1.0
        ]
      ]
    },
    {
      "file_path": "/media/NFS/ttao/scannet/posed_images/scene0407_00/00174.jpg",
      "transform_matrix": [
        [
          0.917207,
          -0.234181,
          0.322319,
          1.719091
        ],
        [
          -0.393444,
          -0.405062,
          0.825304,
          4.19299
        ],
        [
          -0.062711,
          -0.88379,
          -0.463662,
          1.198035
        ],
        [
          0.0,
          0.0,
          0.0,
          1.0
        ]
      ]
    },
    {
      "file_path": "/media/NFS/ttao/scannet/posed_images/scene0407_00/00177.jpg",
      "transform_matrix": [
        [
          0.906948,
          -0.230917,
          0.352309,
          1.701913
        ],
        [
          -0.418494,
          -0.398559,
          0.816097,
          4.222354
        ],
        [
          -0.048034,
          -0.887597,
          -0.45811,
          1.201693
        ],
        [
          0.0,
          0.0,
          0.0,
          1.0
        ]
      ]
    },
    {
      "file_path": "/media/NFS/ttao/scannet/posed_images/scene0407_00/00179.jpg",
      "transform_matrix": [
        [
          0.892592,
          -0.241477,
          0.380748,
          1.688811
        ],
        [
          -0.448208,
          -0.383674,
          0.807406,
          4.242393
        ],
        [
          -0.048887,
          -0.891338,
          -0.450696,
          1.206087
        ],
        [
          0.0,
          0.0,
          0.0,
          1.0
        ]
      ]
    },
    {
      "file_path": "/media/NFS/ttao/scannet/posed_images/scene0407_00/00183.jpg",
      "transform_matrix": [
        [
          0.872966,
          -0.244951,
          0.421815,
          1.702271
        ],
        [
          -0.485296,
          -0.348977,
          0.801688,
          4.280078
        ],
        [
          -0.04917,
          -0.904552,
          -0.423519,
          1.198459
        ],
        [
          0.0,
          0.0,
          0.0,
          1.0
        ]
      ]
    },
    {
      "file_path": "/media/NFS/ttao/scannet/posed_images/scene0407_00/00189.jpg",
      "transform_matrix": [
        [
          0.839782,
          -0.26671,
          0.472897,
          1.657781
        ],
        [
          -0.538731,
          -0.301315,
          0.786752,
          4.35802
        ],
        [
          -0.067344,
          -0.915464,
          -0.396724,
          1.228154
        ],
        [
          0.0,
          0.0,
          0.0,
          1.0
        ]
      ]
    },
    {
      "file_path": "/media/NFS/ttao/scannet/posed_images/scene0407_00/00191.jpg",
      "transform_matrix": [
        [
          0.839697,
          -0.26821,
          0.472198,
          1.665883
        ],
        [
          -0.536137,
          -0.27109,
          0.799417,
          4.361827
        ],
        [
          -0.086403,
          -0.924432,
          -0.371431,
          1.219782
        ],
        [
          0.0,
          0.0,
          0.0,
          1.0
        ]
      ]
    },
    {
      "file_path": "/media/NFS/ttao/scannet/posed_images/scene0407_00/00195.jpg",
      "transform_matrix": [
        [
          0.819838,
          -0.260246,
          0.510037,
          1.635352
        ],
        [
          -0.567605,
          -0.252032,
          0.783776,
          4.406791
        ],
        [
          -0.075429,
          -0.932068,
          -0.354343,
          1.22775
        ],
        [
          0.0,
          0.0,
          0.0,
          1.0
        ]
      ]
    },
    {
      "file_path": "/media/NFS/ttao/scannet/posed_images/scene0407_00/00199.jpg",
      "transform_matrix": [
        [
          0.798368,
          -0.255686,
          0.54519,
          1.617289
        ],
        [
          -0.599233,
          -0.248032,
          0.761184,
          4.451874
        ],
        [
          -0.059399,
          -0.934401,
          -0.351237,
          1.234541
        ],
        [
          0.0,
          0.0,
          0.0,
          1.0
        ]
      ]
    },
    {
      "file_path": "/media/NFS/ttao/scannet/posed_images/scene0407_00/00203.jpg",
      "transform_matrix": [
        [
          0.775507,
          -0.262975,
          0.573963,
          1.621207
        ],
        [
          -0.627315,
          -0.218487,
          0.747489,
          4.49499
        ],
        [
          -0.071168,
          -0.939738,
          -0.334406,
          1.230249
        ],
        [
          0.0,
          0.0,
          0.0,
          1.0
        ]
      ]
    },
    {
      "file_path": "/media/NFS/ttao/scannet/posed_images/scene0407_00/00205.jpg",
      "transform_matrix": [
        [
          0.766081,
          -0.274991,
          0.580947,
          1.621869
        ],
        [
          -0.637524,
          -0.210145,
          0.741217,
          4.525566
        ],
        [
          -0.081745,
          -0.9382,
          -0.336302,
          1.230144
        ],
        [
          0.0,
          0.0,
          0.0,
          1.0
        ]
      ]
    },
    {
      "file_path": "/media/NFS/ttao/scannet/posed_images/scene0407_00/00210.jpg",
      "transform_matrix": [
        [
          0.755938,
          -0.308524,
          0.577383,
          1.626073
        ],
        [
          -0.647297,
          -0.220502,
          0.729648,
          4.606199
        ],
        [
          -0.0978,
          -0.925306,
          -0.366393,
          1.234504
        ],
        [
          0.0,
          0.0,
          0.0,
          1.0
        ]
      ]
    },
    {
      "file_path": "/media/NFS/ttao/scannet/posed_images/scene0407_00/00211.jpg",
      "transform_matrix": [
        [
          0.750309,
          -0.317313,
          0.579955,
          1.629284
        ],
        [
          -0.652942,
          -0.218414,
          0.725233,
          4.621644
        ],
        [
          -0.103456,
          -0.922826,
          -0.371065,
          1.238864
        ],
        [
          0.0,
          0.0,
          0.0,
          1.0
        ]
      ]
    },
    {
      "file_path": "/media/NFS/ttao/scannet/posed_images/scene0407_00/00216.jpg",
      "transform_matrix": [
        [
          0.731393,
          -0.323563,
          0.600309,
          1.633959
        ],
        [
          -0.671405,
          -0.187409,
          0.717003,
          4.688921
        ],
        [
          -0.119492,
          -0.927461,
          -0.354312,
          1.26511
        ],
        [
          0.0,
          0.0,
          0.0,
          1.0
        ]
      ]
    },
    {
      "file_path": "/media/NFS/ttao/scannet/posed_images/scene0407_00/00219.jpg",
      "transform_matrix": [
        [
          0.713298,
          -0.326299,
          0.62027,
          1.637011
        ],
        [
          -0.690876,
          -0.178499,
          0.700592,
          4.723794
        ],
        [
          -0.117885,
          -0.92826,
          -0.352756,
          1.274119
        ],
        [
          0.0,
          0.0,
          0.0,
          1.0
        ]
      ]
    },
    {
      "file_path": "/media/NFS/ttao/scannet/posed_images/scene0407_00/00222.jpg",
      "transform_matrix": [
        [
          0.686718,
          -0.32927,
          0.648074,
          1.64223
        ],
        [
          -0.716066,
          -0.152896,
          0.681081,
          4.757654
        ],
        [
          -0.125172,
          -0.931775,
          -0.340776,
          1.270364
        ],
        [
          0.0,
          0.0,
          0.0,
          1.0
        ]
      ]
    },
    {
      "file_path": "/media/NFS/ttao/scannet/posed_images/scene0407_00/00229.jpg",
      "transform_matrix": [
        [
          0.606172,
          -0.342263,
          0.717921,
          1.641839
        ],
        [
          -0.786294,
          -0.122192,
          0.605649,
          4.85801
        ],
        [
          -0.119567,
          -0.931625,
          -0.343189,
          1.28503
        ],
        [
          0.0,
          0.0,
          0.0,
          1.0
        ]
      ]
    },
    {
      "file_path": "/media/NFS/ttao/scannet/posed_images/scene0407_00/00232.jpg",
      "transform_matrix": [
        [
          0.561238,
          -0.34892,
          0.750511,
          1.631179
        ],
        [
          -0.815995,
          -0.081602,
          0.57227,
          4.898929
        ],
        [
          -0.138433,
          -0.933593,
          -0.330515,
          1.275566
        ],
        [
          0.0,
          0.0,
          0.0,
          1.0
        ]
      ]
    },
    {
      "file_path": "/media/NFS/ttao/scannet/posed_images/scene0407_00/00233.jpg",
      "transform_matrix": [
        [
          0.549089,
          -0.353625,
          0.757264,
          1.629029
        ],
        [
          -0.823555,
          -0.074629,
          0.562306,
          4.912211
        ],
        [
          -0.142332,
          -0.932405,
          -0.332208,
          1.27415
        ],
        [
          0.0,
          0.0,
          0.0,
          1.0
        ]
      ]
    },
    {
      "file_path": "/media/NFS/ttao/scannet/posed_images/scene0407_00/00237.jpg",
      "transform_matrix": [
        [
          0.500582,
          -0.371171,
          0.78208,
          1.629753
        ],
        [
          -0.85388,
          -0.062987,
          0.516645,
          4.963246
        ],
        [
          -0.142503,
          -0.926426,
          -0.348465,
          1.283938
        ],
        [
          0.0,
          0.0,
          0.0,
          1.0
        ]
      ]
    },
    {
      "file_path": "/media/NFS/ttao/scannet/posed_images/scene0407_00/00243.jpg",
      "transform_matrix": [
        [
          0.432099,
          -0.397114,
          0.809686,
          1.638752
        ],
        [
          -0.889631,
          -0.040547,
          0.454877,
          5.021144
        ],
        [
          -0.147808,
          -0.916873,
          -0.370805,
          1.271771
        ],
        [
          0.0,
          0.0,
          0.0,
          1.0
        ]
      ]
    },
    {
      "file_path": "/media/NFS/ttao/scannet/posed_images/scene0407_00/00246.jpg",
      "transform_matrix": [
        [
          0.407305,
          -0.40675,
          0.817715,
          1.657262
        ],
        [
          -0.901871,
          -0.037975,
          0.430333,
          5.048575
        ],
        [
          -0.143985,
          -0.91275,
          -0.382304,
          1.269427
        ],
        [
          0.0,
          0.0,
          0.0,
          1.0
        ]
      ]
    },
    {
      "file_path": "/media/NFS/ttao/scannet/posed_images/scene0407_00/00248.jpg",
      "transform_matrix": [
        [
          0.386489,
          -0.41149,
          0.82541,
          1.671438
        ],
        [
          -0.910177,
          -0.025576,
          0.41343,
          5.069216
        ],
        [
          -0.149012,
          -0.911055,
          -0.384414,
          1.2682
        ],
        [
          0.0,
          0.0,
          0.0,
          1.0
        ]
      ]
    },
    {
      "file_path": "/media/NFS/ttao/scannet/posed_images/scene0407_00/00253.jpg",
      "transform_matrix": [
        [
          0.344483,
          -0.430366,
          0.834336,
          1.717753
        ],
        [
          -0.925028,
          -0.003973,
          0.379878,
          5.106537
        ],
        [
          -0.160172,
          -0.902646,
          -0.399469,
          1.276137
        ],
        [
          0.0,
          0.0,
          0.0,
          1.0
        ]
      ]
    },
    {
      "file_path": "/media/NFS/ttao/scannet/posed_images/scene0407_00/00257.jpg",
      "transform_matrix": [
        [
          0.298834,
          -0.444273,
          0.844582,
          1.749262
        ],
        [
          -0.941599,
          0.006668,
          0.336669,
          5.13993
        ],
        [
          -0.155205,
          -0.895867,
          -0.416334,
          1.282197
        ],
        [
          0.0,
          0.0,
          0.0,
          1.0
        ]
      ]
    },
    {
      "file_path": "/media/NFS/ttao/scannet/posed_images/scene0407_00/00259.jpg",
      "transform_matrix": [
        [
          0.277027,
          -0.442361,
          0.852979,
          1.757924
        ],
        [
          -0.947747,
          0.020374,
          0.318372,
          5.155081
        ],
        [
          -0.158214,
          -0.896606,
          -0.413602,
          1.281159
        ],
        [
          0.0,
          0.0,
          0.0,
          1.0
        ]
      ]
    },
    {
      "file_path": "/media/NFS/ttao/scannet/posed_images/scene0407_00/00264.jpg",
      "transform_matrix": [
        [
          0.249022,
          -0.457587,
          0.853581,
          1.772322
        ],
        [
          -0.955165,
          0.029704,
          0.294582,
          5.136053
        ],
        [
          -0.160151,
          -0.888668,
          -0.429674,
          1.281382
        ],
        [
          0.0,
          0.0,
          0.0,
          1.0
        ]
      ]
    },
    {
      "file_path": "/media/NFS/ttao/scannet/posed_images/scene0407_00/00265.jpg",
      "transform_matrix": [
        [
          0.226523,
          -0.456401,
          0.860456,
          1.768435
        ],
        [
          -0.960667,
          0.041012,
          0.274658,
          5.149419
        ],
        [
          -0.160643,
          -0.888828,
          -0.429159,
          1.282867
        ],
        [
          0.0,
          0.0,
          0.0,
          1.0
        ]
      ]
    },
    {
      "file_path": "/media/NFS/ttao/scannet/posed_images/scene0407_00/00270.jpg",
      "transform_matrix": [
        [
          0.14627,
          -0.447463,
          0.882259,
          1.754495
        ],
        [
          -0.976837,
          0.07548,
          0.200232,
          5.149897
        ],
        [
          -0.15619,
          -0.891111,
          -0.426058,
          1.278981
        ],
        [
          0.0,
          0.0,
          0.0,
          1.0
        ]
      ]
    },
    {
      "file_path": "/media/NFS/ttao/scannet/posed_images/scene0407_00/00273.jpg",
      "transform_matrix": [
        [
          0.080033,
          -0.453183,
          0.887817,
          1.729837
        ],
        [
          -0.985318,
          0.098787,
          0.139247,
          5.185966
        ],
        [
          -0.150809,
          -0.885927,
          -0.438623,
          1.280601
        ],
        [
          0.0,
          0.0,
          0.0,
          1.0
        ]
      ]
    },
    {
      "file_path": "/media/NFS/ttao/scannet/posed_images/scene0407_00/00277.jpg",
      "transform_matrix": [
        [
          0.010124,
          -0.45628,
          0.889778,
          1.689633
        ],
        [
          -0.988486,
          0.129779,
          0.077798,
          5.224667
        ],
        [
          -0.150972,
          -0.880321,
          -0.449713,
          1.274312
        ],
        [
