{
  "frames": [
    {
      "file_path": "/media/NFS/ttao/scannet/posed_images/scene0232_00/00002.jpg",
      "transform_matrix": [
        [
          0.684356,
          0.480715,
          -0.548242,
          2.418354
        ],
        [
          0.728913,
          -0.431934,
          0.531149,
          0.819369
        ],
        [
          0.018527,
          -0.763116,
          -0.645996,
          1.234004
        ],
        [
          0.0,
          0.0,
          0.0,
          1.0
        ]
      ]
    },
    {
      "file_path": "/media/NFS/ttao/scannet/posed_images/scene0232_00/00009.jpg",
      "transform_matrix": [
        [
          0.703232,
          0.471787,
          -0.531866,
          2.430619
        ],
        [
          0.71061,
          -0.442922,
          0.546676,
          0.819911
        ],
        [
          0.02234,
          -0.762389,
          -0.646733,
          1.232888
        ],
        [
          0.0,
          0.0,
          0.0,
          1.0
        ]
      ]
    },
    {
      "file_path": "/media/NFS/ttao/scannet/posed_images/scene0232_00/00013.jpg",
      "transform_matrix": [
        [
          0.674488,
          0.486123,
          -0.555653,
          2.460083
        ],
        [
          0.738215,
          -0.433625,
          0.516728,
          0.844364
        ],
        [
          0.010248,
          -0.758719,
          -0.651338,
          1.233346
        ],
        [
          0.0,
          0.0,
          0.0,
          1.0
        ]
      ]
    },
    {
      "file_path": "/media/NFS/ttao/scannet/posed_images/scene0232_00/00025.jpg",
      "transform_matrix": [
        [
          0.620049,
          0.49721,
          -0.606894,
          2.569026
        ],
        [
          0.784286,
          -0.41335,
          0.462641,
          0.861339
        ],
        [
          -0.02083,
          -0.762839,
          -0.646253,
          1.186459
        ],
        [
          0.0,
          0.0,
          0.0,
          1.0
        ]
      ]
    },
    {
      "file_path": "/media/NFS/ttao/scannet/posed_images/scene0232_00/00029.jpg",
      "transform_matrix": [
        [
          0.629051,
          0.490933,
          -0.602726,
          2.590251
        ],
        [
          0.776674,
          -0.429582,
          0.460692,
          0.868084
        ],
        [
          -0.032751,
          -0.757921,
          -0.651524,
          1.171607
        ],
        [
          0.0,
          0.0,
          0.0,
          1.0
        ]
      ]
    },
    {
      "file_path": "/media/NFS/ttao/scannet/posed_images/scene0232_00/00040.jpg",
      "transform_matrix": [
        [
          0.681972,
          0.49361,
          -0.539689,
          2.614029
        ],
        [
          0.730382,
          -0.498141,
          0.46733,
          0.863587
        ],
        [
          -0.038163,
          -0.712885,
          -0.700242,
          1.144167
        ],
        [
          0.0,
          0.0,
          0.0,
          1.0
        ]
      ]
    },
    {
      "file_path": "/media/NFS/ttao/scannet/posed_images/scene0232_00/00043.jpg",
      "transform_matrix": [
        [
          0.688226,
          0.495788,
          -0.52966,
          2.615508
        ],
        [
          0.724585,
          -0.506303,
          0.467583,
          0.857855
        ],
        [
          -0.036346,
          -0.705587,
          -0.707691,
          1.143305
        ],
        [
          0.0,
          0.0,
          0.0,
          1.0
        ]
      ]
    },
    {
      "file_path": "/media/NFS/ttao/scannet/posed_images/scene0232_00/00052.jpg",
      "transform_matrix": [
        [
          0.702009,
          0.483318,
          -0.523055,
          2.623281
        ],
        [
          0.711712,
          -0.5024,
          0.49098,
          0.828269
        ],
        [
          -0.025483,
          -0.716936,
          -0.696673,
          1.133904
        ],
        [
          0.0,
          0.0,
          0.0,
          1.0
        ]
      ]
    },
    {
      "file_path": "/media/NFS/ttao/scannet/posed_images/scene0232_00/00063.jpg",
      "transform_matrix": [
        [
          0.711438,
          0.455896,
          -0.534804,
          2.611278
        ],
        [
          0.702517,
          -0.480932,
          0.52457,
          0.822451
        ],
        [
          -0.018055,
          -0.748908,
          -0.662427,
          1.171056
        ],
        [
          0.0,
          0.0,
          0.0,
          1.0
        ]
      ]
    },
    {
      "file_path": "/media/NFS/ttao/scannet/posed_images/scene0232_00/00067.jpg",
      "transform_matrix": [
        [
          0.718676,
          0.430019,
          -0.546432,
          2.606815
        ],
        [
          0.694959,
          -0.470378,
          0.543854,
          0.827737
        ],
        [
          -0.023162,
          -0.770603,
          -0.636895,
          1.195127
        ],
        [
          0.0,
          0.0,
          0.0,
          1.0
        ]
      ]
    },
    {
      "file_path": "/media/NFS/ttao/scannet/posed_images/scene0232_00/00076.jpg",
      "transform_matrix": [
        [
          0.717322,
          0.399191,
          -0.571048,
          2.593709
        ],
        [
          0.696688,
          -0.421119,
          0.580762,
          0.854106
        ],
        [
          -0.008645,
          -0.814436,
          -0.580189,
          1.2435
        ],
        [
          0.0,
          0.0,
          0.0,
          1.0
        ]
      ]
    },
    {
      "file_path": "/media/NFS/ttao/scannet/posed_images/scene0232_00/00085.jpg",
      "transform_matrix": [
        [
          0.714455,
          0.369035,
          -0.594447,
          2.577243
        ],
        [
          0.699428,
          -0.399545,
          0.592592,
          0.882324
        ],
        [
          -0.018822,
          -0.839153,
          -0.54357,
          1.285312
        ],
        [
          0.0,
          0.0,
          0.0,
          1.0
        ]
      ]
    },
    {
      "file_path": "/media/NFS/ttao/scannet/posed_images/scene0232_00/00094.jpg",
      "transform_matrix": [
        [
          0.672123,
          0.339565,
          -0.657987,
          2.56647
        ],
        [
          0.73967,
          -0.348426,
          0.57575,
          0.879045
        ],
        [
          -0.033755,
          -0.873668,
          -0.485351,
          1.318124
        ],
        [
          0.0,
          0.0,
          0.0,
          1.0
        ]
      ]
    },
    {
      "file_path": "/media/NFS/ttao/scannet/posed_images/scene0232_00/00101.jpg",
      "transform_matrix": [
        [
          0.663551,
          0.303199,
          -0.683937,
          2.564322
        ],
        [
          0.746606,
          -0.326705,
          0.579519,
          0.86764
        ],
        [
          -0.047736,
          -0.895173,
          -0.443156,
          1.347995
        ],
        [
          0.0,
          0.0,
          0.0,
          1.0
        ]
      ]
    },
    {
      "file_path": "/media/NFS/ttao/scannet/posed_images/scene0232_00/00108.jpg",
      "transform_matrix": [
        [
          0.655175,
          0.279228,
          -0.701981,
          2.567528
        ],
        [
          0.754068,
          -0.298441,
          0.585077,
          0.84967
        ],
        [
          -0.046129,
          -0.912669,
          -0.406088,
          1.366907
        ],
        [
          0.0,
          0.0,
          0.0,
          1.0
        ]
      ]
    },
    {
      "file_path": "/media/NFS/ttao/scannet/posed_images/scene0232_00/00110.jpg",
      "transform_matrix": [
        [
          0.650715,
          0.268913,
          -0.71011,
          2.571815
        ],
        [
          0.757922,
          -0.286797,
          0.58592,
          0.844916
        ],
        [
          -0.046096,
          -0.919475,
          -0.390438,
          1.367937
        ],
        [
          0.0,
          0.0,
          0.0,
          1.0
        ]
      ]
    },
    {
      "file_path": "/media/NFS/ttao/scannet/posed_images/scene0232_00/00123.jpg",
      "transform_matrix": [
        [
          0.644171,
          0.225415,
          -0.730912,
          2.590028
        ],
        [
          0.763847,
          -0.239264,
          0.599408,
          0.824566
        ],
        [
          -0.039765,
          -0.944426,
          -0.326309,
          1.390321
        ],
        [
          0.0,
          0.0,
          0.0,
          1.0
        ]
      ]
    },
    {
      "file_path": "/media/NFS/ttao/scannet/posed_images/scene0232_00/00126.jpg",
      "transform_matrix": [
        [
          0.643774,
          0.219792,
          -0.732971,
          2.59288
        ],
        [
          0.764112,
          -0.236079,
          0.600334,
          0.823051
        ],
        [
          -0.04109,
          -0.946551,
          -0.319927,
          1.391435
        ],
        [
          0.0,
          0.0,
          0.0,
          1.0
        ]
      ]
    },
    {
      "file_path": "/media/NFS/ttao/scannet/posed_images/scene0232_00/00139.jpg",
      "transform_matrix": [
        [
          0.639176,
          0.191276,
          -0.744894,
          2.597687
        ],
        [
          0.768041,
          -0.208616,
          0.605469,
          0.82076
        ],
        [
          -0.039585,
          -0.95911,
          -0.28025,
          1.410174
        ],
        [
          0.0,
          0.0,
          0.0,
          1.0
        ]
      ]
    },
    {
      "file_path": "/media/NFS/ttao/scannet/posed_images/scene0232_00/00143.jpg",
      "transform_matrix": [
        [
          0.638151,
          0.174466,
          -0.749883,
          2.59956
        ],
        [
          0.768942,
          -0.193297,
          0.609398,
          0.820546
        ],
        [
          -0.038631,
          -0.965504,
          -0.257507,
          1.41559
        ],
        [
          0.0,
          0.0,
          0.0,
          1.0
        ]
      ]
    },
    {
      "file_path": "/media/NFS/ttao/scannet/posed_images/scene0232_00/00152.jpg",
      "transform_matrix": [
        [
          0.621036,
          0.137421,
          -0.771641,
          2.599266
        ],
        [
          0.783145,
          -0.148501,
          0.603847,
          0.815455
        ],
        [
          -0.031608,
          -0.979318,
          -0.199845,
          1.439217
        ],
        [
          0.0,
          0.0,
          0.0,
          1.0
        ]
      ]
    },
    {
      "file_path": "/media/NFS/ttao/scannet/posed_images/scene0232_00/00155.jpg",
      "transform_matrix": [
        [
          0.611302,
          0.122874,
          -0.7818,
          2.599717
        ],
        [
          0.790876,
          -0.130704,
          0.597856,
          0.81306
        ],
        [
          -0.028723,
          -0.983778,
          -0.177078,
          1.449954
        ],
        [
          0.0,
          0.0,
          0.0,
          1.0
        ]
      ]
    },
    {
      "file_path": "/media/NFS/ttao/scannet/posed_images/scene0232_00/00164.jpg",
      "transform_matrix": [
        [
          0.598126,
          0.089167,
          -0.796426,
          2.601315
        ],
        [
          0.80123,
          -0.087107,
          0.591982,
          0.815015
        ],
        [
          -0.016589,
          -0.9922,
          -0.123545,
          1.467556
        ],
        [
          0.0,
          0.0,
          0.0,
          1.0
        ]
      ]
    },
    {
      "file_path": "/media/NFS/ttao/scannet/posed_images/scene0232_00/00175.jpg",
      "transform_matrix": [
        [
          0.601503,
          0.047701,
          -0.797445,
          2.595361
        ],
        [
          0.798832,
          -0.045685,
          0.599816,
          0.833985
        ],
        [
          -0.00782,
          -0.997816,
          -0.065585,
          1.506412
        ],
        [
          0.0,
          0.0,
          0.0,
          1.0
        ]
      ]
    },
    {
      "file_path": "/media/NFS/ttao/scannet/posed_images/scene0232_00/00184.jpg",
      "transform_matrix": [
        [
          0.641236,
          0.061462,
          -0.764878,
          2.578674
        ],
        [
          0.766813,
          -0.014269,
          0.641712,
          0.859505
        ],
        [
          0.028526,
          -0.998007,
          -0.05628,
          1.516525
        ],
        [
          0.0,
          0.0,
          0.0,
          1.0
        ]
      ]
    },
    {
      "file_path": "/media/NFS/ttao/scannet/posed_images/scene0232_00/00191.jpg",
      "transform_matrix": [
        [
          0.674761,
          0.073234,
          -0.734394,
          2.552572
        ],
        [
          0.736759,
          -0.008333,
          0.676104,
          0.871666
        ],
        [
          0.043393,
          -0.99728,
          -0.059579,
          1.531509
        ],
        [
          0.0,
          0.0,
          0.0,
          1.0
        ]
      ]
    },
    {
      "file_path": "/media/NFS/ttao/scannet/posed_images/scene0232_00/00197.jpg",
      "transform_matrix": [
        [
          0.721458,
          0.061878,
          -0.689688,
          2.523581
        ],
        [
          0.691238,
          -0.005251,
          0.722608,
          0.879636
        ],
        [
          0.041092,
          -0.99807,
          -0.046561,
          1.529816
        ],
        [
          0.0,
          0.0,
          0.0,
          1.0
        ]
      ]
    },
    {
      "file_path": "/media/NFS/ttao/scannet/posed_images/scene0232_00/00200.jpg",
      "transform_matrix": [
        [
          0.757919,
          0.046821,
          -0.650667,
          2.490246
        ],
        [
          0.651837,
          -0.014835,
          0.758214,
          0.88081
        ],
        [
          0.025847,
          -0.998793,
          -0.041764,
          1.520274
        ],
        [
          0.0,
          0.0,
          0.0,
          1.0
        ]
      ]
    },
    {
      "file_path": "/media/NFS/ttao/scannet/posed_images/scene0232_00/00209.jpg",
      "transform_matrix": [
        [
          0.833509,
          0.022517,
          -0.552047,
          2.439919
        ],
        [
          0.552435,
          -0.050046,
          0.832053,
          0.898083
        ],
        [
          -0.008893,
          -0.998493,
          -0.054153,
          1.528814
        ],
        [
          0.0,
          0.0,
          0.0,
          1.0
        ]
      ]
    },
    {
      "file_path": "/media/NFS/ttao/scannet/posed_images/scene0232_00/00220.jpg",
      "transform_matrix": [
        [
          0.877551,
          0.068375,
          -0.474584,
          2.397776
        ],
        [
          0.479476,
          -0.130733,
          0.867762,
          0.92339
        ],
        [
          -0.002711,
          -0.989057,
          -0.147508,
          1.468505
        ],
        [
          0.0,
          0.0,
          0.0,
          1.0
        ]
      ]
    },
    {
      "file_path": "/media/NFS/ttao/scannet/posed_images/scene0232_00/00229.jpg",
      "transform_matrix": [
        [
          0.862861,
          0.083983,
          -0.498416,
          2.38711
        ],
        [
          0.503913,
          -0.219575,
          0.835379,
          0.964341
        ],
        [
          -0.039282,
          -0.971974,
          -0.231782,
          1.425609
        ],
        [
          0.0,
          0.0,
          0.0,
          1.0
        ]
      ]
    },
    {
      "file_path": "/media/NFS/ttao/scannet/posed_images/scene0232_00/00231.jpg",
      "transform_matrix": [
        [
          0.861001,
          0.084328,
          -0.501564,
          2.39243
        ],
        [
          0.506715,
          -0.227122,
          0.831658,
          0.977028
        ],
        [
          -0.043784,
          -0.970208,
          -0.238282,
          1.408122
        ],
        [
          0.0,
          0.0,
          0.0,
          1.0
        ]
      ]
    },
    {
      "file_path": "/media/NFS/ttao/scannet/posed_images/scene0232_00/00240.jpg",
      "transform_matrix": [
        [
          0.870148,
          0.103606,
          -0.481775,
          2.40028
        ],
        [
          0.488107,
          -0.315666,
          0.813699,
          1.036725
        ],
        [
          -0.067776,
          -0.943197,
          -0.325247,
          1.381849
        ],
        [
          0.0,
          0.0,
          0.0,
          1.0
        ]
      ]
    },
    {
      "file_path": "/media/NFS/ttao/scannet/posed_images/scene0232_00/00251.jpg",
      "transform_matrix": [
        [
          0.854066,
          0.161406,
          -0.494488,
          2.401684
        ],
        [
          0.515955,
          -0.38356,
          0.765945,
          1.041593
        ],
        [
          -0.066038,
          -0.909302,
          -0.410864,
          1.340041
        ],
        [
          0.0,
          0.0,
          0.0,
          1.0
        ]
      ]
    },
    {
      "file_path": "/media/NFS/ttao/scannet/posed_images/scene0232_00/00256.jpg",
      "transform_matrix": [
        [
          0.842648,
          0.193846,
          -0.502363,
          2.403156
        ],
        [
          0.535306,
          -0.402492,
          0.742595,
          1.019686
        ],
        [
          -0.058249,
          -0.894664,
          -0.442926,
          1.324649
        ],
        [
          0.0,
          0.0,
          0.0,
          1.0
        ]
      ]
    },
    {
      "file_path": "/media/NFS/ttao/scannet/posed_images/scene0232_00/00260.jpg",
      "transform_matrix": [
        [
          0.825752,
          0.227591,
          -0.516077,
          2.411296
        ],
        [
          0.56093,
          -0.427201,
          0.709124,
          0.997093
        ],
        [
          -0.059078,
          -0.875044,
          -0.480424,
          1.315938
        ],
        [
          0.0,
          0.0,
          0.0,
          1.0
        ]
      ]
    },
    {
      "file_path": "/media/NFS/ttao/scannet/posed_images/scene0232_00/00274.jpg",
      "transform_matrix": [
        [
          0.865895,
          0.249319,
          -0.433665,
          2.451756
        ],
        [
          0.498304,
          -0.505817,
          0.70416,
          0.951571
        ],
        [
          -0.043795,
          -0.825826,
          -0.562221,
          1.261202
        ],
        [
          0.0,
          0.0,
          0.0,
          1.0
        ]
      ]
    },
    {
      "file_path": "/media/NFS/ttao/scannet/posed_images/scene0232_00/00276.jpg",
      "transform_matrix": [
        [
          0.873365,
          0.250052,
          -0.417979,
          2.456213
        ],
        [
          0.485035,
          -0.52478,
          0.699534,
          0.952628
        ],
        [
          -0.044427,
          -0.813683,
          -0.579608,
          1.254404
        ],
        [
          0.0,
          0.0,
          0.0,
          1.0
        ]
      ]
    },
    {
      "file_path": "/media/NFS/ttao/scannet/posed_images/scene0232_00/00285.jpg",
      "transform_matrix": [
        [
          0.907142,
          0.227223,
          -0.354208,
          2.463367
        ],
        [
          0.417714,
          -0.588343,
          0.692364,
          0.976473
        ],
        [
          -0.051075,
          -0.77603,
          -0.628624,
          1.244607
        ],
        [
          0.0,
          0.0,
          0.0,
          1.0
        ]
      ]
    },
    {
      "file_path": "/media/NFS/ttao/scannet/posed_images/scene0232_00/00296.jpg",
      "transform_matrix": [
        [
          0.950757,
          0.167535,
          -0.260755,
          2.488177
        ],
        [
          0.306778,
          -0.628502,
          0.714753,
          1.032135
        ],
        [
          -0.044139,
          -0.75955,
          -0.648949,
          1.249426
        ],
        [
          0.0,
          0.0,
          0.0,
          1.0
        ]
      ]
    },
    {
      "file_path": "/media/NFS/ttao/scannet/posed_images/scene0232_00/00298.jpg",
      "transform_matrix": [
        [
          0.954921,
          0.158827,
          -0.250797,
          2.496897
        ],
        [
          0.294463,
          -0.613906,
          0.732401,
          1.039887
        ],
        [
          -0.037641,
          -0.773236,
          -0.633,
          1.255063
        ],
        [
          0.0,
          0.0,
          0.0,
          1.0
        ]
      ]
    },
    {
      "file_path": "/media/NFS/ttao/scannet/posed_images/scene0232_00/00305.jpg",
      "transform_matrix": [
        [
          0.970463,
          0.128324,
          -0.204291,
          2.474057
        ],
        [
          0.240147,
          -0.594757,
          0.767199,
          1.05044
        ],
        [
          -0.023054,
          -0.793598,
          -0.608006,
          1.268309
        ],
        [
          0.0,
          0.0,
          0.0,
          1.0
        ]
      ]
    },
    {
      "file_path": "/media/NFS/ttao/scannet/posed_images/scene0232_00/00312.jpg",
      "transform_matrix": [
        [
          0.981972,
          0.094818,
          -0.163527,
          2.452465
        ],
        [
          0.188008,
          -0.579652,
          0.792878,
          1.058629
        ],
        [
          -0.01961,
          -0.809329,
          -0.587029,
          1.278367
        ],
        [
          0.0,
          0.0,
          0.0,
          1.0
        ]
      ]
    },
    {
      "file_path": "/media/NFS/ttao/scannet/posed_images/scene0232_00/00325.jpg",
      "transform_matrix": [
        [
          0.998244,
          0.012426,
          -0.057916,
          2.359743
        ],
        [
          0.054868,
          -0.562404,
          0.82504,
          1.055457
        ],
        [
          -0.02232,
          -0.826769,
          -0.562098,
          1.279873
        ],
        [
          0.0,
          0.0,
          0.0,
          1.0
        ]
      ]
    },
    {
      "file_path": "/media/NFS/ttao/scannet/posed_images/scene0232_00/00327.jpg",
      "transform_matrix": [
        [
          0.998932,
          0.005188,
          -0.045902,
          2.349407
        ],
        [
          0.040928,
          -0.560159,
          0.827373,
          1.057362
        ],
        [
          -0.02142,
          -0.828369,
          -0.559774,
          1.281931
        ],
        [
          0.0,
          0.0,
          0.0,
          1.0
        ]
      ]
    },
    {
      "file_path": "/media/NFS/ttao/scannet/posed_images/scene0232_00/00336.jpg",
      "transform_matrix": [
        [
          0.999995,
          -0.00201,
          0.002208,
          2.303566
        ],
        [
          -0.002889,
          -0.465262,
          0.885168,
          1.068696
        ],
        [
          -0.000752,
          -0.885171,
          -0.465266,
          1.336175
        ],
        [
          0.0,
          0.0,
          0.0,
          1.0
        ]
      ]
    },
    {
      "file_path": "/media/NFS/ttao/scannet/posed_images/scene0232_00/00343.jpg",
      "transform_matrix": [
        [
          0.999574,
          0.016887,
          -0.023818,
          2.285107
        ],
        [
          0.028661,
          -0.411946,
          0.910757,
          1.066377
        ],
        [
          0.005568,
          -0.911052,
          -0.412254,
          1.34687
        ],
        [
          0.0,
          0.0,
          0.0,
          1.0
        ]
      ]
    },
    {
      "file_path": "/media/NFS/ttao/scannet/posed_images/scene0232_00/00350.jpg",
      "transform_matrix": [
        [
          0.993938,
          0.020415,
          -0.108029,
          2.289423
        ],
        [
          0.108664,
          -0.33178,
          0.937077,
          1.057612
        ],
        [
          -0.016712,
          -0.943136,
          -0.331988,
          1.376817
        ],
        [
          0.0,
          0.0,
          0.0,
          1.0
        ]
      ]
    },
    {
      "file_path": "/media/NFS/ttao/scannet/posed_images/scene0232_00/00359.jpg",
      "transform_matrix": [
        [
          0.989912,
          0.019735,
          -0.140304,
          2.28698
        ],
        [
          0.140351,
          -0.272167,
          0.951959,
          1.051921
        ],
        [
          -0.0194,
          -0.962048,
          -0.272191,
          1.422815
        ],
        [
          0.0,
          0.0,
          0.0,
          1.0
        ]
      ]
    },
    {
      "file_path": "/media/NFS/ttao/scannet/posed_images/scene0232_00/00370.jpg",
      "transform_matrix": [
        [
          0.990206,
          0.010394,
          -0.139225,
          2.276866
        ],
        [
          0.138666,
          -0.189138,
          0.97211,
          1.034452
        ],
        [
          -0.016229,
          -0.981895,
          -0.188727,
          1.446664
        ],
        [
          0.0,
          0.0,
          0.0,
          1.0
        ]
      ]
    },
    {
      "file_path": "/media/NFS/ttao/scannet/posed_images/scene0232_00/00377.jpg",
      "transform_matrix": [
        [
          0.990386,
          0.01919,
          -0.136992,
          2.270312
        ],
        [
          0.138304,
          -0.156665,
          0.97792,
          1.029269
        ],
        [
          -0.002696,
          -0.987466,
          -0.157812,
          1.467743
        ],
        [
          0.0,
          0.0,
          0.0,
          1.0
        ]
      ]
    },
    {
      "file_path": "/media/NFS/ttao/scannet/posed_images/scene0232_00/00383.jpg",
      "transform_matrix": [
        [
          0.988095,
          0.02401,
          -0.151961,
          2.251198
        ],
        [
          0.153824,
          -0.137509,
          0.978483,
          1.019304
        ],
        [
          0.002597,
          -0.990209,
          -0.139565,
          1.466702
        ],
        [
          0.0,
          0.0,
          0.0,
          1.0
        ]
      ]
    },
    {
      "file_path": "/media/NFS/ttao/scannet/posed_images/scene0232_00/00392.jpg",
      "transform_matrix": [
        [
          0.981188,
          0.003685,
          -0.193018,
          2.248862
        ],
        [
          0.191503,
          -0.145018,
          0.970719,
          1.017888
        ],
        [
          -0.024414,
          -0.989422,
          -0.142996,
          1.492903
        ],
        [
          0.0,
          0.0,
          0.0,
          1.0
        ]
      ]
    },
    {
      "file_path": "/media/NFS/ttao/scannet/posed_images/scene0232_00/00399.jpg",
      "transform_matrix": [
        [
          0.983385,
          0.011213,
          -0.181185,
          2.253931
        ],
        [
          0.181271,
          -0.114171,
          0.976784,
          1.022022
        ],
        [
          -0.009733,
          -0.993398,
          -0.114307,
          1.5151
        ],
        [
          0.0,
          0.0,
          0.0,
          1.0
        ]
      ]
    },
    {
      "file_path": "/media/NFS/ttao/scannet/posed_images/scene0232_00/00408.jpg",
      "transform_matrix": [
        [
          0.985334,
          0.008576,
          -0.170422,
          2.265104
        ],
        [
          0.170637,
          -0.046424,
          0.98424,
          1.023754
        ],
        [
          0.000529,
          -0.998885,
          -0.047207,
          1.56055
        ],
        [
          0.0,
          0.0,
          0.0,
          1.0
        ]
      ]
    },
    {
      "file_path": "/media/NFS/ttao/scannet/posed_images/scene0232_00/00413.jpg",
      "transform_matrix": [
        [
          0.988511,
          0.011605,
          -0.1507,
          2.255158
        ],
        [
          0.150503,
          0.016369,
          0.988474,
          1.016755
        ],
        [
          0.013938,
          -0.999799,
          0.014435,
          1.577577
        ],
        [
          0.0,
          0.0,
          0.0,
          1.0
        ]
      ]
    },
    {
      "file_path": "/media/NFS/ttao/scannet/posed_images/scene0232_00/00417.jpg",
      "transform_matrix": [
        [
          0.98805,
          0.006147,
          -0.154012,
          2.256803
        ],
        [
          0.153692,
          0.03636,
          0.987449,
          1.011766
        ],
        [
          0.011669,
          -0.99932,
          0.034981,
          1.591439
        ],
        [
          0.0,
          0.0,
          0.0,
          1.0
        ]
      ]
    },
    {
      "file_path": "/media/NFS/ttao/scannet/posed_images/scene0232_00/00424.jpg",
      "transform_matrix": [
        [
          0.984969,
          -0.008316,
          -0.17253,
          2.255095
        ],
        [
          0.172575,
          0.089736,
          0.9809,
          1.003919
        ],
        [
          0.007325,
          -0.995931,
          0.089822,
          1.570594
        ],
        [
          0.0,
          0.0,
          0.0,
          1.0
        ]
      ]
    },
    {
      "file_path": "/media/NFS/ttao/scannet/posed_images/scene0232_00/00433.jpg",
      "transform_matrix": [
        [
          0.981935,
          -0.014849,
          -0.188636,
          2.269098
        ],
        [
          0.18904,
          0.120418,
          0.974558,
          0.994399
        ],
        [
          0.008244,
          -0.992612,
          0.12105,
          1.581311
        ],
        [
          0.0,
          0.0,
          0.0,
          1.0
        ]
      ]
    },
    {
      "file_path": "/media/NFS/ttao/scannet/posed_images/scene0232_00/00439.jpg",
      "transform_matrix": [
        [
          0.981616,
          -0.019809,
          -0.189836,
          2.276138
        ],
        [
          0.190851,
          0.114694,
          0.974896,
          0.993002
        ],
        [
          0.002462,
          -0.993203,
          0.116366,
          1.57967
        ],
        [
          0.0,
          0.0,
          0.0,
          1.0
        ]
      ]
    },
    {
      "file_path": "/media/NFS/ttao/scannet/posed_images/scene0232_00/00451.jpg",
      "transform_matrix": [
        [
          0.992455,
          -0.02679,
          -0.119648,
          2.300578
        ],
        [
          0.119471,
          -0.008132,
          0.992805,
          1.015992
        ],
        [
          -0.02757,
          -0.999608,
          -0.00487,
          1.543158
        ],
        [
          0.0,
          0.0,
          0.0,
          1.0
        ]
      ]
    },
    {
      "file_path": "/media/NFS/ttao/scannet/posed_images/scene0232_00/00457.jpg",
      "transform_matrix": [
        [
          0.996548,
          -0.029465,
          -0.07762,
          2.308607
        ],
        [
          0.07511,
          -0.078426,
          0.994086,
          1.029415
        ],
        [
          -0.035378,
          -0.996484,
          -0.075942,
          1.506012
        ],
        [
          0.0,
          0.0,
          0.0,
          1.0
        ]
      ]
    },
    {
      "file_path": "/media/NFS/ttao/scannet/posed_images/scene0232_00/00462.jpg",
      "transform_matrix": [
        [
          0.997903,
          -0.038641,
          -0.051929,
          2.297916
        ],
        [
          0.047242,
          -0.113637,
          0.992398,
          1.029473
        ],
        [
          -0.044248,
          -0.992771,
          -0.111574,
          1.484808
        ],
        [
          0.0,
          0.0,
          0.0,
          1.0
        ]
      ]
    },
    {
      "file_path": "/media/NFS/ttao/scannet/posed_images/scene0232_00/00473.jpg",
      "transform_matrix": [
        [
          0.998841,
          -0.041552,
          0.024311,
          2.284061
        ],
        [
          -0.030499,
          -0.155465,
          0.987371,
          1.027156
        ],
        [
          -0.037248,
          -0.986967,
          -0.156552,
          1.454677
        ],
        [
          0.0,
          0.0,
          0.0,
          1.0
        ]
      ]
    },
    {
      "file_path": "/media/NFS/ttao/scannet/posed_images/scene0232_00/00482.jpg",
      "transform_matrix": [
        [
          0.991419,
          -0.024893,
          0.128332,
          2.284909
        ],
        [
          -0.130724,
          -0.189354,
          0.973168,
          0.997923
        ],
        [
          7.5e-05,
          -0.981593,
          -0.190984,
          1.437211
        ],
        [
          0.0,
          0.0,
          0.0,
          1.0
        ]
      ]
    },
    {
      "file_path": "/media/NFS/ttao/scannet/posed_images/scene0232_00/00484.jpg",
      "transform_matrix": [
        [
          0.988142,
          -0.026488,
          0.15124,
          2.289342
        ],
        [
          -0.153518,
          -0.187968,
          0.970103,
          0.988283
        ],
        [
          0.002732,
          -0.981818,
          -0.189806,
          1.439209
        ],
        [
          0.0,
          0.0,
          0.0,
          1.0
        ]
      ]
    },
    {
      "file_path": "/media/NFS/ttao/scannet/posed_images/scene0232_00/00495.jpg",
      "transform_matrix": [
        [
          0.962625,
          -0.027707,
          0.269418,
          2.283743
        ],
        [
          -0.26999,
          -0.176841,
          0.946484,
          0.947069
        ],
        [
          0.02142,
          -0.983849,
          -0.177712,
          1.456295
        ],
        [
          0.0,
          0.0,
          0.0,
          1.0
        ]
      ]
    },
    {
      "file_path": "/media/NFS/ttao/scannet/posed_images/scene0232_00/00500.jpg",
      "transform_matrix": [
        [
          0.943159,
          -0.012488,
          0.332107,
          2.275671
        ],
        [
          -0.330089,
          -0.151358,
          0.931736,
          0.951265
        ],
        [
          0.038631,
          -0.9884,
          -0.146877,
          1.458655
        ],
        [
          0.0,
          0.0,
          0.0,
          1.0
        ]
      ]
    },
    {
      "file_path": "/media/NFS/ttao/scannet/posed_images/scene0232_00/00511.jpg",
      "transform_matrix": [
        [
          0.890863,
          0.006932,
          0.454219,
          2.243571
        ],
        [
          -0.452525,
          -0.074043,
          0.888673,
          1.027683
        ],
        [
          0.039792,
          -0.997231,
          -0.062825,
          1.494154
        ],
        [
          0.0,
          0.0,
          0.0,
          1.0
        ]
      ]
    },
    {
      "file_path": "/media/NFS/ttao/scannet/posed_images/scene0232_00/00516.jpg",
      "transform_matrix": [
        [
          0.873616,
          -0.0099,
          0.486515,
          2.232759
        ],
        [
          -0.486302,
          -0.053655,
          0.872142,
          1.067668
        ],
        [
          0.01747,
          -0.99851,
          -0.051689,
          1.503161
        ],
        [
          0.0,
          0.0,
          0.0,
          1.0
        ]
      ]
    },
    {
      "file_path": "/media/NFS/ttao/scannet/posed_images/scene0232_00/00525.jpg",
      "transform_matrix": [
        [
          0.859064,
          -0.059709,
          0.508373,
          2.239952
        ],
        [
          -0.51182,
          -0.08669,
          0.854707,
          1.0885
        ],
        [
          -0.006963,
          -0.994444,
          -0.105033,
          1.49295
        ],
        [
          0.0,
          0.0,
          0.0,
          1.0
        ]
      ]
    },
    {
      "file_path": "/media/NFS/ttao/scannet/posed_images/scene0232_00/00534.jpg",
      "transform_matrix": [
        [
          0.850707,
          -0.120814,
          0.511568,
          2.261071
        ],
        [
          -0.525415,
          -0.166938,
          0.834308,
          1.070887
        ],
        [
          -0.015396,
          -0.978538,
          -0.205493,
          1.448188
        ],
        [
          0.0,
          0.0,
          0.0,
          1.0
        ]
      ]
    },
    {
      "file_path": "/media/NFS/ttao/scannet/posed_images/scene0232_00/00543.jpg",
      "transform_matrix": [
        [
          0.860709,
          -0.1785,
          0.476778,
          2.26605
        ],
        [
          -0.509011,
          -0.284561,
          0.812363,
          1.041854
        ],
        [
          -0.009334,
          -0.941893,
          -0.335783,
          1.383477
        ],
        [
          0.0,
          0.0,
          0.0,
          1.0
        ]
      ]
    },
    {
      "file_path": "/media/NFS/ttao/scannet/posed_images/scene0232_00/00545.jpg",
      "transform_matrix": [
        [
          0.86858,
          -0.182292,
          0.460802,
          2.265339
        ],
        [
          -0.495459,
          -0.301731,
          0.814542,
          1.038041
        ],
        [
          -0.009446,
          -0.935803,
          -0.352396,
          1.38097
        ],
        [
          0.0,
          0.0,
          0.0,
          1.0
        ]
      ]
    },
    {
      "file_path": "/media/NFS/ttao/scannet/posed_images/scene0232_00/00556.jpg",
      "transform_matrix": [
        [
          0.885716,
          -0.200846,
          0.41853,
          2.264534
        ],
        [
          -0.464212,
          -0.37584,
          0.80203,
          1.022481
        ],
        [
          -0.003784,
          -0.904657,
          -0.426123,
          1.364938
        ],
        [
          0.0,
          0.0,
          0.0,
          1.0
        ]
      ]
    },
    {
      "file_path": "/media/NFS/ttao/scannet/posed_images/scene0232_00/00558.jpg",
      "transform_matrix": [
        [
          0.885805,
          -0.207552,
          0.415056,
          2.265055
        ],
        [
          -0.464041,
          -0.38855,
          0.79605,
          1.020079
        ],
        [
          -0.003952,
          -0.897748,
          -0.440492,
          1.358838
        ],
        [
          0.0,
          0.0,
          0.0,
          1.0
        ]
      ]
    },
    {
      "file_path": "/media/NFS/ttao/scannet/posed_images/scene0232_00/00572.jpg",
      "transform_matrix": [
        [
          0.874148,
          -0.295403,
          0.385489,
          2.258011
        ],
        [
          -0.484874,
          -0.485742,
          0.727291,
          1.013477
        ],
        [
          -0.027596,
          -0.822673,
          -0.567844,
          1.269648
        ],
        [
          0.0,
          0.0,
          0.0,
          1.0
        ]
      ]
    },
    {
      "file_path": "/media/NFS/ttao/scannet/posed_images/scene0232_00/00578.jpg",
      "transform_matrix": [
        [
          0.871694,
          -0.318796,
          0.372181,
          2.256284
        ],
        [
          -0.488867,
          -0.512943,
          0.70562,
          1.013833
        ],
        [
          -0.034041,
          -0.797031,
          -0.602978,
          1.255819
        ],
        [
          0.0,
