{
  "frames": [
    {
      "file_path": "/media/NFS/ttao/scannet/posed_images/scene0096_01/00000.jpg",
      "transform_matrix": [
        [
          -0.341341,
          0.487756,
          -0.80348,
          4.247134
        ],
        [
          0.939835,
          0.189859,
          -0.284014,
          2.148031
        ],
        [
          0.014019,
          -0.852084,
          -0.523217,
          1.475701
        ],
        [
          0.0,
          0.0,
          0.0,
          1.0
        ]
      ]
    },
    {
      "file_path": "/media/NFS/ttao/scannet/posed_images/scene0096_01/00010.jpg",
      "transform_matrix": [
        [
          -0.377078,
          0.520438,
          -0.766131,
          4.27238
        ],
        [
          0.926031,
          0.226787,
          -0.30172,
          2.128561
        ],
        [
          0.016722,
          -0.823232,
          -0.567458,
          1.473572
        ],
        [
          0.0,
          0.0,
          0.0,
          1.0
        ]
      ]
    },
    {
      "file_path": "/media/NFS/ttao/scannet/posed_images/scene0096_01/00012.jpg",
      "transform_matrix": [
        [
          -0.380999,
          0.524182,
          -0.761625,
          4.275544
        ],
        [
          0.924337,
          0.234658,
          -0.300894,
          2.124576
        ],
        [
          0.020998,
          -0.818639,
          -0.573925,
          1.474436
        ],
        [
          0.0,
          0.0,
          0.0,
          1.0
        ]
      ]
    },
    {
      "file_path": "/media/NFS/ttao/scannet/posed_images/scene0096_01/00019.jpg",
      "transform_matrix": [
        [
          -0.420442,
          0.420481,
          -0.804005,
          4.276079
        ],
        [
          0.907288,
          0.187442,
          -0.376424,
          2.106833
        ],
        [
          -0.007575,
          -0.887728,
          -0.460305,
          1.529207
        ],
        [
          0.0,
          0.0,
          0.0,
          1.0
        ]
      ]
    },
    {
      "file_path": "/media/NFS/ttao/scannet/posed_images/scene0096_01/00027.jpg",
      "transform_matrix": [
        [
          -0.42494,
          0.301385,
          -0.853577,
          4.290364
        ],
        [
          0.905217,
          0.144498,
          -0.399628,
          2.112497
        ],
        [
          0.002899,
          -0.94249,
          -0.334222,
          1.579038
        ],
        [
          0.0,
          0.0,
          0.0,
          1.0
        ]
      ]
    },
    {
      "file_path": "/media/NFS/ttao/scannet/posed_images/scene0096_01/00037.jpg",
      "transform_matrix": [
        [
          -0.443638,
          0.147692,
          -0.883953,
          4.307364
        ],
        [
          0.896206,
          0.073776,
          -0.437461,
          2.115115
        ],
        [
          0.000605,
          -0.986278,
          -0.165092,
          1.618252
        ],
        [
          0.0,
          0.0,
          0.0,
          1.0
        ]
      ]
    },
    {
      "file_path": "/media/NFS/ttao/scannet/posed_images/scene0096_01/00041.jpg",
      "transform_matrix": [
        [
          -0.443288,
          0.102171,
          -0.890538,
          4.307018
        ],
        [
          0.896342,
          0.041445,
          -0.441422,
          2.116221
        ],
        [
          -0.008192,
          -0.993903,
          -0.109952,
          1.606618
        ],
        [
          0.0,
          0.0,
          0.0,
          1.0
        ]
      ]
    },
    {
      "file_path": "/media/NFS/ttao/scannet/posed_images/scene0096_01/00048.jpg",
      "transform_matrix": [
        [
          -0.434927,
          0.055314,
          -0.898765,
          4.309633
        ],
        [
          0.900278,
          0.006306,
          -0.435271,
          2.119289
        ],
        [
          -0.018409,
          -0.998449,
          -0.052541,
          1.617632
        ],
        [
          0.0,
          0.0,
          0.0,
          1.0
        ]
      ]
    },
    {
      "file_path": "/media/NFS/ttao/scannet/posed_images/scene0096_01/00054.jpg",
      "transform_matrix": [
        [
          -0.425648,
          0.017766,
          -0.904715,
          4.315197
        ],
        [
          0.904745,
          -0.009492,
          -0.425848,
          2.122545
        ],
        [
          -0.016153,
          -0.999797,
          -0.012034,
          1.638933
        ],
        [
          0.0,
          0.0,
          0.0,
          1.0
        ]
      ]
    },
    {
      "file_path": "/media/NFS/ttao/scannet/posed_images/scene0096_01/00064.jpg",
      "transform_matrix": [
        [
          -0.406936,
          -0.091353,
          -0.908877,
          4.323738
        ],
        [
          0.913424,
          -0.04907,
          -0.40404,
          2.132739
        ],
        [
          -0.007688,
          -0.994609,
          0.103412,
          1.630793
        ],
        [
          0.0,
          0.0,
          0.0,
          1.0
        ]
      ]
    },
    {
      "file_path": "/media/NFS/ttao/scannet/posed_images/scene0096_01/00072.jpg",
      "transform_matrix": [
        [
          -0.395058,
          -0.155154,
          -0.905459,
          4.334059
        ],
        [
          0.918546,
          -0.051437,
          -0.391954,
          2.128379
        ],
        [
          0.014239,
          -0.98655,
          0.162836,
          1.677528
        ],
        [
          0.0,
          0.0,
          0.0,
          1.0
        ]
      ]
    },
    {
      "file_path": "/media/NFS/ttao/scannet/posed_images/scene0096_01/00074.jpg",
      "transform_matrix": [
        [
          -0.396688,
          -0.155367,
          -0.90471,
          4.337329
        ],
        [
          0.917829,
          -0.050868,
          -0.393704,
          2.127969
        ],
        [
          0.015147,
          -0.986546,
          0.162779,
          1.683552
        ],
        [
          0.0,
          0.0,
          0.0,
          1.0
        ]
      ]
    },
    {
      "file_path": "/media/NFS/ttao/scannet/posed_images/scene0096_01/00081.jpg",
      "transform_matrix": [
        [
          -0.400052,
          -0.086529,
          -0.912399,
          4.327078
        ],
        [
          0.916461,
          -0.029519,
          -0.399034,
          2.121878
        ],
        [
          0.007595,
          -0.995812,
          0.091109,
          1.688796
        ],
        [
          0.0,
          0.0,
          0.0,
          1.0
        ]
      ]
    },
    {
      "file_path": "/media/NFS/ttao/scannet/posed_images/scene0096_01/00089.jpg",
      "transform_matrix": [
        [
          -0.38551,
          0.12659,
          -0.913979,
          4.294589
        ],
        [
          0.922638,
          0.041064,
          -0.383475,
          2.105794
        ],
        [
          -0.011013,
          -0.991105,
          -0.132627,
          1.645709
        ],
        [
          0.0,
          0.0,
          0.0,
          1.0
        ]
      ]
    },
    {
      "file_path": "/media/NFS/ttao/scannet/posed_images/scene0096_01/00099.jpg",
      "transform_matrix": [
        [
          -0.353564,
          0.357454,
          -0.864419,
          4.264848
        ],
        [
          0.935389,
          0.128823,
          -0.329321,
          2.095269
        ],
        [
          -0.00636,
          -0.925004,
          -0.379905,
          1.537548
        ],
        [
          0.0,
          0.0,
          0.0,
          1.0
        ]
      ]
    },
    {
      "file_path": "/media/NFS/ttao/scannet/posed_images/scene0096_01/00105.jpg",
      "transform_matrix": [
        [
          -0.33805,
          0.43711,
          -0.833461,
          4.255258
        ],
        [
          0.941124,
          0.159658,
          -0.297985,
          2.069132
        ],
        [
          0.002816,
          -0.885124,
          -0.465347,
          1.513302
        ],
        [
          0.0,
          0.0,
          0.0,
          1.0
        ]
      ]
    },
    {
      "file_path": "/media/NFS/ttao/scannet/posed_images/scene0096_01/00110.jpg",
      "transform_matrix": [
        [
          -0.335002,
          0.483492,
          -0.808709,
          4.248912
        ],
        [
          0.942206,
          0.167669,
          -0.290061,
          2.064514
        ],
        [
          -0.004646,
          -0.859141,
          -0.511718,
          1.490912
        ],
        [
          0.0,
          0.0,
          0.0,
          1.0
        ]
      ]
    },
    {
      "file_path": "/media/NFS/ttao/scannet/posed_images/scene0096_01/00120.jpg",
      "transform_matrix": [
        [
          -0.331253,
          0.533525,
          -0.778218,
          4.251531
        ],
        [
          0.94354,
          0.185513,
          -0.274441,
          2.053436
        ],
        [
          -0.002052,
          -0.825189,
          -0.564853,
          1.460619
        ],
        [
          0.0,
          0.0,
          0.0,
          1.0
        ]
      ]
    },
    {
      "file_path": "/media/NFS/ttao/scannet/posed_images/scene0096_01/00122.jpg",
      "transform_matrix": [
        [
          -0.330946,
          0.539703,
          -0.774077,
          4.253732
        ],
        [
          0.943635,
          0.184642,
          -0.274702,
          2.053249
        ],
        [
          -0.00533,
          -0.821358,
          -0.570389,
          1.45438
        ],
        [
          0.0,
          0.0,
          0.0,
          1.0
        ]
      ]
    },
    {
      "file_path": "/media/NFS/ttao/scannet/posed_images/scene0096_01/00134.jpg",
      "transform_matrix": [
        [
          -0.333638,
          0.572547,
          -0.748916,
          4.260562
        ],
        [
          0.942668,
          0.195975,
          -0.270131,
          2.044993
        ],
        [
          -0.007894,
          -0.796105,
          -0.605107,
          1.434724
        ],
        [
          0.0,
          0.0,
          0.0,
          1.0
        ]
      ]
    },
    {
      "file_path": "/media/NFS/ttao/scannet/posed_images/scene0096_01/00136.jpg",
      "transform_matrix": [
        [
          -0.336135,
          0.576472,
          -0.744778,
          4.260307
        ],
        [
          0.941798,
          0.201207,
          -0.269317,
          2.036304
        ],
        [
          -0.005399,
          -0.791957,
          -0.610553,
          1.433845
        ],
        [
          0.0,
          0.0,
          0.0,
          1.0
        ]
      ]
    },
    {
      "file_path": "/media/NFS/ttao/scannet/posed_images/scene0096_01/00143.jpg",
      "transform_matrix": [
        [
          -0.34879,
          0.569837,
          -0.744065,
          4.259507
        ],
        [
          0.937177,
          0.217741,
          -0.272559,
          2.010868
        ],
        [
          0.006699,
          -0.792386,
          -0.609984,
          1.431634
        ],
        [
          0.0,
          0.0,
          0.0,
          1.0
        ]
      ]
    },
    {
      "file_path": "/media/NFS/ttao/scannet/posed_images/scene0096_01/00153.jpg",
      "transform_matrix": [
        [
          -0.325431,
          0.524885,
          -0.786506,
          4.218878
        ],
        [
          0.945476,
          0.192118,
          -0.262995,
          1.957112
        ],
        [
          0.013059,
          -0.829209,
          -0.558787,
          1.471254
        ],
        [
          0.0,
          0.0,
          0.0,
          1.0
        ]
      ]
    },
    {
      "file_path": "/media/NFS/ttao/scannet/posed_images/scene0096_01/00161.jpg",
      "transform_matrix": [
        [
          -0.329834,
          0.452675,
          -0.82843,
          4.155507
        ],
        [
          0.944014,
          0.164595,
          -0.285915,
          1.925306
        ],
        [
          0.006929,
          -0.876353,
          -0.48162,
          1.50905
        ],
        [
          0.0,
          0.0,
          0.0,
          1.0
        ]
      ]
    },
    {
      "file_path": "/media/NFS/ttao/scannet/posed_images/scene0096_01/00170.jpg",
      "transform_matrix": [
        [
          -0.342309,
          0.420005,
          -0.840488,
          4.044183
        ],
        [
          0.939489,
          0.140022,
          -0.312658,
          1.878086
        ],
        [
          -0.013631,
          -0.896655,
          -0.442521,
          1.522812
        ],
        [
          0.0,
          0.0,
          0.0,
          1.0
        ]
      ]
    },
    {
      "file_path": "/media/NFS/ttao/scannet/posed_images/scene0096_01/00172.jpg",
      "transform_matrix": [
        [
          -0.347194,
          0.424757,
          -0.836085,
          4.011889
        ],
        [
          0.937498,
          0.134825,
          -0.320812,
          1.864614
        ],
        [
          -0.023542,
          -0.895212,
          -0.445019,
          1.525295
        ],
        [
          0.0,
          0.0,
          0.0,
          1.0
        ]
      ]
    },
    {
      "file_path": "/media/NFS/ttao/scannet/posed_images/scene0096_01/00182.jpg",
      "transform_matrix": [
        [
          -0.39845,
          0.430972,
          -0.80963,
          3.884568
        ],
        [
          0.916448,
          0.151578,
          -0.370334,
          1.805428
        ],
        [
          -0.036882,
          -0.889544,
          -0.455359,
          1.530641
        ],
        [
          0.0,
          0.0,
          0.0,
          1.0
        ]
      ]
    },
    {
      "file_path": "/media/NFS/ttao/scannet/posed_images/scene0096_01/00188.jpg",
      "transform_matrix": [
        [
          -0.409576,
          0.419004,
          -0.81036,
          3.820651
        ],
        [
          0.911906,
          0.162721,
          -0.376763,
          1.736687
        ],
        [
          -0.026003,
          -0.893285,
          -0.448738,
          1.528153
        ],
        [
          0.0,
          0.0,
          0.0,
          1.0
        ]
      ]
    },
    {
      "file_path": "/media/NFS/ttao/scannet/posed_images/scene0096_01/00192.jpg",
      "transform_matrix": [
        [
          -0.401135,
          0.396033,
          -0.825984,
          3.775334
        ],
        [
          0.915865,
          0.156843,
          -0.369584,
          1.688271
        ],
        [
          -0.016817,
          -0.904742,
          -0.425627,
          1.540412
        ],
        [
          0.0,
          0.0,
          0.0,
          1.0
        ]
      ]
    },
    {
      "file_path": "/media/NFS/ttao/scannet/posed_images/scene0096_01/00201.jpg",
      "transform_matrix": [
        [
          -0.34896,
          0.391799,
          -0.851305,
          3.686417
        ],
        [
          0.93685,
          0.123319,
          -0.32727,
          1.608267
        ],
        [
          -0.023242,
          -0.911749,
          -0.41009,
          1.555778
        ],
        [
          0.0,
          0.0,
          0.0,
          1.0
        ]
      ]
    },
    {
      "file_path": "/media/NFS/ttao/scannet/posed_images/scene0096_01/00207.jpg",
      "transform_matrix": [
        [
          -0.255264,
          0.406029,
          -0.877486,
          3.604401
        ],
        [
          0.966613,
          0.086159,
          -0.241324,
          1.591382
        ],
        [
          -0.022381,
          -0.90979,
          -0.414465,
          1.562994
        ],
        [
          0.0,
          0.0,
          0.0,
          1.0
        ]
      ]
    },
    {
      "file_path": "/media/NFS/ttao/scannet/posed_images/scene0096_01/00215.jpg",
      "transform_matrix": [
        [
          -0.206907,
          0.397103,
          -0.894147,
          3.487278
        ],
        [
          0.976589,
          0.028853,
          -0.213171,
          1.569536
        ],
        [
          -0.058852,
          -0.91732,
          -0.393776,
          1.581345
        ],
        [
          0.0,
          0.0,
          0.0,
          1.0
        ]
      ]
    },
    {
      "file_path": "/media/NFS/ttao/scannet/posed_images/scene0096_01/00223.jpg",
      "transform_matrix": [
        [
          -0.197744,
          0.378686,
          -0.904154,
          3.388728
        ],
        [
          0.978522,
          0.021449,
          -0.205025,
          1.571768
        ],
        [
          -0.058247,
          -0.925277,
          -0.374794,
          1.5574
        ],
        [
          0.0,
          0.0,
          0.0,
          1.0
        ]
      ]
    },
    {
      "file_path": "/media/NFS/ttao/scannet/posed_images/scene0096_01/00227.jpg",
      "transform_matrix": [
        [
          -0.188279,
          0.390686,
          -0.901064,
          3.346718
        ],
        [
          0.981529,
          0.043154,
          -0.186382,
          1.567003
        ],
        [
          -0.033933,
          -0.919512,
          -0.391595,
          1.547321
        ],
        [
          0.0,
          0.0,
          0.0,
          1.0
        ]
      ]
    },
    {
      "file_path": "/media/NFS/ttao/scannet/posed_images/scene0096_01/00236.jpg",
      "transform_matrix": [
        [
          -0.109066,
          0.413077,
          -0.904142,
          3.24559
        ],
        [
          0.993701,
          0.021767,
          -0.109925,
          1.555583
        ],
        [
          -0.025727,
          -0.910436,
          -0.41285,
          1.539769
        ],
        [
          0.0,
          0.0,
          0.0,
          1.0
        ]
      ]
    },
    {
      "file_path": "/media/NFS/ttao/scannet/posed_images/scene0096_01/00240.jpg",
      "transform_matrix": [
        [
          -0.04682,
          0.420028,
          -0.906303,
          3.198331
        ],
        [
          0.998764,
          0.004548,
          -0.049488,
          1.531359
        ],
        [
          -0.016664,
          -0.9075,
          -0.419722,
          1.537137
        ],
        [
          0.0,
          0.0,
          0.0,
          1.0
        ]
      ]
    },
    {
      "file_path": "/media/NFS/ttao/scannet/posed_images/scene0096_01/00248.jpg",
      "transform_matrix": [
        [
          0.075064,
          0.413752,
          -0.90729,
          3.10352
        ],
        [
          0.997047,
          -0.045907,
          0.061556,
          1.497315
        ],
        [
          -0.016182,
          -0.909231,
          -0.415977,
          1.546349
        ],
        [
          0.0,
          0.0,
          0.0,
          1.0
        ]
      ]
    },
    {
      "file_path": "/media/NFS/ttao/scannet/posed_images/scene0096_01/00258.jpg",
      "transform_matrix": [
        [
          0.242147,
          0.413657,
          -0.877641,
          2.993607
        ],
        [
          0.969652,
          -0.134661,
          0.204064,
          1.439494
        ],
        [
          -0.033771,
          -0.900419,
          -0.433711,
          1.518995
        ],
        [
          0.0,
          0.0,
          0.0,
          1.0
        ]
      ]
    },
    {
      "file_path": "/media/NFS/ttao/scannet/posed_images/scene0096_01/00265.jpg",
      "transform_matrix": [
        [
          0.340855,
          0.449757,
          -0.825552,
          2.909029
        ],
        [
          0.940001,
          -0.17676,
          0.291811,
          1.436205
        ],
        [
          -0.01468,
          -0.875485,
          -0.483022,
          1.487252
        ],
        [
          0.0,
          0.0,
          0.0,
          1.0
        ]
      ]
    },
    {
      "file_path": "/media/NFS/ttao/scannet/posed_images/scene0096_01/00267.jpg",
      "transform_matrix": [
        [
          0.358022,
          0.45794,
          -0.813702,
          2.882041
        ],
        [
          0.933586,
          -0.189944,
          0.303873,
          1.441147
        ],
        [
          -0.015402,
          -0.868454,
          -0.49553,
          1.482555
        ],
        [
          0.0,
          0.0,
          0.0,
          1.0
        ]
      ]
    },
    {
      "file_path": "/media/NFS/ttao/scannet/posed_images/scene0096_01/00277.jpg",
      "transform_matrix": [
        [
          0.385094,
          0.442496,
          -0.809877,
          2.755755
        ],
        [
          0.922471,
          -0.210621,
          0.323553,
          1.438831
        ],
        [
          -0.027406,
          -0.871686,
          -0.489298,
          1.480644
        ],
        [
          0.0,
          0.0,
          0.0,
          1.0
        ]
      ]
    },
    {
      "file_path": "/media/NFS/ttao/scannet/posed_images/scene0096_01/00281.jpg",
      "transform_matrix": [
        [
          0.411692,
          0.445423,
          -0.795052,
          2.712183
        ],
        [
          0.911191,
          -0.216005,
          0.350816,
          1.436375
        ],
        [
          -0.015474,
          -0.868873,
          -0.494793,
          1.486451
        ],
        [
          0.0,
          0.0,
          0.0,
          1.0
        ]
      ]
    },
    {
      "file_path": "/media/NFS/ttao/scannet/posed_images/scene0096_01/00294.jpg",
      "transform_matrix": [
        [
          0.578241,
          0.401116,
          -0.710454,
          2.569254
        ],
        [
          0.815755,
          -0.269849,
          0.511591,
          1.3911
        ],
        [
          0.013492,
          -0.875379,
          -0.48325,
          1.456935
        ],
        [
          0.0,
          0.0,
          0.0,
          1.0
        ]
      ]
    },
    {
      "file_path": "/media/NFS/ttao/scannet/posed_images/scene0096_01/00300.jpg",
      "transform_matrix": [
        [
          0.654033,
          0.347824,
          -0.671758,
          2.49899
        ],
        [
          0.756448,
          -0.294659,
          0.583919,
          1.345961
        ],
        [
          0.005161,
          -0.890053,
          -0.455828,
          1.468318
        ],
        [
          0.0,
          0.0,
          0.0,
          1.0
        ]
      ]
    },
    {
      "file_path": "/media/NFS/ttao/scannet/posed_images/scene0096_01/00304.jpg",
      "transform_matrix": [
        [
          0.694903,
          0.319939,
          -0.64401,
          2.453674
        ],
        [
          0.719103,
          -0.31055,
          0.621651,
          1.314781
        ],
        [
          -0.001107,
          -0.895096,
          -0.445872,
          1.48169
        ],
        [
          0.0,
          0.0,
          0.0,
          1.0
        ]
      ]
    },
    {
      "file_path": "/media/NFS/ttao/scannet/posed_images/scene0096_01/00310.jpg",
      "transform_matrix": [
        [
          0.747834,
          0.295042,
          -0.594722,
          2.392915
        ],
        [
          0.663886,
          -0.33344,
          0.669383,
          1.290333
        ],
        [
          -0.000808,
          -0.895415,
          -0.445232,
          1.475559
        ],
        [
          0.0,
          0.0,
          0.0,
          1.0
        ]
      ]
    },
    {
      "file_path": "/media/NFS/ttao/scannet/posed_images/scene0096_01/00316.jpg",
      "transform_matrix": [
        [
          0.79046,
          0.266336,
          -0.551578,
          2.324747
        ],
        [
          0.6125,
          -0.349683,
          0.708919,
          1.286676
        ],
        [
          -0.004067,
          -0.898213,
          -0.439541,
          1.47041
        ],
        [
          0.0,
          0.0,
          0.0,
          1.0
        ]
      ]
    },
    {
      "file_path": "/media/NFS/ttao/scannet/posed_images/scene0096_01/00327.jpg",
      "transform_matrix": [
        [
          0.831532,
          0.201759,
          -0.51754,
          2.219488
        ],
        [
          0.554939,
          -0.342738,
          0.758006,
          1.305121
        ],
        [
          -0.024447,
          -0.91751,
          -0.396962,
          1.485719
        ],
        [
          0.0,
          0.0,
          0.0,
          1.0
        ]
      ]
    },
    {
      "file_path": "/media/NFS/ttao/scannet/posed_images/scene0096_01/00329.jpg",
      "transform_matrix": [
        [
          0.838886,
          0.195643,
          -0.507932,
          2.201843
        ],
        [
          0.544018,
          -0.331784,
          0.770691,
          1.306584
        ],
        [
          -0.017743,
          -0.922845,
          -0.384762,
          1.496839
        ],
        [
          0.0,
          0.0,
          0.0,
          1.0
        ]
      ]
    },
    {
      "file_path": "/media/NFS/ttao/scannet/posed_images/scene0096_01/00337.jpg",
      "transform_matrix": [
        [
          0.874028,
          0.159513,
          -0.458946,
          2.166092
        ],
        [
          0.485841,
          -0.298372,
          0.821543,
          1.286101
        ],
        [
          -0.00589,
          -0.941026,
          -0.338284,
          1.517482
        ],
        [
          0.0,
          0.0,
          0.0,
          1.0
        ]
      ]
    },
    {
      "file_path": "/media/NFS/ttao/scannet/posed_images/scene0096_01/00343.jpg",
      "transform_matrix": [
        [
          0.904188,
          0.113658,
          -0.411736,
          2.141011
        ],
        [
          0.427041,
          -0.260765,
          0.865816,
          1.241216
        ],
        [
          -0.008959,
          -0.958689,
          -0.284317,
          1.526968
        ],
        [
          0.0,
          0.0,
          0.0,
          1.0
        ]
      ]
    },
    {
      "file_path": "/media/NFS/ttao/scannet/posed_images/scene0096_01/00356.jpg",
      "transform_matrix": [
        [
          0.956444,
          0.048564,
          -0.287849,
          2.084853
        ],
        [
          0.291717,
          -0.195513,
          0.93631,
          1.114609
        ],
        [
          -0.010807,
          -0.979498,
          -0.201164,
          1.535537
        ],
        [
          0.0,
          0.0,
          0.0,
          1.0
        ]
      ]
    },
    {
      "file_path": "/media/NFS/ttao/scannet/posed_images/scene0096_01/00358.jpg",
      "transform_matrix": [
        [
          0.96101,
          0.043488,
          -0.273073,
          2.078816
        ],
        [
          0.276396,
          -0.180027,
          0.944032,
          1.097972
        ],
        [
          -0.008107,
          -0.9827,
          -0.185028,
          1.544279
        ],
        [
          0.0,
          0.0,
          0.0,
          1.0
        ]
      ]
    },
    {
      "file_path": "/media/NFS/ttao/scannet/posed_images/scene0096_01/00368.jpg",
      "transform_matrix": [
        [
          0.975997,
          0.036391,
          -0.214723,
          2.060589
        ],
        [
          0.217456,
          -0.108621,
          0.970008,
          1.05903
        ],
        [
          0.011976,
          -0.993417,
          -0.113928,
          1.549533
        ],
        [
          0.0,
          0.0,
          0.0,
          1.0
        ]
      ]
    },
    {
      "file_path": "/media/NFS/ttao/scannet/posed_images/scene0096_01/00376.jpg",
      "transform_matrix": [
        [
          0.982131,
          0.024631,
          -0.18658,
          2.058392
        ],
        [
          0.187673,
          -0.054089,
          0.980741,
          1.044712
        ],
        [
          0.014064,
          -0.998232,
          -0.057745,
          1.563499
        ],
        [
          0.0,
          0.0,
          0.0,
          1.0
        ]
      ]
    },
    {
      "file_path": "/media/NFS/ttao/scannet/posed_images/scene0096_01/00378.jpg",
      "transform_matrix": [
        [
          0.98292,
          0.028197,
          -0.181861,
          2.056803
        ],
        [
          0.182968,
          -0.043518,
          0.982155,
          1.04038
        ],
        [
          0.019779,
          -0.998655,
          -0.047934,
          1.572931
        ],
        [
          0.0,
          0.0,
          0.0,
          1.0
        ]
      ]
    },
    {
      "file_path": "/media/NFS/ttao/scannet/posed_images/scene0096_01/00389.jpg",
      "transform_matrix": [
        [
          0.985908,
          0.014103,
          -0.166691,
          2.048408
        ],
        [
          0.166056,
          0.038159,
          0.985378,
          1.015521
        ],
        [
          0.020258,
          -0.999172,
          0.035279,
          1.570717
        ],
        [
          0.0,
          0.0,
          0.0,
          1.0
        ]
      ]
    },
    {
      "file_path": "/media/NFS/ttao/scannet/posed_images/scene0096_01/00395.jpg",
      "transform_matrix": [
        [
          0.98805,
          0.004984,
          -0.154058,
          2.0525
        ],
        [
          0.153387,
          0.066771,
          0.985908,
          1.003731
        ],
        [
          0.0152,
          -0.997756,
          0.065209,
          1.613938
        ],
        [
          0.0,
          0.0,
          0.0,
          1.0
        ]
      ]
    },
    {
      "file_path": "/media/NFS/ttao/scannet/posed_images/scene0096_01/00401.jpg",
      "transform_matrix": [
        [
          0.989952,
          0.001314,
          -0.141398,
          2.056607
        ],
        [
          0.14053,
          0.101826,
          0.984826,
          0.995689
        ],
        [
          0.015692,
          -0.994801,
          0.100618,
          1.626157
        ],
        [
          0.0,
          0.0,
          0.0,
          1.0
        ]
      ]
    },
    {
      "file_path": "/media/NFS/ttao/scannet/posed_images/scene0096_01/00405.jpg",
      "transform_matrix": [
        [
          0.991362,
          0.005456,
          -0.13104,
          2.058566
        ],
        [
          0.129735,
          0.105793,
          0.985889,
          0.9913
        ],
        [
          0.019242,
          -0.994373,
          0.104171,
          1.631326
        ],
        [
          0.0,
          0.0,
          0.0,
          1.0
        ]
      ]
    },
    {
      "file_path": "/media/NFS/ttao/scannet/posed_images/scene0096_01/00412.jpg",
      "transform_matrix": [
        [
          0.992684,
          0.013004,
          -0.120043,
          2.057629
        ],
        [
          0.118612,
          0.081026,
          0.989629,
          0.994097
        ],
        [
          0.022596,
          -0.996627,
          0.078891,
          1.627549
        ],
        [
          0.0,
          0.0,
          0.0,
          1.0
        ]
      ]
    },
    {
      "file_path": "/media/NFS/ttao/scannet/posed_images/scene0096_01/00424.jpg",
      "transform_matrix": [
        [
          0.998458,
          0.008725,
          -0.054815,
          2.072766
        ],
        [
          0.054807,
          0.001092,
          0.998496,
          1.02157
        ],
        [
          0.008772,
          -0.999961,
          0.000612,
          1.596818
        ],
        [
          0.0,
          0.0,
          0.0,
          1.0
        ]
      ]
    },
    {
      "file_path": "/media/NFS/ttao/scannet/posed_images/scene0096_01/00430.jpg",
      "transform_matrix": [
        [
          0.999963,
          0.006939,
          0.005173,
          2.089218
        ],
        [
          -0.004841,
          -0.047024,
          0.998882,
          1.036035
        ],
        [
          0.007175,
          -0.99887,
          -0.046988,
          1.596417
        ],
        [
          0.0,
          0.0,
          0.0,
          1.0
        ]
      ]
    },
    {
      "file_path": "/media/NFS/ttao/scannet/posed_images/scene0096_01/00436.jpg",
      "transform_matrix": [
        [
          0.998767,
          -0.007856,
          0.049017,
          2.102757
        ],
        [
          -0.049461,
          -0.073106,
          0.996097,
          1.047387
        ],
        [
          -0.004241,
          -0.997293,
          -0.073404,
          1.583384
        ],
        [
          0.0,
          0.0,
          0.0,
          1.0
        ]
      ]
    },
    {
      "file_path": "/media/NFS/ttao/scannet/posed_images/scene0096_01/00445.jpg",
      "transform_matrix": [
        [
          0.991275,
          -0.038699,
          0.126,
          2.134492
        ],
        [
          -0.129839,
          -0.122052,
          0.983994,
          1.066202
        ],
        [
          -0.022701,
          -0.991769,
          -0.126012,
          1.568969
        ],
        [
          0.0,
          0.0,
          0.0,
          1.0
        ]
      ]
    },
    {
      "file_path": "/media/NFS/ttao/scannet/posed_images/scene0096_01/00449.jpg",
      "transform_matrix": [
        [
          0.984854,
          -0.05216,
          0.165353,
          2.148236
        ],
        [
          -0.171041,
          -0.135994,
          0.975833,
          1.074845
        ],
        [
          -0.028412,
          -0.989336,
          -0.142855,
          1.565249
        ],
        [
          0.0,
          0.0,
          0.0,
          1.0
        ]
      ]
    },
    {
      "file_path": "/media/NFS/ttao/scannet/posed_images/scene0096_01/00459.jpg",
      "transform_matrix": [
        [
          0.96375,
          -0.079122,
          0.254804,
          2.180943
        ],
        [
          -0.264682,
          -0.16327,
          0.950414,
          1.09131
        ],
        [
          -0.033596,
          -0.983404,
          -0.178294,
          1.55593
        ],
        [
          0.0,
          0.0,
          0.0,
          1.0
        ]
      ]
    },
    {
      "file_path": "/media/NFS/ttao/scannet/posed_images/scene0096_01/00465.jpg",
      "transform_matrix": [
        [
          0.951817,
          -0.101213,
          0.289482,
          2.201261
        ],
        [
          -0.303751,
          -0.181318,
          0.935339,
          1.09619
        ],
        [
          -0.042181,
          -0.978202,
          -0.203325,
          1.537371
        ],
        [
          0.0,
          0.0,
          0.0,
          1.0
        ]
      ]
    },
    {
      "file_path": "/media/NFS/ttao/scannet/posed_images/scene0096_01/00469.jpg",
      "transform_matrix": [
        [
          0.945495,
          -0.116152,
          0.304216,
          2.212427
        ],
        [
          -0.322169,
          -0.197715,
          0.925806,
          1.098946
        ],
        [
          -0.047387,
          -0.973354,
          -0.224359,
          1.532017
        ],
        [
          0.0,
          0.0,
          0.0,
          1.0
        ]
      ]
    },
    {
      "file_path": "/media/NFS/ttao/scannet/posed_images/scene0096_01/00476.jpg",
      "transform_matrix": [
        [
          0.946457,
          -0.130582,
          0.295241,
          2.243533
        ],
        [
          -0.320544,
          -0.271477,
          0.907498,
          1.109599
        ],
        [
          -0.038352,
          -0.953545,
          -0.298799,
          1.526594
        ],
        [
          0.0,
          0.0,
          0.0,
          1.0
        ]
      ]
    },
    {
      "file_path": "/media/NFS/ttao/scannet/posed_images/scene0096_01/00482.jpg",
      "transform_matrix": [
        [
          0.951709,
          -0.134038,
          0.276197,
          2.250654
        ],
        [
          -0.305776,
          -0.33351,
          0.891781,
          1.120795
        ],
        [
          -0.027418,
          -0.93317,
          -0.358389,
          1.500406
        ],
        [
          0.0,
          0.0,
          0.0,
          1.0
        ]
      ]
    },
    {
      "file_path": "/media/NFS/ttao/scannet/posed_images/scene0096_01/00492.jpg",
      "transform_matrix": [
        [
          0.965544,
          -0.119745,
          0.231053,
          2.269196
        ],
        [
          -0.260081,
          -0.413156,
          0.872731,
          1.151133
        ],
        [
          -0.009044,
          -0.902753,
          -0.430064,
          1.480953
        ],
        [
          0.0,
          0.0,
          0.0,
          1.0
        ]
      ]
    },
    {
      "file_path": "/media/NFS/ttao/scannet/posed_images/scene0096_01/00500.jpg",
      "transform_matrix": [
        [
          0.971577,
          -0.117896,
          0.205277,
          2.3097
        ],
        [
          -0.236152,
          -0.42252,
          0.875048,
          1.178914
        ],
        [
          -0.016431,
          -0.898653,
          -0.438352,
          1.468349
        ],
        [
          0.0,
          0.0,
          0.0,
          1.0
        ]
      ]
    },
    {
      "file_path": "/media/NFS/ttao/scannet/posed_images/scene0096_01/00507.jpg",
      "transform_matrix": [
        [
          0.972844,
          -0.104056,
          0.206756,
          2.366906
        ],
        [
          -0.231461,
          -0.43248,
          0.871428,
          1.207528
        ],
        [
          -0.001259,
          -0.895619,
          -0.44482,
          1.463892
        ],
        [
          0.0,
          0.0,
          0.0,
          1.0
        ]
      ]
    },
    {
      "file_path": "/media/NFS/ttao/scannet/posed_images/scene0096_01/00511.jpg",
      "transform_matrix": [
        [
          0.963667,
          -0.107083,
          0.244704,
          2.405108
        ],
        [
          -0.266783,
          -0.430993,
          0.862016,
          1.227731
        ],
        [
          0.013159,
          -0.895979,
          -0.443901,
          1.456485
        ],
        [
          0.0,
          0.0,
          0.0,
          1.0
        ]
      ]
    },
    {
      "file_path": "/media/NFS/ttao/scannet/posed_images/scene0096_01/00515.jpg",
      "transform_matrix": [
        [
          0.950749,
          -0.126747,
          0.282864,
          2.439862
        ],
        [
          -0.309732,
          -0.423658,
          0.851223,
          1.245682
        ],
        [
          0.011948,
          -0.896911,
          -0.44205,
          1.456002
        ],
        [
          0.0,
          0.0,
          0.0,
          1.0
        ]
      ]
    },
    {
      "file_path": "/media/NFS/ttao/scannet/posed_images/scene0096_01/00525.jpg",
      "transform_matrix": [
        [
          0.914913,
          -0.184788,
          0.358869,
          2.530175
        ],
        [
          -0.403642,
          -0.413022,
          0.816386,
          1.282302
        ],
        [
          -0.002637,
          -0.891777,
          -0.452467,
          1.466647
        ],
        [
          0.0,
          0.0,
          0.0,
          1.0
        ]
      ]
    },
    {
      "file_path": "/media/NFS/ttao/scannet/posed_images/scene0096_01/00529.jpg",
      "transform_matrix": [
        [
          0.897203,
          -0.20394,
          0.391708,
          2.559668
        ],
        [
          -0.441567,
          -0.400693,
          0.802785,
          1.295545
        ],
        [
          -0.006765,
          -0.893227,
          -0.449556,
