{
  "frames": [
    {
      "file_path": "/media/NFS/ttao/scannet/posed_images/scene0526_00/00000.jpg",
      "transform_matrix": [
        [
          -0.801493,
          -0.36146,
          0.476398,
          1.352291
        ],
        [
          -0.597992,
          0.489385,
          -0.63475,
          3.929628
        ],
        [
          -0.003705,
          -0.793631,
          -0.608389,
          1.732004
        ],
        [
          0.0,
          0.0,
          0.0,
          1.0
        ]
      ]
    },
    {
      "file_path": "/media/NFS/ttao/scannet/posed_images/scene0526_00/00001.jpg",
      "transform_matrix": [
        [
          -0.797697,
          -0.363773,
          0.480987,
          1.359609
        ],
        [
          -0.603058,
          0.481635,
          -0.635884,
          3.933518
        ],
        [
          -0.000343,
          -0.797306,
          -0.603575,
          1.726802
        ],
        [
          0.0,
          0.0,
          0.0,
          1.0
        ]
      ]
    },
    {
      "file_path": "/media/NFS/ttao/scannet/posed_images/scene0526_00/00003.jpg",
      "transform_matrix": [
        [
          -0.799527,
          -0.365257,
          0.476806,
          1.376053
        ],
        [
          -0.60063,
          0.486757,
          -0.63428,
          3.933741
        ],
        [
          -0.000413,
          -0.793508,
          -0.60856,
          1.730324
        ],
        [
          0.0,
          0.0,
          0.0,
          1.0
        ]
      ]
    },
    {
      "file_path": "/media/NFS/ttao/scannet/posed_images/scene0526_00/00004.jpg",
      "transform_matrix": [
        [
          -0.800286,
          -0.364249,
          0.476303,
          1.380681
        ],
        [
          -0.599618,
          0.485432,
          -0.63625,
          3.933282
        ],
        [
          0.000541,
          -0.794782,
          -0.606895,
          1.73041
        ],
        [
          0.0,
          0.0,
          0.0,
          1.0
        ]
      ]
    },
    {
      "file_path": "/media/NFS/ttao/scannet/posed_images/scene0526_00/00006.jpg",
      "transform_matrix": [
        [
          -0.800822,
          -0.364058,
          0.475548,
          1.387659
        ],
        [
          -0.598898,
          0.483637,
          -0.638292,
          3.935329
        ],
        [
          0.002383,
          -0.795963,
          -0.605341,
          1.731192
        ],
        [
          0.0,
          0.0,
          0.0,
          1.0
        ]
      ]
    },
    {
      "file_path": "/media/NFS/ttao/scannet/posed_images/scene0526_00/00007.jpg",
      "transform_matrix": [
        [
          -0.800887,
          -0.365032,
          0.474692,
          1.391138
        ],
        [
          -0.598807,
          0.48372,
          -0.638315,
          3.935113
        ],
        [
          0.003388,
          -0.795466,
          -0.605988,
          1.73115
        ],
        [
          0.0,
          0.0,
          0.0,
          1.0
        ]
      ]
    },
    {
      "file_path": "/media/NFS/ttao/scannet/posed_images/scene0526_00/00009.jpg",
      "transform_matrix": [
        [
          -0.802533,
          -0.363627,
          0.472986,
          1.397642
        ],
        [
          -0.596602,
          0.485767,
          -0.638824,
          3.934345
        ],
        [
          0.002533,
          -0.794862,
          -0.606785,
          1.73061
        ],
        [
          0.0,
          0.0,
          0.0,
          1.0
        ]
      ]
    },
    {
      "file_path": "/media/NFS/ttao/scannet/posed_images/scene0526_00/00010.jpg",
      "transform_matrix": [
        [
          -0.815041,
          -0.354873,
          0.45801,
          1.421471
        ],
        [
          -0.579392,
          0.494169,
          -0.648153,
          3.9498
        ],
        [
          0.003678,
          -0.793638,
          -0.608379,
          1.733143
        ],
        [
          0.0,
          0.0,
          0.0,
          1.0
        ]
      ]
    },
    {
      "file_path": "/media/NFS/ttao/scannet/posed_images/scene0526_00/00012.jpg",
      "transform_matrix": [
        [
          -0.814185,
          -0.35377,
          0.460381,
          1.424494
        ],
        [
          -0.580602,
          0.493178,
          -0.647825,
          3.948383
        ],
        [
          0.002131,
          -0.794747,
          -0.606937,
          1.733882
        ],
        [
          0.0,
          0.0,
          0.0,
          1.0
        ]
      ]
    },
    {
      "file_path": "/media/NFS/ttao/scannet/posed_images/scene0526_00/00014.jpg",
      "transform_matrix": [
        [
          -0.813341,
          -0.3501,
          0.464658,
          1.426056
        ],
        [
          -0.581787,
          0.490264,
          -0.648972,
          3.94535
        ],
        [
          -0.0006,
          -0.798168,
          -0.602435,
          1.736778
        ],
        [
          0.0,
          0.0,
          0.0,
          1.0
        ]
      ]
    },
    {
      "file_path": "/media/NFS/ttao/scannet/posed_images/scene0526_00/00016.jpg",
      "transform_matrix": [
        [
          -0.815083,
          -0.343263,
          0.466701,
          1.429415
        ],
        [
          -0.579344,
          0.483179,
          -0.656429,
          3.946605
        ],
        [
          -0.000172,
          -0.805425,
          -0.592698,
          1.740774
        ],
        [
          0.0,
          0.0,
          0.0,
          1.0
        ]
      ]
    },
    {
      "file_path": "/media/NFS/ttao/scannet/posed_images/scene0526_00/00017.jpg",
      "transform_matrix": [
        [
          -0.816082,
          -0.342176,
          0.465753,
          1.433612
        ],
        [
          -0.577934,
          0.481006,
          -0.659261,
          3.947863
        ],
        [
          0.001553,
          -0.807186,
          -0.590296,
          1.742994
        ],
        [
          0.0,
          0.0,
          0.0,
          1.0
        ]
      ]
    },
    {
      "file_path": "/media/NFS/ttao/scannet/posed_images/scene0526_00/00018.jpg",
      "transform_matrix": [
        [
          -0.816106,
          -0.341226,
          0.466408,
          1.433508
        ],
        [
          -0.577898,
          0.478528,
          -0.661094,
          3.9486
        ],
        [
          0.002393,
          -0.809059,
          -0.587723,
          1.742711
        ],
        [
          0.0,
          0.0,
          0.0,
          1.0
        ]
      ]
    },
    {
      "file_path": "/media/NFS/ttao/scannet/posed_images/scene0526_00/00020.jpg",
      "transform_matrix": [
        [
          -0.819775,
          -0.337485,
          0.462681,
          1.439488
        ],
        [
          -0.572662,
          0.475636,
          -0.667704,
          3.952668
        ],
        [
          0.005272,
          -0.812327,
          -0.583179,
          1.744037
        ],
        [
          0.0,
          0.0,
          0.0,
          1.0
        ]
      ]
    },
    {
      "file_path": "/media/NFS/ttao/scannet/posed_images/scene0526_00/00021.jpg",
      "transform_matrix": [
        [
          -0.821234,
          -0.336497,
          0.460808,
          1.440984
        ],
        [
          -0.570549,
          0.474485,
          -0.670326,
          3.953849
        ],
        [
          0.006916,
          -0.813409,
          -0.581651,
          1.7459
        ],
        [
          0.0,
          0.0,
          0.0,
          1.0
        ]
      ]
    },
    {
      "file_path": "/media/NFS/ttao/scannet/posed_images/scene0526_00/00024.jpg",
      "transform_matrix": [
        [
          -0.827495,
          -0.331797,
          0.45295,
          1.441553
        ],
        [
          -0.561367,
          0.473126,
          -0.678984,
          3.954712
        ],
        [
          0.010982,
          -0.816127,
          -0.577769,
          1.746341
        ],
        [
          0.0,
          0.0,
          0.0,
          1.0
        ]
      ]
    },
    {
      "file_path": "/media/NFS/ttao/scannet/posed_images/scene0526_00/00025.jpg",
      "transform_matrix": [
        [
          -0.829602,
          -0.330727,
          0.449867,
          1.440164
        ],
        [
          -0.558231,
          0.474283,
          -0.68076,
          3.954391
        ],
        [
          0.011781,
          -0.815889,
          -0.578088,
          1.746811
        ],
        [
          0.0,
          0.0,
          0.0,
          1.0
        ]
      ]
    },
    {
      "file_path": "/media/NFS/ttao/scannet/posed_images/scene0526_00/00026.jpg",
      "transform_matrix": [
        [
          -0.831966,
          -0.330908,
          0.445345,
          1.439074
        ],
        [
          -0.554658,
          0.476279,
          -0.682285,
          3.953444
        ],
        [
          0.013665,
          -0.814652,
          -0.579789,
          1.747825
        ],
        [
          0.0,
          0.0,
          0.0,
          1.0
        ]
      ]
    },
    {
      "file_path": "/media/NFS/ttao/scannet/posed_images/scene0526_00/00028.jpg",
      "transform_matrix": [
        [
          -0.83917,
          -0.329048,
          0.433036,
          1.436549
        ],
        [
          -0.543579,
          0.481444,
          -0.687556,
          3.952025
        ],
        [
          0.017756,
          -0.812366,
          -0.582877,
          1.74845
        ],
        [
          0.0,
          0.0,
          0.0,
          1.0
        ]
      ]
    },
    {
      "file_path": "/media/NFS/ttao/scannet/posed_images/scene0526_00/00030.jpg",
      "transform_matrix": [
        [
          -0.849918,
          -0.320742,
          0.418048,
          1.434793
        ],
        [
          -0.526568,
          0.488233,
          -0.695956,
          3.950322
        ],
        [
          0.019117,
          -0.811636,
          -0.583851,
          1.744634
        ],
        [
          0.0,
          0.0,
          0.0,
          1.0
        ]
      ]
    },
    {
      "file_path": "/media/NFS/ttao/scannet/posed_images/scene0526_00/00031.jpg",
      "transform_matrix": [
        [
          -0.856016,
          -0.316154,
          0.409002,
          1.435194
        ],
        [
          -0.516565,
          0.492647,
          -0.700328,
          3.950347
        ],
        [
          0.019918,
          -0.810769,
          -0.585028,
          1.744349
        ],
        [
          0.0,
          0.0,
          0.0,
          1.0
        ]
      ]
    },
    {
      "file_path": "/media/NFS/ttao/scannet/posed_images/scene0526_00/00033.jpg",
      "transform_matrix": [
        [
          -0.865067,
          -0.309703,
          0.394643,
          1.428147
        ],
        [
          -0.501233,
          0.50129,
          -0.705318,
          3.944284
        ],
        [
          0.020609,
          -0.807956,
          -0.588883,
          1.745752
        ],
        [
          0.0,
          0.0,
          0.0,
          1.0
        ]
      ]
    },
    {
      "file_path": "/media/NFS/ttao/scannet/posed_images/scene0526_00/00035.jpg",
      "transform_matrix": [
        [
          -0.876458,
          -0.298559,
          0.377736,
          1.42528
        ],
        [
          -0.481045,
          0.509707,
          -0.713298,
          3.940181
        ],
        [
          0.020426,
          -0.806884,
          -0.590357,
          1.746792
        ],
        [
          0.0,
          0.0,
          0.0,
          1.0
        ]
      ]
    },
    {
      "file_path": "/media/NFS/ttao/scannet/posed_images/scene0526_00/00036.jpg",
      "transform_matrix": [
        [
          -0.882897,
          -0.292155,
          0.367612,
          1.422951
        ],
        [
          -0.469109,
          0.51419,
          -0.718015,
          3.938094
        ],
        [
          0.020749,
          -0.806383,
          -0.591029,
          1.747228
        ],
        [
          0.0,
          0.0,
          0.0,
          1.0
        ]
      ]
    },
    {
      "file_path": "/media/NFS/ttao/scannet/posed_images/scene0526_00/00037.jpg",
      "transform_matrix": [
        [
          -0.889631,
          -0.284384,
          0.357326,
          1.420613
        ],
        [
          -0.45625,
          0.519528,
          -0.722445,
          3.935215
        ],
        [
          0.019811,
          -0.80574,
          -0.591938,
          1.748783
        ],
        [
          0.0,
          0.0,
          0.0,
          1.0
        ]
      ]
    },
    {
      "file_path": "/media/NFS/ttao/scannet/posed_images/scene0526_00/00039.jpg",
      "transform_matrix": [
        [
          -0.901541,
          -0.26087,
          0.34521,
          1.391062
        ],
        [
          -0.432615,
          0.528352,
          -0.730539,
          3.9198
        ],
        [
          0.008183,
          -0.807955,
          -0.589188,
          1.746705
        ],
        [
          0.0,
          0.0,
          0.0,
          1.0
        ]
      ]
    },
    {
      "file_path": "/media/NFS/ttao/scannet/posed_images/scene0526_00/00040.jpg",
      "transform_matrix": [
        [
          -0.911207,
          -0.248503,
          0.328555,
          1.390925
        ],
        [
          -0.411859,
          0.532872,
          -0.739202,
          3.921477
        ],
        [
          0.008616,
          -0.808884,
          -0.587905,
          1.741437
        ],
        [
          0.0,
          0.0,
          0.0,
          1.0
        ]
      ]
    },
    {
      "file_path": "/media/NFS/ttao/scannet/posed_images/scene0526_00/00042.jpg",
      "transform_matrix": [
        [
          -0.928232,
          -0.22778,
          0.294111,
          1.386495
        ],
        [
          -0.371889,
          0.548738,
          -0.748722,
          3.915424
        ],
        [
          0.009154,
          -0.804365,
          -0.594065,
          1.740752
        ],
        [
          0.0,
          0.0,
          0.0,
          1.0
        ]
      ]
    },
    {
      "file_path": "/media/NFS/ttao/scannet/posed_images/scene0526_00/00044.jpg",
      "transform_matrix": [
        [
          -0.944085,
          -0.206487,
          0.257035,
          1.380033
        ],
        [
          -0.329513,
          0.564469,
          -0.756833,
          3.909305
        ],
        [
          0.011188,
          -0.799211,
          -0.600947,
          1.740761
        ],
        [
          0.0,
          0.0,
          0.0,
          1.0
        ]
      ]
    },
    {
      "file_path": "/media/NFS/ttao/scannet/posed_images/scene0526_00/00045.jpg",
      "transform_matrix": [
        [
          -0.951332,
          -0.196757,
          0.237179,
          1.377064
        ],
        [
          -0.307833,
          0.570915,
          -0.761114,
          3.905584
        ],
        [
          0.014345,
          -0.797084,
          -0.603698,
          1.740629
        ],
        [
          0.0,
          0.0,
          0.0,
          1.0
        ]
      ]
    },
    {
      "file_path": "/media/NFS/ttao/scannet/posed_images/scene0526_00/00047.jpg",
      "transform_matrix": [
        [
          -0.964359,
          -0.176495,
          0.197131,
          1.369939
        ],
        [
          -0.263717,
          0.580432,
          -0.770423,
          3.896416
        ],
        [
          0.021555,
          -0.794952,
          -0.60629,
          1.74073
        ],
        [
          0.0,
          0.0,
          0.0,
          1.0
        ]
      ]
    },
    {
      "file_path": "/media/NFS/ttao/scannet/posed_images/scene0526_00/00048.jpg",
      "transform_matrix": [
        [
          -0.970272,
          -0.166886,
          0.175274,
          1.368145
        ],
        [
          -0.240456,
          0.582653,
          -0.776335,
          3.894348
        ],
        [
          0.027435,
          -0.795402,
          -0.605461,
          1.739483
        ],
        [
          0.0,
          0.0,
          0.0,
          1.0
        ]
      ]
    },
    {
      "file_path": "/media/NFS/ttao/scannet/posed_images/scene0526_00/00050.jpg",
      "transform_matrix": [
        [
          -0.975428,
          -0.152964,
          0.158564,
          1.341173
        ],
        [
          -0.21867,
          0.584263,
          -0.78155,
          3.884249
        ],
        [
          0.026906,
          -0.797019,
          -0.603355,
          1.730763
        ],
        [
          0.0,
          0.0,
          0.0,
          1.0
        ]
      ]
    },
    {
      "file_path": "/media/NFS/ttao/scannet/posed_images/scene0526_00/00051.jpg",
      "transform_matrix": [
        [
          -0.979548,
          -0.144622,
          0.13989,
          1.335316
        ],
        [
          -0.19877,
          0.587616,
          -0.784346,
          3.881708
        ],
        [
          0.031232,
          -0.796111,
          -0.604345,
          1.730587
        ],
        [
          0.0,
          0.0,
          0.0,
          1.0
        ]
      ]
    },
    {
      "file_path": "/media/NFS/ttao/scannet/posed_images/scene0526_00/00053.jpg",
      "transform_matrix": [
        [
          -0.98582,
          -0.129088,
          0.107211,
          1.325123
        ],
        [
          -0.163476,
          0.594656,
          -0.787185,
          3.877682
        ],
        [
          0.037862,
          -0.79355,
          -0.607326,
          1.726349
        ],
        [
          0.0,
          0.0,
          0.0,
          1.0
        ]
      ]
    },
    {
      "file_path": "/media/NFS/ttao/scannet/posed_images/scene0526_00/00055.jpg",
      "transform_matrix": [
        [
          -0.990445,
          -0.113476,
          0.078366,
          1.316598
        ],
        [
          -0.131438,
          0.60478,
          -0.785471,
          3.871347
        ],
        [
          0.041738,
          -0.788267,
          -0.613916,
          1.729681
        ],
        [
          0.0,
          0.0,
          0.0,
          1.0
        ]
      ]
    },
    {
      "file_path": "/media/NFS/ttao/scannet/posed_images/scene0526_00/00056.jpg",
      "transform_matrix": [
        [
          -0.99185,
          -0.105298,
          0.07173,
          1.302602
        ],
        [
          -0.121178,
          0.605734,
          -0.786386,
          3.868229
        ],
        [
          0.039356,
          -0.788669,
          -0.613557,
          1.731087
        ],
        [
          0.0,
          0.0,
          0.0,
          1.0
        ]
      ]
    },
    {
      "file_path": "/media/NFS/ttao/scannet/posed_images/scene0526_00/00058.jpg",
      "transform_matrix": [
        [
          -0.994257,
          -0.082119,
          0.06863,
          1.278797
        ],
        [
          -0.104415,
          0.603666,
          -0.79037,
          3.858987
        ],
        [
          0.023475,
          -0.792996,
          -0.608774,
          1.731435
        ],
        [
          0.0,
          0.0,
          0.0,
          1.0
        ]
      ]
    },
    {
      "file_path": "/media/NFS/ttao/scannet/posed_images/scene0526_00/00059.jpg",
      "transform_matrix": [
        [
          -0.994029,
          -0.078594,
          0.075686,
          1.261986
        ],
        [
          -0.107789,
          0.599635,
          -0.792981,
          3.85644
        ],
        [
          0.016939,
          -0.796405,
          -0.604527,
          1.730923
        ],
        [
          0.0,
          0.0,
          0.0,
          1.0
        ]
      ]
    },
    {
      "file_path": "/media/NFS/ttao/scannet/posed_images/scene0526_00/00061.jpg",
      "transform_matrix": [
        [
          -0.990777,
          -0.090975,
          0.100423,
          1.192371
        ],
        [
          -0.135053,
          0.602641,
          -0.786501,
          3.840657
        ],
        [
          0.011033,
          -0.79281,
          -0.60937,
          1.733293
        ],
        [
          0.0,
          0.0,
          0.0,
          1.0
        ]
      ]
    },
    {
      "file_path": "/media/NFS/ttao/scannet/posed_images/scene0526_00/00063.jpg",
      "transform_matrix": [
        [
          -0.99056,
          -0.104264,
          0.08899,
          1.156738
        ],
        [
          -0.134167,
          0.604384,
          -0.785315,
          3.822292
        ],
        [
          0.028096,
          -0.789842,
          -0.612667,
          1.736317
        ],
        [
          0.0,
          0.0,
          0.0,
          1.0
        ]
      ]
    },
    {
      "file_path": "/media/NFS/ttao/scannet/posed_images/scene0526_00/00064.jpg",
      "transform_matrix": [
        [
          -0.990781,
          -0.10738,
          0.082603,
          1.152651
        ],
        [
          -0.131118,
          0.606621,
          -0.784104,
          3.817498
        ],
        [
          0.034088,
          -0.787705,
          -0.615108,
          1.734694
        ],
        [
          0.0,
          0.0,
          0.0,
          1.0
        ]
      ]
    },
    {
      "file_path": "/media/NFS/ttao/scannet/posed_images/scene0526_00/00066.jpg",
      "transform_matrix": [
        [
          -0.991465,
          -0.105354,
          0.076792,
          1.141881
        ],
        [
          -0.125626,
          0.614597,
          -0.778774,
          3.802566
        ],
        [
          0.03485,
          -0.781774,
          -0.622587,
          1.736973
        ],
        [
          0.0,
          0.0,
          0.0,
          1.0
        ]
      ]
    },
    {
      "file_path": "/media/NFS/ttao/scannet/posed_images/scene0526_00/00067.jpg",
      "transform_matrix": [
        [
          -0.991766,
          -0.102529,
          0.076737,
          1.13557
        ],
        [
          -0.124032,
          0.619782,
          -0.774911,
          3.794948
        ],
        [
          0.031891,
          -0.778048,
          -0.627395,
          1.739192
        ],
        [
          0.0,
          0.0,
          0.0,
          1.0
        ]
      ]
    },
    {
      "file_path": "/media/NFS/ttao/scannet/posed_images/scene0526_00/00068.jpg",
      "transform_matrix": [
        [
          -0.991511,
          -0.104092,
          0.077914,
          1.124481
        ],
        [
          -0.126109,
          0.623995,
          -0.771185,
          3.784878
        ],
        [
          0.031657,
          -0.774465,
          -0.631825,
          1.742755
        ],
        [
          0.0,
          0.0,
          0.0,
          1.0
        ]
      ]
    },
    {
      "file_path": "/media/NFS/ttao/scannet/posed_images/scene0526_00/00071.jpg",
      "transform_matrix": [
        [
          -0.990356,
          -0.112808,
          0.080431,
          1.085441
        ],
        [
          -0.133591,
          0.623684,
          -0.770176,
          3.751539
        ],
        [
          0.036718,
          -0.773494,
          -0.632739,
          1.751544
        ],
        [
          0.0,
          0.0,
          0.0,
          1.0
        ]
      ]
    },
    {
      "file_path": "/media/NFS/ttao/scannet/posed_images/scene0526_00/00072.jpg",
      "transform_matrix": [
        [
          -0.990632,
          -0.112049,
          0.07806,
          1.082271
        ],
        [
          -0.13127,
          0.623805,
          -0.770477,
          3.7406
        ],
        [
          0.037637,
          -0.773506,
          -0.63267,
          1.752012
        ],
        [
          0.0,
          0.0,
          0.0,
          1.0
        ]
      ]
    },
    {
      "file_path": "/media/NFS/ttao/scannet/posed_images/scene0526_00/00073.jpg",
      "transform_matrix": [
        [
          -0.99036,
          -0.11307,
          0.080009,
          1.075791
        ],
        [
          -0.133454,
          0.624193,
          -0.769788,
          3.727438
        ],
        [
          0.037099,
          -0.773045,
          -0.633265,
          1.753943
        ],
        [
          0.0,
          0.0,
          0.0,
          1.0
        ]
      ]
    },
    {
      "file_path": "/media/NFS/ttao/scannet/posed_images/scene0526_00/00075.jpg",
      "transform_matrix": [
        [
          -0.989442,
          -0.111986,
          0.092002,
          1.067706
        ],
        [
          -0.141967,
          0.621134,
          -0.770739,
          3.699756
        ],
        [
          0.029167,
          -0.775662,
          -0.630474,
          1.755777
        ],
        [
          0.0,
          0.0,
          0.0,
          1.0
        ]
      ]
    },
    {
      "file_path": "/media/NFS/ttao/scannet/posed_images/scene0526_00/00076.jpg",
      "transform_matrix": [
        [
          -0.988988,
          -0.109754,
          0.099282,
          1.063808
        ],
        [
          -0.146081,
          0.616381,
          -0.773779,
          3.685168
        ],
        [
          0.02373,
          -0.779762,
          -0.625627,
          1.754817
        ],
        [
          0.0,
          0.0,
          0.0,
          1.0
        ]
      ]
    },
    {
      "file_path": "/media/NFS/ttao/scannet/posed_images/scene0526_00/00078.jpg",
      "transform_matrix": [
        [
          -0.988123,
          -0.109792,
          0.107513,
          1.055462
        ],
        [
          -0.152229,
          0.603917,
          -0.782375,
          3.652632
        ],
        [
          0.02097,
          -0.789449,
          -0.613458,
          1.756623
        ],
        [
          0.0,
          0.0,
          0.0,
          1.0
        ]
      ]
    },
    {
      "file_path": "/media/NFS/ttao/scannet/posed_images/scene0526_00/00080.jpg",
      "transform_matrix": [
        [
          -0.987186,
          -0.11699,
          0.108519,
          1.044026
        ],
        [
          -0.156989,
          0.590177,
          -0.791862,
          3.624068
        ],
        [
          0.028595,
          -0.798752,
          -0.600981,
          1.752402
        ],
        [
          0.0,
          0.0,
          0.0,
          1.0
        ]
      ]
    },
    {
      "file_path": "/media/NFS/ttao/scannet/posed_images/scene0526_00/00081.jpg",
      "transform_matrix": [
        [
          -0.987305,
          -0.116109,
          0.108384,
          1.038637
        ],
        [
          -0.156355,
          0.590358,
          -0.791852,
          3.605459
        ],
        [
          0.027956,
          -0.798746,
          -0.601018,
          1.754915
        ],
        [
          0.0,
          0.0,
          0.0,
          1.0
        ]
      ]
    },
    {
      "file_path": "/media/NFS/ttao/scannet/posed_images/scene0526_00/00083.jpg",
      "transform_matrix": [
        [
          -0.987796,
          -0.110636,
          0.109632,
          1.033056
        ],
        [
          -0.153988,
          0.587978,
          -0.794085,
          3.570117
        ],
        [
          0.023393,
          -0.801275,
          -0.597838,
          1.76068
        ],
        [
          0.0,
          0.0,
          0.0,
          1.0
        ]
      ]
    },
    {
      "file_path": "/media/NFS/ttao/scannet/posed_images/scene0526_00/00084.jpg",
      "transform_matrix": [
        [
          -0.988138,
          -0.106972,
          0.110181,
          1.03193
        ],
        [
          -0.151852,
          0.573716,
          -0.804855,
          3.554356
        ],
        [
          0.022884,
          -0.812039,
          -0.583154,
          1.760222
        ],
        [
          0.0,
          0.0,
          0.0,
          1.0
        ]
      ]
    },
    {
      "file_path": "/media/NFS/ttao/scannet/posed_images/scene0526_00/00086.jpg",
      "transform_matrix": [
        [
          -0.989409,
          -0.101563,
          0.103701,
          1.020804
        ],
        [
          -0.142672,
          0.548971,
          -0.823575,
          3.519499
        ],
        [
          0.026716,
          -0.829648,
          -0.557647,
          1.769197
        ],
        [
          0.0,
          0.0,
          0.0,
          1.0
        ]
      ]
    },
    {
      "file_path": "/media/NFS/ttao/scannet/posed_images/scene0526_00/00088.jpg",
      "transform_matrix": [
        [
          -0.990569,
          -0.09721,
          0.096552,
          1.013634
        ],
        [
          -0.134355,
          0.551118,
          -0.823539,
          3.487835
        ],
        [
          0.026845,
          -0.828745,
          -0.558982,
          1.773237
        ],
        [
          0.0,
          0.0,
          0.0,
          1.0
        ]
      ]
    },
    {
      "file_path": "/media/NFS/ttao/scannet/posed_images/scene0526_00/00089.jpg",
      "transform_matrix": [
        [
          -0.990395,
          -0.09657,
          0.098956,
          1.009011
        ],
        [
          -0.13611,
          0.554975,
          -0.820656,
          3.473268
        ],
        [
          0.024332,
          -0.826243,
          -0.562788,
          1.774892
        ],
        [
          0.0,
          0.0,
          0.0,
          1.0
        ]
      ]
    },
    {
      "file_path": "/media/NFS/ttao/scannet/posed_images/scene0526_00/00090.jpg",
      "transform_matrix": [
        [
          -0.989593,
          -0.098847,
          0.10457,
          1.000438
        ],
        [
          -0.142025,
          0.554182,
          -0.820189,
          3.462966
        ],
        [
          0.023123,
          -0.826505,
          -0.562454,
          1.767399
        ],
        [
          0.0,
          0.0,
          0.0,
          1.0
        ]
      ]
    },
    {
      "file_path": "/media/NFS/ttao/scannet/posed_images/scene0526_00/00092.jpg",
      "transform_matrix": [
        [
          -0.989124,
          -0.107628,
          0.100249,
          0.992327
        ],
        [
          -0.144018,
          0.570281,
          -0.808726,
          3.434275
        ],
        [
          0.029871,
          -0.814368,
          -0.579579,
          1.772344
        ],
        [
          0.0,
          0.0,
          0.0,
          1.0
        ]
      ]
    },
    {
      "file_path": "/media/NFS/ttao/scannet/posed_images/scene0526_00/00094.jpg",
      "transform_matrix": [
        [
          -0.989389,
          -0.113675,
          0.090485,
          0.981881
        ],
        [
          -0.139824,
          0.575714,
          -0.805607,
          3.403934
        ],
        [
          0.039484,
          -0.809711,
          -0.585499,
          1.777943
        ],
        [
          0.0,
          0.0,
          0.0,
          1.0
        ]
      ]
    },
    {
      "file_path": "/media/NFS/ttao/scannet/posed_images/scene0526_00/00096.jpg",
      "transform_matrix": [
        [
          -0.988374,
          -0.125392,
          0.085982,
          0.970453
        ],
        [
          -0.142929,
          0.573479,
          -0.806656,
          3.375238
        ],
        [
          0.05184,
          -0.809567,
          -0.584734,
          1.781396
        ],
        [
          0.0,
          0.0,
          0.0,
          1.0
        ]
      ]
    },
    {
      "file_path": "/media/NFS/ttao/scannet/posed_images/scene0526_00/00097.jpg",
      "transform_matrix": [
        [
          -0.987409,
          -0.131237,
          0.088315,
          0.963773
        ],
        [
          -0.148311,
          0.573887,
          -0.805393,
          3.360924
        ],
        [
          0.055014,
          -0.808351,
          -0.586125,
          1.782009
        ],
        [
          0.0,
          0.0,
          0.0,
          1.0
        ]
      ]
    },
    {
      "file_path": "/media/NFS/ttao/scannet/posed_images/scene0526_00/00099.jpg",
      "transform_matrix": [
        [
          -0.983734,
          -0.144257,
          0.107036,
          0.946694
        ],
        [
          -0.171174,
          0.572167,
          -0.802075,
          3.330409
        ],
        [
          0.054463,
          -0.807351,
          -0.587553,
          1.789957
        ],
        [
          0.0,
          0.0,
          0.0,
          1.0
        ]
      ]
    },
    {
      "file_path": "/media/NFS/ttao/scannet/posed_images/scene0526_00/00100.jpg",
      "transform_matrix": [
        [
          -0.980804,
          -0.154521,
          0.11894,
          0.934674
        ],
        [
          -0.186489,
          0.5651,
          -0.803669,
          3.31286
        ],
        [
          0.056971,
          -0.810423,
          -0.583069,
          1.796785
        ],
        [
          0.0,
          0.0,
          0.0,
          1.0
        ]
      ]
    },
    {
      "file_path": "/media/NFS/ttao/scannet/posed_images/scene0526_00/00102.jpg",
      "transform_matrix": [
        [
          -0.978166,
          -0.159077,
          0.133737,
          0.917876
        ],
        [
          -0.200538,
          0.553564,
          -0.808301,
          3.286116
        ],
        [
          0.05455,
          -0.817473,
          -0.573379,
          1.802926
        ],
        [
          0.0,
          0.0,
          0.0,
          1.0
        ]
      ]
    },
    {
      "file_path": "/media/NFS/ttao/scannet/posed_images/scene0526_00/00103.jpg",
      "transform_matrix": [
        [
          -0.976791,
          -0.165241,
          0.13629,
          0.90851
        ],
        [
          -0.206409,
          0.556162,
          -0.805034,
          3.272353
        ],
        [
          0.057225,
          -0.814481,
          -0.577361,
          1.804901
        ],
        [
          0.0,
          0.0,
          0.0,
          1.0
        ]
      ]
    },
    {
      "file_path": "/media/NFS/ttao/scannet/posed_images/scene0526_00/00104.jpg",
      "transform_matrix": [
        [
          -0.97549,
          -0.170956,
          0.138538,
          0.898092
        ],
        [
          -0.21201,
          0.561664,
          -0.79974,
          3.255973
        ],
        [
          0.058908,
          -0.809511,
          -0.584143,
          1.811147
        ],
        [
          0.0,
          0.0,
          0.0,
          1.0
        ]
      ]
    },
    {
      "file_path": "/media/NFS/ttao/scannet/posed_images/scene0526_00/00106.jpg",
      "transform_matrix": [
        [
          -0.972604,
          -0.178874,
          0.148475,
          0.882443
        ],
        [
          -0.224836,
          0.561526,
          -0.796327,
          3.227693
        ],
        [
          0.05907,
          -0.807894,
          -0.58636,
          1.822438
        ],
        [
          0.0,
          0.0,
          0.0,
          1.0
        ]
      ]
    },
    {
      "file_path": "/media/NFS/ttao/scannet/posed_images/scene0526_00/00108.jpg",
      "transform_matrix": [
        [
          -0.966697,
          -0.198573,
          0.161446,
          0.867734
        ],
        [
          -0.245444,
          0.540703,
          -0.80461,
          3.204148
        ],
        [
          0.072479,
          -0.81744,
          -0.571435,
          1.829394
        ],
        [
          0.0,
          0.0,
          0.0,
          1.0
        ]
      ]
    },
    {
      "file_path": "/media/NFS/ttao/scannet/posed_images/scene0526_00/00109.jpg",
      "transform_matrix": [
        [
          -0.964065,
          -0.209086,
          0.163897,
          0.860327
        ],
        [
          -0.253013,
          0.53447,
          -0.806428,
          3.195179
        ],
        [
          0.081015,
          -0.818917,
          -0.568165,
          1.8271
        ],
        [
          0.0,
          0.0,
          0.0,
          1.0
        ]
      ]
    },
    {
      "file_path": "/media/NFS/ttao/scannet/posed_images/scene0526_00/00111.jpg",
      "transform_matrix": [
        [
          -0.959028,
          -0.224437,
          0.172896,
          0.845255
        ],
        [
          -0.270513,
          0.544069,
          -0.794237,
          3.172084
        ],
        [
          0.084189,
          -0.808466,
          -0.58249,
          1.824836
        ],
        [
          0.0,
          0.0,
          0.0,
          1.0
        ]
      ]
    },
    {
      "file_path": "/media/NFS/ttao/scannet/posed_images/scene0526_00/00112.jpg",
      "transform_matrix": [
        [
          -0.955944,
          -0.23156,
          0.180418,
          0.840903
        ],
        [
          -0.281583,
          0.54965,
          -0.786509,
          3.158265
        ],
        [
          0.082958,
          -0.802661,
          -0.590638,
          1.829112
        ],
        [
          0.0,
          0.0,
          0.0,
          1.0
        ]
      ]
    },
    {
      "file_path": "/media/NFS/ttao/scannet/posed_images/scene0526_00/00114.jpg",
      "transform_matrix": [
        [
          -0.947258,
          -0.243987,
          0.207781,
          0.835363
        ],
        [
          -0.311347,
          0.547033,
          -0.777057,
          3.130848
        ],
        [
          0.075929,
          -0.800766,
          -0.594146,
          1.840526
        ],
        [
          0.0,
          0.0,
          0.0,
          1.0
        ]
      ]
    },
    {
      "file_path": "/media/NFS/ttao/scannet/posed_images/scene0526_00/00116.jpg",
      "transform_matrix": [
        [
          -0.938589,
          -0.256547,
          0.230725,
          0.829046
        ],
        [
          -0.335914,
          0.526678,
          -0.780879,
          3.105782
        ],
        [
          0.078814,
          -0.810428,
          -0.580512,
          1.844606
        ],
        [
          0.0,
          0.0,
          0.0,
          1.0
        ]
      ]
    },
    {
      "file_path": "/media/NFS/ttao/scannet/posed_images/scene0526_00/00118.jpg",
      "transform_matrix": [
        [
          -0.933434,
          -0.267528,
          0.239016,
          0.825306
        ],
        [
          -0.34849,
          0.517998,
          -0.781174,
          3.079638
        ],
        [
          0.085176,
          -0.81247,
          -0.576748,
          1.849513
        ],
        [
          0.0,
          0.0,
          0.0,
          1.0
        ]
      ]
    },
    {
      "file_path": "/media/NFS/ttao/scannet/posed_images/scene0526_00/00119.jpg",
      "transform_matrix": [
        [
          -0.932051,
          -0.27076,
          0.240771,
          0.824907
        ],
        [
          -0.351648,
          0.515819,
          -0.7812,
          3.066582
        ],
        [
          0.087324,
          -0.812785,
          -0.575982,
          1.850818
        ],
        [
          0.0,
          0.0,
          0.0,
          1.0
        ]
      ]
    },
    {
      "file_path": "/media/NFS/ttao/scannet/posed_images/scene0526_00/00120.jpg",
      "transform_matrix": [
        [
          -0.929788,
          -0.274446,
          0.245302,
          0.824344
        ],
        [
          -0.356696,
          0.507207,
          -0.784544,
          3.057339
        ],
        [
