{
  "frames": [
    {
      "file_path": "/media/NFS/ttao/scannet/posed_images/scene0635_00/00000.jpg",
      "transform_matrix": [
        [
          0.773325,
          -0.281135,
          0.568271,
          1.623345
        ],
        [
          -0.633962,
          -0.353882,
          0.687648,
          0.973737
        ],
        [
          0.007779,
          -0.892038,
          -0.451894,
          1.299044
        ],
        [
          0.0,
          0.0,
          0.0,
          1.0
        ]
      ]
    },
    {
      "file_path": "/media/NFS/ttao/scannet/posed_images/scene0635_00/00006.jpg",
      "transform_matrix": [
        [
          0.777978,
          -0.272544,
          0.566101,
          1.617736
        ],
        [
          -0.628055,
          -0.362079,
          0.6888,
          0.977442
        ],
        [
          0.017245,
          -0.891414,
          -0.452862,
          1.295219
        ],
        [
          0.0,
          0.0,
          0.0,
          1.0
        ]
      ]
    },
    {
      "file_path": "/media/NFS/ttao/scannet/posed_images/scene0635_00/00012.jpg",
      "transform_matrix": [
        [
          0.784389,
          -0.273376,
          0.556776,
          1.607683
        ],
        [
          -0.619879,
          -0.377326,
          0.688023,
          0.984333
        ],
        [
          0.021997,
          -0.884811,
          -0.46543,
          1.282263
        ],
        [
          0.0,
          0.0,
          0.0,
          1.0
        ]
      ]
    },
    {
      "file_path": "/media/NFS/ttao/scannet/posed_images/scene0635_00/00024.jpg",
      "transform_matrix": [
        [
          0.7789,
          -0.334181,
          0.530696,
          1.591287
        ],
        [
          -0.626808,
          -0.442688,
          0.641202,
          1.000543
        ],
        [
          0.020655,
          -0.832076,
          -0.554276,
          1.212058
        ],
        [
          0.0,
          0.0,
          0.0,
          1.0
        ]
      ]
    },
    {
      "file_path": "/media/NFS/ttao/scannet/posed_images/scene0635_00/00029.jpg",
      "transform_matrix": [
        [
          0.77551,
          -0.360139,
          0.518541,
          1.587739
        ],
        [
          -0.631204,
          -0.459097,
          0.625149,
          1.005762
        ],
        [
          0.01292,
          -0.812114,
          -0.583355,
          1.192104
        ],
        [
          0.0,
          0.0,
          0.0,
          1.0
        ]
      ]
    },
    {
      "file_path": "/media/NFS/ttao/scannet/posed_images/scene0635_00/00035.jpg",
      "transform_matrix": [
        [
          0.777145,
          -0.354706,
          0.519837,
          1.582245
        ],
        [
          -0.628505,
          -0.479533,
          0.612397,
          1.018605
        ],
        [
          0.032058,
          -0.802641,
          -0.595601,
          1.184273
        ],
        [
          0.0,
          0.0,
          0.0,
          1.0
        ]
      ]
    },
    {
      "file_path": "/media/NFS/ttao/scannet/posed_images/scene0635_00/00037.jpg",
      "transform_matrix": [
        [
          0.780438,
          -0.351931,
          0.51678,
          1.584819
        ],
        [
          -0.624358,
          -0.48239,
          0.614391,
          1.025344
        ],
        [
          0.033066,
          -0.80215,
          -0.596206,
          1.193309
        ],
        [
          0.0,
          0.0,
          0.0,
          1.0
        ]
      ]
    },
    {
      "file_path": "/media/NFS/ttao/scannet/posed_images/scene0635_00/00047.jpg",
      "transform_matrix": [
        [
          0.796526,
          -0.303115,
          0.523134,
          1.595251
        ],
        [
          -0.604159,
          -0.432269,
          0.669429,
          1.025749
        ],
        [
          0.023221,
          -0.849273,
          -0.527443,
          1.22218
        ],
        [
          0.0,
          0.0,
          0.0,
          1.0
        ]
      ]
    },
    {
      "file_path": "/media/NFS/ttao/scannet/posed_images/scene0635_00/00051.jpg",
      "transform_matrix": [
        [
          0.803932,
          -0.314506,
          0.504757,
          1.603371
        ],
        [
          -0.594636,
          -0.439465,
          0.673259,
          1.02091
        ],
        [
          0.010079,
          -0.841401,
          -0.540317,
          1.225767
        ],
        [
          0.0,
          0.0,
          0.0,
          1.0
        ]
      ]
    },
    {
      "file_path": "/media/NFS/ttao/scannet/posed_images/scene0635_00/00061.jpg",
      "transform_matrix": [
        [
          0.811483,
          -0.275311,
          0.51546,
          1.626197
        ],
        [
          -0.584236,
          -0.362877,
          0.72594,
          1.005899
        ],
        [
          -0.012811,
          -0.890238,
          -0.455315,
          1.28174
        ],
        [
          0.0,
          0.0,
          0.0,
          1.0
        ]
      ]
    },
    {
      "file_path": "/media/NFS/ttao/scannet/posed_images/scene0635_00/00067.jpg",
      "transform_matrix": [
        [
          0.821723,
          -0.245402,
          0.514343,
          1.630509
        ],
        [
          -0.569881,
          -0.349916,
          0.743501,
          1.000658
        ],
        [
          -0.00248,
          -0.904067,
          -0.427384,
          1.296736
        ],
        [
          0.0,
          0.0,
          0.0,
          1.0
        ]
      ]
    },
    {
      "file_path": "/media/NFS/ttao/scannet/posed_images/scene0635_00/00071.jpg",
      "transform_matrix": [
        [
          0.818607,
          -0.240921,
          0.521383,
          1.629138
        ],
        [
          -0.574345,
          -0.338073,
          0.745543,
          0.998871
        ],
        [
          -0.003352,
          -0.90976,
          -0.41512,
          1.298191
        ],
        [
          0.0,
          0.0,
          0.0,
          1.0
        ]
      ]
    },
    {
      "file_path": "/media/NFS/ttao/scannet/posed_images/scene0635_00/00082.jpg",
      "transform_matrix": [
        [
          0.801605,
          -0.237292,
          0.548747,
          1.591319
        ],
        [
          -0.597363,
          -0.355135,
          0.719053,
          1.014611
        ],
        [
          0.024254,
          -0.904197,
          -0.426427,
          1.289113
        ],
        [
          0.0,
          0.0,
          0.0,
          1.0
        ]
      ]
    },
    {
      "file_path": "/media/NFS/ttao/scannet/posed_images/scene0635_00/00084.jpg",
      "transform_matrix": [
        [
          0.799274,
          -0.236931,
          0.552291,
          1.579911
        ],
        [
          -0.600418,
          -0.354113,
          0.717009,
          1.017609
        ],
        [
          0.025692,
          -0.904692,
          -0.425291,
          1.286134
        ],
        [
          0.0,
          0.0,
          0.0,
          1.0
        ]
      ]
    },
    {
      "file_path": "/media/NFS/ttao/scannet/posed_images/scene0635_00/00090.jpg",
      "transform_matrix": [
        [
          0.790932,
          -0.252255,
          0.55749,
          1.525375
        ],
        [
          -0.610818,
          -0.379759,
          0.694756,
          1.048189
        ],
        [
          0.036456,
          -0.890029,
          -0.454445,
          1.27038
        ],
        [
          0.0,
          0.0,
          0.0,
          1.0
        ]
      ]
    },
    {
      "file_path": "/media/NFS/ttao/scannet/posed_images/scene0635_00/00100.jpg",
      "transform_matrix": [
        [
          0.767345,
          -0.300396,
          0.56652,
          1.489698
        ],
        [
          -0.638981,
          -0.43223,
          0.636303,
          1.080547
        ],
        [
          0.053724,
          -0.850258,
          -0.523617,
          1.247891
        ],
        [
          0.0,
          0.0,
          0.0,
          1.0
        ]
      ]
    },
    {
      "file_path": "/media/NFS/ttao/scannet/posed_images/scene0635_00/00108.jpg",
      "transform_matrix": [
        [
          0.767676,
          -0.358621,
          0.531098,
          1.466818
        ],
        [
          -0.639748,
          -0.477208,
          0.602491,
          1.106274
        ],
        [
          0.037378,
          -0.802287,
          -0.595768,
          1.18764
        ],
        [
          0.0,
          0.0,
          0.0,
          1.0
        ]
      ]
    },
    {
      "file_path": "/media/NFS/ttao/scannet/posed_images/scene0635_00/00114.jpg",
      "transform_matrix": [
        [
          0.756489,
          -0.393129,
          0.52266,
          1.476036
        ],
        [
          -0.653324,
          -0.490743,
          0.576488,
          1.149163
        ],
        [
          0.029858,
          -0.777573,
          -0.628083,
          1.174089
        ],
        [
          0.0,
          0.0,
          0.0,
          1.0
        ]
      ]
    },
    {
      "file_path": "/media/NFS/ttao/scannet/posed_images/scene0635_00/00116.jpg",
      "transform_matrix": [
        [
          0.745794,
          -0.409407,
          0.525526,
          1.487095
        ],
        [
          -0.665692,
          -0.488099,
          0.564459,
          1.169437
        ],
        [
          0.025415,
          -0.770808,
          -0.63656,
          1.178073
        ],
        [
          0.0,
          0.0,
          0.0,
          1.0
        ]
      ]
    },
    {
      "file_path": "/media/NFS/ttao/scannet/posed_images/scene0635_00/00126.jpg",
      "transform_matrix": [
        [
          0.684934,
          -0.453631,
          0.570162,
          1.558701
        ],
        [
          -0.728363,
          -0.406118,
          0.551866,
          1.273538
        ],
        [
          -0.01879,
          -0.793276,
          -0.608572,
          1.201207
        ],
        [
          0.0,
          0.0,
          0.0,
          1.0
        ]
      ]
    },
    {
      "file_path": "/media/NFS/ttao/scannet/posed_images/scene0635_00/00132.jpg",
      "transform_matrix": [
        [
          0.654861,
          -0.470143,
          0.591712,
          1.574983
        ],
        [
          -0.755626,
          -0.393164,
          0.523881,
          1.321869
        ],
        [
          -0.013659,
          -0.790182,
          -0.61272,
          1.204828
        ],
        [
          0.0,
          0.0,
          0.0,
          1.0
        ]
      ]
    },
    {
      "file_path": "/media/NFS/ttao/scannet/posed_images/scene0635_00/00136.jpg",
      "transform_matrix": [
        [
          0.635845,
          -0.461747,
          0.618458,
          1.577536
        ],
        [
          -0.771809,
          -0.384038,
          0.50678,
          1.349121
        ],
        [
          0.003507,
          -0.799565,
          -0.600569,
          1.209392
        ],
        [
          0.0,
          0.0,
          0.0,
          1.0
        ]
      ]
    },
    {
      "file_path": "/media/NFS/ttao/scannet/posed_images/scene0635_00/00147.jpg",
      "transform_matrix": [
        [
          0.503607,
          -0.391534,
          0.770117,
          1.553584
        ],
        [
          -0.862518,
          -0.278857,
          0.422258,
          1.452424
        ],
        [
          0.049424,
          -0.876892,
          -0.47814,
          1.253225
        ],
        [
          0.0,
          0.0,
          0.0,
          1.0
        ]
      ]
    },
    {
      "file_path": "/media/NFS/ttao/scannet/posed_images/scene0635_00/00149.jpg",
      "transform_matrix": [
        [
          0.483179,
          -0.391051,
          0.783337,
          1.539276
        ],
        [
          -0.874369,
          -0.261424,
          0.408824,
          1.480303
        ],
        [
          0.044912,
          -0.882461,
          -0.468237,
          1.26109
        ],
        [
          0.0,
          0.0,
          0.0,
          1.0
        ]
      ]
    },
    {
      "file_path": "/media/NFS/ttao/scannet/posed_images/scene0635_00/00157.jpg",
      "transform_matrix": [
        [
          0.429075,
          -0.387064,
          0.816134,
          1.498637
        ],
        [
          -0.902091,
          -0.229744,
          0.365307,
          1.572206
        ],
        [
          0.046104,
          -0.892972,
          -0.447745,
          1.277534
        ],
        [
          0.0,
          0.0,
          0.0,
          1.0
        ]
      ]
    },
    {
      "file_path": "/media/NFS/ttao/scannet/posed_images/scene0635_00/00165.jpg",
      "transform_matrix": [
        [
          0.372723,
          -0.346541,
          0.860806,
          1.496902
        ],
        [
          -0.926875,
          -0.183514,
          0.327452,
          1.619025
        ],
        [
          0.044495,
          -0.919908,
          -0.389601,
          1.302237
        ],
        [
          0.0,
          0.0,
          0.0,
          1.0
        ]
      ]
    },
    {
      "file_path": "/media/NFS/ttao/scannet/posed_images/scene0635_00/00171.jpg",
      "transform_matrix": [
        [
          0.320219,
          -0.365736,
          0.873898,
          1.522045
        ],
        [
          -0.945655,
          -0.178453,
          0.271829,
          1.631204
        ],
        [
          0.056532,
          -0.913451,
          -0.403004,
          1.310557
        ],
        [
          0.0,
          0.0,
          0.0,
          1.0
        ]
      ]
    },
    {
      "file_path": "/media/NFS/ttao/scannet/posed_images/scene0635_00/00177.jpg",
      "transform_matrix": [
        [
          0.316395,
          -0.338412,
          0.886212,
          1.54492
        ],
        [
          -0.948436,
          -0.131616,
          0.288351,
          1.62516
        ],
        [
          0.019058,
          -0.931748,
          -0.362605,
          1.332956
        ],
        [
          0.0,
          0.0,
          0.0,
          1.0
        ]
      ]
    },
    {
      "file_path": "/media/NFS/ttao/scannet/posed_images/scene0635_00/00183.jpg",
      "transform_matrix": [
        [
          0.317934,
          -0.31966,
          0.892601,
          1.573507
        ],
        [
          -0.948022,
          -0.09414,
          0.303961,
          1.612021
        ],
        [
          -0.013134,
          -0.942844,
          -0.332975,
          1.354902
        ],
        [
          0.0,
          0.0,
          0.0,
          1.0
        ]
      ]
    },
    {
      "file_path": "/media/NFS/ttao/scannet/posed_images/scene0635_00/00191.jpg",
      "transform_matrix": [
        [
          0.310126,
          -0.250819,
          0.917012,
          1.597258
        ],
        [
          -0.950464,
          -0.06052,
          0.304886,
          1.601203
        ],
        [
          -0.020974,
          -0.96614,
          -0.257164,
          1.400868
        ],
        [
          0.0,
          0.0,
          0.0,
          1.0
        ]
      ]
    },
    {
      "file_path": "/media/NFS/ttao/scannet/posed_images/scene0635_00/00200.jpg",
      "transform_matrix": [
        [
          0.259282,
          -0.218202,
          0.94083,
          1.614976
        ],
        [
          -0.965798,
          -0.055744,
          0.253234,
          1.594266
        ],
        [
          -0.002811,
          -0.97431,
          -0.225193,
          1.414487
        ],
        [
          0.0,
          0.0,
          0.0,
          1.0
        ]
      ]
    },
    {
      "file_path": "/media/NFS/ttao/scannet/posed_images/scene0635_00/00202.jpg",
      "transform_matrix": [
        [
          0.237815,
          -0.20076,
          0.950337,
          1.618186
        ],
        [
          -0.971188,
          -0.064701,
          0.229365,
          1.600319
        ],
        [
          0.01544,
          -0.977502,
          -0.210363,
          1.421379
        ],
        [
          0.0,
          0.0,
          0.0,
          1.0
        ]
      ]
    },
    {
      "file_path": "/media/NFS/ttao/scannet/posed_images/scene0635_00/00212.jpg",
      "transform_matrix": [
        [
          0.11104,
          -0.136264,
          0.98443,
          1.625276
        ],
        [
          -0.993123,
          -0.052212,
          0.104794,
          1.682495
        ],
        [
          0.037119,
          -0.989296,
          -0.141125,
          1.457712
        ],
        [
          0.0,
          0.0,
          0.0,
          1.0
        ]
      ]
    },
    {
      "file_path": "/media/NFS/ttao/scannet/posed_images/scene0635_00/00214.jpg",
      "transform_matrix": [
        [
          0.095141,
          -0.130985,
          0.986809,
          1.624445
        ],
        [
          -0.994958,
          -0.044101,
          0.090072,
          1.711291
        ],
        [
          0.031721,
          -0.990403,
          -0.13452,
          1.453172
        ],
        [
          0.0,
          0.0,
          0.0,
          1.0
        ]
      ]
    },
    {
      "file_path": "/media/NFS/ttao/scannet/posed_images/scene0635_00/00222.jpg",
      "transform_matrix": [
        [
          0.051953,
          -0.225215,
          0.972923,
          1.632475
        ],
        [
          -0.998513,
          0.004412,
          0.054341,
          1.813529
        ],
        [
          -0.016531,
          -0.974299,
          -0.224651,
          1.422704
        ],
        [
          0.0,
          0.0,
          0.0,
          1.0
        ]
      ]
    },
    {
      "file_path": "/media/NFS/ttao/scannet/posed_images/scene0635_00/00228.jpg",
      "transform_matrix": [
        [
          -0.023647,
          -0.291314,
          0.956335,
          1.64376
        ],
        [
          -0.999307,
          0.034403,
          -0.01423,
          1.885981
        ],
        [
          -0.028755,
          -0.956009,
          -0.291926,
          1.381102
        ],
        [
          0.0,
          0.0,
          0.0,
          1.0
        ]
      ]
    },
    {
      "file_path": "/media/NFS/ttao/scannet/posed_images/scene0635_00/00236.jpg",
      "transform_matrix": [
        [
          -0.057724,
          -0.350799,
          0.93467,
          1.652889
        ],
        [
          -0.997961,
          -0.005275,
          -0.063613,
          1.973437
        ],
        [
          0.027245,
          -0.936436,
          -0.349779,
          1.325588
        ],
        [
          0.0,
          0.0,
          0.0,
          1.0
        ]
      ]
    },
    {
      "file_path": "/media/NFS/ttao/scannet/posed_images/scene0635_00/00246.jpg",
      "transform_matrix": [
        [
          0.011269,
          -0.454316,
          0.890769,
          1.65283
        ],
        [
          -0.99479,
          -0.09536,
          -0.036051,
          2.048588
        ],
        [
          0.101323,
          -0.885722,
          -0.453024,
          1.230023
        ],
        [
          0.0,
          0.0,
          0.0,
          1.0
        ]
      ]
    },
    {
      "file_path": "/media/NFS/ttao/scannet/posed_images/scene0635_00/00251.jpg",
      "transform_matrix": [
        [
          0.028605,
          -0.497452,
          0.86702,
          1.661453
        ],
        [
          -0.994004,
          -0.105732,
          -0.027869,
          2.052215
        ],
        [
          0.105535,
          -0.861024,
          -0.497494,
          1.218353
        ],
        [
          0.0,
          0.0,
          0.0,
          1.0
        ]
      ]
    },
    {
      "file_path": "/media/NFS/ttao/scannet/posed_images/scene0635_00/00253.jpg",
      "transform_matrix": [
        [
          0.029093,
          -0.502206,
          0.864259,
          1.662954
        ],
        [
          -0.994036,
          -0.105446,
          -0.027811,
          2.052108
        ],
        [
          0.105099,
          -0.858295,
          -0.502279,
          1.216606
        ],
        [
          0.0,
          0.0,
          0.0,
          1.0
        ]
      ]
    },
    {
      "file_path": "/media/NFS/ttao/scannet/posed_images/scene0635_00/00261.jpg",
      "transform_matrix": [
        [
          -0.002042,
          -0.524076,
          0.851669,
          1.669453
        ],
        [
          -0.996002,
          -0.074999,
          -0.048539,
          2.030152
        ],
        [
          0.089312,
          -0.848363,
          -0.521827,
          1.219332
        ],
        [
          0.0,
          0.0,
          0.0,
          1.0
        ]
      ]
    },
    {
      "file_path": "/media/NFS/ttao/scannet/posed_images/scene0635_00/00267.jpg",
      "transform_matrix": [
        [
          -0.055252,
          -0.517447,
          0.85393,
          1.671944
        ],
        [
          -0.995918,
          -0.032573,
          -0.084177,
          1.989729
        ],
        [
          0.071372,
          -0.855095,
          -0.513535,
          1.233468
        ],
        [
          0.0,
          0.0,
          0.0,
          1.0
        ]
      ]
    },
    {
      "file_path": "/media/NFS/ttao/scannet/posed_images/scene0635_00/00279.jpg",
      "transform_matrix": [
        [
          -0.207988,
          -0.504718,
          0.837855,
          1.684551
        ],
        [
          -0.976315,
          0.054945,
          -0.209261,
          1.895938
        ],
        [
          0.059581,
          -0.861534,
          -0.504191,
          1.255389
        ],
        [
          0.0,
          0.0,
          0.0,
          1.0
        ]
      ]
    },
    {
      "file_path": "/media/NFS/ttao/scannet/posed_images/scene0635_00/00281.jpg",
      "transform_matrix": [
        [
          -0.217151,
          -0.514672,
          0.829432,
          1.689142
        ],
        [
          -0.974658,
          0.067535,
          -0.213266,
          1.87335
        ],
        [
          0.053747,
          -0.854723,
          -0.516294,
          1.265441
        ],
        [
          0.0,
          0.0,
          0.0,
          1.0
        ]
      ]
    },
    {
      "file_path": "/media/NFS/ttao/scannet/posed_images/scene0635_00/00289.jpg",
      "transform_matrix": [
        [
          -0.269284,
          -0.541823,
          0.796187,
          1.683822
        ],
        [
          -0.960109,
          0.086361,
          -0.265955,
          1.830942
        ],
        [
          0.075341,
          -0.836044,
          -0.543465,
          1.25169
        ],
        [
          0.0,
          0.0,
          0.0,
          1.0
        ]
      ]
    },
    {
      "file_path": "/media/NFS/ttao/scannet/posed_images/scene0635_00/00299.jpg",
      "transform_matrix": [
        [
          -0.320277,
          -0.578485,
          0.750185,
          1.678049
        ],
        [
          -0.944942,
          0.138966,
          -0.296265,
          1.790069
        ],
        [
          0.067135,
          -0.803768,
          -0.591143,
          1.241376
        ],
        [
          0.0,
          0.0,
          0.0,
          1.0
        ]
      ]
    },
    {
      "file_path": "/media/NFS/ttao/scannet/posed_images/scene0635_00/00300.jpg",
      "transform_matrix": [
        [
          -0.324138,
          -0.576642,
          0.749946,
          1.672152
        ],
        [
          -0.943612,
          0.14067,
          -0.299681,
          1.784608
        ],
        [
          0.067314,
          -0.804796,
          -0.589722,
          1.237468
        ],
        [
          0.0,
          0.0,
          0.0,
          1.0
        ]
      ]
    },
    {
      "file_path": "/media/NFS/ttao/scannet/posed_images/scene0635_00/00308.jpg",
      "transform_matrix": [
        [
          -0.359626,
          -0.56607,
          0.741778,
          1.663108
        ],
        [
          -0.930697,
          0.16063,
          -0.328636,
          1.760368
        ],
        [
          0.066879,
          -0.808556,
          -0.584606,
          1.241852
        ],
        [
          0.0,
          0.0,
          0.0,
          1.0
        ]
      ]
    },
    {
      "file_path": "/media/NFS/ttao/scannet/posed_images/scene0635_00/00314.jpg",
      "transform_matrix": [
        [
          -0.39352,
          -0.557422,
          0.731042,
          1.649989
        ],
        [
          -0.917409,
          0.186926,
          -0.35131,
          1.741767
        ],
        [
          0.059177,
          -0.808913,
          -0.584943,
          1.236724
        ],
        [
          0.0,
          0.0,
          0.0,
          1.0
        ]
      ]
    },
    {
      "file_path": "/media/NFS/ttao/scannet/posed_images/scene0635_00/00320.jpg",
      "transform_matrix": [
        [
          -0.439897,
          -0.543856,
          0.714641,
          1.635313
        ],
        [
          -0.896782,
          0.223781,
          -0.381712,
          1.705081
        ],
        [
          0.047674,
          -0.808791,
          -0.586161,
          1.239048
        ],
        [
          0.0,
          0.0,
          0.0,
          1.0
        ]
      ]
    },
    {
      "file_path": "/media/NFS/ttao/scannet/posed_images/scene0635_00/00330.jpg",
      "transform_matrix": [
        [
          -0.524459,
          -0.441205,
          0.728204,
          1.635841
        ],
        [
          -0.849897,
          0.219876,
          -0.478885,
          1.68694
        ],
        [
          0.051172,
          -0.870054,
          -0.490294,
          1.296041
        ],
        [
          0.0,
          0.0,
          0.0,
          1.0
        ]
      ]
    },
    {
      "file_path": "/media/NFS/ttao/scannet/posed_images/scene0635_00/00338.jpg",
      "transform_matrix": [
        [
          -0.477556,
          -0.379219,
          0.792549,
          1.632389
        ],
        [
          -0.878078,
          0.174871,
          -0.44542,
          1.691882
        ],
        [
          0.030318,
          -0.908633,
          -0.416494,
          1.337389
        ],
        [
          0.0,
          0.0,
          0.0,
          1.0
        ]
      ]
    },
    {
      "file_path": "/media/NFS/ttao/scannet/posed_images/scene0635_00/00340.jpg",
      "transform_matrix": [
        [
          -0.469144,
          -0.372022,
          0.800939,
          1.646751
        ],
        [
          -0.8825,
          0.163464,
          -0.440992,
          1.718983
        ],
        [
          0.033134,
          -0.913717,
          -0.404998,
          1.352151
        ],
        [
          0.0,
          0.0,
          0.0,
          1.0
        ]
      ]
    },
    {
      "file_path": "/media/NFS/ttao/scannet/posed_images/scene0635_00/00350.jpg",
      "transform_matrix": [
        [
          -0.384644,
          -0.298681,
          0.873407,
          1.635103
        ],
        [
          -0.922455,
          0.089988,
          -0.375471,
          1.736041
        ],
        [
          0.03355,
          -0.950101,
          -0.310133,
          1.380939
        ],
        [
          0.0,
          0.0,
          0.0,
          1.0
        ]
      ]
    },
    {
      "file_path": "/media/NFS/ttao/scannet/posed_images/scene0635_00/00355.jpg",
      "transform_matrix": [
        [
          -0.369039,
          -0.287934,
          0.883688,
          1.636974
        ],
        [
          -0.928456,
          0.071054,
          -0.364583,
          1.739237
        ],
        [
          0.042186,
          -0.955011,
          -0.293556,
          1.380563
        ],
        [
          0.0,
          0.0,
          0.0,
          1.0
        ]
      ]
    },
    {
      "file_path": "/media/NFS/ttao/scannet/posed_images/scene0635_00/00363.jpg",
      "transform_matrix": [
        [
          -0.355294,
          -0.24761,
          0.901363,
          1.642515
        ],
        [
          -0.934529,
          0.072885,
          -0.348345,
          1.743615
        ],
        [
          0.020557,
          -0.966115,
          -0.257294,
          1.410843
        ],
        [
          0.0,
          0.0,
          0.0,
          1.0
        ]
      ]
    },
    {
      "file_path": "/media/NFS/ttao/scannet/posed_images/scene0635_00/00369.jpg",
      "transform_matrix": [
        [
          -0.355564,
          -0.203171,
          0.912303,
          1.645821
        ],
        [
          -0.934604,
          0.067371,
          -0.349252,
          1.738723
        ],
        [
          0.009496,
          -0.976823,
          -0.213839,
          1.441514
        ],
        [
          0.0,
          0.0,
          0.0,
          1.0
        ]
      ]
    },
    {
      "file_path": "/media/NFS/ttao/scannet/posed_images/scene0635_00/00373.jpg",
      "transform_matrix": [
        [
          -0.359576,
          -0.168315,
          0.91781,
          1.64311
        ],
        [
          -0.933115,
          0.063189,
          -0.353984,
          1.73606
        ],
        [
          0.001586,
          -0.983706,
          -0.179778,
          1.448314
        ],
        [
          0.0,
          0.0,
          0.0,
          1.0
        ]
      ]
    },
    {
      "file_path": "/media/NFS/ttao/scannet/posed_images/scene0635_00/00383.jpg",
      "transform_matrix": [
        [
          -0.384583,
          -0.104972,
          0.917103,
          1.646242
        ],
        [
          -0.923091,
          0.043496,
          -0.382115,
          1.73906
        ],
        [
          0.000221,
          -0.993524,
          -0.113627,
          1.469853
        ],
        [
          0.0,
          0.0,
          0.0,
          1.0
        ]
      ]
    },
    {
      "file_path": "/media/NFS/ttao/scannet/posed_images/scene0635_00/00385.jpg",
      "transform_matrix": [
        [
          -0.386266,
          -0.098417,
          0.917122,
          1.648904
        ],
        [
          -0.922387,
          0.040081,
          -0.384182,
          1.738465
        ],
        [
          0.001051,
          -0.994338,
          -0.10626,
          1.478022
        ],
        [
          0.0,
          0.0,
          0.0,
          1.0
        ]
      ]
    },
    {
      "file_path": "/media/NFS/ttao/scannet/posed_images/scene0635_00/00395.jpg",
      "transform_matrix": [
        [
          -0.433546,
          -0.046022,
          0.899956,
          1.658195
        ],
        [
          -0.900739,
          -0.007338,
          -0.434299,
          1.746942
        ],
        [
          0.026591,
          -0.998914,
          -0.038273,
          1.489801
        ],
        [
          0.0,
          0.0,
          0.0,
          1.0
        ]
      ]
    },
    {
      "file_path": "/media/NFS/ttao/scannet/posed_images/scene0635_00/00399.jpg",
      "transform_matrix": [
        [
          -0.456842,
          -0.039838,
          0.888656,
          1.676051
        ],
        [
          -0.888904,
          -0.017575,
          -0.457757,
          1.749172
        ],
        [
          0.033855,
          -0.999052,
          -0.027383,
          1.501256
        ],
        [
          0.0,
          0.0,
          0.0,
          1.0
        ]
      ]
    },
    {
      "file_path": "/media/NFS/ttao/scannet/posed_images/scene0635_00/00405.jpg",
      "transform_matrix": [
        [
          -0.488443,
          -0.004988,
          0.872581,
          1.703423
        ],
        [
          -0.871408,
          -0.04938,
          -0.488068,
          1.739483
        ],
        [
          0.045522,
          -0.998768,
          0.019773,
          1.511012
        ],
        [
          0.0,
          0.0,
          0.0,
          1.0
        ]
      ]
    },
    {
      "file_path": "/media/NFS/ttao/scannet/posed_images/scene0635_00/00412.jpg",
      "transform_matrix": [
        [
          -0.546081,
          0.028788,
          0.837238,
          1.747182
        ],
        [
          -0.837133,
          -0.056543,
          -0.544069,
          1.724552
        ],
        [
          0.031677,
          -0.997985,
          0.054976,
          1.528172
        ],
        [
          0.0,
          0.0,
          0.0,
          1.0
        ]
      ]
    },
    {
      "file_path": "/media/NFS/ttao/scannet/posed_images/scene0635_00/00418.jpg",
      "transform_matrix": [
        [
          -0.575883,
          0.045178,
          0.816283,
          1.782606
        ],
        [
          -0.817409,
          -0.049177,
          -0.573955,
          1.694614
        ],
        [
          0.014212,
          -0.997768,
          0.065249,
          1.541883
        ],
        [
          0.0,
          0.0,
          0.0,
          1.0
        ]
      ]
    },
    {
      "file_path": "/media/NFS/ttao/scannet/posed_images/scene0635_00/00424.jpg",
      "transform_matrix": [
        [
          -0.60488,
          0.062579,
          0.793854,
          1.810786
        ],
        [
          -0.796103,
          -0.070657,
          -0.601023,
          1.670932
        ],
        [
          0.01848,
          -0.995536,
          0.092559,
          1.55958
        ],
        [
          0.0,
          0.0,
          0.0,
          1.0
        ]
      ]
    },
    {
      "file_path": "/media/NFS/ttao/scannet/posed_images/scene0635_00/00434.jpg",
      "transform_matrix": [
        [
          -0.668443,
          0.084507,
          0.738947,
          1.837989
        ],
        [
          -0.74199,
          -0.144328,
          -0.654691,
          1.673808
        ],
        [
          0.051324,
          -0.985915,
          0.159178,
          1.613915
        ],
        [
          0.0,
          0.0,
          0.0,
          1.0
        ]
      ]
    },
    {
      "file_path": "/media/NFS/ttao/scannet/posed_images/scene0635_00/00442.jpg",
      "transform_matrix": [
        [
          -0.741747,
          0.113231,
          0.661053,
          1.865526
        ],
        [
          -0.669193,
          -0.190555,
          -0.718241,
          1.710894
        ],
        [
          0.04464,
          -0.975124,
          0.217117,
          1.638937
        ],
        [
          0.0,
          0.0,
          0.0,
          1.0
        ]
      ]
    },
    {
      "file_path": "/media/NFS/ttao/scannet/posed_images/scene0635_00/00444.jpg",
      "transform_matrix": [
        [
          -0.755599,
          0.112215,
          0.645352,
          1.871331
        ],
        [
          -0.653658,
          -0.193015,
          -0.731763,
          1.720706
        ],
        [
          0.042448,
          -0.974758,
          0.219192,
          1.64382
        ],
        [
          0.0,
          0.0,
          0.0,
          1.0
        ]
      ]
    },
    {
      "file_path": "/media/NFS/ttao/scannet/posed_images/scene0635_00/00456.jpg",
      "transform_matrix": [
        [
          -0.860601,
          0.082733,
          0.502514,
          1.90003
        ],
        [
          -0.506297,
          -0.245613,
          -0.826643,
          1.765565
        ],
        [
          0.055033,
          -0.965831,
          0.253262,
          1.671369
        ],
        [
          0.0,
          0.0,
          0.0,
          1.0
        ]
      ]
    },
    {
      "file_path": "/media/NFS/ttao/scannet/posed_images/scene0635_00/00462.jpg",
      "transform_matrix": [
        [
          -0.877575,
          0.078176,
          0.473024,
          1.896723
        ],
        [
          -0.477453,
          -0.23224,
          -0.84741,
          1.775218
        ],
        [
          0.043608,
          -0.969512,
          0.241133,
          1.661267
        ],
        [
          0.0,
          0.0,
          0.0,
          1.0
        ]
      ]
    },
    {
      "file_path": "/media/NFS/ttao/scannet/posed_images/scene0635_00/00464.jpg",
      "transform_matrix": [
        [
          -0.878234,
          0.076504,
          0.472073,
          1.884151
        ],
        [
          -0.476549,
          -0.22276,
          -0.850459,
          1.771346
        ],
        [
          0.040095,
          -0.971867,
          0.232093,
          1.656826
        ],
        [
          0.0,
          0.0,
          0.0,
          1.0
        ]
      ]
    },
    {
      "file_path": "/media/NFS/ttao/scannet/posed_images/scene0635_00/00471.jpg",
      "transform_matrix": [
        [
          -0.894545,
          0.051077,
          0.44405,
          1.836111
        ],
        [
          -0.445248,
          -0.189146,
          -0.875202,
          1.751587
        ],
        [
          0.039287,
          -0.98062,
          0.191941,
          1.64294
        ],
        [
          0.0,
          0.0,
          0.0,
          1.0
        ]
      ]
    },
    {
      "file_path": "/media/NFS/ttao/scannet/posed_images/scene0635_00/00481.jpg",
      "transform_matrix": [
        [
          -0.908643,
          -0.006838,
          0.417517,
          1.788003
        ],
        [
          -0.414328,
          -0.109644,
          -0.903499,
          1.726204
        ],
        [
          0.051957,
          -0.993948,
          0.096794,
          1.57776
        ],
        [
          0.0,
          0.0,
          0.0,
          1.0
        ]
      ]
    },
    {
      "file_path": "/media/NFS/ttao/scannet/posed_images/scene0635_00/00483.jpg",
      "transform_matrix": [
        [
          -0.909381,
          -0.017023,
          0.415617,
          1.784064
        ],
        [
          -0.412787,
          -0.086345,
          -0.906726,
          1.722691
        ],
        [
          0.051322,
          -0.99612,
          0.071493,
          1.570483
        ],
        [
          0.0,
          0.0,
          0.0,
          1.0
        ]
      ]
    },
    {
      "file_path": "/media/NFS/ttao/scannet/posed_images/scene0635_00/00495.jpg",
      "transform_matrix": [
        [
          -0.876136,
          -0.056368,
          0.478757,
          1.755646
        ],
        [
          -0.480339,
          0.018147,
          -0.876895,
          1.712708
        ],
        [
          0.040741,
          -0.998245,
          -0.042975,
          1.484694
        ],
        [
          0.0,
          0.0,
          0.0,
          1.0
        ]
      ]
    },
    {
      "file_path": "/media/NFS/ttao/scannet/posed_images/scene0635_00/00497.jpg",
      "transform_matrix": [
        [
          -0.872234,
          -0.062729,
          0.485049,
          1.753429
        ],
        [
          -0.487489,
          0.031383,
          -0.872565,
          1.711961
        ],
        [
          0.039512,
          -0.997537,
          -0.057953,
          1.467566
        ],
        [
          0.0,
          0.0,
          0.0,
          1.0
        ]
      ]
    },
    {
      "file_path": "/media/NFS/ttao/scannet/posed_images/scene0635_00/00503.jpg",
      "transform_matrix": [
        [
          -0.852253,
          -0.099258,
          0.513626,
          1.741521
        ],
        [
          -0.521155,
          0.07588,
          -0.850082,
          1.706538
        ],
        [
          0.045404,
