{
  "frames": [
    {
      "file_path": "/media/NFS/ttao/scannet/posed_images/scene0376_02/00000.jpg",
      "transform_matrix": [
        [
          -0.110731,
          -0.525632,
          0.843475,
          1.734695
        ],
        [
          -0.99385,
          0.058931,
          -0.093748,
          2.632607
        ],
        [
          -0.00043,
          -0.848669,
          -0.528925,
          1.499918
        ],
        [
          0.0,
          0.0,
          0.0,
          1.0
        ]
      ]
    },
    {
      "file_path": "/media/NFS/ttao/scannet/posed_images/scene0376_02/00001.jpg",
      "transform_matrix": [
        [
          -0.115527,
          -0.523617,
          0.844085,
          1.735296
        ],
        [
          -0.993265,
          0.053366,
          -0.102841,
          2.636187
        ],
        [
          0.008804,
          -0.850281,
          -0.526256,
          1.503666
        ],
        [
          0.0,
          0.0,
          0.0,
          1.0
        ]
      ]
    },
    {
      "file_path": "/media/NFS/ttao/scannet/posed_images/scene0376_02/00003.jpg",
      "transform_matrix": [
        [
          -0.119336,
          -0.522381,
          0.84432,
          1.732106
        ],
        [
          -0.992729,
          0.049298,
          -0.109812,
          2.639051
        ],
        [
          0.01574,
          -0.851286,
          -0.524466,
          1.503613
        ],
        [
          0.0,
          0.0,
          0.0,
          1.0
        ]
      ]
    },
    {
      "file_path": "/media/NFS/ttao/scannet/posed_images/scene0376_02/00004.jpg",
      "transform_matrix": [
        [
          -0.120519,
          -0.521835,
          0.84449,
          1.731324
        ],
        [
          -0.992557,
          0.048332,
          -0.111784,
          2.639985
        ],
        [
          0.017517,
          -0.851676,
          -0.523775,
          1.503428
        ],
        [
          0.0,
          0.0,
          0.0,
          1.0
        ]
      ]
    },
    {
      "file_path": "/media/NFS/ttao/scannet/posed_images/scene0376_02/00006.jpg",
      "transform_matrix": [
        [
          -0.122142,
          -0.521045,
          0.844745,
          1.72861
        ],
        [
          -0.992287,
          0.045967,
          -0.115123,
          2.639196
        ],
        [
          0.021154,
          -0.852291,
          -0.52264,
          1.504269
        ],
        [
          0.0,
          0.0,
          0.0,
          1.0
        ]
      ]
    },
    {
      "file_path": "/media/NFS/ttao/scannet/posed_images/scene0376_02/00008.jpg",
      "transform_matrix": [
        [
          -0.126682,
          -0.519944,
          0.844754,
          1.725925
        ],
        [
          -0.991657,
          0.045909,
          -0.120455,
          2.638235
        ],
        [
          0.023848,
          -0.852966,
          -0.521422,
          1.504257
        ],
        [
          0.0,
          0.0,
          0.0,
          1.0
        ]
      ]
    },
    {
      "file_path": "/media/NFS/ttao/scannet/posed_images/scene0376_02/00010.jpg",
      "transform_matrix": [
        [
          -0.133652,
          -0.515803,
          0.846218,
          1.723552
        ],
        [
          -0.990752,
          0.049359,
          -0.126393,
          2.63358
        ],
        [
          0.023426,
          -0.855285,
          -0.517629,
          1.503155
        ],
        [
          0.0,
          0.0,
          0.0,
          1.0
        ]
      ]
    },
    {
      "file_path": "/media/NFS/ttao/scannet/posed_images/scene0376_02/00012.jpg",
      "transform_matrix": [
        [
          -0.145224,
          -0.513472,
          0.845729,
          1.724703
        ],
        [
          -0.989077,
          0.05354,
          -0.137333,
          2.632322
        ],
        [
          0.025237,
          -0.856435,
          -0.515638,
          1.508717
        ],
        [
          0.0,
          0.0,
          0.0,
          1.0
        ]
      ]
    },
    {
      "file_path": "/media/NFS/ttao/scannet/posed_images/scene0376_02/00013.jpg",
      "transform_matrix": [
        [
          -0.149597,
          -0.510517,
          0.846755,
          1.721994
        ],
        [
          -0.988369,
          0.053545,
          -0.142334,
          2.628553
        ],
        [
          0.027325,
          -0.858199,
          -0.512589,
          1.507314
        ],
        [
          0.0,
          0.0,
          0.0,
          1.0
        ]
      ]
    },
    {
      "file_path": "/media/NFS/ttao/scannet/posed_images/scene0376_02/00015.jpg",
      "transform_matrix": [
        [
          -0.16462,
          -0.508788,
          0.845006,
          1.722479
        ],
        [
          -0.985819,
          0.056582,
          -0.157983,
          2.624319
        ],
        [
          0.032568,
          -0.85903,
          -0.510888,
          1.512518
        ],
        [
          0.0,
          0.0,
          0.0,
          1.0
        ]
      ]
    },
    {
      "file_path": "/media/NFS/ttao/scannet/posed_images/scene0376_02/00016.jpg",
      "transform_matrix": [
        [
          -0.170846,
          -0.504485,
          0.846349,
          1.720862
        ],
        [
          -0.984686,
          0.057144,
          -0.164709,
          2.619624
        ],
        [
          0.03473,
          -0.861528,
          -0.506522,
          1.510536
        ],
        [
          0.0,
          0.0,
          0.0,
          1.0
        ]
      ]
    },
    {
      "file_path": "/media/NFS/ttao/scannet/posed_images/scene0376_02/00018.jpg",
      "transform_matrix": [
        [
          -0.187267,
          -0.497726,
          0.846876,
          1.718196
        ],
        [
          -0.981527,
          0.060413,
          -0.181536,
          2.617533
        ],
        [
          0.039193,
          -0.865228,
          -0.499845,
          1.511406
        ],
        [
          0.0,
          0.0,
          0.0,
          1.0
        ]
      ]
    },
    {
      "file_path": "/media/NFS/ttao/scannet/posed_images/scene0376_02/00019.jpg",
      "transform_matrix": [
        [
          -0.192437,
          -0.49635,
          0.846525,
          1.717954
        ],
        [
          -0.980478,
          0.061741,
          -0.186687,
          2.610364
        ],
        [
          0.040397,
          -0.865924,
          -0.498541,
          1.518302
        ],
        [
          0.0,
          0.0,
          0.0,
          1.0
        ]
      ]
    },
    {
      "file_path": "/media/NFS/ttao/scannet/posed_images/scene0376_02/00022.jpg",
      "transform_matrix": [
        [
          -0.213634,
          -0.49126,
          0.844407,
          1.71954
        ],
        [
          -0.975823,
          0.066479,
          -0.208206,
          2.594006
        ],
        [
          0.046148,
          -0.868472,
          -0.493585,
          1.53396
        ],
        [
          0.0,
          0.0,
          0.0,
          1.0
        ]
      ]
    },
    {
      "file_path": "/media/NFS/ttao/scannet/posed_images/scene0376_02/00023.jpg",
      "transform_matrix": [
        [
          -0.220554,
          -0.482195,
          0.847847,
          1.714747
        ],
        [
          -0.974261,
          0.06739,
          -0.215113,
          2.586848
        ],
        [
          0.04659,
          -0.873468,
          -0.484647,
          1.529735
        ],
        [
          0.0,
          0.0,
          0.0,
          1.0
        ]
      ]
    },
    {
      "file_path": "/media/NFS/ttao/scannet/posed_images/scene0376_02/00024.jpg",
      "transform_matrix": [
        [
          -0.230273,
          -0.479123,
          0.847004,
          1.715109
        ],
        [
          -0.971938,
          0.07025,
          -0.224501,
          2.586328
        ],
        [
          0.048061,
          -0.874932,
          -0.481855,
          1.535486
        ],
        [
          0.0,
          0.0,
          0.0,
          1.0
        ]
      ]
    },
    {
      "file_path": "/media/NFS/ttao/scannet/posed_images/scene0376_02/00027.jpg",
      "transform_matrix": [
        [
          -0.254519,
          -0.461845,
          0.849658,
          1.708766
        ],
        [
          -0.965955,
          0.079273,
          -0.246267,
          2.573292
        ],
        [
          0.046382,
          -0.883411,
          -0.466298,
          1.542696
        ],
        [
          0.0,
          0.0,
          0.0,
          1.0
        ]
      ]
    },
    {
      "file_path": "/media/NFS/ttao/scannet/posed_images/scene0376_02/00028.jpg",
      "transform_matrix": [
        [
          -0.262494,
          -0.457906,
          0.849364,
          1.707087
        ],
        [
          -0.963826,
          0.082257,
          -0.253522,
          2.568698
        ],
        [
          0.046223,
          -0.885187,
          -0.462934,
          1.544577
        ],
        [
          0.0,
          0.0,
          0.0,
          1.0
        ]
      ]
    },
    {
      "file_path": "/media/NFS/ttao/scannet/posed_images/scene0376_02/00030.jpg",
      "transform_matrix": [
        [
          -0.274141,
          -0.446888,
          0.85155,
          1.700169
        ],
        [
          -0.960771,
          0.088575,
          -0.262819,
          2.559574
        ],
        [
          0.042025,
          -0.890194,
          -0.453639,
          1.539374
        ],
        [
          0.0,
          0.0,
          0.0,
          1.0
        ]
      ]
    },
    {
      "file_path": "/media/NFS/ttao/scannet/posed_images/scene0376_02/00031.jpg",
      "transform_matrix": [
        [
          -0.280218,
          -0.4425,
          0.851864,
          1.696346
        ],
        [
          -0.959055,
          0.091033,
          -0.268191,
          2.554675
        ],
        [
          0.041127,
          -0.892136,
          -0.449891,
          1.537023
        ],
        [
          0.0,
          0.0,
          0.0,
          1.0
        ]
      ]
    },
    {
      "file_path": "/media/NFS/ttao/scannet/posed_images/scene0376_02/00033.jpg",
      "transform_matrix": [
        [
          -0.29492,
          -0.44527,
          0.845433,
          1.691033
        ],
        [
          -0.954532,
          0.097023,
          -0.281878,
          2.542716
        ],
        [
          0.043486,
          -0.890125,
          -0.453638,
          1.534364
        ],
        [
          0.0,
          0.0,
          0.0,
          1.0
        ]
      ]
    },
    {
      "file_path": "/media/NFS/ttao/scannet/posed_images/scene0376_02/00035.jpg",
      "transform_matrix": [
        [
          -0.313714,
          -0.44865,
          0.836837,
          1.690051
        ],
        [
          -0.948445,
          0.106177,
          -0.298629,
          2.535872
        ],
        [
          0.045127,
          -0.887378,
          -0.458829,
          1.535201
        ],
        [
          0.0,
          0.0,
          0.0,
          1.0
        ]
      ]
    },
    {
      "file_path": "/media/NFS/ttao/scannet/posed_images/scene0376_02/00037.jpg",
      "transform_matrix": [
        [
          -0.330857,
          -0.44921,
          0.829906,
          1.686299
        ],
        [
          -0.942705,
          0.117342,
          -0.312312,
          2.526404
        ],
        [
          0.042911,
          -0.885687,
          -0.462296,
          1.534322
        ],
        [
          0.0,
          0.0,
          0.0,
          1.0
        ]
      ]
    },
    {
      "file_path": "/media/NFS/ttao/scannet/posed_images/scene0376_02/00038.jpg",
      "transform_matrix": [
        [
          -0.341056,
          -0.451543,
          0.824494,
          1.685425
        ],
        [
          -0.938992,
          0.122179,
          -0.321505,
          2.525759
        ],
        [
          0.044437,
          -0.883845,
          -0.465665,
          1.5345
        ],
        [
          0.0,
          0.0,
          0.0,
          1.0
        ]
      ]
    },
    {
      "file_path": "/media/NFS/ttao/scannet/posed_images/scene0376_02/00039.jpg",
      "transform_matrix": [
        [
          -0.346962,
          -0.454316,
          0.820496,
          1.683342
        ],
        [
          -0.936727,
          0.124521,
          -0.327165,
          2.517068
        ],
        [
          0.046467,
          -0.882095,
          -0.468774,
          1.53437
        ],
        [
          0.0,
          0.0,
          0.0,
          1.0
        ]
      ]
    },
    {
      "file_path": "/media/NFS/ttao/scannet/posed_images/scene0376_02/00042.jpg",
      "transform_matrix": [
        [
          -0.373204,
          -0.453701,
          0.809243,
          1.676713
        ],
        [
          -0.926524,
          0.137457,
          -0.350226,
          2.499145
        ],
        [
          0.047662,
          -0.880489,
          -0.471664,
          1.52799
        ],
        [
          0.0,
          0.0,
          0.0,
          1.0
        ]
      ]
    },
    {
      "file_path": "/media/NFS/ttao/scannet/posed_images/scene0376_02/00043.jpg",
      "transform_matrix": [
        [
          -0.382972,
          -0.452129,
          0.80555,
          1.675948
        ],
        [
          -0.922649,
          0.144459,
          -0.357562,
          2.492736
        ],
        [
          0.045295,
          -0.880177,
          -0.47248,
          1.532598
        ],
        [
          0.0,
          0.0,
          0.0,
          1.0
        ]
      ]
    },
    {
      "file_path": "/media/NFS/ttao/scannet/posed_images/scene0376_02/00045.jpg",
      "transform_matrix": [
        [
          -0.408901,
          -0.443871,
          0.797357,
          1.673126
        ],
        [
          -0.911523,
          0.156655,
          -0.380242,
          2.483096
        ],
        [
          0.043868,
          -0.882291,
          -0.468655,
          1.537965
        ],
        [
          0.0,
          0.0,
          0.0,
          1.0
        ]
      ]
    },
    {
      "file_path": "/media/NFS/ttao/scannet/posed_images/scene0376_02/00047.jpg",
      "transform_matrix": [
        [
          -0.435673,
          -0.43828,
          0.786193,
          1.669454
        ],
        [
          -0.898969,
          0.167992,
          -0.404518,
          2.470002
        ],
        [
          0.045218,
          -0.883,
          -0.467189,
          1.53948
        ],
        [
          0.0,
          0.0,
          0.0,
          1.0
        ]
      ]
    },
    {
      "file_path": "/media/NFS/ttao/scannet/posed_images/scene0376_02/00048.jpg",
      "transform_matrix": [
        [
          -0.450996,
          -0.434891,
          0.779405,
          1.66727
        ],
        [
          -0.891282,
          0.173358,
          -0.419003,
          2.468881
        ],
        [
          0.047105,
          -0.883639,
          -0.465794,
          1.541442
        ],
        [
          0.0,
          0.0,
          0.0,
          1.0
        ]
      ]
    },
    {
      "file_path": "/media/NFS/ttao/scannet/posed_images/scene0376_02/00049.jpg",
      "transform_matrix": [
        [
          -0.463425,
          -0.430559,
          0.774504,
          1.66491
        ],
        [
          -0.88493,
          0.179276,
          -0.429836,
          2.461367
        ],
        [
          0.04622,
          -0.884578,
          -0.464096,
          1.541875
        ],
        [
          0.0,
          0.0,
          0.0,
          1.0
        ]
      ]
    },
    {
      "file_path": "/media/NFS/ttao/scannet/posed_images/scene0376_02/00052.jpg",
      "transform_matrix": [
        [
          -0.500823,
          -0.417214,
          0.758359,
          1.659493
        ],
        [
          -0.864385,
          0.195651,
          -0.463205,
          2.448168
        ],
        [
          0.044882,
          -0.887498,
          -0.45862,
          1.553488
        ],
        [
          0.0,
          0.0,
          0.0,
          1.0
        ]
      ]
    },
    {
      "file_path": "/media/NFS/ttao/scannet/posed_images/scene0376_02/00053.jpg",
      "transform_matrix": [
        [
          -0.512599,
          -0.41055,
          0.754116,
          1.655096
        ],
        [
          -0.857565,
          0.2011,
          -0.473436,
          2.439904
        ],
        [
          0.042716,
          -0.889386,
          -0.455156,
          1.553779
        ],
        [
          0.0,
          0.0,
          0.0,
          1.0
        ]
      ]
    },
    {
      "file_path": "/media/NFS/ttao/scannet/posed_images/scene0376_02/00054.jpg",
      "transform_matrix": [
        [
          -0.525195,
          -0.40319,
          0.749405,
          1.65134
        ],
        [
          -0.850007,
          0.206427,
          -0.484639,
          2.434914
        ],
        [
          0.040705,
          -0.89153,
          -0.451129,
          1.554673
        ],
        [
          0.0,
          0.0,
          0.0,
          1.0
        ]
      ]
    },
    {
      "file_path": "/media/NFS/ttao/scannet/posed_images/scene0376_02/00056.jpg",
      "transform_matrix": [
        [
          -0.545063,
          -0.390274,
          0.742019,
          1.643925
        ],
        [
          -0.837589,
          0.214681,
          -0.502352,
          2.422854
        ],
        [
          0.036758,
          -0.89532,
          -0.443904,
          1.557586
        ],
        [
          0.0,
          0.0,
          0.0,
          1.0
        ]
      ]
    },
    {
      "file_path": "/media/NFS/ttao/scannet/posed_images/scene0376_02/00057.jpg",
      "transform_matrix": [
        [
          -0.554129,
          -0.388514,
          0.736205,
          1.639259
        ],
        [
          -0.831613,
          0.219183,
          -0.510273,
          2.415699
        ],
        [
          0.036885,
          -0.894995,
          -0.444549,
          1.560123
        ],
        [
          0.0,
          0.0,
          0.0,
          1.0
        ]
      ]
    },
    {
      "file_path": "/media/NFS/ttao/scannet/posed_images/scene0376_02/00060.jpg",
      "transform_matrix": [
        [
          -0.588006,
          -0.382342,
          0.712786,
          1.634375
        ],
        [
          -0.808014,
          0.237439,
          -0.5392,
          2.401633
        ],
        [
          0.036915,
          -0.892994,
          -0.448553,
          1.558945
        ],
        [
          0.0,
          0.0,
          0.0,
          1.0
        ]
      ]
    },
    {
      "file_path": "/media/NFS/ttao/scannet/posed_images/scene0376_02/00061.jpg",
      "transform_matrix": [
        [
          -0.599109,
          -0.375913,
          0.706936,
          1.629006
        ],
        [
          -0.799843,
          0.240931,
          -0.549731,
          2.400172
        ],
        [
          0.036328,
          -0.894786,
          -0.445015,
          1.550082
        ],
        [
          0.0,
          0.0,
          0.0,
          1.0
        ]
      ]
    },
    {
      "file_path": "/media/NFS/ttao/scannet/posed_images/scene0376_02/00063.jpg",
      "transform_matrix": [
        [
          -0.617996,
          -0.371646,
          0.692792,
          1.62009
        ],
        [
          -0.785445,
          0.253715,
          -0.56454,
          2.387969
        ],
        [
          0.034038,
          -0.893033,
          -0.448702,
          1.550373
        ],
        [
          0.0,
          0.0,
          0.0,
          1.0
        ]
      ]
    },
    {
      "file_path": "/media/NFS/ttao/scannet/posed_images/scene0376_02/00064.jpg",
      "transform_matrix": [
        [
          -0.627878,
          -0.370972,
          0.684214,
          1.618466
        ],
        [
          -0.77761,
          0.261669,
          -0.57171,
          2.382645
        ],
        [
          0.033051,
          -0.891016,
          -0.452768,
          1.552611
        ],
        [
          0.0,
          0.0,
          0.0,
          1.0
        ]
      ]
    },
    {
      "file_path": "/media/NFS/ttao/scannet/posed_images/scene0376_02/00066.jpg",
      "transform_matrix": [
        [
          -0.64709,
          -0.362874,
          0.67052,
          1.608563
        ],
        [
          -0.761881,
          0.274911,
          -0.586483,
          2.371395
        ],
        [
          0.028486,
          -0.890363,
          -0.454359,
          1.547407
        ],
        [
          0.0,
          0.0,
          0.0,
          1.0
        ]
      ]
    },
    {
      "file_path": "/media/NFS/ttao/scannet/posed_images/scene0376_02/00067.jpg",
      "transform_matrix": [
        [
          -0.659986,
          -0.360486,
          0.659142,
          1.613126
        ],
        [
          -0.750813,
          0.285626,
          -0.595566,
          2.367382
        ],
        [
          0.026425,
          -0.887957,
          -0.459166,
          1.551373
        ],
        [
          0.0,
          0.0,
          0.0,
          1.0
        ]
      ]
    },
    {
      "file_path": "/media/NFS/ttao/scannet/posed_images/scene0376_02/00069.jpg",
      "transform_matrix": [
        [
          -0.681644,
          -0.353587,
          0.640576,
          1.606511
        ],
        [
          -0.731359,
          0.303152,
          -0.610912,
          2.356095
        ],
        [
          0.021819,
          -0.884916,
          -0.46524,
          1.549186
        ],
        [
          0.0,
          0.0,
          0.0,
          1.0
        ]
      ]
    },
    {
      "file_path": "/media/NFS/ttao/scannet/posed_images/scene0376_02/00071.jpg",
      "transform_matrix": [
        [
          -0.716244,
          -0.33936,
          0.609778,
          1.602523
        ],
        [
          -0.697655,
          0.327534,
          -0.637181,
          2.34976
        ],
        [
          0.01651,
          -0.881791,
          -0.471351,
          1.543622
        ],
        [
          0.0,
          0.0,
          0.0,
          1.0
        ]
      ]
    },
    {
      "file_path": "/media/NFS/ttao/scannet/posed_images/scene0376_02/00072.jpg",
      "transform_matrix": [
        [
          -0.729589,
          -0.335882,
          0.59572,
          1.605526
        ],
        [
          -0.683658,
          0.335759,
          -0.647979,
          2.349982
        ],
        [
          0.017627,
          -0.880028,
          -0.474595,
          1.545216
        ],
        [
          0.0,
          0.0,
          0.0,
          1.0
        ]
      ]
    },
    {
      "file_path": "/media/NFS/ttao/scannet/posed_images/scene0376_02/00074.jpg",
      "transform_matrix": [
        [
          -0.749649,
          -0.326212,
          0.575857,
          1.596497
        ],
        [
          -0.661628,
          0.347601,
          -0.664396,
          2.340335
        ],
        [
          0.016565,
          -0.879067,
          -0.47641,
          1.54209
        ],
        [
          0.0,
          0.0,
          0.0,
          1.0
        ]
      ]
    },
    {
      "file_path": "/media/NFS/ttao/scannet/posed_images/scene0376_02/00076.jpg",
      "transform_matrix": [
        [
          -0.775193,
          -0.31485,
          0.547673,
          1.60254
        ],
        [
          -0.631576,
          0.367457,
          -0.682706,
          2.335005
        ],
        [
          0.013704,
          -0.875126,
          -0.483701,
          1.547355
        ],
        [
          0.0,
          0.0,
          0.0,
          1.0
        ]
      ]
    },
    {
      "file_path": "/media/NFS/ttao/scannet/posed_images/scene0376_02/00078.jpg",
      "transform_matrix": [
        [
          -0.794911,
          -0.299668,
          0.527556,
          1.60086
        ],
        [
          -0.606678,
          0.381661,
          -0.697335,
          2.331696
        ],
        [
          0.007622,
          -0.874376,
          -0.485189,
          1.546086
        ],
        [
          0.0,
          0.0,
          0.0,
          1.0
        ]
      ]
    },
    {
      "file_path": "/media/NFS/ttao/scannet/posed_images/scene0376_02/00079.jpg",
      "transform_matrix": [
        [
          -0.803738,
          -0.294569,
          0.516947,
          1.598247
        ],
        [
          -0.594933,
          0.386503,
          -0.704748,
          2.329118
        ],
        [
          0.007795,
          -0.873982,
          -0.485896,
          1.545358
        ],
        [
          0.0,
          0.0,
          0.0,
          1.0
        ]
      ]
    },
    {
      "file_path": "/media/NFS/ttao/scannet/posed_images/scene0376_02/00081.jpg",
      "transform_matrix": [
        [
          -0.827616,
          -0.289559,
          0.480841,
          1.621202
        ],
        [
          -0.56114,
          0.40669,
          -0.72092,
          2.326987
        ],
        [
          0.013196,
          -0.866464,
          -0.499066,
          1.568482
        ],
        [
          0.0,
          0.0,
          0.0,
          1.0
        ]
      ]
    },
    {
      "file_path": "/media/NFS/ttao/scannet/posed_images/scene0376_02/00082.jpg",
      "transform_matrix": [
        [
          -0.836663,
          -0.287294,
          0.466323,
          1.619129
        ],
        [
          -0.547449,
          0.411957,
          -0.728416,
          2.321394
        ],
        [
          0.017164,
          -0.864728,
          -0.501948,
          1.575888
        ],
        [
          0.0,
          0.0,
          0.0,
          1.0
        ]
      ]
    },
    {
      "file_path": "/media/NFS/ttao/scannet/posed_images/scene0376_02/00084.jpg",
      "transform_matrix": [
        [
          -0.860506,
          -0.270697,
          0.43157,
          1.632706
        ],
        [
          -0.508911,
          0.418151,
          -0.752435,
          2.329501
        ],
        [
          0.02322,
          -0.867106,
          -0.497583,
          1.578943
        ],
        [
          0.0,
          0.0,
          0.0,
          1.0
        ]
      ]
    },
    {
      "file_path": "/media/NFS/ttao/scannet/posed_images/scene0376_02/00086.jpg",
      "transform_matrix": [
        [
          -0.879494,
          -0.256129,
          0.401109,
          1.63142
        ],
        [
          -0.475274,
          0.429159,
          -0.768073,
          2.325741
        ],
        [
          0.024587,
          -0.866153,
          -0.499174,
          1.589855
        ],
        [
          0.0,
          0.0,
          0.0,
          1.0
        ]
      ]
    },
    {
      "file_path": "/media/NFS/ttao/scannet/posed_images/scene0376_02/00087.jpg",
      "transform_matrix": [
        [
          -0.88833,
          -0.244191,
          0.388896,
          1.627894
        ],
        [
          -0.458663,
          0.430682,
          -0.777265,
          2.328088
        ],
        [
          0.02231,
          -0.86884,
          -0.49459,
          1.590146
        ],
        [
          0.0,
          0.0,
          0.0,
          1.0
        ]
      ]
    },
    {
      "file_path": "/media/NFS/ttao/scannet/posed_images/scene0376_02/00090.jpg",
      "transform_matrix": [
        [
          -0.912316,
          -0.206687,
          0.353497,
          1.659023
        ],
        [
          -0.409387,
          0.441293,
          -0.798538,
          2.350498
        ],
        [
          0.009052,
          -0.873236,
          -0.487214,
          1.590546
        ],
        [
          0.0,
          0.0,
          0.0,
          1.0
        ]
      ]
    },
    {
      "file_path": "/media/NFS/ttao/scannet/posed_images/scene0376_02/00091.jpg",
      "transform_matrix": [
        [
          -0.917974,
          -0.195509,
          0.345109,
          1.672952
        ],
        [
          -0.396632,
          0.446498,
          -0.802074,
          2.36188
        ],
        [
          0.002723,
          -0.873165,
          -0.487418,
          1.589495
        ],
        [
          0.0,
          0.0,
          0.0,
          1.0
        ]
      ]
    },
    {
      "file_path": "/media/NFS/ttao/scannet/posed_images/scene0376_02/00093.jpg",
      "transform_matrix": [
        [
          -0.924802,
          -0.176336,
          0.337115,
          1.697729
        ],
        [
          -0.380254,
          0.456682,
          -0.804269,
          2.380055
        ],
        [
          -0.012133,
          -0.871979,
          -0.489393,
          1.59626
        ],
        [
          0.0,
          0.0,
          0.0,
          1.0
        ]
      ]
    },
    {
      "file_path": "/media/NFS/ttao/scannet/posed_images/scene0376_02/00094.jpg",
      "transform_matrix": [
        [
          -0.928463,
          -0.16854,
          0.330986,
          1.71414
        ],
        [
          -0.371033,
          0.461864,
          -0.805615,
          2.392086
        ],
        [
          -0.017092,
          -0.87079,
          -0.491358,
          1.599878
        ],
        [
          0.0,
          0.0,
          0.0,
          1.0
        ]
      ]
    },
    {
      "file_path": "/media/NFS/ttao/scannet/posed_images/scene0376_02/00096.jpg",
      "transform_matrix": [
        [
          -0.933157,
          -0.152258,
          0.325632,
          1.745323
        ],
        [
          -0.358024,
          0.474836,
          -0.803959,
          2.419077
        ],
        [
          -0.032213,
          -0.866804,
          -0.497608,
          1.596595
        ],
        [
          0.0,
          0.0,
          0.0,
          1.0
        ]
      ]
    },
    {
      "file_path": "/media/NFS/ttao/scannet/posed_images/scene0376_02/00098.jpg",
      "transform_matrix": [
        [
          -0.931877,
          -0.141013,
          0.334245,
          1.779761
        ],
        [
          -0.359594,
          0.480775,
          -0.799718,
          2.45477
        ],
        [
          -0.047926,
          -0.865431,
          -0.49873,
          1.583743
        ],
        [
          0.0,
          0.0,
          0.0,
          1.0
        ]
      ]
    },
    {
      "file_path": "/media/NFS/ttao/scannet/posed_images/scene0376_02/00100.jpg",
      "transform_matrix": [
        [
          -0.928553,
          -0.145981,
          0.341291,
          1.810689
        ],
        [
          -0.366817,
          0.501744,
          -0.783389,
          2.475688
        ],
        [
          -0.05688,
          -0.852609,
          -0.519444,
          1.589063
        ],
        [
          0.0,
          0.0,
          0.0,
          1.0
        ]
      ]
    },
    {
      "file_path": "/media/NFS/ttao/scannet/posed_images/scene0376_02/00101.jpg",
      "transform_matrix": [
        [
          -0.9283,
          -0.147815,
          0.341188,
          1.830575
        ],
        [
          -0.367126,
          0.509868,
          -0.77798,
          2.489343
        ],
        [
          -0.058964,
          -0.847458,
          -0.527578,
          1.590577
        ],
        [
          0.0,
          0.0,
          0.0,
          1.0
        ]
      ]
    },
    {
      "file_path": "/media/NFS/ttao/scannet/posed_images/scene0376_02/00103.jpg",
      "transform_matrix": [
        [
          -0.926274,
          -0.152978,
          0.344404,
          1.868713
        ],
        [
          -0.372496,
          0.510196,
          -0.775208,
          2.518768
        ],
        [
          -0.057124,
          -0.846344,
          -0.529565,
          1.580358
        ],
        [
          0.0,
          0.0,
          0.0,
          1.0
        ]
      ]
    },
    {
      "file_path": "/media/NFS/ttao/scannet/posed_images/scene0376_02/00104.jpg",
      "transform_matrix": [
        [
          -0.92411,
          -0.160204,
          0.346923,
          1.886888
        ],
        [
          -0.378484,
          0.50879,
          -0.773228,
          2.534028
        ],
        [
          -0.052637,
          -0.845853,
          -0.530813,
          1.576186
        ],
        [
          0.0,
          0.0,
          0.0,
          1.0
        ]
      ]
    },
    {
      "file_path": "/media/NFS/ttao/scannet/posed_images/scene0376_02/00106.jpg",
      "transform_matrix": [
        [
          -0.918676,
          -0.180729,
          0.351242,
          1.918103
        ],
        [
          -0.392631,
          0.515244,
          -0.761817,
          2.553474
        ],
        [
          -0.043293,
          -0.837772,
          -0.544302,
          1.574591
        ],
        [
          0.0,
          0.0,
          0.0,
          1.0
        ]
      ]
    },
    {
      "file_path": "/media/NFS/ttao/scannet/posed_images/scene0376_02/00108.jpg",
      "transform_matrix": [
        [
          -0.912788,
          -0.206221,
          0.352549,
          1.957582
        ],
        [
          -0.407712,
          0.511323,
          -0.756518,
          2.571695
        ],
        [
          -0.024256,
          -0.834279,
          -0.550808,
          1.575211
        ],
        [
          0.0,
          0.0,
          0.0,
          1.0
        ]
      ]
    },
    {
      "file_path": "/media/NFS/ttao/scannet/posed_images/scene0376_02/00109.jpg",
      "transform_matrix": [
        [
          -0.909702,
          -0.217617,
          0.353673,
          1.975539
        ],
        [
          -0.41498,
          0.507721,
          -0.75499,
          2.577455
        ],
        [
          -0.015268,
          -0.833584,
          -0.552182,
          1.578636
        ],
        [
          0.0,
          0.0,
          0.0,
          1.0
        ]
      ]
    },
    {
      "file_path": "/media/NFS/ttao/scannet/posed_images/scene0376_02/00110.jpg",
      "transform_matrix": [
        [
          -0.907797,
          -0.228355,
          0.351792,
          1.998299
        ],
        [
          -0.419407,
          0.496967,
          -0.759685,
          2.593604
        ],
        [
          -0.001351,
          -0.837184,
          -0.546919,
          1.569506
        ],
        [
          0.0,
          0.0,
          0.0,
          1.0
        ]
      ]
    },
    {
      "file_path": "/media/NFS/ttao/scannet/posed_images/scene0376_02/00113.jpg",
      "transform_matrix": [
        [
          -0.903288,
          -0.255762,
          0.344465,
          2.057578
        ],
        [
          -0.428272,
          0.489686,
          -0.759467,
          2.614263
        ],
        [
          0.025563,
          -0.833543,
          -0.551864,
          1.5713
        ],
        [
          0.0,
          0.0,
          0.0,
          1.0
        ]
      ]
    },
    {
      "file_path": "/media/NFS/ttao/scannet/posed_images/scene0376_02/00114.jpg",
      "transform_matrix": [
        [
          -0.900753,
          -0.262925,
          0.345707,
          2.073076
        ],
        [
          -0.433204,
          0.486583,
          -0.758664,
          2.616958
        ],
        [
          0.031256,
          -0.833131,
          -0.552191,
          1.572092
        ],
        [
          0.0,
          0.0,
          0.0,
          1.0
        ]
      ]
    },
    {
      "file_path": "/media/NFS/ttao/scannet/posed_images/scene0376_02/00115.jpg",
      "transform_matrix": [
        [
          -0.899975,
          -0.269716,
          0.342489,
          2.094479
        ],
        [
          -0.434242,
          0.485328,
          -0.758874,
          2.621604
        ],
        [
          0.038461,
          -0.831691,
          -0.553905,
          1.575969
        ],
        [
          0.0,
          0.0,
          0.0,
          1.0
        ]
      ]
    },
    {
      "file_path": "/media/NFS/ttao/scannet/posed_images/scene0376_02/00118.jpg",
      "transform_matrix": [
        [
          -0.900436,
          -0.264509,
          0.345324,
          2.154047
        ],
        [
          -0.433418,
          0.478193,
          -0.763859,
          2.626068
        ],
        [
          0.036916,
          -0.837477,
          -0.545225,
          1.577123
        ],
        [
          0.0,
          0.0,
          0.0,
          1.0
        ]
      ]
    },
    {
      "file_path": "/media/NFS/ttao/scannet/posed_images/scene0376_02/00119.jpg",
      "transform_matrix": [
        [
          -0.899525,
          -0.25648,
          0.353655,
          2.171837
        ],
        [
          -0.436054,
          0.477711,
          -0.762659,
          2.62453
        ],
        [
          0.026662,
          -0.840244,
          -0.541553,
          1.577164
        ],
        [
          0.0,
          0.0,
          0.0,
          1.0
        ]
      ]
    },
    {
      "file_path": "/media/NFS/ttao/scannet/posed_images/scene0376_02/00121.jpg",
      "transform_matrix": [
        [
          -0.899159,
          -0.244559,
          0.36291,
          2.214334
        ],
        [
          -0.437489,
          0.481876,
          -0.759209,
          2.617839
        ],
        [
          0.010794,
          -0.841419,
          -0.540275,
          1.586458
        ],
        [
          0.0,
          0.0,
          0.0,
          1.0
        ]
      ]
    },
    {
      "file_path": "/media/NFS/ttao/scannet/posed_images/scene0376_02/00122.jpg",
      "transform_matrix": [
        [
          -0.899431,
          -0.235744,
          0.368033,
          2.235104
        ],
        [
          -0.437062,
          0.484823,
          -0.757577,
          2.615892
        ],
        [
          0.000164,
          -0.842242,
          -0.5391,
          1.586563
        ],
        [
          0.0,
          0.0,
          0.0,
          1.0
        ]
      ]
    },
    {
      "file_path": "/media/NFS/ttao/scannet/posed_images/scene0376_02/00124.jpg",
      "transform_matrix": [
        [
          -0.898445,
          -0.224425,
          0.3774,
          2.279139
        ],
        [
          -0.438887,
          0.48494,
          -0.756447,
          2.613219
        ],
        [
          -0.013251,
          -0.845261,
          -0.534189,
          1.593541
        ],
        [
          0.0,
          0.0,
          0.0,
          1.0
        ]
      ]
    },
    {
      "file_path": "/media/NFS/ttao/scannet/posed_images/scene0376_02/00126.jpg",
      "transform_matrix": [
        [
          -0.899631,
          -0.21705,
          0.378884,
          2.314817
        ],
        [
          -0.436315,
          0.480887,
          -0.760511,
          2.612966
        ],
        [
          -0.017132,
          -0.849492,
          -0.527323,
          1.594575
        ],
        [
          0.0,
          0.0,
          0.0,
          1.0
        ]
      ]
    },
    {
      "file_path": "/media/NFS/ttao/scannet/posed_images/scene0376_02/00127.jpg",
      "transform_matrix": [
        [
          -0.902493,
          -0.216164,
          0.372532,
          2.335186
        ],
        [
          -0.430409,
          0.484699,
          -0.761456,
          2.609618
        ],
        [
