{
  "frames": [
    {
      "file_path": "/media/NFS/ttao/scannet/posed_images/scene0610_02/00003.jpg",
      "transform_matrix": [
        [
          -0.176796,
          0.768069,
          -0.615478,
          2.029686
        ],
        [
          0.984058,
          0.125658,
          -0.125859,
          2.414342
        ],
        [
          -0.019329,
          -0.627917,
          -0.77804,
          1.333064
        ],
        [
          0.0,
          0.0,
          0.0,
          1.0
        ]
      ]
    },
    {
      "file_path": "/media/NFS/ttao/scannet/posed_images/scene0610_02/00012.jpg",
      "transform_matrix": [
        [
          -0.177653,
          0.769184,
          -0.613837,
          2.029942
        ],
        [
          0.983953,
          0.128294,
          -0.124008,
          2.409589
        ],
        [
          -0.016634,
          -0.626017,
          -0.779632,
          1.331308
        ],
        [
          0.0,
          0.0,
          0.0,
          1.0
        ]
      ]
    },
    {
      "file_path": "/media/NFS/ttao/scannet/posed_images/scene0610_02/00021.jpg",
      "transform_matrix": [
        [
          -0.242226,
          0.767551,
          -0.593458,
          2.025741
        ],
        [
          0.968167,
          0.151447,
          -0.199293,
          2.40786
        ],
        [
          -0.06309,
          -0.62284,
          -0.779801,
          1.334715
        ],
        [
          0.0,
          0.0,
          0.0,
          1.0
        ]
      ]
    },
    {
      "file_path": "/media/NFS/ttao/scannet/posed_images/scene0610_02/00027.jpg",
      "transform_matrix": [
        [
          -0.278635,
          0.765661,
          -0.579764,
          2.022745
        ],
        [
          0.956891,
          0.169792,
          -0.235649,
          2.404218
        ],
        [
          -0.081988,
          -0.620431,
          -0.779964,
          1.336053
        ],
        [
          0.0,
          0.0,
          0.0,
          1.0
        ]
      ]
    },
    {
      "file_path": "/media/NFS/ttao/scannet/posed_images/scene0610_02/00046.jpg",
      "transform_matrix": [
        [
          -0.37886,
          0.693419,
          -0.61289,
          2.02771
        ],
        [
          0.917375,
          0.194076,
          -0.347503,
          2.398929
        ],
        [
          -0.122018,
          -0.693905,
          -0.709653,
          1.365558
        ],
        [
          0.0,
          0.0,
          0.0,
          1.0
        ]
      ]
    },
    {
      "file_path": "/media/NFS/ttao/scannet/posed_images/scene0610_02/00049.jpg",
      "transform_matrix": [
        [
          -0.389361,
          0.682711,
          -0.618307,
          2.027735
        ],
        [
          0.913005,
          0.19734,
          -0.357043,
          2.397152
        ],
        [
          -0.12174,
          -0.703535,
          -0.700155,
          1.370035
        ],
        [
          0.0,
          0.0,
          0.0,
          1.0
        ]
      ]
    },
    {
      "file_path": "/media/NFS/ttao/scannet/posed_images/scene0610_02/00067.jpg",
      "transform_matrix": [
        [
          -0.460015,
          0.600407,
          -0.654139,
          2.010632
        ],
        [
          0.879796,
          0.208842,
          -0.427019,
          2.408972
        ],
        [
          -0.119774,
          -0.771943,
          -0.624306,
          1.394971
        ],
        [
          0.0,
          0.0,
          0.0,
          1.0
        ]
      ]
    },
    {
      "file_path": "/media/NFS/ttao/scannet/posed_images/scene0610_02/00070.jpg",
      "transform_matrix": [
        [
          -0.475402,
          0.587094,
          -0.65522,
          2.005716
        ],
        [
          0.872342,
          0.218006,
          -0.437599,
          2.411773
        ],
        [
          -0.11407,
          -0.779612,
          -0.615787,
          1.398443
        ],
        [
          0.0,
          0.0,
          0.0,
          1.0
        ]
      ]
    },
    {
      "file_path": "/media/NFS/ttao/scannet/posed_images/scene0610_02/00079.jpg",
      "transform_matrix": [
        [
          -0.529937,
          0.540039,
          -0.653854,
          1.973871
        ],
        [
          0.841023,
          0.235716,
          -0.486948,
          2.429774
        ],
        [
          -0.108847,
          -0.807958,
          -0.5791,
          1.410205
        ],
        [
          0.0,
          0.0,
          0.0,
          1.0
        ]
      ]
    },
    {
      "file_path": "/media/NFS/ttao/scannet/posed_images/scene0610_02/00088.jpg",
      "transform_matrix": [
        [
          -0.560676,
          0.509793,
          -0.652498,
          1.907596
        ],
        [
          0.821604,
          0.244488,
          -0.514968,
          2.424791
        ],
        [
          -0.102999,
          -0.824825,
          -0.555927,
          1.412207
        ],
        [
          0.0,
          0.0,
          0.0,
          1.0
        ]
      ]
    },
    {
      "file_path": "/media/NFS/ttao/scannet/posed_images/scene0610_02/00100.jpg",
      "transform_matrix": [
        [
          -0.611558,
          0.421296,
          -0.669706,
          1.750273
        ],
        [
          0.788753,
          0.258123,
          -0.557889,
          2.401751
        ],
        [
          -0.06217,
          -0.869415,
          -0.490156,
          1.437772
        ],
        [
          0.0,
          0.0,
          0.0,
          1.0
        ]
      ]
    },
    {
      "file_path": "/media/NFS/ttao/scannet/posed_images/scene0610_02/00115.jpg",
      "transform_matrix": [
        [
          -0.65085,
          0.329516,
          -0.683969,
          1.625741
        ],
        [
          0.758093,
          0.233306,
          -0.608985,
          2.400408
        ],
        [
          -0.041097,
          -0.91487,
          -0.401651,
          1.47069
        ],
        [
          0.0,
          0.0,
          0.0,
          1.0
        ]
      ]
    },
    {
      "file_path": "/media/NFS/ttao/scannet/posed_images/scene0610_02/00118.jpg",
      "transform_matrix": [
        [
          -0.664507,
          0.315781,
          -0.677283,
          1.603518
        ],
        [
          0.745906,
          0.225328,
          -0.626778,
          2.40778
        ],
        [
          -0.045313,
          -0.921688,
          -0.385275,
          1.472167
        ],
        [
          0.0,
          0.0,
          0.0,
          1.0
        ]
      ]
    },
    {
      "file_path": "/media/NFS/ttao/scannet/posed_images/scene0610_02/00137.jpg",
      "transform_matrix": [
        [
          -0.86773,
          0.241234,
          -0.434569,
          1.491362
        ],
        [
          0.495205,
          0.34463,
          -0.797498,
          2.452421
        ],
        [
          -0.042618,
          -0.907213,
          -0.418506,
          1.468315
        ],
        [
          0.0,
          0.0,
          0.0,
          1.0
        ]
      ]
    },
    {
      "file_path": "/media/NFS/ttao/scannet/posed_images/scene0610_02/00146.jpg",
      "transform_matrix": [
        [
          -0.923183,
          0.25269,
          -0.289622,
          1.481545
        ],
        [
          0.37634,
          0.441129,
          -0.814723,
          2.425448
        ],
        [
          -0.078111,
          -0.861135,
          -0.50234,
          1.444735
        ],
        [
          0.0,
          0.0,
          0.0,
          1.0
        ]
      ]
    },
    {
      "file_path": "/media/NFS/ttao/scannet/posed_images/scene0610_02/00158.jpg",
      "transform_matrix": [
        [
          -0.958931,
          0.197722,
          -0.203366,
          1.471944
        ],
        [
          0.278832,
          0.525674,
          -0.803691,
          2.354757
        ],
        [
          -0.052003,
          -0.827389,
          -0.559217,
          1.40232
        ],
        [
          0.0,
          0.0,
          0.0,
          1.0
        ]
      ]
    },
    {
      "file_path": "/media/NFS/ttao/scannet/posed_images/scene0610_02/00164.jpg",
      "transform_matrix": [
        [
          -0.969865,
          0.17333,
          -0.171225,
          1.458839
        ],
        [
          0.237841,
          0.521106,
          -0.819683,
          2.318072
        ],
        [
          -0.052849,
          -0.835706,
          -0.546628,
          1.404266
        ],
        [
          0.0,
          0.0,
          0.0,
          1.0
        ]
      ]
    },
    {
      "file_path": "/media/NFS/ttao/scannet/posed_images/scene0610_02/00173.jpg",
      "transform_matrix": [
        [
          -0.987887,
          0.136001,
          -0.074713,
          1.440737
        ],
        [
          0.139876,
          0.572035,
          -0.808214,
          2.27685
        ],
        [
          -0.06718,
          -0.808875,
          -0.58413,
          1.394693
        ],
        [
          0.0,
          0.0,
          0.0,
          1.0
        ]
      ]
    },
    {
      "file_path": "/media/NFS/ttao/scannet/posed_images/scene0610_02/00179.jpg",
      "transform_matrix": [
        [
          -0.996028,
          0.085631,
          0.024389,
          1.417269
        ],
        [
          0.030915,
          0.589491,
          -0.807183,
          2.256048
        ],
        [
          -0.083497,
          -0.803224,
          -0.589797,
          1.387891
        ],
        [
          0.0,
          0.0,
          0.0,
          1.0
        ]
      ]
    },
    {
      "file_path": "/media/NFS/ttao/scannet/posed_images/scene0610_02/00191.jpg",
      "transform_matrix": [
        [
          -0.959375,
          -0.122937,
          0.253941,
          1.31873
        ],
        [
          -0.275709,
          0.599513,
          -0.751378,
          2.239361
        ],
        [
          -0.059869,
          -0.790867,
          -0.609052,
          1.387502
        ],
        [
          0.0,
          0.0,
          0.0,
          1.0
        ]
      ]
    },
    {
      "file_path": "/media/NFS/ttao/scannet/posed_images/scene0610_02/00200.jpg",
      "transform_matrix": [
        [
          -0.866258,
          -0.254234,
          0.430072,
          1.250105
        ],
        [
          -0.493289,
          0.571617,
          -0.655683,
          2.258626
        ],
        [
          -0.07914,
          -0.78014,
          -0.620579,
          1.391989
        ],
        [
          0.0,
          0.0,
          0.0,
          1.0
        ]
      ]
    },
    {
      "file_path": "/media/NFS/ttao/scannet/posed_images/scene0610_02/00213.jpg",
      "transform_matrix": [
        [
          -0.754127,
          -0.33594,
          0.564302,
          1.231271
        ],
        [
          -0.639835,
          0.569483,
          -0.516044,
          2.276259
        ],
        [
          -0.148001,
          -0.750223,
          -0.644408,
          1.372912
        ],
        [
          0.0,
          0.0,
          0.0,
          1.0
        ]
      ]
    },
    {
      "file_path": "/media/NFS/ttao/scannet/posed_images/scene0610_02/00222.jpg",
      "transform_matrix": [
        [
          -0.733467,
          -0.358751,
          0.577343,
          1.240292
        ],
        [
          -0.654027,
          0.603821,
          -0.455685,
          2.283662
        ],
        [
          -0.185134,
          -0.711828,
          -0.677515,
          1.349966
        ],
        [
          0.0,
          0.0,
          0.0,
          1.0
        ]
      ]
    },
    {
      "file_path": "/media/NFS/ttao/scannet/posed_images/scene0610_02/00231.jpg",
      "transform_matrix": [
        [
          -0.683215,
          -0.37857,
          0.624421,
          1.262722
        ],
        [
          -0.696252,
          0.595488,
          -0.400782,
          2.303885
        ],
        [
          -0.220111,
          -0.708575,
          -0.670427,
          1.346394
        ],
        [
          0.0,
          0.0,
          0.0,
          1.0
        ]
      ]
    },
    {
      "file_path": "/media/NFS/ttao/scannet/posed_images/scene0610_02/00249.jpg",
      "transform_matrix": [
        [
          -0.562342,
          -0.540168,
          0.626091,
          1.325054
        ],
        [
          -0.819944,
          0.462286,
          -0.337614,
          2.366703
        ],
        [
          -0.107064,
          -0.703214,
          -0.70287,
          1.31733
        ],
        [
          0.0,
          0.0,
          0.0,
          1.0
        ]
      ]
    },
    {
      "file_path": "/media/NFS/ttao/scannet/posed_images/scene0610_02/00258.jpg",
      "transform_matrix": [
        [
          -0.467018,
          -0.600863,
          0.648735,
          1.320072
        ],
        [
          -0.884018,
          0.333968,
          -0.327073,
          2.360281
        ],
        [
          -0.020131,
          -0.726243,
          -0.687143,
          1.318939
        ],
        [
          0.0,
          0.0,
          0.0,
          1.0
        ]
      ]
    },
    {
      "file_path": "/media/NFS/ttao/scannet/posed_images/scene0610_02/00264.jpg",
      "transform_matrix": [
        [
          -0.375555,
          -0.625338,
          0.68404,
          1.303315
        ],
        [
          -0.926786,
          0.249357,
          -0.280871,
          2.341539
        ],
        [
          0.005069,
          -0.739442,
          -0.673202,
          1.324606
        ],
        [
          0.0,
          0.0,
          0.0,
          1.0
        ]
      ]
    },
    {
      "file_path": "/media/NFS/ttao/scannet/posed_images/scene0610_02/00276.jpg",
      "transform_matrix": [
        [
          -0.21964,
          -0.619372,
          0.753748,
          1.257391
        ],
        [
          -0.974872,
          0.109892,
          -0.193775,
          2.292323
        ],
        [
          0.037188,
          -0.777369,
          -0.627945,
          1.343451
        ],
        [
          0.0,
          0.0,
          0.0,
          1.0
        ]
      ]
    },
    {
      "file_path": "/media/NFS/ttao/scannet/posed_images/scene0610_02/00288.jpg",
      "transform_matrix": [
        [
          -0.088226,
          -0.591255,
          0.801645,
          1.221988
        ],
        [
          -0.995926,
          0.037295,
          -0.0821,
          2.281581
        ],
        [
          0.018645,
          -0.805622,
          -0.592136,
          1.37089
        ],
        [
          0.0,
          0.0,
          0.0,
          1.0
        ]
      ]
    },
    {
      "file_path": "/media/NFS/ttao/scannet/posed_images/scene0610_02/00294.jpg",
      "transform_matrix": [
        [
          -0.060533,
          -0.556799,
          0.828438,
          1.21423
        ],
        [
          -0.998098,
          0.024099,
          -0.056733,
          2.28724
        ],
        [
          0.011624,
          -0.830297,
          -0.557199,
          1.380491
        ],
        [
          0.0,
          0.0,
          0.0,
          1.0
        ]
      ]
    },
    {
      "file_path": "/media/NFS/ttao/scannet/posed_images/scene0610_02/00301.jpg",
      "transform_matrix": [
        [
          -0.046935,
          -0.53122,
          0.845933,
          1.21306
        ],
        [
          -0.998887,
          0.020921,
          -0.042283,
          2.304115
        ],
        [
          0.004764,
          -0.846975,
          -0.531611,
          1.387066
        ],
        [
          0.0,
          0.0,
          0.0,
          1.0
        ]
      ]
    },
    {
      "file_path": "/media/NFS/ttao/scannet/posed_images/scene0610_02/00319.jpg",
      "transform_matrix": [
        [
          0.098656,
          -0.446206,
          0.889476,
          1.186881
        ],
        [
          -0.995015,
          -0.031125,
          0.094748,
          2.324204
        ],
        [
          -0.014592,
          -0.894389,
          -0.447052,
          1.418246
        ],
        [
          0.0,
          0.0,
          0.0,
          1.0
        ]
      ]
    },
    {
      "file_path": "/media/NFS/ttao/scannet/posed_images/scene0610_02/00328.jpg",
      "transform_matrix": [
        [
          0.218452,
          -0.417051,
          0.882239,
          1.162579
        ],
        [
          -0.975802,
          -0.08462,
          0.201618,
          2.286287
        ],
        [
          -0.00943,
          -0.904935,
          -0.425445,
          1.423224
        ],
        [
          0.0,
          0.0,
          0.0,
          1.0
        ]
      ]
    },
    {
      "file_path": "/media/NFS/ttao/scannet/posed_images/scene0610_02/00331.jpg",
      "transform_matrix": [
        [
          0.252097,
          -0.408992,
          0.877025,
          1.157816
        ],
        [
          -0.967609,
          -0.093973,
          0.234312,
          2.270686
        ],
        [
          -0.013414,
          -0.907686,
          -0.419435,
          1.426821
        ],
        [
          0.0,
          0.0,
          0.0,
          1.0
        ]
      ]
    },
    {
      "file_path": "/media/NFS/ttao/scannet/posed_images/scene0610_02/00343.jpg",
      "transform_matrix": [
        [
          0.330884,
          -0.345174,
          0.878277,
          1.140246
        ],
        [
          -0.943663,
          -0.125002,
          0.30639,
          2.243798
        ],
        [
          0.004028,
          -0.930177,
          -0.367089,
          1.432598
        ],
        [
          0.0,
          0.0,
          0.0,
          1.0
        ]
      ]
    },
    {
      "file_path": "/media/NFS/ttao/scannet/posed_images/scene0610_02/00358.jpg",
      "transform_matrix": [
        [
          0.366905,
          -0.259633,
          0.893292,
          1.127457
        ],
        [
          -0.929703,
          -0.135514,
          0.342473,
          2.209772
        ],
        [
          0.032136,
          -0.956152,
          -0.291103,
          1.439824
        ],
        [
          0.0,
          0.0,
          0.0,
          1.0
        ]
      ]
    },
    {
      "file_path": "/media/NFS/ttao/scannet/posed_images/scene0610_02/00370.jpg",
      "transform_matrix": [
        [
          -Infinity,
          -Infinity,
          -Infinity,
          -Infinity
        ],
        [
          -Infinity,
          -Infinity,
          -Infinity,
          -Infinity
        ],
        [
          -Infinity,
          -Infinity,
          -Infinity,
          -Infinity
        ],
        [
          -Infinity,
          -Infinity,
          -Infinity,
          -Infinity
        ]
      ]
    },
    {
      "file_path": "/media/NFS/ttao/scannet/posed_images/scene0610_02/00373.jpg",
      "transform_matrix": [
        [
          -Infinity,
          -Infinity,
          -Infinity,
          -Infinity
        ],
        [
          -Infinity,
          -Infinity,
          -Infinity,
          -Infinity
        ],
        [
          -Infinity,
          -Infinity,
          -Infinity,
          -Infinity
        ],
        [
          -Infinity,
          -Infinity,
          -Infinity,
          -Infinity
        ]
      ]
    },
    {
      "file_path": "/media/NFS/ttao/scannet/posed_images/scene0610_02/00383.jpg",
      "transform_matrix": [
        [
          -Infinity,
          -Infinity,
          -Infinity,
          -Infinity
        ],
        [
          -Infinity,
          -Infinity,
          -Infinity,
          -Infinity
        ],
        [
          -Infinity,
          -Infinity,
          -Infinity,
          -Infinity
        ],
        [
          -Infinity,
          -Infinity,
          -Infinity,
          -Infinity
        ]
      ]
    },
    {
      "file_path": "/media/NFS/ttao/scannet/posed_images/scene0610_02/00401.jpg",
      "transform_matrix": [
        [
          -Infinity,
          -Infinity,
          -Infinity,
          -Infinity
        ],
        [
          -Infinity,
          -Infinity,
          -Infinity,
          -Infinity
        ],
        [
          -Infinity,
          -Infinity,
          -Infinity,
          -Infinity
        ],
        [
          -Infinity,
          -Infinity,
          -Infinity,
          -Infinity
        ]
      ]
    },
    {
      "file_path": "/media/NFS/ttao/scannet/posed_images/scene0610_02/00407.jpg",
      "transform_matrix": [
        [
          -Infinity,
          -Infinity,
          -Infinity,
          -Infinity
        ],
        [
          -Infinity,
          -Infinity,
          -Infinity,
          -Infinity
        ],
        [
          -Infinity,
          -Infinity,
          -Infinity,
          -Infinity
        ],
        [
          -Infinity,
          -Infinity,
          -Infinity,
          -Infinity
        ]
      ]
    },
    {
      "file_path": "/media/NFS/ttao/scannet/posed_images/scene0610_02/00416.jpg",
      "transform_matrix": [
        [
          -Infinity,
          -Infinity,
          -Infinity,
          -Infinity
        ],
        [
          -Infinity,
          -Infinity,
          -Infinity,
          -Infinity
        ],
        [
          -Infinity,
          -Infinity,
          -Infinity,
          -Infinity
        ],
        [
          -Infinity,
          -Infinity,
          -Infinity,
          -Infinity
        ]
      ]
    },
    {
      "file_path": "/media/NFS/ttao/scannet/posed_images/scene0610_02/00425.jpg",
      "transform_matrix": [
        [
          -Infinity,
          -Infinity,
          -Infinity,
          -Infinity
        ],
        [
          -Infinity,
          -Infinity,
          -Infinity,
          -Infinity
        ],
        [
          -Infinity,
          -Infinity,
          -Infinity,
          -Infinity
        ],
        [
          -Infinity,
          -Infinity,
          -Infinity,
          -Infinity
        ]
      ]
    },
    {
      "file_path": "/media/NFS/ttao/scannet/posed_images/scene0610_02/00440.jpg",
      "transform_matrix": [
        [
          -Infinity,
          -Infinity,
          -Infinity,
          -Infinity
        ],
        [
          -Infinity,
          -Infinity,
          -Infinity,
          -Infinity
        ],
        [
          -Infinity,
          -Infinity,
          -Infinity,
          -Infinity
        ],
        [
          -Infinity,
          -Infinity,
          -Infinity,
          -Infinity
        ]
      ]
    },
    {
      "file_path": "/media/NFS/ttao/scannet/posed_images/scene0610_02/00446.jpg",
      "transform_matrix": [
        [
          -Infinity,
          -Infinity,
          -Infinity,
          -Infinity
        ],
        [
          -Infinity,
          -Infinity,
          -Infinity,
          -Infinity
        ],
        [
          -Infinity,
          -Infinity,
          -Infinity,
          -Infinity
        ],
        [
          -Infinity,
          -Infinity,
          -Infinity,
          -Infinity
        ]
      ]
    },
    {
      "file_path": "/media/NFS/ttao/scannet/posed_images/scene0610_02/00458.jpg",
      "transform_matrix": [
        [
          -Infinity,
          -Infinity,
          -Infinity,
          -Infinity
        ],
        [
          -Infinity,
          -Infinity,
          -Infinity,
          -Infinity
        ],
        [
          -Infinity,
          -Infinity,
          -Infinity,
          -Infinity
        ],
        [
          -Infinity,
          -Infinity,
          -Infinity,
          -Infinity
        ]
      ]
    },
    {
      "file_path": "/media/NFS/ttao/scannet/posed_images/scene0610_02/00465.jpg",
      "transform_matrix": [
        [
          -Infinity,
          -Infinity,
          -Infinity,
          -Infinity
        ],
        [
          -Infinity,
          -Infinity,
          -Infinity,
          -Infinity
        ],
        [
          -Infinity,
          -Infinity,
          -Infinity,
          -Infinity
        ],
        [
          -Infinity,
          -Infinity,
          -Infinity,
          -Infinity
        ]
      ]
    },
    {
      "file_path": "/media/NFS/ttao/scannet/posed_images/scene0610_02/00480.jpg",
      "transform_matrix": [
        [
          -Infinity,
          -Infinity,
          -Infinity,
          -Infinity
        ],
        [
          -Infinity,
          -Infinity,
          -Infinity,
          -Infinity
        ],
        [
          -Infinity,
          -Infinity,
          -Infinity,
          -Infinity
        ],
        [
          -Infinity,
          -Infinity,
          -Infinity,
          -Infinity
        ]
      ]
    },
    {
      "file_path": "/media/NFS/ttao/scannet/posed_images/scene0610_02/00486.jpg",
      "transform_matrix": [
        [
          -Infinity,
          -Infinity,
          -Infinity,
          -Infinity
        ],
        [
          -Infinity,
          -Infinity,
          -Infinity,
          -Infinity
        ],
        [
          -Infinity,
          -Infinity,
          -Infinity,
          -Infinity
        ],
        [
          -Infinity,
          -Infinity,
          -Infinity,
          -Infinity
        ]
      ]
    },
    {
      "file_path": "/media/NFS/ttao/scannet/posed_images/scene0610_02/00498.jpg",
      "transform_matrix": [
        [
          -Infinity,
          -Infinity,
          -Infinity,
          -Infinity
        ],
        [
          -Infinity,
          -Infinity,
          -Infinity,
          -Infinity
        ],
        [
          -Infinity,
          -Infinity,
          -Infinity,
          -Infinity
        ],
        [
          -Infinity,
          -Infinity,
          -Infinity,
          -Infinity
        ]
      ]
    },
    {
      "file_path": "/media/NFS/ttao/scannet/posed_images/scene0610_02/00504.jpg",
      "transform_matrix": [
        [
          -Infinity,
          -Infinity,
          -Infinity,
          -Infinity
        ],
        [
          -Infinity,
          -Infinity,
          -Infinity,
          -Infinity
        ],
        [
          -Infinity,
          -Infinity,
          -Infinity,
          -Infinity
        ],
        [
          -Infinity,
          -Infinity,
          -Infinity,
          -Infinity
        ]
      ]
    },
    {
      "file_path": "/media/NFS/ttao/scannet/posed_images/scene0610_02/00516.jpg",
      "transform_matrix": [
        [
          -Infinity,
          -Infinity,
          -Infinity,
          -Infinity
        ],
        [
          -Infinity,
          -Infinity,
          -Infinity,
          -Infinity
        ],
        [
          -Infinity,
          -Infinity,
          -Infinity,
          -Infinity
        ],
        [
          -Infinity,
          -Infinity,
          -Infinity,
          -Infinity
        ]
      ]
    },
    {
      "file_path": "/media/NFS/ttao/scannet/posed_images/scene0610_02/00525.jpg",
      "transform_matrix": [
        [
          -Infinity,
          -Infinity,
          -Infinity,
          -Infinity
        ],
        [
          -Infinity,
          -Infinity,
          -Infinity,
          -Infinity
        ],
        [
          -Infinity,
          -Infinity,
          -Infinity,
          -Infinity
        ],
        [
          -Infinity,
          -Infinity,
          -Infinity,
          -Infinity
        ]
      ]
    },
    {
      "file_path": "/media/NFS/ttao/scannet/posed_images/scene0610_02/00534.jpg",
      "transform_matrix": [
        [
          -Infinity,
          -Infinity,
          -Infinity,
          -Infinity
        ],
        [
          -Infinity,
          -Infinity,
          -Infinity,
          -Infinity
        ],
        [
          -Infinity,
          -Infinity,
          -Infinity,
          -Infinity
        ],
        [
          -Infinity,
          -Infinity,
          -Infinity,
          -Infinity
        ]
      ]
    },
    {
      "file_path": "/media/NFS/ttao/scannet/posed_images/scene0610_02/00553.jpg",
      "transform_matrix": [
        [
          0.997355,
          0.025631,
          -0.068021,
          1.175212
        ],
        [
          0.062649,
          -0.777652,
          0.625566,
          2.482669
        ],
        [
          -0.036863,
          -0.628172,
          -0.777201,
          1.437144
        ],
        [
          0.0,
          0.0,
          0.0,
          1.0
        ]
      ]
    },
    {
      "file_path": "/media/NFS/ttao/scannet/posed_images/scene0610_02/00562.jpg",
      "transform_matrix": [
        [
          0.997728,
          0.018323,
          -0.064839,
          1.176757
        ],
        [
          0.052699,
          -0.811844,
          0.581492,
          2.483645
        ],
        [
          -0.041985,
          -0.583588,
          -0.810964,
          1.422074
        ],
        [
          0.0,
          0.0,
          0.0,
          1.0
        ]
      ]
    },
    {
      "file_path": "/media/NFS/ttao/scannet/posed_images/scene0610_02/00568.jpg",
      "transform_matrix": [
        [
          0.998142,
          0.016964,
          -0.058524,
          1.175433
        ],
        [
          0.046567,
          -0.831824,
          0.553084,
          2.483909
        ],
        [
          -0.039299,
          -0.554781,
          -0.831068,
          1.412458
        ],
        [
          0.0,
          0.0,
          0.0,
          1.0
        ]
      ]
    },
    {
      "file_path": "/media/NFS/ttao/scannet/posed_images/scene0610_02/00574.jpg",
      "transform_matrix": [
        [
          0.997567,
          0.011527,
          -0.068761,
          1.183027
        ],
        [
          0.046072,
          -0.849205,
          0.52605,
          2.488488
        ],
        [
          -0.052328,
          -0.527937,
          -0.84767,
          1.404284
        ],
        [
          0.0,
          0.0,
          0.0,
          1.0
        ]
      ]
    },
    {
      "file_path": "/media/NFS/ttao/scannet/posed_images/scene0610_02/00589.jpg",
      "transform_matrix": [
        [
          0.987551,
          0.108828,
          -0.113581,
          1.238078
        ],
        [
          0.148993,
          -0.878708,
          0.453512,
          2.503193
        ],
        [
          -0.050449,
          -0.464788,
          -0.883983,
          1.371364
        ],
        [
          0.0,
          0.0,
          0.0,
          1.0
        ]
      ]
    },
    {
      "file_path": "/media/NFS/ttao/scannet/posed_images/scene0610_02/00601.jpg",
      "transform_matrix": [
        [
          0.941816,
          0.254157,
          -0.219968,
          1.289432
        ],
        [
          0.321967,
          -0.870084,
          0.373217,
          2.505783
        ],
        [
          -0.096536,
          -0.422324,
          -0.90129,
          1.347612
        ],
        [
          0.0,
          0.0,
          0.0,
          1.0
        ]
      ]
    },
    {
      "file_path": "/media/NFS/ttao/scannet/posed_images/scene0610_02/00604.jpg",
      "transform_matrix": [
        [
          0.930968,
          0.284664,
          -0.228615,
          1.296076
        ],
        [
          0.352793,
          -0.862603,
          0.362563,
          2.515683
        ],
        [
          -0.093996,
          -0.418189,
          -0.903484,
          1.336353
        ],
        [
          0.0,
          0.0,
          0.0,
          1.0
        ]
      ]
    },
    {
      "file_path": "/media/NFS/ttao/scannet/posed_images/scene0610_02/00616.jpg",
      "transform_matrix": [
        [
          0.829591,
          0.477642,
          -0.289198,
          1.333435
        ],
        [
          0.556517,
          -0.74946,
          0.358606,
          2.554554
        ],
        [
          -0.045457,
          -0.45844,
          -0.887562,
          1.297287
        ],
        [
          0.0,
          0.0,
          0.0,
          1.0
        ]
      ]
    },
    {
      "file_path": "/media/NFS/ttao/scannet/posed_images/scene0610_02/00631.jpg",
      "transform_matrix": [
        [
          0.656167,
          0.638498,
          -0.4022,
          1.454983
        ],
        [
          0.754612,
          -0.553527,
          0.352377,
          2.519352
        ],
        [
          0.002363,
          -0.534723,
          -0.845024,
          1.30338
        ],
        [
          0.0,
          0.0,
          0.0,
          1.0
        ]
      ]
    },
    {
      "file_path": "/media/NFS/ttao/scannet/posed_images/scene0610_02/00635.jpg",
      "transform_matrix": [
        [
          0.604671,
          0.675155,
          -0.422538,
          1.49798
        ],
        [
          0.795938,
          -0.492747,
          0.351686,
          2.505168
        ],
        [
          0.029239,
          -0.548968,
          -0.835331,
          1.3
        ],
        [
          0.0,
          0.0,
          0.0,
          1.0
        ]
      ]
    },
    {
      "file_path": "/media/NFS/ttao/scannet/posed_images/scene0610_02/00650.jpg",
      "transform_matrix": [
        [
          0.49091,
          0.679839,
          -0.544818,
          1.655835
        ],
        [
          0.871118,
          -0.373909,
          0.318349,
          2.449681
        ],
        [
          0.012714,
          -0.630881,
          -0.775775,
          1.342758
        ],
        [
          0.0,
          0.0,
          0.0,
          1.0
        ]
      ]
    },
    {
      "file_path": "/media/NFS/ttao/scannet/posed_images/scene0610_02/00662.jpg",
      "transform_matrix": [
        [
          0.528386,
          0.63312,
          -0.565657,
          1.72032
        ],
        [
          0.848391,
          -0.368426,
          0.380125,
          2.384561
        ],
        [
          0.032262,
          -0.680751,
          -0.731804,
          1.359805
        ],
        [
          0.0,
          0.0,
          0.0,
          1.0
        ]
      ]
    },
    {
      "file_path": "/media/NFS/ttao/scannet/posed_images/scene0610_02/00665.jpg",
      "transform_matrix": [
        [
          0.540441,
          0.619716,
          -0.569101,
          1.730218
        ],
        [
          0.840507,
          -0.366804,
          0.398752,
          2.362078
        ],
        [
          0.038364,
          -0.693835,
          -0.719111,
          1.367323
        ],
        [
          0.0,
          0.0,
          0.0,
          1.0
        ]
      ]
    },
    {
      "file_path": "/media/NFS/ttao/scannet/posed_images/scene0610_02/00677.jpg",
      "transform_matrix": [
        [
          0.581082,
          0.542105,
          -0.607014,
          1.790565
        ],
        [
          0.810979,
          -0.323159,
          0.487731,
          2.267098
        ],
        [
          0.068239,
          -0.775687,
          -0.627418,
          1.402158
        ],
        [
          0.0,
          0.0,
          0.0,
          1.0
        ]
      ]
    },
    {
      "file_path": "/media/NFS/ttao/scannet/posed_images/scene0610_02/00686.jpg",
      "transform_matrix": [
        [
          0.593855,
          0.507123,
          -0.624629,
          1.823082
        ],
        [
          0.79954,
          -0.28528,
          0.528536,
          2.221637
        ],
        [
          0.089839,
          -0.81329,
          -0.57488,
          1.421893
        ],
        [
          0.0,
          0.0,
          0.0,
          1.0
        ]
      ]
    },
    {
      "file_path": "/media/NFS/ttao/scannet/posed_images/scene0610_02/00704.jpg",
      "transform_matrix": [
        [
          0.580114,
          0.396233,
          -0.711665,
          1.864866
        ],
        [
          0.811459,
          -0.205272,
          0.547172,
          2.225082
        ],
        [
          0.070723,
          -0.894909,
          -0.440609,
          1.460843
        ],
        [
          0.0,
          0.0,
          0.0,
          1.0
        ]
      ]
    },
    {
      "file_path": "/media/NFS/ttao/scannet/posed_images/scene0610_02/00713.jpg",
      "transform_matrix": [
        [
          0.563965,
          0.376055,
          -0.735205,
          1.875185
        ],
        [
          0.823993,
          -0.197422,
          0.531093,
          2.237361
        ],
        [
          0.054574,
          -0.905321,
          -0.421206,
          1.469711
        ],
        [
          0.0,
          0.0,
          0.0,
          1.0
        ]
      ]
    },
    {
      "file_path": "/media/NFS/ttao/scannet/posed_images/scene0610_02/00716.jpg",
      "transform_matrix": [
        [
          0.553078,
          0.376214,
          -0.743349,
          1.876982
        ],
        [
          0.831687,
          -0.196839,
          0.519183,
          2.238333
        ],
        [
          0.049003,
          -0.905382,
          -0.421759,
          1.474608
        ],
        [
          0.0,
          0.0,
          0.0,
          1.0
        ]
      ]
    },
    {
      "file_path": "/media/NFS/ttao/scannet/posed_images/scene0610_02/00729.jpg",
      "transform_matrix": [
        [
          0.476532,
          0.389821,
          -0.788008,
          1.884752
        ],
        [
          0.878586,
          -0.178857,
          0.442828,
          2.229283
        ],
        [
          0.031683,
          -0.903355,
          -0.427722,
          1.466337
        ],
        [
          0.0,
          0.0,
          0.0,
          1.0
        ]
      ]
    },
    {
      "file_path": "/media/NFS/ttao/scannet/posed_images/scene0610_02/00738.jpg",
      "transform_matrix": [
        [
          0.429838,
          0.408047,
          -0.805442,
          1.880997
        ],
        [
          0.902256,
          -0.160283,
          0.400304,
          2.220312
        ],
        [
          0.034245,
          -0.898781,
          -0.437059,
          1.468678
        ],
        [
          0.0,
          0.0,
          0.0,
          1.0
        ]
      ]
    },
    {
      "file_path": "/media/NFS/ttao/scannet/posed_images/scene0610_02/00750.jpg",
      "transform_matrix": [
        [
          0.383675,
          0.373775,
          -0.844444,
          1.886961
        ],
        [
          0.922963,
          -0.124972,
          0.364034,
          2.211327
        ],
        [
          0.030535,
          -0.919061,
          -0.392929,
          1.475663
        ],
        [
          0.0,
          0.0,
          0.0,
          1.0
        ]
      ]
    },
    {
      "file_path": "/media/NFS/ttao/scannet/posed_images/scene0610_02/00765.jpg",
      "transform_matrix": [
        [
          0.350331,
          0.322557,
          -0.879332,
          1.884078
        ],
        [
          0.936383,
          -0.099232,
          0.33666,
          2.201706
        ],
        [
          0.021334,
          -0.941334,
          -0.336801,
          1.484694
        ],
        [
          0.0,
          0.0,
          0.0,
          1.0
        ]
      ]
    },
    {
      "file_path": "/media/NFS/ttao/scannet/posed_images/scene0610_02/00771.jpg",
      "transform_matrix": [
        [
          0.346338,
          0.291984,
          -0.891513,
          1.887107
        ],
        [
          0.937921,
          -0.088736,
          0.335305,
          2.198858
        ],
        [
