{
  "frames": [
    {
      "file_path": "/media/NFS/ttao/scannet/posed_images/scene0027_00/00001.jpg",
      "transform_matrix": [
        [
          0.93341,
          -0.222981,
          0.281114,
          0.338532
        ],
        [
          -0.358788,
          -0.589093,
          0.724045,
          1.98258
        ],
        [
          0.004154,
          -0.776691,
          -0.629868,
          1.554168
        ],
        [
          0.0,
          0.0,
          0.0,
          1.0
        ]
      ]
    },
    {
      "file_path": "/media/NFS/ttao/scannet/posed_images/scene0027_00/00003.jpg",
      "transform_matrix": [
        [
          0.93165,
          -0.227962,
          0.282953,
          0.345174
        ],
        [
          -0.363337,
          -0.592976,
          0.718587,
          1.978811
        ],
        [
          0.003973,
          -0.772278,
          -0.635273,
          1.55669
        ],
        [
          0.0,
          0.0,
          0.0,
          1.0
        ]
      ]
    },
    {
      "file_path": "/media/NFS/ttao/scannet/posed_images/scene0027_00/00009.jpg",
      "transform_matrix": [
        [
          0.924209,
          -0.231475,
          0.303738,
          0.352139
        ],
        [
          -0.381819,
          -0.575084,
          0.723528,
          1.976578
        ],
        [
          0.007196,
          -0.784664,
          -0.619879,
          1.57555
        ],
        [
          0.0,
          0.0,
          0.0,
          1.0
        ]
      ]
    },
    {
      "file_path": "/media/NFS/ttao/scannet/posed_images/scene0027_00/00011.jpg",
      "transform_matrix": [
        [
          0.92644,
          -0.222038,
          0.303988,
          0.356704
        ],
        [
          -0.376346,
          -0.564657,
          0.734524,
          1.973997
        ],
        [
          0.008556,
          -0.794897,
          -0.606684,
          1.579652
        ],
        [
          0.0,
          0.0,
          0.0,
          1.0
        ]
      ]
    },
    {
      "file_path": "/media/NFS/ttao/scannet/posed_images/scene0027_00/00017.jpg",
      "transform_matrix": [
        [
          0.927224,
          -0.183047,
          0.326727,
          0.34905
        ],
        [
          -0.373451,
          -0.517437,
          0.769931,
          1.976078
        ],
        [
          0.028127,
          -0.835915,
          -0.548139,
          1.618929
        ],
        [
          0.0,
          0.0,
          0.0,
          1.0
        ]
      ]
    },
    {
      "file_path": "/media/NFS/ttao/scannet/posed_images/scene0027_00/00018.jpg",
      "transform_matrix": [
        [
          0.927949,
          -0.180491,
          0.326089,
          0.349439
        ],
        [
          -0.371764,
          -0.510467,
          0.775381,
          1.974975
        ],
        [
          0.026508,
          -0.840742,
          -0.540787,
          1.623668
        ],
        [
          0.0,
          0.0,
          0.0,
          1.0
        ]
      ]
    },
    {
      "file_path": "/media/NFS/ttao/scannet/posed_images/scene0027_00/00022.jpg",
      "transform_matrix": [
        [
          0.925963,
          -0.177413,
          0.333342,
          0.3438
        ],
        [
          -0.377365,
          -0.466777,
          0.799822,
          1.978055
        ],
        [
          0.013698,
          -0.866397,
          -0.499168,
          1.648908
        ],
        [
          0.0,
          0.0,
          0.0,
          1.0
        ]
      ]
    },
    {
      "file_path": "/media/NFS/ttao/scannet/posed_images/scene0027_00/00026.jpg",
      "transform_matrix": [
        [
          0.926018,
          -0.173285,
          0.335355,
          0.343853
        ],
        [
          -0.377478,
          -0.422036,
          0.824255,
          1.974149
        ],
        [
          -0.001299,
          -0.889864,
          -0.456224,
          1.669778
        ],
        [
          0.0,
          0.0,
          0.0,
          1.0
        ]
      ]
    },
    {
      "file_path": "/media/NFS/ttao/scannet/posed_images/scene0027_00/00032.jpg",
      "transform_matrix": [
        [
          0.92278,
          -0.168841,
          0.346368,
          0.352399
        ],
        [
          -0.38532,
          -0.398417,
          0.832342,
          1.962114
        ],
        [
          -0.002534,
          -0.90153,
          -0.432709,
          1.684502
        ],
        [
          0.0,
          0.0,
          0.0,
          1.0
        ]
      ]
    },
    {
      "file_path": "/media/NFS/ttao/scannet/posed_images/scene0027_00/00037.jpg",
      "transform_matrix": [
        [
          0.90115,
          -0.182675,
          0.39314,
          0.363819
        ],
        [
          -0.433471,
          -0.391503,
          0.811682,
          1.955034
        ],
        [
          0.005642,
          -0.901863,
          -0.431987,
          1.685271
        ],
        [
          0.0,
          0.0,
          0.0,
          1.0
        ]
      ]
    },
    {
      "file_path": "/media/NFS/ttao/scannet/posed_images/scene0027_00/00038.jpg",
      "transform_matrix": [
        [
          0.894822,
          -0.1858,
          0.405921,
          0.365925
        ],
        [
          -0.446339,
          -0.389978,
          0.805419,
          1.955029
        ],
        [
          0.008654,
          -0.901885,
          -0.43189,
          1.684627
        ],
        [
          0.0,
          0.0,
          0.0,
          1.0
        ]
      ]
    },
    {
      "file_path": "/media/NFS/ttao/scannet/posed_images/scene0027_00/00042.jpg",
      "transform_matrix": [
        [
          0.874977,
          -0.202217,
          0.439913,
          0.374717
        ],
        [
          -0.484135,
          -0.375445,
          0.790351,
          1.938925
        ],
        [
          0.00534,
          -0.904516,
          -0.426406,
          1.66494
        ],
        [
          0.0,
          0.0,
          0.0,
          1.0
        ]
      ]
    },
    {
      "file_path": "/media/NFS/ttao/scannet/posed_images/scene0027_00/00045.jpg",
      "transform_matrix": [
        [
          0.85852,
          -0.210265,
          0.467688,
          0.378889
        ],
        [
          -0.512713,
          -0.366772,
          0.776276,
          1.940562
        ],
        [
          0.008311,
          -0.906238,
          -0.422687,
          1.666739
        ],
        [
          0.0,
          0.0,
          0.0,
          1.0
        ]
      ]
    },
    {
      "file_path": "/media/NFS/ttao/scannet/posed_images/scene0027_00/00051.jpg",
      "transform_matrix": [
        [
          0.812005,
          -0.219859,
          0.540657,
          0.401519
        ],
        [
          -0.58314,
          -0.344356,
          0.735777,
          1.940254
        ],
        [
          0.024411,
          -0.912733,
          -0.407827,
          1.655421
        ],
        [
          0.0,
          0.0,
          0.0,
          1.0
        ]
      ]
    },
    {
      "file_path": "/media/NFS/ttao/scannet/posed_images/scene0027_00/00055.jpg",
      "transform_matrix": [
        [
          0.779233,
          -0.231422,
          0.582444,
          0.408771
        ],
        [
          -0.625837,
          -0.337044,
          0.70337,
          1.945163
        ],
        [
          0.033534,
          -0.912604,
          -0.407468,
          1.649111
        ],
        [
          0.0,
          0.0,
          0.0,
          1.0
        ]
      ]
    },
    {
      "file_path": "/media/NFS/ttao/scannet/posed_images/scene0027_00/00059.jpg",
      "transform_matrix": [
        [
          0.744427,
          -0.234785,
          0.625063,
          0.410818
        ],
        [
          -0.666298,
          -0.321923,
          0.672616,
          1.951144
        ],
        [
          0.043302,
          -0.917192,
          -0.396085,
          1.646022
        ],
        [
          0.0,
          0.0,
          0.0,
          1.0
        ]
      ]
    },
    {
      "file_path": "/media/NFS/ttao/scannet/posed_images/scene0027_00/00063.jpg",
      "transform_matrix": [
        [
          0.724513,
          -0.234855,
          0.648015,
          0.440163
        ],
        [
          -0.687598,
          -0.311547,
          0.655857,
          1.948538
        ],
        [
          0.047856,
          -0.920751,
          -0.387206,
          1.64306
        ],
        [
          0.0,
          0.0,
          0.0,
          1.0
        ]
      ]
    },
    {
      "file_path": "/media/NFS/ttao/scannet/posed_images/scene0027_00/00067.jpg",
      "transform_matrix": [
        [
          0.711537,
          -0.242195,
          0.659588,
          0.438251
        ],
        [
          -0.700957,
          -0.30977,
          0.642419,
          1.957767
        ],
        [
          0.04873,
          -0.919448,
          -0.390182,
          1.633186
        ],
        [
          0.0,
          0.0,
          0.0,
          1.0
        ]
      ]
    },
    {
      "file_path": "/media/NFS/ttao/scannet/posed_images/scene0027_00/00069.jpg",
      "transform_matrix": [
        [
          0.708615,
          -0.250212,
          0.659741,
          0.43895
        ],
        [
          -0.704238,
          -0.308771,
          0.639304,
          1.965927
        ],
        [
          0.043747,
          -0.917635,
          -0.395009,
          1.631938
        ],
        [
          0.0,
          0.0,
          0.0,
          1.0
        ]
      ]
    },
    {
      "file_path": "/media/NFS/ttao/scannet/posed_images/scene0027_00/00072.jpg",
      "transform_matrix": [
        [
          0.702216,
          -0.262612,
          0.661761,
          0.449916
        ],
        [
          -0.711168,
          -0.302667,
          0.634534,
          1.965064
        ],
        [
          0.033657,
          -0.916203,
          -0.399299,
          1.618678
        ],
        [
          0.0,
          0.0,
          0.0,
          1.0
        ]
      ]
    },
    {
      "file_path": "/media/NFS/ttao/scannet/posed_images/scene0027_00/00078.jpg",
      "transform_matrix": [
        [
          0.658325,
          -0.290253,
          0.694523,
          0.479611
        ],
        [
          -0.751531,
          -0.30559,
          0.584651,
          1.988833
        ],
        [
          0.042543,
          -0.906845,
          -0.419312,
          1.613671
        ],
        [
          0.0,
          0.0,
          0.0,
          1.0
        ]
      ]
    },
    {
      "file_path": "/media/NFS/ttao/scannet/posed_images/scene0027_00/00083.jpg",
      "transform_matrix": [
        [
          0.624634,
          -0.30509,
          0.718855,
          0.520187
        ],
        [
          -0.780178,
          -0.283853,
          0.557449,
          2.02599
        ],
        [
          0.033977,
          -0.909037,
          -0.415329,
          1.602323
        ],
        [
          0.0,
          0.0,
          0.0,
          1.0
        ]
      ]
    },
    {
      "file_path": "/media/NFS/ttao/scannet/posed_images/scene0027_00/00084.jpg",
      "transform_matrix": [
        [
          0.620921,
          -0.308901,
          0.720443,
          0.538685
        ],
        [
          -0.783311,
          -0.279336,
          0.555334,
          2.02556
        ],
        [
          0.029702,
          -0.909149,
          -0.415411,
          1.603073
        ],
        [
          0.0,
          0.0,
          0.0,
          1.0
        ]
      ]
    },
    {
      "file_path": "/media/NFS/ttao/scannet/posed_images/scene0027_00/00087.jpg",
      "transform_matrix": [
        [
          0.597749,
          -0.315641,
          0.736931,
          0.578862
        ],
        [
          -0.801271,
          -0.26469,
          0.536566,
          2.053489
        ],
        [
          0.025696,
          -0.911213,
          -0.411133,
          1.599872
        ],
        [
          0.0,
          0.0,
          0.0,
          1.0
        ]
      ]
    },
    {
      "file_path": "/media/NFS/ttao/scannet/posed_images/scene0027_00/00091.jpg",
      "transform_matrix": [
        [
          0.574064,
          -0.313497,
          0.75642,
          0.655726
        ],
        [
          -0.818164,
          -0.256333,
          0.514686,
          2.092816
        ],
        [
          0.032543,
          -0.914338,
          -0.403643,
          1.614025
        ],
        [
          0.0,
          0.0,
          0.0,
          1.0
        ]
      ]
    },
    {
      "file_path": "/media/NFS/ttao/scannet/posed_images/scene0027_00/00098.jpg",
      "transform_matrix": [
        [
          0.520468,
          -0.282043,
          0.805956,
          0.812835
        ],
        [
          -0.853145,
          -0.210943,
          0.477123,
          2.161906
        ],
        [
          0.035442,
          -0.935925,
          -0.350413,
          1.598851
        ],
        [
          0.0,
          0.0,
          0.0,
          1.0
        ]
      ]
    },
    {
      "file_path": "/media/NFS/ttao/scannet/posed_images/scene0027_00/00100.jpg",
      "transform_matrix": [
        [
          0.493424,
          -0.292948,
          0.818971,
          0.854243
        ],
        [
          -0.868879,
          -0.209077,
          0.448706,
          2.176846
        ],
        [
          0.03978,
          -0.932989,
          -0.3577,
          1.604243
        ],
        [
          0.0,
          0.0,
          0.0,
          1.0
        ]
      ]
    },
    {
      "file_path": "/media/NFS/ttao/scannet/posed_images/scene0027_00/00104.jpg",
      "transform_matrix": [
        [
          0.426624,
          -0.294742,
          0.855055,
          0.925438
        ],
        [
          -0.902814,
          -0.195266,
          0.383143,
          2.211309
        ],
        [
          0.054035,
          -0.935414,
          -0.349402,
          1.59017
        ],
        [
          0.0,
          0.0,
          0.0,
          1.0
        ]
      ]
    },
    {
      "file_path": "/media/NFS/ttao/scannet/posed_images/scene0027_00/00107.jpg",
      "transform_matrix": [
        [
          0.371249,
          -0.29669,
          0.879857,
          0.975583
        ],
        [
          -0.926375,
          -0.182914,
          0.329198,
          2.248472
        ],
        [
          0.063269,
          -0.937293,
          -0.342753,
          1.589332
        ],
        [
          0.0,
          0.0,
          0.0,
          1.0
        ]
      ]
    },
    {
      "file_path": "/media/NFS/ttao/scannet/posed_images/scene0027_00/00111.jpg",
      "transform_matrix": [
        [
          0.28775,
          -0.282876,
          0.914976,
          1.04653
        ],
        [
          -0.956618,
          -0.13042,
          0.260525,
          2.310204
        ],
        [
          0.045634,
          -0.950248,
          -0.308133,
          1.575865
        ],
        [
          0.0,
          0.0,
          0.0,
          1.0
        ]
      ]
    },
    {
      "file_path": "/media/NFS/ttao/scannet/posed_images/scene0027_00/00115.jpg",
      "transform_matrix": [
        [
          0.195495,
          -0.305185,
          0.932011,
          1.105548
        ],
        [
          -0.979189,
          -0.113562,
          0.168205,
          2.372784
        ],
        [
          0.054507,
          -0.945498,
          -0.321035,
          1.569207
        ],
        [
          0.0,
          0.0,
          0.0,
          1.0
        ]
      ]
    },
    {
      "file_path": "/media/NFS/ttao/scannet/posed_images/scene0027_00/00118.jpg",
      "transform_matrix": [
        [
          0.145276,
          -0.302188,
          0.942113,
          1.149319
        ],
        [
          -0.988512,
          -0.084474,
          0.125335,
          2.418825
        ],
        [
          0.041709,
          -0.949498,
          -0.310989,
          1.568845
        ],
        [
          0.0,
          0.0,
          0.0,
          1.0
        ]
      ]
    },
    {
      "file_path": "/media/NFS/ttao/scannet/posed_images/scene0027_00/00122.jpg",
      "transform_matrix": [
        [
          0.099756,
          -0.334751,
          0.937011,
          1.210858
        ],
        [
          -0.993622,
          -0.08328,
          0.076031,
          2.470738
        ],
        [
          0.052583,
          -0.938619,
          -0.340924,
          1.572083
        ],
        [
          0.0,
          0.0,
          0.0,
          1.0
        ]
      ]
    },
    {
      "file_path": "/media/NFS/ttao/scannet/posed_images/scene0027_00/00125.jpg",
      "transform_matrix": [
        [
          0.066806,
          -0.317412,
          0.945932,
          1.259255
        ],
        [
          -0.99632,
          -0.072245,
          0.046122,
          2.506554
        ],
        [
          0.053699,
          -0.945532,
          -0.32107,
          1.578575
        ],
        [
          0.0,
          0.0,
          0.0,
          1.0
        ]
      ]
    },
    {
      "file_path": "/media/NFS/ttao/scannet/posed_images/scene0027_00/00130.jpg",
      "transform_matrix": [
        [
          -0.003126,
          -0.270362,
          0.962754,
          1.356569
        ],
        [
          -0.998916,
          -0.043878,
          -0.015565,
          2.546021
        ],
        [
          0.046452,
          -0.961759,
          -0.269931,
          1.60054
        ],
        [
          0.0,
          0.0,
          0.0,
          1.0
        ]
      ]
    },
    {
      "file_path": "/media/NFS/ttao/scannet/posed_images/scene0027_00/00135.jpg",
      "transform_matrix": [
        [
          -0.080597,
          -0.212076,
          0.973924,
          1.452895
        ],
        [
          -0.996218,
          -0.014669,
          -0.085637,
          2.570752
        ],
        [
          0.032448,
          -0.977143,
          -0.210092,
          1.575534
        ],
        [
          0.0,
          0.0,
          0.0,
          1.0
        ]
      ]
    },
    {
      "file_path": "/media/NFS/ttao/scannet/posed_images/scene0027_00/00139.jpg",
      "transform_matrix": [
        [
          -0.121396,
          -0.209098,
          0.97033,
          1.521638
        ],
        [
          -0.991757,
          -0.014823,
          -0.127271,
          2.61602
        ],
        [
          0.040995,
          -0.977782,
          -0.205575,
          1.565114
        ],
        [
          0.0,
          0.0,
          0.0,
          1.0
        ]
      ]
    },
    {
      "file_path": "/media/NFS/ttao/scannet/posed_images/scene0027_00/00144.jpg",
      "transform_matrix": [
        [
          -0.140822,
          -0.232305,
          0.962395,
          1.615241
        ],
        [
          -0.988849,
          -0.014569,
          -0.148209,
          2.631367
        ],
        [
          0.048451,
          -0.972534,
          -0.227663,
          1.559224
        ],
        [
          0.0,
          0.0,
          0.0,
          1.0
        ]
      ]
    },
    {
      "file_path": "/media/NFS/ttao/scannet/posed_images/scene0027_00/00146.jpg",
      "transform_matrix": [
        [
          -0.162703,
          -0.23951,
          0.957164,
          1.653589
        ],
        [
          -0.985116,
          -0.01508,
          -0.171228,
          2.660845
        ],
        [
          0.055445,
          -0.970777,
          -0.233492,
          1.566508
        ],
        [
          0.0,
          0.0,
          0.0,
          1.0
        ]
      ]
    },
    {
      "file_path": "/media/NFS/ttao/scannet/posed_images/scene0027_00/00148.jpg",
      "transform_matrix": [
        [
          -0.201364,
          -0.235759,
          0.950721,
          1.712882
        ],
        [
          -0.977891,
          -0.007515,
          -0.208982,
          2.676675
        ],
        [
          0.056414,
          -0.971783,
          -0.229033,
          1.551576
        ],
        [
          0.0,
          0.0,
          0.0,
          1.0
        ]
      ]
    },
    {
      "file_path": "/media/NFS/ttao/scannet/posed_images/scene0027_00/00153.jpg",
      "transform_matrix": [
        [
          -0.308293,
          -0.227552,
          0.923675,
          1.836267
        ],
        [
          -0.950126,
          0.025603,
          -0.310814,
          2.786865
        ],
        [
          0.047078,
          -0.973429,
          -0.224096,
          1.564203
        ],
        [
          0.0,
          0.0,
          0.0,
          1.0
        ]
      ]
    },
    {
      "file_path": "/media/NFS/ttao/scannet/posed_images/scene0027_00/00158.jpg",
      "transform_matrix": [
        [
          -0.368497,
          -0.231524,
          0.900338,
          1.929725
        ],
        [
          -0.928897,
          0.053274,
          -0.366486,
          2.831703
        ],
        [
          0.036886,
          -0.97137,
          -0.234693,
          1.57052
        ],
        [
          0.0,
          0.0,
          0.0,
          1.0
        ]
      ]
    },
    {
      "file_path": "/media/NFS/ttao/scannet/posed_images/scene0027_00/00163.jpg",
      "transform_matrix": [
        [
          -0.424116,
          -0.249898,
          0.870446,
          2.017526
        ],
        [
          -0.904254,
          0.064331,
          -0.422121,
          2.879272
        ],
        [
          0.04949,
          -0.966133,
          -0.253255,
          1.534168
        ],
        [
          0.0,
          0.0,
          0.0,
          1.0
        ]
      ]
    },
    {
      "file_path": "/media/NFS/ttao/scannet/posed_images/scene0027_00/00166.jpg",
      "transform_matrix": [
        [
          -0.45087,
          -0.271296,
          0.850362,
          2.069652
        ],
        [
          -0.891213,
          0.08394,
          -0.44575,
          2.88563
        ],
        [
          0.049551,
          -0.958829,
          -0.279628,
          1.519931
        ],
        [
          0.0,
          0.0,
          0.0,
          1.0
        ]
      ]
    },
    {
      "file_path": "/media/NFS/ttao/scannet/posed_images/scene0027_00/00169.jpg",
      "transform_matrix": [
        [
          -0.464902,
          -0.288437,
          0.837061,
          2.130384
        ],
        [
          -0.883969,
          0.098209,
          -0.457114,
          2.879575
        ],
        [
          0.049642,
          -0.952449,
          -0.300627,
          1.519217
        ],
        [
          0.0,
          0.0,
          0.0,
          1.0
        ]
      ]
    },
    {
      "file_path": "/media/NFS/ttao/scannet/posed_images/scene0027_00/00171.jpg",
      "transform_matrix": [
        [
          -0.49721,
          -0.286556,
          0.818943,
          2.213422
        ],
        [
          -0.866566,
          0.117272,
          -0.485089,
          2.908443
        ],
        [
          0.042966,
          -0.950859,
          -0.306628,
          1.538902
        ],
        [
          0.0,
          0.0,
          0.0,
          1.0
        ]
      ]
    },
    {
      "file_path": "/media/NFS/ttao/scannet/posed_images/scene0027_00/00176.jpg",
      "transform_matrix": [
        [
          -0.548223,
          -0.272515,
          0.790688,
          2.299193
        ],
        [
          -0.836004,
          0.152098,
          -0.527222,
          2.870474
        ],
        [
          0.023414,
          -0.950054,
          -0.311208,
          1.546992
        ],
        [
          0.0,
          0.0,
          0.0,
          1.0
        ]
      ]
    },
    {
      "file_path": "/media/NFS/ttao/scannet/posed_images/scene0027_00/00181.jpg",
      "transform_matrix": [
        [
          -0.628914,
          -0.211827,
          0.748062,
          2.387183
        ],
        [
          -0.777228,
          0.147053,
          -0.611795,
          2.86992
        ],
        [
          0.01959,
          -0.966181,
          -0.257121,
          1.580875
        ],
        [
          0.0,
          0.0,
          0.0,
          1.0
        ]
      ]
    },
    {
      "file_path": "/media/NFS/ttao/scannet/posed_images/scene0027_00/00183.jpg",
      "transform_matrix": [
        [
          -0.649442,
          -0.211677,
          0.730355,
          2.416755
        ],
        [
          -0.759606,
          0.136393,
          -0.635922,
          2.862407
        ],
        [
          0.034995,
          -0.967776,
          -0.24937,
          1.583888
        ],
        [
          0.0,
          0.0,
          0.0,
          1.0
        ]
      ]
    },
    {
      "file_path": "/media/NFS/ttao/scannet/posed_images/scene0027_00/00187.jpg",
      "transform_matrix": [
        [
          -0.682473,
          -0.192953,
          0.704982,
          2.503065
        ],
        [
          -0.729267,
          0.115099,
          -0.674479,
          2.867713
        ],
        [
          0.049,
          -0.974434,
          -0.219266,
          1.611431
        ],
        [
          0.0,
          0.0,
          0.0,
          1.0
        ]
      ]
    },
    {
      "file_path": "/media/NFS/ttao/scannet/posed_images/scene0027_00/00191.jpg",
      "transform_matrix": [
        [
          -0.709755,
          -0.159167,
          0.686232,
          2.601431
        ],
        [
          -0.703134,
          0.100583,
          -0.703908,
          2.885473
        ],
        [
          0.043015,
          -0.982115,
          -0.183305,
          1.618948
        ],
        [
          0.0,
          0.0,
          0.0,
          1.0
        ]
      ]
    },
    {
      "file_path": "/media/NFS/ttao/scannet/posed_images/scene0027_00/00196.jpg",
      "transform_matrix": [
        [
          -0.755244,
          -0.124332,
          0.643544,
          2.704013
        ],
        [
          -0.654982,
          0.106308,
          -0.748129,
          2.907217
        ],
        [
          0.024603,
          -0.98653,
          -0.161723,
          1.63831
        ],
        [
          0.0,
          0.0,
          0.0,
          1.0
        ]
      ]
    },
    {
      "file_path": "/media/NFS/ttao/scannet/posed_images/scene0027_00/00200.jpg",
      "transform_matrix": [
        [
          -0.802057,
          -0.102935,
          0.58831,
          2.812545
        ],
        [
          -0.597231,
          0.131058,
          -0.791289,
          2.930523
        ],
        [
          0.004348,
          -0.986016,
          -0.166592,
          1.640221
        ],
        [
          0.0,
          0.0,
          0.0,
          1.0
        ]
      ]
    },
    {
      "file_path": "/media/NFS/ttao/scannet/posed_images/scene0027_00/00204.jpg",
      "transform_matrix": [
        [
          -0.822446,
          -0.112922,
          0.557522,
          2.859972
        ],
        [
          -0.568731,
          0.143854,
          -0.809846,
          2.923498
        ],
        [
          0.011248,
          -0.983135,
          -0.182535,
          1.628083
        ],
        [
          0.0,
          0.0,
          0.0,
          1.0
        ]
      ]
    },
    {
      "file_path": "/media/NFS/ttao/scannet/posed_images/scene0027_00/00209.jpg",
      "transform_matrix": [
        [
          -0.851807,
          -0.148146,
          0.502472,
          2.944811
        ],
        [
          -0.522232,
          0.164681,
          -0.836752,
          2.916205
        ],
        [
          0.041214,
          -0.975158,
          -0.217643,
          1.571033
        ],
        [
          0.0,
          0.0,
          0.0,
          1.0
        ]
      ]
    },
    {
      "file_path": "/media/NFS/ttao/scannet/posed_images/scene0027_00/00211.jpg",
      "transform_matrix": [
        [
          -0.858987,
          -0.159013,
          0.486678,
          3.00209
        ],
        [
          -0.509897,
          0.179681,
          -0.841261,
          2.925179
        ],
        [
          0.046325,
          -0.970788,
          -0.235424,
          1.572891
        ],
        [
          0.0,
          0.0,
          0.0,
          1.0
        ]
      ]
    },
    {
      "file_path": "/media/NFS/ttao/scannet/posed_images/scene0027_00/00215.jpg",
      "transform_matrix": [
        [
          -0.869824,
          -0.152844,
          0.469091,
          3.080346
        ],
        [
          -0.492476,
          0.212005,
          -0.84411,
          2.910697
        ],
        [
          0.029568,
          -0.965242,
          -0.259679,
          1.546503
        ],
        [
          0.0,
          0.0,
          0.0,
          1.0
        ]
      ]
    },
    {
      "file_path": "/media/NFS/ttao/scannet/posed_images/scene0027_00/00217.jpg",
      "transform_matrix": [
        [
          -0.870717,
          -0.147997,
          0.468987,
          3.118022
        ],
        [
          -0.491437,
          0.226028,
          -0.841071,
          2.899775
        ],
        [
          0.018472,
          -0.962813,
          -0.269537,
          1.547577
        ],
        [
          0.0,
          0.0,
          0.0,
          1.0
        ]
      ]
    },
    {
      "file_path": "/media/NFS/ttao/scannet/posed_images/scene0027_00/00222.jpg",
      "transform_matrix": [
        [
          -0.883026,
          -0.152026,
          0.444019,
          3.220469
        ],
        [
          -0.469285,
          0.273864,
          -0.839506,
          2.887943
        ],
        [
          0.006026,
          -0.949677,
          -0.313173,
          1.542008
        ],
        [
          0.0,
          0.0,
          0.0,
          1.0
        ]
      ]
    },
    {
      "file_path": "/media/NFS/ttao/scannet/posed_images/scene0027_00/00227.jpg",
      "transform_matrix": [
        [
          -0.896173,
          -0.189055,
          0.401413,
          3.32668
        ],
        [
          -0.44172,
          0.294648,
          -0.847388,
          2.878805
        ],
        [
          0.041928,
          -0.936718,
          -0.347565,
          1.53435
        ],
        [
          0.0,
          0.0,
          0.0,
          1.0
        ]
      ]
    },
    {
      "file_path": "/media/NFS/ttao/scannet/posed_images/scene0027_00/00228.jpg",
      "transform_matrix": [
        [
          -0.899175,
          -0.186197,
          0.395999,
          3.342625
        ],
        [
          -0.435644,
          0.295663,
          -0.850175,
          2.877791
        ],
        [
          0.041217,
          -0.936971,
          -0.346968,
          1.532644
        ],
        [
          0.0,
          0.0,
          0.0,
          1.0
        ]
      ]
    },
    {
      "file_path": "/media/NFS/ttao/scannet/posed_images/scene0027_00/00235.jpg",
      "transform_matrix": [
        [
          -0.909776,
          -0.128536,
          0.394699,
          3.497301
        ],
        [
          -0.414919,
          0.309676,
          -0.855537,
          2.8714
        ],
        [
          -0.012261,
          -0.942114,
          -0.335068,
          1.552063
        ],
        [
          0.0,
          0.0,
          0.0,
          1.0
        ]
      ]
    },
    {
      "file_path": "/media/NFS/ttao/scannet/posed_images/scene0027_00/00238.jpg",
      "transform_matrix": [
        [
          -0.917498,
          -0.126547,
          0.377072,
          3.568379
        ],
        [
          -0.397549,
          0.321128,
          -0.859553,
          2.884747
        ],
        [
          -0.012315,
          -0.938543,
          -0.344943,
          1.544623
        ],
        [
          0.0,
          0.0,
          0.0,
          1.0
        ]
      ]
    },
    {
      "file_path": "/media/NFS/ttao/scannet/posed_images/scene0027_00/00240.jpg",
      "transform_matrix": [
        [
          -0.925022,
          -0.126112,
          0.358372,
          3.618375
        ],
        [
          -0.379688,
          0.339402,
          -0.860606,
          2.883273
        ],
        [
          -0.0131,
          -0.932149,
          -0.361837,
          1.554134
        ],
        [
          0.0,
          0.0,
          0.0,
          1.0
        ]
      ]
    },
    {
      "file_path": "/media/NFS/ttao/scannet/posed_images/scene0027_00/00247.jpg",
      "transform_matrix": [
        [
          -0.953013,
          -0.11545,
          0.280067,
          3.723129
        ],
        [
          -0.302929,
          0.363458,
          -0.880984,
          2.85453
        ],
        [
          -8.3e-05,
          -0.92443,
          -0.381353,
          1.523688
        ],
        [
          0.0,
          0.0,
          0.0,
          1.0
        ]
      ]
    },
    {
      "file_path": "/media/NFS/ttao/scannet/posed_images/scene0027_00/00250.jpg",
      "transform_matrix": [
        [
          -0.959661,
          -0.114003,
          0.257009,
          3.797359
        ],
        [
          -0.281106,
          0.37131,
          -0.884934,
          2.831178
        ],
        [
          0.005455,
          -0.921484,
          -0.388378,
          1.528414
        ],
        [
          0.0,
          0.0,
          0.0,
          1.0
        ]
      ]
    },
    {
      "file_path": "/media/NFS/ttao/scannet/posed_images/scene0027_00/00253.jpg",
      "transform_matrix": [
        [
          -0.963171,
          -0.101386,
          0.249042,
          3.8397
        ],
        [
          -0.268884,
          0.357952,
          -0.894188,
          2.807425
        ],
        [
          0.001513,
          -0.92822,
          -0.37203,
          1.507069
        ],
        [
          0.0,
          0.0,
          0.0,
          1.0
        ]
      ]
    },
    {
      "file_path": "/media/NFS/ttao/scannet/posed_images/scene0027_00/00258.jpg",
      "transform_matrix": [
        [
          -0.972263,
          -0.057419,
          0.226731,
          3.927833
        ],
        [
          -0.23067,
          0.395684,
          -0.888947,
          2.748759
        ],
        [
          -0.038671,
          -0.91659,
          -0.397954,
          1.501818
        ],
        [
          0.0,
          0.0,
          0.0,
          1.0
        ]
      ]
    },
    {
      "file_path": "/media/NFS/ttao/scannet/posed_images/scene0027_00/00262.jpg",
      "transform_matrix": [
        [
          -0.982332,
          0.00607,
          0.18705,
          4.010662
        ],
        [
          -0.164313,
          0.450473,
          -0.87754,
          2.701323
        ],
        [
          -0.089587,
          -0.89277,
          -0.441516,
          1.521181
        ],
        [
          0.0,
          0.0,
          0.0,
          1.0
        ]
      ]
    },
    {
      "file_path": "/media/NFS/ttao/scannet/posed_images/scene0027_00/00264.jpg",
      "transform_matrix": [
        [
          -0.984384,
          0.017,
          0.175213,
          4.048577
        ],
        [
          -0.150899,
          0.431086,
          -0.889604,
          2.695764
        ],
        [
          -0.090655,
          -0.902151,
          -0.421789,
          1.51414
        ],
        [
          0.0,
          0.0,
          0.0,
          1.0
        ]
      ]
    },
    {
      "file_path": "/media/NFS/ttao/scannet/posed_images/scene0027_00/00270.jpg",
      "transform_matrix": [
        [
          -0.98406,
          0.013114,
          0.177354,
          4.166556
        ],
        [
          -0.152811,
          0.447781,
          -0.880988,
          2.653772
        ],
        [
          -0.090969,
          -0.894047,
          -0.43864,
          1.536322
        ],
        [
          0.0,
          0.0,
          0.0,
          1.0
        ]
      ]
    },
    {
      "file_path": "/media/NFS/ttao/scannet/posed_images/scene0027_00/00271.jpg",
      "transform_matrix": [
        [
          -0.985198,
          0.022805,
          0.169897,
          4.19631
        ],
        [
          -0.141556,
          0.450736,
          -0.881362,
          2.647687
        ],
        [
          -0.096678,
          -0.892366,
          -0.440836,
          1.541633
        ],
        [
          0.0,
          0.0,
          0.0,
          1.0
        ]
      ]
    },
    {
      "file_path": "/media/NFS/ttao/scannet/posed_images/scene0027_00/00278.jpg",
      "transform_matrix": [
        [
          -0.988651,
          0.139,
          0.057,
          4.321863
        ],
        [
          0.005805,
          0.414473,
          -0.910043,
          2.638515
        ],
        [
          -0.150121,
          -0.899384,
          -0.410577,
          1.552163
        ],
        [
          0.0,
          0.0,
          0.0,
          1.0
        ]
      ]
    },
    {
      "file_path": "/media/NFS/ttao/scannet/posed_images/scene0027_00/00279.jpg",
      "transform_matrix": [
        [
          -0.987476,
          0.150459,
          0.047461,
          4.340141
        ],
        [
          0.019893,
          0.417169,
          -0.908611,
          2.643191
        ],
        [
          -0.156508,
          -0.896288,
          -0.414938,
          1.547374
        ],
        [
          0.0,
          0.0,
          0.0,
          1.0
        ]
      ]
    },
    {
      "file_path": "/media/NFS/ttao/scannet/posed_images/scene0027_00/00285.jpg",
      "transform_matrix": [
        [
          -0.988997,
          0.146646,
          -0.019493,
          4.446667
        ],
        [
          0.084498,
          0.451808,
          -0.888104,
          2.630781
        ],
        [
          -0.12143,
          -0.87998,
          -0.459228,
          1.550063
        ],
        [
          0.0,
          0.0,
          0.0,
          1.0
        ]
      ]
    },
    {
      "file_path": "/media/NFS/ttao/scannet/posed_images/scene0027_00/00286.jpg",
      "transform_matrix": [
        [
          -0.989643,
          0.142186,
          -0.019757,
          4.462805
        ],
        [
          0.082576,
          0.451282,
          -0.888553,
          2.63216
        ],
        [
          -0.117424,
          -0.880981,
          -0.458349,
          1.547566
        ],
        [
          0.0,
          0.0,
          0.0,
          1.0
        ]
      ]
    },
    {
      "file_path": "/media/NFS/ttao/scannet/posed_images/scene0027_00/00290.jpg",
      "transform_matrix": [
        [
          -0.989809,
          0.142337,
          0.00432,
          4.540995
        ],
        [
          0.065804,
          0.484082,
          -0.872545,
          2.606976
        ],
        [
          -0.126286,
          -0.863369,
          -0.488515,
          1.560933
        ],
        [
          0.0,
          0.0,
          0.0,
          1.0
        ]
      ]
    },
    {
      "file_path": "/media/NFS/ttao/scannet/posed_images/scene0027_00/00295.jpg",
      "transform_matrix": [
        [
          -0.989339,
          0.144766,
          -0.01587,
          4.620284
        ],
        [
          0.083665,
          0.475783,
          -0.875575,
          2.557824
        ],
        [
          -0.119202,
          -0.867568,
