{
  "frames": [
    {
      "file_path": "/media/NFS/ttao/scannet/posed_images/scene0255_00/00000.jpg",
      "transform_matrix": [
        [
          0.603986,
          0.202692,
          -0.77079,
          2.007866
        ],
        [
          0.796081,
          -0.19975,
          0.571275,
          1.284511
        ],
        [
          -0.038172,
          -0.958653,
          -0.282006,
          1.421303
        ],
        [
          0.0,
          0.0,
          0.0,
          1.0
        ]
      ]
    },
    {
      "file_path": "/media/NFS/ttao/scannet/posed_images/scene0255_00/00004.jpg",
      "transform_matrix": [
        [
          0.649326,
          0.158981,
          -0.743708,
          1.96554
        ],
        [
          0.759398,
          -0.188411,
          0.622749,
          1.252469
        ],
        [
          -0.041118,
          -0.969137,
          -0.24307,
          1.427692
        ],
        [
          0.0,
          0.0,
          0.0,
          1.0
        ]
      ]
    },
    {
      "file_path": "/media/NFS/ttao/scannet/posed_images/scene0255_00/00012.jpg",
      "transform_matrix": [
        [
          0.702573,
          0.119343,
          -0.701533,
          1.913357
        ],
        [
          0.709686,
          -0.189999,
          0.678415,
          1.226428
        ],
        [
          -0.052326,
          -0.974504,
          -0.218185,
          1.434319
        ],
        [
          0.0,
          0.0,
          0.0,
          1.0
        ]
      ]
    },
    {
      "file_path": "/media/NFS/ttao/scannet/posed_images/scene0255_00/00016.jpg",
      "transform_matrix": [
        [
          0.713193,
          0.119046,
          -0.690784,
          1.889338
        ],
        [
          0.699901,
          -0.175283,
          0.692398,
          1.21845
        ],
        [
          -0.038655,
          -0.977294,
          -0.208331,
          1.433437
        ],
        [
          0.0,
          0.0,
          0.0,
          1.0
        ]
      ]
    },
    {
      "file_path": "/media/NFS/ttao/scannet/posed_images/scene0255_00/00019.jpg",
      "transform_matrix": [
        [
          0.724213,
          0.1248,
          -0.678189,
          1.869628
        ],
        [
          0.688495,
          -0.185918,
          0.701006,
          1.220526
        ],
        [
          -0.038602,
          -0.974608,
          -0.220568,
          1.430964
        ],
        [
          0.0,
          0.0,
          0.0,
          1.0
        ]
      ]
    },
    {
      "file_path": "/media/NFS/ttao/scannet/posed_images/scene0255_00/00026.jpg",
      "transform_matrix": [
        [
          0.760666,
          0.139529,
          -0.63397,
          1.813763
        ],
        [
          0.648146,
          -0.217382,
          0.72983,
          1.258598
        ],
        [
          -0.035981,
          -0.966062,
          -0.255791,
          1.415424
        ],
        [
          0.0,
          0.0,
          0.0,
          1.0
        ]
      ]
    },
    {
      "file_path": "/media/NFS/ttao/scannet/posed_images/scene0255_00/00030.jpg",
      "transform_matrix": [
        [
          0.774474,
          0.127642,
          -0.619595,
          1.780442
        ],
        [
          0.631401,
          -0.216387,
          0.744654,
          1.299623
        ],
        [
          -0.039023,
          -0.967928,
          -0.24818,
          1.416246
        ],
        [
          0.0,
          0.0,
          0.0,
          1.0
        ]
      ]
    },
    {
      "file_path": "/media/NFS/ttao/scannet/posed_images/scene0255_00/00033.jpg",
      "transform_matrix": [
        [
          0.78623,
          0.119348,
          -0.606299,
          1.743675
        ],
        [
          0.616171,
          -0.225488,
          0.754645,
          1.334851
        ],
        [
          -0.046648,
          -0.966908,
          -0.250825,
          1.41834
        ],
        [
          0.0,
          0.0,
          0.0,
          1.0
        ]
      ]
    },
    {
      "file_path": "/media/NFS/ttao/scannet/posed_images/scene0255_00/00038.jpg",
      "transform_matrix": [
        [
          0.794785,
          0.11001,
          -0.596837,
          1.687358
        ],
        [
          0.604564,
          -0.229551,
          0.762764,
          1.397738
        ],
        [
          -0.053093,
          -0.96706,
          -0.248952,
          1.425332
        ],
        [
          0.0,
          0.0,
          0.0,
          1.0
        ]
      ]
    },
    {
      "file_path": "/media/NFS/ttao/scannet/posed_images/scene0255_00/00045.jpg",
      "transform_matrix": [
        [
          0.802388,
          0.131649,
          -0.582102,
          1.598727
        ],
        [
          0.595435,
          -0.242597,
          0.765901,
          1.475022
        ],
        [
          -0.040386,
          -0.961153,
          -0.273046,
          1.426347
        ],
        [
          0.0,
          0.0,
          0.0,
          1.0
        ]
      ]
    },
    {
      "file_path": "/media/NFS/ttao/scannet/posed_images/scene0255_00/00048.jpg",
      "transform_matrix": [
        [
          0.812478,
          0.13213,
          -0.567821,
          1.556018
        ],
        [
          0.581805,
          -0.245872,
          0.775274,
          1.504674
        ],
        [
          -0.037175,
          -0.960255,
          -0.27664,
          1.424028
        ],
        [
          0.0,
          0.0,
          0.0,
          1.0
        ]
      ]
    },
    {
      "file_path": "/media/NFS/ttao/scannet/posed_images/scene0255_00/00052.jpg",
      "transform_matrix": [
        [
          0.828258,
          0.132471,
          -0.544463,
          1.491299
        ],
        [
          0.559627,
          -0.244798,
          0.791765,
          1.542771
        ],
        [
          -0.028397,
          -0.960482,
          -0.27689,
          1.421876
        ],
        [
          0.0,
          0.0,
          0.0,
          1.0
        ]
      ]
    },
    {
      "file_path": "/media/NFS/ttao/scannet/posed_images/scene0255_00/00061.jpg",
      "transform_matrix": [
        [
          0.866742,
          0.111653,
          -0.486098,
          1.316979
        ],
        [
          0.498317,
          -0.234745,
          0.834611,
          1.600681
        ],
        [
          -0.020922,
          -0.965623,
          -0.259102,
          1.438074
        ],
        [
          0.0,
          0.0,
          0.0,
          1.0
        ]
      ]
    },
    {
      "file_path": "/media/NFS/ttao/scannet/posed_images/scene0255_00/00062.jpg",
      "transform_matrix": [
        [
          0.869273,
          0.11152,
          -0.481589,
          1.304434
        ],
        [
          0.493855,
          -0.238745,
          0.836127,
          1.606855
        ],
        [
          -0.021732,
          -0.964657,
          -0.26261,
          1.436083
        ],
        [
          0.0,
          0.0,
          0.0,
          1.0
        ]
      ]
    },
    {
      "file_path": "/media/NFS/ttao/scannet/posed_images/scene0255_00/00066.jpg",
      "transform_matrix": [
        [
          0.884989,
          0.129032,
          -0.447375,
          1.255302
        ],
        [
          0.465489,
          -0.267199,
          0.843756,
          1.645681
        ],
        [
          -0.010667,
          -0.954964,
          -0.296531,
          1.436168
        ],
        [
          0.0,
          0.0,
          0.0,
          1.0
        ]
      ]
    },
    {
      "file_path": "/media/NFS/ttao/scannet/posed_images/scene0255_00/00071.jpg",
      "transform_matrix": [
        [
          0.910023,
          0.10217,
          -0.401771,
          1.208583
        ],
        [
          0.413777,
          -0.283331,
          0.865166,
          1.705937
        ],
        [
          -0.02544,
          -0.953564,
          -0.300114,
          1.431635
        ],
        [
          0.0,
          0.0,
          0.0,
          1.0
        ]
      ]
    },
    {
      "file_path": "/media/NFS/ttao/scannet/posed_images/scene0255_00/00077.jpg",
      "transform_matrix": [
        [
          0.936695,
          0.04835,
          -0.34679,
          1.150192
        ],
        [
          0.344872,
          -0.298627,
          0.889879,
          1.786801
        ],
        [
          -0.060535,
          -0.953145,
          -0.296397,
          1.435786
        ],
        [
          0.0,
          0.0,
          0.0,
          1.0
        ]
      ]
    },
    {
      "file_path": "/media/NFS/ttao/scannet/posed_images/scene0255_00/00082.jpg",
      "transform_matrix": [
        [
          0.954815,
          0.021287,
          -0.296439,
          1.101223
        ],
        [
          0.287935,
          -0.31339,
          0.90492,
          1.843798
        ],
        [
          -0.073638,
          -0.949386,
          -0.305358,
          1.44114
        ],
        [
          0.0,
          0.0,
          0.0,
          1.0
        ]
      ]
    },
    {
      "file_path": "/media/NFS/ttao/scannet/posed_images/scene0255_00/00085.jpg",
      "transform_matrix": [
        [
          0.968077,
          0.022335,
          -0.249655,
          1.080185
        ],
        [
          0.242996,
          -0.327926,
          0.912917,
          1.871878
        ],
        [
          -0.061478,
          -0.944439,
          -0.322885,
          1.447049
        ],
        [
          0.0,
          0.0,
          0.0,
          1.0
        ]
      ]
    },
    {
      "file_path": "/media/NFS/ttao/scannet/posed_images/scene0255_00/00094.jpg",
      "transform_matrix": [
        [
          0.996931,
          -0.041072,
          -0.066639,
          1.011533
        ],
        [
          0.051184,
          -0.302096,
          0.951902,
          1.907443
        ],
        [
          -0.059228,
          -0.952392,
          -0.299067,
          1.452393
        ],
        [
          0.0,
          0.0,
          0.0,
          1.0
        ]
      ]
    },
    {
      "file_path": "/media/NFS/ttao/scannet/posed_images/scene0255_00/00098.jpg",
      "transform_matrix": [
        [
          0.996645,
          -0.080655,
          0.013914,
          0.979611
        ],
        [
          -0.038856,
          -0.316641,
          0.947749,
          1.912295
        ],
        [
          -0.072035,
          -0.94511,
          -0.318713,
          1.452316
        ],
        [
          0.0,
          0.0,
          0.0,
          1.0
        ]
      ]
    },
    {
      "file_path": "/media/NFS/ttao/scannet/posed_images/scene0255_00/00100.jpg",
      "transform_matrix": [
        [
          0.99538,
          -0.087118,
          0.04036,
          0.979069
        ],
        [
          -0.065833,
          -0.313289,
          0.947373,
          1.913104
        ],
        [
          -0.069889,
          -0.945653,
          -0.317577,
          1.450694
        ],
        [
          0.0,
          0.0,
          0.0,
          1.0
        ]
      ]
    },
    {
      "file_path": "/media/NFS/ttao/scannet/posed_images/scene0255_00/00105.jpg",
      "transform_matrix": [
        [
          0.980836,
          -0.115882,
          0.156628,
          0.955444
        ],
        [
          -0.184949,
          -0.300936,
          0.935538,
          1.915233
        ],
        [
          -0.061277,
          -0.946577,
          -0.316602,
          1.446708
        ],
        [
          0.0,
          0.0,
          0.0,
          1.0
        ]
      ]
    },
    {
      "file_path": "/media/NFS/ttao/scannet/posed_images/scene0255_00/00113.jpg",
      "transform_matrix": [
        [
          0.947078,
          -0.132818,
          0.292235,
          0.996416
        ],
        [
          -0.318826,
          -0.28338,
          0.904459,
          1.920218
        ],
        [
          -0.037315,
          -0.949766,
          -0.310728,
          1.434264
        ],
        [
          0.0,
          0.0,
          0.0,
          1.0
        ]
      ]
    },
    {
      "file_path": "/media/NFS/ttao/scannet/posed_images/scene0255_00/00117.jpg",
      "transform_matrix": [
        [
          0.922669,
          -0.150025,
          0.355209,
          0.998224
        ],
        [
          -0.384198,
          -0.279445,
          0.879945,
          1.94101
        ],
        [
          -0.032753,
          -0.948369,
          -0.315475,
          1.430992
        ],
        [
          0.0,
          0.0,
          0.0,
          1.0
        ]
      ]
    },
    {
      "file_path": "/media/NFS/ttao/scannet/posed_images/scene0255_00/00121.jpg",
      "transform_matrix": [
        [
          0.900156,
          -0.166282,
          0.402578,
          1.031965
        ],
        [
          -0.434292,
          -0.271963,
          0.858736,
          1.963224
        ],
        [
          -0.033306,
          -0.947833,
          -0.317024,
          1.433653
        ],
        [
          0.0,
          0.0,
          0.0,
          1.0
        ]
      ]
    },
    {
      "file_path": "/media/NFS/ttao/scannet/posed_images/scene0255_00/00124.jpg",
      "transform_matrix": [
        [
          0.875555,
          -0.181733,
          0.447634,
          1.054228
        ],
        [
          -0.481932,
          -0.26367,
          0.835595,
          1.988312
        ],
        [
          -0.033827,
          -0.947339,
          -0.318441,
          1.433775
        ],
        [
          0.0,
          0.0,
          0.0,
          1.0
        ]
      ]
    },
    {
      "file_path": "/media/NFS/ttao/scannet/posed_images/scene0255_00/00133.jpg",
      "transform_matrix": [
        [
          0.801376,
          -0.239728,
          0.548021,
          1.140447
        ],
        [
          -0.595875,
          -0.239924,
          0.7664,
          2.068961
        ],
        [
          -0.052244,
          -0.940727,
          -0.335117,
          1.43798
        ],
        [
          0.0,
          0.0,
          0.0,
          1.0
        ]
      ]
    },
    {
      "file_path": "/media/NFS/ttao/scannet/posed_images/scene0255_00/00134.jpg",
      "transform_matrix": [
        [
          0.795288,
          -0.243944,
          0.554984,
          1.148673
        ],
        [
          -0.603662,
          -0.234478,
          0.761979,
          2.07423
        ],
        [
          -0.055749,
          -0.941016,
          -0.333737,
          1.438155
        ],
        [
          0.0,
          0.0,
          0.0,
          1.0
        ]
      ]
    },
    {
      "file_path": "/media/NFS/ttao/scannet/posed_images/scene0255_00/00142.jpg",
      "transform_matrix": [
        [
          0.746427,
          -0.278952,
          0.604179,
          1.189401
        ],
        [
          -0.663933,
          -0.250552,
          0.704569,
          2.113367
        ],
        [
          -0.045163,
          -0.927043,
          -0.372224,
          1.426659
        ],
        [
          0.0,
          0.0,
          0.0,
          1.0
        ]
      ]
    },
    {
      "file_path": "/media/NFS/ttao/scannet/posed_images/scene0255_00/00143.jpg",
      "transform_matrix": [
        [
          0.728684,
          -0.286794,
          0.621907,
          1.19566
        ],
        [
          -0.683456,
          -0.246626,
          0.687069,
          2.120082
        ],
        [
          -0.043669,
          -0.925703,
          -0.375723,
          1.421639
        ],
        [
          0.0,
          0.0,
          0.0,
          1.0
        ]
      ]
    },
    {
      "file_path": "/media/NFS/ttao/scannet/posed_images/scene0255_00/00149.jpg",
      "transform_matrix": [
        [
          0.652944,
          -0.329357,
          0.682047,
          1.211153
        ],
        [
          -0.756917,
          -0.251373,
          0.603232,
          2.140077
        ],
        [
          -0.027231,
          -0.91013,
          -0.413428,
          1.40698
        ],
        [
          0.0,
          0.0,
          0.0,
          1.0
        ]
      ]
    },
    {
      "file_path": "/media/NFS/ttao/scannet/posed_images/scene0255_00/00153.jpg",
      "transform_matrix": [
        [
          0.59967,
          -0.366604,
          0.711335,
          1.215058
        ],
        [
          -0.799097,
          -0.226665,
          0.556837,
          2.152193
        ],
        [
          -0.042903,
          -0.902344,
          -0.428877,
          1.395699
        ],
        [
          0.0,
          0.0,
          0.0,
          1.0
        ]
      ]
    },
    {
      "file_path": "/media/NFS/ttao/scannet/posed_images/scene0255_00/00162.jpg",
      "transform_matrix": [
        [
          0.488721,
          -0.432092,
          0.757923,
          1.22019
        ],
        [
          -0.871759,
          -0.207542,
          0.443804,
          2.17775
        ],
        [
          -0.034464,
          -0.877623,
          -0.478111,
          1.367007
        ],
        [
          0.0,
          0.0,
          0.0,
          1.0
        ]
      ]
    },
    {
      "file_path": "/media/NFS/ttao/scannet/posed_images/scene0255_00/00166.jpg",
      "transform_matrix": [
        [
          0.452185,
          -0.442423,
          0.774461,
          1.220562
        ],
        [
          -0.891274,
          -0.190981,
          0.411287,
          2.188027
        ],
        [
          -0.034056,
          -0.876235,
          -0.480678,
          1.362936
        ],
        [
          0.0,
          0.0,
          0.0,
          1.0
        ]
      ]
    },
    {
      "file_path": "/media/NFS/ttao/scannet/posed_images/scene0255_00/00170.jpg",
      "transform_matrix": [
        [
          0.423284,
          -0.448162,
          0.787389,
          1.218503
        ],
        [
          -0.905182,
          -0.17234,
          0.388516,
          2.196472
        ],
        [
          -0.038419,
          -0.877183,
          -0.478617,
          1.360897
        ],
        [
          0.0,
          0.0,
          0.0,
          1.0
        ]
      ]
    },
    {
      "file_path": "/media/NFS/ttao/scannet/posed_images/scene0255_00/00173.jpg",
      "transform_matrix": [
        [
          0.404557,
          -0.450883,
          0.795637,
          1.21525
        ],
        [
          -0.913607,
          -0.160544,
          0.373562,
          2.20488
        ],
        [
          -0.040698,
          -0.878026,
          -0.476879,
          1.360241
        ],
        [
          0.0,
          0.0,
          0.0,
          1.0
        ]
      ]
    },
    {
      "file_path": "/media/NFS/ttao/scannet/posed_images/scene0255_00/00178.jpg",
      "transform_matrix": [
        [
          0.362769,
          -0.464572,
          0.807819,
          1.213013
        ],
        [
          -0.931034,
          -0.143782,
          0.335414,
          2.21917
        ],
        [
          -0.039674,
          -0.873785,
          -0.484692,
          1.353642
        ],
        [
          0.0,
          0.0,
          0.0,
          1.0
        ]
      ]
    },
    {
      "file_path": "/media/NFS/ttao/scannet/posed_images/scene0255_00/00185.jpg",
      "transform_matrix": [
        [
          0.325547,
          -0.504641,
          0.799597,
          1.227117
        ],
        [
          -0.944206,
          -0.12884,
          0.303109,
          2.224247
        ],
        [
          -0.049942,
          -0.853661,
          -0.518429,
          1.343538
        ],
        [
          0.0,
          0.0,
          0.0,
          1.0
        ]
      ]
    },
    {
      "file_path": "/media/NFS/ttao/scannet/posed_images/scene0255_00/00186.jpg",
      "transform_matrix": [
        [
          0.322226,
          -0.507987,
          0.798824,
          1.230525
        ],
        [
          -0.944917,
          -0.121375,
          0.303972,
          2.223616
        ],
        [
          -0.057457,
          -0.852771,
          -0.519116,
          1.345833
        ],
        [
          0.0,
          0.0,
          0.0,
          1.0
        ]
      ]
    },
    {
      "file_path": "/media/NFS/ttao/scannet/posed_images/scene0255_00/00193.jpg",
      "transform_matrix": [
        [
          0.291983,
          -0.506929,
          0.81103,
          1.248611
        ],
        [
          -0.953672,
          -0.090035,
          0.28706,
          2.215657
        ],
        [
          -0.072498,
          -0.857273,
          -0.509732,
          1.345335
        ],
        [
          0.0,
          0.0,
          0.0,
          1.0
        ]
      ]
    },
    {
      "file_path": "/media/NFS/ttao/scannet/posed_images/scene0255_00/00199.jpg",
      "transform_matrix": [
        [
          0.232791,
          -0.536999,
          0.810826,
          1.261773
        ],
        [
          -0.97035,
          -0.072498,
          0.230576,
          2.227664
        ],
        [
          -0.065036,
          -0.840462,
          -0.537954,
          1.337152
        ],
        [
          0.0,
          0.0,
          0.0,
          1.0
        ]
      ]
    },
    {
      "file_path": "/media/NFS/ttao/scannet/posed_images/scene0255_00/00205.jpg",
      "transform_matrix": [
        [
          0.144624,
          -0.557407,
          0.817546,
          1.27389
        ],
        [
          -0.987272,
          -0.026044,
          0.156892,
          2.262326
        ],
        [
          -0.06616,
          -0.829831,
          -0.554079,
          1.333649
        ],
        [
          0.0,
          0.0,
          0.0,
          1.0
        ]
      ]
    },
    {
      "file_path": "/media/NFS/ttao/scannet/posed_images/scene0255_00/00208.jpg",
      "transform_matrix": [
        [
          0.098749,
          -0.54683,
          0.831399,
          1.27226
        ],
        [
          -0.992009,
          0.011834,
          0.125608,
          2.284959
        ],
        [
          -0.078525,
          -0.83716,
          -0.541292,
          1.337916
        ],
        [
          0.0,
          0.0,
          0.0,
          1.0
        ]
      ]
    },
    {
      "file_path": "/media/NFS/ttao/scannet/posed_images/scene0255_00/00211.jpg",
      "transform_matrix": [
        [
          0.052079,
          -0.542712,
          0.838302,
          1.270708
        ],
        [
          -0.996766,
          0.023191,
          0.076937,
          2.308781
        ],
        [
          -0.061196,
          -0.839598,
          -0.53975,
          1.338374
        ],
        [
          0.0,
          0.0,
          0.0,
          1.0
        ]
      ]
    },
    {
      "file_path": "/media/NFS/ttao/scannet/posed_images/scene0255_00/00219.jpg",
      "transform_matrix": [
        [
          -0.068164,
          -0.536105,
          0.841394,
          1.266458
        ],
        [
          -0.996285,
          0.081072,
          -0.029056,
          2.352952
        ],
        [
          -0.052636,
          -0.840249,
          -0.53964,
          1.338531
        ],
        [
          0.0,
          0.0,
          0.0,
          1.0
        ]
      ]
    },
    {
      "file_path": "/media/NFS/ttao/scannet/posed_images/scene0255_00/00221.jpg",
      "transform_matrix": [
        [
          -0.088187,
          -0.532061,
          0.842101,
          1.26683
        ],
        [
          -0.994782,
          0.090591,
          -0.046938,
          2.362135
        ],
        [
          -0.051313,
          -0.841846,
          -0.537273,
          1.33999
        ],
        [
          0.0,
          0.0,
          0.0,
          1.0
        ]
      ]
    },
    {
      "file_path": "/media/NFS/ttao/scannet/posed_images/scene0255_00/00228.jpg",
      "transform_matrix": [
        [
          -0.161911,
          -0.478392,
          0.863091,
          1.26852
        ],
        [
          -0.986437,
          0.102366,
          -0.128311,
          2.385997
        ],
        [
          -0.026968,
          -0.87216,
          -0.488477,
          1.35481
        ],
        [
          0.0,
          0.0,
          0.0,
          1.0
        ]
      ]
    },
    {
      "file_path": "/media/NFS/ttao/scannet/posed_images/scene0255_00/00234.jpg",
      "transform_matrix": [
        [
          -0.258168,
          -0.451162,
          0.854284,
          1.278514
        ],
        [
          -0.965869,
          0.139869,
          -0.218022,
          2.383744
        ],
        [
          -0.021125,
          -0.881413,
          -0.471873,
          1.369684
        ],
        [
          0.0,
          0.0,
          0.0,
          1.0
        ]
      ]
    },
    {
      "file_path": "/media/NFS/ttao/scannet/posed_images/scene0255_00/00235.jpg",
      "transform_matrix": [
        [
          -0.274897,
          -0.44863,
          0.850389,
          1.279896
        ],
        [
          -0.961277,
          0.146116,
          -0.233658,
          2.380502
        ],
        [
          -0.019429,
          -0.881692,
          -0.471425,
          1.369252
        ],
        [
          0.0,
          0.0,
          0.0,
          1.0
        ]
      ]
    },
    {
      "file_path": "/media/NFS/ttao/scannet/posed_images/scene0255_00/00243.jpg",
      "transform_matrix": [
        [
          -0.374434,
          -0.410087,
          0.831642,
          1.288243
        ],
        [
          -0.927073,
          0.183304,
          -0.327011,
          2.339234
        ],
        [
          -0.018341,
          -0.893436,
          -0.448815,
          1.375751
        ],
        [
          0.0,
          0.0,
          0.0,
          1.0
        ]
      ]
    },
    {
      "file_path": "/media/NFS/ttao/scannet/posed_images/scene0255_00/00245.jpg",
      "transform_matrix": [
        [
          -0.396045,
          -0.40296,
          0.825089,
          1.289556
        ],
        [
          -0.918117,
          0.187939,
          -0.348913,
          2.333157
        ],
        [
          -0.014469,
          -0.895713,
          -0.444396,
          1.376508
        ],
        [
          0.0,
          0.0,
          0.0,
          1.0
        ]
      ]
    },
    {
      "file_path": "/media/NFS/ttao/scannet/posed_images/scene0255_00/00250.jpg",
      "transform_matrix": [
        [
          -0.424124,
          -0.405759,
          0.809616,
          1.289138
        ],
        [
          -0.905602,
          0.191927,
          -0.378218,
          2.287396
        ],
        [
          -0.001922,
          -0.893602,
          -0.448857,
          1.37527
        ],
        [
          0.0,
          0.0,
          0.0,
          1.0
        ]
      ]
    },
    {
      "file_path": "/media/NFS/ttao/scannet/posed_images/scene0255_00/00257.jpg",
      "transform_matrix": [
        [
          -0.493997,
          -0.408323,
          0.767619,
          1.296641
        ],
        [
          -0.869439,
          0.225334,
          -0.43966,
          2.260448
        ],
        [
          0.006553,
          -0.884588,
          -0.466327,
          1.366122
        ],
        [
          0.0,
          0.0,
          0.0,
          1.0
        ]
      ]
    },
    {
      "file_path": "/media/NFS/ttao/scannet/posed_images/scene0255_00/00263.jpg",
      "transform_matrix": [
        [
          -0.523527,
          -0.401904,
          0.751261,
          1.303721
        ],
        [
          -0.852006,
          0.244646,
          -0.462854,
          2.240619
        ],
        [
          0.00223,
          -0.882395,
          -0.470504,
          1.361547
        ],
        [
          0.0,
          0.0,
          0.0,
          1.0
        ]
      ]
    },
    {
      "file_path": "/media/NFS/ttao/scannet/posed_images/scene0255_00/00264.jpg",
      "transform_matrix": [
        [
          -0.527782,
          -0.402532,
          0.74794,
          1.306106
        ],
        [
          -0.849379,
          0.249188,
          -0.465253,
          2.236133
        ],
        [
          0.000902,
          -0.880837,
          -0.47342,
          1.362002
        ],
        [
          0.0,
          0.0,
          0.0,
          1.0
        ]
      ]
    },
    {
      "file_path": "/media/NFS/ttao/scannet/posed_images/scene0255_00/00269.jpg",
      "transform_matrix": [
        [
          -0.558665,
          -0.399772,
          0.726689,
          1.318846
        ],
        [
          -0.829392,
          0.270802,
          -0.488646,
          2.216115
        ],
        [
          -0.001442,
          -0.875699,
          -0.482855,
          1.35876
        ],
        [
          0.0,
          0.0,
          0.0,
          1.0
        ]
      ]
    },
    {
      "file_path": "/media/NFS/ttao/scannet/posed_images/scene0255_00/00274.jpg",
      "transform_matrix": [
        [
          -0.589566,
          -0.397909,
          0.702908,
          1.332515
        ],
        [
          -0.80772,
          0.289828,
          -0.513409,
          2.190422
        ],
        [
          0.000568,
          -0.870442,
          -0.492272,
          1.355987
        ],
        [
          0.0,
          0.0,
          0.0,
          1.0
        ]
      ]
    },
    {
      "file_path": "/media/NFS/ttao/scannet/posed_images/scene0255_00/00279.jpg",
      "transform_matrix": [
        [
          -0.624514,
          -0.382019,
          0.681208,
          1.349221
        ],
        [
          -0.781013,
          0.304203,
          -0.545417,
          2.159172
        ],
        [
          0.001134,
          -0.872652,
          -0.488341,
          1.360664
        ],
        [
          0.0,
          0.0,
          0.0,
          1.0
        ]
      ]
    },
    {
      "file_path": "/media/NFS/ttao/scannet/posed_images/scene0255_00/00283.jpg",
      "transform_matrix": [
        [
          -0.649861,
          -0.365748,
          0.666265,
          1.359687
        ],
        [
          -0.76005,
          0.310309,
          -0.570992,
          2.127779
        ],
        [
          0.002091,
          -0.87746,
          -0.479645,
          1.364317
        ],
        [
          0.0,
          0.0,
          0.0,
          1.0
        ]
      ]
    },
    {
      "file_path": "/media/NFS/ttao/scannet/posed_images/scene0255_00/00287.jpg",
      "transform_matrix": [
        [
          -0.676752,
          -0.349055,
          0.648203,
          1.371534
        ],
        [
          -0.7362,
          0.316068,
          -0.598424,
          2.091754
        ],
        [
          0.004007,
          -0.882192,
          -0.470874,
          1.370164
        ],
        [
          0.0,
          0.0,
          0.0,
          1.0
        ]
      ]
    },
    {
      "file_path": "/media/NFS/ttao/scannet/posed_images/scene0255_00/00295.jpg",
      "transform_matrix": [
        [
          -0.759314,
          -0.336859,
          0.556748,
          1.392147
        ],
        [
          -0.648899,
          0.327929,
          -0.686581,
          2.02391
        ],
        [
          0.048707,
          -0.882603,
          -0.467589,
          1.396937
        ],
        [
          0.0,
          0.0,
          0.0,
          1.0
        ]
      ]
    },
    {
      "file_path": "/media/NFS/ttao/scannet/posed_images/scene0255_00/00300.jpg",
      "transform_matrix": [
        [
          -0.833279,
          -0.279609,
          0.476934,
          1.410037
        ],
        [
          -0.551259,
          0.354743,
          -0.755163,
          2.012494
        ],
        [
          0.041961,
          -0.892175,
          -0.449736,
          1.396948
        ],
        [
          0.0,
          0.0,
          0.0,
          1.0
        ]
      ]
    },
    {
      "file_path": "/media/NFS/ttao/scannet/posed_images/scene0255_00/00305.jpg",
      "transform_matrix": [
        [
          -0.896962,
          -0.231926,
          0.37639,
          1.441402
        ],
        [
          -0.440167,
          0.388798,
          -0.809376,
          2.006622
        ],
        [
          0.041375,
          -0.891654,
          -0.450823,
          1.397378
        ],
        [
          0.0,
          0.0,
          0.0,
          1.0
        ]
      ]
    },
    {
      "file_path": "/media/NFS/ttao/scannet/posed_images/scene0255_00/00310.jpg",
      "transform_matrix": [
        [
          -0.931802,
          -0.188566,
          0.310141,
          1.471157
        ],
        [
          -0.361853,
          0.415697,
          -0.834421,
          1.999113
        ],
        [
          0.028419,
          -0.889741,
          -0.455581,
          1.397425
        ],
        [
          0.0,
          0.0,
          0.0,
          1.0
        ]
      ]
    },
    {
      "file_path": "/media/NFS/ttao/scannet/posed_images/scene0255_00/00312.jpg",
      "transform_matrix": [
        [
          -0.942093,
          -0.180372,
          0.282713,
          1.485893
        ],
        [
          -0.333589,
          0.417726,
          -0.845118,
          2.00268
        ],
        [
          0.034339,
          -0.89049,
          -0.453707,
          1.394655
        ],
        [
          0.0,
          0.0,
          0.0,
          1.0
        ]
      ]
    },
    {
      "file_path": "/media/NFS/ttao/scannet/posed_images/scene0255_00/00316.jpg",
      "transform_matrix": [
        [
          -0.960557,
          -0.154639,
          0.231122,
          1.51304
        ],
        [
          -0.276193,
          0.433749,
          -0.857659,
          2.005479
        ],
        [
          0.032378,
          -0.887665,
          -0.459351,
          1.392285
        ],
        [
          0.0,
          0.0,
          0.0,
          1.0
        ]
      ]
    },
    {
      "file_path": "/media/NFS/ttao/scannet/posed_images/scene0255_00/00323.jpg",
      "transform_matrix": [
        [
          -0.979674,
          -0.12397,
          0.1577,
          1.52995
        ],
        [
          -0.197523,
          0.459154,
          -0.866119,
          2.010143
        ],
        [
          0.034964,
          -0.879664,
          -0.474308,
          1.382746
        ],
        [
          0.0,
          0.0,
          0.0,
          1.0
        ]
      ]
    },
    {
      "file_path": "/media/NFS/ttao/scannet/posed_images/scene0255_00/00329.jpg",
      "transform_matrix": [
        [
          -0.990493,
          -0.100997,
          0.093397,
          1.53341
        ],
        [
          -0.130459,
          0.474294,
          -0.870647,
          2.007133
        ],
        [
          0.043635,
          -0.874554,
          -0.482961,
          1.375138
        ],
        [
          0.0,
          0.0,
          0.0,
          1.0
        ]
      ]
    },
    {
      "file_path": "/media/NFS/ttao/scannet/posed_images/scene0255_00/00331.jpg",
      "transform_matrix": [
        [
          -0.992768,
          -0.086656,
          0.083074,
          1.510604
        ],
        [
          -0.114311,
          0.471111,
          -0.874636,
          2.004735
        ],
        [
          0.036656,
          -0.877807,
          -0.47761,
          1.374892
        ],
        [
          0.0,
          0.0,
          0.0,
          1.0
        ]
      ]
    },
    {
      "file_path": "/media/NFS/ttao/scannet/posed_images/scene0255_00/00336.jpg",
      "transform_matrix": [
        [
          -0.99598,
          -0.070425,
          0.055344,
          1.48413
        ],
        [
          -0.081122,
          0.447314,
          -0.89069,
          1.998648
        ],
        [
          0.037971,
          -0.8916,
          -0.451229,
          1.384519
        ],
        [
          0.0,
          0.0,
          0.0,
          1.0
        ]
      ]
    },
    {
      "file_path": "/media/NFS/ttao/scannet/posed_images/scene0255_00/00344.jpg",
      "transform_matrix": [
        [
          -0.998783,
          -0.046102,
          0.017531,
          1.432855
        ],
        [
          -0.03458,
          0.401084,
          -0.915388,
          1.995522
        ],
        [
          0.03517,
          -0.914881,
          -0.40219,
          1.40731
        ],
        [
          0.0,
          0.0,
          0.0,
          1.0
        ]
      ]
    },
    {
      "file_path": "/media/NFS/ttao/scannet/posed_images/scene0255_00/00348.jpg",
      "transform_matrix": [
        [
          -0.999647,
          -0.024743,
          0.009651,
          1.413736
        ],
        [
          -0.018681,
          0.396732,
          -0.917744,
          1.994245
        ],
        [
          0.018879,
          -0.917601,
          -0.397055,
          1.408756
        ],
        [
          0.0,
          0.0,
          0.0,
          1.0
        ]
      ]
    },
    {
      "file_path": "/media/NFS/ttao/scannet/posed_images/scene0255_00/00354.jpg",
      "transform_matrix": [
        [
          -0.999956,
          -0.009353,
          -0.00102,
          1.401799
        ],
        [
          -0.002982,
          0.417888,
          -0.908494,
          1.995162
        ],
        [
          0.008923,
          -0.90845,
          -0.417898,
          1.397368
        ],
        [
          0.0,
          0.0,
          0.0,
          1.0
        ]
      ]
    },
    {
      "file_path": "/media/NFS/ttao/scannet/posed_images/scene0255_00/00355.jpg",
      "transform_matrix": [
        [
          -0.999942,
          -0.003042,
          -0.01036,
          1.404815
        ],
        [
          0.008165,
          0.414702,
          -0.909921,
          1.995343
        ],
        [
          0.007064,
          -0.909952,
          -0.414653,
          1.394984
        ],
        [
          0.0,
          0.0,
          0.0,
          1.0
        ]
      ]
    },
    {
      "file_path": "/media/NFS/ttao/scannet/posed_images/scene0255_00/00360.jpg",
      "transform_matrix": [
        [
          -0.997696,
          0.020849,
          -0.064552,
          1.421641
        ],
        [
          0.067488,
          0.401209,
          -0.913497,
          1.992455
        ],
        [
          0.006853,
          -0.915749,
          -0.401692,
          1.393977
        ],
        [
          0.0,
          0.0,
          0.0,
          1.0
        ]
      ]
    },
    {
      "file_path": "/media/NFS/ttao/scannet/posed_images/scene0255_00/00365.jpg",
      "transform_matrix": [
        [
          -0.988392,
          0.058795,
          -0.140085,
          1.452344
        ],
        [
          0.151758,
          0.425113,
          -0.892328,
          1.987566
        ],
        [
          0.007087,
          -0.903229,
          -0.429101,
          1.375627
        ],
        [
          0.0,
          0.0,
          0.0,
          1.0
        ]
      ]
    },
    {
      "file_path": "/media/NFS/ttao/scannet/posed_images/scene0255_00/00373.jpg",
      "transform_matrix": [
        [
          -0.958119,
          0.120046,
          -0.259993,
          1.496404
        ],
        [
          0.286158,
          0.436245,
          -0.853114,
          1.979197
        ],
        [
          0.011008,
