{
  "frames": [
    {
      "file_path": "/media/NFS/ttao/scannet/posed_images/scene0646_00/00000.jpg",
      "transform_matrix": [
        [
          -0.990807,
          0.043331,
          0.128156,
          3.799566
        ],
        [
          -0.060686,
          0.704296,
          -0.707308,
          6.220209
        ],
        [
          -0.120908,
          -0.708583,
          -0.695192,
          2.661241
        ],
        [
          0.0,
          0.0,
          0.0,
          1.0
        ]
      ]
    },
    {
      "file_path": "/media/NFS/ttao/scannet/posed_images/scene0646_00/00024.jpg",
      "transform_matrix": [
        [
          -0.988922,
          0.118909,
          0.08885,
          3.757934
        ],
        [
          0.003767,
          0.61848,
          -0.785791,
          6.25858
        ],
        [
          -0.148389,
          -0.776752,
          -0.612077,
          2.701411
        ],
        [
          0.0,
          0.0,
          0.0,
          1.0
        ]
      ]
    },
    {
      "file_path": "/media/NFS/ttao/scannet/posed_images/scene0646_00/00039.jpg",
      "transform_matrix": [
        [
          -0.986604,
          0.132866,
          0.094653,
          3.745941
        ],
        [
          -0.001206,
          0.574261,
          -0.818671,
          6.260455
        ],
        [
          -0.163129,
          -0.807818,
          -0.566408,
          2.721628
        ],
        [
          0.0,
          0.0,
          0.0,
          1.0
        ]
      ]
    },
    {
      "file_path": "/media/NFS/ttao/scannet/posed_images/scene0646_00/00044.jpg",
      "transform_matrix": [
        [
          -0.986346,
          0.134564,
          0.094944,
          3.744532
        ],
        [
          -0.00341,
          0.5597,
          -0.828688,
          6.262767
        ],
        [
          -0.164652,
          -0.817697,
          -0.551599,
          2.726562
        ],
        [
          0.0,
          0.0,
          0.0,
          1.0
        ]
      ]
    },
    {
      "file_path": "/media/NFS/ttao/scannet/posed_images/scene0646_00/00073.jpg",
      "transform_matrix": [
        [
          -0.984089,
          0.176784,
          0.017781,
          3.715527
        ],
        [
          0.063454,
          0.443163,
          -0.894193,
          6.260143
        ],
        [
          -0.165959,
          -0.878837,
          -0.447329,
          2.763575
        ],
        [
          0.0,
          0.0,
          0.0,
          1.0
        ]
      ]
    },
    {
      "file_path": "/media/NFS/ttao/scannet/posed_images/scene0646_00/00078.jpg",
      "transform_matrix": [
        [
          -0.982804,
          0.184313,
          0.011196,
          3.710422
        ],
        [
          0.070673,
          0.431475,
          -0.899352,
          6.260489
        ],
        [
          -0.170593,
          -0.883095,
          -0.437082,
          2.767753
        ],
        [
          0.0,
          0.0,
          0.0,
          1.0
        ]
      ]
    },
    {
      "file_path": "/media/NFS/ttao/scannet/posed_images/scene0646_00/00102.jpg",
      "transform_matrix": [
        [
          -0.975047,
          0.211186,
          -0.068435,
          3.648333
        ],
        [
          0.144059,
          0.367366,
          -0.918852,
          6.247406
        ],
        [
          -0.168908,
          -0.905783,
          -0.388622,
          2.784642
        ],
        [
          0.0,
          0.0,
          0.0,
          1.0
        ]
      ]
    },
    {
      "file_path": "/media/NFS/ttao/scannet/posed_images/scene0646_00/00117.jpg",
      "transform_matrix": [
        [
          -0.971988,
          0.210333,
          -0.104873,
          3.569838
        ],
        [
          0.171223,
          0.328039,
          -0.929017,
          6.220545
        ],
        [
          -0.161001,
          -0.920951,
          -0.354864,
          2.786014
        ],
        [
          0.0,
          0.0,
          0.0,
          1.0
        ]
      ]
    },
    {
      "file_path": "/media/NFS/ttao/scannet/posed_images/scene0646_00/00127.jpg",
      "transform_matrix": [
        [
          -0.968735,
          0.219315,
          -0.115989,
          3.512187
        ],
        [
          0.184458,
          0.324039,
          -0.927887,
          6.177488
        ],
        [
          -0.165915,
          -0.920272,
          -0.354362,
          2.788664
        ],
        [
          0.0,
          0.0,
          0.0,
          1.0
        ]
      ]
    },
    {
      "file_path": "/media/NFS/ttao/scannet/posed_images/scene0646_00/00146.jpg",
      "transform_matrix": [
        [
          -0.952538,
          0.188576,
          -0.238977,
          3.498004
        ],
        [
          0.285982,
          0.285275,
          -0.914785,
          5.970026
        ],
        [
          -0.104333,
          -0.939711,
          -0.325665,
          2.788038
        ],
        [
          0.0,
          0.0,
          0.0,
          1.0
        ]
      ]
    },
    {
      "file_path": "/media/NFS/ttao/scannet/posed_images/scene0646_00/00161.jpg",
      "transform_matrix": [
        [
          -0.938682,
          0.212767,
          -0.271306,
          3.450991
        ],
        [
          0.328372,
          0.311792,
          -0.891604,
          5.77387
        ],
        [
          -0.105113,
          -0.926022,
          -0.36254,
          2.759265
        ],
        [
          0.0,
          0.0,
          0.0,
          1.0
        ]
      ]
    },
    {
      "file_path": "/media/NFS/ttao/scannet/posed_images/scene0646_00/00175.jpg",
      "transform_matrix": [
        [
          -0.917637,
          0.228246,
          -0.325339,
          3.375337
        ],
        [
          0.383508,
          0.293875,
          -0.875533,
          5.581829
        ],
        [
          -0.104228,
          -0.928192,
          -0.357205,
          2.758097
        ],
        [
          0.0,
          0.0,
          0.0,
          1.0
        ]
      ]
    },
    {
      "file_path": "/media/NFS/ttao/scannet/posed_images/scene0646_00/00200.jpg",
      "transform_matrix": [
        [
          -0.793772,
          0.34227,
          -0.50277,
          3.306096
        ],
        [
          0.60312,
          0.336172,
          -0.723349,
          5.430485
        ],
        [
          -0.078563,
          -0.877405,
          -0.473274,
          2.752011
        ],
        [
          0.0,
          0.0,
          0.0,
          1.0
        ]
      ]
    },
    {
      "file_path": "/media/NFS/ttao/scannet/posed_images/scene0646_00/00210.jpg",
      "transform_matrix": [
        [
          -0.726194,
          0.38611,
          -0.568824,
          3.327629
        ],
        [
          0.684099,
          0.323768,
          -0.653592,
          5.353671
        ],
        [
          -0.068191,
          -0.863767,
          -0.499256,
          2.755443
        ],
        [
          0.0,
          0.0,
          0.0,
          1.0
        ]
      ]
    },
    {
      "file_path": "/media/NFS/ttao/scannet/posed_images/scene0646_00/00229.jpg",
      "transform_matrix": [
        [
          -0.582583,
          0.460289,
          -0.669874,
          3.204576
        ],
        [
          0.808001,
          0.238828,
          -0.538605,
          5.19395
        ],
        [
          -0.087929,
          -0.855041,
          -0.511051,
          2.75092
        ],
        [
          0.0,
          0.0,
          0.0,
          1.0
        ]
      ]
    },
    {
      "file_path": "/media/NFS/ttao/scannet/posed_images/scene0646_00/00249.jpg",
      "transform_matrix": [
        [
          -0.329435,
          0.519461,
          -0.788437,
          3.077208
        ],
        [
          0.943556,
          0.150819,
          -0.294882,
          5.005298
        ],
        [
          -0.034268,
          -0.841079,
          -0.539826,
          2.736757
        ],
        [
          0.0,
          0.0,
          0.0,
          1.0
        ]
      ]
    },
    {
      "file_path": "/media/NFS/ttao/scannet/posed_images/scene0646_00/00268.jpg",
      "transform_matrix": [
        [
          -0.079049,
          0.541641,
          -0.836885,
          2.966672
        ],
        [
          0.996113,
          0.010191,
          -0.087493,
          4.817885
        ],
        [
          -0.038861,
          -0.840549,
          -0.540341,
          2.751719
        ],
        [
          0.0,
          0.0,
          0.0,
          1.0
        ]
      ]
    },
    {
      "file_path": "/media/NFS/ttao/scannet/posed_images/scene0646_00/00273.jpg",
      "transform_matrix": [
        [
          -0.023735,
          0.542194,
          -0.839918,
          2.928659
        ],
        [
          0.999374,
          -0.009177,
          -0.034165,
          4.7844
        ],
        [
          -0.026232,
          -0.840203,
          -0.541637,
          2.73816
        ],
        [
          0.0,
          0.0,
          0.0,
          1.0
        ]
      ]
    },
    {
      "file_path": "/media/NFS/ttao/scannet/posed_images/scene0646_00/00302.jpg",
      "transform_matrix": [
        [
          0.343954,
          0.496906,
          -0.796731,
          2.724629
        ],
        [
          0.938723,
          -0.161877,
          0.304294,
          4.637279
        ],
        [
          0.022233,
          -0.852573,
          -0.522135,
          2.73496
        ],
        [
          0.0,
          0.0,
          0.0,
          1.0
        ]
      ]
    },
    {
      "file_path": "/media/NFS/ttao/scannet/posed_images/scene0646_00/00317.jpg",
      "transform_matrix": [
        [
          0.535532,
          0.463548,
          -0.705923,
          2.678946
        ],
        [
          0.844246,
          -0.272792,
          0.461337,
          4.506505
        ],
        [
          0.021282,
          -0.843035,
          -0.537438,
          2.73963
        ],
        [
          0.0,
          0.0,
          0.0,
          1.0
        ]
      ]
    },
    {
      "file_path": "/media/NFS/ttao/scannet/posed_images/scene0646_00/00326.jpg",
      "transform_matrix": [
        [
          0.614171,
          0.444601,
          -0.652016,
          2.655846
        ],
        [
          0.788197,
          -0.304504,
          0.534811,
          4.461124
        ],
        [
          0.039236,
          -0.842382,
          -0.53745,
          2.734508
        ],
        [
          0.0,
          0.0,
          0.0,
          1.0
        ]
      ]
    },
    {
      "file_path": "/media/NFS/ttao/scannet/posed_images/scene0646_00/00336.jpg",
      "transform_matrix": [
        [
          0.703003,
          0.391697,
          -0.593599,
          2.598594
        ],
        [
          0.710473,
          -0.349426,
          0.610843,
          4.453283
        ],
        [
          0.031846,
          -0.851161,
          -0.523938,
          2.728642
        ],
        [
          0.0,
          0.0,
          0.0,
          1.0
        ]
      ]
    },
    {
      "file_path": "/media/NFS/ttao/scannet/posed_images/scene0646_00/00356.jpg",
      "transform_matrix": [
        [
          0.89405,
          0.283769,
          -0.346626,
          2.486978
        ],
        [
          0.439408,
          -0.404988,
          0.801814,
          4.427324
        ],
        [
          0.087151,
          -0.869172,
          -0.48677,
          2.734125
        ],
        [
          0.0,
          0.0,
          0.0,
          1.0
        ]
      ]
    },
    {
      "file_path": "/media/NFS/ttao/scannet/posed_images/scene0646_00/00380.jpg",
      "transform_matrix": [
        [
          0.991834,
          0.117879,
          -0.048695,
          2.413337
        ],
        [
          0.092753,
          -0.404596,
          0.90978,
          4.292809
        ],
        [
          0.087542,
          -0.906866,
          -0.412225,
          2.745715
        ],
        [
          0.0,
          0.0,
          0.0,
          1.0
        ]
      ]
    },
    {
      "file_path": "/media/NFS/ttao/scannet/posed_images/scene0646_00/00400.jpg",
      "transform_matrix": [
        [
          0.99367,
          0.087469,
          0.070495,
          2.408923
        ],
        [
          -0.030618,
          -0.392897,
          0.919073,
          4.150533
        ],
        [
          0.108088,
          -0.915413,
          -0.387731,
          2.741913
        ],
        [
          0.0,
          0.0,
          0.0,
          1.0
        ]
      ]
    },
    {
      "file_path": "/media/NFS/ttao/scannet/posed_images/scene0646_00/00404.jpg",
      "transform_matrix": [
        [
          0.992655,
          0.072633,
          0.096754,
          2.399388
        ],
        [
          -0.059819,
          -0.400476,
          0.914353,
          4.119061
        ],
        [
          0.10516,
          -0.913424,
          -0.393189,
          2.745195
        ],
        [
          0.0,
          0.0,
          0.0,
          1.0
        ]
      ]
    },
    {
      "file_path": "/media/NFS/ttao/scannet/posed_images/scene0646_00/00424.jpg",
      "transform_matrix": [
        [
          0.930146,
          -0.039079,
          0.365105,
          2.215105
        ],
        [
          -0.352173,
          -0.376403,
          0.85691,
          4.041473
        ],
        [
          0.103939,
          -0.925632,
          -0.363872,
          2.717124
        ],
        [
          0.0,
          0.0,
          0.0,
          1.0
        ]
      ]
    },
    {
      "file_path": "/media/NFS/ttao/scannet/posed_images/scene0646_00/00434.jpg",
      "transform_matrix": [
        [
          0.887027,
          -0.06732,
          0.456783,
          2.13497
        ],
        [
          -0.447861,
          -0.365999,
          0.81576,
          4.044139
        ],
        [
          0.112265,
          -0.928177,
          -0.354801,
          2.701931
        ],
        [
          0.0,
          0.0,
          0.0,
          1.0
        ]
      ]
    },
    {
      "file_path": "/media/NFS/ttao/scannet/posed_images/scene0646_00/00458.jpg",
      "transform_matrix": [
        [
          0.775765,
          -0.118305,
          0.619833,
          2.076568
        ],
        [
          -0.619341,
          -0.33087,
          0.711998,
          4.10502
        ],
        [
          0.120851,
          -0.936231,
          -0.329949,
          2.675086
        ],
        [
          0.0,
          0.0,
          0.0,
          1.0
        ]
      ]
    },
    {
      "file_path": "/media/NFS/ttao/scannet/posed_images/scene0646_00/00478.jpg",
      "transform_matrix": [
        [
          0.681349,
          -0.156195,
          0.715099,
          2.127492
        ],
        [
          -0.724547,
          -0.282599,
          0.628625,
          4.263426
        ],
        [
          0.103898,
          -0.946436,
          -0.305719,
          2.665269
        ],
        [
          0.0,
          0.0,
          0.0,
          1.0
        ]
      ]
    },
    {
      "file_path": "/media/NFS/ttao/scannet/posed_images/scene0646_00/00487.jpg",
      "transform_matrix": [
        [
          0.629597,
          -0.159188,
          0.760439,
          2.125488
        ],
        [
          -0.768994,
          -0.267162,
          0.580753,
          4.380643
        ],
        [
          0.110711,
          -0.950412,
          -0.290619,
          2.662851
        ],
        [
          0.0,
          0.0,
          0.0,
          1.0
        ]
      ]
    },
    {
      "file_path": "/media/NFS/ttao/scannet/posed_images/scene0646_00/00512.jpg",
      "transform_matrix": [
        [
          0.37138,
          -0.275147,
          0.886775,
          2.197434
        ],
        [
          -0.924581,
          -0.197039,
          0.326076,
          4.717757
        ],
        [
          0.08501,
          -0.940994,
          -0.327572,
          2.65973
        ],
        [
          0.0,
          0.0,
          0.0,
          1.0
        ]
      ]
    },
    {
      "file_path": "/media/NFS/ttao/scannet/posed_images/scene0646_00/00526.jpg",
      "transform_matrix": [
        [
          0.293196,
          -0.312691,
          0.903471,
          2.295868
        ],
        [
          -0.953484,
          -0.16485,
          0.252372,
          4.925916
        ],
        [
          0.070023,
          -0.935441,
          -0.346479,
          2.6655
        ],
        [
          0.0,
          0.0,
          0.0,
          1.0
        ]
      ]
    },
    {
      "file_path": "/media/NFS/ttao/scannet/posed_images/scene0646_00/00541.jpg",
      "transform_matrix": [
        [
          0.164255,
          -0.347181,
          0.923301,
          2.386434
        ],
        [
          -0.984752,
          -0.112098,
          0.133036,
          5.131895
        ],
        [
          0.057312,
          -0.931074,
          -0.3603,
          2.68301
        ],
        [
          0.0,
          0.0,
          0.0,
          1.0
        ]
      ]
    },
    {
      "file_path": "/media/NFS/ttao/scannet/posed_images/scene0646_00/00556.jpg",
      "transform_matrix": [
        [
          -0.02272,
          -0.414404,
          0.909809,
          2.487895
        ],
        [
          -0.999495,
          -0.010786,
          -0.029873,
          5.300839
        ],
        [
          0.022193,
          -0.910029,
          -0.41395,
          2.674147
        ],
        [
          0.0,
          0.0,
          0.0,
          1.0
        ]
      ]
    },
    {
      "file_path": "/media/NFS/ttao/scannet/posed_images/scene0646_00/00575.jpg",
      "transform_matrix": [
        [
          -0.016603,
          -0.384798,
          0.922852,
          2.68029
        ],
        [
          -0.999553,
          0.029333,
          -0.005752,
          5.524428
        ],
        [
          -0.024857,
          -0.922535,
          -0.385113,
          2.684788
        ],
        [
          0.0,
          0.0,
          0.0,
          1.0
        ]
      ]
    },
    {
      "file_path": "/media/NFS/ttao/scannet/posed_images/scene0646_00/00580.jpg",
      "transform_matrix": [
        [
          0.000776,
          -0.405384,
          0.914146,
          2.719226
        ],
        [
          -0.999909,
          0.012012,
          0.006176,
          5.570973
        ],
        [
          -0.013484,
          -0.914068,
          -0.405338,
          2.676437
        ],
        [
          0.0,
          0.0,
          0.0,
          1.0
        ]
      ]
    },
    {
      "file_path": "/media/NFS/ttao/scannet/posed_images/scene0646_00/00599.jpg",
      "transform_matrix": [
        [
          -0.030107,
          -0.348086,
          0.936979,
          2.823237
        ],
        [
          -0.999019,
          0.040936,
          -0.016893,
          5.80287
        ],
        [
          -0.032477,
          -0.936568,
          -0.348977,
          2.702347
        ],
        [
          0.0,
          0.0,
          0.0,
          1.0
        ]
      ]
    },
    {
      "file_path": "/media/NFS/ttao/scannet/posed_images/scene0646_00/00614.jpg",
      "transform_matrix": [
        [
          -0.087555,
          -0.307322,
          0.947569,
          2.928672
        ],
        [
          -0.995277,
          0.067033,
          -0.070223,
          5.853187
        ],
        [
          -0.041937,
          -0.949242,
          -0.311739,
          2.728047
        ],
        [
          0.0,
          0.0,
          0.0,
          1.0
        ]
      ]
    },
    {
      "file_path": "/media/NFS/ttao/scannet/posed_images/scene0646_00/00643.jpg",
      "transform_matrix": [
        [
          -0.410914,
          -0.384832,
          0.82647,
          3.164577
        ],
        [
          -0.911483,
          0.191947,
          -0.363805,
          5.925656
        ],
        [
          -0.018635,
          -0.902807,
          -0.429642,
          2.714734
        ],
        [
          0.0,
          0.0,
          0.0,
          1.0
        ]
      ]
    },
    {
      "file_path": "/media/NFS/ttao/scannet/posed_images/scene0646_00/00658.jpg",
      "transform_matrix": [
        [
          -0.581167,
          -0.350751,
          0.734315,
          3.240684
        ],
        [
          -0.813161,
          0.285585,
          -0.507158,
          5.998024
        ],
        [
          -0.031823,
          -0.89186,
          -0.45119,
          2.695889
        ],
        [
          0.0,
          0.0,
          0.0,
          1.0
        ]
      ]
    },
    {
      "file_path": "/media/NFS/ttao/scannet/posed_images/scene0646_00/00672.jpg",
      "transform_matrix": [
        [
          -0.689168,
          -0.299162,
          0.659962,
          3.311343
        ],
        [
          -0.72212,
          0.358866,
          -0.591403,
          5.977462
        ],
        [
          -0.059913,
          -0.884148,
          -0.46335,
          2.696005
        ],
        [
          0.0,
          0.0,
          0.0,
          1.0
        ]
      ]
    },
    {
      "file_path": "/media/NFS/ttao/scannet/posed_images/scene0646_00/00692.jpg",
      "transform_matrix": [
        [
          -0.648078,
          -0.34301,
          0.679955,
          3.469462
        ],
        [
          -0.752687,
          0.424485,
          -0.503265,
          5.988771
        ],
        [
          -0.116006,
          -0.837948,
          -0.533279,
          2.7293
        ],
        [
          0.0,
          0.0,
          0.0,
          1.0
        ]
      ]
    },
    {
      "file_path": "/media/NFS/ttao/scannet/posed_images/scene0646_00/00702.jpg",
      "transform_matrix": [
        [
          -0.683963,
          -0.330175,
          0.650522,
          3.538079
        ],
        [
          -0.717611,
          0.464948,
          -0.518515,
          6.047736
        ],
        [
          -0.131258,
          -0.821467,
          -0.554945,
          2.744781
        ],
        [
          0.0,
          0.0,
          0.0,
          1.0
        ]
      ]
    },
    {
      "file_path": "/media/NFS/ttao/scannet/posed_images/scene0646_00/00711.jpg",
      "transform_matrix": [
        [
          -0.735629,
          -0.319267,
          0.597427,
          3.575804
        ],
        [
          -0.665715,
          0.503747,
          -0.55051,
          6.082992
        ],
        [
          -0.125193,
          -0.802688,
          -0.583112,
          2.748828
        ],
        [
          0.0,
          0.0,
          0.0,
          1.0
        ]
      ]
    },
    {
      "file_path": "/media/NFS/ttao/scannet/posed_images/scene0646_00/00731.jpg",
      "transform_matrix": [
        [
          -0.847518,
          -0.209355,
          0.487734,
          3.589586
        ],
        [
          -0.515597,
          0.54287,
          -0.662912,
          6.046984
        ],
        [
          -0.125992,
          -0.813304,
          -0.568034,
          2.757629
        ],
        [
          0.0,
          0.0,
          0.0,
          1.0
        ]
      ]
    },
    {
      "file_path": "/media/NFS/ttao/scannet/posed_images/scene0646_00/00746.jpg",
      "transform_matrix": [
        [
          -0.900561,
          -0.10626,
          0.421542,
          3.583084
        ],
        [
          -0.405951,
          0.552486,
          -0.727986,
          5.975455
        ],
        [
          -0.15554,
          -0.826721,
          -0.540684,
          2.767198
        ],
        [
          0.0,
          0.0,
          0.0,
          1.0
        ]
      ]
    },
    {
      "file_path": "/media/NFS/ttao/scannet/posed_images/scene0646_00/00770.jpg",
      "transform_matrix": [
        [
          -0.977821,
          0.101515,
          0.183198,
          3.559173
        ],
        [
          -0.107848,
          0.50577,
          -0.855901,
          5.941415
        ],
        [
          -0.179543,
          -0.856675,
          -0.483604,
          2.788424
        ],
        [
          0.0,
          0.0,
          0.0,
          1.0
        ]
      ]
    },
    {
      "file_path": "/media/NFS/ttao/scannet/posed_images/scene0646_00/00785.jpg",
      "transform_matrix": [
        [
          -0.984224,
          0.155986,
          0.083492,
          3.52142
        ],
        [
          0.004213,
          0.492436,
          -0.870339,
          5.918931
        ],
        [
          -0.176875,
          -0.856257,
          -0.485324,
          2.789051
        ],
        [
          0.0,
          0.0,
          0.0,
          1.0
        ]
      ]
    },
    {
      "file_path": "/media/NFS/ttao/scannet/posed_images/scene0646_00/00804.jpg",
      "transform_matrix": [
        [
          -0.988743,
          0.129139,
          0.075568,
          3.31158
        ],
        [
          -0.015478,
          0.414062,
          -0.910117,
          5.874006
        ],
        [
          -0.148821,
          -0.901042,
          -0.407402,
          2.781892
        ],
        [
          0.0,
          0.0,
          0.0,
          1.0
        ]
      ]
    },
    {
      "file_path": "/media/NFS/ttao/scannet/posed_images/scene0646_00/00809.jpg",
      "transform_matrix": [
        [
          -0.989322,
          0.122625,
          0.078774,
          3.256341
        ],
        [
          -0.021243,
          0.413389,
          -0.910307,
          5.846718
        ],
        [
          -0.144191,
          -0.90226,
          -0.40637,
          2.780339
        ],
        [
          0.0,
          0.0,
          0.0,
          1.0
        ]
      ]
    },
    {
      "file_path": "/media/NFS/ttao/scannet/posed_images/scene0646_00/00838.jpg",
      "transform_matrix": [
        [
          -0.993835,
          0.109205,
          -0.019114,
          3.031284
        ],
        [
          0.059008,
          0.375093,
          -0.925107,
          5.506426
        ],
        [
          -0.093857,
          -0.920532,
          -0.379225,
          2.749871
        ],
        [
          0.0,
          0.0,
          0.0,
          1.0
        ]
      ]
    },
    {
      "file_path": "/media/NFS/ttao/scannet/posed_images/scene0646_00/00843.jpg",
      "transform_matrix": [
        [
          -0.994161,
          0.106948,
          0.014353,
          3.002058
        ],
        [
          0.02718,
          0.376908,
          -0.925852,
          5.454743
        ],
        [
          -0.104428,
          -0.920056,
          -0.377614,
          2.741634
        ],
        [
          0.0,
          0.0,
          0.0,
          1.0
        ]
      ]
    },
    {
      "file_path": "/media/NFS/ttao/scannet/posed_images/scene0646_00/00863.jpg",
      "transform_matrix": [
        [
          -0.973321,
          -0.00082,
          0.229445,
          2.682885
        ],
        [
          -0.208633,
          0.419325,
          -0.883538,
          5.207799
        ],
        [
          -0.095487,
          -0.907836,
          -0.408309,
          2.737491
        ],
        [
          0.0,
          0.0,
          0.0,
          1.0
        ]
      ]
    },
    {
      "file_path": "/media/NFS/ttao/scannet/posed_images/scene0646_00/00877.jpg",
      "transform_matrix": [
        [
          -0.978205,
          0.008608,
          0.207462,
          2.561408
        ],
        [
          -0.190274,
          0.362849,
          -0.912215,
          5.08298
        ],
        [
          -0.08313,
          -0.931808,
          -0.353303,
          2.734641
        ],
        [
          0.0,
          0.0,
          0.0,
          1.0
        ]
      ]
    },
    {
      "file_path": "/media/NFS/ttao/scannet/posed_images/scene0646_00/00892.jpg",
      "transform_matrix": [
        [
          -0.954863,
          -0.023393,
          0.296124,
          2.433428
        ],
        [
          -0.290352,
          0.283956,
          -0.913819,
          5.077824
        ],
        [
          -0.062709,
          -0.958552,
          -0.277932,
          2.782909
        ],
        [
          0.0,
          0.0,
          0.0,
          1.0
        ]
      ]
    },
    {
      "file_path": "/media/NFS/ttao/scannet/posed_images/scene0646_00/00911.jpg",
      "transform_matrix": [
        [
          -0.930765,
          0.020098,
          0.365064,
          2.34475
        ],
        [
          -0.356062,
          0.176956,
          -0.917554,
          5.125872
        ],
        [
          -0.083041,
          -0.984014,
          -0.157548,
          2.787932
        ],
        [
          0.0,
          0.0,
          0.0,
          1.0
        ]
      ]
    },
    {
      "file_path": "/media/NFS/ttao/scannet/posed_images/scene0646_00/00921.jpg",
      "transform_matrix": [
        [
          -0.929708,
          0.028284,
          0.36721,
          2.326007
        ],
        [
          -0.358156,
          0.162932,
          -0.919335,
          5.122167
        ],
        [
          -0.085832,
          -0.986232,
          -0.141349,
          2.801589
        ],
        [
          0.0,
          0.0,
          0.0,
          1.0
        ]
      ]
    },
    {
      "file_path": "/media/NFS/ttao/scannet/posed_images/scene0646_00/00950.jpg",
      "transform_matrix": [
        [
          -0.980079,
          0.013576,
          0.198145,
          2.222496
        ],
        [
          -0.184341,
          0.309135,
          -0.932981,
          5.112934
        ],
        [
          -0.07392,
          -0.950921,
          -0.300475,
          2.743965
        ],
        [
          0.0,
          0.0,
          0.0,
          1.0
        ]
      ]
    },
    {
      "file_path": "/media/NFS/ttao/scannet/posed_images/scene0646_00/00965.jpg",
      "transform_matrix": [
        [
          -0.985346,
          -0.03465,
          0.167009,
          2.227471
        ],
        [
          -0.167741,
          0.374301,
          -0.91201,
          4.950575
        ],
        [
          -0.030911,
          -0.92666,
          -0.374628,
          2.733081
        ],
        [
          0.0,
          0.0,
          0.0,
          1.0
        ]
      ]
    },
    {
      "file_path": "/media/NFS/ttao/scannet/posed_images/scene0646_00/00975.jpg",
      "transform_matrix": [
        [
          -0.982575,
          -0.043906,
          0.180604,
          2.22604
        ],
        [
          -0.182858,
          0.402424,
          -0.897005,
          4.818652
        ],
        [
          -0.033296,
          -0.9144,
          -0.403441,
          2.728591
        ],
        [
          0.0,
          0.0,
          0.0,
          1.0
        ]
      ]
    },
    {
      "file_path": "/media/NFS/ttao/scannet/posed_images/scene0646_00/00999.jpg",
      "transform_matrix": [
        [
          -0.918158,
          -0.121078,
          0.377262,
          2.080767
        ],
        [
          -0.392795,
          0.402991,
          -0.826626,
          4.453726
        ],
        [
          -0.051947,
          -0.90716,
          -0.417568,
          2.748445
        ],
        [
          0.0,
          0.0,
          0.0,
          1.0
        ]
      ]
    },
    {
      "file_path": "/media/NFS/ttao/scannet/posed_images/scene0646_00/01009.jpg",
      "transform_matrix": [
        [
          -0.929466,
          -0.124441,
          0.347285,
          2.090016
        ],
        [
          -0.368189,
          0.371617,
          -0.852254,
          4.316894
        ],
        [
          -0.023001,
          -0.920008,
          -0.391223,
          2.745088
        ],
        [
          0.0,
          0.0,
          0.0,
          1.0
        ]
      ]
    },
    {
      "file_path": "/media/NFS/ttao/scannet/posed_images/scene0646_00/01028.jpg",
      "transform_matrix": [
        [
          -0.971905,
          -0.141886,
          0.187801,
          2.19155
        ],
        [
          -0.229581,
          0.395524,
          -0.889299,
          3.998854
        ],
        [
          0.0519,
          -0.90743,
          -0.416986,
          2.744069
        ],
        [
          0.0,
          0.0,
          0.0,
          1.0
        ]
      ]
    },
    {
      "file_path": "/media/NFS/ttao/scannet/posed_images/scene0646_00/01048.jpg",
      "transform_matrix": [
        [
          -0.952629,
          -0.146393,
          0.266582,
          2.168522
        ],
        [
          -0.301059,
          0.329591,
          -0.894837,
          3.672431
        ],
        [
          0.043135,
          -0.932705,
          -0.358051,
          2.793594
        ],
        [
          0.0,
          0.0,
          0.0,
          1.0
        ]
      ]
    },
    {
      "file_path": "/media/NFS/ttao/scannet/posed_images/scene0646_00/01053.jpg",
      "transform_matrix": [
        [
          -0.940199,
          -0.173919,
          0.29288,
          2.187363
        ],
        [
          -0.336603,
          0.342616,
          -0.877105,
          3.597255
        ],
        [
          0.0522,
          -0.923237,
          -0.380669,
          2.78554
        ],
        [
          0.0,
          0.0,
          0.0,
          1.0
        ]
      ]
    },
    {
      "file_path": "/media/NFS/ttao/scannet/posed_images/scene0646_00/01067.jpg",
      "transform_matrix": [
        [
          -0.868891,
          -0.284648,
          0.404973,
          2.308461
        ],
        [
          -0.489571,
          0.3733,
          -0.788015,
          3.363567
        ],
        [
          0.07313,
          -0.882962,
          -0.463713,
          2.791998
        ],
        [
          0.0,
          0.0,
          0.0,
          1.0
        ]
      ]
    },
    {
      "file_path": "/media/NFS/ttao/scannet/posed_images/scene0646_00/01096.jpg",
      "transform_matrix": [
        [
          -0.594675,
          -0.464912,
          0.655911,
          2.448058
        ],
        [
          -0.803644,
          0.32066,
          -0.501331,
          2.886495
        ],
        [
          0.02275,
          -0.825248,
          -0.564313,
          2.793276
        ],
        [
          0.0,
          0.0,
          0.0,
          1.0
        ]
      ]
    },
    {
      "file_path": "/media/NFS/ttao/scannet/posed_images/scene0646_00/01106.jpg",
      "transform_matrix": [
        [
          -0.507368,
          -0.486354,
          0.711363,
          2.539111
        ],
        [
          -0.860758,
          0.246844,
          -0.445156,
          2.725696
        ],
        [
          0.040908,
          -0.838169,
          -0.543874,
          2.802514
        ],
        [
          0.0,
          0.0,
          0.0,
          1.0
        ]
      ]
    },
    {
      "file_path": "/media/NFS/ttao/scannet/posed_images/scene0646_00/01116.jpg",
      "transform_matrix": [
        [
          -0.45244,
          -0.512938,
          0.729515,
          2.627273
        ],
        [
          -0.889973,
          0.207434,
          -0.406103,
          2.594422
        ],
        [
          0.05698,
          -0.832986,
          -0.550353,
          2.818282
        ],
        [
          0.0,
          0.0,
          0.0,
          1.0
        ]
      ]
    },
    {
      "file_path": "/media/NFS/ttao/scannet/posed_images/scene0646_00/01140.jpg",
      "transform_matrix": [
        [
          -0.128576,
          -0.632588,
          0.763741,
          2.705662
        ],
        [
          -0.98845,
          0.019453,
          -0.150294,
          2.362811
        ],
        [
          0.080217,
          -0.774244,
          -0.627783,
          2.833198
        ],
        [
          0.0,
          0.0,
          0.0,
          1.0
        ]
      ]
    },
    {
      "file_path": "/media/NFS/ttao/scannet/posed_images/scene0646_00/01155.jpg",
      "transform_matrix": [
        [
          -0.062498,
          -0.539922,
          0.839391,
          2.769861
        ],
        [
          -0.991059,
          -0.065763,
          -0.116091,
          2.337748
        ],
        [
          0.11788,
          -0.839142,
          -0.530985,
          2.866746
        ],
        [
          0.0,
          0.0,
          0.0,
          1.0
        ]
      ]
    },
    {
      "file_path": "/media/NFS/ttao/scannet/posed_images/scene0646_00/01165.jpg",
      "transform_matrix": [
        [
          -0.065288,
          -0.471862,
          0.879252,
          2.810812
        ],
        [
          -0.990755,
          -0.074355,
          -0.113471,
          2.319722
        ],
        [
          0.118919,
          -0.878532,
          -0.462645,
          2.891504
        ],
        [
          0.0,
          0.0,
          0.0,
          1.0
        ]
      ]
    },
    {
      "file_path": "/media/NFS/ttao/scannet/posed_images/scene0646_00/01189.jpg",
      "transform_matrix": [
        [
          -0.07336,
          -0.702181,
          0.708209,
          2.774827
        ],
        [
          -0.987765,
          -0.046833,
          -0.148752,
          2.220162
        ],
        [
          0.137619,
          -0.710456,
          -0.690154,
          2.889333
        ],
        [
          0.0,
          0.0,
          0.0,
          1.0
        ]
      ]
    },
    {
      "file_path": "/media/NFS/ttao/scannet/posed_images/scene0646_00/01199.jpg",
      "transform_matrix": [
        [
          -0.180876,
          -0.772551,
          0.608645,
          2.76598
        ],
        [
          -0.975746,
          0.063372,
          -0.209533,
          2.234435
        ],
        [
          0.123304,
          -0.631782,
          -0.765276,
          2.912258
        ],
        [
          0.0,
          0.0,
          0.0,
          1.0
        ]
      ]
    },
    {
      "file_path": "/media/NFS/ttao/scannet/posed_images/scene0646_00/01223.jpg",
      "transform_matrix": [
        [
          -0.438423,
          -0.80394,
          0.401829,
          2.704774
        ],
        [
          -0.8947,
          0.347895,
          -0.280146,
          2.329134
        ],
        [
          0.085426,
          -0.482338,
          -0.87181,
          2.921393
        ],
        [
          0.0,
          0.0,
          0.0,
          1.0
        ]
      ]
    },
    {
      "file_path": "/media/NFS/ttao/scannet/posed_images/scene0646_00/01233.jpg",
      "transform_matrix": [
        [
          -0.433823,
          -0.798982,
          0.416444,
          2.651774
        ],
        [
          -0.895663,
          0.332204,
          -0.295681,
          2.32103
        ],
        [
          0.0979,
          -0.501267,
          -0.859737,
          2.921932
        ],
        [
          0.0,
          0.0,
          0.0,
          1.0
        ]
      ]
    },
    {
      "file_path": "/media/NFS/ttao/scannet/posed_images/scene0646_00/01257.jpg",
      "transform_matrix": [
        [
          -0.500415,
          -0.737886,
          0.45289,
          2.603537
        ],
        [
          -0.863429,
          0.386762,
          -0.32389,
          2.363863
        ],
        [
          0.063833,
