{
  "frames": [
    {
      "file_path": "/media/NFS/ttao/scannet/posed_images/scene0352_01/00001.jpg",
      "transform_matrix": [
        [
          0.873882,
          0.227518,
          -0.429612,
          2.584134
        ],
        [
          0.485703,
          -0.446014,
          0.751774,
          1.743489
        ],
        [
          -0.020571,
          -0.865625,
          -0.50027,
          1.472306
        ],
        [
          0.0,
          0.0,
          0.0,
          1.0
        ]
      ]
    },
    {
      "file_path": "/media/NFS/ttao/scannet/posed_images/scene0352_01/00003.jpg",
      "transform_matrix": [
        [
          0.879697,
          0.226956,
          -0.41788,
          2.58069
        ],
        [
          0.47518,
          -0.453464,
          0.754039,
          1.741148
        ],
        [
          -0.01836,
          -0.861894,
          -0.506756,
          1.471877
        ],
        [
          0.0,
          0.0,
          0.0,
          1.0
        ]
      ]
    },
    {
      "file_path": "/media/NFS/ttao/scannet/posed_images/scene0352_01/00006.jpg",
      "transform_matrix": [
        [
          0.884318,
          0.224112,
          -0.40958,
          2.577933
        ],
        [
          0.466633,
          -0.453097,
          0.759577,
          1.738823
        ],
        [
          -0.015349,
          -0.862831,
          -0.505259,
          1.475641
        ],
        [
          0.0,
          0.0,
          0.0,
          1.0
        ]
      ]
    },
    {
      "file_path": "/media/NFS/ttao/scannet/posed_images/scene0352_01/00009.jpg",
      "transform_matrix": [
        [
          0.886183,
          0.226853,
          -0.404003,
          2.577934
        ],
        [
          0.463203,
          -0.454677,
          0.760732,
          1.736935
        ],
        [
          -0.011117,
          -0.861282,
          -0.508005,
          1.478256
        ],
        [
          0.0,
          0.0,
          0.0,
          1.0
        ]
      ]
    },
    {
      "file_path": "/media/NFS/ttao/scannet/posed_images/scene0352_01/00015.jpg",
      "transform_matrix": [
        [
          0.88366,
          0.226996,
          -0.409412,
          2.597523
        ],
        [
          0.467759,
          -0.393349,
          0.791504,
          1.737617
        ],
        [
          0.018627,
          -0.890926,
          -0.453766,
          1.484479
        ],
        [
          0.0,
          0.0,
          0.0,
          1.0
        ]
      ]
    },
    {
      "file_path": "/media/NFS/ttao/scannet/posed_images/scene0352_01/00016.jpg",
      "transform_matrix": [
        [
          0.884805,
          0.226882,
          -0.406996,
          2.595252
        ],
        [
          0.465545,
          -0.393499,
          0.792733,
          1.737151
        ],
        [
          0.019704,
          -0.890889,
          -0.453793,
          1.486683
        ],
        [
          0.0,
          0.0,
          0.0,
          1.0
        ]
      ]
    },
    {
      "file_path": "/media/NFS/ttao/scannet/posed_images/scene0352_01/00020.jpg",
      "transform_matrix": [
        [
          0.881999,
          0.217239,
          -0.418192,
          2.589899
        ],
        [
          0.471225,
          -0.397256,
          0.787486,
          1.729818
        ],
        [
          0.004943,
          -0.891625,
          -0.452748,
          1.492233
        ],
        [
          0.0,
          0.0,
          0.0,
          1.0
        ]
      ]
    },
    {
      "file_path": "/media/NFS/ttao/scannet/posed_images/scene0352_01/00023.jpg",
      "transform_matrix": [
        [
          0.877949,
          0.214288,
          -0.428121,
          2.590682
        ],
        [
          0.478753,
          -0.395802,
          0.783668,
          1.723734
        ],
        [
          -0.001521,
          -0.892984,
          -0.450085,
          1.493287
        ],
        [
          0.0,
          0.0,
          0.0,
          1.0
        ]
      ]
    },
    {
      "file_path": "/media/NFS/ttao/scannet/posed_images/scene0352_01/00028.jpg",
      "transform_matrix": [
        [
          0.874123,
          0.2166,
          -0.434733,
          2.593185
        ],
        [
          0.48565,
          -0.403142,
          0.775642,
          1.719079
        ],
        [
          -0.007255,
          -0.889135,
          -0.457588,
          1.489887
        ],
        [
          0.0,
          0.0,
          0.0,
          1.0
        ]
      ]
    },
    {
      "file_path": "/media/NFS/ttao/scannet/posed_images/scene0352_01/00029.jpg",
      "transform_matrix": [
        [
          0.876053,
          0.215893,
          -0.431186,
          2.593555
        ],
        [
          0.482168,
          -0.404598,
          0.777055,
          1.718169
        ],
        [
          -0.006696,
          -0.888646,
          -0.458546,
          1.487147
        ],
        [
          0.0,
          0.0,
          0.0,
          1.0
        ]
      ]
    },
    {
      "file_path": "/media/NFS/ttao/scannet/posed_images/scene0352_01/00033.jpg",
      "transform_matrix": [
        [
          0.898183,
          0.193952,
          -0.394525,
          2.602062
        ],
        [
          0.439622,
          -0.397068,
          0.805649,
          1.722061
        ],
        [
          -0.000396,
          -0.897061,
          -0.441905,
          1.49409
        ],
        [
          0.0,
          0.0,
          0.0,
          1.0
        ]
      ]
    },
    {
      "file_path": "/media/NFS/ttao/scannet/posed_images/scene0352_01/00036.jpg",
      "transform_matrix": [
        [
          0.929772,
          0.155893,
          -0.333498,
          2.61411
        ],
        [
          0.368016,
          -0.370544,
          0.852796,
          1.723908
        ],
        [
          0.00937,
          -0.915639,
          -0.401893,
          1.504869
        ],
        [
          0.0,
          0.0,
          0.0,
          1.0
        ]
      ]
    },
    {
      "file_path": "/media/NFS/ttao/scannet/posed_images/scene0352_01/00039.jpg",
      "transform_matrix": [
        [
          0.960888,
          0.108414,
          -0.254836,
          2.634323
        ],
        [
          0.276723,
          -0.339619,
          0.898934,
          1.730461
        ],
        [
          0.010909,
          -0.934294,
          -0.356337,
          1.525376
        ],
        [
          0.0,
          0.0,
          0.0,
          1.0
        ]
      ]
    },
    {
      "file_path": "/media/NFS/ttao/scannet/posed_images/scene0352_01/00045.jpg",
      "transform_matrix": [
        [
          0.997341,
          0.011573,
          -0.071959,
          2.694489
        ],
        [
          0.072265,
          -0.285351,
          0.955695,
          1.75149
        ],
        [
          -0.009474,
          -0.958353,
          -0.285428,
          1.565731
        ],
        [
          0.0,
          0.0,
          0.0,
          1.0
        ]
      ]
    },
    {
      "file_path": "/media/NFS/ttao/scannet/posed_images/scene0352_01/00046.jpg",
      "transform_matrix": [
        [
          0.999216,
          -0.004246,
          -0.03935,
          2.702351
        ],
        [
          0.036635,
          -0.277073,
          0.96015,
          1.753178
        ],
        [
          -0.01498,
          -0.96084,
          -0.2767,
          1.572346
        ],
        [
          0.0,
          0.0,
          0.0,
          1.0
        ]
      ]
    },
    {
      "file_path": "/media/NFS/ttao/scannet/posed_images/scene0352_01/00052.jpg",
      "transform_matrix": [
        [
          0.989541,
          -0.077466,
          0.121687,
          2.735295
        ],
        [
          -0.137818,
          -0.258559,
          0.956114,
          1.768782
        ],
        [
          -0.042603,
          -0.962884,
          -0.266531,
          1.605995
        ],
        [
          0.0,
          0.0,
          0.0,
          1.0
        ]
      ]
    },
    {
      "file_path": "/media/NFS/ttao/scannet/posed_images/scene0352_01/00053.jpg",
      "transform_matrix": [
        [
          0.985958,
          -0.086508,
          0.14284,
          2.741315
        ],
        [
          -0.160618,
          -0.257167,
          0.952925,
          1.768827
        ],
        [
          -0.045702,
          -0.962487,
          -0.26745,
          1.605842
        ],
        [
          0.0,
          0.0,
          0.0,
          1.0
        ]
      ]
    },
    {
      "file_path": "/media/NFS/ttao/scannet/posed_images/scene0352_01/00058.jpg",
      "transform_matrix": [
        [
          0.970314,
          -0.124219,
          0.207511,
          2.761235
        ],
        [
          -0.234487,
          -0.273106,
          0.932968,
          1.770991
        ],
        [
          -0.05922,
          -0.95393,
          -0.294126,
          1.599723
        ],
        [
          0.0,
          0.0,
          0.0,
          1.0
        ]
      ]
    },
    {
      "file_path": "/media/NFS/ttao/scannet/posed_images/scene0352_01/00060.jpg",
      "transform_matrix": [
        [
          0.967212,
          -0.13486,
          0.215207,
          2.760271
        ],
        [
          -0.246232,
          -0.290356,
          0.924696,
          1.775628
        ],
        [
          -0.062218,
          -0.947368,
          -0.314043,
          1.599489
        ],
        [
          0.0,
          0.0,
          0.0,
          1.0
        ]
      ]
    },
    {
      "file_path": "/media/NFS/ttao/scannet/posed_images/scene0352_01/00063.jpg",
      "transform_matrix": [
        [
          0.969288,
          -0.140893,
          0.201569,
          2.762464
        ],
        [
          -0.236309,
          -0.30659,
          0.922042,
          1.775964
        ],
        [
          -0.06811,
          -0.941356,
          -0.330468,
          1.589424
        ],
        [
          0.0,
          0.0,
          0.0,
          1.0
        ]
      ]
    },
    {
      "file_path": "/media/NFS/ttao/scannet/posed_images/scene0352_01/00066.jpg",
      "transform_matrix": [
        [
          0.976683,
          -0.138835,
          0.163755,
          2.758632
        ],
        [
          -0.201354,
          -0.32776,
          0.923054,
          1.776257
        ],
        [
          -0.07448,
          -0.934504,
          -0.348073,
          1.58184
        ],
        [
          0.0,
          0.0,
          0.0,
          1.0
        ]
      ]
    },
    {
      "file_path": "/media/NFS/ttao/scannet/posed_images/scene0352_01/00069.jpg",
      "transform_matrix": [
        [
          0.986377,
          -0.128096,
          0.103202,
          2.749843
        ],
        [
          -0.141845,
          -0.344624,
          0.927962,
          1.774993
        ],
        [
          -0.083303,
          -0.92996,
          -0.358099,
          1.571815
        ],
        [
          0.0,
          0.0,
          0.0,
          1.0
        ]
      ]
    },
    {
      "file_path": "/media/NFS/ttao/scannet/posed_images/scene0352_01/00073.jpg",
      "transform_matrix": [
        [
          0.996196,
          -0.086058,
          0.013708,
          2.719823
        ],
        [
          -0.044931,
          -0.37246,
          0.92696,
          1.778138
        ],
        [
          -0.074667,
          -0.924049,
          -0.37491,
          1.565766
        ],
        [
          0.0,
          0.0,
          0.0,
          1.0
        ]
      ]
    },
    {
      "file_path": "/media/NFS/ttao/scannet/posed_images/scene0352_01/00078.jpg",
      "transform_matrix": [
        [
          0.988651,
          -0.046396,
          -0.142887,
          2.693956
        ],
        [
          0.110804,
          -0.41708,
          0.90209,
          1.774878
        ],
        [
          -0.101448,
          -0.907685,
          -0.407206,
          1.5375
        ],
        [
          0.0,
          0.0,
          0.0,
          1.0
        ]
      ]
    },
    {
      "file_path": "/media/NFS/ttao/scannet/posed_images/scene0352_01/00082.jpg",
      "transform_matrix": [
        [
          0.967061,
          0.007073,
          -0.254446,
          2.660511
        ],
        [
          0.22963,
          -0.455556,
          0.860081,
          1.77851
        ],
        [
          -0.109831,
          -0.890179,
          -0.442175,
          1.533067
        ],
        [
          0.0,
          0.0,
          0.0,
          1.0
        ]
      ]
    },
    {
      "file_path": "/media/NFS/ttao/scannet/posed_images/scene0352_01/00085.jpg",
      "transform_matrix": [
        [
          0.941385,
          0.040432,
          -0.334901,
          2.637696
        ],
        [
          0.314867,
          -0.461566,
          0.829347,
          1.775725
        ],
        [
          -0.121046,
          -0.886184,
          -0.447242,
          1.521763
        ],
        [
          0.0,
          0.0,
          0.0,
          1.0
        ]
      ]
    },
    {
      "file_path": "/media/NFS/ttao/scannet/posed_images/scene0352_01/00088.jpg",
      "transform_matrix": [
        [
          0.905921,
          0.072709,
          -0.417157,
          2.617536
        ],
        [
          0.402129,
          -0.456357,
          0.793744,
          1.776523
        ],
        [
          -0.13266,
          -0.886821,
          -0.442663,
          1.522527
        ],
        [
          0.0,
          0.0,
          0.0,
          1.0
        ]
      ]
    },
    {
      "file_path": "/media/NFS/ttao/scannet/posed_images/scene0352_01/00092.jpg",
      "transform_matrix": [
        [
          0.860797,
          0.112836,
          -0.496283,
          2.585276
        ],
        [
          0.49141,
          -0.438043,
          0.752751,
          1.768915
        ],
        [
          -0.132456,
          -0.891844,
          -0.432515,
          1.525294
        ],
        [
          0.0,
          0.0,
          0.0,
          1.0
        ]
      ]
    },
    {
      "file_path": "/media/NFS/ttao/scannet/posed_images/scene0352_01/00095.jpg",
      "transform_matrix": [
        [
          0.828699,
          0.139085,
          -0.542138,
          2.572931
        ],
        [
          0.546096,
          -0.41315,
          0.728756,
          1.767498
        ],
        [
          -0.122626,
          -0.899979,
          -0.418331,
          1.535646
        ],
        [
          0.0,
          0.0,
          0.0,
          1.0
        ]
      ]
    },
    {
      "file_path": "/media/NFS/ttao/scannet/posed_images/scene0352_01/00097.jpg",
      "transform_matrix": [
        [
          0.809241,
          0.16149,
          -0.564844,
          2.563724
        ],
        [
          0.577996,
          -0.390899,
          0.716324,
          1.765767
        ],
        [
          -0.105118,
          -0.906156,
          -0.409672,
          1.543738
        ],
        [
          0.0,
          0.0,
          0.0,
          1.0
        ]
      ]
    },
    {
      "file_path": "/media/NFS/ttao/scannet/posed_images/scene0352_01/00101.jpg",
      "transform_matrix": [
        [
          0.764998,
          0.194915,
          -0.613828,
          2.556636
        ],
        [
          0.639931,
          -0.337442,
          0.690378,
          1.764542
        ],
        [
          -0.072566,
          -0.920945,
          -0.382875,
          1.569046
        ],
        [
          0.0,
          0.0,
          0.0,
          1.0
        ]
      ]
    },
    {
      "file_path": "/media/NFS/ttao/scannet/posed_images/scene0352_01/00105.jpg",
      "transform_matrix": [
        [
          0.725509,
          0.209622,
          -0.655511,
          2.534298
        ],
        [
          0.686818,
          -0.281151,
          0.67025,
          1.760033
        ],
        [
          -0.043798,
          -0.936489,
          -0.34795,
          1.593389
        ],
        [
          0.0,
          0.0,
          0.0,
          1.0
        ]
      ]
    },
    {
      "file_path": "/media/NFS/ttao/scannet/posed_images/scene0352_01/00106.jpg",
      "transform_matrix": [
        [
          0.715491,
          0.211574,
          -0.665814,
          2.530732
        ],
        [
          0.697452,
          -0.271446,
          0.663233,
          1.759358
        ],
        [
          -0.04041,
          -0.938911,
          -0.34178,
          1.600436
        ],
        [
          0.0,
          0.0,
          0.0,
          1.0
        ]
      ]
    },
    {
      "file_path": "/media/NFS/ttao/scannet/posed_images/scene0352_01/00109.jpg",
      "transform_matrix": [
        [
          0.680595,
          0.216797,
          -0.69985,
          2.524678
        ],
        [
          0.732149,
          -0.236942,
          0.638605,
          1.757453
        ],
        [
          -0.027376,
          -0.947025,
          -0.31999,
          1.613469
        ],
        [
          0.0,
          0.0,
          0.0,
          1.0
        ]
      ]
    },
    {
      "file_path": "/media/NFS/ttao/scannet/posed_images/scene0352_01/00113.jpg",
      "transform_matrix": [
        [
          0.625975,
          0.232459,
          -0.744391,
          2.51249
        ],
        [
          0.779791,
          -0.197604,
          0.594036,
          1.756458
        ],
        [
          -0.009006,
          -0.952321,
          -0.304965,
          1.632513
        ],
        [
          0.0,
          0.0,
          0.0,
          1.0
        ]
      ]
    },
    {
      "file_path": "/media/NFS/ttao/scannet/posed_images/scene0352_01/00117.jpg",
      "transform_matrix": [
        [
          0.581378,
          0.224985,
          -0.781909,
          2.497661
        ],
        [
          0.813437,
          -0.139621,
          0.564646,
          1.752317
        ],
        [
          0.017866,
          -0.964307,
          -0.264184,
          1.673956
        ],
        [
          0.0,
          0.0,
          0.0,
          1.0
        ]
      ]
    },
    {
      "file_path": "/media/NFS/ttao/scannet/posed_images/scene0352_01/00119.jpg",
      "transform_matrix": [
        [
          0.572133,
          0.203041,
          -0.794631,
          2.490228
        ],
        [
          0.819627,
          -0.106599,
          0.562893,
          1.744369
        ],
        [
          0.029583,
          -0.973351,
          -0.227406,
          1.698483
        ],
        [
          0.0,
          0.0,
          0.0,
          1.0
        ]
      ]
    },
    {
      "file_path": "/media/NFS/ttao/scannet/posed_images/scene0352_01/00123.jpg",
      "transform_matrix": [
        [
          0.569481,
          0.162475,
          -0.805787,
          2.49396
        ],
        [
          0.818212,
          -0.017986,
          0.574636,
          1.718126
        ],
        [
          0.078871,
          -0.986549,
          -0.143181,
          1.722891
        ],
        [
          0.0,
          0.0,
          0.0,
          1.0
        ]
      ]
    },
    {
      "file_path": "/media/NFS/ttao/scannet/posed_images/scene0352_01/00128.jpg",
      "transform_matrix": [
        [
          0.566923,
          0.127575,
          -0.813833,
          2.50315
        ],
        [
          0.813987,
          0.065059,
          0.577228,
          1.699464
        ],
        [
          0.126587,
          -0.989693,
          -0.066961,
          1.755726
        ],
        [
          0.0,
          0.0,
          0.0,
          1.0
        ]
      ]
    },
    {
      "file_path": "/media/NFS/ttao/scannet/posed_images/scene0352_01/00129.jpg",
      "transform_matrix": [
        [
          0.567158,
          0.123667,
          -0.814272,
          2.501949
        ],
        [
          0.813066,
          0.073618,
          0.577498,
          1.694734
        ],
        [
          0.131362,
          -0.989589,
          -0.058796,
          1.761457
        ],
        [
          0.0,
          0.0,
          0.0,
          1.0
        ]
      ]
    },
    {
      "file_path": "/media/NFS/ttao/scannet/posed_images/scene0352_01/00133.jpg",
      "transform_matrix": [
        [
          0.552102,
          0.102535,
          -0.827448,
          2.504117
        ],
        [
          0.82257,
          0.095183,
          0.560642,
          1.69165
        ],
        [
          0.136244,
          -0.990165,
          -0.031792,
          1.771694
        ],
        [
          0.0,
          0.0,
          0.0,
          1.0
        ]
      ]
    },
    {
      "file_path": "/media/NFS/ttao/scannet/posed_images/scene0352_01/00136.jpg",
      "transform_matrix": [
        [
          0.539683,
          0.111778,
          -0.834415,
          2.501533
        ],
        [
          0.830522,
          0.091491,
          0.549421,
          1.684445
        ],
        [
          0.137755,
          -0.989513,
          -0.043458,
          1.7757
        ],
        [
          0.0,
          0.0,
          0.0,
          1.0
        ]
      ]
    },
    {
      "file_path": "/media/NFS/ttao/scannet/posed_images/scene0352_01/00139.jpg",
      "transform_matrix": [
        [
          0.506914,
          0.125259,
          -0.852847,
          2.502202
        ],
        [
          0.851975,
          0.077626,
          0.517796,
          1.689242
        ],
        [
          0.131062,
          -0.989082,
          -0.067368,
          1.773019
        ],
        [
          0.0,
          0.0,
          0.0,
          1.0
        ]
      ]
    },
    {
      "file_path": "/media/NFS/ttao/scannet/posed_images/scene0352_01/00144.jpg",
      "transform_matrix": [
        [
          0.442409,
          0.186206,
          -0.877269,
          2.471149
        ],
        [
          0.887327,
          0.05102,
          0.45831,
          1.67579
        ],
        [
          0.130098,
          -0.981185,
          -0.142654,
          1.737837
        ],
        [
          0.0,
          0.0,
          0.0,
          1.0
        ]
      ]
    },
    {
      "file_path": "/media/NFS/ttao/scannet/posed_images/scene0352_01/00148.jpg",
      "transform_matrix": [
        [
          0.338956,
          0.253474,
          -0.906013,
          2.461126
        ],
        [
          0.933812,
          0.026536,
          0.356779,
          1.69254
        ],
        [
          0.114477,
          -0.966978,
          -0.227703,
          1.713524
        ],
        [
          0.0,
          0.0,
          0.0,
          1.0
        ]
      ]
    },
    {
      "file_path": "/media/NFS/ttao/scannet/posed_images/scene0352_01/00149.jpg",
      "transform_matrix": [
        [
          0.311425,
          0.266694,
          -0.912079,
          2.457009
        ],
        [
          0.943915,
          0.024008,
          0.329315,
          1.699301
        ],
        [
          0.109724,
          -0.963482,
          -0.244259,
          1.706427
        ],
        [
          0.0,
          0.0,
          0.0,
          1.0
        ]
      ]
    },
    {
      "file_path": "/media/NFS/ttao/scannet/posed_images/scene0352_01/00153.jpg",
      "transform_matrix": [
        [
          0.24059,
          0.32026,
          -0.91627,
          2.430508
        ],
        [
          0.966822,
          0.004429,
          0.255412,
          1.642998
        ],
        [
          0.085857,
          -0.947319,
          -0.308569,
          1.642925
        ],
        [
          0.0,
          0.0,
          0.0,
          1.0
        ]
      ]
    },
    {
      "file_path": "/media/NFS/ttao/scannet/posed_images/scene0352_01/00158.jpg",
      "transform_matrix": [
        [
          0.068664,
          0.371153,
          -0.926029,
          2.435791
        ],
        [
          0.995846,
          0.030143,
          0.085923,
          1.674117
        ],
        [
          0.059804,
          -0.928082,
          -0.367542,
          1.603901
        ],
        [
          0.0,
          0.0,
          0.0,
          1.0
        ]
      ]
    },
    {
      "file_path": "/media/NFS/ttao/scannet/posed_images/scene0352_01/00159.jpg",
      "transform_matrix": [
        [
          0.034994,
          0.377473,
          -0.925359,
          2.43733
        ],
        [
          0.998007,
          0.035448,
          0.052201,
          1.671275
        ],
        [
          0.052506,
          -0.925342,
          -0.37548,
          1.598002
        ],
        [
          0.0,
          0.0,
          0.0,
          1.0
        ]
      ]
    },
    {
      "file_path": "/media/NFS/ttao/scannet/posed_images/scene0352_01/00162.jpg",
      "transform_matrix": [
        [
          -0.025302,
          0.382921,
          -0.923435,
          2.451927
        ],
        [
          0.999247,
          0.036871,
          -0.01209,
          1.596011
        ],
        [
          0.029419,
          -0.923045,
          -0.383565,
          1.547287
        ],
        [
          0.0,
          0.0,
          0.0,
          1.0
        ]
      ]
    },
    {
      "file_path": "/media/NFS/ttao/scannet/posed_images/scene0352_01/00168.jpg",
      "transform_matrix": [
        [
          -0.217245,
          0.44969,
          -0.866362,
          2.473262
        ],
        [
          0.97608,
          0.107799,
          -0.188804,
          1.63078
        ],
        [
          0.00849,
          -0.886656,
          -0.462352,
          1.510663
        ],
        [
          0.0,
          0.0,
          0.0,
          1.0
        ]
      ]
    },
    {
      "file_path": "/media/NFS/ttao/scannet/posed_images/scene0352_01/00170.jpg",
      "transform_matrix": [
        [
          -0.206682,
          0.462263,
          -0.86232,
          2.501571
        ],
        [
          0.978395,
          0.093014,
          -0.184641,
          1.538363
        ],
        [
          -0.005145,
          -0.881851,
          -0.4715,
          1.490792
        ],
        [
          0.0,
          0.0,
          0.0,
          1.0
        ]
      ]
    },
    {
      "file_path": "/media/NFS/ttao/scannet/posed_images/scene0352_01/00175.jpg",
      "transform_matrix": [
        [
          -0.309608,
          0.489445,
          -0.815221,
          2.517976
        ],
        [
          0.949583,
          0.114653,
          -0.291801,
          1.571582
        ],
        [
          -0.049353,
          -0.864464,
          -0.500266,
          1.472662
        ],
        [
          0.0,
          0.0,
          0.0,
          1.0
        ]
      ]
    },
    {
      "file_path": "/media/NFS/ttao/scannet/posed_images/scene0352_01/00176.jpg",
      "transform_matrix": [
        [
          -0.325877,
          0.492151,
          -0.807212,
          2.521654
        ],
        [
          0.94368,
          0.117673,
          -0.309226,
          1.572637
        ],
        [
          -0.057199,
          -0.86252,
          -0.502779,
          1.472472
        ],
        [
          0.0,
          0.0,
          0.0,
          1.0
        ]
      ]
    },
    {
      "file_path": "/media/NFS/ttao/scannet/posed_images/scene0352_01/00179.jpg",
      "transform_matrix": [
        [
          -0.393219,
          0.486016,
          -0.780491,
          2.52152
        ],
        [
          0.916481,
          0.139081,
          -0.375126,
          1.591437
        ],
        [
          -0.073766,
          -0.862812,
          -0.500113,
          1.477726
        ],
        [
          0.0,
          0.0,
          0.0,
          1.0
        ]
      ]
    },
    {
      "file_path": "/media/NFS/ttao/scannet/posed_images/scene0352_01/00182.jpg",
      "transform_matrix": [
        [
          -0.420833,
          0.474194,
          -0.77333,
          2.532426
        ],
        [
          0.903334,
          0.141075,
          -0.405075,
          1.532214
        ],
        [
          -0.082987,
          -0.869044,
          -0.487725,
          1.507134
        ],
        [
          0.0,
          0.0,
          0.0,
          1.0
        ]
      ]
    },
    {
      "file_path": "/media/NFS/ttao/scannet/posed_images/scene0352_01/00188.jpg",
      "transform_matrix": [
        [
          -0.526063,
          0.349793,
          -0.775179,
          2.497452
        ],
        [
          0.849881,
          0.183026,
          -0.494169,
          1.541416
        ],
        [
          -0.03098,
          -0.918774,
          -0.393566,
          1.558796
        ],
        [
          0.0,
          0.0,
          0.0,
          1.0
        ]
      ]
    },
    {
      "file_path": "/media/NFS/ttao/scannet/posed_images/scene0352_01/00191.jpg",
      "transform_matrix": [
        [
          -0.554465,
          0.280201,
          -0.783617,
          2.484106
        ],
        [
          0.832207,
          0.187614,
          -0.52176,
          1.535718
        ],
        [
          0.00082,
          -0.941429,
          -0.337211,
          1.590757
        ],
        [
          0.0,
          0.0,
          0.0,
          1.0
        ]
      ]
    },
    {
      "file_path": "/media/NFS/ttao/scannet/posed_images/scene0352_01/00194.jpg",
      "transform_matrix": [
        [
          -0.572364,
          0.189,
          -0.797921,
          2.460725
        ],
        [
          0.818285,
          0.194547,
          -0.54089,
          1.539281
        ],
        [
          0.053005,
          -0.962513,
          -0.266007,
          1.632074
        ],
        [
          0.0,
          0.0,
          0.0,
          1.0
        ]
      ]
    },
    {
      "file_path": "/media/NFS/ttao/scannet/posed_images/scene0352_01/00198.jpg",
      "transform_matrix": [
        [
          -0.616923,
          0.085842,
          -0.782328,
          2.433729
        ],
        [
          0.781058,
          0.188944,
          -0.595189,
          1.55343
        ],
        [
          0.096724,
          -0.978229,
          -0.183612,
          1.672735
        ],
        [
          0.0,
          0.0,
          0.0,
          1.0
        ]
      ]
    },
    {
      "file_path": "/media/NFS/ttao/scannet/posed_images/scene0352_01/00200.jpg",
      "transform_matrix": [
        [
          -0.625845,
          0.025807,
          -0.77952,
          2.427411
        ],
        [
          0.770159,
          0.178291,
          -0.612427,
          1.565393
        ],
        [
          0.123177,
          -0.983639,
          -0.131458,
          1.686793
        ],
        [
          0.0,
          0.0,
          0.0,
          1.0
        ]
      ]
    },
    {
      "file_path": "/media/NFS/ttao/scannet/posed_images/scene0352_01/00205.jpg",
      "transform_matrix": [
        [
          -0.645483,
          -0.078238,
          -0.759757,
          2.41353
        ],
        [
          0.743275,
          0.164574,
          -0.648428,
          1.583123
        ],
        [
          0.175768,
          -0.983257,
          -0.048077,
          1.743853
        ],
        [
          0.0,
          0.0,
          0.0,
          1.0
        ]
      ]
    },
    {
      "file_path": "/media/NFS/ttao/scannet/posed_images/scene0352_01/00206.jpg",
      "transform_matrix": [
        [
          -0.645129,
          -0.091182,
          -0.758614,
          2.413417
        ],
        [
          0.743098,
          0.156169,
          -0.650705,
          1.58658
        ],
        [
          0.177804,
          -0.983513,
          -0.032992,
          1.751734
        ],
        [
          0.0,
          0.0,
          0.0,
          1.0
        ]
      ]
    },
    {
      "file_path": "/media/NFS/ttao/scannet/posed_images/scene0352_01/00209.jpg",
      "transform_matrix": [
        [
          -0.658425,
          -0.122298,
          -0.742644,
          2.414879
        ],
        [
          0.730383,
          0.134393,
          -0.669686,
          1.600955
        ],
        [
          0.181708,
          -0.983352,
          0.000837,
          1.774859
        ],
        [
          0.0,
          0.0,
          0.0,
          1.0
        ]
      ]
    },
    {
      "file_path": "/media/NFS/ttao/scannet/posed_images/scene0352_01/00212.jpg",
      "transform_matrix": [
        [
          -0.682288,
          -0.113559,
          -0.722211,
          2.420508
        ],
        [
          0.71239,
          0.118693,
          -0.691673,
          1.610073
        ],
        [
          0.164267,
          -0.986416,
          -8.4e-05,
          1.752818
        ],
        [
          0.0,
          0.0,
          0.0,
          1.0
        ]
      ]
    },
    {
      "file_path": "/media/NFS/ttao/scannet/posed_images/scene0352_01/00218.jpg",
      "transform_matrix": [
        [
          -0.771604,
          -0.067115,
          -0.632553,
          2.41274
        ],
        [
          0.621829,
          0.129898,
          -0.772305,
          1.634433
        ],
        [
          0.134,
          -0.989253,
          -0.058496,
          1.751921
        ],
        [
          0.0,
          0.0,
          0.0,
          1.0
        ]
      ]
    },
    {
      "file_path": "/media/NFS/ttao/scannet/posed_images/scene0352_01/00219.jpg",
      "transform_matrix": [
        [
          -0.78482,
          -0.058734,
          -0.616934,
          2.411686
        ],
        [
          0.606091,
          0.134907,
          -0.783871,
          1.639659
        ],
        [
          0.129268,
          -0.989116,
          -0.07028,
          1.747406
        ],
        [
          0.0,
          0.0,
          0.0,
          1.0
        ]
      ]
    },
    {
      "file_path": "/media/NFS/ttao/scannet/posed_images/scene0352_01/00222.jpg",
      "transform_matrix": [
        [
          -0.827023,
          -0.014281,
          -0.561987,
          2.413621
        ],
        [
          0.551926,
          0.169331,
          -0.81652,
          1.660531
        ],
        [
          0.106823,
          -0.985456,
          -0.132158,
          1.727162
        ],
        [
          0.0,
          0.0,
          0.0,
          1.0
        ]
      ]
    },
    {
      "file_path": "/media/NFS/ttao/scannet/posed_images/scene0352_01/00225.jpg",
      "transform_matrix": [
        [
          -0.861662,
          0.032002,
          -0.506473,
          2.407913
        ],
        [
          0.499834,
          0.226138,
          -0.836079,
          1.688694
        ],
        [
          0.087776,
          -0.97357,
          -0.21085,
          1.7031
        ],
        [
          0.0,
          0.0,
          0.0,
          1.0
        ]
      ]
    },
    {
      "file_path": "/media/NFS/ttao/scannet/posed_images/scene0352_01/00230.jpg",
      "transform_matrix": [
        [
          -0.905456,
          0.093799,
          -0.413946,
          2.420019
        ],
        [
          0.420187,
          0.33582,
          -0.843012,
          1.735435
        ],
        [
          0.059937,
          -0.937244,
          -0.343483,
          1.661679
        ],
        [
          0.0,
          0.0,
          0.0,
          1.0
        ]
      ]
    },
    {
      "file_path": "/media/NFS/ttao/scannet/posed_images/scene0352_01/00234.jpg",
      "transform_matrix": [
        [
          -0.926867,
          0.103306,
          -0.360895,
          2.42784
        ],
        [
          0.37176,
          0.385961,
          -0.844292,
          1.784101
        ],
        [
          0.052071,
          -0.916713,
          -0.39614,
          1.619165
        ],
        [
          0.0,
          0.0,
          0.0,
          1.0
        ]
      ]
    },
    {
      "file_path": "/media/NFS/ttao/scannet/posed_images/scene0352_01/00237.jpg",
      "transform_matrix": [
        [
          -0.941692,
          0.098385,
          -0.321772,
          2.43973
        ],
        [
          0.333658,
          0.39658,
          -0.855218,
          1.812605
        ],
        [
          0.043467,
          -0.912713,
          -0.406283,
          1.604371
        ],
        [
          0.0,
          0.0,
          0.0,
          1.0
        ]
      ]
    },
    {
      "file_path": "/media/NFS/ttao/scannet/posed_images/scene0352_01/00239.jpg",
      "transform_matrix": [
        [
          -0.953349,
          0.094532,
          -0.286688,
          2.438064
        ],
        [
          0.300747,
          0.379326,
          -0.875022,
          1.83065
        ],
        [
          0.026031,
          -0.920422,
          -0.39006,
          1.59888
        ],
        [
          0.0,
          0.0,
          0.0,
          1.0
        ]
      ]
    },
    {
      "file_path": "/media/NFS/ttao/scannet/posed_images/scene0352_01/00242.jpg",
      "transform_matrix": [
        [
          -0.971214,
          0.056976,
          -0.231292,
          2.462919
        ],
        [
          0.236744,
          0.338298,
          -0.910773,
          1.841245
        ],
        [
          0.026353,
          -0.939313,
          -0.342049,
          1.601758
        ],
        [
          0.0,
          0.0,
          0.0,
          1.0
        ]
      ]
    },
    {
      "file_path": "/media/NFS/ttao/scannet/posed_images/scene0352_01/00248.jpg",
      "transform_matrix": [
        [
          -0.991177,
          -0.03447,
          -0.127981,
          2.480765
        ],
        [
          0.116811,
          0.22908,
          -0.966373,
          1.858921
        ],
        [
          0.062628,
          -0.972797,
          -0.223033,
          1.642333
        ],
        [
          0.0,
          0.0,
          0.0,
          1.0
        ]
      ]
    },
    {
      "file_path": "/media/NFS/ttao/scannet/posed_images/scene0352_01/00251.jpg",
      "transform_matrix": [
        [
          -0.992138,
          -0.087216,
          -0.089755,
          2.542961
        ],
        [
          0.072278,
          0.186168,
          -0.979856,
          1.852161
        ],
        [
          0.102168,
          -0.978639,
          -0.178401,
          1.689132
        ],
        [
          0.0,
          0.0,
          0.0,
          1.0
        ]
      ]
    },
    {
      "file_path": "/media/NFS/ttao/scannet/posed_images/scene0352_01/00253.jpg",
      "transform_matrix": [
        [
          -0.994222,
          -0.092973,
          -0.053661,
          2.535172
        ],
        [
          0.038796,
          0.154891,
          -0.987169,
          1.856206
        ],
        [
          0.100092,
          -0.983547,
          -0.150389,
          1.704358
        ],
        [
          0.0,
          0.0,
          0.0,
          1.0
        ]
      ]
    },
    {
      "file_path": "/media/NFS/ttao/scannet/posed_images/scene0352_01/00258.jpg",
      "transform_matrix": [
        [
          -0.989086,
          -0.143457,
          0.033585,
          2.555418
        ],
        [
          -0.047687,
          0.09602,
          -0.994236,
          1.860465
        ],
        [
          0.139405,
          -0.984987,
          -0.101813,
          1.731116
        ],
        [
          0.0,
