{
  "frames": [
    {
      "file_path": "/media/NFS/ttao/scannet/posed_images/scene0478_01/00000.jpg",
      "transform_matrix": [
        [
          -0.26694,
          -0.448069,
          0.853216,
          3.427499
        ],
        [
          -0.963598,
          0.137763,
          -0.229128,
          1.021671
        ],
        [
          -0.014876,
          -0.883321,
          -0.468533,
          1.297463
        ],
        [
          0.0,
          0.0,
          0.0,
          1.0
        ]
      ]
    },
    {
      "file_path": "/media/NFS/ttao/scannet/posed_images/scene0478_01/00002.jpg",
      "transform_matrix": [
        [
          -0.277336,
          -0.447673,
          0.850102,
          3.42913
        ],
        [
          -0.960773,
          0.129657,
          -0.245163,
          1.02093
        ],
        [
          -0.000469,
          -0.884748,
          -0.46607,
          1.295077
        ],
        [
          0.0,
          0.0,
          0.0,
          1.0
        ]
      ]
    },
    {
      "file_path": "/media/NFS/ttao/scannet/posed_images/scene0478_01/00007.jpg",
      "transform_matrix": [
        [
          -0.280648,
          -0.423563,
          0.861296,
          3.432318
        ],
        [
          -0.959785,
          0.11723,
          -0.255089,
          1.012712
        ],
        [
          0.007076,
          -0.898249,
          -0.43943,
          1.303833
        ],
        [
          0.0,
          0.0,
          0.0,
          1.0
        ]
      ]
    },
    {
      "file_path": "/media/NFS/ttao/scannet/posed_images/scene0478_01/00009.jpg",
      "transform_matrix": [
        [
          -0.282016,
          -0.419656,
          0.86276,
          3.436096
        ],
        [
          -0.959382,
          0.116525,
          -0.256921,
          1.011561
        ],
        [
          0.007286,
          -0.900173,
          -0.435473,
          1.307371
        ],
        [
          0.0,
          0.0,
          0.0,
          1.0
        ]
      ]
    },
    {
      "file_path": "/media/NFS/ttao/scannet/posed_images/scene0478_01/00011.jpg",
      "transform_matrix": [
        [
          -0.278265,
          -0.415714,
          0.865882,
          3.437239
        ],
        [
          -0.960458,
          0.111516,
          -0.255119,
          1.00609
        ],
        [
          0.009497,
          -0.902633,
          -0.430306,
          1.302745
        ],
        [
          0.0,
          0.0,
          0.0,
          1.0
        ]
      ]
    },
    {
      "file_path": "/media/NFS/ttao/scannet/posed_images/scene0478_01/00013.jpg",
      "transform_matrix": [
        [
          -0.276829,
          -0.409762,
          0.869173,
          3.444106
        ],
        [
          -0.960863,
          0.10822,
          -0.255013,
          1.001211
        ],
        [
          0.010433,
          -0.905751,
          -0.423683,
          1.30764
        ],
        [
          0.0,
          0.0,
          0.0,
          1.0
        ]
      ]
    },
    {
      "file_path": "/media/NFS/ttao/scannet/posed_images/scene0478_01/00016.jpg",
      "transform_matrix": [
        [
          -0.26869,
          -0.400178,
          0.876164,
          3.455889
        ],
        [
          -0.963087,
          0.096111,
          -0.251448,
          0.995166
        ],
        [
          0.016415,
          -0.911384,
          -0.411231,
          1.3147
        ],
        [
          0.0,
          0.0,
          0.0,
          1.0
        ]
      ]
    },
    {
      "file_path": "/media/NFS/ttao/scannet/posed_images/scene0478_01/00019.jpg",
      "transform_matrix": [
        [
          -0.255619,
          -0.394091,
          0.882809,
          3.470607
        ],
        [
          -0.966602,
          0.086766,
          -0.241149,
          0.989657
        ],
        [
          0.018437,
          -0.914967,
          -0.403108,
          1.323954
        ],
        [
          0.0,
          0.0,
          0.0,
          1.0
        ]
      ]
    },
    {
      "file_path": "/media/NFS/ttao/scannet/posed_images/scene0478_01/00023.jpg",
      "transform_matrix": [
        [
          -0.224454,
          -0.381616,
          0.896655,
          3.489171
        ],
        [
          -0.974423,
          0.077549,
          -0.210917,
          0.981781
        ],
        [
          0.010955,
          -0.921062,
          -0.389261,
          1.333329
        ],
        [
          0.0,
          0.0,
          0.0,
          1.0
        ]
      ]
    },
    {
      "file_path": "/media/NFS/ttao/scannet/posed_images/scene0478_01/00026.jpg",
      "transform_matrix": [
        [
          -0.194581,
          -0.379677,
          0.904425,
          3.50553
        ],
        [
          -0.98084,
          0.066298,
          -0.183189,
          0.978615
        ],
        [
          0.009591,
          -0.922741,
          -0.385303,
          1.337723
        ],
        [
          0.0,
          0.0,
          0.0,
          1.0
        ]
      ]
    },
    {
      "file_path": "/media/NFS/ttao/scannet/posed_images/scene0478_01/00028.jpg",
      "transform_matrix": [
        [
          -0.170491,
          -0.38244,
          0.908115,
          3.517617
        ],
        [
          -0.985339,
          0.060307,
          -0.159592,
          0.972983
        ],
        [
          0.006268,
          -0.92201,
          -0.387115,
          1.341943
        ],
        [
          0.0,
          0.0,
          0.0,
          1.0
        ]
      ]
    },
    {
      "file_path": "/media/NFS/ttao/scannet/posed_images/scene0478_01/00030.jpg",
      "transform_matrix": [
        [
          -0.145154,
          -0.383297,
          0.912148,
          3.524897
        ],
        [
          -0.98939,
          0.050434,
          -0.136253,
          0.96975
        ],
        [
          0.006222,
          -0.922247,
          -0.38655,
          1.337326
        ],
        [
          0.0,
          0.0,
          0.0,
          1.0
        ]
      ]
    },
    {
      "file_path": "/media/NFS/ttao/scannet/posed_images/scene0478_01/00033.jpg",
      "transform_matrix": [
        [
          -0.10381,
          -0.392027,
          0.914078,
          3.540724
        ],
        [
          -0.994549,
          0.031861,
          -0.099285,
          0.968691
        ],
        [
          0.009799,
          -0.919402,
          -0.393197,
          1.336876
        ],
        [
          0.0,
          0.0,
          0.0,
          1.0
        ]
      ]
    },
    {
      "file_path": "/media/NFS/ttao/scannet/posed_images/scene0478_01/00037.jpg",
      "transform_matrix": [
        [
          -0.04274,
          -0.406372,
          0.912708,
          3.556184
        ],
        [
          -0.999028,
          0.00747,
          -0.043456,
          0.968644
        ],
        [
          0.010841,
          -0.913677,
          -0.406296,
          1.332767
        ],
        [
          0.0,
          0.0,
          0.0,
          1.0
        ]
      ]
    },
    {
      "file_path": "/media/NFS/ttao/scannet/posed_images/scene0478_01/00040.jpg",
      "transform_matrix": [
        [
          -0.010328,
          -0.416329,
          0.909155,
          3.568829
        ],
        [
          -0.999917,
          -0.002703,
          -0.012597,
          0.983606
        ],
        [
          0.007702,
          -0.90921,
          -0.416267,
          1.335885
        ],
        [
          0.0,
          0.0,
          0.0,
          1.0
        ]
      ]
    },
    {
      "file_path": "/media/NFS/ttao/scannet/posed_images/scene0478_01/00041.jpg",
      "transform_matrix": [
        [
          -0.000225,
          -0.416447,
          0.90916,
          3.572944
        ],
        [
          -0.999972,
          -0.006773,
          -0.003349,
          0.988616
        ],
        [
          0.007552,
          -0.909135,
          -0.416434,
          1.336677
        ],
        [
          0.0,
          0.0,
          0.0,
          1.0
        ]
      ]
    },
    {
      "file_path": "/media/NFS/ttao/scannet/posed_images/scene0478_01/00044.jpg",
      "transform_matrix": [
        [
          0.032039,
          -0.403964,
          0.914214,
          3.581321
        ],
        [
          -0.999479,
          -0.016452,
          0.027757,
          1.003986
        ],
        [
          0.003828,
          -0.914627,
          -0.404281,
          1.338347
        ],
        [
          0.0,
          0.0,
          0.0,
          1.0
        ]
      ]
    },
    {
      "file_path": "/media/NFS/ttao/scannet/posed_images/scene0478_01/00046.jpg",
      "transform_matrix": [
        [
          0.055534,
          -0.395074,
          0.916969,
          3.586627
        ],
        [
          -0.998416,
          -0.030244,
          0.047435,
          1.019438
        ],
        [
          0.008993,
          -0.918151,
          -0.396128,
          1.340611
        ],
        [
          0.0,
          0.0,
          0.0,
          1.0
        ]
      ]
    },
    {
      "file_path": "/media/NFS/ttao/scannet/posed_images/scene0478_01/00049.jpg",
      "transform_matrix": [
        [
          0.078989,
          -0.376323,
          0.923115,
          3.595205
        ],
        [
          -0.99669,
          -0.047658,
          0.065856,
          1.049742
        ],
        [
          0.019211,
          -0.925262,
          -0.378842,
          1.339501
        ],
        [
          0.0,
          0.0,
          0.0,
          1.0
        ]
      ]
    },
    {
      "file_path": "/media/NFS/ttao/scannet/posed_images/scene0478_01/00052.jpg",
      "transform_matrix": [
        [
          0.068358,
          -0.357198,
          0.931524,
          3.604953
        ],
        [
          -0.997627,
          -0.03216,
          0.060877,
          1.101054
        ],
        [
          0.008212,
          -0.933475,
          -0.358549,
          1.348523
        ],
        [
          0.0,
          0.0,
          0.0,
          1.0
        ]
      ]
    },
    {
      "file_path": "/media/NFS/ttao/scannet/posed_images/scene0478_01/00056.jpg",
      "transform_matrix": [
        [
          0.080603,
          -0.322742,
          0.943049,
          3.621722
        ],
        [
          -0.996678,
          -0.037205,
          0.072454,
          1.150121
        ],
        [
          0.011702,
          -0.945755,
          -0.324669,
          1.362291
        ],
        [
          0.0,
          0.0,
          0.0,
          1.0
        ]
      ]
    },
    {
      "file_path": "/media/NFS/ttao/scannet/posed_images/scene0478_01/00057.jpg",
      "transform_matrix": [
        [
          0.084418,
          -0.31366,
          0.945776,
          3.625074
        ],
        [
          -0.996309,
          -0.041429,
          0.075188,
          1.163378
        ],
        [
          0.015599,
          -0.948631,
          -0.315999,
          1.365623
        ],
        [
          0.0,
          0.0,
          0.0,
          1.0
        ]
      ]
    },
    {
      "file_path": "/media/NFS/ttao/scannet/posed_images/scene0478_01/00062.jpg",
      "transform_matrix": [
        [
          0.092055,
          -0.26698,
          0.959295,
          3.632952
        ],
        [
          -0.995744,
          -0.029014,
          0.087478,
          1.226233
        ],
        [
          0.004478,
          -0.963265,
          -0.268515,
          1.384757
        ],
        [
          0.0,
          0.0,
          0.0,
          1.0
        ]
      ]
    },
    {
      "file_path": "/media/NFS/ttao/scannet/posed_images/scene0478_01/00063.jpg",
      "transform_matrix": [
        [
          0.097516,
          -0.263908,
          0.959606,
          3.634593
        ],
        [
          -0.99522,
          -0.031057,
          0.092594,
          1.237384
        ],
        [
          0.005366,
          -0.964048,
          -0.265675,
          1.386648
        ],
        [
          0.0,
          0.0,
          0.0,
          1.0
        ]
      ]
    },
    {
      "file_path": "/media/NFS/ttao/scannet/posed_images/scene0478_01/00066.jpg",
      "transform_matrix": [
        [
          0.108628,
          -0.257635,
          0.960117,
          3.640848
        ],
        [
          -0.994017,
          -0.03921,
          0.101942,
          1.264788
        ],
        [
          0.011382,
          -0.965446,
          -0.260353,
          1.391233
        ],
        [
          0.0,
          0.0,
          0.0,
          1.0
        ]
      ]
    },
    {
      "file_path": "/media/NFS/ttao/scannet/posed_images/scene0478_01/00068.jpg",
      "transform_matrix": [
        [
          0.119335,
          -0.25028,
          0.960791,
          3.643393
        ],
        [
          -0.992835,
          -0.036126,
          0.113905,
          1.277536
        ],
        [
          0.006202,
          -0.967499,
          -0.252798,
          1.393963
        ],
        [
          0.0,
          0.0,
          0.0,
          1.0
        ]
      ]
    },
    {
      "file_path": "/media/NFS/ttao/scannet/posed_images/scene0478_01/00073.jpg",
      "transform_matrix": [
        [
          0.143289,
          -0.228525,
          0.962936,
          3.647811
        ],
        [
          -0.989391,
          -0.009523,
          0.144966,
          1.309443
        ],
        [
          -0.023958,
          -0.973492,
          -0.227465,
          1.409495
        ],
        [
          0.0,
          0.0,
          0.0,
          1.0
        ]
      ]
    },
    {
      "file_path": "/media/NFS/ttao/scannet/posed_images/scene0478_01/00075.jpg",
      "transform_matrix": [
        [
          0.16279,
          -0.227429,
          0.960091,
          3.649183
        ],
        [
          -0.986327,
          -0.012196,
          0.164349,
          1.315671
        ],
        [
          -0.025669,
          -0.973718,
          -0.226305,
          1.412308
        ],
        [
          0.0,
          0.0,
          0.0,
          1.0
        ]
      ]
    },
    {
      "file_path": "/media/NFS/ttao/scannet/posed_images/scene0478_01/00077.jpg",
      "transform_matrix": [
        [
          0.183461,
          -0.227442,
          0.956354,
          3.649412
        ],
        [
          -0.982678,
          -0.016495,
          0.184588,
          1.321527
        ],
        [
          -0.026208,
          -0.973652,
          -0.226528,
          1.412958
        ],
        [
          0.0,
          0.0,
          0.0,
          1.0
        ]
      ]
    },
    {
      "file_path": "/media/NFS/ttao/scannet/posed_images/scene0478_01/00079.jpg",
      "transform_matrix": [
        [
          0.202556,
          -0.23824,
          0.949849,
          3.652279
        ],
        [
          -0.978923,
          -0.023427,
          0.20288,
          1.326166
        ],
        [
          -0.026082,
          -0.970924,
          -0.237964,
          1.410749
        ],
        [
          0.0,
          0.0,
          0.0,
          1.0
        ]
      ]
    },
    {
      "file_path": "/media/NFS/ttao/scannet/posed_images/scene0478_01/00083.jpg",
      "transform_matrix": [
        [
          0.228457,
          -0.270705,
          0.935161,
          3.6647
        ],
        [
          -0.973071,
          -0.033221,
          0.228101,
          1.337563
        ],
        [
          -0.030681,
          -0.962089,
          -0.271004,
          1.392485
        ],
        [
          0.0,
          0.0,
          0.0,
          1.0
        ]
      ]
    },
    {
      "file_path": "/media/NFS/ttao/scannet/posed_images/scene0478_01/00085.jpg",
      "transform_matrix": [
        [
          0.249646,
          -0.275563,
          0.928301,
          3.668403
        ],
        [
          -0.968008,
          -0.046027,
          0.246661,
          1.337913
        ],
        [
          -0.025244,
          -0.960181,
          -0.278237,
          1.386033
        ],
        [
          0.0,
          0.0,
          0.0,
          1.0
        ]
      ]
    },
    {
      "file_path": "/media/NFS/ttao/scannet/posed_images/scene0478_01/00089.jpg",
      "transform_matrix": [
        [
          0.295325,
          -0.296276,
          0.908297,
          3.678118
        ],
        [
          -0.955348,
          -0.081923,
          0.2839,
          1.339419
        ],
        [
          -0.009702,
          -0.951582,
          -0.307241,
          1.369336
        ],
        [
          0.0,
          0.0,
          0.0,
          1.0
        ]
      ]
    },
    {
      "file_path": "/media/NFS/ttao/scannet/posed_images/scene0478_01/00090.jpg",
      "transform_matrix": [
        [
          0.298481,
          -0.306711,
          0.90379,
          3.682111
        ],
        [
          -0.954349,
          -0.084764,
          0.286413,
          1.348263
        ],
        [
          -0.011238,
          -0.948021,
          -0.31801,
          1.359187
        ],
        [
          0.0,
          0.0,
          0.0,
          1.0
        ]
      ]
    },
    {
      "file_path": "/media/NFS/ttao/scannet/posed_images/scene0478_01/00095.jpg",
      "transform_matrix": [
        [
          0.33451,
          -0.347686,
          0.875909,
          3.69954
        ],
        [
          -0.94238,
          -0.118733,
          0.312765,
          1.344749
        ],
        [
          -0.004745,
          -0.930063,
          -0.36737,
          1.335864
        ],
        [
          0.0,
          0.0,
          0.0,
          1.0
        ]
      ]
    },
    {
      "file_path": "/media/NFS/ttao/scannet/posed_images/scene0478_01/00096.jpg",
      "transform_matrix": [
        [
          0.338199,
          -0.35447,
          0.871764,
          3.703355
        ],
        [
          -0.941074,
          -0.126694,
          0.313573,
          1.347049
        ],
        [
          -0.000705,
          -0.926445,
          -0.37643,
          1.332382
        ],
        [
          0.0,
          0.0,
          0.0,
          1.0
        ]
      ]
    },
    {
      "file_path": "/media/NFS/ttao/scannet/posed_images/scene0478_01/00100.jpg",
      "transform_matrix": [
        [
          0.36546,
          -0.372774,
          0.852924,
          3.71889
        ],
        [
          -0.930826,
          -0.144777,
          0.335564,
          1.339629
        ],
        [
          -0.001606,
          -0.916558,
          -0.399898,
          1.320813
        ],
        [
          0.0,
          0.0,
          0.0,
          1.0
        ]
      ]
    },
    {
      "file_path": "/media/NFS/ttao/scannet/posed_images/scene0478_01/00102.jpg",
      "transform_matrix": [
        [
          0.384403,
          -0.371501,
          0.845116,
          3.725732
        ],
        [
          -0.923156,
          -0.150635,
          0.353683,
          1.332306
        ],
        [
          -0.004089,
          -0.916131,
          -0.400858,
          1.31758
        ],
        [
          0.0,
          0.0,
          0.0,
          1.0
        ]
      ]
    },
    {
      "file_path": "/media/NFS/ttao/scannet/posed_images/scene0478_01/00105.jpg",
      "transform_matrix": [
        [
          0.419177,
          -0.369572,
          0.829281,
          3.732804
        ],
        [
          -0.907889,
          -0.1653,
          0.385245,
          1.329116
        ],
        [
          -0.005295,
          -0.914381,
          -0.40482,
          1.316989
        ],
        [
          0.0,
          0.0,
          0.0,
          1.0
        ]
      ]
    },
    {
      "file_path": "/media/NFS/ttao/scannet/posed_images/scene0478_01/00108.jpg",
      "transform_matrix": [
        [
          0.462552,
          -0.357002,
          0.811539,
          3.736948
        ],
        [
          -0.886568,
          -0.179431,
          0.426382,
          1.327347
        ],
        [
          -0.006604,
          -0.916708,
          -0.399503,
          1.31862
        ],
        [
          0.0,
          0.0,
          0.0,
          1.0
        ]
      ]
    },
    {
      "file_path": "/media/NFS/ttao/scannet/posed_images/scene0478_01/00112.jpg",
      "transform_matrix": [
        [
          0.50707,
          -0.338117,
          0.792816,
          3.732451
        ],
        [
          -0.861886,
          -0.192818,
          0.469014,
          1.337599
        ],
        [
          -0.005712,
          -0.92114,
          -0.389191,
          1.32255
        ],
        [
          0.0,
          0.0,
          0.0,
          1.0
        ]
      ]
    },
    {
      "file_path": "/media/NFS/ttao/scannet/posed_images/scene0478_01/00114.jpg",
      "transform_matrix": [
        [
          0.526676,
          -0.33221,
          0.782463,
          3.732151
        ],
        [
          -0.850055,
          -0.20122,
          0.486741,
          1.340051
        ],
        [
          -0.004253,
          -0.921492,
          -0.388375,
          1.324008
        ],
        [
          0.0,
          0.0,
          0.0,
          1.0
        ]
      ]
    },
    {
      "file_path": "/media/NFS/ttao/scannet/posed_images/scene0478_01/00115.jpg",
      "transform_matrix": [
        [
          0.533327,
          -0.330671,
          0.778601,
          3.733212
        ],
        [
          -0.845904,
          -0.205389,
          0.4922,
          1.341629
        ],
        [
          -0.002841,
          -0.921125,
          -0.389256,
          1.324192
        ],
        [
          0.0,
          0.0,
          0.0,
          1.0
        ]
      ]
    },
    {
      "file_path": "/media/NFS/ttao/scannet/posed_images/scene0478_01/00119.jpg",
      "transform_matrix": [
        [
          0.552298,
          -0.325626,
          0.767421,
          3.736055
        ],
        [
          -0.833625,
          -0.222367,
          0.50559,
          1.345309
        ],
        [
          0.006016,
          -0.918978,
          -0.394263,
          1.323893
        ],
        [
          0.0,
          0.0,
          0.0,
          1.0
        ]
      ]
    },
    {
      "file_path": "/media/NFS/ttao/scannet/posed_images/scene0478_01/00121.jpg",
      "transform_matrix": [
        [
          0.558503,
          -0.316737,
          0.76665,
          3.730329
        ],
        [
          -0.82943,
          -0.225478,
          0.511083,
          1.352656
        ],
        [
          0.010984,
          -0.921324,
          -0.388641,
          1.322144
        ],
        [
          0.0,
          0.0,
          0.0,
          1.0
        ]
      ]
    },
    {
      "file_path": "/media/NFS/ttao/scannet/posed_images/scene0478_01/00124.jpg",
      "transform_matrix": [
        [
          0.576141,
          -0.296326,
          0.761743,
          3.730381
        ],
        [
          -0.817263,
          -0.222516,
          0.531572,
          1.350386
        ],
        [
          0.011982,
          -0.928804,
          -0.370377,
          1.326634
        ],
        [
          0.0,
          0.0,
          0.0,
          1.0
        ]
      ]
    },
    {
      "file_path": "/media/NFS/ttao/scannet/posed_images/scene0478_01/00128.jpg",
      "transform_matrix": [
        [
          0.601564,
          -0.274017,
          0.750357,
          3.72952
        ],
        [
          -0.79882,
          -0.209625,
          0.563866,
          1.346361
        ],
        [
          0.002785,
          -0.938601,
          -0.344993,
          1.338337
        ],
        [
          0.0,
          0.0,
          0.0,
          1.0
        ]
      ]
    },
    {
      "file_path": "/media/NFS/ttao/scannet/posed_images/scene0478_01/00129.jpg",
      "transform_matrix": [
        [
          0.609003,
          -0.270338,
          0.745676,
          3.727738
        ],
        [
          -0.793168,
          -0.208694,
          0.57213,
          1.345131
        ],
        [
          0.00095,
          -0.939875,
          -0.341518,
          1.34034
        ],
        [
          0.0,
          0.0,
          0.0,
          1.0
        ]
      ]
    },
    {
      "file_path": "/media/NFS/ttao/scannet/posed_images/scene0478_01/00133.jpg",
      "transform_matrix": [
        [
          0.637671,
          -0.254446,
          0.727072,
          3.720621
        ],
        [
          -0.770282,
          -0.202735,
          0.604619,
          1.3424
        ],
        [
          -0.00644,
          -0.945598,
          -0.325273,
          1.343375
        ],
        [
          0.0,
          0.0,
          0.0,
          1.0
        ]
      ]
    },
    {
      "file_path": "/media/NFS/ttao/scannet/posed_images/scene0478_01/00135.jpg",
      "transform_matrix": [
        [
          0.652977,
          -0.243813,
          0.717061,
          3.716947
        ],
        [
          -0.757333,
          -0.199838,
          0.621701,
          1.341437
        ],
        [
          -0.008283,
          -0.94901,
          -0.315137,
          1.348461
        ],
        [
          0.0,
          0.0,
          0.0,
          1.0
        ]
      ]
    },
    {
      "file_path": "/media/NFS/ttao/scannet/posed_images/scene0478_01/00139.jpg",
      "transform_matrix": [
        [
          0.679075,
          -0.226178,
          0.698356,
          3.70967
        ],
        [
          -0.733959,
          -0.192705,
          0.651283,
          1.339871
        ],
        [
          -0.012729,
          -0.954834,
          -0.296867,
          1.35739
        ],
        [
          0.0,
          0.0,
          0.0,
          1.0
        ]
      ]
    },
    {
      "file_path": "/media/NFS/ttao/scannet/posed_images/scene0478_01/00142.jpg",
      "transform_matrix": [
        [
          0.697028,
          -0.213407,
          0.684551,
          3.70348
        ],
        [
          -0.716964,
          -0.193163,
          0.669814,
          1.340756
        ],
        [
          -0.010713,
          -0.957677,
          -0.287645,
          1.360355
        ],
        [
          0.0,
          0.0,
          0.0,
          1.0
        ]
      ]
    },
    {
      "file_path": "/media/NFS/ttao/scannet/posed_images/scene0478_01/00143.jpg",
      "transform_matrix": [
        [
          0.70244,
          -0.210058,
          0.680039,
          3.702176
        ],
        [
          -0.711671,
          -0.193729,
          0.675273,
          1.341851
        ],
        [
          -0.010103,
          -0.958303,
          -0.285575,
          1.363065
        ],
        [
          0.0,
          0.0,
          0.0,
          1.0
        ]
      ]
    },
    {
      "file_path": "/media/NFS/ttao/scannet/posed_images/scene0478_01/00147.jpg",
      "transform_matrix": [
        [
          0.723132,
          -0.188972,
          0.664356,
          3.693893
        ],
        [
          -0.690697,
          -0.191972,
          0.697198,
          1.345546
        ],
        [
          -0.004213,
          -0.963035,
          -0.269344,
          1.370248
        ],
        [
          0.0,
          0.0,
          0.0,
          1.0
        ]
      ]
    },
    {
      "file_path": "/media/NFS/ttao/scannet/posed_images/scene0478_01/00148.jpg",
      "transform_matrix": [
        [
          0.728737,
          -0.182854,
          0.65993,
          3.693333
        ],
        [
          -0.684788,
          -0.190748,
          0.703335,
          1.344672
        ],
        [
          -0.002727,
          -0.964458,
          -0.264221,
          1.36975
        ],
        [
          0.0,
          0.0,
          0.0,
          1.0
        ]
      ]
    },
    {
      "file_path": "/media/NFS/ttao/scannet/posed_images/scene0478_01/00153.jpg",
      "transform_matrix": [
        [
          0.752494,
          -0.157218,
          0.639559,
          3.677094
        ],
        [
          -0.658585,
          -0.185933,
          0.729174,
          1.351459
        ],
        [
          0.004276,
          -0.969903,
          -0.243455,
          1.386006
        ],
        [
          0.0,
          0.0,
          0.0,
          1.0
        ]
      ]
    },
    {
      "file_path": "/media/NFS/ttao/scannet/posed_images/scene0478_01/00154.jpg",
      "transform_matrix": [
        [
          0.758083,
          -0.151668,
          0.634277,
          3.674821
        ],
        [
          -0.652134,
          -0.184606,
          0.735283,
          1.351844
        ],
        [
          0.005573,
          -0.971039,
          -0.238855,
          1.388131
        ],
        [
          0.0,
          0.0,
          0.0,
          1.0
        ]
      ]
    },
    {
      "file_path": "/media/NFS/ttao/scannet/posed_images/scene0478_01/00158.jpg",
      "transform_matrix": [
        [
          0.776972,
          -0.133041,
          0.615317,
          3.667304
        ],
        [
          -0.629524,
          -0.158348,
          0.760674,
          1.350205
        ],
        [
          -0.003766,
          -0.978379,
          -0.206784,
          1.403104
        ],
        [
          0.0,
          0.0,
          0.0,
          1.0
        ]
      ]
    },
    {
      "file_path": "/media/NFS/ttao/scannet/posed_images/scene0478_01/00161.jpg",
      "transform_matrix": [
        [
          0.783575,
          -0.118403,
          0.60991,
          3.654031
        ],
        [
          -0.621227,
          -0.134599,
          0.771984,
          1.352667
        ],
        [
          -0.009312,
          -0.983801,
          -0.179024,
          1.424384
        ],
        [
          0.0,
          0.0,
          0.0,
          1.0
        ]
      ]
    },
    {
      "file_path": "/media/NFS/ttao/scannet/posed_images/scene0478_01/00162.jpg",
      "transform_matrix": [
        [
          0.78686,
          -0.112196,
          0.606847,
          3.65394
        ],
        [
          -0.617066,
          -0.128677,
          0.77632,
          1.350722
        ],
        [
          -0.009013,
          -0.985319,
          -0.170483,
          1.427561
        ],
        [
          0.0,
          0.0,
          0.0,
          1.0
        ]
      ]
    },
    {
      "file_path": "/media/NFS/ttao/scannet/posed_images/scene0478_01/00167.jpg",
      "transform_matrix": [
        [
          0.805821,
          -0.083638,
          0.586223,
          3.646892
        ],
        [
          -0.592144,
          -0.120863,
          0.796717,
          1.345508
        ],
        [
          0.004217,
          -0.989139,
          -0.14692,
          1.449472
        ],
        [
          0.0,
          0.0,
          0.0,
          1.0
        ]
      ]
    },
    {
      "file_path": "/media/NFS/ttao/scannet/posed_images/scene0478_01/00168.jpg",
      "transform_matrix": [
        [
          0.809806,
          -0.07539,
          0.581834,
          3.645432
        ],
        [
          -0.586635,
          -0.118591,
          0.801121,
          1.343684
        ],
        [
          0.008604,
          -0.990077,
          -0.140262,
          1.452597
        ],
        [
          0.0,
          0.0,
          0.0,
          1.0
        ]
      ]
    },
    {
      "file_path": "/media/NFS/ttao/scannet/posed_images/scene0478_01/00172.jpg",
      "transform_matrix": [
        [
          0.828276,
          -0.039777,
          0.558907,
          3.63564
        ],
        [
          -0.560264,
          -0.072977,
          0.825093,
          1.326028
        ],
        [
          0.007968,
          -0.99654,
          -0.082731,
          1.468494
        ],
        [
          0.0,
          0.0,
          0.0,
          1.0
        ]
      ]
    },
    {
      "file_path": "/media/NFS/ttao/scannet/posed_images/scene0478_01/00175.jpg",
      "transform_matrix": [
        [
          0.834665,
          -0.020336,
          0.550383,
          3.630752
        ],
        [
          -0.550626,
          -0.052757,
          0.833084,
          1.317105
        ],
        [
          0.012095,
          -0.9984,
          -0.055232,
          1.480576
        ],
        [
          0.0,
          0.0,
          0.0,
          1.0
        ]
      ]
    },
    {
      "file_path": "/media/NFS/ttao/scannet/posed_images/scene0478_01/00178.jpg",
      "transform_matrix": [
        [
          0.842105,
          -0.006977,
          0.539269,
          3.628936
        ],
        [
          -0.539183,
          -0.032966,
          0.841544,
          1.304236
        ],
        [
          0.011906,
          -0.999432,
          -0.031523,
          1.497232
        ],
        [
          0.0,
          0.0,
          0.0,
          1.0
        ]
      ]
    },
    {
      "file_path": "/media/NFS/ttao/scannet/posed_images/scene0478_01/00179.jpg",
      "transform_matrix": [
        [
          0.842665,
          -0.001989,
          0.538435,
          3.627843
        ],
        [
          -0.538327,
          -0.023489,
          0.842409,
          1.301078
        ],
        [
          0.010972,
          -0.999722,
          -0.020865,
          1.498699
        ],
        [
          0.0,
          0.0,
          0.0,
          1.0
        ]
      ]
    },
    {
      "file_path": "/media/NFS/ttao/scannet/posed_images/scene0478_01/00183.jpg",
      "transform_matrix": [
        [
          0.849982,
          0.002788,
          0.526804,
          3.621318
        ],
        [
          -0.526745,
          -0.011453,
          0.849947,
          1.290401
        ],
        [
          0.008403,
          -0.999931,
          -0.008266,
          1.497522
        ],
        [
          0.0,
          0.0,
          0.0,
          1.0
        ]
      ]
    },
    {
      "file_path": "/media/NFS/ttao/scannet/posed_images/scene0478_01/00186.jpg",
      "transform_matrix": [
        [
          0.863989,
          0.003659,
          0.503498,
          3.624984
        ],
        [
          -0.503441,
          -0.010359,
          0.863967,
          1.281286
        ],
        [
          0.008377,
          -0.99994,
          -0.007108,
          1.500808
        ],
        [
          0.0,
          0.0,
          0.0,
          1.0
        ]
      ]
    },
    {
      "file_path": "/media/NFS/ttao/scannet/posed_images/scene0478_01/00189.jpg",
      "transform_matrix": [
        [
          0.884181,
          -0.000767,
          0.467144,
          3.630914
        ],
        [
          -0.467129,
          -0.009688,
          0.884136,
          1.270858
        ],
        [
          0.003848,
          -0.999953,
          -0.008924,
          1.498191
        ],
        [
          0.0,
          0.0,
          0.0,
          1.0
        ]
      ]
    },
    {
      "file_path": "/media/NFS/ttao/scannet/posed_images/scene0478_01/00190.jpg",
      "transform_matrix": [
        [
          0.891741,
          -0.012205,
          0.452381,
          3.628974
        ],
        [
          -0.452452,
          -0.00365,
          0.891782,
          1.26346
        ],
        [
          -0.009233,
          -0.999919,
          -0.008777,
          1.495502
        ],
        [
          0.0,
          0.0,
          0.0,
          1.0
        ]
      ]
    },
    {
      "file_path": "/media/NFS/ttao/scannet/posed_images/scene0478_01/00194.jpg",
      "transform_matrix": [
        [
          0.921458,
          -0.019722,
          0.387978,
          3.631177
        ],
        [
          -0.388318,
          -0.018004,
          0.92135,
          1.249174
        ],
        [
          -0.011185,
          -0.999643,
          -0.024249,
          1.496345
        ],
        [
          0.0,
          0.0,
          0.0,
          1.0
        ]
      ]
    },
    {
      "file_path": "/media/NFS/ttao/scannet/posed_images/scene0478_01/00195.jpg",
      "transform_matrix": [
        [
          0.926221,
          -0.018632,
          0.376521,
          3.628169
        ],
        [
          -0.376864,
          -0.020731,
          0.926037,
          1.244226
        ],
        [
          -0.009448,
          -0.999611,
          -0.026224,
          1.496144
        ],
        [
          0.0,
          0.0,
          0.0,
          1.0
        ]
      ]
    },
    {
      "file_path": "/media/NFS/ttao/scannet/posed_images/scene0478_01/00200.jpg",
      "transform_matrix": [
        [
          0.937505,
          -0.025206,
          0.347059,
          3.594368
        ],
        [
          -0.347961,
          -0.059483,
          0.93562,
          1.217195
        ],
        [
          -0.002939,
          -0.997911,
          -0.064536,
          1.489385
        ],
        [
          0.0,
          0.0,
          0.0,
          1.0
        ]
      ]
    },
    {
      "file_path": "/media/NFS/ttao/scannet/posed_images/scene0478_01/00202.jpg",
      "transform_matrix": [
        [
          0.941206,
          -0.027829,
          0.336685,
          3.581615
        ],
        [
          -0.337833,
          -0.075375,
          0.938183,
          1.201575
        ],
        [
          -0.000731,
          -0.996767,
          -0.080345,
          1.489846
        ],
        [
          0.0,
          0.0,
          0.0,
          1.0
        ]
      ]
    },
    {
      "file_path": "/media/NFS/ttao/scannet/posed_images/scene0478_01/00205.jpg",
      "transform_matrix": [
        [
          0.942786,
          -0.028481,
          0.332181,
          3.552054
        ],
        [
          -0.3334,
          -0.079456,
          0.939431,
          1.174864
        ],
        [
          -0.000362,
          -0.996432,
          -0.084405,
          1.487814
        ],
        [
          0.0,
          0.0,
          0.0,
          1.0
        ]
      ]
    },
    {
      "file_path": "/media/NFS/ttao/scannet/posed_images/scene0478_01/00206.jpg",
      "transform_matrix": [
        [
          0.942981,
          -0.029109,
          0.331572,
          3.542161
        ],
        [
          -0.332848,
          -0.083065,
          0.939315,
          1.164862
        ],
        [
          0.000199,
          -0.996119,
          -0.088017,
          1.487719
        ],
        [
          0.0,
          0.0,
          0.0,
          1.0
        ]
      ]
    },
    {
      "file_path": "/media/NFS/ttao/scannet/posed_images/scene0478_01/00209.jpg",
      "transform_matrix": [
        [
          0.94302,
          -0.032961,
          0.331101,
          3.500522
        ],
        [
          -0.332735,
          -0.097543,
          0.937962,
          1.135978
        ],
        [
          0.001381,
          -0.994685,
          -0.102952,
          1.478137
        ],
        [
          0.0,
          0.0,
          0.0,
          1.0
        ]
      ]
    },
    {
      "file_path": "/media/NFS/ttao/scannet/posed_images/scene0478_01/00212.jpg",
      "transform_matrix": [
        [
          0.943431,
          -0.04118,
          0.329004,
          3.441062
        ],
        [
          -0.331518,
          -0.134925,
          0.933751,
          1.096665
        ],
        [
          0.005939,
          -0.99,
