{
  "frames": [
    {
      "file_path": "/media/NFS/ttao/scannet/posed_images/scene0142_01/00003.jpg",
      "transform_matrix": [
        [
          -0.873028,
          0.000679,
          -0.487669,
          3.494554
        ],
        [
          0.485678,
          0.091489,
          -0.869337,
          2.572245
        ],
        [
          0.044026,
          -0.995806,
          -0.080202,
          1.531388
        ],
        [
          0.0,
          0.0,
          0.0,
          1.0
        ]
      ]
    },
    {
      "file_path": "/media/NFS/ttao/scannet/posed_images/scene0142_01/00010.jpg",
      "transform_matrix": [
        [
          -0.882406,
          0.011986,
          -0.470336,
          3.479144
        ],
        [
          0.470151,
          0.06034,
          -0.880521,
          2.61645
        ],
        [
          0.017826,
          -0.998106,
          -0.05888,
          1.559296
        ],
        [
          0.0,
          0.0,
          0.0,
          1.0
        ]
      ]
    },
    {
      "file_path": "/media/NFS/ttao/scannet/posed_images/scene0142_01/00027.jpg",
      "transform_matrix": [
        [
          -0.910241,
          0.053809,
          -0.410568,
          3.413148
        ],
        [
          0.414069,
          0.111494,
          -0.903392,
          2.720333
        ],
        [
          -0.002835,
          -0.992307,
          -0.123767,
          1.51128
        ],
        [
          0.0,
          0.0,
          0.0,
          1.0
        ]
      ]
    },
    {
      "file_path": "/media/NFS/ttao/scannet/posed_images/scene0142_01/00041.jpg",
      "transform_matrix": [
        [
          -0.917349,
          0.115849,
          -0.380855,
          3.449276
        ],
        [
          0.398006,
          0.247844,
          -0.88327,
          2.677727
        ],
        [
          -0.007933,
          -0.961849,
          -0.273467,
          1.448522
        ],
        [
          0.0,
          0.0,
          0.0,
          1.0
        ]
      ]
    },
    {
      "file_path": "/media/NFS/ttao/scannet/posed_images/scene0142_01/00051.jpg",
      "transform_matrix": [
        [
          -0.913453,
          0.158081,
          -0.374985,
          3.502325
        ],
        [
          0.406468,
          0.309858,
          -0.859519,
          2.595443
        ],
        [
          -0.019681,
          -0.937549,
          -0.347295,
          1.388553
        ],
        [
          0.0,
          0.0,
          0.0,
          1.0
        ]
      ]
    },
    {
      "file_path": "/media/NFS/ttao/scannet/posed_images/scene0142_01/00055.jpg",
      "transform_matrix": [
        [
          -0.907236,
          0.174836,
          -0.382564,
          3.518971
        ],
        [
          0.420001,
          0.327138,
          -0.84651,
          2.563815
        ],
        [
          -0.02285,
          -0.928662,
          -0.370223,
          1.374699
        ],
        [
          0.0,
          0.0,
          0.0,
          1.0
        ]
      ]
    },
    {
      "file_path": "/media/NFS/ttao/scannet/posed_images/scene0142_01/00069.jpg",
      "transform_matrix": [
        [
          -0.942651,
          0.120011,
          -0.311458,
          3.514786
        ],
        [
          0.333714,
          0.320339,
          -0.886577,
          2.435987
        ],
        [
          -0.006627,
          -0.93967,
          -0.342017,
          1.385012
        ],
        [
          0.0,
          0.0,
          0.0,
          1.0
        ]
      ]
    },
    {
      "file_path": "/media/NFS/ttao/scannet/posed_images/scene0142_01/00082.jpg",
      "transform_matrix": [
        [
          -0.940333,
          0.112806,
          -0.321011,
          3.477883
        ],
        [
          0.339848,
          0.265228,
          -0.902307,
          2.307579
        ],
        [
          -0.016644,
          -0.957564,
          -0.287739,
          1.409271
        ],
        [
          0.0,
          0.0,
          0.0,
          1.0
        ]
      ]
    },
    {
      "file_path": "/media/NFS/ttao/scannet/posed_images/scene0142_01/00089.jpg",
      "transform_matrix": [
        [
          -0.915511,
          0.136755,
          -0.378336,
          3.510389
        ],
        [
          0.40187,
          0.267744,
          -0.875679,
          2.239081
        ],
        [
          -0.018456,
          -0.953735,
          -0.30008,
          1.411971
        ],
        [
          0.0,
          0.0,
          0.0,
          1.0
        ]
      ]
    },
    {
      "file_path": "/media/NFS/ttao/scannet/posed_images/scene0142_01/00110.jpg",
      "transform_matrix": [
        [
          -0.773171,
          0.247046,
          -0.584102,
          3.751309
        ],
        [
          0.634198,
          0.300089,
          -0.712559,
          2.042987
        ],
        [
          -0.000752,
          -0.921366,
          -0.388696,
          1.393742
        ],
        [
          0.0,
          0.0,
          0.0,
          1.0
        ]
      ]
    },
    {
      "file_path": "/media/NFS/ttao/scannet/posed_images/scene0142_01/00120.jpg",
      "transform_matrix": [
        [
          -0.766651,
          0.258259,
          -0.587834,
          3.741117
        ],
        [
          0.64201,
          0.32026,
          -0.696604,
          1.996977
        ],
        [
          0.008356,
          -0.911447,
          -0.411333,
          1.385716
        ],
        [
          0.0,
          0.0,
          0.0,
          1.0
        ]
      ]
    },
    {
      "file_path": "/media/NFS/ttao/scannet/posed_images/scene0142_01/00124.jpg",
      "transform_matrix": [
        [
          -0.752952,
          0.26306,
          -0.603211,
          3.72288
        ],
        [
          0.65804,
          0.310603,
          -0.685937,
          1.969613
        ],
        [
          0.006917,
          -0.913414,
          -0.406973,
          1.389012
        ],
        [
          0.0,
          0.0,
          0.0,
          1.0
        ]
      ]
    },
    {
      "file_path": "/media/NFS/ttao/scannet/posed_images/scene0142_01/00137.jpg",
      "transform_matrix": [
        [
          -0.721994,
          0.307811,
          -0.619659,
          3.631355
        ],
        [
          0.69172,
          0.300727,
          -0.656572,
          1.844408
        ],
        [
          -0.015752,
          -0.902671,
          -0.430042,
          1.378232
        ],
        [
          0.0,
          0.0,
          0.0,
          1.0
        ]
      ]
    },
    {
      "file_path": "/media/NFS/ttao/scannet/posed_images/scene0142_01/00154.jpg",
      "transform_matrix": [
        [
          -0.565677,
          0.396384,
          -0.72311,
          3.660961
        ],
        [
          0.824253,
          0.298188,
          -0.481343,
          1.622248
        ],
        [
          0.024826,
          -0.868311,
          -0.495399,
          1.365048
        ],
        [
          0.0,
          0.0,
          0.0,
          1.0
        ]
      ]
    },
    {
      "file_path": "/media/NFS/ttao/scannet/posed_images/scene0142_01/00165.jpg",
      "transform_matrix": [
        [
          -0.443013,
          0.431606,
          -0.785783,
          3.830497
        ],
        [
          0.896287,
          0.233013,
          -0.377327,
          1.444036
        ],
        [
          0.020241,
          -0.871448,
          -0.49007,
          1.366148
        ],
        [
          0.0,
          0.0,
          0.0,
          1.0
        ]
      ]
    },
    {
      "file_path": "/media/NFS/ttao/scannet/posed_images/scene0142_01/00168.jpg",
      "transform_matrix": [
        [
          -0.426193,
          0.432912,
          -0.794321,
          3.858644
        ],
        [
          0.904207,
          0.230772,
          -0.359379,
          1.416407
        ],
        [
          0.027728,
          -0.871396,
          -0.489796,
          1.368021
        ],
        [
          0.0,
          0.0,
          0.0,
          1.0
        ]
      ]
    },
    {
      "file_path": "/media/NFS/ttao/scannet/posed_images/scene0142_01/00185.jpg",
      "transform_matrix": [
        [
          -0.301981,
          0.372852,
          -0.877376,
          3.909742
        ],
        [
          0.949077,
          0.204256,
          -0.239859,
          1.360758
        ],
        [
          0.089777,
          -0.90513,
          -0.415547,
          1.380055
        ],
        [
          0.0,
          0.0,
          0.0,
          1.0
        ]
      ]
    },
    {
      "file_path": "/media/NFS/ttao/scannet/posed_images/scene0142_01/00196.jpg",
      "transform_matrix": [
        [
          -0.169896,
          0.337516,
          -0.925861,
          3.857846
        ],
        [
          0.985354,
          0.072088,
          -0.154534,
          1.457702
        ],
        [
          0.014586,
          -0.938556,
          -0.34482,
          1.424948
        ],
        [
          0.0,
          0.0,
          0.0,
          1.0
        ]
      ]
    },
    {
      "file_path": "/media/NFS/ttao/scannet/posed_images/scene0142_01/00209.jpg",
      "transform_matrix": [
        [
          -0.151897,
          0.297677,
          -0.942505,
          3.782718
        ],
        [
          0.98683,
          -0.007991,
          -0.161565,
          1.623251
        ],
        [
          -0.055626,
          -0.954633,
          -0.292543,
          1.474217
        ],
        [
          0.0,
          0.0,
          0.0,
          1.0
        ]
      ]
    },
    {
      "file_path": "/media/NFS/ttao/scannet/posed_images/scene0142_01/00216.jpg",
      "transform_matrix": [
        [
          -0.175679,
          0.281955,
          -0.943206,
          3.756712
        ],
        [
          0.982119,
          -0.015663,
          -0.187609,
          1.687766
        ],
        [
          -0.06767,
          -0.9593,
          -0.274162,
          1.488162
        ],
        [
          0.0,
          0.0,
          0.0,
          1.0
        ]
      ]
    },
    {
      "file_path": "/media/NFS/ttao/scannet/posed_images/scene0142_01/00227.jpg",
      "transform_matrix": [
        [
          -0.163762,
          0.234438,
          -0.958238,
          3.702337
        ],
        [
          0.980841,
          -0.065199,
          -0.183576,
          1.784952
        ],
        [
          -0.105513,
          -0.969942,
          -0.21927,
          1.496999
        ],
        [
          0.0,
          0.0,
          0.0,
          1.0
        ]
      ]
    },
    {
      "file_path": "/media/NFS/ttao/scannet/posed_images/scene0142_01/00247.jpg",
      "transform_matrix": [
        [
          -0.326049,
          0.064996,
          -0.943116,
          3.505266
        ],
        [
          0.943173,
          -0.045342,
          -0.329194,
          1.977342
        ],
        [
          -0.064159,
          -0.996855,
          -0.046519,
          1.589271
        ],
        [
          0.0,
          0.0,
          0.0,
          1.0
        ]
      ]
    },
    {
      "file_path": "/media/NFS/ttao/scannet/posed_images/scene0142_01/00251.jpg",
      "transform_matrix": [
        [
          -0.336121,
          0.061333,
          -0.93982,
          3.46455
        ],
        [
          0.938729,
          -0.058943,
          -0.339578,
          2.045426
        ],
        [
          -0.076224,
          -0.996375,
          -0.037763,
          1.593209
        ],
        [
          0.0,
          0.0,
          0.0,
          1.0
        ]
      ]
    },
    {
      "file_path": "/media/NFS/ttao/scannet/posed_images/scene0142_01/00261.jpg",
      "transform_matrix": [
        [
          -0.38859,
          0.030555,
          -0.920904,
          3.392694
        ],
        [
          0.919976,
          -0.042885,
          -0.389621,
          2.209396
        ],
        [
          -0.051398,
          -0.998613,
          -0.011445,
          1.617094
        ],
        [
          0.0,
          0.0,
          0.0,
          1.0
        ]
      ]
    },
    {
      "file_path": "/media/NFS/ttao/scannet/posed_images/scene0142_01/00271.jpg",
      "transform_matrix": [
        [
          -0.436085,
          0.013289,
          -0.899807,
          3.312318
        ],
        [
          0.89682,
          -0.076314,
          -0.435765,
          2.355974
        ],
        [
          -0.074459,
          -0.996995,
          0.021361,
          1.628013
        ],
        [
          0.0,
          0.0,
          0.0,
          1.0
        ]
      ]
    },
    {
      "file_path": "/media/NFS/ttao/scannet/posed_images/scene0142_01/00285.jpg",
      "transform_matrix": [
        [
          -0.485826,
          -0.012138,
          -0.873971,
          3.091628
        ],
        [
          0.87212,
          -0.073235,
          -0.48378,
          2.48429
        ],
        [
          -0.058133,
          -0.997241,
          0.046166,
          1.6111
        ],
        [
          0.0,
          0.0,
          0.0,
          1.0
        ]
      ]
    },
    {
      "file_path": "/media/NFS/ttao/scannet/posed_images/scene0142_01/00299.jpg",
      "transform_matrix": [
        [
          -0.489557,
          0.033241,
          -0.871338,
          2.839176
        ],
        [
          0.866576,
          -0.092445,
          -0.490408,
          2.600408
        ],
        [
          -0.096852,
          -0.995163,
          0.016451,
          1.582991
        ],
        [
          0.0,
          0.0,
          0.0,
          1.0
        ]
      ]
    },
    {
      "file_path": "/media/NFS/ttao/scannet/posed_images/scene0142_01/00309.jpg",
      "transform_matrix": [
        [
          -0.535501,
          0.054084,
          -0.842801,
          2.657073
        ],
        [
          0.84104,
          -0.056544,
          -0.53801,
          2.664201
        ],
        [
          -0.076753,
          -0.996934,
          -0.015208,
          1.58819
        ],
        [
          0.0,
          0.0,
          0.0,
          1.0
        ]
      ]
    },
    {
      "file_path": "/media/NFS/ttao/scannet/posed_images/scene0142_01/00319.jpg",
      "transform_matrix": [
        [
          -0.531221,
          0.060169,
          -0.845094,
          2.503686
        ],
        [
          0.8469,
          0.009724,
          -0.531664,
          2.702485
        ],
        [
          -0.023772,
          -0.998141,
          -0.056123,
          1.588147
        ],
        [
          0.0,
          0.0,
          0.0,
          1.0
        ]
      ]
    },
    {
      "file_path": "/media/NFS/ttao/scannet/posed_images/scene0142_01/00336.jpg",
      "transform_matrix": [
        [
          -0.43363,
          0.095308,
          -0.896037,
          2.319679
        ],
        [
          0.899292,
          0.108577,
          -0.423657,
          2.63315
        ],
        [
          0.056912,
          -0.989509,
          -0.132792,
          1.548589
        ],
        [
          0.0,
          0.0,
          0.0,
          1.0
        ]
      ]
    },
    {
      "file_path": "/media/NFS/ttao/scannet/posed_images/scene0142_01/00343.jpg",
      "transform_matrix": [
        [
          -0.418679,
          0.118102,
          -0.900422,
          2.326205
        ],
        [
          0.905897,
          0.123876,
          -0.404977,
          2.625273
        ],
        [
          0.063712,
          -0.985245,
          -0.158852,
          1.529942
        ],
        [
          0.0,
          0.0,
          0.0,
          1.0
        ]
      ]
    },
    {
      "file_path": "/media/NFS/ttao/scannet/posed_images/scene0142_01/00360.jpg",
      "transform_matrix": [
        [
          -0.314834,
          0.293559,
          -0.902609,
          2.530086
        ],
        [
          0.949136,
          0.092887,
          -0.300853,
          2.636242
        ],
        [
          -0.004477,
          -0.951417,
          -0.307871,
          1.418259
        ],
        [
          0.0,
          0.0,
          0.0,
          1.0
        ]
      ]
    },
    {
      "file_path": "/media/NFS/ttao/scannet/posed_images/scene0142_01/00371.jpg",
      "transform_matrix": [
        [
          -0.216295,
          0.306112,
          -0.927099,
          2.659886
        ],
        [
          0.97616,
          0.050194,
          -0.211168,
          2.616953
        ],
        [
          -0.018106,
          -0.950671,
          -0.309671,
          1.3812
        ],
        [
          0.0,
          0.0,
          0.0,
          1.0
        ]
      ]
    },
    {
      "file_path": "/media/NFS/ttao/scannet/posed_images/scene0142_01/00374.jpg",
      "transform_matrix": [
        [
          -0.191192,
          0.310174,
          -0.931256,
          2.701197
        ],
        [
          0.981359,
          0.041538,
          -0.187643,
          2.577219
        ],
        [
          -0.019519,
          -0.949772,
          -0.312334,
          1.367606
        ],
        [
          0.0,
          0.0,
          0.0,
          1.0
        ]
      ]
    },
    {
      "file_path": "/media/NFS/ttao/scannet/posed_images/scene0142_01/00395.jpg",
      "transform_matrix": [
        [
          0.085297,
          0.361321,
          -0.928532,
          2.969325
        ],
        [
          0.995531,
          -0.06881,
          0.064675,
          2.333638
        ],
        [
          -0.040524,
          -0.929899,
          -0.365576,
          1.350676
        ],
        [
          0.0,
          0.0,
          0.0,
          1.0
        ]
      ]
    },
    {
      "file_path": "/media/NFS/ttao/scannet/posed_images/scene0142_01/00405.jpg",
      "transform_matrix": [
        [
          0.233875,
          0.373773,
          -0.89755,
          3.092031
        ],
        [
          0.968884,
          -0.166537,
          0.183111,
          2.275532
        ],
        [
          -0.081033,
          -0.912447,
          -0.401092,
          1.353139
        ],
        [
          0.0,
          0.0,
          0.0,
          1.0
        ]
      ]
    },
    {
      "file_path": "/media/NFS/ttao/scannet/posed_images/scene0142_01/00419.jpg",
      "transform_matrix": [
        [
          0.383849,
          0.334705,
          -0.8606,
          3.16035
        ],
        [
          0.9203,
          -0.214926,
          0.326888,
          2.148931
        ],
        [
          -0.075554,
          -0.917485,
          -0.390528,
          1.35741
        ],
        [
          0.0,
          0.0,
          0.0,
          1.0
        ]
      ]
    },
    {
      "file_path": "/media/NFS/ttao/scannet/posed_images/scene0142_01/00422.jpg",
      "transform_matrix": [
        [
          0.394836,
          0.327728,
          -0.858312,
          3.174418
        ],
        [
          0.915905,
          -0.213897,
          0.339658,
          2.130594
        ],
        [
          -0.072275,
          -0.920241,
          -0.384621,
          1.351362
        ],
        [
          0.0,
          0.0,
          0.0,
          1.0
        ]
      ]
    },
    {
      "file_path": "/media/NFS/ttao/scannet/posed_images/scene0142_01/00439.jpg",
      "transform_matrix": [
        [
          0.603308,
          0.259369,
          -0.754153,
          3.105968
        ],
        [
          0.791902,
          -0.306766,
          0.528002,
          1.977134
        ],
        [
          -0.094401,
          -0.915763,
          -0.390469,
          1.395378
        ],
        [
          0.0,
          0.0,
          0.0,
          1.0
        ]
      ]
    },
    {
      "file_path": "/media/NFS/ttao/scannet/posed_images/scene0142_01/00443.jpg",
      "transform_matrix": [
        [
          0.631706,
          0.237445,
          -0.737948,
          3.081119
        ],
        [
          0.767413,
          -0.326205,
          0.551968,
          2.008888
        ],
        [
          -0.109661,
          -0.914992,
          -0.388284,
          1.409224
        ],
        [
          0.0,
          0.0,
          0.0,
          1.0
        ]
      ]
    },
    {
      "file_path": "/media/NFS/ttao/scannet/posed_images/scene0142_01/00463.jpg",
      "transform_matrix": [
        [
          0.782157,
          0.156692,
          -0.603057,
          2.843647
        ],
        [
          0.618917,
          -0.307093,
          0.722935,
          1.950088
        ],
        [
          -0.071917,
          -0.938691,
          -0.337174,
          1.429982
        ],
        [
          0.0,
          0.0,
          0.0,
          1.0
        ]
      ]
    },
    {
      "file_path": "/media/NFS/ttao/scannet/posed_images/scene0142_01/00474.jpg",
      "transform_matrix": [
        [
          0.886639,
          0.14407,
          -0.439449,
          2.716534
        ],
        [
          0.460706,
          -0.35791,
          0.812189,
          1.881969
        ],
        [
          -0.040271,
          -0.922575,
          -0.383711,
          1.434607
        ],
        [
          0.0,
          0.0,
          0.0,
          1.0
        ]
      ]
    },
    {
      "file_path": "/media/NFS/ttao/scannet/posed_images/scene0142_01/00487.jpg",
      "transform_matrix": [
        [
          0.940443,
          0.102497,
          -0.324133,
          2.644467
        ],
        [
          0.339074,
          -0.351345,
          0.872689,
          1.909309
        ],
        [
          -0.024434,
          -0.930619,
          -0.365174,
          1.434808
        ],
        [
          0.0,
          0.0,
          0.0,
          1.0
        ]
      ]
    },
    {
      "file_path": "/media/NFS/ttao/scannet/posed_images/scene0142_01/00498.jpg",
      "transform_matrix": [
        [
          0.970045,
          0.02631,
          -0.241498,
          2.622797
        ],
        [
          0.236004,
          -0.337696,
          0.911188,
          2.020248
        ],
        [
          -0.05758,
          -0.940887,
          -0.333789,
          1.456187
        ],
        [
          0.0,
          0.0,
          0.0,
          1.0
        ]
      ]
    },
    {
      "file_path": "/media/NFS/ttao/scannet/posed_images/scene0142_01/00508.jpg",
      "transform_matrix": [
        [
          0.976328,
          -0.010351,
          -0.216044,
          2.591269
        ],
        [
          0.201489,
          -0.319649,
          0.925865,
          2.100602
        ],
        [
          -0.078642,
          -0.947479,
          -0.309997,
          1.454122
        ],
        [
          0.0,
          0.0,
          0.0,
          1.0
        ]
      ]
    },
    {
      "file_path": "/media/NFS/ttao/scannet/posed_images/scene0142_01/00518.jpg",
      "transform_matrix": [
        [
          0.975124,
          0.011588,
          -0.221358,
          2.516829
        ],
        [
          0.212064,
          -0.339438,
          0.916412,
          2.146751
        ],
        [
          -0.064518,
          -0.940557,
          -0.333452,
          1.437651
        ],
        [
          0.0,
          0.0,
          0.0,
          1.0
        ]
      ]
    },
    {
      "file_path": "/media/NFS/ttao/scannet/posed_images/scene0142_01/00529.jpg",
      "transform_matrix": [
        [
          0.983283,
          -0.002817,
          -0.182064,
          2.377069
        ],
        [
          0.172346,
          -0.308241,
          0.935566,
          2.192501
        ],
        [
          -0.058755,
          -0.951304,
          -0.302603,
          1.442162
        ],
        [
          0.0,
          0.0,
          0.0,
          1.0
        ]
      ]
    },
    {
      "file_path": "/media/NFS/ttao/scannet/posed_images/scene0142_01/00539.jpg",
      "transform_matrix": [
        [
          0.995429,
          -0.002674,
          -0.095463,
          2.244667
        ],
        [
          0.091523,
          -0.258753,
          0.961598,
          2.246885
        ],
        [
          -0.027273,
          -0.96594,
          -0.257326,
          1.441107
        ],
        [
          0.0,
          0.0,
          0.0,
          1.0
        ]
      ]
    },
    {
      "file_path": "/media/NFS/ttao/scannet/posed_images/scene0142_01/00546.jpg",
      "transform_matrix": [
        [
          0.996234,
          -0.005201,
          -0.086541,
          2.194621
        ],
        [
          0.081942,
          -0.269549,
          0.959494,
          2.307207
        ],
        [
          -0.028318,
          -0.962973,
          -0.268108,
          1.423383
        ],
        [
          0.0,
          0.0,
          0.0,
          1.0
        ]
      ]
    },
    {
      "file_path": "/media/NFS/ttao/scannet/posed_images/scene0142_01/00566.jpg",
      "transform_matrix": [
        [
          0.999878,
          0.01346,
          0.007916,
          1.959743
        ],
        [
          -0.005306,
          -0.183885,
          0.982933,
          2.395953
        ],
        [
          0.014686,
          -0.982856,
          -0.183791,
          1.419796
        ],
        [
          0.0,
          0.0,
          0.0,
          1.0
        ]
      ]
    },
    {
      "file_path": "/media/NFS/ttao/scannet/posed_images/scene0142_01/00573.jpg",
      "transform_matrix": [
        [
          0.998645,
          0.045262,
          0.025686,
          1.825668
        ],
        [
          -0.01615,
          -0.199662,
          0.979732,
          2.407105
        ],
        [
          0.049473,
          -0.978819,
          -0.19866,
          1.423144
        ],
        [
          0.0,
          0.0,
          0.0,
          1.0
        ]
      ]
    },
    {
      "file_path": "/media/NFS/ttao/scannet/posed_images/scene0142_01/00590.jpg",
      "transform_matrix": [
        [
          0.993106,
          0.116515,
          -0.012814,
          1.680366
        ],
        [
          0.038631,
          -0.222116,
          0.974255,
          2.405992
        ],
        [
          0.110669,
          -0.968033,
          -0.225086,
          1.410271
        ],
        [
          0.0,
          0.0,
          0.0,
          1.0
        ]
      ]
    },
    {
      "file_path": "/media/NFS/ttao/scannet/posed_images/scene0142_01/00594.jpg",
      "transform_matrix": [
        [
          0.993037,
          0.114234,
          -0.028786,
          1.687088
        ],
        [
          0.054058,
          -0.224764,
          0.972913,
          2.399237
        ],
        [
          0.104669,
          -0.967694,
          -0.229374,
          1.408103
        ],
        [
          0.0,
          0.0,
          0.0,
          1.0
        ]
      ]
    },
    {
      "file_path": "/media/NFS/ttao/scannet/posed_images/scene0142_01/00608.jpg",
      "transform_matrix": [
        [
          0.973599,
          0.042785,
          -0.224218,
          1.868103
        ],
        [
          0.227531,
          -0.260534,
          0.938271,
          2.325458
        ],
        [
          -0.018273,
          -0.964516,
          -0.26339,
          1.427396
        ],
        [
          0.0,
          0.0,
          0.0,
          1.0
        ]
      ]
    },
    {
      "file_path": "/media/NFS/ttao/scannet/posed_images/scene0142_01/00618.jpg",
      "transform_matrix": [
        [
          0.948055,
          0.029332,
          -0.316752,
          2.138034
        ],
        [
          0.31217,
          -0.277266,
          0.908666,
          2.263289
        ],
        [
          -0.061171,
          -0.960345,
          -0.27202,
          1.431454
        ],
        [
          0.0,
          0.0,
          0.0,
          1.0
        ]
      ]
    },
    {
      "file_path": "/media/NFS/ttao/scannet/posed_images/scene0142_01/00632.jpg",
      "transform_matrix": [
        [
          0.933316,
          0.065064,
          -0.353111,
          2.364578
        ],
        [
          0.352415,
          -0.354268,
          0.866198,
          2.165436
        ],
        [
          -0.068738,
          -0.932878,
          -0.353573,
          1.44126
        ],
        [
          0.0,
          0.0,
          0.0,
          1.0
        ]
      ]
    },
    {
      "file_path": "/media/NFS/ttao/scannet/posed_images/scene0142_01/00642.jpg",
      "transform_matrix": [
        [
          0.924873,
          0.117764,
          -0.361583,
          2.47958
        ],
        [
          0.379493,
          -0.346863,
          0.857713,
          2.040296
        ],
        [
          -0.024412,
          -0.930493,
          -0.365495,
          1.427253
        ],
        [
          0.0,
          0.0,
          0.0,
          1.0
        ]
      ]
    },
    {
      "file_path": "/media/NFS/ttao/scannet/posed_images/scene0142_01/00652.jpg",
      "transform_matrix": [
        [
          0.914864,
          0.10169,
          -0.390748,
          2.615703
        ],
        [
          0.39729,
          -0.399312,
          0.826263,
          1.99509
        ],
        [
          -0.072008,
          -0.911158,
          -0.405716,
          1.433236
        ],
        [
          0.0,
          0.0,
          0.0,
          1.0
        ]
      ]
    },
    {
      "file_path": "/media/NFS/ttao/scannet/posed_images/scene0142_01/00669.jpg",
      "transform_matrix": [
        [
          0.901351,
          0.090894,
          -0.423445,
          2.991904
        ],
        [
          0.421953,
          -0.404605,
          0.811326,
          1.977847
        ],
        [
          -0.097583,
          -0.909963,
          -0.403044,
          1.416254
        ],
        [
          0.0,
          0.0,
          0.0,
          1.0
        ]
      ]
    },
    {
      "file_path": "/media/NFS/ttao/scannet/posed_images/scene0142_01/00680.jpg",
      "transform_matrix": [
        [
          0.900855,
          0.052597,
          -0.430921,
          3.124758
        ],
        [
          0.416418,
          -0.385257,
          0.823513,
          2.029374
        ],
        [
          -0.122701,
          -0.921309,
          -0.368963,
          1.424833
        ],
        [
          0.0,
          0.0,
          0.0,
          1.0
        ]
      ]
    },
    {
      "file_path": "/media/NFS/ttao/scannet/posed_images/scene0142_01/00683.jpg",
      "transform_matrix": [
        [
          0.901017,
          0.055205,
          -0.430256,
          3.145301
        ],
        [
          0.41679,
          -0.385076,
          0.823409,
          2.052785
        ],
        [
          -0.120225,
          -0.921232,
          -0.369969,
          1.428481
        ],
        [
          0.0,
          0.0,
          0.0,
          1.0
        ]
      ]
    },
    {
      "file_path": "/media/NFS/ttao/scannet/posed_images/scene0142_01/00704.jpg",
      "transform_matrix": [
        [
          0.889863,
          0.045234,
          -0.453981,
          3.307559
        ],
        [
          0.442057,
          -0.331581,
          0.833451,
          2.225491
        ],
        [
          -0.112831,
          -0.942342,
          -0.315057,
          1.415072
        ],
        [
          0.0,
          0.0,
          0.0,
          1.0
        ]
      ]
    },
    {
      "file_path": "/media/NFS/ttao/scannet/posed_images/scene0142_01/00707.jpg",
      "transform_matrix": [
        [
          0.889496,
          0.046165,
          -0.454606,
          3.344626
        ],
        [
          0.442463,
          -0.335491,
          0.831668,
          2.259318
        ],
        [
          -0.114122,
          -0.940912,
          -0.318844,
          1.407412
        ],
        [
          0.0,
          0.0,
          0.0,
          1.0
        ]
      ]
    },
    {
      "file_path": "/media/NFS/ttao/scannet/posed_images/scene0142_01/00728.jpg",
      "transform_matrix": [
        [
          0.888052,
          0.054306,
          -0.456524,
          3.469224
        ],
        [
          0.44552,
          -0.346739,
          0.8254,
          2.468929
        ],
        [
          -0.11347,
          -0.936388,
          -0.332117,
          1.396935
        ],
        [
          0.0,
          0.0,
          0.0,
          1.0
        ]
      ]
    },
    {
      "file_path": "/media/NFS/ttao/scannet/posed_images/scene0142_01/00731.jpg",
      "transform_matrix": [
        [
          0.889472,
          0.059655,
          -0.453079,
          3.460084
        ],
        [
          0.443374,
          -0.352856,
          0.823962,
          2.499164
        ],
        [
          -0.110718,
          -0.933774,
          -0.340305,
          1.389964
        ],
        [
          0.0,
          0.0,
          0.0,
          1.0
        ]
      ]
    },
    {
      "file_path": "/media/NFS/ttao/scannet/posed_images/scene0142_01/00748.jpg",
      "transform_matrix": [
        [
          0.888685,
          0.020891,
          -0.458042,
          3.396726
        ],
        [
          0.446048,
          -0.270787,
          0.853063,
          2.679306
        ],
        [
          -0.106211,
          -0.962413,
          -0.249962,
          1.425775
        ],
        [
          0.0,
          0.0,
          0.0,
          1.0
        ]
      ]
    },
    {
      "file_path": "/media/NFS/ttao/scannet/posed_images/scene0142_01/00752.jpg",
      "transform_matrix": [
        [
          0.887168,
          0.030219,
          -0.460455,
          3.397918
        ],
        [
          0.452877,
          -0.248432,
          0.856262,
          2.726696
        ],
        [
          -0.088516,
          -0.968178,
          -0.234086,
          1.450462
        ],
        [
          0.0,
          0.0,
          0.0,
          1.0
        ]
      ]
    },
    {
      "file_path": "/media/NFS/ttao/scannet/posed_images/scene0142_01/00769.jpg",
      "transform_matrix": [
        [
          0.820005,
          0.024515,
          -0.571832,
          3.461719
        ],
        [
          0.570208,
          -0.121492,
          0.812467,
          2.931614
        ],
        [
          -0.049555,
          -0.99229,
          -0.113603,
          1.484454
        ],
        [
          0.0,
          0.0,
          0.0,
          1.0
        ]
      ]
    },
    {
      "file_path": "/media/NFS/ttao/scannet/posed_images/scene0142_01/00783.jpg",
      "transform_matrix": [
        [
          0.833054,
          -0.022959,
          -0.552716,
          3.532892
        ],
        [
          0.537332,
          -0.203949,
          0.818339,
          3.110935
        ],
        [
          -0.131514,
          -0.978712,
          -0.157564,
          1.44955
        ],
        [
          0.0,
          0.0,
          0.0,
          1.0
        ]
      ]
    },
    {
      "file_path": "/media/NFS/ttao/scannet/posed_images/scene0142_01/00790.jpg",
      "transform_matrix": [
        [
          0.778298,
          -0.000149,
          -0.627895,
          3.555656
        ],
        [
          0.616863,
          -0.186449,
          0.764668,
          3.209263
        ],
        [
          -0.117185,
          -0.982465,
          -0.145021,
          1.420254
        ],
        [
          0.0,
          0.0,
          0.0,
          1.0
        ]
      ]
    },
    {
      "file_path": "/media/NFS/ttao/scannet/posed_images/scene0142_01/00803.jpg",
      "transform_matrix": [
        [
          0.665904,
          0.017289,
          -0.745837,
          3.58155
        ],
        [
          0.739158,
          -0.150748,
          0.656446,
          3.381626
        ],
        [
          -0.101084,
          -0.988421,
          -0.113163,
          1.443961
        ],
        [
          0.0,
          0.0,
          0.0,
          1.0
        ]
      ]
    },
    {
      "file_path": "/media/NFS/ttao/scannet/posed_images/scene0142_01/00810.jpg",
      "transform_matrix": [
        [
          0.572551,
          0.015789,
          -0.819718,
          3.628985
        ],
        [
          0.809277,
          -0.171082,
          0.561963,
          3.489738
        ],
        [
          -0.131366,
          -0.98513,
          -0.110731,
          1.437056
        ],
        [
          0.0,
          0.0,
          0.0,
          1.0
        ]
      ]
    },
    {
      "file_path": "/media/NFS/ttao/scannet/posed_images/scene0142_01/00824.jpg",
      "transform_matrix": [
        [
          0.377989,
          0.12063,
          -0.917918,
          3.729027
        ],
        [
          0.92367,
          -0.116519,
          0.365045,
          3.709381
        ],
        [
          -0.062919,
          -0.985836,
          -0.155465,
          1.447496
        ],
        [
          0.0,
          0.0,
          0.0,
          1.0
        ]
      ]
    },
    {
      "file_path": "/media/NFS/ttao/scannet/posed_images/scene0142_01/00834.jpg",
      "transform_matrix": [
        [
          0.323145,
          0.099848,
          -0.941067,
          3.756731
        ],
        [
          0.941062,
          -0.138875,
          0.308408,
          3.831858
        ],
        [
          -0.099896,
          -0.985263,
          -0.13884,
          1.428876
        ],
        [
          0.0,
          0.0,
          0.0,
          1.0
        ]
      ]
    },
    {
      "file_path": "/media/NFS/ttao/scannet/posed_images/scene0142_01/00845.jpg",
      "transform_matrix": [
        [
          0.215201,
          0.153081,
          -0.964497,
          3.811364
        ],
        [
          0.9753,
          -0.084045,
          0.204271,
          3.959411
        ],
        [
          -0.049791,
          -0.984633,
          -0.167387,
          1.437964
        ],
        [
          0.0,
          0.0,
          0.0,
          1.0
        ]
      ]
    },
    {
      "file_path": "/media/NFS/ttao/scannet/posed_images/scene0142_01/00855.jpg",
      "transform_matrix": [
        [
          0.074024,
          0.144677,
          -0.986706,
          3.920536
        ],
        [
          0.99612,
          -0.057946,
          0.066234,
          4.095903
        ],
        [
          -0.047593,
          -0.987781,
          -0.148405,
          1.414654
        ],
        [
          0.0,
          0.0,
          0.0,
          1.0
        ]
      ]
    },
    {
      "file_path": "/media/NFS/ttao/scannet/posed_images/scene0142_01/00869.jpg",
      "transform_matrix": [
        [
          0.022801,
          0.246941,
          -0.968762,
          4.049099
        ],
        [
          0.998133,
          -0.060539,
          0.008061,
          4.296839
        ],
        [
          -0.056657,
          -0.967138,
          -0.247861,
          1.375745
        ],
        [
          0.0,
          0.0,
          0.0,
          1.0
        ]
      ]
    },
    {
      "file_path": "/media/NFS/ttao/scannet/posed_images/scene0142_01/00886.jpg",
      "transform_matrix": [
        [
          -0.018526,
          0.416246,
          -0.909063,
          3.992393
        ],
        [
          0.996707,
          -0.064101,
          -0.049663,
          4.487556
        ],
        [
          -0.078944,
          -0.90699,
