{
  "frames": [
    {
      "file_path": "/media/NFS/ttao/scannet/posed_images/scene0537_00/00000.jpg",
      "transform_matrix": [
        [
          -0.700993,
          -0.260883,
          0.663738,
          4.576459
        ],
        [
          -0.710496,
          0.335958,
          -0.618327,
          5.298115
        ],
        [
          -0.061677,
          -0.905026,
          -0.42086,
          1.573434
        ],
        [
          0.0,
          0.0,
          0.0,
          1.0
        ]
      ]
    },
    {
      "file_path": "/media/NFS/ttao/scannet/posed_images/scene0537_00/00003.jpg",
      "transform_matrix": [
        [
          -0.696076,
          -0.267088,
          0.66644,
          4.604506
        ],
        [
          -0.714132,
          0.353397,
          -0.604257,
          5.280113
        ],
        [
          -0.074128,
          -0.896535,
          -0.436727,
          1.575077
        ],
        [
          0.0,
          0.0,
          0.0,
          1.0
        ]
      ]
    },
    {
      "file_path": "/media/NFS/ttao/scannet/posed_images/scene0537_00/00007.jpg",
      "transform_matrix": [
        [
          -0.71088,
          -0.258622,
          0.654037,
          4.632142
        ],
        [
          -0.699677,
          0.354501,
          -0.620308,
          5.279196
        ],
        [
          -0.071431,
          -0.898579,
          -0.432959,
          1.57259
        ],
        [
          0.0,
          0.0,
          0.0,
          1.0
        ]
      ]
    },
    {
      "file_path": "/media/NFS/ttao/scannet/posed_images/scene0537_00/00010.jpg",
      "transform_matrix": [
        [
          -0.738222,
          -0.230419,
          0.633984,
          4.64972
        ],
        [
          -0.670214,
          0.357029,
          -0.650648,
          5.271481
        ],
        [
          -0.076429,
          -0.905228,
          -0.417997,
          1.585148
        ],
        [
          0.0,
          0.0,
          0.0,
          1.0
        ]
      ]
    },
    {
      "file_path": "/media/NFS/ttao/scannet/posed_images/scene0537_00/00017.jpg",
      "transform_matrix": [
        [
          -0.796885,
          -0.172431,
          0.579,
          4.688089
        ],
        [
          -0.595532,
          0.385337,
          -0.704881,
          5.303939
        ],
        [
          -0.101567,
          -0.906522,
          -0.409758,
          1.58601
        ],
        [
          0.0,
          0.0,
          0.0,
          1.0
        ]
      ]
    },
    {
      "file_path": "/media/NFS/ttao/scannet/posed_images/scene0537_00/00021.jpg",
      "transform_matrix": [
        [
          -0.818675,
          -0.15669,
          0.552467,
          4.701993
        ],
        [
          -0.564859,
          0.39307,
          -0.725556,
          5.345166
        ],
        [
          -0.103471,
          -0.90606,
          -0.410304,
          1.567716
        ],
        [
          0.0,
          0.0,
          0.0,
          1.0
        ]
      ]
    },
    {
      "file_path": "/media/NFS/ttao/scannet/posed_images/scene0537_00/00022.jpg",
      "transform_matrix": [
        [
          -0.831978,
          -0.150959,
          0.533876,
          4.706291
        ],
        [
          -0.546299,
          0.390793,
          -0.740836,
          5.351612
        ],
        [
          -0.0968,
          -0.908015,
          -0.4076,
          1.567792
        ],
        [
          0.0,
          0.0,
          0.0,
          1.0
        ]
      ]
    },
    {
      "file_path": "/media/NFS/ttao/scannet/posed_images/scene0537_00/00029.jpg",
      "transform_matrix": [
        [
          -0.880051,
          -0.135379,
          0.455173,
          4.66948
        ],
        [
          -0.470679,
          0.375861,
          -0.798241,
          5.353666
        ],
        [
          -0.063016,
          -0.916734,
          -0.394497,
          1.583801
        ],
        [
          0.0,
          0.0,
          0.0,
          1.0
        ]
      ]
    },
    {
      "file_path": "/media/NFS/ttao/scannet/posed_images/scene0537_00/00031.jpg",
      "transform_matrix": [
        [
          -0.888415,
          -0.131224,
          0.439886,
          4.655221
        ],
        [
          -0.455857,
          0.364898,
          -0.811815,
          5.350219
        ],
        [
          -0.053984,
          -0.921754,
          -0.384,
          1.596793
        ],
        [
          0.0,
          0.0,
          0.0,
          1.0
        ]
      ]
    },
    {
      "file_path": "/media/NFS/ttao/scannet/posed_images/scene0537_00/00034.jpg",
      "transform_matrix": [
        [
          -0.90698,
          -0.105115,
          0.407846,
          4.6247
        ],
        [
          -0.41755,
          0.351175,
          -0.83805,
          5.364669
        ],
        [
          -0.055133,
          -0.930391,
          -0.3624,
          1.589201
        ],
        [
          0.0,
          0.0,
          0.0,
          1.0
        ]
      ]
    },
    {
      "file_path": "/media/NFS/ttao/scannet/posed_images/scene0537_00/00041.jpg",
      "transform_matrix": [
        [
          -0.928968,
          -0.07847,
          0.361747,
          4.53862
        ],
        [
          -0.366056,
          0.339879,
          -0.866306,
          5.365632
        ],
        [
          -0.054971,
          -0.93719,
          -0.344461,
          1.596319
        ],
        [
          0.0,
          0.0,
          0.0,
          1.0
        ]
      ]
    },
    {
      "file_path": "/media/NFS/ttao/scannet/posed_images/scene0537_00/00044.jpg",
      "transform_matrix": [
        [
          -0.933288,
          -0.0731,
          0.351612,
          4.525736
        ],
        [
          -0.355166,
          0.332932,
          -0.873506,
          5.374338
        ],
        [
          -0.05321,
          -0.940113,
          -0.336684,
          1.593551
        ],
        [
          0.0,
          0.0,
          0.0,
          1.0
        ]
      ]
    },
    {
      "file_path": "/media/NFS/ttao/scannet/posed_images/scene0537_00/00046.jpg",
      "transform_matrix": [
        [
          -0.933309,
          -0.070472,
          0.35209,
          4.502573
        ],
        [
          -0.354946,
          0.329319,
          -0.874964,
          5.368338
        ],
        [
          -0.054289,
          -0.941586,
          -0.33237,
          1.597297
        ],
        [
          0.0,
          0.0,
          0.0,
          1.0
        ]
      ]
    },
    {
      "file_path": "/media/NFS/ttao/scannet/posed_images/scene0537_00/00052.jpg",
      "transform_matrix": [
        [
          -0.943922,
          -0.055662,
          0.325443,
          4.449404
        ],
        [
          -0.325897,
          0.315119,
          -0.891342,
          5.363781
        ],
        [
          -0.05294,
          -0.947419,
          -0.315588,
          1.610961
        ],
        [
          0.0,
          0.0,
          0.0,
          1.0
        ]
      ]
    },
    {
      "file_path": "/media/NFS/ttao/scannet/posed_images/scene0537_00/00053.jpg",
      "transform_matrix": [
        [
          -0.946185,
          -0.053184,
          0.319227,
          4.447962
        ],
        [
          -0.319398,
          0.312408,
          -0.894643,
          5.368907
        ],
        [
          -0.052149,
          -0.948458,
          -0.312582,
          1.608227
        ],
        [
          0.0,
          0.0,
          0.0,
          1.0
        ]
      ]
    },
    {
      "file_path": "/media/NFS/ttao/scannet/posed_images/scene0537_00/00057.jpg",
      "transform_matrix": [
        [
          -0.957011,
          -0.035678,
          0.287848,
          4.436773
        ],
        [
          -0.284916,
          0.301555,
          -0.909883,
          5.365345
        ],
        [
          -0.054339,
          -0.952781,
          -0.298757,
          1.618982
        ],
        [
          0.0,
          0.0,
          0.0,
          1.0
        ]
      ]
    },
    {
      "file_path": "/media/NFS/ttao/scannet/posed_images/scene0537_00/00061.jpg",
      "transform_matrix": [
        [
          -0.962097,
          -0.010724,
          0.272496,
          4.416059
        ],
        [
          -0.264772,
          0.276015,
          -0.923965,
          5.375644
        ],
        [
          -0.065304,
          -0.961094,
          -0.268393,
          1.604854
        ],
        [
          0.0,
          0.0,
          0.0,
          1.0
        ]
      ]
    },
    {
      "file_path": "/media/NFS/ttao/scannet/posed_images/scene0537_00/00065.jpg",
      "transform_matrix": [
        [
          -0.966907,
          -0.006414,
          0.25505,
          4.40636
        ],
        [
          -0.247537,
          0.265678,
          -0.931741,
          5.37496
        ],
        [
          -0.061785,
          -0.964041,
          -0.258473,
          1.630642
        ],
        [
          0.0,
          0.0,
          0.0,
          1.0
        ]
      ]
    },
    {
      "file_path": "/media/NFS/ttao/scannet/posed_images/scene0537_00/00070.jpg",
      "transform_matrix": [
        [
          -0.974437,
          -0.009249,
          0.224472,
          4.416628
        ],
        [
          -0.219581,
          0.250514,
          -0.942882,
          5.387838
        ],
        [
          -0.047513,
          -0.968069,
          -0.24614,
          1.623649
        ],
        [
          0.0,
          0.0,
          0.0,
          1.0
        ]
      ]
    },
    {
      "file_path": "/media/NFS/ttao/scannet/posed_images/scene0537_00/00075.jpg",
      "transform_matrix": [
        [
          -0.980069,
          -0.009123,
          0.198447,
          4.38648
        ],
        [
          -0.194548,
          0.246182,
          -0.949497,
          5.381517
        ],
        [
          -0.040192,
          -0.969181,
          -0.243051,
          1.621473
        ],
        [
          0.0,
          0.0,
          0.0,
          1.0
        ]
      ]
    },
    {
      "file_path": "/media/NFS/ttao/scannet/posed_images/scene0537_00/00078.jpg",
      "transform_matrix": [
        [
          -0.98071,
          -0.007699,
          0.195315,
          4.366195
        ],
        [
          -0.191098,
          0.247844,
          -0.949766,
          5.372735
        ],
        [
          -0.041095,
          -0.968769,
          -0.244535,
          1.622565
        ],
        [
          0.0,
          0.0,
          0.0,
          1.0
        ]
      ]
    },
    {
      "file_path": "/media/NFS/ttao/scannet/posed_images/scene0537_00/00084.jpg",
      "transform_matrix": [
        [
          -0.981924,
          -0.006113,
          0.189178,
          4.38702
        ],
        [
          -0.185203,
          0.237272,
          -0.953625,
          5.379827
        ],
        [
          -0.039057,
          -0.971424,
          -0.234116,
          1.622022
        ],
        [
          0.0,
          0.0,
          0.0,
          1.0
        ]
      ]
    },
    {
      "file_path": "/media/NFS/ttao/scannet/posed_images/scene0537_00/00085.jpg",
      "transform_matrix": [
        [
          -0.982064,
          -0.004167,
          0.188501,
          4.383832
        ],
        [
          -0.184041,
          0.238447,
          -0.953557,
          5.378003
        ],
        [
          -0.040974,
          -0.971147,
          -0.234938,
          1.621394
        ],
        [
          0.0,
          0.0,
          0.0,
          1.0
        ]
      ]
    },
    {
      "file_path": "/media/NFS/ttao/scannet/posed_images/scene0537_00/00090.jpg",
      "transform_matrix": [
        [
          -0.984104,
          -0.000622,
          0.177593,
          4.389266
        ],
        [
          -0.172022,
          0.25185,
          -0.952355,
          5.383707
        ],
        [
          -0.044134,
          -0.967766,
          -0.247954,
          1.614422
        ],
        [
          0.0,
          0.0,
          0.0,
          1.0
        ]
      ]
    },
    {
      "file_path": "/media/NFS/ttao/scannet/posed_images/scene0537_00/00092.jpg",
      "transform_matrix": [
        [
          -0.984131,
          0.002672,
          0.17742,
          4.375248
        ],
        [
          -0.171031,
          0.252026,
          -0.952487,
          5.379858
        ],
        [
          -0.047259,
          -0.967717,
          -0.24757,
          1.578641
        ],
        [
          0.0,
          0.0,
          0.0,
          1.0
        ]
      ]
    },
    {
      "file_path": "/media/NFS/ttao/scannet/posed_images/scene0537_00/00099.jpg",
      "transform_matrix": [
        [
          -0.987018,
          0.001822,
          0.1606,
          4.342368
        ],
        [
          -0.154186,
          0.269231,
          -0.950653,
          5.371723
        ],
        [
          -0.044971,
          -0.963074,
          -0.265455,
          1.590345
        ],
        [
          0.0,
          0.0,
          0.0,
          1.0
        ]
      ]
    },
    {
      "file_path": "/media/NFS/ttao/scannet/posed_images/scene0537_00/00100.jpg",
      "transform_matrix": [
        [
          -0.987724,
          0.00337,
          0.156171,
          4.343982
        ],
        [
          -0.149449,
          0.2705,
          -0.951049,
          5.373572
        ],
        [
          -0.045449,
          -0.962714,
          -0.266676,
          1.597543
        ],
        [
          0.0,
          0.0,
          0.0,
          1.0
        ]
      ]
    },
    {
      "file_path": "/media/NFS/ttao/scannet/posed_images/scene0537_00/00103.jpg",
      "transform_matrix": [
        [
          -0.988556,
          0.010245,
          0.150505,
          4.315736
        ],
        [
          -0.142197,
          0.269821,
          -0.952353,
          5.370081
        ],
        [
          -0.050366,
          -0.962856,
          -0.265277,
          1.603099
        ],
        [
          0.0,
          0.0,
          0.0,
          1.0
        ]
      ]
    },
    {
      "file_path": "/media/NFS/ttao/scannet/posed_images/scene0537_00/00108.jpg",
      "transform_matrix": [
        [
          -0.994727,
          0.006958,
          0.102323,
          4.316043
        ],
        [
          -0.097029,
          0.259356,
          -0.960895,
          5.375133
        ],
        [
          -0.033224,
          -0.965757,
          -0.257313,
          1.592459
        ],
        [
          0.0,
          0.0,
          0.0,
          1.0
        ]
      ]
    },
    {
      "file_path": "/media/NFS/ttao/scannet/posed_images/scene0537_00/00111.jpg",
      "transform_matrix": [
        [
          -0.997388,
          0.008804,
          0.071686,
          4.282198
        ],
        [
          -0.067163,
          0.251953,
          -0.965406,
          5.382118
        ],
        [
          -0.026561,
          -0.967699,
          -0.250704,
          1.60613
        ],
        [
          0.0,
          0.0,
          0.0,
          1.0
        ]
      ]
    },
    {
      "file_path": "/media/NFS/ttao/scannet/posed_images/scene0537_00/00115.jpg",
      "transform_matrix": [
        [
          -0.999632,
          0.019274,
          0.019063,
          4.267053
        ],
        [
          -0.013915,
          0.238686,
          -0.970997,
          5.392827
        ],
        [
          -0.023265,
          -0.970906,
          -0.23833,
          1.604429
        ],
        [
          0.0,
          0.0,
          0.0,
          1.0
        ]
      ]
    },
    {
      "file_path": "/media/NFS/ttao/scannet/posed_images/scene0537_00/00121.jpg",
      "transform_matrix": [
        [
          -0.998377,
          0.043076,
          -0.037238,
          4.228778
        ],
        [
          0.046231,
          0.231453,
          -0.971747,
          5.412662
        ],
        [
          -0.03324,
          -0.971892,
          -0.233069,
          1.573601
        ],
        [
          0.0,
          0.0,
          0.0,
          1.0
        ]
      ]
    },
    {
      "file_path": "/media/NFS/ttao/scannet/posed_images/scene0537_00/00125.jpg",
      "transform_matrix": [
        [
          -0.996946,
          0.048163,
          -0.061481,
          4.181306
        ],
        [
          0.071176,
          0.236249,
          -0.969082,
          5.401861
        ],
        [
          -0.03215,
          -0.970498,
          -0.238955,
          1.575459
        ],
        [
          0.0,
          0.0,
          0.0,
          1.0
        ]
      ]
    },
    {
      "file_path": "/media/NFS/ttao/scannet/posed_images/scene0537_00/00130.jpg",
      "transform_matrix": [
        [
          -0.992797,
          0.049539,
          -0.109085,
          4.205239
        ],
        [
          0.118032,
          0.248318,
          -0.961461,
          5.413714
        ],
        [
          -0.020542,
          -0.967411,
          -0.252377,
          1.596004
        ],
        [
          0.0,
          0.0,
          0.0,
          1.0
        ]
      ]
    },
    {
      "file_path": "/media/NFS/ttao/scannet/posed_images/scene0537_00/00132.jpg",
      "transform_matrix": [
        [
          -0.99203,
          0.048354,
          -0.116353,
          4.178906
        ],
        [
          0.124771,
          0.248302,
          -0.960614,
          5.419047
        ],
        [
          -0.017559,
          -0.967475,
          -0.252356,
          1.590307
        ],
        [
          0.0,
          0.0,
          0.0,
          1.0
        ]
      ]
    },
    {
      "file_path": "/media/NFS/ttao/scannet/posed_images/scene0537_00/00136.jpg",
      "transform_matrix": [
        [
          -0.990523,
          0.049128,
          -0.128263,
          4.147961
        ],
        [
          0.136619,
          0.256231,
          -0.956912,
          5.421412
        ],
        [
          -0.014147,
          -0.965366,
          -0.260515,
          1.59346
        ],
        [
          0.0,
          0.0,
          0.0,
          1.0
        ]
      ]
    },
    {
      "file_path": "/media/NFS/ttao/scannet/posed_images/scene0537_00/00140.jpg",
      "transform_matrix": [
        [
          -0.990501,
          0.045781,
          -0.129656,
          4.129292
        ],
        [
          0.137138,
          0.260472,
          -0.955692,
          5.424212
        ],
        [
          -0.009981,
          -0.964396,
          -0.264276,
          1.595794
        ],
        [
          0.0,
          0.0,
          0.0,
          1.0
        ]
      ]
    },
    {
      "file_path": "/media/NFS/ttao/scannet/posed_images/scene0537_00/00145.jpg",
      "transform_matrix": [
        [
          -0.990664,
          0.040888,
          -0.130047,
          4.113682
        ],
        [
          0.136246,
          0.264821,
          -0.954624,
          5.432721
        ],
        [
          -0.004593,
          -0.96343,
          -0.26792,
          1.571803
        ],
        [
          0.0,
          0.0,
          0.0,
          1.0
        ]
      ]
    },
    {
      "file_path": "/media/NFS/ttao/scannet/posed_images/scene0537_00/00146.jpg",
      "transform_matrix": [
        [
          -0.990787,
          0.040232,
          -0.129315,
          4.110282
        ],
        [
          0.135371,
          0.266428,
          -0.954301,
          5.431478
        ],
        [
          -0.00394,
          -0.963015,
          -0.26942,
          1.570115
        ],
        [
          0.0,
          0.0,
          0.0,
          1.0
        ]
      ]
    },
    {
      "file_path": "/media/NFS/ttao/scannet/posed_images/scene0537_00/00150.jpg",
      "transform_matrix": [
        [
          -0.988792,
          0.04151,
          -0.143415,
          4.101742
        ],
        [
          0.149301,
          0.273429,
          -0.950235,
          5.436056
        ],
        [
          -0.000231,
          -0.960996,
          -0.276562,
          1.57595
        ],
        [
          0.0,
          0.0,
          0.0,
          1.0
        ]
      ]
    },
    {
      "file_path": "/media/NFS/ttao/scannet/posed_images/scene0537_00/00154.jpg",
      "transform_matrix": [
        [
          -0.984576,
          0.054654,
          -0.166203,
          4.099166
        ],
        [
          0.174939,
          0.293207,
          -0.939907,
          5.427722
        ],
        [
          -0.002638,
          -0.954486,
          -0.298246,
          1.598717
        ],
        [
          0.0,
          0.0,
          0.0,
          1.0
        ]
      ]
    },
    {
      "file_path": "/media/NFS/ttao/scannet/posed_images/scene0537_00/00158.jpg",
      "transform_matrix": [
        [
          -0.977844,
          0.067792,
          -0.198055,
          4.086995
        ],
        [
          0.209187,
          0.280717,
          -0.936717,
          5.429445
        ],
        [
          -0.007904,
          -0.957394,
          -0.288678,
          1.586378
        ],
        [
          0.0,
          0.0,
          0.0,
          1.0
        ]
      ]
    },
    {
      "file_path": "/media/NFS/ttao/scannet/posed_images/scene0537_00/00161.jpg",
      "transform_matrix": [
        [
          -0.965873,
          0.089808,
          -0.24295,
          4.122408
        ],
        [
          0.258404,
          0.269562,
          -0.927666,
          5.42171
        ],
        [
          -0.017822,
          -0.958786,
          -0.283569,
          1.589564
        ],
        [
          0.0,
          0.0,
          0.0,
          1.0
        ]
      ]
    },
    {
      "file_path": "/media/NFS/ttao/scannet/posed_images/scene0537_00/00168.jpg",
      "transform_matrix": [
        [
          -0.94151,
          0.101148,
          -0.321447,
          4.140122
        ],
        [
          0.336547,
          0.233582,
          -0.912236,
          5.440963
        ],
        [
          -0.017187,
          -0.967062,
          -0.253961,
          1.59444
        ],
        [
          0.0,
          0.0,
          0.0,
          1.0
        ]
      ]
    },
    {
      "file_path": "/media/NFS/ttao/scannet/posed_images/scene0537_00/00172.jpg",
      "transform_matrix": [
        [
          -0.922711,
          0.104496,
          -0.37106,
          4.19335
        ],
        [
          0.385204,
          0.212686,
          -0.897988,
          5.437325
        ],
        [
          -0.014917,
          -0.971517,
          -0.2365,
          1.58669
        ],
        [
          0.0,
          0.0,
          0.0,
          1.0
        ]
      ]
    },
    {
      "file_path": "/media/NFS/ttao/scannet/posed_images/scene0537_00/00175.jpg",
      "transform_matrix": [
        [
          -0.908277,
          0.110898,
          -0.403403,
          4.202757
        ],
        [
          0.418245,
          0.217316,
          -0.881955,
          5.436911
        ],
        [
          -0.010141,
          -0.969781,
          -0.243766,
          1.594918
        ],
        [
          0.0,
          0.0,
          0.0,
          1.0
        ]
      ]
    },
    {
      "file_path": "/media/NFS/ttao/scannet/posed_images/scene0537_00/00177.jpg",
      "transform_matrix": [
        [
          -0.902557,
          0.115571,
          -0.414771,
          4.200864
        ],
        [
          0.430374,
          0.212992,
          -0.877162,
          5.444226
        ],
        [
          -0.013032,
          -0.970195,
          -0.241976,
          1.587992
        ],
        [
          0.0,
          0.0,
          0.0,
          1.0
        ]
      ]
    },
    {
      "file_path": "/media/NFS/ttao/scannet/posed_images/scene0537_00/00183.jpg",
      "transform_matrix": [
        [
          -0.877159,
          0.110551,
          -0.467302,
          4.208263
        ],
        [
          0.480095,
          0.222249,
          -0.848595,
          5.416798
        ],
        [
          0.010044,
          -0.968702,
          -0.248022,
          1.599721
        ],
        [
          0.0,
          0.0,
          0.0,
          1.0
        ]
      ]
    },
    {
      "file_path": "/media/NFS/ttao/scannet/posed_images/scene0537_00/00188.jpg",
      "transform_matrix": [
        [
          -0.861359,
          0.1159,
          -0.494599,
          4.22418
        ],
        [
          0.507634,
          0.233172,
          -0.829421,
          5.423642
        ],
        [
          0.019197,
          -0.965504,
          -0.25968,
          1.600665
        ],
        [
          0.0,
          0.0,
          0.0,
          1.0
        ]
      ]
    },
    {
      "file_path": "/media/NFS/ttao/scannet/posed_images/scene0537_00/00190.jpg",
      "transform_matrix": [
        [
          -0.860163,
          0.116055,
          -0.496639,
          4.215717
        ],
        [
          0.50963,
          0.233601,
          -0.828075,
          5.432706
        ],
        [
          0.019913,
          -0.965382,
          -0.26008,
          1.597005
        ],
        [
          0.0,
          0.0,
          0.0,
          1.0
        ]
      ]
    },
    {
      "file_path": "/media/NFS/ttao/scannet/posed_images/scene0537_00/00195.jpg",
      "transform_matrix": [
        [
          -0.855123,
          0.122122,
          -0.503837,
          4.202002
        ],
        [
          0.518009,
          0.240255,
          -0.820942,
          5.459419
        ],
        [
          0.020794,
          -0.962998,
          -0.268708,
          1.575863
        ],
        [
          0.0,
          0.0,
          0.0,
          1.0
        ]
      ]
    },
    {
      "file_path": "/media/NFS/ttao/scannet/posed_images/scene0537_00/00198.jpg",
      "transform_matrix": [
        [
          -0.853435,
          0.130244,
          -0.504663,
          4.192881
        ],
        [
          0.521002,
          0.239792,
          -0.819181,
          5.456083
        ],
        [
          0.01432,
          -0.962048,
          -0.272504,
          1.578278
        ],
        [
          0.0,
          0.0,
          0.0,
          1.0
        ]
      ]
    },
    {
      "file_path": "/media/NFS/ttao/scannet/posed_images/scene0537_00/00201.jpg",
      "transform_matrix": [
        [
          -0.850193,
          0.136454,
          -0.508481,
          4.21574
        ],
        [
          0.526256,
          0.247889,
          -0.813391,
          5.438202
        ],
        [
          0.015056,
          -0.959131,
          -0.282563,
          1.589375
        ],
        [
          0.0,
          0.0,
          0.0,
          1.0
        ]
      ]
    },
    {
      "file_path": "/media/NFS/ttao/scannet/posed_images/scene0537_00/00205.jpg",
      "transform_matrix": [
        [
          -0.859594,
          0.145443,
          -0.489841,
          4.228161
        ],
        [
          0.510931,
          0.257643,
          -0.820104,
          5.454308
        ],
        [
          0.006926,
          -0.955231,
          -0.295779,
          1.567595
        ],
        [
          0.0,
          0.0,
          0.0,
          1.0
        ]
      ]
    },
    {
      "file_path": "/media/NFS/ttao/scannet/posed_images/scene0537_00/00211.jpg",
      "transform_matrix": [
        [
          -0.872483,
          0.154608,
          -0.46354,
          4.21733
        ],
        [
          0.488577,
          0.291665,
          -0.822328,
          5.46607
        ],
        [
          0.00806,
          -0.943943,
          -0.330011,
          1.547983
        ],
        [
          0.0,
          0.0,
          0.0,
          1.0
        ]
      ]
    },
    {
      "file_path": "/media/NFS/ttao/scannet/posed_images/scene0537_00/00215.jpg",
      "transform_matrix": [
        [
          -0.875015,
          0.15481,
          -0.458675,
          4.209017
        ],
        [
          0.483732,
          0.316356,
          -0.81604,
          5.466301
        ],
        [
          0.018773,
          -0.935924,
          -0.351703,
          1.555994
        ],
        [
          0.0,
          0.0,
          0.0,
          1.0
        ]
      ]
    },
    {
      "file_path": "/media/NFS/ttao/scannet/posed_images/scene0537_00/00216.jpg",
      "transform_matrix": [
        [
          -0.873235,
          0.156775,
          -0.461391,
          4.224414
        ],
        [
          0.486887,
          0.319605,
          -0.812892,
          5.459195
        ],
        [
          0.020021,
          -0.934492,
          -0.355422,
          1.554695
        ],
        [
          0.0,
          0.0,
          0.0,
          1.0
        ]
      ]
    },
    {
      "file_path": "/media/NFS/ttao/scannet/posed_images/scene0537_00/00223.jpg",
      "transform_matrix": [
        [
          -0.868224,
          0.184533,
          -0.46058,
          4.222301
        ],
        [
          0.496115,
          0.336907,
          -0.800227,
          5.460514
        ],
        [
          0.007504,
          -0.923278,
          -0.38406,
          1.560796
        ],
        [
          0.0,
          0.0,
          0.0,
          1.0
        ]
      ]
    },
    {
      "file_path": "/media/NFS/ttao/scannet/posed_images/scene0537_00/00224.jpg",
      "transform_matrix": [
        [
          -0.867066,
          0.188274,
          -0.461248,
          4.218422
        ],
        [
          0.498189,
          0.331567,
          -0.801168,
          5.461453
        ],
        [
          0.002096,
          -0.924455,
          -0.381287,
          1.555401
        ],
        [
          0.0,
          0.0,
          0.0,
          1.0
        ]
      ]
    },
    {
      "file_path": "/media/NFS/ttao/scannet/posed_images/scene0537_00/00227.jpg",
      "transform_matrix": [
        [
          -0.863657,
          0.207315,
          -0.459475,
          4.223676
        ],
        [
          0.504012,
          0.340213,
          -0.793868,
          5.457759
        ],
        [
          -0.008262,
          -0.917211,
          -0.398317,
          1.554364
        ],
        [
          0.0,
          0.0,
          0.0,
          1.0
        ]
      ]
    },
    {
      "file_path": "/media/NFS/ttao/scannet/posed_images/scene0537_00/00234.jpg",
      "transform_matrix": [
        [
          -0.837227,
          0.226905,
          -0.49756,
          4.192627
        ],
        [
          0.546618,
          0.320402,
          -0.773661,
          5.481365
        ],
        [
          -0.016128,
          -0.919705,
          -0.39228,
          1.559718
        ],
        [
          0.0,
          0.0,
          0.0,
          1.0
        ]
      ]
    },
    {
      "file_path": "/media/NFS/ttao/scannet/posed_images/scene0537_00/00238.jpg",
      "transform_matrix": [
        [
          -0.814137,
          0.23053,
          -0.532951,
          4.187409
        ],
        [
          0.580649,
          0.31487,
          -0.750802,
          5.4673
        ],
        [
          -0.005272,
          -0.920714,
          -0.390204,
          1.541976
        ],
        [
          0.0,
          0.0,
          0.0,
          1.0
        ]
      ]
    },
    {
      "file_path": "/media/NFS/ttao/scannet/posed_images/scene0537_00/00241.jpg",
      "transform_matrix": [
        [
          -0.807253,
          0.250179,
          -0.53456,
          4.152012
        ],
        [
          0.589868,
          0.311306,
          -0.74508,
          5.487889
        ],
        [
          -0.019992,
          -0.916788,
          -0.398875,
          1.536331
        ],
        [
          0.0,
          0.0,
          0.0,
          1.0
        ]
      ]
    },
    {
      "file_path": "/media/NFS/ttao/scannet/posed_images/scene0537_00/00244.jpg",
      "transform_matrix": [
        [
          -0.796874,
          0.255489,
          -0.547464,
          4.119086
        ],
        [
          0.603764,
          0.304615,
          -0.736667,
          5.504464
        ],
        [
          -0.021444,
          -0.917571,
          -0.396995,
          1.536147
        ],
        [
          0.0,
          0.0,
          0.0,
          1.0
        ]
      ]
    },
    {
      "file_path": "/media/NFS/ttao/scannet/posed_images/scene0537_00/00247.jpg",
      "transform_matrix": [
        [
          -0.788592,
          0.263229,
          -0.555728,
          4.078435
        ],
        [
          0.614526,
          0.305133,
          -0.727497,
          5.523487
        ],
        [
          -0.021928,
          -0.915207,
          -0.402387,
          1.535667
        ],
        [
          0.0,
          0.0,
          0.0,
          1.0
        ]
      ]
    },
    {
      "file_path": "/media/NFS/ttao/scannet/posed_images/scene0537_00/00252.jpg",
      "transform_matrix": [
        [
          -0.781532,
          0.272093,
          -0.561403,
          4.002066
        ],
        [
          0.623155,
          0.297526,
          -0.723295,
          5.560352
        ],
        [
          -0.029772,
          -0.915119,
          -0.402083,
          1.549456
        ],
        [
          0.0,
          0.0,
          0.0,
          1.0
        ]
      ]
    },
    {
      "file_path": "/media/NFS/ttao/scannet/posed_images/scene0537_00/00258.jpg",
      "transform_matrix": [
        [
          -0.781693,
          0.272763,
          -0.560854,
          3.907052
        ],
        [
          0.622805,
          0.29425,
          -0.724935,
          5.615192
        ],
        [
          -0.032704,
          -0.915979,
          -0.399891,
          1.541492
        ],
        [
          0.0,
          0.0,
          0.0,
          1.0
        ]
      ]
    },
    {
      "file_path": "/media/NFS/ttao/scannet/posed_images/scene0537_00/00259.jpg",
      "transform_matrix": [
        [
          -0.786075,
          0.265217,
          -0.558343,
          3.889712
        ],
        [
          0.617469,
          0.295113,
          -0.729137,
          5.627747
        ],
        [
          -0.028605,
          -0.917915,
          -0.395744,
          1.526955
        ],
        [
          0.0,
          0.0,
          0.0,
          1.0
        ]
      ]
    },
    {
      "file_path": "/media/NFS/ttao/scannet/posed_images/scene0537_00/00262.jpg",
      "transform_matrix": [
        [
          -0.786866,
          0.246776,
          -0.565636,
          3.849738
        ],
        [
          0.617103,
          0.322275,
          -0.71786,
          5.64955
        ],
        [
          0.005139,
          -0.913915,
          -0.405873,
          1.511353
        ],
        [
          0.0,
          0.0,
          0.0,
          1.0
        ]
      ]
    },
    {
      "file_path": "/media/NFS/ttao/scannet/posed_images/scene0537_00/00269.jpg",
      "transform_matrix": [
        [
          -0.762918,
          0.285825,
          -0.57988,
          3.760253
        ],
        [
          0.646495,
          0.338737,
          -0.683595,
          5.705475
        ],
        [
          0.001038,
          -0.896416,
          -0.443213,
          1.495867
        ],
        [
          0.0,
          0.0,
          0.0,
          1.0
        ]
      ]
    },
    {
      "file_path": "/media/NFS/ttao/scannet/posed_images/scene0537_00/00271.jpg",
      "transform_matrix": [
        [
          -0.767731,
          0.284426,
          -0.574187,
          3.72831
        ],
        [
          0.640771,
          0.34237,
          -0.687165,
          5.724689
        ],
        [
          0.001137,
          -0.89548,
          -0.4451,
          1.486503
        ],
        [
          0.0,
          0.0,
          0.0,
          1.0
        ]
      ]
    },
    {
      "file_path": "/media/NFS/ttao/scannet/posed_images/scene0537_00/00276.jpg",
      "transform_matrix": [
        [
          -0.775241,
          0.288972,
          -0.561691,
          3.64631
        ],
        [
          0.63161,
          0.366463,
          -0.683209,
          5.74041
        ],
        [
          0.008411,
          -0.884421,
          -0.466615,
          1.471572
        ],
        [
          0.0,
          0.0,
          0.0,
          1.0
        ]
      ]
    },
    {
      "file_path": "/media/NFS/ttao/scannet/posed_images/scene0537_00/00280.jpg",
      "transform_matrix": [
        [
          -0.799512,
          0.228198,
          -0.555614,
          3.562489
        ],
        [
          0.597709,
          0.393687,
          -0.698394,
          5.749568
        ],
        [
          0.059366,
          -0.89047,
          -0.451153,
          1.4678
        ],
        [
          0.0,
          0.0,
          0.0,
          1.0
        ]
      ]
    },
    {
      "file_path": "/media/NFS/ttao/scannet/posed_images/scene0537_00/00282.jpg",
      "transform_matrix": [
        [
          -0.812904,
          0.214742,
          -0.541361,
          3.519817
        ],
        [
          0.57948,
          0.391159,
          -0.714981,
          5.742701
        ],
        [
          0.058222,
          -0.894919,
          -0.442414,
          1.477804
        ],
        [
          0.0,
          0.0,
          0.0,
          1.0
        ]
      ]
    },
    {
      "file_path": "/media/NFS/ttao/scannet/posed_images/scene0537_00/00288.jpg",
      "transform_matrix": [
        [
          -0.865254,
          0.2242,
          -0.448408,
          3.406271
        ],
        [
          0.500889,
          0.424271,
          -0.75439,
          5.75112
        ],
        [
          0.021113,
          -0.877342,
          -0.479402,
          1.479543
        ],
        [
          0.0,
          0.0,
          0.0,
          1.0
        ]
      ]
    },
    {
      "file_path": "/media/NFS/ttao/scannet/posed_images/scene0537_00/00290.jpg",
      "transform_matrix": [
        [
          -0.874468,
          0.209511,
          -0.437505,
          3.351524
        ],
        [
          0.484261,
          0.429522,
          -0.762235,
          5.767782
        ],
        [
          0.028221,
          -0.878417,
          -0.477061,
          1.481779
        ],
        [
          0.0,
          0.0,
          0.0,
          1.0
        ]
      ]
    },
    {
      "file_path": "/media/NFS/ttao/scannet/posed_images/scene0537_00/00296.jpg",
      "transform_matrix": [
        [
          -0.878885,
          0.188762,
          -0.438099,
          3.236257
        ],
        [
          0.474145,
          0.446596,
          -0.758775,
          5.800295
        ],
        [
          0.052425,
          -0.874598,
          -0.482007,
          1.473677
        ],
        [
          0.0,
          0.0,
          0.0,
          1.0
        ]
      ]
    },
    {
      "file_path": "/media/NFS/ttao/scannet/posed_images/scene0537_00/00297.jpg",
      "transform_matrix": [
        [
          -0.88134,
          0.185742,
          -0.434442,
          3.227996
        ],
        [
          0.469495,
          0.447528,
          -0.761113,
          5.800512
        ],
        [
          0.053054,
