{
  "frames": [
    {
      "file_path": "/media/NFS/ttao/scannet/posed_images/scene0062_02/00000.jpg",
      "transform_matrix": [
        [
          0.130148,
          -0.452965,
          0.881977,
          2.662235
        ],
        [
          -0.991073,
          -0.033504,
          0.129039,
          1.738214
        ],
        [
          -0.0289,
          -0.890898,
          -0.453283,
          1.365811
        ],
        [
          0.0,
          0.0,
          0.0,
          1.0
        ]
      ]
    },
    {
      "file_path": "/media/NFS/ttao/scannet/posed_images/scene0062_02/00002.jpg",
      "transform_matrix": [
        [
          0.131598,
          -0.460367,
          0.877921,
          2.677876
        ],
        [
          -0.99057,
          -0.027001,
          0.134324,
          1.734024
        ],
        [
          -0.038133,
          -0.887318,
          -0.459579,
          1.363731
        ],
        [
          0.0,
          0.0,
          0.0,
          1.0
        ]
      ]
    },
    {
      "file_path": "/media/NFS/ttao/scannet/posed_images/scene0062_02/00005.jpg",
      "transform_matrix": [
        [
          0.140465,
          -0.457141,
          0.878232,
          2.691727
        ],
        [
          -0.989099,
          -0.025194,
          0.145082,
          1.728865
        ],
        [
          -0.044197,
          -0.889037,
          -0.455697,
          1.355077
        ],
        [
          0.0,
          0.0,
          0.0,
          1.0
        ]
      ]
    },
    {
      "file_path": "/media/NFS/ttao/scannet/posed_images/scene0062_02/00009.jpg",
      "transform_matrix": [
        [
          0.154428,
          -0.480061,
          0.863535,
          2.706755
        ],
        [
          -0.986303,
          -0.023635,
          0.163244,
          1.739778
        ],
        [
          -0.057958,
          -0.876917,
          -0.477135,
          1.340498
        ],
        [
          0.0,
          0.0,
          0.0,
          1.0
        ]
      ]
    },
    {
      "file_path": "/media/NFS/ttao/scannet/posed_images/scene0062_02/00011.jpg",
      "transform_matrix": [
        [
          0.167614,
          -0.504815,
          0.846799,
          2.707422
        ],
        [
          -0.983553,
          -0.026988,
          0.178594,
          1.751438
        ],
        [
          -0.067303,
          -0.862806,
          -0.501035,
          1.319461
        ],
        [
          0.0,
          0.0,
          0.0,
          1.0
        ]
      ]
    },
    {
      "file_path": "/media/NFS/ttao/scannet/posed_images/scene0062_02/00013.jpg",
      "transform_matrix": [
        [
          0.169406,
          -0.521314,
          0.836381,
          2.702338
        ],
        [
          -0.98309,
          -0.029503,
          0.180732,
          1.77046
        ],
        [
          -0.069543,
          -0.852855,
          -0.517496,
          1.305925
        ],
        [
          0.0,
          0.0,
          0.0,
          1.0
        ]
      ]
    },
    {
      "file_path": "/media/NFS/ttao/scannet/posed_images/scene0062_02/00015.jpg",
      "transform_matrix": [
        [
          0.173895,
          -0.531785,
          0.828834,
          2.692801
        ],
        [
          -0.982162,
          -0.032505,
          0.185209,
          1.788574
        ],
        [
          -0.07155,
          -0.846255,
          -0.527951,
          1.289611
        ],
        [
          0.0,
          0.0,
          0.0,
          1.0
        ]
      ]
    },
    {
      "file_path": "/media/NFS/ttao/scannet/posed_images/scene0062_02/00019.jpg",
      "transform_matrix": [
        [
          0.176931,
          -0.559447,
          0.809762,
          2.663545
        ],
        [
          -0.98301,
          -0.059601,
          0.173608,
          1.839177
        ],
        [
          -0.048862,
          -0.826721,
          -0.560487,
          1.256338
        ],
        [
          0.0,
          0.0,
          0.0,
          1.0
        ]
      ]
    },
    {
      "file_path": "/media/NFS/ttao/scannet/posed_images/scene0062_02/00021.jpg",
      "transform_matrix": [
        [
          0.171764,
          -0.568439,
          0.804596,
          2.645386
        ],
        [
          -0.984351,
          -0.06639,
          0.163233,
          1.863729
        ],
        [
          -0.039371,
          -0.820042,
          -0.570947,
          1.237574
        ],
        [
          0.0,
          0.0,
          0.0,
          1.0
        ]
      ]
    },
    {
      "file_path": "/media/NFS/ttao/scannet/posed_images/scene0062_02/00024.jpg",
      "transform_matrix": [
        [
          0.155017,
          -0.600353,
          0.784567,
          2.622774
        ],
        [
          -0.986826,
          -0.056871,
          0.151461,
          1.90228
        ],
        [
          -0.046311,
          -0.79771,
          -0.60126,
          1.223618
        ],
        [
          0.0,
          0.0,
          0.0,
          1.0
        ]
      ]
    },
    {
      "file_path": "/media/NFS/ttao/scannet/posed_images/scene0062_02/00026.jpg",
      "transform_matrix": [
        [
          0.153293,
          -0.611722,
          0.776078,
          2.606088
        ],
        [
          -0.98672,
          -0.05206,
          0.153864,
          1.924565
        ],
        [
          -0.053719,
          -0.789358,
          -0.611579,
          1.216223
        ],
        [
          0.0,
          0.0,
          0.0,
          1.0
        ]
      ]
    },
    {
      "file_path": "/media/NFS/ttao/scannet/posed_images/scene0062_02/00029.jpg",
      "transform_matrix": [
        [
          0.145995,
          -0.63012,
          0.76265,
          2.582066
        ],
        [
          -0.988279,
          -0.058123,
          0.141164,
          1.961397
        ],
        [
          -0.044623,
          -0.774319,
          -0.63122,
          1.208675
        ],
        [
          0.0,
          0.0,
          0.0,
          1.0
        ]
      ]
    },
    {
      "file_path": "/media/NFS/ttao/scannet/posed_images/scene0062_02/00030.jpg",
      "transform_matrix": [
        [
          0.149435,
          -0.63532,
          0.757653,
          2.580198
        ],
        [
          -0.988121,
          -0.068154,
          0.137741,
          1.964139
        ],
        [
          -0.035872,
          -0.769235,
          -0.637958,
          1.212682
        ],
        [
          0.0,
          0.0,
          0.0,
          1.0
        ]
      ]
    },
    {
      "file_path": "/media/NFS/ttao/scannet/posed_images/scene0062_02/00032.jpg",
      "transform_matrix": [
        [
          0.151339,
          -0.62857,
          0.762887,
          2.573516
        ],
        [
          -0.988401,
          -0.08636,
          0.124921,
          1.97564
        ],
        [
          -0.012639,
          -0.772944,
          -0.634348,
          1.216356
        ],
        [
          0.0,
          0.0,
          0.0,
          1.0
        ]
      ]
    },
    {
      "file_path": "/media/NFS/ttao/scannet/posed_images/scene0062_02/00035.jpg",
      "transform_matrix": [
        [
          0.158236,
          -0.609865,
          0.776547,
          2.574419
        ],
        [
          -0.987321,
          -0.107784,
          0.116537,
          1.984051
        ],
        [
          0.012628,
          -0.785141,
          -0.619188,
          1.229757
        ],
        [
          0.0,
          0.0,
          0.0,
          1.0
        ]
      ]
    },
    {
      "file_path": "/media/NFS/ttao/scannet/posed_images/scene0062_02/00037.jpg",
      "transform_matrix": [
        [
          0.160022,
          -0.59454,
          0.787981,
          2.576533
        ],
        [
          -0.986903,
          -0.112842,
          0.115278,
          1.987436
        ],
        [
          0.02038,
          -0.796108,
          -0.604811,
          1.241409
        ],
        [
          0.0,
          0.0,
          0.0,
          1.0
        ]
      ]
    },
    {
      "file_path": "/media/NFS/ttao/scannet/posed_images/scene0062_02/00040.jpg",
      "transform_matrix": [
        [
          0.145532,
          -0.574756,
          0.80528,
          2.581692
        ],
        [
          -0.989137,
          -0.101556,
          0.106275,
          1.993093
        ],
        [
          0.020698,
          -0.811999,
          -0.583292,
          1.258249
        ],
        [
          0.0,
          0.0,
          0.0,
          1.0
        ]
      ]
    },
    {
      "file_path": "/media/NFS/ttao/scannet/posed_images/scene0062_02/00044.jpg",
      "transform_matrix": [
        [
          0.118748,
          -0.537895,
          0.834606,
          2.594507
        ],
        [
          -0.992919,
          -0.061625,
          0.101556,
          1.98691
        ],
        [
          -0.003194,
          -0.840756,
          -0.541404,
          1.291099
        ],
        [
          0.0,
          0.0,
          0.0,
          1.0
        ]
      ]
    },
    {
      "file_path": "/media/NFS/ttao/scannet/posed_images/scene0062_02/00046.jpg",
      "transform_matrix": [
        [
          0.100449,
          -0.516875,
          0.850147,
          2.602123
        ],
        [
          -0.994933,
          -0.048562,
          0.088031,
          1.977378
        ],
        [
          -0.004216,
          -0.854682,
          -0.519134,
          1.308323
        ],
        [
          0.0,
          0.0,
          0.0,
          1.0
        ]
      ]
    },
    {
      "file_path": "/media/NFS/ttao/scannet/posed_images/scene0062_02/00049.jpg",
      "transform_matrix": [
        [
          0.061553,
          -0.497224,
          0.865436,
          2.608165
        ],
        [
          -0.998096,
          -0.034122,
          0.051384,
          1.963629
        ],
        [
          0.003981,
          -0.866951,
          -0.498378,
          1.327683
        ],
        [
          0.0,
          0.0,
          0.0,
          1.0
        ]
      ]
    },
    {
      "file_path": "/media/NFS/ttao/scannet/posed_images/scene0062_02/00050.jpg",
      "transform_matrix": [
        [
          0.040516,
          -0.484714,
          0.873734,
          2.599338
        ],
        [
          -0.999168,
          -0.023705,
          0.033181,
          1.963922
        ],
        [
          0.004628,
          -0.874351,
          -0.485272,
          1.316472
        ],
        [
          0.0,
          0.0,
          0.0,
          1.0
        ]
      ]
    },
    {
      "file_path": "/media/NFS/ttao/scannet/posed_images/scene0062_02/00054.jpg",
      "transform_matrix": [
        [
          -0.025269,
          -0.468186,
          0.883269,
          2.60171
        ],
        [
          -0.999653,
          0.018425,
          -0.018832,
          1.938372
        ],
        [
          -0.007458,
          -0.883438,
          -0.468489,
          1.337155
        ],
        [
          0.0,
          0.0,
          0.0,
          1.0
        ]
      ]
    },
    {
      "file_path": "/media/NFS/ttao/scannet/posed_images/scene0062_02/00055.jpg",
      "transform_matrix": [
        [
          -0.038634,
          -0.463123,
          0.885451,
          2.59955
        ],
        [
          -0.999168,
          0.02951,
          -0.028161,
          1.930227
        ],
        [
          -0.013088,
          -0.885803,
          -0.463878,
          1.338576
        ],
        [
          0.0,
          0.0,
          0.0,
          1.0
        ]
      ]
    },
    {
      "file_path": "/media/NFS/ttao/scannet/posed_images/scene0062_02/00059.jpg",
      "transform_matrix": [
        [
          -0.089147,
          -0.452986,
          0.887049,
          2.596143
        ],
        [
          -0.995631,
          0.065362,
          -0.066681,
          1.907562
        ],
        [
          -0.027774,
          -0.889118,
          -0.456834,
          1.344199
        ],
        [
          0.0,
          0.0,
          0.0,
          1.0
        ]
      ]
    },
    {
      "file_path": "/media/NFS/ttao/scannet/posed_images/scene0062_02/00060.jpg",
      "transform_matrix": [
        [
          -0.105194,
          -0.453211,
          0.885174,
          2.596081
        ],
        [
          -0.993946,
          0.076299,
          -0.079056,
          1.906137
        ],
        [
          -0.031709,
          -0.888132,
          -0.458494,
          1.341914
        ],
        [
          0.0,
          0.0,
          0.0,
          1.0
        ]
      ]
    },
    {
      "file_path": "/media/NFS/ttao/scannet/posed_images/scene0062_02/00064.jpg",
      "transform_matrix": [
        [
          -0.167922,
          -0.459753,
          0.872026,
          2.594493
        ],
        [
          -0.984858,
          0.116914,
          -0.12801,
          1.882418
        ],
        [
          -0.043099,
          -0.880317,
          -0.472423,
          1.329534
        ],
        [
          0.0,
          0.0,
          0.0,
          1.0
        ]
      ]
    },
    {
      "file_path": "/media/NFS/ttao/scannet/posed_images/scene0062_02/00065.jpg",
      "transform_matrix": [
        [
          -0.178386,
          -0.463833,
          0.867777,
          2.596073
        ],
        [
          -0.983127,
          0.120305,
          -0.137794,
          1.878413
        ],
        [
          -0.040485,
          -0.877716,
          -0.477467,
          1.327394
        ],
        [
          0.0,
          0.0,
          0.0,
          1.0
        ]
      ]
    },
    {
      "file_path": "/media/NFS/ttao/scannet/posed_images/scene0062_02/00067.jpg",
      "transform_matrix": [
        [
          -0.19764,
          -0.470157,
          0.860169,
          2.597152
        ],
        [
          -0.979489,
          0.129848,
          -0.154083,
          1.871776
        ],
        [
          -0.039248,
          -0.872979,
          -0.486177,
          1.317917
        ],
        [
          0.0,
          0.0,
          0.0,
          1.0
        ]
      ]
    },
    {
      "file_path": "/media/NFS/ttao/scannet/posed_images/scene0062_02/00071.jpg",
      "transform_matrix": [
        [
          -0.235786,
          -0.487404,
          0.840739,
          2.605247
        ],
        [
          -0.971032,
          0.152658,
          -0.183826,
          1.865334
        ],
        [
          -0.038748,
          -0.859728,
          -0.50928,
          1.296399
        ],
        [
          0.0,
          0.0,
          0.0,
          1.0
        ]
      ]
    },
    {
      "file_path": "/media/NFS/ttao/scannet/posed_images/scene0062_02/00074.jpg",
      "transform_matrix": [
        [
          -0.261898,
          -0.494583,
          0.828732,
          2.617438
        ],
        [
          -0.964267,
          0.169681,
          -0.203465,
          1.859219
        ],
        [
          -0.03999,
          -0.852406,
          -0.521349,
          1.283073
        ],
        [
          0.0,
          0.0,
          0.0,
          1.0
        ]
      ]
    },
    {
      "file_path": "/media/NFS/ttao/scannet/posed_images/scene0062_02/00076.jpg",
      "transform_matrix": [
        [
          -0.29172,
          -0.495659,
          0.81806,
          2.630206
        ],
        [
          -0.955489,
          0.190401,
          -0.225364,
          1.857228
        ],
        [
          -0.044056,
          -0.84739,
          -0.529141,
          1.276944
        ],
        [
          0.0,
          0.0,
          0.0,
          1.0
        ]
      ]
    },
    {
      "file_path": "/media/NFS/ttao/scannet/posed_images/scene0062_02/00079.jpg",
      "transform_matrix": [
        [
          -0.344973,
          -0.491649,
          0.799546,
          2.651708
        ],
        [
          -0.937265,
          0.22607,
          -0.265381,
          1.857662
        ],
        [
          -0.050279,
          -0.840936,
          -0.538794,
          1.267379
        ],
        [
          0.0,
          0.0,
          0.0,
          1.0
        ]
      ]
    },
    {
      "file_path": "/media/NFS/ttao/scannet/posed_images/scene0062_02/00080.jpg",
      "transform_matrix": [
        [
          -0.363966,
          -0.487248,
          0.7938,
          2.658733
        ],
        [
          -0.929938,
          0.238033,
          -0.280279,
          1.861516
        ],
        [
          -0.052385,
          -0.840197,
          -0.539746,
          1.265034
        ],
        [
          0.0,
          0.0,
          0.0,
          1.0
        ]
      ]
    },
    {
      "file_path": "/media/NFS/ttao/scannet/posed_images/scene0062_02/00082.jpg",
      "transform_matrix": [
        [
          -0.395811,
          -0.49579,
          0.772998,
          2.674575
        ],
        [
          -0.917405,
          0.251289,
          -0.308581,
          1.86551
        ],
        [
          -0.041255,
          -0.831292,
          -0.554303,
          1.260715
        ],
        [
          0.0,
          0.0,
          0.0,
          1.0
        ]
      ]
    },
    {
      "file_path": "/media/NFS/ttao/scannet/posed_images/scene0062_02/00086.jpg",
      "transform_matrix": [
        [
          -0.453835,
          -0.507344,
          0.732554,
          2.702038
        ],
        [
          -0.890482,
          0.288464,
          -0.351895,
          1.873495
        ],
        [
          -0.032784,
          -0.812029,
          -0.582696,
          1.254849
        ],
        [
          0.0,
          0.0,
          0.0,
          1.0
        ]
      ]
    },
    {
      "file_path": "/media/NFS/ttao/scannet/posed_images/scene0062_02/00088.jpg",
      "transform_matrix": [
        [
          -0.473169,
          -0.500639,
          0.724893,
          2.71454
        ],
        [
          -0.880487,
          0.296018,
          -0.370291,
          1.88324
        ],
        [
          -0.0292,
          -0.81347,
          -0.580874,
          1.255244
        ],
        [
          0.0,
          0.0,
          0.0,
          1.0
        ]
      ]
    },
    {
      "file_path": "/media/NFS/ttao/scannet/posed_images/scene0062_02/00091.jpg",
      "transform_matrix": [
        [
          -0.496661,
          -0.508934,
          0.703074,
          2.735533
        ],
        [
          -0.867673,
          0.311385,
          -0.387534,
          1.89969
        ],
        [
          -0.021697,
          -0.802512,
          -0.596241,
          1.260244
        ],
        [
          0.0,
          0.0,
          0.0,
          1.0
        ]
      ]
    },
    {
      "file_path": "/media/NFS/ttao/scannet/posed_images/scene0062_02/00094.jpg",
      "transform_matrix": [
        [
          -0.521173,
          -0.501039,
          0.690897,
          2.75322
        ],
        [
          -0.853305,
          0.320873,
          -0.410987,
          1.923042
        ],
        [
          -0.01577,
          -0.803741,
          -0.59477,
          1.263725
        ],
        [
          0.0,
          0.0,
          0.0,
          1.0
        ]
      ]
    },
    {
      "file_path": "/media/NFS/ttao/scannet/posed_images/scene0062_02/00096.jpg",
      "transform_matrix": [
        [
          -0.548567,
          -0.492525,
          0.675642,
          2.763291
        ],
        [
          -0.836067,
          0.330919,
          -0.437589,
          1.942609
        ],
        [
          -0.00806,
          -0.804929,
          -0.593316,
          1.263509
        ],
        [
          0.0,
          0.0,
          0.0,
          1.0
        ]
      ]
    },
    {
      "file_path": "/media/NFS/ttao/scannet/posed_images/scene0062_02/00097.jpg",
      "transform_matrix": [
        [
          -0.566018,
          -0.48664,
          0.665436,
          2.767943
        ],
        [
          -0.824378,
          0.338903,
          -0.453372,
          1.952469
        ],
        [
          -0.004889,
          -0.805187,
          -0.593001,
          1.264325
        ],
        [
          0.0,
          0.0,
          0.0,
          1.0
        ]
      ]
    },
    {
      "file_path": "/media/NFS/ttao/scannet/posed_images/scene0062_02/00100.jpg",
      "transform_matrix": [
        [
          -0.633002,
          -0.449064,
          0.630595,
          2.778502
        ],
        [
          -0.774142,
          0.370872,
          -0.51299,
          1.990347
        ],
        [
          -0.003505,
          -0.812894,
          -0.582402,
          1.269912
        ],
        [
          0.0,
          0.0,
          0.0,
          1.0
        ]
      ]
    },
    {
      "file_path": "/media/NFS/ttao/scannet/posed_images/scene0062_02/00103.jpg",
      "transform_matrix": [
        [
          -0.685241,
          -0.41376,
          0.599373,
          2.78014
        ],
        [
          -0.728225,
          0.402265,
          -0.554862,
          2.026402
        ],
        [
          -0.011527,
          -0.816692,
          -0.576958,
          1.268431
        ],
        [
          0.0,
          0.0,
          0.0,
          1.0
        ]
      ]
    },
    {
      "file_path": "/media/NFS/ttao/scannet/posed_images/scene0062_02/00106.jpg",
      "transform_matrix": [
        [
          -0.722128,
          -0.392393,
          0.5697,
          2.788731
        ],
        [
          -0.691525,
          0.430883,
          -0.579769,
          2.059323
        ],
        [
          -0.017977,
          -0.81263,
          -0.582503,
          1.27344
        ],
        [
          0.0,
          0.0,
          0.0,
          1.0
        ]
      ]
    },
    {
      "file_path": "/media/NFS/ttao/scannet/posed_images/scene0062_02/00107.jpg",
      "transform_matrix": [
        [
          -0.726821,
          -0.387606,
          0.567003,
          2.792801
        ],
        [
          -0.686581,
          0.432139,
          -0.58469,
          2.072541
        ],
        [
          -0.018395,
          -0.814259,
          -0.580211,
          1.273701
        ],
        [
          0.0,
          0.0,
          0.0,
          1.0
        ]
      ]
    },
    {
      "file_path": "/media/NFS/ttao/scannet/posed_images/scene0062_02/00110.jpg",
      "transform_matrix": [
        [
          -0.734101,
          -0.39081,
          0.555305,
          2.814758
        ],
        [
          -0.678914,
          0.438209,
          -0.589109,
          2.104036
        ],
        [
          -0.01311,
          -0.809469,
          -0.587016,
          1.279583
        ],
        [
          0.0,
          0.0,
          0.0,
          1.0
        ]
      ]
    },
    {
      "file_path": "/media/NFS/ttao/scannet/posed_images/scene0062_02/00114.jpg",
      "transform_matrix": [
        [
          -0.737157,
          -0.409313,
          0.537645,
          2.844628
        ],
        [
          -0.6757,
          0.44015,
          -0.591353,
          2.140087
        ],
        [
          0.005404,
          -0.799206,
          -0.601032,
          1.270398
        ],
        [
          0.0,
          0.0,
          0.0,
          1.0
        ]
      ]
    },
    {
      "file_path": "/media/NFS/ttao/scannet/posed_images/scene0062_02/00115.jpg",
      "transform_matrix": [
        [
          -0.739038,
          -0.410789,
          0.533924,
          2.85031
        ],
        [
          -0.673599,
          0.439603,
          -0.59415,
          2.14464
        ],
        [
          0.009356,
          -0.79875,
          -0.601591,
          1.267527
        ],
        [
          0.0,
          0.0,
          0.0,
          1.0
        ]
      ]
    },
    {
      "file_path": "/media/NFS/ttao/scannet/posed_images/scene0062_02/00117.jpg",
      "transform_matrix": [
        [
          -0.746461,
          -0.410246,
          0.523921,
          2.865921
        ],
        [
          -0.665346,
          0.447764,
          -0.597346,
          2.151124
        ],
        [
          0.010465,
          -0.794485,
          -0.607194,
          1.266008
        ],
        [
          0.0,
          0.0,
          0.0,
          1.0
        ]
      ]
    },
    {
      "file_path": "/media/NFS/ttao/scannet/posed_images/scene0062_02/00120.jpg",
      "transform_matrix": [
        [
          -0.75988,
          -0.390969,
          0.51935,
          2.883999
        ],
        [
          -0.650061,
          0.454931,
          -0.608654,
          2.152727
        ],
        [
          0.001697,
          -0.800113,
          -0.599847,
          1.264389
        ],
        [
          0.0,
          0.0,
          0.0,
          1.0
        ]
      ]
    },
    {
      "file_path": "/media/NFS/ttao/scannet/posed_images/scene0062_02/00122.jpg",
      "transform_matrix": [
        [
          -0.771625,
          -0.374668,
          0.514022,
          2.9049
        ],
        [
          -0.636014,
          0.465944,
          -0.615128,
          2.154261
        ],
        [
          -0.009037,
          -0.801573,
          -0.597828,
          1.265828
        ],
        [
          0.0,
          0.0,
          0.0,
          1.0
        ]
      ]
    },
    {
      "file_path": "/media/NFS/ttao/scannet/posed_images/scene0062_02/00126.jpg",
      "transform_matrix": [
        [
          -0.783109,
          -0.335094,
          0.523882,
          2.944367
        ],
        [
          -0.620036,
          0.48561,
          -0.61623,
          2.154536
        ],
        [
          -0.047908,
          -0.807401,
          -0.588055,
          1.264504
        ],
        [
          0.0,
          0.0,
          0.0,
          1.0
        ]
      ]
    },
    {
      "file_path": "/media/NFS/ttao/scannet/posed_images/scene0062_02/00128.jpg",
      "transform_matrix": [
        [
          -0.796143,
          -0.320466,
          0.513282,
          2.966169
        ],
        [
          -0.601919,
          0.5064,
          -0.617457,
          2.15116
        ],
        [
          -0.062053,
          -0.800538,
          -0.596061,
          1.265126
        ],
        [
          0.0,
          0.0,
          0.0,
          1.0
        ]
      ]
    },
    {
      "file_path": "/media/NFS/ttao/scannet/posed_images/scene0062_02/00130.jpg",
      "transform_matrix": [
        [
          -0.809328,
          -0.306023,
          0.501337,
          2.979437
        ],
        [
          -0.582389,
          0.528886,
          -0.617335,
          2.140036
        ],
        [
          -0.076231,
          -0.7916,
          -0.606266,
          1.264337
        ],
        [
          0.0,
          0.0,
          0.0,
          1.0
        ]
      ]
    },
    {
      "file_path": "/media/NFS/ttao/scannet/posed_images/scene0062_02/00133.jpg",
      "transform_matrix": [
        [
          -0.835602,
          -0.293063,
          0.464631,
          3.003499
        ],
        [
          -0.544984,
          0.548496,
          -0.63415,
          2.133705
        ],
        [
          -0.069002,
          -0.783113,
          -0.618039,
          1.264169
        ],
        [
          0.0,
          0.0,
          0.0,
          1.0
        ]
      ]
    },
    {
      "file_path": "/media/NFS/ttao/scannet/posed_images/scene0062_02/00135.jpg",
      "transform_matrix": [
        [
          -0.851926,
          -0.285491,
          0.438995,
          3.013673
        ],
        [
          -0.520172,
          0.557977,
          -0.646592,
          2.126601
        ],
        [
          -0.060353,
          -0.779202,
          -0.62386,
          1.264907
        ],
        [
          0.0,
          0.0,
          0.0,
          1.0
        ]
      ]
    },
    {
      "file_path": "/media/NFS/ttao/scannet/posed_images/scene0062_02/00138.jpg",
      "transform_matrix": [
        [
          -0.874673,
          -0.271481,
          0.401554,
          3.029406
        ],
        [
          -0.482234,
          0.571081,
          -0.664317,
          2.121439
        ],
        [
          -0.04897,
          -0.774703,
          -0.630426,
          1.26875
        ],
        [
          0.0,
          0.0,
          0.0,
          1.0
        ]
      ]
    },
    {
      "file_path": "/media/NFS/ttao/scannet/posed_images/scene0062_02/00140.jpg",
      "transform_matrix": [
        [
          -0.890298,
          -0.253184,
          0.378506,
          3.045681
        ],
        [
          -0.453178,
          0.574195,
          -0.681857,
          2.127164
        ],
        [
          -0.044701,
          -0.778587,
          -0.625943,
          1.275251
        ],
        [
          0.0,
          0.0,
          0.0,
          1.0
        ]
      ]
    },
    {
      "file_path": "/media/NFS/ttao/scannet/posed_images/scene0062_02/00144.jpg",
      "transform_matrix": [
        [
          -0.923756,
          -0.219262,
          0.314005,
          3.081538
        ],
        [
          -0.382522,
          0.568374,
          -0.728442,
          2.136097
        ],
        [
          -0.018753,
          -0.793016,
          -0.608911,
          1.292658
        ],
        [
          0.0,
          0.0,
          0.0,
          1.0
        ]
      ]
    },
    {
      "file_path": "/media/NFS/ttao/scannet/posed_images/scene0062_02/00146.jpg",
      "transform_matrix": [
        [
          -0.939824,
          -0.200725,
          0.276478,
          3.096551
        ],
        [
          -0.341571,
          0.570339,
          -0.747023,
          2.144546
        ],
        [
          -0.00774,
          -0.796507,
          -0.60458,
          1.297844
        ],
        [
          0.0,
          0.0,
          0.0,
          1.0
        ]
      ]
    },
    {
      "file_path": "/media/NFS/ttao/scannet/posed_images/scene0062_02/00149.jpg",
      "transform_matrix": [
        [
          -0.958553,
          -0.161833,
          0.234493,
          3.122276
        ],
        [
          -0.284627,
          0.58092,
          -0.762575,
          2.16817
        ],
        [
          -0.012812,
          -0.797711,
          -0.602904,
          1.304177
        ],
        [
          0.0,
          0.0,
          0.0,
          1.0
        ]
      ]
    },
    {
      "file_path": "/media/NFS/ttao/scannet/posed_images/scene0062_02/00151.jpg",
      "transform_matrix": [
        [
          -0.968535,
          -0.135754,
          0.208594,
          3.14779
        ],
        [
          -0.248486,
          0.574531,
          -0.779852,
          2.190613
        ],
        [
          -0.013976,
          -0.807146,
          -0.590186,
          1.305915
        ],
        [
          0.0,
          0.0,
          0.0,
          1.0
        ]
      ]
    },
    {
      "file_path": "/media/NFS/ttao/scannet/posed_images/scene0062_02/00152.jpg",
      "transform_matrix": [
        [
          -0.972565,
          -0.125891,
          0.195624,
          3.15829
        ],
        [
          -0.232256,
          0.573195,
          -0.785815,
          2.198808
        ],
        [
          -0.013203,
          -0.809691,
          -0.586708,
          1.305733
        ],
        [
          0.0,
          0.0,
          0.0,
          1.0
        ]
      ]
    },
    {
      "file_path": "/media/NFS/ttao/scannet/posed_images/scene0062_02/00156.jpg",
      "transform_matrix": [
        [
          -0.984252,
          -0.087287,
          0.153717,
          3.199313
        ],
        [
          -0.175392,
          0.590639,
          -0.787644,
          2.224098
        ],
        [
          -0.02204,
          -0.802201,
          -0.596647,
          1.311001
        ],
        [
          0.0,
          0.0,
          0.0,
          1.0
        ]
      ]
    },
    {
      "file_path": "/media/NFS/ttao/scannet/posed_images/scene0062_02/00159.jpg",
      "transform_matrix": [
        [
          -0.987744,
          -0.064774,
          0.142006,
          3.222028
        ],
        [
          -0.153122,
          0.578484,
          -0.801193,
          2.239014
        ],
        [
          -0.030252,
          -0.813118,
          -0.581312,
          1.317655
        ],
        [
          0.0,
          0.0,
          0.0,
          1.0
        ]
      ]
    },
    {
      "file_path": "/media/NFS/ttao/scannet/posed_images/scene0062_02/00160.jpg",
      "transform_matrix": [
        [
          -0.988678,
          -0.061567,
          0.136839,
          3.227595
        ],
        [
          -0.147144,
          0.576433,
          -0.803788,
          2.239628
        ],
        [
          -0.029392,
          -0.814822,
          -0.578966,
          1.321089
        ],
        [
          0.0,
          0.0,
          0.0,
          1.0
        ]
      ]
    },
    {
      "file_path": "/media/NFS/ttao/scannet/posed_images/scene0062_02/00164.jpg",
      "transform_matrix": [
        [
          -0.990799,
          -0.051721,
          0.125071,
          3.247149
        ],
        [
          -0.132415,
          0.561633,
          -0.816723,
          2.243476
        ],
        [
          -0.028003,
          -0.825769,
          -0.563313,
          1.332437
        ],
        [
          0.0,
          0.0,
          0.0,
          1.0
        ]
      ]
    },
    {
      "file_path": "/media/NFS/ttao/scannet/posed_images/scene0062_02/00166.jpg",
      "transform_matrix": [
        [
          -0.992018,
          -0.047503,
          0.116806,
          3.252301
        ],
        [
          -0.123328,
          0.558541,
          -0.820258,
          2.238972
        ],
        [
          -0.026276,
          -0.828116,
          -0.559941,
          1.336495
        ],
        [
          0.0,
          0.0,
          0.0,
          1.0
        ]
      ]
    },
    {
      "file_path": "/media/NFS/ttao/scannet/posed_images/scene0062_02/00169.jpg",
      "transform_matrix": [
        [
          -0.99482,
          -0.038427,
          0.094115,
          3.256335
        ],
        [
          -0.099614,
          0.553207,
          -0.827067,
          2.227424
        ],
        [
          -0.020284,
          -0.832157,
          -0.554169,
          1.342978
        ],
        [
          0.0,
          0.0,
          0.0,
          1.0
        ]
      ]
    },
    {
      "file_path": "/media/NFS/ttao/scannet/posed_images/scene0062_02/00170.jpg",
      "transform_matrix": [
        [
          -0.995825,
          -0.034865,
          0.084366,
          3.25815
        ],
        [
          -0.089626,
          0.548882,
          -0.831082,
          2.224336
        ],
        [
          -0.017331,
          -0.835173,
          -0.549715,
          1.338107
        ],
        [
          0.0,
          0.0,
          0.0,
          1.0
        ]
      ]
    },
    {
      "file_path": "/media/NFS/ttao/scannet/posed_images/scene0062_02/00172.jpg",
      "transform_matrix": [
        [
          -0.997286,
          -0.02738,
          0.068341,
          3.2595
        ],
        [
          -0.072167,
          0.547168,
          -0.833906,
          2.211646
        ],
        [
          -0.014561,
          -0.836575,
          -0.547659,
          1.339936
        ],
        [
          0.0,
          0.0,
          0.0,
          1.0
        ]
      ]
    },
    {
      "file_path": "/media/NFS/ttao/scannet/posed_images/scene0062_02/00176.jpg",
      "transform_matrix": [
        [
          -0.99926,
          -0.013992,
          0.03583,
          3.255752
        ],
        [
          -0.037702,
          0.540877,
          -0.840256,
          2.18053
        ],
        [
          -0.007623,
          -0.840985,
          -0.541004,
          1.341163
        ],
        [
          0.0,
          0.0,
          0.0,
          1.0
        ]
      ]
    },
    {
      "file_path": "/media/NFS/ttao/scannet/posed_images/scene0062_02/00177.jpg",
      "transform_matrix": [
        [
          -0.999458,
          -0.008597,
          0.031781,
          3.252823
        ],
        [
          -0.031407,
          0.538514,
          -0.842031,
          2.172422
        ],
        [
          -0.009876,
          -0.842572,
          -0.538492,
          1.33962
        ],
        [
          0.0,
          0.0,
          0.0,
          1.0
        ]
      ]
    },
    {
      "file_path": "/media/NFS/ttao/scannet/posed_images/scene0062_02/00181.jpg",
      "transform_matrix": [
        [
          -0.99941,
          0.018872,
          0.028711,
          3.247246
        ],
        [
          -0.014723,
          0.5198,
          -0.854162,
          2.138952
        ],
        [
          -0.031043,
          -0.85408,
          -0.519215,
          1.338037
        ],
        [
          0.0,
          0.0,
          0.0,
          1.0
        ]
      ]
    },
    {
      "file_path": "/media/NFS/ttao/scannet/posed_images/scene0062_02/00182.jpg",
      "transform_matrix": [
        [
          -0.999316,
          0.023099,
          0.028897,
          3.244933
        ],
        [
          -0.012925,
          0.513903,
          -0.857751,
          2.128397
        ],
        [
          -0.034663,
          -0.857537,
          -0.513253,
          1.340089
        ],
        [
          0.0,
          0.0,
          0.0,
          1.0
        ]
      ]
    },
    {
      "file_path": "/media/NFS/ttao/scannet/posed_images/scene0062_02/00186.jpg",
      "transform_matrix": [
        [
          -0.999402,
          0.034164,
          0.00529,
          3.231139
        ],
        [
          0.01261,
          0.502718,
          -0.864359,
          2.077455
        ],
        [
          -0.03219,
          -0.863775,
          -0.502848,
          1.350057
        ],
        [
          0.0,
          0.0,
          0.0,
          1.0
        ]
      ]
    },
    {
      "file_path": "/media/NFS/ttao/scannet/posed_images/scene0062_02/00188.jpg",
      "transform_matrix": [
        [
          -0.998996,
          0.042519,
          -0.014119,
          3.221768
        ],
        [
          0.033423,
          0.497436,
          -0.866857,
          2.052074
        ],
        [
          -0.029834,
          -0.866458,
          -0.498357,
          1.354147
        ],
        [
          0.0,
          0.0,
          0.0,
          1.0
        ]
      ]
    },
    {
      "file_path": "/media/NFS/ttao/scannet/posed_images/scene0062_02/00190.jpg",
      "transform_matrix": [
        [
          -0.998169,
          0.04856,
          -0.036054,
          3.214292
        ],
        [
          0.055214,
          0.488311,
          -0.870921,
          2.033862
        ],
        [
          -0.024687,
          -0.871318,
          -0.490098,
          1.346295
        ],
        [
          0.0,
          0.0,
          0.0,
          1.0
        ]
      ]
    },
    {
      "file_path": "/media/NFS/ttao/scannet/posed_images/scene0062_02/00194.jpg",
      "transform_matrix": [
        [
          -0.995652,
          0.061767,
          -0.069721,
          3.194071
        ],
        [
          0.090879,
          0.480059,
          -0.872516,
          1.990298
