{
  "frames": [
    {
      "file_path": "/media/NFS/ttao/scannet/posed_images/scene0470_00/00000.jpg",
      "transform_matrix": [
        [
          0.350874,
          0.460271,
          -0.815498,
          2.202001
        ],
        [
          0.936203,
          -0.153559,
          0.316139,
          1.496327
        ],
        [
          0.020283,
          -0.874397,
          -0.484787,
          1.393188
        ],
        [
          0.0,
          0.0,
          0.0,
          1.0
        ]
      ]
    },
    {
      "file_path": "/media/NFS/ttao/scannet/posed_images/scene0470_00/00002.jpg",
      "transform_matrix": [
        [
          0.355668,
          0.465114,
          -0.810659,
          2.201633
        ],
        [
          0.934361,
          -0.156823,
          0.319964,
          1.495388
        ],
        [
          0.021689,
          -0.871249,
          -0.490362,
          1.392052
        ],
        [
          0.0,
          0.0,
          0.0,
          1.0
        ]
      ]
    },
    {
      "file_path": "/media/NFS/ttao/scannet/posed_images/scene0470_00/00004.jpg",
      "transform_matrix": [
        [
          0.357631,
          0.470351,
          -0.806765,
          2.202133
        ],
        [
          0.933516,
          -0.156525,
          0.322564,
          1.496392
        ],
        [
          0.02544,
          -0.868487,
          -0.495059,
          1.390344
        ],
        [
          0.0,
          0.0,
          0.0,
          1.0
        ]
      ]
    },
    {
      "file_path": "/media/NFS/ttao/scannet/posed_images/scene0470_00/00008.jpg",
      "transform_matrix": [
        [
          0.360116,
          0.475027,
          -0.802911,
          2.201462
        ],
        [
          0.93262,
          -0.161956,
          0.322474,
          1.498955
        ],
        [
          0.023147,
          -0.864939,
          -0.501343,
          1.39121
        ],
        [
          0.0,
          0.0,
          0.0,
          1.0
        ]
      ]
    },
    {
      "file_path": "/media/NFS/ttao/scannet/posed_images/scene0470_00/00009.jpg",
      "transform_matrix": [
        [
          0.359256,
          0.475324,
          -0.80312,
          2.202281
        ],
        [
          0.932987,
          -0.162922,
          0.320924,
          1.499612
        ],
        [
          0.021697,
          -0.864594,
          -0.502002,
          1.391341
        ],
        [
          0.0,
          0.0,
          0.0,
          1.0
        ]
      ]
    },
    {
      "file_path": "/media/NFS/ttao/scannet/posed_images/scene0470_00/00013.jpg",
      "transform_matrix": [
        [
          0.354614,
          0.482517,
          -0.800891,
          2.207212
        ],
        [
          0.934885,
          -0.168783,
          0.312255,
          1.504732
        ],
        [
          0.015491,
          -0.85947,
          -0.51095,
          1.389062
        ],
        [
          0.0,
          0.0,
          0.0,
          1.0
        ]
      ]
    },
    {
      "file_path": "/media/NFS/ttao/scannet/posed_images/scene0470_00/00014.jpg",
      "transform_matrix": [
        [
          0.354701,
          0.48176,
          -0.801308,
          2.207574
        ],
        [
          0.934863,
          -0.169202,
          0.312092,
          1.504556
        ],
        [
          0.01477,
          -0.859813,
          -0.510395,
          1.387673
        ],
        [
          0.0,
          0.0,
          0.0,
          1.0
        ]
      ]
    },
    {
      "file_path": "/media/NFS/ttao/scannet/posed_images/scene0470_00/00016.jpg",
      "transform_matrix": [
        [
          0.355697,
          0.483751,
          -0.799666,
          2.208493
        ],
        [
          0.934529,
          -0.173428,
          0.310771,
          1.504771
        ],
        [
          0.011651,
          -0.857851,
          -0.513767,
          1.388199
        ],
        [
          0.0,
          0.0,
          0.0,
          1.0
        ]
      ]
    },
    {
      "file_path": "/media/NFS/ttao/scannet/posed_images/scene0470_00/00020.jpg",
      "transform_matrix": [
        [
          0.355188,
          0.494969,
          -0.792999,
          2.2093
        ],
        [
          0.934795,
          -0.188576,
          0.300995,
          1.515624
        ],
        [
          -0.000557,
          -0.848201,
          -0.529675,
          1.391979
        ],
        [
          0.0,
          0.0,
          0.0,
          1.0
        ]
      ]
    },
    {
      "file_path": "/media/NFS/ttao/scannet/posed_images/scene0470_00/00021.jpg",
      "transform_matrix": [
        [
          0.357397,
          0.491169,
          -0.794368,
          2.209649
        ],
        [
          0.933935,
          -0.193262,
          0.300693,
          1.515394
        ],
        [
          -0.00583,
          -0.849355,
          -0.52779,
          1.387978
        ],
        [
          0.0,
          0.0,
          0.0,
          1.0
        ]
      ]
    },
    {
      "file_path": "/media/NFS/ttao/scannet/posed_images/scene0470_00/00024.jpg",
      "transform_matrix": [
        [
          0.343475,
          0.497662,
          -0.796465,
          2.208284
        ],
        [
          0.938928,
          -0.200878,
          0.279395,
          1.52386
        ],
        [
          -0.020947,
          -0.843789,
          -0.536266,
          1.385393
        ],
        [
          0.0,
          0.0,
          0.0,
          1.0
        ]
      ]
    },
    {
      "file_path": "/media/NFS/ttao/scannet/posed_images/scene0470_00/00027.jpg",
      "transform_matrix": [
        [
          0.32566,
          0.508434,
          -0.797145,
          2.205083
        ],
        [
          0.945255,
          -0.193754,
          0.262588,
          1.528563
        ],
        [
          -0.020941,
          -0.83902,
          -0.543697,
          1.382409
        ],
        [
          0.0,
          0.0,
          0.0,
          1.0
        ]
      ]
    },
    {
      "file_path": "/media/NFS/ttao/scannet/posed_images/scene0470_00/00028.jpg",
      "transform_matrix": [
        [
          0.319808,
          0.51058,
          -0.798142,
          2.203428
        ],
        [
          0.94728,
          -0.189696,
          0.258216,
          1.531339
        ],
        [
          -0.019565,
          -0.838644,
          -0.544329,
          1.383153
        ],
        [
          0.0,
          0.0,
          0.0,
          1.0
        ]
      ]
    },
    {
      "file_path": "/media/NFS/ttao/scannet/posed_images/scene0470_00/00032.jpg",
      "transform_matrix": [
        [
          0.298952,
          0.505789,
          -0.809201,
          2.198891
        ],
        [
          0.954026,
          -0.177513,
          0.241502,
          1.545006
        ],
        [
          -0.021495,
          -0.844196,
          -0.535603,
          1.381702
        ],
        [
          0.0,
          0.0,
          0.0,
          1.0
        ]
      ]
    },
    {
      "file_path": "/media/NFS/ttao/scannet/posed_images/scene0470_00/00034.jpg",
      "transform_matrix": [
        [
          0.289583,
          0.503646,
          -0.81393,
          2.196794
        ],
        [
          0.956908,
          -0.171571,
          0.234288,
          1.55107
        ],
        [
          -0.021648,
          -0.846702,
          -0.531627,
          1.377995
        ],
        [
          0.0,
          0.0,
          0.0,
          1.0
        ]
      ]
    },
    {
      "file_path": "/media/NFS/ttao/scannet/posed_images/scene0470_00/00035.jpg",
      "transform_matrix": [
        [
          0.285704,
          0.504151,
          -0.814988,
          2.194112
        ],
        [
          0.958106,
          -0.16815,
          0.231858,
          1.554078
        ],
        [
          -0.020149,
          -0.847088,
          -0.531071,
          1.377683
        ],
        [
          0.0,
          0.0,
          0.0,
          1.0
        ]
      ]
    },
    {
      "file_path": "/media/NFS/ttao/scannet/posed_images/scene0470_00/00038.jpg",
      "transform_matrix": [
        [
          0.276609,
          0.50707,
          -0.816313,
          2.190642
        ],
        [
          0.960948,
          -0.153159,
          0.230481,
          1.565496
        ],
        [
          -0.008155,
          -0.848188,
          -0.529633,
          1.375809
        ],
        [
          0.0,
          0.0,
          0.0,
          1.0
        ]
      ]
    },
    {
      "file_path": "/media/NFS/ttao/scannet/posed_images/scene0470_00/00041.jpg",
      "transform_matrix": [
        [
          0.263164,
          0.515722,
          -0.815338,
          2.184139
        ],
        [
          0.964734,
          -0.13559,
          0.225621,
          1.579624
        ],
        [
          0.005806,
          -0.845959,
          -0.533216,
          1.376921
        ],
        [
          0.0,
          0.0,
          0.0,
          1.0
        ]
      ]
    },
    {
      "file_path": "/media/NFS/ttao/scannet/posed_images/scene0470_00/00043.jpg",
      "transform_matrix": [
        [
          0.24784,
          0.520078,
          -0.81737,
          2.176491
        ],
        [
          0.968768,
          -0.126067,
          0.213532,
          1.587437
        ],
        [
          0.00801,
          -0.844764,
          -0.535079,
          1.380242
        ],
        [
          0.0,
          0.0,
          0.0,
          1.0
        ]
      ]
    },
    {
      "file_path": "/media/NFS/ttao/scannet/posed_images/scene0470_00/00046.jpg",
      "transform_matrix": [
        [
          0.222064,
          0.514548,
          -0.828208,
          2.168129
        ],
        [
          0.975025,
          -0.113884,
          0.190675,
          1.599592
        ],
        [
          0.003792,
          -0.849865,
          -0.526986,
          1.379319
        ],
        [
          0.0,
          0.0,
          0.0,
          1.0
        ]
      ]
    },
    {
      "file_path": "/media/NFS/ttao/scannet/posed_images/scene0470_00/00048.jpg",
      "transform_matrix": [
        [
          0.201739,
          0.514615,
          -0.83335,
          2.159978
        ],
        [
          0.97936,
          -0.095169,
          0.178316,
          1.606927
        ],
        [
          0.012455,
          -0.852123,
          -0.523193,
          1.380223
        ],
        [
          0.0,
          0.0,
          0.0,
          1.0
        ]
      ]
    },
    {
      "file_path": "/media/NFS/ttao/scannet/posed_images/scene0470_00/00051.jpg",
      "transform_matrix": [
        [
          0.184133,
          0.521438,
          -0.833185,
          2.147497
        ],
        [
          0.982126,
          -0.063946,
          0.177029,
          1.609277
        ],
        [
          0.03903,
          -0.85089,
          -0.523893,
          1.372598
        ],
        [
          0.0,
          0.0,
          0.0,
          1.0
        ]
      ]
    },
    {
      "file_path": "/media/NFS/ttao/scannet/posed_images/scene0470_00/00052.jpg",
      "transform_matrix": [
        [
          0.183811,
          0.527306,
          -0.829555,
          2.130981
        ],
        [
          0.981808,
          -0.057615,
          0.180924,
          1.598506
        ],
        [
          0.047607,
          -0.84772,
          -0.528304,
          1.371955
        ],
        [
          0.0,
          0.0,
          0.0,
          1.0
        ]
      ]
    },
    {
      "file_path": "/media/NFS/ttao/scannet/posed_images/scene0470_00/00055.jpg",
      "transform_matrix": [
        [
          0.156229,
          0.526615,
          -0.835625,
          2.107977
        ],
        [
          0.986673,
          -0.044244,
          0.156587,
          1.606614
        ],
        [
          0.04549,
          -0.848952,
          -0.526509,
          1.379294
        ],
        [
          0.0,
          0.0,
          0.0,
          1.0
        ]
      ]
    },
    {
      "file_path": "/media/NFS/ttao/scannet/posed_images/scene0470_00/00057.jpg",
      "transform_matrix": [
        [
          0.152018,
          0.518006,
          -0.84176,
          2.088149
        ],
        [
          0.987372,
          -0.041175,
          0.152977,
          1.611266
        ],
        [
          0.044583,
          -0.854385,
          -0.517724,
          1.382627
        ],
        [
          0.0,
          0.0,
          0.0,
          1.0
        ]
      ]
    },
    {
      "file_path": "/media/NFS/ttao/scannet/posed_images/scene0470_00/00059.jpg",
      "transform_matrix": [
        [
          0.153045,
          0.508524,
          -0.847337,
          2.062592
        ],
        [
          0.987223,
          -0.040183,
          0.154195,
          1.616123
        ],
        [
          0.044363,
          -0.86011,
          -0.508177,
          1.389217
        ],
        [
          0.0,
          0.0,
          0.0,
          1.0
        ]
      ]
    },
    {
      "file_path": "/media/NFS/ttao/scannet/posed_images/scene0470_00/00063.jpg",
      "transform_matrix": [
        [
          0.157245,
          0.467757,
          -0.869757,
          2.018461
        ],
        [
          0.985248,
          -0.014084,
          0.170551,
          1.616046
        ],
        [
          0.067527,
          -0.883745,
          -0.463072,
          1.37813
        ],
        [
          0.0,
          0.0,
          0.0,
          1.0
        ]
      ]
    },
    {
      "file_path": "/media/NFS/ttao/scannet/posed_images/scene0470_00/00066.jpg",
      "transform_matrix": [
        [
          0.160999,
          0.465984,
          -0.870022,
          1.974705
        ],
        [
          0.983151,
          0.001592,
          0.182787,
          1.616497
        ],
        [
          0.086561,
          -0.884792,
          -0.457876,
          1.381786
        ],
        [
          0.0,
          0.0,
          0.0,
          1.0
        ]
      ]
    },
    {
      "file_path": "/media/NFS/ttao/scannet/posed_images/scene0470_00/00067.jpg",
      "transform_matrix": [
        [
          0.161561,
          0.468065,
          -0.8688,
          1.958132
        ],
        [
          0.983008,
          0.001411,
          0.183559,
          1.617176
        ],
        [
          0.087143,
          -0.883693,
          -0.459884,
          1.38611
        ],
        [
          0.0,
          0.0,
          0.0,
          1.0
        ]
      ]
    },
    {
      "file_path": "/media/NFS/ttao/scannet/posed_images/scene0470_00/00069.jpg",
      "transform_matrix": [
        [
          0.158207,
          0.460887,
          -0.873243,
          1.924884
        ],
        [
          0.984194,
          -0.002329,
          0.177079,
          1.626126
        ],
        [
          0.07958,
          -0.887455,
          -0.453971,
          1.397411
        ],
        [
          0.0,
          0.0,
          0.0,
          1.0
        ]
      ]
    },
    {
      "file_path": "/media/NFS/ttao/scannet/posed_images/scene0470_00/00073.jpg",
      "transform_matrix": [
        [
          0.157457,
          0.437007,
          -0.885569,
          1.871305
        ],
        [
          0.984813,
          -0.003064,
          0.173591,
          1.635983
        ],
        [
          0.073148,
          -0.899453,
          -0.430852,
          1.394284
        ],
        [
          0.0,
          0.0,
          0.0,
          1.0
        ]
      ]
    },
    {
      "file_path": "/media/NFS/ttao/scannet/posed_images/scene0470_00/00074.jpg",
      "transform_matrix": [
        [
          0.152722,
          0.439736,
          -0.885047,
          1.858669
        ],
        [
          0.98529,
          0.001739,
          0.170884,
          1.638465
        ],
        [
          0.076683,
          -0.898126,
          -0.433001,
          1.393585
        ],
        [
          0.0,
          0.0,
          0.0,
          1.0
        ]
      ]
    },
    {
      "file_path": "/media/NFS/ttao/scannet/posed_images/scene0470_00/00076.jpg",
      "transform_matrix": [
        [
          0.144493,
          0.448493,
          -0.88203,
          1.837713
        ],
        [
          0.985852,
          0.011284,
          0.167239,
          1.643111
        ],
        [
          0.084958,
          -0.893715,
          -0.440517,
          1.383932
        ],
        [
          0.0,
          0.0,
          0.0,
          1.0
        ]
      ]
    },
    {
      "file_path": "/media/NFS/ttao/scannet/posed_images/scene0470_00/00080.jpg",
      "transform_matrix": [
        [
          0.114788,
          0.490422,
          -0.863892,
          1.788942
        ],
        [
          0.989871,
          0.016669,
          0.14099,
          1.658828
        ],
        [
          0.083545,
          -0.871326,
          -0.483541,
          1.388934
        ],
        [
          0.0,
          0.0,
          0.0,
          1.0
        ]
      ]
    },
    {
      "file_path": "/media/NFS/ttao/scannet/posed_images/scene0470_00/00081.jpg",
      "transform_matrix": [
        [
          0.10533,
          0.491933,
          -0.864238,
          1.780547
        ],
        [
          0.990947,
          0.020831,
          0.13263,
          1.662825
        ],
        [
          0.083248,
          -0.870384,
          -0.485285,
          1.3868
        ],
        [
          0.0,
          0.0,
          0.0,
          1.0
        ]
      ]
    },
    {
      "file_path": "/media/NFS/ttao/scannet/posed_images/scene0470_00/00084.jpg",
      "transform_matrix": [
        [
          0.097315,
          0.502422,
          -0.859128,
          1.760165
        ],
        [
          0.991689,
          0.024043,
          0.126391,
          1.671776
        ],
        [
          0.084158,
          -0.864288,
          -0.495907,
          1.378201
        ],
        [
          0.0,
          0.0,
          0.0,
          1.0
        ]
      ]
    },
    {
      "file_path": "/media/NFS/ttao/scannet/posed_images/scene0470_00/00087.jpg",
      "transform_matrix": [
        [
          0.076762,
          0.513823,
          -0.854455,
          1.740716
        ],
        [
          0.994545,
          0.021243,
          0.102122,
          1.686222
        ],
        [
          0.070623,
          -0.857633,
          -0.509389,
          1.378279
        ],
        [
          0.0,
          0.0,
          0.0,
          1.0
        ]
      ]
    },
    {
      "file_path": "/media/NFS/ttao/scannet/posed_images/scene0470_00/00088.jpg",
      "transform_matrix": [
        [
          0.064285,
          0.515715,
          -0.854345,
          1.735175
        ],
        [
          0.995722,
          0.023785,
          0.08928,
          1.690216
        ],
        [
          0.066364,
          -0.85643,
          -0.51198,
          1.378122
        ],
        [
          0.0,
          0.0,
          0.0,
          1.0
        ]
      ]
    },
    {
      "file_path": "/media/NFS/ttao/scannet/posed_images/scene0470_00/00091.jpg",
      "transform_matrix": [
        [
          0.035924,
          0.532295,
          -0.845796,
          1.717631
        ],
        [
          0.997699,
          0.029589,
          0.060997,
          1.709784
        ],
        [
          0.057495,
          -0.846041,
          -0.530008,
          1.387223
        ],
        [
          0.0,
          0.0,
          0.0,
          1.0
        ]
      ]
    },
    {
      "file_path": "/media/NFS/ttao/scannet/posed_images/scene0470_00/00094.jpg",
      "transform_matrix": [
        [
          0.00316,
          0.547932,
          -0.836517,
          1.704768
        ],
        [
          0.998682,
          0.041117,
          0.030705,
          1.724297
        ],
        [
          0.05122,
          -0.835512,
          -0.54708,
          1.389971
        ],
        [
          0.0,
          0.0,
          0.0,
          1.0
        ]
      ]
    },
    {
      "file_path": "/media/NFS/ttao/scannet/posed_images/scene0470_00/00095.jpg",
      "transform_matrix": [
        [
          -0.010063,
          0.547596,
          -0.836682,
          1.702112
        ],
        [
          0.998781,
          0.045936,
          0.018051,
          1.728708
        ],
        [
          0.048318,
          -0.835481,
          -0.547391,
          1.391634
        ],
        [
          0.0,
          0.0,
          0.0,
          1.0
        ]
      ]
    },
    {
      "file_path": "/media/NFS/ttao/scannet/posed_images/scene0470_00/00099.jpg",
      "transform_matrix": [
        [
          -0.061839,
          0.534505,
          -0.8429,
          1.689679
        ],
        [
          0.997272,
          0.067199,
          -0.030552,
          1.744118
        ],
        [
          0.040312,
          -0.84249,
          -0.537202,
          1.397156
        ],
        [
          0.0,
          0.0,
          0.0,
          1.0
        ]
      ]
    },
    {
      "file_path": "/media/NFS/ttao/scannet/posed_images/scene0470_00/00100.jpg",
      "transform_matrix": [
        [
          -0.07657,
          0.537267,
          -0.839929,
          1.680478
        ],
        [
          0.9964,
          0.071966,
          -0.044801,
          1.747724
        ],
        [
          0.036376,
          -0.840336,
          -0.540844,
          1.40503
        ],
        [
          0.0,
          0.0,
          0.0,
          1.0
        ]
      ]
    },
    {
      "file_path": "/media/NFS/ttao/scannet/posed_images/scene0470_00/00102.jpg",
      "transform_matrix": [
        [
          -0.113556,
          0.530557,
          -0.840009,
          1.679251
        ],
        [
          0.99261,
          0.096998,
          -0.07292,
          1.751424
        ],
        [
          0.042791,
          -0.842081,
          -0.53765,
          1.401866
        ],
        [
          0.0,
          0.0,
          0.0,
          1.0
        ]
      ]
    },
    {
      "file_path": "/media/NFS/ttao/scannet/posed_images/scene0470_00/00106.jpg",
      "transform_matrix": [
        [
          -0.179129,
          0.532093,
          -0.82752,
          1.674916
        ],
        [
          0.982677,
          0.137406,
          -0.124364,
          1.767635
        ],
        [
          0.047533,
          -0.835462,
          -0.547489,
          1.39623
        ],
        [
          0.0,
          0.0,
          0.0,
          1.0
        ]
      ]
    },
    {
      "file_path": "/media/NFS/ttao/scannet/posed_images/scene0470_00/00107.jpg",
      "transform_matrix": [
        [
          -0.194795,
          0.531396,
          -0.824423,
          1.672469
        ],
        [
          0.979864,
          0.142983,
          -0.139361,
          1.77161
        ],
        [
          0.043823,
          -0.83497,
          -0.548548,
          1.396675
        ],
        [
          0.0,
          0.0,
          0.0,
          1.0
        ]
      ]
    },
    {
      "file_path": "/media/NFS/ttao/scannet/posed_images/scene0470_00/00110.jpg",
      "transform_matrix": [
        [
          -0.261278,
          0.526687,
          -0.808909,
          1.651915
        ],
        [
          0.965058,
          0.159827,
          -0.20765,
          1.795542
        ],
        [
          0.019919,
          -0.834899,
          -0.550043,
          1.411248
        ],
        [
          0.0,
          0.0,
          0.0,
          1.0
        ]
      ]
    },
    {
      "file_path": "/media/NFS/ttao/scannet/posed_images/scene0470_00/00112.jpg",
      "transform_matrix": [
        [
          -0.299861,
          0.514163,
          -0.803567,
          1.660388
        ],
        [
          0.953883,
          0.173779,
          -0.244761,
          1.795627
        ],
        [
          0.013796,
          -0.839903,
          -0.542561,
          1.396296
        ],
        [
          0.0,
          0.0,
          0.0,
          1.0
        ]
      ]
    },
    {
      "file_path": "/media/NFS/ttao/scannet/posed_images/scene0470_00/00116.jpg",
      "transform_matrix": [
        [
          -0.347947,
          0.528194,
          -0.77456,
          1.662066
        ],
        [
          0.937504,
          0.192244,
          -0.290049,
          1.795977
        ],
        [
          -0.004298,
          -0.827075,
          -0.562075,
          1.390778
        ],
        [
          0.0,
          0.0,
          0.0,
          1.0
        ]
      ]
    },
    {
      "file_path": "/media/NFS/ttao/scannet/posed_images/scene0470_00/00117.jpg",
      "transform_matrix": [
        [
          -0.360402,
          0.524202,
          -0.771572,
          1.661336
        ],
        [
          0.932731,
          0.192659,
          -0.304788,
          1.798172
        ],
        [
          -0.01112,
          -0.829515,
          -0.558374,
          1.391375
        ],
        [
          0.0,
          0.0,
          0.0,
          1.0
        ]
      ]
    },
    {
      "file_path": "/media/NFS/ttao/scannet/posed_images/scene0470_00/00120.jpg",
      "transform_matrix": [
        [
          -0.395887,
          0.507397,
          -0.765389,
          1.657804
        ],
        [
          0.91792,
          0.194691,
          -0.345715,
          1.803348
        ],
        [
          -0.0264,
          -0.83943,
          -0.542826,
          1.386383
        ],
        [
          0.0,
          0.0,
          0.0,
          1.0
        ]
      ]
    },
    {
      "file_path": "/media/NFS/ttao/scannet/posed_images/scene0470_00/00122.jpg",
      "transform_matrix": [
        [
          -0.414531,
          0.5015,
          -0.759383,
          1.660212
        ],
        [
          0.90978,
          0.208621,
          -0.358855,
          1.794294
        ],
        [
          -0.021542,
          -0.839628,
          -0.542734,
          1.378276
        ],
        [
          0.0,
          0.0,
          0.0,
          1.0
        ]
      ]
    },
    {
      "file_path": "/media/NFS/ttao/scannet/posed_images/scene0470_00/00125.jpg",
      "transform_matrix": [
        [
          -0.446666,
          0.502644,
          -0.740161,
          1.64959
        ],
        [
          0.894663,
          0.243324,
          -0.374662,
          1.782984
        ],
        [
          -0.008222,
          -0.829544,
          -0.558381,
          1.373482
        ],
        [
          0.0,
          0.0,
          0.0,
          1.0
        ]
      ]
    },
    {
      "file_path": "/media/NFS/ttao/scannet/posed_images/scene0470_00/00126.jpg",
      "transform_matrix": [
        [
          -0.456906,
          0.499258,
          -0.736192,
          1.647298
        ],
        [
          0.889508,
          0.253239,
          -0.380322,
          1.776761
        ],
        [
          -0.003446,
          -0.82862,
          -0.559801,
          1.371998
        ],
        [
          0.0,
          0.0,
          0.0,
          1.0
        ]
      ]
    },
    {
      "file_path": "/media/NFS/ttao/scannet/posed_images/scene0470_00/00130.jpg",
      "transform_matrix": [
        [
          -0.512425,
          0.457046,
          -0.727001,
          1.621957
        ],
        [
          0.858718,
          0.277573,
          -0.430763,
          1.769056
        ],
        [
          0.004918,
          -0.845022,
          -0.534709,
          1.362094
        ],
        [
          0.0,
          0.0,
          0.0,
          1.0
        ]
      ]
    },
    {
      "file_path": "/media/NFS/ttao/scannet/posed_images/scene0470_00/00133.jpg",
      "transform_matrix": [
        [
          -0.53249,
          0.421733,
          -0.73389,
          1.600006
        ],
        [
          0.846372,
          0.275992,
          -0.455503,
          1.752308
        ],
        [
          0.010447,
          -0.863695,
          -0.503906,
          1.361407
        ],
        [
          0.0,
          0.0,
          0.0,
          1.0
        ]
      ]
    },
    {
      "file_path": "/media/NFS/ttao/scannet/posed_images/scene0470_00/00134.jpg",
      "transform_matrix": [
        [
          -0.535987,
          0.414266,
          -0.735596,
          1.59085
        ],
        [
          0.844118,
          0.276972,
          -0.459077,
          1.744027
        ],
        [
          0.013559,
          -0.866989,
          -0.498143,
          1.361246
        ],
        [
          0.0,
          0.0,
          0.0,
          1.0
        ]
      ]
    },
    {
      "file_path": "/media/NFS/ttao/scannet/posed_images/scene0470_00/00137.jpg",
      "transform_matrix": [
        [
          -0.549693,
          0.395751,
          -0.735676,
          1.568745
        ],
        [
          0.834526,
          0.299664,
          -0.462351,
          1.718474
        ],
        [
          0.03748,
          -0.868092,
          -0.494987,
          1.360393
        ],
        [
          0.0,
          0.0,
          0.0,
          1.0
        ]
      ]
    },
    {
      "file_path": "/media/NFS/ttao/scannet/posed_images/scene0470_00/00138.jpg",
      "transform_matrix": [
        [
          -0.554493,
          0.391843,
          -0.734164,
          1.55935
        ],
        [
          0.831014,
          0.307578,
          -0.463478,
          1.709777
        ],
        [
          0.044201,
          -0.867096,
          -0.496177,
          1.361118
        ],
        [
          0.0,
          0.0,
          0.0,
          1.0
        ]
      ]
    },
    {
      "file_path": "/media/NFS/ttao/scannet/posed_images/scene0470_00/00142.jpg",
      "transform_matrix": [
        [
          -0.590891,
          0.367177,
          -0.718351,
          1.527046
        ],
        [
          0.804766,
          0.330691,
          -0.492945,
          1.683375
        ],
        [
          0.056554,
          -0.869382,
          -0.490894,
          1.35365
        ],
        [
          0.0,
          0.0,
          0.0,
          1.0
        ]
      ]
    },
    {
      "file_path": "/media/NFS/ttao/scannet/posed_images/scene0470_00/00143.jpg",
      "transform_matrix": [
        [
          -0.599097,
          0.364984,
          -0.712649,
          1.5186
        ],
        [
          0.798618,
          0.336166,
          -0.4992,
          1.674832
        ],
        [
          0.057368,
          -0.868204,
          -0.492879,
          1.352676
        ],
        [
          0.0,
          0.0,
          0.0,
          1.0
        ]
      ]
    },
    {
      "file_path": "/media/NFS/ttao/scannet/posed_images/scene0470_00/00145.jpg",
      "transform_matrix": [
        [
          -0.615563,
          0.363973,
          -0.699003,
          1.501891
        ],
        [
          0.786451,
          0.340828,
          -0.515102,
          1.663404
        ],
        [
          0.050756,
          -0.86681,
          -0.496048,
          1.348866
        ],
        [
          0.0,
          0.0,
          0.0,
          1.0
        ]
      ]
    },
    {
      "file_path": "/media/NFS/ttao/scannet/posed_images/scene0470_00/00149.jpg",
      "transform_matrix": [
        [
          -0.655402,
          0.341847,
          -0.67349,
          1.472411
        ],
        [
          0.754949,
          0.322905,
          -0.570775,
          1.640202
        ],
        [
          0.022355,
          -0.882538,
          -0.46971,
          1.345476
        ],
        [
          0.0,
          0.0,
          0.0,
          1.0
        ]
      ]
    },
    {
      "file_path": "/media/NFS/ttao/scannet/posed_images/scene0470_00/00152.jpg",
      "transform_matrix": [
        [
          -0.666088,
          0.332743,
          -0.667539,
          1.464503
        ],
        [
          0.74554,
          0.323761,
          -0.582537,
          1.616192
        ],
        [
          0.022288,
          -0.885698,
          -0.463727,
          1.350313
        ],
        [
          0.0,
          0.0,
          0.0,
          1.0
        ]
      ]
    },
    {
      "file_path": "/media/NFS/ttao/scannet/posed_images/scene0470_00/00153.jpg",
      "transform_matrix": [
        [
          -0.66713,
          0.33534,
          -0.665195,
          1.459479
        ],
        [
          0.744599,
          0.327235,
          -0.581798,
          1.611354
        ],
        [
          0.022575,
          -0.883439,
          -0.468002,
          1.350294
        ],
        [
          0.0,
          0.0,
          0.0,
          1.0
        ]
      ]
    },
    {
      "file_path": "/media/NFS/ttao/scannet/posed_images/scene0470_00/00156.jpg",
      "transform_matrix": [
        [
          -0.678005,
          0.339534,
          -0.651939,
          1.447232
        ],
        [
          0.734908,
          0.330981,
          -0.591914,
          1.599303
        ],
        [
          0.014804,
          -0.880436,
          -0.473933,
          1.349676
        ],
        [
          0.0,
          0.0,
          0.0,
          1.0
        ]
      ]
    },
    {
      "file_path": "/media/NFS/ttao/scannet/posed_images/scene0470_00/00159.jpg",
      "transform_matrix": [
        [
          -0.690713,
          0.333483,
          -0.641642,
          1.434677
        ],
        [
          0.72305,
          0.331562,
          -0.606024,
          1.595473
        ],
        [
          0.010645,
          -0.882528,
          -0.47014,
          1.348312
        ],
        [
          0.0,
          0.0,
          0.0,
          1.0
        ]
      ]
    },
    {
      "file_path": "/media/NFS/ttao/scannet/posed_images/scene0470_00/00160.jpg",
      "transform_matrix": [
        [
          -0.692098,
          0.329923,
          -0.64199,
          1.435693
        ],
        [
          0.721588,
          0.337976,
          -0.604221,
          1.593116
        ],
        [
          0.017631,
          -0.881432,
          -0.471981,
          1.340985
        ],
        [
          0.0,
          0.0,
          0.0,
          1.0
        ]
      ]
    },
    {
      "file_path": "/media/NFS/ttao/scannet/posed_images/scene0470_00/00163.jpg",
      "transform_matrix": [
        [
          -0.69781,
          0.343718,
          -0.628426,
          1.420291
        ],
        [
          0.715532,
          0.37466,
          -0.589613,
          1.589884
        ],
        [
          0.032785,
          -0.861097,
          -0.507383,
          1.334247
        ],
        [
          0.0,
          0.0,
          0.0,
          1.0
        ]
      ]
    },
    {
      "file_path": "/media/NFS/ttao/scannet/posed_images/scene0470_00/00165.jpg",
      "transform_matrix": [
        [
          -0.707237,
          0.339757,
          -0.619985,
          1.412197
        ],
        [
          0.705371,
          0.398175,
          -0.586437,
          1.590625
        ],
        [
          0.047617,
          -0.852069,
          -0.521259,
          1.331489
        ],
        [
          0.0,
          0.0,
          0.0,
          1.0
        ]
      ]
    },
    {
      "file_path": "/media/NFS/ttao/scannet/posed_images/scene0470_00/00167.jpg",
      "transform_matrix": [
        [
          -0.722318,
          0.327342,
          -0.609183,
          1.400768
        ],
        [
          0.689525,
          0.408451,
          -0.5981,
          1.592864
        ],
        [
          0.053039,
          -0.852065,
          -0.520742,
          1.333498
        ],
        [
          0.0,
          0.0,
          0.0,
          1.0
        ]
      ]
    },
    {
      "file_path": "/media/NFS/ttao/scannet/posed_images/scene0470_00/00171.jpg",
      "transform_matrix": [
        [
          -0.753293,
          0.307541,
          -0.58135,
          1.376196
        ],
        [
          0.656102,
          0.412703,
          -0.631828,
          1.599534
        ],
        [
          0.045612,
          -0.857377,
          -0.512664,
          1.34186
        ],
        [
          0.0,
          0.0,
          0.0,
          1.0
        ]
      ]
    },
    {
      "file_path": "/media/NFS/ttao/scannet/posed_images/scene0470_00/00173.jpg",
      "transform_matrix": [
        [
          -0.768297,
          0.300333,
          -0.56526,
          1.360741
        ],
        [
          0.639114,
          0.408753,
          -0.651501,
          1.609041
        ],
        [
          0.035384,
          -0.861812,
          -0.505991,
          1.343961
        ],
        [
          0.0,
          0.0,
          0.0,
          1.0
        ]
      ]
    },
    {
      "file_path": "/media/NFS/ttao/scannet/posed_images/scene0470_00/00176.jpg",
      "transform_matrix": [
        [
          -0.790342,
          0.297662,
          -0.535496,
          1.33058
        ],
        [
          0.612024,
          0.423568,
          -0.667845,
          1.629607
        ],
        [
          0.028027,
          -0.855562,
          -0.516941,
          1.34956
        ],
        [
          0.0,
          0.0,
          0.0,
          1.0
        ]
      ]
    },
    {
      "file_path": "/media/NFS/ttao/scannet/posed_images/scene0470_00/00177.jpg",
      "transform_matrix": [
        [
          -0.796304,
          0.296208,
          -0.527409,
          1.321384
        ],
        [
          0.604211,
          0.430979,
          -0.670213,
          1.63655
        ],
        [
          0.02878,
          -0.85236,
          -0.522163,
          1.349573
        ],
        [
          0.0,
          0.0,
          0.0,
          1.0
        ]
      ]
    },
    {
      "file_path": "/media/NFS/ttao/scannet/posed_images/scene0470_00/00180.jpg",
      "transform_matrix": [
        [
          -0.813761,
          0.264465,
          -0.517543,
          1.284156
        ],
        [
          0.579698,
          0.433292,
          -0.690078,
          1.663272
        ],
        [
          0.041746,
          -0.861578,
          -0.505907,
          1.35812
        ],
        [
          0.0,
          0.0,
          0.0,
          1.0
        ]
      ]
    },
    {
      "file_path": "/media/NFS/ttao/scannet/posed_images/scene0470_00/00182.jpg",
      "transform_matrix": [
        [
          -0.823049,
          0.249066,
          -0.510448,
          1.260925
        ],
        [
          0.56559,
          0.441617,
          -0.696479,
          1.676995
        ],
        [
          0.051953,
          -0.86194,
          -0.504341,
          1.361913
        ],
        [
          0.0,
          0.0,
          0.0,
          1.0
        ]
      ]
    },
    {
      "file_path": "/media/NFS/ttao/scannet/posed_images/scene0470_00/00185.jpg",
      "transform_matrix": [
        [
          -0.837189,
          0.241511,
          -0.4907,
          1.226121
        ],
        [
          0.543434,
          0.468385,
          -0.696631,
          1.703566
        ],
        [
          0.061593,
          -0.849875,
          -0.523373,
          1.358786
        ],
        [
          0.0,
          0.0,
          0.0,
