{
  "frames": [
    {
      "file_path": "/media/NFS/ttao/scannet/posed_images/scene0413_00/00002.jpg",
      "transform_matrix": [
        [
          0.324503,
          0.384803,
          -0.864074,
          3.611348
        ],
        [
          0.945236,
          -0.098094,
          0.311298,
          3.8222
        ],
        [
          0.035028,
          -0.917771,
          -0.395561,
          1.332177
        ],
        [
          0.0,
          0.0,
          0.0,
          1.0
        ]
      ]
    },
    {
      "file_path": "/media/NFS/ttao/scannet/posed_images/scene0413_00/00006.jpg",
      "transform_matrix": [
        [
          0.318561,
          0.39277,
          -0.8627,
          3.613035
        ],
        [
          0.947531,
          -0.106443,
          0.301424,
          3.828105
        ],
        [
          0.026562,
          -0.913456,
          -0.40607,
          1.324822
        ],
        [
          0.0,
          0.0,
          0.0,
          1.0
        ]
      ]
    },
    {
      "file_path": "/media/NFS/ttao/scannet/posed_images/scene0413_00/00015.jpg",
      "transform_matrix": [
        [
          0.353992,
          0.504185,
          -0.78771,
          3.602654
        ],
        [
          0.934904,
          -0.167905,
          0.31267,
          3.853089
        ],
        [
          0.025383,
          -0.847116,
          -0.530801,
          1.279412
        ],
        [
          0.0,
          0.0,
          0.0,
          1.0
        ]
      ]
    },
    {
      "file_path": "/media/NFS/ttao/scannet/posed_images/scene0413_00/00022.jpg",
      "transform_matrix": [
        [
          0.372587,
          0.506754,
          -0.777419,
          3.612951
        ],
        [
          0.927985,
          -0.199068,
          0.314987,
          3.868427
        ],
        [
          0.004861,
          -0.838792,
          -0.54443,
          1.262968
        ],
        [
          0.0,
          0.0,
          0.0,
          1.0
        ]
      ]
    },
    {
      "file_path": "/media/NFS/ttao/scannet/posed_images/scene0413_00/00026.jpg",
      "transform_matrix": [
        [
          0.384174,
          0.498804,
          -0.77692,
          3.620936
        ],
        [
          0.92325,
          -0.203482,
          0.32589,
          3.874071
        ],
        [
          0.004466,
          -0.84249,
          -0.538693,
          1.263122
        ],
        [
          0.0,
          0.0,
          0.0,
          1.0
        ]
      ]
    },
    {
      "file_path": "/media/NFS/ttao/scannet/posed_images/scene0413_00/00032.jpg",
      "transform_matrix": [
        [
          0.410448,
          0.474384,
          -0.778776,
          3.629486
        ],
        [
          0.911838,
          -0.204891,
          0.35577,
          3.884465
        ],
        [
          0.009208,
          -0.856142,
          -0.516658,
          1.272166
        ],
        [
          0.0,
          0.0,
          0.0,
          1.0
        ]
      ]
    },
    {
      "file_path": "/media/NFS/ttao/scannet/posed_images/scene0413_00/00041.jpg",
      "transform_matrix": [
        [
          0.428088,
          0.436421,
          -0.791377,
          3.635615
        ],
        [
          0.903694,
          -0.198152,
          0.37957,
          3.894598
        ],
        [
          0.00884,
          -0.877652,
          -0.479218,
          1.289025
        ],
        [
          0.0,
          0.0,
          0.0,
          1.0
        ]
      ]
    },
    {
      "file_path": "/media/NFS/ttao/scannet/posed_images/scene0413_00/00043.jpg",
      "transform_matrix": [
        [
          0.429901,
          0.433818,
          -0.791825,
          3.634486
        ],
        [
          0.902811,
          -0.196039,
          0.382755,
          3.895684
        ],
        [
          0.010817,
          -0.879415,
          -0.475933,
          1.291682
        ],
        [
          0.0,
          0.0,
          0.0,
          1.0
        ]
      ]
    },
    {
      "file_path": "/media/NFS/ttao/scannet/posed_images/scene0413_00/00048.jpg",
      "transform_matrix": [
        [
          0.423979,
          0.397272,
          -0.81389,
          3.632192
        ],
        [
          0.905672,
          -0.184906,
          0.381535,
          3.899087
        ],
        [
          0.00108,
          -0.89888,
          -0.438194,
          1.308885
        ],
        [
          0.0,
          0.0,
          0.0,
          1.0
        ]
      ]
    },
    {
      "file_path": "/media/NFS/ttao/scannet/posed_images/scene0413_00/00059.jpg",
      "transform_matrix": [
        [
          0.38972,
          0.317554,
          -0.864452,
          3.629633
        ],
        [
          0.92093,
          -0.136979,
          0.364863,
          3.890517
        ],
        [
          -0.002549,
          -0.938294,
          -0.345828,
          1.33904
        ],
        [
          0.0,
          0.0,
          0.0,
          1.0
        ]
      ]
    },
    {
      "file_path": "/media/NFS/ttao/scannet/posed_images/scene0413_00/00065.jpg",
      "transform_matrix": [
        [
          0.36557,
          0.327896,
          -0.871116,
          3.617333
        ],
        [
          0.930713,
          -0.140389,
          0.337736,
          3.880462
        ],
        [
          -0.011553,
          -0.934224,
          -0.356499,
          1.344501
        ],
        [
          0.0,
          0.0,
          0.0,
          1.0
        ]
      ]
    },
    {
      "file_path": "/media/NFS/ttao/scannet/posed_images/scene0413_00/00067.jpg",
      "transform_matrix": [
        [
          0.363516,
          0.324866,
          -0.873108,
          3.606766
        ],
        [
          0.931454,
          -0.142665,
          0.334725,
          3.874533
        ],
        [
          -0.015821,
          -0.934938,
          -0.354459,
          1.351778
        ],
        [
          0.0,
          0.0,
          0.0,
          1.0
        ]
      ]
    },
    {
      "file_path": "/media/NFS/ttao/scannet/posed_images/scene0413_00/00078.jpg",
      "transform_matrix": [
        [
          0.353755,
          0.329583,
          -0.875347,
          3.577232
        ],
        [
          0.934862,
          -0.094738,
          0.342137,
          3.810266
        ],
        [
          0.029834,
          -0.939361,
          -0.341629,
          1.346885
        ],
        [
          0.0,
          0.0,
          0.0,
          1.0
        ]
      ]
    },
    {
      "file_path": "/media/NFS/ttao/scannet/posed_images/scene0413_00/00082.jpg",
      "transform_matrix": [
        [
          0.39035,
          0.341538,
          -0.854973,
          3.569652
        ],
        [
          0.920608,
          -0.13432,
          0.366659,
          3.793002
        ],
        [
          0.010388,
          -0.93022,
          -0.366854,
          1.338648
        ],
        [
          0.0,
          0.0,
          0.0,
          1.0
        ]
      ]
    },
    {
      "file_path": "/media/NFS/ttao/scannet/posed_images/scene0413_00/00085.jpg",
      "transform_matrix": [
        [
          0.40345,
          0.354255,
          -0.843642,
          3.569004
        ],
        [
          0.914999,
          -0.158551,
          0.370998,
          3.78689
        ],
        [
          -0.002332,
          -0.92161,
          -0.38811,
          1.328377
        ],
        [
          0.0,
          0.0,
          0.0,
          1.0
        ]
      ]
    },
    {
      "file_path": "/media/NFS/ttao/scannet/posed_images/scene0413_00/00096.jpg",
      "transform_matrix": [
        [
          0.482625,
          0.431867,
          -0.761948,
          3.594016
        ],
        [
          0.875381,
          -0.265647,
          0.403907,
          3.789044
        ],
        [
          -0.027976,
          -0.86193,
          -0.506256,
          1.268596
        ],
        [
          0.0,
          0.0,
          0.0,
          1.0
        ]
      ]
    },
    {
      "file_path": "/media/NFS/ttao/scannet/posed_images/scene0413_00/00100.jpg",
      "transform_matrix": [
        [
          0.473323,
          0.435791,
          -0.76554,
          3.618168
        ],
        [
          0.880818,
          -0.245153,
          0.405043,
          3.7835
        ],
        [
          -0.01116,
          -0.866018,
          -0.499889,
          1.26311
        ],
        [
          0.0,
          0.0,
          0.0,
          1.0
        ]
      ]
    },
    {
      "file_path": "/media/NFS/ttao/scannet/posed_images/scene0413_00/00106.jpg",
      "transform_matrix": [
        [
          0.508101,
          0.414328,
          -0.755093,
          3.661593
        ],
        [
          0.860924,
          -0.270122,
          0.431095,
          3.764596
        ],
        [
          -0.025353,
          -0.869118,
          -0.493954,
          1.257737
        ],
        [
          0.0,
          0.0,
          0.0,
          1.0
        ]
      ]
    },
    {
      "file_path": "/media/NFS/ttao/scannet/posed_images/scene0413_00/00109.jpg",
      "transform_matrix": [
        [
          0.526558,
          0.415955,
          -0.741429,
          3.673224
        ],
        [
          0.849784,
          -0.282742,
          0.444888,
          3.756437
        ],
        [
          -0.02458,
          -0.864314,
          -0.502352,
          1.256998
        ],
        [
          0.0,
          0.0,
          0.0,
          1.0
        ]
      ]
    },
    {
      "file_path": "/media/NFS/ttao/scannet/posed_images/scene0413_00/00119.jpg",
      "transform_matrix": [
        [
          0.658514,
          0.37654,
          -0.651596,
          3.685836
        ],
        [
          0.751688,
          -0.370983,
          0.545287,
          3.704576
        ],
        [
          -0.036409,
          -0.848875,
          -0.527338,
          1.230652
        ],
        [
          0.0,
          0.0,
          0.0,
          1.0
        ]
      ]
    },
    {
      "file_path": "/media/NFS/ttao/scannet/posed_images/scene0413_00/00122.jpg",
      "transform_matrix": [
        [
          0.6792,
          0.374497,
          -0.631221,
          3.679633
        ],
        [
          0.733272,
          -0.383301,
          0.561599,
          3.693176
        ],
        [
          -0.03163,
          -0.844294,
          -0.534946,
          1.23574
        ],
        [
          0.0,
          0.0,
          0.0,
          1.0
        ]
      ]
    },
    {
      "file_path": "/media/NFS/ttao/scannet/posed_images/scene0413_00/00130.jpg",
      "transform_matrix": [
        [
          0.749909,
          0.348061,
          -0.562574,
          3.665656
        ],
        [
          0.661541,
          -0.394214,
          0.637934,
          3.619201
        ],
        [
          0.000265,
          -0.850558,
          -0.525882,
          1.231105
        ],
        [
          0.0,
          0.0,
          0.0,
          1.0
        ]
      ]
    },
    {
      "file_path": "/media/NFS/ttao/scannet/posed_images/scene0413_00/00135.jpg",
      "transform_matrix": [
        [
          0.787027,
          0.318449,
          -0.528373,
          3.657657
        ],
        [
          0.616822,
          -0.421308,
          0.664854,
          3.576488
        ],
        [
          -0.010886,
          -0.84917,
          -0.528007,
          1.244416
        ],
        [
          0.0,
          0.0,
          0.0,
          1.0
        ]
      ]
    },
    {
      "file_path": "/media/NFS/ttao/scannet/posed_images/scene0413_00/00141.jpg",
      "transform_matrix": [
        [
          0.830654,
          0.29268,
          -0.473658,
          3.646136
        ],
        [
          0.556785,
          -0.433657,
          0.708472,
          3.55765
        ],
        [
          0.001951,
          -0.852221,
          -0.523179,
          1.259847
        ],
        [
          0.0,
          0.0,
          0.0,
          1.0
        ]
      ]
    },
    {
      "file_path": "/media/NFS/ttao/scannet/posed_images/scene0413_00/00152.jpg",
      "transform_matrix": [
        [
          0.934017,
          0.199883,
          -0.296071,
          3.567302
        ],
        [
          0.356353,
          -0.463407,
          0.811336,
          3.519529
        ],
        [
          0.024971,
          -0.863308,
          -0.504059,
          1.27696
        ],
        [
          0.0,
          0.0,
          0.0,
          1.0
        ]
      ]
    },
    {
      "file_path": "/media/NFS/ttao/scannet/posed_images/scene0413_00/00158.jpg",
      "transform_matrix": [
        [
          0.969023,
          0.135269,
          -0.20663,
          3.521215
        ],
        [
          0.245763,
          -0.445556,
          0.86086,
          3.49769
        ],
        [
          0.024382,
          -0.884976,
          -0.464998,
          1.285497
        ],
        [
          0.0,
          0.0,
          0.0,
          1.0
        ]
      ]
    },
    {
      "file_path": "/media/NFS/ttao/scannet/posed_images/scene0413_00/00163.jpg",
      "transform_matrix": [
        [
          0.976736,
          0.126806,
          -0.172936,
          3.485172
        ],
        [
          0.210327,
          -0.409203,
          0.887872,
          3.472119
        ],
        [
          0.041821,
          -0.903589,
          -0.426354,
          1.291073
        ],
        [
          0.0,
          0.0,
          0.0,
          1.0
        ]
      ]
    },
    {
      "file_path": "/media/NFS/ttao/scannet/posed_images/scene0413_00/00169.jpg",
      "transform_matrix": [
        [
          0.979431,
          0.116885,
          -0.164479,
          3.469503
        ],
        [
          0.196373,
          -0.364691,
          0.910186,
          3.458344
        ],
        [
          0.046404,
          -0.923763,
          -0.380142,
          1.309376
        ],
        [
          0.0,
          0.0,
          0.0,
          1.0
        ]
      ]
    },
    {
      "file_path": "/media/NFS/ttao/scannet/posed_images/scene0413_00/00172.jpg",
      "transform_matrix": [
        [
          0.980699,
          0.115036,
          -0.158103,
          3.465004
        ],
        [
          0.188343,
          -0.33865,
          0.92187,
          3.45404
        ],
        [
          0.052506,
          -0.933854,
          -0.353779,
          1.325966
        ],
        [
          0.0,
          0.0,
          0.0,
          1.0
        ]
      ]
    },
    {
      "file_path": "/media/NFS/ttao/scannet/posed_images/scene0413_00/00182.jpg",
      "transform_matrix": [
        [
          0.997557,
          0.049302,
          -0.049487,
          3.461322
        ],
        [
          0.061106,
          -0.272622,
          0.960179,
          3.442286
        ],
        [
          0.033848,
          -0.960857,
          -0.274969,
          1.368977
        ],
        [
          0.0,
          0.0,
          0.0,
          1.0
        ]
      ]
    },
    {
      "file_path": "/media/NFS/ttao/scannet/posed_images/scene0413_00/00185.jpg",
      "transform_matrix": [
        [
          0.998308,
          0.042105,
          -0.040109,
          3.465832
        ],
        [
          0.049813,
          -0.263303,
          0.963426,
          3.441635
        ],
        [
          0.030005,
          -0.963794,
          -0.264955,
          1.371857
        ],
        [
          0.0,
          0.0,
          0.0,
          1.0
        ]
      ]
    },
    {
      "file_path": "/media/NFS/ttao/scannet/posed_images/scene0413_00/00193.jpg",
      "transform_matrix": [
        [
          0.999786,
          0.02066,
          1.2e-05,
          3.478798
        ],
        [
          0.006037,
          -0.29271,
          0.956182,
          3.450342
        ],
        [
          0.019758,
          -0.955978,
          -0.292773,
          1.364435
        ],
        [
          0.0,
          0.0,
          0.0,
          1.0
        ]
      ]
    },
    {
      "file_path": "/media/NFS/ttao/scannet/posed_images/scene0413_00/00200.jpg",
      "transform_matrix": [
        [
          0.999308,
          -0.003361,
          0.037037,
          3.494514
        ],
        [
          -0.036095,
          -0.327524,
          0.944153,
          3.460311
        ],
        [
          0.008957,
          -0.944837,
          -0.327419,
          1.347435
        ],
        [
          0.0,
          0.0,
          0.0,
          1.0
        ]
      ]
    },
    {
      "file_path": "/media/NFS/ttao/scannet/posed_images/scene0413_00/00202.jpg",
      "transform_matrix": [
        [
          0.998718,
          -0.012304,
          0.049106,
          3.499955
        ],
        [
          -0.050325,
          -0.34664,
          0.936647,
          3.465812
        ],
        [
          0.005497,
          -0.937917,
          -0.346815,
          1.344996
        ],
        [
          0.0,
          0.0,
          0.0,
          1.0
        ]
      ]
    },
    {
      "file_path": "/media/NFS/ttao/scannet/posed_images/scene0413_00/00213.jpg",
      "transform_matrix": [
        [
          0.993924,
          -0.041998,
          0.101737,
          3.518346
        ],
        [
          -0.11003,
          -0.402442,
          0.908809,
          3.481954
        ],
        [
          0.002775,
          -0.914482,
          -0.404618,
          1.317943
        ],
        [
          0.0,
          0.0,
          0.0,
          1.0
        ]
      ]
    },
    {
      "file_path": "/media/NFS/ttao/scannet/posed_images/scene0413_00/00217.jpg",
      "transform_matrix": [
        [
          0.993389,
          -0.046748,
          0.104846,
          3.520077
        ],
        [
          -0.114787,
          -0.415815,
          0.902176,
          3.484386
        ],
        [
          0.001421,
          -0.908247,
          -0.418432,
          1.316024
        ],
        [
          0.0,
          0.0,
          0.0,
          1.0
        ]
      ]
    },
    {
      "file_path": "/media/NFS/ttao/scannet/posed_images/scene0413_00/00221.jpg",
      "transform_matrix": [
        [
          0.99329,
          -0.050648,
          0.103971,
          3.519478
        ],
        [
          -0.11564,
          -0.422054,
          0.899166,
          3.488448
        ],
        [
          -0.001659,
          -0.905155,
          -0.425079,
          1.315686
        ],
        [
          0.0,
          0.0,
          0.0,
          1.0
        ]
      ]
    },
    {
      "file_path": "/media/NFS/ttao/scannet/posed_images/scene0413_00/00230.jpg",
      "transform_matrix": [
        [
          0.990103,
          -0.060311,
          0.126719,
          3.523845
        ],
        [
          -0.140314,
          -0.408355,
          0.901975,
          3.486424
        ],
        [
          -0.002653,
          -0.910829,
          -0.412776,
          1.323344
        ],
        [
          0.0,
          0.0,
          0.0,
          1.0
        ]
      ]
    },
    {
      "file_path": "/media/NFS/ttao/scannet/posed_images/scene0413_00/00237.jpg",
      "transform_matrix": [
        [
          0.98443,
          -0.066715,
          0.162625,
          3.532321
        ],
        [
          -0.175757,
          -0.359583,
          0.916411,
          3.486866
        ],
        [
          -0.002662,
          -0.930725,
          -0.365709,
          1.344365
        ],
        [
          0.0,
          0.0,
          0.0,
          1.0
        ]
      ]
    },
    {
      "file_path": "/media/NFS/ttao/scannet/posed_images/scene0413_00/00245.jpg",
      "transform_matrix": [
        [
          0.982909,
          -0.050986,
          0.17689,
          3.536028
        ],
        [
          -0.184076,
          -0.284612,
          0.940804,
          3.481137
        ],
        [
          0.002377,
          -0.957286,
          -0.289133,
          1.372744
        ],
        [
          0.0,
          0.0,
          0.0,
          1.0
        ]
      ]
    },
    {
      "file_path": "/media/NFS/ttao/scannet/posed_images/scene0413_00/00248.jpg",
      "transform_matrix": [
        [
          0.982954,
          -0.045055,
          0.178244,
          3.536063
        ],
        [
          -0.1838,
          -0.263424,
          0.947009,
          3.481106
        ],
        [
          0.004286,
          -0.963628,
          -0.267214,
          1.382214
        ],
        [
          0.0,
          0.0,
          0.0,
          1.0
        ]
      ]
    },
    {
      "file_path": "/media/NFS/ttao/scannet/posed_images/scene0413_00/00254.jpg",
      "transform_matrix": [
        [
          0.981657,
          -0.035546,
          0.187312,
          3.536596
        ],
        [
          -0.190382,
          -0.235275,
          0.9531,
          3.482972
        ],
        [
          0.010191,
          -0.971278,
          -0.237727,
          1.407485
        ],
        [
          0.0,
          0.0,
          0.0,
          1.0
        ]
      ]
    },
    {
      "file_path": "/media/NFS/ttao/scannet/posed_images/scene0413_00/00260.jpg",
      "transform_matrix": [
        [
          0.980448,
          -0.029852,
          0.194499,
          3.537764
        ],
        [
          -0.196289,
          -0.217918,
          0.956025,
          3.479855
        ],
        [
          0.013846,
          -0.975511,
          -0.219517,
          1.411472
        ],
        [
          0.0,
          0.0,
          0.0,
          1.0
        ]
      ]
    },
    {
      "file_path": "/media/NFS/ttao/scannet/posed_images/scene0413_00/00265.jpg",
      "transform_matrix": [
        [
          0.980696,
          -0.028621,
          0.193433,
          3.538714
        ],
        [
          -0.19532,
          -0.190264,
          0.962107,
          3.478182
        ],
        [
          0.009267,
          -0.981316,
          -0.192182,
          1.424931
        ],
        [
          0.0,
          0.0,
          0.0,
          1.0
        ]
      ]
    },
    {
      "file_path": "/media/NFS/ttao/scannet/posed_images/scene0413_00/00274.jpg",
      "transform_matrix": [
        [
          0.975814,
          -0.021503,
          0.217543,
          3.541048
        ],
        [
          -0.218583,
          -0.10949,
          0.969657,
          3.46988
        ],
        [
          0.002969,
          -0.993755,
          -0.111542,
          1.461453
        ],
        [
          0.0,
          0.0,
          0.0,
          1.0
        ]
      ]
    },
    {
      "file_path": "/media/NFS/ttao/scannet/posed_images/scene0413_00/00282.jpg",
      "transform_matrix": [
        [
          0.975588,
          -0.000256,
          0.219608,
          3.537227
        ],
        [
          -0.219344,
          -0.050173,
          0.974357,
          3.458919
        ],
        [
          0.010769,
          -0.998741,
          -0.049004,
          1.483456
        ],
        [
          0.0,
          0.0,
          0.0,
          1.0
        ]
      ]
    },
    {
      "file_path": "/media/NFS/ttao/scannet/posed_images/scene0413_00/00284.jpg",
      "transform_matrix": [
        [
          0.975826,
          0.003318,
          0.218524,
          3.536024
        ],
        [
          -0.218227,
          -0.039478,
          0.975099,
          3.457126
        ],
        [
          0.011862,
          -0.999215,
          -0.0378,
          1.487314
        ],
        [
          0.0,
          0.0,
          0.0,
          1.0
        ]
      ]
    },
    {
      "file_path": "/media/NFS/ttao/scannet/posed_images/scene0413_00/00293.jpg",
      "transform_matrix": [
        [
          0.977072,
          0.027596,
          0.211112,
          3.529982
        ],
        [
          -0.211778,
          0.023912,
          0.977026,
          3.450798
        ],
        [
          0.021914,
          -0.999333,
          0.029208,
          1.492473
        ],
        [
          0.0,
          0.0,
          0.0,
          1.0
        ]
      ]
    },
    {
      "file_path": "/media/NFS/ttao/scannet/posed_images/scene0413_00/00297.jpg",
      "transform_matrix": [
        [
          0.977176,
          0.027765,
          0.21061,
          3.528853
        ],
        [
          -0.211321,
          0.025757,
          0.977078,
          3.45111
        ],
        [
          0.021704,
          -0.999283,
          0.031036,
          1.492389
        ],
        [
          0.0,
          0.0,
          0.0,
          1.0
        ]
      ]
    },
    {
      "file_path": "/media/NFS/ttao/scannet/posed_images/scene0413_00/00302.jpg",
      "transform_matrix": [
        [
          0.977608,
          0.025173,
          0.208922,
          3.527791
        ],
        [
          -0.209895,
          0.045738,
          0.976654,
          3.44848
        ],
        [
          0.01503,
          -0.998636,
          0.049998,
          1.492123
        ],
        [
          0.0,
          0.0,
          0.0,
          1.0
        ]
      ]
    },
    {
      "file_path": "/media/NFS/ttao/scannet/posed_images/scene0413_00/00310.jpg",
      "transform_matrix": [
        [
          0.975208,
          0.051402,
          0.215236,
          3.525851
        ],
        [
          -0.219312,
          0.094776,
          0.971041,
          3.435786
        ],
        [
          0.029514,
          -0.994171,
          0.103699,
          1.502542
        ],
        [
          0.0,
          0.0,
          0.0,
          1.0
        ]
      ]
    },
    {
      "file_path": "/media/NFS/ttao/scannet/posed_images/scene0413_00/00317.jpg",
      "transform_matrix": [
        [
          0.97237,
          0.062936,
          0.224802,
          3.524289
        ],
        [
          -0.230218,
          0.098967,
          0.968094,
          3.43233
        ],
        [
          0.03868,
          -0.993099,
          0.110721,
          1.502676
        ],
        [
          0.0,
          0.0,
          0.0,
          1.0
        ]
      ]
    },
    {
      "file_path": "/media/NFS/ttao/scannet/posed_images/scene0413_00/00323.jpg",
      "transform_matrix": [
        [
          0.974573,
          0.059971,
          0.215894,
          3.523207
        ],
        [
          -0.220838,
          0.094072,
          0.970763,
          3.430401
        ],
        [
          0.037908,
          -0.993758,
          0.104923,
          1.504319
        ],
        [
          0.0,
          0.0,
          0.0,
          1.0
        ]
      ]
    },
    {
      "file_path": "/media/NFS/ttao/scannet/posed_images/scene0413_00/00330.jpg",
      "transform_matrix": [
        [
          0.974161,
          0.048395,
          0.22061,
          3.529635
        ],
        [
          -0.222629,
          0.041239,
          0.974031,
          3.437166
        ],
        [
          0.03804,
          -0.997977,
          0.050948,
          1.494196
        ],
        [
          0.0,
          0.0,
          0.0,
          1.0
        ]
      ]
    },
    {
      "file_path": "/media/NFS/ttao/scannet/posed_images/scene0413_00/00332.jpg",
      "transform_matrix": [
        [
          0.973381,
          0.041441,
          0.225416,
          3.532165
        ],
        [
          -0.226083,
          0.01212,
          0.974033,
          3.444056
        ],
        [
          0.037633,
          -0.999067,
          0.021166,
          1.482302
        ],
        [
          0.0,
          0.0,
          0.0,
          1.0
        ]
      ]
    },
    {
      "file_path": "/media/NFS/ttao/scannet/posed_images/scene0413_00/00339.jpg",
      "transform_matrix": [
        [
          0.974397,
          0.005361,
          0.22477,
          3.543036
        ],
        [
          -0.223363,
          -0.09112,
          0.970467,
          3.459248
        ],
        [
          0.025683,
          -0.995825,
          -0.087589,
          1.447385
        ],
        [
          0.0,
          0.0,
          0.0,
          1.0
        ]
      ]
    },
    {
      "file_path": "/media/NFS/ttao/scannet/posed_images/scene0413_00/00347.jpg",
      "transform_matrix": [
        [
          0.963001,
          -0.034999,
          0.267217,
          3.550077
        ],
        [
          -0.267828,
          -0.234556,
          0.934479,
          3.487557
        ],
        [
          0.029971,
          -0.971472,
          -0.235252,
          1.376434
        ],
        [
          0.0,
          0.0,
          0.0,
          1.0
        ]
      ]
    },
    {
      "file_path": "/media/NFS/ttao/scannet/posed_images/scene0413_00/00350.jpg",
      "transform_matrix": [
        [
          0.964875,
          -0.034178,
          0.260478,
          3.550468
        ],
        [
          -0.259969,
          -0.267085,
          0.927945,
          3.492804
        ],
        [
          0.037854,
          -0.963067,
          -0.266589,
          1.351601
        ],
        [
          0.0,
          0.0,
          0.0,
          1.0
        ]
      ]
    },
    {
      "file_path": "/media/NFS/ttao/scannet/posed_images/scene0413_00/00358.jpg",
      "transform_matrix": [
        [
          0.976853,
          -0.036526,
          0.210768,
          3.53291
        ],
        [
          -0.209528,
          -0.361791,
          0.908408,
          3.508916
        ],
        [
          0.043074,
          -0.931544,
          -0.36107,
          1.316556
        ],
        [
          0.0,
          0.0,
          0.0,
          1.0
        ]
      ]
    },
    {
      "file_path": "/media/NFS/ttao/scannet/posed_images/scene0413_00/00367.jpg",
      "transform_matrix": [
        [
          0.993359,
          -0.015963,
          0.11394,
          3.506581
        ],
        [
          -0.110801,
          -0.399477,
          0.910023,
          3.525446
        ],
        [
          0.03099,
          -0.916604,
          -0.398593,
          1.293905
        ],
        [
          0.0,
          0.0,
          0.0,
          1.0
        ]
      ]
    },
    {
      "file_path": "/media/NFS/ttao/scannet/posed_images/scene0413_00/00371.jpg",
      "transform_matrix": [
        [
          0.996536,
          -0.00037,
          0.083162,
          3.499819
        ],
        [
          -0.076665,
          -0.391585,
          0.916943,
          3.535598
        ],
        [
          0.032226,
          -0.920142,
          -0.390257,
          1.293725
        ],
        [
          0.0,
          0.0,
          0.0,
          1.0
        ]
      ]
    },
    {
      "file_path": "/media/NFS/ttao/scannet/posed_images/scene0413_00/00376.jpg",
      "transform_matrix": [
        [
          0.99971,
          0.012201,
          0.020744,
          3.492634
        ],
        [
          -0.014223,
          -0.39579,
          0.918231,
          3.568755
        ],
        [
          0.019414,
          -0.91826,
          -0.395501,
          1.288471
        ],
        [
          0.0,
          0.0,
          0.0,
          1.0
        ]
      ]
    },
    {
      "file_path": "/media/NFS/ttao/scannet/posed_images/scene0413_00/00384.jpg",
      "transform_matrix": [
        [
          0.983333,
          0.0564,
          -0.172847,
          3.494776
        ],
        [
          0.181594,
          -0.351657,
          0.918347,
          3.641999
        ],
        [
          -0.008989,
          -0.934429,
          -0.356038,
          1.302227
        ],
        [
          0.0,
          0.0,
          0.0,
          1.0
        ]
      ]
    },
    {
      "file_path": "/media/NFS/ttao/scannet/posed_images/scene0413_00/00393.jpg",
      "transform_matrix": [
        [
          0.950868,
          0.08157,
          -0.298656,
          3.523531
        ],
        [
          0.308156,
          -0.342274,
          0.887631,
          3.759618
        ],
        [
          -0.029819,
          -0.936053,
          -0.350594,
          1.320789
        ],
        [
          0.0,
          0.0,
          0.0,
          1.0
        ]
      ]
    },
    {
      "file_path": "/media/NFS/ttao/scannet/posed_images/scene0413_00/00395.jpg",
      "transform_matrix": [
        [
          0.946739,
          0.086268,
          -0.31023,
          3.526025
        ],
        [
          0.320612,
          -0.341954,
          0.883332,
          3.776197
        ],
        [
          -0.029882,
          -0.935748,
          -0.3514,
          1.322441
        ],
        [
          0.0,
          0.0,
          0.0,
          1.0
        ]
      ]
    },
    {
      "file_path": "/media/NFS/ttao/scannet/posed_images/scene0413_00/00400.jpg",
      "transform_matrix": [
        [
          0.947418,
          0.096942,
          -0.304961,
          3.530252
        ],
        [
          0.319294,
          -0.349613,
          0.880808,
          3.823387
        ],
        [
          -0.021231,
          -0.931865,
          -0.362183,
          1.318561
        ],
        [
          0.0,
          0.0,
          0.0,
          1.0
        ]
      ]
    },
    {
      "file_path": "/media/NFS/ttao/scannet/posed_images/scene0413_00/00412.jpg",
      "transform_matrix": [
        [
          0.96722,
          0.071138,
          -0.243771,
          3.466234
        ],
        [
          0.253533,
          -0.324758,
          0.911183,
          3.972795
        ],
        [
          -0.014347,
          -0.943118,
          -0.332148,
          1.325579
        ],
        [
          0.0,
          0.0,
          0.0,
          1.0
        ]
      ]
    },
    {
      "file_path": "/media/NFS/ttao/scannet/posed_images/scene0413_00/00417.jpg",
      "transform_matrix": [
        [
          0.96963,
          0.074173,
          -0.233056,
          3.420779
        ],
        [
          0.24454,
          -0.310104,
          0.918714,
          4.054469
        ],
        [
          -0.004127,
          -0.947805,
          -0.318825,
          1.340093
        ],
        [
          0.0,
          0.0,
          0.0,
          1.0
        ]
      ]
    },
    {
      "file_path": "/media/NFS/ttao/scannet/posed_images/scene0413_00/00423.jpg",
      "transform_matrix": [
        [
          0.975117,
          0.087639,
          -0.203633,
          3.397171
        ],
        [
          0.221562,
          -0.353867,
          0.908674,
          4.150192
        ],
        [
          0.007576,
          -0.931181,
          -0.364479,
          1.326336
        ],
        [
          0.0,
          0.0,
          0.0,
          1.0
        ]
      ]
    },
    {
      "file_path": "/media/NFS/ttao/scannet/posed_images/scene0413_00/00425.jpg",
      "transform_matrix": [
        [
          0.973911,
          0.089712,
          -0.208443,
          3.393022
        ],
        [
          0.22685,
          -0.360659,
          0.90469,
          4.17563
        ],
        [
          0.005985,
          -0.928373,
          -0.371601,
          1.319752
        ],
        [
          0.0,
          0.0,
          0.0,
          1.0
        ]
      ]
    },
    {
      "file_path": "/media/NFS/ttao/scannet/posed_images/scene0413_00/00436.jpg",
      "transform_matrix": [
        [
          0.961647,
          0.122408,
          -0.24546,
          3.398661
        ],
        [
          0.274016,
          -0.388855,
          0.879607,
          4.397602
        ],
        [
          0.012223,
          -0.913131,
          -0.407483,
          1.306091
        ],
        [
          0.0,
          0.0,
          0.0,
          1.0
        ]
      ]
    },
    {
      "file_path": "/media/NFS/ttao/scannet/posed_images/scene0413_00/00438.jpg",
      "transform_matrix": [
        [
          0.961182,
          0.127891,
          -0.244487,
          3.398576
        ],
        [
          0.275441,
          -0.392737,
          0.877434,
          4.428455
        ],
        [
          0.016197,
          -0.910715,
          -0.412718,
          1.306724
        ],
        [
          0.0,
          0.0,
          0.0,
          1.0
        ]
      ]
    },
    {
      "file_path": "/media/NFS/ttao/scannet/posed_images/scene0413_00/00443.jpg",
      "transform_matrix": [
        [
          0.94924,
          0.153121,
          -0.274768,
          3.395468
        ],
        [
          0.313779,
          -0.399734,
          0.861252,
          4.508929
        ],
        [
          0.022042,
          -0.903752,
          -0.427489,
          1.300053
        ],
        [
          0.0,
          0.0,
          0.0,
          1.0
        ]
      ]
    },
    {
      "file_path": "/media/NFS/ttao/scannet/posed_images/scene0413_00/00454.jpg",
      "transform_matrix": [
        [
          0.970389,
          0.096246,
          -0.221543,
          3.36554
        ],
        [
          0.240117,
          -0.284737,
          0.928046,
          4.688283
        ],
        [
          0.026239,
          -0.953762,
          -0.299416,
          1.343622
        ],
        [
          0.0,
          0.0,
          0.0,
          1.0
        ]
      ]
    },
    {
      "file_path": "/media/NFS/ttao/scannet/posed_images/scene0413_00/00456.jpg",
      "transform_matrix": [
        [
          0.970705,
          0.092201,
          -0.221878,
          3.348257
        ],
        [
          0.238955,
          -0.273895,
          0.931602,
          4.735343
        ],
        [
          0.025123,
          -0.95733,
          -0.287903,
          1.360038
        ],
        [
          0.0,
          0.0,
          0.0,
          1.0
        ]
      ]
    },
    {
      "file_path": "/media/NFS/ttao/scannet/posed_images/scene0413_00/00465.jpg",
      "transform_matrix": [
        [
          0.989159,
          0.075887,
          -0.125722,
          3.339197
        ],
        [
          0.14309,
          -0.305574,
          0.941355,
          4.872128
        ],
        [
          0.03302,
          -0.949139,
          -0.31312,
          1.370888
        ],
        [
          0.0,
          0.0,
          0.0,
          1.0
        ]
      ]
    },
    {
      "file_path": "/media/NFS/ttao/scannet/posed_images/scene0413_00/00473.jpg",
      "transform_matrix": [
        [
          0.96175,
          0.108046,
          -0.251721,
          3.352551
        ],
        [
          0.27285,
          -0.296351,
          0.915275,
          4.944042
        ],
        [
          0.024294,
          -0.948948,
          -0.314496,
          1.372725
        ],
        [
          0.0,
          0.0,
          0.0,
          1.0
        ]
      ]
    },
    {
      "file_path": "/media/NFS/ttao/scannet/posed_images/scene0413_00/00475.jpg",
      "transform_matrix": [
        [
          0.954915,
          0.116687,
          -0.272987,
          3.353228
        ],
        [
          0.29563,
          -0.289426,
          0.910404,
          4.95537
        ],
        [
          0.027223,
          -0.950061,
          -0.310874,
          1.372224
        ],
        [
          0.0,
          0.0,
          0.0,
          1.0
