{
  "frames": [
    {
      "file_path": "/media/NFS/ttao/scannet/posed_images/scene0520_00/00000.jpg",
      "transform_matrix": [
        [
          -0.662459,
          0.282277,
          -0.693879,
          4.728913
        ],
        [
          0.749094,
          0.246311,
          -0.614972,
          3.431785
        ],
        [
          -0.002683,
          -0.927174,
          -0.374622,
          1.549185
        ],
        [
          0.0,
          0.0,
          0.0,
          1.0
        ]
      ]
    },
    {
      "file_path": "/media/NFS/ttao/scannet/posed_images/scene0520_00/00003.jpg",
      "transform_matrix": [
        [
          -0.661538,
          0.294295,
          -0.689752,
          4.729928
        ],
        [
          0.749812,
          0.244611,
          -0.614774,
          3.436801
        ],
        [
          -0.012204,
          -0.923881,
          -0.382486,
          1.541935
        ],
        [
          0.0,
          0.0,
          0.0,
          1.0
        ]
      ]
    },
    {
      "file_path": "/media/NFS/ttao/scannet/posed_images/scene0520_00/00008.jpg",
      "transform_matrix": [
        [
          -0.660427,
          0.282998,
          -0.69552,
          4.73305
        ],
        [
          0.750889,
          0.247539,
          -0.612283,
          3.432856
        ],
        [
          -0.001106,
          -0.926627,
          -0.375982,
          1.546225
        ],
        [
          0.0,
          0.0,
          0.0,
          1.0
        ]
      ]
    },
    {
      "file_path": "/media/NFS/ttao/scannet/posed_images/scene0520_00/00012.jpg",
      "transform_matrix": [
        [
          -0.655507,
          0.287611,
          -0.698277,
          4.73512
        ],
        [
          0.755185,
          0.252753,
          -0.604823,
          3.424632
        ],
        [
          0.002538,
          -0.923794,
          -0.382881,
          1.553006
        ],
        [
          0.0,
          0.0,
          0.0,
          1.0
        ]
      ]
    },
    {
      "file_path": "/media/NFS/ttao/scannet/posed_images/scene0520_00/00016.jpg",
      "transform_matrix": [
        [
          -0.637109,
          0.297759,
          -0.710937,
          4.736197
        ],
        [
          0.770754,
          0.239554,
          -0.590383,
          3.421505
        ],
        [
          -0.005484,
          -0.924096,
          -0.382121,
          1.549886
        ],
        [
          0.0,
          0.0,
          0.0,
          1.0
        ]
      ]
    },
    {
      "file_path": "/media/NFS/ttao/scannet/posed_images/scene0520_00/00018.jpg",
      "transform_matrix": [
        [
          -0.630105,
          0.308526,
          -0.712586,
          4.732274
        ],
        [
          0.776374,
          0.233139,
          -0.585568,
          3.420388
        ],
        [
          -0.014531,
          -0.922203,
          -0.386434,
          1.552259
        ],
        [
          0.0,
          0.0,
          0.0,
          1.0
        ]
      ]
    },
    {
      "file_path": "/media/NFS/ttao/scannet/posed_images/scene0520_00/00024.jpg",
      "transform_matrix": [
        [
          -0.611188,
          0.317452,
          -0.725034,
          4.726217
        ],
        [
          0.79133,
          0.226889,
          -0.567732,
          3.415071
        ],
        [
          -0.015726,
          -0.920731,
          -0.389881,
          1.551541
        ],
        [
          0.0,
          0.0,
          0.0,
          1.0
        ]
      ]
    },
    {
      "file_path": "/media/NFS/ttao/scannet/posed_images/scene0520_00/00025.jpg",
      "transform_matrix": [
        [
          -0.609444,
          0.317419,
          -0.726515,
          4.724722
        ],
        [
          0.79268,
          0.226203,
          -0.566119,
          3.416618
        ],
        [
          -0.015357,
          -0.920911,
          -0.38947,
          1.551247
        ],
        [
          0.0,
          0.0,
          0.0,
          1.0
        ]
      ]
    },
    {
      "file_path": "/media/NFS/ttao/scannet/posed_images/scene0520_00/00028.jpg",
      "transform_matrix": [
        [
          -0.600437,
          0.320585,
          -0.732598,
          4.724488
        ],
        [
          0.799533,
          0.223613,
          -0.557444,
          3.407904
        ],
        [
          -0.014889,
          -0.920447,
          -0.390584,
          1.55104
        ],
        [
          0.0,
          0.0,
          0.0,
          1.0
        ]
      ]
    },
    {
      "file_path": "/media/NFS/ttao/scannet/posed_images/scene0520_00/00034.jpg",
      "transform_matrix": [
        [
          -0.585753,
          0.322374,
          -0.743618,
          4.713056
        ],
        [
          0.810385,
          0.218162,
          -0.543767,
          3.404927
        ],
        [
          -0.013067,
          -0.92113,
          -0.389036,
          1.551169
        ],
        [
          0.0,
          0.0,
          0.0,
          1.0
        ]
      ]
    },
    {
      "file_path": "/media/NFS/ttao/scannet/posed_images/scene0520_00/00037.jpg",
      "transform_matrix": [
        [
          -0.573435,
          0.327152,
          -0.751095,
          4.706082
        ],
        [
          0.819182,
          0.216993,
          -0.530901,
          3.404754
        ],
        [
          -0.010703,
          -0.91972,
          -0.392428,
          1.549332
        ],
        [
          0.0,
          0.0,
          0.0,
          1.0
        ]
      ]
    },
    {
      "file_path": "/media/NFS/ttao/scannet/posed_images/scene0520_00/00039.jpg",
      "transform_matrix": [
        [
          -0.561365,
          0.331044,
          -0.758472,
          4.702236
        ],
        [
          0.827459,
          0.209679,
          -0.520909,
          3.396974
        ],
        [
          -0.013408,
          -0.920025,
          -0.391631,
          1.555061
        ],
        [
          0.0,
          0.0,
          0.0,
          1.0
        ]
      ]
    },
    {
      "file_path": "/media/NFS/ttao/scannet/posed_images/scene0520_00/00044.jpg",
      "transform_matrix": [
        [
          -0.526319,
          0.350812,
          -0.774545,
          4.690455
        ],
        [
          0.849931,
          0.190692,
          -0.491176,
          3.384445
        ],
        [
          -0.024611,
          -0.916825,
          -0.398531,
          1.552176
        ],
        [
          0.0,
          0.0,
          0.0,
          1.0
        ]
      ]
    },
    {
      "file_path": "/media/NFS/ttao/scannet/posed_images/scene0520_00/00049.jpg",
      "transform_matrix": [
        [
          -0.494344,
          0.348108,
          -0.79652,
          4.681381
        ],
        [
          0.869152,
          0.183073,
          -0.459412,
          3.379446
        ],
        [
          -0.014103,
          -0.919405,
          -0.39306,
          1.554479
        ],
        [
          0.0,
          0.0,
          0.0,
          1.0
        ]
      ]
    },
    {
      "file_path": "/media/NFS/ttao/scannet/posed_images/scene0520_00/00053.jpg",
      "transform_matrix": [
        [
          -0.473013,
          0.364016,
          -0.802341,
          4.673234
        ],
        [
          0.880667,
          0.168281,
          -0.442841,
          3.381761
        ],
        [
          -0.026182,
          -0.916064,
          -0.400176,
          1.554744
        ],
        [
          0.0,
          0.0,
          0.0,
          1.0
        ]
      ]
    },
    {
      "file_path": "/media/NFS/ttao/scannet/posed_images/scene0520_00/00056.jpg",
      "transform_matrix": [
        [
          -0.444295,
          0.384018,
          -0.809402,
          4.658091
        ],
        [
          0.894812,
          0.146097,
          -0.421862,
          3.386067
        ],
        [
          -0.043751,
          -0.911694,
          -0.408535,
          1.553584
        ],
        [
          0.0,
          0.0,
          0.0,
          1.0
        ]
      ]
    },
    {
      "file_path": "/media/NFS/ttao/scannet/posed_images/scene0520_00/00058.jpg",
      "transform_matrix": [
        [
          -0.421247,
          0.391437,
          -0.818125,
          4.64775
        ],
        [
          0.905847,
          0.137189,
          -0.400775,
          3.385231
        ],
        [
          -0.044641,
          -0.909921,
          -0.412372,
          1.557161
        ],
        [
          0.0,
          0.0,
          0.0,
          1.0
        ]
      ]
    },
    {
      "file_path": "/media/NFS/ttao/scannet/posed_images/scene0520_00/00061.jpg",
      "transform_matrix": [
        [
          -0.381884,
          0.403055,
          -0.831692,
          4.631215
        ],
        [
          0.923055,
          0.121347,
          -0.365027,
          3.387206
        ],
        [
          -0.046203,
          -0.907095,
          -0.418383,
          1.557971
        ],
        [
          0.0,
          0.0,
          0.0,
          1.0
        ]
      ]
    },
    {
      "file_path": "/media/NFS/ttao/scannet/posed_images/scene0520_00/00068.jpg",
      "transform_matrix": [
        [
          -0.316059,
          0.422712,
          -0.849365,
          4.587015
        ],
        [
          0.947832,
          0.101534,
          -0.302169,
          3.396691
        ],
        [
          -0.041491,
          -0.900559,
          -0.43275,
          1.551294
        ],
        [
          0.0,
          0.0,
          0.0,
          1.0
        ]
      ]
    },
    {
      "file_path": "/media/NFS/ttao/scannet/posed_images/scene0520_00/00069.jpg",
      "transform_matrix": [
        [
          -0.309058,
          0.422742,
          -0.851923,
          4.581074
        ],
        [
          0.950081,
          0.096953,
          -0.296557,
          3.405335
        ],
        [
          -0.042771,
          -0.901049,
          -0.431603,
          1.548153
        ],
        [
          0.0,
          0.0,
          0.0,
          1.0
        ]
      ]
    },
    {
      "file_path": "/media/NFS/ttao/scannet/posed_images/scene0520_00/00072.jpg",
      "transform_matrix": [
        [
          -0.28748,
          0.434571,
          -0.853524,
          4.551192
        ],
        [
          0.956822,
          0.090312,
          -0.27629,
          3.429437
        ],
        [
          -0.042985,
          -0.896098,
          -0.44177,
          1.546049
        ],
        [
          0.0,
          0.0,
          0.0,
          1.0
        ]
      ]
    },
    {
      "file_path": "/media/NFS/ttao/scannet/posed_images/scene0520_00/00076.jpg",
      "transform_matrix": [
        [
          -0.244849,
          0.432036,
          -0.867982,
          4.509721
        ],
        [
          0.969179,
          0.083916,
          -0.231627,
          3.443434
        ],
        [
          -0.027234,
          -0.897944,
          -0.439267,
          1.543089
        ],
        [
          0.0,
          0.0,
          0.0,
          1.0
        ]
      ]
    },
    {
      "file_path": "/media/NFS/ttao/scannet/posed_images/scene0520_00/00081.jpg",
      "transform_matrix": [
        [
          -0.227409,
          0.427078,
          -0.875151,
          4.456889
        ],
        [
          0.972447,
          0.052246,
          -0.227195,
          3.487759
        ],
        [
          -0.051307,
          -0.902704,
          -0.427192,
          1.548155
        ],
        [
          0.0,
          0.0,
          0.0,
          1.0
        ]
      ]
    },
    {
      "file_path": "/media/NFS/ttao/scannet/posed_images/scene0520_00/00085.jpg",
      "transform_matrix": [
        [
          -0.210432,
          0.425947,
          -0.879936,
          4.409079
        ],
        [
          0.975733,
          0.035786,
          -0.216019,
          3.528694
        ],
        [
          -0.060523,
          -0.90404,
          -0.423142,
          1.555957
        ],
        [
          0.0,
          0.0,
          0.0,
          1.0
        ]
      ]
    },
    {
      "file_path": "/media/NFS/ttao/scannet/posed_images/scene0520_00/00089.jpg",
      "transform_matrix": [
        [
          -0.19861,
          0.418704,
          -0.886138,
          4.361669
        ],
        [
          0.978535,
          0.033997,
          -0.203256,
          3.565332
        ],
        [
          -0.054978,
          -0.907486,
          -0.416469,
          1.564315
        ],
        [
          0.0,
          0.0,
          0.0,
          1.0
        ]
      ]
    },
    {
      "file_path": "/media/NFS/ttao/scannet/posed_images/scene0520_00/00093.jpg",
      "transform_matrix": [
        [
          -0.1835,
          0.410092,
          -0.893394,
          4.320597
        ],
        [
          0.981688,
          0.029161,
          -0.18825,
          3.594468
        ],
        [
          -0.051147,
          -0.911578,
          -0.407933,
          1.566285
        ],
        [
          0.0,
          0.0,
          0.0,
          1.0
        ]
      ]
    },
    {
      "file_path": "/media/NFS/ttao/scannet/posed_images/scene0520_00/00094.jpg",
      "transform_matrix": [
        [
          -0.176674,
          0.410622,
          -0.894525,
          4.307416
        ],
        [
          0.983002,
          0.027505,
          -0.181523,
          3.601271
        ],
        [
          -0.049933,
          -0.911391,
          -0.408502,
          1.566931
        ],
        [
          0.0,
          0.0,
          0.0,
          1.0
        ]
      ]
    },
    {
      "file_path": "/media/NFS/ttao/scannet/posed_images/scene0520_00/00100.jpg",
      "transform_matrix": [
        [
          -0.126389,
          0.413452,
          -0.901711,
          4.251757
        ],
        [
          0.990617,
          0.004955,
          -0.136578,
          3.629155
        ],
        [
          -0.052001,
          -0.910513,
          -0.410199,
          1.561988
        ],
        [
          0.0,
          0.0,
          0.0,
          1.0
        ]
      ]
    },
    {
      "file_path": "/media/NFS/ttao/scannet/posed_images/scene0520_00/00103.jpg",
      "transform_matrix": [
        [
          -0.099176,
          0.429842,
          -0.897441,
          4.212495
        ],
        [
          0.992853,
          -0.017429,
          -0.118068,
          3.643661
        ],
        [
          -0.066392,
          -0.902736,
          -0.425041,
          1.565364
        ],
        [
          0.0,
          0.0,
          0.0,
          1.0
        ]
      ]
    },
    {
      "file_path": "/media/NFS/ttao/scannet/posed_images/scene0520_00/00106.jpg",
      "transform_matrix": [
        [
          -0.064339,
          0.435605,
          -0.897835,
          4.179254
        ],
        [
          0.995588,
          -0.033563,
          -0.087628,
          3.647873
        ],
        [
          -0.068305,
          -0.899512,
          -0.431524,
          1.561443
        ],
        [
          0.0,
          0.0,
          0.0,
          1.0
        ]
      ]
    },
    {
      "file_path": "/media/NFS/ttao/scannet/posed_images/scene0520_00/00110.jpg",
      "transform_matrix": [
        [
          -0.010232,
          0.452717,
          -0.891595,
          4.131505
        ],
        [
          0.997184,
          -0.061622,
          -0.042733,
          3.655983
        ],
        [
          -0.074288,
          -0.889522,
          -0.450812,
          1.563241
        ],
        [
          0.0,
          0.0,
          0.0,
          1.0
        ]
      ]
    },
    {
      "file_path": "/media/NFS/ttao/scannet/posed_images/scene0520_00/00115.jpg",
      "transform_matrix": [
        [
          0.076137,
          0.435346,
          -0.897038,
          4.071849
        ],
        [
          0.995817,
          -0.078774,
          0.046291,
          3.641671
        ],
        [
          -0.05051,
          -0.89681,
          -0.439523,
          1.569179
        ],
        [
          0.0,
          0.0,
          0.0,
          1.0
        ]
      ]
    },
    {
      "file_path": "/media/NFS/ttao/scannet/posed_images/scene0520_00/00116.jpg",
      "transform_matrix": [
        [
          0.089959,
          0.433553,
          -0.896626,
          4.059785
        ],
        [
          0.994612,
          -0.085689,
          0.058355,
          3.639124
        ],
        [
          -0.051531,
          -0.897045,
          -0.438926,
          1.57306
        ],
        [
          0.0,
          0.0,
          0.0,
          1.0
        ]
      ]
    },
    {
      "file_path": "/media/NFS/ttao/scannet/posed_images/scene0520_00/00120.jpg",
      "transform_matrix": [
        [
          0.140235,
          0.414214,
          -0.899311,
          4.024752
        ],
        [
          0.988158,
          -0.115675,
          0.10081,
          3.638268
        ],
        [
          -0.06227,
          -0.902799,
          -0.425531,
          1.580895
        ],
        [
          0.0,
          0.0,
          0.0,
          1.0
        ]
      ]
    },
    {
      "file_path": "/media/NFS/ttao/scannet/posed_images/scene0520_00/00125.jpg",
      "transform_matrix": [
        [
          0.216881,
          0.401039,
          -0.890017,
          3.982347
        ],
        [
          0.973525,
          -0.156284,
          0.166809,
          3.64348
        ],
        [
          -0.072198,
          -0.902631,
          -0.424317,
          1.584003
        ],
        [
          0.0,
          0.0,
          0.0,
          1.0
        ]
      ]
    },
    {
      "file_path": "/media/NFS/ttao/scannet/posed_images/scene0520_00/00127.jpg",
      "transform_matrix": [
        [
          0.25008,
          0.394548,
          -0.88419,
          3.972732
        ],
        [
          0.965663,
          -0.168032,
          0.198143,
          3.648113
        ],
        [
          -0.070395,
          -0.903381,
          -0.423022,
          1.581058
        ],
        [
          0.0,
          0.0,
          0.0,
          1.0
        ]
      ]
    },
    {
      "file_path": "/media/NFS/ttao/scannet/posed_images/scene0520_00/00130.jpg",
      "transform_matrix": [
        [
          0.301343,
          0.392302,
          -0.869075,
          3.949489
        ],
        [
          0.950519,
          -0.195793,
          0.241202,
          3.651169
        ],
        [
          -0.075534,
          -0.898757,
          -0.431891,
          1.583571
        ],
        [
          0.0,
          0.0,
          0.0,
          1.0
        ]
      ]
    },
    {
      "file_path": "/media/NFS/ttao/scannet/posed_images/scene0520_00/00137.jpg",
      "transform_matrix": [
        [
          0.39365,
          0.391936,
          -0.83152,
          3.909266
        ],
        [
          0.916839,
          -0.233009,
          0.324212,
          3.672806
        ],
        [
          -0.066681,
          -0.889996,
          -0.451066,
          1.576963
        ],
        [
          0.0,
          0.0,
          0.0,
          1.0
        ]
      ]
    },
    {
      "file_path": "/media/NFS/ttao/scannet/posed_images/scene0520_00/00140.jpg",
      "transform_matrix": [
        [
          0.42485,
          0.380756,
          -0.821296,
          3.900933
        ],
        [
          0.902907,
          -0.243648,
          0.354111,
          3.691394
        ],
        [
          -0.065277,
          -0.891998,
          -0.447301,
          1.579113
        ],
        [
          0.0,
          0.0,
          0.0,
          1.0
        ]
      ]
    },
    {
      "file_path": "/media/NFS/ttao/scannet/posed_images/scene0520_00/00141.jpg",
      "transform_matrix": [
        [
          0.432705,
          0.380048,
          -0.817514,
          3.902131
        ],
        [
          0.899115,
          -0.248324,
          0.360454,
          3.710337
        ],
        [
          -0.066019,
          -0.89101,
          -0.449158,
          1.587904
        ],
        [
          0.0,
          0.0,
          0.0,
          1.0
        ]
      ]
    },
    {
      "file_path": "/media/NFS/ttao/scannet/posed_images/scene0520_00/00148.jpg",
      "transform_matrix": [
        [
          0.47069,
          0.364383,
          -0.80354,
          3.847052
        ],
        [
          0.879967,
          -0.260046,
          0.397535,
          3.768686
        ],
        [
          -0.064102,
          -0.894204,
          -0.443046,
          1.593431
        ],
        [
          0.0,
          0.0,
          0.0,
          1.0
        ]
      ]
    },
    {
      "file_path": "/media/NFS/ttao/scannet/posed_images/scene0520_00/00151.jpg",
      "transform_matrix": [
        [
          0.475536,
          0.354951,
          -0.804907,
          3.824094
        ],
        [
          0.877251,
          -0.259522,
          0.403831,
          3.787288
        ],
        [
          -0.06555,
          -0.898142,
          -0.434793,
          1.58306
        ],
        [
          0.0,
          0.0,
          0.0,
          1.0
        ]
      ]
    },
    {
      "file_path": "/media/NFS/ttao/scannet/posed_images/scene0520_00/00152.jpg",
      "transform_matrix": [
        [
          0.477911,
          0.356563,
          -0.802785,
          3.812019
        ],
        [
          0.87594,
          -0.261914,
          0.40513,
          3.790133
        ],
        [
          -0.065806,
          -0.896808,
          -0.4375,
          1.592254
        ],
        [
          0.0,
          0.0,
          0.0,
          1.0
        ]
      ]
    },
    {
      "file_path": "/media/NFS/ttao/scannet/posed_images/scene0520_00/00158.jpg",
      "transform_matrix": [
        [
          0.491624,
          0.350846,
          -0.797003,
          3.781236
        ],
        [
          0.868958,
          -0.257284,
          0.422751,
          3.868849
        ],
        [
          -0.056736,
          -0.900396,
          -0.431357,
          1.593046
        ],
        [
          0.0,
          0.0,
          0.0,
          1.0
        ]
      ]
    },
    {
      "file_path": "/media/NFS/ttao/scannet/posed_images/scene0520_00/00162.jpg",
      "transform_matrix": [
        [
          0.504639,
          0.344593,
          -0.791578,
          3.755798
        ],
        [
          0.861906,
          -0.253741,
          0.439015,
          3.896355
        ],
        [
          -0.049574,
          -0.903809,
          -0.425055,
          1.592068
        ],
        [
          0.0,
          0.0,
          0.0,
          1.0
        ]
      ]
    },
    {
      "file_path": "/media/NFS/ttao/scannet/posed_images/scene0520_00/00163.jpg",
      "transform_matrix": [
        [
          0.505694,
          0.344794,
          -0.790817,
          3.754674
        ],
        [
          0.861148,
          -0.256935,
          0.438645,
          3.906797
        ],
        [
          -0.051946,
          -0.90283,
          -0.426848,
          1.593083
        ],
        [
          0.0,
          0.0,
          0.0,
          1.0
        ]
      ]
    },
    {
      "file_path": "/media/NFS/ttao/scannet/posed_images/scene0520_00/00169.jpg",
      "transform_matrix": [
        [
          0.55741,
          0.339226,
          -0.757773,
          3.727053
        ],
        [
          0.826604,
          -0.31205,
          0.468348,
          3.963813
        ],
        [
          -0.077587,
          -0.88744,
          -0.454346,
          1.577699
        ],
        [
          0.0,
          0.0,
          0.0,
          1.0
        ]
      ]
    },
    {
      "file_path": "/media/NFS/ttao/scannet/posed_images/scene0520_00/00173.jpg",
      "transform_matrix": [
        [
          0.600113,
          0.339248,
          -0.724413,
          3.693671
        ],
        [
          0.796744,
          -0.334058,
          0.503591,
          4.001263
        ],
        [
          -0.071154,
          -0.879384,
          -0.470767,
          1.580758
        ],
        [
          0.0,
          0.0,
          0.0,
          1.0
        ]
      ]
    },
    {
      "file_path": "/media/NFS/ttao/scannet/posed_images/scene0520_00/00177.jpg",
      "transform_matrix": [
        [
          0.644584,
          0.32773,
          -0.690727,
          3.668345
        ],
        [
          0.761771,
          -0.352048,
          0.543845,
          4.042961
        ],
        [
          -0.064935,
          -0.87673,
          -0.47658,
          1.578058
        ],
        [
          0.0,
          0.0,
          0.0,
          1.0
        ]
      ]
    },
    {
      "file_path": "/media/NFS/ttao/scannet/posed_images/scene0520_00/00180.jpg",
      "transform_matrix": [
        [
          0.681938,
          0.31267,
          -0.661209,
          3.645273
        ],
        [
          0.72877,
          -0.367207,
          0.577974,
          4.056234
        ],
        [
          -0.062085,
          -0.876012,
          -0.478277,
          1.573286
        ],
        [
          0.0,
          0.0,
          0.0,
          1.0
        ]
      ]
    },
    {
      "file_path": "/media/NFS/ttao/scannet/posed_images/scene0520_00/00182.jpg",
      "transform_matrix": [
        [
          0.696585,
          0.310178,
          -0.646961,
          3.632769
        ],
        [
          0.714441,
          -0.382703,
          0.585758,
          4.089684
        ],
        [
          -0.065904,
          -0.870246,
          -0.488189,
          1.587289
        ],
        [
          0.0,
          0.0,
          0.0,
          1.0
        ]
      ]
    },
    {
      "file_path": "/media/NFS/ttao/scannet/posed_images/scene0520_00/00188.jpg",
      "transform_matrix": [
        [
          0.752117,
          0.274563,
          -0.599113,
          3.570383
        ],
        [
          0.657559,
          -0.373346,
          0.654392,
          4.139804
        ],
        [
          -0.044004,
          -0.886131,
          -0.461341,
          1.597586
        ],
        [
          0.0,
          0.0,
          0.0,
          1.0
        ]
      ]
    },
    {
      "file_path": "/media/NFS/ttao/scannet/posed_images/scene0520_00/00189.jpg",
      "transform_matrix": [
        [
          0.759938,
          0.269097,
          -0.591676,
          3.563951
        ],
        [
          0.648407,
          -0.377447,
          0.661138,
          4.151576
        ],
        [
          -0.045416,
          -0.886071,
          -0.46132,
          1.600632
        ],
        [
          0.0,
          0.0,
          0.0,
          1.0
        ]
      ]
    },
    {
      "file_path": "/media/NFS/ttao/scannet/posed_images/scene0520_00/00194.jpg",
      "transform_matrix": [
        [
          0.800719,
          0.231897,
          -0.552335,
          3.534397
        ],
        [
          0.596779,
          -0.388852,
          0.70189,
          4.187305
        ],
        [
          -0.052011,
          -0.891638,
          -0.449752,
          1.600314
        ],
        [
          0.0,
          0.0,
          0.0,
          1.0
        ]
      ]
    },
    {
      "file_path": "/media/NFS/ttao/scannet/posed_images/scene0520_00/00197.jpg",
      "transform_matrix": [
        [
          0.820163,
          0.21781,
          -0.529047,
          3.521466
        ],
        [
          0.569349,
          -0.401772,
          0.717232,
          4.215038
        ],
        [
          -0.056336,
          -0.88946,
          -0.453529,
          1.59341
        ],
        [
          0.0,
          0.0,
          0.0,
          1.0
        ]
      ]
    },
    {
      "file_path": "/media/NFS/ttao/scannet/posed_images/scene0520_00/00200.jpg",
      "transform_matrix": [
        [
          0.838386,
          0.206675,
          -0.504375,
          3.500684
        ],
        [
          0.542271,
          -0.410011,
          0.733371,
          4.233129
        ],
        [
          -0.05523,
          -0.888356,
          -0.455821,
          1.575606
        ],
        [
          0.0,
          0.0,
          0.0,
          1.0
        ]
      ]
    },
    {
      "file_path": "/media/NFS/ttao/scannet/posed_images/scene0520_00/00204.jpg",
      "transform_matrix": [
        [
          0.854629,
          0.19857,
          -0.479769,
          3.476614
        ],
        [
          0.515885,
          -0.429564,
          0.741173,
          4.288872
        ],
        [
          -0.058917,
          -0.880934,
          -0.469557,
          1.569208
        ],
        [
          0.0,
          0.0,
          0.0,
          1.0
        ]
      ]
    },
    {
      "file_path": "/media/NFS/ttao/scannet/posed_images/scene0520_00/00207.jpg",
      "transform_matrix": [
        [
          0.865216,
          0.183172,
          -0.466743,
          3.461925
        ],
        [
          0.497457,
          -0.430098,
          0.75336,
          4.329265
        ],
        [
          -0.062751,
          -0.884004,
          -0.463248,
          1.568702
        ],
        [
          0.0,
          0.0,
          0.0,
          1.0
        ]
      ]
    },
    {
      "file_path": "/media/NFS/ttao/scannet/posed_images/scene0520_00/00212.jpg",
      "transform_matrix": [
        [
          0.875194,
          0.166466,
          -0.45423,
          3.448538
        ],
        [
          0.478479,
          -0.436377,
          0.761993,
          4.421665
        ],
        [
          -0.07137,
          -0.884231,
          -0.461565,
          1.560761
        ],
        [
          0.0,
          0.0,
          0.0,
          1.0
        ]
      ]
    },
    {
      "file_path": "/media/NFS/ttao/scannet/posed_images/scene0520_00/00215.jpg",
      "transform_matrix": [
        [
          0.888248,
          0.161426,
          -0.430067,
          3.431917
        ],
        [
          0.456188,
          -0.419893,
          0.784591,
          4.470507
        ],
        [
          -0.053929,
          -0.893103,
          -0.446609,
          1.561924
        ],
        [
          0.0,
          0.0,
          0.0,
          1.0
        ]
      ]
    },
    {
      "file_path": "/media/NFS/ttao/scannet/posed_images/scene0520_00/00221.jpg",
      "transform_matrix": [
        [
          0.905659,
          0.141671,
          -0.399639,
          3.41864
        ],
        [
          0.420067,
          -0.427986,
          0.800233,
          4.554389
        ],
        [
          -0.05767,
          -0.892613,
          -0.447121,
          1.554922
        ],
        [
          0.0,
          0.0,
          0.0,
          1.0
        ]
      ]
    },
    {
      "file_path": "/media/NFS/ttao/scannet/posed_images/scene0520_00/00222.jpg",
      "transform_matrix": [
        [
          0.909179,
          0.139618,
          -0.392302,
          3.412974
        ],
        [
          0.412426,
          -0.431867,
          0.802119,
          4.563271
        ],
        [
          -0.057432,
          -0.891066,
          -0.450226,
          1.551929
        ],
        [
          0.0,
          0.0,
          0.0,
          1.0
        ]
      ]
    },
    {
      "file_path": "/media/NFS/ttao/scannet/posed_images/scene0520_00/00226.jpg",
      "transform_matrix": [
        [
          0.921692,
          0.125188,
          -0.367168,
          3.403807
        ],
        [
          0.382158,
          -0.455588,
          0.803987,
          4.612259
        ],
        [
          -0.066628,
          -0.881344,
          -0.467753,
          1.55395
        ],
        [
          0.0,
          0.0,
          0.0,
          1.0
        ]
      ]
    },
    {
      "file_path": "/media/NFS/ttao/scannet/posed_images/scene0520_00/00232.jpg",
      "transform_matrix": [
        [
          0.946622,
          0.099936,
          -0.306462,
          3.370665
        ],
        [
          0.315713,
          -0.479303,
          0.818898,
          4.673928
        ],
        [
          -0.065051,
          -0.871941,
          -0.48527,
          1.545103
        ],
        [
          0.0,
          0.0,
          0.0,
          1.0
        ]
      ]
    },
    {
      "file_path": "/media/NFS/ttao/scannet/posed_images/scene0520_00/00233.jpg",
      "transform_matrix": [
        [
          0.951429,
          0.095878,
          -0.292559,
          3.360011
        ],
        [
          0.30152,
          -0.482181,
          0.822549,
          4.686227
        ],
        [
          -0.062202,
          -0.870809,
          -0.48767,
          1.544481
        ],
        [
          0.0,
          0.0,
          0.0,
          1.0
        ]
      ]
    },
    {
      "file_path": "/media/NFS/ttao/scannet/posed_images/scene0520_00/00237.jpg",
      "transform_matrix": [
        [
          0.968256,
          0.076057,
          -0.238109,
          3.326018
        ],
        [
          0.244776,
          -0.481532,
          0.841554,
          4.718839
        ],
        [
          -0.050651,
          -0.873123,
          -0.484863,
          1.544038
        ],
        [
          0.0,
          0.0,
          0.0,
          1.0
        ]
      ]
    },
    {
      "file_path": "/media/NFS/ttao/scannet/posed_images/scene0520_00/00243.jpg",
      "transform_matrix": [
        [
          0.987111,
          0.038617,
          -0.155311,
          3.25958
        ],
        [
          0.15465,
          -0.4799,
          0.863585,
          4.762524
        ],
        [
          -0.041185,
          -0.876473,
          -0.479686,
          1.557933
        ],
        [
          0.0,
          0.0,
          0.0,
          1.0
        ]
      ]
    },
    {
      "file_path": "/media/NFS/ttao/scannet/posed_images/scene0520_00/00244.jpg",
      "transform_matrix": [
        [
          0.98883,
          0.0282,
          -0.146356,
          3.24659
        ],
        [
          0.141641,
          -0.483499,
          0.863809,
          4.770021
        ],
        [
          -0.046404,
          -0.874891,
          -0.482093,
          1.562149
        ],
        [
          0.0,
          0.0,
          0.0,
          1.0
        ]
      ]
    },
    {
      "file_path": "/media/NFS/ttao/scannet/posed_images/scene0520_00/00250.jpg",
      "transform_matrix": [
        [
          0.995919,
          -0.030153,
          -0.085066,
          3.191259
        ],
        [
          0.059921,
          -0.483918,
          0.87306,
          4.805383
        ],
        [
          -0.067491,
          -0.874594,
          -0.480136,
          1.568195
        ],
        [
          0.0,
          0.0,
          0.0,
          1.0
        ]
      ]
    },
    {
      "file_path": "/media/NFS/ttao/scannet/posed_images/scene0520_00/00251.jpg",
      "transform_matrix": [
        [
          0.996261,
          -0.037433,
          -0.077863,
          3.186767
        ],
        [
          0.050091,
          -0.484026,
          0.873619,
          4.809791
        ],
        [
          -0.07039,
          -0.874253,
          -0.480341,
          1.566769
        ],
        [
          0.0,
          0.0,
          0.0,
          1.0
        ]
      ]
    },
    {
      "file_path": "/media/NFS/ttao/scannet/posed_images/scene0520_00/00255.jpg",
      "transform_matrix": [
        [
          0.997249,
          -0.053922,
          -0.050854,
          3.168267
        ],
        [
          0.016988,
          -0.501567,
          0.864952,
          4.839961
        ],
        [
          -0.072147,
          -0.863437,
          -0.499271,
          1.568694
        ],
        [
          0.0,
          0.0,
          0.0,
          1.0
        ]
      ]
    },
    {
      "file_path": "/media/NFS/ttao/scannet/posed_images/scene0520_00/00261.jpg",
      "transform_matrix": [
        [
          0.996683,
          -0.081381,
          0.000759,
          3.153089
        ],
        [
          -0.04057,
          -0.488741,
          0.871486,
          4.899583
        ],
        [
          -0.070551,
          -0.868625,
          -0.490421,
          1.566667
        ],
        [
          0.0,
          0.0,
          0.0,
          1.0
        ]
      ]
    },
    {
      "file_path": "/media/NFS/ttao/scannet/posed_images/scene0520_00/00262.jpg",
      "transform_matrix": [
        [
          0.996246,
          -0.08605,
          0.009423,
          3.150312
        ],
        [
          -0.050342,
          -0.487374,
          0.871741,
          4.912558
        ],
        [
          -0.070421,
          -0.868943,
          -0.489877,
          1.565261
        ],
        [
          0.0,
          0.0,
          0.0,
          1.0
        ]
      ]
    },
    {
      "file_path": "/media/NFS/ttao/scannet/posed_images/scene0520_00/00266.jpg",
      "transform_matrix": [
        [
          0.991417,
          -0.125692,
          0.035979,
          3.145165
        ],
        [
          -0.092858,
          -0.483247,
          0.870546,
          4.961801
        ],
        [
          -0.092034,
          -0.866414,
          -0.490771,
          1.56265
        ],
        [
          0.0,
          0.0,
          0.0,
          1.0
        ]
      ]
    },
    {
      "file_path": "/media/NFS/ttao/scannet/posed_images/scene0520_00/00272.jpg",
      "transform_matrix": [
        [
          0.980514,
          -0.164938,
          0.106706,
          3.152857
        ],
        [
          -0.172702,
          -0.464887,
          0.868363,
          5.048546
        ],
        [
          -0.09362,
          -0.869871,
          -0.484313,
          1.564902
        ],
        [
          0.0,
          0.0,
          0.0,
          1.0
        ]
      ]
    },
    {
      "file_path": "/media/NFS/ttao/scannet/posed_images/scene0520_00/00273.jpg",
      "transform_matrix": [
        [
          0.979073,
          -0.170544,
          0.111042,
          3.151809
        ],
        [
          -0.179059,
          -0.462605,
          0.868294,
          5.057917
        ],
        [
          -0.096714,
          -0.870007,
          -0.483462,
          1.56094
        ],
        [
          0.0,
          0.0,
          0.0,
          1.0
        ]
      ]
    },
    {
      "file_path": "/media/NFS/ttao/scannet/posed_images/scene0520_00/00279.jpg",
      "transform_matrix": [
        [
          0.967065,
          -0.196534,
          0.161737,
          3.148498
        ],
        [
          -0.236077,
          -0.455067,
          0.858593,
          5.12339
        ],
        [
          -0.095141,
          -0.868498,
          -0.486477,
          1.55925
        ],
        [
          0.0,
          0.0,
          0.0,
          1.0
        ]
      ]
    },
    {
      "file_path": "/media/NFS/ttao/scannet/posed_images/scene0520_00/00280.jpg",
      "transform_matrix": [
        [
          0.963993,
          -0.202722,
          0.172111,
          3.156717
        ],
        [
          -0.24793,
          -0.451065,
          0.857363,
          5.131516
        ],
        [
          -0.096173,
          -0.869163,
