{
  "frames": [
    {
      "file_path": "/media/NFS/ttao/scannet/posed_images/scene0465_01/00000.jpg",
      "transform_matrix": [
        [
          0.31047,
          0.632229,
          -0.709856,
          3.959892
        ],
        [
          0.950366,
          -0.222402,
          0.217581,
          3.479034
        ],
        [
          -0.020312,
          -0.742175,
          -0.669898,
          1.223527
        ],
        [
          0.0,
          0.0,
          0.0,
          1.0
        ]
      ]
    },
    {
      "file_path": "/media/NFS/ttao/scannet/posed_images/scene0465_01/00032.jpg",
      "transform_matrix": [
        [
          0.246055,
          0.611044,
          -0.752384,
          3.911824
        ],
        [
          0.96835,
          -0.188528,
          0.163572,
          3.543837
        ],
        [
          -0.041896,
          -0.768819,
          -0.638092,
          1.301782
        ],
        [
          0.0,
          0.0,
          0.0,
          1.0
        ]
      ]
    },
    {
      "file_path": "/media/NFS/ttao/scannet/posed_images/scene0465_01/00038.jpg",
      "transform_matrix": [
        [
          0.233066,
          0.598208,
          -0.766699,
          3.913148
        ],
        [
          0.971398,
          -0.180057,
          0.154805,
          3.545225
        ],
        [
          -0.045444,
          -0.78085,
          -0.623064,
          1.313042
        ],
        [
          0.0,
          0.0,
          0.0,
          1.0
        ]
      ]
    },
    {
      "file_path": "/media/NFS/ttao/scannet/posed_images/scene0465_01/00070.jpg",
      "transform_matrix": [
        [
          0.179663,
          0.427239,
          -0.886109,
          3.933823
        ],
        [
          0.983004,
          -0.112538,
          0.145048,
          3.523035
        ],
        [
          -0.037751,
          -0.897108,
          -0.440196,
          1.373027
        ],
        [
          0.0,
          0.0,
          0.0,
          1.0
        ]
      ]
    },
    {
      "file_path": "/media/NFS/ttao/scannet/posed_images/scene0465_01/00089.jpg",
      "transform_matrix": [
        [
          0.168233,
          0.298377,
          -0.939505,
          3.93068
        ],
        [
          0.985316,
          -0.079107,
          0.151312,
          3.508178
        ],
        [
          -0.029173,
          -0.951164,
          -0.307304,
          1.431
        ],
        [
          0.0,
          0.0,
          0.0,
          1.0
        ]
      ]
    },
    {
      "file_path": "/media/NFS/ttao/scannet/posed_images/scene0465_01/00102.jpg",
      "transform_matrix": [
        [
          0.13227,
          0.197764,
          -0.971285,
          3.936203
        ],
        [
          0.990173,
          -0.07126,
          0.120333,
          3.519326
        ],
        [
          -0.045416,
          -0.977656,
          -0.205247,
          1.45236
        ],
        [
          0.0,
          0.0,
          0.0,
          1.0
        ]
      ]
    },
    {
      "file_path": "/media/NFS/ttao/scannet/posed_images/scene0465_01/00140.jpg",
      "transform_matrix": [
        [
          0.043359,
          0.016124,
          -0.998929,
          4.006559
        ],
        [
          0.998785,
          -0.024148,
          0.042962,
          3.57456
        ],
        [
          -0.02343,
          -0.999578,
          -0.017151,
          1.507484
        ],
        [
          0.0,
          0.0,
          0.0,
          1.0
        ]
      ]
    },
    {
      "file_path": "/media/NFS/ttao/scannet/posed_images/scene0465_01/00159.jpg",
      "transform_matrix": [
        [
          0.197115,
          0.073947,
          -0.977587,
          4.016588
        ],
        [
          0.98029,
          -0.028377,
          0.195513,
          3.532227
        ],
        [
          -0.013283,
          -0.996858,
          -0.078083,
          1.509837
        ],
        [
          0.0,
          0.0,
          0.0,
          1.0
        ]
      ]
    },
    {
      "file_path": "/media/NFS/ttao/scannet/posed_images/scene0465_01/00166.jpg",
      "transform_matrix": [
        [
          0.222116,
          0.089105,
          -0.97094,
          4.027225
        ],
        [
          0.974975,
          -0.029919,
          0.220293,
          3.508024
        ],
        [
          -0.00942,
          -0.995573,
          -0.093521,
          1.490356
        ],
        [
          0.0,
          0.0,
          0.0,
          1.0
        ]
      ]
    },
    {
      "file_path": "/media/NFS/ttao/scannet/posed_images/scene0465_01/00185.jpg",
      "transform_matrix": [
        [
          0.105085,
          0.114243,
          -0.987879,
          4.043418
        ],
        [
          0.994412,
          -0.022151,
          0.103218,
          3.516234
        ],
        [
          -0.010091,
          -0.993206,
          -0.115932,
          1.496469
        ],
        [
          0.0,
          0.0,
          0.0,
          1.0
        ]
      ]
    },
    {
      "file_path": "/media/NFS/ttao/scannet/posed_images/scene0465_01/00223.jpg",
      "transform_matrix": [
        [
          -0.249204,
          0.129098,
          -0.959808,
          4.01809
        ],
        [
          0.968389,
          0.022031,
          -0.248469,
          3.653159
        ],
        [
          -0.010931,
          -0.991387,
          -0.130507,
          1.454352
        ],
        [
          0.0,
          0.0,
          0.0,
          1.0
        ]
      ]
    },
    {
      "file_path": "/media/NFS/ttao/scannet/posed_images/scene0465_01/00236.jpg",
      "transform_matrix": [
        [
          -0.313992,
          0.082219,
          -0.945859,
          4.018939
        ],
        [
          0.949396,
          0.019329,
          -0.313486,
          3.640646
        ],
        [
          -0.007492,
          -0.996427,
          -0.084127,
          1.464025
        ],
        [
          0.0,
          0.0,
          0.0,
          1.0
        ]
      ]
    },
    {
      "file_path": "/media/NFS/ttao/scannet/posed_images/scene0465_01/00255.jpg",
      "transform_matrix": [
        [
          -0.337653,
          -0.008843,
          -0.941229,
          4.032599
        ],
        [
          0.941125,
          0.01442,
          -0.337751,
          3.612171
        ],
        [
          0.016559,
          -0.999857,
          0.003453,
          1.510184
        ],
        [
          0.0,
          0.0,
          0.0,
          1.0
        ]
      ]
    },
    {
      "file_path": "/media/NFS/ttao/scannet/posed_images/scene0465_01/00287.jpg",
      "transform_matrix": [
        [
          -0.533866,
          0.051527,
          -0.843998,
          4.124186
        ],
        [
          0.845544,
          0.024744,
          -0.533333,
          3.449581
        ],
        [
          -0.006597,
          -0.998365,
          -0.056779,
          1.532795
        ],
        [
          0.0,
          0.0,
          0.0,
          1.0
        ]
      ]
    },
    {
      "file_path": "/media/NFS/ttao/scannet/posed_images/scene0465_01/00300.jpg",
      "transform_matrix": [
        [
          -0.598393,
          0.086988,
          -0.796466,
          4.141408
        ],
        [
          0.800937,
          0.039375,
          -0.597452,
          3.438878
        ],
        [
          -0.02061,
          -0.995431,
          -0.093234,
          1.529405
        ],
        [
          0.0,
          0.0,
          0.0,
          1.0
        ]
      ]
    },
    {
      "file_path": "/media/NFS/ttao/scannet/posed_images/scene0465_01/00312.jpg",
      "transform_matrix": [
        [
          -0.619992,
          0.129026,
          -0.773927,
          4.145541
        ],
        [
          0.783591,
          0.051609,
          -0.61913,
          3.438096
        ],
        [
          -0.039942,
          -0.990297,
          -0.133101,
          1.512818
        ],
        [
          0.0,
          0.0,
          0.0,
          1.0
        ]
      ]
    },
    {
      "file_path": "/media/NFS/ttao/scannet/posed_images/scene0465_01/00338.jpg",
      "transform_matrix": [
        [
          -0.619796,
          0.301852,
          -0.724388,
          4.142143
        ],
        [
          0.784113,
          0.200629,
          -0.587295,
          3.414811
        ],
        [
          -0.031943,
          -0.932005,
          -0.361035,
          1.472122
        ],
        [
          0.0,
          0.0,
          0.0,
          1.0
        ]
      ]
    },
    {
      "file_path": "/media/NFS/ttao/scannet/posed_images/scene0465_01/00357.jpg",
      "transform_matrix": [
        [
          -0.588307,
          0.419151,
          -0.691525,
          4.134512
        ],
        [
          0.80784,
          0.266677,
          -0.525621,
          3.397267
        ],
        [
          -0.0359,
          -0.867869,
          -0.495495,
          1.438597
        ],
        [
          0.0,
          0.0,
          0.0,
          1.0
        ]
      ]
    },
    {
      "file_path": "/media/NFS/ttao/scannet/posed_images/scene0465_01/00376.jpg",
      "transform_matrix": [
        [
          -0.564124,
          0.510833,
          -0.648702,
          4.113331
        ],
        [
          0.824095,
          0.299523,
          -0.480784,
          3.389764
        ],
        [
          -0.051299,
          -0.805814,
          -0.589943,
          1.404285
        ],
        [
          0.0,
          0.0,
          0.0,
          1.0
        ]
      ]
    },
    {
      "file_path": "/media/NFS/ttao/scannet/posed_images/scene0465_01/00414.jpg",
      "transform_matrix": [
        [
          -0.863198,
          0.286031,
          -0.416024,
          4.143242
        ],
        [
          0.502807,
          0.412718,
          -0.759506,
          3.451044
        ],
        [
          -0.045541,
          -0.864783,
          -0.500076,
          1.418767
        ],
        [
          0.0,
          0.0,
          0.0,
          1.0
        ]
      ]
    },
    {
      "file_path": "/media/NFS/ttao/scannet/posed_images/scene0465_01/00434.jpg",
      "transform_matrix": [
        [
          -0.927584,
          0.195223,
          -0.318552,
          4.128001
        ],
        [
          0.372172,
          0.407974,
          -0.833694,
          3.392731
        ],
        [
          -0.032795,
          -0.891878,
          -0.451087,
          1.447461
        ],
        [
          0.0,
          0.0,
          0.0,
          1.0
        ]
      ]
    },
    {
      "file_path": "/media/NFS/ttao/scannet/posed_images/scene0465_01/00440.jpg",
      "transform_matrix": [
        [
          -0.937701,
          0.174947,
          -0.300184,
          4.121663
        ],
        [
          0.345572,
          0.380071,
          -0.857978,
          3.398915
        ],
        [
          -0.036009,
          -0.908262,
          -0.416849,
          1.455709
        ],
        [
          0.0,
          0.0,
          0.0,
          1.0
        ]
      ]
    },
    {
      "file_path": "/media/NFS/ttao/scannet/posed_images/scene0465_01/00472.jpg",
      "transform_matrix": [
        [
          -0.985278,
          0.057464,
          -0.161011,
          4.04491
        ],
        [
          0.169268,
          0.195794,
          -0.965926,
          3.480601
        ],
        [
          -0.023981,
          -0.97896,
          -0.202638,
          1.51854
        ],
        [
          0.0,
          0.0,
          0.0,
          1.0
        ]
      ]
    },
    {
      "file_path": "/media/NFS/ttao/scannet/posed_images/scene0465_01/00491.jpg",
      "transform_matrix": [
        [
          -0.981834,
          0.038112,
          -0.185877,
          4.00106
        ],
        [
          0.189142,
          0.118632,
          -0.974757,
          3.530879
        ],
        [
          -0.015099,
          -0.992207,
          -0.123685,
          1.536625
        ],
        [
          0.0,
          0.0,
          0.0,
          1.0
        ]
      ]
    },
    {
      "file_path": "/media/NFS/ttao/scannet/posed_images/scene0465_01/00504.jpg",
      "transform_matrix": [
        [
          -0.996716,
          0.012935,
          -0.079938,
          3.993119
        ],
        [
          0.080953,
          0.134609,
          -0.987586,
          3.549033
        ],
        [
          -0.002014,
          -0.990815,
          -0.135214,
          1.52833
        ],
        [
          0.0,
          0.0,
          0.0,
          1.0
        ]
      ]
    },
    {
      "file_path": "/media/NFS/ttao/scannet/posed_images/scene0465_01/00529.jpg",
      "transform_matrix": [
        [
          -0.981698,
          -0.043346,
          0.185445,
          4.026623
        ],
        [
          -0.190226,
          0.17667,
          -0.965713,
          3.509375
        ],
        [
          0.009097,
          -0.983315,
          -0.181683,
          1.530303
        ],
        [
          0.0,
          0.0,
          0.0,
          1.0
        ]
      ]
    },
    {
      "file_path": "/media/NFS/ttao/scannet/posed_images/scene0465_01/00561.jpg",
      "transform_matrix": [
        [
          -0.889149,
          -0.103155,
          0.445839,
          3.98344
        ],
        [
          -0.455625,
          0.290371,
          -0.841481,
          3.537967
        ],
        [
          -0.042656,
          -0.951338,
          -0.305184,
          1.497808
        ],
        [
          0.0,
          0.0,
          0.0,
          1.0
        ]
      ]
    },
    {
      "file_path": "/media/NFS/ttao/scannet/posed_images/scene0465_01/00587.jpg",
      "transform_matrix": [
        [
          -0.813932,
          -0.193095,
          0.547931,
          3.885661
        ],
        [
          -0.576603,
          0.383788,
          -0.721273,
          3.565268
        ],
        [
          -0.071015,
          -0.903007,
          -0.423717,
          1.474179
        ],
        [
          0.0,
          0.0,
          0.0,
          1.0
        ]
      ]
    },
    {
      "file_path": "/media/NFS/ttao/scannet/posed_images/scene0465_01/00593.jpg",
      "transform_matrix": [
        [
          -0.827273,
          -0.197602,
          0.525901,
          3.884588
        ],
        [
          -0.55797,
          0.398103,
          -0.728137,
          3.579288
        ],
        [
          -0.065482,
          -0.895805,
          -0.439597,
          1.465993
        ],
        [
          0.0,
          0.0,
          0.0,
          1.0
        ]
      ]
    },
    {
      "file_path": "/media/NFS/ttao/scannet/posed_images/scene0465_01/00618.jpg",
      "transform_matrix": [
        [
          -0.781494,
          -0.334898,
          0.526412,
          3.924972
        ],
        [
          -0.622437,
          0.476477,
          -0.62092,
          3.677074
        ],
        [
          -0.042879,
          -0.812904,
          -0.580817,
          1.421479
        ],
        [
          0.0,
          0.0,
          0.0,
          1.0
        ]
      ]
    },
    {
      "file_path": "/media/NFS/ttao/scannet/posed_images/scene0465_01/00644.jpg",
      "transform_matrix": [
        [
          -0.505077,
          -0.500962,
          0.702806,
          3.883095
        ],
        [
          -0.861211,
          0.346025,
          -0.372268,
          3.723392
        ],
        [
          -0.056697,
          -0.793287,
          -0.606202,
          1.417849
        ],
        [
          0.0,
          0.0,
          0.0,
          1.0
        ]
      ]
    },
    {
      "file_path": "/media/NFS/ttao/scannet/posed_images/scene0465_01/00663.jpg",
      "transform_matrix": [
        [
          -0.328793,
          -0.559908,
          0.760525,
          3.85812
        ],
        [
          -0.942559,
          0.24484,
          -0.227236,
          3.747889
        ],
        [
          -0.058976,
          -0.791553,
          -0.608248,
          1.421417
        ],
        [
          0.0,
          0.0,
          0.0,
          1.0
        ]
      ]
    },
    {
      "file_path": "/media/NFS/ttao/scannet/posed_images/scene0465_01/00682.jpg",
      "transform_matrix": [
        [
          -0.218895,
          -0.516518,
          0.827825,
          3.829226
        ],
        [
          -0.974393,
          0.160422,
          -0.157556,
          3.765483
        ],
        [
          -0.051421,
          -0.841115,
          -0.538406,
          1.443136
        ],
        [
          0.0,
          0.0,
          0.0,
          1.0
        ]
      ]
    },
    {
      "file_path": "/media/NFS/ttao/scannet/posed_images/scene0465_01/00701.jpg",
      "transform_matrix": [
        [
          -0.19,
          -0.385544,
          0.902916,
          3.810587
        ],
        [
          -0.980497,
          0.121612,
          -0.154397,
          3.776013
        ],
        [
          -0.050279,
          -0.91464,
          -0.40113,
          1.48483
        ],
        [
          0.0,
          0.0,
          0.0,
          1.0
        ]
      ]
    },
    {
      "file_path": "/media/NFS/ttao/scannet/posed_images/scene0465_01/00733.jpg",
      "transform_matrix": [
        [
          -0.249423,
          -0.161783,
          0.954785,
          3.797905
        ],
        [
          -0.967981,
          0.070448,
          -0.240933,
          3.773178
        ],
        [
          -0.028284,
          -0.984309,
          -0.174175,
          1.551618
        ],
        [
          0.0,
          0.0,
          0.0,
          1.0
        ]
      ]
    },
    {
      "file_path": "/media/NFS/ttao/scannet/posed_images/scene0465_01/00740.jpg",
      "transform_matrix": [
        [
          -0.257497,
          -0.116898,
          0.959182,
          3.789512
        ],
        [
          -0.965802,
          0.06235,
          -0.251675,
          3.772361
        ],
        [
          -0.030385,
          -0.991185,
          -0.128955,
          1.552408
        ],
        [
          0.0,
          0.0,
          0.0,
          1.0
        ]
      ]
    },
    {
      "file_path": "/media/NFS/ttao/scannet/posed_images/scene0465_01/00771.jpg",
      "transform_matrix": [
        [
          -0.501969,
          0.041596,
          0.863885,
          3.807012
        ],
        [
          -0.863817,
          0.025539,
          -0.503159,
          3.805347
        ],
        [
          -0.042992,
          -0.998808,
          0.023111,
          1.573148
        ],
        [
          0.0,
          0.0,
          0.0,
          1.0
        ]
      ]
    },
    {
      "file_path": "/media/NFS/ttao/scannet/posed_images/scene0465_01/00797.jpg",
      "transform_matrix": [
        [
          -0.674488,
          -0.137272,
          0.725412,
          3.823705
        ],
        [
          -0.736742,
          0.18867,
          -0.649319,
          3.703547
        ],
        [
          -0.047731,
          -0.972399,
          -0.22839,
          1.517522
        ],
        [
          0.0,
          0.0,
          0.0,
          1.0
        ]
      ]
    },
    {
      "file_path": "/media/NFS/ttao/scannet/posed_images/scene0465_01/00810.jpg",
      "transform_matrix": [
        [
          -0.745014,
          -0.222725,
          0.628768,
          3.837881
        ],
        [
          -0.665225,
          0.317749,
          -0.675657,
          3.666631
        ],
        [
          -0.049305,
          -0.921645,
          -0.384889,
          1.457653
        ],
        [
          0.0,
          0.0,
          0.0,
          1.0
        ]
      ]
    },
    {
      "file_path": "/media/NFS/ttao/scannet/posed_images/scene0465_01/00842.jpg",
      "transform_matrix": [
        [
          -0.755351,
          -0.31952,
          0.572147,
          3.6752
        ],
        [
          -0.654903,
          0.399227,
          -0.641654,
          3.560813
        ],
        [
          -0.023395,
          -0.859375,
          -0.510811,
          1.400531
        ],
        [
          0.0,
          0.0,
          0.0,
          1.0
        ]
      ]
    },
    {
      "file_path": "/media/NFS/ttao/scannet/posed_images/scene0465_01/00861.jpg",
      "transform_matrix": [
        [
          -0.724925,
          -0.366641,
          0.583145,
          3.548686
        ],
        [
          -0.688802,
          0.378447,
          -0.618329,
          3.36979
        ],
        [
          0.006015,
          -0.849913,
          -0.526888,
          1.374915
        ],
        [
          0.0,
          0.0,
          0.0,
          1.0
        ]
      ]
    },
    {
      "file_path": "/media/NFS/ttao/scannet/posed_images/scene0465_01/00867.jpg",
      "transform_matrix": [
        [
          -0.68411,
          -0.364541,
          0.631746,
          3.493979
        ],
        [
          -0.729232,
          0.359247,
          -0.582377,
          3.344105
        ],
        [
          -0.014653,
          -0.859099,
          -0.511599,
          1.391226
        ],
        [
          0.0,
          0.0,
          0.0,
          1.0
        ]
      ]
    },
    {
      "file_path": "/media/NFS/ttao/scannet/posed_images/scene0465_01/00905.jpg",
      "transform_matrix": [
        [
          -0.588219,
          -0.500785,
          0.634991,
          2.995471
        ],
        [
          -0.806715,
          0.308353,
          -0.504112,
          3.504376
        ],
        [
          0.056651,
          -0.808785,
          -0.58537,
          1.386539
        ],
        [
          0.0,
          0.0,
          0.0,
          1.0
        ]
      ]
    },
    {
      "file_path": "/media/NFS/ttao/scannet/posed_images/scene0465_01/00912.jpg",
      "transform_matrix": [
        [
          -0.528823,
          -0.507892,
          0.679994,
          2.894356
        ],
        [
          -0.847873,
          0.280096,
          -0.450175,
          3.511475
        ],
        [
          0.038177,
          -0.814611,
          -0.57875,
          1.400618
        ],
        [
          0.0,
          0.0,
          0.0,
          1.0
        ]
      ]
    },
    {
      "file_path": "/media/NFS/ttao/scannet/posed_images/scene0465_01/00937.jpg",
      "transform_matrix": [
        [
          -0.336864,
          -0.476035,
          0.812351,
          2.515277
        ],
        [
          -0.941545,
          0.166524,
          -0.292855,
          3.510636
        ],
        [
          0.004133,
          -0.863516,
          -0.504304,
          1.432244
        ],
        [
          0.0,
          0.0,
          0.0,
          1.0
        ]
      ]
    },
    {
      "file_path": "/media/NFS/ttao/scannet/posed_images/scene0465_01/00969.jpg",
      "transform_matrix": [
        [
          -0.081511,
          -0.490575,
          0.867578,
          2.118016
        ],
        [
          -0.996067,
          0.070422,
          -0.053762,
          3.500056
        ],
        [
          -0.034723,
          -0.868549,
          -0.494386,
          1.404081
        ],
        [
          0.0,
          0.0,
          0.0,
          1.0
        ]
      ]
    },
    {
      "file_path": "/media/NFS/ttao/scannet/posed_images/scene0465_01/00976.jpg",
      "transform_matrix": [
        [
          -0.116098,
          -0.477498,
          0.870929,
          2.048515
        ],
        [
          -0.991328,
          0.11005,
          -0.071812,
          3.534881
        ],
        [
          -0.061556,
          -0.871714,
          -0.486134,
          1.417874
        ],
        [
          0.0,
          0.0,
          0.0,
          1.0
        ]
      ]
    },
    {
      "file_path": "/media/NFS/ttao/scannet/posed_images/scene0465_01/00995.jpg",
      "transform_matrix": [
        [
          -0.223396,
          -0.46519,
          0.856559,
          1.900522
        ],
        [
          -0.97342,
          0.151973,
          -0.171339,
          3.631716
        ],
        [
          -0.050469,
          -0.872068,
          -0.486775,
          1.427829
        ],
        [
          0.0,
          0.0,
          0.0,
          1.0
        ]
      ]
    },
    {
      "file_path": "/media/NFS/ttao/scannet/posed_images/scene0465_01/01027.jpg",
      "transform_matrix": [
        [
          -0.306799,
          -0.45226,
          0.837458,
          1.723526
        ],
        [
          -0.951726,
          0.13688,
          -0.274741,
          3.640174
        ],
        [
          0.009623,
          -0.88132,
          -0.472422,
          1.461916
        ],
        [
          0.0,
          0.0,
          0.0,
          1.0
        ]
      ]
    },
    {
      "file_path": "/media/NFS/ttao/scannet/posed_images/scene0465_01/01046.jpg",
      "transform_matrix": [
        [
          -0.319038,
          -0.222795,
          0.921183,
          1.639647
        ],
        [
          -0.947398,
          0.048763,
          -0.316323,
          3.646687
        ],
        [
          0.025555,
          -0.973645,
          -0.226632,
          1.524656
        ],
        [
          0.0,
          0.0,
          0.0,
          1.0
        ]
      ]
    },
    {
      "file_path": "/media/NFS/ttao/scannet/posed_images/scene0465_01/01058.jpg",
      "transform_matrix": [
        [
          -0.341388,
          -0.119203,
          0.932333,
          1.602551
        ],
        [
          -0.93974,
          0.023719,
          -0.341068,
          3.619488
        ],
        [
          0.018543,
          -0.992587,
          -0.120117,
          1.53098
        ],
        [
          0.0,
          0.0,
          0.0,
          1.0
        ]
      ]
    },
    {
      "file_path": "/media/NFS/ttao/scannet/posed_images/scene0465_01/01097.jpg",
      "transform_matrix": [
        [
          -0.494704,
          -0.383936,
          0.779654,
          1.598488
        ],
        [
          -0.868081,
          0.2609,
          -0.422334,
          3.560325
        ],
        [
          -0.041263,
          -0.885734,
          -0.462356,
          1.444808
        ],
        [
          0.0,
          0.0,
          0.0,
          1.0
        ]
      ]
    },
    {
      "file_path": "/media/NFS/ttao/scannet/posed_images/scene0465_01/01103.jpg",
      "transform_matrix": [
        [
          -0.480653,
          -0.411882,
          0.774161,
          1.593059
        ],
        [
          -0.876352,
          0.257117,
          -0.407305,
          3.56602
        ],
        [
          -0.031289,
          -0.87421,
          -0.484538,
          1.426895
        ],
        [
          0.0,
          0.0,
          0.0,
          1.0
        ]
      ]
    },
    {
      "file_path": "/media/NFS/ttao/scannet/posed_images/scene0465_01/01135.jpg",
      "transform_matrix": [
        [
          -0.603397,
          -0.459942,
          0.651433,
          1.590938
        ],
        [
          -0.797329,
          0.361648,
          -0.483195,
          3.516527
        ],
        [
          -0.013348,
          -0.810965,
          -0.584943,
          1.395951
        ],
        [
          0.0,
          0.0,
          0.0,
          1.0
        ]
      ]
    },
    {
      "file_path": "/media/NFS/ttao/scannet/posed_images/scene0465_01/01160.jpg",
      "transform_matrix": [
        [
          -0.782961,
          -0.319044,
          0.534025,
          1.548574
        ],
        [
          -0.622025,
          0.391096,
          -0.678328,
          3.456067
        ],
        [
          0.007561,
          -0.863281,
          -0.504667,
          1.413776
        ],
        [
          0.0,
          0.0,
          0.0,
          1.0
        ]
      ]
    },
    {
      "file_path": "/media/NFS/ttao/scannet/posed_images/scene0465_01/01173.jpg",
      "transform_matrix": [
        [
          -0.858438,
          -0.22987,
          0.458523,
          1.533249
        ],
        [
          -0.512915,
          0.382273,
          -0.768626,
          3.439577
        ],
        [
          0.001403,
          -0.895001,
          -0.446061,
          1.435074
        ],
        [
          0.0,
          0.0,
          0.0,
          1.0
        ]
      ]
    },
    {
      "file_path": "/media/NFS/ttao/scannet/posed_images/scene0465_01/01199.jpg",
      "transform_matrix": [
        [
          -0.980553,
          -0.080058,
          0.179183,
          1.534343
        ],
        [
          -0.196142,
          0.368784,
          -0.908585,
          3.426832
        ],
        [
          0.00666,
          -0.926061,
          -0.377315,
          1.451163
        ],
        [
          0.0,
          0.0,
          0.0,
          1.0
        ]
      ]
    },
    {
      "file_path": "/media/NFS/ttao/scannet/posed_images/scene0465_01/01224.jpg",
      "transform_matrix": [
        [
          -0.995654,
          0.018719,
          -0.091229,
          1.59488
        ],
        [
          0.091781,
          0.363303,
          -0.927139,
          3.413532
        ],
        [
          0.015789,
          -0.931483,
          -0.363442,
          1.447341
        ],
        [
          0.0,
          0.0,
          0.0,
          1.0
        ]
      ]
    },
    {
      "file_path": "/media/NFS/ttao/scannet/posed_images/scene0465_01/01243.jpg",
      "transform_matrix": [
        [
          -0.95954,
          0.034946,
          -0.279396,
          1.639409
        ],
        [
          0.277836,
          0.27863,
          -0.919333,
          3.402728
        ],
        [
          0.045721,
          -0.959763,
          -0.277066,
          1.497708
        ],
        [
          0.0,
          0.0,
          0.0,
          1.0
        ]
      ]
    },
    {
      "file_path": "/media/NFS/ttao/scannet/posed_images/scene0465_01/01256.jpg",
      "transform_matrix": [
        [
          -0.939704,
          0.005132,
          -0.341952,
          1.644433
        ],
        [
          0.335707,
          0.204621,
          -0.919473,
          3.416009
        ],
        [
          0.065252,
          -0.978828,
          -0.194006,
          1.506808
        ],
        [
          0.0,
          0.0,
          0.0,
          1.0
        ]
      ]
    },
    {
      "file_path": "/media/NFS/ttao/scannet/posed_images/scene0465_01/01275.jpg",
      "transform_matrix": [
        [
          -0.899269,
          0.116426,
          -0.421616,
          1.612853
        ],
        [
          0.430637,
          0.404471,
          -0.806818,
          3.401409
        ],
        [
          0.076597,
          -0.90711,
          -0.413866,
          1.463053
        ],
        [
          0.0,
          0.0,
          0.0,
          1.0
        ]
      ]
    },
    {
      "file_path": "/media/NFS/ttao/scannet/posed_images/scene0465_01/01294.jpg",
      "transform_matrix": [
        [
          -0.88947,
          0.189947,
          -0.415647,
          1.587318
        ],
        [
          0.451624,
          0.504368,
          -0.735968,
          3.420181
        ],
        [
          0.069844,
          -0.842338,
          -0.534405,
          1.417287
        ],
        [
          0.0,
          0.0,
          0.0,
          1.0
        ]
      ]
    },
    {
      "file_path": "/media/NFS/ttao/scannet/posed_images/scene0465_01/01313.jpg",
      "transform_matrix": [
        [
          -0.82829,
          0.264945,
          -0.4937,
          1.573788
        ],
        [
          0.555886,
          0.498959,
          -0.664854,
          3.486465
        ],
        [
          0.070187,
          -0.825133,
          -0.560562,
          1.412169
        ],
        [
          0.0,
          0.0,
          0.0,
          1.0
        ]
      ]
    },
    {
      "file_path": "/media/NFS/ttao/scannet/posed_images/scene0465_01/01352.jpg",
      "transform_matrix": [
        [
          -0.874291,
          0.353926,
          -0.332192,
          1.539202
        ],
        [
          0.484685,
          0.673708,
          -0.557852,
          3.451612
        ],
        [
          0.026362,
          -0.648733,
          -0.760559,
          1.377439
        ],
        [
          0.0,
          0.0,
          0.0,
          1.0
        ]
      ]
    },
    {
      "file_path": "/media/NFS/ttao/scannet/posed_images/scene0465_01/01371.jpg",
      "transform_matrix": [
        [
          -0.8768,
          0.217729,
          -0.428737,
          1.539894
        ],
        [
          0.480325,
          0.438409,
          -0.759661,
          3.484135
        ],
        [
          0.022562,
          -0.872004,
          -0.488978,
          1.484343
        ],
        [
          0.0,
          0.0,
          0.0,
          1.0
        ]
      ]
    },
    {
      "file_path": "/media/NFS/ttao/scannet/posed_images/scene0465_01/01390.jpg",
      "transform_matrix": [
        [
          -0.863886,
          0.07623,
          -0.497885,
          1.534922
        ],
        [
          0.502932,
          0.184662,
          -0.844369,
          3.513876
        ],
        [
          0.027574,
          -0.979841,
          -0.197865,
          1.53633
        ],
        [
          0.0,
          0.0,
          0.0,
          1.0
        ]
      ]
    },
    {
      "file_path": "/media/NFS/ttao/scannet/posed_images/scene0465_01/01396.jpg",
      "transform_matrix": [
        [
          -0.859407,
          0.053074,
          -0.50853,
          1.535226
        ],
        [
          0.510684,
          0.137568,
          -0.848691,
          3.5134
        ],
        [
          0.024914,
          -0.989069,
          -0.145331,
          1.560685
        ],
        [
          0.0,
          0.0,
          0.0,
          1.0
        ]
      ]
    },
    {
      "file_path": "/media/NFS/ttao/scannet/posed_images/scene0465_01/01428.jpg",
      "transform_matrix": [
        [
          -0.929394,
          -0.10438,
          -0.354022,
          1.590804
        ],
        [
          0.366966,
          -0.158593,
          -0.916616,
          3.552432
        ],
        [
          0.039531,
          -0.981811,
          0.185699,
          1.636443
        ],
        [
          0.0,
          0.0,
          0.0,
          1.0
        ]
      ]
    },
    {
      "file_path": "/media/NFS/ttao/scannet/posed_images/scene0465_01/01454.jpg",
      "transform_matrix": [
        [
          -0.982139,
          -0.104879,
          -0.156212,
          1.667303
        ],
        [
          0.172721,
          -0.173258,
          -0.969613,
          3.58318
        ],
        [
          0.074627,
          -0.979276,
          0.188279,
          1.691188
        ],
        [
          0.0,
          0.0,
          0.0,
          1.0
        ]
      ]
    },
    {
      "file_path": "/media/NFS/ttao/scannet/posed_images/scene0465_01/01460.jpg",
      "transform_matrix": [
        [
          -0.991701,
          -0.088109,
          -0.093631,
          1.662919
        ],
        [
          0.106766,
          -0.158635,
          -0.981548,
          3.59732
        ],
        [
          0.071631,
          -0.983398,
          0.166725,
          1.686363
        ],
        [
          0.0,
          0.0,
          0.0,
          1.0
        ]
      ]
    },
    {
      "file_path": "/media/NFS/ttao/scannet/posed_images/scene0465_01/01492.jpg",
      "transform_matrix": [
        [
          -0.928599,
          -0.024531,
          0.370274,
          1.427714
        ],
        [
          -0.366103,
          -0.102392,
          -0.924924,
          3.546966
        ],
        [
          0.060603,
          -0.994442,
          0.0861,
          1.643373
        ],
        [
          0.0,
          0.0,
          0.0,
          1.0
        ]
      ]
    },
    {
      "file_path": "/media/NFS/ttao/scannet/posed_images/scene0465_01/01517.jpg",
      "transform_matrix": [
        [
          -0.829702,
          -0.01356,
          0.558042,
          1.437235
        ],
        [
          -0.556628,
          -0.05505,
          -0.828936,
          3.50781
        ],
        [
          0.04196,
          -0.998392,
          0.038127,
          1.674814
        ],
        [
          0.0,
          0.0,
          0.0,
          1.0
        ]
      ]
    },
    {
      "file_path": "/media/NFS/ttao/scannet/posed_images/scene0465_01/01537.jpg",
      "transform_matrix": [
        [
          -0.797943,
          -0.085302,
          0.596666,
          1.479753
        ],
        [
          -0.602263,
          0.073738,
          -0.794885,
          3.487349
        ],
        [
          0.023808,
          -0.993623,
          -0.110213,
          1.617416
        ],
        [
          0.0,
          0.0,
          0.0,
          1.0
        ]
      ]
    },
    {
      "file_path": "/media/NFS/ttao/scannet/posed_images/scene0465_01/01549.jpg",
      "transform_matrix": [
        [
          -0.812008,
          -0.141397,
          0.56626,
          1.501197
        ],
        [
          -0.583383,
          0.167437,
          -0.794751,
          3.492508
        ],
        [
          0.017562,
          -0.975691,
          -0.218449,
          1.572574
        ],
        [
          0.0,
          0.0,
          0.0,
          1.0
        ]
      ]
    },
    {
      "file_path": "/media/NFS/ttao/scannet/posed_images/scene0465_01/01568.jpg",
      "transform_matrix": [
        [
          -0.8179,
          -0.225096,
          0.529501,
          1.496049
        ],
        [
          -0.574862,
          0.357981,
          -0.735787,
          3.440202
        ],
        [
          -0.023928,
          -0.906191,
          -0.422192,
          1.493823
        ],
        [
          0.0,
          0.0,
          0.0,
          1.0
        ]
      ]
    },
    {
      "file_path": "/media/NFS/ttao/scannet/posed_images/scene0465_01/01600.jpg",
      "transform_matrix": [
        [
          -0.646112,
          -0.431941,
          0.629258,
          1.554463
        ],
        [
          -0.762749,
          0.395058,
          -0.512,
          3.421825
        ],
        [
          -0.02744,
          -0.810775,
          -0.584714,
          1.415883
        ],
        [
          0.0,
          0.0,
          0.0,
          1.0
        ]
      ]
    },
    {
      "file_path": "/media/NFS/ttao/scannet/posed_images/scene0465_01/01626.jpg",
      "transform_matrix": [
        [
          -0.272101,
          -0.58883,
          0.761079,
          1.602706
        ],
        [
          -0.961376,
          0.200425,
          -0.188647,
          3.455267
        ],
        [
          -0.041458,
          -0.783013,
          -0.620622,
          1.385633
        ],
        [
          0.0,
          0.0,
          0.0,
          1.0
        ]
      ]
    },
    {
      "file_path": "/media/NFS/ttao/scannet/posed_images/scene0465_01/01639.jpg",
      "transform_matrix": [
        [
          -0.102715,
          -0.631606,
          0.768456,
          1.582221
        ],
        [
          -0.992133,
          0.120636,
          -0.03346,
          3.44538
        ],
        [
