{
  "frames": [
    {
      "file_path": "/media/NFS/ttao/scannet/posed_images/scene0052_01/00000.jpg",
      "transform_matrix": [
        [
          -0.999914,
          0.01192,
          -0.005516,
          2.511106
        ],
        [
          0.008801,
          0.296331,
          -0.955045,
          2.992296
        ],
        [
          -0.009749,
          -0.955011,
          -0.296411,
          1.519324
        ],
        [
          0.0,
          0.0,
          0.0,
          1.0
        ]
      ]
    },
    {
      "file_path": "/media/NFS/ttao/scannet/posed_images/scene0052_01/00002.jpg",
      "transform_matrix": [
        [
          -0.999648,
          0.023426,
          -0.012442,
          2.497469
        ],
        [
          0.018822,
          0.295968,
          -0.955012,
          2.990002
        ],
        [
          -0.018689,
          -0.954911,
          -0.296305,
          1.513343
        ],
        [
          0.0,
          0.0,
          0.0,
          1.0
        ]
      ]
    },
    {
      "file_path": "/media/NFS/ttao/scannet/posed_images/scene0052_01/00007.jpg",
      "transform_matrix": [
        [
          -0.999557,
          0.02973,
          0.001558,
          2.503121
        ],
        [
          0.007589,
          0.305071,
          -0.952299,
          2.989165
        ],
        [
          -0.028787,
          -0.951865,
          -0.305161,
          1.497954
        ],
        [
          0.0,
          0.0,
          0.0,
          1.0
        ]
      ]
    },
    {
      "file_path": "/media/NFS/ttao/scannet/posed_images/scene0052_01/00010.jpg",
      "transform_matrix": [
        [
          -0.999291,
          0.034969,
          0.013934,
          2.491142
        ],
        [
          -0.001868,
          0.323629,
          -0.946182,
          2.977498
        ],
        [
          -0.037596,
          -0.945538,
          -0.323335,
          1.505096
        ],
        [
          0.0,
          0.0,
          0.0,
          1.0
        ]
      ]
    },
    {
      "file_path": "/media/NFS/ttao/scannet/posed_images/scene0052_01/00011.jpg",
      "transform_matrix": [
        [
          -0.9992,
          0.034934,
          0.019499,
          2.48076
        ],
        [
          -0.007248,
          0.321276,
          -0.946958,
          2.981589
        ],
        [
          -0.039345,
          -0.946341,
          -0.320766,
          1.491145
        ],
        [
          0.0,
          0.0,
          0.0,
          1.0
        ]
      ]
    },
    {
      "file_path": "/media/NFS/ttao/scannet/posed_images/scene0052_01/00016.jpg",
      "transform_matrix": [
        [
          -0.99891,
          0.045848,
          0.008728,
          2.476824
        ],
        [
          0.007511,
          0.342495,
          -0.93949,
          2.976008
        ],
        [
          -0.046063,
          -0.9384,
          -0.342466,
          1.458548
        ],
        [
          0.0,
          0.0,
          0.0,
          1.0
        ]
      ]
    },
    {
      "file_path": "/media/NFS/ttao/scannet/posed_images/scene0052_01/00019.jpg",
      "transform_matrix": [
        [
          -0.998173,
          0.0601,
          0.006294,
          2.482449
        ],
        [
          0.015915,
          0.361947,
          -0.932063,
          2.970619
        ],
        [
          -0.058295,
          -0.930259,
          -0.362242,
          1.43791
        ],
        [
          0.0,
          0.0,
          0.0,
          1.0
        ]
      ]
    },
    {
      "file_path": "/media/NFS/ttao/scannet/posed_images/scene0052_01/00020.jpg",
      "transform_matrix": [
        [
          -0.998141,
          0.060776,
          0.00451,
          2.487795
        ],
        [
          0.018877,
          0.378691,
          -0.92533,
          2.960892
        ],
        [
          -0.057946,
          -0.923525,
          -0.379135,
          1.451105
        ],
        [
          0.0,
          0.0,
          0.0,
          1.0
        ]
      ]
    },
    {
      "file_path": "/media/NFS/ttao/scannet/posed_images/scene0052_01/00025.jpg",
      "transform_matrix": [
        [
          -0.998055,
          0.060743,
          0.014053,
          2.50447
        ],
        [
          0.011545,
          0.40155,
          -0.915764,
          2.964094
        ],
        [
          -0.061269,
          -0.91382,
          -0.40147,
          1.407212
        ],
        [
          0.0,
          0.0,
          0.0,
          1.0
        ]
      ]
    },
    {
      "file_path": "/media/NFS/ttao/scannet/posed_images/scene0052_01/00028.jpg",
      "transform_matrix": [
        [
          -0.998671,
          0.050486,
          0.010361,
          2.513624
        ],
        [
          0.01124,
          0.409555,
          -0.912216,
          2.96205
        ],
        [
          -0.050298,
          -0.910887,
          -0.409578,
          1.404648
        ],
        [
          0.0,
          0.0,
          0.0,
          1.0
        ]
      ]
    },
    {
      "file_path": "/media/NFS/ttao/scannet/posed_images/scene0052_01/00029.jpg",
      "transform_matrix": [
        [
          -0.999036,
          0.043308,
          0.007207,
          2.515994
        ],
        [
          0.011179,
          0.409665,
          -0.912167,
          2.960692
        ],
        [
          -0.042457,
          -0.911207,
          -0.409754,
          1.406358
        ],
        [
          0.0,
          0.0,
          0.0,
          1.0
        ]
      ]
    },
    {
      "file_path": "/media/NFS/ttao/scannet/posed_images/scene0052_01/00032.jpg",
      "transform_matrix": [
        [
          -0.999493,
          0.031623,
          0.003885,
          2.51411
        ],
        [
          0.009736,
          0.41926,
          -0.907814,
          2.946102
        ],
        [
          -0.030336,
          -0.907315,
          -0.419355,
          1.443636
        ],
        [
          0.0,
          0.0,
          0.0,
          1.0
        ]
      ]
    },
    {
      "file_path": "/media/NFS/ttao/scannet/posed_images/scene0052_01/00035.jpg",
      "transform_matrix": [
        [
          -0.999732,
          0.021283,
          0.009089,
          2.52073
        ],
        [
          0.000495,
          0.412324,
          -0.911037,
          2.940094
        ],
        [
          -0.023138,
          -0.910789,
          -0.412224,
          1.464923
        ],
        [
          0.0,
          0.0,
          0.0,
          1.0
        ]
      ]
    },
    {
      "file_path": "/media/NFS/ttao/scannet/posed_images/scene0052_01/00038.jpg",
      "transform_matrix": [
        [
          -0.99983,
          0.006501,
          0.017278,
          2.519987
        ],
        [
          -0.013439,
          0.3853,
          -0.922694,
          2.940291
        ],
        [
          -0.012656,
          -0.922768,
          -0.385147,
          1.478587
        ],
        [
          0.0,
          0.0,
          0.0,
          1.0
        ]
      ]
    },
    {
      "file_path": "/media/NFS/ttao/scannet/posed_images/scene0052_01/00041.jpg",
      "transform_matrix": [
        [
          -0.999765,
          -0.000508,
          0.021685,
          2.525504
        ],
        [
          -0.020457,
          0.354422,
          -0.934862,
          2.941876
        ],
        [
          -0.00721,
          -0.935085,
          -0.354349,
          1.504785
        ],
        [
          0.0,
          0.0,
          0.0,
          1.0
        ]
      ]
    },
    {
      "file_path": "/media/NFS/ttao/scannet/posed_images/scene0052_01/00044.jpg",
      "transform_matrix": [
        [
          -0.999522,
          0.001025,
          0.030917,
          2.523933
        ],
        [
          -0.029005,
          0.316361,
          -0.948195,
          2.94122
        ],
        [
          -0.010753,
          -0.948638,
          -0.31618,
          1.532899
        ],
        [
          0.0,
          0.0,
          0.0,
          1.0
        ]
      ]
    },
    {
      "file_path": "/media/NFS/ttao/scannet/posed_images/scene0052_01/00047.jpg",
      "transform_matrix": [
        [
          -0.999223,
          0.001849,
          0.039368,
          2.532364
        ],
        [
          -0.037218,
          0.284284,
          -0.958017,
          2.944104
        ],
        [
          -0.012963,
          -0.958738,
          -0.283994,
          1.549975
        ],
        [
          0.0,
          0.0,
          0.0,
          1.0
        ]
      ]
    },
    {
      "file_path": "/media/NFS/ttao/scannet/posed_images/scene0052_01/00052.jpg",
      "transform_matrix": [
        [
          -0.9982,
          -0.008456,
          0.05937,
          2.530642
        ],
        [
          -0.059628,
          0.245311,
          -0.967609,
          2.948658
        ],
        [
          -0.006382,
          -0.969408,
          -0.245374,
          1.579315
        ],
        [
          0.0,
          0.0,
          0.0,
          1.0
        ]
      ]
    },
    {
      "file_path": "/media/NFS/ttao/scannet/posed_images/scene0052_01/00053.jpg",
      "transform_matrix": [
        [
          -0.997831,
          -0.013562,
          0.064423,
          2.526589
        ],
        [
          -0.065817,
          0.22889,
          -0.971225,
          2.947985
        ],
        [
          -0.001574,
          -0.973358,
          -0.229286,
          1.598225
        ],
        [
          0.0,
          0.0,
          0.0,
          1.0
        ]
      ]
    },
    {
      "file_path": "/media/NFS/ttao/scannet/posed_images/scene0052_01/00058.jpg",
      "transform_matrix": [
        [
          -0.998279,
          -0.01244,
          0.057311,
          2.523904
        ],
        [
          -0.058613,
          0.178826,
          -0.982133,
          2.95141
        ],
        [
          0.001969,
          -0.983802,
          -0.179248,
          1.622193
        ],
        [
          0.0,
          0.0,
          0.0,
          1.0
        ]
      ]
    },
    {
      "file_path": "/media/NFS/ttao/scannet/posed_images/scene0052_01/00059.jpg",
      "transform_matrix": [
        [
          -0.998265,
          -0.010772,
          0.057889,
          2.522419
        ],
        [
          -0.05888,
          0.172105,
          -0.983317,
          2.952404
        ],
        [
          0.000629,
          -0.98502,
          -0.17244,
          1.628938
        ],
        [
          0.0,
          0.0,
          0.0,
          1.0
        ]
      ]
    },
    {
      "file_path": "/media/NFS/ttao/scannet/posed_images/scene0052_01/00063.jpg",
      "transform_matrix": [
        [
          -0.997984,
          0.001205,
          0.063457,
          2.512455
        ],
        [
          -0.062546,
          0.151164,
          -0.986528,
          2.955437
        ],
        [
          -0.010781,
          -0.988508,
          -0.150784,
          1.635769
        ],
        [
          0.0,
          0.0,
          0.0,
          1.0
        ]
      ]
    },
    {
      "file_path": "/media/NFS/ttao/scannet/posed_images/scene0052_01/00065.jpg",
      "transform_matrix": [
        [
          -0.997845,
          0.003114,
          0.065541,
          2.508938
        ],
        [
          -0.064476,
          0.138725,
          -0.98823,
          2.955176
        ],
        [
          -0.012169,
          -0.990326,
          -0.138226,
          1.641092
        ],
        [
          0.0,
          0.0,
          0.0,
          1.0
        ]
      ]
    },
    {
      "file_path": "/media/NFS/ttao/scannet/posed_images/scene0052_01/00069.jpg",
      "transform_matrix": [
        [
          -0.997697,
          -0.004271,
          0.067699,
          2.50952
        ],
        [
          -0.067722,
          0.119979,
          -0.990464,
          2.955362
        ],
        [
          -0.003892,
          -0.992767,
          -0.119992,
          1.65949
        ],
        [
          0.0,
          0.0,
          0.0,
          1.0
        ]
      ]
    },
    {
      "file_path": "/media/NFS/ttao/scannet/posed_images/scene0052_01/00070.jpg",
      "transform_matrix": [
        [
          -0.997776,
          -0.007928,
          0.066185,
          2.514884
        ],
        [
          -0.066657,
          0.112333,
          -0.991432,
          2.958328
        ],
        [
          0.000426,
          -0.993639,
          -0.112611,
          1.645552
        ],
        [
          0.0,
          0.0,
          0.0,
          1.0
        ]
      ]
    },
    {
      "file_path": "/media/NFS/ttao/scannet/posed_images/scene0052_01/00075.jpg",
      "transform_matrix": [
        [
          -0.998564,
          -0.029214,
          0.044912,
          2.531206
        ],
        [
          -0.047822,
          0.108054,
          -0.992994,
          2.961621
        ],
        [
          0.024157,
          -0.993716,
          -0.109296,
          1.66442
        ],
        [
          0.0,
          0.0,
          0.0,
          1.0
        ]
      ]
    },
    {
      "file_path": "/media/NFS/ttao/scannet/posed_images/scene0052_01/00076.jpg",
      "transform_matrix": [
        [
          -0.998655,
          -0.031738,
          0.041009,
          2.543307
        ],
        [
          -0.044091,
          0.103425,
          -0.99366,
          2.965328
        ],
        [
          0.027295,
          -0.994131,
          -0.104685,
          1.670106
        ],
        [
          0.0,
          0.0,
          0.0,
          1.0
        ]
      ]
    },
    {
      "file_path": "/media/NFS/ttao/scannet/posed_images/scene0052_01/00081.jpg",
      "transform_matrix": [
        [
          -0.998935,
          -0.024486,
          0.039113,
          2.620839
        ],
        [
          -0.041116,
          0.087506,
          -0.995315,
          2.984875
        ],
        [
          0.020949,
          -0.995863,
          -0.088419,
          1.671384
        ],
        [
          0.0,
          0.0,
          0.0,
          1.0
        ]
      ]
    },
    {
      "file_path": "/media/NFS/ttao/scannet/posed_images/scene0052_01/00084.jpg",
      "transform_matrix": [
        [
          -0.999468,
          -0.001733,
          0.032569,
          2.674224
        ],
        [
          -0.0326,
          0.083393,
          -0.995983,
          2.994562
        ],
        [
          -0.00099,
          -0.996515,
          -0.083405,
          1.6756
        ],
        [
          0.0,
          0.0,
          0.0,
          1.0
        ]
      ]
    },
    {
      "file_path": "/media/NFS/ttao/scannet/posed_images/scene0052_01/00087.jpg",
      "transform_matrix": [
        [
          -0.999928,
          0.010471,
          0.00579,
          2.738567
        ],
        [
          -0.004952,
          0.078429,
          -0.996907,
          3.001868
        ],
        [
          -0.010893,
          -0.996865,
          -0.078372,
          1.669835
        ],
        [
          0.0,
          0.0,
          0.0,
          1.0
        ]
      ]
    },
    {
      "file_path": "/media/NFS/ttao/scannet/posed_images/scene0052_01/00088.jpg",
      "transform_matrix": [
        [
          -0.999878,
          0.014365,
          -0.006076,
          2.762828
        ],
        [
          0.007214,
          0.080515,
          -0.996727,
          3.00532
        ],
        [
          -0.013829,
          -0.99665,
          -0.080609,
          1.668074
        ],
        [
          0.0,
          0.0,
          0.0,
          1.0
        ]
      ]
    },
    {
      "file_path": "/media/NFS/ttao/scannet/posed_images/scene0052_01/00093.jpg",
      "transform_matrix": [
        [
          -0.998928,
          0.02599,
          -0.038314,
          2.885763
        ],
        [
          0.041027,
          0.113484,
          -0.992692,
          3.010008
        ],
        [
          -0.021452,
          -0.9932,
          -0.114428,
          1.643568
        ],
        [
          0.0,
          0.0,
          0.0,
          1.0
        ]
      ]
    },
    {
      "file_path": "/media/NFS/ttao/scannet/posed_images/scene0052_01/00094.jpg",
      "transform_matrix": [
        [
          -0.998668,
          0.024766,
          -0.045267,
          2.912053
        ],
        [
          0.047888,
          0.118191,
          -0.991835,
          3.009644
        ],
        [
          -0.019213,
          -0.992682,
          -0.119219,
          1.635499
        ],
        [
          0.0,
          0.0,
          0.0,
          1.0
        ]
      ]
    },
    {
      "file_path": "/media/NFS/ttao/scannet/posed_images/scene0052_01/00099.jpg",
      "transform_matrix": [
        [
          -0.999004,
          0.020158,
          -0.03981,
          3.009985
        ],
        [
          0.04232,
          0.145164,
          -0.988502,
          3.010604
        ],
        [
          -0.014147,
          -0.989202,
          -0.145873,
          1.599802
        ],
        [
          0.0,
          0.0,
          0.0,
          1.0
        ]
      ]
    },
    {
      "file_path": "/media/NFS/ttao/scannet/posed_images/scene0052_01/00100.jpg",
      "transform_matrix": [
        [
          -0.999344,
          0.012653,
          -0.033932,
          3.034596
        ],
        [
          0.035427,
          0.14726,
          -0.988463,
          3.009824
        ],
        [
          -0.00751,
          -0.989017,
          -0.147611,
          1.607689
        ],
        [
          0.0,
          0.0,
          0.0,
          1.0
        ]
      ]
    },
    {
      "file_path": "/media/NFS/ttao/scannet/posed_images/scene0052_01/00105.jpg",
      "transform_matrix": [
        [
          -0.99957,
          -0.029219,
          -0.002444,
          3.1415
        ],
        [
          -0.002049,
          0.152755,
          -0.988262,
          3.01957
        ],
        [
          0.02925,
          -0.987832,
          -0.15275,
          1.559105
        ],
        [
          0.0,
          0.0,
          0.0,
          1.0
        ]
      ]
    },
    {
      "file_path": "/media/NFS/ttao/scannet/posed_images/scene0052_01/00108.jpg",
      "transform_matrix": [
        [
          -0.998677,
          -0.040928,
          0.031135,
          3.18875
        ],
        [
          -0.037408,
          0.162736,
          -0.98596,
          3.015271
        ],
        [
          0.035286,
          -0.98582,
          -0.164051,
          1.556271
        ],
        [
          0.0,
          0.0,
          0.0,
          1.0
        ]
      ]
    },
    {
      "file_path": "/media/NFS/ttao/scannet/posed_images/scene0052_01/00111.jpg",
      "transform_matrix": [
        [
          -0.997076,
          -0.025881,
          0.071906,
          3.21927
        ],
        [
          -0.075065,
          0.155154,
          -0.985034,
          3.018484
        ],
        [
          0.014337,
          -0.987551,
          -0.156643,
          1.535252
        ],
        [
          0.0,
          0.0,
          0.0,
          1.0
        ]
      ]
    },
    {
      "file_path": "/media/NFS/ttao/scannet/posed_images/scene0052_01/00112.jpg",
      "transform_matrix": [
        [
          -0.996449,
          -0.018708,
          0.0821,
          3.234852
        ],
        [
          -0.083972,
          0.148337,
          -0.985365,
          3.02298
        ],
        [
          0.006256,
          -0.98876,
          -0.149381,
          1.520047
        ],
        [
          0.0,
          0.0,
          0.0,
          1.0
        ]
      ]
    },
    {
      "file_path": "/media/NFS/ttao/scannet/posed_images/scene0052_01/00117.jpg",
      "transform_matrix": [
        [
          -0.993619,
          0.021352,
          0.11075,
          3.299597
        ],
        [
          -0.106455,
          0.146888,
          -0.983408,
          3.021731
        ],
        [
          -0.037266,
          -0.988923,
          -0.143678,
          1.513301
        ],
        [
          0.0,
          0.0,
          0.0,
          1.0
        ]
      ]
    },
    {
      "file_path": "/media/NFS/ttao/scannet/posed_images/scene0052_01/00119.jpg",
      "transform_matrix": [
        [
          -0.993353,
          0.026756,
          0.111951,
          3.324625
        ],
        [
          -0.106664,
          0.15159,
          -0.982671,
          3.027721
        ],
        [
          -0.043263,
          -0.988081,
          -0.147728,
          1.50611
        ],
        [
          0.0,
          0.0,
          0.0,
          1.0
        ]
      ]
    },
    {
      "file_path": "/media/NFS/ttao/scannet/posed_images/scene0052_01/00120.jpg",
      "transform_matrix": [
        [
          -0.992968,
          0.02776,
          0.115082,
          3.321203
        ],
        [
          -0.109714,
          0.149348,
          -0.982679,
          3.023983
        ],
        [
          -0.044467,
          -0.988395,
          -0.145253,
          1.487193
        ],
        [
          0.0,
          0.0,
          0.0,
          1.0
        ]
      ]
    },
    {
      "file_path": "/media/NFS/ttao/scannet/posed_images/scene0052_01/00125.jpg",
      "transform_matrix": [
        [
          -0.991917,
          0.006975,
          0.1267,
          3.370316
        ],
        [
          -0.124141,
          0.153436,
          -0.98033,
          3.023549
        ],
        [
          -0.026278,
          -0.988134,
          -0.15133,
          1.475457
        ],
        [
          0.0,
          0.0,
          0.0,
          1.0
        ]
      ]
    },
    {
      "file_path": "/media/NFS/ttao/scannet/posed_images/scene0052_01/00126.jpg",
      "transform_matrix": [
        [
          -0.992074,
          0.001097,
          0.125654,
          3.384284
        ],
        [
          -0.123969,
          0.154896,
          -0.980122,
          3.026314
        ],
        [
          -0.020538,
          -0.98793,
          -0.153532,
          1.476971
        ],
        [
          0.0,
          0.0,
          0.0,
          1.0
        ]
      ]
    },
    {
      "file_path": "/media/NFS/ttao/scannet/posed_images/scene0052_01/00130.jpg",
      "transform_matrix": [
        [
          -0.993309,
          -0.013036,
          0.11475,
          3.449004
        ],
        [
          -0.115364,
          0.158015,
          -0.980674,
          3.036262
        ],
        [
          -0.005348,
          -0.987351,
          -0.158462,
          1.468105
        ],
        [
          0.0,
          0.0,
          0.0,
          1.0
        ]
      ]
    },
    {
      "file_path": "/media/NFS/ttao/scannet/posed_images/scene0052_01/00132.jpg",
      "transform_matrix": [
        [
          -0.993835,
          -0.018006,
          0.1094,
          3.478155
        ],
        [
          -0.110868,
          0.153166,
          -0.981961,
          3.043216
        ],
        [
          0.000925,
          -0.988036,
          -0.154218,
          1.447139
        ],
        [
          0.0,
          0.0,
          0.0,
          1.0
        ]
      ]
    },
    {
      "file_path": "/media/NFS/ttao/scannet/posed_images/scene0052_01/00137.jpg",
      "transform_matrix": [
        [
          -0.992829,
          -0.022327,
          0.117438,
          3.560844
        ],
        [
          -0.119539,
          0.17973,
          -0.976426,
          3.048977
        ],
        [
          0.000694,
          -0.983463,
          -0.18111,
          1.465801
        ],
        [
          0.0,
          0.0,
          0.0,
          1.0
        ]
      ]
    },
    {
      "file_path": "/media/NFS/ttao/scannet/posed_images/scene0052_01/00140.jpg",
      "transform_matrix": [
        [
          -0.99091,
          -0.02223,
          0.132681,
          3.586206
        ],
        [
          -0.134514,
          0.179169,
          -0.974579,
          3.056144
        ],
        [
          -0.002107,
          -0.983567,
          -0.180531,
          1.447093
        ],
        [
          0.0,
          0.0,
          0.0,
          1.0
        ]
      ]
    },
    {
      "file_path": "/media/NFS/ttao/scannet/posed_images/scene0052_01/00142.jpg",
      "transform_matrix": [
        [
          -0.98979,
          -0.025775,
          0.140184,
          3.605631
        ],
        [
          -0.142534,
          0.18012,
          -0.973263,
          3.060235
        ],
        [
          -0.000164,
          -0.983307,
          -0.181955,
          1.44635
        ],
        [
          0.0,
          0.0,
          0.0,
          1.0
        ]
      ]
    },
    {
      "file_path": "/media/NFS/ttao/scannet/posed_images/scene0052_01/00146.jpg",
      "transform_matrix": [
        [
          -0.988674,
          -0.031933,
          0.146644,
          3.633604
        ],
        [
          -0.150003,
          0.178805,
          -0.972383,
          3.059839
        ],
        [
          0.00483,
          -0.983366,
          -0.18157,
          1.445239
        ],
        [
          0.0,
          0.0,
          0.0,
          1.0
        ]
      ]
    },
    {
      "file_path": "/media/NFS/ttao/scannet/posed_images/scene0052_01/00149.jpg",
      "transform_matrix": [
        [
          -0.987044,
          -0.035639,
          0.156441,
          3.64841
        ],
        [
          -0.160244,
          0.169699,
          -0.972381,
          3.056382
        ],
        [
          0.008107,
          -0.984851,
          -0.173212,
          1.440932
        ],
        [
          0.0,
          0.0,
          0.0,
          1.0
        ]
      ]
    },
    {
      "file_path": "/media/NFS/ttao/scannet/posed_images/scene0052_01/00152.jpg",
      "transform_matrix": [
        [
          -0.986224,
          -0.032866,
          0.162115,
          3.660433
        ],
        [
          -0.165317,
          0.162339,
          -0.972788,
          3.049689
        ],
        [
          0.005654,
          -0.986188,
          -0.165536,
          1.440827
        ],
        [
          0.0,
          0.0,
          0.0,
          1.0
        ]
      ]
    },
    {
      "file_path": "/media/NFS/ttao/scannet/posed_images/scene0052_01/00155.jpg",
      "transform_matrix": [
        [
          -0.985563,
          -0.030069,
          0.16662,
          3.660647
        ],
        [
          -0.169263,
          0.151295,
          -0.973889,
          3.034698
        ],
        [
          0.004075,
          -0.988031,
          -0.1542,
          1.43947
        ],
        [
          0.0,
          0.0,
          0.0,
          1.0
        ]
      ]
    },
    {
      "file_path": "/media/NFS/ttao/scannet/posed_images/scene0052_01/00157.jpg",
      "transform_matrix": [
        [
          -0.985086,
          -0.030814,
          0.169284,
          3.654829
        ],
        [
          -0.172004,
          0.150095,
          -0.973594,
          3.022689
        ],
        [
          0.004592,
          -0.988191,
          -0.153157,
          1.450201
        ],
        [
          0.0,
          0.0,
          0.0,
          1.0
        ]
      ]
    },
    {
      "file_path": "/media/NFS/ttao/scannet/posed_images/scene0052_01/00159.jpg",
      "transform_matrix": [
        [
          -0.983797,
          -0.031319,
          0.176531,
          3.650078
        ],
        [
          -0.17924,
          0.149177,
          -0.97243,
          3.009253
        ],
        [
          0.004121,
          -0.988314,
          -0.152373,
          1.456535
        ],
        [
          0.0,
          0.0,
          0.0,
          1.0
        ]
      ]
    },
    {
      "file_path": "/media/NFS/ttao/scannet/posed_images/scene0052_01/00162.jpg",
      "transform_matrix": [
        [
          -0.979021,
          -0.035698,
          0.20061,
          3.635606
        ],
        [
          -0.20367,
          0.141893,
          -0.968703,
          2.981055
        ],
        [
          0.006116,
          -0.989238,
          -0.146187,
          1.463183
        ],
        [
          0.0,
          0.0,
          0.0,
          1.0
        ]
      ]
    },
    {
      "file_path": "/media/NFS/ttao/scannet/posed_images/scene0052_01/00165.jpg",
      "transform_matrix": [
        [
          -0.969653,
          -0.043866,
          0.24052,
          3.60904
        ],
        [
          -0.243894,
          0.105063,
          -0.964094,
          2.95127
        ],
        [
          0.017022,
          -0.993498,
          -0.112574,
          1.455233
        ],
        [
          0.0,
          0.0,
          0.0,
          1.0
        ]
      ]
    },
    {
      "file_path": "/media/NFS/ttao/scannet/posed_images/scene0052_01/00170.jpg",
      "transform_matrix": [
        [
          -0.955193,
          -0.05296,
          0.291209,
          3.585801
        ],
        [
          -0.293731,
          0.048405,
          -0.954662,
          2.903862
        ],
        [
          0.036463,
          -0.997423,
          -0.061792,
          1.458
        ],
        [
          0.0,
          0.0,
          0.0,
          1.0
        ]
      ]
    },
    {
      "file_path": "/media/NFS/ttao/scannet/posed_images/scene0052_01/00172.jpg",
      "transform_matrix": [
        [
          -0.953087,
          -0.05711,
          0.29726,
          3.57957
        ],
        [
          -0.299728,
          0.040854,
          -0.95315,
          2.879687
        ],
        [
          0.04229,
          -0.997532,
          -0.056055,
          1.455694
        ],
        [
          0.0,
          0.0,
          0.0,
          1.0
        ]
      ]
    },
    {
      "file_path": "/media/NFS/ttao/scannet/posed_images/scene0052_01/00174.jpg",
      "transform_matrix": [
        [
          -0.95043,
          -0.063307,
          0.304427,
          3.578831
        ],
        [
          -0.307417,
          0.044371,
          -0.95054,
          2.85868
        ],
        [
          0.046668,
          -0.997007,
          -0.061634,
          1.456261
        ],
        [
          0.0,
          0.0,
          0.0,
          1.0
        ]
      ]
    },
    {
      "file_path": "/media/NFS/ttao/scannet/posed_images/scene0052_01/00177.jpg",
      "transform_matrix": [
        [
          -0.943568,
          -0.064051,
          0.324925,
          3.564859
        ],
        [
          -0.32783,
          0.041489,
          -0.943825,
          2.834398
        ],
        [
          0.046972,
          -0.997084,
          -0.060145,
          1.471501
        ],
        [
          0.0,
          0.0,
          0.0,
          1.0
        ]
      ]
    },
    {
      "file_path": "/media/NFS/ttao/scannet/posed_images/scene0052_01/00181.jpg",
      "transform_matrix": [
        [
          -0.934394,
          -0.060861,
          0.351005,
          3.547296
        ],
        [
          -0.354711,
          0.067694,
          -0.932522,
          2.805352
        ],
        [
          0.032994,
          -0.995848,
          -0.084841,
          1.48566
        ],
        [
          0.0,
          0.0,
          0.0,
          1.0
        ]
      ]
    },
    {
      "file_path": "/media/NFS/ttao/scannet/posed_images/scene0052_01/00184.jpg",
      "transform_matrix": [
        [
          -0.923145,
          -0.051128,
          0.381038,
          3.547461
        ],
        [
          -0.383923,
          0.070588,
          -0.920663,
          2.794931
        ],
        [
          0.020175,
          -0.996194,
          -0.084792,
          1.47928
        ],
        [
          0.0,
          0.0,
          0.0,
          1.0
        ]
      ]
    },
    {
      "file_path": "/media/NFS/ttao/scannet/posed_images/scene0052_01/00185.jpg",
      "transform_matrix": [
        [
          -0.917762,
          -0.045566,
          0.394508,
          3.543974
        ],
        [
          -0.396856,
          0.068305,
          -0.915336,
          2.792614
        ],
        [
          0.014761,
          -0.996623,
          -0.080771,
          1.474768
        ],
        [
          0.0,
          0.0,
          0.0,
          1.0
        ]
      ]
    },
    {
      "file_path": "/media/NFS/ttao/scannet/posed_images/scene0052_01/00188.jpg",
      "transform_matrix": [
        [
          -0.89807,
          -0.033335,
          0.438589,
          3.527634
        ],
        [
          -0.439822,
          0.056164,
          -0.896327,
          2.783121
        ],
        [
          0.005246,
          -0.997865,
          -0.0651,
          1.466743
        ],
        [
          0.0,
          0.0,
          0.0,
          1.0
        ]
      ]
    },
    {
      "file_path": "/media/NFS/ttao/scannet/posed_images/scene0052_01/00191.jpg",
      "transform_matrix": [
        [
          -0.885902,
          -0.03098,
          0.462836,
          3.517729
        ],
        [
          -0.463869,
          0.062452,
          -0.8837,
          2.763156
        ],
        [
          -0.001528,
          -0.997567,
          -0.069697,
          1.436141
        ],
        [
          0.0,
          0.0,
          0.0,
          1.0
        ]
      ]
    },
    {
      "file_path": "/media/NFS/ttao/scannet/posed_images/scene0052_01/00196.jpg",
      "transform_matrix": [
        [
          -0.876958,
          -0.046359,
          0.478326,
          3.516428
        ],
        [
          -0.480506,
          0.100544,
          -0.871209,
          2.732336
        ],
        [
          -0.007704,
          -0.993852,
          -0.110449,
          1.437574
        ],
        [
          0.0,
          0.0,
          0.0,
          1.0
        ]
      ]
    },
    {
      "file_path": "/media/NFS/ttao/scannet/posed_images/scene0052_01/00198.jpg",
      "transform_matrix": [
        [
          -0.866172,
          -0.038847,
          0.498233,
          3.506213
        ],
        [
          -0.499612,
          0.090373,
          -0.861522,
          2.717492
        ],
        [
          -0.011559,
          -0.99515,
          -0.097687,
          1.43672
        ],
        [
          0.0,
          0.0,
          0.0,
          1.0
        ]
      ]
    },
    {
      "file_path": "/media/NFS/ttao/scannet/posed_images/scene0052_01/00201.jpg",
      "transform_matrix": [
        [
          -0.850467,
          -0.046028,
          0.52401,
          3.515531
        ],
        [
          -0.52597,
          0.089152,
          -0.845817,
          2.688285
        ],
        [
          -0.007785,
          -0.994954,
          -0.10003,
          1.424298
        ],
        [
          0.0,
          0.0,
          0.0,
          1.0
        ]
      ]
    },
    {
      "file_path": "/media/NFS/ttao/scannet/posed_images/scene0052_01/00205.jpg",
      "transform_matrix": [
        [
          -0.82979,
          -0.050605,
          0.555777,
          3.517561
        ],
        [
          -0.558065,
          0.068888,
          -0.826933,
          2.643342
        ],
        [
          0.003561,
          -0.99634,
          -0.085404,
          1.422182
        ],
        [
          0.0,
          0.0,
          0.0,
          1.0
        ]
      ]
    },
    {
      "file_path": "/media/NFS/ttao/scannet/posed_images/scene0052_01/00208.jpg",
      "transform_matrix": [
        [
          -0.819885,
          -0.064392,
          0.568895,
          3.524806
        ],
        [
          -0.572191,
          0.05812,
          -0.818058,
          2.594105
        ],
        [
          0.019613,
          -0.996231,
          -0.084496,
          1.407238
        ],
        [
          0.0,
          0.0,
          0.0,
          1.0
        ]
      ]
    },
    {
      "file_path": "/media/NFS/ttao/scannet/posed_images/scene0052_01/00209.jpg",
      "transform_matrix": [
        [
          -0.815385,
          -0.067472,
          0.574973,
          3.522262
        ],
        [
          -0.578514,
          0.057854,
          -0.813618,
          2.57358
        ],
        [
          0.021632,
          -0.996042,
          -0.086207,
          1.412297
        ],
        [
          0.0,
          0.0,
          0.0,
          1.0
        ]
      ]
    },
    {
      "file_path": "/media/NFS/ttao/scannet/posed_images/scene0052_01/00214.jpg",
      "transform_matrix": [
        [
          -0.781524,
          -0.085121,
          0.618042,
          3.521179
        ],
        [
          -0.6231,
          0.057113,
          -0.780054,
          2.474033
        ],
        [
          0.0311,
          -0.994732,
          -0.097674,
          1.418937
        ],
        [
          0.0,
          0.0,
          0.0,
          1.0
        ]
      ]
    },
    {
      "file_path": "/media/NFS/ttao/scannet/posed_images/scene0052_01/00216.jpg",
      "transform_matrix": [
        [
          -0.763734,
          -0.080297,
          0.640518,
          3.51768
        ],
        [
          -0.645015,
          0.055218,
          -0.762173,
          2.454123
        ],
        [
          0.025832,
          -0.99524,
          -0.093964,
          1.426489
        ],
        [
          0.0,
          0.0,
          0.0,
          1.0
        ]
      ]
    },
    {
      "file_path": "/media/NFS/ttao/scannet/posed_images/scene0052_01/00220.jpg",
      "transform_matrix": [
        [
          -0.712729,
          -0.104503,
          0.693611,
          3.49894
        ],
        [
          -0.700857,
          0.065808,
          -0.710259,
          2.399913
        ],
        [
          0.02858,
          -0.992345,
          -0.120145,
          1.451985
        ],
        [
          0.0,
          0.0,
          0.0,
          1.0
        ]
      ]
    },
    {
      "file_path": "/media/NFS/ttao/scannet/posed_images/scene0052_01/00221.jpg",
      "transform_matrix": [
        [
          -0.714353,
          -0.107647,
          0.691456,
          3.536131
        ],
        [
          -0.699153,
          0.067791,
          -0.711751,
          2.40792
        ],
        [
          0.029744,
          -0.991875,
          -0.123688,
          1.447217
        ],
        [
          0.0,
          0.0,
          0.0,
          1.0
        ]
      ]
    },
    {
      "file_path": "/media/NFS/ttao/scannet/posed_images/scene0052_01/00224.jpg",
      "transform_matrix": [
        [
          -0.701583,
          -0.119192,
          0.702549,
          3.559078
        ],
        [
          -0.711348,
          0.05901,
          -0.700358,
          2.3899
        ],
        [
          0.042019,
          -0.991116,
          -0.126187,
          1.420706
        ],
        [
          0.0,
          0.0,
          0.0,
          1.0
        ]
      ]
    },
    {
      "file_path": "/media/NFS/ttao/scannet/posed_images/scene0052_01/00229.jpg",
      "transform_matrix": [
        [
          -0.675365,
          -0.167404,
          0.718232,
          3.600902
        ],
        [
          -0.733364,
          0.049653,
          -0.678021,
          2.361592
        ],
        [
          0.077841,
          -0.984637,
          -0.156302,
