{
  "frames": [
    {
      "file_path": "/media/NFS/ttao/scannet/posed_images/scene0647_01/00000.jpg",
      "transform_matrix": [
        [
          0.478021,
          0.155398,
          -0.864493,
          3.05607
        ],
        [
          0.876723,
          -0.144262,
          0.458852,
          1.898224
        ],
        [
          -0.053409,
          -0.977262,
          -0.205201,
          1.654245
        ],
        [
          0.0,
          0.0,
          0.0,
          1.0
        ]
      ]
    },
    {
      "file_path": "/media/NFS/ttao/scannet/posed_images/scene0647_01/00004.jpg",
      "transform_matrix": [
        [
          0.476011,
          0.16525,
          -0.863775,
          3.052106
        ],
        [
          0.878361,
          -0.137978,
          0.457652,
          1.891998
        ],
        [
          -0.043555,
          -0.976553,
          -0.210828,
          1.65019
        ],
        [
          0.0,
          0.0,
          0.0,
          1.0
        ]
      ]
    },
    {
      "file_path": "/media/NFS/ttao/scannet/posed_images/scene0647_01/00007.jpg",
      "transform_matrix": [
        [
          0.483724,
          0.16931,
          -0.858688,
          3.039498
        ],
        [
          0.874321,
          -0.137958,
          0.465329,
          1.88574
        ],
        [
          -0.039678,
          -0.97586,
          -0.214765,
          1.651919
        ],
        [
          0.0,
          0.0,
          0.0,
          1.0
        ]
      ]
    },
    {
      "file_path": "/media/NFS/ttao/scannet/posed_images/scene0647_01/00014.jpg",
      "transform_matrix": [
        [
          0.524088,
          0.17347,
          -0.83381,
          2.971473
        ],
        [
          0.850967,
          -0.146258,
          0.504444,
          1.83743
        ],
        [
          -0.034445,
          -0.973918,
          -0.224269,
          1.662533
        ],
        [
          0.0,
          0.0,
          0.0,
          1.0
        ]
      ]
    },
    {
      "file_path": "/media/NFS/ttao/scannet/posed_images/scene0647_01/00018.jpg",
      "transform_matrix": [
        [
          0.558591,
          0.172358,
          -0.811338,
          2.921104
        ],
        [
          0.829022,
          -0.147214,
          0.539492,
          1.82299
        ],
        [
          -0.026454,
          -0.973972,
          -0.225121,
          1.651975
        ],
        [
          0.0,
          0.0,
          0.0,
          1.0
        ]
      ]
    },
    {
      "file_path": "/media/NFS/ttao/scannet/posed_images/scene0647_01/00019.jpg",
      "transform_matrix": [
        [
          0.56856,
          0.172312,
          -0.804393,
          2.901478
        ],
        [
          0.822222,
          -0.150282,
          0.548969,
          1.813514
        ],
        [
          -0.026291,
          -0.973511,
          -0.227123,
          1.658033
        ],
        [
          0.0,
          0.0,
          0.0,
          1.0
        ]
      ]
    },
    {
      "file_path": "/media/NFS/ttao/scannet/posed_images/scene0647_01/00025.jpg",
      "transform_matrix": [
        [
          0.623608,
          0.156488,
          -0.765914,
          2.811297
        ],
        [
          0.780906,
          -0.169874,
          0.601107,
          1.79015
        ],
        [
          -0.036043,
          -0.972962,
          -0.228137,
          1.656272
        ],
        [
          0.0,
          0.0,
          0.0,
          1.0
        ]
      ]
    },
    {
      "file_path": "/media/NFS/ttao/scannet/posed_images/scene0647_01/00027.jpg",
      "transform_matrix": [
        [
          0.633771,
          0.150491,
          -0.758741,
          2.790931
        ],
        [
          0.77242,
          -0.175434,
          0.610402,
          1.781673
        ],
        [
          -0.041249,
          -0.972921,
          -0.227427,
          1.656699
        ],
        [
          0.0,
          0.0,
          0.0,
          1.0
        ]
      ]
    },
    {
      "file_path": "/media/NFS/ttao/scannet/posed_images/scene0647_01/00031.jpg",
      "transform_matrix": [
        [
          0.660969,
          0.157447,
          -0.73371,
          2.731516
        ],
        [
          0.749198,
          -0.194091,
          0.63327,
          1.782499
        ],
        [
          -0.0427,
          -0.968266,
          -0.246247,
          1.647054
        ],
        [
          0.0,
          0.0,
          0.0,
          1.0
        ]
      ]
    },
    {
      "file_path": "/media/NFS/ttao/scannet/posed_images/scene0647_01/00037.jpg",
      "transform_matrix": [
        [
          0.710599,
          0.150712,
          -0.687266,
          2.639382
        ],
        [
          0.702184,
          -0.213774,
          0.679145,
          1.789196
        ],
        [
          -0.044564,
          -0.965187,
          -0.257735,
          1.644302
        ],
        [
          0.0,
          0.0,
          0.0,
          1.0
        ]
      ]
    },
    {
      "file_path": "/media/NFS/ttao/scannet/posed_images/scene0647_01/00040.jpg",
      "transform_matrix": [
        [
          0.720122,
          0.143016,
          -0.678949,
          2.599491
        ],
        [
          0.692725,
          -0.203844,
          0.691795,
          1.788476
        ],
        [
          -0.039462,
          -0.968501,
          -0.245863,
          1.63294
        ],
        [
          0.0,
          0.0,
          0.0,
          1.0
        ]
      ]
    },
    {
      "file_path": "/media/NFS/ttao/scannet/posed_images/scene0647_01/00043.jpg",
      "transform_matrix": [
        [
          0.718219,
          0.14366,
          -0.680826,
          2.55785
        ],
        [
          0.694902,
          -0.198277,
          0.691229,
          1.800511
        ],
        [
          -0.03569,
          -0.969561,
          -0.242236,
          1.633918
        ],
        [
          0.0,
          0.0,
          0.0,
          1.0
        ]
      ]
    },
    {
      "file_path": "/media/NFS/ttao/scannet/posed_images/scene0647_01/00049.jpg",
      "transform_matrix": [
        [
          0.697454,
          0.147899,
          -0.701201,
          2.48232
        ],
        [
          0.715935,
          -0.186859,
          0.672697,
          1.821817
        ],
        [
          -0.031535,
          -0.97119,
          -0.236211,
          1.63874
        ],
        [
          0.0,
          0.0,
          0.0,
          1.0
        ]
      ]
    },
    {
      "file_path": "/media/NFS/ttao/scannet/posed_images/scene0647_01/00051.jpg",
      "transform_matrix": [
        [
          0.677212,
          0.148798,
          -0.720586,
          2.472766
        ],
        [
          0.735069,
          -0.180111,
          0.653631,
          1.831017
        ],
        [
          -0.032527,
          -0.972327,
          -0.23135,
          1.635913
        ],
        [
          0.0,
          0.0,
          0.0,
          1.0
        ]
      ]
    },
    {
      "file_path": "/media/NFS/ttao/scannet/posed_images/scene0647_01/00055.jpg",
      "transform_matrix": [
        [
          0.622815,
          0.178569,
          -0.761718,
          2.438773
        ],
        [
          0.781784,
          -0.179686,
          0.597098,
          1.859631
        ],
        [
          -0.030247,
          -0.967381,
          -0.251513,
          1.650993
        ],
        [
          0.0,
          0.0,
          0.0,
          1.0
        ]
      ]
    },
    {
      "file_path": "/media/NFS/ttao/scannet/posed_images/scene0647_01/00060.jpg",
      "transform_matrix": [
        [
          0.610416,
          0.185709,
          -0.770003,
          2.395838
        ],
        [
          0.791386,
          -0.183714,
          0.583059,
          1.866633
        ],
        [
          -0.033181,
          -0.965278,
          -0.259109,
          1.653147
        ],
        [
          0.0,
          0.0,
          0.0,
          1.0
        ]
      ]
    },
    {
      "file_path": "/media/NFS/ttao/scannet/posed_images/scene0647_01/00063.jpg",
      "transform_matrix": [
        [
          0.632301,
          0.190496,
          -0.750937,
          2.346
        ],
        [
          0.774407,
          -0.183076,
          0.605621,
          1.854694
        ],
        [
          -0.022111,
          -0.964466,
          -0.263281,
          1.647075
        ],
        [
          0.0,
          0.0,
          0.0,
          1.0
        ]
      ]
    },
    {
      "file_path": "/media/NFS/ttao/scannet/posed_images/scene0647_01/00069.jpg",
      "transform_matrix": [
        [
          0.718406,
          0.173911,
          -0.673534,
          2.240758
        ],
        [
          0.69538,
          -0.205174,
          0.688731,
          1.813437
        ],
        [
          -0.018414,
          -0.963151,
          -0.268332,
          1.6351
        ],
        [
          0.0,
          0.0,
          0.0,
          1.0
        ]
      ]
    },
    {
      "file_path": "/media/NFS/ttao/scannet/posed_images/scene0647_01/00070.jpg",
      "transform_matrix": [
        [
          0.733611,
          0.170069,
          -0.657945,
          2.217116
        ],
        [
          0.679272,
          -0.21217,
          0.702547,
          1.811581
        ],
        [
          -0.020115,
          -0.96232,
          -0.271174,
          1.635469
        ],
        [
          0.0,
          0.0,
          0.0,
          1.0
        ]
      ]
    },
    {
      "file_path": "/media/NFS/ttao/scannet/posed_images/scene0647_01/00076.jpg",
      "transform_matrix": [
        [
          0.827943,
          0.124141,
          -0.5469,
          2.100223
        ],
        [
          0.559892,
          -0.238807,
          0.793405,
          1.76831
        ],
        [
          -0.03211,
          -0.963099,
          -0.267224,
          1.638623
        ],
        [
          0.0,
          0.0,
          0.0,
          1.0
        ]
      ]
    },
    {
      "file_path": "/media/NFS/ttao/scannet/posed_images/scene0647_01/00079.jpg",
      "transform_matrix": [
        [
          0.856005,
          0.101888,
          -0.506827,
          2.05694
        ],
        [
          0.515415,
          -0.244116,
          0.821435,
          1.746202
        ],
        [
          -0.04003,
          -0.964379,
          -0.261479,
          1.635985
        ],
        [
          0.0,
          0.0,
          0.0,
          1.0
        ]
      ]
    },
    {
      "file_path": "/media/NFS/ttao/scannet/posed_images/scene0647_01/00085.jpg",
      "transform_matrix": [
        [
          0.888975,
          0.090802,
          -0.448864,
          1.971854
        ],
        [
          0.456756,
          -0.246729,
          0.854692,
          1.76489
        ],
        [
          -0.03314,
          -0.964821,
          -0.26081,
          1.633646
        ],
        [
          0.0,
          0.0,
          0.0,
          1.0
        ]
      ]
    },
    {
      "file_path": "/media/NFS/ttao/scannet/posed_images/scene0647_01/00087.jpg",
      "transform_matrix": [
        [
          0.892907,
          0.090567,
          -0.441038,
          1.948409
        ],
        [
          0.449105,
          -0.248696,
          0.85817,
          1.769825
        ],
        [
          -0.031962,
          -0.964338,
          -0.262737,
          1.629093
        ],
        [
          0.0,
          0.0,
          0.0,
          1.0
        ]
      ]
    },
    {
      "file_path": "/media/NFS/ttao/scannet/posed_images/scene0647_01/00090.jpg",
      "transform_matrix": [
        [
          0.898938,
          0.087835,
          -0.42918,
          1.906503
        ],
        [
          0.437243,
          -0.240275,
          0.866652,
          1.788692
        ],
        [
          -0.026999,
          -0.966723,
          -0.254398,
          1.623164
        ],
        [
          0.0,
          0.0,
          0.0,
          1.0
        ]
      ]
    },
    {
      "file_path": "/media/NFS/ttao/scannet/posed_images/scene0647_01/00094.jpg",
      "transform_matrix": [
        [
          0.913767,
          0.083352,
          -0.397596,
          1.837937
        ],
        [
          0.405907,
          -0.22685,
          0.885312,
          1.824653
        ],
        [
          -0.016402,
          -0.970356,
          -0.241122,
          1.613974
        ],
        [
          0.0,
          0.0,
          0.0,
          1.0
        ]
      ]
    },
    {
      "file_path": "/media/NFS/ttao/scannet/posed_images/scene0647_01/00100.jpg",
      "transform_matrix": [
        [
          0.932614,
          0.07227,
          -0.353565,
          1.744734
        ],
        [
          0.360641,
          -0.221936,
          0.905915,
          1.893857
        ],
        [
          -0.012999,
          -0.972379,
          -0.233044,
          1.617375
        ],
        [
          0.0,
          0.0,
          0.0,
          1.0
        ]
      ]
    },
    {
      "file_path": "/media/NFS/ttao/scannet/posed_images/scene0647_01/00102.jpg",
      "transform_matrix": [
        [
          0.937412,
          0.069985,
          -0.341116,
          1.708309
        ],
        [
          0.348136,
          -0.210045,
          0.91361,
          1.915562
        ],
        [
          -0.00771,
          -0.975184,
          -0.221263,
          1.615182
        ],
        [
          0.0,
          0.0,
          0.0,
          1.0
        ]
      ]
    },
    {
      "file_path": "/media/NFS/ttao/scannet/posed_images/scene0647_01/00105.jpg",
      "transform_matrix": [
        [
          0.943858,
          0.081356,
          -0.320176,
          1.671653
        ],
        [
          0.330324,
          -0.220132,
          0.917839,
          1.944794
        ],
        [
          0.004191,
          -0.972072,
          -0.234647,
          1.614587
        ],
        [
          0.0,
          0.0,
          0.0,
          1.0
        ]
      ]
    },
    {
      "file_path": "/media/NFS/ttao/scannet/posed_images/scene0647_01/00111.jpg",
      "transform_matrix": [
        [
          0.96185,
          0.07999,
          -0.261622,
          1.572963
        ],
        [
          0.273164,
          -0.228256,
          0.934495,
          2.013079
        ],
        [
          0.015033,
          -0.97031,
          -0.241399,
          1.612624
        ],
        [
          0.0,
          0.0,
          0.0,
          1.0
        ]
      ]
    },
    {
      "file_path": "/media/NFS/ttao/scannet/posed_images/scene0647_01/00114.jpg",
      "transform_matrix": [
        [
          0.978029,
          0.071492,
          -0.195828,
          1.514624
        ],
        [
          0.207381,
          -0.237771,
          0.948925,
          2.054088
        ],
        [
          0.021279,
          -0.968687,
          -0.247373,
          1.605714
        ],
        [
          0.0,
          0.0,
          0.0,
          1.0
        ]
      ]
    },
    {
      "file_path": "/media/NFS/ttao/scannet/posed_images/scene0647_01/00118.jpg",
      "transform_matrix": [
        [
          0.995852,
          0.01717,
          -0.089354,
          1.434631
        ],
        [
          0.090792,
          -0.252148,
          0.96342,
          2.111356
        ],
        [
          -0.005989,
          -0.967536,
          -0.252661,
          1.609867
        ],
        [
          0.0,
          0.0,
          0.0,
          1.0
        ]
      ]
    },
    {
      "file_path": "/media/NFS/ttao/scannet/posed_images/scene0647_01/00122.jpg",
      "transform_matrix": [
        [
          0.999366,
          -0.029245,
          0.020301,
          1.370853
        ],
        [
          -0.027123,
          -0.256112,
          0.966266,
          2.14861
        ],
        [
          -0.023059,
          -0.966205,
          -0.256743,
          1.611266
        ],
        [
          0.0,
          0.0,
          0.0,
          1.0
        ]
      ]
    },
    {
      "file_path": "/media/NFS/ttao/scannet/posed_images/scene0647_01/00127.jpg",
      "transform_matrix": [
        [
          0.992178,
          -0.054692,
          0.112212,
          1.314715
        ],
        [
          -0.123189,
          -0.283656,
          0.95098,
          2.187716
        ],
        [
          -0.020181,
          -0.957365,
          -0.288175,
          1.610812
        ],
        [
          0.0,
          0.0,
          0.0,
          1.0
        ]
      ]
    },
    {
      "file_path": "/media/NFS/ttao/scannet/posed_images/scene0647_01/00133.jpg",
      "transform_matrix": [
        [
          0.983274,
          -0.067852,
          0.169021,
          1.306786
        ],
        [
          -0.181564,
          -0.291989,
          0.93903,
          2.228307
        ],
        [
          -0.014363,
          -0.954012,
          -0.299425,
          1.581991
        ],
        [
          0.0,
          0.0,
          0.0,
          1.0
        ]
      ]
    },
    {
      "file_path": "/media/NFS/ttao/scannet/posed_images/scene0647_01/00136.jpg",
      "transform_matrix": [
        [
          0.971691,
          -0.080763,
          0.222024,
          1.26068
        ],
        [
          -0.236082,
          -0.295823,
          0.92561,
          2.271682
        ],
        [
          -0.009075,
          -0.951823,
          -0.306515,
          1.57429
        ],
        [
          0.0,
          0.0,
          0.0,
          1.0
        ]
      ]
    },
    {
      "file_path": "/media/NFS/ttao/scannet/posed_images/scene0647_01/00137.jpg",
      "transform_matrix": [
        [
          0.970015,
          -0.081837,
          0.228854,
          1.257769
        ],
        [
          -0.242901,
          -0.293937,
          0.924446,
          2.276637
        ],
        [
          -0.008386,
          -0.952315,
          -0.305001,
          1.572406
        ],
        [
          0.0,
          0.0,
          0.0,
          1.0
        ]
      ]
    },
    {
      "file_path": "/media/NFS/ttao/scannet/posed_images/scene0647_01/00141.jpg",
      "transform_matrix": [
        [
          0.965739,
          -0.084261,
          0.245454,
          1.220352
        ],
        [
          -0.259459,
          -0.294026,
          0.919907,
          2.315065
        ],
        [
          -0.005343,
          -0.952076,
          -0.305815,
          1.574348
        ],
        [
          0.0,
          0.0,
          0.0,
          1.0
        ]
      ]
    },
    {
      "file_path": "/media/NFS/ttao/scannet/posed_images/scene0647_01/00147.jpg",
      "transform_matrix": [
        [
          0.954283,
          -0.099902,
          0.281715,
          1.175865
        ],
        [
          -0.298838,
          -0.299071,
          0.90623,
          2.347421
        ],
        [
          -0.006282,
          -0.948987,
          -0.315253,
          1.566742
        ],
        [
          0.0,
          0.0,
          0.0,
          1.0
        ]
      ]
    },
    {
      "file_path": "/media/NFS/ttao/scannet/posed_images/scene0647_01/00152.jpg",
      "transform_matrix": [
        [
          0.925242,
          -0.110194,
          0.36302,
          1.10728
        ],
        [
          -0.378867,
          -0.317951,
          0.869118,
          2.386671
        ],
        [
          0.019651,
          -0.941682,
          -0.33593,
          1.56096
        ],
        [
          0.0,
          0.0,
          0.0,
          1.0
        ]
      ]
    },
    {
      "file_path": "/media/NFS/ttao/scannet/posed_images/scene0647_01/00155.jpg",
      "transform_matrix": [
        [
          0.897403,
          -0.132268,
          0.42092,
          1.047095
        ],
        [
          -0.4406,
          -0.318905,
          0.839149,
          2.409208
        ],
        [
          0.023241,
          -0.938512,
          -0.344463,
          1.554373
        ],
        [
          0.0,
          0.0,
          0.0,
          1.0
        ]
      ]
    },
    {
      "file_path": "/media/NFS/ttao/scannet/posed_images/scene0647_01/00160.jpg",
      "transform_matrix": [
        [
          0.865806,
          -0.188497,
          0.463518,
          0.959145
        ],
        [
          -0.500376,
          -0.322421,
          0.803535,
          2.427169
        ],
        [
          -0.002016,
          -0.927639,
          -0.373474,
          1.561393
        ],
        [
          0.0,
          0.0,
          0.0,
          1.0
        ]
      ]
    },
    {
      "file_path": "/media/NFS/ttao/scannet/posed_images/scene0647_01/00161.jpg",
      "transform_matrix": [
        [
          0.85556,
          -0.200318,
          0.477378,
          0.937819
        ],
        [
          -0.517606,
          -0.313041,
          0.796298,
          2.431796
        ],
        [
          -0.010074,
          -0.928374,
          -0.371511,
          1.564697
        ],
        [
          0.0,
          0.0,
          0.0,
          1.0
        ]
      ]
    },
    {
      "file_path": "/media/NFS/ttao/scannet/posed_images/scene0647_01/00165.jpg",
      "transform_matrix": [
        [
          0.836034,
          -0.21906,
          0.50305,
          0.88981
        ],
        [
          -0.548435,
          -0.306423,
          0.778025,
          2.435632
        ],
        [
          -0.016288,
          -0.926346,
          -0.376321,
          1.562021
        ],
        [
          0.0,
          0.0,
          0.0,
          1.0
        ]
      ]
    },
    {
      "file_path": "/media/NFS/ttao/scannet/posed_images/scene0647_01/00172.jpg",
      "transform_matrix": [
        [
          0.844531,
          -0.198507,
          0.497356,
          0.791595
        ],
        [
          -0.535435,
          -0.297766,
          0.790345,
          2.475955
        ],
        [
          -0.008794,
          -0.933772,
          -0.35776,
          1.563305
        ],
        [
          0.0,
          0.0,
          0.0,
          1.0
        ]
      ]
    },
    {
      "file_path": "/media/NFS/ttao/scannet/posed_images/scene0647_01/00173.jpg",
      "transform_matrix": [
        [
          0.845416,
          -0.195301,
          0.497121,
          0.779752
        ],
        [
          -0.534056,
          -0.296066,
          0.791915,
          2.48074
        ],
        [
          -0.007482,
          -0.934988,
          -0.354601,
          1.560642
        ],
        [
          0.0,
          0.0,
          0.0,
          1.0
        ]
      ]
    },
    {
      "file_path": "/media/NFS/ttao/scannet/posed_images/scene0647_01/00177.jpg",
      "transform_matrix": [
        [
          0.858861,
          -0.167404,
          0.484081,
          0.749827
        ],
        [
          -0.512209,
          -0.280201,
          0.811868,
          2.485361
        ],
        [
          -0.00027,
          -0.945232,
          -0.326399,
          1.55676
        ],
        [
          0.0,
          0.0,
          0.0,
          1.0
        ]
      ]
    },
    {
      "file_path": "/media/NFS/ttao/scannet/posed_images/scene0647_01/00182.jpg",
      "transform_matrix": [
        [
          0.850225,
          -0.173486,
          0.497011,
          0.721427
        ],
        [
          -0.526372,
          -0.292903,
          0.798211,
          2.47305
        ],
        [
          0.007098,
          -0.940271,
          -0.340352,
          1.533916
        ],
        [
          0.0,
          0.0,
          0.0,
          1.0
        ]
      ]
    },
    {
      "file_path": "/media/NFS/ttao/scannet/posed_images/scene0647_01/00186.jpg",
      "transform_matrix": [
        [
          0.829447,
          -0.183845,
          0.527465,
          0.687588
        ],
        [
          -0.558575,
          -0.278953,
          0.78114,
          2.454871
        ],
        [
          0.00353,
          -0.942542,
          -0.334068,
          1.496307
        ],
        [
          0.0,
          0.0,
          0.0,
          1.0
        ]
      ]
    },
    {
      "file_path": "/media/NFS/ttao/scannet/posed_images/scene0647_01/00192.jpg",
      "transform_matrix": [
        [
          0.840078,
          -0.161736,
          0.517794,
          0.644737
        ],
        [
          -0.541982,
          -0.290545,
          0.788568,
          2.434328
        ],
        [
          0.022902,
          -0.943094,
          -0.331738,
          1.419822
        ],
        [
          0.0,
          0.0,
          0.0,
          1.0
        ]
      ]
    },
    {
      "file_path": "/media/NFS/ttao/scannet/posed_images/scene0647_01/00193.jpg",
      "transform_matrix": [
        [
          0.843768,
          -0.158722,
          0.512702,
          0.645989
        ],
        [
          -0.536402,
          -0.281679,
          0.795569,
          2.421307
        ],
        [
          0.018143,
          -0.94629,
          -0.32281,
          1.402471
        ],
        [
          0.0,
          0.0,
          0.0,
          1.0
        ]
      ]
    },
    {
      "file_path": "/media/NFS/ttao/scannet/posed_images/scene0647_01/00197.jpg",
      "transform_matrix": [
        [
          0.853093,
          -0.133492,
          0.504393,
          0.630236
        ],
        [
          -0.521344,
          -0.256623,
          0.813846,
          2.397729
        ],
        [
          0.020797,
          -0.957249,
          -0.288519,
          1.309312
        ],
        [
          0.0,
          0.0,
          0.0,
          1.0
        ]
      ]
    },
    {
      "file_path": "/media/NFS/ttao/scannet/posed_images/scene0647_01/00200.jpg",
      "transform_matrix": [
        [
          0.866448,
          -0.109378,
          0.487139,
          0.626497
        ],
        [
          -0.498374,
          -0.247844,
          0.830781,
          2.369827
        ],
        [
          0.029865,
          -0.962606,
          -0.269255,
          1.22556
        ],
        [
          0.0,
          0.0,
          0.0,
          1.0
        ]
      ]
    },
    {
      "file_path": "/media/NFS/ttao/scannet/posed_images/scene0647_01/00206.jpg",
      "transform_matrix": [
        [
          0.885759,
          -0.10149,
          0.452915,
          0.623334
        ],
        [
          -0.464032,
          -0.215281,
          0.85926,
          2.339972
        ],
        [
          0.010297,
          -0.971264,
          -0.237782,
          1.106071
        ],
        [
          0.0,
          0.0,
          0.0,
          1.0
        ]
      ]
    },
    {
      "file_path": "/media/NFS/ttao/scannet/posed_images/scene0647_01/00210.jpg",
      "transform_matrix": [
        [
          0.903414,
          -0.089284,
          0.419371,
          0.623988
        ],
        [
          -0.428705,
          -0.20519,
          0.879835,
          2.310748
        ],
        [
          0.007496,
          -0.974641,
          -0.223647,
          1.050202
        ],
        [
          0.0,
          0.0,
          0.0,
          1.0
        ]
      ]
    },
    {
      "file_path": "/media/NFS/ttao/scannet/posed_images/scene0647_01/00214.jpg",
      "transform_matrix": [
        [
          0.907145,
          -0.100867,
          0.408551,
          0.620929
        ],
        [
          -0.420789,
          -0.205903,
          0.883482,
          2.295151
        ],
        [
          -0.004992,
          -0.97336,
          -0.229228,
          1.006452
        ],
        [
          0.0,
          0.0,
          0.0,
          1.0
        ]
      ]
    },
    {
      "file_path": "/media/NFS/ttao/scannet/posed_images/scene0647_01/00219.jpg",
      "transform_matrix": [
        [
          0.902174,
          -0.111823,
          0.416626,
          0.627863
        ],
        [
          -0.431164,
          -0.203801,
          0.878956,
          2.283419
        ],
        [
          -0.013379,
          -0.972605,
          -0.232078,
          0.980893
        ],
        [
          0.0,
          0.0,
          0.0,
          1.0
        ]
      ]
    },
    {
      "file_path": "/media/NFS/ttao/scannet/posed_images/scene0647_01/00223.jpg",
      "transform_matrix": [
        [
          0.893439,
          -0.10971,
          0.435582,
          0.624853
        ],
        [
          -0.449176,
          -0.212015,
          0.867923,
          2.287698
        ],
        [
          -0.00287,
          -0.971089,
          -0.238702,
          0.98918
        ],
        [
          0.0,
          0.0,
          0.0,
          1.0
        ]
      ]
    },
    {
      "file_path": "/media/NFS/ttao/scannet/posed_images/scene0647_01/00226.jpg",
      "transform_matrix": [
        [
          0.892238,
          -0.10559,
          0.439047,
          0.621641
        ],
        [
          -0.451559,
          -0.214124,
          0.866167,
          2.288524
        ],
        [
          0.002552,
          -0.971083,
          -0.23873,
          0.999842
        ],
        [
          0.0,
          0.0,
          0.0,
          1.0
        ]
      ]
    },
    {
      "file_path": "/media/NFS/ttao/scannet/posed_images/scene0647_01/00229.jpg",
      "transform_matrix": [
        [
          0.889808,
          -0.102921,
          0.444577,
          0.607335
        ],
        [
          -0.456283,
          -0.215371,
          0.863378,
          2.302042
        ],
        [
          0.006889,
          -0.971094,
          -0.2386,
          1.032844
        ],
        [
          0.0,
          0.0,
          0.0,
          1.0
        ]
      ]
    },
    {
      "file_path": "/media/NFS/ttao/scannet/posed_images/scene0647_01/00232.jpg",
      "transform_matrix": [
        [
          0.893677,
          -0.106735,
          0.435831,
          0.603618
        ],
        [
          -0.448561,
          -0.237533,
          0.861609,
          2.30893
        ],
        [
          0.011561,
          -0.965498,
          -0.260155,
          1.087825
        ],
        [
          0.0,
          0.0,
          0.0,
          1.0
        ]
      ]
    },
    {
      "file_path": "/media/NFS/ttao/scannet/posed_images/scene0647_01/00239.jpg",
      "transform_matrix": [
        [
          0.906757,
          -0.112813,
          0.406281,
          0.596804
        ],
        [
          -0.421632,
          -0.252101,
          0.871017,
          2.326952
        ],
        [
          0.004162,
          -0.961103,
          -0.27616,
          1.23769
        ],
        [
          0.0,
          0.0,
          0.0,
          1.0
        ]
      ]
    },
    {
      "file_path": "/media/NFS/ttao/scannet/posed_images/scene0647_01/00242.jpg",
      "transform_matrix": [
        [
          0.914271,
          -0.106257,
          0.390919,
          0.594936
        ],
        [
          -0.404724,
          -0.281292,
          0.8701,
          2.344056
        ],
        [
          0.017508,
          -0.953722,
          -0.300182,
          1.306511
        ],
        [
          0.0,
          0.0,
          0.0,
          1.0
        ]
      ]
    },
    {
      "file_path": "/media/NFS/ttao/scannet/posed_images/scene0647_01/00244.jpg",
      "transform_matrix": [
        [
          0.918863,
          -0.104715,
          0.380429,
          0.591756
        ],
        [
          -0.394079,
          -0.291988,
          0.871461,
          2.351544
        ],
        [
          0.019825,
          -0.950672,
          -0.309563,
          1.367845
        ],
        [
          0.0,
          0.0,
          0.0,
          1.0
        ]
      ]
    },
    {
      "file_path": "/media/NFS/ttao/scannet/posed_images/scene0647_01/00251.jpg",
      "transform_matrix": [
        [
          0.922436,
          -0.104429,
          0.371762,
          0.564976
        ],
        [
          -0.385648,
          -0.298233,
          0.873117,
          2.422457
        ],
        [
          0.019693,
          -0.948763,
          -0.315374,
          1.526318
        ],
        [
          0.0,
          0.0,
          0.0,
          1.0
        ]
      ]
    },
    {
      "file_path": "/media/NFS/ttao/scannet/posed_images/scene0647_01/00254.jpg",
      "transform_matrix": [
        [
          0.92108,
          -0.106013,
          0.374663,
          0.554372
        ],
        [
          -0.388839,
          -0.300822,
          0.87081,
          2.453372
        ],
        [
          0.02039,
          -0.94777,
          -0.318304,
          1.55774
        ],
        [
          0.0,
          0.0,
          0.0,
          1.0
        ]
      ]
    },
    {
      "file_path": "/media/NFS/ttao/scannet/posed_images/scene0647_01/00256.jpg",
      "transform_matrix": [
        [
          0.921473,
          -0.108422,
          0.373005,
          0.549535
        ],
        [
          -0.388136,
          -0.295186,
          0.87305,
          2.48761
        ],
        [
          0.015448,
          -0.949268,
          -0.314088,
          1.58302
        ],
        [
          0.0,
          0.0,
          0.0,
          1.0
        ]
      ]
    },
    {
      "file_path": "/media/NFS/ttao/scannet/posed_images/scene0647_01/00260.jpg",
      "transform_matrix": [
        [
          0.918132,
          -0.117746,
          0.378377,
          0.532876
        ],
        [
          -0.396274,
          -0.274427,
          0.87616,
          2.546395
        ],
        [
          0.000673,
          -0.954372,
          -0.29862,
          1.602411
        ],
        [
          0.0,
          0.0,
          0.0,
          1.0
        ]
      ]
    },
    {
      "file_path": "/media/NFS/ttao/scannet/posed_images/scene0647_01/00265.jpg",
      "transform_matrix": [
        [
          0.925747,
          -0.124233,
          0.357155,
          0.539323
        ],
        [
          -0.377823,
          -0.264914,
          0.88717,
          2.625203
        ],
        [
          -0.0156,
          -0.956236,
          -0.292181,
          1.612021
        ],
        [
          0.0,
          0.0,
          0.0,
          1.0
        ]
      ]
    },
    {
      "file_path": "/media/NFS/ttao/scannet/posed_images/scene0647_01/00268.jpg",
      "transform_matrix": [
        [
          0.92338,
          -0.124229,
          0.363231,
          0.549597
        ],
        [
          -0.383776,
          -0.275987,
          0.881219,
          2.694488
        ],
        [
          -0.009225,
          -0.9531,
          -0.302517,
          1.6062
        ],
        [
          0.0,
          0.0,
          0.0,
          1.0
        ]
      ]
    },
    {
      "file_path": "/media/NFS/ttao/scannet/posed_images/scene0647_01/00273.jpg",
      "transform_matrix": [
        [
          0.919861,
          -0.114703,
          0.375098,
          0.576606
        ],
        [
          -0.39224,
          -0.264991,
          0.880867,
          2.804944
        ],
        [
          -0.00164,
          -0.957404,
          -0.288746,
          1.598602
        ],
        [
          0.0,
          0.0,
          0.0,
          1.0
        ]
      ]
    },
    {
      "file_path": "/media/NFS/ttao/scannet/posed_images/scene0647_01/00276.jpg",
      "transform_matrix": [
        [
          0.923522,
          -0.116221,
          0.365514,
          0.597569
        ],
        [
          -0.383546,
          -0.279212,
          0.880303,
          2.881353
        ],
        [
          -0.000254,
          -0.95317,
          -0.302434,
          1.603514
        ],
        [
          0.0,
          0.0,
          0.0,
          1.0
        ]
      ]
    },
    {
      "file_path": "/media/NFS/ttao/scannet/posed_images/scene0647_01/00282.jpg",
      "transform_matrix": [
        [
          0.927406,
          -0.102755,
          0.359667,
          0.618315
        ],
        [
          -0.373931,
          -0.279654,
          0.884291,
          3.010515
        ],
        [
          0.009717,
          -0.954586,
          -0.297776,
          1.609498
        ],
        [
          0.0,
          0.0,
          0.0,
          1.0
        ]
      ]
    },
    {
      "file_path": "/media/NFS/ttao/scannet/posed_images/scene0647_01/00286.jpg",
      "transform_matrix": [
        [
          0.929632,
          -0.09846,
          0.355091,
          0.633574
        ],
        [
          -0.368344,
          -0.27531,
          0.887991,
          3.100361
        ],
        [
          0.010329,
          -0.9563,
          -0.292204,
          1.605891
        ],
        [
          0.0,
          0.0,
          0.0,
          1.0
        ]
      ]
    },
    {
      "file_path": "/media/NFS/ttao/scannet/posed_images/scene0647_01/00289.jpg",
      "transform_matrix": [
        [
          0.924861,
          -0.092634,
          0.368853,
          0.634642
        ],
        [
          -0.379914,
          -0.269089,
          0.885018,
          3.181277
        ],
        [
          0.017272,
          -0.95865,
          -0.284063,
          1.605264
        ],
        [
          0.0,
          0.0,
          0.0,
          1.0
        ]
      ]
    },
    {
      "file_path": "/media/NFS/ttao/scannet/posed_images/scene0647_01/00293.jpg",
      "transform_matrix": [
        [
          0.926579,
          -0.11136,
          0.359235,
          0.646338
        ],
        [
          -0.376036,
          -0.256758,
          0.890322,
          3.28538
        ],
        [
          -0.006909,
          -0.960039,
          -0.279782,
          1.620837
        ],
        [
          0.0,
          0.0,
          0.0,
          1.0
        ]
      ]
    },
    {
      "file_path": "/media/NFS/ttao/scannet/posed_images/scene0647_01/00296.jpg",
      "transform_matrix": [
        [
          0.925435,
          -0.107713,
          0.363273,
          0.646852
        ],
        [
          -0.378804,
          -0.240792,
          0.893603,
          3.335453
        ],
        [
          -0.008779,
          -0.964582,
          -0.263639,
          1.627596
        ],
        [
          0.0,
          0.0,
          0.0,
          1.0
        ]
      ]
    },
    {
      "file_path": "/media/NFS/ttao/scannet/posed_images/scene0647_01/00300.jpg",
      "transform_matrix": [
        [
          0.930536,
          -0.124325,
          0.344451,
          0.66724
        ],
        [
          -0.365468,
          -0.2558,
          0.894986,
          3.404683
        ],
        [
          -0.023159,
          -0.958702,
          -0.283468,
          1.620893
        ],
        [
          0.0,
          0.0,
          0.0,
          1.0
        ]
      ]
    },
    {
      "file_path": "/media/NFS/ttao/scannet/posed_images/scene0647_01/00303.jpg",
      "transform_matrix": [
        [
          0.931402,
          -0.123291,
          0.342476,
          0.684999
        ],
        [
          -0.36348,
          -0.265173,
          0.893065,
          3.478903
        ],
        [
          -0.019291,
          -0.956286,
          -0.291797,
          1.613767
        ],
        [
