{
  "frames": [
    {
      "file_path": "/media/NFS/ttao/scannet/posed_images/scene0673_05/00000.jpg",
      "transform_matrix": [
        [
          -0.066043,
          0.222822,
          -0.97262,
          3.668491
        ],
        [
          0.993375,
          0.106552,
          -0.043042,
          7.040357
        ],
        [
          0.094044,
          -0.969019,
          -0.228382,
          1.544661
        ],
        [
          0.0,
          0.0,
          0.0,
          1.0
        ]
      ]
    },
    {
      "file_path": "/media/NFS/ttao/scannet/posed_images/scene0673_05/00012.jpg",
      "transform_matrix": [
        [
          -0.048027,
          0.276912,
          -0.959694,
          3.665555
        ],
        [
          0.99382,
          0.109511,
          -0.018136,
          7.03381
        ],
        [
          0.100075,
          -0.954634,
          -0.280461,
          1.508887
        ],
        [
          0.0,
          0.0,
          0.0,
          1.0
        ]
      ]
    },
    {
      "file_path": "/media/NFS/ttao/scannet/posed_images/scene0673_05/00025.jpg",
      "transform_matrix": [
        [
          -0.344811,
          0.439326,
          -0.829517,
          3.632439
        ],
        [
          0.925038,
          0.309109,
          -0.220807,
          6.957269
        ],
        [
          0.159405,
          -0.843472,
          -0.512977,
          1.438949
        ],
        [
          0.0,
          0.0,
          0.0,
          1.0
        ]
      ]
    },
    {
      "file_path": "/media/NFS/ttao/scannet/posed_images/scene0673_05/00045.jpg",
      "transform_matrix": [
        [
          -0.470466,
          0.222647,
          -0.853868,
          3.69858
        ],
        [
          0.858892,
          0.337489,
          -0.385234,
          6.792293
        ],
        [
          0.2024,
          -0.91462,
          -0.350007,
          1.514624
        ],
        [
          0.0,
          0.0,
          0.0,
          1.0
        ]
      ]
    },
    {
      "file_path": "/media/NFS/ttao/scannet/posed_images/scene0673_05/00061.jpg",
      "transform_matrix": [
        [
          -0.281588,
          0.163103,
          -0.945572,
          3.710498
        ],
        [
          0.948858,
          0.193934,
          -0.249115,
          6.840089
        ],
        [
          0.142748,
          -0.967361,
          -0.209371,
          1.562519
        ],
        [
          0.0,
          0.0,
          0.0,
          1.0
        ]
      ]
    },
    {
      "file_path": "/media/NFS/ttao/scannet/posed_images/scene0673_05/00074.jpg",
      "transform_matrix": [
        [
          -0.156078,
          0.097771,
          -0.982894,
          3.728926
        ],
        [
          0.980451,
          0.136037,
          -0.142158,
          6.877903
        ],
        [
          0.119811,
          -0.985868,
          -0.117092,
          1.586022
        ],
        [
          0.0,
          0.0,
          0.0,
          1.0
        ]
      ]
    },
    {
      "file_path": "/media/NFS/ttao/scannet/posed_images/scene0673_05/00078.jpg",
      "transform_matrix": [
        [
          -0.143437,
          0.086627,
          -0.985861,
          3.730275
        ],
        [
          0.984787,
          0.111226,
          -0.133507,
          6.887631
        ],
        [
          0.098088,
          -0.990013,
          -0.101263,
          1.593537
        ],
        [
          0.0,
          0.0,
          0.0,
          1.0
        ]
      ]
    },
    {
      "file_path": "/media/NFS/ttao/scannet/posed_images/scene0673_05/00098.jpg",
      "transform_matrix": [
        [
          -0.05058,
          -0.069202,
          -0.99632,
          3.761436
        ],
        [
          0.998697,
          0.003233,
          -0.050925,
          6.894553
        ],
        [
          0.006745,
          -0.997598,
          0.068949,
          1.601111
        ],
        [
          0.0,
          0.0,
          0.0,
          1.0
        ]
      ]
    },
    {
      "file_path": "/media/NFS/ttao/scannet/posed_images/scene0673_05/00106.jpg",
      "transform_matrix": [
        [
          0.041914,
          0.056072,
          -0.997546,
          3.721356
        ],
        [
          0.998702,
          0.026559,
          0.043455,
          6.881813
        ],
        [
          0.02893,
          -0.998074,
          -0.054886,
          1.555116
        ],
        [
          0.0,
          0.0,
          0.0,
          1.0
        ]
      ]
    },
    {
      "file_path": "/media/NFS/ttao/scannet/posed_images/scene0673_05/00127.jpg",
      "transform_matrix": [
        [
          -0.353715,
          -0.003682,
          -0.935346,
          3.717519
        ],
        [
          0.927687,
          0.126389,
          -0.351316,
          6.812162
        ],
        [
          0.119511,
          -0.991974,
          -0.04129,
          1.604394
        ],
        [
          0.0,
          0.0,
          0.0,
          1.0
        ]
      ]
    },
    {
      "file_path": "/media/NFS/ttao/scannet/posed_images/scene0673_05/00135.jpg",
      "transform_matrix": [
        [
          -0.450133,
          -0.066554,
          -0.890478,
          3.737286
        ],
        [
          0.879865,
          0.137108,
          -0.455015,
          6.779371
        ],
        [
          0.152375,
          -0.988318,
          -0.003159,
          1.577427
        ],
        [
          0.0,
          0.0,
          0.0,
          1.0
        ]
      ]
    },
    {
      "file_path": "/media/NFS/ttao/scannet/posed_images/scene0673_05/00156.jpg",
      "transform_matrix": [
        [
          -0.715029,
          0.095454,
          -0.692547,
          3.787054
        ],
        [
          0.676858,
          0.34239,
          -0.651638,
          6.602082
        ],
        [
          0.17492,
          -0.934696,
          -0.309428,
          1.482663
        ],
        [
          0.0,
          0.0,
          0.0,
          1.0
        ]
      ]
    },
    {
      "file_path": "/media/NFS/ttao/scannet/posed_images/scene0673_05/00168.jpg",
      "transform_matrix": [
        [
          -0.773683,
          0.121838,
          -0.621748,
          3.840167
        ],
        [
          0.60768,
          0.420378,
          -0.6738,
          6.553501
        ],
        [
          0.179274,
          -0.899132,
          -0.399278,
          1.417931
        ],
        [
          0.0,
          0.0,
          0.0,
          1.0
        ]
      ]
    },
    {
      "file_path": "/media/NFS/ttao/scannet/posed_images/scene0673_05/00180.jpg",
      "transform_matrix": [
        [
          -0.855881,
          0.149538,
          -0.495082,
          3.827617
        ],
        [
          0.501299,
          0.475232,
          -0.723086,
          6.533534
        ],
        [
          0.12715,
          -0.86706,
          -0.481705,
          1.395479
        ],
        [
          0.0,
          0.0,
          0.0,
          1.0
        ]
      ]
    },
    {
      "file_path": "/media/NFS/ttao/scannet/posed_images/scene0673_05/00197.jpg",
      "transform_matrix": [
        [
          -0.937476,
          0.001225,
          -0.348047,
          3.709466
        ],
        [
          0.3181,
          0.408835,
          -0.855375,
          6.469074
        ],
        [
          0.141246,
          -0.912607,
          -0.383663,
          1.448873
        ],
        [
          0.0,
          0.0,
          0.0,
          1.0
        ]
      ]
    },
    {
      "file_path": "/media/NFS/ttao/scannet/posed_images/scene0673_05/00205.jpg",
      "transform_matrix": [
        [
          -0.943109,
          -0.029304,
          -0.33119,
          3.668285
        ],
        [
          0.296034,
          0.379459,
          -0.87657,
          6.375812
        ],
        [
          0.15136,
          -0.924745,
          -0.349196,
          1.453419
        ],
        [
          0.0,
          0.0,
          0.0,
          1.0
        ]
      ]
    },
    {
      "file_path": "/media/NFS/ttao/scannet/posed_images/scene0673_05/00221.jpg",
      "transform_matrix": [
        [
          -0.970213,
          -0.02064,
          -0.241371,
          3.579187
        ],
        [
          0.19738,
          0.510323,
          -0.837026,
          6.144708
        ],
        [
          0.140454,
          -0.859735,
          -0.491048,
          1.410518
        ],
        [
          0.0,
          0.0,
          0.0,
          1.0
        ]
      ]
    },
    {
      "file_path": "/media/NFS/ttao/scannet/posed_images/scene0673_05/00229.jpg",
      "transform_matrix": [
        [
          -0.987633,
          -0.064005,
          -0.143121,
          3.516267
        ],
        [
          0.087263,
          0.533987,
          -0.840977,
          6.08329
        ],
        [
          0.130252,
          -0.843067,
          -0.521798,
          1.408736
        ],
        [
          0.0,
          0.0,
          0.0,
          1.0
        ]
      ]
    },
    {
      "file_path": "/media/NFS/ttao/scannet/posed_images/scene0673_05/00246.jpg",
      "transform_matrix": [
        [
          -0.930491,
          -0.291372,
          0.222011,
          3.326455
        ],
        [
          -0.345766,
          0.498471,
          -0.794967,
          5.980213
        ],
        [
          0.120965,
          -0.816474,
          -0.564569,
          1.420786
        ],
        [
          0.0,
          0.0,
          0.0,
          1.0
        ]
      ]
    },
    {
      "file_path": "/media/NFS/ttao/scannet/posed_images/scene0673_05/00266.jpg",
      "transform_matrix": [
        [
          -0.675177,
          -0.546477,
          0.495479,
          3.221231
        ],
        [
          -0.724542,
          0.365209,
          -0.584517,
          5.782681
        ],
        [
          0.138472,
          -0.753648,
          -0.642527,
          1.420207
        ],
        [
          0.0,
          0.0,
          0.0,
          1.0
        ]
      ]
    },
    {
      "file_path": "/media/NFS/ttao/scannet/posed_images/scene0673_05/00270.jpg",
      "transform_matrix": [
        [
          -0.654984,
          -0.581404,
          0.482664,
          3.208744
        ],
        [
          -0.739683,
          0.362728,
          -0.566831,
          5.772678
        ],
        [
          0.154482,
          -0.728284,
          -0.667636,
          1.414068
        ],
        [
          0.0,
          0.0,
          0.0,
          1.0
        ]
      ]
    },
    {
      "file_path": "/media/NFS/ttao/scannet/posed_images/scene0673_05/00291.jpg",
      "transform_matrix": [
        [
          -0.377549,
          -0.663292,
          0.646143,
          3.099595
        ],
        [
          -0.923964,
          0.223717,
          -0.310228,
          5.925802
        ],
        [
          0.061219,
          -0.714139,
          -0.697322,
          1.424165
        ],
        [
          0.0,
          0.0,
          0.0,
          1.0
        ]
      ]
    },
    {
      "file_path": "/media/NFS/ttao/scannet/posed_images/scene0673_05/00307.jpg",
      "transform_matrix": [
        [
          -0.170315,
          -0.517903,
          0.838313,
          3.139404
        ],
        [
          -0.984311,
          0.049631,
          -0.169315,
          6.086632
        ],
        [
          0.046082,
          -0.853999,
          -0.518231,
          1.519326
        ],
        [
          0.0,
          0.0,
          0.0,
          1.0
        ]
      ]
    },
    {
      "file_path": "/media/NFS/ttao/scannet/posed_images/scene0673_05/00315.jpg",
      "transform_matrix": [
        [
          -0.118772,
          -0.432294,
          0.893876,
          3.148503
        ],
        [
          -0.991862,
          0.010073,
          -0.12692,
          6.099045
        ],
        [
          0.045863,
          -0.901676,
          -0.429973,
          1.553838
        ],
        [
          0.0,
          0.0,
          0.0,
          1.0
        ]
      ]
    },
    {
      "file_path": "/media/NFS/ttao/scannet/posed_images/scene0673_05/00336.jpg",
      "transform_matrix": [
        [
          -0.088245,
          -0.188582,
          0.978085,
          3.129093
        ],
        [
          -0.996081,
          0.022504,
          -0.085529,
          6.044014
        ],
        [
          -0.005882,
          -0.9818,
          -0.189829,
          1.635523
        ],
        [
          0.0,
          0.0,
          0.0,
          1.0
        ]
      ]
    },
    {
      "file_path": "/media/NFS/ttao/scannet/posed_images/scene0673_05/00348.jpg",
      "transform_matrix": [
        [
          -0.051119,
          -0.3658,
          0.929288,
          3.15315
        ],
        [
          -0.99858,
          0.032678,
          -0.042068,
          6.031624
        ],
        [
          -0.014979,
          -0.93012,
          -0.366952,
          1.548435
        ],
        [
          0.0,
          0.0,
          0.0,
          1.0
        ]
      ]
    },
    {
      "file_path": "/media/NFS/ttao/scannet/posed_images/scene0673_05/00360.jpg",
      "transform_matrix": [
        [
          0.021575,
          -0.445866,
          0.89484,
          3.213652
        ],
        [
          -0.996396,
          0.063846,
          0.055835,
          5.950071
        ],
        [
          -0.082027,
          -0.89282,
          -0.442882,
          1.482591
        ],
        [
          0.0,
          0.0,
          0.0,
          1.0
        ]
      ]
    },
    {
      "file_path": "/media/NFS/ttao/scannet/posed_images/scene0673_05/00369.jpg",
      "transform_matrix": [
        [
          0.011131,
          -0.42783,
          0.903791,
          3.263714
        ],
        [
          -0.997518,
          0.058088,
          0.039783,
          5.914317
        ],
        [
          -0.069519,
          -0.901991,
          -0.426122,
          1.464459
        ],
        [
          0.0,
          0.0,
          0.0,
          1.0
        ]
      ]
    },
    {
      "file_path": "/media/NFS/ttao/scannet/posed_images/scene0673_05/00389.jpg",
      "transform_matrix": [
        [
          -0.045076,
          -0.429206,
          0.902081,
          3.660212
        ],
        [
          -0.998964,
          0.02495,
          -0.038046,
          5.896249
        ],
        [
          -0.006177,
          -0.902862,
          -0.429886,
          1.467678
        ],
        [
          0.0,
          0.0,
          0.0,
          1.0
        ]
      ]
    },
    {
      "file_path": "/media/NFS/ttao/scannet/posed_images/scene0673_05/00397.jpg",
      "transform_matrix": [
        [
          -0.029938,
          -0.405333,
          0.913679,
          3.730797
        ],
        [
          -0.999455,
          0.024863,
          -0.021719,
          5.885582
        ],
        [
          -0.013913,
          -0.913831,
          -0.405857,
          1.480075
        ],
        [
          0.0,
          0.0,
          0.0,
          1.0
        ]
      ]
    },
    {
      "file_path": "/media/NFS/ttao/scannet/posed_images/scene0673_05/00418.jpg",
      "transform_matrix": [
        [
          -0.001216,
          -0.608079,
          0.793876,
          3.771976
        ],
        [
          -0.999505,
          0.025697,
          0.018152,
          5.755863
        ],
        [
          -0.031438,
          -0.793461,
          -0.607809,
          1.354105
        ],
        [
          0.0,
          0.0,
          0.0,
          1.0
        ]
      ]
    },
    {
      "file_path": "/media/NFS/ttao/scannet/posed_images/scene0673_05/00430.jpg",
      "transform_matrix": [
        [
          0.172888,
          -0.646408,
          0.743146,
          3.773825
        ],
        [
          -0.984089,
          -0.081976,
          0.157637,
          5.806455
        ],
        [
          -0.040978,
          -0.758575,
          -0.650296,
          1.350783
        ],
        [
          0.0,
          0.0,
          0.0,
          1.0
        ]
      ]
    },
    {
      "file_path": "/media/NFS/ttao/scannet/posed_images/scene0673_05/00442.jpg",
      "transform_matrix": [
        [
          0.339365,
          -0.563099,
          0.753493,
          3.762157
        ],
        [
          -0.940652,
          -0.201041,
          0.273418,
          5.877572
        ],
        [
          -0.002478,
          -0.801563,
          -0.597906,
          1.377142
        ],
        [
          0.0,
          0.0,
          0.0,
          1.0
        ]
      ]
    },
    {
      "file_path": "/media/NFS/ttao/scannet/posed_images/scene0673_05/00446.jpg",
      "transform_matrix": [
        [
          0.376012,
          -0.557178,
          0.740384,
          3.749604
        ],
        [
          -0.926603,
          -0.230194,
          0.297352,
          5.899284
        ],
        [
          0.004754,
          -0.79785,
          -0.602838,
          1.373805
        ],
        [
          0.0,
          0.0,
          0.0,
          1.0
        ]
      ]
    },
    {
      "file_path": "/media/NFS/ttao/scannet/posed_images/scene0673_05/00471.jpg",
      "transform_matrix": [
        [
          0.3159,
          -0.692783,
          0.648274,
          3.483396
        ],
        [
          -0.948782,
          -0.227451,
          0.219268,
          6.089077
        ],
        [
          -0.004454,
          -0.684338,
          -0.729152,
          1.344644
        ],
        [
          0.0,
          0.0,
          0.0,
          1.0
        ]
      ]
    },
    {
      "file_path": "/media/NFS/ttao/scannet/posed_images/scene0673_05/00475.jpg",
      "transform_matrix": [
        [
          0.356009,
          -0.670184,
          0.651238,
          3.441072
        ],
        [
          -0.934412,
          -0.263853,
          0.239281,
          6.117851
        ],
        [
          0.011469,
          -0.693711,
          -0.720162,
          1.356474
        ],
        [
          0.0,
          0.0,
          0.0,
          1.0
        ]
      ]
    },
    {
      "file_path": "/media/NFS/ttao/scannet/posed_images/scene0673_05/00500.jpg",
      "transform_matrix": [
        [
          0.669285,
          -0.409242,
          0.620143,
          3.31665
        ],
        [
          -0.741799,
          -0.320493,
          0.589083,
          6.137134
        ],
        [
          -0.042326,
          -0.854286,
          -0.518077,
          1.401287
        ],
        [
          0.0,
          0.0,
          0.0,
          1.0
        ]
      ]
    },
    {
      "file_path": "/media/NFS/ttao/scannet/posed_images/scene0673_05/00512.jpg",
      "transform_matrix": [
        [
          0.651554,
          -0.309249,
          0.692707,
          3.265033
        ],
        [
          -0.757826,
          -0.224026,
          0.61279,
          6.223195
        ],
        [
          -0.034321,
          -0.924217,
          -0.380322,
          1.416411
        ],
        [
          0.0,
          0.0,
          0.0,
          1.0
        ]
      ]
    },
    {
      "file_path": "/media/NFS/ttao/scannet/posed_images/scene0673_05/00516.jpg",
      "transform_matrix": [
        [
          0.626304,
          -0.27369,
          0.729957,
          3.252147
        ],
        [
          -0.77895,
          -0.182095,
          0.600066,
          6.301197
        ],
        [
          -0.031311,
          -0.944423,
          -0.327237,
          1.427495
        ],
        [
          0.0,
          0.0,
          0.0,
          1.0
        ]
      ]
    },
    {
      "file_path": "/media/NFS/ttao/scannet/posed_images/scene0673_05/00528.jpg",
      "transform_matrix": [
        [
          0.450584,
          -0.215951,
          0.866221,
          3.199417
        ],
        [
          -0.891674,
          -0.06159,
          0.448469,
          6.564968
        ],
        [
          -0.043496,
          -0.97446,
          -0.220309,
          1.37804
        ],
        [
          0.0,
          0.0,
          0.0,
          1.0
        ]
      ]
    },
    {
      "file_path": "/media/NFS/ttao/scannet/posed_images/scene0673_05/00545.jpg",
      "transform_matrix": [
        [
          0.429479,
          -0.225907,
          0.874364,
          3.242775
        ],
        [
          -0.902373,
          -0.069142,
          0.425373,
          6.771456
        ],
        [
          -0.035639,
          -0.971692,
          -0.233548,
          1.291008
        ],
        [
          0.0,
          0.0,
          0.0,
          1.0
        ]
      ]
    },
    {
      "file_path": "/media/NFS/ttao/scannet/posed_images/scene0673_05/00565.jpg",
      "transform_matrix": [
        [
          0.535595,
          -0.299711,
          0.7895,
          3.218066
        ],
        [
          -0.844417,
          -0.200997,
          0.496548,
          6.785951
        ],
        [
          0.009866,
          -0.932617,
          -0.360734,
          1.229696
        ],
        [
          0.0,
          0.0,
          0.0,
          1.0
        ]
      ]
    },
    {
      "file_path": "/media/NFS/ttao/scannet/posed_images/scene0673_05/00569.jpg",
      "transform_matrix": [
        [
          0.561232,
          -0.29447,
          0.773503,
          3.202281
        ],
        [
          -0.827625,
          -0.208109,
          0.521275,
          6.777748
        ],
        [
          0.007473,
          -0.932726,
          -0.360508,
          1.235114
        ],
        [
          0.0,
          0.0,
          0.0,
          1.0
        ]
      ]
    },
    {
      "file_path": "/media/NFS/ttao/scannet/posed_images/scene0673_05/00586.jpg",
      "transform_matrix": [
        [
          0.814052,
          -0.292505,
          0.501757,
          3.138778
        ],
        [
          -0.579521,
          -0.351964,
          0.735035,
          6.6463
        ],
        [
          -0.038401,
          -0.889136,
          -0.45603,
          1.341924
        ],
        [
          0.0,
          0.0,
          0.0,
          1.0
        ]
      ]
    },
    {
      "file_path": "/media/NFS/ttao/scannet/posed_images/scene0673_05/00598.jpg",
      "transform_matrix": [
        [
          0.9155,
          -0.306387,
          0.260743,
          3.19723
        ],
        [
          -0.376156,
          -0.421966,
          0.824895,
          6.473213
        ],
        [
          -0.142713,
          -0.853271,
          -0.501559,
          1.417325
        ],
        [
          0.0,
          0.0,
          0.0,
          1.0
        ]
      ]
    },
    {
      "file_path": "/media/NFS/ttao/scannet/posed_images/scene0673_05/00614.jpg",
      "transform_matrix": [
        [
          0.979394,
          -0.200383,
          0.025165,
          3.318224
        ],
        [
          -0.127242,
          -0.515493,
          0.847394,
          6.308249
        ],
        [
          -0.156831,
          -0.833135,
          -0.530368,
          1.395436
        ],
        [
          0.0,
          0.0,
          0.0,
          1.0
        ]
      ]
    },
    {
      "file_path": "/media/NFS/ttao/scannet/posed_images/scene0673_05/00631.jpg",
      "transform_matrix": [
        [
          0.990364,
          0.027586,
          -0.135713,
          3.437977
        ],
        [
          0.133612,
          -0.448076,
          0.883955,
          6.353045
        ],
        [
          -0.036425,
          -0.89357,
          -0.447444,
          1.40806
        ],
        [
          0.0,
          0.0,
          0.0,
          1.0
        ]
      ]
    },
    {
      "file_path": "/media/NFS/ttao/scannet/posed_images/scene0673_05/00643.jpg",
      "transform_matrix": [
        [
          0.943721,
          0.114068,
          -0.310449,
          3.566889
        ],
        [
          0.326503,
          -0.4711,
          0.819427,
          6.379209
        ],
        [
          -0.052781,
          -0.874673,
          -0.481831,
          1.383234
        ],
        [
          0.0,
          0.0,
          0.0,
          1.0
        ]
      ]
    },
    {
      "file_path": "/media/NFS/ttao/scannet/posed_images/scene0673_05/00659.jpg",
      "transform_matrix": [
        [
          0.682487,
          0.321719,
          -0.656283,
          3.685264
        ],
        [
          0.728873,
          -0.366357,
          0.578382,
          6.41671
        ],
        [
          -0.054358,
          -0.873086,
          -0.484526,
          1.374318
        ],
        [
          0.0,
          0.0,
          0.0,
          1.0
        ]
      ]
    },
    {
      "file_path": "/media/NFS/ttao/scannet/posed_images/scene0673_05/00676.jpg",
      "transform_matrix": [
        [
          0.641566,
          0.368753,
          -0.672617,
          3.722485
        ],
        [
          0.767056,
          -0.303416,
          0.5653,
          6.71625
        ],
        [
          0.004373,
          -0.878612,
          -0.477516,
          1.383679
        ],
        [
          0.0,
          0.0,
          0.0,
          1.0
        ]
      ]
    },
    {
      "file_path": "/media/NFS/ttao/scannet/posed_images/scene0673_05/00680.jpg",
      "transform_matrix": [
        [
          0.614011,
          0.378114,
          -0.692836,
          3.749545
        ],
        [
          0.789264,
          -0.286061,
          0.543351,
          6.792366
        ],
        [
          0.007255,
          -0.880454,
          -0.474076,
          1.379471
        ],
        [
          0.0,
          0.0,
          0.0,
          1.0
        ]
      ]
    },
    {
      "file_path": "/media/NFS/ttao/scannet/posed_images/scene0673_05/00700.jpg",
      "transform_matrix": [
        [
          0.302519,
          0.353079,
          -0.885335,
          3.842114
        ],
        [
          0.950387,
          -0.041157,
          0.308334,
          7.067038
        ],
        [
          0.072428,
          -0.934688,
          -0.348012,
          1.444146
        ],
        [
          0.0,
          0.0,
          0.0,
          1.0
        ]
      ]
    },
    {
      "file_path": "/media/NFS/ttao/scannet/posed_images/scene0673_05/00717.jpg",
      "transform_matrix": [
        [
          -0.054898,
          0.306576,
          -0.950262,
          3.838171
        ],
        [
          0.993997,
          0.10698,
          -0.022911,
          7.228306
        ],
        [
          0.094636,
          -0.945815,
          -0.310609,
          1.481905
        ],
        [
          0.0,
          0.0,
          0.0,
          1.0
        ]
      ]
    },
    {
      "file_path": "/media/NFS/ttao/scannet/posed_images/scene0673_05/00729.jpg",
      "transform_matrix": [
        [
          -0.155629,
          0.290031,
          -0.944278,
          3.840168
        ],
        [
          0.980647,
          0.160319,
          -0.112382,
          7.376586
        ],
        [
          0.118791,
          -0.943494,
          -0.309369,
          1.501276
        ],
        [
          0.0,
          0.0,
          0.0,
          1.0
        ]
      ]
    },
    {
      "file_path": "/media/NFS/ttao/scannet/posed_images/scene0673_05/00737.jpg",
      "transform_matrix": [
        [
          -0.219917,
          0.298179,
          -0.92883,
          3.799339
        ],
        [
          0.967458,
          0.188808,
          -0.16845,
          7.438422
        ],
        [
          0.125142,
          -0.93565,
          -0.329998,
          1.500822
        ],
        [
          0.0,
          0.0,
          0.0,
          1.0
        ]
      ]
    },
    {
      "file_path": "/media/NFS/ttao/scannet/posed_images/scene0673_05/00753.jpg",
      "transform_matrix": [
        [
          -0.328905,
          0.299798,
          -0.895512,
          3.607267
        ],
        [
          0.931155,
          0.260997,
          -0.25462,
          7.621373
        ],
        [
          0.157391,
          -0.917607,
          -0.365002,
          1.535579
        ],
        [
          0.0,
          0.0,
          0.0,
          1.0
        ]
      ]
    },
    {
      "file_path": "/media/NFS/ttao/scannet/posed_images/scene0673_05/00770.jpg",
      "transform_matrix": [
        [
          -0.500076,
          0.274087,
          -0.821462,
          3.451276
        ],
        [
          0.856709,
          0.295023,
          -0.423096,
          7.819168
        ],
        [
          0.126385,
          -0.915335,
          -0.382347,
          1.586104
        ],
        [
          0.0,
          0.0,
          0.0,
          1.0
        ]
      ]
    },
    {
      "file_path": "/media/NFS/ttao/scannet/posed_images/scene0673_05/00782.jpg",
      "transform_matrix": [
        [
          -0.437438,
          0.295878,
          -0.849178,
          3.290303
        ],
        [
          0.882391,
          0.323219,
          -0.341929,
          7.834461
        ],
        [
          0.173302,
          -0.89888,
          -0.402469,
          1.565049
        ],
        [
          0.0,
          0.0,
          0.0,
          1.0
        ]
      ]
    },
    {
      "file_path": "/media/NFS/ttao/scannet/posed_images/scene0673_05/00799.jpg",
      "transform_matrix": [
        [
          -0.527427,
          0.348595,
          -0.774792,
          3.083956
        ],
        [
          0.838776,
          0.358757,
          -0.409571,
          7.851007
        ],
        [
          0.135188,
          -0.865896,
          -0.481611,
          1.55823
        ],
        [
          0.0,
          0.0,
          0.0,
          1.0
        ]
      ]
    },
    {
      "file_path": "/media/NFS/ttao/scannet/posed_images/scene0673_05/00803.jpg",
      "transform_matrix": [
        [
          -0.534841,
          0.331386,
          -0.777257,
          3.062867
        ],
        [
          0.829978,
          0.378459,
          -0.409762,
          7.858168
        ],
        [
          0.158371,
          -0.864264,
          -0.477459,
          1.566645
        ],
        [
          0.0,
          0.0,
          0.0,
          1.0
        ]
      ]
    },
    {
      "file_path": "/media/NFS/ttao/scannet/posed_images/scene0673_05/00827.jpg",
      "transform_matrix": [
        [
          -0.730167,
          0.121596,
          -0.672362,
          3.160911
        ],
        [
          0.629467,
          0.502451,
          -0.592717,
          7.784168
        ],
        [
          0.265757,
          -0.856012,
          -0.443415,
          1.6419
        ],
        [
          0.0,
          0.0,
          0.0,
          1.0
        ]
      ]
    },
    {
      "file_path": "/media/NFS/ttao/scannet/posed_images/scene0673_05/00835.jpg",
      "transform_matrix": [
        [
          -0.794415,
          0.059328,
          -0.604471,
          3.347533
        ],
        [
          0.550384,
          0.491213,
          -0.67512,
          7.714747
        ],
        [
          0.25687,
          -0.869017,
          -0.42288,
          1.637152
        ],
        [
          0.0,
          0.0,
          0.0,
          1.0
        ]
      ]
    },
    {
      "file_path": "/media/NFS/ttao/scannet/posed_images/scene0673_05/00844.jpg",
      "transform_matrix": [
        [
          -0.802238,
          -0.00752,
          -0.596957,
          3.439367
        ],
        [
          0.548481,
          0.38559,
          -0.741949,
          7.696558
        ],
        [
          0.23576,
          -0.92264,
          -0.30521,
          1.649535
        ],
        [
          0.0,
          0.0,
          0.0,
          1.0
        ]
      ]
    },
    {
      "file_path": "/media/NFS/ttao/scannet/posed_images/scene0673_05/00856.jpg",
      "transform_matrix": [
        [
          -0.839215,
          0.009566,
          -0.543716,
          3.552641
        ],
        [
          0.516768,
          0.325345,
          -0.791897,
          7.626566
        ],
        [
          0.16932,
          -0.945547,
          -0.277978,
          1.621644
        ],
        [
          0.0,
          0.0,
          0.0,
          1.0
        ]
      ]
    },
    {
      "file_path": "/media/NFS/ttao/scannet/posed_images/scene0673_05/00872.jpg",
      "transform_matrix": [
        [
          -0.776264,
          -0.029137,
          -0.629734,
          3.754736
        ],
        [
          0.611028,
          0.21101,
          -0.762968,
          7.467156
        ],
        [
          0.155111,
          -0.97705,
          -0.145996,
          1.621936
        ],
        [
          0.0,
          0.0,
          0.0,
          1.0
        ]
      ]
    },
    {
      "file_path": "/media/NFS/ttao/scannet/posed_images/scene0673_05/00893.jpg",
      "transform_matrix": [
        [
          -0.864273,
          0.104255,
          -0.4921,
          3.932194
        ],
        [
          0.487436,
          0.415218,
          -0.768115,
          7.203716
        ],
        [
          0.124249,
          -0.903728,
          -0.409679,
          1.476258
        ],
        [
          0.0,
          0.0,
          0.0,
          1.0
        ]
      ]
    },
    {
      "file_path": "/media/NFS/ttao/scannet/posed_images/scene0673_05/00909.jpg",
      "transform_matrix": [
        [
          -0.95099,
          0.056477,
          -0.304021,
          3.835113
        ],
        [
          0.294746,
          0.462858,
          -0.835995,
          6.84269
        ],
        [
          0.093504,
          -0.884632,
          -0.45682,
          1.43896
        ],
        [
          0.0,
          0.0,
          0.0,
          1.0
        ]
      ]
    },
    {
      "file_path": "/media/NFS/ttao/scannet/posed_images/scene0673_05/00917.jpg",
      "transform_matrix": [
        [
          -0.975268,
          0.021482,
          -0.219981,
          3.815172
        ],
        [
          0.196705,
          0.538243,
          -0.819513,
          6.65831
        ],
        [
          0.100798,
          -0.842516,
          -0.529156,
          1.409617
        ],
        [
          0.0,
          0.0,
          0.0,
          1.0
        ]
      ]
    },
    {
      "file_path": "/media/NFS/ttao/scannet/posed_images/scene0673_05/00925.jpg",
      "transform_matrix": [
        [
          -0.987804,
          -0.033192,
          -0.152122,
          3.818347
        ],
        [
          0.116177,
          0.493342,
          -0.862042,
          6.455775
        ],
        [
          0.103661,
          -0.869202,
          -0.483469,
          1.405349
        ],
        [
          0.0,
          0.0,
          0.0,
          1.0
        ]
      ]
    },
    {
      "file_path": "/media/NFS/ttao/scannet/posed_images/scene0673_05/00946.jpg",
      "transform_matrix": [
        [
          -0.976562,
          -0.171713,
          0.12977,
          3.758731
        ],
        [
          -0.200798,
          0.509749,
          -0.836562,
          5.966784
        ],
        [
          0.077499,
          -0.843013,
          -0.532282,
          1.422507
        ],
        [
          0.0,
          0.0,
          0.0,
          1.0
        ]
      ]
    },
    {
      "file_path": "/media/NFS/ttao/scannet/posed_images/scene0673_05/00962.jpg",
      "transform_matrix": [
        [
          -0.92637,
          -0.272664,
          0.259796,
          3.829344
        ],
        [
          -0.360025,
          0.438645,
          -0.823391,
          5.665449
        ],
        [
          0.11055,
          -0.856297,
          -0.504513,
          1.430714
        ],
        [
          0.0,
          0.0,
          0.0,
          1.0
        ]
      ]
    },
    {
      "file_path": "/media/NFS/ttao/scannet/posed_images/scene0673_05/00975.jpg",
      "transform_matrix": [
        [
          -0.918873,
          -0.268534,
          0.289071,
          3.969385
        ],
        [
          -0.377139,
          0.382519,
          -0.843472,
          5.423714
        ],
        [
          0.115925,
          -0.884064,
          -0.452761,
          1.424945
        ],
        [
          0.0,
          0.0,
          0.0,
          1.0
        ]
      ]
    },
    {
      "file_path": "/media/NFS/ttao/scannet/posed_images/scene0673_05/00991.jpg",
      "transform_matrix": [
        [
          -0.896327,
          -0.265177,
          0.355356,
          4.134896
        ],
        [
          -0.436415,
          0.38601,
          -0.812735,
          5.051781
        ],
        [
          0.078348,
          -0.88356,
          -0.461719,
          1.422617
        ],
        [
          0.0,
          0.0,
          0.0,
          1.0
        ]
      ]
    },
    {
      "file_path": "/media/NFS/ttao/scannet/posed_images/scene0673_05/00995.jpg",
      "transform_matrix": [
        [
          -0.898747,
          -0.270919,
          0.344755,
          4.178954
        ],
        [
          -0.430741,
          0.398589,
          -0.809684,
          4.953454
        ],
        [
          0.081943,
          -0.876202,
          -0.474927,
          1.409834
        ],
        [
          0.0,
          0.0,
          0.0,
          1.0
        ]
      ]
    },
    {
      "file_path": "/media/NFS/ttao/scannet/posed_images/scene0673_05/01011.jpg",
      "transform_matrix": [
        [
          -0.932873,
          -0.249677,
          0.259635,
          4.233191
        ],
        [
          -0.352248,
          0.48165,
          -0.802456,
          4.58937
        ],
        [
          0.075302,
          -0.840045,
          -0.537266,
          1.383383
        ],
        [
          0.0,
          0.0,
          0.0,
          1.0
        ]
      ]
    },
    {
      "file_path": "/media/NFS/ttao/scannet/posed_images/scene0673_05/01020.jpg",
      "transform_matrix": [
        [
          -0.913232,
          -0.296395,
          0.279567,
          4.17804
        ],
        [
          -0.394765,
          0.473853,
          -0.787162,
          4.39073
        ],
        [
          0.100838,
          -0.829225,
          -0.549744,
          1.385361
        ],
        [
          0.0,
          0.0,
          0.0,
          1.0
        ]
      ]
    },
    {
      "file_path": "/media/NFS/ttao/scannet/posed_images/scene0673_05/01044.jpg",
      "transform_matrix": [
        [
          -0.808855,
          -0.431059,
          0.399928,
          4.162521
        ],
        [
          -0.575655,
          0.441817,
          -0.688055,
          4.060384
        ],
        [
          0.119897,
          -0.786757,
          -0.605507,
          1.369945
        ],
        [
          0.0,
          0.0,
          0.0,
          1.0
        ]
      ]
    },
    {
      "file_path": "/media/NFS/ttao/scannet/posed_images/scene0673_05/01057.jpg",
      "transform_matrix": [
        [
          -0.488102,
          -0.680982,
          0.545911,
          3.903811
        ],
        [
          -0.826585,
          0.15987,
          -0.539628,
          3.726561
        ],
        [
          0.280202,
          -0.714636,
          -0.640923,
