{
  "frames": [
    {
      "file_path": "/media/NFS/ttao/scannet/posed_images/scene0013_00/00001.jpg",
      "transform_matrix": [
        [
          0.747082,
          -0.370975,
          0.551585,
          3.708719
        ],
        [
          -0.664465,
          -0.440253,
          0.603874,
          4.403161
        ],
        [
          0.018814,
          -0.817652,
          -0.575405,
          1.261416
        ],
        [
          0.0,
          0.0,
          0.0,
          1.0
        ]
      ]
    },
    {
      "file_path": "/media/NFS/ttao/scannet/posed_images/scene0013_00/00002.jpg",
      "transform_matrix": [
        [
          0.746372,
          -0.37052,
          0.55285,
          3.708833
        ],
        [
          -0.665272,
          -0.438418,
          0.60432,
          4.402057
        ],
        [
          0.018468,
          -0.818844,
          -0.57372,
          1.261367
        ],
        [
          0.0,
          0.0,
          0.0,
          1.0
        ]
      ]
    },
    {
      "file_path": "/media/NFS/ttao/scannet/posed_images/scene0013_00/00005.jpg",
      "transform_matrix": [
        [
          0.74491,
          -0.37217,
          0.553714,
          3.708251
        ],
        [
          -0.666923,
          -0.437736,
          0.602993,
          4.400948
        ],
        [
          0.017964,
          -0.81846,
          -0.574283,
          1.258912
        ],
        [
          0.0,
          0.0,
          0.0,
          1.0
        ]
      ]
    },
    {
      "file_path": "/media/NFS/ttao/scannet/posed_images/scene0013_00/00007.jpg",
      "transform_matrix": [
        [
          0.744615,
          -0.374932,
          0.552245,
          3.708582
        ],
        [
          -0.667269,
          -0.439602,
          0.601251,
          4.401486
        ],
        [
          0.01734,
          -0.816197,
          -0.577514,
          1.25899
        ],
        [
          0.0,
          0.0,
          0.0,
          1.0
        ]
      ]
    },
    {
      "file_path": "/media/NFS/ttao/scannet/posed_images/scene0013_00/00010.jpg",
      "transform_matrix": [
        [
          0.744094,
          -0.377797,
          0.550993,
          3.708784
        ],
        [
          -0.667891,
          -0.440064,
          0.600222,
          4.402253
        ],
        [
          0.01571,
          -0.814625,
          -0.579776,
          1.260006
        ],
        [
          0.0,
          0.0,
          0.0,
          1.0
        ]
      ]
    },
    {
      "file_path": "/media/NFS/ttao/scannet/posed_images/scene0013_00/00012.jpg",
      "transform_matrix": [
        [
          0.745481,
          -0.375358,
          0.550786,
          3.710174
        ],
        [
          -0.666308,
          -0.440877,
          0.601383,
          4.402603
        ],
        [
          0.017095,
          -0.815312,
          -0.57877,
          1.261533
        ],
        [
          0.0,
          0.0,
          0.0,
          1.0
        ]
      ]
    },
    {
      "file_path": "/media/NFS/ttao/scannet/posed_images/scene0013_00/00015.jpg",
      "transform_matrix": [
        [
          0.748195,
          -0.367302,
          0.552534,
          3.708332
        ],
        [
          -0.663067,
          -0.443321,
          0.603166,
          4.405677
        ],
        [
          0.023406,
          -0.817653,
          -0.575236,
          1.26496
        ],
        [
          0.0,
          0.0,
          0.0,
          1.0
        ]
      ]
    },
    {
      "file_path": "/media/NFS/ttao/scannet/posed_images/scene0013_00/00017.jpg",
      "transform_matrix": [
        [
          0.753402,
          -0.358948,
          0.550946,
          3.709939
        ],
        [
          -0.657114,
          -0.441862,
          0.610705,
          4.407336
        ],
        [
          0.02423,
          -0.82214,
          -0.56877,
          1.270048
        ],
        [
          0.0,
          0.0,
          0.0,
          1.0
        ]
      ]
    },
    {
      "file_path": "/media/NFS/ttao/scannet/posed_images/scene0013_00/00020.jpg",
      "transform_matrix": [
        [
          0.758722,
          -0.351871,
          0.548204,
          3.708565
        ],
        [
          -0.651194,
          -0.431626,
          0.624216,
          4.412643
        ],
        [
          0.016976,
          -0.830594,
          -0.556621,
          1.280965
        ],
        [
          0.0,
          0.0,
          0.0,
          1.0
        ]
      ]
    },
    {
      "file_path": "/media/NFS/ttao/scannet/posed_images/scene0013_00/00024.jpg",
      "transform_matrix": [
        [
          0.767565,
          -0.329571,
          0.549752,
          3.707894
        ],
        [
          -0.640874,
          -0.409563,
          0.649261,
          4.415075
        ],
        [
          0.011181,
          -0.850671,
          -0.525579,
          1.292436
        ],
        [
          0.0,
          0.0,
          0.0,
          1.0
        ]
      ]
    },
    {
      "file_path": "/media/NFS/ttao/scannet/posed_images/scene0013_00/00025.jpg",
      "transform_matrix": [
        [
          0.768726,
          -0.323167,
          0.551926,
          3.703666
        ],
        [
          -0.639466,
          -0.404453,
          0.653835,
          4.416595
        ],
        [
          0.01193,
          -0.855559,
          -0.517568,
          1.290284
        ],
        [
          0.0,
          0.0,
          0.0,
          1.0
        ]
      ]
    },
    {
      "file_path": "/media/NFS/ttao/scannet/posed_images/scene0013_00/00027.jpg",
      "transform_matrix": [
        [
          0.770861,
          -0.324688,
          0.548043,
          3.702007
        ],
        [
          -0.636856,
          -0.411336,
          0.652087,
          4.41619
        ],
        [
          0.013705,
          -0.851693,
          -0.523862,
          1.282927
        ],
        [
          0.0,
          0.0,
          0.0,
          1.0
        ]
      ]
    },
    {
      "file_path": "/media/NFS/ttao/scannet/posed_images/scene0013_00/00030.jpg",
      "transform_matrix": [
        [
          0.77867,
          -0.333066,
          0.531733,
          3.694083
        ],
        [
          -0.627173,
          -0.437604,
          0.644326,
          4.419021
        ],
        [
          0.018085,
          -0.835206,
          -0.54964,
          1.269592
        ],
        [
          0.0,
          0.0,
          0.0,
          1.0
        ]
      ]
    },
    {
      "file_path": "/media/NFS/ttao/scannet/posed_images/scene0013_00/00034.jpg",
      "transform_matrix": [
        [
          0.807558,
          -0.343446,
          0.479475,
          3.695444
        ],
        [
          -0.589734,
          -0.481252,
          0.648544,
          4.41744
        ],
        [
          0.008009,
          -0.8065,
          -0.591181,
          1.258427
        ],
        [
          0.0,
          0.0,
          0.0,
          1.0
        ]
      ]
    },
    {
      "file_path": "/media/NFS/ttao/scannet/posed_images/scene0013_00/00035.jpg",
      "transform_matrix": [
        [
          0.816124,
          -0.342243,
          0.46563,
          3.695365
        ],
        [
          -0.577856,
          -0.490111,
          0.65259,
          4.415291
        ],
        [
          0.004866,
          -0.801661,
          -0.597759,
          1.257428
        ],
        [
          0.0,
          0.0,
          0.0,
          1.0
        ]
      ]
    },
    {
      "file_path": "/media/NFS/ttao/scannet/posed_images/scene0013_00/00037.jpg",
      "transform_matrix": [
        [
          0.834357,
          -0.332658,
          0.43953,
          3.694564
        ],
        [
          -0.55122,
          -0.506574,
          0.662978,
          4.408703
        ],
        [
          0.002109,
          -0.795438,
          -0.606032,
          1.255525
        ],
        [
          0.0,
          0.0,
          0.0,
          1.0
        ]
      ]
    },
    {
      "file_path": "/media/NFS/ttao/scannet/posed_images/scene0013_00/00040.jpg",
      "transform_matrix": [
        [
          0.860323,
          -0.303491,
          0.409557,
          3.680789
        ],
        [
          -0.509542,
          -0.534906,
          0.673975,
          4.392467
        ],
        [
          0.014529,
          -0.788523,
          -0.614834,
          1.246563
        ],
        [
          0.0,
          0.0,
          0.0,
          1.0
        ]
      ]
    },
    {
      "file_path": "/media/NFS/ttao/scannet/posed_images/scene0013_00/00043.jpg",
      "transform_matrix": [
        [
          0.886078,
          -0.274151,
          0.373772,
          3.682092
        ],
        [
          -0.462913,
          -0.565124,
          0.682896,
          4.362369
        ],
        [
          0.024011,
          -0.778124,
          -0.627652,
          1.236123
        ],
        [
          0.0,
          0.0,
          0.0,
          1.0
        ]
      ]
    },
    {
      "file_path": "/media/NFS/ttao/scannet/posed_images/scene0013_00/00045.jpg",
      "transform_matrix": [
        [
          0.904015,
          -0.248329,
          0.347979,
          3.681969
        ],
        [
          -0.42617,
          -0.587659,
          0.687776,
          4.336766
        ],
        [
          0.033699,
          -0.770058,
          -0.637083,
          1.224421
        ],
        [
          0.0,
          0.0,
          0.0,
          1.0
        ]
      ]
    },
    {
      "file_path": "/media/NFS/ttao/scannet/posed_images/scene0013_00/00048.jpg",
      "transform_matrix": [
        [
          0.929372,
          -0.212558,
          0.301807,
          3.686649
        ],
        [
          -0.36668,
          -0.625892,
          0.688335,
          4.300025
        ],
        [
          0.042588,
          -0.750385,
          -0.659627,
          1.216072
        ],
        [
          0.0,
          0.0,
          0.0,
          1.0
        ]
      ]
    },
    {
      "file_path": "/media/NFS/ttao/scannet/posed_images/scene0013_00/00052.jpg",
      "transform_matrix": [
        [
          0.951895,
          -0.174679,
          0.25176,
          3.692348
        ],
        [
          -0.303006,
          -0.658955,
          0.688452,
          4.254518
        ],
        [
          0.04564,
          -0.731619,
          -0.680184,
          1.220206
        ],
        [
          0.0,
          0.0,
          0.0,
          1.0
        ]
      ]
    },
    {
      "file_path": "/media/NFS/ttao/scannet/posed_images/scene0013_00/00054.jpg",
      "transform_matrix": [
        [
          0.958969,
          -0.164957,
          0.230582,
          3.689211
        ],
        [
          -0.280952,
          -0.661961,
          0.694891,
          4.23688
        ],
        [
          0.038009,
          -0.731161,
          -0.681145,
          1.226801
        ],
        [
          0.0,
          0.0,
          0.0,
          1.0
        ]
      ]
    },
    {
      "file_path": "/media/NFS/ttao/scannet/posed_images/scene0013_00/00055.jpg",
      "transform_matrix": [
        [
          0.96333,
          -0.15876,
          0.216312,
          3.688931
        ],
        [
          -0.266405,
          -0.662043,
          0.70052,
          4.227323
        ],
        [
          0.031993,
          -0.732458,
          -0.68006,
          1.229903
        ],
        [
          0.0,
          0.0,
          0.0,
          1.0
        ]
      ]
    },
    {
      "file_path": "/media/NFS/ttao/scannet/posed_images/scene0013_00/00059.jpg",
      "transform_matrix": [
        [
          0.976425,
          -0.129986,
          0.172332,
          3.677338
        ],
        [
          -0.215038,
          -0.655288,
          0.724125,
          4.194889
        ],
        [
          0.018801,
          -0.744111,
          -0.667791,
          1.240288
        ],
        [
          0.0,
          0.0,
          0.0,
          1.0
        ]
      ]
    },
    {
      "file_path": "/media/NFS/ttao/scannet/posed_images/scene0013_00/00060.jpg",
      "transform_matrix": [
        [
          0.980548,
          -0.115226,
          0.158897,
          3.678654
        ],
        [
          -0.195233,
          -0.655994,
          0.729079,
          4.187328
        ],
        [
          0.020226,
          -0.745919,
          -0.66573,
          1.24246
        ],
        [
          0.0,
          0.0,
          0.0,
          1.0
        ]
      ]
    },
    {
      "file_path": "/media/NFS/ttao/scannet/posed_images/scene0013_00/00063.jpg",
      "transform_matrix": [
        [
          0.988698,
          -0.078284,
          0.127855,
          3.657549
        ],
        [
          -0.147837,
          -0.650691,
          0.744812,
          4.168874
        ],
        [
          0.024887,
          -0.755296,
          -0.654911,
          1.24681
        ],
        [
          0.0,
          0.0,
          0.0,
          1.0
        ]
      ]
    },
    {
      "file_path": "/media/NFS/ttao/scannet/posed_images/scene0013_00/00066.jpg",
      "transform_matrix": [
        [
          0.995532,
          -0.031215,
          0.089112,
          3.629066
        ],
        [
          -0.088163,
          -0.645161,
          0.758944,
          4.150065
        ],
        [
          0.033801,
          -0.763409,
          -0.64503,
          1.245927
        ],
        [
          0.0,
          0.0,
          0.0,
          1.0
        ]
      ]
    },
    {
      "file_path": "/media/NFS/ttao/scannet/posed_images/scene0013_00/00068.jpg",
      "transform_matrix": [
        [
          0.997983,
          0.000197,
          0.063481,
          3.605571
        ],
        [
          -0.048156,
          -0.649214,
          0.75908,
          4.141419
        ],
        [
          0.041362,
          -0.760606,
          -0.647895,
          1.245879
        ],
        [
          0.0,
          0.0,
          0.0,
          1.0
        ]
      ]
    },
    {
      "file_path": "/media/NFS/ttao/scannet/posed_images/scene0013_00/00070.jpg",
      "transform_matrix": [
        [
          0.998894,
          0.039402,
          0.025664,
          3.599658
        ],
        [
          0.006,
          -0.64811,
          0.761523,
          4.132678
        ],
        [
          0.046639,
          -0.760527,
          -0.647629,
          1.248406
        ],
        [
          0.0,
          0.0,
          0.0,
          1.0
        ]
      ]
    },
    {
      "file_path": "/media/NFS/ttao/scannet/posed_images/scene0013_00/00073.jpg",
      "transform_matrix": [
        [
          0.99731,
          0.073163,
          -0.004404,
          3.574233
        ],
        [
          0.050129,
          -0.637021,
          0.769214,
          4.121037
        ],
        [
          0.053473,
          -0.767366,
          -0.638976,
          1.253
        ],
        [
          0.0,
          0.0,
          0.0,
          1.0
        ]
      ]
    },
    {
      "file_path": "/media/NFS/ttao/scannet/posed_images/scene0013_00/00077.jpg",
      "transform_matrix": [
        [
          0.993248,
          0.11067,
          -0.034788,
          3.546757
        ],
        [
          0.096055,
          -0.616415,
          0.78154,
          4.107094
        ],
        [
          0.06505,
          -0.779605,
          -0.622884,
          1.262313
        ],
        [
          0.0,
          0.0,
          0.0,
          1.0
        ]
      ]
    },
    {
      "file_path": "/media/NFS/ttao/scannet/posed_images/scene0013_00/00079.jpg",
      "transform_matrix": [
        [
          0.991092,
          0.124453,
          -0.047404,
          3.535013
        ],
        [
          0.113988,
          -0.608678,
          0.785187,
          4.100791
        ],
        [
          0.068865,
          -0.783596,
          -0.617442,
          1.2645
        ],
        [
          0.0,
          0.0,
          0.0,
          1.0
        ]
      ]
    },
    {
      "file_path": "/media/NFS/ttao/scannet/posed_images/scene0013_00/00082.jpg",
      "transform_matrix": [
        [
          0.987073,
          0.146047,
          -0.066004,
          3.525862
        ],
        [
          0.141811,
          -0.604,
          0.784266,
          4.093911
        ],
        [
          0.074673,
          -0.783489,
          -0.616904,
          1.265139
        ],
        [
          0.0,
          0.0,
          0.0,
          1.0
        ]
      ]
    },
    {
      "file_path": "/media/NFS/ttao/scannet/posed_images/scene0013_00/00085.jpg",
      "transform_matrix": [
        [
          0.983536,
          0.163363,
          -0.077262,
          3.507293
        ],
        [
          0.16146,
          -0.602365,
          0.781721,
          4.086926
        ],
        [
          0.081164,
          -0.781325,
          -0.618824,
          1.26743
        ],
        [
          0.0,
          0.0,
          0.0,
          1.0
        ]
      ]
    },
    {
      "file_path": "/media/NFS/ttao/scannet/posed_images/scene0013_00/00087.jpg",
      "transform_matrix": [
        [
          0.981288,
          0.175041,
          -0.080215,
          3.498028
        ],
        [
          0.171181,
          -0.602363,
          0.779651,
          4.082265
        ],
        [
          0.088153,
          -0.778793,
          -0.621056,
          1.267241
        ],
        [
          0.0,
          0.0,
          0.0,
          1.0
        ]
      ]
    },
    {
      "file_path": "/media/NFS/ttao/scannet/posed_images/scene0013_00/00089.jpg",
      "transform_matrix": [
        [
          0.977525,
          0.195348,
          -0.079262,
          3.486107
        ],
        [
          0.182847,
          -0.598487,
          0.779988,
          4.081787
        ],
        [
          0.104932,
          -0.776951,
          -0.620755,
          1.272011
        ],
        [
          0.0,
          0.0,
          0.0,
          1.0
        ]
      ]
    },
    {
      "file_path": "/media/NFS/ttao/scannet/posed_images/scene0013_00/00091.jpg",
      "transform_matrix": [
        [
          0.972957,
          0.216442,
          -0.080671,
          3.479232
        ],
        [
          0.195439,
          -0.585237,
          0.786957,
          4.076536
        ],
        [
          0.123119,
          -0.781442,
          -0.611712,
          1.272876
        ],
        [
          0.0,
          0.0,
          0.0,
          1.0
        ]
      ]
    },
    {
      "file_path": "/media/NFS/ttao/scannet/posed_images/scene0013_00/00095.jpg",
      "transform_matrix": [
        [
          0.960289,
          0.255697,
          -0.111645,
          3.463316
        ],
        [
          0.241592,
          -0.561872,
          0.791159,
          4.067645
        ],
        [
          0.139566,
          -0.786714,
          -0.601334,
          1.276377
        ],
        [
          0.0,
          0.0,
          0.0,
          1.0
        ]
      ]
    },
    {
      "file_path": "/media/NFS/ttao/scannet/posed_images/scene0013_00/00097.jpg",
      "transform_matrix": [
        [
          0.951707,
          0.275659,
          -0.135153,
          3.461143
        ],
        [
          0.270285,
          -0.543527,
          0.794685,
          4.062645
        ],
        [
          0.145603,
          -0.792837,
          -0.591785,
          1.277956
        ],
        [
          0.0,
          0.0,
          0.0,
          1.0
        ]
      ]
    },
    {
      "file_path": "/media/NFS/ttao/scannet/posed_images/scene0013_00/00100.jpg",
      "transform_matrix": [
        [
          0.94139,
          0.292995,
          -0.16715,
          3.46725
        ],
        [
          0.306103,
          -0.533814,
          0.788254,
          4.057099
        ],
        [
          0.141727,
          -0.793219,
          -0.592214,
          1.274289
        ],
        [
          0.0,
          0.0,
          0.0,
          1.0
        ]
      ]
    },
    {
      "file_path": "/media/NFS/ttao/scannet/posed_images/scene0013_00/00102.jpg",
      "transform_matrix": [
        [
          0.934793,
          0.303657,
          -0.184269,
          3.471745
        ],
        [
          0.328345,
          -0.540884,
          0.774361,
          4.057189
        ],
        [
          0.135471,
          -0.784371,
          -0.605319,
          1.270597
        ],
        [
          0.0,
          0.0,
          0.0,
          1.0
        ]
      ]
    },
    {
      "file_path": "/media/NFS/ttao/scannet/posed_images/scene0013_00/00103.jpg",
      "transform_matrix": [
        [
          0.929987,
          0.312384,
          -0.193752,
          3.477993
        ],
        [
          0.342632,
          -0.54574,
          0.764703,
          4.060488
        ],
        [
          0.133142,
          -0.77755,
          -0.614565,
          1.269618
        ],
        [
          0.0,
          0.0,
          0.0,
          1.0
        ]
      ]
    },
    {
      "file_path": "/media/NFS/ttao/scannet/posed_images/scene0013_00/00107.jpg",
      "transform_matrix": [
        [
          0.913233,
          0.341538,
          -0.222164,
          3.509366
        ],
        [
          0.387154,
          -0.557517,
          0.734361,
          4.074715
        ],
        [
          0.126952,
          -0.756655,
          -0.641371,
          1.268846
        ],
        [
          0.0,
          0.0,
          0.0,
          1.0
        ]
      ]
    },
    {
      "file_path": "/media/NFS/ttao/scannet/posed_images/scene0013_00/00110.jpg",
      "transform_matrix": [
        [
          0.91508,
          0.344453,
          -0.209717,
          3.541186
        ],
        [
          0.379338,
          -0.558726,
          0.737515,
          4.092037
        ],
        [
          0.136865,
          -0.754439,
          -0.641943,
          1.27166
        ],
        [
          0.0,
          0.0,
          0.0,
          1.0
        ]
      ]
    },
    {
      "file_path": "/media/NFS/ttao/scannet/posed_images/scene0013_00/00111.jpg",
      "transform_matrix": [
        [
          0.915047,
          0.345919,
          -0.207436,
          3.554193
        ],
        [
          0.378908,
          -0.560915,
          0.736072,
          4.102117
        ],
        [
          0.138267,
          -0.75214,
          -0.644335,
          1.275774
        ],
        [
          0.0,
          0.0,
          0.0,
          1.0
        ]
      ]
    },
    {
      "file_path": "/media/NFS/ttao/scannet/posed_images/scene0013_00/00115.jpg",
      "transform_matrix": [
        [
          0.922787,
          0.322321,
          -0.211125,
          3.607316
        ],
        [
          0.36538,
          -0.558058,
          0.745029,
          4.122527
        ],
        [
          0.122318,
          -0.764644,
          -0.632738,
          1.2784
        ],
        [
          0.0,
          0.0,
          0.0,
          1.0
        ]
      ]
    },
    {
      "file_path": "/media/NFS/ttao/scannet/posed_images/scene0013_00/00117.jpg",
      "transform_matrix": [
        [
          0.921757,
          0.326469,
          -0.209241,
          3.643869
        ],
        [
          0.366475,
          -0.557077,
          0.745226,
          4.133241
        ],
        [
          0.12673,
          -0.763599,
          -0.633132,
          1.275973
        ],
        [
          0.0,
          0.0,
          0.0,
          1.0
        ]
      ]
    },
    {
      "file_path": "/media/NFS/ttao/scannet/posed_images/scene0013_00/00118.jpg",
      "transform_matrix": [
        [
          0.923949,
          0.328564,
          -0.195868,
          3.656085
        ],
        [
          0.35825,
          -0.563809,
          0.744161,
          4.135468
        ],
        [
          0.134072,
          -0.757737,
          -0.638639,
          1.273751
        ],
        [
          0.0,
          0.0,
          0.0,
          1.0
        ]
      ]
    },
    {
      "file_path": "/media/NFS/ttao/scannet/posed_images/scene0013_00/00121.jpg",
      "transform_matrix": [
        [
          0.937867,
          0.312908,
          -0.14998,
          3.678066
        ],
        [
          0.314543,
          -0.584134,
          0.748232,
          4.150453
        ],
        [
          0.146519,
          -0.748917,
          -0.646263,
          1.273937
        ],
        [
          0.0,
          0.0,
          0.0,
          1.0
        ]
      ]
    },
    {
      "file_path": "/media/NFS/ttao/scannet/posed_images/scene0013_00/00125.jpg",
      "transform_matrix": [
        [
          0.957787,
          0.258255,
          -0.126284,
          3.704883
        ],
        [
          0.261253,
          -0.598633,
          0.757223,
          4.148994
        ],
        [
          0.119959,
          -0.75825,
          -0.640833,
          1.277151
        ],
        [
          0.0,
          0.0,
          0.0,
          1.0
        ]
      ]
    },
    {
      "file_path": "/media/NFS/ttao/scannet/posed_images/scene0013_00/00128.jpg",
      "transform_matrix": [
        [
          0.968163,
          0.230404,
          -0.097848,
          3.721221
        ],
        [
          0.221866,
          -0.608837,
          0.761638,
          4.141408
        ],
        [
          0.115911,
          -0.759099,
          -0.640573,
          1.273821
        ],
        [
          0.0,
          0.0,
          0.0,
          1.0
        ]
      ]
    },
    {
      "file_path": "/media/NFS/ttao/scannet/posed_images/scene0013_00/00130.jpg",
      "transform_matrix": [
        [
          0.975104,
          0.210109,
          -0.070896,
          3.719051
        ],
        [
          0.188498,
          -0.616993,
          0.76406,
          4.132075
        ],
        [
          0.116793,
          -0.758402,
          -0.641238,
          1.275701
        ],
        [
          0.0,
          0.0,
          0.0,
          1.0
        ]
      ]
    },
    {
      "file_path": "/media/NFS/ttao/scannet/posed_images/scene0013_00/00133.jpg",
      "transform_matrix": [
        [
          0.980995,
          0.187411,
          -0.050252,
          3.724019
        ],
        [
          0.156914,
          -0.613925,
          0.773611,
          4.105345
        ],
        [
          0.114132,
          -0.766794,
          -0.631665,
          1.277997
        ],
        [
          0.0,
          0.0,
          0.0,
          1.0
        ]
      ]
    },
    {
      "file_path": "/media/NFS/ttao/scannet/posed_images/scene0013_00/00135.jpg",
      "transform_matrix": [
        [
          0.984312,
          0.172854,
          -0.035364,
          3.725966
        ],
        [
          0.134837,
          -0.607709,
          0.78263,
          4.080465
        ],
        [
          0.113789,
          -0.775121,
          -0.621482,
          1.28028
        ],
        [
          0.0,
          0.0,
          0.0,
          1.0
        ]
      ]
    },
    {
      "file_path": "/media/NFS/ttao/scannet/posed_images/scene0013_00/00136.jpg",
      "transform_matrix": [
        [
          0.986484,
          0.161574,
          -0.027267,
          3.724032
        ],
        [
          0.120714,
          -0.604078,
          0.78773,
          4.064566
        ],
        [
          0.110805,
          -0.780374,
          -0.615417,
          1.279382
        ],
        [
          0.0,
          0.0,
          0.0,
          1.0
        ]
      ]
    },
    {
      "file_path": "/media/NFS/ttao/scannet/posed_images/scene0013_00/00140.jpg",
      "transform_matrix": [
        [
          0.991382,
          0.124043,
          -0.042133,
          3.717418
        ],
        [
          0.107714,
          -0.588776,
          0.801087,
          3.996194
        ],
        [
          0.074562,
          -0.798722,
          -0.597063,
          1.284294
        ],
        [
          0.0,
          0.0,
          0.0,
          1.0
        ]
      ]
    },
    {
      "file_path": "/media/NFS/ttao/scannet/posed_images/scene0013_00/00143.jpg",
      "transform_matrix": [
        [
          0.992929,
          0.109679,
          -0.045421,
          3.718187
        ],
        [
          0.101561,
          -0.586739,
          0.803382,
          3.925605
        ],
        [
          0.061464,
          -0.802315,
          -0.593729,
          1.273452
        ],
        [
          0.0,
          0.0,
          0.0,
          1.0
        ]
      ]
    },
    {
      "file_path": "/media/NFS/ttao/scannet/posed_images/scene0013_00/00144.jpg",
      "transform_matrix": [
        [
          0.99295,
          0.111059,
          -0.041422,
          3.720131
        ],
        [
          0.100048,
          -0.597876,
          0.79532,
          3.913396
        ],
        [
          0.063562,
          -0.793858,
          -0.604773,
          1.27328
        ],
        [
          0.0,
          0.0,
          0.0,
          1.0
        ]
      ]
    },
    {
      "file_path": "/media/NFS/ttao/scannet/posed_images/scene0013_00/00146.jpg",
      "transform_matrix": [
        [
          0.994404,
          0.100358,
          -0.032998,
          3.713745
        ],
        [
          0.087818,
          -0.611632,
          0.786253,
          3.891962
        ],
        [
          0.058724,
          -0.784752,
          -0.617023,
          1.279901
        ],
        [
          0.0,
          0.0,
          0.0,
          1.0
        ]
      ]
    },
    {
      "file_path": "/media/NFS/ttao/scannet/posed_images/scene0013_00/00149.jpg",
      "transform_matrix": [
        [
          0.995341,
          0.094876,
          -0.017171,
          3.711256
        ],
        [
          0.072512,
          -0.619211,
          0.781869,
          3.862975
        ],
        [
          0.063549,
          -0.779472,
          -0.623206,
          1.280085
        ],
        [
          0.0,
          0.0,
          0.0,
          1.0
        ]
      ]
    },
    {
      "file_path": "/media/NFS/ttao/scannet/posed_images/scene0013_00/00153.jpg",
      "transform_matrix": [
        [
          0.994989,
          0.09892,
          0.014512,
          3.693446
        ],
        [
          0.051938,
          -0.635435,
          0.770406,
          3.841594
        ],
        [
          0.08543,
          -0.765792,
          -0.637389,
          1.28889
        ],
        [
          0.0,
          0.0,
          0.0,
          1.0
        ]
      ]
    },
    {
      "file_path": "/media/NFS/ttao/scannet/posed_images/scene0013_00/00155.jpg",
      "transform_matrix": [
        [
          0.993829,
          0.109393,
          0.01833,
          3.687906
        ],
        [
          0.054874,
          -0.628528,
          0.775849,
          3.831427
        ],
        [
          0.096393,
          -0.770056,
          -0.630653,
          1.294348
        ],
        [
          0.0,
          0.0,
          0.0,
          1.0
        ]
      ]
    },
    {
      "file_path": "/media/NFS/ttao/scannet/posed_images/scene0013_00/00156.jpg",
      "transform_matrix": [
        [
          0.993157,
          0.115276,
          0.018703,
          3.68497
        ],
        [
          0.057865,
          -0.624856,
          0.778593,
          3.8272
        ],
        [
          0.10144,
          -0.772183,
          -0.627251,
          1.296468
        ],
        [
          0.0,
          0.0,
          0.0,
          1.0
        ]
      ]
    },
    {
      "file_path": "/media/NFS/ttao/scannet/posed_images/scene0013_00/00160.jpg",
      "transform_matrix": [
        [
          0.992278,
          0.124015,
          -0.002176,
          3.682736
        ],
        [
          0.077591,
          -0.606951,
          0.790943,
          3.809648
        ],
        [
          0.096768,
          -0.785004,
          -0.611887,
          1.30112
        ],
        [
          0.0,
          0.0,
          0.0,
          1.0
        ]
      ]
    },
    {
      "file_path": "/media/NFS/ttao/scannet/posed_images/scene0013_00/00161.jpg",
      "transform_matrix": [
        [
          0.992454,
          0.122513,
          -0.0051,
          3.68411
        ],
        [
          0.078758,
          -0.605016,
          0.792309,
          3.807281
        ],
        [
          0.093983,
          -0.786732,
          -0.610099,
          1.304041
        ],
        [
          0.0,
          0.0,
          0.0,
          1.0
        ]
      ]
    },
    {
      "file_path": "/media/NFS/ttao/scannet/posed_images/scene0013_00/00165.jpg",
      "transform_matrix": [
        [
          0.994565,
          0.104103,
          -0.001687,
          3.697837
        ],
        [
          0.062706,
          -0.585985,
          0.807892,
          3.804317
        ],
        [
          0.083115,
          -0.803607,
          -0.589328,
          1.311204
        ],
        [
          0.0,
          0.0,
          0.0,
          1.0
        ]
      ]
    },
    {
      "file_path": "/media/NFS/ttao/scannet/posed_images/scene0013_00/00167.jpg",
      "transform_matrix": [
        [
          0.995574,
          0.093424,
          -0.010226,
          3.709362
        ],
        [
          0.062755,
          -0.579834,
          0.812314,
          3.801133
        ],
        [
          0.06996,
          -0.80936,
          -0.583131,
          1.310522
        ],
        [
          0.0,
          0.0,
          0.0,
          1.0
        ]
      ]
    },
    {
      "file_path": "/media/NFS/ttao/scannet/posed_images/scene0013_00/00170.jpg",
      "transform_matrix": [
        [
          0.997486,
          0.070778,
          -0.003391,
          3.723078
        ],
        [
          0.044005,
          -0.581235,
          0.812545,
          3.800076
        ],
        [
          0.05554,
          -0.810652,
          -0.582889,
          1.313577
        ],
        [
          0.0,
          0.0,
          0.0,
          1.0
        ]
      ]
    },
    {
      "file_path": "/media/NFS/ttao/scannet/posed_images/scene0013_00/00173.jpg",
      "transform_matrix": [
        [
          0.998603,
          0.052574,
          0.005353,
          3.738706
        ],
        [
          0.026509,
          -0.585976,
          0.809894,
          3.795658
        ],
        [
          0.045716,
          -0.808621,
          -0.586551,
          1.307698
        ],
        [
          0.0,
          0.0,
          0.0,
          1.0
        ]
      ]
    },
    {
      "file_path": "/media/NFS/ttao/scannet/posed_images/scene0013_00/00174.jpg",
      "transform_matrix": [
        [
          0.998794,
          0.048612,
          0.006833,
          3.744581
        ],
        [
          0.023182,
          -0.589776,
          0.807234,
          3.793673
        ],
        [
          0.043271,
          -0.806102,
          -0.590192,
          1.305982
        ],
        [
          0.0,
          0.0,
          0.0,
          1.0
        ]
      ]
    },
    {
      "file_path": "/media/NFS/ttao/scannet/posed_images/scene0013_00/00178.jpg",
      "transform_matrix": [
        [
          0.999336,
          0.034653,
          0.011233,
          3.765684
        ],
        [
          0.012208,
          -0.609107,
          0.792994,
          3.788344
        ],
        [
          0.034322,
          -0.79233,
          -0.609126,
          1.30171
        ],
        [
          0.0,
          0.0,
          0.0,
          1.0
        ]
      ]
    },
    {
      "file_path": "/media/NFS/ttao/scannet/posed_images/scene0013_00/00179.jpg",
      "transform_matrix": [
        [
          0.999369,
          0.034213,
          0.009493,
          3.770374
        ],
        [
          0.01347,
          -0.612709,
          0.790194,
          3.786551
        ],
        [
          0.032852,
          -0.789568,
          -0.612784,
          1.300616
        ],
        [
          0.0,
          0.0,
          0.0,
          1.0
        ]
      ]
    },
    {
      "file_path": "/media/NFS/ttao/scannet/posed_images/scene0013_00/00183.jpg",
      "transform_matrix": [
        [
          0.999125,
          0.038976,
          -0.015162,
          3.801801
        ],
        [
          0.036314,
          -0.628683,
          0.776813,
          3.771163
        ],
        [
          0.020745,
          -0.776684,
          -0.629548,
          1.298936
        ],
        [
          0.0,
          0.0,
          0.0,
          1.0
        ]
      ]
    },
    {
      "file_path": "/media/NFS/ttao/scannet/posed_images/scene0013_00/00186.jpg",
      "transform_matrix": [
        [
          0.99797,
          0.051527,
          -0.037429,
          3.829712
        ],
        [
          0.061455,
          -0.624962,
          0.778233,
          3.750552
        ],
        [
          0.016708,
          -0.778953,
          -0.62686,
          1.301212
        ],
        [
          0.0,
          0.0,
          0.0,
          1.0
        ]
      ]
    },
    {
      "file_path": "/media/NFS/ttao/scannet/posed_images/scene0013_00/00187.jpg",
      "transform_matrix": [
        [
          0.997257,
          0.059606,
          -0.043883,
          3.842103
        ],
        [
          0.071512,
          -0.622943,
          0.778991,
          3.7434
        ],
        [
          0.019096,
          -0.779993,
          -0.625497,
          1.303103
        ],
        [
          0.0,
          0.0,
          0.0,
          1.0
        ]
      ]
    },
    {
      "file_path": "/media/NFS/ttao/scannet/posed_images/scene0013_00/00191.jpg",
      "transform_matrix": [
        [
          0.991261,
          0.099736,
          -0.086337,
          3.89519
        ],
        [
          0.129288,
          -0.604604,
          0.785963,
          3.696275
        ],
        [
          0.026189,
          -0.790257,
          -0.612216,
          1.303067
        ],
        [
          0.0,
          0.0,
          0.0,
          1.0
        ]
      ]
    },
    {
      "file_path": "/media/NFS/ttao/scannet/posed_images/scene0013_00/00193.jpg",
      "transform_matrix": [
        [
          0.987963,
          0.116916,
          -0.101289,
          3.925063
        ],
        [
          0.15163,
          -0.602357,
          0.783693,
          3.678153
        ],
        [
          0.030614,
          -0.789618,
          -0.612835,
          1.302824
        ],
        [
          0.0,
          0.0,
          0.0,
          1.0
        ]
      ]
    },
    {
      "file_path": "/media/NFS/ttao/scannet/posed_images/scene0013_00/00195.jpg",
      "transform_matrix": [
        [
          0.985808,
          0.127921,
          -0.108714,
          3.949189
        ],
        [
          0.164326,
          -0.602805,
          0.780784,
          3.661368
        ],
        [
          0.034345,
          -0.787567,
          -0.615271,
          1.303886
        ],
        [
          0.0,
          0.0,
          0.0,
          1.0
