{
  "frames": [
    {
      "file_path": "/media/NFS/ttao/scannet/posed_images/scene0055_00/00001.jpg",
      "transform_matrix": [
        [
          0.979446,
          0.063797,
          -0.19135,
          0.961423
        ],
        [
          0.200663,
          -0.404476,
          0.892263,
          0.875672
        ],
        [
          -0.020472,
          -0.912321,
          -0.408965,
          1.418643
        ],
        [
          0.0,
          0.0,
          0.0,
          1.0
        ]
      ]
    },
    {
      "file_path": "/media/NFS/ttao/scannet/posed_images/scene0055_00/00004.jpg",
      "transform_matrix": [
        [
          0.980568,
          0.060238,
          -0.186705,
          0.950732
        ],
        [
          0.195333,
          -0.388226,
          0.900625,
          0.877848
        ],
        [
          -0.018232,
          -0.919594,
          -0.392448,
          1.428266
        ],
        [
          0.0,
          0.0,
          0.0,
          1.0
        ]
      ]
    },
    {
      "file_path": "/media/NFS/ttao/scannet/posed_images/scene0055_00/00009.jpg",
      "transform_matrix": [
        [
          0.983838,
          0.068482,
          -0.165447,
          0.935081
        ],
        [
          0.178902,
          -0.337078,
          0.924323,
          0.882589
        ],
        [
          0.007531,
          -0.938983,
          -0.343882,
          1.453845
        ],
        [
          0.0,
          0.0,
          0.0,
          1.0
        ]
      ]
    },
    {
      "file_path": "/media/NFS/ttao/scannet/posed_images/scene0055_00/00014.jpg",
      "transform_matrix": [
        [
          0.987823,
          0.050624,
          -0.147114,
          0.931808
        ],
        [
          0.155454,
          -0.282912,
          0.946464,
          0.890864
        ],
        [
          0.006294,
          -0.957809,
          -0.287337,
          1.503303
        ],
        [
          0.0,
          0.0,
          0.0,
          1.0
        ]
      ]
    },
    {
      "file_path": "/media/NFS/ttao/scannet/posed_images/scene0055_00/00016.jpg",
      "transform_matrix": [
        [
          0.98757,
          0.051671,
          -0.148445,
          0.933356
        ],
        [
          0.156849,
          -0.262594,
          0.952073,
          0.891384
        ],
        [
          0.010213,
          -0.963522,
          -0.267435,
          1.518521
        ],
        [
          0.0,
          0.0,
          0.0,
          1.0
        ]
      ]
    },
    {
      "file_path": "/media/NFS/ttao/scannet/posed_images/scene0055_00/00022.jpg",
      "transform_matrix": [
        [
          0.990119,
          0.028813,
          -0.137242,
          0.926419
        ],
        [
          0.140199,
          -0.225312,
          0.964147,
          0.885671
        ],
        [
          -0.003143,
          -0.973861,
          -0.227126,
          1.536018
        ],
        [
          0.0,
          0.0,
          0.0,
          1.0
        ]
      ]
    },
    {
      "file_path": "/media/NFS/ttao/scannet/posed_images/scene0055_00/00024.jpg",
      "transform_matrix": [
        [
          0.990244,
          0.020663,
          -0.137807,
          0.93037
        ],
        [
          0.138985,
          -0.217685,
          0.966073,
          0.885665
        ],
        [
          -0.010037,
          -0.9758,
          -0.218433,
          1.535013
        ],
        [
          0.0,
          0.0,
          0.0,
          1.0
        ]
      ]
    },
    {
      "file_path": "/media/NFS/ttao/scannet/posed_images/scene0055_00/00029.jpg",
      "transform_matrix": [
        [
          0.990855,
          0.018531,
          -0.133651,
          0.939766
        ],
        [
          0.134052,
          -0.247981,
          0.959446,
          0.881225
        ],
        [
          -0.015364,
          -0.968588,
          -0.248197,
          1.492648
        ],
        [
          0.0,
          0.0,
          0.0,
          1.0
        ]
      ]
    },
    {
      "file_path": "/media/NFS/ttao/scannet/posed_images/scene0055_00/00035.jpg",
      "transform_matrix": [
        [
          0.990587,
          0.044557,
          -0.129432,
          0.930145
        ],
        [
          0.136678,
          -0.374224,
          0.917211,
          0.88015
        ],
        [
          -0.007568,
          -0.926267,
          -0.376791,
          1.426771
        ],
        [
          0.0,
          0.0,
          0.0,
          1.0
        ]
      ]
    },
    {
      "file_path": "/media/NFS/ttao/scannet/posed_images/scene0055_00/00037.jpg",
      "transform_matrix": [
        [
          0.990083,
          0.047392,
          -0.132249,
          0.933889
        ],
        [
          0.140093,
          -0.403278,
          0.90429,
          0.876873
        ],
        [
          -0.010478,
          -0.91385,
          -0.405918,
          1.399706
        ],
        [
          0.0,
          0.0,
          0.0,
          1.0
        ]
      ]
    },
    {
      "file_path": "/media/NFS/ttao/scannet/posed_images/scene0055_00/00041.jpg",
      "transform_matrix": [
        [
          0.987632,
          0.061968,
          -0.144023,
          0.976742
        ],
        [
          0.156421,
          -0.452282,
          0.878051,
          0.872728
        ],
        [
          -0.010728,
          -0.88972,
          -0.456381,
          1.364346
        ],
        [
          0.0,
          0.0,
          0.0,
          1.0
        ]
      ]
    },
    {
      "file_path": "/media/NFS/ttao/scannet/posed_images/scene0055_00/00047.jpg",
      "transform_matrix": [
        [
          0.985571,
          0.087887,
          -0.14466,
          1.01375
        ],
        [
          0.169188,
          -0.485726,
          0.857581,
          0.86299
        ],
        [
          0.005105,
          -0.869682,
          -0.493587,
          1.332298
        ],
        [
          0.0,
          0.0,
          0.0,
          1.0
        ]
      ]
    },
    {
      "file_path": "/media/NFS/ttao/scannet/posed_images/scene0055_00/00050.jpg",
      "transform_matrix": [
        [
          0.982845,
          0.098499,
          -0.155932,
          1.041143
        ],
        [
          0.184379,
          -0.503666,
          0.843993,
          0.87089
        ],
        [
          0.004595,
          -0.858265,
          -0.513186,
          1.339539
        ],
        [
          0.0,
          0.0,
          0.0,
          1.0
        ]
      ]
    },
    {
      "file_path": "/media/NFS/ttao/scannet/posed_images/scene0055_00/00054.jpg",
      "transform_matrix": [
        [
          0.979619,
          0.103315,
          -0.172256,
          1.047283
        ],
        [
          0.200862,
          -0.50698,
          0.838228,
          0.858132
        ],
        [
          -0.000728,
          -0.855744,
          -0.517399,
          1.326398
        ],
        [
          0.0,
          0.0,
          0.0,
          1.0
        ]
      ]
    },
    {
      "file_path": "/media/NFS/ttao/scannet/posed_images/scene0055_00/00057.jpg",
      "transform_matrix": [
        [
          0.977512,
          0.100839,
          -0.185207,
          1.054784
        ],
        [
          0.210426,
          -0.524005,
          0.825312,
          0.853699
        ],
        [
          -0.013825,
          -0.845725,
          -0.53344,
          1.324855
        ],
        [
          0.0,
          0.0,
          0.0,
          1.0
        ]
      ]
    },
    {
      "file_path": "/media/NFS/ttao/scannet/posed_images/scene0055_00/00061.jpg",
      "transform_matrix": [
        [
          0.980532,
          0.076777,
          -0.180727,
          1.068282
        ],
        [
          0.193253,
          -0.540389,
          0.818922,
          0.844352
        ],
        [
          -0.034789,
          -0.837905,
          -0.544706,
          1.314397
        ],
        [
          0.0,
          0.0,
          0.0,
          1.0
        ]
      ]
    },
    {
      "file_path": "/media/NFS/ttao/scannet/posed_images/scene0055_00/00066.jpg",
      "transform_matrix": [
        [
          0.992355,
          0.047785,
          -0.113794,
          1.057522
        ],
        [
          0.120509,
          -0.574213,
          0.809789,
          0.840336
        ],
        [
          -0.026647,
          -0.817311,
          -0.575581,
          1.304636
        ],
        [
          0.0,
          0.0,
          0.0,
          1.0
        ]
      ]
    },
    {
      "file_path": "/media/NFS/ttao/scannet/posed_images/scene0055_00/00071.jpg",
      "transform_matrix": [
        [
          0.999379,
          0.019126,
          -0.029584,
          1.010707
        ],
        [
          0.035184,
          -0.583753,
          0.811169,
          0.840091
        ],
        [
          -0.001756,
          -0.811706,
          -0.584063,
          1.32346
        ],
        [
          0.0,
          0.0,
          0.0,
          1.0
        ]
      ]
    },
    {
      "file_path": "/media/NFS/ttao/scannet/posed_images/scene0055_00/00075.jpg",
      "transform_matrix": [
        [
          0.998768,
          -0.029025,
          0.040251,
          0.946678
        ],
        [
          -0.049619,
          -0.572094,
          0.818686,
          0.836887
        ],
        [
          -0.000734,
          -0.819675,
          -0.572829,
          1.325251
        ],
        [
          0.0,
          0.0,
          0.0,
          1.0
        ]
      ]
    },
    {
      "file_path": "/media/NFS/ttao/scannet/posed_images/scene0055_00/00078.jpg",
      "transform_matrix": [
        [
          0.994311,
          -0.068469,
          0.081594,
          0.89368
        ],
        [
          -0.106038,
          -0.56389,
          0.819014,
          0.83695
        ],
        [
          -0.010067,
          -0.823007,
          -0.567943,
          1.329622
        ],
        [
          0.0,
          0.0,
          0.0,
          1.0
        ]
      ]
    },
    {
      "file_path": "/media/NFS/ttao/scannet/posed_images/scene0055_00/00085.jpg",
      "transform_matrix": [
        [
          0.987567,
          -0.104177,
          0.117726,
          0.765015
        ],
        [
          -0.155535,
          -0.538764,
          0.827975,
          0.834587
        ],
        [
          -0.02283,
          -0.835991,
          -0.548268,
          1.329049
        ],
        [
          0.0,
          0.0,
          0.0,
          1.0
        ]
      ]
    },
    {
      "file_path": "/media/NFS/ttao/scannet/posed_images/scene0055_00/00087.jpg",
      "transform_matrix": [
        [
          0.986168,
          -0.100026,
          0.132164,
          0.736303
        ],
        [
          -0.165269,
          -0.532843,
          0.829919,
          0.837934
        ],
        [
          -0.01259,
          -0.840282,
          -0.542004,
          1.325897
        ],
        [
          0.0,
          0.0,
          0.0,
          1.0
        ]
      ]
    },
    {
      "file_path": "/media/NFS/ttao/scannet/posed_images/scene0055_00/00091.jpg",
      "transform_matrix": [
        [
          0.984149,
          -0.090842,
          0.152314,
          0.686308
        ],
        [
          -0.177269,
          -0.529249,
          0.829741,
          0.854616
        ],
        [
          0.005237,
          -0.843589,
          -0.536964,
          1.33073
        ],
        [
          0.0,
          0.0,
          0.0,
          1.0
        ]
      ]
    },
    {
      "file_path": "/media/NFS/ttao/scannet/posed_images/scene0055_00/00096.jpg",
      "transform_matrix": [
        [
          0.982683,
          -0.077129,
          0.168482,
          0.656925
        ],
        [
          -0.183647,
          -0.52646,
          0.830129,
          0.868645
        ],
        [
          0.024672,
          -0.846694,
          -0.531508,
          1.322951
        ],
        [
          0.0,
          0.0,
          0.0,
          1.0
        ]
      ]
    },
    {
      "file_path": "/media/NFS/ttao/scannet/posed_images/scene0055_00/00100.jpg",
      "transform_matrix": [
        [
          0.98223,
          -0.078258,
          0.17059,
          0.644517
        ],
        [
          -0.186331,
          -0.515552,
          0.836354,
          0.888788
        ],
        [
          0.022497,
          -0.853277,
          -0.520972,
          1.319031
        ],
        [
          0.0,
          0.0,
          0.0,
          1.0
        ]
      ]
    },
    {
      "file_path": "/media/NFS/ttao/scannet/posed_images/scene0055_00/00103.jpg",
      "transform_matrix": [
        [
          0.980426,
          -0.079923,
          0.179937,
          0.647804
        ],
        [
          -0.195149,
          -0.515666,
          0.83427,
          0.911462
        ],
        [
          0.026109,
          -0.853054,
          -0.521169,
          1.324719
        ],
        [
          0.0,
          0.0,
          0.0,
          1.0
        ]
      ]
    },
    {
      "file_path": "/media/NFS/ttao/scannet/posed_images/scene0055_00/00107.jpg",
      "transform_matrix": [
        [
          0.9743,
          -0.107092,
          0.198167,
          0.664856
        ],
        [
          -0.225114,
          -0.493862,
          0.839895,
          0.944922
        ],
        [
          0.007921,
          -0.86292,
          -0.505278,
          1.345882
        ],
        [
          0.0,
          0.0,
          0.0,
          1.0
        ]
      ]
    },
    {
      "file_path": "/media/NFS/ttao/scannet/posed_images/scene0055_00/00112.jpg",
      "transform_matrix": [
        [
          0.962061,
          -0.136497,
          0.236236,
          0.679924
        ],
        [
          -0.272725,
          -0.456501,
          0.846893,
          0.971812
        ],
        [
          -0.007756,
          -0.87919,
          -0.476408,
          1.35809
        ],
        [
          0.0,
          0.0,
          0.0,
          1.0
        ]
      ]
    },
    {
      "file_path": "/media/NFS/ttao/scannet/posed_images/scene0055_00/00117.jpg",
      "transform_matrix": [
        [
          0.945405,
          -0.171737,
          0.276975,
          0.681656
        ],
        [
          -0.325384,
          -0.44975,
          0.831775,
          0.989027
        ],
        [
          -0.018277,
          -0.876488,
          -0.481077,
          1.369578
        ],
        [
          0.0,
          0.0,
          0.0,
          1.0
        ]
      ]
    },
    {
      "file_path": "/media/NFS/ttao/scannet/posed_images/scene0055_00/00122.jpg",
      "transform_matrix": [
        [
          0.92204,
          -0.206747,
          0.32726,
          0.673002
        ],
        [
          -0.385594,
          -0.416151,
          0.82349,
          0.986702
        ],
        [
          -0.034065,
          -0.88548,
          -0.463428,
          1.386403
        ],
        [
          0.0,
          0.0,
          0.0,
          1.0
        ]
      ]
    },
    {
      "file_path": "/media/NFS/ttao/scannet/posed_images/scene0055_00/00123.jpg",
      "transform_matrix": [
        [
          0.916755,
          -0.212296,
          0.338366,
          0.67001
        ],
        [
          -0.397884,
          -0.41036,
          0.820544,
          0.983322
        ],
        [
          -0.035346,
          -0.886869,
          -0.460668,
          1.390115
        ],
        [
          0.0,
          0.0,
          0.0,
          1.0
        ]
      ]
    },
    {
      "file_path": "/media/NFS/ttao/scannet/posed_images/scene0055_00/00128.jpg",
      "transform_matrix": [
        [
          0.88957,
          -0.26132,
          0.37467,
          0.66309
        ],
        [
          -0.45321,
          -0.402287,
          0.795466,
          0.970783
        ],
        [
          -0.057146,
          -0.877427,
          -0.476295,
          1.404282
        ],
        [
          0.0,
          0.0,
          0.0,
          1.0
        ]
      ]
    },
    {
      "file_path": "/media/NFS/ttao/scannet/posed_images/scene0055_00/00133.jpg",
      "transform_matrix": [
        [
          0.881806,
          -0.256236,
          0.395931,
          0.660882
        ],
        [
          -0.469766,
          -0.403016,
          0.785428,
          0.951291
        ],
        [
          -0.041688,
          -0.87859,
          -0.475753,
          1.402776
        ],
        [
          0.0,
          0.0,
          0.0,
          1.0
        ]
      ]
    },
    {
      "file_path": "/media/NFS/ttao/scannet/posed_images/scene0055_00/00136.jpg",
      "transform_matrix": [
        [
          0.877832,
          -0.265931,
          0.39836,
          0.673608
        ],
        [
          -0.476669,
          -0.403659,
          0.780926,
          0.93274
        ],
        [
          -0.046871,
          -0.875408,
          -0.481106,
          1.404737
        ],
        [
          0.0,
          0.0,
          0.0,
          1.0
        ]
      ]
    },
    {
      "file_path": "/media/NFS/ttao/scannet/posed_images/scene0055_00/00143.jpg",
      "transform_matrix": [
        [
          0.87339,
          -0.28021,
          0.398337,
          0.748671
        ],
        [
          -0.48407,
          -0.409561,
          0.773263,
          0.877809
        ],
        [
          -0.053532,
          -0.868184,
          -0.493348,
          1.394713
        ],
        [
          0.0,
          0.0,
          0.0,
          1.0
        ]
      ]
    },
    {
      "file_path": "/media/NFS/ttao/scannet/posed_images/scene0055_00/00144.jpg",
      "transform_matrix": [
        [
          0.874244,
          -0.282578,
          0.394774,
          0.762641
        ],
        [
          -0.482384,
          -0.413829,
          0.772043,
          0.86996
        ],
        [
          -0.054794,
          -0.865387,
          -0.498099,
          1.394759
        ],
        [
          0.0,
          0.0,
          0.0,
          1.0
        ]
      ]
    },
    {
      "file_path": "/media/NFS/ttao/scannet/posed_images/scene0055_00/00152.jpg",
      "transform_matrix": [
        [
          0.881536,
          -0.293465,
          0.369827,
          0.856657
        ],
        [
          -0.468963,
          -0.453916,
          0.75765,
          0.805789
        ],
        [
          -0.054473,
          -0.841331,
          -0.537768,
          1.377218
        ],
        [
          0.0,
          0.0,
          0.0,
          1.0
        ]
      ]
    },
    {
      "file_path": "/media/NFS/ttao/scannet/posed_images/scene0055_00/00156.jpg",
      "transform_matrix": [
        [
          0.883804,
          -0.298866,
          0.359958,
          0.89084
        ],
        [
          -0.463922,
          -0.460247,
          0.756934,
          0.774805
        ],
        [
          -0.060552,
          -0.835974,
          -0.545419,
          1.375962
        ],
        [
          0.0,
          0.0,
          0.0,
          1.0
        ]
      ]
    },
    {
      "file_path": "/media/NFS/ttao/scannet/posed_images/scene0055_00/00157.jpg",
      "transform_matrix": [
        [
          0.884054,
          -0.300951,
          0.357599,
          0.898005
        ],
        [
          -0.463011,
          -0.459497,
          0.757947,
          0.76807
        ],
        [
          -0.063789,
          -0.835638,
          -0.545564,
          1.37635
        ],
        [
          0.0,
          0.0,
          0.0,
          1.0
        ]
      ]
    },
    {
      "file_path": "/media/NFS/ttao/scannet/posed_images/scene0055_00/00164.jpg",
      "transform_matrix": [
        [
          0.871123,
          -0.319855,
          0.372609,
          0.944937
        ],
        [
          -0.484026,
          -0.431259,
          0.761403,
          0.74226
        ],
        [
          -0.082848,
          -0.843628,
          -0.530497,
          1.391804
        ],
        [
          0.0,
          0.0,
          0.0,
          1.0
        ]
      ]
    },
    {
      "file_path": "/media/NFS/ttao/scannet/posed_images/scene0055_00/00166.jpg",
      "transform_matrix": [
        [
          0.874599,
          -0.317825,
          0.366148,
          0.954438
        ],
        [
          -0.476712,
          -0.425935,
          0.768976,
          0.739553
        ],
        [
          -0.088445,
          -0.847093,
          -0.524033,
          1.394061
        ],
        [
          0.0,
          0.0,
          0.0,
          1.0
        ]
      ]
    },
    {
      "file_path": "/media/NFS/ttao/scannet/posed_images/scene0055_00/00169.jpg",
      "transform_matrix": [
        [
          0.887206,
          -0.303521,
          0.347478,
          0.966689
        ],
        [
          -0.45249,
          -0.425334,
          0.783801,
          0.740217
        ],
        [
          -0.090106,
          -0.852623,
          -0.514699,
          1.404258
        ],
        [
          0.0,
          0.0,
          0.0,
          1.0
        ]
      ]
    },
    {
      "file_path": "/media/NFS/ttao/scannet/posed_images/scene0055_00/00177.jpg",
      "transform_matrix": [
        [
          0.914606,
          -0.252639,
          0.315704,
          0.999311
        ],
        [
          -0.394444,
          -0.385727,
          0.834043,
          0.76472
        ],
        [
          -0.088936,
          -0.887349,
          -0.452441,
          1.416246
        ],
        [
          0.0,
          0.0,
          0.0,
          1.0
        ]
      ]
    },
    {
      "file_path": "/media/NFS/ttao/scannet/posed_images/scene0055_00/00181.jpg",
      "transform_matrix": [
        [
          0.931137,
          -0.223411,
          0.28822,
          1.023853
        ],
        [
          -0.354181,
          -0.365869,
          0.860636,
          0.794
        ],
        [
          -0.086825,
          -0.903453,
          -0.419803,
          1.430022
        ],
        [
          0.0,
          0.0,
          0.0,
          1.0
        ]
      ]
    },
    {
      "file_path": "/media/NFS/ttao/scannet/posed_images/scene0055_00/00184.jpg",
      "transform_matrix": [
        [
          0.94235,
          -0.20125,
          0.267349,
          1.037413
        ],
        [
          -0.324266,
          -0.351894,
          0.878078,
          0.823543
        ],
        [
          -0.082635,
          -0.91415,
          -0.396866,
          1.443741
        ],
        [
          0.0,
          0.0,
          0.0,
          1.0
        ]
      ]
    },
    {
      "file_path": "/media/NFS/ttao/scannet/posed_images/scene0055_00/00189.jpg",
      "transform_matrix": [
        [
          0.961873,
          -0.143885,
          0.232589,
          1.082896
        ],
        [
          -0.265697,
          -0.289963,
          0.919416,
          0.866643
        ],
        [
          -0.064847,
          -0.94616,
          -0.317138,
          1.466246
        ],
        [
          0.0,
          0.0,
          0.0,
          1.0
        ]
      ]
    },
    {
      "file_path": "/media/NFS/ttao/scannet/posed_images/scene0055_00/00190.jpg",
      "transform_matrix": [
        [
          0.9643,
          -0.137761,
          0.226156,
          1.091326
        ],
        [
          -0.257711,
          -0.291776,
          0.921114,
          0.876649
        ],
        [
          -0.060907,
          -0.946514,
          -0.316862,
          1.477025
        ],
        [
          0.0,
          0.0,
          0.0,
          1.0
        ]
      ]
    },
    {
      "file_path": "/media/NFS/ttao/scannet/posed_images/scene0055_00/00197.jpg",
      "transform_matrix": [
        [
          0.986872,
          -0.091453,
          0.133113,
          1.158958
        ],
        [
          -0.153994,
          -0.284463,
          0.946238,
          0.926646
        ],
        [
          -0.048671,
          -0.954315,
          -0.294812,
          1.494511
        ],
        [
          0.0,
          0.0,
          0.0,
          1.0
        ]
      ]
    },
    {
      "file_path": "/media/NFS/ttao/scannet/posed_images/scene0055_00/00200.jpg",
      "transform_matrix": [
        [
          0.990915,
          -0.092022,
          0.098076,
          1.191399
        ],
        [
          -0.12042,
          -0.282383,
          0.951714,
          0.940934
        ],
        [
          -0.059883,
          -0.954878,
          -0.290899,
          1.496068
        ],
        [
          0.0,
          0.0,
          0.0,
          1.0
        ]
      ]
    },
    {
      "file_path": "/media/NFS/ttao/scannet/posed_images/scene0055_00/00205.jpg",
      "transform_matrix": [
        [
          0.995339,
          -0.090144,
          0.034278,
          1.248413
        ],
        [
          -0.058671,
          -0.283894,
          0.957059,
          0.959895
        ],
        [
          -0.076542,
          -0.954609,
          -0.287859,
          1.497231
        ],
        [
          0.0,
          0.0,
          0.0,
          1.0
        ]
      ]
    },
    {
      "file_path": "/media/NFS/ttao/scannet/posed_images/scene0055_00/00209.jpg",
      "transform_matrix": [
        [
          0.996806,
          -0.06899,
          -0.040226,
          1.299462
        ],
        [
          0.018374,
          -0.292074,
          0.956219,
          0.966887
        ],
        [
          -0.077719,
          -0.953904,
          -0.289874,
          1.493397
        ],
        [
          0.0,
          0.0,
          0.0,
          1.0
        ]
      ]
    },
    {
      "file_path": "/media/NFS/ttao/scannet/posed_images/scene0055_00/00210.jpg",
      "transform_matrix": [
        [
          0.996425,
          -0.059535,
          -0.059938,
          1.315902
        ],
        [
          0.039824,
          -0.294708,
          0.954757,
          0.966158
        ],
        [
          -0.074506,
          -0.953731,
          -0.291284,
          1.493859
        ],
        [
          0.0,
          0.0,
          0.0,
          1.0
        ]
      ]
    },
    {
      "file_path": "/media/NFS/ttao/scannet/posed_images/scene0055_00/00218.jpg",
      "transform_matrix": [
        [
          0.974816,
          0.039496,
          -0.219487,
          1.443807
        ],
        [
          0.221734,
          -0.276902,
          0.934965,
          0.956098
        ],
        [
          -0.023849,
          -0.960086,
          -0.278686,
          1.49448
        ],
        [
          0.0,
          0.0,
          0.0,
          1.0
        ]
      ]
    },
    {
      "file_path": "/media/NFS/ttao/scannet/posed_images/scene0055_00/00219.jpg",
      "transform_matrix": [
        [
          0.971105,
          0.051078,
          -0.233124,
          1.457261
        ],
        [
          0.238203,
          -0.267493,
          0.933652,
          0.954193
        ],
        [
          -0.01467,
          -0.962205,
          -0.271931,
          1.494232
        ],
        [
          0.0,
          0.0,
          0.0,
          1.0
        ]
      ]
    },
    {
      "file_path": "/media/NFS/ttao/scannet/posed_images/scene0055_00/00224.jpg",
      "transform_matrix": [
        [
          0.953474,
          0.071607,
          -0.292849,
          1.538608
        ],
        [
          0.301351,
          -0.254458,
          0.918933,
          0.959785
        ],
        [
          -0.008716,
          -0.964429,
          -0.264198,
          1.502022
        ],
        [
          0.0,
          0.0,
          0.0,
          1.0
        ]
      ]
    },
    {
      "file_path": "/media/NFS/ttao/scannet/posed_images/scene0055_00/00228.jpg",
      "transform_matrix": [
        [
          0.940824,
          0.079888,
          -0.329344,
          1.596631
        ],
        [
          0.338851,
          -0.237424,
          0.91039,
          0.972788
        ],
        [
          -0.005465,
          -0.968116,
          -0.250445,
          1.502216
        ],
        [
          0.0,
          0.0,
          0.0,
          1.0
        ]
      ]
    },
    {
      "file_path": "/media/NFS/ttao/scannet/posed_images/scene0055_00/00232.jpg",
      "transform_matrix": [
        [
          0.928892,
          0.08899,
          -0.359501,
          1.643125
        ],
        [
          0.370352,
          -0.221944,
          0.901987,
          0.990187
        ],
        [
          0.000479,
          -0.97099,
          -0.23912,
          1.497455
        ],
        [
          0.0,
          0.0,
          0.0,
          1.0
        ]
      ]
    },
    {
      "file_path": "/media/NFS/ttao/scannet/posed_images/scene0055_00/00235.jpg",
      "transform_matrix": [
        [
          0.920262,
          0.107702,
          -0.376189,
          1.671271
        ],
        [
          0.390956,
          -0.212639,
          0.89551,
          1.004472
        ],
        [
          0.016456,
          -0.971177,
          -0.23779,
          1.49092
        ],
        [
          0.0,
          0.0,
          0.0,
          1.0
        ]
      ]
    },
    {
      "file_path": "/media/NFS/ttao/scannet/posed_images/scene0055_00/00243.jpg",
      "transform_matrix": [
        [
          0.877633,
          0.131599,
          -0.460914,
          1.764842
        ],
        [
          0.478804,
          -0.195549,
          0.855866,
          1.052938
        ],
        [
          0.0225,
          -0.971824,
          -0.23463,
          1.484724
        ],
        [
          0.0,
          0.0,
          0.0,
          1.0
        ]
      ]
    },
    {
      "file_path": "/media/NFS/ttao/scannet/posed_images/scene0055_00/00244.jpg",
      "transform_matrix": [
        [
          0.874653,
          0.132801,
          -0.466205,
          1.778929
        ],
        [
          0.48421,
          -0.193938,
          0.853187,
          1.058483
        ],
        [
          0.022889,
          -0.971984,
          -0.233932,
          1.485287
        ],
        [
          0.0,
          0.0,
          0.0,
          1.0
        ]
      ]
    },
    {
      "file_path": "/media/NFS/ttao/scannet/posed_images/scene0055_00/00248.jpg",
      "transform_matrix": [
        [
          0.858914,
          0.115848,
          -0.498844,
          1.848296
        ],
        [
          0.512117,
          -0.197313,
          0.835945,
          1.080045
        ],
        [
          -0.001585,
          -0.973472,
          -0.228803,
          1.490585
        ],
        [
          0.0,
          0.0,
          0.0,
          1.0
        ]
      ]
    },
    {
      "file_path": "/media/NFS/ttao/scannet/posed_images/scene0055_00/00253.jpg",
      "transform_matrix": [
        [
          0.844344,
          0.130624,
          -0.519635,
          1.903955
        ],
        [
          0.535791,
          -0.211796,
          0.817355,
          1.095655
        ],
        [
          -0.003291,
          -0.968545,
          -0.248816,
          1.484742
        ],
        [
          0.0,
          0.0,
          0.0,
          1.0
        ]
      ]
    },
    {
      "file_path": "/media/NFS/ttao/scannet/posed_images/scene0055_00/00259.jpg",
      "transform_matrix": [
        [
          0.834438,
          0.161834,
          -0.526805,
          1.949736
        ],
        [
          0.550928,
          -0.220946,
          0.804774,
          1.103915
        ],
        [
          0.013845,
          -0.961765,
          -0.273525,
          1.490757
        ],
        [
          0.0,
          0.0,
          0.0,
          1.0
        ]
      ]
    },
    {
      "file_path": "/media/NFS/ttao/scannet/posed_images/scene0055_00/00264.jpg",
      "transform_matrix": [
        [
          0.823331,
          0.157452,
          -0.545284,
          1.957835
        ],
        [
          0.567322,
          -0.200468,
          0.798723,
          1.083946
        ],
        [
          0.016449,
          -0.966965,
          -0.254378,
          1.491092
        ],
        [
          0.0,
          0.0,
          0.0,
          1.0
        ]
      ]
    },
    {
      "file_path": "/media/NFS/ttao/scannet/posed_images/scene0055_00/00265.jpg",
      "transform_matrix": [
        [
          0.823486,
          0.155876,
          -0.545503,
          1.953379
        ],
        [
          0.567134,
          -0.200462,
          0.798858,
          1.078111
        ],
        [
          0.01517,
          -0.967222,
          -0.25348,
          1.49123
        ],
        [
          0.0,
          0.0,
          0.0,
          1.0
        ]
      ]
    },
    {
      "file_path": "/media/NFS/ttao/scannet/posed_images/scene0055_00/00271.jpg",
      "transform_matrix": [
        [
          0.815408,
          0.155837,
          -0.557517,
          1.896123
        ],
        [
          0.578018,
          -0.166415,
          0.798875,
          1.024713
        ],
        [
          0.031716,
          -0.973664,
          -0.225773,
          1.501434
        ],
        [
          0.0,
          0.0,
          0.0,
          1.0
        ]
      ]
    },
    {
      "file_path": "/media/NFS/ttao/scannet/posed_images/scene0055_00/00275.jpg",
      "transform_matrix": [
        [
          0.832303,
          0.140951,
          -0.536102,
          1.833853
        ],
        [
          0.553258,
          -0.151346,
          0.819146,
          0.979655
        ],
        [
          0.034323,
          -0.97838,
          -0.203948,
          1.495679
        ],
        [
          0.0,
          0.0,
          0.0,
          1.0
        ]
      ]
    },
    {
      "file_path": "/media/NFS/ttao/scannet/posed_images/scene0055_00/00279.jpg",
      "transform_matrix": [
        [
          0.853685,
          0.115322,
          -0.50786,
          1.765094
        ],
        [
          0.520786,
          -0.192602,
          0.831677,
          0.941069
        ],
        [
          -0.001904,
          -0.974477,
          -0.224479,
          1.49465
        ],
        [
          0.0,
          0.0,
          0.0,
          1.0
        ]
      ]
    },
    {
      "file_path": "/media/NFS/ttao/scannet/posed_images/scene0055_00/00281.jpg",
      "transform_matrix": [
        [
          0.861601,
          0.105738,
          -0.496451,
          1.724314
        ],
        [
          0.50755,
          -0.191248,
          0.840129,
          0.923274
        ],
        [
          -0.006112,
          -0.97583,
          -0.218447,
          1.496634
        ],
        [
          0.0,
          0.0,
          0.0,
          1.0
        ]
      ]
    },
    {
      "file_path": "/media/NFS/ttao/scannet/posed_images/scene0055_00/00285.jpg",
      "transform_matrix": [
        [
          0.881413,
          0.086072,
          -0.464438,
          1.673808
        ],
        [
          0.472274,
          -0.177743,
          0.863345,
          0.901628
        ],
        [
          -0.008241,
          -0.980306,
          -0.197314,
          1.498305
        ],
        [
          0.0,
          0.0,
          0.0,
          1.0
        ]
      ]
    },
    {
      "file_path": "/media/NFS/ttao/scannet/posed_images/scene0055_00/00290.jpg",
      "transform_matrix": [
        [
          0.916811,
          0.080466,
          -0.391131,
          1.600961
        ],
        [
          0.399284,
          -0.198282,
          0.895129,
          0.888795
        ],
        [
          -0.005527,
          -0.976836,
          -0.213916,
          1.487648
        ],
        [
          0.0,
          0.0,
          0.0,
          1.0
        ]
      ]
    },
    {
      "file_path": "/media/NFS/ttao/scannet/posed_images/scene0055_00/00296.jpg",
      "transform_matrix": [
        [
          0.961789,
          0.0331,
          -0.271782,
          1.509286
        ],
        [
          0.272422,
          -0.214825,
          0.937889,
          0.893788
        ],
        [
          -0.027342,
          -0.976092,
          -0.215633,
          1.468383
        ],
        [
          0.0,
          0.0,
          0.0,
          1.0
        ]
      ]
    },
    {
      "file_path": "/media/NFS/ttao/scannet/posed_images/scene0055_00/00300.jpg",
      "transform_matrix": [
        [
          0.979809,
          0.012191,
          -0.199563,
          1.453444
        ],
        [
          0.196555,
          -0.241502,
          0.950286,
          0.895453
        ],
        [
          -0.03661,
          -0.970324,
          -0.239022,
          1.449581
        ],
        [
          0.0,
          0.0,
          0.0,
          1.0
        ]
      ]
    },
    {
      "file_path": "/media/NFS/ttao/scannet/posed_images/scene0055_00/00303.jpg",
      "transform_matrix": [
        [
          0.991082,
          0.008759,
          -0.132962,
          1.400003
        ],
        [
          0.130102,
          -0.279237,
          0.951367,
          0.903182
        ],
        [
          -0.028795,
          -0.960182,
          -0.277887,
          1.456122
        ],
        [
          0.0,
          0.0,
          0.0,
          1.0
        ]
      ]
    },
    {
      "file_path": "/media/NFS/ttao/scannet/posed_images/scene0055_00/00308.jpg",
      "transform_matrix": [
        [
          0.998999,
          0.008244,
          -0.043966,
          1.311094
        ],
        [
          0.044567,
          -0.268111,
          0.962357,
          0.901583
        ],
        [
          -0.003854,
          -0.963353,
          -0.26821,
          1.460345
        ],
        [
          0.0,
          0.0,
          0.0,
          1.0
        ]
      ]
    },
    {
      "file_path": "/media/NFS/ttao/scannet/posed_images/scene0055_00/00312.jpg",
      "transform_matrix": [
        [
          0.999148,
          -0.001124,
          0.041254,
          1.244034
        ],
        [
          -0.039899,
          -0.281828,
          0.958635,
          0.901523
        ],
        [
          0.010549,
          -0.959464,
          -0.281632,
          1.45525
        ],
        [
          0.0,
          0.0,
          0.0,
          1.0
        ]
      ]
    },
    {
      "file_path": "/media/NFS/ttao/scannet/posed_images/scene0055_00/00316.jpg",
      "transform_matrix": [
        [
          0.993063,
          -0.03314,
          0.112816,
          1.157352
        ],
        [
          -0.117571,
          -0.293719,
          0.948634,
          0.895542
        ],
        [
          0.001698,
          -0.955317,
          -0.295577,
          1.452921
        ],
        [
          0.0,
          0.0,
          0.0,
          1.0
        ]
      ]
    },
    {
      "file_path": "/media/NFS/ttao/scannet/posed_images/scene0055_00/00321.jpg",
      "transform_matrix": [
        [
          0.975464,
          -0.093177,
          0.199467,
          1.044532
        ],
        [
          -0.219088,
          -0.32166,
          0.92116,
          0.894658
        ],
        [
          -0.02167,
          -0.94226,
          -0.334182,
          1.462591
