{
  "frames": [
    {
      "file_path": "/media/NFS/ttao/scannet/posed_images/scene0094_00/00002.jpg",
      "transform_matrix": [
        [
          -0.431582,
          -0.098037,
          0.896731,
          4.412532
        ],
        [
          -0.900431,
          0.106787,
          -0.421688,
          3.596741
        ],
        [
          -0.054418,
          -0.989437,
          -0.134363,
          1.526323
        ],
        [
          0.0,
          0.0,
          0.0,
          1.0
        ]
      ]
    },
    {
      "file_path": "/media/NFS/ttao/scannet/posed_images/scene0094_00/00004.jpg",
      "transform_matrix": [
        [
          -0.433914,
          -0.093907,
          0.896047,
          4.40951
        ],
        [
          -0.899123,
          0.108519,
          -0.42403,
          3.606652
        ],
        [
          -0.057419,
          -0.989649,
          -0.131522,
          1.52516
        ],
        [
          0.0,
          0.0,
          0.0,
          1.0
        ]
      ]
    },
    {
      "file_path": "/media/NFS/ttao/scannet/posed_images/scene0094_00/00007.jpg",
      "transform_matrix": [
        [
          -0.441915,
          -0.092947,
          0.892229,
          4.405753
        ],
        [
          -0.895014,
          0.112782,
          -0.431545,
          3.619109
        ],
        [
          -0.060516,
          -0.989263,
          -0.133029,
          1.521641
        ],
        [
          0.0,
          0.0,
          0.0,
          1.0
        ]
      ]
    },
    {
      "file_path": "/media/NFS/ttao/scannet/posed_images/scene0094_00/00010.jpg",
      "transform_matrix": [
        [
          -0.450948,
          -0.109252,
          0.885838,
          4.401742
        ],
        [
          -0.890489,
          0.122476,
          -0.43821,
          3.627537
        ],
        [
          -0.060618,
          -0.98644,
          -0.152518,
          1.516681
        ],
        [
          0.0,
          0.0,
          0.0,
          1.0
        ]
      ]
    },
    {
      "file_path": "/media/NFS/ttao/scannet/posed_images/scene0094_00/00017.jpg",
      "transform_matrix": [
        [
          -0.465569,
          -0.169727,
          0.868584,
          4.387955
        ],
        [
          -0.882592,
          0.161574,
          -0.441504,
          3.641239
        ],
        [
          -0.065406,
          -0.972156,
          -0.225023,
          1.473724
        ],
        [
          0.0,
          0.0,
          0.0,
          1.0
        ]
      ]
    },
    {
      "file_path": "/media/NFS/ttao/scannet/posed_images/scene0094_00/00018.jpg",
      "transform_matrix": [
        [
          -0.464856,
          -0.177433,
          0.867425,
          4.385273
        ],
        [
          -0.882811,
          0.167554,
          -0.438828,
          3.642396
        ],
        [
          -0.067478,
          -0.969765,
          -0.234528,
          1.464292
        ],
        [
          0.0,
          0.0,
          0.0,
          1.0
        ]
      ]
    },
    {
      "file_path": "/media/NFS/ttao/scannet/posed_images/scene0094_00/00021.jpg",
      "transform_matrix": [
        [
          -0.463656,
          -0.212557,
          0.860141,
          4.378589
        ],
        [
          -0.883752,
          0.180295,
          -0.431829,
          3.651529
        ],
        [
          -0.063291,
          -0.960371,
          -0.271443,
          1.440263
        ],
        [
          0.0,
          0.0,
          0.0,
          1.0
        ]
      ]
    },
    {
      "file_path": "/media/NFS/ttao/scannet/posed_images/scene0094_00/00028.jpg",
      "transform_matrix": [
        [
          -0.470234,
          -0.291428,
          0.833037,
          4.342666
        ],
        [
          -0.878694,
          0.242652,
          -0.411117,
          3.652534
        ],
        [
          -0.082326,
          -0.925305,
          -0.370179,
          1.386163
        ],
        [
          0.0,
          0.0,
          0.0,
          1.0
        ]
      ]
    },
    {
      "file_path": "/media/NFS/ttao/scannet/posed_images/scene0094_00/00029.jpg",
      "transform_matrix": [
        [
          -0.467833,
          -0.301117,
          0.830939,
          4.334824
        ],
        [
          -0.879936,
          0.246697,
          -0.406021,
          3.652964
        ],
        [
          -0.08273,
          -0.921124,
          -0.380377,
          1.380331
        ],
        [
          0.0,
          0.0,
          0.0,
          1.0
        ]
      ]
    },
    {
      "file_path": "/media/NFS/ttao/scannet/posed_images/scene0094_00/00035.jpg",
      "transform_matrix": [
        [
          -0.451219,
          -0.328183,
          0.829877,
          4.278378
        ],
        [
          -0.886406,
          0.272536,
          -0.374178,
          3.661925
        ],
        [
          -0.103373,
          -0.904444,
          -0.413877,
          1.351872
        ],
        [
          0.0,
          0.0,
          0.0,
          1.0
        ]
      ]
    },
    {
      "file_path": "/media/NFS/ttao/scannet/posed_images/scene0094_00/00036.jpg",
      "transform_matrix": [
        [
          -0.449139,
          -0.32801,
          0.831073,
          4.266308
        ],
        [
          -0.887015,
          0.275242,
          -0.370739,
          3.661445
        ],
        [
          -0.10714,
          -0.903687,
          -0.414572,
          1.34967
        ],
        [
          0.0,
          0.0,
          0.0,
          1.0
        ]
      ]
    },
    {
      "file_path": "/media/NFS/ttao/scannet/posed_images/scene0094_00/00042.jpg",
      "transform_matrix": [
        [
          -0.456433,
          -0.359586,
          0.813859,
          4.183923
        ],
        [
          -0.882504,
          0.299525,
          -0.362591,
          3.661491
        ],
        [
          -0.113389,
          -0.883732,
          -0.454049,
          1.332123
        ],
        [
          0.0,
          0.0,
          0.0,
          1.0
        ]
      ]
    },
    {
      "file_path": "/media/NFS/ttao/scannet/posed_images/scene0094_00/00045.jpg",
      "transform_matrix": [
        [
          -0.471612,
          -0.35078,
          0.809034,
          4.142668
        ],
        [
          -0.874835,
          0.301262,
          -0.379348,
          3.664556
        ],
        [
          -0.110663,
          -0.886676,
          -0.448953,
          1.318362
        ],
        [
          0.0,
          0.0,
          0.0,
          1.0
        ]
      ]
    },
    {
      "file_path": "/media/NFS/ttao/scannet/posed_images/scene0094_00/00049.jpg",
      "transform_matrix": [
        [
          -0.460687,
          -0.36246,
          0.810179,
          4.097264
        ],
        [
          -0.879977,
          0.305613,
          -0.36365,
          3.670703
        ],
        [
          -0.115793,
          -0.880468,
          -0.459749,
          1.307776
        ],
        [
          0.0,
          0.0,
          0.0,
          1.0
        ]
      ]
    },
    {
      "file_path": "/media/NFS/ttao/scannet/posed_images/scene0094_00/00051.jpg",
      "transform_matrix": [
        [
          -0.451484,
          -0.344316,
          0.82317,
          4.072192
        ],
        [
          -0.88298,
          0.30525,
          -0.356607,
          3.665954
        ],
        [
          -0.128487,
          -0.887845,
          -0.44184,
          1.310696
        ],
        [
          0.0,
          0.0,
          0.0,
          1.0
        ]
      ]
    },
    {
      "file_path": "/media/NFS/ttao/scannet/posed_images/scene0094_00/00057.jpg",
      "transform_matrix": [
        [
          -0.421734,
          -0.24241,
          0.873715,
          4.026427
        ],
        [
          -0.900928,
          0.220765,
          -0.373619,
          3.688397
        ],
        [
          -0.102317,
          -0.944722,
          -0.311498,
          1.336211
        ],
        [
          0.0,
          0.0,
          0.0,
          1.0
        ]
      ]
    },
    {
      "file_path": "/media/NFS/ttao/scannet/posed_images/scene0094_00/00061.jpg",
      "transform_matrix": [
        [
          -0.427135,
          -0.18228,
          0.885624,
          4.012134
        ],
        [
          -0.899154,
          0.188838,
          -0.394794,
          3.69088
        ],
        [
          -0.095276,
          -0.964943,
          -0.244558,
          1.354894
        ],
        [
          0.0,
          0.0,
          0.0,
          1.0
        ]
      ]
    },
    {
      "file_path": "/media/NFS/ttao/scannet/posed_images/scene0094_00/00063.jpg",
      "transform_matrix": [
        [
          -0.426425,
          -0.167883,
          0.888807,
          4.010389
        ],
        [
          -0.900059,
          0.176258,
          -0.398531,
          3.696018
        ],
        [
          -0.089753,
          -0.969922,
          -0.226266,
          1.361791
        ],
        [
          0.0,
          0.0,
          0.0,
          1.0
        ]
      ]
    },
    {
      "file_path": "/media/NFS/ttao/scannet/posed_images/scene0094_00/00065.jpg",
      "transform_matrix": [
        [
          -0.427356,
          -0.15166,
          0.891272,
          4.01125
        ],
        [
          -0.900153,
          0.1632,
          -0.403844,
          3.69962
        ],
        [
          -0.084208,
          -0.974867,
          -0.206262,
          1.36928
        ],
        [
          0.0,
          0.0,
          0.0,
          1.0
        ]
      ]
    },
    {
      "file_path": "/media/NFS/ttao/scannet/posed_images/scene0094_00/00070.jpg",
      "transform_matrix": [
        [
          -0.412518,
          -0.086156,
          0.906866,
          4.007213
        ],
        [
          -0.907104,
          0.130229,
          -0.400254,
          3.698904
        ],
        [
          -0.083616,
          -0.987734,
          -0.131874,
          1.379372
        ],
        [
          0.0,
          0.0,
          0.0,
          1.0
        ]
      ]
    },
    {
      "file_path": "/media/NFS/ttao/scannet/posed_images/scene0094_00/00074.jpg",
      "transform_matrix": [
        [
          -0.415182,
          -0.041443,
          0.908794,
          4.010062
        ],
        [
          -0.90565,
          0.11343,
          -0.408573,
          3.700917
        ],
        [
          -0.086152,
          -0.992681,
          -0.084627,
          1.393094
        ],
        [
          0.0,
          0.0,
          0.0,
          1.0
        ]
      ]
    },
    {
      "file_path": "/media/NFS/ttao/scannet/posed_images/scene0094_00/00076.jpg",
      "transform_matrix": [
        [
          -0.418891,
          -0.024371,
          0.907709,
          4.01156
        ],
        [
          -0.904138,
          0.103731,
          -0.414457,
          3.702069
        ],
        [
          -0.084057,
          -0.994307,
          -0.065486,
          1.39834
        ],
        [
          0.0,
          0.0,
          0.0,
          1.0
        ]
      ]
    },
    {
      "file_path": "/media/NFS/ttao/scannet/posed_images/scene0094_00/00083.jpg",
      "transform_matrix": [
        [
          -0.471876,
          0.029693,
          0.881165,
          4.028774
        ],
        [
          -0.878514,
          0.068592,
          -0.472767,
          3.712443
        ],
        [
          -0.074479,
          -0.997203,
          -0.006282,
          1.429654
        ],
        [
          0.0,
          0.0,
          0.0,
          1.0
        ]
      ]
    },
    {
      "file_path": "/media/NFS/ttao/scannet/posed_images/scene0094_00/00086.jpg",
      "transform_matrix": [
        [
          -0.490456,
          0.056729,
          0.869617,
          4.040085
        ],
        [
          -0.86791,
          0.058254,
          -0.493293,
          3.716945
        ],
        [
          -0.078643,
          -0.996689,
          0.020664,
          1.440223
        ],
        [
          0.0,
          0.0,
          0.0,
          1.0
        ]
      ]
    },
    {
      "file_path": "/media/NFS/ttao/scannet/posed_images/scene0094_00/00091.jpg",
      "transform_matrix": [
        [
          -0.522045,
          0.086813,
          0.848488,
          4.059316
        ],
        [
          -0.846263,
          0.071308,
          -0.527972,
          3.70776
        ],
        [
          -0.106338,
          -0.993669,
          0.036241,
          1.467646
        ],
        [
          0.0,
          0.0,
          0.0,
          1.0
        ]
      ]
    },
    {
      "file_path": "/media/NFS/ttao/scannet/posed_images/scene0094_00/00092.jpg",
      "transform_matrix": [
        [
          -0.531549,
          0.0832,
          0.842932,
          4.066329
        ],
        [
          -0.840152,
          0.074753,
          -0.537174,
          3.709049
        ],
        [
          -0.107705,
          -0.993725,
          0.030166,
          1.474946
        ],
        [
          0.0,
          0.0,
          0.0,
          1.0
        ]
      ]
    },
    {
      "file_path": "/media/NFS/ttao/scannet/posed_images/scene0094_00/00097.jpg",
      "transform_matrix": [
        [
          -0.57139,
          0.077226,
          0.817037,
          4.093731
        ],
        [
          -0.812598,
          0.086125,
          -0.576426,
          3.715548
        ],
        [
          -0.114883,
          -0.993287,
          0.013543,
          1.492955
        ],
        [
          0.0,
          0.0,
          0.0,
          1.0
        ]
      ]
    },
    {
      "file_path": "/media/NFS/ttao/scannet/posed_images/scene0094_00/00101.jpg",
      "transform_matrix": [
        [
          -0.60401,
          0.097839,
          0.790948,
          4.115964
        ],
        [
          -0.788309,
          0.072626,
          -0.610978,
          3.716763
        ],
        [
          -0.117221,
          -0.992549,
          0.033261,
          1.500601
        ],
        [
          0.0,
          0.0,
          0.0,
          1.0
        ]
      ]
    },
    {
      "file_path": "/media/NFS/ttao/scannet/posed_images/scene0094_00/00105.jpg",
      "transform_matrix": [
        [
          -0.642316,
          0.092358,
          0.760855,
          4.140361
        ],
        [
          -0.755221,
          0.09296,
          -0.648845,
          3.719779
        ],
        [
          -0.130655,
          -0.991377,
          0.010041,
          1.504136
        ],
        [
          0.0,
          0.0,
          0.0,
          1.0
        ]
      ]
    },
    {
      "file_path": "/media/NFS/ttao/scannet/posed_images/scene0094_00/00106.jpg",
      "transform_matrix": [
        [
          -0.65363,
          0.089241,
          0.751534,
          4.146082
        ],
        [
          -0.745457,
          0.095473,
          -0.659681,
          3.721743
        ],
        [
          -0.130621,
          -0.991424,
          0.004121,
          1.506911
        ],
        [
          0.0,
          0.0,
          0.0,
          1.0
        ]
      ]
    },
    {
      "file_path": "/media/NFS/ttao/scannet/posed_images/scene0094_00/00113.jpg",
      "transform_matrix": [
        [
          -0.732577,
          0.046445,
          0.679098,
          4.205066
        ],
        [
          -0.670989,
          0.118513,
          -0.731935,
          3.716378
        ],
        [
          -0.114477,
          -0.991866,
          -0.055656,
          1.492835
        ],
        [
          0.0,
          0.0,
          0.0,
          1.0
        ]
      ]
    },
    {
      "file_path": "/media/NFS/ttao/scannet/posed_images/scene0094_00/00116.jpg",
      "transform_matrix": [
        [
          -0.75622,
          0.027178,
          0.653753,
          4.233727
        ],
        [
          -0.645844,
          0.129282,
          -0.752444,
          3.718208
        ],
        [
          -0.104968,
          -0.991235,
          -0.080213,
          1.482472
        ],
        [
          0.0,
          0.0,
          0.0,
          1.0
        ]
      ]
    },
    {
      "file_path": "/media/NFS/ttao/scannet/posed_images/scene0094_00/00117.jpg",
      "transform_matrix": [
        [
          -0.763162,
          0.018878,
          0.645931,
          4.245479
        ],
        [
          -0.638447,
          0.132415,
          -0.75819,
          3.720776
        ],
        [
          -0.099844,
          -0.991014,
          -0.089002,
          1.47695
        ],
        [
          0.0,
          0.0,
          0.0,
          1.0
        ]
      ]
    },
    {
      "file_path": "/media/NFS/ttao/scannet/posed_images/scene0094_00/00123.jpg",
      "transform_matrix": [
        [
          -0.79088,
          -0.041218,
          0.610582,
          4.297081
        ],
        [
          -0.605769,
          0.19442,
          -0.771521,
          3.70297
        ],
        [
          -0.086908,
          -0.980052,
          -0.178731,
          1.444689
        ],
        [
          0.0,
          0.0,
          0.0,
          1.0
        ]
      ]
    },
    {
      "file_path": "/media/NFS/ttao/scannet/posed_images/scene0094_00/00126.jpg",
      "transform_matrix": [
        [
          -0.797063,
          -0.081263,
          0.598404,
          4.317815
        ],
        [
          -0.599023,
          0.232031,
          -0.766377,
          3.685749
        ],
        [
          -0.07657,
          -0.969308,
          -0.233622,
          1.433179
        ],
        [
          0.0,
          0.0,
          0.0,
          1.0
        ]
      ]
    },
    {
      "file_path": "/media/NFS/ttao/scannet/posed_images/scene0094_00/00130.jpg",
      "transform_matrix": [
        [
          -0.804995,
          -0.113162,
          0.582389,
          4.340016
        ],
        [
          -0.588682,
          0.274358,
          -0.760383,
          3.647655
        ],
        [
          -0.073737,
          -0.954946,
          -0.287473,
          1.414916
        ],
        [
          0.0,
          0.0,
          0.0,
          1.0
        ]
      ]
    },
    {
      "file_path": "/media/NFS/ttao/scannet/posed_images/scene0094_00/00133.jpg",
      "transform_matrix": [
        [
          -0.805749,
          -0.110347,
          0.581887,
          4.355656
        ],
        [
          -0.58671,
          0.282878,
          -0.758783,
          3.623712
        ],
        [
          -0.080874,
          -0.952787,
          -0.29267,
          1.407104
        ],
        [
          0.0,
          0.0,
          0.0,
          1.0
        ]
      ]
    },
    {
      "file_path": "/media/NFS/ttao/scannet/posed_images/scene0094_00/00136.jpg",
      "transform_matrix": [
        [
          -0.807576,
          -0.099962,
          0.58123,
          4.369038
        ],
        [
          -0.583602,
          0.277543,
          -0.763138,
          3.594837
        ],
        [
          -0.085031,
          -0.955499,
          -0.282475,
          1.400339
        ],
        [
          0.0,
          0.0,
          0.0,
          1.0
        ]
      ]
    },
    {
      "file_path": "/media/NFS/ttao/scannet/posed_images/scene0094_00/00140.jpg",
      "transform_matrix": [
        [
          -0.828147,
          -0.10437,
          0.550708,
          4.398585
        ],
        [
          -0.556565,
          0.269506,
          -0.785877,
          3.547008
        ],
        [
          -0.066397,
          -0.957326,
          -0.281279,
          1.395023
        ],
        [
          0.0,
          0.0,
          0.0,
          1.0
        ]
      ]
    },
    {
      "file_path": "/media/NFS/ttao/scannet/posed_images/scene0094_00/00144.jpg",
      "transform_matrix": [
        [
          -0.83945,
          -0.118515,
          0.530356,
          4.431505
        ],
        [
          -0.540765,
          0.278818,
          -0.79362,
          3.504141
        ],
        [
          -0.053817,
          -0.953003,
          -0.298142,
          1.39529
        ],
        [
          0.0,
          0.0,
          0.0,
          1.0
        ]
      ]
    },
    {
      "file_path": "/media/NFS/ttao/scannet/posed_images/scene0094_00/00149.jpg",
      "transform_matrix": [
        [
          -0.84018,
          -0.109146,
          0.53121,
          4.467535
        ],
        [
          -0.53905,
          0.275285,
          -0.796017,
          3.447341
        ],
        [
          -0.059352,
          -0.955147,
          -0.290124,
          1.394166
        ],
        [
          0.0,
          0.0,
          0.0,
          1.0
        ]
      ]
    },
    {
      "file_path": "/media/NFS/ttao/scannet/posed_images/scene0094_00/00150.jpg",
      "transform_matrix": [
        [
          -0.838988,
          -0.116411,
          0.531552,
          4.476725
        ],
        [
          -0.541381,
          0.277,
          -0.793837,
          3.431855
        ],
        [
          -0.054828,
          -0.953792,
          -0.295422,
          1.394817
        ],
        [
          0.0,
          0.0,
          0.0,
          1.0
        ]
      ]
    },
    {
      "file_path": "/media/NFS/ttao/scannet/posed_images/scene0094_00/00154.jpg",
      "transform_matrix": [
        [
          -0.848724,
          -0.130868,
          0.512388,
          4.505221
        ],
        [
          -0.526925,
          0.291567,
          -0.798335,
          3.397083
        ],
        [
          -0.044919,
          -0.947556,
          -0.316417,
          1.401086
        ],
        [
          0.0,
          0.0,
          0.0,
          1.0
        ]
      ]
    },
    {
      "file_path": "/media/NFS/ttao/scannet/posed_images/scene0094_00/00158.jpg",
      "transform_matrix": [
        [
          -0.868168,
          -0.126677,
          0.47983,
          4.52725
        ],
        [
          -0.495073,
          0.288192,
          -0.819663,
          3.366047
        ],
        [
          -0.03445,
          -0.949157,
          -0.312913,
          1.405701
        ],
        [
          0.0,
          0.0,
          0.0,
          1.0
        ]
      ]
    },
    {
      "file_path": "/media/NFS/ttao/scannet/posed_images/scene0094_00/00162.jpg",
      "transform_matrix": [
        [
          -0.89547,
          -0.114631,
          0.430109,
          4.555274
        ],
        [
          -0.444772,
          0.268752,
          -0.854371,
          3.337692
        ],
        [
          -0.017655,
          -0.956364,
          -0.291644,
          1.41354
        ],
        [
          0.0,
          0.0,
          0.0,
          1.0
        ]
      ]
    },
    {
      "file_path": "/media/NFS/ttao/scannet/posed_images/scene0094_00/00167.jpg",
      "transform_matrix": [
        [
          -0.929449,
          -0.077793,
          0.360656,
          4.599461
        ],
        [
          -0.368335,
          0.252083,
          -0.894865,
          3.31467
        ],
        [
          -0.021301,
          -0.964574,
          -0.262952,
          1.430133
        ],
        [
          0.0,
          0.0,
          0.0,
          1.0
        ]
      ]
    },
    {
      "file_path": "/media/NFS/ttao/scannet/posed_images/scene0094_00/00169.jpg",
      "transform_matrix": [
        [
          -0.94169,
          -0.069192,
          0.329291,
          4.618264
        ],
        [
          -0.335621,
          0.263139,
          -0.904498,
          3.300509
        ],
        [
          -0.024066,
          -0.962274,
          -0.271017,
          1.436998
        ],
        [
          0.0,
          0.0,
          0.0,
          1.0
        ]
      ]
    },
    {
      "file_path": "/media/NFS/ttao/scannet/posed_images/scene0094_00/00173.jpg",
      "transform_matrix": [
        [
          -0.960258,
          -0.044465,
          0.275548,
          4.650305
        ],
        [
          -0.277529,
          0.257114,
          -0.925673,
          3.278377
        ],
        [
          -0.029687,
          -0.965358,
          -0.259236,
          1.432708
        ],
        [
          0.0,
          0.0,
          0.0,
          1.0
        ]
      ]
    },
    {
      "file_path": "/media/NFS/ttao/scannet/posed_images/scene0094_00/00179.jpg",
      "transform_matrix": [
        [
          -0.977201,
          -0.015462,
          0.21175,
          4.69512
        ],
        [
          -0.207651,
          0.277462,
          -0.938027,
          3.250953
        ],
        [
          -0.044249,
          -0.960612,
          -0.274347,
          1.436514
        ],
        [
          0.0,
          0.0,
          0.0,
          1.0
        ]
      ]
    },
    {
      "file_path": "/media/NFS/ttao/scannet/posed_images/scene0094_00/00180.jpg",
      "transform_matrix": [
        [
          -0.977856,
          -0.010356,
          0.209023,
          4.693031
        ],
        [
          -0.203845,
          0.273264,
          -0.940093,
          3.242254
        ],
        [
          -0.047383,
          -0.961883,
          -0.269324,
          1.425221
        ],
        [
          0.0,
          0.0,
          0.0,
          1.0
        ]
      ]
    },
    {
      "file_path": "/media/NFS/ttao/scannet/posed_images/scene0094_00/00186.jpg",
      "transform_matrix": [
        [
          -0.993095,
          0.005311,
          0.117189,
          4.719007
        ],
        [
          -0.110869,
          0.28395,
          -0.952408,
          3.216642
        ],
        [
          -0.038334,
          -0.958825,
          -0.2814,
          1.430075
        ],
        [
          0.0,
          0.0,
          0.0,
          1.0
        ]
      ]
    },
    {
      "file_path": "/media/NFS/ttao/scannet/posed_images/scene0094_00/00190.jpg",
      "transform_matrix": [
        [
          -0.997666,
          0.009876,
          0.067564,
          4.709671
        ],
        [
          -0.061685,
          0.293945,
          -0.95383,
          3.18771
        ],
        [
          -0.02928,
          -0.955771,
          -0.29265,
          1.416816
        ],
        [
          0.0,
          0.0,
          0.0,
          1.0
        ]
      ]
    },
    {
      "file_path": "/media/NFS/ttao/scannet/posed_images/scene0094_00/00191.jpg",
      "transform_matrix": [
        [
          -0.998386,
          0.010206,
          0.055867,
          4.707411
        ],
        [
          -0.050376,
          0.295028,
          -0.95416,
          3.17978
        ],
        [
          -0.02622,
          -0.955434,
          -0.294037,
          1.418465
        ],
        [
          0.0,
          0.0,
          0.0,
          1.0
        ]
      ]
    },
    {
      "file_path": "/media/NFS/ttao/scannet/posed_images/scene0094_00/00197.jpg",
      "transform_matrix": [
        [
          -0.999385,
          0.034155,
          -0.007919,
          4.688876
        ],
        [
          0.017356,
          0.28568,
          -0.958168,
          3.135014
        ],
        [
          -0.030464,
          -0.957716,
          -0.286097,
          1.422045
        ],
        [
          0.0,
          0.0,
          0.0,
          1.0
        ]
      ]
    },
    {
      "file_path": "/media/NFS/ttao/scannet/posed_images/scene0094_00/00201.jpg",
      "transform_matrix": [
        [
          -0.99803,
          0.053289,
          -0.033122,
          4.665645
        ],
        [
          0.045771,
          0.257272,
          -0.965254,
          3.116124
        ],
        [
          -0.042916,
          -0.964869,
          -0.259204,
          1.419716
        ],
        [
          0.0,
          0.0,
          0.0,
          1.0
        ]
      ]
    },
    {
      "file_path": "/media/NFS/ttao/scannet/posed_images/scene0094_00/00203.jpg",
      "transform_matrix": [
        [
          -0.996826,
          0.062081,
          -0.049843,
          4.655762
        ],
        [
          0.064039,
          0.253288,
          -0.965269,
          3.102428
        ],
        [
          -0.0473,
          -0.965397,
          -0.256459,
          1.418527
        ],
        [
          0.0,
          0.0,
          0.0,
          1.0
        ]
      ]
    },
    {
      "file_path": "/media/NFS/ttao/scannet/posed_images/scene0094_00/00206.jpg",
      "transform_matrix": [
        [
          -0.993989,
          0.064374,
          -0.088548,
          4.637592
        ],
        [
          0.102524,
          0.263765,
          -0.959123,
          3.077481
        ],
        [
          -0.038387,
          -0.962436,
          -0.26878,
          1.416589
        ],
        [
          0.0,
          0.0,
          0.0,
          1.0
        ]
      ]
    },
    {
      "file_path": "/media/NFS/ttao/scannet/posed_images/scene0094_00/00212.jpg",
      "transform_matrix": [
        [
          -0.984643,
          0.084987,
          -0.152497,
          4.600749
        ],
        [
          0.170698,
          0.285498,
          -0.943055,
          3.036615
        ],
        [
          -0.03661,
          -0.954604,
          -0.29562,
          1.406866
        ],
        [
          0.0,
          0.0,
          0.0,
          1.0
        ]
      ]
    },
    {
      "file_path": "/media/NFS/ttao/scannet/posed_images/scene0094_00/00213.jpg",
      "transform_matrix": [
        [
          -0.982759,
          0.085846,
          -0.163751,
          4.599966
        ],
        [
          0.181744,
          0.285895,
          -0.940868,
          3.034207
        ],
        [
          -0.033954,
          -0.954408,
          -0.296568,
          1.404555
        ],
        [
          0.0,
          0.0,
          0.0,
          1.0
        ]
      ]
    },
    {
      "file_path": "/media/NFS/ttao/scannet/posed_images/scene0094_00/00219.jpg",
      "transform_matrix": [
        [
          -0.961633,
          0.113882,
          -0.249584,
          4.598743
        ],
        [
          0.272764,
          0.2996,
          -0.914243,
          3.012239
        ],
        [
          -0.02934,
          -0.947244,
          -0.319168,
          1.385146
        ],
        [
          0.0,
          0.0,
          0.0,
          1.0
        ]
      ]
    },
    {
      "file_path": "/media/NFS/ttao/scannet/posed_images/scene0094_00/00220.jpg",
      "transform_matrix": [
        [
          -0.953686,
          0.123619,
          -0.274229,
          4.603888
        ],
        [
          0.299392,
          0.301832,
          -0.905131,
          2.992752
        ],
        [
          -0.02912,
          -0.945312,
          -0.324864,
          1.392247
        ],
        [
          0.0,
          0.0,
          0.0,
          1.0
        ]
      ]
    },
    {
      "file_path": "/media/NFS/ttao/scannet/posed_images/scene0094_00/00225.jpg",
      "transform_matrix": [
        [
          -0.920639,
          0.173123,
          -0.349931,
          4.609479
        ],
        [
          0.388357,
          0.314192,
          -0.866292,
          2.97855
        ],
        [
          -0.040029,
          -0.933441,
          -0.356491,
          1.380061
        ],
        [
          0.0,
          0.0,
          0.0,
          1.0
        ]
      ]
    },
    {
      "file_path": "/media/NFS/ttao/scannet/posed_images/scene0094_00/00229.jpg",
      "transform_matrix": [
        [
          -0.890746,
          0.194802,
          -0.410637,
          4.621232
        ],
        [
          0.452398,
          0.2932,
          -0.842241,
          2.969912
        ],
        [
          -0.043672,
          -0.935995,
          -0.349295,
          1.374351
        ],
        [
          0.0,
          0.0,
          0.0,
          1.0
        ]
      ]
    },
    {
      "file_path": "/media/NFS/ttao/scannet/posed_images/scene0094_00/00234.jpg",
      "transform_matrix": [
        [
          -0.85572,
          0.201098,
          -0.476763,
          4.625081
        ],
        [
          0.517071,
          0.297613,
          -0.802536,
          2.956616
        ],
        [
          -0.019498,
          -0.933266,
          -0.358656,
          1.371276
        ],
        [
          0.0,
          0.0,
          0.0,
          1.0
        ]
      ]
    },
    {
      "file_path": "/media/NFS/ttao/scannet/posed_images/scene0094_00/00238.jpg",
      "transform_matrix": [
        [
          -0.821414,
          0.226963,
          -0.523226,
          4.626113
        ],
        [
          0.569782,
          0.286322,
          -0.770303,
          2.953631
        ],
        [
          -0.025019,
          -0.930864,
          -0.364509,
          1.368438
        ],
        [
          0.0,
          0.0,
          0.0,
          1.0
        ]
      ]
    },
    {
      "file_path": "/media/NFS/ttao/scannet/posed_images/scene0094_00/00241.jpg",
      "transform_matrix": [
        [
          -0.798862,
          0.245367,
          -0.549195,
          4.624603
        ],
        [
          0.60061,
          0.275316,
          -0.750646,
          2.950435
        ],
        [
          -0.032981,
          -0.929514,
          -0.367309,
          1.367875
        ],
        [
          0.0,
          0.0,
          0.0,
          1.0
        ]
      ]
    },
    {
      "file_path": "/media/NFS/ttao/scannet/posed_images/scene0094_00/00245.jpg",
      "transform_matrix": [
        [
          -0.760993,
          0.271148,
          -0.58938,
          4.622944
        ],
        [
          0.647673,
          0.264944,
          -0.71437,
          2.94748
        ],
        [
          -0.037547,
          -0.925356,
          -0.377236,
          1.365697
        ],
        [
          0.0,
          0.0,
          0.0,
          1.0
        ]
      ]
    },
    {
      "file_path": "/media/NFS/ttao/scannet/posed_images/scene0094_00/00249.jpg",
      "transform_matrix": [
        [
          -0.723405,
          0.29277,
          -0.625277,
          4.615966
        ],
        [
          0.689256,
          0.253594,
          -0.678687,
          2.949971
        ],
        [
          -0.040133,
          -0.921941,
          -0.385245,
          1.363413
        ],
        [
          0.0,
          0.0,
          0.0,
          1.0
        ]
      ]
    },
    {
      "file_path": "/media/NFS/ttao/scannet/posed_images/scene0094_00/00250.jpg",
      "transform_matrix": [
        [
          -0.719536,
          0.296647,
          -0.627909,
          4.6043
        ],
        [
          0.693268,
          0.253981,
          -0.674443,
          2.953091
        ],
        [
          -0.040594,
          -0.920595,
          -0.388404,
          1.363695
        ],
        [
          0.0,
          0.0,
          0.0,
          1.0
        ]
      ]
    },
    {
      "file_path": "/media/NFS/ttao/scannet/posed_images/scene0094_00/00253.jpg",
      "transform_matrix": [
        [
          -0.690808,
          0.310521,
          -0.652964,
          4.590838
        ],
        [
          0.721979,
          0.247373,
          -0.646183,
          2.959117
        ],
        [
          -0.039128,
          -0.917814,
          -0.395077,
          1.363969
        ],
        [
          0.0,
          0.0,
          0.0,
          1.0
        ]
      ]
    },
    {
      "file_path": "/media/NFS/ttao/scannet/posed_images/scene0094_00/00257.jpg",
      "transform_matrix": [
        [
          -0.649499,
          0.320712,
          -0.689416,
          4.563843
        ],
        [
          0.759509,
          0.230691,
          -0.608217,
          2.976202
        ],
        [
          -0.036021,
          -0.918654,
          -0.393417,
          1.367991
        ],
        [
          0.0,
          0.0,
          0.0,
          1.0
        ]
      ]
    },
    {
      "file_path": "/media/NFS/ttao/scannet/posed_images/scene0094_00/00263.jpg",
      "transform_matrix": [
        [
          -0.571653,
          0.332743,
          -0.749997,
          4.525494
        ],
        [
          0.819656,
          0.190246,
          -0.540343,
          3.004607
        ],
        [
          -0.037111,
          -0.923628,
          -0.381489,
          1.367693
        ],
        [
          0.0,
          0.0,
          0.0,
          1.0
        ]
      ]
    },
    {
      "file_path": "/media/NFS/ttao/scannet/posed_images/scene0094_00/00264.jpg",
      "transform_matrix": [
        [
          -0.558019,
          0.335935,
          -0.75879,
          4.518612
        ],
        [
          0.829151,
          0.188783,
          -0.526185,
          3.007156
        ],
        [
          -0.033517,
          -0.922772,
          -0.383885,
          1.365837
        ],
        [
          0.0,
          0.0,
          0.0,
          1.0
        ]
      ]
    },
    {
      "file_path": "/media/NFS/ttao/scannet/posed_images/scene0094_00/00269.jpg",
      "transform_matrix": [
        [
          -0.465952,
          0.360444,
          -0.808065,
          4.480963
        ],
        [
          0.884763,
          0.180407,
          -0.429707,
          3.028973
        ],
        [
          -0.009105,
          -0.915169,
          -0.402968,
          1.355432
        ],
        [
          0.0,
          0.0,
          0.0,
          1.0
        ]
      ]
    },
    {
      "file_path": "/media/NFS/ttao/scannet/posed_images/scene0094_00/00274.jpg",
      "transform_matrix": [
        [
          -0.367972,
          0.392989,
          -0.842708,
          4.449997
        ],
        [
          0.929824,
          0.150752,
          -0.33571,
          3.032208
        ],
        [
          -0.004891,
          -0.907102,
          -0.420883,
          1.361805
        ],
        [
          0.0,
          0.0,
          0.0,
          1.0
        ]
      ]
    },
    {
      "file_path": "/media/NFS/ttao/scannet/posed_images/scene0094_00/00277.jpg",
      "transform_matrix": [
        [
          -0.320606,
          0.400527,
          -0.858365,
          4.436967
        ],
        [
          0.947027,
          0.117597,
          -0.29885,
          3.044383
        ],
        [
          -0.018757,
          -0.908707,
          -0.417012,
          1.36211
        ],
        [
          0.0,
          0.0,
          0.0,
          1.0
        ]
      ]
    },
    {
      "file_path": "/media/NFS/ttao/scannet/posed_images/scene0094_00/00282.jpg",
      "transform_matrix": [
        [
          -0.240603,
          0.399904,
          -0.884413,
          4.419391
        ],
        [
          0.970576,
          0.090045,
          -0.223328,
          3.05632
        ],
        [
          -0.009673,
          -0.912123,
          -0.409802,
          1.355553
        ],
        [
          0.0,
          0.0,
          0.0,
          1.0
        ]
      ]
    },
    {
      "file_path": "/media/NFS/ttao/scannet/posed_images/scene0094_00/00284.jpg",
      "transform_matrix": [
        [
          -0.20157,
          0.398644,
          -0.89468,
          4.415502
        ],
        [
          0.979472,
          0.079822,
          -0.185107,
          3.054287
        ],
