{
  "frames": [
    {
      "file_path": "/media/NFS/ttao/scannet/posed_images/scene0656_01/00000.jpg",
      "transform_matrix": [
        [
          -0.996349,
          -0.0071,
          -0.085077,
          1.044293
        ],
        [
          0.074393,
          0.416674,
          -0.906007,
          2.269243
        ],
        [
          0.041882,
          -0.909029,
          -0.414624,
          1.315144
        ],
        [
          0.0,
          0.0,
          0.0,
          1.0
        ]
      ]
    },
    {
      "file_path": "/media/NFS/ttao/scannet/posed_images/scene0656_01/00006.jpg",
      "transform_matrix": [
        [
          -0.99618,
          -0.013544,
          -0.086273,
          1.047896
        ],
        [
          0.072634,
          0.419984,
          -0.904621,
          2.264365
        ],
        [
          0.048485,
          -0.907431,
          -0.417395,
          1.312137
        ],
        [
          0.0,
          0.0,
          0.0,
          1.0
        ]
      ]
    },
    {
      "file_path": "/media/NFS/ttao/scannet/posed_images/scene0656_01/00014.jpg",
      "transform_matrix": [
        [
          -0.996565,
          -0.033962,
          -0.075537,
          1.066238
        ],
        [
          0.054061,
          0.424197,
          -0.903955,
          2.257006
        ],
        [
          0.062743,
          -0.904933,
          -0.420903,
          1.315826
        ],
        [
          0.0,
          0.0,
          0.0,
          1.0
        ]
      ]
    },
    {
      "file_path": "/media/NFS/ttao/scannet/posed_images/scene0656_01/00018.jpg",
      "transform_matrix": [
        [
          -0.996621,
          -0.041065,
          -0.071133,
          1.059248
        ],
        [
          0.04806,
          0.410758,
          -0.910477,
          2.254715
        ],
        [
          0.066607,
          -0.910819,
          -0.407397,
          1.318569
        ],
        [
          0.0,
          0.0,
          0.0,
          1.0
        ]
      ]
    },
    {
      "file_path": "/media/NFS/ttao/scannet/posed_images/scene0656_01/00026.jpg",
      "transform_matrix": [
        [
          -0.99823,
          -0.025973,
          -0.053496,
          1.019349
        ],
        [
          0.036145,
          0.44934,
          -0.892629,
          2.263803
        ],
        [
          0.047222,
          -0.892983,
          -0.447606,
          1.295717
        ],
        [
          0.0,
          0.0,
          0.0,
          1.0
        ]
      ]
    },
    {
      "file_path": "/media/NFS/ttao/scannet/posed_images/scene0656_01/00036.jpg",
      "transform_matrix": [
        [
          -0.991631,
          -0.102433,
          0.078584,
          0.945049
        ],
        [
          -0.120347,
          0.513034,
          -0.84989,
          2.324529
        ],
        [
          0.046741,
          -0.852234,
          -0.521068,
          1.268389
        ],
        [
          0.0,
          0.0,
          0.0,
          1.0
        ]
      ]
    },
    {
      "file_path": "/media/NFS/ttao/scannet/posed_images/scene0656_01/00044.jpg",
      "transform_matrix": [
        [
          -0.983708,
          -0.129874,
          0.124307,
          0.869217
        ],
        [
          -0.175506,
          0.543947,
          -0.820561,
          2.375825
        ],
        [
          0.038953,
          -0.829008,
          -0.557878,
          1.258784
        ],
        [
          0.0,
          0.0,
          0.0,
          1.0
        ]
      ]
    },
    {
      "file_path": "/media/NFS/ttao/scannet/posed_images/scene0656_01/00048.jpg",
      "transform_matrix": [
        [
          -0.985206,
          -0.122738,
          0.119602,
          0.846005
        ],
        [
          -0.167721,
          0.547207,
          -0.820021,
          2.388604
        ],
        [
          0.035201,
          -0.827949,
          -0.559697,
          1.260394
        ],
        [
          0.0,
          0.0,
          0.0,
          1.0
        ]
      ]
    },
    {
      "file_path": "/media/NFS/ttao/scannet/posed_images/scene0656_01/00052.jpg",
      "transform_matrix": [
        [
          -0.987545,
          -0.110457,
          0.11205,
          0.839532
        ],
        [
          -0.154114,
          0.53559,
          -0.830297,
          2.399749
        ],
        [
          0.031699,
          -0.837224,
          -0.545941,
          1.275499
        ],
        [
          0.0,
          0.0,
          0.0,
          1.0
        ]
      ]
    },
    {
      "file_path": "/media/NFS/ttao/scannet/posed_images/scene0656_01/00058.jpg",
      "transform_matrix": [
        [
          -0.98844,
          -0.094181,
          0.118812,
          0.837959
        ],
        [
          -0.150011,
          0.493898,
          -0.856482,
          2.412441
        ],
        [
          0.021983,
          -0.864404,
          -0.502317,
          1.302741
        ],
        [
          0.0,
          0.0,
          0.0,
          1.0
        ]
      ]
    },
    {
      "file_path": "/media/NFS/ttao/scannet/posed_images/scene0656_01/00066.jpg",
      "transform_matrix": [
        [
          -0.991724,
          -0.088985,
          0.09255,
          0.850762
        ],
        [
          -0.121935,
          0.427099,
          -0.895945,
          2.41923
        ],
        [
          0.040198,
          -0.899815,
          -0.434415,
          1.333775
        ],
        [
          0.0,
          0.0,
          0.0,
          1.0
        ]
      ]
    },
    {
      "file_path": "/media/NFS/ttao/scannet/posed_images/scene0656_01/00074.jpg",
      "transform_matrix": [
        [
          -0.99619,
          -0.086353,
          0.012227,
          0.90075
        ],
        [
          -0.042548,
          0.358819,
          -0.932437,
          2.418686
        ],
        [
          0.076132,
          -0.929404,
          -0.361126,
          1.370288
        ],
        [
          0.0,
          0.0,
          0.0,
          1.0
        ]
      ]
    },
    {
      "file_path": "/media/NFS/ttao/scannet/posed_images/scene0656_01/00084.jpg",
      "transform_matrix": [
        [
          -0.971024,
          -0.058716,
          -0.231657,
          1.047279
        ],
        [
          0.206404,
          0.282537,
          -0.936787,
          2.393391
        ],
        [
          0.120456,
          -0.957458,
          -0.262231,
          1.400967
        ],
        [
          0.0,
          0.0,
          0.0,
          1.0
        ]
      ]
    },
    {
      "file_path": "/media/NFS/ttao/scannet/posed_images/scene0656_01/00088.jpg",
      "transform_matrix": [
        [
          -0.953245,
          -0.026203,
          -0.301059,
          1.113351
        ],
        [
          0.281283,
          0.287237,
          -0.915628,
          2.385728
        ],
        [
          0.110468,
          -0.957501,
          -0.266437,
          1.399021
        ],
        [
          0.0,
          0.0,
          0.0,
          1.0
        ]
      ]
    },
    {
      "file_path": "/media/NFS/ttao/scannet/posed_images/scene0656_01/00096.jpg",
      "transform_matrix": [
        [
          -0.908913,
          0.018117,
          -0.416592,
          1.209035
        ],
        [
          0.404073,
          0.284965,
          -0.869207,
          2.391945
        ],
        [
          0.102967,
          -0.958367,
          -0.266329,
          1.398884
        ],
        [
          0.0,
          0.0,
          0.0,
          1.0
        ]
      ]
    },
    {
      "file_path": "/media/NFS/ttao/scannet/posed_images/scene0656_01/00100.jpg",
      "transform_matrix": [
        [
          -0.883229,
          0.047442,
          -0.466537,
          1.250774
        ],
        [
          0.459604,
          0.285136,
          -0.841108,
          2.397912
        ],
        [
          0.093123,
          -0.957312,
          -0.273645,
          1.384375
        ],
        [
          0.0,
          0.0,
          0.0,
          1.0
        ]
      ]
    },
    {
      "file_path": "/media/NFS/ttao/scannet/posed_images/scene0656_01/00106.jpg",
      "transform_matrix": [
        [
          -0.839664,
          0.144969,
          -0.523401,
          1.350598
        ],
        [
          0.54032,
          0.320477,
          -0.778042,
          2.429775
        ],
        [
          0.054946,
          -0.936098,
          -0.347422,
          1.324668
        ],
        [
          0.0,
          0.0,
          0.0,
          1.0
        ]
      ]
    },
    {
      "file_path": "/media/NFS/ttao/scannet/posed_images/scene0656_01/00112.jpg",
      "transform_matrix": [
        [
          -0.759803,
          0.243894,
          -0.602674,
          1.415458
        ],
        [
          0.649849,
          0.313259,
          -0.692506,
          2.441684
        ],
        [
          0.019895,
          -0.917815,
          -0.396509,
          1.281715
        ],
        [
          0.0,
          0.0,
          0.0,
          1.0
        ]
      ]
    },
    {
      "file_path": "/media/NFS/ttao/scannet/posed_images/scene0656_01/00122.jpg",
      "transform_matrix": [
        [
          -0.673114,
          0.353843,
          -0.649394,
          1.491096
        ],
        [
          0.739517,
          0.315296,
          -0.59473,
          2.436171
        ],
        [
          -0.00569,
          -0.880559,
          -0.473903,
          1.263406
        ],
        [
          0.0,
          0.0,
          0.0,
          1.0
        ]
      ]
    },
    {
      "file_path": "/media/NFS/ttao/scannet/posed_images/scene0656_01/00126.jpg",
      "transform_matrix": [
        [
          -0.639424,
          0.35356,
          -0.682739,
          1.526064
        ],
        [
          0.768833,
          0.28748,
          -0.571184,
          2.42185
        ],
        [
          -0.005674,
          -0.890141,
          -0.45565,
          1.268058
        ],
        [
          0.0,
          0.0,
          0.0,
          1.0
        ]
      ]
    },
    {
      "file_path": "/media/NFS/ttao/scannet/posed_images/scene0656_01/00134.jpg",
      "transform_matrix": [
        [
          -0.535238,
          0.38627,
          -0.75121,
          1.613904
        ],
        [
          0.844666,
          0.236616,
          -0.480159,
          2.36911
        ],
        [
          -0.007722,
          -0.89152,
          -0.452915,
          1.256725
        ],
        [
          0.0,
          0.0,
          0.0,
          1.0
        ]
      ]
    },
    {
      "file_path": "/media/NFS/ttao/scannet/posed_images/scene0656_01/00144.jpg",
      "transform_matrix": [
        [
          -0.488901,
          0.439657,
          -0.753444,
          1.699116
        ],
        [
          0.872339,
          0.245283,
          -0.42292,
          2.327186
        ],
        [
          -0.001133,
          -0.864024,
          -0.503449,
          1.249134
        ],
        [
          0.0,
          0.0,
          0.0,
          1.0
        ]
      ]
    },
    {
      "file_path": "/media/NFS/ttao/scannet/posed_images/scene0656_01/00150.jpg",
      "transform_matrix": [
        [
          -0.488133,
          0.432014,
          -0.758347,
          1.727982
        ],
        [
          0.872769,
          0.242285,
          -0.423759,
          2.334416
        ],
        [
          0.000666,
          -0.868713,
          -0.495316,
          1.255633
        ],
        [
          0.0,
          0.0,
          0.0,
          1.0
        ]
      ]
    },
    {
      "file_path": "/media/NFS/ttao/scannet/posed_images/scene0656_01/00152.jpg",
      "transform_matrix": [
        [
          -0.484166,
          0.430501,
          -0.761743,
          1.731803
        ],
        [
          0.874976,
          0.237274,
          -0.422041,
          2.344216
        ],
        [
          -0.000947,
          -0.870844,
          -0.491558,
          1.258212
        ],
        [
          0.0,
          0.0,
          0.0,
          1.0
        ]
      ]
    },
    {
      "file_path": "/media/NFS/ttao/scannet/posed_images/scene0656_01/00158.jpg",
      "transform_matrix": [
        [
          -0.442844,
          0.419978,
          -0.792154,
          1.732389
        ],
        [
          0.896599,
          0.207619,
          -0.391158,
          2.385828
        ],
        [
          0.000188,
          -0.883466,
          -0.468495,
          1.278563
        ],
        [
          0.0,
          0.0,
          0.0,
          1.0
        ]
      ]
    },
    {
      "file_path": "/media/NFS/ttao/scannet/posed_images/scene0656_01/00166.jpg",
      "transform_matrix": [
        [
          -0.39153,
          0.378657,
          -0.838643,
          1.719279
        ],
        [
          0.920161,
          0.158228,
          -0.358146,
          2.454899
        ],
        [
          -0.002917,
          -0.911912,
          -0.410376,
          1.314439
        ],
        [
          0.0,
          0.0,
          0.0,
          1.0
        ]
      ]
    },
    {
      "file_path": "/media/NFS/ttao/scannet/posed_images/scene0656_01/00176.jpg",
      "transform_matrix": [
        [
          -0.392041,
          0.278472,
          -0.876788,
          1.717214
        ],
        [
          0.919948,
          0.119238,
          -0.373469,
          2.54211
        ],
        [
          0.000546,
          -0.953014,
          -0.302926,
          1.362722
        ],
        [
          0.0,
          0.0,
          0.0,
          1.0
        ]
      ]
    },
    {
      "file_path": "/media/NFS/ttao/scannet/posed_images/scene0656_01/00182.jpg",
      "transform_matrix": [
        [
          -0.363944,
          0.274501,
          -0.890053,
          1.708274
        ],
        [
          0.931126,
          0.083201,
          -0.355079,
          2.572229
        ],
        [
          -0.023416,
          -0.957981,
          -0.285875,
          1.377076
        ],
        [
          0.0,
          0.0,
          0.0,
          1.0
        ]
      ]
    },
    {
      "file_path": "/media/NFS/ttao/scannet/posed_images/scene0656_01/00186.jpg",
      "transform_matrix": [
        [
          -0.35495,
          0.277813,
          -0.892654,
          1.696369
        ],
        [
          0.934236,
          0.069822,
          -0.349754,
          2.59177
        ],
        [
          -0.03484,
          -0.958094,
          -0.284327,
          1.380353
        ],
        [
          0.0,
          0.0,
          0.0,
          1.0
        ]
      ]
    },
    {
      "file_path": "/media/NFS/ttao/scannet/posed_images/scene0656_01/00192.jpg",
      "transform_matrix": [
        [
          -0.316294,
          0.278618,
          -0.906824,
          1.667156
        ],
        [
          0.947866,
          0.053681,
          -0.314116,
          2.622682
        ],
        [
          -0.038839,
          -0.958901,
          -0.281071,
          1.377002
        ],
        [
          0.0,
          0.0,
          0.0,
          1.0
        ]
      ]
    },
    {
      "file_path": "/media/NFS/ttao/scannet/posed_images/scene0656_01/00200.jpg",
      "transform_matrix": [
        [
          -0.213639,
          0.315077,
          -0.924708,
          1.585902
        ],
        [
          0.976912,
          0.067781,
          -0.202605,
          2.660518
        ],
        [
          -0.001159,
          -0.946643,
          -0.322283,
          1.357145
        ],
        [
          0.0,
          0.0,
          0.0,
          1.0
        ]
      ]
    },
    {
      "file_path": "/media/NFS/ttao/scannet/posed_images/scene0656_01/00210.jpg",
      "transform_matrix": [
        [
          -0.193128,
          0.33955,
          -0.920547,
          1.487091
        ],
        [
          0.98095,
          0.086867,
          -0.173759,
          2.683306
        ],
        [
          0.020965,
          -0.936568,
          -0.349858,
          1.33875
        ],
        [
          0.0,
          0.0,
          0.0,
          1.0
        ]
      ]
    },
    {
      "file_path": "/media/NFS/ttao/scannet/posed_images/scene0656_01/00212.jpg",
      "transform_matrix": [
        [
          -0.1935,
          0.348396,
          -0.917158,
          1.47144
        ],
        [
          0.980948,
          0.085169,
          -0.174606,
          2.689474
        ],
        [
          0.017281,
          -0.93347,
          -0.358238,
          1.336106
        ],
        [
          0.0,
          0.0,
          0.0,
          1.0
        ]
      ]
    },
    {
      "file_path": "/media/NFS/ttao/scannet/posed_images/scene0656_01/00218.jpg",
      "transform_matrix": [
        [
          -0.162988,
          0.38094,
          -0.910121,
          1.424962
        ],
        [
          0.986628,
          0.063747,
          -0.150008,
          2.721817
        ],
        [
          0.000873,
          -0.9224,
          -0.386235,
          1.335393
        ],
        [
          0.0,
          0.0,
          0.0,
          1.0
        ]
      ]
    },
    {
      "file_path": "/media/NFS/ttao/scannet/posed_images/scene0656_01/00226.jpg",
      "transform_matrix": [
        [
          -0.099687,
          0.416351,
          -0.903722,
          1.390362
        ],
        [
          0.994915,
          0.028565,
          -0.096586,
          2.796937
        ],
        [
          -0.014398,
          -0.908755,
          -0.417082,
          1.333735
        ],
        [
          0.0,
          0.0,
          0.0,
          1.0
        ]
      ]
    },
    {
      "file_path": "/media/NFS/ttao/scannet/posed_images/scene0656_01/00232.jpg",
      "transform_matrix": [
        [
          -0.063003,
          0.437803,
          -0.896861,
          1.389845
        ],
        [
          0.997786,
          0.008444,
          -0.065971,
          2.865448
        ],
        [
          -0.021309,
          -0.899031,
          -0.437366,
          1.317201
        ],
        [
          0.0,
          0.0,
          0.0,
          1.0
        ]
      ]
    },
    {
      "file_path": "/media/NFS/ttao/scannet/posed_images/scene0656_01/00244.jpg",
      "transform_matrix": [
        [
          0.039384,
          0.475759,
          -0.878694,
          1.407744
        ],
        [
          0.998907,
          -0.040916,
          0.022619,
          2.921638
        ],
        [
          -0.025191,
          -0.878624,
          -0.47685,
          1.29347
        ],
        [
          0.0,
          0.0,
          0.0,
          1.0
        ]
      ]
    },
    {
      "file_path": "/media/NFS/ttao/scannet/posed_images/scene0656_01/00248.jpg",
      "transform_matrix": [
        [
          0.123241,
          0.487706,
          -0.864265,
          1.418223
        ],
        [
          0.992296,
          -0.07168,
          0.101049,
          2.919931
        ],
        [
          -0.012668,
          -0.87006,
          -0.492783,
          1.286495
        ],
        [
          0.0,
          0.0,
          0.0,
          1.0
        ]
      ]
    },
    {
      "file_path": "/media/NFS/ttao/scannet/posed_images/scene0656_01/00256.jpg",
      "transform_matrix": [
        [
          0.262624,
          0.495377,
          -0.828028,
          1.450051
        ],
        [
          0.964717,
          -0.118181,
          0.235275,
          2.870407
        ],
        [
          0.018692,
          -0.860601,
          -0.508936,
          1.262887
        ],
        [
          0.0,
          0.0,
          0.0,
          1.0
        ]
      ]
    },
    {
      "file_path": "/media/NFS/ttao/scannet/posed_images/scene0656_01/00260.jpg",
      "transform_matrix": [
        [
          0.317309,
          0.484434,
          -0.815254,
          1.469051
        ],
        [
          0.948251,
          -0.151576,
          0.279006,
          2.830552
        ],
        [
          0.011587,
          -0.861597,
          -0.507461,
          1.253862
        ],
        [
          0.0,
          0.0,
          0.0,
          1.0
        ]
      ]
    },
    {
      "file_path": "/media/NFS/ttao/scannet/posed_images/scene0656_01/00270.jpg",
      "transform_matrix": [
        [
          0.44427,
          0.485779,
          -0.752757,
          1.498095
        ],
        [
          0.895805,
          -0.252657,
          0.365648,
          2.758307
        ],
        [
          -0.012565,
          -0.83677,
          -0.547411,
          1.24017
        ],
        [
          0.0,
          0.0,
          0.0,
          1.0
        ]
      ]
    },
    {
      "file_path": "/media/NFS/ttao/scannet/posed_images/scene0656_01/00274.jpg",
      "transform_matrix": [
        [
          0.456137,
          0.493804,
          -0.740336,
          1.500592
        ],
        [
          0.889909,
          -0.252264,
          0.380032,
          2.733702
        ],
        [
          0.000901,
          -0.832178,
          -0.554507,
          1.23615
        ],
        [
          0.0,
          0.0,
          0.0,
          1.0
        ]
      ]
    },
    {
      "file_path": "/media/NFS/ttao/scannet/posed_images/scene0656_01/00280.jpg",
      "transform_matrix": [
        [
          0.472907,
          0.497535,
          -0.727199,
          1.511182
        ],
        [
          0.880781,
          -0.244282,
          0.40565,
          2.720264
        ],
        [
          0.024184,
          -0.832337,
          -0.553742,
          1.232392
        ],
        [
          0.0,
          0.0,
          0.0,
          1.0
        ]
      ]
    },
    {
      "file_path": "/media/NFS/ttao/scannet/posed_images/scene0656_01/00290.jpg",
      "transform_matrix": [
        [
          0.563209,
          0.489185,
          -0.665953,
          1.549129
        ],
        [
          0.82564,
          -0.300582,
          0.477462,
          2.743999
        ],
        [
          0.033394,
          -0.818748,
          -0.573181,
          1.226997
        ],
        [
          0.0,
          0.0,
          0.0,
          1.0
        ]
      ]
    },
    {
      "file_path": "/media/NFS/ttao/scannet/posed_images/scene0656_01/00294.jpg",
      "transform_matrix": [
        [
          0.572093,
          0.485697,
          -0.660914,
          1.575049
        ],
        [
          0.81987,
          -0.31619,
          0.477323,
          2.747321
        ],
        [
          0.02286,
          -0.814937,
          -0.579098,
          1.223199
        ],
        [
          0.0,
          0.0,
          0.0,
          1.0
        ]
      ]
    },
    {
      "file_path": "/media/NFS/ttao/scannet/posed_images/scene0656_01/00300.jpg",
      "transform_matrix": [
        [
          0.547753,
          0.483595,
          -0.682717,
          1.63068
        ],
        [
          0.836632,
          -0.320149,
          0.444468,
          2.744683
        ],
        [
          -0.003628,
          -0.814641,
          -0.579954,
          1.227049
        ],
        [
          0.0,
          0.0,
          0.0,
          1.0
        ]
      ]
    },
    {
      "file_path": "/media/NFS/ttao/scannet/posed_images/scene0656_01/00308.jpg",
      "transform_matrix": [
        [
          0.451673,
          0.507903,
          -0.733503,
          1.72257
        ],
        [
          0.8921,
          -0.268389,
          0.363491,
          2.717363
        ],
        [
          -0.012245,
          -0.818537,
          -0.574324,
          1.22326
        ],
        [
          0.0,
          0.0,
          0.0,
          1.0
        ]
      ]
    },
    {
      "file_path": "/media/NFS/ttao/scannet/posed_images/scene0656_01/00316.jpg",
      "transform_matrix": [
        [
          0.350519,
          0.535629,
          -0.768269,
          1.79297
        ],
        [
          0.936294,
          -0.219783,
          0.27395,
          2.695654
        ],
        [
          -0.022117,
          -0.815351,
          -0.578545,
          1.218918
        ],
        [
          0.0,
          0.0,
          0.0,
          1.0
        ]
      ]
    },
    {
      "file_path": "/media/NFS/ttao/scannet/posed_images/scene0656_01/00322.jpg",
      "transform_matrix": [
        [
          0.315096,
          0.537918,
          -0.781894,
          1.815054
        ],
        [
          0.948701,
          -0.201187,
          0.243907,
          2.669352
        ],
        [
          -0.026105,
          -0.818638,
          -0.573717,
          1.22475
        ],
        [
          0.0,
          0.0,
          0.0,
          1.0
        ]
      ]
    },
    {
      "file_path": "/media/NFS/ttao/scannet/posed_images/scene0656_01/00330.jpg",
      "transform_matrix": [
        [
          0.37669,
          0.511212,
          -0.772507,
          1.789286
        ],
        [
          0.926313,
          -0.214204,
          0.309938,
          2.675831
        ],
        [
          -0.00703,
          -0.832334,
          -0.55423,
          1.238747
        ],
        [
          0.0,
          0.0,
          0.0,
          1.0
        ]
      ]
    },
    {
      "file_path": "/media/NFS/ttao/scannet/posed_images/scene0656_01/00335.jpg",
      "transform_matrix": [
        [
          0.444151,
          0.471203,
          -0.762036,
          1.73673
        ],
        [
          0.895947,
          -0.230622,
          0.379596,
          2.675014
        ],
        [
          0.003124,
          -0.851341,
          -0.524603,
          1.249168
        ],
        [
          0.0,
          0.0,
          0.0,
          1.0
        ]
      ]
    },
    {
      "file_path": "/media/NFS/ttao/scannet/posed_images/scene0656_01/00343.jpg",
      "transform_matrix": [
        [
          0.537777,
          0.419719,
          -0.731185,
          1.618506
        ],
        [
          0.842511,
          -0.235504,
          0.484471,
          2.673581
        ],
        [
          0.031145,
          -0.87657,
          -0.480266,
          1.256576
        ],
        [
          0.0,
          0.0,
          0.0,
          1.0
        ]
      ]
    },
    {
      "file_path": "/media/NFS/ttao/scannet/posed_images/scene0656_01/00345.jpg",
      "transform_matrix": [
        [
          0.556786,
          0.410271,
          -0.722265,
          1.587123
        ],
        [
          0.830294,
          -0.24924,
          0.498488,
          2.67441
        ],
        [
          0.024498,
          -0.877244,
          -0.479419,
          1.271554
        ],
        [
          0.0,
          0.0,
          0.0,
          1.0
        ]
      ]
    },
    {
      "file_path": "/media/NFS/ttao/scannet/posed_images/scene0656_01/00351.jpg",
      "transform_matrix": [
        [
          0.608515,
          0.355022,
          -0.709696,
          1.51674
        ],
        [
          0.793519,
          -0.279032,
          0.540804,
          2.677731
        ],
        [
          -0.006031,
          -0.892245,
          -0.451511,
          1.293966
        ],
        [
          0.0,
          0.0,
          0.0,
          1.0
        ]
      ]
    },
    {
      "file_path": "/media/NFS/ttao/scannet/posed_images/scene0656_01/00361.jpg",
      "transform_matrix": [
        [
          0.693409,
          0.289112,
          -0.659999,
          1.422587
        ],
        [
          0.720544,
          -0.279195,
          0.634718,
          2.725703
        ],
        [
          -0.000764,
          -0.915677,
          -0.401914,
          1.308218
        ],
        [
          0.0,
          0.0,
          0.0,
          1.0
        ]
      ]
    },
    {
      "file_path": "/media/NFS/ttao/scannet/posed_images/scene0656_01/00369.jpg",
      "transform_matrix": [
        [
          0.734186,
          0.281924,
          -0.617649,
          1.32192
        ],
        [
          0.678371,
          -0.267071,
          0.684461,
          2.763047
        ],
        [
          0.02801,
          -0.921516,
          -0.387328,
          1.292905
        ],
        [
          0.0,
          0.0,
          0.0,
          1.0
        ]
      ]
    },
    {
      "file_path": "/media/NFS/ttao/scannet/posed_images/scene0656_01/00371.jpg",
      "transform_matrix": [
        [
          0.74128,
          0.28542,
          -0.607486,
          1.292905
        ],
        [
          0.670249,
          -0.266731,
          0.692546,
          2.781359
        ],
        [
          0.035631,
          -0.920538,
          -0.389025,
          1.291287
        ],
        [
          0.0,
          0.0,
          0.0,
          1.0
        ]
      ]
    },
    {
      "file_path": "/media/NFS/ttao/scannet/posed_images/scene0656_01/00379.jpg",
      "transform_matrix": [
        [
          0.788171,
          0.278585,
          -0.548796,
          1.171469
        ],
        [
          0.613345,
          -0.281735,
          0.737857,
          2.823722
        ],
        [
          0.050941,
          -0.918159,
          -0.392924,
          1.312625
        ],
        [
          0.0,
          0.0,
          0.0,
          1.0
        ]
      ]
    },
    {
      "file_path": "/media/NFS/ttao/scannet/posed_images/scene0656_01/00389.jpg",
      "transform_matrix": [
        [
          0.866598,
          0.227556,
          -0.444102,
          1.050535
        ],
        [
          0.497875,
          -0.33436,
          0.800203,
          2.863686
        ],
        [
          0.033601,
          -0.914561,
          -0.40305,
          1.315283
        ],
        [
          0.0,
          0.0,
          0.0,
          1.0
        ]
      ]
    },
    {
      "file_path": "/media/NFS/ttao/scannet/posed_images/scene0656_01/00395.jpg",
      "transform_matrix": [
        [
          0.918327,
          0.189686,
          -0.347412,
          0.975306
        ],
        [
          0.394909,
          -0.379444,
          0.836702,
          2.884506
        ],
        [
          0.026887,
          -0.905562,
          -0.423362,
          1.319053
        ],
        [
          0.0,
          0.0,
          0.0,
          1.0
        ]
      ]
    },
    {
      "file_path": "/media/NFS/ttao/scannet/posed_images/scene0656_01/00403.jpg",
      "transform_matrix": [
        [
          0.941514,
          0.156139,
          -0.298615,
          0.872282
        ],
        [
          0.336756,
          -0.404265,
          0.850391,
          2.889939
        ],
        [
          0.01206,
          -0.901216,
          -0.433202,
          1.320432
        ],
        [
          0.0,
          0.0,
          0.0,
          1.0
        ]
      ]
    },
    {
      "file_path": "/media/NFS/ttao/scannet/posed_images/scene0656_01/00405.jpg",
      "transform_matrix": [
        [
          0.945396,
          0.157651,
          -0.285259,
          0.854804
        ],
        [
          0.325549,
          -0.414813,
          0.849675,
          2.89252
        ],
        [
          0.015623,
          -0.896145,
          -0.443485,
          1.316519
        ],
        [
          0.0,
          0.0,
          0.0,
          1.0
        ]
      ]
    },
    {
      "file_path": "/media/NFS/ttao/scannet/posed_images/scene0656_01/00411.jpg",
      "transform_matrix": [
        [
          0.958606,
          0.151781,
          -0.240909,
          0.829695
        ],
        [
          0.283459,
          -0.428669,
          0.857843,
          2.896942
        ],
        [
          0.026934,
          -0.890621,
          -0.453948,
          1.314899
        ],
        [
          0.0,
          0.0,
          0.0,
          1.0
        ]
      ]
    },
    {
      "file_path": "/media/NFS/ttao/scannet/posed_images/scene0656_01/00423.jpg",
      "transform_matrix": [
        [
          0.972883,
          0.134305,
          -0.188311,
          0.833039
        ],
        [
          0.229231,
          -0.451274,
          0.862441,
          2.899493
        ],
        [
          0.03085,
          -0.882221,
          -0.469824,
          1.306032
        ],
        [
          0.0,
          0.0,
          0.0,
          1.0
        ]
      ]
    },
    {
      "file_path": "/media/NFS/ttao/scannet/posed_images/scene0656_01/00427.jpg",
      "transform_matrix": [
        [
          0.973899,
          0.136625,
          -0.181254,
          0.835557
        ],
        [
          0.224207,
          -0.454633,
          0.861997,
          2.894369
        ],
        [
          0.035367,
          -0.880138,
          -0.4734,
          1.304833
        ],
        [
          0.0,
          0.0,
          0.0,
          1.0
        ]
      ]
    },
    {
      "file_path": "/media/NFS/ttao/scannet/posed_images/scene0656_01/00433.jpg",
      "transform_matrix": [
        [
          0.973047,
          0.137991,
          -0.184761,
          0.855245
        ],
        [
          0.228251,
          -0.462165,
          0.856916,
          2.884409
        ],
        [
          0.032856,
          -0.875992,
          -0.481205,
          1.300049
        ],
        [
          0.0,
          0.0,
          0.0,
          1.0
        ]
      ]
    },
    {
      "file_path": "/media/NFS/ttao/scannet/posed_images/scene0656_01/00437.jpg",
      "transform_matrix": [
        [
          0.970911,
          0.137942,
          -0.195711,
          0.877696
        ],
        [
          0.238048,
          -0.468149,
          0.850982,
          2.876502
        ],
        [
          0.025764,
          -0.872817,
          -0.487368,
          1.297405
        ],
        [
          0.0,
          0.0,
          0.0,
          1.0
        ]
      ]
    },
    {
      "file_path": "/media/NFS/ttao/scannet/posed_images/scene0656_01/00445.jpg",
      "transform_matrix": [
        [
          0.956934,
          0.146378,
          -0.250699,
          0.957327
        ],
        [
          0.290254,
          -0.466296,
          0.835656,
          2.85911
        ],
        [
          0.005422,
          -0.872434,
          -0.488702,
          1.291316
        ],
        [
          0.0,
          0.0,
          0.0,
          1.0
        ]
      ]
    },
    {
      "file_path": "/media/NFS/ttao/scannet/posed_images/scene0656_01/00455.jpg",
      "transform_matrix": [
        [
          0.904604,
          0.222684,
          -0.363459,
          1.111853
        ],
        [
          0.425704,
          -0.428783,
          0.796819,
          2.832599
        ],
        [
          0.021594,
          -0.875533,
          -0.482676,
          1.268319
        ],
        [
          0.0,
          0.0,
          0.0,
          1.0
        ]
      ]
    },
    {
      "file_path": "/media/NFS/ttao/scannet/posed_images/scene0656_01/00463.jpg",
      "transform_matrix": [
        [
          0.876812,
          0.238622,
          -0.417446,
          1.206909
        ],
        [
          0.480804,
          -0.444795,
          0.755636,
          2.801799
        ],
        [
          -0.005367,
          -0.86326,
          -0.504732,
          1.275395
        ],
        [
          0.0,
          0.0,
          0.0,
          1.0
        ]
      ]
    },
    {
      "file_path": "/media/NFS/ttao/scannet/posed_images/scene0656_01/00469.jpg",
      "transform_matrix": [
        [
          0.890059,
          0.224565,
          -0.396693,
          1.25706
        ],
        [
          0.455778,
          -0.453348,
          0.765991,
          2.771097
        ],
        [
          -0.007825,
          -0.862582,
          -0.505858,
          1.275026
        ],
        [
          0.0,
          0.0,
          0.0,
          1.0
        ]
      ]
    },
    {
      "file_path": "/media/NFS/ttao/scannet/posed_images/scene0656_01/00471.jpg",
      "transform_matrix": [
        [
          0.891008,
          0.221492,
          -0.396291,
          1.272681
        ],
        [
          0.453881,
          -0.453584,
          0.766977,
          2.761708
        ],
        [
          -0.009872,
          -0.863251,
          -0.504678,
          1.27469
        ],
        [
          0.0,
          0.0,
          0.0,
          1.0
        ]
      ]
    },
    {
      "file_path": "/media/NFS/ttao/scannet/posed_images/scene0656_01/00483.jpg",
      "transform_matrix": [
        [
          0.924387,
          0.195422,
          -0.327597,
          1.351716
        ],
        [
          0.381456,
          -0.472124,
          0.794726,
          2.683959
        ],
        [
          0.000641,
          -0.859599,
          -0.51097,
          1.26533
        ],
        [
          0.0,
          0.0,
          0.0,
          1.0
        ]
      ]
    },
    {
      "file_path": "/media/NFS/ttao/scannet/posed_images/scene0656_01/00485.jpg",
      "transform_matrix": [
        [
          0.926762,
          0.184897,
          -0.326995,
          1.358164
        ],
        [
          0.375546,
          -0.476514,
          0.794921,
          2.675333
        ],
        [
          -0.008839,
          -0.859504,
          -0.511052,
          1.267107
        ],
        [
          0.0,
          0.0,
          0.0,
          1.0
        ]
      ]
    },
    {
      "file_path": "/media/NFS/ttao/scannet/posed_images/scene0656_01/00495.jpg",
      "transform_matrix": [
        [
          0.916253,
          0.205202,
          -0.344054,
          1.370561
        ],
        [
          0.400601,
          -0.468668,
          0.787318,
          2.659348
        ],
        [
          0.000312,
          -0.85921,
          -0.511622,
          1.264239
        ],
        [
          0.0,
          0.0,
          0.0,
          1.0
        ]
      ]
    },
    {
      "file_path": "/media/NFS/ttao/scannet/posed_images/scene0656_01/00497.jpg",
      "transform_matrix": [
        [
          0.912441,
          0.214311,
          -0.348601,
          1.36664
        ],
        [
          0.409196,
          -0.470893,
          0.781549,
          2.663108
        ],
        [
          0.003341,
          -0.855764,
          -0.517357,
          1.262279
        ],
        [
          0.0,
          0.0,
          0.0,
          1.0
        ]
      ]
    },
    {
      "file_path": "/media/NFS/ttao/scannet/posed_images/scene0656_01/00505.jpg",
      "transform_matrix": [
        [
          0.903104,
          0.221536,
          -0.367864,
          1.341179
        ],
        [
          0.429284,
          -0.487427,
          0.760349,
          2.668212
        ],
        [
          -0.010862,
          -0.844593,
          -0.5353,
          1.255373
        ],
        [
          0.0,
          0.0,
          0.0,
          1.0
        ]
      ]
    },
    {
      "file_path": "/media/NFS/ttao/scannet/posed_images/scene0656_01/00515.jpg",
      "transform_matrix": [
        [
          0.926042,
          0.19296,
          -0.324366,
          1.210947
        ],
        [
          0.377395,
          -0.483505,
          0.789808,
          2.661655
        ],
        [
          -0.004432,
          -0.853809,
          -0.520568,
          1.253354
        ],
