{
  "frames": [
    {
      "file_path": "/media/NFS/ttao/scannet/posed_images/scene0317_00/00002.jpg",
      "transform_matrix": [
        [
          -0.875436,
          -0.244643,
          0.416847,
          2.446685
        ],
        [
          -0.477703,
          0.306682,
          -0.823253,
          5.634862
        ],
        [
          0.073564,
          -0.919835,
          -0.385347,
          1.882538
        ],
        [
          0.0,
          0.0,
          0.0,
          1.0
        ]
      ]
    },
    {
      "file_path": "/media/NFS/ttao/scannet/posed_images/scene0317_00/00005.jpg",
      "transform_matrix": [
        [
          -0.875338,
          -0.248712,
          0.41464,
          2.444142
        ],
        [
          -0.477462,
          0.30939,
          -0.822379,
          5.630688
        ],
        [
          0.07625,
          -0.917835,
          -0.389571,
          1.883001
        ],
        [
          0.0,
          0.0,
          0.0,
          1.0
        ]
      ]
    },
    {
      "file_path": "/media/NFS/ttao/scannet/posed_images/scene0317_00/00009.jpg",
      "transform_matrix": [
        [
          -0.875359,
          -0.255717,
          0.410311,
          2.445641
        ],
        [
          -0.476238,
          0.309785,
          -0.822941,
          5.628374
        ],
        [
          0.083332,
          -0.915774,
          -0.392955,
          1.879258
        ],
        [
          0.0,
          0.0,
          0.0,
          1.0
        ]
      ]
    },
    {
      "file_path": "/media/NFS/ttao/scannet/posed_images/scene0317_00/00011.jpg",
      "transform_matrix": [
        [
          -0.865993,
          -0.270218,
          0.420759,
          2.423469
        ],
        [
          -0.491649,
          0.306453,
          -0.815088,
          5.587384
        ],
        [
          0.091308,
          -0.912726,
          -0.398238,
          1.885807
        ],
        [
          0.0,
          0.0,
          0.0,
          1.0
        ]
      ]
    },
    {
      "file_path": "/media/NFS/ttao/scannet/posed_images/scene0317_00/00017.jpg",
      "transform_matrix": [
        [
          -0.863764,
          -0.280088,
          0.418882,
          2.435307
        ],
        [
          -0.494594,
          0.31226,
          -0.811092,
          5.566887
        ],
        [
          0.096377,
          -0.907769,
          -0.408249,
          1.88147
        ],
        [
          0.0,
          0.0,
          0.0,
          1.0
        ]
      ]
    },
    {
      "file_path": "/media/NFS/ttao/scannet/posed_images/scene0317_00/00020.jpg",
      "transform_matrix": [
        [
          -0.861533,
          -0.291829,
          0.415448,
          2.448129
        ],
        [
          -0.496729,
          0.315297,
          -0.808609,
          5.54458
        ],
        [
          0.104986,
          -0.903008,
          -0.416599,
          1.879807
        ],
        [
          0.0,
          0.0,
          0.0,
          1.0
        ]
      ]
    },
    {
      "file_path": "/media/NFS/ttao/scannet/posed_images/scene0317_00/00025.jpg",
      "transform_matrix": [
        [
          -0.859697,
          -0.287519,
          0.422202,
          2.476082
        ],
        [
          -0.499582,
          0.300953,
          -0.812309,
          5.497296
        ],
        [
          0.106491,
          -0.909264,
          -0.402368,
          1.878178
        ],
        [
          0.0,
          0.0,
          0.0,
          1.0
        ]
      ]
    },
    {
      "file_path": "/media/NFS/ttao/scannet/posed_images/scene0317_00/00027.jpg",
      "transform_matrix": [
        [
          -0.860636,
          -0.286791,
          0.420781,
          2.487902
        ],
        [
          -0.497487,
          0.297177,
          -0.81498,
          5.474123
        ],
        [
          0.108682,
          -0.910734,
          -0.398436,
          1.876098
        ],
        [
          0.0,
          0.0,
          0.0,
          1.0
        ]
      ]
    },
    {
      "file_path": "/media/NFS/ttao/scannet/posed_images/scene0317_00/00033.jpg",
      "transform_matrix": [
        [
          -0.880991,
          -0.264942,
          0.391995,
          2.577846
        ],
        [
          -0.458157,
          0.270922,
          -0.846577,
          5.380373
        ],
        [
          0.118094,
          -0.925423,
          -0.360065,
          1.877673
        ],
        [
          0.0,
          0.0,
          0.0,
          1.0
        ]
      ]
    },
    {
      "file_path": "/media/NFS/ttao/scannet/posed_images/scene0317_00/00037.jpg",
      "transform_matrix": [
        [
          -0.890145,
          -0.242259,
          0.385944,
          2.62556
        ],
        [
          -0.443914,
          0.269818,
          -0.854481,
          5.307828
        ],
        [
          0.102871,
          -0.931938,
          -0.34772,
          1.87967
        ],
        [
          0.0,
          0.0,
          0.0,
          1.0
        ]
      ]
    },
    {
      "file_path": "/media/NFS/ttao/scannet/posed_images/scene0317_00/00039.jpg",
      "transform_matrix": [
        [
          -0.893655,
          -0.2375,
          0.380755,
          2.654492
        ],
        [
          -0.438493,
          0.281734,
          -0.853434,
          5.277276
        ],
        [
          0.095419,
          -0.929634,
          -0.355915,
          1.879824
        ],
        [
          0.0,
          0.0,
          0.0,
          1.0
        ]
      ]
    },
    {
      "file_path": "/media/NFS/ttao/scannet/posed_images/scene0317_00/00043.jpg",
      "transform_matrix": [
        [
          -0.899935,
          -0.223657,
          0.374291,
          2.706155
        ],
        [
          -0.426672,
          0.274892,
          -0.861618,
          5.215228
        ],
        [
          0.089817,
          -0.9351,
          -0.342813,
          1.872563
        ],
        [
          0.0,
          0.0,
          0.0,
          1.0
        ]
      ]
    },
    {
      "file_path": "/media/NFS/ttao/scannet/posed_images/scene0317_00/00047.jpg",
      "transform_matrix": [
        [
          -0.904172,
          -0.22626,
          0.362326,
          2.749366
        ],
        [
          -0.418746,
          0.301858,
          -0.856466,
          5.134349
        ],
        [
          0.084413,
          -0.926115,
          -0.367677,
          1.870261
        ],
        [
          0.0,
          0.0,
          0.0,
          1.0
        ]
      ]
    },
    {
      "file_path": "/media/NFS/ttao/scannet/posed_images/scene0317_00/00053.jpg",
      "transform_matrix": [
        [
          -0.891433,
          -0.219977,
          0.396179,
          2.799065
        ],
        [
          -0.447323,
          0.287376,
          -0.846946,
          5.008593
        ],
        [
          0.072456,
          -0.932215,
          -0.354577,
          1.847501
        ],
        [
          0.0,
          0.0,
          0.0,
          1.0
        ]
      ]
    },
    {
      "file_path": "/media/NFS/ttao/scannet/posed_images/scene0317_00/00056.jpg",
      "transform_matrix": [
        [
          -0.874585,
          -0.234298,
          0.424506,
          2.814327
        ],
        [
          -0.479211,
          0.284284,
          -0.830385,
          4.930347
        ],
        [
          0.073877,
          -0.92967,
          -0.360909,
          1.8363
        ],
        [
          0.0,
          0.0,
          0.0,
          1.0
        ]
      ]
    },
    {
      "file_path": "/media/NFS/ttao/scannet/posed_images/scene0317_00/00059.jpg",
      "transform_matrix": [
        [
          -0.853973,
          -0.252962,
          0.454688,
          2.828785
        ],
        [
          -0.513754,
          0.271574,
          -0.81382,
          4.848232
        ],
        [
          0.082384,
          -0.928578,
          -0.361877,
          1.833141
        ],
        [
          0.0,
          0.0,
          0.0,
          1.0
        ]
      ]
    },
    {
      "file_path": "/media/NFS/ttao/scannet/posed_images/scene0317_00/00065.jpg",
      "transform_matrix": [
        [
          -0.792272,
          -0.326072,
          0.515734,
          2.859727
        ],
        [
          -0.599317,
          0.257167,
          -0.758079,
          4.689629
        ],
        [
          0.114558,
          -0.909693,
          -0.399168,
          1.845494
        ],
        [
          0.0,
          0.0,
          0.0,
          1.0
        ]
      ]
    },
    {
      "file_path": "/media/NFS/ttao/scannet/posed_images/scene0317_00/00066.jpg",
      "transform_matrix": [
        [
          -0.785086,
          -0.330426,
          0.523889,
          2.861466
        ],
        [
          -0.60866,
          0.254832,
          -0.751395,
          4.667368
        ],
        [
          0.114776,
          -0.908779,
          -0.401182,
          1.843173
        ],
        [
          0.0,
          0.0,
          0.0,
          1.0
        ]
      ]
    },
    {
      "file_path": "/media/NFS/ttao/scannet/posed_images/scene0317_00/00070.jpg",
      "transform_matrix": [
        [
          -0.755838,
          -0.340813,
          0.559066,
          2.877375
        ],
        [
          -0.64505,
          0.241103,
          -0.725107,
          4.577282
        ],
        [
          0.112334,
          -0.908689,
          -0.402076,
          1.836048
        ],
        [
          0.0,
          0.0,
          0.0,
          1.0
        ]
      ]
    },
    {
      "file_path": "/media/NFS/ttao/scannet/posed_images/scene0317_00/00075.jpg",
      "transform_matrix": [
        [
          -0.721333,
          -0.360524,
          0.591354,
          2.919459
        ],
        [
          -0.684711,
          0.242814,
          -0.687177,
          4.476727
        ],
        [
          0.104155,
          -0.900591,
          -0.422005,
          1.816926
        ],
        [
          0.0,
          0.0,
          0.0,
          1.0
        ]
      ]
    },
    {
      "file_path": "/media/NFS/ttao/scannet/posed_images/scene0317_00/00081.jpg",
      "transform_matrix": [
        [
          -0.648895,
          -0.374185,
          0.662511,
          2.984474
        ],
        [
          -0.754394,
          0.20296,
          -0.624258,
          4.356635
        ],
        [
          0.099124,
          -0.904872,
          -0.413982,
          1.800295
        ],
        [
          0.0,
          0.0,
          0.0,
          1.0
        ]
      ]
    },
    {
      "file_path": "/media/NFS/ttao/scannet/posed_images/scene0317_00/00082.jpg",
      "transform_matrix": [
        [
          -0.636052,
          -0.373616,
          0.675166,
          2.993597
        ],
        [
          -0.765982,
          0.199881,
          -0.610998,
          4.338675
        ],
        [
          0.093326,
          -0.905792,
          -0.413318,
          1.794093
        ],
        [
          0.0,
          0.0,
          0.0,
          1.0
        ]
      ]
    },
    {
      "file_path": "/media/NFS/ttao/scannet/posed_images/scene0317_00/00089.jpg",
      "transform_matrix": [
        [
          -0.561836,
          -0.395005,
          0.72685,
          3.06787
        ],
        [
          -0.825383,
          0.208692,
          -0.524586,
          4.210757
        ],
        [
          0.055526,
          -0.894661,
          -0.443281,
          1.783174
        ],
        [
          0.0,
          0.0,
          0.0,
          1.0
        ]
      ]
    },
    {
      "file_path": "/media/NFS/ttao/scannet/posed_images/scene0317_00/00091.jpg",
      "transform_matrix": [
        [
          -0.536207,
          -0.404858,
          0.740657,
          3.092664
        ],
        [
          -0.842739,
          0.207213,
          -0.496843,
          4.175776
        ],
        [
          0.047677,
          -0.890591,
          -0.452299,
          1.785406
        ],
        [
          0.0,
          0.0,
          0.0,
          1.0
        ]
      ]
    },
    {
      "file_path": "/media/NFS/ttao/scannet/posed_images/scene0317_00/00095.jpg",
      "transform_matrix": [
        [
          -0.469761,
          -0.425158,
          0.77367,
          3.130186
        ],
        [
          -0.882221,
          0.194538,
          -0.428766,
          4.105129
        ],
        [
          0.031785,
          -0.883966,
          -0.46647,
          1.775187
        ],
        [
          0.0,
          0.0,
          0.0,
          1.0
        ]
      ]
    },
    {
      "file_path": "/media/NFS/ttao/scannet/posed_images/scene0317_00/00100.jpg",
      "transform_matrix": [
        [
          -0.384401,
          -0.445429,
          0.808597,
          3.180703
        ],
        [
          -0.922159,
          0.144371,
          -0.358858,
          4.023494
        ],
        [
          0.043108,
          -0.8836,
          -0.466253,
          1.763079
        ],
        [
          0.0,
          0.0,
          0.0,
          1.0
        ]
      ]
    },
    {
      "file_path": "/media/NFS/ttao/scannet/posed_images/scene0317_00/00103.jpg",
      "transform_matrix": [
        [
          -0.32777,
          -0.441701,
          0.835145,
          3.198386
        ],
        [
          -0.943299,
          0.103906,
          -0.315263,
          3.972389
        ],
        [
          0.052475,
          -0.891125,
          -0.450713,
          1.755739
        ],
        [
          0.0,
          0.0,
          0.0,
          1.0
        ]
      ]
    },
    {
      "file_path": "/media/NFS/ttao/scannet/posed_images/scene0317_00/00108.jpg",
      "transform_matrix": [
        [
          -0.220631,
          -0.462273,
          0.858851,
          3.237391
        ],
        [
          -0.973,
          0.043136,
          -0.226738,
          3.891717
        ],
        [
          0.067768,
          -0.885688,
          -0.459309,
          1.755708
        ],
        [
          0.0,
          0.0,
          0.0,
          1.0
        ]
      ]
    },
    {
      "file_path": "/media/NFS/ttao/scannet/posed_images/scene0317_00/00113.jpg",
      "transform_matrix": [
        [
          -0.120106,
          -0.500477,
          0.857378,
          3.287292
        ],
        [
          -0.990901,
          0.007591,
          -0.13438,
          3.835608
        ],
        [
          0.060746,
          -0.865717,
          -0.496835,
          1.738775
        ],
        [
          0.0,
          0.0,
          0.0,
          1.0
        ]
      ]
    },
    {
      "file_path": "/media/NFS/ttao/scannet/posed_images/scene0317_00/00115.jpg",
      "transform_matrix": [
        [
          -0.082959,
          -0.508489,
          0.857063,
          3.310992
        ],
        [
          -0.995041,
          -0.005096,
          -0.099338,
          3.807135
        ],
        [
          0.05488,
          -0.861054,
          -0.505544,
          1.73241
        ],
        [
          0.0,
          0.0,
          0.0,
          1.0
        ]
      ]
    },
    {
      "file_path": "/media/NFS/ttao/scannet/posed_images/scene0317_00/00117.jpg",
      "transform_matrix": [
        [
          -0.042489,
          -0.510729,
          0.858691,
          3.339307
        ],
        [
          -0.997611,
          -0.025164,
          -0.06433,
          3.783802
        ],
        [
          0.054463,
          -0.859374,
          -0.50844,
          1.727961
        ],
        [
          0.0,
          0.0,
          0.0,
          1.0
        ]
      ]
    },
    {
      "file_path": "/media/NFS/ttao/scannet/posed_images/scene0317_00/00123.jpg",
      "transform_matrix": [
        [
          0.076001,
          -0.499791,
          0.862805,
          3.408958
        ],
        [
          -0.996656,
          -0.06413,
          0.050644,
          3.712793
        ],
        [
          0.03002,
          -0.863769,
          -0.502993,
          1.714682
        ],
        [
          0.0,
          0.0,
          0.0,
          1.0
        ]
      ]
    },
    {
      "file_path": "/media/NFS/ttao/scannet/posed_images/scene0317_00/00128.jpg",
      "transform_matrix": [
        [
          0.17007,
          -0.507619,
          0.84463,
          3.474494
        ],
        [
          -0.985347,
          -0.098861,
          0.138989,
          3.6638
        ],
        [
          0.012947,
          -0.855891,
          -0.516994,
          1.721784
        ],
        [
          0.0,
          0.0,
          0.0,
          1.0
        ]
      ]
    },
    {
      "file_path": "/media/NFS/ttao/scannet/posed_images/scene0317_00/00130.jpg",
      "transform_matrix": [
        [
          0.211336,
          -0.524223,
          0.82494,
          3.50252
        ],
        [
          -0.977377,
          -0.106061,
          0.18299,
          3.639438
        ],
        [
          -0.008434,
          -0.84495,
          -0.534778,
          1.720381
        ],
        [
          0.0,
          0.0,
          0.0,
          1.0
        ]
      ]
    },
    {
      "file_path": "/media/NFS/ttao/scannet/posed_images/scene0317_00/00134.jpg",
      "transform_matrix": [
        [
          0.282905,
          -0.521559,
          0.804948,
          3.55741
        ],
        [
          -0.958675,
          -0.127407,
          0.254381,
          3.592325
        ],
        [
          -0.030119,
          -0.843649,
          -0.536049,
          1.715824
        ],
        [
          0.0,
          0.0,
          0.0,
          1.0
        ]
      ]
    },
    {
      "file_path": "/media/NFS/ttao/scannet/posed_images/scene0317_00/00138.jpg",
      "transform_matrix": [
        [
          0.359339,
          -0.520966,
          0.774254,
          3.615319
        ],
        [
          -0.931492,
          -0.149958,
          0.331414,
          3.535158
        ],
        [
          -0.056549,
          -0.840302,
          -0.539161,
          1.703113
        ],
        [
          0.0,
          0.0,
          0.0,
          1.0
        ]
      ]
    },
    {
      "file_path": "/media/NFS/ttao/scannet/posed_images/scene0317_00/00142.jpg",
      "transform_matrix": [
        [
          0.441157,
          -0.496817,
          0.747364,
          3.694936
        ],
        [
          -0.895758,
          -0.192961,
          0.400479,
          3.441934
        ],
        [
          -0.054752,
          -0.846132,
          -0.530154,
          1.687303
        ],
        [
          0.0,
          0.0,
          0.0,
          1.0
        ]
      ]
    },
    {
      "file_path": "/media/NFS/ttao/scannet/posed_images/scene0317_00/00148.jpg",
      "transform_matrix": [
        [
          0.524964,
          -0.464458,
          0.713226,
          3.796965
        ],
        [
          -0.850806,
          -0.263457,
          0.454663,
          3.351779
        ],
        [
          -0.023267,
          -0.845499,
          -0.53347,
          1.681559
        ],
        [
          0.0,
          0.0,
          0.0,
          1.0
        ]
      ]
    },
    {
      "file_path": "/media/NFS/ttao/scannet/posed_images/scene0317_00/00149.jpg",
      "transform_matrix": [
        [
          0.534266,
          -0.459242,
          0.709688,
          3.812393
        ],
        [
          -0.845057,
          -0.269365,
          0.461867,
          3.340951
        ],
        [
          -0.020944,
          -0.846486,
          -0.531998,
          1.680321
        ],
        [
          0.0,
          0.0,
          0.0,
          1.0
        ]
      ]
    },
    {
      "file_path": "/media/NFS/ttao/scannet/posed_images/scene0317_00/00155.jpg",
      "transform_matrix": [
        [
          0.600651,
          -0.428627,
          0.674905,
          3.937832
        ],
        [
          -0.799113,
          -0.295219,
          0.523702,
          3.269122
        ],
        [
          -0.025228,
          -0.853888,
          -0.519845,
          1.662552
        ],
        [
          0.0,
          0.0,
          0.0,
          1.0
        ]
      ]
    },
    {
      "file_path": "/media/NFS/ttao/scannet/posed_images/scene0317_00/00158.jpg",
      "transform_matrix": [
        [
          0.629596,
          -0.418822,
          0.654367,
          4.007742
        ],
        [
          -0.776522,
          -0.31221,
          0.5473,
          3.260208
        ],
        [
          -0.024921,
          -0.852709,
          -0.521791,
          1.654466
        ],
        [
          0.0,
          0.0,
          0.0,
          1.0
        ]
      ]
    },
    {
      "file_path": "/media/NFS/ttao/scannet/posed_images/scene0317_00/00164.jpg",
      "transform_matrix": [
        [
          0.668765,
          -0.374648,
          0.642178,
          4.142334
        ],
        [
          -0.743123,
          -0.310309,
          0.592854,
          3.253301
        ],
        [
          -0.022838,
          -0.873698,
          -0.485933,
          1.643629
        ],
        [
          0.0,
          0.0,
          0.0,
          1.0
        ]
      ]
    },
    {
      "file_path": "/media/NFS/ttao/scannet/posed_images/scene0317_00/00168.jpg",
      "transform_matrix": [
        [
          0.688516,
          -0.363827,
          0.627356,
          4.242696
        ],
        [
          -0.72467,
          -0.311427,
          0.614709,
          3.259629
        ],
        [
          -0.028272,
          -0.877863,
          -0.478076,
          1.654211
        ],
        [
          0.0,
          0.0,
          0.0,
          1.0
        ]
      ]
    },
    {
      "file_path": "/media/NFS/ttao/scannet/posed_images/scene0317_00/00170.jpg",
      "transform_matrix": [
        [
          0.696851,
          -0.369137,
          0.614928,
          4.285544
        ],
        [
          -0.716365,
          -0.316467,
          0.621827,
          3.263138
        ],
        [
          -0.034934,
          -0.873834,
          -0.484967,
          1.653834
        ],
        [
          0.0,
          0.0,
          0.0,
          1.0
        ]
      ]
    },
    {
      "file_path": "/media/NFS/ttao/scannet/posed_images/scene0317_00/00173.jpg",
      "transform_matrix": [
        [
          0.716095,
          -0.367406,
          0.593482,
          4.353848
        ],
        [
          -0.69615,
          -0.31401,
          0.645579,
          3.269469
        ],
        [
          -0.05083,
          -0.875448,
          -0.480631,
          1.653014
        ],
        [
          0.0,
          0.0,
          0.0,
          1.0
        ]
      ]
    },
    {
      "file_path": "/media/NFS/ttao/scannet/posed_images/scene0317_00/00178.jpg",
      "transform_matrix": [
        [
          0.763839,
          -0.341542,
          0.547629,
          4.460759
        ],
        [
          -0.641521,
          -0.308822,
          0.702196,
          3.280581
        ],
        [
          -0.07071,
          -0.887681,
          -0.454997,
          1.641789
        ],
        [
          0.0,
          0.0,
          0.0,
          1.0
        ]
      ]
    },
    {
      "file_path": "/media/NFS/ttao/scannet/posed_images/scene0317_00/00184.jpg",
      "transform_matrix": [
        [
          0.827499,
          -0.295943,
          0.477141,
          4.607958
        ],
        [
          -0.556317,
          -0.317324,
          0.767995,
          3.287697
        ],
        [
          -0.075875,
          -0.900957,
          -0.427223,
          1.627045
        ],
        [
          0.0,
          0.0,
          0.0,
          1.0
        ]
      ]
    },
    {
      "file_path": "/media/NFS/ttao/scannet/posed_images/scene0317_00/00187.jpg",
      "transform_matrix": [
        [
          0.851401,
          -0.2782,
          0.444658,
          4.679305
        ],
        [
          -0.5206,
          -0.344837,
          0.781065,
          3.303103
        ],
        [
          -0.063958,
          -0.896489,
          -0.438426,
          1.623127
        ],
        [
          0.0,
          0.0,
          0.0,
          1.0
        ]
      ]
    },
    {
      "file_path": "/media/NFS/ttao/scannet/posed_images/scene0317_00/00192.jpg",
      "transform_matrix": [
        [
          0.883577,
          -0.267319,
          0.38449,
          4.80403
        ],
        [
          -0.462939,
          -0.374894,
          0.803207,
          3.317449
        ],
        [
          -0.070569,
          -0.887691,
          -0.455,
          1.616108
        ],
        [
          0.0,
          0.0,
          0.0,
          1.0
        ]
      ]
    },
    {
      "file_path": "/media/NFS/ttao/scannet/posed_images/scene0317_00/00196.jpg",
      "transform_matrix": [
        [
          0.898302,
          -0.255074,
          0.357758,
          4.888691
        ],
        [
          -0.432847,
          -0.373877,
          0.82028,
          3.34722
        ],
        [
          -0.075475,
          -0.891714,
          -0.446263,
          1.609125
        ],
        [
          0.0,
          0.0,
          0.0,
          1.0
        ]
      ]
    },
    {
      "file_path": "/media/NFS/ttao/scannet/posed_images/scene0317_00/00197.jpg",
      "transform_matrix": [
        [
          0.901748,
          -0.250952,
          0.351958,
          4.907008
        ],
        [
          -0.425704,
          -0.374267,
          0.823833,
          3.361099
        ],
        [
          -0.075017,
          -0.892719,
          -0.444325,
          1.60851
        ],
        [
          0.0,
          0.0,
          0.0,
          1.0
        ]
      ]
    },
    {
      "file_path": "/media/NFS/ttao/scannet/posed_images/scene0317_00/00200.jpg",
      "transform_matrix": [
        [
          0.915197,
          -0.236341,
          0.326429,
          4.967673
        ],
        [
          -0.395072,
          -0.366223,
          0.842495,
          3.38723
        ],
        [
          -0.079571,
          -0.900013,
          -0.428539,
          1.593403
        ],
        [
          0.0,
          0.0,
          0.0,
          1.0
        ]
      ]
    },
    {
      "file_path": "/media/NFS/ttao/scannet/posed_images/scene0317_00/00205.jpg",
      "transform_matrix": [
        [
          0.940842,
          -0.204389,
          0.270262,
          5.062723
        ],
        [
          -0.32982,
          -0.369532,
          0.868714,
          3.456869
        ],
        [
          -0.077686,
          -0.906461,
          -0.415083,
          1.58886
        ],
        [
          0.0,
          0.0,
          0.0,
          1.0
        ]
      ]
    },
    {
      "file_path": "/media/NFS/ttao/scannet/posed_images/scene0317_00/00209.jpg",
      "transform_matrix": [
        [
          0.946785,
          -0.208596,
          0.245122,
          5.141997
        ],
        [
          -0.308845,
          -0.374359,
          0.874339,
          3.52115
        ],
        [
          -0.09062,
          -0.903517,
          -0.418862,
          1.593168
        ],
        [
          0.0,
          0.0,
          0.0,
          1.0
        ]
      ]
    },
    {
      "file_path": "/media/NFS/ttao/scannet/posed_images/scene0317_00/00215.jpg",
      "transform_matrix": [
        [
          0.954573,
          -0.219027,
          0.202034,
          5.256816
        ],
        [
          -0.275241,
          -0.38835,
          0.879447,
          3.61839
        ],
        [
          -0.114163,
          -0.895104,
          -0.430994,
          1.587398
        ],
        [
          0.0,
          0.0,
          0.0,
          1.0
        ]
      ]
    },
    {
      "file_path": "/media/NFS/ttao/scannet/posed_images/scene0317_00/00217.jpg",
      "transform_matrix": [
        [
          0.959085,
          -0.215282,
          0.183872,
          5.291532
        ],
        [
          -0.257095,
          -0.390273,
          0.884075,
          3.652397
        ],
        [
          -0.118565,
          -0.895177,
          -0.429653,
          1.576996
        ],
        [
          0.0,
          0.0,
          0.0,
          1.0
        ]
      ]
    },
    {
      "file_path": "/media/NFS/ttao/scannet/posed_images/scene0317_00/00222.jpg",
      "transform_matrix": [
        [
          0.974273,
          -0.179264,
          0.136588,
          5.385828
        ],
        [
          -0.197566,
          -0.38773,
          0.900352,
          3.746942
        ],
        [
          -0.108441,
          -0.904174,
          -0.413171,
          1.557844
        ],
        [
          0.0,
          0.0,
          0.0,
          1.0
        ]
      ]
    },
    {
      "file_path": "/media/NFS/ttao/scannet/posed_images/scene0317_00/00225.jpg",
      "transform_matrix": [
        [
          0.981318,
          -0.160303,
          0.106386,
          5.442105
        ],
        [
          -0.161367,
          -0.384677,
          0.908837,
          3.799936
        ],
        [
          -0.104765,
          -0.909025,
          -0.403358,
          1.546524
        ],
        [
          0.0,
          0.0,
          0.0,
          1.0
        ]
      ]
    },
    {
      "file_path": "/media/NFS/ttao/scannet/posed_images/scene0317_00/00231.jpg",
      "transform_matrix": [
        [
          0.994184,
          -0.10597,
          0.019177,
          5.539426
        ],
        [
          -0.062551,
          -0.42327,
          0.903842,
          3.929582
        ],
        [
          -0.087663,
          -0.899785,
          -0.427437,
          1.551561
        ],
        [
          0.0,
          0.0,
          0.0,
          1.0
        ]
      ]
    },
    {
      "file_path": "/media/NFS/ttao/scannet/posed_images/scene0317_00/00235.jpg",
      "transform_matrix": [
        [
          0.9962,
          -0.085823,
          -0.014816,
          5.595176
        ],
        [
          -0.023321,
          -0.42677,
          0.904059,
          4.02198
        ],
        [
          -0.083912,
          -0.900279,
          -0.42715,
          1.547123
        ],
        [
          0.0,
          0.0,
          0.0,
          1.0
        ]
      ]
    },
    {
      "file_path": "/media/NFS/ttao/scannet/posed_images/scene0317_00/00236.jpg",
      "transform_matrix": [
        [
          0.996572,
          -0.08016,
          -0.020457,
          5.607815
        ],
        [
          -0.015741,
          -0.426498,
          0.904351,
          4.045794
        ],
        [
          -0.081218,
          -0.90093,
          -0.426298,
          1.545507
        ],
        [
          0.0,
          0.0,
          0.0,
          1.0
        ]
      ]
    },
    {
      "file_path": "/media/NFS/ttao/scannet/posed_images/scene0317_00/00241.jpg",
      "transform_matrix": [
        [
          0.996917,
          -0.06678,
          -0.041189,
          5.645522
        ],
        [
          0.011013,
          -0.40067,
          0.916156,
          4.171535
        ],
        [
          -0.077684,
          -0.913786,
          -0.398699,
          1.530907
        ],
        [
          0.0,
          0.0,
          0.0,
          1.0
        ]
      ]
    },
    {
      "file_path": "/media/NFS/ttao/scannet/posed_images/scene0317_00/00247.jpg",
      "transform_matrix": [
        [
          0.994168,
          -0.052751,
          -0.094062,
          5.702336
        ],
        [
          0.065184,
          -0.400915,
          0.913793,
          4.32901
        ],
        [
          -0.085914,
          -0.914595,
          -0.395139,
          1.535703
        ],
        [
          0.0,
          0.0,
          0.0,
          1.0
        ]
      ]
    },
    {
      "file_path": "/media/NFS/ttao/scannet/posed_images/scene0317_00/00248.jpg",
      "transform_matrix": [
        [
          0.993383,
          -0.050025,
          -0.103382,
          5.710804
        ],
        [
          0.074388,
          -0.40557,
          0.911032,
          4.356466
        ],
        [
          -0.087503,
          -0.912694,
          -0.399165,
          1.535236
        ],
        [
          0.0,
          0.0,
          0.0,
          1.0
        ]
      ]
    },
    {
      "file_path": "/media/NFS/ttao/scannet/posed_images/scene0317_00/00254.jpg",
      "transform_matrix": [
        [
          0.98555,
          -0.030312,
          -0.16665,
          5.740588
        ],
        [
          0.138327,
          -0.423793,
          0.895134,
          4.498344
        ],
        [
          -0.097758,
          -0.905252,
          -0.413476,
          1.540174
        ],
        [
          0.0,
          0.0,
          0.0,
          1.0
        ]
      ]
    },
    {
      "file_path": "/media/NFS/ttao/scannet/posed_images/scene0317_00/00257.jpg",
      "transform_matrix": [
        [
          0.974606,
          -0.008792,
          -0.223755,
          5.766059
        ],
        [
          0.198491,
          -0.428636,
          0.881404,
          4.574149
        ],
        [
          -0.103659,
          -0.903435,
          -0.416005,
          1.532087
        ],
        [
          0.0,
          0.0,
          0.0,
          1.0
        ]
      ]
    },
    {
      "file_path": "/media/NFS/ttao/scannet/posed_images/scene0317_00/00260.jpg",
      "transform_matrix": [
        [
          0.960746,
          0.018363,
          -0.276819,
          5.784315
        ],
        [
          0.259359,
          -0.413656,
          0.872709,
          4.644333
        ],
        [
          -0.098483,
          -0.910248,
          -0.402181,
          1.52227
        ],
        [
          0.0,
          0.0,
          0.0,
          1.0
        ]
      ]
    },
    {
      "file_path": "/media/NFS/ttao/scannet/posed_images/scene0317_00/00266.jpg",
      "transform_matrix": [
        [
          0.915327,
          0.103066,
          -0.389298,
          5.829058
        ],
        [
          0.397801,
          -0.381883,
          0.834218,
          4.772472
        ],
        [
          -0.062687,
          -0.918446,
          -0.390548,
          1.515059
        ],
        [
          0.0,
          0.0,
          0.0,
          1.0
        ]
      ]
    },
    {
      "file_path": "/media/NFS/ttao/scannet/posed_images/scene0317_00/00270.jpg",
      "transform_matrix": [
        [
          0.874238,
          0.162472,
          -0.457504,
          5.836642
        ],
        [
          0.483275,
          -0.381264,
          0.788088,
          4.861071
        ],
        [
          -0.046388,
          -0.910077,
          -0.411835,
          1.522882
        ],
        [
          0.0,
          0.0,
          0.0,
          1.0
        ]
      ]
    },
    {
      "file_path": "/media/NFS/ttao/scannet/posed_images/scene0317_00/00273.jpg",
      "transform_matrix": [
        [
          0.844715,
          0.184068,
          -0.502569,
          5.839274
        ],
        [
          0.533741,
          -0.359379,
          0.765484,
          4.921408
        ],
        [
          -0.039711,
          -0.914858,
          -0.401818,
          1.523216
        ],
        [
          0.0,
          0.0,
          0.0,
          1.0
        ]
      ]
    },
    {
      "file_path": "/media/NFS/ttao/scannet/posed_images/scene0317_00/00279.jpg",
      "transform_matrix": [
        [
          0.782047,
          0.202628,
          -0.589359,
          5.823664
        ],
        [
          0.621629,
          -0.321133,
          0.714458,
          5.053937
        ],
        [
          -0.044494,
          -0.925103,
          -0.3771,
          1.520384
        ],
        [
          0.0,
          0.0,
          0.0,
          1.0
        ]
      ]
    },
    {
      "file_path": "/media/NFS/ttao/scannet/posed_images/scene0317_00/00282.jpg",
      "transform_matrix": [
        [
          -Infinity,
          -Infinity,
          -Infinity,
          -Infinity
        ],
        [
          -Infinity,
          -Infinity,
          -Infinity,
          -Infinity
        ],
        [
          -Infinity,
          -Infinity,
          -Infinity,
          -Infinity
        ],
        [
          -Infinity,
          -Infinity,
          -Infinity,
          -Infinity
        ]
      ]
    },
    {
      "file_path": "/media/NFS/ttao/scannet/posed_images/scene0317_00/00283.jpg",
      "transform_matrix": [
        [
          -Infinity,
          -Infinity,
          -Infinity,
          -Infinity
        ],
        [
          -Infinity,
          -Infinity,
          -Infinity,
          -Infinity
        ],
        [
          -Infinity,
          -Infinity,
          -Infinity,
          -Infinity
        ],
        [
          -Infinity,
          -Infinity,
          -Infinity,
          -Infinity
        ]
      ]
    },
    {
      "file_path": "/media/NFS/ttao/scannet/posed_images/scene0317_00/00289.jpg",
      "transform_matrix": [
        [
          -Infinity,
          -Infinity,
          -Infinity,
          -Infinity
        ],
        [
          -Infinity,
          -Infinity,
          -Infinity,
          -Infinity
        ],
        [
          -Infinity,
          -Infinity,
          -Infinity,
          -Infinity
        ],
        [
          -Infinity,
          -Infinity,
          -Infinity,
          -Infinity
        ]
      ]
    },
    {
      "file_path": "/media/NFS/ttao/scannet/posed_images/scene0317_00/00292.jpg",
      "transform_matrix": [
        [
          -Infinity,
          -Infinity,
          -Infinity,
          -Infinity
        ],
        [
          -Infinity,
          -Infinity,
          -Infinity,
          -Infinity
        ],
        [
          -Infinity,
          -Infinity,
          -Infinity,
          -Infinity
        ],
        [
          -Infinity,
          -Infinity,
          -Infinity,
          -Infinity
        ]
      ]
    },
    {
      "file_path": "/media/NFS/ttao/scannet/posed_images/scene0317_00/00298.jpg",
      "transform_matrix": [
        [
          -Infinity,
          -Infinity,
          -Infinity,
          -Infinity
        ],
        [
          -Infinity,
          -Infinity,
          -Infinity,
          -Infinity
        ],
        [
          -Infinity,
          -Infinity,
          -Infinity,
          -Infinity
        ],
        [
          -Infinity,
          -Infinity,
          -Infinity,
          -Infinity
        ]
      ]
    },
    {
      "file_path": "/media/NFS/ttao/scannet/posed_images/scene0317_00/00300.jpg",
      "transform_matrix": [
        [
          -Infinity,
          -Infinity,
          -Infinity,
          -Infinity
        ],
        [
          -Infinity,
          -Infinity,
          -Infinity,
          -Infinity
        ],
        [
          -Infinity,
          -Infinity,
          -Infinity,
          -Infinity
        ],
        [
          -Infinity,
          -Infinity,
          -Infinity,
          -Infinity
        ]
      ]
    },
    {
      "file_path": "/media/NFS/ttao/scannet/posed_images/scene0317_00/00306.jpg",
      "transform_matrix": [
        [
          -Infinity,
          -Infinity,
