{
  "frames": [
    {
      "file_path": "/media/NFS/ttao/scannet/posed_images/scene0466_00/00000.jpg",
      "transform_matrix": [
        [
          0.994052,
          -0.102518,
          0.036746,
          1.197117
        ],
        [
          -0.082725,
          -0.491366,
          0.867015,
          2.94909
        ],
        [
          -0.070829,
          -0.864898,
          -0.496925,
          2.183252
        ],
        [
          0.0,
          0.0,
          0.0,
          1.0
        ]
      ]
    },
    {
      "file_path": "/media/NFS/ttao/scannet/posed_images/scene0466_00/00006.jpg",
      "transform_matrix": [
        [
          0.993671,
          -0.101116,
          0.048921,
          1.203351
        ],
        [
          -0.092977,
          -0.496009,
          0.863325,
          2.941125
        ],
        [
          -0.063031,
          -0.86241,
          -0.502271,
          2.181372
        ],
        [
          0.0,
          0.0,
          0.0,
          1.0
        ]
      ]
    },
    {
      "file_path": "/media/NFS/ttao/scannet/posed_images/scene0466_00/00008.jpg",
      "transform_matrix": [
        [
          0.99343,
          -0.102543,
          0.050812,
          1.208954
        ],
        [
          -0.095198,
          -0.494038,
          0.864213,
          2.936825
        ],
        [
          -0.063516,
          -0.863372,
          -0.500554,
          2.181435
        ],
        [
          0.0,
          0.0,
          0.0,
          1.0
        ]
      ]
    },
    {
      "file_path": "/media/NFS/ttao/scannet/posed_images/scene0466_00/00011.jpg",
      "transform_matrix": [
        [
          0.993011,
          -0.105005,
          0.053882,
          1.210708
        ],
        [
          -0.099547,
          -0.499936,
          0.860322,
          2.933906
        ],
        [
          -0.063401,
          -0.859673,
          -0.506895,
          2.178495
        ],
        [
          0.0,
          0.0,
          0.0,
          1.0
        ]
      ]
    },
    {
      "file_path": "/media/NFS/ttao/scannet/posed_images/scene0466_00/00018.jpg",
      "transform_matrix": [
        [
          0.995353,
          -0.076861,
          0.058006,
          1.219219
        ],
        [
          -0.088776,
          -0.499157,
          0.861952,
          2.933331
        ],
        [
          -0.037296,
          -0.863096,
          -0.503661,
          2.172979
        ],
        [
          0.0,
          0.0,
          0.0,
          1.0
        ]
      ]
    },
    {
      "file_path": "/media/NFS/ttao/scannet/posed_images/scene0466_00/00021.jpg",
      "transform_matrix": [
        [
          0.995393,
          -0.079643,
          0.053387,
          1.224132
        ],
        [
          -0.085765,
          -0.490657,
          0.867122,
          2.926799
        ],
        [
          -0.042866,
          -0.867706,
          -0.495227,
          2.178385
        ],
        [
          0.0,
          0.0,
          0.0,
          1.0
        ]
      ]
    },
    {
      "file_path": "/media/NFS/ttao/scannet/posed_images/scene0466_00/00023.jpg",
      "transform_matrix": [
        [
          0.994874,
          -0.083888,
          0.056465,
          1.222864
        ],
        [
          -0.090007,
          -0.480105,
          0.872581,
          2.932891
        ],
        [
          -0.04609,
          -0.873191,
          -0.485194,
          2.184788
        ],
        [
          0.0,
          0.0,
          0.0,
          1.0
        ]
      ]
    },
    {
      "file_path": "/media/NFS/ttao/scannet/posed_images/scene0466_00/00029.jpg",
      "transform_matrix": [
        [
          0.990218,
          -0.116826,
          0.076288,
          1.249107
        ],
        [
          -0.120085,
          -0.435149,
          0.892314,
          2.92062
        ],
        [
          -0.071049,
          -0.892747,
          -0.444922,
          2.196414
        ],
        [
          0.0,
          0.0,
          0.0,
          1.0
        ]
      ]
    },
    {
      "file_path": "/media/NFS/ttao/scannet/posed_images/scene0466_00/00033.jpg",
      "transform_matrix": [
        [
          0.986908,
          -0.118446,
          0.109469,
          1.266206
        ],
        [
          -0.149016,
          -0.409983,
          0.899838,
          2.920254
        ],
        [
          -0.061702,
          -0.90437,
          -0.422265,
          2.202996
        ],
        [
          0.0,
          0.0,
          0.0,
          1.0
        ]
      ]
    },
    {
      "file_path": "/media/NFS/ttao/scannet/posed_images/scene0466_00/00035.jpg",
      "transform_matrix": [
        [
          0.98516,
          -0.122474,
          0.12025,
          1.280008
        ],
        [
          -0.160499,
          -0.409061,
          0.898281,
          2.916028
        ],
        [
          -0.060827,
          -0.90425,
          -0.422648,
          2.203267
        ],
        [
          0.0,
          0.0,
          0.0,
          1.0
        ]
      ]
    },
    {
      "file_path": "/media/NFS/ttao/scannet/posed_images/scene0466_00/00042.jpg",
      "transform_matrix": [
        [
          0.976011,
          -0.125795,
          0.177702,
          1.304017
        ],
        [
          -0.213764,
          -0.39877,
          0.891789,
          2.922906
        ],
        [
          -0.04132,
          -0.908382,
          -0.416095,
          2.214648
        ],
        [
          0.0,
          0.0,
          0.0,
          1.0
        ]
      ]
    },
    {
      "file_path": "/media/NFS/ttao/scannet/posed_images/scene0466_00/00046.jpg",
      "transform_matrix": [
        [
          0.968492,
          -0.128326,
          0.213436,
          1.319695
        ],
        [
          -0.246758,
          -0.378618,
          0.892053,
          2.929689
        ],
        [
          -0.033663,
          -0.916614,
          -0.398354,
          2.227723
        ],
        [
          0.0,
          0.0,
          0.0,
          1.0
        ]
      ]
    },
    {
      "file_path": "/media/NFS/ttao/scannet/posed_images/scene0466_00/00048.jpg",
      "transform_matrix": [
        [
          0.965543,
          -0.132299,
          0.224104,
          1.32928
        ],
        [
          -0.257906,
          -0.371328,
          0.891964,
          2.925733
        ],
        [
          -0.03479,
          -0.919028,
          -0.392654,
          2.230722
        ],
        [
          0.0,
          0.0,
          0.0,
          1.0
        ]
      ]
    },
    {
      "file_path": "/media/NFS/ttao/scannet/posed_images/scene0466_00/00054.jpg",
      "transform_matrix": [
        [
          0.952345,
          -0.144654,
          0.26854,
          1.349752
        ],
        [
          -0.302732,
          -0.34057,
          0.890149,
          2.926446
        ],
        [
          -0.037307,
          -0.929025,
          -0.368131,
          2.242595
        ],
        [
          0.0,
          0.0,
          0.0,
          1.0
        ]
      ]
    },
    {
      "file_path": "/media/NFS/ttao/scannet/posed_images/scene0466_00/00058.jpg",
      "transform_matrix": [
        [
          0.943052,
          -0.147853,
          0.29798,
          1.363568
        ],
        [
          -0.330973,
          -0.327374,
          0.885033,
          2.921715
        ],
        [
          -0.033304,
          -0.933256,
          -0.357666,
          2.245995
        ],
        [
          0.0,
          0.0,
          0.0,
          1.0
        ]
      ]
    },
    {
      "file_path": "/media/NFS/ttao/scannet/posed_images/scene0466_00/00059.jpg",
      "transform_matrix": [
        [
          0.941388,
          -0.150629,
          0.301826,
          1.368951
        ],
        [
          -0.335504,
          -0.325257,
          0.884107,
          2.918654
        ],
        [
          -0.035001,
          -0.933552,
          -0.356729,
          2.246096
        ],
        [
          0.0,
          0.0,
          0.0,
          1.0
        ]
      ]
    },
    {
      "file_path": "/media/NFS/ttao/scannet/posed_images/scene0466_00/00064.jpg",
      "transform_matrix": [
        [
          0.930476,
          -0.163963,
          0.327614,
          1.381485
        ],
        [
          -0.364467,
          -0.323682,
          0.873151,
          2.912572
        ],
        [
          -0.037122,
          -0.931851,
          -0.360938,
          2.24071
        ],
        [
          0.0,
          0.0,
          0.0,
          1.0
        ]
      ]
    },
    {
      "file_path": "/media/NFS/ttao/scannet/posed_images/scene0466_00/00070.jpg",
      "transform_matrix": [
        [
          0.902763,
          -0.203083,
          0.379177,
          1.409915
        ],
        [
          -0.428028,
          -0.336943,
          0.838607,
          2.903985
        ],
        [
          -0.042546,
          -0.919362,
          -0.391106,
          2.225364
        ],
        [
          0.0,
          0.0,
          0.0,
          1.0
        ]
      ]
    },
    {
      "file_path": "/media/NFS/ttao/scannet/posed_images/scene0466_00/00073.jpg",
      "transform_matrix": [
        [
          0.886423,
          -0.223493,
          0.405347,
          1.420956
        ],
        [
          -0.460652,
          -0.340191,
          0.819798,
          2.893493
        ],
        [
          -0.045324,
          -0.913412,
          -0.404505,
          2.211874
        ],
        [
          0.0,
          0.0,
          0.0,
          1.0
        ]
      ]
    },
    {
      "file_path": "/media/NFS/ttao/scannet/posed_images/scene0466_00/00076.jpg",
      "transform_matrix": [
        [
          0.869435,
          -0.241116,
          0.431213,
          1.434057
        ],
        [
          -0.492075,
          -0.34473,
          0.799389,
          2.88898
        ],
        [
          -0.044094,
          -0.907207,
          -0.418368,
          2.202313
        ],
        [
          0.0,
          0.0,
          0.0,
          1.0
        ]
      ]
    },
    {
      "file_path": "/media/NFS/ttao/scannet/posed_images/scene0466_00/00082.jpg",
      "transform_matrix": [
        [
          0.836821,
          -0.268764,
          0.476965,
          1.452807
        ],
        [
          -0.546619,
          -0.361439,
          0.75536,
          2.88093
        ],
        [
          -0.03062,
          -0.89282,
          -0.449372,
          2.186091
        ],
        [
          0.0,
          0.0,
          0.0,
          1.0
        ]
      ]
    },
    {
      "file_path": "/media/NFS/ttao/scannet/posed_images/scene0466_00/00087.jpg",
      "transform_matrix": [
        [
          0.808068,
          -0.2975,
          0.508449,
          1.46125
        ],
        [
          -0.588306,
          -0.36306,
          0.722553,
          2.872185
        ],
        [
          -0.030362,
          -0.882996,
          -0.468398,
          2.178503
        ],
        [
          0.0,
          0.0,
          0.0,
          1.0
        ]
      ]
    },
    {
      "file_path": "/media/NFS/ttao/scannet/posed_images/scene0466_00/00091.jpg",
      "transform_matrix": [
        [
          0.792843,
          -0.315986,
          0.521107,
          1.462677
        ],
        [
          -0.608479,
          -0.362807,
          0.70578,
          2.872772
        ],
        [
          -0.033955,
          -0.876655,
          -0.479919,
          2.176548
        ],
        [
          0.0,
          0.0,
          0.0,
          1.0
        ]
      ]
    },
    {
      "file_path": "/media/NFS/ttao/scannet/posed_images/scene0466_00/00092.jpg",
      "transform_matrix": [
        [
          0.790239,
          -0.320304,
          0.522425,
          1.46365
        ],
        [
          -0.6117,
          -0.361274,
          0.703778,
          2.869204
        ],
        [
          -0.036684,
          -0.875721,
          -0.481423,
          2.174369
        ],
        [
          0.0,
          0.0,
          0.0,
          1.0
        ]
      ]
    },
    {
      "file_path": "/media/NFS/ttao/scannet/posed_images/scene0466_00/00099.jpg",
      "transform_matrix": [
        [
          0.757614,
          -0.354955,
          0.547747,
          1.471557
        ],
        [
          -0.651797,
          -0.367257,
          0.663538,
          2.857951
        ],
        [
          -0.034362,
          -0.859726,
          -0.509598,
          2.155863
        ],
        [
          0.0,
          0.0,
          0.0,
          1.0
        ]
      ]
    },
    {
      "file_path": "/media/NFS/ttao/scannet/posed_images/scene0466_00/00100.jpg",
      "transform_matrix": [
        [
          0.750865,
          -0.358669,
          0.55458,
          1.465889
        ],
        [
          -0.65972,
          -0.367695,
          0.655415,
          2.864343
        ],
        [
          -0.031161,
          -0.857996,
          -0.512711,
          2.152638
        ],
        [
          0.0,
          0.0,
          0.0,
          1.0
        ]
      ]
    },
    {
      "file_path": "/media/NFS/ttao/scannet/posed_images/scene0466_00/00104.jpg",
      "transform_matrix": [
        [
          0.729805,
          -0.378708,
          0.569179,
          1.48282
        ],
        [
          -0.683322,
          -0.378061,
          0.624613,
          2.853703
        ],
        [
          -0.021362,
          -0.844778,
          -0.53469,
          2.128977
        ],
        [
          0.0,
          0.0,
          0.0,
          1.0
        ]
      ]
    },
    {
      "file_path": "/media/NFS/ttao/scannet/posed_images/scene0466_00/00108.jpg",
      "transform_matrix": [
        [
          0.707919,
          -0.404694,
          0.578855,
          1.511652
        ],
        [
          -0.705866,
          -0.376856,
          0.599778,
          2.859798
        ],
        [
          -0.024581,
          -0.833188,
          -0.552443,
          2.117864
        ],
        [
          0.0,
          0.0,
          0.0,
          1.0
        ]
      ]
    },
    {
      "file_path": "/media/NFS/ttao/scannet/posed_images/scene0466_00/00112.jpg",
      "transform_matrix": [
        [
          0.687508,
          -0.417917,
          0.593868,
          1.547952
        ],
        [
          -0.726022,
          -0.37866,
          0.574029,
          2.868479
        ],
        [
          -0.015023,
          -0.82581,
          -0.563748,
          2.10704
        ],
        [
          0.0,
          0.0,
          0.0,
          1.0
        ]
      ]
    },
    {
      "file_path": "/media/NFS/ttao/scannet/posed_images/scene0466_00/00116.jpg",
      "transform_matrix": [
        [
          0.648627,
          -0.422938,
          0.632776,
          1.594587
        ],
        [
          -0.761098,
          -0.364222,
          0.536723,
          2.869307
        ],
        [
          0.00347,
          -0.829738,
          -0.558142,
          2.088367
        ],
        [
          0.0,
          0.0,
          0.0,
          1.0
        ]
      ]
    },
    {
      "file_path": "/media/NFS/ttao/scannet/posed_images/scene0466_00/00121.jpg",
      "transform_matrix": [
        [
          0.594505,
          -0.461559,
          0.658428,
          1.649379
        ],
        [
          -0.804084,
          -0.337521,
          0.489417,
          2.882765
        ],
        [
          -0.003662,
          -0.820392,
          -0.57179,
          2.084467
        ],
        [
          0.0,
          0.0,
          0.0,
          1.0
        ]
      ]
    },
    {
      "file_path": "/media/NFS/ttao/scannet/posed_images/scene0466_00/00125.jpg",
      "transform_matrix": [
        [
          0.555903,
          -0.469654,
          0.685855,
          1.687071
        ],
        [
          -0.830832,
          -0.287863,
          0.47629,
          2.874612
        ],
        [
          -0.026259,
          -0.834602,
          -0.550228,
          2.082279
        ],
        [
          0.0,
          0.0,
          0.0,
          1.0
        ]
      ]
    },
    {
      "file_path": "/media/NFS/ttao/scannet/posed_images/scene0466_00/00131.jpg",
      "transform_matrix": [
        [
          0.470017,
          -0.496528,
          0.729756,
          1.742643
        ],
        [
          -0.882272,
          -0.239863,
          0.405045,
          2.866765
        ],
        [
          -0.026075,
          -0.834222,
          -0.550812,
          2.068798
        ],
        [
          0.0,
          0.0,
          0.0,
          1.0
        ]
      ]
    },
    {
      "file_path": "/media/NFS/ttao/scannet/posed_images/scene0466_00/00132.jpg",
      "transform_matrix": [
        [
          0.450673,
          -0.50147,
          0.738527,
          1.74433
        ],
        [
          -0.892392,
          -0.231742,
          0.38721,
          2.868616
        ],
        [
          -0.023026,
          -0.833561,
          -0.551948,
          2.064111
        ],
        [
          0.0,
          0.0,
          0.0,
          1.0
        ]
      ]
    },
    {
      "file_path": "/media/NFS/ttao/scannet/posed_images/scene0466_00/00137.jpg",
      "transform_matrix": [
        [
          0.356984,
          -0.528641,
          0.77013,
          1.788253
        ],
        [
          -0.934109,
          -0.203452,
          0.293338,
          2.883122
        ],
        [
          0.001614,
          -0.824103,
          -0.566438,
          2.060148
        ],
        [
          0.0,
          0.0,
          0.0,
          1.0
        ]
      ]
    },
    {
      "file_path": "/media/NFS/ttao/scannet/posed_images/scene0466_00/00143.jpg",
      "transform_matrix": [
        [
          0.219359,
          -0.54305,
          0.810542,
          1.815515
        ],
        [
          -0.975473,
          -0.106524,
          0.192625,
          2.904435
        ],
        [
          -0.018263,
          -0.832916,
          -0.553098,
          2.060218
        ],
        [
          0.0,
          0.0,
          0.0,
          1.0
        ]
      ]
    },
    {
      "file_path": "/media/NFS/ttao/scannet/posed_images/scene0466_00/00144.jpg",
      "transform_matrix": [
        [
          0.2013,
          -0.541416,
          0.816301,
          1.813935
        ],
        [
          -0.979363,
          -0.09586,
          0.177931,
          2.911357
        ],
        [
          -0.018084,
          -0.835272,
          -0.54954,
          2.053719
        ],
        [
          0.0,
          0.0,
          0.0,
          1.0
        ]
      ]
    },
    {
      "file_path": "/media/NFS/ttao/scannet/posed_images/scene0466_00/00149.jpg",
      "transform_matrix": [
        [
          0.120778,
          -0.55454,
          0.823346,
          1.819962
        ],
        [
          -0.992666,
          -0.063124,
          0.1031,
          2.926405
        ],
        [
          -0.0052,
          -0.829759,
          -0.558097,
          2.039865
        ],
        [
          0.0,
          0.0,
          0.0,
          1.0
        ]
      ]
    },
    {
      "file_path": "/media/NFS/ttao/scannet/posed_images/scene0466_00/00154.jpg",
      "transform_matrix": [
        [
          0.030915,
          -0.565783,
          0.823974,
          1.831716
        ],
        [
          -0.999518,
          -0.019939,
          0.023811,
          2.925754
        ],
        [
          0.002958,
          -0.824313,
          -0.566126,
          2.031487
        ],
        [
          0.0,
          0.0,
          0.0,
          1.0
        ]
      ]
    },
    {
      "file_path": "/media/NFS/ttao/scannet/posed_images/scene0466_00/00156.jpg",
      "transform_matrix": [
        [
          -0.00426,
          -0.567358,
          0.82346,
          1.831968
        ],
        [
          -0.999979,
          -0.001608,
          -0.006281,
          2.92409
        ],
        [
          0.004888,
          -0.82347,
          -0.56734,
          2.02649
        ],
        [
          0.0,
          0.0,
          0.0,
          1.0
        ]
      ]
    },
    {
      "file_path": "/media/NFS/ttao/scannet/posed_images/scene0466_00/00161.jpg",
      "transform_matrix": [
        [
          -0.095707,
          -0.56852,
          0.817084,
          1.833445
        ],
        [
          -0.99529,
          0.041952,
          -0.087391,
          2.904886
        ],
        [
          0.015405,
          -0.821599,
          -0.569857,
          2.020525
        ],
        [
          0.0,
          0.0,
          0.0,
          1.0
        ]
      ]
    },
    {
      "file_path": "/media/NFS/ttao/scannet/posed_images/scene0466_00/00167.jpg",
      "transform_matrix": [
        [
          -0.201208,
          -0.556376,
          0.806202,
          1.839811
        ],
        [
          -0.979234,
          0.093406,
          -0.179932,
          2.878863
        ],
        [
          0.024806,
          -0.825664,
          -0.563616,
          2.022127
        ],
        [
          0.0,
          0.0,
          0.0,
          1.0
        ]
      ]
    },
    {
      "file_path": "/media/NFS/ttao/scannet/posed_images/scene0466_00/00172.jpg",
      "transform_matrix": [
        [
          -0.289088,
          -0.531314,
          0.796325,
          1.8484
        ],
        [
          -0.956623,
          0.129002,
          -0.26121,
          2.837426
        ],
        [
          0.036057,
          -0.837296,
          -0.54556,
          2.034487
        ],
        [
          0.0,
          0.0,
          0.0,
          1.0
        ]
      ]
    },
    {
      "file_path": "/media/NFS/ttao/scannet/posed_images/scene0466_00/00175.jpg",
      "transform_matrix": [
        [
          -0.329715,
          -0.514774,
          0.791388,
          1.847797
        ],
        [
          -0.94293,
          0.138191,
          -0.302963,
          2.831517
        ],
        [
          0.046595,
          -0.846115,
          -0.53096,
          2.031513
        ],
        [
          0.0,
          0.0,
          0.0,
          1.0
        ]
      ]
    },
    {
      "file_path": "/media/NFS/ttao/scannet/posed_images/scene0466_00/00177.jpg",
      "transform_matrix": [
        [
          -0.351211,
          -0.509979,
          0.785221,
          1.845136
        ],
        [
          -0.934853,
          0.144453,
          -0.32432,
          2.815435
        ],
        [
          0.051968,
          -0.847971,
          -0.527489,
          2.035141
        ],
        [
          0.0,
          0.0,
          0.0,
          1.0
        ]
      ]
    },
    {
      "file_path": "/media/NFS/ttao/scannet/posed_images/scene0466_00/00181.jpg",
      "transform_matrix": [
        [
          -0.396672,
          -0.488307,
          0.777308,
          1.847814
        ],
        [
          -0.916118,
          0.156955,
          -0.368909,
          2.810543
        ],
        [
          0.058138,
          -0.858441,
          -0.509606,
          2.035657
        ],
        [
          0.0,
          0.0,
          0.0,
          1.0
        ]
      ]
    },
    {
      "file_path": "/media/NFS/ttao/scannet/posed_images/scene0466_00/00185.jpg",
      "transform_matrix": [
        [
          -0.440259,
          -0.460482,
          0.770797,
          1.846486
        ],
        [
          -0.895801,
          0.167013,
          -0.411883,
          2.792257
        ],
        [
          0.060932,
          -0.871816,
          -0.486029,
          2.046115
        ],
        [
          0.0,
          0.0,
          0.0,
          1.0
        ]
      ]
    },
    {
      "file_path": "/media/NFS/ttao/scannet/posed_images/scene0466_00/00191.jpg",
      "transform_matrix": [
        [
          -0.494867,
          -0.42285,
          0.759148,
          1.844573
        ],
        [
          -0.866487,
          0.174139,
          -0.467842,
          2.782442
        ],
        [
          0.065629,
          -0.889311,
          -0.45257,
          2.058014
        ],
        [
          0.0,
          0.0,
          0.0,
          1.0
        ]
      ]
    },
    {
      "file_path": "/media/NFS/ttao/scannet/posed_images/scene0466_00/00193.jpg",
      "transform_matrix": [
        [
          -0.506362,
          -0.410563,
          0.758311,
          1.841795
        ],
        [
          -0.859712,
          0.171995,
          -0.480951,
          2.778375
        ],
        [
          0.067035,
          -0.895464,
          -0.440057,
          2.057175
        ],
        [
          0.0,
          0.0,
          0.0,
          1.0
        ]
      ]
    },
    {
      "file_path": "/media/NFS/ttao/scannet/posed_images/scene0466_00/00197.jpg",
      "transform_matrix": [
        [
          -0.527029,
          -0.400303,
          0.749665,
          1.845608
        ],
        [
          -0.845882,
          0.161972,
          -0.508182,
          2.775002
        ],
        [
          0.082002,
          -0.901955,
          -0.423973,
          2.064394
        ],
        [
          0.0,
          0.0,
          0.0,
          1.0
        ]
      ]
    },
    {
      "file_path": "/media/NFS/ttao/scannet/posed_images/scene0466_00/00202.jpg",
      "transform_matrix": [
        [
          -0.563226,
          -0.385066,
          0.731096,
          1.837706
        ],
        [
          -0.820792,
          0.1587,
          -0.54874,
          2.76118
        ],
        [
          0.095277,
          -0.909142,
          -0.405443,
          2.066435
        ],
        [
          0.0,
          0.0,
          0.0,
          1.0
        ]
      ]
    },
    {
      "file_path": "/media/NFS/ttao/scannet/posed_images/scene0466_00/00204.jpg",
      "transform_matrix": [
        [
          -0.576782,
          -0.386068,
          0.719913,
          1.837322
        ],
        [
          -0.810623,
          0.161471,
          -0.562865,
          2.757744
        ],
        [
          0.101059,
          -0.908229,
          -0.406089,
          2.063586
        ],
        [
          0.0,
          0.0,
          0.0,
          1.0
        ]
      ]
    },
    {
      "file_path": "/media/NFS/ttao/scannet/posed_images/scene0466_00/00209.jpg",
      "transform_matrix": [
        [
          -0.614381,
          -0.387951,
          0.687044,
          1.833141
        ],
        [
          -0.781534,
          0.179648,
          -0.597437,
          2.741468
        ],
        [
          0.10835,
          -0.904003,
          -0.41357,
          2.063774
        ],
        [
          0.0,
          0.0,
          0.0,
          1.0
        ]
      ]
    },
    {
      "file_path": "/media/NFS/ttao/scannet/posed_images/scene0466_00/00215.jpg",
      "transform_matrix": [
        [
          -0.662709,
          -0.370015,
          0.65108,
          1.824476
        ],
        [
          -0.741429,
          0.201873,
          -0.639945,
          2.714025
        ],
        [
          0.105354,
          -0.906827,
          -0.408123,
          2.067802
        ],
        [
          0.0,
          0.0,
          0.0,
          1.0
        ]
      ]
    },
    {
      "file_path": "/media/NFS/ttao/scannet/posed_images/scene0466_00/00216.jpg",
      "transform_matrix": [
        [
          -0.668619,
          -0.365472,
          0.647594,
          1.823516
        ],
        [
          -0.736312,
          0.203725,
          -0.645244,
          2.711477
        ],
        [
          0.103887,
          -0.908255,
          -0.405316,
          2.069722
        ],
        [
          0.0,
          0.0,
          0.0,
          1.0
        ]
      ]
    },
    {
      "file_path": "/media/NFS/ttao/scannet/posed_images/scene0466_00/00222.jpg",
      "transform_matrix": [
        [
          -0.681303,
          -0.32716,
          0.654822,
          1.818387
        ],
        [
          -0.725995,
          0.187638,
          -0.661607,
          2.709672
        ],
        [
          0.093582,
          -0.926153,
          -0.365355,
          2.080024
        ],
        [
          0.0,
          0.0,
          0.0,
          1.0
        ]
      ]
    },
    {
      "file_path": "/media/NFS/ttao/scannet/posed_images/scene0466_00/00227.jpg",
      "transform_matrix": [
        [
          -0.684949,
          -0.295597,
          0.665933,
          1.816237
        ],
        [
          -0.722334,
          0.155982,
          -0.673723,
          2.712881
        ],
        [
          0.095277,
          -0.942492,
          -0.32036,
          2.095186
        ],
        [
          0.0,
          0.0,
          0.0,
          1.0
        ]
      ]
    },
    {
      "file_path": "/media/NFS/ttao/scannet/posed_images/scene0466_00/00229.jpg",
      "transform_matrix": [
        [
          -0.683582,
          -0.291602,
          0.669092,
          1.816763
        ],
        [
          -0.72382,
          0.153016,
          -0.672808,
          2.712354
        ],
        [
          0.09381,
          -0.944222,
          -0.315666,
          2.104986
        ],
        [
          0.0,
          0.0,
          0.0,
          1.0
        ]
      ]
    },
    {
      "file_path": "/media/NFS/ttao/scannet/posed_images/scene0466_00/00233.jpg",
      "transform_matrix": [
        [
          -0.682308,
          -0.267985,
          0.680177,
          1.825506
        ],
        [
          -0.726616,
          0.146102,
          -0.67133,
          2.717334
        ],
        [
          0.080531,
          -0.952281,
          -0.294409,
          2.123423
        ],
        [
          0.0,
          0.0,
          0.0,
          1.0
        ]
      ]
    },
    {
      "file_path": "/media/NFS/ttao/scannet/posed_images/scene0466_00/00237.jpg",
      "transform_matrix": [
        [
          -0.666601,
          -0.25135,
          0.70176,
          1.824248
        ],
        [
          -0.741239,
          0.124004,
          -0.659688,
          2.729625
        ],
        [
          0.078791,
          -0.95992,
          -0.268971,
          2.136725
        ],
        [
          0.0,
          0.0,
          0.0,
          1.0
        ]
      ]
    },
    {
      "file_path": "/media/NFS/ttao/scannet/posed_images/scene0466_00/00243.jpg",
      "transform_matrix": [
        [
          -0.63136,
          -0.222299,
          0.742945,
          1.830124
        ],
        [
          -0.773347,
          0.10932,
          -0.624486,
          2.75171
        ],
        [
          0.057604,
          -0.96883,
          -0.240935,
          2.164369
        ],
        [
          0.0,
          0.0,
          0.0,
          1.0
        ]
      ]
    },
    {
      "file_path": "/media/NFS/ttao/scannet/posed_images/scene0466_00/00248.jpg",
      "transform_matrix": [
        [
          -0.598018,
          -0.218053,
          0.77125,
          1.828999
        ],
        [
          -0.799446,
          0.093737,
          -0.593379,
          2.771966
        ],
        [
          0.057093,
          -0.971425,
          -0.230378,
          2.17142
        ],
        [
          0.0,
          0.0,
          0.0,
          1.0
        ]
      ]
    },
    {
      "file_path": "/media/NFS/ttao/scannet/posed_images/scene0466_00/00251.jpg",
      "transform_matrix": [
        [
          -0.57728,
          -0.22429,
          0.785138,
          1.834117
        ],
        [
          -0.814122,
          0.084055,
          -0.574578,
          2.781283
        ],
        [
          0.062878,
          -0.970891,
          -0.231123,
          2.187313
        ],
        [
          0.0,
          0.0,
          0.0,
          1.0
        ]
      ]
    },
    {
      "file_path": "/media/NFS/ttao/scannet/posed_images/scene0466_00/00255.jpg",
      "transform_matrix": [
        [
          -0.535222,
          -0.234526,
          0.811501,
          1.837576
        ],
        [
          -0.841812,
          0.068566,
          -0.535398,
          2.808642
        ],
        [
          0.069923,
          -0.969689,
          -0.234125,
          2.183942
        ],
        [
          0.0,
          0.0,
          0.0,
          1.0
        ]
      ]
    },
    {
      "file_path": "/media/NFS/ttao/scannet/posed_images/scene0466_00/00258.jpg",
      "transform_matrix": [
        [
          -0.515059,
          -0.250616,
          0.819699,
          1.848287
        ],
        [
          -0.853601,
          0.062977,
          -0.517106,
          2.823717
        ],
        [
          0.077973,
          -0.966036,
          -0.246363,
          2.174885
        ],
        [
          0.0,
          0.0,
          0.0,
          1.0
        ]
      ]
    },
    {
      "file_path": "/media/NFS/ttao/scannet/posed_images/scene0466_00/00261.jpg",
      "transform_matrix": [
        [
          -0.488495,
          -0.268255,
          0.830308,
          1.85261
        ],
        [
          -0.868361,
          0.056138,
          -0.492745,
          2.832106
        ],
        [
          0.08557,
          -0.961711,
          -0.260365,
          2.156932
        ],
        [
          0.0,
          0.0,
          0.0,
          1.0
        ]
      ]
    },
    {
      "file_path": "/media/NFS/ttao/scannet/posed_images/scene0466_00/00268.jpg",
      "transform_matrix": [
        [
          -0.430216,
          -0.314213,
          0.846277,
          1.8755
        ],
        [
          -0.897993,
          0.053091,
          -0.436795,
          2.835933
        ],
        [
          0.092317,
          -0.947867,
          -0.305001,
          2.142962
        ],
        [
          0.0,
          0.0,
          0.0,
          1.0
        ]
      ]
    },
    {
      "file_path": "/media/NFS/ttao/scannet/posed_images/scene0466_00/00270.jpg",
      "transform_matrix": [
        [
          -0.414449,
          -0.329151,
          0.848464,
          1.892411
        ],
        [
          -0.905065,
          0.051398,
          -0.422157,
          2.843623
        ],
        [
          0.095344,
          -0.942877,
          -0.319205,
          2.150091
        ],
        [
          0.0,
          0.0,
          0.0,
          1.0
        ]
      ]
    },
    {
      "file_path": "/media/NFS/ttao/scannet/posed_images/scene0466_00/00276.jpg",
      "transform_matrix": [
        [
          -0.363222,
          -0.370776,
          0.854748,
          1.942379
        ],
        [
          -0.926367,
          0.045674,
          -0.373844,
          2.829476
        ],
        [
          0.099573,
          -0.927598,
          -0.360064,
          2.105336
        ],
        [
          0.0,
          0.0,
          0.0,
          1.0
        ]
      ]
    },
    {
      "file_path": "/media/NFS/ttao/scannet/posed_images/scene0466_00/00277.jpg",
      "transform_matrix": [
        [
          -0.351327,
          -0.376045,
          0.857414,
          1.960302
        ],
        [
          -0.931586,
          0.049088,
          -0.360191,
          2.814117
        ],
        [
          0.093359,
          -0.9253,
          -0.367564,
          2.112015
        ],
        [
          0.0,
          0.0,
          0.0,
          1.0
        ]
      ]
    },
    {
      "file_path": "/media/NFS/ttao/scannet/posed_images/scene0466_00/00283.jpg",
      "transform_matrix": [
        [
          -0.281311,
          -0.382349,
          0.880155,
          2.019558
        ],
        [
          -0.955162,
          0.023296,
          -0.295164,
          2.782267
        ],
        [
          0.092352,
          -0.923724,
          -0.371759,
          2.092896
        ],
        [
          0.0,
          0.0,
          0.0,
          1.0
        ]
      ]
    },
    {
      "file_path": "/media/NFS/ttao/scannet/posed_images/scene0466_00/00285.jpg",
      "transform_matrix": [
        [
          -0.268521,
          -0.395306,
          0.878424,
          2.043962
        ],
        [
          -0.957851,
          0.012948,
          -0.286974,
          2.777664
        ],
        [
          0.102069,
          -0.918458,
          -0.382121,
          2.087708
        ],
        [
          0.0,
          0.0,
          0.0,
          1.0
        ]
      ]
    },
    {
      "file_path": "/media/NFS/ttao/scannet/posed_images/scene0466_00/00289.jpg",
      "transform_matrix": [
        [
          -0.200903,
          -0.428481,
          0.880932,
          2.111782
        ],
        [
          -0.975871,
          0.009037,
          -0.218159,
          2.789768
        ],
        [
          0.085516,
          -0.903506,
          -0.419958,
          2.081316
        ],
        [
          0.0,
          0.0,
          0.0,
          1.0
        ]
      ]
    },
    {
      "file_path": "/media/NFS/ttao/scannet/posed_images/scene0466_00/00295.jpg",
      "transform_matrix": [
        [
          -0.098896,
          -0.466922,
          0.878751,
          2.19014
        ],
        [
          -0.992899,
          -0.012365,
          -0.118312,
          2.83004
        ],
        [
          0.066109,
          -0.884212,
          -0.462384,
          2.083566
        ],
        [
          0.0,
          0.0,
          0.0,
          1.0
        ]
      ]
    },
    {
      "file_path": "/media/NFS/ttao/scannet/posed_images/scene0466_00/00300.jpg",
      "transform_matrix": [
        [
          -0.017713,
          -0.490077,
          0.871499,
          2.255603
        ],
        [
          -0.998293,
          -0.039843,
          -0.042695,
          2.861501
        ],
        [
          0.055647,
          -0.870768,
          -0.488535,
          2.083694
        ],
        [
          0.0,
          0.0,
          0.0,
          1.0
        ]
      ]
    },
    {
      "file_path": "/media/NFS/ttao/scannet/posed_images/scene0466_00/00301.jpg",
      "transform_matrix": [
        [
          -0.011402,
          -0.488232,
          0.872639,
          2.267843
        ],
        [
          -0.998642,
          -0.038807,
          -0.034761,
          2.869242
        ],
        [
          0.050836,
          -0.871851,
          -0.487127,
          2.074375
        ],
        [
          0.0,
          0.0,
          0.0,
          1.0
        ]
      ]
    },
    {
      "file_path": "/media/NFS/ttao/scannet/posed_images/scene0466_00/00307.jpg",
      "transform_matrix": [
        [
          -0.00281,
          -0.467568,
          0.883953,
          2.373698
        ],
        [
          -0.999674,
          -0.021105,
          -0.014342,
          2.938898
        ],
        [
          0.025361,
          -0.883705,
          -0.467356,
          2.075649
        ],
        [
          0.0,
          0.0,
          0.0,
          1.0
        ]
      ]
    },
    {
      "file_path": "/media/NFS/ttao/scannet/posed_images/scene0466_00/00312.jpg",
      "transform_matrix": [
        [
          0.018452,
          -0.456147,
          0.889713,
          2.460052
        ],
        [
          -0.999027,
          -0.044073,
          -0.001877,
          3.031166
        ],
        [
          0.040068,
