{
  "frames": [
    {
      "file_path": "/media/NFS/ttao/scannet/posed_images/scene0238_00/00000.jpg",
      "transform_matrix": [
        [
          -0.74486,
          0.261845,
          -0.613694,
          4.057422
        ],
        [
          0.664449,
          0.374846,
          -0.646527,
          2.412966
        ],
        [
          0.060751,
          -0.889341,
          -0.45319,
          1.531643
        ],
        [
          0.0,
          0.0,
          0.0,
          1.0
        ]
      ]
    },
    {
      "file_path": "/media/NFS/ttao/scannet/posed_images/scene0238_00/00001.jpg",
      "transform_matrix": [
        [
          -0.743584,
          0.261494,
          -0.61539,
          4.057659
        ],
        [
          0.665617,
          0.376944,
          -0.644102,
          2.414486
        ],
        [
          0.063538,
          -0.888557,
          -0.454344,
          1.530411
        ],
        [
          0.0,
          0.0,
          0.0,
          1.0
        ]
      ]
    },
    {
      "file_path": "/media/NFS/ttao/scannet/posed_images/scene0238_00/00004.jpg",
      "transform_matrix": [
        [
          -0.750549,
          0.253385,
          -0.610305,
          4.064523
        ],
        [
          0.656425,
          0.392162,
          -0.64445,
          2.412385
        ],
        [
          0.076045,
          -0.88431,
          -0.460665,
          1.528187
        ],
        [
          0.0,
          0.0,
          0.0,
          1.0
        ]
      ]
    },
    {
      "file_path": "/media/NFS/ttao/scannet/posed_images/scene0238_00/00005.jpg",
      "transform_matrix": [
        [
          -0.750513,
          0.248508,
          -0.612352,
          4.067871
        ],
        [
          0.655587,
          0.39675,
          -0.642492,
          2.40998
        ],
        [
          0.083286,
          -0.883648,
          -0.460684,
          1.527564
        ],
        [
          0.0,
          0.0,
          0.0,
          1.0
        ]
      ]
    },
    {
      "file_path": "/media/NFS/ttao/scannet/posed_images/scene0238_00/00007.jpg",
      "transform_matrix": [
        [
          -0.759342,
          0.224361,
          -0.610788,
          4.0783
        ],
        [
          0.644261,
          0.390883,
          -0.657372,
          2.400749
        ],
        [
          0.091258,
          -0.892677,
          -0.441361,
          1.532228
        ],
        [
          0.0,
          0.0,
          0.0,
          1.0
        ]
      ]
    },
    {
      "file_path": "/media/NFS/ttao/scannet/posed_images/scene0238_00/00009.jpg",
      "transform_matrix": [
        [
          -0.791272,
          0.17865,
          -0.584785,
          4.083005
        ],
        [
          0.605355,
          0.363735,
          -0.707985,
          2.40004
        ],
        [
          0.086225,
          -0.914211,
          -0.39596,
          1.542732
        ],
        [
          0.0,
          0.0,
          0.0,
          1.0
        ]
      ]
    },
    {
      "file_path": "/media/NFS/ttao/scannet/posed_images/scene0238_00/00012.jpg",
      "transform_matrix": [
        [
          -0.832629,
          0.134232,
          -0.537318,
          4.075709
        ],
        [
          0.552991,
          0.254913,
          -0.793234,
          2.406952
        ],
        [
          0.030492,
          -0.957602,
          -0.286477,
          1.554724
        ],
        [
          0.0,
          0.0,
          0.0,
          1.0
        ]
      ]
    },
    {
      "file_path": "/media/NFS/ttao/scannet/posed_images/scene0238_00/00013.jpg",
      "transform_matrix": [
        [
          -0.847795,
          0.112634,
          -0.518225,
          4.076763
        ],
        [
          0.529703,
          0.227137,
          -0.817205,
          2.40681
        ],
        [
          0.025663,
          -0.967327,
          -0.252228,
          1.566947
        ],
        [
          0.0,
          0.0,
          0.0,
          1.0
        ]
      ]
    },
    {
      "file_path": "/media/NFS/ttao/scannet/posed_images/scene0238_00/00016.jpg",
      "transform_matrix": [
        [
          -0.884656,
          0.049349,
          -0.463625,
          4.080496
        ],
        [
          0.464768,
          0.172386,
          -0.868489,
          2.40092
        ],
        [
          0.037064,
          -0.983792,
          -0.175438,
          1.605228
        ],
        [
          0.0,
          0.0,
          0.0,
          1.0
        ]
      ]
    },
    {
      "file_path": "/media/NFS/ttao/scannet/posed_images/scene0238_00/00018.jpg",
      "transform_matrix": [
        [
          -0.906794,
          0.017807,
          -0.421197,
          4.082609
        ],
        [
          0.41956,
          0.135643,
          -0.897536,
          2.399297
        ],
        [
          0.04115,
          -0.990598,
          -0.130471,
          1.633172
        ],
        [
          0.0,
          0.0,
          0.0,
          1.0
        ]
      ]
    },
    {
      "file_path": "/media/NFS/ttao/scannet/posed_images/scene0238_00/00020.jpg",
      "transform_matrix": [
        [
          -0.918385,
          -0.009875,
          -0.395564,
          4.115001
        ],
        [
          0.391774,
          0.117569,
          -0.912519,
          2.379637
        ],
        [
          0.055517,
          -0.993015,
          -0.104105,
          1.668385
        ],
        [
          0.0,
          0.0,
          0.0,
          1.0
        ]
      ]
    },
    {
      "file_path": "/media/NFS/ttao/scannet/posed_images/scene0238_00/00022.jpg",
      "transform_matrix": [
        [
          -0.933807,
          -0.03252,
          -0.356297,
          4.115378
        ],
        [
          0.351338,
          0.104759,
          -0.930369,
          2.379841
        ],
        [
          0.067581,
          -0.993966,
          -0.086399,
          1.677732
        ],
        [
          0.0,
          0.0,
          0.0,
          1.0
        ]
      ]
    },
    {
      "file_path": "/media/NFS/ttao/scannet/posed_images/scene0238_00/00023.jpg",
      "transform_matrix": [
        [
          -0.942609,
          -0.038049,
          -0.331724,
          4.116838
        ],
        [
          0.326491,
          0.103085,
          -0.939562,
          2.378031
        ],
        [
          0.069945,
          -0.993944,
          -0.084746,
          1.685513
        ],
        [
          0.0,
          0.0,
          0.0,
          1.0
        ]
      ]
    },
    {
      "file_path": "/media/NFS/ttao/scannet/posed_images/scene0238_00/00026.jpg",
      "transform_matrix": [
        [
          -0.966049,
          -0.057722,
          -0.251828,
          4.114136
        ],
        [
          0.247253,
          0.076164,
          -0.965953,
          2.377407
        ],
        [
          0.074937,
          -0.995423,
          -0.059306,
          1.699888
        ],
        [
          0.0,
          0.0,
          0.0,
          1.0
        ]
      ]
    },
    {
      "file_path": "/media/NFS/ttao/scannet/posed_images/scene0238_00/00027.jpg",
      "transform_matrix": [
        [
          -0.970399,
          -0.062966,
          -0.233156,
          4.113441
        ],
        [
          0.228508,
          0.073101,
          -0.970793,
          2.376935
        ],
        [
          0.078171,
          -0.995335,
          -0.056549,
          1.698864
        ],
        [
          0.0,
          0.0,
          0.0,
          1.0
        ]
      ]
    },
    {
      "file_path": "/media/NFS/ttao/scannet/posed_images/scene0238_00/00029.jpg",
      "transform_matrix": [
        [
          -0.976235,
          -0.061909,
          -0.207682,
          4.110483
        ],
        [
          0.203465,
          0.068106,
          -0.97671,
          2.372438
        ],
        [
          0.074611,
          -0.995755,
          -0.053892,
          1.697331
        ],
        [
          0.0,
          0.0,
          0.0,
          1.0
        ]
      ]
    },
    {
      "file_path": "/media/NFS/ttao/scannet/posed_images/scene0238_00/00031.jpg",
      "transform_matrix": [
        [
          -0.978049,
          -0.052071,
          -0.201763,
          4.122815
        ],
        [
          0.19808,
          0.068241,
          -0.977807,
          2.357883
        ],
        [
          0.064685,
          -0.996309,
          -0.056429,
          1.683994
        ],
        [
          0.0,
          0.0,
          0.0,
          1.0
        ]
      ]
    },
    {
      "file_path": "/media/NFS/ttao/scannet/posed_images/scene0238_00/00034.jpg",
      "transform_matrix": [
        [
          -0.980524,
          -0.05375,
          -0.188901,
          4.119924
        ],
        [
          0.184188,
          0.082194,
          -0.979448,
          2.339343
        ],
        [
          0.068172,
          -0.995166,
          -0.070693,
          1.661988
        ],
        [
          0.0,
          0.0,
          0.0,
          1.0
        ]
      ]
    },
    {
      "file_path": "/media/NFS/ttao/scannet/posed_images/scene0238_00/00036.jpg",
      "transform_matrix": [
        [
          -0.979839,
          -0.059311,
          -0.190784,
          4.116512
        ],
        [
          0.184368,
          0.099464,
          -0.977811,
          2.322475
        ],
        [
          0.076971,
          -0.993272,
          -0.086524,
          1.643903
        ],
        [
          0.0,
          0.0,
          0.0,
          1.0
        ]
      ]
    },
    {
      "file_path": "/media/NFS/ttao/scannet/posed_images/scene0238_00/00037.jpg",
      "transform_matrix": [
        [
          -0.979931,
          -0.056084,
          -0.191286,
          4.113007
        ],
        [
          0.18448,
          0.108378,
          -0.976842,
          2.313772
        ],
        [
          0.075517,
          -0.992526,
          -0.095857,
          1.633173
        ],
        [
          0.0,
          0.0,
          0.0,
          1.0
        ]
      ]
    },
    {
      "file_path": "/media/NFS/ttao/scannet/posed_images/scene0238_00/00039.jpg",
      "transform_matrix": [
        [
          -0.982827,
          -0.049109,
          -0.177875,
          4.109242
        ],
        [
          0.169746,
          0.137441,
          -0.975856,
          2.293386
        ],
        [
          0.072371,
          -0.989292,
          -0.126745,
          1.617472
        ],
        [
          0.0,
          0.0,
          0.0,
          1.0
        ]
      ]
    },
    {
      "file_path": "/media/NFS/ttao/scannet/posed_images/scene0238_00/00041.jpg",
      "transform_matrix": [
        [
          -0.987576,
          -0.048025,
          -0.149621,
          4.111387
        ],
        [
          0.139822,
          0.165966,
          -0.976168,
          2.269922
        ],
        [
          0.071713,
          -0.984961,
          -0.157189,
          1.596939
        ],
        [
          0.0,
          0.0,
          0.0,
          1.0
        ]
      ]
    },
    {
      "file_path": "/media/NFS/ttao/scannet/posed_images/scene0238_00/00043.jpg",
      "transform_matrix": [
        [
          -0.989213,
          -0.052726,
          -0.136667,
          4.111135
        ],
        [
          0.122002,
          0.219826,
          -0.96788,
          2.248392
        ],
        [
          0.081076,
          -0.974113,
          -0.211022,
          1.571944
        ],
        [
          0.0,
          0.0,
          0.0,
          1.0
        ]
      ]
    },
    {
      "file_path": "/media/NFS/ttao/scannet/posed_images/scene0238_00/00044.jpg",
      "transform_matrix": [
        [
          -0.99088,
          -0.051704,
          -0.124435,
          4.109429
        ],
        [
          0.108036,
          0.247084,
          -0.962953,
          2.237625
        ],
        [
          0.080535,
          -0.967614,
          -0.239245,
          1.56156
        ],
        [
          0.0,
          0.0,
          0.0,
          1.0
        ]
      ]
    },
    {
      "file_path": "/media/NFS/ttao/scannet/posed_images/scene0238_00/00047.jpg",
      "transform_matrix": [
        [
          -0.99537,
          -0.05473,
          -0.079016,
          4.104956
        ],
        [
          0.05786,
          0.315267,
          -0.947237,
          2.212516
        ],
        [
          0.076754,
          -0.947423,
          -0.310641,
          1.526101
        ],
        [
          0.0,
          0.0,
          0.0,
          1.0
        ]
      ]
    },
    {
      "file_path": "/media/NFS/ttao/scannet/posed_images/scene0238_00/00049.jpg",
      "transform_matrix": [
        [
          -0.996521,
          -0.063948,
          -0.053449,
          4.10254
        ],
        [
          0.02633,
          0.366906,
          -0.929885,
          2.20212
        ],
        [
          0.079075,
          -0.928057,
          -0.363946,
          1.498384
        ],
        [
          0.0,
          0.0,
          0.0,
          1.0
        ]
      ]
    },
    {
      "file_path": "/media/NFS/ttao/scannet/posed_images/scene0238_00/00050.jpg",
      "transform_matrix": [
        [
          -0.997017,
          -0.057819,
          -0.05112,
          4.117244
        ],
        [
          0.022533,
          0.415433,
          -0.909345,
          2.187234
        ],
        [
          0.073814,
          -0.907784,
          -0.412891,
          1.507667
        ],
        [
          0.0,
          0.0,
          0.0,
          1.0
        ]
      ]
    },
    {
      "file_path": "/media/NFS/ttao/scannet/posed_images/scene0238_00/00053.jpg",
      "transform_matrix": [
        [
          -0.9983,
          -0.056912,
          0.012578,
          4.112004
        ],
        [
          -0.038833,
          0.488529,
          -0.871683,
          2.175689
        ],
        [
          0.043465,
          -0.870689,
          -0.489909,
          1.476904
        ],
        [
          0.0,
          0.0,
          0.0,
          1.0
        ]
      ]
    },
    {
      "file_path": "/media/NFS/ttao/scannet/posed_images/scene0238_00/00055.jpg",
      "transform_matrix": [
        [
          -0.996091,
          -0.064931,
          0.059881,
          4.106599
        ],
        [
          -0.084987,
          0.519876,
          -0.850003,
          2.171399
        ],
        [
          0.024061,
          -0.85177,
          -0.523363,
          1.461611
        ],
        [
          0.0,
          0.0,
          0.0,
          1.0
        ]
      ]
    },
    {
      "file_path": "/media/NFS/ttao/scannet/posed_images/scene0238_00/00056.jpg",
      "transform_matrix": [
        [
          -0.993999,
          -0.071464,
          0.082818,
          4.104537
        ],
        [
          -0.10822,
          0.532065,
          -0.839759,
          2.169914
        ],
        [
          0.015949,
          -0.843682,
          -0.536606,
          1.455345
        ],
        [
          0.0,
          0.0,
          0.0,
          1.0
        ]
      ]
    },
    {
      "file_path": "/media/NFS/ttao/scannet/posed_images/scene0238_00/00059.jpg",
      "transform_matrix": [
        [
          -0.982164,
          -0.105885,
          0.155375,
          4.091109
        ],
        [
          -0.188024,
          0.553846,
          -0.811111,
          2.169994
        ],
        [
          -0.000169,
          -0.825859,
          -0.563877,
          1.442137
        ],
        [
          0.0,
          0.0,
          0.0,
          1.0
        ]
      ]
    },
    {
      "file_path": "/media/NFS/ttao/scannet/posed_images/scene0238_00/00061.jpg",
      "transform_matrix": [
        [
          -0.971299,
          -0.137309,
          0.194226,
          4.095889
        ],
        [
          -0.237856,
          0.555507,
          -0.796766,
          2.170648
        ],
        [
          0.001509,
          -0.820096,
          -0.572224,
          1.442401
        ],
        [
          0.0,
          0.0,
          0.0,
          1.0
        ]
      ]
    },
    {
      "file_path": "/media/NFS/ttao/scannet/posed_images/scene0238_00/00062.jpg",
      "transform_matrix": [
        [
          -0.964364,
          -0.15084,
          0.217367,
          4.090872
        ],
        [
          -0.264577,
          0.54934,
          -0.792606,
          2.17246
        ],
        [
          0.000149,
          -0.821872,
          -0.569673,
          1.443063
        ],
        [
          0.0,
          0.0,
          0.0,
          1.0
        ]
      ]
    },
    {
      "file_path": "/media/NFS/ttao/scannet/posed_images/scene0238_00/00065.jpg",
      "transform_matrix": [
        [
          -0.937345,
          -0.20145,
          0.284259,
          4.070136
        ],
        [
          -0.348349,
          0.52752,
          -0.774839,
          2.18181
        ],
        [
          0.006139,
          -0.825312,
          -0.564643,
          1.445987
        ],
        [
          0.0,
          0.0,
          0.0,
          1.0
        ]
      ]
    },
    {
      "file_path": "/media/NFS/ttao/scannet/posed_images/scene0238_00/00066.jpg",
      "transform_matrix": [
        [
          -0.926267,
          -0.219234,
          0.306537,
          4.064953
        ],
        [
          -0.376747,
          0.518165,
          -0.767832,
          2.180942
        ],
        [
          0.009499,
          -0.826705,
          -0.562555,
          1.45206
        ],
        [
          0.0,
          0.0,
          0.0,
          1.0
        ]
      ]
    },
    {
      "file_path": "/media/NFS/ttao/scannet/posed_images/scene0238_00/00068.jpg",
      "transform_matrix": [
        [
          -0.900387,
          -0.253097,
          0.353901,
          4.05668
        ],
        [
          -0.434766,
          0.491965,
          -0.754287,
          2.186037
        ],
        [
          0.016801,
          -0.833014,
          -0.552997,
          1.460122
        ],
        [
          0.0,
          0.0,
          0.0,
          1.0
        ]
      ]
    },
    {
      "file_path": "/media/NFS/ttao/scannet/posed_images/scene0238_00/00071.jpg",
      "transform_matrix": [
        [
          -0.857117,
          -0.29523,
          0.422125,
          4.058199
        ],
        [
          -0.514323,
          0.444858,
          -0.733194,
          2.191203
        ],
        [
          0.028675,
          -0.845541,
          -0.533139,
          1.479323
        ],
        [
          0.0,
          0.0,
          0.0,
          1.0
        ]
      ]
    },
    {
      "file_path": "/media/NFS/ttao/scannet/posed_images/scene0238_00/00072.jpg",
      "transform_matrix": [
        [
          -0.84452,
          -0.301104,
          0.442857,
          4.051584
        ],
        [
          -0.534602,
          0.425507,
          -0.730167,
          2.194025
        ],
        [
          0.031417,
          -0.853393,
          -0.52032,
          1.482572
        ],
        [
          0.0,
          0.0,
          0.0,
          1.0
        ]
      ]
    },
    {
      "file_path": "/media/NFS/ttao/scannet/posed_images/scene0238_00/00074.jpg",
      "transform_matrix": [
        [
          -0.816992,
          -0.310791,
          0.48573,
          4.049244
        ],
        [
          -0.575884,
          0.396352,
          -0.715026,
          2.191382
        ],
        [
          0.029704,
          -0.863894,
          -0.502796,
          1.497196
        ],
        [
          0.0,
          0.0,
          0.0,
          1.0
        ]
      ]
    },
    {
      "file_path": "/media/NFS/ttao/scannet/posed_images/scene0238_00/00077.jpg",
      "transform_matrix": [
        [
          -0.769725,
          -0.318699,
          0.553132,
          4.040002
        ],
        [
          -0.637853,
          0.348893,
          -0.686598,
          2.18646
        ],
        [
          0.025834,
          -0.881309,
          -0.471834,
          1.515215
        ],
        [
          0.0,
          0.0,
          0.0,
          1.0
        ]
      ]
    },
    {
      "file_path": "/media/NFS/ttao/scannet/posed_images/scene0238_00/00078.jpg",
      "transform_matrix": [
        [
          -0.753971,
          -0.323127,
          0.571941,
          4.039621
        ],
        [
          -0.656324,
          0.333842,
          -0.676601,
          2.184246
        ],
        [
          0.02769,
          -0.885516,
          -0.463783,
          1.521279
        ],
        [
          0.0,
          0.0,
          0.0,
          1.0
        ]
      ]
    },
    {
      "file_path": "/media/NFS/ttao/scannet/posed_images/scene0238_00/00079.jpg",
      "transform_matrix": [
        [
          -0.738076,
          -0.325723,
          0.590887,
          4.036542
        ],
        [
          -0.674076,
          0.317808,
          -0.666797,
          2.179939
        ],
        [
          0.029403,
          -0.890451,
          -0.454129,
          1.527038
        ],
        [
          0.0,
          0.0,
          0.0,
          1.0
        ]
      ]
    },
    {
      "file_path": "/media/NFS/ttao/scannet/posed_images/scene0238_00/00082.jpg",
      "transform_matrix": [
        [
          -0.703762,
          -0.322438,
          0.63305,
          4.05469
        ],
        [
          -0.709551,
          0.274547,
          -0.64897,
          2.174778
        ],
        [
          0.03545,
          -0.905901,
          -0.422002,
          1.543455
        ],
        [
          0.0,
          0.0,
          0.0,
          1.0
        ]
      ]
    },
    {
      "file_path": "/media/NFS/ttao/scannet/posed_images/scene0238_00/00083.jpg",
      "transform_matrix": [
        [
          -0.687963,
          -0.320398,
          0.651193,
          4.052698
        ],
        [
          -0.724962,
          0.261701,
          -0.637137,
          2.169141
        ],
        [
          0.03372,
          -0.910416,
          -0.412316,
          1.548902
        ],
        [
          0.0,
          0.0,
          0.0,
          1.0
        ]
      ]
    },
    {
      "file_path": "/media/NFS/ttao/scannet/posed_images/scene0238_00/00086.jpg",
      "transform_matrix": [
        [
          -0.638743,
          -0.30943,
          0.704458,
          4.061028
        ],
        [
          -0.768202,
          0.204968,
          -0.606509,
          2.15384
        ],
        [
          0.043281,
          -0.928569,
          -0.368626,
          1.562782
        ],
        [
          0.0,
          0.0,
          0.0,
          1.0
        ]
      ]
    },
    {
      "file_path": "/media/NFS/ttao/scannet/posed_images/scene0238_00/00087.jpg",
      "transform_matrix": [
        [
          -0.626816,
          -0.309732,
          0.71496,
          4.061957
        ],
        [
          -0.777685,
          0.192116,
          -0.59858,
          2.154134
        ],
        [
          0.048044,
          -0.931213,
          -0.361295,
          1.556651
        ],
        [
          0.0,
          0.0,
          0.0,
          1.0
        ]
      ]
    },
    {
      "file_path": "/media/NFS/ttao/scannet/posed_images/scene0238_00/00089.jpg",
      "transform_matrix": [
        [
          -0.571869,
          -0.334346,
          0.749118,
          4.073476
        ],
        [
          -0.819119,
          0.182826,
          -0.543708,
          2.134373
        ],
        [
          0.044829,
          -0.924547,
          -0.378422,
          1.572713
        ],
        [
          0.0,
          0.0,
          0.0,
          1.0
        ]
      ]
    },
    {
      "file_path": "/media/NFS/ttao/scannet/posed_images/scene0238_00/00091.jpg",
      "transform_matrix": [
        [
          -0.53597,
          -0.333527,
          0.775562,
          4.087295
        ],
        [
          -0.84293,
          0.16031,
          -0.513585,
          2.157997
        ],
        [
          0.046964,
          -0.929011,
          -0.367061,
          1.56154
        ],
        [
          0.0,
          0.0,
          0.0,
          1.0
        ]
      ]
    },
    {
      "file_path": "/media/NFS/ttao/scannet/posed_images/scene0238_00/00094.jpg",
      "transform_matrix": [
        [
          -0.436153,
          -0.362153,
          0.823781,
          4.100869
        ],
        [
          -0.898925,
          0.13335,
          -0.417314,
          2.148628
        ],
        [
          0.04128,
          -0.922531,
          -0.38371,
          1.566612
        ],
        [
          0.0,
          0.0,
          0.0,
          1.0
        ]
      ]
    },
    {
      "file_path": "/media/NFS/ttao/scannet/posed_images/scene0238_00/00095.jpg",
      "transform_matrix": [
        [
          -0.399604,
          -0.35998,
          0.843049,
          4.104239
        ],
        [
          -0.916027,
          0.121899,
          -0.382145,
          2.145504
        ],
        [
          0.034798,
          -0.924962,
          -0.378463,
          1.570386
        ],
        [
          0.0,
          0.0,
          0.0,
          1.0
        ]
      ]
    },
    {
      "file_path": "/media/NFS/ttao/scannet/posed_images/scene0238_00/00097.jpg",
      "transform_matrix": [
        [
          -0.325148,
          -0.35467,
          0.876635,
          4.10862
        ],
        [
          -0.945298,
          0.096131,
          -0.311722,
          2.141128
        ],
        [
          0.026287,
          -0.930037,
          -0.366525,
          1.573432
        ],
        [
          0.0,
          0.0,
          0.0,
          1.0
        ]
      ]
    },
    {
      "file_path": "/media/NFS/ttao/scannet/posed_images/scene0238_00/00100.jpg",
      "transform_matrix": [
        [
          -0.237835,
          -0.351502,
          0.905473,
          4.139587
        ],
        [
          -0.970966,
          0.061391,
          -0.231206,
          2.186456
        ],
        [
          0.025682,
          -0.934172,
          -0.355897,
          1.5895
        ],
        [
          0.0,
          0.0,
          0.0,
          1.0
        ]
      ]
    },
    {
      "file_path": "/media/NFS/ttao/scannet/posed_images/scene0238_00/00102.jpg",
      "transform_matrix": [
        [
          -0.159432,
          -0.340483,
          0.926635,
          4.137568
        ],
        [
          -0.987016,
          0.036426,
          -0.156437,
          2.185071
        ],
        [
          0.01951,
          -0.939545,
          -0.341869,
          1.591764
        ],
        [
          0.0,
          0.0,
          0.0,
          1.0
        ]
      ]
    },
    {
      "file_path": "/media/NFS/ttao/scannet/posed_images/scene0238_00/00104.jpg",
      "transform_matrix": [
        [
          -0.087678,
          -0.34094,
          0.935987,
          4.139883
        ],
        [
          -0.9959,
          0.00901,
          -0.090009,
          2.18074
        ],
        [
          0.022254,
          -0.940042,
          -0.340332,
          1.595359
        ],
        [
          0.0,
          0.0,
          0.0,
          1.0
        ]
      ]
    },
    {
      "file_path": "/media/NFS/ttao/scannet/posed_images/scene0238_00/00105.jpg",
      "transform_matrix": [
        [
          -0.055071,
          -0.338793,
          0.939248,
          4.140556
        ],
        [
          -0.998251,
          -0.001566,
          -0.059096,
          2.18166
        ],
        [
          0.021492,
          -0.94086,
          -0.338114,
          1.596056
        ],
        [
          0.0,
          0.0,
          0.0,
          1.0
        ]
      ]
    },
    {
      "file_path": "/media/NFS/ttao/scannet/posed_images/scene0238_00/00108.jpg",
      "transform_matrix": [
        [
          0.053354,
          -0.342888,
          0.93786,
          4.141938
        ],
        [
          -0.998379,
          -0.036958,
          0.043285,
          2.175712
        ],
        [
          0.01982,
          -0.938649,
          -0.344304,
          1.594445
        ],
        [
          0.0,
          0.0,
          0.0,
          1.0
        ]
      ]
    },
    {
      "file_path": "/media/NFS/ttao/scannet/posed_images/scene0238_00/00110.jpg",
      "transform_matrix": [
        [
          0.083597,
          -0.344469,
          0.935068,
          4.132154
        ],
        [
          -0.996385,
          -0.04314,
          0.073186,
          2.216288
        ],
        [
          0.015129,
          -0.937806,
          -0.34683,
          1.571938
        ],
        [
          0.0,
          0.0,
          0.0,
          1.0
        ]
      ]
    },
    {
      "file_path": "/media/NFS/ttao/scannet/posed_images/scene0238_00/00111.jpg",
      "transform_matrix": [
        [
          0.115147,
          -0.346533,
          0.930944,
          4.131568
        ],
        [
          -0.993224,
          -0.055006,
          0.102375,
          2.216369
        ],
        [
          0.015731,
          -0.936423,
          -0.350519,
          1.571002
        ],
        [
          0.0,
          0.0,
          0.0,
          1.0
        ]
      ]
    },
    {
      "file_path": "/media/NFS/ttao/scannet/posed_images/scene0238_00/00114.jpg",
      "transform_matrix": [
        [
          0.205628,
          -0.372592,
          0.904927,
          4.126273
        ],
        [
          -0.97843,
          -0.09697,
          0.182404,
          2.205069
        ],
        [
          0.019788,
          -0.922915,
          -0.384495,
          1.550712
        ],
        [
          0.0,
          0.0,
          0.0,
          1.0
        ]
      ]
    },
    {
      "file_path": "/media/NFS/ttao/scannet/posed_images/scene0238_00/00116.jpg",
      "transform_matrix": [
        [
          0.25846,
          -0.397224,
          0.880575,
          4.123955
        ],
        [
          -0.965886,
          -0.121553,
          0.228668,
          2.193445
        ],
        [
          0.016204,
          -0.909636,
          -0.41509,
          1.532621
        ],
        [
          0.0,
          0.0,
          0.0,
          1.0
        ]
      ]
    },
    {
      "file_path": "/media/NFS/ttao/scannet/posed_images/scene0238_00/00117.jpg",
      "transform_matrix": [
        [
          0.279497,
          -0.415647,
          0.865517,
          4.125068
        ],
        [
          -0.960044,
          -0.134129,
          0.245609,
          2.187839
        ],
        [
          0.014004,
          -0.899581,
          -0.436528,
          1.524518
        ],
        [
          0.0,
          0.0,
          0.0,
          1.0
        ]
      ]
    },
    {
      "file_path": "/media/NFS/ttao/scannet/posed_images/scene0238_00/00118.jpg",
      "transform_matrix": [
        [
          0.30873,
          -0.445494,
          0.84037,
          4.12461
        ],
        [
          -0.951114,
          -0.152251,
          0.268703,
          2.173942
        ],
        [
          0.008241,
          -0.882244,
          -0.47072,
          1.508458
        ],
        [
          0.0,
          0.0,
          0.0,
          1.0
        ]
      ]
    },
    {
      "file_path": "/media/NFS/ttao/scannet/posed_images/scene0238_00/00120.jpg",
      "transform_matrix": [
        [
          0.320435,
          -0.474432,
          0.819899,
          4.122972
        ],
        [
          -0.947257,
          -0.155972,
          0.279957,
          2.164486
        ],
        [
          -0.004939,
          -0.866364,
          -0.499389,
          1.469442
        ],
        [
          0.0,
          0.0,
          0.0,
          1.0
        ]
      ]
    },
    {
      "file_path": "/media/NFS/ttao/scannet/posed_images/scene0238_00/00123.jpg",
      "transform_matrix": [
        [
          0.330898,
          -0.538727,
          0.774777,
          4.128659
        ],
        [
          -0.943217,
          -0.16348,
          0.289163,
          2.144541
        ],
        [
          -0.029119,
          -0.826467,
          -0.562232,
          1.442616
        ],
        [
          0.0,
          0.0,
          0.0,
          1.0
        ]
      ]
    },
    {
      "file_path": "/media/NFS/ttao/scannet/posed_images/scene0238_00/00124.jpg",
      "transform_matrix": [
        [
          0.333174,
          -0.551141,
          0.765009,
          4.127366
        ],
        [
          -0.942267,
          -0.165717,
          0.290983,
          2.13655
        ],
        [
          -0.033598,
          -0.817791,
          -0.574534,
          1.429673
        ],
        [
          0.0,
          0.0,
          0.0,
          1.0
        ]
      ]
    },
    {
      "file_path": "/media/NFS/ttao/scannet/posed_images/scene0238_00/00126.jpg",
      "transform_matrix": [
        [
          0.331735,
          -0.585351,
          0.739808,
          4.126481
        ],
        [
          -0.942776,
          -0.177831,
          0.282044,
          2.118264
        ],
        [
          -0.033534,
          -0.791038,
          -0.610847,
          1.401977
        ],
        [
          0.0,
          0.0,
          0.0,
          1.0
        ]
      ]
    },
    {
      "file_path": "/media/NFS/ttao/scannet/posed_images/scene0238_00/00129.jpg",
      "transform_matrix": [
        [
          0.319274,
          -0.648234,
          0.691272,
          4.132195
        ],
        [
          -0.946904,
          -0.189045,
          0.260066,
          2.093443
        ],
        [
          -0.037903,
          -0.737601,
          -0.674172,
          1.368836
        ],
        [
          0.0,
          0.0,
          0.0,
          1.0
        ]
      ]
    },
    {
      "file_path": "/media/NFS/ttao/scannet/posed_images/scene0238_00/00130.jpg",
      "transform_matrix": [
        [
          0.310059,
          -0.665858,
          0.678599,
          4.126549
        ],
        [
          -0.949839,
          -0.186279,
          0.251209,
          2.076971
        ],
        [
          -0.04086,
          -0.72245,
          -0.690215,
          1.351818
        ],
        [
          0.0,
          0.0,
          0.0,
          1.0
        ]
      ]
    },
    {
      "file_path": "/media/NFS/ttao/scannet/posed_images/scene0238_00/00133.jpg",
      "transform_matrix": [
        [
          0.27307,
          -0.706167,
          0.653269,
          4.13389
        ],
        [
          -0.961542,
          -0.179532,
          0.207859,
          2.05798
        ],
        [
          -0.029501,
          -0.684906,
          -0.728034,
          1.329818
        ],
        [
          0.0,
          0.0,
          0.0,
          1.0
        ]
      ]
    },
    {
      "file_path": "/media/NFS/ttao/scannet/posed_images/scene0238_00/00135.jpg",
      "transform_matrix": [
        [
          0.258512,
          -0.729056,
          0.633758,
          4.139341
        ],
        [
          -0.965603,
          -0.176032,
          0.191371,
          2.047645
        ],
        [
          -0.027959,
          -0.661431,
          -0.749485,
          1.324299
        ],
        [
          0.0,
          0.0,
          0.0,
          1.0
        ]
      ]
    },
    {
      "file_path": "/media/NFS/ttao/scannet/posed_images/scene0238_00/00137.jpg",
      "transform_matrix": [
        [
          0.252564,
          -0.737089,
          0.626826,
          4.141132
        ],
        [
          -0.967409,
          -0.180181,
          0.177917,
          2.035378
        ],
        [
          -0.018198,
          -0.651333,
          -0.758574,
          1.31932
        ],
        [
          0.0,
          0.0,
          0.0,
          1.0
        ]
      ]
    },
    {
      "file_path": "/media/NFS/ttao/scannet/posed_images/scene0238_00/00138.jpg",
      "transform_matrix": [
        [
          0.255606,
          -0.739327,
          0.622946,
          4.142807
        ],
        [
          -0.966692,
          -0.186733,
          0.175033,
          2.031656
        ],
        [
          -0.013082,
          -0.646937,
          -0.762432,
          1.318674
        ],
        [
          0.0,
          0.0,
          0.0,
          1.0
        ]
      ]
    },
    {
      "file_path": "/media/NFS/ttao/scannet/posed_images/scene0238_00/00140.jpg",
      "transform_matrix": [
        [
          0.262613,
          -0.754887,
          0.600982,
          4.163372
        ],
        [
          -0.964772,
          -0.195246,
          0.176333,
          2.039639
        ],
        [
          -0.015772,
          -0.626118,
          -0.779568,
          1.338453
        ],
        [
          0.0,
          0.0,
          0.0,
          1.0
        ]
      ]
    },
    {
      "file_path": "/media/NFS/ttao/scannet/posed_images/scene0238_00/00142.jpg",
      "transform_matrix": [
        [
          0.296121,
          -0.742636,
          0.60067,
          4.17155
        ],
        [
          -0.954707,
          -0.210976,
          0.209817,
          2.034198
        ],
        [
          -0.029091,
          -0.635595,
          -0.771474,
          1.348618
        ],
        [
          0.0,
          0.0,
          0.0,
          1.0
        ]
      ]
    },
    {
      "file_path": "/media/NFS/ttao/scannet/posed_images/scene0238_00/00144.jpg",
      "transform_matrix": [
        [
          0.335007,
          -0.714467,
          0.614254,
          4.177875
        ],
        [
          -0.941761,
          -0.233655,
          0.241851,
          2.031394
        ],
        [
          -0.029271,
          -0.659502,
          -0.751132,
          1.360229
        ],
        [
          0.0,
          0.0,
          0.0,
          1.0
        ]
      ]
    },
    {
      "file_path": "/media/NFS/ttao/scannet/posed_images/scene0238_00/00147.jpg",
      "transform_matrix": [
        [
          0.402557,
          -0.652202,
          0.642324,
          4.191806
        ],
        [
          -0.914571,
          -0.256801,
          0.312429,
          2.031512
        ],
        [
          -0.038817,
          -0.713222,
          -0.699863,
          1.390346
        ],
        [
          0.0,
          0.0,
          0.0,
          1.0
        ]
      ]
    },
    {
      "file_path": "/media/NFS/ttao/scannet/posed_images/scene0238_00/00149.jpg",
      "transform_matrix": [
        [
          0.455572,
          -0.597823,
          0.659592,
          4.194497
        ],
        [
          -0.889369,
          -0.273681,
          0.366225,
          2.022257
        ],
        [
          -0.038419,
          -0.753463,
          -0.656367,
          1.408513
        ],
        [
          0.0,
          0.0,
          0.0,
          1.0
        ]
      ]
    },
    {
      "file_path": "/media/NFS/ttao/scannet/posed_images/scene0238_00/00151.jpg",
      "transform_matrix": [
        [
          0.513122,
          -0.547895,
          0.660694,
          4.199811
        ],
        [
          -0.857551,
          -0.294753,
          0.421578,
          2.000659
        ],
        [
          -0.036239,
