{
  "frames": [
    {
      "file_path": "/media/NFS/ttao/scannet/posed_images/scene0624_00/00000.jpg",
      "transform_matrix": [
        [
          0.890832,
          -0.253454,
          0.377066,
          1.811976
        ],
        [
          -0.450885,
          -0.391143,
          0.802316,
          5.653311
        ],
        [
          -0.055864,
          -0.884742,
          -0.462721,
          1.489638
        ],
        [
          0.0,
          0.0,
          0.0,
          1.0
        ]
      ]
    },
    {
      "file_path": "/media/NFS/ttao/scannet/posed_images/scene0624_00/00004.jpg",
      "transform_matrix": [
        [
          0.882698,
          -0.259729,
          0.391645,
          1.807724
        ],
        [
          -0.466156,
          -0.37836,
          0.799714,
          5.656339
        ],
        [
          -0.059525,
          -0.888473,
          -0.455052,
          1.493173
        ],
        [
          0.0,
          0.0,
          0.0,
          1.0
        ]
      ]
    },
    {
      "file_path": "/media/NFS/ttao/scannet/posed_images/scene0624_00/00008.jpg",
      "transform_matrix": [
        [
          0.880139,
          -0.256338,
          0.399558,
          1.808198
        ],
        [
          -0.47133,
          -0.371505,
          0.799895,
          5.654905
        ],
        [
          -0.056606,
          -0.892342,
          -0.447795,
          1.493267
        ],
        [
          0.0,
          0.0,
          0.0,
          1.0
        ]
      ]
    },
    {
      "file_path": "/media/NFS/ttao/scannet/posed_images/scene0624_00/00016.jpg",
      "transform_matrix": [
        [
          0.86858,
          -0.284802,
          0.405532,
          1.816717
        ],
        [
          -0.490837,
          -0.381866,
          0.783108,
          5.646253
        ],
        [
          -0.068172,
          -0.879242,
          -0.471473,
          1.480638
        ],
        [
          0.0,
          0.0,
          0.0,
          1.0
        ]
      ]
    },
    {
      "file_path": "/media/NFS/ttao/scannet/posed_images/scene0624_00/00017.jpg",
      "transform_matrix": [
        [
          0.866159,
          -0.289715,
          0.407228,
          1.817328
        ],
        [
          -0.494715,
          -0.381442,
          0.780871,
          5.645261
        ],
        [
          -0.070896,
          -0.87782,
          -0.473716,
          1.479852
        ],
        [
          0.0,
          0.0,
          0.0,
          1.0
        ]
      ]
    },
    {
      "file_path": "/media/NFS/ttao/scannet/posed_images/scene0624_00/00023.jpg",
      "transform_matrix": [
        [
          0.852433,
          -0.321508,
          0.4123,
          1.82775
        ],
        [
          -0.515745,
          -0.387637,
          0.764032,
          5.642236
        ],
        [
          -0.08582,
          -0.863927,
          -0.49625,
          1.472573
        ],
        [
          0.0,
          0.0,
          0.0,
          1.0
        ]
      ]
    },
    {
      "file_path": "/media/NFS/ttao/scannet/posed_images/scene0624_00/00025.jpg",
      "transform_matrix": [
        [
          0.846664,
          -0.333974,
          0.414273,
          1.830323
        ],
        [
          -0.524009,
          -0.387794,
          0.758308,
          5.640137
        ],
        [
          -0.092603,
          -0.859114,
          -0.503337,
          1.467659
        ],
        [
          0.0,
          0.0,
          0.0,
          1.0
        ]
      ]
    },
    {
      "file_path": "/media/NFS/ttao/scannet/posed_images/scene0624_00/00032.jpg",
      "transform_matrix": [
        [
          0.821887,
          -0.379027,
          0.425253,
          1.839643
        ],
        [
          -0.560847,
          -0.407671,
          0.720594,
          5.641864
        ],
        [
          -0.099761,
          -0.830748,
          -0.547636,
          1.445311
        ],
        [
          0.0,
          0.0,
          0.0,
          1.0
        ]
      ]
    },
    {
      "file_path": "/media/NFS/ttao/scannet/posed_images/scene0624_00/00034.jpg",
      "transform_matrix": [
        [
          0.812832,
          -0.391018,
          0.431751,
          1.845806
        ],
        [
          -0.57329,
          -0.405744,
          0.711835,
          5.642705
        ],
        [
          -0.10316,
          -0.826121,
          -0.553969,
          1.446786
        ],
        [
          0.0,
          0.0,
          0.0,
          1.0
        ]
      ]
    },
    {
      "file_path": "/media/NFS/ttao/scannet/posed_images/scene0624_00/00038.jpg",
      "transform_matrix": [
        [
          0.789442,
          -0.403716,
          0.462379,
          1.860357
        ],
        [
          -0.604601,
          -0.381319,
          0.699324,
          5.640752
        ],
        [
          -0.106014,
          -0.83163,
          -0.545116,
          1.461061
        ],
        [
          0.0,
          0.0,
          0.0,
          1.0
        ]
      ]
    },
    {
      "file_path": "/media/NFS/ttao/scannet/posed_images/scene0624_00/00043.jpg",
      "transform_matrix": [
        [
          0.749103,
          -0.418462,
          0.513552,
          1.880687
        ],
        [
          -0.653198,
          -0.337444,
          0.677838,
          5.638739
        ],
        [
          -0.110355,
          -0.843221,
          -0.526118,
          1.477146
        ],
        [
          0.0,
          0.0,
          0.0,
          1.0
        ]
      ]
    },
    {
      "file_path": "/media/NFS/ttao/scannet/posed_images/scene0624_00/00049.jpg",
      "transform_matrix": [
        [
          0.703965,
          -0.407586,
          0.581642,
          1.905834
        ],
        [
          -0.702913,
          -0.282538,
          0.652752,
          5.625939
        ],
        [
          -0.101717,
          -0.868358,
          -0.485394,
          1.502185
        ],
        [
          0.0,
          0.0,
          0.0,
          1.0
        ]
      ]
    },
    {
      "file_path": "/media/NFS/ttao/scannet/posed_images/scene0624_00/00053.jpg",
      "transform_matrix": [
        [
          0.669948,
          -0.398247,
          0.626554,
          1.909738
        ],
        [
          -0.73643,
          -0.249598,
          0.628786,
          5.624558
        ],
        [
          -0.094026,
          -0.882666,
          -0.460499,
          1.514543
        ],
        [
          0.0,
          0.0,
          0.0,
          1.0
        ]
      ]
    },
    {
      "file_path": "/media/NFS/ttao/scannet/posed_images/scene0624_00/00058.jpg",
      "transform_matrix": [
        [
          0.634187,
          -0.390007,
          0.667609,
          1.925965
        ],
        [
          -0.767128,
          -0.209568,
          0.606297,
          5.619786
        ],
        [
          -0.09655,
          -0.896647,
          -0.432091,
          1.536446
        ],
        [
          0.0,
          0.0,
          0.0,
          1.0
        ]
      ]
    },
    {
      "file_path": "/media/NFS/ttao/scannet/posed_images/scene0624_00/00062.jpg",
      "transform_matrix": [
        [
          0.596631,
          -0.397746,
          0.697015,
          1.944448
        ],
        [
          -0.795564,
          -0.179069,
          0.578803,
          5.614221
        ],
        [
          -0.105403,
          -0.899852,
          -0.42327,
          1.550802
        ],
        [
          0.0,
          0.0,
          0.0,
          1.0
        ]
      ]
    },
    {
      "file_path": "/media/NFS/ttao/scannet/posed_images/scene0624_00/00067.jpg",
      "transform_matrix": [
        [
          0.541286,
          -0.402121,
          0.73845,
          1.959043
        ],
        [
          -0.832949,
          -0.136411,
          0.536272,
          5.601386
        ],
        [
          -0.114913,
          -0.905368,
          -0.408784,
          1.561996
        ],
        [
          0.0,
          0.0,
          0.0,
          1.0
        ]
      ]
    },
    {
      "file_path": "/media/NFS/ttao/scannet/posed_images/scene0624_00/00071.jpg",
      "transform_matrix": [
        [
          0.504516,
          -0.412542,
          0.758468,
          1.971575
        ],
        [
          -0.855354,
          -0.119151,
          0.504155,
          5.576325
        ],
        [
          -0.117613,
          -0.903113,
          -0.412983,
          1.545611
        ],
        [
          0.0,
          0.0,
          0.0,
          1.0
        ]
      ]
    },
    {
      "file_path": "/media/NFS/ttao/scannet/posed_images/scene0624_00/00075.jpg",
      "transform_matrix": [
        [
          0.452461,
          -0.439006,
          0.776243,
          1.979849
        ],
        [
          -0.883872,
          -0.105065,
          0.455776,
          5.578058
        ],
        [
          -0.118533,
          -0.89232,
          -0.435563,
          1.535705
        ],
        [
          0.0,
          0.0,
          0.0,
          1.0
        ]
      ]
    },
    {
      "file_path": "/media/NFS/ttao/scannet/posed_images/scene0624_00/00080.jpg",
      "transform_matrix": [
        [
          0.390554,
          -0.463133,
          0.795598,
          1.998478
        ],
        [
          -0.912936,
          -0.083707,
          0.399427,
          5.562982
        ],
        [
          -0.118391,
          -0.882327,
          -0.455503,
          1.507154
        ],
        [
          0.0,
          0.0,
          0.0,
          1.0
        ]
      ]
    },
    {
      "file_path": "/media/NFS/ttao/scannet/posed_images/scene0624_00/00082.jpg",
      "transform_matrix": [
        [
          0.35921,
          -0.483679,
          0.798137,
          1.996199
        ],
        [
          -0.92573,
          -0.076272,
          0.370413,
          5.558368
        ],
        [
          -0.118286,
          -0.871916,
          -0.475154,
          1.48282
        ],
        [
          0.0,
          0.0,
          0.0,
          1.0
        ]
      ]
    },
    {
      "file_path": "/media/NFS/ttao/scannet/posed_images/scene0624_00/00088.jpg",
      "transform_matrix": [
        [
          0.307247,
          -0.533845,
          0.787788,
          2.001189
        ],
        [
          -0.94321,
          -0.060957,
          0.326555,
          5.54884
        ],
        [
          -0.126309,
          -0.843382,
          -0.522257,
          1.445379
        ],
        [
          0.0,
          0.0,
          0.0,
          1.0
        ]
      ]
    },
    {
      "file_path": "/media/NFS/ttao/scannet/posed_images/scene0624_00/00090.jpg",
      "transform_matrix": [
        [
          0.282809,
          -0.539096,
          0.793344,
          2.001634
        ],
        [
          -0.950693,
          -0.047781,
          0.306432,
          5.542157
        ],
        [
          -0.127289,
          -0.840888,
          -0.526027,
          1.431882
        ],
        [
          0.0,
          0.0,
          0.0,
          1.0
        ]
      ]
    },
    {
      "file_path": "/media/NFS/ttao/scannet/posed_images/scene0624_00/00095.jpg",
      "transform_matrix": [
        [
          0.201657,
          -0.565118,
          0.799985,
          1.997474
        ],
        [
          -0.96929,
          0.00223,
          0.24591,
          5.524503
        ],
        [
          -0.140752,
          -0.825007,
          -0.547313,
          1.407969
        ],
        [
          0.0,
          0.0,
          0.0,
          1.0
        ]
      ]
    },
    {
      "file_path": "/media/NFS/ttao/scannet/posed_images/scene0624_00/00100.jpg",
      "transform_matrix": [
        [
          0.121333,
          -0.596838,
          0.793134,
          1.990187
        ],
        [
          -0.980907,
          0.050252,
          0.187873,
          5.49887
        ],
        [
          -0.151986,
          -0.800786,
          -0.579346,
          1.380848
        ],
        [
          0.0,
          0.0,
          0.0,
          1.0
        ]
      ]
    },
    {
      "file_path": "/media/NFS/ttao/scannet/posed_images/scene0624_00/00105.jpg",
      "transform_matrix": [
        [
          0.052874,
          -0.626233,
          0.777841,
          1.979625
        ],
        [
          -0.985073,
          0.095069,
          0.143499,
          5.460586
        ],
        [
          -0.163812,
          -0.773818,
          -0.611859,
          1.372371
        ],
        [
          0.0,
          0.0,
          0.0,
          1.0
        ]
      ]
    },
    {
      "file_path": "/media/NFS/ttao/scannet/posed_images/scene0624_00/00109.jpg",
      "transform_matrix": [
        [
          0.026565,
          -0.60237,
          0.797775,
          1.954254
        ],
        [
          -0.983106,
          0.128837,
          0.130016,
          5.412057
        ],
        [
          -0.1811,
          -0.787751,
          -0.588771,
          1.379166
        ],
        [
          0.0,
          0.0,
          0.0,
          1.0
        ]
      ]
    },
    {
      "file_path": "/media/NFS/ttao/scannet/posed_images/scene0624_00/00113.jpg",
      "transform_matrix": [
        [
          0.023609,
          -0.57465,
          0.818059,
          1.913606
        ],
        [
          -0.980647,
          0.145773,
          0.1307,
          5.345546
        ],
        [
          -0.194358,
          -0.805312,
          -0.560087,
          1.373759
        ],
        [
          0.0,
          0.0,
          0.0,
          1.0
        ]
      ]
    },
    {
      "file_path": "/media/NFS/ttao/scannet/posed_images/scene0624_00/00117.jpg",
      "transform_matrix": [
        [
          0.027999,
          -0.58197,
          0.812728,
          1.877821
        ],
        [
          -0.98169,
          0.137242,
          0.132095,
          5.280129
        ],
        [
          -0.188415,
          -0.801546,
          -0.567472,
          1.37182
        ],
        [
          0.0,
          0.0,
          0.0,
          1.0
        ]
      ]
    },
    {
      "file_path": "/media/NFS/ttao/scannet/posed_images/scene0624_00/00121.jpg",
      "transform_matrix": [
        [
          0.023469,
          -0.586507,
          0.809604,
          1.848807
        ],
        [
          -0.985601,
          0.122068,
          0.117001,
          5.221908
        ],
        [
          -0.167448,
          -0.800693,
          -0.575197,
          1.376163
        ],
        [
          0.0,
          0.0,
          0.0,
          1.0
        ]
      ]
    },
    {
      "file_path": "/media/NFS/ttao/scannet/posed_images/scene0624_00/00126.jpg",
      "transform_matrix": [
        [
          0.01778,
          -0.574957,
          0.817991,
          1.827757
        ],
        [
          -0.984034,
          0.134839,
          0.116166,
          5.177843
        ],
        [
          -0.177088,
          -0.806996,
          -0.56338,
          1.391519
        ],
        [
          0.0,
          0.0,
          0.0,
          1.0
        ]
      ]
    },
    {
      "file_path": "/media/NFS/ttao/scannet/posed_images/scene0624_00/00132.jpg",
      "transform_matrix": [
        [
          0.05173,
          -0.551193,
          0.832773,
          1.829511
        ],
        [
          -0.979303,
          0.135396,
          0.150447,
          5.149086
        ],
        [
          -0.195679,
          -0.823319,
          -0.53278,
          1.409194
        ],
        [
          0.0,
          0.0,
          0.0,
          1.0
        ]
      ]
    },
    {
      "file_path": "/media/NFS/ttao/scannet/posed_images/scene0624_00/00135.jpg",
      "transform_matrix": [
        [
          0.070357,
          -0.542623,
          0.837025,
          1.845667
        ],
        [
          -0.978128,
          0.127132,
          0.164634,
          5.141505
        ],
        [
          -0.195746,
          -0.8303,
          -0.52181,
          1.412564
        ],
        [
          0.0,
          0.0,
          0.0,
          1.0
        ]
      ]
    },
    {
      "file_path": "/media/NFS/ttao/scannet/posed_images/scene0624_00/00138.jpg",
      "transform_matrix": [
        [
          0.082802,
          -0.538505,
          0.838544,
          1.873435
        ],
        [
          -0.980677,
          0.105625,
          0.164668,
          5.132533
        ],
        [
          -0.177245,
          -0.835976,
          -0.519354,
          1.416511
        ],
        [
          0.0,
          0.0,
          0.0,
          1.0
        ]
      ]
    },
    {
      "file_path": "/media/NFS/ttao/scannet/posed_images/scene0624_00/00141.jpg",
      "transform_matrix": [
        [
          0.084278,
          -0.523886,
          0.847609,
          1.907075
        ],
        [
          -0.985638,
          0.081093,
          0.148124,
          5.133
        ],
        [
          -0.146335,
          -0.84792,
          -0.509528,
          1.418907
        ],
        [
          0.0,
          0.0,
          0.0,
          1.0
        ]
      ]
    },
    {
      "file_path": "/media/NFS/ttao/scannet/posed_images/scene0624_00/00149.jpg",
      "transform_matrix": [
        [
          0.120876,
          -0.494972,
          0.860461,
          2.01138
        ],
        [
          -0.986488,
          0.036671,
          0.159675,
          5.113531
        ],
        [
          -0.110588,
          -0.868135,
          -0.483851,
          1.436308
        ],
        [
          0.0,
          0.0,
          0.0,
          1.0
        ]
      ]
    },
    {
      "file_path": "/media/NFS/ttao/scannet/posed_images/scene0624_00/00151.jpg",
      "transform_matrix": [
        [
          0.133826,
          -0.505867,
          0.852168,
          2.036394
        ],
        [
          -0.983889,
          0.035043,
          0.175314,
          5.103252
        ],
        [
          -0.118548,
          -0.861899,
          -0.493027,
          1.441411
        ],
        [
          0.0,
          0.0,
          0.0,
          1.0
        ]
      ]
    },
    {
      "file_path": "/media/NFS/ttao/scannet/posed_images/scene0624_00/00158.jpg",
      "transform_matrix": [
        [
          0.169052,
          -0.508092,
          0.844549,
          2.11004
        ],
        [
          -0.969802,
          0.067091,
          0.234486,
          5.054699
        ],
        [
          -0.175802,
          -0.858686,
          -0.481407,
          1.445422
        ],
        [
          0.0,
          0.0,
          0.0,
          1.0
        ]
      ]
    },
    {
      "file_path": "/media/NFS/ttao/scannet/posed_images/scene0624_00/00160.jpg",
      "transform_matrix": [
        [
          0.180437,
          -0.509316,
          0.841451,
          2.123596
        ],
        [
          -0.966963,
          0.064764,
          0.246552,
          5.038824
        ],
        [
          -0.180069,
          -0.858139,
          -0.480804,
          1.444897
        ],
        [
          0.0,
          0.0,
          0.0,
          1.0
        ]
      ]
    },
    {
      "file_path": "/media/NFS/ttao/scannet/posed_images/scene0624_00/00165.jpg",
      "transform_matrix": [
        [
          0.222597,
          -0.46758,
          0.855464,
          2.150721
        ],
        [
          -0.956328,
          0.065782,
          0.284797,
          4.983709
        ],
        [
          -0.189439,
          -0.881499,
          -0.432517,
          1.463024
        ],
        [
          0.0,
          0.0,
          0.0,
          1.0
        ]
      ]
    },
    {
      "file_path": "/media/NFS/ttao/scannet/posed_images/scene0624_00/00169.jpg",
      "transform_matrix": [
        [
          0.242358,
          -0.427884,
          0.870734,
          2.154235
        ],
        [
          -0.953059,
          0.062895,
          0.296179,
          4.938324
        ],
        [
          -0.181495,
          -0.901643,
          -0.392555,
          1.47985
        ],
        [
          0.0,
          0.0,
          0.0,
          1.0
        ]
      ]
    },
    {
      "file_path": "/media/NFS/ttao/scannet/posed_images/scene0624_00/00175.jpg",
      "transform_matrix": [
        [
          0.233545,
          -0.347069,
          0.908295,
          2.156248
        ],
        [
          -0.962777,
          0.048191,
          0.265968,
          4.863917
        ],
        [
          -0.136081,
          -0.936601,
          -0.322896,
          1.493065
        ],
        [
          0.0,
          0.0,
          0.0,
          1.0
        ]
      ]
    },
    {
      "file_path": "/media/NFS/ttao/scannet/posed_images/scene0624_00/00179.jpg",
      "transform_matrix": [
        [
          0.228583,
          -0.35598,
          0.906106,
          2.165024
        ],
        [
          -0.963747,
          0.048835,
          0.26231,
          4.834755
        ],
        [
          -0.137627,
          -0.933217,
          -0.331911,
          1.504737
        ],
        [
          0.0,
          0.0,
          0.0,
          1.0
        ]
      ]
    },
    {
      "file_path": "/media/NFS/ttao/scannet/posed_images/scene0624_00/00180.jpg",
      "transform_matrix": [
        [
          0.226534,
          -0.366196,
          0.902543,
          2.177029
        ],
        [
          -0.963158,
          0.053677,
          0.263527,
          4.826237
        ],
        [
          -0.144948,
          -0.928989,
          -0.340544,
          1.527739
        ],
        [
          0.0,
          0.0,
          0.0,
          1.0
        ]
      ]
    },
    {
      "file_path": "/media/NFS/ttao/scannet/posed_images/scene0624_00/00187.jpg",
      "transform_matrix": [
        [
          0.215774,
          -0.349064,
          0.911919,
          2.196985
        ],
        [
          -0.96548,
          0.063287,
          0.252672,
          4.806728
        ],
        [
          -0.145911,
          -0.93496,
          -0.323359,
          1.545496
        ],
        [
          0.0,
          0.0,
          0.0,
          1.0
        ]
      ]
    },
    {
      "file_path": "/media/NFS/ttao/scannet/posed_images/scene0624_00/00191.jpg",
      "transform_matrix": [
        [
          0.197952,
          -0.3431,
          0.918203,
          2.211742
        ],
        [
          -0.970041,
          0.066019,
          0.233797,
          4.808995
        ],
        [
          -0.140835,
          -0.936976,
          -0.319753,
          1.557696
        ],
        [
          0.0,
          0.0,
          0.0,
          1.0
        ]
      ]
    },
    {
      "file_path": "/media/NFS/ttao/scannet/posed_images/scene0624_00/00197.jpg",
      "transform_matrix": [
        [
          0.185737,
          -0.329588,
          0.925675,
          2.225391
        ],
        [
          -0.969972,
          0.089044,
          0.22633,
          4.805431
        ],
        [
          -0.157022,
          -0.939916,
          -0.303152,
          1.567999
        ],
        [
          0.0,
          0.0,
          0.0,
          1.0
        ]
      ]
    },
    {
      "file_path": "/media/NFS/ttao/scannet/posed_images/scene0624_00/00200.jpg",
      "transform_matrix": [
        [
          0.184275,
          -0.327377,
          0.926751,
          2.239184
        ],
        [
          -0.969975,
          0.091692,
          0.22526,
          4.816819
        ],
        [
          -0.15872,
          -0.940434,
          -0.300651,
          1.592149
        ],
        [
          0.0,
          0.0,
          0.0,
          1.0
        ]
      ]
    },
    {
      "file_path": "/media/NFS/ttao/scannet/posed_images/scene0624_00/00204.jpg",
      "transform_matrix": [
        [
          0.174698,
          -0.303285,
          0.936749,
          2.241829
        ],
        [
          -0.973745,
          0.087803,
          0.210025,
          4.823524
        ],
        [
          -0.145947,
          -0.948846,
          -0.279983,
          1.600058
        ],
        [
          0.0,
          0.0,
          0.0,
          1.0
        ]
      ]
    },
    {
      "file_path": "/media/NFS/ttao/scannet/posed_images/scene0624_00/00209.jpg",
      "transform_matrix": [
        [
          0.158648,
          -0.298043,
          0.941276,
          2.250489
        ],
        [
          -0.978781,
          0.077746,
          0.189587,
          4.826804
        ],
        [
          -0.129686,
          -0.951381,
          -0.279384,
          1.604663
        ],
        [
          0.0,
          0.0,
          0.0,
          1.0
        ]
      ]
    },
    {
      "file_path": "/media/NFS/ttao/scannet/posed_images/scene0624_00/00214.jpg",
      "transform_matrix": [
        [
          0.150373,
          -0.295375,
          0.943473,
          2.255471
        ],
        [
          -0.980493,
          0.077628,
          0.180576,
          4.83461
        ],
        [
          -0.126578,
          -0.952222,
          -0.27794,
          1.63263
        ],
        [
          0.0,
          0.0,
          0.0,
          1.0
        ]
      ]
    },
    {
      "file_path": "/media/NFS/ttao/scannet/posed_images/scene0624_00/00215.jpg",
      "transform_matrix": [
        [
          0.14667,
          -0.294246,
          0.944408,
          2.256991
        ],
        [
          -0.981147,
          0.078196,
          0.176739,
          4.837853
        ],
        [
          -0.125854,
          -0.952525,
          -0.27723,
          1.633001
        ],
        [
          0.0,
          0.0,
          0.0,
          1.0
        ]
      ]
    },
    {
      "file_path": "/media/NFS/ttao/scannet/posed_images/scene0624_00/00223.jpg",
      "transform_matrix": [
        [
          0.098133,
          -0.242246,
          0.965239,
          2.268597
        ],
        [
          -0.98869,
          0.086803,
          0.122302,
          4.844638
        ],
        [
          -0.113413,
          -0.966324,
          -0.230988,
          1.662603
        ],
        [
          0.0,
          0.0,
          0.0,
          1.0
        ]
      ]
    },
    {
      "file_path": "/media/NFS/ttao/scannet/posed_images/scene0624_00/00227.jpg",
      "transform_matrix": [
        [
          0.048365,
          -0.226822,
          0.972735,
          2.277571
        ],
        [
          -0.993408,
          0.090406,
          0.070474,
          4.855218
        ],
        [
          -0.103927,
          -0.969731,
          -0.220955,
          1.677249
        ],
        [
          0.0,
          0.0,
          0.0,
          1.0
        ]
      ]
    },
    {
      "file_path": "/media/NFS/ttao/scannet/posed_images/scene0624_00/00230.jpg",
      "transform_matrix": [
        [
          0.012149,
          -0.222957,
          0.974753,
          2.279796
        ],
        [
          -0.995763,
          0.086159,
          0.032118,
          4.889296
        ],
        [
          -0.091144,
          -0.971013,
          -0.220966,
          1.686372
        ],
        [
          0.0,
          0.0,
          0.0,
          1.0
        ]
      ]
    },
    {
      "file_path": "/media/NFS/ttao/scannet/posed_images/scene0624_00/00232.jpg",
      "transform_matrix": [
        [
          -0.003451,
          -0.210629,
          0.97756,
          2.275005
        ],
        [
          -0.996377,
          0.083793,
          0.014537,
          4.876111
        ],
        [
          -0.084975,
          -0.973968,
          -0.210155,
          1.677705
        ],
        [
          0.0,
          0.0,
          0.0,
          1.0
        ]
      ]
    },
    {
      "file_path": "/media/NFS/ttao/scannet/posed_images/scene0624_00/00238.jpg",
      "transform_matrix": [
        [
          -0.053588,
          -0.176855,
          0.982777,
          2.284643
        ],
        [
          -0.996714,
          0.069336,
          -0.041871,
          4.900563
        ],
        [
          -0.060736,
          -0.981792,
          -0.179989,
          1.703649
        ],
        [
          0.0,
          0.0,
          0.0,
          1.0
        ]
      ]
    },
    {
      "file_path": "/media/NFS/ttao/scannet/posed_images/scene0624_00/00241.jpg",
      "transform_matrix": [
        [
          -0.055876,
          -0.151838,
          0.986825,
          2.285054
        ],
        [
          -0.996872,
          0.063813,
          -0.046627,
          4.894174
        ],
        [
          -0.055892,
          -0.986343,
          -0.154929,
          1.719457
        ],
        [
          0.0,
          0.0,
          0.0,
          1.0
        ]
      ]
    },
    {
      "file_path": "/media/NFS/ttao/scannet/posed_images/scene0624_00/00248.jpg",
      "transform_matrix": [
        [
          -0.09126,
          -0.094369,
          0.991346,
          2.271412
        ],
        [
          -0.994433,
          0.061303,
          -0.085708,
          4.889889
        ],
        [
          -0.052685,
          -0.993648,
          -0.099439,
          1.726664
        ],
        [
          0.0,
          0.0,
          0.0,
          1.0
        ]
      ]
    },
    {
      "file_path": "/media/NFS/ttao/scannet/posed_images/scene0624_00/00251.jpg",
      "transform_matrix": [
        [
          -0.125551,
          -0.08074,
          0.988796,
          2.275792
        ],
        [
          -0.991203,
          0.052291,
          -0.121587,
          4.918955
        ],
        [
          -0.041888,
          -0.995363,
          -0.086595,
          1.720854
        ],
        [
          0.0,
          0.0,
          0.0,
          1.0
        ]
      ]
    },
    {
      "file_path": "/media/NFS/ttao/scannet/posed_images/scene0624_00/00254.jpg",
      "transform_matrix": [
        [
          -0.138534,
          -0.072598,
          0.987693,
          2.280374
        ],
        [
          -0.989255,
          0.057198,
          -0.134549,
          4.895544
        ],
        [
          -0.046726,
          -0.99572,
          -0.079742,
          1.728648
        ],
        [
          0.0,
          0.0,
          0.0,
          1.0
        ]
      ]
    },
    {
      "file_path": "/media/NFS/ttao/scannet/posed_images/scene0624_00/00262.jpg",
      "transform_matrix": [
        [
          -0.20608,
          -0.031832,
          0.978018,
          2.2734
        ],
        [
          -0.977034,
          0.062044,
          -0.203853,
          4.900838
        ],
        [
          -0.054191,
          -0.997566,
          -0.043887,
          1.707586
        ],
        [
          0.0,
          0.0,
          0.0,
          1.0
        ]
      ]
    },
    {
      "file_path": "/media/NFS/ttao/scannet/posed_images/scene0624_00/00263.jpg",
      "transform_matrix": [
        [
          -0.214945,
          -0.030746,
          0.976142,
          2.268253
        ],
        [
          -0.975302,
          0.058794,
          -0.212908,
          4.902599
        ],
        [
          -0.050845,
          -0.997796,
          -0.042624,
          1.702863
        ],
        [
          0.0,
          0.0,
          0.0,
          1.0
        ]
      ]
    },
    {
      "file_path": "/media/NFS/ttao/scannet/posed_images/scene0624_00/00267.jpg",
      "transform_matrix": [
        [
          -0.259744,
          -0.04351,
          0.964697,
          2.29404
        ],
        [
          -0.964454,
          0.061954,
          -0.256884,
          4.904555
        ],
        [
          -0.04859,
          -0.99713,
          -0.058056,
          1.739852
        ],
        [
          0.0,
          0.0,
          0.0,
          1.0
        ]
      ]
    },
    {
      "file_path": "/media/NFS/ttao/scannet/posed_images/scene0624_00/00271.jpg",
      "transform_matrix": [
        [
          -Infinity,
          -Infinity,
          -Infinity,
          -Infinity
        ],
        [
          -Infinity,
          -Infinity,
          -Infinity,
          -Infinity
        ],
        [
          -Infinity,
          -Infinity,
          -Infinity,
          -Infinity
        ],
        [
          -Infinity,
          -Infinity,
          -Infinity,
          -Infinity
        ]
      ]
    },
    {
      "file_path": "/media/NFS/ttao/scannet/posed_images/scene0624_00/00279.jpg",
      "transform_matrix": [
        [
          -Infinity,
          -Infinity,
          -Infinity,
          -Infinity
        ],
        [
          -Infinity,
          -Infinity,
          -Infinity,
          -Infinity
        ],
        [
          -Infinity,
          -Infinity,
          -Infinity,
          -Infinity
        ],
        [
          -Infinity,
          -Infinity,
          -Infinity,
          -Infinity
        ]
      ]
    },
    {
      "file_path": "/media/NFS/ttao/scannet/posed_images/scene0624_00/00283.jpg",
      "transform_matrix": [
        [
          -0.383381,
          -0.15363,
          0.910724,
          2.260911
        ],
        [
          -0.919076,
          -0.033911,
          -0.392617,
          4.904863
        ],
        [
          0.091202,
          -0.987546,
          -0.128197,
          1.742721
        ],
        [
          0.0,
          0.0,
          0.0,
          1.0
        ]
      ]
    },
    {
      "file_path": "/media/NFS/ttao/scannet/posed_images/scene0624_00/00284.jpg",
      "transform_matrix": [
        [
          -0.395569,
          -0.154333,
          0.905376,
          2.256879
        ],
        [
          -0.913797,
          -0.03282,
          -0.404843,
          4.91261
        ],
        [
          0.092195,
          -0.987474,
          -0.128047,
          1.732235
        ],
        [
          0.0,
          0.0,
          0.0,
          1.0
        ]
      ]
    },
    {
      "file_path": "/media/NFS/ttao/scannet/posed_images/scene0624_00/00292.jpg",
      "transform_matrix": [
        [
          -0.45281,
          -0.196621,
          0.869657,
          2.276865
        ],
        [
          -0.887011,
          0.000434,
          -0.461748,
          4.93218
        ],
        [
          0.090412,
          -0.980479,
          -0.174601,
          1.72775
        ],
        [
          0.0,
          0.0,
          0.0,
          1.0
        ]
      ]
    },
    {
      "file_path": "/media/NFS/ttao/scannet/posed_images/scene0624_00/00293.jpg",
      "transform_matrix": [
        [
          -0.456595,
          -0.201519,
          0.866551,
          2.27792
        ],
        [
          -0.885184,
          0.005155,
          -0.465214,
          4.934475
        ],
        [
          0.089283,
          -0.979471,
          -0.180735,
          1.722548
        ],
        [
          0.0,
          0.0,
          0.0,
          1.0
        ]
      ]
    },
    {
      "file_path": "/media/NFS/ttao/scannet/posed_images/scene0624_00/00300.jpg",
      "transform_matrix": [
        [
          -0.513443,
          -0.248685,
          0.821299,
          2.30732
        ],
        [
          -0.854698,
          0.062768,
          -0.515317,
          4.959663
        ],
        [
          0.0766,
          -0.966549,
          -0.244778,
          1.662892
        ],
        [
          0.0,
          0.0,
          0.0,
          1.0
        ]
      ]
    },
    {
      "file_path": "/media/NFS/ttao/scannet/posed_images/scene0624_00/00302.jpg",
      "transform_matrix": [
        [
          -0.523106,
          -0.266847,
          0.809415,
          2.305102
        ],
        [
          -0.849232,
          0.08312,
          -0.521437,
          4.954613
        ],
        [
          0.071865,
          -0.960148,
          -0.270096,
          1.642813
        ],
        [
          0.0,
          0.0,
          0.0,
          1.0
        ]
      ]
    },
    {
      "file_path": "/media/NFS/ttao/scannet/posed_images/scene0624_00/00309.jpg",
      "transform_matrix": [
        [
          -0.587835,
          -0.312781,
          0.746069,
          2.332322
        ],
        [
          -0.804234,
          0.126184,
          -0.580763,
          4.971191
        ],
        [
          0.087509,
          -0.941406,
          -0.325725,
          1.593609
        ],
        [
          0.0,
          0.0,
          0.0,
          1.0
        ]
      ]
    },
    {
      "file_path": "/media/NFS/ttao/scannet/posed_images/scene0624_00/00314.jpg",
      "transform_matrix": [
        [
          -0.632346,
          -0.326971,
          0.702302,
          2.33623
        ],
        [
          -0.770055,
          0.166319,
          -0.615916,
          4.970758
        ],
        [
          0.084581,
          -0.930284,
          -0.356957,
          1.562835
        ],
        [
          0.0,
          0.0,
          0.0,
          1.0
        ]
      ]
    },
    {
      "file_path": "/media/NFS/ttao/scannet/posed_images/scene0624_00/00317.jpg",
      "transform_matrix": [
        [
          -0.658142,
          -0.313998,
          0.684291,
          2.340535
        ],
        [
          -0.748605,
          0.176044,
          -0.639218,
          4.967546
        ],
        [
          0.080248,
          -0.93296,
          -0.350922,
          1.561944
        ],
        [
          0.0,
          0.0,
          0.0,
          1.0
        ]
      ]
    },
    {
      "file_path": "/media/NFS/ttao/scannet/posed_images/scene0624_00/00321.jpg",
      "transform_matrix": [
        [
          -0.678216,
          -0.302833,
          0.669564,
          2.340597
        ],
        [
          -0.730023,
          0.173246,
          -0.661099,
          4.951913
        ],
        [
          0.084204,
          -0.937165,
          -0.338573,
          1.562112
        ],
        [
          0.0,
          0.0,
          0.0,
          1.0
        ]
      ]
    },
    {
      "file_path": "/media/NFS/ttao/scannet/posed_images/scene0624_00/00324.jpg",
      "transform_matrix": [
        [
          -0.684339,
          -0.289834,
          0.669086,
          2.352468
        ],
        [
          -0.724435,
          0.165921,
          -0.669077,
          4.938338
        ],
        [
          0.082905,
          -0.942585,
          -0.323512,
          1.577838
        ],
        [
          0.0,
          0.0,
          0.0,
          1.0
        ]
      ]
    },
    {
      "file_path": "/media/NFS/ttao/scannet/posed_images/scene0624_00/00330.jpg",
      "transform_matrix": [
        [
          -0.682938,
          -0.237257,
          0.690873,
          2.357526
        ],
        [
          -0.727201,
          0.131351,
          -0.67374,
          4.896911
        ],
        [
          0.069103,
          -0.962526,
          -0.262238,
          1.611387
        ],
        [
          0.0,
          0.0,
          0.0,
          1.0
        ]
      ]
    },
    {
      "file_path": "/media/NFS/ttao/scannet/posed_images/scene0624_00/00332.jpg",
      "transform_matrix": [
        [
          -0.69133,
          -0.221484,
          0.687756,
          2.357419
        ],
        [
          -0.719335,
          0.12144,
          -0.683965,
