{
  "frames": [
    {
      "file_path": "/media/NFS/ttao/scannet/posed_images/scene0197_02/00000.jpg",
      "transform_matrix": [
        [
          -0.829131,
          -0.028595,
          -0.558322,
          1.552791
        ],
        [
          0.558906,
          -0.01939,
          -0.829005,
          4.28
        ],
        [
          0.012879,
          -0.999403,
          0.032059,
          1.642226
        ],
        [
          0.0,
          0.0,
          0.0,
          1.0
        ]
      ]
    },
    {
      "file_path": "/media/NFS/ttao/scannet/posed_images/scene0197_02/00007.jpg",
      "transform_matrix": [
        [
          -0.815027,
          -0.011864,
          -0.579302,
          1.549505
        ],
        [
          0.579307,
          0.003385,
          -0.815103,
          4.277132
        ],
        [
          0.011631,
          -0.999924,
          0.004114,
          1.638588
        ],
        [
          0.0,
          0.0,
          0.0,
          1.0
        ]
      ]
    },
    {
      "file_path": "/media/NFS/ttao/scannet/posed_images/scene0197_02/00010.jpg",
      "transform_matrix": [
        [
          -0.813638,
          -0.00531,
          -0.581347,
          1.550297
        ],
        [
          0.581277,
          0.010625,
          -0.813637,
          4.276719
        ],
        [
          0.010497,
          -0.999929,
          -0.005558,
          1.643475
        ],
        [
          0.0,
          0.0,
          0.0,
          1.0
        ]
      ]
    },
    {
      "file_path": "/media/NFS/ttao/scannet/posed_images/scene0197_02/00012.jpg",
      "transform_matrix": [
        [
          -0.813988,
          -0.005979,
          -0.580852,
          1.551865
        ],
        [
          0.580676,
          0.018254,
          -0.81393,
          4.275431
        ],
        [
          0.01547,
          -0.999816,
          -0.011387,
          1.640267
        ],
        [
          0.0,
          0.0,
          0.0,
          1.0
        ]
      ]
    },
    {
      "file_path": "/media/NFS/ttao/scannet/posed_images/scene0197_02/00019.jpg",
      "transform_matrix": [
        [
          -0.806144,
          0.023471,
          -0.591254,
          1.548382
        ],
        [
          0.591417,
          0.063912,
          -0.803829,
          4.26312
        ],
        [
          0.018921,
          -0.997679,
          -0.065403,
          1.625211
        ],
        [
          0.0,
          0.0,
          0.0,
          1.0
        ]
      ]
    },
    {
      "file_path": "/media/NFS/ttao/scannet/posed_images/scene0197_02/00022.jpg",
      "transform_matrix": [
        [
          -0.803802,
          0.03231,
          -0.594019,
          1.547293
        ],
        [
          0.594542,
          0.078139,
          -0.800259,
          4.261191
        ],
        [
          0.02056,
          -0.996419,
          -0.082018,
          1.609556
        ],
        [
          0.0,
          0.0,
          0.0,
          1.0
        ]
      ]
    },
    {
      "file_path": "/media/NFS/ttao/scannet/posed_images/scene0197_02/00030.jpg",
      "transform_matrix": [
        [
          -0.785976,
          0.114938,
          -0.607479,
          1.534853
        ],
        [
          0.618099,
          0.168272,
          -0.767879,
          4.24513
        ],
        [
          0.013963,
          -0.979017,
          -0.203301,
          1.553162
        ],
        [
          0.0,
          0.0,
          0.0,
          1.0
        ]
      ]
    },
    {
      "file_path": "/media/NFS/ttao/scannet/posed_images/scene0197_02/00033.jpg",
      "transform_matrix": [
        [
          -0.785392,
          0.154326,
          -0.599452,
          1.52938
        ],
        [
          0.618982,
          0.188734,
          -0.762392,
          4.240252
        ],
        [
          -0.00452,
          -0.969826,
          -0.243755,
          1.538633
        ],
        [
          0.0,
          0.0,
          0.0,
          1.0
        ]
      ]
    },
    {
      "file_path": "/media/NFS/ttao/scannet/posed_images/scene0197_02/00036.jpg",
      "transform_matrix": [
        [
          -0.781156,
          0.174786,
          -0.599371,
          1.52549
        ],
        [
          0.624318,
          0.211193,
          -0.752081,
          4.233732
        ],
        [
          -0.00487,
          -0.96169,
          -0.274097,
          1.527574
        ],
        [
          0.0,
          0.0,
          0.0,
          1.0
        ]
      ]
    },
    {
      "file_path": "/media/NFS/ttao/scannet/posed_images/scene0197_02/00044.jpg",
      "transform_matrix": [
        [
          -0.755324,
          0.215412,
          -0.618937,
          1.522089
        ],
        [
          0.655154,
          0.271425,
          -0.705055,
          4.218531
        ],
        [
          0.016118,
          -0.938044,
          -0.346141,
          1.488295
        ],
        [
          0.0,
          0.0,
          0.0,
          1.0
        ]
      ]
    },
    {
      "file_path": "/media/NFS/ttao/scannet/posed_images/scene0197_02/00046.jpg",
      "transform_matrix": [
        [
          -0.755156,
          0.231649,
          -0.613252,
          1.520023
        ],
        [
          0.65545,
          0.282782,
          -0.7003,
          4.216912
        ],
        [
          0.011193,
          -0.930791,
          -0.365379,
          1.482051
        ],
        [
          0.0,
          0.0,
          0.0,
          1.0
        ]
      ]
    },
    {
      "file_path": "/media/NFS/ttao/scannet/posed_images/scene0197_02/00052.jpg",
      "transform_matrix": [
        [
          -0.746525,
          0.25427,
          -0.614856,
          1.519216
        ],
        [
          0.664885,
          0.319929,
          -0.674962,
          4.206925
        ],
        [
          0.025087,
          -0.912684,
          -0.407895,
          1.46213
        ],
        [
          0.0,
          0.0,
          0.0,
          1.0
        ]
      ]
    },
    {
      "file_path": "/media/NFS/ttao/scannet/posed_images/scene0197_02/00058.jpg",
      "transform_matrix": [
        [
          -0.73453,
          0.274422,
          -0.620611,
          1.519004
        ],
        [
          0.678084,
          0.331642,
          -0.655908,
          4.199492
        ],
        [
          0.025825,
          -0.902611,
          -0.429682,
          1.444497
        ],
        [
          0.0,
          0.0,
          0.0,
          1.0
        ]
      ]
    },
    {
      "file_path": "/media/NFS/ttao/scannet/posed_images/scene0197_02/00062.jpg",
      "transform_matrix": [
        [
          -0.72611,
          0.296297,
          -0.620461,
          1.519285
        ],
        [
          0.687304,
          0.338253,
          -0.642805,
          4.193146
        ],
        [
          0.019412,
          -0.893193,
          -0.449255,
          1.438045
        ],
        [
          0.0,
          0.0,
          0.0,
          1.0
        ]
      ]
    },
    {
      "file_path": "/media/NFS/ttao/scannet/posed_images/scene0197_02/00063.jpg",
      "transform_matrix": [
        [
          -0.723228,
          0.301674,
          -0.621235,
          1.519744
        ],
        [
          0.690425,
          0.336583,
          -0.640332,
          4.191023
        ],
        [
          0.015926,
          -0.892023,
          -0.45171,
          1.436893
        ],
        [
          0.0,
          0.0,
          0.0,
          1.0
        ]
      ]
    },
    {
      "file_path": "/media/NFS/ttao/scannet/posed_images/scene0197_02/00072.jpg",
      "transform_matrix": [
        [
          -0.662573,
          0.268,
          -0.699409,
          1.531642
        ],
        [
          0.748918,
          0.250684,
          -0.613417,
          4.186621
        ],
        [
          0.010935,
          -0.930233,
          -0.366806,
          1.462047
        ],
        [
          0.0,
          0.0,
          0.0,
          1.0
        ]
      ]
    },
    {
      "file_path": "/media/NFS/ttao/scannet/posed_images/scene0197_02/00073.jpg",
      "transform_matrix": [
        [
          -0.654882,
          0.263859,
          -0.708172,
          1.53374
        ],
        [
          0.755678,
          0.239801,
          -0.609465,
          4.18541
        ],
        [
          0.009008,
          -0.934277,
          -0.356434,
          1.466263
        ],
        [
          0.0,
          0.0,
          0.0,
          1.0
        ]
      ]
    },
    {
      "file_path": "/media/NFS/ttao/scannet/posed_images/scene0197_02/00080.jpg",
      "transform_matrix": [
        [
          -0.60409,
          0.214679,
          -0.767456,
          1.553081
        ],
        [
          0.796914,
          0.164918,
          -0.581146,
          4.179768
        ],
        [
          0.001808,
          -0.96266,
          -0.270706,
          1.500261
        ],
        [
          0.0,
          0.0,
          0.0,
          1.0
        ]
      ]
    },
    {
      "file_path": "/media/NFS/ttao/scannet/posed_images/scene0197_02/00083.jpg",
      "transform_matrix": [
        [
          -0.585478,
          0.190668,
          -0.787947,
          1.562293
        ],
        [
          0.810676,
          0.132351,
          -0.57034,
          4.177622
        ],
        [
          -0.00446,
          -0.972692,
          -0.232059,
          1.514556
        ],
        [
          0.0,
          0.0,
          0.0,
          1.0
        ]
      ]
    },
    {
      "file_path": "/media/NFS/ttao/scannet/posed_images/scene0197_02/00090.jpg",
      "transform_matrix": [
        [
          -0.551719,
          0.119637,
          -0.825405,
          1.577435
        ],
        [
          0.833936,
          0.09399,
          -0.543798,
          4.185585
        ],
        [
          0.012521,
          -0.988359,
          -0.151625,
          1.547587
        ],
        [
          0.0,
          0.0,
          0.0,
          1.0
        ]
      ]
    },
    {
      "file_path": "/media/NFS/ttao/scannet/posed_images/scene0197_02/00091.jpg",
      "transform_matrix": [
        [
          -0.552748,
          0.104476,
          -0.826774,
          1.581371
        ],
        [
          0.83316,
          0.090378,
          -0.545597,
          4.189402
        ],
        [
          0.01772,
          -0.990412,
          -0.137002,
          1.551299
        ],
        [
          0.0,
          0.0,
          0.0,
          1.0
        ]
      ]
    },
    {
      "file_path": "/media/NFS/ttao/scannet/posed_images/scene0197_02/00097.jpg",
      "transform_matrix": [
        [
          -0.551647,
          0.049293,
          -0.83262,
          1.600885
        ],
        [
          0.833741,
          0.060944,
          -0.548782,
          4.219996
        ],
        [
          0.023692,
          -0.996923,
          -0.074718,
          1.572052
        ],
        [
          0.0,
          0.0,
          0.0,
          1.0
        ]
      ]
    },
    {
      "file_path": "/media/NFS/ttao/scannet/posed_images/scene0197_02/00103.jpg",
      "transform_matrix": [
        [
          -0.542345,
          0.021661,
          -0.839877,
          1.607616
        ],
        [
          0.839914,
          0.037972,
          -0.541389,
          4.267241
        ],
        [
          0.020165,
          -0.999044,
          -0.038787,
          1.585419
        ],
        [
          0.0,
          0.0,
          0.0,
          1.0
        ]
      ]
    },
    {
      "file_path": "/media/NFS/ttao/scannet/posed_images/scene0197_02/00108.jpg",
      "transform_matrix": [
        [
          -0.534068,
          0.010377,
          -0.845378,
          1.611232
        ],
        [
          0.845308,
          0.024344,
          -0.533725,
          4.307319
        ],
        [
          0.015042,
          -0.99965,
          -0.021774,
          1.597403
        ],
        [
          0.0,
          0.0,
          0.0,
          1.0
        ]
      ]
    },
    {
      "file_path": "/media/NFS/ttao/scannet/posed_images/scene0197_02/00109.jpg",
      "transform_matrix": [
        [
          -0.534129,
          0.009596,
          -0.845349,
          1.612158
        ],
        [
          0.845263,
          0.024253,
          -0.5338,
          4.315827
        ],
        [
          0.01538,
          -0.99966,
          -0.021065,
          1.597879
        ],
        [
          0.0,
          0.0,
          0.0,
          1.0
        ]
      ]
    },
    {
      "file_path": "/media/NFS/ttao/scannet/posed_images/scene0197_02/00115.jpg",
      "transform_matrix": [
        [
          -0.504683,
          0.011254,
          -0.863232,
          1.615254
        ],
        [
          0.862967,
          0.034567,
          -0.504077,
          4.355149
        ],
        [
          0.024167,
          -0.999339,
          -0.027157,
          1.59367
        ],
        [
          0.0,
          0.0,
          0.0,
          1.0
        ]
      ]
    },
    {
      "file_path": "/media/NFS/ttao/scannet/posed_images/scene0197_02/00119.jpg",
      "transform_matrix": [
        [
          -0.47459,
          0.024596,
          -0.879863,
          1.611648
        ],
        [
          0.879629,
          0.04947,
          -0.473081,
          4.37688
        ],
        [
          0.031891,
          -0.998473,
          -0.045113,
          1.590328
        ],
        [
          0.0,
          0.0,
          0.0,
          1.0
        ]
      ]
    },
    {
      "file_path": "/media/NFS/ttao/scannet/posed_images/scene0197_02/00123.jpg",
      "transform_matrix": [
        [
          -0.449198,
          0.041594,
          -0.892463,
          1.610808
        ],
        [
          0.892673,
          0.062075,
          -0.44641,
          4.398636
        ],
        [
          0.036831,
          -0.997204,
          -0.065014,
          1.587385
        ],
        [
          0.0,
          0.0,
          0.0,
          1.0
        ]
      ]
    },
    {
      "file_path": "/media/NFS/ttao/scannet/posed_images/scene0197_02/00131.jpg",
      "transform_matrix": [
        [
          -0.422794,
          0.103011,
          -0.900352,
          1.611853
        ],
        [
          0.905561,
          0.086065,
          -0.415393,
          4.424373
        ],
        [
          0.034699,
          -0.99095,
          -0.129671,
          1.563502
        ],
        [
          0.0,
          0.0,
          0.0,
          1.0
        ]
      ]
    },
    {
      "file_path": "/media/NFS/ttao/scannet/posed_images/scene0197_02/00135.jpg",
      "transform_matrix": [
        [
          -0.421285,
          0.120517,
          -0.898885,
          1.617056
        ],
        [
          0.906195,
          0.095785,
          -0.411869,
          4.428499
        ],
        [
          0.036462,
          -0.988079,
          -0.149565,
          1.555348
        ],
        [
          0.0,
          0.0,
          0.0,
          1.0
        ]
      ]
    },
    {
      "file_path": "/media/NFS/ttao/scannet/posed_images/scene0197_02/00141.jpg",
      "transform_matrix": [
        [
          -0.420678,
          0.158704,
          -0.893221,
          1.624732
        ],
        [
          0.906949,
          0.097204,
          -0.409872,
          4.422061
        ],
        [
          0.021777,
          -0.98253,
          -0.184828,
          1.530198
        ],
        [
          0.0,
          0.0,
          0.0,
          1.0
        ]
      ]
    },
    {
      "file_path": "/media/NFS/ttao/scannet/posed_images/scene0197_02/00142.jpg",
      "transform_matrix": [
        [
          -0.419067,
          0.164818,
          -0.892871,
          1.625481
        ],
        [
          0.907687,
          0.09997,
          -0.407567,
          4.419538
        ],
        [
          0.022086,
          -0.981245,
          -0.191497,
          1.526051
        ],
        [
          0.0,
          0.0,
          0.0,
          1.0
        ]
      ]
    },
    {
      "file_path": "/media/NFS/ttao/scannet/posed_images/scene0197_02/00149.jpg",
      "transform_matrix": [
        [
          -0.405191,
          0.198582,
          -0.892404,
          1.624242
        ],
        [
          0.913905,
          0.114078,
          -0.389569,
          4.392827
        ],
        [
          0.024442,
          -0.973422,
          -0.227709,
          1.51022
        ],
        [
          0.0,
          0.0,
          0.0,
          1.0
        ]
      ]
    },
    {
      "file_path": "/media/NFS/ttao/scannet/posed_images/scene0197_02/00150.jpg",
      "transform_matrix": [
        [
          -0.40057,
          0.199451,
          -0.894295,
          1.622939
        ],
        [
          0.91593,
          0.113589,
          -0.384928,
          4.389221
        ],
        [
          0.024808,
          -0.973302,
          -0.228183,
          1.510606
        ],
        [
          0.0,
          0.0,
          0.0,
          1.0
        ]
      ]
    },
    {
      "file_path": "/media/NFS/ttao/scannet/posed_images/scene0197_02/00159.jpg",
      "transform_matrix": [
        [
          -0.312449,
          0.157594,
          -0.936771,
          1.612892
        ],
        [
          0.949246,
          0.089325,
          -0.301583,
          4.374379
        ],
        [
          0.036149,
          -0.983456,
          -0.177505,
          1.519967
        ],
        [
          0.0,
          0.0,
          0.0,
          1.0
        ]
      ]
    },
    {
      "file_path": "/media/NFS/ttao/scannet/posed_images/scene0197_02/00163.jpg",
      "transform_matrix": [
        [
          -0.263809,
          0.151768,
          -0.95256,
          1.601853
        ],
        [
          0.964082,
          0.073059,
          -0.25536,
          4.380549
        ],
        [
          0.030838,
          -0.985713,
          -0.16559,
          1.529273
        ],
        [
          0.0,
          0.0,
          0.0,
          1.0
        ]
      ]
    },
    {
      "file_path": "/media/NFS/ttao/scannet/posed_images/scene0197_02/00167.jpg",
      "transform_matrix": [
        [
          -0.211308,
          0.147619,
          -0.966208,
          1.589383
        ],
        [
          0.97699,
          0.061218,
          -0.204313,
          4.379899
        ],
        [
          0.02899,
          -0.987148,
          -0.157158,
          1.534487
        ],
        [
          0.0,
          0.0,
          0.0,
          1.0
        ]
      ]
    },
    {
      "file_path": "/media/NFS/ttao/scannet/posed_images/scene0197_02/00170.jpg",
      "transform_matrix": [
        [
          -0.176951,
          0.139688,
          -0.974256,
          1.578856
        ],
        [
          0.983852,
          0.052181,
          -0.171212,
          4.388523
        ],
        [
          0.026922,
          -0.98882,
          -0.146666,
          1.535054
        ],
        [
          0.0,
          0.0,
          0.0,
          1.0
        ]
      ]
    },
    {
      "file_path": "/media/NFS/ttao/scannet/posed_images/scene0197_02/00177.jpg",
      "transform_matrix": [
        [
          -0.079917,
          0.122398,
          -0.989258,
          1.558966
        ],
        [
          0.996638,
          0.027806,
          -0.077073,
          4.3913
        ],
        [
          0.018074,
          -0.992092,
          -0.124208,
          1.548441
        ],
        [
          0.0,
          0.0,
          0.0,
          1.0
        ]
      ]
    },
    {
      "file_path": "/media/NFS/ttao/scannet/posed_images/scene0197_02/00178.jpg",
      "transform_matrix": [
        [
          -0.067381,
          0.120046,
          -0.990479,
          1.555738
        ],
        [
          0.997575,
          0.025467,
          -0.064777,
          4.391513
        ],
        [
          0.017449,
          -0.992442,
          -0.121471,
          1.551386
        ],
        [
          0.0,
          0.0,
          0.0,
          1.0
        ]
      ]
    },
    {
      "file_path": "/media/NFS/ttao/scannet/posed_images/scene0197_02/00184.jpg",
      "transform_matrix": [
        [
          0.004928,
          0.090952,
          -0.995843,
          1.538728
        ],
        [
          0.999906,
          0.01232,
          0.006073,
          4.404738
        ],
        [
          0.012821,
          -0.995779,
          -0.090883,
          1.553195
        ],
        [
          0.0,
          0.0,
          0.0,
          1.0
        ]
      ]
    },
    {
      "file_path": "/media/NFS/ttao/scannet/posed_images/scene0197_02/00190.jpg",
      "transform_matrix": [
        [
          0.081772,
          0.078692,
          -0.99354,
          1.520562
        ],
        [
          0.996561,
          0.006919,
          0.082569,
          4.412243
        ],
        [
          0.013372,
          -0.996875,
          -0.077855,
          1.557546
        ],
        [
          0.0,
          0.0,
          0.0,
          1.0
        ]
      ]
    },
    {
      "file_path": "/media/NFS/ttao/scannet/posed_images/scene0197_02/00192.jpg",
      "transform_matrix": [
        [
          0.111268,
          0.083182,
          -0.990303,
          1.513727
        ],
        [
          0.9937,
          0.004139,
          0.111997,
          4.411924
        ],
        [
          0.013415,
          -0.996526,
          -0.082197,
          1.559492
        ],
        [
          0.0,
          0.0,
          0.0,
          1.0
        ]
      ]
    },
    {
      "file_path": "/media/NFS/ttao/scannet/posed_images/scene0197_02/00199.jpg",
      "transform_matrix": [
        [
          0.199273,
          0.097584,
          -0.975073,
          1.486993
        ],
        [
          0.97987,
          -0.007624,
          0.19949,
          4.426554
        ],
        [
          0.012033,
          -0.995198,
          -0.097139,
          1.555095
        ],
        [
          0.0,
          0.0,
          0.0,
          1.0
        ]
      ]
    },
    {
      "file_path": "/media/NFS/ttao/scannet/posed_images/scene0197_02/00204.jpg",
      "transform_matrix": [
        [
          0.261988,
          0.073874,
          -0.962239,
          1.462944
        ],
        [
          0.964905,
          -0.00157,
          0.262593,
          4.453565
        ],
        [
          0.017888,
          -0.997266,
          -0.071693,
          1.558697
        ],
        [
          0.0,
          0.0,
          0.0,
          1.0
        ]
      ]
    },
    {
      "file_path": "/media/NFS/ttao/scannet/posed_images/scene0197_02/00207.jpg",
      "transform_matrix": [
        [
          0.287565,
          0.078045,
          -0.954576,
          1.446896
        ],
        [
          0.957665,
          -0.009275,
          0.287737,
          4.472403
        ],
        [
          0.013603,
          -0.996907,
          -0.077408,
          1.564271
        ],
        [
          0.0,
          0.0,
          0.0,
          1.0
        ]
      ]
    },
    {
      "file_path": "/media/NFS/ttao/scannet/posed_images/scene0197_02/00213.jpg",
      "transform_matrix": [
        [
          0.362572,
          0.097745,
          -0.926816,
          1.40889
        ],
        [
          0.931942,
          -0.032492,
          0.36115,
          4.517866
        ],
        [
          0.005187,
          -0.994681,
          -0.102873,
          1.56292
        ],
        [
          0.0,
          0.0,
          0.0,
          1.0
        ]
      ]
    },
    {
      "file_path": "/media/NFS/ttao/scannet/posed_images/scene0197_02/00217.jpg",
      "transform_matrix": [
        [
          0.42401,
          0.115623,
          -0.898247,
          1.389161
        ],
        [
          0.905414,
          -0.031105,
          0.423389,
          4.530523
        ],
        [
          0.021013,
          -0.992806,
          -0.117875,
          1.546584
        ],
        [
          0.0,
          0.0,
          0.0,
          1.0
        ]
      ]
    },
    {
      "file_path": "/media/NFS/ttao/scannet/posed_images/scene0197_02/00224.jpg",
      "transform_matrix": [
        [
          0.520753,
          0.187118,
          -0.832948,
          1.349847
        ],
        [
          0.852051,
          -0.05317,
          0.520752,
          4.548133
        ],
        [
          0.053154,
          -0.980898,
          -0.187122,
          1.516627
        ],
        [
          0.0,
          0.0,
          0.0,
          1.0
        ]
      ]
    },
    {
      "file_path": "/media/NFS/ttao/scannet/posed_images/scene0197_02/00225.jpg",
      "transform_matrix": [
        [
          0.533236,
          0.191508,
          -0.824005,
          1.343372
        ],
        [
          0.844211,
          -0.05774,
          0.532893,
          4.545863
        ],
        [
          0.054476,
          -0.979791,
          -0.192462,
          1.511989
        ],
        [
          0.0,
          0.0,
          0.0,
          1.0
        ]
      ]
    },
    {
      "file_path": "/media/NFS/ttao/scannet/posed_images/scene0197_02/00232.jpg",
      "transform_matrix": [
        [
          0.620941,
          0.223856,
          -0.751213,
          1.289949
        ],
        [
          0.782154,
          -0.113807,
          0.612604,
          4.513438
        ],
        [
          0.051642,
          -0.967955,
          -0.245757,
          1.483521
        ],
        [
          0.0,
          0.0,
          0.0,
          1.0
        ]
      ]
    },
    {
      "file_path": "/media/NFS/ttao/scannet/posed_images/scene0197_02/00233.jpg",
      "transform_matrix": [
        [
          0.633261,
          0.225177,
          -0.740456,
          1.282871
        ],
        [
          0.772466,
          -0.124904,
          0.622653,
          4.506977
        ],
        [
          0.047721,
          -0.966279,
          -0.253038,
          1.479675
        ],
        [
          0.0,
          0.0,
          0.0,
          1.0
        ]
      ]
    },
    {
      "file_path": "/media/NFS/ttao/scannet/posed_images/scene0197_02/00240.jpg",
      "transform_matrix": [
        [
          0.738136,
          0.234394,
          -0.632625,
          1.23363
        ],
        [
          0.673033,
          -0.190923,
          0.714545,
          4.465299
        ],
        [
          0.046703,
          -0.953209,
          -0.298682,
          1.456801
        ],
        [
          0.0,
          0.0,
          0.0,
          1.0
        ]
      ]
    },
    {
      "file_path": "/media/NFS/ttao/scannet/posed_images/scene0197_02/00243.jpg",
      "transform_matrix": [
        [
          0.776608,
          0.220853,
          -0.590004,
          1.223162
        ],
        [
          0.628812,
          -0.214646,
          0.747343,
          4.453218
        ],
        [
          0.038411,
          -0.951394,
          -0.305571,
          1.448131
        ],
        [
          0.0,
          0.0,
          0.0,
          1.0
        ]
      ]
    },
    {
      "file_path": "/media/NFS/ttao/scannet/posed_images/scene0197_02/00251.jpg",
      "transform_matrix": [
        [
          0.871723,
          0.197873,
          -0.448269,
          1.219338
        ],
        [
          0.488765,
          -0.286245,
          0.82412,
          4.440205
        ],
        [
          0.034757,
          -0.937502,
          -0.346239,
          1.421604
        ],
        [
          0.0,
          0.0,
          0.0,
          1.0
        ]
      ]
    },
    {
      "file_path": "/media/NFS/ttao/scannet/posed_images/scene0197_02/00254.jpg",
      "transform_matrix": [
        [
          0.897083,
          0.183325,
          -0.402039,
          1.222423
        ],
        [
          0.440664,
          -0.304202,
          0.844557,
          4.431007
        ],
        [
          0.032527,
          -0.934801,
          -0.353679,
          1.417777
        ],
        [
          0.0,
          0.0,
          0.0,
          1.0
        ]
      ]
    },
    {
      "file_path": "/media/NFS/ttao/scannet/posed_images/scene0197_02/00257.jpg",
      "transform_matrix": [
        [
          0.912121,
          0.170719,
          -0.372681,
          1.230789
        ],
        [
          0.408845,
          -0.312989,
          0.857254,
          4.420532
        ],
        [
          0.029704,
          -0.934288,
          -0.355281,
          1.413484
        ],
        [
          0.0,
          0.0,
          0.0,
          1.0
        ]
      ]
    },
    {
      "file_path": "/media/NFS/ttao/scannet/posed_images/scene0197_02/00261.jpg",
      "transform_matrix": [
        [
          0.926164,
          0.136223,
          -0.351659,
          1.251158
        ],
        [
          0.377021,
          -0.312886,
          0.871756,
          4.408787
        ],
        [
          0.008724,
          -0.939971,
          -0.341142,
          1.404874
        ],
        [
          0.0,
          0.0,
          0.0,
          1.0
        ]
      ]
    },
    {
      "file_path": "/media/NFS/ttao/scannet/posed_images/scene0197_02/00269.jpg",
      "transform_matrix": [
        [
          0.949885,
          0.099028,
          -0.296498,
          1.274078
        ],
        [
          0.312294,
          -0.342484,
          0.886102,
          4.362245
        ],
        [
          -0.013797,
          -0.93429,
          -0.356246,
          1.400868
        ],
        [
          0.0,
          0.0,
          0.0,
          1.0
        ]
      ]
    },
    {
      "file_path": "/media/NFS/ttao/scannet/posed_images/scene0197_02/00270.jpg",
      "transform_matrix": [
        [
          0.950556,
          0.09659,
          -0.29515,
          1.285897
        ],
        [
          0.31018,
          -0.341877,
          0.887079,
          4.361994
        ],
        [
          -0.015222,
          -0.934768,
          -0.354933,
          1.395656
        ],
        [
          0.0,
          0.0,
          0.0,
          1.0
        ]
      ]
    },
    {
      "file_path": "/media/NFS/ttao/scannet/posed_images/scene0197_02/00275.jpg",
      "transform_matrix": [
        [
          0.96855,
          0.0766,
          -0.236736,
          1.305372
        ],
        [
          0.248347,
          -0.356262,
          0.900778,
          4.331555
        ],
        [
          -0.01534,
          -0.931241,
          -0.36408,
          1.389307
        ],
        [
          0.0,
          0.0,
          0.0,
          1.0
        ]
      ]
    },
    {
      "file_path": "/media/NFS/ttao/scannet/posed_images/scene0197_02/00283.jpg",
      "transform_matrix": [
        [
          0.988212,
          0.046314,
          -0.145919,
          1.327255
        ],
        [
          0.152502,
          -0.38142,
          0.911736,
          4.307481
        ],
        [
          -0.013431,
          -0.923241,
          -0.383987,
          1.377145
        ],
        [
          0.0,
          0.0,
          0.0,
          1.0
        ]
      ]
    },
    {
      "file_path": "/media/NFS/ttao/scannet/posed_images/scene0197_02/00286.jpg",
      "transform_matrix": [
        [
          0.995041,
          0.031769,
          -0.09426,
          1.321574
        ],
        [
          0.099162,
          -0.391309,
          0.914901,
          4.305869
        ],
        [
          -0.007819,
          -0.919711,
          -0.392518,
          1.380274
        ],
        [
          0.0,
          0.0,
          0.0,
          1.0
        ]
      ]
    },
    {
      "file_path": "/media/NFS/ttao/scannet/posed_images/scene0197_02/00291.jpg",
      "transform_matrix": [
        [
          0.999929,
          0.010109,
          -0.006353,
          1.319842
        ],
        [
          0.009669,
          -0.373482,
          0.927587,
          4.304611
        ],
        [
          0.007004,
          -0.927582,
          -0.373554,
          1.385393
        ],
        [
          0.0,
          0.0,
          0.0,
          1.0
        ]
      ]
    },
    {
      "file_path": "/media/NFS/ttao/scannet/posed_images/scene0197_02/00297.jpg",
      "transform_matrix": [
        [
          0.994697,
          -0.043489,
          0.093206,
          1.261841
        ],
        [
          -0.102729,
          -0.375745,
          0.921012,
          4.311678
        ],
        [
          -0.005032,
          -0.925702,
          -0.37822,
          1.391255
        ],
        [
          0.0,
          0.0,
          0.0,
          1.0
        ]
      ]
    },
    {
      "file_path": "/media/NFS/ttao/scannet/posed_images/scene0197_02/00298.jpg",
      "transform_matrix": [
        [
          0.992999,
          -0.050939,
          0.106577,
          1.25102
        ],
        [
          -0.117937,
          -0.37669,
          0.918801,
          4.312763
        ],
        [
          -0.006656,
          -0.924938,
          -0.38006,
          1.391859
        ],
        [
          0.0,
          0.0,
          0.0,
          1.0
        ]
      ]
    },
    {
      "file_path": "/media/NFS/ttao/scannet/posed_images/scene0197_02/00302.jpg",
      "transform_matrix": [
        [
          0.983599,
          -0.07028,
          0.166114,
          1.22058
        ],
        [
          -0.180357,
          -0.372318,
          0.910412,
          4.318461
        ],
        [
          -0.002136,
          -0.925441,
          -0.378887,
          1.395532
        ],
        [
          0.0,
          0.0,
          0.0,
          1.0
        ]
      ]
    },
    {
      "file_path": "/media/NFS/ttao/scannet/posed_images/scene0197_02/00308.jpg",
      "transform_matrix": [
        [
          0.95527,
          -0.109441,
          0.274738,
          1.158137
        ],
        [
          -0.295733,
          -0.35132,
          0.888322,
          4.331684
        ],
        [
          -0.000698,
          -0.929837,
          -0.367971,
          1.394113
        ],
        [
          0.0,
          0.0,
          0.0,
          1.0
        ]
      ]
    },
    {
      "file_path": "/media/NFS/ttao/scannet/posed_images/scene0197_02/00315.jpg",
      "transform_matrix": [
        [
          0.905701,
          -0.157876,
          0.39342,
          1.145721
        ],
        [
          -0.423893,
          -0.327609,
          0.844386,
          4.363379
        ],
        [
          -0.00442,
          -0.93153,
          -0.363639,
          1.393469
        ],
        [
          0.0,
          0.0,
          0.0,
          1.0
        ]
      ]
    },
    {
      "file_path": "/media/NFS/ttao/scannet/posed_images/scene0197_02/00319.jpg",
      "transform_matrix": [
        [
          0.881185,
          -0.173994,
          0.43959,
          1.154617
        ],
        [
          -0.472772,
          -0.324886,
          0.819107,
          4.387402
        ],
        [
          0.000297,
          -0.92961,
          -0.368543,
          1.387925
        ],
        [
          0.0,
          0.0,
          0.0,
          1.0
        ]
      ]
    },
    {
      "file_path": "/media/NFS/ttao/scannet/posed_images/scene0197_02/00324.jpg",
      "transform_matrix": [
        [
          0.862383,
          -0.185679,
          0.470976,
          1.201344
        ],
        [
          -0.506203,
          -0.302878,
          0.80748,
          4.427048
        ],
        [
          -0.007283,
          -0.934766,
          -0.355188,
          1.400519
        ],
        [
          0.0,
          0.0,
          0.0,
          1.0
        ]
      ]
    },
    {
      "file_path": "/media/NFS/ttao/scannet/posed_images/scene0197_02/00326.jpg",
      "transform_matrix": [
        [
          0.854434,
          -0.189024,
          0.483955,
          1.208177
        ],
        [
          -0.519495,
          -0.295997,
          0.801568,
          4.442262
        ],
        [
          -0.008266,
          -0.936299,
          -0.351107,
          1.398724
        ],
        [
          0.0,
          0.0,
          0.0,
          1.0
        ]
      ]
    },
    {
      "file_path": "/media/NFS/ttao/scannet/posed_images/scene0197_02/00331.jpg",
      "transform_matrix": [
        [
          0.838632,
          -0.221825,
          0.497485,
          1.242994
        ],
        [
          -0.544448,
          -0.313607,
          0.777964,
          4.49384
        ],
        [
          -0.016557,
          -0.923279,
          -0.383773,
          1.400096
        ],
        [
          0.0,
          0.0,
          0.0,
          1.0
        ]
      ]
    },
    {
      "file_path": "/media/NFS/ttao/scannet/posed_images/scene0197_02/00338.jpg",
      "transform_matrix": [
        [
          0.789666,
          -0.254304,
          0.558352,
          1.264388
        ],
        [
          -0.613483,
          -0.315246,
          0.724057,
          4.537992
        ],
        [
          -0.008112,
          -0.914303,
          -0.40495,
          1.390493
        ],
        [
          0.0,
          0.0,
          0.0,
          1.0
        ]
      ]
    },
    {
      "file_path": "/media/NFS/ttao/scannet/posed_images/scene0197_02/00342.jpg",
      "transform_matrix": [
        [
          0.748542,
          -0.277753,
          0.602111,
          1.277995
        ],
        [
          -0.663064,
          -0.305948,
          0.683185,
          4.566652
        ],
        [
          -0.005542,
          -0.910631,
          -0.413182,
          1.39166
        ],
        [
          0.0,
          0.0,
          0.0,
          1.0
        ]
      ]
    },
    {
      "file_path": "/media/NFS/ttao/scannet/posed_images/scene0197_02/00348.jpg",
      "transform_matrix": [
        [
          0.657655,
          -0.316943,
          0.683401,
          1.264683
        ],
        [
          -0.753314,
          -0.273245,
          0.59821,
          4.606606
        ],
        [
          -0.002863,
          -0.908231,
          -0.418459,
          1.387982
        ],
        [
          0.0,
          0.0,
          0.0,
          1.0
        ]
      ]
    },
    {
      "file_path": "/media/NFS/ttao/scannet/posed_images/scene0197_02/00349.jpg",
      "transform_matrix": [
        [
          0.643919,
          -0.322636,
          0.693738,
          1.261094
        ],
        [
          -0.76509,
          -0.269124,
          0.584986,
          4.613128
        ],
        [
          -0.002036,
          -0.907457,
          -0.42014,
          1.386719
        ],
        [
          0.0,
          0.0,
          0.0,
          1.0
        ]
      ]
    },
    {
      "file_path": "/media/NFS/ttao/scannet/posed_images/scene0197_02/00353.jpg",
      "transform_matrix": [
        [
          0.593735,
          -0.34715,
          0.725924,
          1.253419
        ],
        [
          -0.804576,
          -0.243047,
          0.541835,
          4.630782
        ],
        [
          -0.011664,
          -0.905768,
          -0.423614,
          1.384548
        ],
        [
