{
  "frames": [
    {
      "file_path": "/media/NFS/ttao/scannet/posed_images/scene0582_01/00000.jpg",
      "transform_matrix": [
        [
          -0.905923,
          0.098742,
          -0.411769,
          1.741801
        ],
        [
          0.423425,
          0.220212,
          -0.87876,
          3.698351
        ],
        [
          0.003906,
          -0.970441,
          -0.241305,
          1.534708
        ],
        [
          0.0,
          0.0,
          0.0,
          1.0
        ]
      ]
    },
    {
      "file_path": "/media/NFS/ttao/scannet/posed_images/scene0582_01/00006.jpg",
      "transform_matrix": [
        [
          -0.904128,
          0.097477,
          -0.415993,
          1.731565
        ],
        [
          0.427228,
          0.218352,
          -0.877382,
          3.700138
        ],
        [
          0.005308,
          -0.97099,
          -0.239063,
          1.540595
        ],
        [
          0.0,
          0.0,
          0.0,
          1.0
        ]
      ]
    },
    {
      "file_path": "/media/NFS/ttao/scannet/posed_images/scene0582_01/00010.jpg",
      "transform_matrix": [
        [
          -0.896065,
          0.103678,
          -0.431647,
          1.74965
        ],
        [
          0.443873,
          0.223998,
          -0.867642,
          3.685155
        ],
        [
          0.006733,
          -0.969059,
          -0.246737,
          1.572217
        ],
        [
          0.0,
          0.0,
          0.0,
          1.0
        ]
      ]
    },
    {
      "file_path": "/media/NFS/ttao/scannet/posed_images/scene0582_01/00013.jpg",
      "transform_matrix": [
        [
          -0.89574,
          0.104162,
          -0.432204,
          1.750535
        ],
        [
          0.444548,
          0.221278,
          -0.867994,
          3.683823
        ],
        [
          0.005225,
          -0.969632,
          -0.244513,
          1.581514
        ],
        [
          0.0,
          0.0,
          0.0,
          1.0
        ]
      ]
    },
    {
      "file_path": "/media/NFS/ttao/scannet/posed_images/scene0582_01/00018.jpg",
      "transform_matrix": [
        [
          -0.895869,
          0.100954,
          -0.432699,
          1.750716
        ],
        [
          0.4443,
          0.212679,
          -0.870267,
          3.683567
        ],
        [
          0.004169,
          -0.971893,
          -0.235386,
          1.590013
        ],
        [
          0.0,
          0.0,
          0.0,
          1.0
        ]
      ]
    },
    {
      "file_path": "/media/NFS/ttao/scannet/posed_images/scene0582_01/00025.jpg",
      "transform_matrix": [
        [
          -0.897862,
          0.081974,
          -0.432578,
          1.75477
        ],
        [
          0.440139,
          0.191738,
          -0.87722,
          3.684834
        ],
        [
          0.011032,
          -0.978017,
          -0.208234,
          1.598544
        ],
        [
          0.0,
          0.0,
          0.0,
          1.0
        ]
      ]
    },
    {
      "file_path": "/media/NFS/ttao/scannet/posed_images/scene0582_01/00030.jpg",
      "transform_matrix": [
        [
          -0.899906,
          0.069017,
          -0.430587,
          1.751729
        ],
        [
          0.435949,
          0.16692,
          -0.884356,
          3.693112
        ],
        [
          0.010838,
          -0.983552,
          -0.180301,
          1.60401
        ],
        [
          0.0,
          0.0,
          0.0,
          1.0
        ]
      ]
    },
    {
      "file_path": "/media/NFS/ttao/scannet/posed_images/scene0582_01/00033.jpg",
      "transform_matrix": [
        [
          -0.90034,
          0.063635,
          -0.430509,
          1.75488
        ],
        [
          0.434971,
          0.162705,
          -0.885623,
          3.690273
        ],
        [
          0.013689,
          -0.984621,
          -0.174169,
          1.618841
        ],
        [
          0.0,
          0.0,
          0.0,
          1.0
        ]
      ]
    },
    {
      "file_path": "/media/NFS/ttao/scannet/posed_images/scene0582_01/00037.jpg",
      "transform_matrix": [
        [
          -0.905687,
          0.061127,
          -0.419518,
          1.760551
        ],
        [
          0.423834,
          0.15345,
          -0.892646,
          3.689528
        ],
        [
          0.009811,
          -0.986264,
          -0.164885,
          1.634926
        ],
        [
          0.0,
          0.0,
          0.0,
          1.0
        ]
      ]
    },
    {
      "file_path": "/media/NFS/ttao/scannet/posed_images/scene0582_01/00042.jpg",
      "transform_matrix": [
        [
          -0.915862,
          0.04932,
          -0.398453,
          1.771387
        ],
        [
          0.401366,
          0.13746,
          -0.905544,
          3.691216
        ],
        [
          0.010109,
          -0.989279,
          -0.14569,
          1.638431
        ],
        [
          0.0,
          0.0,
          0.0,
          1.0
        ]
      ]
    },
    {
      "file_path": "/media/NFS/ttao/scannet/posed_images/scene0582_01/00050.jpg",
      "transform_matrix": [
        [
          -0.932687,
          0.02077,
          -0.360087,
          1.795925
        ],
        [
          0.359736,
          0.125972,
          -0.924511,
          3.689388
        ],
        [
          0.026159,
          -0.991816,
          -0.124965,
          1.642312
        ],
        [
          0.0,
          0.0,
          0.0,
          1.0
        ]
      ]
    },
    {
      "file_path": "/media/NFS/ttao/scannet/posed_images/scene0582_01/00051.jpg",
      "transform_matrix": [
        [
          -0.934315,
          0.022407,
          -0.355743,
          1.801481
        ],
        [
          0.355695,
          0.123462,
          -0.926411,
          3.687024
        ],
        [
          0.023163,
          -0.992096,
          -0.123322,
          1.648465
        ],
        [
          0.0,
          0.0,
          0.0,
          1.0
        ]
      ]
    },
    {
      "file_path": "/media/NFS/ttao/scannet/posed_images/scene0582_01/00055.jpg",
      "transform_matrix": [
        [
          -0.942906,
          0.016503,
          -0.332651,
          1.820682
        ],
        [
          0.332296,
          0.114251,
          -0.93623,
          3.685253
        ],
        [
          0.022555,
          -0.993315,
          -0.113211,
          1.664749
        ],
        [
          0.0,
          0.0,
          0.0,
          1.0
        ]
      ]
    },
    {
      "file_path": "/media/NFS/ttao/scannet/posed_images/scene0582_01/00064.jpg",
      "transform_matrix": [
        [
          -0.966497,
          -0.011131,
          -0.256437,
          1.838185
        ],
        [
          0.25395,
          0.103815,
          -0.96163,
          3.696202
        ],
        [
          0.037326,
          -0.994534,
          -0.09751,
          1.674655
        ],
        [
          0.0,
          0.0,
          0.0,
          1.0
        ]
      ]
    },
    {
      "file_path": "/media/NFS/ttao/scannet/posed_images/scene0582_01/00067.jpg",
      "transform_matrix": [
        [
          -0.974892,
          -0.013911,
          -0.222242,
          1.839945
        ],
        [
          0.219598,
          0.105333,
          -0.969888,
          3.701186
        ],
        [
          0.036901,
          -0.99434,
          -0.099634,
          1.682938
        ],
        [
          0.0,
          0.0,
          0.0,
          1.0
        ]
      ]
    },
    {
      "file_path": "/media/NFS/ttao/scannet/posed_images/scene0582_01/00069.jpg",
      "transform_matrix": [
        [
          -0.978976,
          -0.014146,
          -0.203485,
          1.856771
        ],
        [
          0.200987,
          0.103264,
          -0.974136,
          3.703375
        ],
        [
          0.034793,
          -0.994553,
          -0.09825,
          1.683768
        ],
        [
          0.0,
          0.0,
          0.0,
          1.0
        ]
      ]
    },
    {
      "file_path": "/media/NFS/ttao/scannet/posed_images/scene0582_01/00076.jpg",
      "transform_matrix": [
        [
          -0.991077,
          -0.015503,
          -0.132388,
          1.875037
        ],
        [
          0.129945,
          0.108818,
          -0.985532,
          3.694925
        ],
        [
          0.029685,
          -0.993941,
          -0.105832,
          1.689348
        ],
        [
          0.0,
          0.0,
          0.0,
          1.0
        ]
      ]
    },
    {
      "file_path": "/media/NFS/ttao/scannet/posed_images/scene0582_01/00079.jpg",
      "transform_matrix": [
        [
          -0.993743,
          -0.024427,
          -0.108983,
          1.885046
        ],
        [
          0.105498,
          0.115027,
          -0.987744,
          3.696854
        ],
        [
          0.036664,
          -0.993062,
          -0.111731,
          1.675356
        ],
        [
          0.0,
          0.0,
          0.0,
          1.0
        ]
      ]
    },
    {
      "file_path": "/media/NFS/ttao/scannet/posed_images/scene0582_01/00086.jpg",
      "transform_matrix": [
        [
          -0.998946,
          -0.040134,
          -0.022273,
          1.858445
        ],
        [
          0.01669,
          0.134417,
          -0.990784,
          3.703129
        ],
        [
          0.042758,
          -0.990112,
          -0.133605,
          1.63319
        ],
        [
          0.0,
          0.0,
          0.0,
          1.0
        ]
      ]
    },
    {
      "file_path": "/media/NFS/ttao/scannet/posed_images/scene0582_01/00092.jpg",
      "transform_matrix": [
        [
          -0.997857,
          -0.044472,
          0.047988,
          1.837745
        ],
        [
          -0.054577,
          0.161289,
          -0.985397,
          3.700025
        ],
        [
          0.036082,
          -0.985905,
          -0.163371,
          1.613701
        ],
        [
          0.0,
          0.0,
          0.0,
          1.0
        ]
      ]
    },
    {
      "file_path": "/media/NFS/ttao/scannet/posed_images/scene0582_01/00093.jpg",
      "transform_matrix": [
        [
          -0.997526,
          -0.04683,
          0.052421,
          1.851571
        ],
        [
          -0.059629,
          0.168847,
          -0.983837,
          3.696393
        ],
        [
          0.037222,
          -0.984529,
          -0.171222,
          1.623459
        ],
        [
          0.0,
          0.0,
          0.0,
          1.0
        ]
      ]
    },
    {
      "file_path": "/media/NFS/ttao/scannet/posed_images/scene0582_01/00098.jpg",
      "transform_matrix": [
        [
          -0.993987,
          -0.053724,
          0.095416,
          1.848658
        ],
        [
          -0.10372,
          0.182555,
          -0.977709,
          3.692528
        ],
        [
          0.035108,
          -0.981727,
          -0.18703,
          1.616567
        ],
        [
          0.0,
          0.0,
          0.0,
          1.0
        ]
      ]
    },
    {
      "file_path": "/media/NFS/ttao/scannet/posed_images/scene0582_01/00103.jpg",
      "transform_matrix": [
        [
          -0.987315,
          -0.063698,
          0.145439,
          1.824701
        ],
        [
          -0.155194,
          0.193674,
          -0.968713,
          3.69471
        ],
        [
          0.033538,
          -0.978996,
          -0.201103,
          1.610405
        ],
        [
          0.0,
          0.0,
          0.0,
          1.0
        ]
      ]
    },
    {
      "file_path": "/media/NFS/ttao/scannet/posed_images/scene0582_01/00110.jpg",
      "transform_matrix": [
        [
          -0.973903,
          -0.088779,
          0.208882,
          1.816648
        ],
        [
          -0.223253,
          0.208946,
          -0.952103,
          3.683293
        ],
        [
          0.040882,
          -0.973889,
          -0.223313,
          1.613829
        ],
        [
          0.0,
          0.0,
          0.0,
          1.0
        ]
      ]
    },
    {
      "file_path": "/media/NFS/ttao/scannet/posed_images/scene0582_01/00113.jpg",
      "transform_matrix": [
        [
          -0.969195,
          -0.093811,
          0.227731,
          1.849887
        ],
        [
          -0.242831,
          0.209415,
          -0.947195,
          3.693749
        ],
        [
          0.041167,
          -0.973316,
          -0.225744,
          1.613153
        ],
        [
          0.0,
          0.0,
          0.0,
          1.0
        ]
      ]
    },
    {
      "file_path": "/media/NFS/ttao/scannet/posed_images/scene0582_01/00120.jpg",
      "transform_matrix": [
        [
          -0.943895,
          -0.106016,
          0.312765,
          1.823894
        ],
        [
          -0.328703,
          0.210212,
          -0.920741,
          3.687272
        ],
        [
          0.031866,
          -0.971891,
          -0.233266,
          1.615897
        ],
        [
          0.0,
          0.0,
          0.0,
          1.0
        ]
      ]
    },
    {
      "file_path": "/media/NFS/ttao/scannet/posed_images/scene0582_01/00122.jpg",
      "transform_matrix": [
        [
          -0.939125,
          -0.108962,
          0.325838,
          1.847339
        ],
        [
          -0.342155,
          0.210489,
          -0.915764,
          3.698688
        ],
        [
          0.031199,
          -0.971505,
          -0.234957,
          1.611333
        ],
        [
          0.0,
          0.0,
          0.0,
          1.0
        ]
      ]
    },
    {
      "file_path": "/media/NFS/ttao/scannet/posed_images/scene0582_01/00130.jpg",
      "transform_matrix": [
        [
          -0.908573,
          -0.125813,
          0.398328,
          1.857557
        ],
        [
          -0.41707,
          0.219835,
          -0.881887,
          3.704264
        ],
        [
          0.023387,
          -0.96739,
          -0.252209,
          1.592885
        ],
        [
          0.0,
          0.0,
          0.0,
          1.0
        ]
      ]
    },
    {
      "file_path": "/media/NFS/ttao/scannet/posed_images/scene0582_01/00134.jpg",
      "transform_matrix": [
        [
          -0.895678,
          -0.132468,
          0.424516,
          1.877937
        ],
        [
          -0.444235,
          0.222709,
          -0.867788,
          3.712724
        ],
        [
          0.020411,
          -0.965843,
          -0.258322,
          1.583331
        ],
        [
          0.0,
          0.0,
          0.0,
          1.0
        ]
      ]
    },
    {
      "file_path": "/media/NFS/ttao/scannet/posed_images/scene0582_01/00139.jpg",
      "transform_matrix": [
        [
          -0.881435,
          -0.142952,
          0.450151,
          1.898597
        ],
        [
          -0.471828,
          0.223746,
          -0.852828,
          3.722779
        ],
        [
          0.021194,
          -0.964107,
          -0.264666,
          1.573614
        ],
        [
          0.0,
          0.0,
          0.0,
          1.0
        ]
      ]
    },
    {
      "file_path": "/media/NFS/ttao/scannet/posed_images/scene0582_01/00144.jpg",
      "transform_matrix": [
        [
          -0.866084,
          -0.153081,
          0.475883,
          1.897507
        ],
        [
          -0.499652,
          0.235209,
          -0.833682,
          3.726737
        ],
        [
          0.015689,
          -0.959814,
          -0.280198,
          1.565008
        ],
        [
          0.0,
          0.0,
          0.0,
          1.0
        ]
      ]
    },
    {
      "file_path": "/media/NFS/ttao/scannet/posed_images/scene0582_01/00147.jpg",
      "transform_matrix": [
        [
          -0.857578,
          -0.159344,
          0.48905,
          1.908333
        ],
        [
          -0.514176,
          0.240562,
          -0.823257,
          3.734267
        ],
        [
          0.013534,
          -0.957465,
          -0.288231,
          1.561934
        ],
        [
          0.0,
          0.0,
          0.0,
          1.0
        ]
      ]
    },
    {
      "file_path": "/media/NFS/ttao/scannet/posed_images/scene0582_01/00150.jpg",
      "transform_matrix": [
        [
          -0.844519,
          -0.165117,
          0.509435,
          1.908783
        ],
        [
          -0.535427,
          0.242048,
          -0.809154,
          3.737083
        ],
        [
          0.010298,
          -0.956111,
          -0.292823,
          1.549612
        ],
        [
          0.0,
          0.0,
          0.0,
          1.0
        ]
      ]
    },
    {
      "file_path": "/media/NFS/ttao/scannet/posed_images/scene0582_01/00158.jpg",
      "transform_matrix": [
        [
          -0.800364,
          -0.197218,
          0.566147,
          1.93027
        ],
        [
          -0.5994,
          0.244809,
          -0.762094,
          3.759102
        ],
        [
          0.011701,
          -0.949302,
          -0.314149,
          1.550549
        ],
        [
          0.0,
          0.0,
          0.0,
          1.0
        ]
      ]
    },
    {
      "file_path": "/media/NFS/ttao/scannet/posed_images/scene0582_01/00161.jpg",
      "transform_matrix": [
        [
          -0.783292,
          -0.204693,
          0.586987,
          1.951969
        ],
        [
          -0.621507,
          0.237371,
          -0.746581,
          3.778073
        ],
        [
          0.013486,
          -0.949608,
          -0.313149,
          1.555197
        ],
        [
          0.0,
          0.0,
          0.0,
          1.0
        ]
      ]
    },
    {
      "file_path": "/media/NFS/ttao/scannet/posed_images/scene0582_01/00164.jpg",
      "transform_matrix": [
        [
          -0.766777,
          -0.205435,
          0.608152,
          1.962449
        ],
        [
          -0.641903,
          0.24,
          -0.728259,
          3.788583
        ],
        [
          0.003653,
          -0.948787,
          -0.315896,
          1.564465
        ],
        [
          0.0,
          0.0,
          0.0,
          1.0
        ]
      ]
    },
    {
      "file_path": "/media/NFS/ttao/scannet/posed_images/scene0582_01/00168.jpg",
      "transform_matrix": [
        [
          -0.738723,
          -0.208987,
          0.640791,
          1.966631
        ],
        [
          -0.673893,
          0.246626,
          -0.69645,
          3.793313
        ],
        [
          -0.012487,
          -0.946309,
          -0.323023,
          1.583709
        ],
        [
          0.0,
          0.0,
          0.0,
          1.0
        ]
      ]
    },
    {
      "file_path": "/media/NFS/ttao/scannet/posed_images/scene0582_01/00174.jpg",
      "transform_matrix": [
        [
          -0.698854,
          -0.203013,
          0.685849,
          1.96648
        ],
        [
          -0.715043,
          0.222142,
          -0.662848,
          3.801414
        ],
        [
          -0.017789,
          -0.953645,
          -0.300408,
          1.619538
        ],
        [
          0.0,
          0.0,
          0.0,
          1.0
        ]
      ]
    },
    {
      "file_path": "/media/NFS/ttao/scannet/posed_images/scene0582_01/00180.jpg",
      "transform_matrix": [
        [
          -0.659074,
          -0.20005,
          0.724984,
          1.979587
        ],
        [
          -0.751994,
          0.189694,
          -0.631285,
          3.823105
        ],
        [
          -0.011236,
          -0.961247,
          -0.275459,
          1.65519
        ],
        [
          0.0,
          0.0,
          0.0,
          1.0
        ]
      ]
    },
    {
      "file_path": "/media/NFS/ttao/scannet/posed_images/scene0582_01/00187.jpg",
      "transform_matrix": [
        [
          -0.610988,
          -0.162078,
          0.77487,
          1.995132
        ],
        [
          -0.790842,
          0.168897,
          -0.588254,
          3.848546
        ],
        [
          -0.03553,
          -0.972216,
          -0.231372,
          1.691098
        ],
        [
          0.0,
          0.0,
          0.0,
          1.0
        ]
      ]
    },
    {
      "file_path": "/media/NFS/ttao/scannet/posed_images/scene0582_01/00191.jpg",
      "transform_matrix": [
        [
          -0.582156,
          -0.152802,
          0.79859,
          2.004258
        ],
        [
          -0.812272,
          0.152985,
          -0.562858,
          3.869988
        ],
        [
          -0.036166,
          -0.976344,
          -0.213178,
          1.694126
        ],
        [
          0.0,
          0.0,
          0.0,
          1.0
        ]
      ]
    },
    {
      "file_path": "/media/NFS/ttao/scannet/posed_images/scene0582_01/00194.jpg",
      "transform_matrix": [
        [
          -0.55819,
          -0.153197,
          0.815448,
          2.00991
        ],
        [
          -0.829216,
          0.137016,
          -0.541874,
          3.881916
        ],
        [
          -0.028716,
          -0.978651,
          -0.203514,
          1.704219
        ],
        [
          0.0,
          0.0,
          0.0,
          1.0
        ]
      ]
    },
    {
      "file_path": "/media/NFS/ttao/scannet/posed_images/scene0582_01/00201.jpg",
      "transform_matrix": [
        [
          -0.498952,
          -0.14049,
          0.855167,
          2.028166
        ],
        [
          -0.866413,
          0.102919,
          -0.488606,
          3.932899
        ],
        [
          -0.019369,
          -0.984718,
          -0.173074,
          1.710876
        ],
        [
          0.0,
          0.0,
          0.0,
          1.0
        ]
      ]
    },
    {
      "file_path": "/media/NFS/ttao/scannet/posed_images/scene0582_01/00205.jpg",
      "transform_matrix": [
        [
          -0.460599,
          -0.139011,
          0.876656,
          2.028466
        ],
        [
          -0.887317,
          0.097413,
          -0.450754,
          3.94518
        ],
        [
          -0.022738,
          -0.985488,
          -0.168215,
          1.712374
        ],
        [
          0.0,
          0.0,
          0.0,
          1.0
        ]
      ]
    },
    {
      "file_path": "/media/NFS/ttao/scannet/posed_images/scene0582_01/00208.jpg",
      "transform_matrix": [
        [
          -0.430697,
          -0.140369,
          0.891514,
          2.030674
        ],
        [
          -0.902121,
          0.09547,
          -0.42079,
          3.95234
        ],
        [
          -0.026047,
          -0.985486,
          -0.167749,
          1.716294
        ],
        [
          0.0,
          0.0,
          0.0,
          1.0
        ]
      ]
    },
    {
      "file_path": "/media/NFS/ttao/scannet/posed_images/scene0582_01/00211.jpg",
      "transform_matrix": [
        [
          -0.40618,
          -0.1412,
          0.902818,
          2.040312
        ],
        [
          -0.9133,
          0.09518,
          -0.39601,
          3.975886
        ],
        [
          -0.030014,
          -0.985395,
          -0.167618,
          1.714977
        ],
        [
          0.0,
          0.0,
          0.0,
          1.0
        ]
      ]
    },
    {
      "file_path": "/media/NFS/ttao/scannet/posed_images/scene0582_01/00219.jpg",
      "transform_matrix": [
        [
          -0.331002,
          -0.1586,
          0.930207,
          2.043126
        ],
        [
          -0.943369,
          0.078826,
          -0.322246,
          3.993333
        ],
        [
          -0.022216,
          -0.984191,
          -0.17571,
          1.715326
        ],
        [
          0.0,
          0.0,
          0.0,
          1.0
        ]
      ]
    },
    {
      "file_path": "/media/NFS/ttao/scannet/posed_images/scene0582_01/00222.jpg",
      "transform_matrix": [
        [
          -0.313762,
          -0.159541,
          0.936003,
          2.049311
        ],
        [
          -0.949274,
          0.074335,
          -0.30554,
          4.017311
        ],
        [
          -0.020831,
          -0.984389,
          -0.174771,
          1.708706
        ],
        [
          0.0,
          0.0,
          0.0,
          1.0
        ]
      ]
    },
    {
      "file_path": "/media/NFS/ttao/scannet/posed_images/scene0582_01/00228.jpg",
      "transform_matrix": [
        [
          -0.26575,
          -0.172483,
          0.948487,
          2.043974
        ],
        [
          -0.963874,
          0.065881,
          -0.258081,
          4.011837
        ],
        [
          -0.017972,
          -0.982807,
          -0.18376,
          1.70033
        ],
        [
          0.0,
          0.0,
          0.0,
          1.0
        ]
      ]
    },
    {
      "file_path": "/media/NFS/ttao/scannet/posed_images/scene0582_01/00233.jpg",
      "transform_matrix": [
        [
          -0.235189,
          -0.182815,
          0.954602,
          2.034835
        ],
        [
          -0.971888,
          0.055249,
          -0.228867,
          4.009951
        ],
        [
          -0.010901,
          -0.981594,
          -0.19067,
          1.685954
        ],
        [
          0.0,
          0.0,
          0.0,
          1.0
        ]
      ]
    },
    {
      "file_path": "/media/NFS/ttao/scannet/posed_images/scene0582_01/00238.jpg",
      "transform_matrix": [
        [
          -0.219532,
          -0.192612,
          0.956403,
          2.028031
        ],
        [
          -0.975598,
          0.039454,
          -0.215992,
          3.997167
        ],
        [
          0.003868,
          -0.980482,
          -0.196573,
          1.674075
        ],
        [
          0.0,
          0.0,
          0.0,
          1.0
        ]
      ]
    },
    {
      "file_path": "/media/NFS/ttao/scannet/posed_images/scene0582_01/00242.jpg",
      "transform_matrix": [
        [
          -0.200855,
          -0.17936,
          0.963062,
          2.014371
        ],
        [
          -0.979593,
          0.044229,
          -0.196065,
          3.970411
        ],
        [
          -0.007429,
          -0.982789,
          -0.184584,
          1.661906
        ],
        [
          0.0,
          0.0,
          0.0,
          1.0
        ]
      ]
    },
    {
      "file_path": "/media/NFS/ttao/scannet/posed_images/scene0582_01/00248.jpg",
      "transform_matrix": [
        [
          -0.220437,
          -0.192074,
          0.956303,
          1.997341
        ],
        [
          -0.975388,
          0.048504,
          -0.215094,
          3.912998
        ],
        [
          -0.005071,
          -0.980181,
          -0.198039,
          1.647396
        ],
        [
          0.0,
          0.0,
          0.0,
          1.0
        ]
      ]
    },
    {
      "file_path": "/media/NFS/ttao/scannet/posed_images/scene0582_01/00249.jpg",
      "transform_matrix": [
        [
          -0.228919,
          -0.193723,
          0.953975,
          1.993903
        ],
        [
          -0.973445,
          0.046387,
          -0.224172,
          3.902889
        ],
        [
          -0.000825,
          -0.979959,
          -0.199197,
          1.64567
        ],
        [
          0.0,
          0.0,
          0.0,
          1.0
        ]
      ]
    },
    {
      "file_path": "/media/NFS/ttao/scannet/posed_images/scene0582_01/00255.jpg",
      "transform_matrix": [
        [
          -0.270145,
          -0.196599,
          0.942534,
          1.967638
        ],
        [
          -0.962663,
          0.072835,
          -0.260722,
          3.806937
        ],
        [
          -0.017392,
          -0.977775,
          -0.208934,
          1.645159
        ],
        [
          0.0,
          0.0,
          0.0,
          1.0
        ]
      ]
    },
    {
      "file_path": "/media/NFS/ttao/scannet/posed_images/scene0582_01/00260.jpg",
      "transform_matrix": [
        [
          -0.291972,
          -0.199335,
          0.935424,
          1.953608
        ],
        [
          -0.956312,
          0.076034,
          -0.282289,
          3.72599
        ],
        [
          -0.014854,
          -0.976977,
          -0.212826,
          1.636505
        ],
        [
          0.0,
          0.0,
          0.0,
          1.0
        ]
      ]
    },
    {
      "file_path": "/media/NFS/ttao/scannet/posed_images/scene0582_01/00263.jpg",
      "transform_matrix": [
        [
          -0.29166,
          -0.200074,
          0.935364,
          1.939208
        ],
        [
          -0.956376,
          0.078061,
          -0.281514,
          3.656615
        ],
        [
          -0.016692,
          -0.976666,
          -0.214113,
          1.636989
        ],
        [
          0.0,
          0.0,
          0.0,
          1.0
        ]
      ]
    },
    {
      "file_path": "/media/NFS/ttao/scannet/posed_images/scene0582_01/00267.jpg",
      "transform_matrix": [
        [
          -0.287786,
          -0.185134,
          0.93963,
          1.922993
        ],
        [
          -0.957367,
          0.081276,
          -0.277204,
          3.584578
        ],
        [
          -0.025049,
          -0.979347,
          -0.200631,
          1.636445
        ],
        [
          0.0,
          0.0,
          0.0,
          1.0
        ]
      ]
    },
    {
      "file_path": "/media/NFS/ttao/scannet/posed_images/scene0582_01/00276.jpg",
      "transform_matrix": [
        [
          -0.308904,
          -0.199103,
          0.93002,
          1.877655
        ],
        [
          -0.950271,
          0.105255,
          -0.293097,
          3.437558
        ],
        [
          -0.039533,
          -0.97431,
          -0.221716,
          1.621554
        ],
        [
          0.0,
          0.0,
          0.0,
          1.0
        ]
      ]
    },
    {
      "file_path": "/media/NFS/ttao/scannet/posed_images/scene0582_01/00280.jpg",
      "transform_matrix": [
        [
          -0.313683,
          -0.188528,
          0.930624,
          1.853426
        ],
        [
          -0.947652,
          0.123739,
          -0.294355,
          3.376764
        ],
        [
          -0.05966,
          -0.974241,
          -0.217474,
          1.643913
        ],
        [
          0.0,
          0.0,
          0.0,
          1.0
        ]
      ]
    },
    {
      "file_path": "/media/NFS/ttao/scannet/posed_images/scene0582_01/00284.jpg",
      "transform_matrix": [
        [
          -0.317691,
          -0.18048,
          0.93086,
          1.813625
        ],
        [
          -0.94518,
          0.1385,
          -0.295725,
          3.305291
        ],
        [
          -0.075552,
          -0.973778,
          -0.214587,
          1.632125
        ],
        [
          0.0,
          0.0,
          0.0,
          1.0
        ]
      ]
    },
    {
      "file_path": "/media/NFS/ttao/scannet/posed_images/scene0582_01/00287.jpg",
      "transform_matrix": [
        [
          -0.324215,
          -0.184113,
          0.927894,
          1.773873
        ],
        [
          -0.942308,
          0.149244,
          -0.299638,
          3.232994
        ],
        [
          -0.083315,
          -0.971508,
          -0.221878,
          1.626447
        ],
        [
          0.0,
          0.0,
          0.0,
          1.0
        ]
      ]
    },
    {
      "file_path": "/media/NFS/ttao/scannet/posed_images/scene0582_01/00294.jpg",
      "transform_matrix": [
        [
          -0.326874,
          -0.239209,
          0.914294,
          1.682728
        ],
        [
          -0.942947,
          0.147323,
          -0.298574,
          3.106971
        ],
        [
          -0.063275,
          -0.959727,
          -0.273717,
          1.616154
        ],
        [
          0.0,
          0.0,
          0.0,
          1.0
        ]
      ]
    },
    {
      "file_path": "/media/NFS/ttao/scannet/posed_images/scene0582_01/00299.jpg",
      "transform_matrix": [
        [
          -0.301718,
          -0.240267,
          0.922626,
          1.617153
        ],
        [
          -0.951899,
          0.130151,
          -0.277398,
          3.02838
        ],
        [
          -0.053431,
          -0.961942,
          -0.267979,
          1.608402
        ],
        [
          0.0,
          0.0,
          0.0,
          1.0
        ]
      ]
    },
    {
      "file_path": "/media/NFS/ttao/scannet/posed_images/scene0582_01/00304.jpg",
      "transform_matrix": [
        [
          -0.295794,
          -0.263917,
          0.918071,
          1.573751
        ],
        [
          -0.953185,
          0.14473,
          -0.265502,
          2.951073
        ],
        [
          -0.062802,
          -0.953625,
          -0.294372,
          1.590751
        ],
        [
          0.0,
          0.0,
          0.0,
          1.0
        ]
      ]
    },
    {
      "file_path": "/media/NFS/ttao/scannet/posed_images/scene0582_01/00308.jpg",
      "transform_matrix": [
        [
          -0.286506,
          -0.275847,
          0.917509,
          1.563114
        ],
        [
          -0.954153,
          0.168749,
          -0.247215,
          2.887498
        ],
        [
          -0.086636,
          -0.946273,
          -0.311548,
          1.588175
        ],
        [
          0.0,
          0.0,
          0.0,
          1.0
        ]
      ]
    },
    {
      "file_path": "/media/NFS/ttao/scannet/posed_images/scene0582_01/00313.jpg",
      "transform_matrix": [
        [
          -0.275062,
          -0.274965,
          0.921268,
          1.562557
        ],
        [
          -0.958271,
          0.155979,
          -0.239556,
          2.821072
        ],
        [
          -0.077829,
          -0.948717,
          -0.306395,
          1.584285
        ],
        [
          0.0,
          0.0,
          0.0,
          1.0
        ]
      ]
    },
    {
      "file_path": "/media/NFS/ttao/scannet/posed_images/scene0582_01/00316.jpg",
      "transform_matrix": [
        [
          -0.260975,
          -0.2782,
          0.92439,
          1.564948
        ],
        [
          -0.963785,
          0.129506,
          -0.233122,
          2.771046
        ],
        [
          -0.054859,
          -0.951753,
          -0.301923,
          1.572358
        ],
        [
          0.0,
          0.0,
          0.0,
          1.0
        ]
      ]
    },
    {
      "file_path": "/media/NFS/ttao/scannet/posed_images/scene0582_01/00321.jpg",
      "transform_matrix": [
        [
          -0.232981,
          -0.291908,
          0.927637,
          1.572365
        ],
        [
          -0.971942,
          0.10165,
          -0.212121,
          2.696685
        ],
        [
          -0.032375,
          -0.951029,
          -0.307401,
          1.569881
        ],
        [
          0.0,
          0.0,
          0.0,
          1.0
        ]
      ]
    },
    {
      "file_path": "/media/NFS/ttao/scannet/posed_images/scene0582_01/00327.jpg",
      "transform_matrix": [
        [
          -0.20383,
          -0.288827,
          0.935432,
          1.577662
        ],
        [
          -0.977538,
          0.11235,
          -0.178316,
          2.612596
        ],
        [
          -0.053593,
          -0.950766,
          -0.30524,
          1.572842
        ],
        [
          0.0,
          0.0,
          0.0,
          1.0
        ]
      ]
    },
    {
      "file_path": "/media/NFS/ttao/scannet/posed_images/scene0582_01/00330.jpg",
      "transform_matrix": [
        [
          -0.181483,
          -0.293485,
          0.938579,
          1.581075
        ],
        [
          -0.981394,
          0.1149,
          -0.153833,
          2.539499
        ],
        [
          -0.062695,
          -0.949033,
          -0.308877,
          1.567591
        ],
        [
          0.0,
          0.0,
          0.0,
          1.0
        ]
      ]
    },
    {
      "file_path": "/media/NFS/ttao/scannet/posed_images/scene0582_01/00337.jpg",
      "transform_matrix": [
        [
          -0.102742,
          -0.307492,
          0.945988,
          1.580971
        ],
        [
          -0.993204,
          0.083984,
          -0.080571,
          2.441501
        ],
        [
          -0.054672,
          -0.947837,
          -0.314031,
          1.531138
        ],
        [
          0.0,
          0.0,
          0.0,
          1.0
        ]
      ]
    },
    {
      "file_path": "/media/NFS/ttao/scannet/posed_images/scene0582_01/00338.jpg",
      "transform_matrix": [
        [
          -0.084055,
          -0.303569,
          0.949094,
          1.575812
        ],
        [
          -0.995162,
          0.074184,
          -0.064407,
          2.421209
        ],
        [
          -0.050856,
          -0.949917,
          -0.308337,
          1.523762
        ],
        [
          0.0,
          0.0,
          0.0,
          1.0
        ]
      ]
    },
    {
      "file_path": "/media/NFS/ttao/scannet/posed_images/scene0582_01/00347.jpg",
      "transform_matrix": [
        [
          0.044972,
          -0.354837,
          0.933846,
          1.590234
        ],
        [
          -0.998721,
          0.005661,
          0.050248,
          2.302867
        ],
        [
          -0.023117,
          -0.934911,
          -0.354128,
          1.50216
        ],
        [
          0.0,
          0.0,
          0.0,
          1.0
        ]
      ]
    },
    {
      "file_path": "/media/NFS/ttao/scannet/posed_images/scene0582_01/00348.jpg",
      "transform_matrix": [
        [
          0.057515,
          -0.358089,
          0.931914,
          1.594954
        ],
        [
          -0.997997,
          0.004025,
          0.063139,
          2.292387
        ],
        [
          -0.02636,
          -0.933679,
          -0.35714,
          1.502692
        ],
        [
          0.0,
          0.0,
          0.0,
          1.0
        ]
      ]
    },
    {
      "file_path": "/media/NFS/ttao/scannet/posed_images/scene0582_01/00352.jpg",
      "transform_matrix": [
        [
          0.115124,
          -0.371827,
          0.921136,
          1.61733
        ],
        [
          -0.992525,
          -0.005256,
          0.121924,
          2.247126
        ],
        [
          -0.040493,
          -0.928287,
          -0.369653,
          1.494596
        ],
        [
          0.0,
          0.0,
          0.0,
          1.0
        ]
      ]
    },
    {
      "file_path": "/media/NFS/ttao/scannet/posed_images/scene0582_01/00361.jpg",
      "transform_matrix": [
        [
          0.247854,
          -0.390891,
          0.886438,
          1.710202
        ],
        [
          -0.968562,
          -0.079813,
          0.235621,
          2.155355
        ],
        [
          -0.021353,
          -0.91697,
          -0.398385,
          1.465562
        ],
        [
          0.0,
          0.0,
          0.0,
          1.0
        ]
      ]
    },
    {
      "file_path": "/media/NFS/ttao/scannet/posed_images/scene0582_01/00362.jpg",
      "transform_matrix": [
        [
          0.260612,
          -0.388961,
          0.883624,
          1.724457
        ],
        [
          -0.965357,
          -0.092712,
          0.243907,
          2.145591
        ],
