{
  "frames": [
    {
      "file_path": "/media/NFS/ttao/scannet/posed_images/scene0193_01/00000.jpg",
      "transform_matrix": [
        [
          0.992739,
          -0.093839,
          0.075252,
          1.50342
        ],
        [
          -0.116165,
          -0.585615,
          0.802222,
          1.307758
        ],
        [
          -0.031211,
          -0.80514,
          -0.592264,
          1.393248
        ],
        [
          0.0,
          0.0,
          0.0,
          1.0
        ]
      ]
    },
    {
      "file_path": "/media/NFS/ttao/scannet/posed_images/scene0193_01/00001.jpg",
      "transform_matrix": [
        [
          0.992292,
          -0.090392,
          0.08477,
          1.499089
        ],
        [
          -0.121885,
          -0.588385,
          0.799342,
          1.303977
        ],
        [
          -0.022376,
          -0.803513,
          -0.594867,
          1.385965
        ],
        [
          0.0,
          0.0,
          0.0,
          1.0
        ]
      ]
    },
    {
      "file_path": "/media/NFS/ttao/scannet/posed_images/scene0193_01/00003.jpg",
      "transform_matrix": [
        [
          0.990876,
          -0.094434,
          0.096166,
          1.490964
        ],
        [
          -0.133604,
          -0.594149,
          0.793181,
          1.309104
        ],
        [
          -0.017766,
          -0.798792,
          -0.601345,
          1.393979
        ],
        [
          0.0,
          0.0,
          0.0,
          1.0
        ]
      ]
    },
    {
      "file_path": "/media/NFS/ttao/scannet/posed_images/scene0193_01/00005.jpg",
      "transform_matrix": [
        [
          0.990804,
          -0.096214,
          0.095139,
          1.482748
        ],
        [
          -0.133737,
          -0.589498,
          0.796622,
          1.311615
        ],
        [
          -0.020562,
          -0.802019,
          -0.596944,
          1.401595
        ],
        [
          0.0,
          0.0,
          0.0,
          1.0
        ]
      ]
    },
    {
      "file_path": "/media/NFS/ttao/scannet/posed_images/scene0193_01/00007.jpg",
      "transform_matrix": [
        [
          0.991347,
          -0.09299,
          0.092647,
          1.476729
        ],
        [
          -0.129569,
          -0.580105,
          0.804171,
          1.30911
        ],
        [
          -0.021035,
          -0.809217,
          -0.587134,
          1.406853
        ],
        [
          0.0,
          0.0,
          0.0,
          1.0
        ]
      ]
    },
    {
      "file_path": "/media/NFS/ttao/scannet/posed_images/scene0193_01/00008.jpg",
      "transform_matrix": [
        [
          0.991434,
          -0.091371,
          0.09333,
          1.473334
        ],
        [
          -0.129057,
          -0.575433,
          0.807602,
          1.30919
        ],
        [
          -0.020086,
          -0.812729,
          -0.582296,
          1.410291
        ],
        [
          0.0,
          0.0,
          0.0,
          1.0
        ]
      ]
    },
    {
      "file_path": "/media/NFS/ttao/scannet/posed_images/scene0193_01/00011.jpg",
      "transform_matrix": [
        [
          0.991903,
          -0.08874,
          0.090853,
          1.461922
        ],
        [
          -0.124877,
          -0.55121,
          0.824968,
          1.309807
        ],
        [
          -0.023129,
          -0.829634,
          -0.557829,
          1.43647
        ],
        [
          0.0,
          0.0,
          0.0,
          1.0
        ]
      ]
    },
    {
      "file_path": "/media/NFS/ttao/scannet/posed_images/scene0193_01/00013.jpg",
      "transform_matrix": [
        [
          0.992454,
          -0.089064,
          0.084281,
          1.457279
        ],
        [
          -0.118603,
          -0.522746,
          0.844198,
          1.305472
        ],
        [
          -0.03113,
          -0.847823,
          -0.529365,
          1.453418
        ],
        [
          0.0,
          0.0,
          0.0,
          1.0
        ]
      ]
    },
    {
      "file_path": "/media/NFS/ttao/scannet/posed_images/scene0193_01/00014.jpg",
      "transform_matrix": [
        [
          0.992423,
          -0.090362,
          0.083256,
          1.454029
        ],
        [
          -0.118128,
          -0.515276,
          0.848844,
          1.303716
        ],
        [
          -0.033803,
          -0.852247,
          -0.522046,
          1.458859
        ],
        [
          0.0,
          0.0,
          0.0,
          1.0
        ]
      ]
    },
    {
      "file_path": "/media/NFS/ttao/scannet/posed_images/scene0193_01/00016.jpg",
      "transform_matrix": [
        [
          0.992671,
          -0.090799,
          0.079748,
          1.454409
        ],
        [
          -0.114604,
          -0.497957,
          0.859596,
          1.297402
        ],
        [
          -0.03834,
          -0.862435,
          -0.504713,
          1.468793
        ],
        [
          0.0,
          0.0,
          0.0,
          1.0
        ]
      ]
    },
    {
      "file_path": "/media/NFS/ttao/scannet/posed_images/scene0193_01/00018.jpg",
      "transform_matrix": [
        [
          0.992648,
          -0.08737,
          0.083761,
          1.453412
        ],
        [
          -0.115652,
          -0.480601,
          0.86928,
          1.2936
        ],
        [
          -0.035694,
          -0.872576,
          -0.487172,
          1.480352
        ],
        [
          0.0,
          0.0,
          0.0,
          1.0
        ]
      ]
    },
    {
      "file_path": "/media/NFS/ttao/scannet/posed_images/scene0193_01/00019.jpg",
      "transform_matrix": [
        [
          0.992547,
          -0.085904,
          0.086434,
          1.453078
        ],
        [
          -0.116851,
          -0.469599,
          0.875113,
          1.290194
        ],
        [
          -0.034587,
          -0.878691,
          -0.476137,
          1.482013
        ],
        [
          0.0,
          0.0,
          0.0,
          1.0
        ]
      ]
    },
    {
      "file_path": "/media/NFS/ttao/scannet/posed_images/scene0193_01/00021.jpg",
      "transform_matrix": [
        [
          0.992316,
          -0.081475,
          0.093115,
          1.452518
        ],
        [
          -0.119986,
          -0.450016,
          0.884923,
          1.282945
        ],
        [
          -0.030196,
          -0.889296,
          -0.456335,
          1.48296
        ],
        [
          0.0,
          0.0,
          0.0,
          1.0
        ]
      ]
    },
    {
      "file_path": "/media/NFS/ttao/scannet/posed_images/scene0193_01/00023.jpg",
      "transform_matrix": [
        [
          0.992451,
          -0.075883,
          0.09635,
          1.449751
        ],
        [
          -0.119872,
          -0.434122,
          0.892843,
          1.280618
        ],
        [
          -0.025924,
          -0.897653,
          -0.439941,
          1.493985
        ],
        [
          0.0,
          0.0,
          0.0,
          1.0
        ]
      ]
    },
    {
      "file_path": "/media/NFS/ttao/scannet/posed_images/scene0193_01/00025.jpg",
      "transform_matrix": [
        [
          0.993565,
          -0.073674,
          0.086029,
          1.446556
        ],
        [
          -0.109017,
          -0.415996,
          0.902808,
          1.278586
        ],
        [
          -0.030726,
          -0.906377,
          -0.421351,
          1.51147
        ],
        [
          0.0,
          0.0,
          0.0,
          1.0
        ]
      ]
    },
    {
      "file_path": "/media/NFS/ttao/scannet/posed_images/scene0193_01/00026.jpg",
      "transform_matrix": [
        [
          0.994591,
          -0.069169,
          0.077493,
          1.446106
        ],
        [
          -0.098846,
          -0.400982,
          0.910737,
          1.276091
        ],
        [
          -0.031921,
          -0.913471,
          -0.40565,
          1.517125
        ],
        [
          0.0,
          0.0,
          0.0,
          1.0
        ]
      ]
    },
    {
      "file_path": "/media/NFS/ttao/scannet/posed_images/scene0193_01/00029.jpg",
      "transform_matrix": [
        [
          0.995903,
          -0.055921,
          0.071059,
          1.444496
        ],
        [
          -0.086232,
          -0.350826,
          0.932462,
          1.258848
        ],
        [
          -0.027215,
          -0.93477,
          -0.354211,
          1.515175
        ],
        [
          0.0,
          0.0,
          0.0,
          1.0
        ]
      ]
    },
    {
      "file_path": "/media/NFS/ttao/scannet/posed_images/scene0193_01/00030.jpg",
      "transform_matrix": [
        [
          0.995345,
          -0.0577,
          0.077194,
          1.439747
        ],
        [
          -0.092375,
          -0.342804,
          0.934854,
          1.258979
        ],
        [
          -0.027478,
          -0.937633,
          -0.346538,
          1.515414
        ],
        [
          0.0,
          0.0,
          0.0,
          1.0
        ]
      ]
    },
    {
      "file_path": "/media/NFS/ttao/scannet/posed_images/scene0193_01/00032.jpg",
      "transform_matrix": [
        [
          0.994375,
          -0.054381,
          0.090889,
          1.438933
        ],
        [
          -0.103792,
          -0.329343,
          0.938488,
          1.262358
        ],
        [
          -0.021102,
          -0.942643,
          -0.333135,
          1.522717
        ],
        [
          0.0,
          0.0,
          0.0,
          1.0
        ]
      ]
    },
    {
      "file_path": "/media/NFS/ttao/scannet/posed_images/scene0193_01/00033.jpg",
      "transform_matrix": [
        [
          0.993783,
          -0.053409,
          0.097689,
          1.445262
        ],
        [
          -0.109724,
          -0.321125,
          0.940659,
          1.259398
        ],
        [
          -0.018869,
          -0.94553,
          -0.324989,
          1.523526
        ],
        [
          0.0,
          0.0,
          0.0,
          1.0
        ]
      ]
    },
    {
      "file_path": "/media/NFS/ttao/scannet/posed_images/scene0193_01/00036.jpg",
      "transform_matrix": [
        [
          0.99198,
          -0.047867,
          0.11698,
          1.443266
        ],
        [
          -0.126038,
          -0.305186,
          0.943915,
          1.262275
        ],
        [
          -0.009482,
          -0.951089,
          -0.308772,
          1.534089
        ],
        [
          0.0,
          0.0,
          0.0,
          1.0
        ]
      ]
    },
    {
      "file_path": "/media/NFS/ttao/scannet/posed_images/scene0193_01/00037.jpg",
      "transform_matrix": [
        [
          0.992061,
          -0.047253,
          0.11654,
          1.443891
        ],
        [
          -0.125346,
          -0.2969,
          0.946646,
          1.262345
        ],
        [
          -0.010131,
          -0.953739,
          -0.300466,
          1.535801
        ],
        [
          0.0,
          0.0,
          0.0,
          1.0
        ]
      ]
    },
    {
      "file_path": "/media/NFS/ttao/scannet/posed_images/scene0193_01/00039.jpg",
      "transform_matrix": [
        [
          0.9921,
          -0.047685,
          0.116036,
          1.449355
        ],
        [
          -0.124769,
          -0.27867,
          0.952248,
          1.261502
        ],
        [
          -0.013072,
          -0.959202,
          -0.282418,
          1.54611
        ],
        [
          0.0,
          0.0,
          0.0,
          1.0
        ]
      ]
    },
    {
      "file_path": "/media/NFS/ttao/scannet/posed_images/scene0193_01/00041.jpg",
      "transform_matrix": [
        [
          0.990894,
          -0.048278,
          0.125696,
          1.449843
        ],
        [
          -0.134007,
          -0.262592,
          0.955556,
          1.262757
        ],
        [
          -0.013126,
          -0.963698,
          -0.266671,
          1.561319
        ],
        [
          0.0,
          0.0,
          0.0,
          1.0
        ]
      ]
    },
    {
      "file_path": "/media/NFS/ttao/scannet/posed_images/scene0193_01/00043.jpg",
      "transform_matrix": [
        [
          0.989683,
          -0.047587,
          0.135144,
          1.454847
        ],
        [
          -0.142759,
          -0.247362,
          0.958348,
          1.26537
        ],
        [
          -0.012176,
          -0.967754,
          -0.251603,
          1.573701
        ],
        [
          0.0,
          0.0,
          0.0,
          1.0
        ]
      ]
    },
    {
      "file_path": "/media/NFS/ttao/scannet/posed_images/scene0193_01/00044.jpg",
      "transform_matrix": [
        [
          0.989168,
          -0.04076,
          0.141015,
          1.451337
        ],
        [
          -0.146682,
          -0.238023,
          0.960119,
          1.261901
        ],
        [
          -0.005569,
          -0.970404,
          -0.241424,
          1.573281
        ],
        [
          0.0,
          0.0,
          0.0,
          1.0
        ]
      ]
    },
    {
      "file_path": "/media/NFS/ttao/scannet/posed_images/scene0193_01/00047.jpg",
      "transform_matrix": [
        [
          0.987404,
          -0.031087,
          0.155138,
          1.452447
        ],
        [
          -0.158149,
          -0.223637,
          0.961756,
          1.261501
        ],
        [
          0.004796,
          -0.974177,
          -0.225736,
          1.583289
        ],
        [
          0.0,
          0.0,
          0.0,
          1.0
        ]
      ]
    },
    {
      "file_path": "/media/NFS/ttao/scannet/posed_images/scene0193_01/00048.jpg",
      "transform_matrix": [
        [
          0.987086,
          -0.030206,
          0.157316,
          1.456174
        ],
        [
          -0.160097,
          -0.219341,
          0.962423,
          1.261993
        ],
        [
          0.005435,
          -0.975181,
          -0.221345,
          1.584675
        ],
        [
          0.0,
          0.0,
          0.0,
          1.0
        ]
      ]
    },
    {
      "file_path": "/media/NFS/ttao/scannet/posed_images/scene0193_01/00050.jpg",
      "transform_matrix": [
        [
          0.985796,
          -0.019706,
          0.166788,
          1.457308
        ],
        [
          -0.16721,
          -0.208132,
          0.963702,
          1.257335
        ],
        [
          0.015724,
          -0.977902,
          -0.20847,
          1.580714
        ],
        [
          0.0,
          0.0,
          0.0,
          1.0
        ]
      ]
    },
    {
      "file_path": "/media/NFS/ttao/scannet/posed_images/scene0193_01/00052.jpg",
      "transform_matrix": [
        [
          0.985446,
          -0.024143,
          0.168265,
          1.485327
        ],
        [
          -0.169589,
          -0.20736,
          0.963452,
          1.257906
        ],
        [
          0.011631,
          -0.977967,
          -0.208437,
          1.598835
        ],
        [
          0.0,
          0.0,
          0.0,
          1.0
        ]
      ]
    },
    {
      "file_path": "/media/NFS/ttao/scannet/posed_images/scene0193_01/00054.jpg",
      "transform_matrix": [
        [
          0.983379,
          -0.028298,
          0.179347,
          1.490022
        ],
        [
          -0.181379,
          -0.197861,
          0.963303,
          1.254369
        ],
        [
          0.008226,
          -0.979822,
          -0.199705,
          1.598106
        ],
        [
          0.0,
          0.0,
          0.0,
          1.0
        ]
      ]
    },
    {
      "file_path": "/media/NFS/ttao/scannet/posed_images/scene0193_01/00056.jpg",
      "transform_matrix": [
        [
          0.980438,
          -0.031572,
          0.194281,
          1.49452
        ],
        [
          -0.196719,
          -0.19014,
          0.961846,
          1.254625
        ],
        [
          0.006573,
          -0.981249,
          -0.192631,
          1.598217
        ],
        [
          0.0,
          0.0,
          0.0,
          1.0
        ]
      ]
    },
    {
      "file_path": "/media/NFS/ttao/scannet/posed_images/scene0193_01/00057.jpg",
      "transform_matrix": [
        [
          0.978644,
          -0.034339,
          0.202673,
          1.497041
        ],
        [
          -0.205497,
          -0.188023,
          0.960426,
          1.250692
        ],
        [
          0.005127,
          -0.981564,
          -0.191064,
          1.594677
        ],
        [
          0.0,
          0.0,
          0.0,
          1.0
        ]
      ]
    },
    {
      "file_path": "/media/NFS/ttao/scannet/posed_images/scene0193_01/00059.jpg",
      "transform_matrix": [
        [
          0.976254,
          -0.039386,
          0.21302,
          1.503881
        ],
        [
          -0.21661,
          -0.190854,
          0.957421,
          1.248151
        ],
        [
          0.002947,
          -0.980828,
          -0.194854,
          1.593075
        ],
        [
          0.0,
          0.0,
          0.0,
          1.0
        ]
      ]
    },
    {
      "file_path": "/media/NFS/ttao/scannet/posed_images/scene0193_01/00060.jpg",
      "transform_matrix": [
        [
          0.973243,
          -0.041262,
          0.226045,
          1.49104
        ],
        [
          -0.229768,
          -0.18486,
          0.955528,
          1.243309
        ],
        [
          0.00236,
          -0.981898,
          -0.189394,
          1.576178
        ],
        [
          0.0,
          0.0,
          0.0,
          1.0
        ]
      ]
    },
    {
      "file_path": "/media/NFS/ttao/scannet/posed_images/scene0193_01/00062.jpg",
      "transform_matrix": [
        [
          0.970361,
          -0.0431,
          0.237788,
          1.505376
        ],
        [
          -0.241622,
          -0.190929,
          0.951401,
          1.244741
        ],
        [
          0.004395,
          -0.980657,
          -0.195684,
          1.587063
        ],
        [
          0.0,
          0.0,
          0.0,
          1.0
        ]
      ]
    },
    {
      "file_path": "/media/NFS/ttao/scannet/posed_images/scene0193_01/00064.jpg",
      "transform_matrix": [
        [
          0.9661,
          -0.044409,
          0.254321,
          1.516391
        ],
        [
          -0.258098,
          -0.189162,
          0.947419,
          1.241152
        ],
        [
          0.006034,
          -0.980941,
          -0.194211,
          1.588062
        ],
        [
          0.0,
          0.0,
          0.0,
          1.0
        ]
      ]
    },
    {
      "file_path": "/media/NFS/ttao/scannet/posed_images/scene0193_01/00065.jpg",
      "transform_matrix": [
        [
          0.963207,
          -0.044773,
          0.265006,
          1.516411
        ],
        [
          -0.268658,
          -0.187712,
          0.944768,
          1.238978
        ],
        [
          0.007444,
          -0.981203,
          -0.192834,
          1.584986
        ],
        [
          0.0,
          0.0,
          0.0,
          1.0
        ]
      ]
    },
    {
      "file_path": "/media/NFS/ttao/scannet/posed_images/scene0193_01/00067.jpg",
      "transform_matrix": [
        [
          0.958324,
          -0.050519,
          0.281182,
          1.524796
        ],
        [
          -0.285635,
          -0.187726,
          0.939772,
          1.234829
        ],
        [
          0.005309,
          -0.980921,
          -0.194333,
          1.580221
        ],
        [
          0.0,
          0.0,
          0.0,
          1.0
        ]
      ]
    },
    {
      "file_path": "/media/NFS/ttao/scannet/posed_images/scene0193_01/00069.jpg",
      "transform_matrix": [
        [
          0.954534,
          -0.059051,
          0.292195,
          1.539445
        ],
        [
          -0.2981,
          -0.192744,
          0.934872,
          1.228476
        ],
        [
          0.001113,
          -0.979471,
          -0.201584,
          1.577338
        ],
        [
          0.0,
          0.0,
          0.0,
          1.0
        ]
      ]
    },
    {
      "file_path": "/media/NFS/ttao/scannet/posed_images/scene0193_01/00071.jpg",
      "transform_matrix": [
        [
          0.946631,
          -0.053799,
          0.317799,
          1.519085
        ],
        [
          -0.322056,
          -0.197845,
          0.925817,
          1.221251
        ],
        [
          0.013067,
          -0.978756,
          -0.204613,
          1.550997
        ],
        [
          0.0,
          0.0,
          0.0,
          1.0
        ]
      ]
    },
    {
      "file_path": "/media/NFS/ttao/scannet/posed_images/scene0193_01/00073.jpg",
      "transform_matrix": [
        [
          0.939388,
          -0.060492,
          0.337478,
          1.515603
        ],
        [
          -0.342229,
          -0.224931,
          0.912297,
          1.224557
        ],
        [
          0.020722,
          -0.972495,
          -0.232,
          1.54294
        ],
        [
          0.0,
          0.0,
          0.0,
          1.0
        ]
      ]
    },
    {
      "file_path": "/media/NFS/ttao/scannet/posed_images/scene0193_01/00074.jpg",
      "transform_matrix": [
        [
          0.93856,
          -0.061289,
          0.339631,
          1.525438
        ],
        [
          -0.344094,
          -0.241849,
          0.907253,
          1.220252
        ],
        [
          0.026535,
          -0.968376,
          -0.248079,
          1.537678
        ],
        [
          0.0,
          0.0,
          0.0,
          1.0
        ]
      ]
    },
    {
      "file_path": "/media/NFS/ttao/scannet/posed_images/scene0193_01/00076.jpg",
      "transform_matrix": [
        [
          0.932623,
          -0.062832,
          0.355339,
          1.523837
        ],
        [
          -0.358737,
          -0.26789,
          0.894171,
          1.219489
        ],
        [
          0.039009,
          -0.961398,
          -0.272381,
          1.528072
        ],
        [
          0.0,
          0.0,
          0.0,
          1.0
        ]
      ]
    },
    {
      "file_path": "/media/NFS/ttao/scannet/posed_images/scene0193_01/00079.jpg",
      "transform_matrix": [
        [
          0.925491,
          -0.076661,
          0.370932,
          1.531409
        ],
        [
          -0.376033,
          -0.303489,
          0.875496,
          1.219098
        ],
        [
          0.045458,
          -0.949746,
          -0.309704,
          1.518548
        ],
        [
          0.0,
          0.0,
          0.0,
          1.0
        ]
      ]
    },
    {
      "file_path": "/media/NFS/ttao/scannet/posed_images/scene0193_01/00080.jpg",
      "transform_matrix": [
        [
          0.923119,
          -0.081745,
          0.375724,
          1.530305
        ],
        [
          -0.381426,
          -0.318249,
          0.867889,
          1.22123
        ],
        [
          0.048628,
          -0.944476,
          -0.324962,
          1.52625
        ],
        [
          0.0,
          0.0,
          0.0,
          1.0
        ]
      ]
    },
    {
      "file_path": "/media/NFS/ttao/scannet/posed_images/scene0193_01/00082.jpg",
      "transform_matrix": [
        [
          0.919691,
          -0.094208,
          0.381174,
          1.526835
        ],
        [
          -0.389652,
          -0.33857,
          0.85647,
          1.222741
        ],
        [
          0.048368,
          -0.936213,
          -0.348088,
          1.519655
        ],
        [
          0.0,
          0.0,
          0.0,
          1.0
        ]
      ]
    },
    {
      "file_path": "/media/NFS/ttao/scannet/posed_images/scene0193_01/00083.jpg",
      "transform_matrix": [
        [
          0.919295,
          -0.100562,
          0.380504,
          1.527018
        ],
        [
          -0.390838,
          -0.346949,
          0.852568,
          1.221296
        ],
        [
          0.04628,
          -0.932477,
          -0.358252,
          1.516633
        ],
        [
          0.0,
          0.0,
          0.0,
          1.0
        ]
      ]
    },
    {
      "file_path": "/media/NFS/ttao/scannet/posed_images/scene0193_01/00085.jpg",
      "transform_matrix": [
        [
          0.918564,
          -0.115494,
          0.378023,
          1.526849
        ],
        [
          -0.393228,
          -0.364148,
          0.844255,
          1.220889
        ],
        [
          0.04015,
          -0.924152,
          -0.379909,
          1.511437
        ],
        [
          0.0,
          0.0,
          0.0,
          1.0
        ]
      ]
    },
    {
      "file_path": "/media/NFS/ttao/scannet/posed_images/scene0193_01/00087.jpg",
      "transform_matrix": [
        [
          0.917929,
          -0.126429,
          0.376063,
          1.523181
        ],
        [
          -0.394859,
          -0.38345,
          0.834897,
          1.218726
        ],
        [
          0.038646,
          -0.914867,
          -0.401901,
          1.504748
        ],
        [
          0.0,
          0.0,
          0.0,
          1.0
        ]
      ]
    },
    {
      "file_path": "/media/NFS/ttao/scannet/posed_images/scene0193_01/00089.jpg",
      "transform_matrix": [
        [
          0.917254,
          -0.137088,
          0.373968,
          1.518051
        ],
        [
          -0.396448,
          -0.404718,
          0.824034,
          1.217754
        ],
        [
          0.038386,
          -0.904107,
          -0.425578,
          1.496021
        ],
        [
          0.0,
          0.0,
          0.0,
          1.0
        ]
      ]
    },
    {
      "file_path": "/media/NFS/ttao/scannet/posed_images/scene0193_01/00091.jpg",
      "transform_matrix": [
        [
          0.919084,
          -0.135974,
          0.36986,
          1.50286
        ],
        [
          -0.391324,
          -0.42539,
          0.816032,
          1.212403
        ],
        [
          0.046375,
          -0.894737,
          -0.444179,
          1.477398
        ],
        [
          0.0,
          0.0,
          0.0,
          1.0
        ]
      ]
    },
    {
      "file_path": "/media/NFS/ttao/scannet/posed_images/scene0193_01/00093.jpg",
      "transform_matrix": [
        [
          0.92261,
          -0.139197,
          0.359743,
          1.494475
        ],
        [
          -0.382356,
          -0.453178,
          0.805254,
          1.212529
        ],
        [
          0.050939,
          -0.880485,
          -0.471329,
          1.466943
        ],
        [
          0.0,
          0.0,
          0.0,
          1.0
        ]
      ]
    },
    {
      "file_path": "/media/NFS/ttao/scannet/posed_images/scene0193_01/00095.jpg",
      "transform_matrix": [
        [
          0.925138,
          -0.143215,
          0.351581,
          1.485567
        ],
        [
          -0.375697,
          -0.478371,
          0.793733,
          1.218696
        ],
        [
          0.054512,
          -0.866401,
          -0.496365,
          1.460634
        ],
        [
          0.0,
          0.0,
          0.0,
          1.0
        ]
      ]
    },
    {
      "file_path": "/media/NFS/ttao/scannet/posed_images/scene0193_01/00097.jpg",
      "transform_matrix": [
        [
          0.927783,
          -0.153285,
          0.34018,
          1.471929
        ],
        [
          -0.369823,
          -0.498721,
          0.783906,
          1.219221
        ],
        [
          0.049494,
          -0.853101,
          -0.519393,
          1.442759
        ],
        [
          0.0,
          0.0,
          0.0,
          1.0
        ]
      ]
    },
    {
      "file_path": "/media/NFS/ttao/scannet/posed_images/scene0193_01/00098.jpg",
      "transform_matrix": [
        [
          0.927896,
          -0.157821,
          0.337791,
          1.471825
        ],
        [
          -0.369775,
          -0.505473,
          0.779592,
          1.217805
        ],
        [
          0.047708,
          -0.848286,
          -0.527385,
          1.439018
        ],
        [
          0.0,
          0.0,
          0.0,
          1.0
        ]
      ]
    },
    {
      "file_path": "/media/NFS/ttao/scannet/posed_images/scene0193_01/00100.jpg",
      "transform_matrix": [
        [
          0.929315,
          -0.158927,
          0.33334,
          1.466236
        ],
        [
          -0.365135,
          -0.530415,
          0.765072,
          1.21082
        ],
        [
          0.055218,
          -0.832708,
          -0.550953,
          1.416865
        ],
        [
          0.0,
          0.0,
          0.0,
          1.0
        ]
      ]
    },
    {
      "file_path": "/media/NFS/ttao/scannet/posed_images/scene0193_01/00101.jpg",
      "transform_matrix": [
        [
          0.92799,
          -0.161111,
          0.335972,
          1.462117
        ],
        [
          -0.36799,
          -0.537761,
          0.758549,
          1.207295
        ],
        [
          0.058462,
          -0.827561,
          -0.558324,
          1.407995
        ],
        [
          0.0,
          0.0,
          0.0,
          1.0
        ]
      ]
    },
    {
      "file_path": "/media/NFS/ttao/scannet/posed_images/scene0193_01/00104.jpg",
      "transform_matrix": [
        [
          0.925037,
          -0.172272,
          0.338569,
          1.464992
        ],
        [
          -0.374309,
          -0.565391,
          0.735,
          1.195018
        ],
        [
          0.064804,
          -0.806632,
          -0.587491,
          1.398027
        ],
        [
          0.0,
          0.0,
          0.0,
          1.0
        ]
      ]
    },
    {
      "file_path": "/media/NFS/ttao/scannet/posed_images/scene0193_01/00106.jpg",
      "transform_matrix": [
        [
          0.921434,
          -0.178419,
          0.345146,
          1.470428
        ],
        [
          -0.382188,
          -0.576121,
          0.722507,
          1.182603
        ],
        [
          0.069937,
          -0.797653,
          -0.599047,
          1.391628
        ],
        [
          0.0,
          0.0,
          0.0,
          1.0
        ]
      ]
    },
    {
      "file_path": "/media/NFS/ttao/scannet/posed_images/scene0193_01/00107.jpg",
      "transform_matrix": [
        [
          0.918853,
          -0.184415,
          0.348856,
          1.473958
        ],
        [
          -0.388091,
          -0.582262,
          0.714392,
          1.177305
        ],
        [
          0.071381,
          -0.791809,
          -0.606583,
          1.389134
        ],
        [
          0.0,
          0.0,
          0.0,
          1.0
        ]
      ]
    },
    {
      "file_path": "/media/NFS/ttao/scannet/posed_images/scene0193_01/00108.jpg",
      "transform_matrix": [
        [
          0.91664,
          -0.191078,
          0.351085,
          1.479489
        ],
        [
          -0.393282,
          -0.588076,
          0.70675,
          1.170207
        ],
        [
          0.07142,
          -0.785911,
          -0.614201,
          1.386158
        ],
        [
          0.0,
          0.0,
          0.0,
          1.0
        ]
      ]
    },
    {
      "file_path": "/media/NFS/ttao/scannet/posed_images/scene0193_01/00110.jpg",
      "transform_matrix": [
        [
          0.91098,
          -0.214104,
          0.352526,
          1.49432
        ],
        [
          -0.407164,
          -0.603239,
          0.685799,
          1.166544
        ],
        [
          0.065825,
          -0.768286,
          -0.636714,
          1.392221
        ],
        [
          0.0,
          0.0,
          0.0,
          1.0
        ]
      ]
    },
    {
      "file_path": "/media/NFS/ttao/scannet/posed_images/scene0193_01/00112.jpg",
      "transform_matrix": [
        [
          0.904084,
          -0.23714,
          0.355522,
          1.506952
        ],
        [
          -0.424076,
          -0.600674,
          0.677754,
          1.15428
        ],
        [
          0.05283,
          -0.763516,
          -0.643625,
          1.390325
        ],
        [
          0.0,
          0.0,
          0.0,
          1.0
        ]
      ]
    },
    {
      "file_path": "/media/NFS/ttao/scannet/posed_images/scene0193_01/00114.jpg",
      "transform_matrix": [
        [
          0.895315,
          -0.2579,
          0.363179,
          1.515818
        ],
        [
          -0.443459,
          -0.592774,
          0.672282,
          1.148007
        ],
        [
          0.041901,
          -0.762959,
          -0.645087,
          1.391691
        ],
        [
          0.0,
          0.0,
          0.0,
          1.0
        ]
      ]
    },
    {
      "file_path": "/media/NFS/ttao/scannet/posed_images/scene0193_01/00115.jpg",
      "transform_matrix": [
        [
          0.890882,
          -0.270205,
          0.365128,
          1.521024
        ],
        [
          -0.45303,
          -0.587052,
          0.67092,
          1.146873
        ],
        [
          0.033064,
          -0.763125,
          -0.645405,
          1.395181
        ],
        [
          0.0,
          0.0,
          0.0,
          1.0
        ]
      ]
    },
    {
      "file_path": "/media/NFS/ttao/scannet/posed_images/scene0193_01/00118.jpg",
      "transform_matrix": [
        [
          0.881319,
          -0.287974,
          0.374631,
          1.531379
        ],
        [
          -0.472325,
          -0.559815,
          0.68082,
          1.136949
        ],
        [
          0.013666,
          -0.776967,
          -0.629393,
          1.396496
        ],
        [
          0.0,
          0.0,
          0.0,
          1.0
        ]
      ]
    },
    {
      "file_path": "/media/NFS/ttao/scannet/posed_images/scene0193_01/00120.jpg",
      "transform_matrix": [
        [
          0.87082,
          -0.304403,
          0.38602,
          1.537956
        ],
        [
          -0.491539,
          -0.551624,
          0.673869,
          1.137507
        ],
        [
          0.00781,
          -0.776563,
          -0.629991,
          1.400181
        ],
        [
          0.0,
          0.0,
          0.0,
          1.0
        ]
      ]
    },
    {
      "file_path": "/media/NFS/ttao/scannet/posed_images/scene0193_01/00121.jpg",
      "transform_matrix": [
        [
          0.865391,
          -0.311878,
          0.392212,
          1.542358
        ],
        [
          -0.50105,
          -0.549294,
          0.668749,
          1.139891
        ],
        [
          0.006871,
          -0.775248,
          -0.63162,
          1.402901
        ],
        [
          0.0,
          0.0,
          0.0,
          1.0
        ]
      ]
    },
    {
      "file_path": "/media/NFS/ttao/scannet/posed_images/scene0193_01/00123.jpg",
      "transform_matrix": [
        [
          0.851479,
          -0.319991,
          0.41544,
          1.545085
        ],
        [
          -0.524208,
          -0.540244,
          0.658288,
          1.152441
        ],
        [
          0.013793,
          -0.778295,
          -0.627748,
          1.403758
        ],
        [
          0.0,
          0.0,
          0.0,
          1.0
        ]
      ]
    },
    {
      "file_path": "/media/NFS/ttao/scannet/posed_images/scene0193_01/00125.jpg",
      "transform_matrix": [
        [
          0.83652,
          -0.32619,
          0.440265,
          1.547154
        ],
        [
          -0.547622,
          -0.52488,
          0.651622,
          1.169035
        ],
        [
          0.018534,
          -0.786194,
          -0.617702,
          1.405165
        ],
        [
          0.0,
          0.0,
          0.0,
          1.0
        ]
      ]
    },
    {
      "file_path": "/media/NFS/ttao/scannet/posed_images/scene0193_01/00127.jpg",
      "transform_matrix": [
        [
          0.821212,
          -0.32817,
          0.466813,
          1.546612
        ],
        [
          -0.570037,
          -0.508872,
          0.645063,
          1.190952
        ],
        [
          0.025858,
          -0.795835,
          -0.604962,
          1.405194
        ],
        [
          0.0,
          0.0,
          0.0,
          1.0
        ]
      ]
    },
    {
      "file_path": "/media/NFS/ttao/scannet/posed_images/scene0193_01/00129.jpg",
      "transform_matrix": [
        [
          0.807032,
          -0.330767,
          0.489175,
          1.545192
        ],
        [
          -0.589523,
          -0.499109,
          0.6351,
          1.221328
        ],
        [
          0.034081,
          -0.800926,
          -0.597792,
          1.407584
        ],
        [
          0.0,
          0.0,
          0.0,
          1.0
        ]
      ]
    },
    {
      "file_path": "/media/NFS/ttao/scannet/posed_images/scene0193_01/00130.jpg",
      "transform_matrix": [
        [
          0.798795,
          -0.331668,
          0.501919,
          1.54116
        ],
        [
          -0.600426,
          -0.491666,
          0.630676,
          1.239807
        ],
        [
          0.037601,
          -0.805146,
          -0.591883,
          1.406891
        ],
        [
          0.0,
          0.0,
          0.0,
          1.0
        ]
      ]
    },
    {
      "file_path": "/media/NFS/ttao/scannet/posed_images/scene0193_01/00131.jpg",
      "transform_matrix": [
        [
          0.790787,
          -0.335686,
          0.51183,
          1.537875
        ],
        [
          -0.610872,
          -0.485565,
          0.625349,
          1.254209
        ],
        [
          0.038606,
          -0.807181,
          -0.58904,
          1.405598
        ],
        [
          0.0,
          0.0,
          0.0,
          1.0
        ]
      ]
    },
    {
      "file_path": "/media/NFS/ttao/scannet/posed_images/scene0193_01/00133.jpg",
      "transform_matrix": [
        [
          0.770002,
          -0.360148,
          0.526679,
          1.538383
        ],
        [
          -0.637391,
          -0.47146,
          0.609474,
          1.293148
        ],
        [
          0.028807,
          -0.804996,
          -0.59258,
          1.411233
        ],
        [
          0.0,
          0.0,
          0.0,
          1.0
        ]
      ]
    },
    {
      "file_path": "/media/NFS/ttao/scannet/posed_images/scene0193_01/00135.jpg",
      "transform_matrix": [
        [
          0.748561,
          -0.372664,
          0.548433,
          1.53704
        ],
        [
          -0.662693,
          -0.448188,
          0.59997,
          1.323002
        ],
        [
          0.022214,
          -0.812557,
          -0.582458,
          1.408323
        ],
        [
          0.0,
          0.0,
          0.0,
          1.0
        ]
      ]
    },
    {
      "file_path": "/media/NFS/ttao/scannet/posed_images/scene0193_01/00138.jpg",
      "transform_matrix": [
        [
          0.71162,
          -0.402211,
          0.576041,
          1.542026
        ],
        [
          -0.702367,
          -0.426694,
          0.569747,
          1.373043
        ],
        [
          0.016635,
          -0.810036,
          -0.586144,
          1.406551
