{
  "frames": [
    {
      "file_path": "/media/NFS/ttao/scannet/posed_images/scene0270_00/00000.jpg",
      "transform_matrix": [
        [
          -0.985093,
          -0.099897,
          -0.140048,
          1.140757
        ],
        [
          0.127109,
          0.125873,
          -0.98387,
          1.718676
        ],
        [
          0.115914,
          -0.987004,
          -0.111299,
          1.76664
        ],
        [
          0.0,
          0.0,
          0.0,
          1.0
        ]
      ]
    },
    {
      "file_path": "/media/NFS/ttao/scannet/posed_images/scene0270_00/00007.jpg",
      "transform_matrix": [
        [
          -0.986552,
          -0.102047,
          -0.12768,
          1.1434
        ],
        [
          0.115478,
          0.117675,
          -0.986315,
          1.719801
        ],
        [
          0.115675,
          -0.987795,
          -0.104308,
          1.775434
        ],
        [
          0.0,
          0.0,
          0.0,
          1.0
        ]
      ]
    },
    {
      "file_path": "/media/NFS/ttao/scannet/posed_images/scene0270_00/00015.jpg",
      "transform_matrix": [
        [
          -0.989044,
          -0.113031,
          -0.094952,
          1.127773
        ],
        [
          0.085508,
          0.085673,
          -0.992647,
          1.728612
        ],
        [
          0.120334,
          -0.989891,
          -0.075069,
          1.796131
        ],
        [
          0.0,
          0.0,
          0.0,
          1.0
        ]
      ]
    },
    {
      "file_path": "/media/NFS/ttao/scannet/posed_images/scene0270_00/00027.jpg",
      "transform_matrix": [
        [
          -0.986892,
          -0.118332,
          -0.109734,
          1.131588
        ],
        [
          0.113065,
          -0.02179,
          -0.993349,
          1.739114
        ],
        [
          0.115154,
          -0.992735,
          0.034883,
          1.824221
        ],
        [
          0.0,
          0.0,
          0.0,
          1.0
        ]
      ]
    },
    {
      "file_path": "/media/NFS/ttao/scannet/posed_images/scene0270_00/00037.jpg",
      "transform_matrix": [
        [
          -0.989821,
          -0.114524,
          -0.084498,
          1.135153
        ],
        [
          0.095011,
          -0.089672,
          -0.991429,
          1.757303
        ],
        [
          0.105965,
          -0.989365,
          0.09964,
          1.851575
        ],
        [
          0.0,
          0.0,
          0.0,
          1.0
        ]
      ]
    },
    {
      "file_path": "/media/NFS/ttao/scannet/posed_images/scene0270_00/00044.jpg",
      "transform_matrix": [
        [
          -0.990527,
          -0.121698,
          -0.063606,
          1.143221
        ],
        [
          0.075716,
          -0.097615,
          -0.99234,
          1.76532
        ],
        [
          0.114557,
          -0.987755,
          0.105905,
          1.854063
        ],
        [
          0.0,
          0.0,
          0.0,
          1.0
        ]
      ]
    },
    {
      "file_path": "/media/NFS/ttao/scannet/posed_images/scene0270_00/00047.jpg",
      "transform_matrix": [
        [
          -0.99062,
          -0.123283,
          -0.058942,
          1.145375
        ],
        [
          0.070086,
          -0.088097,
          -0.993643,
          1.764914
        ],
        [
          0.117306,
          -0.988453,
          0.095911,
          1.850029
        ],
        [
          0.0,
          0.0,
          0.0,
          1.0
        ]
      ]
    },
    {
      "file_path": "/media/NFS/ttao/scannet/posed_images/scene0270_00/00057.jpg",
      "transform_matrix": [
        [
          -0.991864,
          -0.120025,
          -0.042418,
          1.143212
        ],
        [
          0.04143,
          0.010712,
          -0.999084,
          1.764787
        ],
        [
          0.12037,
          -0.992713,
          -0.005652,
          1.83532
        ],
        [
          0.0,
          0.0,
          0.0,
          1.0
        ]
      ]
    },
    {
      "file_path": "/media/NFS/ttao/scannet/posed_images/scene0270_00/00069.jpg",
      "transform_matrix": [
        [
          -0.989071,
          -0.144181,
          -0.030844,
          1.126475
        ],
        [
          0.001126,
          0.201801,
          -0.979426,
          1.760151
        ],
        [
          0.147439,
          -0.968756,
          -0.199433,
          1.764138
        ],
        [
          0.0,
          0.0,
          0.0,
          1.0
        ]
      ]
    },
    {
      "file_path": "/media/NFS/ttao/scannet/posed_images/scene0270_00/00079.jpg",
      "transform_matrix": [
        [
          -0.991243,
          -0.131471,
          -0.012372,
          1.132448
        ],
        [
          -0.026938,
          0.293038,
          -0.955721,
          1.754868
        ],
        [
          0.129275,
          -0.947019,
          -0.294013,
          1.734102
        ],
        [
          0.0,
          0.0,
          0.0,
          1.0
        ]
      ]
    },
    {
      "file_path": "/media/NFS/ttao/scannet/posed_images/scene0270_00/00084.jpg",
      "transform_matrix": [
        [
          -0.990332,
          -0.137087,
          -0.021232,
          1.140765
        ],
        [
          -0.026358,
          0.336222,
          -0.941414,
          1.752685
        ],
        [
          0.136194,
          -0.931752,
          -0.336585,
          1.709399
        ],
        [
          0.0,
          0.0,
          0.0,
          1.0
        ]
      ]
    },
    {
      "file_path": "/media/NFS/ttao/scannet/posed_images/scene0270_00/00094.jpg",
      "transform_matrix": [
        [
          -0.990909,
          -0.114068,
          -0.071334,
          1.177977
        ],
        [
          0.016791,
          0.421213,
          -0.906806,
          1.737319
        ],
        [
          0.133484,
          -0.89976,
          -0.415468,
          1.672444
        ],
        [
          0.0,
          0.0,
          0.0,
          1.0
        ]
      ]
    },
    {
      "file_path": "/media/NFS/ttao/scannet/posed_images/scene0270_00/00101.jpg",
      "transform_matrix": [
        [
          -0.991432,
          -0.082927,
          -0.100923,
          1.232092
        ],
        [
          0.054214,
          0.441701,
          -0.895523,
          1.730032
        ],
        [
          0.118841,
          -0.893322,
          -0.43342,
          1.664242
        ],
        [
          0.0,
          0.0,
          0.0,
          1.0
        ]
      ]
    },
    {
      "file_path": "/media/NFS/ttao/scannet/posed_images/scene0270_00/00111.jpg",
      "transform_matrix": [
        [
          -0.985725,
          -0.015884,
          -0.167615,
          1.337625
        ],
        [
          0.143135,
          0.445144,
          -0.883945,
          1.735043
        ],
        [
          0.088653,
          -0.895318,
          -0.436516,
          1.665803
        ],
        [
          0.0,
          0.0,
          0.0,
          1.0
        ]
      ]
    },
    {
      "file_path": "/media/NFS/ttao/scannet/posed_images/scene0270_00/00116.jpg",
      "transform_matrix": [
        [
          -0.979952,
          0.022593,
          -0.197951,
          1.383921
        ],
        [
          0.188224,
          0.430724,
          -0.882637,
          1.746934
        ],
        [
          0.065321,
          -0.902201,
          -0.426341,
          1.667856
        ],
        [
          0.0,
          0.0,
          0.0,
          1.0
        ]
      ]
    },
    {
      "file_path": "/media/NFS/ttao/scannet/posed_images/scene0270_00/00121.jpg",
      "transform_matrix": [
        [
          -0.976052,
          0.039052,
          -0.214004,
          1.411381
        ],
        [
          0.210352,
          0.420197,
          -0.882716,
          1.762175
        ],
        [
          0.055452,
          -0.906592,
          -0.418348,
          1.670619
        ],
        [
          0.0,
          0.0,
          0.0,
          1.0
        ]
      ]
    },
    {
      "file_path": "/media/NFS/ttao/scannet/posed_images/scene0270_00/00136.jpg",
      "transform_matrix": [
        [
          -0.977896,
          0.062254,
          -0.199611,
          1.465764
        ],
        [
          0.20428,
          0.488119,
          -0.848534,
          1.791477
        ],
        [
          0.04461,
          -0.870554,
          -0.490046,
          1.642059
        ],
        [
          0.0,
          0.0,
          0.0,
          1.0
        ]
      ]
    },
    {
      "file_path": "/media/NFS/ttao/scannet/posed_images/scene0270_00/00138.jpg",
      "transform_matrix": [
        [
          -0.971342,
          0.087638,
          -0.22094,
          1.472106
        ],
        [
          0.235286,
          0.486307,
          -0.841514,
          1.793049
        ],
        [
          0.033696,
          -0.869382,
          -0.492991,
          1.6395
        ],
        [
          0.0,
          0.0,
          0.0,
          1.0
        ]
      ]
    },
    {
      "file_path": "/media/NFS/ttao/scannet/posed_images/scene0270_00/00150.jpg",
      "transform_matrix": [
        [
          -0.89937,
          0.225123,
          -0.374772,
          1.549363
        ],
        [
          0.437056,
          0.441818,
          -0.783441,
          1.786153
        ],
        [
          -0.010789,
          -0.868399,
          -0.495749,
          1.626779
        ],
        [
          0.0,
          0.0,
          0.0,
          1.0
        ]
      ]
    },
    {
      "file_path": "/media/NFS/ttao/scannet/posed_images/scene0270_00/00155.jpg",
      "transform_matrix": [
        [
          -0.877836,
          0.252822,
          -0.406798,
          1.562216
        ],
        [
          0.478401,
          0.421767,
          -0.770224,
          1.783341
        ],
        [
          -0.023156,
          -0.870743,
          -0.491193,
          1.639445
        ],
        [
          0.0,
          0.0,
          0.0,
          1.0
        ]
      ]
    },
    {
      "file_path": "/media/NFS/ttao/scannet/posed_images/scene0270_00/00163.jpg",
      "transform_matrix": [
        [
          -0.846624,
          0.292175,
          -0.444817,
          1.579106
        ],
        [
          0.531561,
          0.423568,
          -0.733508,
          1.750693
        ],
        [
          -0.025903,
          -0.857452,
          -0.513911,
          1.623687
        ],
        [
          0.0,
          0.0,
          0.0,
          1.0
        ]
      ]
    },
    {
      "file_path": "/media/NFS/ttao/scannet/posed_images/scene0270_00/00177.jpg",
      "transform_matrix": [
        [
          -0.834593,
          0.334642,
          -0.437573,
          1.565897
        ],
        [
          0.549414,
          0.447996,
          -0.705297,
          1.647546
        ],
        [
          -0.039991,
          -0.829044,
          -0.557751,
          1.604703
        ],
        [
          0.0,
          0.0,
          0.0,
          1.0
        ]
      ]
    },
    {
      "file_path": "/media/NFS/ttao/scannet/posed_images/scene0270_00/00182.jpg",
      "transform_matrix": [
        [
          -0.821977,
          0.342565,
          -0.454976,
          1.554484
        ],
        [
          0.568596,
          0.448113,
          -0.68985,
          1.615535
        ],
        [
          -0.032438,
          -0.825738,
          -0.56312,
          1.605169
        ],
        [
          0.0,
          0.0,
          0.0,
          1.0
        ]
      ]
    },
    {
      "file_path": "/media/NFS/ttao/scannet/posed_images/scene0270_00/00190.jpg",
      "transform_matrix": [
        [
          -0.801269,
          0.354374,
          -0.482066,
          1.536362
        ],
        [
          0.597776,
          0.440301,
          -0.669924,
          1.571717
        ],
        [
          -0.025149,
          -0.824957,
          -0.564636,
          1.608686
        ],
        [
          0.0,
          0.0,
          0.0,
          1.0
        ]
      ]
    },
    {
      "file_path": "/media/NFS/ttao/scannet/posed_images/scene0270_00/00200.jpg",
      "transform_matrix": [
        [
          -0.750784,
          0.382935,
          -0.538223,
          1.520159
        ],
        [
          0.660538,
          0.430708,
          -0.614964,
          1.520865
        ],
        [
          -0.003674,
          -0.817221,
          -0.576312,
          1.600468
        ],
        [
          0.0,
          0.0,
          0.0,
          1.0
        ]
      ]
    },
    {
      "file_path": "/media/NFS/ttao/scannet/posed_images/scene0270_00/00207.jpg",
      "transform_matrix": [
        [
          -0.693358,
          0.429352,
          -0.578716,
          1.519005
        ],
        [
          0.720327,
          0.391127,
          -0.572843,
          1.477044
        ],
        [
          -0.0196,
          -0.814049,
          -0.580465,
          1.606095
        ],
        [
          0.0,
          0.0,
          0.0,
          1.0
        ]
      ]
    },
    {
      "file_path": "/media/NFS/ttao/scannet/posed_images/scene0270_00/00214.jpg",
      "transform_matrix": [
        [
          -0.619896,
          0.472695,
          -0.626329,
          1.527283
        ],
        [
          0.783636,
          0.33169,
          -0.525258,
          1.428122
        ],
        [
          -0.040539,
          -0.81642,
          -0.576034,
          1.6137
        ],
        [
          0.0,
          0.0,
          0.0,
          1.0
        ]
      ]
    },
    {
      "file_path": "/media/NFS/ttao/scannet/posed_images/scene0270_00/00227.jpg",
      "transform_matrix": [
        [
          -0.465987,
          0.525514,
          -0.711822,
          1.512566
        ],
        [
          0.882569,
          0.219083,
          -0.416022,
          1.389117
        ],
        [
          -0.062677,
          -0.822093,
          -0.565892,
          1.616384
        ],
        [
          0.0,
          0.0,
          0.0,
          1.0
        ]
      ]
    },
    {
      "file_path": "/media/NFS/ttao/scannet/posed_images/scene0270_00/00234.jpg",
      "transform_matrix": [
        [
          -0.391493,
          0.537813,
          -0.746653,
          1.487168
        ],
        [
          0.917968,
          0.172017,
          -0.357416,
          1.380566
        ],
        [
          -0.063786,
          -0.825329,
          -0.561038,
          1.615909
        ],
        [
          0.0,
          0.0,
          0.0,
          1.0
        ]
      ]
    },
    {
      "file_path": "/media/NFS/ttao/scannet/posed_images/scene0270_00/00237.jpg",
      "transform_matrix": [
        [
          -0.362057,
          0.542039,
          -0.758359,
          1.470844
        ],
        [
          0.929773,
          0.15186,
          -0.335351,
          1.377992
        ],
        [
          -0.066608,
          -0.826518,
          -0.558955,
          1.615146
        ],
        [
          0.0,
          0.0,
          0.0,
          1.0
        ]
      ]
    },
    {
      "file_path": "/media/NFS/ttao/scannet/posed_images/scene0270_00/00249.jpg",
      "transform_matrix": [
        [
          -0.249163,
          0.541703,
          -0.802793,
          1.400085
        ],
        [
          0.967279,
          0.098236,
          -0.233927,
          1.384544
        ],
        [
          -0.047856,
          -0.83481,
          -0.548454,
          1.612565
        ],
        [
          0.0,
          0.0,
          0.0,
          1.0
        ]
      ]
    },
    {
      "file_path": "/media/NFS/ttao/scannet/posed_images/scene0270_00/00256.jpg",
      "transform_matrix": [
        [
          -0.180721,
          0.547929,
          -0.816771,
          1.374564
        ],
        [
          0.982188,
          0.057097,
          -0.179018,
          1.396126
        ],
        [
          -0.051454,
          -0.834574,
          -0.548487,
          1.616724
        ],
        [
          0.0,
          0.0,
          0.0,
          1.0
        ]
      ]
    },
    {
      "file_path": "/media/NFS/ttao/scannet/posed_images/scene0270_00/00261.jpg",
      "transform_matrix": [
        [
          -0.136651,
          0.550716,
          -0.823431,
          1.369493
        ],
        [
          0.989393,
          0.034532,
          -0.141097,
          1.396942
        ],
        [
          -0.049269,
          -0.833978,
          -0.549594,
          1.614647
        ],
        [
          0.0,
          0.0,
          0.0,
          1.0
        ]
      ]
    },
    {
      "file_path": "/media/NFS/ttao/scannet/posed_images/scene0270_00/00274.jpg",
      "transform_matrix": [
        [
          0.041058,
          0.547172,
          -0.836012,
          1.410837
        ],
        [
          0.996875,
          -0.078946,
          -0.002712,
          1.38839
        ],
        [
          -0.067483,
          -0.833289,
          -0.548704,
          1.616953
        ],
        [
          0.0,
          0.0,
          0.0,
          1.0
        ]
      ]
    },
    {
      "file_path": "/media/NFS/ttao/scannet/posed_images/scene0270_00/00278.jpg",
      "transform_matrix": [
        [
          0.093952,
          0.541639,
          -0.835345,
          1.432822
        ],
        [
          0.992895,
          -0.11252,
          0.038714,
          1.388716
        ],
        [
          -0.073024,
          -0.833047,
          -0.548362,
          1.617223
        ],
        [
          0.0,
          0.0,
          0.0,
          1.0
        ]
      ]
    },
    {
      "file_path": "/media/NFS/ttao/scannet/posed_images/scene0270_00/00288.jpg",
      "transform_matrix": [
        [
          0.21476,
          0.531807,
          -0.819182,
          1.469601
        ],
        [
          0.973004,
          -0.18907,
          0.132343,
          1.416005
        ],
        [
          -0.084502,
          -0.82549,
          -0.558055,
          1.603969
        ],
        [
          0.0,
          0.0,
          0.0,
          1.0
        ]
      ]
    },
    {
      "file_path": "/media/NFS/ttao/scannet/posed_images/scene0270_00/00298.jpg",
      "transform_matrix": [
        [
          0.304616,
          0.533872,
          -0.78879,
          1.476208
        ],
        [
          0.947693,
          -0.252764,
          0.194905,
          1.47717
        ],
        [
          -0.095323,
          -0.806902,
          -0.582943,
          1.584033
        ],
        [
          0.0,
          0.0,
          0.0,
          1.0
        ]
      ]
    },
    {
      "file_path": "/media/NFS/ttao/scannet/posed_images/scene0270_00/00308.jpg",
      "transform_matrix": [
        [
          0.31867,
          0.538982,
          -0.77971,
          1.483908
        ],
        [
          0.94428,
          -0.252008,
          0.211727,
          1.553228
        ],
        [
          -0.082376,
          -0.803736,
          -0.589257,
          1.566284
        ],
        [
          0.0,
          0.0,
          0.0,
          1.0
        ]
      ]
    },
    {
      "file_path": "/media/NFS/ttao/scannet/posed_images/scene0270_00/00310.jpg",
      "transform_matrix": [
        [
          0.304812,
          0.548747,
          -0.778438,
          1.490256
        ],
        [
          0.949617,
          -0.237686,
          0.204287,
          1.568079
        ],
        [
          -0.072922,
          -0.801487,
          -0.593549,
          1.557224
        ],
        [
          0.0,
          0.0,
          0.0,
          1.0
        ]
      ]
    },
    {
      "file_path": "/media/NFS/ttao/scannet/posed_images/scene0270_00/00320.jpg",
      "transform_matrix": [
        [
          0.158783,
          0.600037,
          -0.784056,
          1.529773
        ],
        [
          0.987093,
          -0.113275,
          0.113212,
          1.62794
        ],
        [
          -0.020882,
          -0.791912,
          -0.610278,
          1.53163
        ],
        [
          0.0,
          0.0,
          0.0,
          1.0
        ]
      ]
    },
    {
      "file_path": "/media/NFS/ttao/scannet/posed_images/scene0270_00/00328.jpg",
      "transform_matrix": [
        [
          0.006326,
          0.591343,
          -0.806396,
          1.582633
        ],
        [
          0.999906,
          -0.013574,
          -0.002109,
          1.637237
        ],
        [
          -0.012193,
          -0.806306,
          -0.591373,
          1.5285
        ],
        [
          0.0,
          0.0,
          0.0,
          1.0
        ]
      ]
    },
    {
      "file_path": "/media/NFS/ttao/scannet/posed_images/scene0270_00/00338.jpg",
      "transform_matrix": [
        [
          -0.17384,
          0.562122,
          -0.808579,
          1.670898
        ],
        [
          0.984728,
          0.091306,
          -0.148235,
          1.645696
        ],
        [
          -0.009498,
          -0.821999,
          -0.56941,
          1.529642
        ],
        [
          0.0,
          0.0,
          0.0,
          1.0
        ]
      ]
    },
    {
      "file_path": "/media/NFS/ttao/scannet/posed_images/scene0270_00/00347.jpg",
      "transform_matrix": [
        [
          -0.327648,
          0.51724,
          -0.790639,
          1.757246
        ],
        [
          0.944799,
          0.18058,
          -0.273397,
          1.667519
        ],
        [
          0.001362,
          -0.836573,
          -0.547854,
          1.545905
        ],
        [
          0.0,
          0.0,
          0.0,
          1.0
        ]
      ]
    },
    {
      "file_path": "/media/NFS/ttao/scannet/posed_images/scene0270_00/00357.jpg",
      "transform_matrix": [
        [
          -0.54663,
          0.411036,
          -0.729551,
          1.836533
        ],
        [
          0.837039,
          0.292872,
          -0.46216,
          1.706202
        ],
        [
          0.0237,
          -0.863293,
          -0.504146,
          1.581838
        ],
        [
          0.0,
          0.0,
          0.0,
          1.0
        ]
      ]
    },
    {
      "file_path": "/media/NFS/ttao/scannet/posed_images/scene0270_00/00360.jpg",
      "transform_matrix": [
        [
          -0.610983,
          0.383338,
          -0.692641,
          1.852029
        ],
        [
          0.790855,
          0.334614,
          -0.512428,
          1.721656
        ],
        [
          0.035334,
          -0.860863,
          -0.507608,
          1.589298
        ],
        [
          0.0,
          0.0,
          0.0,
          1.0
        ]
      ]
    },
    {
      "file_path": "/media/NFS/ttao/scannet/posed_images/scene0270_00/00367.jpg",
      "transform_matrix": [
        [
          -0.732236,
          0.322274,
          -0.599975,
          1.918112
        ],
        [
          0.67937,
          0.407514,
          -0.610237,
          1.74134
        ],
        [
          0.047835,
          -0.854442,
          -0.51734,
          1.561699
        ],
        [
          0.0,
          0.0,
          0.0,
          1.0
        ]
      ]
    },
    {
      "file_path": "/media/NFS/ttao/scannet/posed_images/scene0270_00/00382.jpg",
      "transform_matrix": [
        [
          -0.876615,
          0.180512,
          -0.446052,
          2.034422
        ],
        [
          0.478277,
          0.428761,
          -0.76643,
          1.785015
        ],
        [
          0.0529,
          -0.8852,
          -0.462193,
          1.574017
        ],
        [
          0.0,
          0.0,
          0.0,
          1.0
        ]
      ]
    },
    {
      "file_path": "/media/NFS/ttao/scannet/posed_images/scene0270_00/00384.jpg",
      "transform_matrix": [
        [
          -0.880835,
          0.168219,
          -0.44253,
          2.05543
        ],
        [
          0.469813,
          0.42582,
          -0.773274,
          1.788091
        ],
        [
          0.058358,
          -0.889033,
          -0.454109,
          1.579705
        ],
        [
          0.0,
          0.0,
          0.0,
          1.0
        ]
      ]
    },
    {
      "file_path": "/media/NFS/ttao/scannet/posed_images/scene0270_00/00392.jpg",
      "transform_matrix": [
        [
          -0.909228,
          0.136678,
          -0.393223,
          2.154339
        ],
        [
          0.414596,
          0.382646,
          -0.825646,
          1.830132
        ],
        [
          0.037618,
          -0.913729,
          -0.404579,
          1.608723
        ],
        [
          0.0,
          0.0,
          0.0,
          1.0
        ]
      ]
    },
    {
      "file_path": "/media/NFS/ttao/scannet/posed_images/scene0270_00/00404.jpg",
      "transform_matrix": [
        [
          -0.929887,
          0.07654,
          -0.359796,
          2.31191
        ],
        [
          0.363471,
          0.341599,
          -0.866717,
          1.853898
        ],
        [
          0.056568,
          -0.936724,
          -0.345468,
          1.650083
        ],
        [
          0.0,
          0.0,
          0.0,
          1.0
        ]
      ]
    },
    {
      "file_path": "/media/NFS/ttao/scannet/posed_images/scene0270_00/00414.jpg",
      "transform_matrix": [
        [
          -0.946781,
          0.03237,
          -0.320246,
          2.383613
        ],
        [
          0.31416,
          0.309496,
          -0.897505,
          1.826635
        ],
        [
          0.070062,
          -0.95035,
          -0.303194,
          1.675625
        ],
        [
          0.0,
          0.0,
          0.0,
          1.0
        ]
      ]
    },
    {
      "file_path": "/media/NFS/ttao/scannet/posed_images/scene0270_00/00421.jpg",
      "transform_matrix": [
        [
          -Infinity,
          -Infinity,
          -Infinity,
          -Infinity
        ],
        [
          -Infinity,
          -Infinity,
          -Infinity,
          -Infinity
        ],
        [
          -Infinity,
          -Infinity,
          -Infinity,
          -Infinity
        ],
        [
          -Infinity,
          -Infinity,
          -Infinity,
          -Infinity
        ]
      ]
    },
    {
      "file_path": "/media/NFS/ttao/scannet/posed_images/scene0270_00/00431.jpg",
      "transform_matrix": [
        [
          -0.953758,
          -0.01509,
          -0.300197,
          2.445362
        ],
        [
          0.287801,
          0.242234,
          -0.926549,
          1.832491
        ],
        [
          0.0867,
          -0.9701,
          -0.22669,
          1.703664
        ],
        [
          0.0,
          0.0,
          0.0,
          1.0
        ]
      ]
    },
    {
      "file_path": "/media/NFS/ttao/scannet/posed_images/scene0270_00/00436.jpg",
      "transform_matrix": [
        [
          -0.954262,
          -0.00113,
          -0.29897,
          2.457691
        ],
        [
          0.290202,
          0.236928,
          -0.927172,
          1.873254
        ],
        [
          0.071882,
          -0.971527,
          -0.225763,
          1.708517
        ],
        [
          0.0,
          0.0,
          0.0,
          1.0
        ]
      ]
    },
    {
      "file_path": "/media/NFS/ttao/scannet/posed_images/scene0270_00/00441.jpg",
      "transform_matrix": [
        [
          -0.9545,
          0.00317,
          -0.298195,
          2.47429
        ],
        [
          0.290448,
          0.236568,
          -0.927187,
          1.925758
        ],
        [
          0.067605,
          -0.97161,
          -0.226724,
          1.698288
        ],
        [
          0.0,
          0.0,
          0.0,
          1.0
        ]
      ]
    },
    {
      "file_path": "/media/NFS/ttao/scannet/posed_images/scene0270_00/00456.jpg",
      "transform_matrix": [
        [
          -0.959235,
          -0.001476,
          -0.282607,
          2.526944
        ],
        [
          0.274279,
          0.236154,
          -0.932203,
          2.075807
        ],
        [
          0.068115,
          -0.971714,
          -0.226122,
          1.703939
        ],
        [
          0.0,
          0.0,
          0.0,
          1.0
        ]
      ]
    },
    {
      "file_path": "/media/NFS/ttao/scannet/posed_images/scene0270_00/00463.jpg",
      "transform_matrix": [
        [
          -0.963266,
          -0.017423,
          -0.267985,
          2.523556
        ],
        [
          0.260519,
          0.181597,
          -0.948236,
          2.121516
        ],
        [
          0.065187,
          -0.983219,
          -0.170387,
          1.708147
        ],
        [
          0.0,
          0.0,
          0.0,
          1.0
        ]
      ]
    },
    {
      "file_path": "/media/NFS/ttao/scannet/posed_images/scene0270_00/00473.jpg",
      "transform_matrix": [
        [
          -0.964049,
          -0.033015,
          -0.263666,
          2.537934
        ],
        [
          0.257216,
          0.13314,
          -0.957138,
          2.152599
        ],
        [
          0.066705,
          -0.990547,
          -0.119862,
          1.724976
        ],
        [
          0.0,
          0.0,
          0.0,
          1.0
        ]
      ]
    },
    {
      "file_path": "/media/NFS/ttao/scannet/posed_images/scene0270_00/00478.jpg",
      "transform_matrix": [
        [
          -0.963758,
          -0.034666,
          -0.264516,
          2.540183
        ],
        [
          0.259624,
          0.106201,
          -0.959853,
          2.160988
        ],
        [
          0.061366,
          -0.99374,
          -0.093352,
          1.735136
        ],
        [
          0.0,
          0.0,
          0.0,
          1.0
        ]
      ]
    },
    {
      "file_path": "/media/NFS/ttao/scannet/posed_images/scene0270_00/00485.jpg",
      "transform_matrix": [
        [
          -0.966526,
          -0.048617,
          -0.251922,
          2.54029
        ],
        [
          0.24841,
          0.068339,
          -0.966241,
          2.173216
        ],
        [
          0.064191,
          -0.996477,
          -0.053974,
          1.745602
        ],
        [
          0.0,
          0.0,
          0.0,
          1.0
        ]
      ]
    },
    {
      "file_path": "/media/NFS/ttao/scannet/posed_images/scene0270_00/00490.jpg",
      "transform_matrix": [
        [
          -0.968523,
          -0.044623,
          -0.244892,
          2.543308
        ],
        [
          0.242622,
          0.050741,
          -0.968793,
          2.181662
        ],
        [
          0.055657,
          -0.997714,
          -0.038318,
          1.746672
        ],
        [
          0.0,
          0.0,
          0.0,
          1.0
        ]
      ]
    },
    {
      "file_path": "/media/NFS/ttao/scannet/posed_images/scene0270_00/00500.jpg",
      "transform_matrix": [
        [
          -0.96777,
          -0.023075,
          -0.250776,
          2.541106
        ],
        [
          0.24741,
          0.098739,
          -0.963867,
          2.195019
        ],
        [
          0.047002,
          -0.994846,
          -0.089848,
          1.714371
        ],
        [
          0.0,
          0.0,
          0.0,
          1.0
        ]
      ]
    },
    {
      "file_path": "/media/NFS/ttao/scannet/posed_images/scene0270_00/00510.jpg",
      "transform_matrix": [
        [
          -0.973752,
          -0.006242,
          -0.227525,
          2.513697
        ],
        [
          0.220161,
          0.227836,
          -0.948483,
          2.210041
        ],
        [
          0.057759,
          -0.97368,
          -0.220481,
          1.651969
        ],
        [
          0.0,
          0.0,
          0.0,
          1.0
        ]
      ]
    },
    {
      "file_path": "/media/NFS/ttao/scannet/posed_images/scene0270_00/00515.jpg",
      "transform_matrix": [
        [
          -0.974928,
          -0.001848,
          -0.222512,
          2.518696
        ],
        [
          0.211541,
          0.302514,
          -0.929374,
          2.207342
        ],
        [
          0.06903,
          -0.953143,
          -0.294539,
          1.626002
        ],
        [
          0.0,
          0.0,
          0.0,
          1.0
        ]
      ]
    },
    {
      "file_path": "/media/NFS/ttao/scannet/posed_images/scene0270_00/00525.jpg",
      "transform_matrix": [
        [
          -0.977568,
          0.013839,
          -0.210167,
          2.535688
        ],
        [
          0.19856,
          0.393383,
          -0.897677,
          2.195909
        ],
        [
          0.070254,
          -0.91927,
          -0.387307,
          1.58435
        ],
        [
          0.0,
          0.0,
          0.0,
          1.0
        ]
      ]
    },
    {
      "file_path": "/media/NFS/ttao/scannet/posed_images/scene0270_00/00537.jpg",
      "transform_matrix": [
        [
          -0.990004,
          -0.024163,
          -0.138957,
          2.554594
        ],
        [
          0.112406,
          0.459931,
          -0.880811,
          2.193059
        ],
        [
          0.085193,
          -0.887626,
          -0.452617,
          1.556529
        ],
        [
          0.0,
          0.0,
          0.0,
          1.0
        ]
      ]
    },
    {
      "file_path": "/media/NFS/ttao/scannet/posed_images/scene0270_00/00540.jpg",
      "transform_matrix": [
        [
          -0.992801,
          -0.024749,
          -0.117189,
          2.556932
        ],
        [
          0.093547,
          0.450791,
          -0.887714,
          2.201487
        ],
        [
          0.074798,
          -0.892286,
          -0.445231,
          1.554696
        ],
        [
          0.0,
          0.0,
          0.0,
          1.0
        ]
      ]
    },
    {
      "file_path": "/media/NFS/ttao/scannet/posed_images/scene0270_00/00552.jpg",
      "transform_matrix": [
        [
          -0.995134,
          -0.090747,
          0.038377,
          2.589369
        ],
        [
          -0.075012,
          0.445246,
          -0.892261,
          2.219646
        ],
        [
          0.063883,
          -0.890798,
          -0.449887,
          1.531545
        ],
        [
          0.0,
          0.0,
          0.0,
          1.0
        ]
      ]
    },
    {
      "file_path": "/media/NFS/ttao/scannet/posed_images/scene0270_00/00562.jpg",
      "transform_matrix": [
        [
          -0.981213,
          -0.142528,
          0.130029,
          2.609484
        ],
        [
          -0.180922,
          0.445701,
          -0.876709,
          2.225307
        ],
        [
          0.067001,
          -0.883762,
          -0.463114,
          1.527905
        ],
        [
          0.0,
          0.0,
          0.0,
          1.0
        ]
      ]
    },
    {
      "file_path": "/media/NFS/ttao/scannet/posed_images/scene0270_00/00567.jpg",
      "transform_matrix": [
        [
          -0.975732,
          -0.158604,
          0.150974,
          2.619736
        ],
        [
          -0.207376,
          0.447931,
          -0.869686,
          2.226271
        ],
        [
          0.070309,
          -0.879888,
          -0.46995,
          1.523005
        ],
        [
          0.0,
          0.0,
          0.0,
          1.0
        ]
      ]
    },
    {
      "file_path": "/media/NFS/ttao/scannet/posed_images/scene0270_00/00574.jpg",
      "transform_matrix": [
        [
          -0.961293,
          -0.19131,
          0.198283,
          2.634039
        ],
        [
          -0.265193,
          0.447185,
          -0.854224,
          2.23034
        ],
        [
          0.074753,
          -0.873743,
          -0.48061,
          1.518223
        ],
        [
          0.0,
          0.0,
          0.0,
          1.0
        ]
      ]
    },
    {
      "file_path": "/media/NFS/ttao/scannet/posed_images/scene0270_00/00586.jpg",
      "transform_matrix": [
        [
          -0.913356,
          -0.226103,
          0.338612,
          2.644718
        ],
        [
          -0.402706,
          0.378951,
          -0.833201,
          2.241324
        ],
        [
          0.060072,
          -0.89737,
          -0.43717,
          1.532439
        ],
        [
          0.0,
          0.0,
          0.0,
          1.0
        ]
      ]
    },
    {
      "file_path": "/media/NFS/ttao/scannet/posed_images/scene0270_00/00596.jpg",
      "transform_matrix": [
        [
          -0.859129,
          -0.234465,
          0.454888,
          2.656687
        ],
        [
          -0.509969,
          0.317974,
          -0.799264,
          2.248923
        ],
        [
          0.042757,
          -0.91865,
          -0.392751,
          1.548501
        ],
        [
          0.0,
          0.0,
          0.0,
          1.0
        ]
      ]
    },
    {
      "file_path": "/media/NFS/ttao/scannet/posed_images/scene0270_00/00599.jpg",
      "transform_matrix": [
        [
          -0.833591,
          -0.242223,
          0.496441,
          2.656011
        ],
        [
          -0.551078,
          0.302946,
          -0.77752,
          2.24912
        ],
        [
          0.037938,
          -0.921711,
          -0.386017,
          1.552322
        ],
        [
          0.0,
          0.0,
          0.0,
          1.0
        ]
      ]
    },
    {
      "file_path": "/media/NFS/ttao/scannet/posed_images/scene0270_00/00606.jpg",
      "transform_matrix": [
        [
          -0.775393,
          -0.278474,
          0.56676,
          2.674917
        ],
        [
          -0.629214,
          0.264778,
          -0.730741,
          2.245439
        ],
        [
          0.053427,
          -0.923225,
          -0.380527,
          1.575397
        ],
        [
          0.0,
          0.0,
          0.0,
          1.0
        ]
      ]
    },
    {
      "file_path": "/media/NFS/ttao/scannet/posed_images/scene0270_00/00616.jpg",
      "transform_matrix": [
        [
          -0.712375,
          -0.308997,
          0.630113,
          2.6616
        ],
        [
          -0.698154,
          0.22063,
          -0.681105,
          2.22104
        ],
        [
          0.071437,
          -0.925118,
          -0.372899,
          1.589841
        ],
        [
          0.0,
          0.0,
          0.0,
          1.0
        ]
      ]
    },
    {
      "file_path": "/media/NFS/ttao/scannet/posed_images/scene0270_00/00626.jpg",
      "transform_matrix": [
        [
          -0.680845,
          -0.279523,
          0.676991,
          2.644874
        ],
        [
          -0.729677,
          0.178827,
          -0.659994,
          2.203379
        ],
        [
          0.063419,
          -0.943339,
          -0.325715,
          1.607979
        ],
        [
          0.0,
          0.0,
          0.0,
          1.0
        ]
      ]
    },
    {
      "file_path": "/media/NFS/ttao/scannet/posed_images/scene0270_00/00633.jpg",
      "transform_matrix": [
        [
          -0.679052,
          -0.241896,
          0.693092,
          2.63313
        ],
        [
          -0.731854,
          0.149434,
          -0.664875,
          2.188247
        ],
        [
