{
  "frames": [
    {
      "file_path": "/media/NFS/ttao/scannet/posed_images/scene0518_00/00000.jpg",
      "transform_matrix": [
        [
          0.971184,
          -0.009662,
          -0.238134,
          2.095524
        ],
        [
          0.227453,
          -0.260831,
          0.938207,
          0.859962
        ],
        [
          -0.071177,
          -0.965336,
          -0.251118,
          1.565841
        ],
        [
          0.0,
          0.0,
          0.0,
          1.0
        ]
      ]
    },
    {
      "file_path": "/media/NFS/ttao/scannet/posed_images/scene0518_00/00004.jpg",
      "transform_matrix": [
        [
          0.967925,
          -0.003856,
          -0.251212,
          2.097505
        ],
        [
          0.240836,
          -0.270535,
          0.932099,
          0.86213
        ],
        [
          -0.071555,
          -0.962703,
          -0.260929,
          1.555409
        ],
        [
          0.0,
          0.0,
          0.0,
          1.0
        ]
      ]
    },
    {
      "file_path": "/media/NFS/ttao/scannet/posed_images/scene0518_00/00010.jpg",
      "transform_matrix": [
        [
          0.972767,
          -0.001869,
          -0.23178,
          2.056851
        ],
        [
          0.22309,
          -0.263812,
          0.938421,
          0.852757
        ],
        [
          -0.0629,
          -0.964572,
          -0.256211,
          1.5404
        ],
        [
          0.0,
          0.0,
          0.0,
          1.0
        ]
      ]
    },
    {
      "file_path": "/media/NFS/ttao/scannet/posed_images/scene0518_00/00015.jpg",
      "transform_matrix": [
        [
          0.969724,
          -0.004157,
          -0.244167,
          2.046883
        ],
        [
          0.235188,
          -0.253259,
          0.938375,
          0.852276
        ],
        [
          -0.065738,
          -0.96739,
          -0.244614,
          1.549783
        ],
        [
          0.0,
          0.0,
          0.0,
          1.0
        ]
      ]
    },
    {
      "file_path": "/media/NFS/ttao/scannet/posed_images/scene0518_00/00022.jpg",
      "transform_matrix": [
        [
          0.960601,
          -0.019059,
          -0.277278,
          2.064706
        ],
        [
          0.268121,
          -0.199181,
          0.94257,
          0.868224
        ],
        [
          -0.073193,
          -0.979778,
          -0.186223,
          1.577775
        ],
        [
          0.0,
          0.0,
          0.0,
          1.0
        ]
      ]
    },
    {
      "file_path": "/media/NFS/ttao/scannet/posed_images/scene0518_00/00026.jpg",
      "transform_matrix": [
        [
          0.961812,
          -0.023182,
          -0.272727,
          2.064022
        ],
        [
          0.265487,
          -0.163406,
          0.950166,
          0.860257
        ],
        [
          -0.066592,
          -0.986287,
          -0.151011,
          1.581682
        ],
        [
          0.0,
          0.0,
          0.0,
          1.0
        ]
      ]
    },
    {
      "file_path": "/media/NFS/ttao/scannet/posed_images/scene0518_00/00029.jpg",
      "transform_matrix": [
        [
          0.961875,
          -0.025581,
          -0.272289,
          2.066677
        ],
        [
          0.265428,
          -0.152617,
          0.951975,
          0.862325
        ],
        [
          -0.065909,
          -0.987954,
          -0.140008,
          1.58737
        ],
        [
          0.0,
          0.0,
          0.0,
          1.0
        ]
      ]
    },
    {
      "file_path": "/media/NFS/ttao/scannet/posed_images/scene0518_00/00034.jpg",
      "transform_matrix": [
        [
          0.961591,
          -0.045797,
          -0.270639,
          2.049056
        ],
        [
          0.262117,
          -0.13945,
          0.954908,
          0.861479
        ],
        [
          -0.081473,
          -0.98917,
          -0.12209,
          1.592182
        ],
        [
          0.0,
          0.0,
          0.0,
          1.0
        ]
      ]
    },
    {
      "file_path": "/media/NFS/ttao/scannet/posed_images/scene0518_00/00038.jpg",
      "transform_matrix": [
        [
          0.96211,
          -0.044946,
          -0.268933,
          2.064787
        ],
        [
          0.26204,
          -0.12021,
          0.957541,
          0.863489
        ],
        [
          -0.075366,
          -0.991731,
          -0.103878,
          1.602838
        ],
        [
          0.0,
          0.0,
          0.0,
          1.0
        ]
      ]
    },
    {
      "file_path": "/media/NFS/ttao/scannet/posed_images/scene0518_00/00047.jpg",
      "transform_matrix": [
        [
          0.945655,
          -0.049414,
          -0.321396,
          2.12558
        ],
        [
          0.314338,
          -0.114094,
          0.94243,
          0.893007
        ],
        [
          -0.083238,
          -0.99224,
          -0.092361,
          1.608076
        ],
        [
          0.0,
          0.0,
          0.0,
          1.0
        ]
      ]
    },
    {
      "file_path": "/media/NFS/ttao/scannet/posed_images/scene0518_00/00050.jpg",
      "transform_matrix": [
        [
          0.944149,
          -0.047437,
          -0.326086,
          2.126071
        ],
        [
          0.318923,
          -0.117382,
          0.940484,
          0.894349
        ],
        [
          -0.082891,
          -0.991953,
          -0.095698,
          1.631585
        ],
        [
          0.0,
          0.0,
          0.0,
          1.0
        ]
      ]
    },
    {
      "file_path": "/media/NFS/ttao/scannet/posed_images/scene0518_00/00053.jpg",
      "transform_matrix": [
        [
          0.943278,
          -0.051217,
          -0.32803,
          2.133579
        ],
        [
          0.320386,
          -0.118672,
          0.939825,
          0.898568
        ],
        [
          -0.087063,
          -0.991612,
          -0.095532,
          1.619824
        ],
        [
          0.0,
          0.0,
          0.0,
          1.0
        ]
      ]
    },
    {
      "file_path": "/media/NFS/ttao/scannet/posed_images/scene0518_00/00059.jpg",
      "transform_matrix": [
        [
          0.969287,
          -0.024055,
          -0.244754,
          2.133591
        ],
        [
          0.239511,
          -0.133617,
          0.961655,
          0.880622
        ],
        [
          -0.055836,
          -0.990741,
          -0.123752,
          1.630831
        ],
        [
          0.0,
          0.0,
          0.0,
          1.0
        ]
      ]
    },
    {
      "file_path": "/media/NFS/ttao/scannet/posed_images/scene0518_00/00063.jpg",
      "transform_matrix": [
        [
          0.9841,
          -0.032619,
          -0.174598,
          2.121278
        ],
        [
          0.169254,
          -0.125892,
          0.977499,
          0.844316
        ],
        [
          -0.053865,
          -0.991508,
          -0.118369,
          1.623392
        ],
        [
          0.0,
          0.0,
          0.0,
          1.0
        ]
      ]
    },
    {
      "file_path": "/media/NFS/ttao/scannet/posed_images/scene0518_00/00069.jpg",
      "transform_matrix": [
        [
          0.997946,
          -0.045728,
          -0.044854,
          2.092641
        ],
        [
          0.040002,
          -0.10199,
          0.993981,
          0.803333
        ],
        [
          -0.050028,
          -0.993734,
          -0.099951,
          1.593262
        ],
        [
          0.0,
          0.0,
          0.0,
          1.0
        ]
      ]
    },
    {
      "file_path": "/media/NFS/ttao/scannet/posed_images/scene0518_00/00072.jpg",
      "transform_matrix": [
        [
          0.995403,
          -0.025515,
          -0.09231,
          2.404081
        ],
        [
          0.087943,
          -0.138144,
          0.9865,
          0.869066
        ],
        [
          -0.037923,
          -0.990084,
          -0.135265,
          1.668301
        ],
        [
          0.0,
          0.0,
          0.0,
          1.0
        ]
      ]
    },
    {
      "file_path": "/media/NFS/ttao/scannet/posed_images/scene0518_00/00080.jpg",
      "transform_matrix": [
        [
          0.999558,
          -0.029607,
          -0.002778,
          2.490458
        ],
        [
          -0.000953,
          -0.125287,
          0.99212,
          0.814338
        ],
        [
          -0.029722,
          -0.991679,
          -0.125259,
          1.518963
        ],
        [
          0.0,
          0.0,
          0.0,
          1.0
        ]
      ]
    },
    {
      "file_path": "/media/NFS/ttao/scannet/posed_images/scene0518_00/00083.jpg",
      "transform_matrix": [
        [
          0.999162,
          -0.033084,
          0.024099,
          2.485808
        ],
        [
          -0.028774,
          -0.14902,
          0.988416,
          0.812067
        ],
        [
          -0.02911,
          -0.988281,
          -0.149847,
          1.53186
        ],
        [
          0.0,
          0.0,
          0.0,
          1.0
        ]
      ]
    },
    {
      "file_path": "/media/NFS/ttao/scannet/posed_images/scene0518_00/00086.jpg",
      "transform_matrix": [
        [
          0.997668,
          -0.039908,
          0.055369,
          2.47799
        ],
        [
          -0.060676,
          -0.147124,
          0.987255,
          0.801984
        ],
        [
          -0.031253,
          -0.988313,
          -0.149202,
          1.534634
        ],
        [
          0.0,
          0.0,
          0.0,
          1.0
        ]
      ]
    },
    {
      "file_path": "/media/NFS/ttao/scannet/posed_images/scene0518_00/00095.jpg",
      "transform_matrix": [
        [
          0.975073,
          -0.050929,
          0.215961,
          2.258738
        ],
        [
          -0.221321,
          -0.153893,
          0.962982,
          0.770157
        ],
        [
          -0.015808,
          -0.986774,
          -0.161328,
          1.531018
        ],
        [
          0.0,
          0.0,
          0.0,
          1.0
        ]
      ]
    },
    {
      "file_path": "/media/NFS/ttao/scannet/posed_images/scene0518_00/00098.jpg",
      "transform_matrix": [
        [
          0.968828,
          -0.053594,
          0.241869,
          2.252595
        ],
        [
          -0.247372,
          -0.156406,
          0.956214,
          0.764798
        ],
        [
          -0.013417,
          -0.986238,
          -0.164788,
          1.536649
        ],
        [
          0.0,
          0.0,
          0.0,
          1.0
        ]
      ]
    },
    {
      "file_path": "/media/NFS/ttao/scannet/posed_images/scene0518_00/00101.jpg",
      "transform_matrix": [
        [
          0.952611,
          -0.052198,
          0.299681,
          2.151879
        ],
        [
          -0.30417,
          -0.15153,
          0.940489,
          0.760377
        ],
        [
          -0.003682,
          -0.987074,
          -0.160226,
          1.540186
        ],
        [
          0.0,
          0.0,
          0.0,
          1.0
        ]
      ]
    },
    {
      "file_path": "/media/NFS/ttao/scannet/posed_images/scene0518_00/00110.jpg",
      "transform_matrix": [
        [
          0.919236,
          -0.079908,
          0.385513,
          2.076497
        ],
        [
          -0.393629,
          -0.166944,
          0.903983,
          0.764724
        ],
        [
          -0.007877,
          -0.982723,
          -0.184915,
          1.552413
        ],
        [
          0.0,
          0.0,
          0.0,
          1.0
        ]
      ]
    },
    {
      "file_path": "/media/NFS/ttao/scannet/posed_images/scene0518_00/00111.jpg",
      "transform_matrix": [
        [
          0.916522,
          -0.08767,
          0.390258,
          2.072905
        ],
        [
          -0.399774,
          -0.169196,
          0.900863,
          0.765675
        ],
        [
          -0.012948,
          -0.981676,
          -0.19012,
          1.556594
        ],
        [
          0.0,
          0.0,
          0.0,
          1.0
        ]
      ]
    },
    {
      "file_path": "/media/NFS/ttao/scannet/posed_images/scene0518_00/00119.jpg",
      "transform_matrix": [
        [
          0.905047,
          -0.121258,
          0.40766,
          2.060783
        ],
        [
          -0.425112,
          -0.228513,
          0.875821,
          0.755556
        ],
        [
          -0.013044,
          -0.96596,
          -0.258363,
          1.528225
        ],
        [
          0.0,
          0.0,
          0.0,
          1.0
        ]
      ]
    },
    {
      "file_path": "/media/NFS/ttao/scannet/posed_images/scene0518_00/00121.jpg",
      "transform_matrix": [
        [
          0.902913,
          -0.119737,
          0.412809,
          2.043769
        ],
        [
          -0.429791,
          -0.263381,
          0.863661,
          0.762207
        ],
        [
          0.005314,
          -0.957232,
          -0.289272,
          1.524297
        ],
        [
          0.0,
          0.0,
          0.0,
          1.0
        ]
      ]
    },
    {
      "file_path": "/media/NFS/ttao/scannet/posed_images/scene0518_00/00129.jpg",
      "transform_matrix": [
        [
          0.896162,
          -0.159991,
          0.41388,
          2.013064
        ],
        [
          -0.443039,
          -0.374526,
          0.814523,
          0.74796
        ],
        [
          0.024692,
          -0.913309,
          -0.406518,
          1.500842
        ],
        [
          0.0,
          0.0,
          0.0,
          1.0
        ]
      ]
    },
    {
      "file_path": "/media/NFS/ttao/scannet/posed_images/scene0518_00/00132.jpg",
      "transform_matrix": [
        [
          0.895749,
          -0.168549,
          0.411369,
          2.008199
        ],
        [
          -0.444097,
          -0.381484,
          0.810709,
          0.726149
        ],
        [
          0.020287,
          -0.908879,
          -0.416566,
          1.500715
        ],
        [
          0.0,
          0.0,
          0.0,
          1.0
        ]
      ]
    },
    {
      "file_path": "/media/NFS/ttao/scannet/posed_images/scene0518_00/00139.jpg",
      "transform_matrix": [
        [
          0.885331,
          -0.181094,
          0.428246,
          1.995732
        ],
        [
          -0.464098,
          -0.4003,
          0.790173,
          0.688292
        ],
        [
          0.028332,
          -0.898312,
          -0.438443,
          1.497328
        ],
        [
          0.0,
          0.0,
          0.0,
          1.0
        ]
      ]
    },
    {
      "file_path": "/media/NFS/ttao/scannet/posed_images/scene0518_00/00140.jpg",
      "transform_matrix": [
        [
          0.887121,
          -0.179462,
          0.425216,
          1.994626
        ],
        [
          -0.460634,
          -0.401845,
          0.791415,
          0.681841
        ],
        [
          0.028843,
          -0.89795,
          -0.439151,
          1.492375
        ],
        [
          0.0,
          0.0,
          0.0,
          1.0
        ]
      ]
    },
    {
      "file_path": "/media/NFS/ttao/scannet/posed_images/scene0518_00/00145.jpg",
      "transform_matrix": [
        [
          0.907124,
          -0.17048,
          0.384788,
          1.997893
        ],
        [
          -0.419064,
          -0.450317,
          0.788416,
          0.6388
        ],
        [
          0.038868,
          -0.876443,
          -0.479935,
          1.482101
        ],
        [
          0.0,
          0.0,
          0.0,
          1.0
        ]
      ]
    },
    {
      "file_path": "/media/NFS/ttao/scannet/posed_images/scene0518_00/00154.jpg",
      "transform_matrix": [
        [
          0.927691,
          -0.142017,
          0.345284,
          2.023738
        ],
        [
          -0.368482,
          -0.497127,
          0.785548,
          0.52031
        ],
        [
          0.060089,
          -0.855977,
          -0.513511,
          1.460277
        ],
        [
          0.0,
          0.0,
          0.0,
          1.0
        ]
      ]
    },
    {
      "file_path": "/media/NFS/ttao/scannet/posed_images/scene0518_00/00158.jpg",
      "transform_matrix": [
        [
          0.921157,
          -0.141064,
          0.362727,
          2.039934
        ],
        [
          -0.382987,
          -0.494303,
          0.780375,
          0.479713
        ],
        [
          0.069215,
          -0.857768,
          -0.509357,
          1.458367
        ],
        [
          0.0,
          0.0,
          0.0,
          1.0
        ]
      ]
    },
    {
      "file_path": "/media/NFS/ttao/scannet/posed_images/scene0518_00/00159.jpg",
      "transform_matrix": [
        [
          0.919687,
          -0.140189,
          0.366773,
          2.044205
        ],
        [
          -0.386169,
          -0.491972,
          0.78028,
          0.472367
        ],
        [
          0.071056,
          -0.85925,
          -0.506597,
          1.458736
        ],
        [
          0.0,
          0.0,
          0.0,
          1.0
        ]
      ]
    },
    {
      "file_path": "/media/NFS/ttao/scannet/posed_images/scene0518_00/00168.jpg",
      "transform_matrix": [
        [
          0.877882,
          -0.167339,
          0.448687,
          2.082578
        ],
        [
          -0.469611,
          -0.484252,
          0.738218,
          0.419783
        ],
        [
          0.093745,
          -0.858777,
          -0.503701,
          1.457002
        ],
        [
          0.0,
          0.0,
          0.0,
          1.0
        ]
      ]
    },
    {
      "file_path": "/media/NFS/ttao/scannet/posed_images/scene0518_00/00170.jpg",
      "transform_matrix": [
        [
          0.871731,
          -0.168587,
          0.460069,
          2.086788
        ],
        [
          -0.481001,
          -0.473411,
          0.737916,
          0.410211
        ],
        [
          0.093399,
          -0.864558,
          -0.493778,
          1.44998
        ],
        [
          0.0,
          0.0,
          0.0,
          1.0
        ]
      ]
    },
    {
      "file_path": "/media/NFS/ttao/scannet/posed_images/scene0518_00/00177.jpg",
      "transform_matrix": [
        [
          0.845716,
          -0.184874,
          0.500586,
          2.097741
        ],
        [
          -0.519921,
          -0.496754,
          0.694922,
          0.398504
        ],
        [
          0.120195,
          -0.847972,
          -0.516233,
          1.438087
        ],
        [
          0.0,
          0.0,
          0.0,
          1.0
        ]
      ]
    },
    {
      "file_path": "/media/NFS/ttao/scannet/posed_images/scene0518_00/00183.jpg",
      "transform_matrix": [
        [
          0.843922,
          -0.198224,
          0.498501,
          2.097993
        ],
        [
          -0.52013,
          -0.529899,
          0.669829,
          0.402077
        ],
        [
          0.13138,
          -0.824569,
          -0.550296,
          1.438249
        ],
        [
          0.0,
          0.0,
          0.0,
          1.0
        ]
      ]
    },
    {
      "file_path": "/media/NFS/ttao/scannet/posed_images/scene0518_00/00184.jpg",
      "transform_matrix": [
        [
          0.846576,
          -0.193188,
          0.495972,
          2.097311
        ],
        [
          -0.51581,
          -0.527687,
          0.674897,
          0.402777
        ],
        [
          0.131336,
          -0.827179,
          -0.546375,
          1.439861
        ],
        [
          0.0,
          0.0,
          0.0,
          1.0
        ]
      ]
    },
    {
      "file_path": "/media/NFS/ttao/scannet/posed_images/scene0518_00/00189.jpg",
      "transform_matrix": [
        [
          0.859363,
          -0.161176,
          0.485301,
          2.082057
        ],
        [
          -0.492836,
          -0.514203,
          0.701931,
          0.402608
        ],
        [
          0.136409,
          -0.842388,
          -0.521321,
          1.43872
        ],
        [
          0.0,
          0.0,
          0.0,
          1.0
        ]
      ]
    },
    {
      "file_path": "/media/NFS/ttao/scannet/posed_images/scene0518_00/00196.jpg",
      "transform_matrix": [
        [
          0.891706,
          -0.120653,
          0.436236,
          2.050176
        ],
        [
          -0.432871,
          -0.508886,
          0.744082,
          0.42629
        ],
        [
          0.132219,
          -0.852337,
          -0.506004,
          1.440017
        ],
        [
          0.0,
          0.0,
          0.0,
          1.0
        ]
      ]
    },
    {
      "file_path": "/media/NFS/ttao/scannet/posed_images/scene0518_00/00200.jpg",
      "transform_matrix": [
        [
          0.898871,
          -0.108703,
          0.424516,
          2.01748
        ],
        [
          -0.416047,
          -0.515895,
          0.748838,
          0.454711
        ],
        [
          0.137605,
          -0.849727,
          -0.508948,
          1.437722
        ],
        [
          0.0,
          0.0,
          0.0,
          1.0
        ]
      ]
    },
    {
      "file_path": "/media/NFS/ttao/scannet/posed_images/scene0518_00/00203.jpg",
      "transform_matrix": [
        [
          0.904594,
          -0.097793,
          0.414906,
          1.987434
        ],
        [
          -0.402396,
          -0.51709,
          0.755444,
          0.472778
        ],
        [
          0.140667,
          -0.850326,
          -0.507108,
          1.43107
        ],
        [
          0.0,
          0.0,
          0.0,
          1.0
        ]
      ]
    },
    {
      "file_path": "/media/NFS/ttao/scannet/posed_images/scene0518_00/00209.jpg",
      "transform_matrix": [
        [
          0.937787,
          -0.103785,
          0.331338,
          1.92741
        ],
        [
          -0.334988,
          -0.521426,
          0.784792,
          0.521827
        ],
        [
          0.091319,
          -0.846961,
          -0.523753,
          1.429184
        ],
        [
          0.0,
          0.0,
          0.0,
          1.0
        ]
      ]
    },
    {
      "file_path": "/media/NFS/ttao/scannet/posed_images/scene0518_00/00217.jpg",
      "transform_matrix": [
        [
          0.970014,
          -0.058076,
          0.236009,
          1.837421
        ],
        [
          -0.23193,
          -0.511527,
          0.827375,
          0.581973
        ],
        [
          0.072675,
          -0.857303,
          -0.509658,
          1.419776
        ],
        [
          0.0,
          0.0,
          0.0,
          1.0
        ]
      ]
    },
    {
      "file_path": "/media/NFS/ttao/scannet/posed_images/scene0518_00/00218.jpg",
      "transform_matrix": [
        [
          0.972043,
          -0.051699,
          0.22904,
          1.829333
        ],
        [
          -0.222678,
          -0.512374,
          0.82939,
          0.585655
        ],
        [
          0.074476,
          -0.857205,
          -0.509562,
          1.413926
        ],
        [
          0.0,
          0.0,
          0.0,
          1.0
        ]
      ]
    },
    {
      "file_path": "/media/NFS/ttao/scannet/posed_images/scene0518_00/00225.jpg",
      "transform_matrix": [
        [
          0.986218,
          -0.036996,
          0.161263,
          1.785928
        ],
        [
          -0.155782,
          -0.535962,
          0.829745,
          0.631231
        ],
        [
          0.055733,
          -0.843431,
          -0.534338,
          1.413061
        ],
        [
          0.0,
          0.0,
          0.0,
          1.0
        ]
      ]
    },
    {
      "file_path": "/media/NFS/ttao/scannet/posed_images/scene0518_00/00231.jpg",
      "transform_matrix": [
        [
          0.993559,
          -0.024226,
          0.110698,
          1.781649
        ],
        [
          -0.106705,
          -0.528841,
          0.841987,
          0.666063
        ],
        [
          0.038144,
          -0.848375,
          -0.528019,
          1.41801
        ],
        [
          0.0,
          0.0,
          0.0,
          1.0
        ]
      ]
    },
    {
      "file_path": "/media/NFS/ttao/scannet/posed_images/scene0518_00/00233.jpg",
      "transform_matrix": [
        [
          0.995835,
          -0.017206,
          0.08954,
          1.778584
        ],
        [
          -0.085043,
          -0.529417,
          0.844089,
          0.685747
        ],
        [
          0.032881,
          -0.848188,
          -0.528674,
          1.41915
        ],
        [
          0.0,
          0.0,
          0.0,
          1.0
        ]
      ]
    },
    {
      "file_path": "/media/NFS/ttao/scannet/posed_images/scene0518_00/00241.jpg",
      "transform_matrix": [
        [
          0.999208,
          0.03527,
          -0.018424,
          1.821977
        ],
        [
          0.033819,
          -0.508719,
          0.860268,
          0.781901
        ],
        [
          0.020969,
          -0.86021,
          -0.509509,
          1.422489
        ],
        [
          0.0,
          0.0,
          0.0,
          1.0
        ]
      ]
    },
    {
      "file_path": "/media/NFS/ttao/scannet/posed_images/scene0518_00/00244.jpg",
      "transform_matrix": [
        [
          0.997772,
          0.059491,
          -0.030211,
          1.816508
        ],
        [
          0.055934,
          -0.498921,
          0.864841,
          0.817069
        ],
        [
          0.036378,
          -0.864603,
          -0.501136,
          1.418129
        ],
        [
          0.0,
          0.0,
          0.0,
          1.0
        ]
      ]
    },
    {
      "file_path": "/media/NFS/ttao/scannet/posed_images/scene0518_00/00250.jpg",
      "transform_matrix": [
        [
          0.992115,
          0.079325,
          -0.097035,
          1.826862
        ],
        [
          0.123713,
          -0.495719,
          0.859627,
          0.89294
        ],
        [
          0.020088,
          -0.864853,
          -0.501624,
          1.408149
        ],
        [
          0.0,
          0.0,
          0.0,
          1.0
        ]
      ]
    },
    {
      "file_path": "/media/NFS/ttao/scannet/posed_images/scene0518_00/00253.jpg",
      "transform_matrix": [
        [
          0.989305,
          0.084102,
          -0.119178,
          1.824414
        ],
        [
          0.145428,
          -0.505505,
          0.850479,
          0.924856
        ],
        [
          0.011282,
          -0.858715,
          -0.512329,
          1.402267
        ],
        [
          0.0,
          0.0,
          0.0,
          1.0
        ]
      ]
    },
    {
      "file_path": "/media/NFS/ttao/scannet/posed_images/scene0518_00/00260.jpg",
      "transform_matrix": [
        [
          0.982744,
          0.08964,
          -0.161802,
          1.79791
        ],
        [
          0.184973,
          -0.473399,
          0.861208,
          0.998893
        ],
        [
          0.000602,
          -0.876275,
          -0.481811,
          1.407586
        ],
        [
          0.0,
          0.0,
          0.0,
          1.0
        ]
      ]
    },
    {
      "file_path": "/media/NFS/ttao/scannet/posed_images/scene0518_00/00263.jpg",
      "transform_matrix": [
        [
          0.981637,
          0.085454,
          -0.170547,
          1.778185
        ],
        [
          0.190716,
          -0.458513,
          0.867983,
          1.032525
        ],
        [
          -0.004025,
          -0.88457,
          -0.46639,
          1.408558
        ],
        [
          0.0,
          0.0,
          0.0,
          1.0
        ]
      ]
    },
    {
      "file_path": "/media/NFS/ttao/scannet/posed_images/scene0518_00/00271.jpg",
      "transform_matrix": [
        [
          0.979135,
          0.082019,
          -0.185925,
          1.72165
        ],
        [
          0.202792,
          -0.453139,
          0.868067,
          1.134232
        ],
        [
          -0.013052,
          -0.887659,
          -0.460317,
          1.416326
        ],
        [
          0.0,
          0.0,
          0.0,
          1.0
        ]
      ]
    },
    {
      "file_path": "/media/NFS/ttao/scannet/posed_images/scene0518_00/00272.jpg",
      "transform_matrix": [
        [
          0.978942,
          0.079242,
          -0.18813,
          1.717974
        ],
        [
          0.203482,
          -0.452599,
          0.868187,
          1.147548
        ],
        [
          -0.016351,
          -0.888186,
          -0.459193,
          1.420722
        ],
        [
          0.0,
          0.0,
          0.0,
          1.0
        ]
      ]
    },
    {
      "file_path": "/media/NFS/ttao/scannet/posed_images/scene0518_00/00278.jpg",
      "transform_matrix": [
        [
          0.976199,
          0.066574,
          -0.206405,
          1.702759
        ],
        [
          0.214476,
          -0.437552,
          0.87324,
          1.210402
        ],
        [
          -0.032177,
          -0.896725,
          -0.441417,
          1.421857
        ],
        [
          0.0,
          0.0,
          0.0,
          1.0
        ]
      ]
    },
    {
      "file_path": "/media/NFS/ttao/scannet/posed_images/scene0518_00/00282.jpg",
      "transform_matrix": [
        [
          0.971928,
          0.057558,
          -0.228129,
          1.712021
        ],
        [
          0.230173,
          -0.433514,
          0.871256,
          1.256858
        ],
        [
          -0.04875,
          -0.899307,
          -0.434592,
          1.425424
        ],
        [
          0.0,
          0.0,
          0.0,
          1.0
        ]
      ]
    },
    {
      "file_path": "/media/NFS/ttao/scannet/posed_images/scene0518_00/00288.jpg",
      "transform_matrix": [
        [
          0.958761,
          0.082684,
          -0.27192,
          1.734616
        ],
        [
          0.281088,
          -0.417352,
          0.86418,
          1.332261
        ],
        [
          -0.042033,
          -0.904975,
          -0.423382,
          1.415612
        ],
        [
          0.0,
          0.0,
          0.0,
          1.0
        ]
      ]
    },
    {
      "file_path": "/media/NFS/ttao/scannet/posed_images/scene0518_00/00294.jpg",
      "transform_matrix": [
        [
          0.94226,
          0.117849,
          -0.31346,
          1.75753
        ],
        [
          0.333192,
          -0.423832,
          0.842229,
          1.415362
        ],
        [
          -0.033598,
          -0.898041,
          -0.438626,
          1.414438
        ],
        [
          0.0,
          0.0,
          0.0,
          1.0
        ]
      ]
    },
    {
      "file_path": "/media/NFS/ttao/scannet/posed_images/scene0518_00/00300.jpg",
      "transform_matrix": [
        [
          0.940427,
          0.12874,
          -0.314678,
          1.759035
        ],
        [
          0.337785,
          -0.459129,
          0.821646,
          1.473649
        ],
        [
          -0.038699,
          -0.878992,
          -0.475264,
          1.403397
        ],
        [
          0.0,
          0.0,
          0.0,
          1.0
        ]
      ]
    },
    {
      "file_path": "/media/NFS/ttao/scannet/posed_images/scene0518_00/00301.jpg",
      "transform_matrix": [
        [
          0.940113,
          0.130774,
          -0.314778,
          1.757294
        ],
        [
          0.338708,
          -0.462073,
          0.819613,
          1.479652
        ],
        [
          -0.038266,
          -0.877147,
          -0.478695,
          1.401408
        ],
        [
          0.0,
          0.0,
          0.0,
          1.0
        ]
      ]
    },
    {
      "file_path": "/media/NFS/ttao/scannet/posed_images/scene0518_00/00310.jpg",
      "transform_matrix": [
        [
          0.947115,
          0.134152,
          -0.291508,
          1.726041
        ],
        [
          0.317248,
          -0.528023,
          0.787747,
          1.538205
        ],
        [
          -0.048245,
          -0.838567,
          -0.542658,
          1.375513
        ],
        [
          0.0,
          0.0,
          0.0,
          1.0
        ]
      ]
    },
    {
      "file_path": "/media/NFS/ttao/scannet/posed_images/scene0518_00/00312.jpg",
      "transform_matrix": [
        [
          0.953273,
          0.128405,
          -0.273463,
          1.717397
        ],
        [
          0.297924,
          -0.549694,
          0.780435,
          1.549806
        ],
        [
          -0.050109,
          -0.825439,
          -0.562263,
          1.368586
        ],
        [
          0.0,
          0.0,
          0.0,
          1.0
        ]
      ]
    },
    {
      "file_path": "/media/NFS/ttao/scannet/posed_images/scene0518_00/00319.jpg",
      "transform_matrix": [
        [
          0.976272,
          0.081776,
          -0.200513,
          1.671458
        ],
        [
          0.20824,
          -0.608542,
          0.765711,
          1.587226
        ],
        [
          -0.059404,
          -0.789297,
          -0.611132,
          1.352254
        ],
        [
          0.0,
          0.0,
          0.0,
          1.0
        ]
      ]
    },
    {
      "file_path": "/media/NFS/ttao/scannet/posed_images/scene0518_00/00323.jpg",
      "transform_matrix": [
        [
          0.987791,
          0.036495,
          -0.151451,
          1.640511
        ],
        [
          0.141988,
          -0.610918,
          0.778857,
          1.60056
        ],
        [
          -0.064099,
          -0.790852,
          -0.608641,
          1.349081
        ],
        [
          0.0,
          0.0,
          0.0,
          1.0
        ]
      ]
    },
    {
      "file_path": "/media/NFS/ttao/scannet/posed_images/scene0518_00/00328.jpg",
      "transform_matrix": [
        [
          0.99515,
          -0.004204,
          -0.098285,
          1.616073
        ],
        [
          0.074322,
          -0.622423,
          0.779145,
          1.61864
        ],
        [
          -0.06445,
          -0.78267,
          -0.619091,
          1.343228
        ],
        [
          0.0,
          0.0,
          0.0,
          1.0
        ]
      ]
    },
    {
      "file_path": "/media/NFS/ttao/scannet/posed_images/scene0518_00/00334.jpg",
      "transform_matrix": [
        [
          0.999172,
          -0.038563,
          -0.012944,
          1.56991
        ],
        [
          -0.013735,
          -0.619356,
          0.78499,
          1.652643
        ],
        [
          -0.038289,
          -0.784163,
          -0.619373,
          1.327506
        ],
        [
          0.0,
          0.0,
          0.0,
          1.0
        ]
      ]
    },
    {
      "file_path": "/media/NFS/ttao/scannet/posed_images/scene0518_00/00338.jpg",
      "transform_matrix": [
        [
          0.996738,
          -0.074917,
          0.030022,
          1.534615
        ],
        [
          -0.069846,
          -0.614305,
          0.785971,
          1.688169
        ],
        [
          -0.04044,
          -0.785504,
          -0.617534,
          1.32324
        ],
        [
          0.0,
          0.0,
          0.0,
          1.0
        ]
      ]
    },
    {
      "file_path": "/media/NFS/ttao/scannet/posed_images/scene0518_00/00342.jpg",
      "transform_matrix": [
        [
          0.989218,
          -0.136673,
          0.052611,
          1.508015
        ],
        [
          -0.126976,
          -0.621439,
          0.773105,
          1.724017
        ],
        [
          -0.072968,
          -0.77145,
          -0.632093,
          1.321453
        ],
        [
          0.0,
          0.0,
          0.0,
          1.0
        ]
      ]
    },
    {
      "file_path": "/media/NFS/ttao/scannet/posed_images/scene0518_00/00348.jpg",
      "transform_matrix": [
        [
          0.966956,
          -0.217025,
          0.133777,
          1.465088
        ],
        [
          -0.238147,
          -0.581594,
          0.77784,
          1.792179
        ],
        [
          -0.091006,
          -0.783996,
          -0.614059,
          1.332202
        ],
        [
          0.0,
          0.0,
          0.0,
          1.0
        ]
      ]
    },
    {
      "file_path": "/media/NFS/ttao/scannet/posed_images/scene0518_00/00353.jpg",
      "transform_matrix": [
        [
          0.954944,
          -0.234555,
          0.181842,
          1.466347
        ],
        [
          -0.285785,
          -0.56145,
          0.776596,
          1.816731
        ],
        [
          -0.080059,
          -0.793573,
          -0.603186,
          1.338013
        ],
        [
          0.0,
          0.0,
          0.0,
          1.0
        ]
      ]
    },
    {
      "file_path": "/media/NFS/ttao/scannet/posed_images/scene0518_00/00356.jpg",
      "transform_matrix": [
        [
          0.94048,
          -0.262514,
          0.215832,
          1.444271
        ],
        [
          -0.329174,
          -0.54572,
          0.770606,
          1.839203
        ],
        [
          -0.084511,
          -0.795786,
          -0.599652,
          1.341747
        ],
        [
          0.0,
          0.0,
          0.0,
          1.0
        ]
      ]
    },
    {
      "file_path": "/media/NFS/ttao/scannet/posed_images/scene0518_00/00363.jpg",
      "transform_matrix": [
        [
          0.892907,
          -0.319944,
          0.316784,
          1.397481
        ],
        [
          -0.443157,
          -0.500214,
          0.743907,
          1.886908
        ],
        [
          -0.079549,
          -0.804626,
          -0.58843,
          1.350176
        ],
        [
          0.0,
          0.0,
          0.0,
          1.0
        ]
      ]
    },
    {
      "file_path": "/media/NFS/ttao/scannet/posed_images/scene0518_00/00364.jpg",
      "transform_matrix": [
        [
          0.886964,
          -0.326802,
          0.326336,
          1.387505
        ],
        [
          -0.454878,
          -0.495952,
          0.739674,
          1.895149
        ],
        [
          -0.07988,
          -0.804507,
          -0.588547,
          1.351571
        ],
        [
          0.0,
          0.0,
          0.0,
          1.0
        ]
      ]
    },
    {
      "file_path": "/media/NFS/ttao/scannet/posed_images/scene0518_00/00373.jpg",
      "transform_matrix": [
        [
          0.824254,
          -0.375299,
          0.423976,
          1.323471
        ],
        [
          -0.562877,
          -0.461858,
          0.68546,
          1.96357
        ],
        [
          -0.061436,
          -0.80364,
          -0.591936,
          1.348731
        ],
        [
          0.0,
          0.0,
          0.0,
          1.0
        ]
      ]
    },
    {
      "file_path": "/media/NFS/ttao/scannet/posed_images/scene0518_00/00375.jpg",
      "transform_matrix": [
        [
          0.807839,
          -0.39063,
          0.441366,
          1.316204
        ],
        [
          -0.58635,
          -0.456507,
          0.669175,
          1.979654
        ],
        [
          -0.059913,
          -0.799381,
          -0.597831,
