{
  "frames": [
    {
      "file_path": "/media/NFS/ttao/scannet/posed_images/scene0228_00/00000.jpg",
      "transform_matrix": [
        [
          -0.818905,
          -0.096433,
          0.56577,
          2.264758
        ],
        [
          -0.567992,
          0.277605,
          -0.774804,
          7.620105
        ],
        [
          -0.082344,
          -0.955843,
          -0.282105,
          1.609774
        ],
        [
          0.0,
          0.0,
          0.0,
          1.0
        ]
      ]
    },
    {
      "file_path": "/media/NFS/ttao/scannet/posed_images/scene0228_00/00010.jpg",
      "transform_matrix": [
        [
          -0.882138,
          -0.094892,
          0.461333,
          2.557303
        ],
        [
          -0.469568,
          0.253278,
          -0.845788,
          7.500699
        ],
        [
          -0.036587,
          -0.962728,
          -0.267985,
          1.616972
        ],
        [
          0.0,
          0.0,
          0.0,
          1.0
        ]
      ]
    },
    {
      "file_path": "/media/NFS/ttao/scannet/posed_images/scene0228_00/00016.jpg",
      "transform_matrix": [
        [
          -0.866599,
          -0.092539,
          0.490349,
          2.587981
        ],
        [
          -0.496338,
          0.261305,
          -0.82787,
          7.331072
        ],
        [
          -0.051521,
          -0.96081,
          -0.272377,
          1.592672
        ],
        [
          0.0,
          0.0,
          0.0,
          1.0
        ]
      ]
    },
    {
      "file_path": "/media/NFS/ttao/scannet/posed_images/scene0228_00/00018.jpg",
      "transform_matrix": [
        [
          -0.870551,
          -0.081977,
          0.485201,
          2.635917
        ],
        [
          -0.488872,
          0.256463,
          -0.833806,
          7.302405
        ],
        [
          -0.056083,
          -0.963071,
          -0.26334,
          1.570204
        ],
        [
          0.0,
          0.0,
          0.0,
          1.0
        ]
      ]
    },
    {
      "file_path": "/media/NFS/ttao/scannet/posed_images/scene0228_00/00028.jpg",
      "transform_matrix": [
        [
          -0.886552,
          -0.114826,
          0.448153,
          2.740432
        ],
        [
          -0.460732,
          0.306794,
          -0.832829,
          7.090465
        ],
        [
          -0.04186,
          -0.944824,
          -0.324893,
          1.569674
        ],
        [
          0.0,
          0.0,
          0.0,
          1.0
        ]
      ]
    },
    {
      "file_path": "/media/NFS/ttao/scannet/posed_images/scene0228_00/00034.jpg",
      "transform_matrix": [
        [
          -0.918494,
          0.234172,
          -0.31864,
          5.419883
        ],
        [
          0.365004,
          0.192086,
          -0.910975,
          6.424266
        ],
        [
          -0.152118,
          -0.95303,
          -0.261903,
          1.598971
        ],
        [
          0.0,
          0.0,
          0.0,
          1.0
        ]
      ]
    },
    {
      "file_path": "/media/NFS/ttao/scannet/posed_images/scene0228_00/00038.jpg",
      "transform_matrix": [
        [
          -0.898957,
          0.221416,
          -0.377957,
          5.43222
        ],
        [
          0.417512,
          0.172084,
          -0.892228,
          6.331966
        ],
        [
          -0.132513,
          -0.959876,
          -0.24714,
          1.589132
        ],
        [
          0.0,
          0.0,
          0.0,
          1.0
        ]
      ]
    },
    {
      "file_path": "/media/NFS/ttao/scannet/posed_images/scene0228_00/00048.jpg",
      "transform_matrix": [
        [
          -0.862199,
          0.233843,
          -0.449366,
          5.359694
        ],
        [
          0.478553,
          0.085076,
          -0.873928,
          6.147495
        ],
        [
          -0.166131,
          -0.968545,
          -0.185258,
          1.559768
        ],
        [
          0.0,
          0.0,
          0.0,
          1.0
        ]
      ]
    },
    {
      "file_path": "/media/NFS/ttao/scannet/posed_images/scene0228_00/00054.jpg",
      "transform_matrix": [
        [
          -0.858113,
          0.232609,
          -0.45775,
          5.289062
        ],
        [
          0.483648,
          0.066817,
          -0.872709,
          6.087112
        ],
        [
          -0.172415,
          -0.970272,
          -0.169837,
          1.463352
        ],
        [
          0.0,
          0.0,
          0.0,
          1.0
        ]
      ]
    },
    {
      "file_path": "/media/NFS/ttao/scannet/posed_images/scene0228_00/00064.jpg",
      "transform_matrix": [
        [
          -0.858006,
          0.205592,
          -0.470699,
          5.115253
        ],
        [
          0.497238,
          0.102737,
          -0.86151,
          5.983495
        ],
        [
          -0.128761,
          -0.97323,
          -0.190377,
          1.468291
        ],
        [
          0.0,
          0.0,
          0.0,
          1.0
        ]
      ]
    },
    {
      "file_path": "/media/NFS/ttao/scannet/posed_images/scene0228_00/00066.jpg",
      "transform_matrix": [
        [
          -0.856793,
          0.215625,
          -0.468414,
          5.081223
        ],
        [
          0.496466,
          0.099406,
          -0.862346,
          5.967037
        ],
        [
          -0.13938,
          -0.971403,
          -0.192221,
          1.470434
        ],
        [
          0.0,
          0.0,
          0.0,
          1.0
        ]
      ]
    },
    {
      "file_path": "/media/NFS/ttao/scannet/posed_images/scene0228_00/00073.jpg",
      "transform_matrix": [
        [
          -0.858023,
          0.216262,
          -0.465861,
          4.956798
        ],
        [
          0.496229,
          0.115085,
          -0.86053,
          5.913911
        ],
        [
          -0.132486,
          -0.969529,
          -0.206061,
          1.441433
        ],
        [
          0.0,
          0.0,
          0.0,
          1.0
        ]
      ]
    },
    {
      "file_path": "/media/NFS/ttao/scannet/posed_images/scene0228_00/00083.jpg",
      "transform_matrix": [
        [
          -0.854258,
          0.167244,
          -0.492212,
          4.742499
        ],
        [
          0.516585,
          0.167165,
          -0.839759,
          5.853203
        ],
        [
          -0.058164,
          -0.971641,
          -0.229198,
          1.433836
        ],
        [
          0.0,
          0.0,
          0.0,
          1.0
        ]
      ]
    },
    {
      "file_path": "/media/NFS/ttao/scannet/posed_images/scene0228_00/00089.jpg",
      "transform_matrix": [
        [
          -0.873031,
          0.202522,
          -0.443625,
          4.601729
        ],
        [
          0.47069,
          0.112008,
          -0.87516,
          5.860743
        ],
        [
          -0.127549,
          -0.972851,
          -0.193111,
          1.420108
        ],
        [
          0.0,
          0.0,
          0.0,
          1.0
        ]
      ]
    },
    {
      "file_path": "/media/NFS/ttao/scannet/posed_images/scene0228_00/00095.jpg",
      "transform_matrix": [
        [
          -0.893852,
          0.181167,
          -0.41013,
          4.451138
        ],
        [
          0.432376,
          0.106224,
          -0.895414,
          5.880182
        ],
        [
          -0.118654,
          -0.977699,
          -0.173281,
          1.386551
        ],
        [
          0.0,
          0.0,
          0.0,
          1.0
        ]
      ]
    },
    {
      "file_path": "/media/NFS/ttao/scannet/posed_images/scene0228_00/00101.jpg",
      "transform_matrix": [
        [
          -0.92716,
          0.179484,
          -0.328878,
          4.293006
        ],
        [
          0.354641,
          0.137282,
          -0.924869,
          5.906017
        ],
        [
          -0.120851,
          -0.974135,
          -0.190935,
          1.37459
        ],
        [
          0.0,
          0.0,
          0.0,
          1.0
        ]
      ]
    },
    {
      "file_path": "/media/NFS/ttao/scannet/posed_images/scene0228_00/00107.jpg",
      "transform_matrix": [
        [
          -0.949854,
          0.175521,
          -0.258785,
          4.160449
        ],
        [
          0.286046,
          0.153426,
          -0.945853,
          5.908093
        ],
        [
          -0.126313,
          -0.972447,
          -0.19594,
          1.368642
        ],
        [
          0.0,
          0.0,
          0.0,
          1.0
        ]
      ]
    },
    {
      "file_path": "/media/NFS/ttao/scannet/posed_images/scene0228_00/00117.jpg",
      "transform_matrix": [
        [
          -0.965572,
          0.121852,
          -0.229832,
          3.947555
        ],
        [
          0.245652,
          0.136413,
          -0.959712,
          5.89034
        ],
        [
          -0.085591,
          -0.98313,
          -0.16165,
          1.334584
        ],
        [
          0.0,
          0.0,
          0.0,
          1.0
        ]
      ]
    },
    {
      "file_path": "/media/NFS/ttao/scannet/posed_images/scene0228_00/00121.jpg",
      "transform_matrix": [
        [
          -0.964143,
          0.113646,
          -0.239818,
          3.851056
        ],
        [
          0.25599,
          0.159963,
          -0.953353,
          5.871982
        ],
        [
          -0.069983,
          -0.980559,
          -0.183319,
          1.330741
        ],
        [
          0.0,
          0.0,
          0.0,
          1.0
        ]
      ]
    },
    {
      "file_path": "/media/NFS/ttao/scannet/posed_images/scene0228_00/00131.jpg",
      "transform_matrix": [
        [
          -0.96612,
          0.169095,
          -0.194986,
          3.618366
        ],
        [
          0.218438,
          0.133322,
          -0.966701,
          5.859762
        ],
        [
          -0.137468,
          -0.976541,
          -0.165742,
          1.321295
        ],
        [
          0.0,
          0.0,
          0.0,
          1.0
        ]
      ]
    },
    {
      "file_path": "/media/NFS/ttao/scannet/posed_images/scene0228_00/00137.jpg",
      "transform_matrix": [
        [
          -0.972264,
          0.142072,
          -0.185793,
          3.461869
        ],
        [
          0.207221,
          0.15489,
          -0.965955,
          5.862325
        ],
        [
          -0.108457,
          -0.977663,
          -0.180035,
          1.313698
        ],
        [
          0.0,
          0.0,
          0.0,
          1.0
        ]
      ]
    },
    {
      "file_path": "/media/NFS/ttao/scannet/posed_images/scene0228_00/00143.jpg",
      "transform_matrix": [
        [
          -0.979076,
          0.108268,
          -0.172305,
          3.304007
        ],
        [
          0.187528,
          0.151239,
          -0.970546,
          5.863475
        ],
        [
          -0.07902,
          -0.98255,
          -0.168378,
          1.319182
        ],
        [
          0.0,
          0.0,
          0.0,
          1.0
        ]
      ]
    },
    {
      "file_path": "/media/NFS/ttao/scannet/posed_images/scene0228_00/00151.jpg",
      "transform_matrix": [
        [
          -0.981544,
          0.114833,
          -0.152918,
          3.094852
        ],
        [
          0.16823,
          0.138258,
          -0.976004,
          5.833626
        ],
        [
          -0.090935,
          -0.983716,
          -0.155025,
          1.299084
        ],
        [
          0.0,
          0.0,
          0.0,
          1.0
        ]
      ]
    },
    {
      "file_path": "/media/NFS/ttao/scannet/posed_images/scene0228_00/00153.jpg",
      "transform_matrix": [
        [
          -0.981532,
          0.109475,
          -0.156874,
          3.049538
        ],
        [
          0.171147,
          0.136203,
          -0.975786,
          5.824134
        ],
        [
          -0.085458,
          -0.984614,
          -0.152424,
          1.293411
        ],
        [
          0.0,
          0.0,
          0.0,
          1.0
        ]
      ]
    },
    {
      "file_path": "/media/NFS/ttao/scannet/posed_images/scene0228_00/00159.jpg",
      "transform_matrix": [
        [
          -0.97725,
          0.050863,
          -0.205902,
          2.912057
        ],
        [
          0.211054,
          0.13735,
          -0.967776,
          5.793947
        ],
        [
          -0.020943,
          -0.989216,
          -0.14496,
          1.304165
        ],
        [
          0.0,
          0.0,
          0.0,
          1.0
        ]
      ]
    },
    {
      "file_path": "/media/NFS/ttao/scannet/posed_images/scene0228_00/00171.jpg",
      "transform_matrix": [
        [
          -0.996662,
          0.077576,
          0.025421,
          2.347318
        ],
        [
          -0.013239,
          0.153673,
          -0.988033,
          5.674034
        ],
        [
          -0.080554,
          -0.985072,
          -0.152133,
          1.324727
        ],
        [
          0.0,
          0.0,
          0.0,
          1.0
        ]
      ]
    },
    {
      "file_path": "/media/NFS/ttao/scannet/posed_images/scene0228_00/00175.jpg",
      "transform_matrix": [
        [
          -0.995977,
          0.062599,
          0.064111,
          2.244777
        ],
        [
          -0.05293,
          0.166288,
          -0.984655,
          5.660858
        ],
        [
          -0.072299,
          -0.984088,
          -0.162306,
          1.327028
        ],
        [
          0.0,
          0.0,
          0.0,
          1.0
        ]
      ]
    },
    {
      "file_path": "/media/NFS/ttao/scannet/posed_images/scene0228_00/00181.jpg",
      "transform_matrix": [
        [
          -0.9899,
          0.052919,
          0.131523,
          2.08407
        ],
        [
          -0.120597,
          0.173403,
          -0.977439,
          5.632678
        ],
        [
          -0.074531,
          -0.983428,
          -0.16527,
          1.339693
        ],
        [
          0.0,
          0.0,
          0.0,
          1.0
        ]
      ]
    },
    {
      "file_path": "/media/NFS/ttao/scannet/posed_images/scene0228_00/00189.jpg",
      "transform_matrix": [
        [
          -0.980839,
          0.059624,
          0.185474,
          1.930116
        ],
        [
          -0.171477,
          0.18768,
          -0.967146,
          5.582556
        ],
        [
          -0.092475,
          -0.980419,
          -0.17386,
          1.330046
        ],
        [
          0.0,
          0.0,
          0.0,
          1.0
        ]
      ]
    },
    {
      "file_path": "/media/NFS/ttao/scannet/posed_images/scene0228_00/00195.jpg",
      "transform_matrix": [
        [
          -0.979629,
          0.022467,
          0.199552,
          1.801882
        ],
        [
          -0.194075,
          0.149341,
          -0.969553,
          5.535076
        ],
        [
          -0.051585,
          -0.98853,
          -0.141938,
          1.321854
        ],
        [
          0.0,
          0.0,
          0.0,
          1.0
        ]
      ]
    },
    {
      "file_path": "/media/NFS/ttao/scannet/posed_images/scene0228_00/00202.jpg",
      "transform_matrix": [
        [
          -0.975897,
          0.002921,
          0.218213,
          1.6435
        ],
        [
          -0.215659,
          0.1402,
          -0.966352,
          5.478805
        ],
        [
          -0.033416,
          -0.990119,
          -0.13619,
          1.329444
        ],
        [
          0.0,
          0.0,
          0.0,
          1.0
        ]
      ]
    },
    {
      "file_path": "/media/NFS/ttao/scannet/posed_images/scene0228_00/00208.jpg",
      "transform_matrix": [
        [
          -0.959435,
          0.019132,
          0.28128,
          1.502905
        ],
        [
          -0.275146,
          0.154011,
          -0.948987,
          5.442857
        ],
        [
          -0.061476,
          -0.987884,
          -0.1425,
          1.330483
        ],
        [
          0.0,
          0.0,
          0.0,
          1.0
        ]
      ]
    },
    {
      "file_path": "/media/NFS/ttao/scannet/posed_images/scene0228_00/00216.jpg",
      "transform_matrix": [
        [
          -0.912795,
          -0.021941,
          0.407829,
          1.29326
        ],
        [
          -0.40366,
          0.200457,
          -0.892679,
          5.398668
        ],
        [
          -0.062166,
          -0.979457,
          -0.191833,
          1.350315
        ],
        [
          0.0,
          0.0,
          0.0,
          1.0
        ]
      ]
    },
    {
      "file_path": "/media/NFS/ttao/scannet/posed_images/scene0228_00/00224.jpg",
      "transform_matrix": [
        [
          -0.869799,
          -0.010402,
          0.493297,
          1.127048
        ],
        [
          -0.489299,
          0.146924,
          -0.859651,
          5.345052
        ],
        [
          -0.063535,
          -0.989093,
          -0.132884,
          1.349878
        ],
        [
          0.0,
          0.0,
          0.0,
          1.0
        ]
      ]
    },
    {
      "file_path": "/media/NFS/ttao/scannet/posed_images/scene0228_00/00228.jpg",
      "transform_matrix": [
        [
          -0.852327,
          -0.031707,
          0.522047,
          1.047409
        ],
        [
          -0.520958,
          0.139764,
          -0.842062,
          5.303682
        ],
        [
          -0.046265,
          -0.989677,
          -0.135643,
          1.332525
        ],
        [
          0.0,
          0.0,
          0.0,
          1.0
        ]
      ]
    },
    {
      "file_path": "/media/NFS/ttao/scannet/posed_images/scene0228_00/00238.jpg",
      "transform_matrix": [
        [
          -0.850842,
          -0.095019,
          0.516759,
          0.845614
        ],
        [
          -0.525411,
          0.160342,
          -0.835604,
          5.186878
        ],
        [
          -0.00346,
          -0.982477,
          -0.18635,
          1.344481
        ],
        [
          0.0,
          0.0,
          0.0,
          1.0
        ]
      ]
    },
    {
      "file_path": "/media/NFS/ttao/scannet/posed_images/scene0228_00/00246.jpg",
      "transform_matrix": [
        [
          -0.799528,
          -0.074615,
          0.595976,
          0.633156
        ],
        [
          -0.600368,
          0.128519,
          -0.789329,
          5.096897
        ],
        [
          -0.017698,
          -0.988896,
          -0.147551,
          1.350342
        ],
        [
          0.0,
          0.0,
          0.0,
          1.0
        ]
      ]
    },
    {
      "file_path": "/media/NFS/ttao/scannet/posed_images/scene0228_00/00250.jpg",
      "transform_matrix": [
        [
          -0.786019,
          -0.121283,
          0.606189,
          0.535086
        ],
        [
          -0.618202,
          0.154894,
          -0.770606,
          5.037972
        ],
        [
          -0.000433,
          -0.980458,
          -0.196727,
          1.371376
        ],
        [
          0.0,
          0.0,
          0.0,
          1.0
        ]
      ]
    },
    {
      "file_path": "/media/NFS/ttao/scannet/posed_images/scene0228_00/00254.jpg",
      "transform_matrix": [
        [
          -0.747786,
          -0.113097,
          0.654236,
          0.444841
        ],
        [
          -0.663879,
          0.140727,
          -0.73448,
          4.987218
        ],
        [
          -0.009001,
          -0.983567,
          -0.180316,
          1.387006
        ],
        [
          0.0,
          0.0,
          0.0,
          1.0
        ]
      ]
    },
    {
      "file_path": "/media/NFS/ttao/scannet/posed_images/scene0228_00/00260.jpg",
      "transform_matrix": [
        [
          -0.705695,
          -0.094191,
          0.702227,
          0.330583
        ],
        [
          -0.708166,
          0.124942,
          -0.694904,
          4.902987
        ],
        [
          -0.022284,
          -0.987683,
          -0.154873,
          1.382135
        ],
        [
          0.0,
          0.0,
          0.0,
          1.0
        ]
      ]
    },
    {
      "file_path": "/media/NFS/ttao/scannet/posed_images/scene0228_00/00272.jpg",
      "transform_matrix": [
        [
          -0.692141,
          -0.12815,
          0.710294,
          0.08639
        ],
        [
          -0.721748,
          0.12898,
          -0.680032,
          4.641909
        ],
        [
          -0.004468,
          -0.983332,
          -0.181764,
          1.407373
        ],
        [
          0.0,
          0.0,
          0.0,
          1.0
        ]
      ]
    },
    {
      "file_path": "/media/NFS/ttao/scannet/posed_images/scene0228_00/00276.jpg",
      "transform_matrix": [
        [
          -0.633608,
          -0.095573,
          0.767729,
          0.01396
        ],
        [
          -0.77262,
          0.129465,
          -0.621528,
          4.56707
        ],
        [
          -0.039993,
          -0.986967,
          -0.155872,
          1.414764
        ],
        [
          0.0,
          0.0,
          0.0,
          1.0
        ]
      ]
    },
    {
      "file_path": "/media/NFS/ttao/scannet/posed_images/scene0228_00/00282.jpg",
      "transform_matrix": [
        [
          -0.5043,
          -0.154335,
          0.849625,
          -0.107681
        ],
        [
          -0.862957,
          0.125867,
          -0.489349,
          4.435318
        ],
        [
          -0.031416,
          -0.979969,
          -0.196659,
          1.415863
        ],
        [
          0.0,
          0.0,
          0.0,
          1.0
        ]
      ]
    },
    {
      "file_path": "/media/NFS/ttao/scannet/posed_images/scene0228_00/00290.jpg",
      "transform_matrix": [
        [
          -0.413823,
          -0.211138,
          0.885534,
          -0.251688
        ],
        [
          -0.910051,
          0.121202,
          -0.396381,
          4.245909
        ],
        [
          -0.023637,
          -0.969913,
          -0.242303,
          1.42908
        ],
        [
          0.0,
          0.0,
          0.0,
          1.0
        ]
      ]
    },
    {
      "file_path": "/media/NFS/ttao/scannet/posed_images/scene0228_00/00296.jpg",
      "transform_matrix": [
        [
          -0.365133,
          -0.197449,
          0.909775,
          -0.333071
        ],
        [
          -0.930553,
          0.106119,
          -0.350441,
          4.114256
        ],
        [
          -0.02735,
          -0.974553,
          -0.222484,
          1.424438
        ],
        [
          0.0,
          0.0,
          0.0,
          1.0
        ]
      ]
    },
    {
      "file_path": "/media/NFS/ttao/scannet/posed_images/scene0228_00/00300.jpg",
      "transform_matrix": [
        [
          -0.367895,
          -0.20542,
          0.906893,
          -0.375735
        ],
        [
          -0.929853,
          0.075902,
          -0.360017,
          4.005625
        ],
        [
          0.005119,
          -0.975726,
          -0.218935,
          1.438683
        ],
        [
          0.0,
          0.0,
          0.0,
          1.0
        ]
      ]
    },
    {
      "file_path": "/media/NFS/ttao/scannet/posed_images/scene0228_00/00308.jpg",
      "transform_matrix": [
        [
          -0.400768,
          -0.243063,
          0.883349,
          -0.455129
        ],
        [
          -0.916165,
          0.111725,
          -0.384914,
          3.816853
        ],
        [
          -0.005134,
          -0.963555,
          -0.267461,
          1.454542
        ],
        [
          0.0,
          0.0,
          0.0,
          1.0
        ]
      ]
    },
    {
      "file_path": "/media/NFS/ttao/scannet/posed_images/scene0228_00/00314.jpg",
      "transform_matrix": [
        [
          -0.350099,
          -0.187674,
          0.917719,
          -0.541622
        ],
        [
          -0.936532,
          0.089385,
          -0.338997,
          3.683161
        ],
        [
          -0.018409,
          -0.978156,
          -0.207056,
          1.462578
        ],
        [
          0.0,
          0.0,
          0.0,
          1.0
        ]
      ]
    },
    {
      "file_path": "/media/NFS/ttao/scannet/posed_images/scene0228_00/00322.jpg",
      "transform_matrix": [
        [
          -0.294572,
          -0.280154,
          0.913642,
          -0.656075
        ],
        [
          -0.955371,
          0.064086,
          -0.288375,
          3.510058
        ],
        [
          0.022237,
          -0.957814,
          -0.286529,
          1.484464
        ],
        [
          0.0,
          0.0,
          0.0,
          1.0
        ]
      ]
    },
    {
      "file_path": "/media/NFS/ttao/scannet/posed_images/scene0228_00/00330.jpg",
      "transform_matrix": [
        [
          -0.202829,
          -0.270994,
          0.940969,
          -0.736681
        ],
        [
          -0.979199,
          0.050718,
          -0.196463,
          3.351266
        ],
        [
          0.005516,
          -0.961244,
          -0.275644,
          1.493045
        ],
        [
          0.0,
          0.0,
          0.0,
          1.0
        ]
      ]
    },
    {
      "file_path": "/media/NFS/ttao/scannet/posed_images/scene0228_00/00334.jpg",
      "transform_matrix": [
        [
          -0.163539,
          -0.280809,
          0.945728,
          -0.76408
        ],
        [
          -0.986451,
          0.059196,
          -0.153004,
          3.26857
        ],
        [
          -0.013018,
          -0.957936,
          -0.286685,
          1.482388
        ],
        [
          0.0,
          0.0,
          0.0,
          1.0
        ]
      ]
    },
    {
      "file_path": "/media/NFS/ttao/scannet/posed_images/scene0228_00/00345.jpg",
      "transform_matrix": [
        [
          -0.136255,
          -0.329043,
          0.934433,
          -0.81687
        ],
        [
          -0.989842,
          0.006582,
          -0.142017,
          3.050856
        ],
        [
          0.040579,
          -0.944292,
          -0.326597,
          1.493454
        ],
        [
          0.0,
          0.0,
          0.0,
          1.0
        ]
      ]
    },
    {
      "file_path": "/media/NFS/ttao/scannet/posed_images/scene0228_00/00349.jpg",
      "transform_matrix": [
        [
          -0.062862,
          -0.308321,
          0.949203,
          -0.836438
        ],
        [
          -0.997993,
          0.026689,
          -0.057424,
          2.96627
        ],
        [
          -0.007628,
          -0.950908,
          -0.309379,
          1.502162
        ],
        [
          0.0,
          0.0,
          0.0,
          1.0
        ]
      ]
    },
    {
      "file_path": "/media/NFS/ttao/scannet/posed_images/scene0228_00/00357.jpg",
      "transform_matrix": [
        [
          0.088631,
          -0.352815,
          0.931486,
          -0.883051
        ],
        [
          -0.995624,
          -0.003576,
          0.09338,
          2.790438
        ],
        [
          -0.029615,
          -0.935686,
          -0.351588,
          1.496521
        ],
        [
          0.0,
          0.0,
          0.0,
          1.0
        ]
      ]
    },
    {
      "file_path": "/media/NFS/ttao/scannet/posed_images/scene0228_00/00363.jpg",
      "transform_matrix": [
        [
          0.167243,
          -0.397494,
          0.902235,
          -0.932268
        ],
        [
          -0.985195,
          -0.03238,
          0.168355,
          2.645878
        ],
        [
          -0.037706,
          -0.917033,
          -0.397024,
          1.498683
        ],
        [
          0.0,
          0.0,
          0.0,
          1.0
        ]
      ]
    },
    {
      "file_path": "/media/NFS/ttao/scannet/posed_images/scene0228_00/00371.jpg",
      "transform_matrix": [
        [
          0.282115,
          -0.290695,
          0.91428,
          -0.975834
        ],
        [
          -0.957707,
          -0.029065,
          0.286274,
          2.387688
        ],
        [
          -0.056645,
          -0.956374,
          -0.2866,
          1.511275
        ],
        [
          0.0,
          0.0,
          0.0,
          1.0
        ]
      ]
    },
    {
      "file_path": "/media/NFS/ttao/scannet/posed_images/scene0228_00/00379.jpg",
      "transform_matrix": [
        [
          0.23804,
          -0.305662,
          0.921904,
          -0.971251
        ],
        [
          -0.971049,
          -0.094476,
          0.219405,
          2.244668
        ],
        [
          0.020034,
          -0.947441,
          -0.319302,
          1.517658
        ],
        [
          0.0,
          0.0,
          0.0,
          1.0
        ]
      ]
    },
    {
      "file_path": "/media/NFS/ttao/scannet/posed_images/scene0228_00/00385.jpg",
      "transform_matrix": [
        [
          0.312644,
          -0.309427,
          0.898058,
          -0.942023
        ],
        [
          -0.948792,
          -0.056703,
          0.31077,
          2.112854
        ],
        [
          -0.045238,
          -0.949231,
          -0.31131,
          1.555414
        ],
        [
          0.0,
          0.0,
          0.0,
          1.0
        ]
      ]
    },
    {
      "file_path": "/media/NFS/ttao/scannet/posed_images/scene0228_00/00391.jpg",
      "transform_matrix": [
        [
          0.392784,
          -0.297984,
          0.870015,
          -0.928491
        ],
        [
          -0.9186,
          -0.082352,
          0.386513,
          1.949587
        ],
        [
          -0.043528,
          -0.951012,
          -0.306075,
          1.545809
        ],
        [
          0.0,
          0.0,
          0.0,
          1.0
        ]
      ]
    },
    {
      "file_path": "/media/NFS/ttao/scannet/posed_images/scene0228_00/00399.jpg",
      "transform_matrix": [
        [
          0.444903,
          -0.335798,
          0.830242,
          -0.898893
        ],
        [
          -0.894794,
          -0.127864,
          0.427779,
          1.750803
        ],
        [
          -0.03749,
          -0.933215,
          -0.357357,
          1.564348
        ],
        [
          0.0,
          0.0,
          0.0,
          1.0
        ]
      ]
    },
    {
      "file_path": "/media/NFS/ttao/scannet/posed_images/scene0228_00/00407.jpg",
      "transform_matrix": [
        [
          0.486953,
          -0.269886,
          0.830686,
          -0.85596
        ],
        [
          -0.872646,
          -0.110092,
          0.475782,
          1.582396
        ],
        [
          -0.036955,
          -0.956578,
          -0.289125,
          1.592102
        ],
        [
          0.0,
          0.0,
          0.0,
          1.0
        ]
      ]
    },
    {
      "file_path": "/media/NFS/ttao/scannet/posed_images/scene0228_00/00409.jpg",
      "transform_matrix": [
        [
          0.484139,
          -0.257845,
          0.836137,
          -0.842108
        ],
        [
          -0.874627,
          -0.115042,
          0.470949,
          1.547245
        ],
        [
          -0.025241,
          -0.959313,
          -0.281215,
          1.592954
        ],
        [
          0.0,
          0.0,
          0.0,
          1.0
        ]
      ]
    },
    {
      "file_path": "/media/NFS/ttao/scannet/posed_images/scene0228_00/00419.jpg",
      "transform_matrix": [
        [
          0.469916,
          -0.278931,
          0.837482,
          -0.750844
        ],
        [
          -0.882481,
          -0.170116,
          0.438507,
          1.361035
        ],
        [
          0.020156,
          -0.945123,
          -0.326091,
          1.604847
        ],
        [
          0.0,
          0.0,
          0.0,
          1.0
        ]
      ]
    },
    {
      "file_path": "/media/NFS/ttao/scannet/posed_images/scene0228_00/00427.jpg",
      "transform_matrix": [
        [
          0.519107,
          -0.245584,
          0.818668,
          -0.677991
        ],
        [
          -0.8547,
          -0.144597,
          0.498578,
          1.19864
        ],
        [
          -0.004066,
          -0.95853,
          -0.284961,
          1.63921
        ],
        [
          0.0,
          0.0,
          0.0,
          1.0
        ]
      ]
    },
    {
      "file_path": "/media/NFS/ttao/scannet/posed_images/scene0228_00/00429.jpg",
      "transform_matrix": [
        [
          0.544632,
          -0.237759,
          0.804268,
          -0.663442
        ],
        [
          -0.83867,
          -0.151193,
          0.523233,
          1.146228
        ],
        [
          -0.002804,
          -0.959485,
          -0.281746,
          1.634002
        ],
        [
          0.0,
          0.0,
          0.0,
          1.0
        ]
      ]
    },
    {
      "file_path": "/media/NFS/ttao/scannet/posed_images/scene0228_00/00439.jpg",
      "transform_matrix": [
        [
          0.642511,
          -0.248614,
          0.724825,
          -0.564646
        ],
        [
          -0.76616,
          -0.191942,
          0.613316,
          0.91507
        ],
        [
          -0.013355,
          -0.949394,
          -0.313803,
          1.656999
        ],
        [
          0.0,
          0.0,
          0.0,
          1.0
        ]
      ]
    },
    {
      "file_path": "/media/NFS/ttao/scannet/posed_images/scene0228_00/00441.jpg",
      "transform_matrix": [
        [
          0.64803,
          -0.237369,
          0.723681,
          -0.558691
        ],
        [
          -0.761592,
          -0.194514,
          0.618177,
          0.890869
        ],
        [
          -0.00597,
          -0.951746,
          -0.306829,
          1.644504
        ],
        [
          0.0,
          0.0,
          0.0,
          1.0
        ]
      ]
    },
    {
      "file_path": "/media/NFS/ttao/scannet/posed_images/scene0228_00/00449.jpg",
      "transform_matrix": [
        [
          0.697661,
          -0.22723,
          0.679438,
          -0.446734
        ],
        [
          -0.715388,
          -0.169882,
          0.677761,
          0.7612
        ],
        [
          -0.038584,
          -0.958909,
          -0.281078,
          1.643528
        ],
        [
          0.0,
          0.0,
          0.0,
          1.0
        ]
      ]
    },
    {
      "file_path": "/media/NFS/ttao/scannet/posed_images/scene0228_00/00457.jpg",
      "transform_matrix": [
        [
          0.710986,
          -0.21706,
          0.668868,
          -0.307666
        ],
        [
          -0.7032,
          -0.22352,
          0.674944,
          0.655444
        ],
        [
          0.003002,
          -0.950223,
          -0.311556,
          1.641676
        ],
        [
          0.0,
          0.0,
          0.0,
          1.0
        ]
      ]
    },
    {
      "file_path": "/media/NFS/ttao/scannet/posed_images/scene0228_00/00467.jpg",
      "transform_matrix": [
        [
          0.72895,
          -0.206575,
          0.652656,
          -0.065591
        ],
        [
          -0.684522,
          -0.230994,
          0.691427,
          0.503884
        ],
        [
          0.007928,
          -0.950773,
          -0.309788,
          1.664259
        ],
        [
          0.0,
          0.0,
          0.0,
          1.0
        ]
      ]
    },
    {
      "file_path": "/media/NFS/ttao/scannet/posed_images/scene0228_00/00469.jpg",
      "transform_matrix": [
        [
          0.721322,
          -0.20885,
          0.660361,
          -0.03588
        ],
        [
          -0.692524,
          -0.231596,
          0.683208,
          0.483501
        ],
        [
          0.010249,
          -0.950129,
          -0.311689,
          1.66726
        ],
        [
          0.0,
          0.0,
          0.0,
          1.0
        ]
      ]
    },
    {
      "file_path": "/media/NFS/ttao/scannet/posed_images/scene0228_00/00476.jpg",
      "transform_matrix": [
        [
          0.740459,
          -0.202873,
          0.640752,
          0.198846
        ],
        [
          -0.672084,
          -0.216504,
          0.708117,
          0.298746
        ],
        [
          -0.004932,
          -0.954971,
          -0.29666,
          1.640181
        ],
        [
          0.0,
          0.0,
          0.0,
          1.0
        ]
      ]
    },
    {
      "file_path": "/media/NFS/ttao/scannet/posed_images/scene0228_00/00484.jpg",
      "transform_matrix": [
        [
          0.747511,
          -0.196344,
          0.634568,
          0.36131
        ],
        [
          -0.663501,
          -0.17535,
          0.727337,
          0.18079
        ],
        [
          -0.031537,
          -0.964729,
          -0.26135,
          1.677437
        ],
        [
          0.0,
          0.0,
          0.0,
          1.0
        ]
      ]
    },
    {
      "file_path": "/media/NFS/ttao/scannet/posed_images/scene0228_00/00490.jpg",
      "transform_matrix": [
        [
          0.733106,
          -0.205025,
          0.648476,
          0.501756
        ],
        [
          -0.679049,
          -0.167298,
          0.714776,
          0.076752
        ],
        [
          -0.038058,
          -0.964353,
          -0.261869,
          1.7178
        ],
        [
          0.0,
          0.0,
          0.0,
          1.0
        ]
      ]
    },
    {
      "file_path": "/media/NFS/ttao/scannet/posed_images/scene0228_00/00500.jpg",
      "transform_matrix": [
        [
          0.726412,
          -0.155251,
          0.669494,
          0.675107
        ],
        [
          -0.68719,
          -0.177865,
          0.704368,
          -0.059211
        ],
        [
          0.009726,
          -0.971731,
          -0.23589,
          1.764477
        ],
        [
          0.0,
          0.0,
          0.0,
          1.0
        ]
      ]
    },
    {
      "file_path": "/media/NFS/ttao/scannet/posed_images/scene0228_00/00508.jpg",
      "transform_matrix": [
        [
          0.752272,
          -0.162014,
          0.638623,
          0.78705
        ],
        [
          -0.657784,
          -0.12949,
          0.741992,
          -0.155196
        ],
        [
          -0.037518,
          -0.978256,
          -0.203981,
          1.78849
        ],
        [
          0.0,
          0.0,
          0.0,
          1.0
        ]
      ]
    },
    {
      "file_path": "/media/NFS/ttao/scannet/posed_images/scene0228_00/00510.jpg",
      "transform_matrix": [
        [
          0.77135,
          -0.139328,
          0.620973,
          0.8302
        ],
        [
          -0.636145,
          -0.140584,
          0.758653,
          -0.205012
        ],
        [
          -0.018403,
          -0.980216,
          -0.197072,
          1.777284
        ],
        [
          0.0,
          0.0,
          0.0,
          1.0
        ]
      ]
    },
    {
      "file_path": "/media/NFS/ttao/scannet/posed_images/scene0228_00/00520.jpg",
      "transform_matrix": [
        [
          0.815256,
          -0.14911,
          0.559574,
          0.982094
        ],
        [
          -0.578957,
          -0.188384,
          0.793297,
          -0.353109
        ],
