{
  "frames": [
    {
      "file_path": "/media/NFS/ttao/scannet/posed_images/scene0462_00/00000.jpg",
      "transform_matrix": [
        [
          0.849788,
          -0.122464,
          0.512702,
          2.200992
        ],
        [
          -0.526388,
          -0.145733,
          0.837662,
          4.364255
        ],
        [
          -0.027866,
          -0.981715,
          -0.188306,
          1.572938
        ],
        [
          0.0,
          0.0,
          0.0,
          1.0
        ]
      ]
    },
    {
      "file_path": "/media/NFS/ttao/scannet/posed_images/scene0462_00/00005.jpg",
      "transform_matrix": [
        [
          0.856466,
          -0.131462,
          0.499183,
          2.212356
        ],
        [
          -0.514643,
          -0.14231,
          0.845512,
          4.347376
        ],
        [
          -0.040114,
          -0.981053,
          -0.18954,
          1.577721
        ],
        [
          0.0,
          0.0,
          0.0,
          1.0
        ]
      ]
    },
    {
      "file_path": "/media/NFS/ttao/scannet/posed_images/scene0462_00/00009.jpg",
      "transform_matrix": [
        [
          0.846922,
          -0.125932,
          0.516589,
          2.217168
        ],
        [
          -0.531369,
          -0.165305,
          0.830856,
          4.343175
        ],
        [
          -0.019236,
          -0.97817,
          -0.206916,
          1.574571
        ],
        [
          0.0,
          0.0,
          0.0,
          1.0
        ]
      ]
    },
    {
      "file_path": "/media/NFS/ttao/scannet/posed_images/scene0462_00/00011.jpg",
      "transform_matrix": [
        [
          0.837449,
          -0.13694,
          0.529081,
          2.211163
        ],
        [
          -0.546399,
          -0.189772,
          0.815742,
          4.356292
        ],
        [
          -0.011303,
          -0.972232,
          -0.233748,
          1.573095
        ],
        [
          0.0,
          0.0,
          0.0,
          1.0
        ]
      ]
    },
    {
      "file_path": "/media/NFS/ttao/scannet/posed_images/scene0462_00/00015.jpg",
      "transform_matrix": [
        [
          0.840193,
          -0.157501,
          0.518911,
          2.214304
        ],
        [
          -0.542162,
          -0.223388,
          0.810036,
          4.350148
        ],
        [
          -0.011663,
          -0.961921,
          -0.27308,
          1.536409
        ],
        [
          0.0,
          0.0,
          0.0,
          1.0
        ]
      ]
    },
    {
      "file_path": "/media/NFS/ttao/scannet/posed_images/scene0462_00/00021.jpg",
      "transform_matrix": [
        [
          0.857746,
          -0.200647,
          0.473299,
          2.231678
        ],
        [
          -0.513382,
          -0.2866,
          0.808888,
          4.331872
        ],
        [
          -0.026654,
          -0.936804,
          -0.348838,
          1.47403
        ],
        [
          0.0,
          0.0,
          0.0,
          1.0
        ]
      ]
    },
    {
      "file_path": "/media/NFS/ttao/scannet/posed_images/scene0462_00/00022.jpg",
      "transform_matrix": [
        [
          0.860324,
          -0.203105,
          0.467537,
          2.231813
        ],
        [
          -0.509257,
          -0.302247,
          0.805794,
          4.329579
        ],
        [
          -0.022349,
          -0.93134,
          -0.363463,
          1.46409
        ],
        [
          0.0,
          0.0,
          0.0,
          1.0
        ]
      ]
    },
    {
      "file_path": "/media/NFS/ttao/scannet/posed_images/scene0462_00/00026.jpg",
      "transform_matrix": [
        [
          0.868465,
          -0.22262,
          0.442954,
          2.232894
        ],
        [
          -0.495221,
          -0.348271,
          0.795905,
          4.325173
        ],
        [
          -0.022916,
          -0.910576,
          -0.412707,
          1.422661
        ],
        [
          0.0,
          0.0,
          0.0,
          1.0
        ]
      ]
    },
    {
      "file_path": "/media/NFS/ttao/scannet/posed_images/scene0462_00/00032.jpg",
      "transform_matrix": [
        [
          0.879834,
          -0.269389,
          0.391564,
          2.227667
        ],
        [
          -0.472341,
          -0.404101,
          0.783323,
          4.309657
        ],
        [
          -0.052787,
          -0.874146,
          -0.482785,
          1.360827
        ],
        [
          0.0,
          0.0,
          0.0,
          1.0
        ]
      ]
    },
    {
      "file_path": "/media/NFS/ttao/scannet/posed_images/scene0462_00/00036.jpg",
      "transform_matrix": [
        [
          0.8872,
          -0.282466,
          0.364813,
          2.225677
        ],
        [
          -0.457151,
          -0.431302,
          0.777812,
          4.307519
        ],
        [
          -0.062361,
          -0.85685,
          -0.511781,
          1.347383
        ],
        [
          0.0,
          0.0,
          0.0,
          1.0
        ]
      ]
    },
    {
      "file_path": "/media/NFS/ttao/scannet/posed_images/scene0462_00/00038.jpg",
      "transform_matrix": [
        [
          0.894449,
          -0.276603,
          0.351356,
          2.223448
        ],
        [
          -0.442943,
          -0.440262,
          0.781007,
          4.309565
        ],
        [
          -0.06134,
          -0.854202,
          -0.516311,
          1.353048
        ],
        [
          0.0,
          0.0,
          0.0,
          1.0
        ]
      ]
    },
    {
      "file_path": "/media/NFS/ttao/scannet/posed_images/scene0462_00/00043.jpg",
      "transform_matrix": [
        [
          0.916653,
          -0.243154,
          0.317211,
          2.215951
        ],
        [
          -0.394453,
          -0.422382,
          0.816089,
          4.312201
        ],
        [
          -0.064451,
          -0.873195,
          -0.48309,
          1.390218
        ],
        [
          0.0,
          0.0,
          0.0,
          1.0
        ]
      ]
    },
    {
      "file_path": "/media/NFS/ttao/scannet/posed_images/scene0462_00/00048.jpg",
      "transform_matrix": [
        [
          0.944374,
          -0.203221,
          0.258569,
          2.206272
        ],
        [
          -0.32126,
          -0.401874,
          0.85749,
          4.306289
        ],
        [
          -0.070348,
          -0.89286,
          -0.444806,
          1.417405
        ],
        [
          0.0,
          0.0,
          0.0,
          1.0
        ]
      ]
    },
    {
      "file_path": "/media/NFS/ttao/scannet/posed_images/scene0462_00/00050.jpg",
      "transform_matrix": [
        [
          0.955635,
          -0.186819,
          0.227729,
          2.197654
        ],
        [
          -0.285473,
          -0.396932,
          0.872324,
          4.303983
        ],
        [
          -0.072574,
          -0.898634,
          -0.432654,
          1.424387
        ],
        [
          0.0,
          0.0,
          0.0,
          1.0
        ]
      ]
    },
    {
      "file_path": "/media/NFS/ttao/scannet/posed_images/scene0462_00/00054.jpg",
      "transform_matrix": [
        [
          0.974541,
          -0.157377,
          0.159693,
          2.186238
        ],
        [
          -0.209851,
          -0.389463,
          0.896817,
          4.296537
        ],
        [
          -0.078944,
          -0.907497,
          -0.412573,
          1.440349
        ],
        [
          0.0,
          0.0,
          0.0,
          1.0
        ]
      ]
    },
    {
      "file_path": "/media/NFS/ttao/scannet/posed_images/scene0462_00/00057.jpg",
      "transform_matrix": [
        [
          0.986224,
          -0.133175,
          0.098111,
          2.175758
        ],
        [
          -0.142735,
          -0.3854,
          0.911643,
          4.287377
        ],
        [
          -0.083596,
          -0.913089,
          -0.3991,
          1.44704
        ],
        [
          0.0,
          0.0,
          0.0,
          1.0
        ]
      ]
    },
    {
      "file_path": "/media/NFS/ttao/scannet/posed_images/scene0462_00/00063.jpg",
      "transform_matrix": [
        [
          0.994887,
          -0.100552,
          0.009461,
          2.154616
        ],
        [
          -0.04896,
          -0.398233,
          0.915977,
          4.268879
        ],
        [
          -0.088336,
          -0.911756,
          -0.40112,
          1.45887
        ],
        [
          0.0,
          0.0,
          0.0,
          1.0
        ]
      ]
    },
    {
      "file_path": "/media/NFS/ttao/scannet/posed_images/scene0462_00/00066.jpg",
      "transform_matrix": [
        [
          0.996077,
          -0.084167,
          -0.027304,
          2.144867
        ],
        [
          -0.008801,
          -0.401279,
          0.915914,
          4.250805
        ],
        [
          -0.088047,
          -0.912081,
          -0.400446,
          1.465172
        ],
        [
          0.0,
          0.0,
          0.0,
          1.0
        ]
      ]
    },
    {
      "file_path": "/media/NFS/ttao/scannet/posed_images/scene0462_00/00068.jpg",
      "transform_matrix": [
        [
          0.997087,
          -0.067965,
          -0.034616,
          2.13601
        ],
        [
          0.004274,
          -0.40334,
          0.91504,
          4.241084
        ],
        [
          -0.076152,
          -0.912523,
          -0.401875,
          1.472526
        ],
        [
          0.0,
          0.0,
          0.0,
          1.0
        ]
      ]
    },
    {
      "file_path": "/media/NFS/ttao/scannet/posed_images/scene0462_00/00074.jpg",
      "transform_matrix": [
        [
          0.998006,
          -0.038827,
          -0.049761,
          2.089225
        ],
        [
          0.031339,
          -0.379516,
          0.924654,
          4.191043
        ],
        [
          -0.054786,
          -0.92437,
          -0.377543,
          1.492723
        ],
        [
          0.0,
          0.0,
          0.0,
          1.0
        ]
      ]
    },
    {
      "file_path": "/media/NFS/ttao/scannet/posed_images/scene0462_00/00076.jpg",
      "transform_matrix": [
        [
          0.997828,
          -0.035057,
          -0.05576,
          2.07382
        ],
        [
          0.038412,
          -0.377979,
          0.925017,
          4.172073
        ],
        [
          -0.053505,
          -0.92515,
          -0.375812,
          1.498018
        ],
        [
          0.0,
          0.0,
          0.0,
          1.0
        ]
      ]
    },
    {
      "file_path": "/media/NFS/ttao/scannet/posed_images/scene0462_00/00082.jpg",
      "transform_matrix": [
        [
          0.997361,
          -0.036712,
          -0.06263,
          2.025112
        ],
        [
          0.04444,
          -0.373429,
          0.926594,
          4.104507
        ],
        [
          -0.057405,
          -0.926932,
          -0.370812,
          1.505715
        ],
        [
          0.0,
          0.0,
          0.0,
          1.0
        ]
      ]
    },
    {
      "file_path": "/media/NFS/ttao/scannet/posed_images/scene0462_00/00083.jpg",
      "transform_matrix": [
        [
          0.997511,
          -0.035509,
          -0.060915,
          2.016963
        ],
        [
          0.043377,
          -0.372059,
          0.927195,
          4.093156
        ],
        [
          -0.055588,
          -0.92753,
          -0.369592,
          1.506099
        ],
        [
          0.0,
          0.0,
          0.0,
          1.0
        ]
      ]
    },
    {
      "file_path": "/media/NFS/ttao/scannet/posed_images/scene0462_00/00087.jpg",
      "transform_matrix": [
        [
          0.998174,
          -0.032664,
          -0.050802,
          1.991082
        ],
        [
          0.034611,
          -0.379984,
          0.924345,
          4.051113
        ],
        [
          -0.049497,
          -0.924416,
          -0.37816,
          1.499665
        ],
        [
          0.0,
          0.0,
          0.0,
          1.0
        ]
      ]
    },
    {
      "file_path": "/media/NFS/ttao/scannet/posed_images/scene0462_00/00090.jpg",
      "transform_matrix": [
        [
          0.998482,
          -0.027349,
          -0.047815,
          1.978571
        ],
        [
          0.033183,
          -0.394204,
          0.918424,
          4.024681
        ],
        [
          -0.043966,
          -0.918616,
          -0.392698,
          1.49252
        ],
        [
          0.0,
          0.0,
          0.0,
          1.0
        ]
      ]
    },
    {
      "file_path": "/media/NFS/ttao/scannet/posed_images/scene0462_00/00095.jpg",
      "transform_matrix": [
        [
          0.998835,
          -0.02349,
          -0.042157,
          1.960763
        ],
        [
          0.027624,
          -0.437989,
          0.898556,
          3.995195
        ],
        [
          -0.039571,
          -0.898673,
          -0.43683,
          1.460926
        ],
        [
          0.0,
          0.0,
          0.0,
          1.0
        ]
      ]
    },
    {
      "file_path": "/media/NFS/ttao/scannet/posed_images/scene0462_00/00100.jpg",
      "transform_matrix": [
        [
          0.997681,
          -0.006181,
          -0.067776,
          1.95154
        ],
        [
          0.056211,
          -0.486604,
          0.871812,
          3.982744
        ],
        [
          -0.038369,
          -0.873601,
          -0.485128,
          1.428199
        ],
        [
          0.0,
          0.0,
          0.0,
          1.0
        ]
      ]
    },
    {
      "file_path": "/media/NFS/ttao/scannet/posed_images/scene0462_00/00105.jpg",
      "transform_matrix": [
        [
          0.995384,
          0.012481,
          -0.09516,
          1.952309
        ],
        [
          0.087846,
          -0.517836,
          0.850958,
          3.977506
        ],
        [
          -0.038656,
          -0.855389,
          -0.516542,
          1.398007
        ],
        [
          0.0,
          0.0,
          0.0,
          1.0
        ]
      ]
    },
    {
      "file_path": "/media/NFS/ttao/scannet/posed_images/scene0462_00/00106.jpg",
      "transform_matrix": [
        [
          0.995052,
          0.013377,
          -0.098448,
          1.953545
        ],
        [
          0.09092,
          -0.52211,
          0.848018,
          3.977112
        ],
        [
          -0.040057,
          -0.852773,
          -0.520743,
          1.392723
        ],
        [
          0.0,
          0.0,
          0.0,
          1.0
        ]
      ]
    },
    {
      "file_path": "/media/NFS/ttao/scannet/posed_images/scene0462_00/00109.jpg",
      "transform_matrix": [
        [
          0.99184,
          0.021052,
          -0.125735,
          1.961844
        ],
        [
          0.117481,
          -0.533922,
          0.837332,
          3.976114
        ],
        [
          -0.049505,
          -0.845272,
          -0.532039,
          1.375924
        ],
        [
          0.0,
          0.0,
          0.0,
          1.0
        ]
      ]
    },
    {
      "file_path": "/media/NFS/ttao/scannet/posed_images/scene0462_00/00116.jpg",
      "transform_matrix": [
        [
          0.984859,
          0.046788,
          -0.166923,
          1.972564
        ],
        [
          0.162933,
          -0.578682,
          0.799112,
          3.980436
        ],
        [
          -0.059207,
          -0.81421,
          -0.577544,
          1.340122
        ],
        [
          0.0,
          0.0,
          0.0,
          1.0
        ]
      ]
    },
    {
      "file_path": "/media/NFS/ttao/scannet/posed_images/scene0462_00/00119.jpg",
      "transform_matrix": [
        [
          0.982302,
          0.054748,
          -0.179124,
          1.977839
        ],
        [
          0.177231,
          -0.581076,
          0.794317,
          3.984283
        ],
        [
          -0.060597,
          -0.812006,
          -0.580495,
          1.333453
        ],
        [
          0.0,
          0.0,
          0.0,
          1.0
        ]
      ]
    },
    {
      "file_path": "/media/NFS/ttao/scannet/posed_images/scene0462_00/00121.jpg",
      "transform_matrix": [
        [
          0.979725,
          0.064039,
          -0.189837,
          1.978486
        ],
        [
          0.191684,
          -0.575253,
          0.795199,
          3.986353
        ],
        [
          -0.058281,
          -0.815465,
          -0.575865,
          1.332788
        ],
        [
          0.0,
          0.0,
          0.0,
          1.0
        ]
      ]
    },
    {
      "file_path": "/media/NFS/ttao/scannet/posed_images/scene0462_00/00128.jpg",
      "transform_matrix": [
        [
          0.961494,
          0.08742,
          -0.260552,
          1.976757
        ],
        [
          0.267183,
          -0.519363,
          0.811711,
          3.990653
        ],
        [
          -0.064362,
          -0.85007,
          -0.522722,
          1.362484
        ],
        [
          0.0,
          0.0,
          0.0,
          1.0
        ]
      ]
    },
    {
      "file_path": "/media/NFS/ttao/scannet/posed_images/scene0462_00/00129.jpg",
      "transform_matrix": [
        [
          0.958031,
          0.093012,
          -0.271156,
          1.974347
        ],
        [
          0.279637,
          -0.511382,
          0.812583,
          3.990017
        ],
        [
          -0.063084,
          -0.854305,
          -0.515929,
          1.366725
        ],
        [
          0.0,
          0.0,
          0.0,
          1.0
        ]
      ]
    },
    {
      "file_path": "/media/NFS/ttao/scannet/posed_images/scene0462_00/00133.jpg",
      "transform_matrix": [
        [
          0.940713,
          0.109651,
          -0.320991,
          1.968679
        ],
        [
          0.333612,
          -0.470192,
          0.817082,
          3.980561
        ],
        [
          -0.061334,
          -0.875726,
          -0.478897,
          1.381285
        ],
        [
          0.0,
          0.0,
          0.0,
          1.0
        ]
      ]
    },
    {
      "file_path": "/media/NFS/ttao/scannet/posed_images/scene0462_00/00139.jpg",
      "transform_matrix": [
        [
          0.916172,
          0.117742,
          -0.3831,
          1.955074
        ],
        [
          0.395324,
          -0.422747,
          0.815478,
          3.975294
        ],
        [
          -0.065938,
          -0.898566,
          -0.433855,
          1.420534
        ],
        [
          0.0,
          0.0,
          0.0,
          1.0
        ]
      ]
    },
    {
      "file_path": "/media/NFS/ttao/scannet/posed_images/scene0462_00/00142.jpg",
      "transform_matrix": [
        [
          0.90752,
          0.107157,
          -0.406109,
          1.952054
        ],
        [
          0.413514,
          -0.397341,
          0.819223,
          3.971407
        ],
        [
          -0.073579,
          -0.911393,
          -0.404906,
          1.441414
        ],
        [
          0.0,
          0.0,
          0.0,
          1.0
        ]
      ]
    },
    {
      "file_path": "/media/NFS/ttao/scannet/posed_images/scene0462_00/00146.jpg",
      "transform_matrix": [
        [
          0.901945,
          0.088453,
          -0.422695,
          1.947874
        ],
        [
          0.424628,
          -0.359913,
          0.830755,
          3.969924
        ],
        [
          -0.07865,
          -0.928784,
          -0.362181,
          1.477815
        ],
        [
          0.0,
          0.0,
          0.0,
          1.0
        ]
      ]
    },
    {
      "file_path": "/media/NFS/ttao/scannet/posed_images/scene0462_00/00147.jpg",
      "transform_matrix": [
        [
          0.901793,
          0.085638,
          -0.423598,
          1.947297
        ],
        [
          0.424984,
          -0.353703,
          0.833236,
          3.970222
        ],
        [
          -0.078471,
          -0.931429,
          -0.355362,
          1.48604
        ],
        [
          0.0,
          0.0,
          0.0,
          1.0
        ]
      ]
    },
    {
      "file_path": "/media/NFS/ttao/scannet/posed_images/scene0462_00/00154.jpg",
      "transform_matrix": [
        [
          0.891042,
          0.064159,
          -0.449364,
          1.947587
        ],
        [
          0.447156,
          -0.294337,
          0.84464,
          3.966588
        ],
        [
          -0.078073,
          -0.953546,
          -0.290956,
          1.545196
        ],
        [
          0.0,
          0.0,
          0.0,
          1.0
        ]
      ]
    },
    {
      "file_path": "/media/NFS/ttao/scannet/posed_images/scene0462_00/00157.jpg",
      "transform_matrix": [
        [
          0.886428,
          0.055839,
          -0.459487,
          1.947063
        ],
        [
          0.456643,
          -0.267745,
          0.848404,
          3.964798
        ],
        [
          -0.075651,
          -0.961871,
          -0.262835,
          1.570497
        ],
        [
          0.0,
          0.0,
          0.0,
          1.0
        ]
      ]
    },
    {
      "file_path": "/media/NFS/ttao/scannet/posed_images/scene0462_00/00162.jpg",
      "transform_matrix": [
        [
          0.879678,
          0.029091,
          -0.474678,
          1.954991
        ],
        [
          0.469633,
          -0.210339,
          0.857439,
          3.952038
        ],
        [
          -0.074899,
          -0.977196,
          -0.198693,
          1.593962
        ],
        [
          0.0,
          0.0,
          0.0,
          1.0
        ]
      ]
    },
    {
      "file_path": "/media/NFS/ttao/scannet/posed_images/scene0462_00/00165.jpg",
      "transform_matrix": [
        [
          0.880895,
          0.021535,
          -0.472821,
          1.954767
        ],
        [
          0.468134,
          -0.18699,
          0.863647,
          3.948495
        ],
        [
          -0.069814,
          -0.982126,
          -0.1748,
          1.609696
        ],
        [
          0.0,
          0.0,
          0.0,
          1.0
        ]
      ]
    },
    {
      "file_path": "/media/NFS/ttao/scannet/posed_images/scene0462_00/00166.jpg",
      "transform_matrix": [
        [
          0.881194,
          0.019687,
          -0.472344,
          1.954515
        ],
        [
          0.467848,
          -0.17988,
          0.86531,
          3.947104
        ],
        [
          -0.06793,
          -0.983491,
          -0.16772,
          1.614723
        ],
        [
          0.0,
          0.0,
          0.0,
          1.0
        ]
      ]
    },
    {
      "file_path": "/media/NFS/ttao/scannet/posed_images/scene0462_00/00173.jpg",
      "transform_matrix": [
        [
          0.873524,
          -0.01151,
          -0.486644,
          1.967867
        ],
        [
          0.483373,
          -0.097562,
          0.869961,
          3.92907
        ],
        [
          -0.057491,
          -0.995163,
          -0.079659,
          1.648427
        ],
        [
          0.0,
          0.0,
          0.0,
          1.0
        ]
      ]
    },
    {
      "file_path": "/media/NFS/ttao/scannet/posed_images/scene0462_00/00174.jpg",
      "transform_matrix": [
        [
          0.872227,
          -0.018483,
          -0.488751,
          1.970207
        ],
        [
          0.485451,
          -0.089127,
          0.869709,
          3.927125
        ],
        [
          -0.059635,
          -0.995849,
          -0.068767,
          1.65391
        ],
        [
          0.0,
          0.0,
          0.0,
          1.0
        ]
      ]
    },
    {
      "file_path": "/media/NFS/ttao/scannet/posed_images/scene0462_00/00180.jpg",
      "transform_matrix": [
        [
          0.852283,
          -0.061916,
          -0.519403,
          1.990012
        ],
        [
          0.516327,
          -0.059463,
          0.854325,
          3.918857
        ],
        [
          -0.083781,
          -0.996309,
          -0.01871,
          1.663176
        ],
        [
          0.0,
          0.0,
          0.0,
          1.0
        ]
      ]
    },
    {
      "file_path": "/media/NFS/ttao/scannet/posed_images/scene0462_00/00181.jpg",
      "transform_matrix": [
        [
          0.852132,
          -0.060319,
          -0.519839,
          1.992543
        ],
        [
          0.516883,
          -0.058398,
          0.854062,
          3.920074
        ],
        [
          -0.081874,
          -0.996469,
          -0.018585,
          1.662696
        ],
        [
          0.0,
          0.0,
          0.0,
          1.0
        ]
      ]
    },
    {
      "file_path": "/media/NFS/ttao/scannet/posed_images/scene0462_00/00186.jpg",
      "transform_matrix": [
        [
          0.85376,
          -0.075508,
          -0.515163,
          2.00878
        ],
        [
          0.51234,
          -0.054414,
          0.857057,
          3.932065
        ],
        [
          -0.092747,
          -0.995659,
          -0.007771,
          1.672823
        ],
        [
          0.0,
          0.0,
          0.0,
          1.0
        ]
      ]
    },
    {
      "file_path": "/media/NFS/ttao/scannet/posed_images/scene0462_00/00192.jpg",
      "transform_matrix": [
        [
          0.861417,
          -0.075133,
          -0.50231,
          2.034017
        ],
        [
          0.503069,
          -0.009839,
          0.86419,
          3.954014
        ],
        [
          -0.069871,
          -0.997125,
          0.029321,
          1.656855
        ],
        [
          0.0,
          0.0,
          0.0,
          1.0
        ]
      ]
    },
    {
      "file_path": "/media/NFS/ttao/scannet/posed_images/scene0462_00/00193.jpg",
      "transform_matrix": [
        [
          0.859469,
          -0.073969,
          -0.505807,
          2.035858
        ],
        [
          0.506476,
          -0.010814,
          0.862186,
          3.957472
        ],
        [
          -0.069245,
          -0.997202,
          0.028169,
          1.648818
        ],
        [
          0.0,
          0.0,
          0.0,
          1.0
        ]
      ]
    },
    {
      "file_path": "/media/NFS/ttao/scannet/posed_images/scene0462_00/00199.jpg",
      "transform_matrix": [
        [
          0.824899,
          -0.04475,
          -0.563506,
          2.035848
        ],
        [
          0.561804,
          -0.045483,
          0.826019,
          3.990273
        ],
        [
          -0.062594,
          -0.997962,
          -0.012378,
          1.616054
        ],
        [
          0.0,
          0.0,
          0.0,
          1.0
        ]
      ]
    },
    {
      "file_path": "/media/NFS/ttao/scannet/posed_images/scene0462_00/00202.jpg",
      "transform_matrix": [
        [
          0.816734,
          -0.027733,
          -0.576347,
          2.02854
        ],
        [
          0.574248,
          -0.058601,
          0.816581,
          4.012985
        ],
        [
          -0.056421,
          -0.997896,
          -0.031935,
          1.610881
        ],
        [
          0.0,
          0.0,
          0.0,
          1.0
        ]
      ]
    },
    {
      "file_path": "/media/NFS/ttao/scannet/posed_images/scene0462_00/00204.jpg",
      "transform_matrix": [
        [
          0.813562,
          -0.021931,
          -0.581065,
          2.018418
        ],
        [
          0.578941,
          -0.062701,
          0.812955,
          4.028457
        ],
        [
          -0.054262,
          -0.997791,
          -0.038315,
          1.597166
        ],
        [
          0.0,
          0.0,
          0.0,
          1.0
        ]
      ]
    },
    {
      "file_path": "/media/NFS/ttao/scannet/posed_images/scene0462_00/00210.jpg",
      "transform_matrix": [
        [
          0.804014,
          0.051663,
          -0.592362,
          1.970603
        ],
        [
          0.593826,
          -0.120899,
          0.795458,
          4.078333
        ],
        [
          -0.03052,
          -0.99132,
          -0.127883,
          1.542958
        ],
        [
          0.0,
          0.0,
          0.0,
          1.0
        ]
      ]
    },
    {
      "file_path": "/media/NFS/ttao/scannet/posed_images/scene0462_00/00213.jpg",
      "transform_matrix": [
        [
          0.794469,
          0.087407,
          -0.600981,
          1.955826
        ],
        [
          0.605969,
          -0.179684,
          0.774929,
          4.110441
        ],
        [
          -0.040253,
          -0.979834,
          -0.195719,
          1.518344
        ],
        [
          0.0,
          0.0,
          0.0,
          1.0
        ]
      ]
    },
    {
      "file_path": "/media/NFS/ttao/scannet/posed_images/scene0462_00/00215.jpg",
      "transform_matrix": [
        [
          0.786567,
          0.120233,
          -0.605687,
          1.945237
        ],
        [
          0.616426,
          -0.210852,
          0.758657,
          4.130227
        ],
        [
          -0.036494,
          -0.970096,
          -0.239964,
          1.499889
        ],
        [
          0.0,
          0.0,
          0.0,
          1.0
        ]
      ]
    },
    {
      "file_path": "/media/NFS/ttao/scannet/posed_images/scene0462_00/00222.jpg",
      "transform_matrix": [
        [
          0.743803,
          0.231968,
          -0.626856,
          1.914793
        ],
        [
          0.668186,
          -0.281754,
          0.68858,
          4.17739
        ],
        [
          -0.016891,
          -0.931024,
          -0.364567,
          1.442451
        ],
        [
          0.0,
          0.0,
          0.0,
          1.0
        ]
      ]
    },
    {
      "file_path": "/media/NFS/ttao/scannet/posed_images/scene0462_00/00223.jpg",
      "transform_matrix": [
        [
          0.729742,
          0.240225,
          -0.640131,
          1.916979
        ],
        [
          0.683467,
          -0.281899,
          0.673354,
          4.184188
        ],
        [
          -0.018696,
          -0.928883,
          -0.3699,
          1.435315
        ],
        [
          0.0,
          0.0,
          0.0,
          1.0
        ]
      ]
    },
    {
      "file_path": "/media/NFS/ttao/scannet/posed_images/scene0462_00/00230.jpg",
      "transform_matrix": [
        [
          0.621275,
          0.345614,
          -0.703255,
          1.944119
        ],
        [
          0.782827,
          -0.313411,
          0.537546,
          4.231977
        ],
        [
          -0.034624,
          -0.884491,
          -0.465271,
          1.39307
        ],
        [
          0.0,
          0.0,
          0.0,
          1.0
        ]
      ]
    },
    {
      "file_path": "/media/NFS/ttao/scannet/posed_images/scene0462_00/00233.jpg",
      "transform_matrix": [
        [
          0.565775,
          0.39282,
          -0.724977,
          1.966075
        ],
        [
          0.824295,
          -0.291712,
          0.485223,
          4.247656
        ],
        [
          -0.020879,
          -0.872122,
          -0.488843,
          1.373609
        ],
        [
          0.0,
          0.0,
          0.0,
          1.0
        ]
      ]
    },
    {
      "file_path": "/media/NFS/ttao/scannet/posed_images/scene0462_00/00235.jpg",
      "transform_matrix": [
        [
          0.533039,
          0.417635,
          -0.735833,
          1.980102
        ],
        [
          0.845944,
          -0.279241,
          0.454316,
          4.258381
        ],
        [
          -0.015736,
          -0.864642,
          -0.502142,
          1.363756
        ],
        [
          0.0,
          0.0,
          0.0,
          1.0
        ]
      ]
    },
    {
      "file_path": "/media/NFS/ttao/scannet/posed_images/scene0462_00/00241.jpg",
      "transform_matrix": [
        [
          0.414018,
          0.522291,
          -0.745521,
          2.02317
        ],
        [
          0.909838,
          -0.262633,
          0.321277,
          4.277096
        ],
        [
          -0.027999,
          -0.811317,
          -0.583935,
          1.345345
        ],
        [
          0.0,
          0.0,
          0.0,
          1.0
        ]
      ]
    },
    {
      "file_path": "/media/NFS/ttao/scannet/posed_images/scene0462_00/00245.jpg",
      "transform_matrix": [
        [
          0.35489,
          0.528422,
          -0.771248,
          2.053367
        ],
        [
          0.934165,
          -0.233315,
          0.27,
          4.264189
        ],
        [
          -0.037269,
          -0.816293,
          -0.576434,
          1.345871
        ],
        [
          0.0,
          0.0,
          0.0,
          1.0
        ]
      ]
    },
    {
      "file_path": "/media/NFS/ttao/scannet/posed_images/scene0462_00/00247.jpg",
      "transform_matrix": [
        [
          0.335668,
          0.526113,
          -0.781366,
          2.067827
        ],
        [
          0.941195,
          -0.221197,
          0.255391,
          4.253717
        ],
        [
          -0.038472,
          -0.821144,
          -0.569423,
          1.347143
        ],
        [
          0.0,
          0.0,
          0.0,
          1.0
        ]
      ]
    },
    {
      "file_path": "/media/NFS/ttao/scannet/posed_images/scene0462_00/00250.jpg",
      "transform_matrix": [
        [
          0.308853,
          0.526732,
          -0.791936,
          2.086301
        ],
        [
          0.950216,
          -0.206971,
          0.232921,
          4.234706
        ],
        [
          -0.04122,
          -0.824449,
          -0.564433,
          1.354518
        ],
        [
          0.0,
          0.0,
          0.0,
          1.0
        ]
      ]
    },
    {
      "file_path": "/media/NFS/ttao/scannet/posed_images/scene0462_00/00256.jpg",
      "transform_matrix": [
        [
          0.226691,
          0.567668,
          -0.791432,
          2.126868
        ],
        [
          0.973769,
          -0.148474,
          0.172422,
          4.174532
        ],
        [
          -0.019628,
          -0.809759,
          -0.586435,
          1.35037
        ],
        [
          0.0,
          0.0,
          0.0,
          1.0
        ]
      ]
    },
    {
      "file_path": "/media/NFS/ttao/scannet/posed_images/scene0462_00/00259.jpg",
      "transform_matrix": [
        [
          0.195153,
          0.568322,
          -0.799328,
          2.146806
        ],
        [
          0.980652,
          -0.12586,
          0.149936,
          4.148082
        ],
        [
          -0.015392,
          -0.813123,
          -0.581888,
          1.348925
        ],
        [
          0.0,
          0.0,
          0.0,
          1.0
        ]
      ]
    },
    {
      "file_path": "/media/NFS/ttao/scannet/posed_images/scene0462_00/00261.jpg",
      "transform_matrix": [
        [
          0.170315,
          0.565865,
          -0.806715,
          2.166205
        ],
        [
          0.985255,
          -0.111317,
          0.129926,
          4.132257
        ],
        [
          -0.01628,
          -0.816949,
          -0.57648,
          1.349787
        ],
        [
          0.0,
          0.0,
          0.0,
          1.0
        ]
      ]
    },
    {
      "file_path": "/media/NFS/ttao/scannet/posed_images/scene0462_00/00266.jpg",
      "transform_matrix": [
        [
          0.145418,
          0.533582,
          -0.833153,
          2.192795
        ],
        [
          0.989254,
          -0.091342,
          0.114165,
          4.112779
        ],
        [
          -0.015186,
          -0.840801,
          -0.541131,
          1.361536
        ],
        [
          0.0,
          0.0,
          0.0,
          1.0
        ]
      ]
    },
    {
      "file_path": "/media/NFS/ttao/scannet/posed_images/scene0462_00/00271.jpg",
      "transform_matrix": [
        [
          0.114793,
          0.4824,
          -0.868397,
          2.209046
        ],
        [
          0.993311,
          -0.066713,
          0.094246,
          4.101502
        ],
        [
          -0.012469,
          -0.873407,
          -0.486832,
          1.3855
        ],
        [
          0.0,
          0.0,
          0.0,
          1.0
        ]
      ]
    },
    {
      "file_path": "/media/NFS/ttao/scannet/posed_images/scene0462_00/00276.jpg",
      "transform_matrix": [
        [
          0.089386,
          0.420267,
          -0.902987,
          2.2188
        ],
        [
          0.995962,
          -0.045347,
          0.077484,
          4.108292
        ],
        [
          -0.008384,
          -0.906267,
          -0.422623,
          1.410178
        ],
        [
          0.0,
          0.0,
          0.0,
          1.0
        ]
      ]
    },
    {
      "file_path": "/media/NFS/ttao/scannet/posed_images/scene0462_00/00277.jpg",
      "transform_matrix": [
        [
          0.088636,
          0.408768,
          -0.908324,
          2.219766
        ],
        [
          0.996031,
          -0.043802,
          0.077483,
          4.11097
        ],
        [
          -0.008114,
          -0.911587,
          -0.411028,
          1.415171
        ],
        [
          0.0,
          0.0,
          0.0,
          1.0
        ]
      ]
    },
    {
      "file_path": "/media/NFS/ttao/scannet/posed_images/scene0462_00/00283.jpg",
      "transform_matrix": [
        [
          0.089388,
          0.316879,
          -0.944244,
          2.219889
        ],
        [
          0.995991,
          -0.02518,
          0.085837,
          4.128386
        ],
        [
          0.003424,
          -0.948132,
          -0.317859,
          1.463778
        ],
        [
          0.0,
          0.0,
          0.0,
          1.0
        ]
      ]
    },
    {
      "file_path": "/media/NFS/ttao/scannet/posed_images/scene0462_00/00286.jpg",
      "transform_matrix": [
        [
          0.086607,
          0.263594,
          -0.960738,
          2.220218
        ],
        [
          0.996239,
          -0.025578,
          0.08279,
          4.136206
        ],
        [
          -0.002751,
          -0.964295,
          -0.264818,
          1.494819
        ],
        [
          0.0,
          0.0,
          0.0,
          1.0
        ]
      ]
    },
    {
      "file_path": "/media/NFS/ttao/scannet/posed_images/scene0462_00/00288.jpg",
      "transform_matrix": [
        [
          0.080581,
          0.232672,
          -0.969211,
          2.221235
        ],
        [
          0.996746,
          -0.020528,
          0.077942,
          4.141498
        ],
        [
          -0.001761,
          -0.972339,
          -0.233569,
          1.513019
        ],
        [
          0.0,
          0.0,
          0.0,
          1.0
        ]
      ]
    },
    {
      "file_path": "/media/NFS/ttao/scannet/posed_images/scene0462_00/00292.jpg",
      "transform_matrix": [
        [
          0.068928,
          0.187031,
          -0.979933,
          2.213081
        ],
        [
          0.997622,
          -0.013342,
          0.067626,
          4.139964
        ],
        [
          -0.000426,
          -0.982263,
          -0.187506,
