{
  "frames": [
    {
      "file_path": "/media/NFS/ttao/scannet/posed_images/scene0558_01/00002.jpg",
      "transform_matrix": [
        [
          -0.934005,
          -0.186584,
          0.304667,
          5.434836
        ],
        [
          -0.357243,
          0.496365,
          -0.791201,
          4.242639
        ],
        [
          -0.0036,
          -0.847826,
          -0.530263,
          1.383293
        ],
        [
          0.0,
          0.0,
          0.0,
          1.0
        ]
      ]
    },
    {
      "file_path": "/media/NFS/ttao/scannet/posed_images/scene0558_01/00006.jpg",
      "transform_matrix": [
        [
          -0.934596,
          -0.191566,
          0.299722,
          5.430873
        ],
        [
          -0.355705,
          0.498385,
          -0.790624,
          4.238689
        ],
        [
          0.00208,
          -0.845526,
          -0.53393,
          1.383327
        ],
        [
          0.0,
          0.0,
          0.0,
          1.0
        ]
      ]
    },
    {
      "file_path": "/media/NFS/ttao/scannet/posed_images/scene0558_01/00009.jpg",
      "transform_matrix": [
        [
          -0.933297,
          -0.195308,
          0.301348,
          5.431675
        ],
        [
          -0.359077,
          0.497237,
          -0.789822,
          4.238945
        ],
        [
          0.004417,
          -0.845346,
          -0.5342,
          1.383641
        ],
        [
          0.0,
          0.0,
          0.0,
          1.0
        ]
      ]
    },
    {
      "file_path": "/media/NFS/ttao/scannet/posed_images/scene0558_01/00019.jpg",
      "transform_matrix": [
        [
          -0.918837,
          -0.190038,
          0.345867,
          5.42163
        ],
        [
          -0.394597,
          0.429893,
          -0.812087,
          4.235135
        ],
        [
          0.005642,
          -0.882654,
          -0.46999,
          1.413942
        ],
        [
          0.0,
          0.0,
          0.0,
          1.0
        ]
      ]
    },
    {
      "file_path": "/media/NFS/ttao/scannet/posed_images/scene0558_01/00023.jpg",
      "transform_matrix": [
        [
          -0.9165,
          -0.183734,
          0.355345,
          5.423174
        ],
        [
          -0.399993,
          0.407935,
          -0.820728,
          4.240778
        ],
        [
          0.005838,
          -0.894332,
          -0.447365,
          1.41966
        ],
        [
          0.0,
          0.0,
          0.0,
          1.0
        ]
      ]
    },
    {
      "file_path": "/media/NFS/ttao/scannet/posed_images/scene0558_01/00028.jpg",
      "transform_matrix": [
        [
          -0.914916,
          -0.181244,
          0.360666,
          5.420085
        ],
        [
          -0.403525,
          0.388867,
          -0.828221,
          4.236864
        ],
        [
          0.009859,
          -0.90329,
          -0.428917,
          1.425466
        ],
        [
          0.0,
          0.0,
          0.0,
          1.0
        ]
      ]
    },
    {
      "file_path": "/media/NFS/ttao/scannet/posed_images/scene0558_01/00030.jpg",
      "transform_matrix": [
        [
          -0.913647,
          -0.183068,
          0.362953,
          5.417984
        ],
        [
          -0.406317,
          0.383921,
          -0.829163,
          4.236702
        ],
        [
          0.012448,
          -0.905036,
          -0.425152,
          1.423173
        ],
        [
          0.0,
          0.0,
          0.0,
          1.0
        ]
      ]
    },
    {
      "file_path": "/media/NFS/ttao/scannet/posed_images/scene0558_01/00039.jpg",
      "transform_matrix": [
        [
          -0.906988,
          -0.168682,
          0.385901,
          5.428047
        ],
        [
          -0.421147,
          0.356789,
          -0.833869,
          4.23666
        ],
        [
          0.002974,
          -0.918829,
          -0.394644,
          1.438581
        ],
        [
          0.0,
          0.0,
          0.0,
          1.0
        ]
      ]
    },
    {
      "file_path": "/media/NFS/ttao/scannet/posed_images/scene0558_01/00043.jpg",
      "transform_matrix": [
        [
          -0.906694,
          -0.153384,
          0.392912,
          5.424326
        ],
        [
          -0.42178,
          0.323461,
          -0.847039,
          4.240482
        ],
        [
          0.002831,
          -0.933727,
          -0.357974,
          1.449909
        ],
        [
          0.0,
          0.0,
          0.0,
          1.0
        ]
      ]
    },
    {
      "file_path": "/media/NFS/ttao/scannet/posed_images/scene0558_01/00047.jpg",
      "transform_matrix": [
        [
          -0.902776,
          -0.151474,
          0.402556,
          5.422598
        ],
        [
          -0.430105,
          0.312797,
          -0.846858,
          4.241584
        ],
        [
          0.002359,
          -0.937664,
          -0.347535,
          1.449819
        ],
        [
          0.0,
          0.0,
          0.0,
          1.0
        ]
      ]
    },
    {
      "file_path": "/media/NFS/ttao/scannet/posed_images/scene0558_01/00053.jpg",
      "transform_matrix": [
        [
          -0.897364,
          -0.162026,
          0.41047,
          5.416462
        ],
        [
          -0.441186,
          0.349739,
          -0.826461,
          4.239024
        ],
        [
          -0.009649,
          -0.92273,
          -0.385326,
          1.428627
        ],
        [
          0.0,
          0.0,
          0.0,
          1.0
        ]
      ]
    },
    {
      "file_path": "/media/NFS/ttao/scannet/posed_images/scene0558_01/00059.jpg",
      "transform_matrix": [
        [
          -0.895029,
          -0.200133,
          0.398586,
          5.423079
        ],
        [
          -0.445945,
          0.416653,
          -0.79217,
          4.233585
        ],
        [
          -0.007533,
          -0.886762,
          -0.462164,
          1.398488
        ],
        [
          0.0,
          0.0,
          0.0,
          1.0
        ]
      ]
    },
    {
      "file_path": "/media/NFS/ttao/scannet/posed_images/scene0558_01/00062.jpg",
      "transform_matrix": [
        [
          -0.89198,
          -0.22726,
          0.3908,
          5.422943
        ],
        [
          -0.452073,
          0.446593,
          -0.77213,
          4.234572
        ],
        [
          0.000946,
          -0.865395,
          -0.50109,
          1.375541
        ],
        [
          0.0,
          0.0,
          0.0,
          1.0
        ]
      ]
    },
    {
      "file_path": "/media/NFS/ttao/scannet/posed_images/scene0558_01/00067.jpg",
      "transform_matrix": [
        [
          -0.889165,
          -0.274591,
          0.36604,
          5.428933
        ],
        [
          -0.457435,
          0.512766,
          -0.726515,
          4.230074
        ],
        [
          0.011801,
          -0.813431,
          -0.581541,
          1.33409
        ],
        [
          0.0,
          0.0,
          0.0,
          1.0
        ]
      ]
    },
    {
      "file_path": "/media/NFS/ttao/scannet/posed_images/scene0558_01/00075.jpg",
      "transform_matrix": [
        [
          -0.873611,
          -0.328682,
          0.358848,
          5.42583
        ],
        [
          -0.486616,
          0.585683,
          -0.648213,
          4.219823
        ],
        [
          0.002885,
          -0.740907,
          -0.671601,
          1.279388
        ],
        [
          0.0,
          0.0,
          0.0,
          1.0
        ]
      ]
    },
    {
      "file_path": "/media/NFS/ttao/scannet/posed_images/scene0558_01/00081.jpg",
      "transform_matrix": [
        [
          -0.856161,
          -0.364435,
          0.366299,
          5.423058
        ],
        [
          -0.516671,
          0.612352,
          -0.598395,
          4.210779
        ],
        [
          -0.006228,
          -0.701579,
          -0.712565,
          1.259536
        ],
        [
          0.0,
          0.0,
          0.0,
          1.0
        ]
      ]
    },
    {
      "file_path": "/media/NFS/ttao/scannet/posed_images/scene0558_01/00082.jpg",
      "transform_matrix": [
        [
          -0.852821,
          -0.368666,
          0.369841,
          5.423494
        ],
        [
          -0.522147,
          0.612438,
          -0.593534,
          4.206316
        ],
        [
          -0.007689,
          -0.69929,
          -0.714797,
          1.262997
        ],
        [
          0.0,
          0.0,
          0.0,
          1.0
        ]
      ]
    },
    {
      "file_path": "/media/NFS/ttao/scannet/posed_images/scene0558_01/00087.jpg",
      "transform_matrix": [
        [
          -0.826573,
          -0.370132,
          0.424005,
          5.426751
        ],
        [
          -0.562787,
          0.552828,
          -0.614533,
          4.201658
        ],
        [
          -0.006944,
          -0.746581,
          -0.665258,
          1.295886
        ],
        [
          0.0,
          0.0,
          0.0,
          1.0
        ]
      ]
    },
    {
      "file_path": "/media/NFS/ttao/scannet/posed_images/scene0558_01/00093.jpg",
      "transform_matrix": [
        [
          -0.793386,
          -0.353172,
          0.495791,
          5.428139
        ],
        [
          -0.608637,
          0.473657,
          -0.636561,
          4.209071
        ],
        [
          -0.010019,
          -0.806795,
          -0.590746,
          1.34038
        ],
        [
          0.0,
          0.0,
          0.0,
          1.0
        ]
      ]
    },
    {
      "file_path": "/media/NFS/ttao/scannet/posed_images/scene0558_01/00101.jpg",
      "transform_matrix": [
        [
          -0.752764,
          -0.361504,
          0.550147,
          5.430233
        ],
        [
          -0.658267,
          0.406272,
          -0.633741,
          4.213597
        ],
        [
          0.00559,
          -0.839201,
          -0.543793,
          1.369285
        ],
        [
          0.0,
          0.0,
          0.0,
          1.0
        ]
      ]
    },
    {
      "file_path": "/media/NFS/ttao/scannet/posed_images/scene0558_01/00102.jpg",
      "transform_matrix": [
        [
          -0.749934,
          -0.361104,
          0.554259,
          5.432538
        ],
        [
          -0.661483,
          0.401363,
          -0.63352,
          4.215363
        ],
        [
          0.006307,
          -0.841731,
          -0.53986,
          1.373072
        ],
        [
          0.0,
          0.0,
          0.0,
          1.0
        ]
      ]
    },
    {
      "file_path": "/media/NFS/ttao/scannet/posed_images/scene0558_01/00107.jpg",
      "transform_matrix": [
        [
          -0.730472,
          -0.360918,
          0.579783,
          5.438162
        ],
        [
          -0.682922,
          0.379474,
          -0.624193,
          4.226267
        ],
        [
          0.00527,
          -0.851902,
          -0.523674,
          1.374095
        ],
        [
          0.0,
          0.0,
          0.0,
          1.0
        ]
      ]
    },
    {
      "file_path": "/media/NFS/ttao/scannet/posed_images/scene0558_01/00115.jpg",
      "transform_matrix": [
        [
          -0.721343,
          -0.421548,
          0.54951,
          5.465511
        ],
        [
          -0.69234,
          0.418124,
          -0.588079,
          4.249094
        ],
        [
          0.01814,
          -0.804655,
          -0.593466,
          1.333411
        ],
        [
          0.0,
          0.0,
          0.0,
          1.0
        ]
      ]
    },
    {
      "file_path": "/media/NFS/ttao/scannet/posed_images/scene0558_01/00118.jpg",
      "transform_matrix": [
        [
          -0.725004,
          -0.447109,
          0.523891,
          5.479215
        ],
        [
          -0.688184,
          0.43961,
          -0.577187,
          4.264627
        ],
        [
          0.027758,
          -0.778997,
          -0.626413,
          1.312275
        ],
        [
          0.0,
          0.0,
          0.0,
          1.0
        ]
      ]
    },
    {
      "file_path": "/media/NFS/ttao/scannet/posed_images/scene0558_01/00126.jpg",
      "transform_matrix": [
        [
          -0.728863,
          -0.504753,
          0.462584,
          5.515573
        ],
        [
          -0.682499,
          0.482002,
          -0.549427,
          4.302727
        ],
        [
          0.054358,
          -0.716169,
          -0.695807,
          1.260078
        ],
        [
          0.0,
          0.0,
          0.0,
          1.0
        ]
      ]
    },
    {
      "file_path": "/media/NFS/ttao/scannet/posed_images/scene0558_01/00130.jpg",
      "transform_matrix": [
        [
          -0.740856,
          -0.504107,
          0.443856,
          5.524642
        ],
        [
          -0.670309,
          0.51297,
          -0.536234,
          4.316832
        ],
        [
          0.042634,
          -0.694793,
          -0.717945,
          1.250147
        ],
        [
          0.0,
          0.0,
          0.0,
          1.0
        ]
      ]
    },
    {
      "file_path": "/media/NFS/ttao/scannet/posed_images/scene0558_01/00134.jpg",
      "transform_matrix": [
        [
          -0.738945,
          -0.504947,
          0.446081,
          5.537789
        ],
        [
          -0.672419,
          0.510845,
          -0.535622,
          4.323407
        ],
        [
          0.042582,
          -0.695748,
          -0.717022,
          1.258325
        ],
        [
          0.0,
          0.0,
          0.0,
          1.0
        ]
      ]
    },
    {
      "file_path": "/media/NFS/ttao/scannet/posed_images/scene0558_01/00141.jpg",
      "transform_matrix": [
        [
          -0.708417,
          -0.448253,
          0.545174,
          5.554523
        ],
        [
          -0.705365,
          0.422714,
          -0.56901,
          4.341175
        ],
        [
          0.024608,
          -0.787643,
          -0.61564,
          1.312109
        ],
        [
          0.0,
          0.0,
          0.0,
          1.0
        ]
      ]
    },
    {
      "file_path": "/media/NFS/ttao/scannet/posed_images/scene0558_01/00144.jpg",
      "transform_matrix": [
        [
          -0.686953,
          -0.435104,
          0.582049,
          5.5625
        ],
        [
          -0.726444,
          0.389816,
          -0.56597,
          4.341752
        ],
        [
          0.019363,
          -0.81162,
          -0.583864,
          1.326565
        ],
        [
          0.0,
          0.0,
          0.0,
          1.0
        ]
      ]
    },
    {
      "file_path": "/media/NFS/ttao/scannet/posed_images/scene0558_01/00152.jpg",
      "transform_matrix": [
        [
          -0.582433,
          -0.467932,
          0.664689,
          5.573528
        ],
        [
          -0.812696,
          0.317854,
          -0.488358,
          4.347908
        ],
        [
          0.017244,
          -0.824626,
          -0.565415,
          1.318289
        ],
        [
          0.0,
          0.0,
          0.0,
          1.0
        ]
      ]
    },
    {
      "file_path": "/media/NFS/ttao/scannet/posed_images/scene0558_01/00154.jpg",
      "transform_matrix": [
        [
          -0.544251,
          -0.481852,
          0.686738,
          5.573286
        ],
        [
          -0.838808,
          0.299054,
          -0.454937,
          4.343986
        ],
        [
          0.01384,
          -0.823642,
          -0.566942,
          1.314649
        ],
        [
          0.0,
          0.0,
          0.0,
          1.0
        ]
      ]
    },
    {
      "file_path": "/media/NFS/ttao/scannet/posed_images/scene0558_01/00163.jpg",
      "transform_matrix": [
        [
          -0.383779,
          -0.609514,
          0.69369,
          5.569705
        ],
        [
          -0.92328,
          0.239963,
          -0.299952,
          4.310505
        ],
        [
          0.016365,
          -0.755586,
          -0.654845,
          1.268664
        ],
        [
          0.0,
          0.0,
          0.0,
          1.0
        ]
      ]
    },
    {
      "file_path": "/media/NFS/ttao/scannet/posed_images/scene0558_01/00165.jpg",
      "transform_matrix": [
        [
          -0.366238,
          -0.62757,
          0.687041,
          5.566072
        ],
        [
          -0.930387,
          0.234443,
          -0.281808,
          4.300848
        ],
        [
          0.015782,
          -0.742423,
          -0.669746,
          1.255579
        ],
        [
          0.0,
          0.0,
          0.0,
          1.0
        ]
      ]
    },
    {
      "file_path": "/media/NFS/ttao/scannet/posed_images/scene0558_01/00171.jpg",
      "transform_matrix": [
        [
          -0.31489,
          -0.66972,
          0.672547,
          5.556985
        ],
        [
          -0.948942,
          0.208093,
          -0.237081,
          4.279175
        ],
        [
          0.018826,
          -0.712863,
          -0.701051,
          1.226881
        ],
        [
          0.0,
          0.0,
          0.0,
          1.0
        ]
      ]
    },
    {
      "file_path": "/media/NFS/ttao/scannet/posed_images/scene0558_01/00175.jpg",
      "transform_matrix": [
        [
          -0.285719,
          -0.687371,
          0.667747,
          5.555143
        ],
        [
          -0.958311,
          0.203357,
          -0.200714,
          4.273664
        ],
        [
          0.002174,
          -0.697257,
          -0.716818,
          1.224251
        ],
        [
          0.0,
          0.0,
          0.0,
          1.0
        ]
      ]
    },
    {
      "file_path": "/media/NFS/ttao/scannet/posed_images/scene0558_01/00180.jpg",
      "transform_matrix": [
        [
          -0.224738,
          -0.661987,
          0.715028,
          5.560374
        ],
        [
          -0.974394,
          0.157978,
          -0.159998,
          4.278193
        ],
        [
          -0.007042,
          -0.732677,
          -0.68054,
          1.255859
        ],
        [
          0.0,
          0.0,
          0.0,
          1.0
        ]
      ]
    },
    {
      "file_path": "/media/NFS/ttao/scannet/posed_images/scene0558_01/00189.jpg",
      "transform_matrix": [
        [
          -0.12466,
          -0.542312,
          0.830877,
          5.557976
        ],
        [
          -0.992093,
          0.055885,
          -0.112371,
          4.30502
        ],
        [
          0.014506,
          -0.838316,
          -0.544991,
          1.320164
        ],
        [
          0.0,
          0.0,
          0.0,
          1.0
        ]
      ]
    },
    {
      "file_path": "/media/NFS/ttao/scannet/posed_images/scene0558_01/00194.jpg",
      "transform_matrix": [
        [
          -0.062731,
          -0.467363,
          0.881837,
          5.536517
        ],
        [
          -0.997912,
          0.015728,
          -0.062652,
          4.323518
        ],
        [
          0.015412,
          -0.883926,
          -0.467373,
          1.321236
        ],
        [
          0.0,
          0.0,
          0.0,
          1.0
        ]
      ]
    },
    {
      "file_path": "/media/NFS/ttao/scannet/posed_images/scene0558_01/00197.jpg",
      "transform_matrix": [
        [
          -0.032382,
          -0.442566,
          0.896151,
          5.52773
        ],
        [
          -0.999289,
          -0.002975,
          -0.037578,
          4.336752
        ],
        [
          0.019297,
          -0.896731,
          -0.442156,
          1.330784
        ],
        [
          0.0,
          0.0,
          0.0,
          1.0
        ]
      ]
    },
    {
      "file_path": "/media/NFS/ttao/scannet/posed_images/scene0558_01/00200.jpg",
      "transform_matrix": [
        [
          -0.007099,
          -0.463486,
          0.886076,
          5.524367
        ],
        [
          -0.999879,
          -0.008967,
          -0.0127,
          4.348918
        ],
        [
          0.013831,
          -0.886059,
          -0.463366,
          1.33314
        ],
        [
          0.0,
          0.0,
          0.0,
          1.0
        ]
      ]
    },
    {
      "file_path": "/media/NFS/ttao/scannet/posed_images/scene0558_01/00208.jpg",
      "transform_matrix": [
        [
          0.056665,
          -0.556593,
          0.82885,
          5.515644
        ],
        [
          -0.998299,
          -0.043004,
          0.039371,
          4.390668
        ],
        [
          0.013731,
          -0.829671,
          -0.558083,
          1.300707
        ],
        [
          0.0,
          0.0,
          0.0,
          1.0
        ]
      ]
    },
    {
      "file_path": "/media/NFS/ttao/scannet/posed_images/scene0558_01/00211.jpg",
      "transform_matrix": [
        [
          0.078806,
          -0.601666,
          0.794851,
          5.513368
        ],
        [
          -0.996797,
          -0.058476,
          0.054564,
          4.411613
        ],
        [
          0.013651,
          -0.796604,
          -0.604347,
          1.275647
        ],
        [
          0.0,
          0.0,
          0.0,
          1.0
        ]
      ]
    },
    {
      "file_path": "/media/NFS/ttao/scannet/posed_images/scene0558_01/00221.jpg",
      "transform_matrix": [
        [
          0.156872,
          -0.658838,
          0.735747,
          5.487163
        ],
        [
          -0.987541,
          -0.114031,
          0.108447,
          4.481554
        ],
        [
          0.012449,
          -0.743592,
          -0.668517,
          1.253898
        ],
        [
          0.0,
          0.0,
          0.0,
          1.0
        ]
      ]
    },
    {
      "file_path": "/media/NFS/ttao/scannet/posed_images/scene0558_01/00222.jpg",
      "transform_matrix": [
        [
          0.163826,
          -0.654757,
          0.737871,
          5.48582
        ],
        [
          -0.986431,
          -0.116854,
          0.115321,
          4.488406
        ],
        [
          0.010716,
          -0.746752,
          -0.665017,
          1.258701
        ],
        [
          0.0,
          0.0,
          0.0,
          1.0
        ]
      ]
    },
    {
      "file_path": "/media/NFS/ttao/scannet/posed_images/scene0558_01/00227.jpg",
      "transform_matrix": [
        [
          0.196153,
          -0.59662,
          0.778183,
          5.474069
        ],
        [
          -0.9805,
          -0.129041,
          0.148217,
          4.524341
        ],
        [
          0.011988,
          -0.792081,
          -0.610298,
          1.292554
        ],
        [
          0.0,
          0.0,
          0.0,
          1.0
        ]
      ]
    },
    {
      "file_path": "/media/NFS/ttao/scannet/posed_images/scene0558_01/00236.jpg",
      "transform_matrix": [
        [
          0.269509,
          -0.488516,
          0.82989,
          5.438841
        ],
        [
          -0.962997,
          -0.135846,
          0.23277,
          4.581324
        ],
        [
          -0.000975,
          -0.861915,
          -0.507051,
          1.334972
        ],
        [
          0.0,
          0.0,
          0.0,
          1.0
        ]
      ]
    },
    {
      "file_path": "/media/NFS/ttao/scannet/posed_images/scene0558_01/00241.jpg",
      "transform_matrix": [
        [
          0.315458,
          -0.445757,
          0.837727,
          5.422513
        ],
        [
          -0.948893,
          -0.139456,
          0.283114,
          4.609716
        ],
        [
          -0.009374,
          -0.884224,
          -0.466969,
          1.34657
        ],
        [
          0.0,
          0.0,
          0.0,
          1.0
        ]
      ]
    },
    {
      "file_path": "/media/NFS/ttao/scannet/posed_images/scene0558_01/00242.jpg",
      "transform_matrix": [
        [
          0.329422,
          -0.44478,
          0.832857,
          5.420242
        ],
        [
          -0.944122,
          -0.145214,
          0.295881,
          4.615483
        ],
        [
          -0.01066,
          -0.883789,
          -0.467764,
          1.346699
        ],
        [
          0.0,
          0.0,
          0.0,
          1.0
        ]
      ]
    },
    {
      "file_path": "/media/NFS/ttao/scannet/posed_images/scene0558_01/00252.jpg",
      "transform_matrix": [
        [
          0.498319,
          -0.482672,
          0.720213,
          5.428275
        ],
        [
          -0.866989,
          -0.274763,
          0.415734,
          4.644967
        ],
        [
          -0.002775,
          -0.831585,
          -0.555391,
          1.288759
        ],
        [
          0.0,
          0.0,
          0.0,
          1.0
        ]
      ]
    },
    {
      "file_path": "/media/NFS/ttao/scannet/posed_images/scene0558_01/00255.jpg",
      "transform_matrix": [
        [
          0.535154,
          -0.486413,
          0.69066,
          5.440168
        ],
        [
          -0.844647,
          -0.32114,
          0.4283,
          4.646908
        ],
        [
          0.013468,
          -0.812571,
          -0.582707,
          1.275007
        ],
        [
          0.0,
          0.0,
          0.0,
          1.0
        ]
      ]
    },
    {
      "file_path": "/media/NFS/ttao/scannet/posed_images/scene0558_01/00258.jpg",
      "transform_matrix": [
        [
          0.574564,
          -0.485576,
          0.658857,
          5.4522
        ],
        [
          -0.818132,
          -0.363512,
          0.445555,
          4.644185
        ],
        [
          0.023152,
          -0.795032,
          -0.606126,
          1.256863
        ],
        [
          0.0,
          0.0,
          0.0,
          1.0
        ]
      ]
    },
    {
      "file_path": "/media/NFS/ttao/scannet/posed_images/scene0558_01/00262.jpg",
      "transform_matrix": [
        [
          0.630189,
          -0.478094,
          0.611792,
          5.465246
        ],
        [
          -0.775744,
          -0.421089,
          0.470005,
          4.641083
        ],
        [
          0.032912,
          -0.770786,
          -0.636244,
          1.237575
        ],
        [
          0.0,
          0.0,
          0.0,
          1.0
        ]
      ]
    },
    {
      "file_path": "/media/NFS/ttao/scannet/posed_images/scene0558_01/00272.jpg",
      "transform_matrix": [
        [
          0.758292,
          -0.373168,
          0.534544,
          5.474643
        ],
        [
          -0.651295,
          -0.469395,
          0.596225,
          4.652033
        ],
        [
          0.02842,
          -0.800259,
          -0.598981,
          1.278717
        ],
        [
          0.0,
          0.0,
          0.0,
          1.0
        ]
      ]
    },
    {
      "file_path": "/media/NFS/ttao/scannet/posed_images/scene0558_01/00273.jpg",
      "transform_matrix": [
        [
          0.766924,
          -0.356261,
          0.533765,
          5.473241
        ],
        [
          -0.640897,
          -0.467757,
          0.60865,
          4.654443
        ],
        [
          0.032834,
          -0.808877,
          -0.587061,
          1.287088
        ],
        [
          0.0,
          0.0,
          0.0,
          1.0
        ]
      ]
    },
    {
      "file_path": "/media/NFS/ttao/scannet/posed_images/scene0558_01/00283.jpg",
      "transform_matrix": [
        [
          0.828419,
          -0.273797,
          0.488628,
          5.442999
        ],
        [
          -0.560108,
          -0.406505,
          0.721825,
          4.683589
        ],
        [
          0.000997,
          -0.871658,
          -0.490113,
          1.344311
        ],
        [
          0.0,
          0.0,
          0.0,
          1.0
        ]
      ]
    },
    {
      "file_path": "/media/NFS/ttao/scannet/posed_images/scene0558_01/00287.jpg",
      "transform_matrix": [
        [
          0.846646,
          -0.240289,
          0.474818,
          5.418011
        ],
        [
          -0.531837,
          -0.412975,
          0.739325,
          4.701343
        ],
        [
          0.018436,
          -0.878472,
          -0.477438,
          1.349095
        ],
        [
          0.0,
          0.0,
          0.0,
          1.0
        ]
      ]
    },
    {
      "file_path": "/media/NFS/ttao/scannet/posed_images/scene0558_01/00289.jpg",
      "transform_matrix": [
        [
          0.855428,
          -0.236812,
          0.460612,
          5.40691
        ],
        [
          -0.517498,
          -0.426799,
          0.741646,
          4.71108
        ],
        [
          0.020958,
          -0.87279,
          -0.487645,
          1.343104
        ],
        [
          0.0,
          0.0,
          0.0,
          1.0
        ]
      ]
    },
    {
      "file_path": "/media/NFS/ttao/scannet/posed_images/scene0558_01/00297.jpg",
      "transform_matrix": [
        [
          0.91869,
          -0.211979,
          0.333277,
          5.37103
        ],
        [
          -0.393692,
          -0.55952,
          0.729345,
          4.745957
        ],
        [
          0.031869,
          -0.80125,
          -0.59748,
          1.271446
        ],
        [
          0.0,
          0.0,
          0.0,
          1.0
        ]
      ]
    },
    {
      "file_path": "/media/NFS/ttao/scannet/posed_images/scene0558_01/00300.jpg",
      "transform_matrix": [
        [
          0.943903,
          -0.175419,
          0.279776,
          5.35088
        ],
        [
          -0.328074,
          -0.594635,
          0.734014,
          4.757376
        ],
        [
          0.037605,
          -0.784626,
          -0.618828,
          1.245415
        ],
        [
          0.0,
          0.0,
          0.0,
          1.0
        ]
      ]
    },
    {
      "file_path": "/media/NFS/ttao/scannet/posed_images/scene0558_01/00306.jpg",
      "transform_matrix": [
        [
          0.981756,
          -0.112698,
          0.153146,
          5.346528
        ],
        [
          -0.189228,
          -0.658043,
          0.728815,
          4.774512
        ],
        [
          0.018641,
          -0.744499,
          -0.667364,
          1.22391
        ],
        [
          0.0,
          0.0,
          0.0,
          1.0
        ]
      ]
    },
    {
      "file_path": "/media/NFS/ttao/scannet/posed_images/scene0558_01/00309.jpg",
      "transform_matrix": [
        [
          0.992571,
          -0.060685,
          0.10545,
          5.34461
        ],
        [
          -0.118915,
          -0.667139,
          0.735381,
          4.782773
        ],
        [
          0.025723,
          -0.742458,
          -0.669399,
          1.225505
        ],
        [
          0.0,
          0.0,
          0.0,
          1.0
        ]
      ]
    },
    {
      "file_path": "/media/NFS/ttao/scannet/posed_images/scene0558_01/00317.jpg",
      "transform_matrix": [
        [
          0.998746,
          0.046915,
          0.017465,
          5.332394
        ],
        [
          0.014312,
          -0.60191,
          0.798435,
          4.795008
        ],
        [
          0.047971,
          -0.797185,
          -0.601827,
          1.272455
        ],
        [
          0.0,
          0.0,
          0.0,
          1.0
        ]
      ]
    },
    {
      "file_path": "/media/NFS/ttao/scannet/posed_images/scene0558_01/00323.jpg",
      "transform_matrix": [
        [
          0.99364,
          0.099713,
          -0.052322,
          5.322716
        ],
        [
          0.098223,
          -0.540254,
          0.83575,
          4.783713
        ],
        [
          0.055068,
          -0.835573,
          -0.546612,
          1.299696
        ],
        [
          0.0,
          0.0,
          0.0,
          1.0
        ]
      ]
    },
    {
      "file_path": "/media/NFS/ttao/scannet/posed_images/scene0558_01/00328.jpg",
      "transform_matrix": [
        [
          0.984648,
          0.135214,
          -0.110391,
          5.313918
        ],
        [
          0.164567,
          -0.508246,
          0.845342,
          4.76975
        ],
        [
          0.058196,
          -0.850531,
          -0.522695,
          1.313961
        ],
        [
          0.0,
          0.0,
          0.0,
          1.0
        ]
      ]
    },
    {
      "file_path": "/media/NFS/ttao/scannet/posed_images/scene0558_01/00331.jpg",
      "transform_matrix": [
        [
          0.98103,
          0.140496,
          -0.13357,
          5.303507
        ],
        [
          0.187721,
          -0.51652,
          0.835445,
          4.76518
        ],
        [
          0.048386,
          -0.84467,
          -0.533095,
          1.314799
        ],
        [
          0.0,
          0.0,
          0.0,
          1.0
        ]
      ]
    },
    {
      "file_path": "/media/NFS/ttao/scannet/posed_images/scene0558_01/00339.jpg",
      "transform_matrix": [
        [
          0.969996,
          0.170324,
          -0.173488,
          5.281821
        ],
        [
          0.240638,
          -0.570858,
          0.784993,
          4.754255
        ],
        [
          0.034666,
          -0.803188,
          -0.594717,
          1.28014
        ],
        [
          0.0,
          0.0,
          0.0,
          1.0
        ]
      ]
    },
    {
      "file_path": "/media/NFS/ttao/scannet/posed_images/scene0558_01/00343.jpg",
      "transform_matrix": [
        [
          0.967843,
          0.185299,
          -0.170131,
          5.263588
        ],
        [
          0.248194,
          -0.593196,
          0.765844,
          4.748207
        ],
        [
          0.040989,
          -0.783443,
          -0.620111,
          1.258128
        ],
        [
          0.0,
          0.0,
          0.0,
          1.0
        ]
      ]
    },
    {
      "file_path": "/media/NFS/ttao/scannet/posed_images/scene0558_01/00346.jpg",
      "transform_matrix": [
        [
          0.966869,
          0.193314,
          -0.166712,
          5.252316
        ],
        [
          0.251797,
          -0.614866,
          0.747353,
          4.748412
        ],
        [
          0.041969,
          -0.764571,
          -0.643172,
          1.245653
        ],
        [
          0.0,
          0.0,
          0.0,
          1.0
        ]
      ]
    },
    {
      "file_path": "/media/NFS/ttao/scannet/posed_images/scene0558_01/00351.jpg",
      "transform_matrix": [
        [
          0.963337,
          0.20612,
          -0.171745,
          5.229337
        ],
        [
          0.265401,
          -0.638359,
          0.722538,
          4.747143
        ],
        [
          0.039294,
          -0.741629,
          -0.669659,
          1.229955
        ],
        [
          0.0,
          0.0,
          0.0,
          1.0
        ]
      ]
    },
    {
      "file_path": "/media/NFS/ttao/scannet/posed_images/scene0558_01/00356.jpg",
      "transform_matrix": [
        [
          0.952856,
          0.231142,
          -0.196569,
          5.192873
        ],
        [
          0.299381,
          -0.610791,
          0.733012,
          4.742074
        ],
        [
          0.049367,
          -0.757303,
          -0.651195,
          1.243586
        ],
        [
          0.0,
          0.0,
          0.0,
          1.0
        ]
      ]
    },
    {
      "file_path": "/media/NFS/ttao/scannet/posed_images/scene0558_01/00365.jpg",
      "transform_matrix": [
        [
          0.90978,
          0.263383,
          -0.320827,
          5.092756
        ],
        [
          0.410722,
          -0.459352,
          0.787593,
          4.699716
        ],
        [
          0.060067,
          -0.848307,
          -0.526087,
          1.294722
        ],
        [
          0.0,
          0.0,
          0.0,
          1.0
        ]
      ]
    },
    {
      "file_path": "/media/NFS/ttao/scannet/posed_images/scene0558_01/00370.jpg",
      "transform_matrix": [
        [
          0.895062,
          0.254683,
          -0.366062,
          5.042857
        ],
        [
          0.442337,
          -0.402886,
          0.801262,
          4.677704
        ],
        [
          0.056587,
          -0.879102,
          -0.473263,
          1.31219
        ],
        [
          0.0,
          0.0,
          0.0,
          1.0
        ]
      ]
    },
    {
      "file_path": "/media/NFS/ttao/scannet/posed_images/scene0558_01/00376.jpg",
      "transform_matrix": [
        [
          0.880589,
          0.249609,
          -0.402813,
          4.999525
        ],
        [
          0.470532,
          -0.359672,
          0.805752,
          4.654214
        ],
        [
          0.056242,
          -0.899072,
          -0.434172,
          1.318716
        ],
        [
          0.0,
          0.0,
          0.0,
          1.0
        ]
      ]
    },
    {
      "file_path": "/media/NFS/ttao/scannet/posed_images/scene0558_01/00379.jpg",
      "transform_matrix": [
        [
          0.878107,
          0.262698,
          -0.399898,
          4.986041
        ],
        [
          0.474603,
          -0.372248,
          0.797612,
          4.652318
        ],
        [
          0.06067,
          -0.890181,
          -0.45155,
          1.307629
        ],
        [
          0.0,
          0.0,
          0.0,
          1.0
        ]
      ]
    },
    {
      "file_path": "/media/NFS/ttao/scannet/posed_images/scene0558_01/00382.jpg",
      "transform_matrix": [
        [
          0.872655,
          0.292537,
          -0.391017,
          4.971093
        ],
        [
          0.483598,
          -0.406417,
          0.775215,
          4.658247
        ],
        [
          0.067863,
          -0.865591,
          -0.496132,
          1.291554
        ],
        [
          0.0,
          0.0,
          0.0,
          1.0
        ]
      ]
    },
    {
      "file_path": "/media/NFS/ttao/scannet/posed_images/scene0558_01/00390.jpg",
      "transform_matrix": [
        [
          0.828761,
          0.364704,
          -0.424436,
          4.963429
        ],
        [
          0.557066,
          -0.465541,
          0.687713,
          4.682045
        ],
        [
          0.053219,
          -0.806389,
          -0.588986,
          1.234364
        ],
        [
          0.0,
          0.0,
          0.0,
          1.0
        ]
      ]
    },
    {
      "file_path": "/media/NFS/ttao/scannet/posed_images/scene0558_01/00393.jpg",
      "transform_matrix": [
        [
          0.797501,
          0.390991,
          -0.459476,
          4.96645
        ],
        [
          0.602445,
          -0.475144,
          0.641325,
          4.692389
        ],
        [
          0.032435,
          -0.788267,
          -0.614479,
          1.219147
        ],
        [
          0.0,
          0.0,
          0.0,
          1.0
        ]
      ]
    },
    {
      "file_path": "/media/NFS/ttao/scannet/posed_images/scene0558_01/00401.jpg",
      "transform_matrix": [
        [
          0.688345,
          0.463824,
          -0.557717,
          4.970667
        ],
        [
          0.72537,
          -0.444826,
          0.525327,
          4.730177
        ],
        [
          -0.004428,
          -0.766158,
          -0.642637,
