{
  "frames": [
    {
      "file_path": "/media/NFS/ttao/scannet/posed_images/scene0014_00/00000.jpg",
      "transform_matrix": [
        [
          -0.566304,
          -0.590941,
          0.574533,
          2.143516
        ],
        [
          -0.823945,
          0.423135,
          -0.376925,
          1.760119
        ],
        [
          -0.020365,
          -0.686838,
          -0.726526,
          1.343188
        ],
        [
          0.0,
          0.0,
          0.0,
          1.0
        ]
      ]
    },
    {
      "file_path": "/media/NFS/ttao/scannet/posed_images/scene0014_00/00010.jpg",
      "transform_matrix": [
        [
          -0.550269,
          -0.613306,
          0.566622,
          2.162347
        ],
        [
          -0.834934,
          0.411795,
          -0.365116,
          1.761463
        ],
        [
          -0.009404,
          -0.674004,
          -0.738668,
          1.351808
        ],
        [
          0.0,
          0.0,
          0.0,
          1.0
        ]
      ]
    },
    {
      "file_path": "/media/NFS/ttao/scannet/posed_images/scene0014_00/00017.jpg",
      "transform_matrix": [
        [
          -0.545857,
          -0.602792,
          0.581964,
          2.134419
        ],
        [
          -0.837844,
          0.398952,
          -0.372632,
          1.754544
        ],
        [
          -0.007557,
          -0.690999,
          -0.722817,
          1.359339
        ],
        [
          0.0,
          0.0,
          0.0,
          1.0
        ]
      ]
    },
    {
      "file_path": "/media/NFS/ttao/scannet/posed_images/scene0014_00/00029.jpg",
      "transform_matrix": [
        [
          -0.601266,
          -0.551302,
          0.578399,
          2.073283
        ],
        [
          -0.799045,
          0.412523,
          -0.437438,
          1.752055
        ],
        [
          0.002557,
          -0.725183,
          -0.688551,
          1.357173
        ],
        [
          0.0,
          0.0,
          0.0,
          1.0
        ]
      ]
    },
    {
      "file_path": "/media/NFS/ttao/scannet/posed_images/scene0014_00/00031.jpg",
      "transform_matrix": [
        [
          -0.640264,
          -0.52378,
          0.561887,
          2.073539
        ],
        [
          -0.768016,
          0.422606,
          -0.481202,
          1.740554
        ],
        [
          0.014587,
          -0.739634,
          -0.672851,
          1.358996
        ],
        [
          0.0,
          0.0,
          0.0,
          1.0
        ]
      ]
    },
    {
      "file_path": "/media/NFS/ttao/scannet/posed_images/scene0014_00/00038.jpg",
      "transform_matrix": [
        [
          -0.731582,
          -0.451587,
          0.510742,
          2.069675
        ],
        [
          -0.681707,
          0.47588,
          -0.55571,
          1.715599
        ],
        [
          0.007899,
          -0.754724,
          -0.655995,
          1.363983
        ],
        [
          0.0,
          0.0,
          0.0,
          1.0
        ]
      ]
    },
    {
      "file_path": "/media/NFS/ttao/scannet/posed_images/scene0014_00/00046.jpg",
      "transform_matrix": [
        [
          -0.800048,
          -0.406952,
          0.44081,
          2.087811
        ],
        [
          -0.599822,
          0.528293,
          -0.600933,
          1.696521
        ],
        [
          0.011674,
          -0.745183,
          -0.666758,
          1.367107
        ],
        [
          0.0,
          0.0,
          0.0,
          1.0
        ]
      ]
    },
    {
      "file_path": "/media/NFS/ttao/scannet/posed_images/scene0014_00/00060.jpg",
      "transform_matrix": [
        [
          -0.93668,
          -0.243374,
          0.251794,
          2.13227
        ],
        [
          -0.349601,
          0.608301,
          -0.712565,
          1.656321
        ],
        [
          0.020254,
          -0.755473,
          -0.654867,
          1.370394
        ],
        [
          0.0,
          0.0,
          0.0,
          1.0
        ]
      ]
    },
    {
      "file_path": "/media/NFS/ttao/scannet/posed_images/scene0014_00/00062.jpg",
      "transform_matrix": [
        [
          -0.948692,
          -0.219545,
          0.227558,
          2.137901
        ],
        [
          -0.315759,
          0.619779,
          -0.71845,
          1.650541
        ],
        [
          0.016697,
          -0.753441,
          -0.657303,
          1.373242
        ],
        [
          0.0,
          0.0,
          0.0,
          1.0
        ]
      ]
    },
    {
      "file_path": "/media/NFS/ttao/scannet/posed_images/scene0014_00/00072.jpg",
      "transform_matrix": [
        [
          -0.985953,
          -0.120961,
          0.115173,
          2.137152
        ],
        [
          -0.166384,
          0.651143,
          -0.740493,
          1.605674
        ],
        [
          0.014576,
          -0.749254,
          -0.662122,
          1.36809
        ],
        [
          0.0,
          0.0,
          0.0,
          1.0
        ]
      ]
    },
    {
      "file_path": "/media/NFS/ttao/scannet/posed_images/scene0014_00/00084.jpg",
      "transform_matrix": [
        [
          -0.995365,
          -0.030961,
          0.091045,
          2.13443
        ],
        [
          -0.087765,
          0.679466,
          -0.728438,
          1.530334
        ],
        [
          -0.039309,
          -0.733053,
          -0.679035,
          1.369304
        ],
        [
          0.0,
          0.0,
          0.0,
          1.0
        ]
      ]
    },
    {
      "file_path": "/media/NFS/ttao/scannet/posed_images/scene0014_00/00086.jpg",
      "transform_matrix": [
        [
          -0.99723,
          -0.012291,
          0.073359,
          2.140253
        ],
        [
          -0.062228,
          0.67812,
          -0.732312,
          1.51776
        ],
        [
          -0.040745,
          -0.734849,
          -0.677006,
          1.372325
        ],
        [
          0.0,
          0.0,
          0.0,
          1.0
        ]
      ]
    },
    {
      "file_path": "/media/NFS/ttao/scannet/posed_images/scene0014_00/00101.jpg",
      "transform_matrix": [
        [
          -0.986744,
          0.124213,
          -0.104437,
          2.290049
        ],
        [
          0.161874,
          0.707647,
          -0.687774,
          1.482128
        ],
        [
          -0.011526,
          -0.695563,
          -0.718373,
          1.361897
        ],
        [
          0.0,
          0.0,
          0.0,
          1.0
        ]
      ]
    },
    {
      "file_path": "/media/NFS/ttao/scannet/posed_images/scene0014_00/00105.jpg",
      "transform_matrix": [
        [
          -0.98241,
          0.140166,
          -0.12339,
          2.316137
        ],
        [
          0.1866,
          0.711381,
          -0.677582,
          1.481113
        ],
        [
          -0.007196,
          -0.688687,
          -0.725023,
          1.360721
        ],
        [
          0.0,
          0.0,
          0.0,
          1.0
        ]
      ]
    },
    {
      "file_path": "/media/NFS/ttao/scannet/posed_images/scene0014_00/00113.jpg",
      "transform_matrix": [
        [
          -0.983592,
          0.126769,
          -0.128362,
          2.331517
        ],
        [
          0.1804,
          0.697952,
          -0.693051,
          1.462915
        ],
        [
          0.001733,
          -0.704835,
          -0.709369,
          1.362073
        ],
        [
          0.0,
          0.0,
          0.0,
          1.0
        ]
      ]
    },
    {
      "file_path": "/media/NFS/ttao/scannet/posed_images/scene0014_00/00120.jpg",
      "transform_matrix": [
        [
          -0.980107,
          0.123765,
          -0.155153,
          2.342919
        ],
        [
          0.196149,
          0.72325,
          -0.662144,
          1.394621
        ],
        [
          0.030264,
          -0.679406,
          -0.733139,
          1.361346
        ],
        [
          0.0,
          0.0,
          0.0,
          1.0
        ]
      ]
    },
    {
      "file_path": "/media/NFS/ttao/scannet/posed_images/scene0014_00/00129.jpg",
      "transform_matrix": [
        [
          -0.976876,
          0.125986,
          -0.172747,
          2.380005
        ],
        [
          0.210432,
          0.709545,
          -0.672506,
          1.283217
        ],
        [
          0.037846,
          -0.693306,
          -0.719649,
          1.378029
        ],
        [
          0.0,
          0.0,
          0.0,
          1.0
        ]
      ]
    },
    {
      "file_path": "/media/NFS/ttao/scannet/posed_images/scene0014_00/00139.jpg",
      "transform_matrix": [
        [
          -0.96017,
          0.153991,
          -0.233152,
          2.417161
        ],
        [
          0.278871,
          0.580238,
          -0.765215,
          1.201501
        ],
        [
          0.017448,
          -0.799756,
          -0.600071,
          1.428971
        ],
        [
          0.0,
          0.0,
          0.0,
          1.0
        ]
      ]
    },
    {
      "file_path": "/media/NFS/ttao/scannet/posed_images/scene0014_00/00144.jpg",
      "transform_matrix": [
        [
          -0.957649,
          0.151682,
          -0.244746,
          2.423189
        ],
        [
          0.287576,
          0.546406,
          -0.7866,
          1.18726
        ],
        [
          0.014418,
          -0.823671,
          -0.566885,
          1.452386
        ],
        [
          0.0,
          0.0,
          0.0,
          1.0
        ]
      ]
    },
    {
      "file_path": "/media/NFS/ttao/scannet/posed_images/scene0014_00/00156.jpg",
      "transform_matrix": [
        [
          -0.963364,
          0.115047,
          -0.242269,
          2.40865
        ],
        [
          0.268172,
          0.425856,
          -0.864136,
          1.209382
        ],
        [
          0.003756,
          -0.897447,
          -0.441106,
          1.488577
        ],
        [
          0.0,
          0.0,
          0.0,
          1.0
        ]
      ]
    },
    {
      "file_path": "/media/NFS/ttao/scannet/posed_images/scene0014_00/00163.jpg",
      "transform_matrix": [
        [
          -0.962683,
          0.080204,
          -0.258474,
          2.398575
        ],
        [
          0.270114,
          0.34384,
          -0.89934,
          1.232956
        ],
        [
          0.016743,
          -0.935597,
          -0.352673,
          1.511749
        ],
        [
          0.0,
          0.0,
          0.0,
          1.0
        ]
      ]
    },
    {
      "file_path": "/media/NFS/ttao/scannet/posed_images/scene0014_00/00165.jpg",
      "transform_matrix": [
        [
          -0.96218,
          0.073166,
          -0.262404,
          2.394574
        ],
        [
          0.271749,
          0.325028,
          -0.90582,
          1.237264
        ],
        [
          0.019013,
          -0.94287,
          -0.332618,
          1.516234
        ],
        [
          0.0,
          0.0,
          0.0,
          1.0
        ]
      ]
    },
    {
      "file_path": "/media/NFS/ttao/scannet/posed_images/scene0014_00/00180.jpg",
      "transform_matrix": [
        [
          -0.965618,
          0.029754,
          -0.258256,
          2.360124
        ],
        [
          0.259824,
          0.143123,
          -0.954991,
          1.261258
        ],
        [
          0.008548,
          -0.989258,
          -0.145933,
          1.571919
        ],
        [
          0.0,
          0.0,
          0.0,
          1.0
        ]
      ]
    },
    {
      "file_path": "/media/NFS/ttao/scannet/posed_images/scene0014_00/00184.jpg",
      "transform_matrix": [
        [
          -0.967303,
          0.03213,
          -0.251582,
          2.357581
        ],
        [
          0.253616,
          0.114275,
          -0.960531,
          1.268474
        ],
        [
          -0.002112,
          -0.99293,
          -0.118687,
          1.580082
        ],
        [
          0.0,
          0.0,
          0.0,
          1.0
        ]
      ]
    },
    {
      "file_path": "/media/NFS/ttao/scannet/posed_images/scene0014_00/00192.jpg",
      "transform_matrix": [
        [
          -0.95271,
          0.037432,
          -0.301568,
          2.350606
        ],
        [
          0.30366,
          0.155243,
          -0.940048,
          1.260275
        ],
        [
          0.011629,
          -0.987167,
          -0.159268,
          1.574364
        ],
        [
          0.0,
          0.0,
          0.0,
          1.0
        ]
      ]
    },
    {
      "file_path": "/media/NFS/ttao/scannet/posed_images/scene0014_00/00204.jpg",
      "transform_matrix": [
        [
          -0.878897,
          0.077369,
          -0.470696,
          2.331469
        ],
        [
          0.47448,
          0.243343,
          -0.845963,
          1.201526
        ],
        [
          0.049089,
          -0.96685,
          -0.250584,
          1.54847
        ],
        [
          0.0,
          0.0,
          0.0,
          1.0
        ]
      ]
    },
    {
      "file_path": "/media/NFS/ttao/scannet/posed_images/scene0014_00/00208.jpg",
      "transform_matrix": [
        [
          -0.843293,
          0.084049,
          -0.530841,
          2.337087
        ],
        [
          0.534945,
          0.226583,
          -0.813937,
          1.174972
        ],
        [
          0.051869,
          -0.970359,
          -0.236038,
          1.548638
        ],
        [
          0.0,
          0.0,
          0.0,
          1.0
        ]
      ]
    },
    {
      "file_path": "/media/NFS/ttao/scannet/posed_images/scene0014_00/00218.jpg",
      "transform_matrix": [
        [
          -0.749351,
          0.124102,
          -0.650441,
          2.353332
        ],
        [
          0.658508,
          0.24288,
          -0.712304,
          1.106584
        ],
        [
          0.06958,
          -0.962086,
          -0.263724,
          1.53865
        ],
        [
          0.0,
          0.0,
          0.0,
          1.0
        ]
      ]
    },
    {
      "file_path": "/media/NFS/ttao/scannet/posed_images/scene0014_00/00225.jpg",
      "transform_matrix": [
        [
          -0.690913,
          0.15369,
          -0.706412,
          2.348313
        ],
        [
          0.715595,
          0.284302,
          -0.63804,
          1.072541
        ],
        [
          0.102774,
          -0.946336,
          -0.306408,
          1.532489
        ],
        [
          0.0,
          0.0,
          0.0,
          1.0
        ]
      ]
    },
    {
      "file_path": "/media/NFS/ttao/scannet/posed_images/scene0014_00/00230.jpg",
      "transform_matrix": [
        [
          -0.644306,
          0.171153,
          -0.74537,
          2.334504
        ],
        [
          0.757054,
          0.280815,
          -0.589925,
          1.065456
        ],
        [
          0.108344,
          -0.944378,
          -0.310503,
          1.524701
        ],
        [
          0.0,
          0.0,
          0.0,
          1.0
        ]
      ]
    },
    {
      "file_path": "/media/NFS/ttao/scannet/posed_images/scene0014_00/00242.jpg",
      "transform_matrix": [
        [
          -0.536112,
          0.183249,
          -0.824017,
          2.294305
        ],
        [
          0.838729,
          0.22605,
          -0.495414,
          1.072536
        ],
        [
          0.095485,
          -0.956724,
          -0.274885,
          1.536394
        ],
        [
          0.0,
          0.0,
          0.0,
          1.0
        ]
      ]
    },
    {
      "file_path": "/media/NFS/ttao/scannet/posed_images/scene0014_00/00247.jpg",
      "transform_matrix": [
        [
          -0.504526,
          0.176604,
          -0.845142,
          2.28225
        ],
        [
          0.858563,
          0.206052,
          -0.469481,
          1.080602
        ],
        [
          0.091231,
          -0.962473,
          -0.255584,
          1.539914
        ],
        [
          0.0,
          0.0,
          0.0,
          1.0
        ]
      ]
    },
    {
      "file_path": "/media/NFS/ttao/scannet/posed_images/scene0014_00/00254.jpg",
      "transform_matrix": [
        [
          -0.475632,
          0.178267,
          -0.861391,
          2.269822
        ],
        [
          0.876419,
          0.179813,
          -0.446718,
          1.090937
        ],
        [
          0.075254,
          -0.967413,
          -0.241761,
          1.537648
        ],
        [
          0.0,
          0.0,
          0.0,
          1.0
        ]
      ]
    },
    {
      "file_path": "/media/NFS/ttao/scannet/posed_images/scene0014_00/00266.jpg",
      "transform_matrix": [
        [
          -0.519416,
          0.230953,
          -0.82272,
          2.268657
        ],
        [
          0.85132,
          0.22312,
          -0.474838,
          1.11423
        ],
        [
          0.0739,
          -0.947036,
          -0.312508,
          1.506675
        ],
        [
          0.0,
          0.0,
          0.0,
          1.0
        ]
      ]
    },
    {
      "file_path": "/media/NFS/ttao/scannet/posed_images/scene0014_00/00273.jpg",
      "transform_matrix": [
        [
          -0.566399,
          0.280758,
          -0.774834,
          2.263424
        ],
        [
          0.822377,
          0.253854,
          -0.50917,
          1.160573
        ],
        [
          0.053741,
          -0.925599,
          -0.374672,
          1.47951
        ],
        [
          0.0,
          0.0,
          0.0,
          1.0
        ]
      ]
    },
    {
      "file_path": "/media/NFS/ttao/scannet/posed_images/scene0014_00/00278.jpg",
      "transform_matrix": [
        [
          -0.587149,
          0.322917,
          -0.742281,
          2.244395
        ],
        [
          0.808756,
          0.272752,
          -0.521075,
          1.209258
        ],
        [
          0.034194,
          -0.906273,
          -0.421307,
          1.469928
        ],
        [
          0.0,
          0.0,
          0.0,
          1.0
        ]
      ]
    },
    {
      "file_path": "/media/NFS/ttao/scannet/posed_images/scene0014_00/00288.jpg",
      "transform_matrix": [
        [
          -0.701052,
          0.344473,
          -0.624391,
          2.196355
        ],
        [
          0.711338,
          0.399495,
          -0.578275,
          1.291901
        ],
        [
          0.050241,
          -0.849554,
          -0.525104,
          1.433114
        ],
        [
          0.0,
          0.0,
          0.0,
          1.0
        ]
      ]
    },
    {
      "file_path": "/media/NFS/ttao/scannet/posed_images/scene0014_00/00300.jpg",
      "transform_matrix": [
        [
          -0.838184,
          0.321524,
          -0.440534,
          2.179298
        ],
        [
          0.544103,
          0.54838,
          -0.635005,
          1.249503
        ],
        [
          0.03741,
          -0.771947,
          -0.634585,
          1.393359
        ],
        [
          0.0,
          0.0,
          0.0,
          1.0
        ]
      ]
    },
    {
      "file_path": "/media/NFS/ttao/scannet/posed_images/scene0014_00/00307.jpg",
      "transform_matrix": [
        [
          -0.920125,
          0.253593,
          -0.298429,
          2.216041
        ],
        [
          0.391394,
          0.569355,
          -0.722942,
          1.17854
        ],
        [
          -0.013421,
          -0.782001,
          -0.623133,
          1.391033
        ],
        [
          0.0,
          0.0,
          0.0,
          1.0
        ]
      ]
    },
    {
      "file_path": "/media/NFS/ttao/scannet/posed_images/scene0014_00/00316.jpg",
      "transform_matrix": [
        [
          -0.973727,
          0.155415,
          -0.166441,
          2.171071
        ],
        [
          0.226794,
          0.596023,
          -0.770273,
          1.130751
        ],
        [
          -0.02051,
          -0.787783,
          -0.615611,
          1.38504
        ],
        [
          0.0,
          0.0,
          0.0,
          1.0
        ]
      ]
    },
    {
      "file_path": "/media/NFS/ttao/scannet/posed_images/scene0014_00/00323.jpg",
      "transform_matrix": [
        [
          -0.997411,
          0.067454,
          -0.024912,
          2.072384
        ],
        [
          0.061601,
          0.622822,
          -0.779934,
          1.119237
        ],
        [
          -0.037094,
          -0.77945,
          -0.625365,
          1.378317
        ],
        [
          0.0,
          0.0,
          0.0,
          1.0
        ]
      ]
    },
    {
      "file_path": "/media/NFS/ttao/scannet/posed_images/scene0014_00/00328.jpg",
      "transform_matrix": [
        [
          -0.998867,
          0.008927,
          0.046738,
          1.970097
        ],
        [
          -0.028436,
          0.675566,
          -0.73675,
          1.114641
        ],
        [
          -0.038152,
          -0.737245,
          -0.674548,
          1.371496
        ],
        [
          0.0,
          0.0,
          0.0,
          1.0
        ]
      ]
    },
    {
      "file_path": "/media/NFS/ttao/scannet/posed_images/scene0014_00/00335.jpg",
      "transform_matrix": [
        [
          -0.992123,
          -0.032974,
          0.120852,
          1.848746
        ],
        [
          -0.110153,
          0.68907,
          -0.716275,
          1.09438
        ],
        [
          -0.059657,
          -0.723945,
          -0.687274,
          1.365276
        ],
        [
          0.0,
          0.0,
          0.0,
          1.0
        ]
      ]
    },
    {
      "file_path": "/media/NFS/ttao/scannet/posed_images/scene0014_00/00347.jpg",
      "transform_matrix": [
        [
          -0.985242,
          -0.045816,
          0.164919,
          1.699887
        ],
        [
          -0.156192,
          0.634748,
          -0.756769,
          1.091055
        ],
        [
          -0.07001,
          -0.77136,
          -0.632537,
          1.356124
        ],
        [
          0.0,
          0.0,
          0.0,
          1.0
        ]
      ]
    },
    {
      "file_path": "/media/NFS/ttao/scannet/posed_images/scene0014_00/00350.jpg",
      "transform_matrix": [
        [
          -0.989375,
          -0.05363,
          0.135131,
          1.679786
        ],
        [
          -0.13883,
          0.624452,
          -0.768626,
          1.089607
        ],
        [
          -0.043161,
          -0.77922,
          -0.625263,
          1.354764
        ],
        [
          0.0,
          0.0,
          0.0,
          1.0
        ]
      ]
    },
    {
      "file_path": "/media/NFS/ttao/scannet/posed_images/scene0014_00/00364.jpg",
      "transform_matrix": [
        [
          -0.997752,
          -0.044846,
          -0.049791,
          1.63147
        ],
        [
          0.00475,
          0.693844,
          -0.720109,
          1.016201
        ],
        [
          0.066841,
          -0.718728,
          -0.692072,
          1.335649
        ],
        [
          0.0,
          0.0,
          0.0,
          1.0
        ]
      ]
    },
    {
      "file_path": "/media/NFS/ttao/scannet/posed_images/scene0014_00/00367.jpg",
      "transform_matrix": [
        [
          -0.999378,
          -0.031303,
          -0.016226,
          1.613018
        ],
        [
          -0.009717,
          0.686898,
          -0.726689,
          1.011031
        ],
        [
          0.033893,
          -0.72608,
          -0.686775,
          1.3313
        ],
        [
          0.0,
          0.0,
          0.0,
          1.0
        ]
      ]
    },
    {
      "file_path": "/media/NFS/ttao/scannet/posed_images/scene0014_00/00374.jpg",
      "transform_matrix": [
        [
          -0.999858,
          -0.015708,
          -0.006048,
          1.553035
        ],
        [
          -0.00655,
          0.69412,
          -0.719829,
          1.002735
        ],
        [
          0.015505,
          -0.719688,
          -0.694125,
          1.32087
        ],
        [
          0.0,
          0.0,
          0.0,
          1.0
        ]
      ]
    },
    {
      "file_path": "/media/NFS/ttao/scannet/posed_images/scene0014_00/00386.jpg",
      "transform_matrix": [
        [
          -0.999163,
          0.011342,
          -0.039313,
          1.472751
        ],
        [
          0.03582,
          0.706832,
          -0.706474,
          1.011085
        ],
        [
          0.019775,
          -0.707291,
          -0.706647,
          1.317867
        ],
        [
          0.0,
          0.0,
          0.0,
          1.0
        ]
      ]
    },
    {
      "file_path": "/media/NFS/ttao/scannet/posed_images/scene0014_00/00395.jpg",
      "transform_matrix": [
        [
          -0.975048,
          0.068466,
          -0.211174,
          1.504065
        ],
        [
          0.194088,
          0.724657,
          -0.661212,
          0.985948
        ],
        [
          0.107759,
          -0.6857,
          -0.719864,
          1.298966
        ],
        [
          0.0,
          0.0,
          0.0,
          1.0
        ]
      ]
    },
    {
      "file_path": "/media/NFS/ttao/scannet/posed_images/scene0014_00/00400.jpg",
      "transform_matrix": [
        [
          -0.968879,
          0.091179,
          -0.23013,
          1.576353
        ],
        [
          0.227711,
          0.692849,
          -0.684184,
          0.968902
        ],
        [
          0.097062,
          -0.715295,
          -0.692049,
          1.282595
        ],
        [
          0.0,
          0.0,
          0.0,
          1.0
        ]
      ]
    },
    {
      "file_path": "/media/NFS/ttao/scannet/posed_images/scene0014_00/00410.jpg",
      "transform_matrix": [
        [
          -0.961268,
          0.141307,
          -0.236637,
          1.744909
        ],
        [
          0.265051,
          0.709385,
          -0.653085,
          0.955143
        ],
        [
          0.075581,
          -0.690511,
          -0.719363,
          1.255798
        ],
        [
          0.0,
          0.0,
          0.0,
          1.0
        ]
      ]
    },
    {
      "file_path": "/media/NFS/ttao/scannet/posed_images/scene0014_00/00419.jpg",
      "transform_matrix": [
        [
          -0.938383,
          0.176239,
          -0.297283,
          1.879701
        ],
        [
          0.328563,
          0.721677,
          -0.609285,
          0.940925
        ],
        [
          0.107162,
          -0.669419,
          -0.735115,
          1.28608
        ],
        [
          0.0,
          0.0,
          0.0,
          1.0
        ]
      ]
    },
    {
      "file_path": "/media/NFS/ttao/scannet/posed_images/scene0014_00/00422.jpg",
      "transform_matrix": [
        [
          -0.94284,
          0.196206,
          -0.269362,
          1.92678
        ],
        [
          0.32408,
          0.728126,
          -0.603991,
          0.939696
        ],
        [
          0.077623,
          -0.656762,
          -0.750093,
          1.292932
        ],
        [
          0.0,
          0.0,
          0.0,
          1.0
        ]
      ]
    },
    {
      "file_path": "/media/NFS/ttao/scannet/posed_images/scene0014_00/00436.jpg",
      "transform_matrix": [
        [
          -0.986333,
          0.115599,
          -0.117409,
          2.068908
        ],
        [
          0.162259,
          0.80533,
          -0.570189,
          0.937123
        ],
        [
          0.02864,
          -0.581446,
          -0.813081,
          1.347943
        ],
        [
          0.0,
          0.0,
          0.0,
          1.0
        ]
      ]
    },
    {
      "file_path": "/media/NFS/ttao/scannet/posed_images/scene0014_00/00438.jpg",
      "transform_matrix": [
        [
          -0.989924,
          0.094128,
          -0.105789,
          2.078685
        ],
        [
          0.138015,
          0.808475,
          -0.572119,
          0.943341
        ],
        [
          0.031675,
          -0.580954,
          -0.81332,
          1.356971
        ],
        [
          0.0,
          0.0,
          0.0,
          1.0
        ]
      ]
    },
    {
      "file_path": "/media/NFS/ttao/scannet/posed_images/scene0014_00/00448.jpg",
      "transform_matrix": [
        [
          -0.999796,
          -0.009498,
          -0.017822,
          2.114738
        ],
        [
          0.004629,
          0.751212,
          -0.660044,
          1.018321
        ],
        [
          0.019657,
          -0.659992,
          -0.751015,
          1.428916
        ],
        [
          0.0,
          0.0,
          0.0,
          1.0
        ]
      ]
    },
    {
      "file_path": "/media/NFS/ttao/scannet/posed_images/scene0014_00/00455.jpg",
      "transform_matrix": [
        [
          -0.998102,
          -0.059575,
          0.015592,
          2.147168
        ],
        [
          -0.04878,
          0.610312,
          -0.790658,
          1.077302
        ],
        [
          0.037588,
          -0.789918,
          -0.61206,
          1.475224
        ],
        [
          0.0,
          0.0,
          0.0,
          1.0
        ]
      ]
    },
    {
      "file_path": "/media/NFS/ttao/scannet/posed_images/scene0014_00/00465.jpg",
      "transform_matrix": [
        [
          -0.997499,
          -0.057668,
          -0.040881,
          2.21602
        ],
        [
          0.011194,
          0.442172,
          -0.89686,
          1.112608
        ],
        [
          0.069796,
          -0.895074,
          -0.440421,
          1.508796
        ],
        [
          0.0,
          0.0,
          0.0,
          1.0
        ]
      ]
    },
    {
      "file_path": "/media/NFS/ttao/scannet/posed_images/scene0014_00/00472.jpg",
      "transform_matrix": [
        [
          -0.983539,
          0.006709,
          -0.180574,
          2.286032
        ],
        [
          0.172237,
          0.337014,
          -0.925611,
          1.098968
        ],
        [
          0.054646,
          -0.941476,
          -0.332622,
          1.529454
        ],
        [
          0.0,
          0.0,
          0.0,
          1.0
        ]
      ]
    },
    {
      "file_path": "/media/NFS/ttao/scannet/posed_images/scene0014_00/00484.jpg",
      "transform_matrix": [
        [
          -0.900182,
          0.081374,
          -0.427843,
          2.440077
        ],
        [
          0.432211,
          0.287665,
          -0.854659,
          1.051073
        ],
        [
          0.053528,
          -0.954268,
          -0.294122,
          1.541898
        ],
        [
          0.0,
          0.0,
          0.0,
          1.0
        ]
      ]
    },
    {
      "file_path": "/media/NFS/ttao/scannet/posed_images/scene0014_00/00486.jpg",
      "transform_matrix": [
        [
          -0.889553,
          0.085459,
          -0.448768,
          2.451976
        ],
        [
          0.45276,
          0.295797,
          -0.841138,
          1.04744
        ],
        [
          0.060861,
          -0.951421,
          -0.30182,
          1.539387
        ],
        [
          0.0,
          0.0,
          0.0,
          1.0
        ]
      ]
    },
    {
      "file_path": "/media/NFS/ttao/scannet/posed_images/scene0014_00/00496.jpg",
      "transform_matrix": [
        [
          -0.953629,
          0.095679,
          -0.285372,
          2.451977
        ],
        [
          0.300618,
          0.349537,
          -0.887385,
          1.068122
        ],
        [
          0.014843,
          -0.932025,
          -0.362091,
          1.552771
        ],
        [
          0.0,
          0.0,
          0.0,
          1.0
        ]
      ]
    },
    {
      "file_path": "/media/NFS/ttao/scannet/posed_images/scene0014_00/00501.jpg",
      "transform_matrix": [
        [
          -0.974782,
          0.088834,
          -0.204716,
          2.407483
        ],
        [
          0.222737,
          0.33085,
          -0.917021,
          1.077641
        ],
        [
          -0.013733,
          -0.939493,
          -0.342293,
          1.573532
        ],
        [
          0.0,
          0.0,
          0.0,
          1.0
        ]
      ]
    },
    {
      "file_path": "/media/NFS/ttao/scannet/posed_images/scene0014_00/00513.jpg",
      "transform_matrix": [
        [
          -0.996755,
          0.06802,
          -0.043053,
          2.221467
        ],
        [
          0.060613,
          0.282218,
          -0.957433,
          1.09693
        ],
        [
          -0.052975,
          -0.956936,
          -0.285425,
          1.586206
        ],
        [
          0.0,
          0.0,
          0.0,
          1.0
        ]
      ]
    },
    {
      "file_path": "/media/NFS/ttao/scannet/posed_images/scene0014_00/00522.jpg",
      "transform_matrix": [
        [
          -0.980849,
          -0.011387,
          0.194439,
          1.993541
        ],
        [
          -0.190938,
          0.253301,
          -0.948357,
          1.107421
        ],
        [
          -0.038453,
          -0.967321,
          -0.250624,
          1.577489
        ],
        [
          0.0,
          0.0,
          0.0,
          1.0
        ]
      ]
    },
    {
      "file_path": "/media/NFS/ttao/scannet/posed_images/scene0014_00/00525.jpg",
      "transform_matrix": [
        [
          -0.966538,
          -0.022498,
          0.255534,
          1.936193
        ],
        [
          -0.253369,
          0.23944,
          -0.937269,
          1.105458
        ],
        [
          -0.040099,
          -0.970651,
          -0.237128,
          1.571343
        ],
        [
          0.0,
          0.0,
          0.0,
          1.0
        ]
      ]
    },
    {
      "file_path": "/media/NFS/ttao/scannet/posed_images/scene0014_00/00539.jpg",
      "transform_matrix": [
        [
          -0.928224,
          -0.056112,
          0.367766,
          1.763854
        ],
        [
          -0.370057,
          0.240751,
          -0.897272,
          1.073446
        ],
        [
          -0.038192,
          -0.968964,
          -0.244236,
          1.512087
        ],
        [
          0.0,
          0.0,
          0.0,
          1.0
        ]
      ]
    },
    {
      "file_path": "/media/NFS/ttao/scannet/posed_images/scene0014_00/00546.jpg",
      "transform_matrix": [
        [
          -0.948463,
          -0.039842,
          0.314374,
          1.763937
        ],
        [
          -0.313258,
          0.267617,
          -0.91118,
          1.050674
        ],
        [
          -0.047828,
          -0.962701,
          -0.266306,
          1.500707
        ],
        [
          0.0,
          0.0,
          0.0,
          1.0
        ]
      ]
    },
    {
      "file_path": "/media/NFS/ttao/scannet/posed_images/scene0014_00/00556.jpg",
      "transform_matrix": [
        [
          -0.995234,
          0.030792,
          0.09253,
          1.859433
        ],
        [
          -0.0821,
          0.247477,
          -0.965409,
          1.050757
        ],
        [
          -0.052626,
          -0.968405,
          -0.243769,
          1.526412
        ],
        [
          0.0,
          0.0,
          0.0,
          1.0
        ]
      ]
    },
    {
      "file_path": "/media/NFS/ttao/scannet/posed_images/scene0014_00/00558.jpg",
      "transform_matrix": [
        [
          -0.997858,
          0.045375,
          0.047132,
          1.885444
        ],
        [
          -0.034856,
          0.240924,
          -0.969918,
          1.055806
        ],
        [
          -0.055365,
          -0.969483,
          -0.238826,
          1.532624
        ],
        [
          0.0,
          0.0,
          0.0,
          1.0
        ]
      ]
    },
    {
      "file_path": "/media/NFS/ttao/scannet/posed_images/scene0014_00/00568.jpg",
      "transform_matrix": [
        [
          -0.981731,
          0.058495,
          -0.18106,
          2.032437
        ],
        [
          0.189914,
          0.242685,
          -0.951334,
          1.088284
        ],
        [
          -0.011708,
          -0.96834,
          -0.24936,
          1.553573
        ],
        [
          0.0,
          0.0,
          0.0,
          1.0
        ]
      ]
    },
    {
      "file_path": "/media/NFS/ttao/scannet/posed_images/scene0014_00/00580.jpg",
      "transform_matrix": [
        [
          -0.88805,
          0.093901,
          -0.450057,
          2.143025
        ],
        [
          0.459467,
          0.215471,
          -0.861662,
          1.119625
        ],
        [
          0.016063,
          -0.971985,
          -0.234493,
          1.556357
        ],
        [
          0.0,
          0.0,
          0.0,
          1.0
        ]
      ]
    },
    {
      "file_path": "/media/NFS/ttao/scannet/posed_images/scene0014_00/00585.jpg",
      "transform_matrix": [
        [
          -0.852124,
          0.113307,
          -0.510926,
          2.138291
        ],
        [
          0.523073,
          0.21552,
          -0.824588,
          1.135614
        ],
        [
          0.016683,
          -0.969904,
          -0.242918,
          1.56049
        ],
        [
          0.0,
          0.0,
          0.0,
          1.0
        ]
      ]
    },
    {
      "file_path": "/media/NFS/ttao/scannet/posed_images/scene0014_00/00594.jpg",
      "transform_matrix": [
        [
          -0.784369,
          0.135752,
          -0.605258,
          2.098617
        ],
        [
          0.620157,
          0.192191,
          -0.760571,
          1.146903
        ],
        [
          0.013077,
          -0.971923,
          -0.234936,
          1.558624
        ],
        [
          0.0,
          0.0,
          0.0,
          1.0
        ]
      ]
    },
    {
      "file_path": "/media/NFS/ttao/scannet/posed_images/scene0014_00/00597.jpg",
      "transform_matrix": [
        [
          -0.769732,
          0.143143,
          -0.622112,
          2.088718
        ],
        [
          0.638147,
          0.198123,
          -0.743986,
          1.145488
        ],
        [
          0.016759,
          -0.969669,
          -0.243848,
          1.554884
        ],
        [
          0.0,
          0.0,
          0.0,
          1.0
        ]
      ]
    },
    {
      "file_path": "/media/NFS/ttao/scannet/posed_images/scene0014_00/00609.jpg",
      "transform_matrix": [
        [
          -0.665996,
          0.15398,
          -0.729891,
          2.056606
        ],
        [
          0.745448,
          0.17349,
          -0.643591,
          1.06598
        ],
        [
          0.027528,
          -0.972724,
          -0.230327,
          1.540681
        ],
        [
          0.0,
          0.0,
          0.0,
          1.0
        ]
      ]
    },
    {
      "file_path": "/media/NFS/ttao/scannet/posed_images/scene0014_00/00618.jpg",
      "transform_matrix": [
        [
          -0.681198,
          0.188268,
          -0.707477,
          2.051015
        ],
        [
          0.731803,
          0.202586,
          -0.650709,
          0.946759
        ],
        [
          0.020817,
          -0.960997,
