{
  "frames": [
    {
      "file_path": "/media/NFS/ttao/scannet/posed_images/scene0331_01/00000.jpg",
      "transform_matrix": [
        [
          -0.539168,
          0.696183,
          -0.473949,
          2.763963
        ],
        [
          0.836269,
          0.375894,
          -0.399196,
          2.472137
        ],
        [
          -0.099759,
          -0.611583,
          -0.784866,
          1.26575
        ],
        [
          0.0,
          0.0,
          0.0,
          1.0
        ]
      ]
    },
    {
      "file_path": "/media/NFS/ttao/scannet/posed_images/scene0331_01/00018.jpg",
      "transform_matrix": [
        [
          -0.599418,
          0.66903,
          -0.439427,
          2.787501
        ],
        [
          0.783775,
          0.379159,
          -0.491869,
          2.468956
        ],
        [
          -0.162462,
          -0.639247,
          -0.751644,
          1.283294
        ],
        [
          0.0,
          0.0,
          0.0,
          1.0
        ]
      ]
    },
    {
      "file_path": "/media/NFS/ttao/scannet/posed_images/scene0331_01/00048.jpg",
      "transform_matrix": [
        [
          -0.77387,
          0.56286,
          -0.290368,
          2.884156
        ],
        [
          0.591415,
          0.478175,
          -0.64929,
          2.468482
        ],
        [
          -0.226613,
          -0.674194,
          -0.702929,
          1.297022
        ],
        [
          0.0,
          0.0,
          0.0,
          1.0
        ]
      ]
    },
    {
      "file_path": "/media/NFS/ttao/scannet/posed_images/scene0331_01/00066.jpg",
      "transform_matrix": [
        [
          -0.8656,
          0.444217,
          -0.231102,
          2.937366
        ],
        [
          0.45608,
          0.508896,
          -0.730079,
          2.458139
        ],
        [
          -0.206706,
          -0.737358,
          -0.643099,
          1.309676
        ],
        [
          0.0,
          0.0,
          0.0,
          1.0
        ]
      ]
    },
    {
      "file_path": "/media/NFS/ttao/scannet/posed_images/scene0331_01/00090.jpg",
      "transform_matrix": [
        [
          -0.934728,
          0.260834,
          -0.241347,
          3.022148
        ],
        [
          0.337659,
          0.440205,
          -0.83199,
          2.402343
        ],
        [
          -0.110769,
          -0.859177,
          -0.499545,
          1.330359
        ],
        [
          0.0,
          0.0,
          0.0,
          1.0
        ]
      ]
    },
    {
      "file_path": "/media/NFS/ttao/scannet/posed_images/scene0331_01/00096.jpg",
      "transform_matrix": [
        [
          -0.941381,
          0.219515,
          -0.256155,
          3.031338
        ],
        [
          0.32874,
          0.426525,
          -0.842619,
          2.387908
        ],
        [
          -0.075711,
          -0.877433,
          -0.473686,
          1.338334
        ],
        [
          0.0,
          0.0,
          0.0,
          1.0
        ]
      ]
    },
    {
      "file_path": "/media/NFS/ttao/scannet/posed_images/scene0331_01/00133.jpg",
      "transform_matrix": [
        [
          -0.975996,
          -0.001505,
          0.217783,
          2.989413
        ],
        [
          -0.204477,
          0.350559,
          -0.913946,
          2.387194
        ],
        [
          -0.07497,
          -0.936539,
          -0.342452,
          1.418252
        ],
        [
          0.0,
          0.0,
          0.0,
          1.0
        ]
      ]
    },
    {
      "file_path": "/media/NFS/ttao/scannet/posed_images/scene0331_01/00151.jpg",
      "transform_matrix": [
        [
          -0.899373,
          -0.080798,
          0.429651,
          3.028491
        ],
        [
          -0.432074,
          0.314065,
          -0.845385,
          2.398215
        ],
        [
          -0.066633,
          -0.945957,
          -0.317372,
          1.443182
        ],
        [
          0.0,
          0.0,
          0.0,
          1.0
        ]
      ]
    },
    {
      "file_path": "/media/NFS/ttao/scannet/posed_images/scene0331_01/00157.jpg",
      "transform_matrix": [
        [
          -0.85825,
          -0.106736,
          0.502011,
          3.020102
        ],
        [
          -0.510345,
          0.281086,
          -0.812735,
          2.377479
        ],
        [
          -0.05436,
          -0.953728,
          -0.295714,
          1.451051
        ],
        [
          0.0,
          0.0,
          0.0,
          1.0
        ]
      ]
    },
    {
      "file_path": "/media/NFS/ttao/scannet/posed_images/scene0331_01/00193.jpg",
      "transform_matrix": [
        [
          -0.482249,
          -0.087397,
          0.871664,
          2.980525
        ],
        [
          -0.875194,
          0.09164,
          -0.475014,
          2.384311
        ],
        [
          -0.038365,
          -0.99195,
          -0.120682,
          1.496206
        ],
        [
          0.0,
          0.0,
          0.0,
          1.0
        ]
      ]
    },
    {
      "file_path": "/media/NFS/ttao/scannet/posed_images/scene0331_01/00211.jpg",
      "transform_matrix": [
        [
          -0.28541,
          -0.089583,
          0.95421,
          2.973867
        ],
        [
          -0.957871,
          0.0599,
          -0.280882,
          2.40243
        ],
        [
          -0.031995,
          -0.994177,
          -0.102905,
          1.505218
        ],
        [
          0.0,
          0.0,
          0.0,
          1.0
        ]
      ]
    },
    {
      "file_path": "/media/NFS/ttao/scannet/posed_images/scene0331_01/00217.jpg",
      "transform_matrix": [
        [
          -0.241536,
          -0.104978,
          0.964697,
          2.976902
        ],
        [
          -0.970111,
          0.050035,
          -0.237447,
          2.416256
        ],
        [
          -0.023342,
          -0.993215,
          -0.113925,
          1.50715
        ],
        [
          0.0,
          0.0,
          0.0,
          1.0
        ]
      ]
    },
    {
      "file_path": "/media/NFS/ttao/scannet/posed_images/scene0331_01/00247.jpg",
      "transform_matrix": [
        [
          -0.029477,
          -0.137308,
          0.990089,
          2.991609
        ],
        [
          -0.999454,
          0.018854,
          -0.027141,
          2.606741
        ],
        [
          -0.01494,
          -0.990349,
          -0.137789,
          1.5062
        ],
        [
          0.0,
          0.0,
          0.0,
          1.0
        ]
      ]
    },
    {
      "file_path": "/media/NFS/ttao/scannet/posed_images/scene0331_01/00271.jpg",
      "transform_matrix": [
        [
          0.137716,
          -0.162037,
          0.977128,
          3.001569
        ],
        [
          -0.990449,
          -0.029302,
          0.134735,
          2.779649
        ],
        [
          0.006799,
          -0.986349,
          -0.164525,
          1.494249
        ],
        [
          0.0,
          0.0,
          0.0,
          1.0
        ]
      ]
    },
    {
      "file_path": "/media/NFS/ttao/scannet/posed_images/scene0331_01/00289.jpg",
      "transform_matrix": [
        [
          0.335945,
          -0.177014,
          0.925098,
          3.023383
        ],
        [
          -0.941761,
          -0.047418,
          0.332923,
          2.809625
        ],
        [
          -0.015066,
          -0.983065,
          -0.182635,
          1.510746
        ],
        [
          0.0,
          0.0,
          0.0,
          1.0
        ]
      ]
    },
    {
      "file_path": "/media/NFS/ttao/scannet/posed_images/scene0331_01/00302.jpg",
      "transform_matrix": [
        [
          0.472147,
          -0.195367,
          0.859598,
          3.0456
        ],
        [
          -0.880325,
          -0.053745,
          0.471316,
          2.801968
        ],
        [
          -0.045881,
          -0.979256,
          -0.197363,
          1.509512
        ],
        [
          0.0,
          0.0,
          0.0,
          1.0
        ]
      ]
    },
    {
      "file_path": "/media/NFS/ttao/scannet/posed_images/scene0331_01/00320.jpg",
      "transform_matrix": [
        [
          0.648408,
          -0.16345,
          0.743539,
          3.029344
        ],
        [
          -0.758916,
          -0.061671,
          0.648261,
          2.847369
        ],
        [
          -0.060103,
          -0.984622,
          -0.164033,
          1.498344
        ],
        [
          0.0,
          0.0,
          0.0,
          1.0
        ]
      ]
    },
    {
      "file_path": "/media/NFS/ttao/scannet/posed_images/scene0331_01/00338.jpg",
      "transform_matrix": [
        [
          0.793078,
          -0.091883,
          0.60215,
          2.974237
        ],
        [
          -0.607683,
          -0.051476,
          0.79251,
          2.947721
        ],
        [
          -0.041822,
          -0.994438,
          -0.09666,
          1.511047
        ],
        [
          0.0,
          0.0,
          0.0,
          1.0
        ]
      ]
    },
    {
      "file_path": "/media/NFS/ttao/scannet/posed_images/scene0331_01/00368.jpg",
      "transform_matrix": [
        [
          0.966829,
          -0.069513,
          0.245783,
          3.022895
        ],
        [
          -0.25168,
          -0.095112,
          0.963126,
          2.978197
        ],
        [
          -0.043573,
          -0.993037,
          -0.109451,
          1.51676
        ],
        [
          0.0,
          0.0,
          0.0,
          1.0
        ]
      ]
    },
    {
      "file_path": "/media/NFS/ttao/scannet/posed_images/scene0331_01/00380.jpg",
      "transform_matrix": [
        [
          0.992486,
          -0.066945,
          0.102418,
          3.050978
        ],
        [
          -0.109216,
          -0.107318,
          0.988208,
          2.959713
        ],
        [
          -0.055165,
          -0.991968,
          -0.113823,
          1.503201
        ],
        [
          0.0,
          0.0,
          0.0,
          1.0
        ]
      ]
    },
    {
      "file_path": "/media/NFS/ttao/scannet/posed_images/scene0331_01/00410.jpg",
      "transform_matrix": [
        [
          0.945394,
          0.003498,
          -0.325911,
          3.002017
        ],
        [
          0.32221,
          -0.160665,
          0.932935,
          2.916847
        ],
        [
          -0.0491,
          -0.987003,
          -0.153019,
          1.510404
        ],
        [
          0.0,
          0.0,
          0.0,
          1.0
        ]
      ]
    },
    {
      "file_path": "/media/NFS/ttao/scannet/posed_images/scene0331_01/00416.jpg",
      "transform_matrix": [
        [
          0.930495,
          0.016554,
          -0.365931,
          2.968765
        ],
        [
          0.363758,
          -0.159349,
          0.917762,
          2.915139
        ],
        [
          -0.043118,
          -0.987083,
          -0.154295,
          1.512057
        ],
        [
          0.0,
          0.0,
          0.0,
          1.0
        ]
      ]
    },
    {
      "file_path": "/media/NFS/ttao/scannet/posed_images/scene0331_01/00440.jpg",
      "transform_matrix": [
        [
          0.775954,
          0.087551,
          -0.624684,
          2.834947
        ],
        [
          0.630298,
          -0.1467,
          0.762368,
          2.881382
        ],
        [
          -0.024895,
          -0.985299,
          -0.169015,
          1.495718
        ],
        [
          0.0,
          0.0,
          0.0,
          1.0
        ]
      ]
    },
    {
      "file_path": "/media/NFS/ttao/scannet/posed_images/scene0331_01/00458.jpg",
      "transform_matrix": [
        [
          0.473168,
          0.143162,
          -0.869262,
          2.836922
        ],
        [
          0.880327,
          -0.114606,
          0.460315,
          2.875285
        ],
        [
          -0.033723,
          -0.983041,
          -0.180257,
          1.515662
        ],
        [
          0.0,
          0.0,
          0.0,
          1.0
        ]
      ]
    },
    {
      "file_path": "/media/NFS/ttao/scannet/posed_images/scene0331_01/00494.jpg",
      "transform_matrix": [
        [
          -0.025224,
          0.236756,
          -0.971242,
          2.876805
        ],
        [
          0.998819,
          -0.034399,
          -0.034325,
          2.840405
        ],
        [
          -0.041536,
          -0.97096,
          -0.235609,
          1.499141
        ],
        [
          0.0,
          0.0,
          0.0,
          1.0
        ]
      ]
    },
    {
      "file_path": "/media/NFS/ttao/scannet/posed_images/scene0331_01/00500.jpg",
      "transform_matrix": [
        [
          -0.047388,
          0.246375,
          -0.968015,
          2.87365
        ],
        [
          0.998124,
          -0.025944,
          -0.055465,
          2.818399
        ],
        [
          -0.03878,
          -0.968827,
          -0.244683,
          1.500914
        ],
        [
          0.0,
          0.0,
          0.0,
          1.0
        ]
      ]
    },
    {
      "file_path": "/media/NFS/ttao/scannet/posed_images/scene0331_01/00525.jpg",
      "transform_matrix": [
        [
          -0.066858,
          0.342832,
          -0.937014,
          2.86448
        ],
        [
          0.997755,
          0.019292,
          -0.064134,
          2.717593
        ],
        [
          -0.00391,
          -0.939199,
          -0.343352,
          1.478842
        ],
        [
          0.0,
          0.0,
          0.0,
          1.0
        ]
      ]
    },
    {
      "file_path": "/media/NFS/ttao/scannet/posed_images/scene0331_01/00537.jpg",
      "transform_matrix": [
        [
          -0.054318,
          0.329648,
          -0.94254,
          2.866663
        ],
        [
          0.998265,
          0.039407,
          -0.043747,
          2.706935
        ],
        [
          0.022722,
          -0.943281,
          -0.331217,
          1.483079
        ],
        [
          0.0,
          0.0,
          0.0,
          1.0
        ]
      ]
    },
    {
      "file_path": "/media/NFS/ttao/scannet/posed_images/scene0331_01/00567.jpg",
      "transform_matrix": [
        [
          -0.089285,
          -0.020649,
          -0.995792,
          2.916881
        ],
        [
          0.995924,
          0.010995,
          -0.089524,
          2.728456
        ],
        [
          0.012797,
          -0.999726,
          0.019583,
          1.526946
        ],
        [
          0.0,
          0.0,
          0.0,
          1.0
        ]
      ]
    },
    {
      "file_path": "/media/NFS/ttao/scannet/posed_images/scene0331_01/00579.jpg",
      "transform_matrix": [
        [
          -0.031857,
          -0.009344,
          -0.999449,
          2.912225
        ],
        [
          0.999491,
          0.001123,
          -0.031868,
          2.73865
        ],
        [
          0.00142,
          -0.999956,
          0.009304,
          1.532572
        ],
        [
          0.0,
          0.0,
          0.0,
          1.0
        ]
      ]
    },
    {
      "file_path": "/media/NFS/ttao/scannet/posed_images/scene0331_01/00615.jpg",
      "transform_matrix": [
        [
          0.432885,
          -0.020429,
          -0.901218,
          2.893192
        ],
        [
          0.901446,
          0.012412,
          0.432713,
          2.779257
        ],
        [
          0.002346,
          -0.999714,
          0.023788,
          1.537961
        ],
        [
          0.0,
          0.0,
          0.0,
          1.0
        ]
      ]
    },
    {
      "file_path": "/media/NFS/ttao/scannet/posed_images/scene0331_01/00633.jpg",
      "transform_matrix": [
        [
          0.620019,
          -0.035647,
          -0.783777,
          2.877408
        ],
        [
          0.784435,
          0.047807,
          0.618365,
          2.79214
        ],
        [
          0.015427,
          -0.99822,
          0.057604,
          1.529129
        ],
        [
          0.0,
          0.0,
          0.0,
          1.0
        ]
      ]
    },
    {
      "file_path": "/media/NFS/ttao/scannet/posed_images/scene0331_01/00645.jpg",
      "transform_matrix": [
        [
          0.674493,
          -0.016189,
          -0.738104,
          2.886348
        ],
        [
          0.738221,
          0.027566,
          0.673995,
          2.832875
        ],
        [
          0.009436,
          -0.999489,
          0.030545,
          1.512351
        ],
        [
          0.0,
          0.0,
          0.0,
          1.0
        ]
      ]
    },
    {
      "file_path": "/media/NFS/ttao/scannet/posed_images/scene0331_01/00675.jpg",
      "transform_matrix": [
        [
          0.365145,
          0.47278,
          -0.801965,
          2.845507
        ],
        [
          0.93095,
          -0.18598,
          0.314234,
          2.807664
        ],
        [
          -0.000586,
          -0.861331,
          -0.508044,
          1.431929
        ],
        [
          0.0,
          0.0,
          0.0,
          1.0
        ]
      ]
    },
    {
      "file_path": "/media/NFS/ttao/scannet/posed_images/scene0331_01/00693.jpg",
      "transform_matrix": [
        [
          0.095722,
          0.642629,
          -0.760175,
          2.848212
        ],
        [
          0.995265,
          -0.074732,
          0.062149,
          2.725987
        ],
        [
          -0.016871,
          -0.762524,
          -0.646739,
          1.375865
        ],
        [
          0.0,
          0.0,
          0.0,
          1.0
        ]
      ]
    },
    {
      "file_path": "/media/NFS/ttao/scannet/posed_images/scene0331_01/00712.jpg",
      "transform_matrix": [
        [
          -0.144371,
          0.717742,
          -0.681178,
          2.859053
        ],
        [
          0.989513,
          0.101583,
          -0.102685,
          2.627584
        ],
        [
          -0.004505,
          -0.68886,
          -0.724881,
          1.338872
        ],
        [
          0.0,
          0.0,
          0.0,
          1.0
        ]
      ]
    },
    {
      "file_path": "/media/NFS/ttao/scannet/posed_images/scene0331_01/00724.jpg",
      "transform_matrix": [
        [
          -0.107964,
          0.803438,
          -0.585517,
          2.865001
        ],
        [
          0.994098,
          0.093526,
          -0.054967,
          2.611274
        ],
        [
          0.010598,
          -0.587996,
          -0.808794,
          1.295688
        ],
        [
          0.0,
          0.0,
          0.0,
          1.0
        ]
      ]
    },
    {
      "file_path": "/media/NFS/ttao/scannet/posed_images/scene0331_01/00754.jpg",
      "transform_matrix": [
        [
          -0.42134,
          0.843669,
          -0.332709,
          2.950948
        ],
        [
          0.900565,
          0.345928,
          -0.263279,
          2.686217
        ],
        [
          -0.107027,
          -0.410556,
          -0.905532,
          1.274885
        ],
        [
          0.0,
          0.0,
          0.0,
          1.0
        ]
      ]
    },
    {
      "file_path": "/media/NFS/ttao/scannet/posed_images/scene0331_01/00772.jpg",
      "transform_matrix": [
        [
          -0.527252,
          0.823134,
          -0.210844,
          3.005305
        ],
        [
          0.846734,
          0.488228,
          -0.211366,
          2.641136
        ],
        [
          -0.071043,
          -0.289972,
          -0.954395,
          1.240681
        ],
        [
          0.0,
          0.0,
          0.0,
          1.0
        ]
      ]
    },
    {
      "file_path": "/media/NFS/ttao/scannet/posed_images/scene0331_01/00778.jpg",
      "transform_matrix": [
        [
          -0.54668,
          0.814574,
          -0.193934,
          3.008358
        ],
        [
          0.834431,
          0.510674,
          -0.207212,
          2.633132
        ],
        [
          -0.069752,
          -0.275104,
          -0.958881,
          1.236642
        ],
        [
          0.0,
          0.0,
          0.0,
          1.0
        ]
      ]
    },
    {
      "file_path": "/media/NFS/ttao/scannet/posed_images/scene0331_01/00802.jpg",
      "transform_matrix": [
        [
          -0.392761,
          0.84755,
          -0.356927,
          2.977572
        ],
        [
          0.918839,
          0.345459,
          -0.19077,
          2.675796
        ],
        [
          -0.038384,
          -0.402886,
          -0.914445,
          1.266334
        ],
        [
          0.0,
          0.0,
          0.0,
          1.0
        ]
      ]
    },
    {
      "file_path": "/media/NFS/ttao/scannet/posed_images/scene0331_01/00832.jpg",
      "transform_matrix": [
        [
          0.120557,
          0.815882,
          -0.565511,
          2.89315
        ],
        [
          0.992634,
          -0.092201,
          0.078591,
          2.667566
        ],
        [
          0.01198,
          -0.570821,
          -0.820987,
          1.295272
        ],
        [
          0.0,
          0.0,
          0.0,
          1.0
        ]
      ]
    },
    {
      "file_path": "/media/NFS/ttao/scannet/posed_images/scene0331_01/00856.jpg",
      "transform_matrix": [
        [
          0.57102,
          0.575806,
          -0.585135,
          2.916147
        ],
        [
          0.820908,
          -0.394599,
          0.412798,
          2.677134
        ],
        [
          0.006797,
          -0.716058,
          -0.698007,
          1.320717
        ],
        [
          0.0,
          0.0,
          0.0,
          1.0
        ]
      ]
    },
    {
      "file_path": "/media/NFS/ttao/scannet/posed_images/scene0331_01/00874.jpg",
      "transform_matrix": [
        [
          0.811931,
          0.470753,
          -0.345194,
          2.97056
        ],
        [
          0.583677,
          -0.664198,
          0.467077,
          2.769085
        ],
        [
          -0.009399,
          -0.580717,
          -0.814051,
          1.281686
        ],
        [
          0.0,
          0.0,
          0.0,
          1.0
        ]
      ]
    },
    {
      "file_path": "/media/NFS/ttao/scannet/posed_images/scene0331_01/00886.jpg",
      "transform_matrix": [
        [
          0.928187,
          0.303525,
          -0.21527,
          2.981644
        ],
        [
          0.372044,
          -0.768209,
          0.520998,
          2.785173
        ],
        [
          -0.007236,
          -0.563673,
          -0.825966,
          1.270919
        ],
        [
          0.0,
          0.0,
          0.0,
          1.0
        ]
      ]
    },
    {
      "file_path": "/media/NFS/ttao/scannet/posed_images/scene0331_01/00898.jpg",
      "transform_matrix": [
        [
          0.982713,
          0.130492,
          -0.131324,
          3.033323
        ],
        [
          0.182648,
          -0.799215,
          0.572621,
          2.818709
        ],
        [
          -0.030233,
          -0.586708,
          -0.809234,
          1.250174
        ],
        [
          0.0,
          0.0,
          0.0,
          1.0
        ]
      ]
    },
    {
      "file_path": "/media/NFS/ttao/scannet/posed_images/scene0331_01/00929.jpg",
      "transform_matrix": [
        [
          0.962201,
          0.2137,
          -0.168827,
          3.134741
        ],
        [
          0.272293,
          -0.74319,
          0.611167,
          2.802855
        ],
        [
          0.005136,
          -0.634035,
          -0.773287,
          0.946525
        ],
        [
          0.0,
          0.0,
          0.0,
          1.0
        ]
      ]
    },
    {
      "file_path": "/media/NFS/ttao/scannet/posed_images/scene0331_01/00947.jpg",
      "transform_matrix": [
        [
          0.965277,
          0.181143,
          -0.188221,
          3.134759
        ],
        [
          0.260989,
          -0.699525,
          0.665244,
          2.798766
        ],
        [
          -0.011161,
          -0.691269,
          -0.722512,
          1.001214
        ],
        [
          0.0,
          0.0,
          0.0,
          1.0
        ]
      ]
    },
    {
      "file_path": "/media/NFS/ttao/scannet/posed_images/scene0331_01/00977.jpg",
      "transform_matrix": [
        [
          0.955721,
          -0.257795,
          0.141909,
          3.174483
        ],
        [
          -0.294145,
          -0.851101,
          0.434862,
          2.9589
        ],
        [
          0.008673,
          -0.457349,
          -0.889245,
          1.122648
        ],
        [
          0.0,
          0.0,
          0.0,
          1.0
        ]
      ]
    },
    {
      "file_path": "/media/NFS/ttao/scannet/posed_images/scene0331_01/00983.jpg",
      "transform_matrix": [
        [
          0.881611,
          -0.418124,
          0.218938,
          3.145528
        ],
        [
          -0.471904,
          -0.789023,
          0.393382,
          2.988101
        ],
        [
          0.008265,
          -0.450128,
          -0.892926,
          1.125522
        ],
        [
          0.0,
          0.0,
          0.0,
          1.0
        ]
      ]
    },
    {
      "file_path": "/media/NFS/ttao/scannet/posed_images/scene0331_01/01007.jpg",
      "transform_matrix": [
        [
          0.396678,
          -0.769844,
          0.499987,
          3.126631
        ],
        [
          -0.917957,
          -0.331942,
          0.217184,
          2.929561
        ],
        [
          -0.001231,
          -0.545119,
          -0.838357,
          1.23545
        ],
        [
          0.0,
          0.0,
          0.0,
          1.0
        ]
      ]
    },
    {
      "file_path": "/media/NFS/ttao/scannet/posed_images/scene0331_01/01025.jpg",
      "transform_matrix": [
        [
          0.146928,
          -0.731181,
          0.666172,
          3.136761
        ],
        [
          -0.989007,
          -0.097247,
          0.111394,
          2.860171
        ],
        [
          -0.016666,
          -0.675216,
          -0.737432,
          1.279954
        ],
        [
          0.0,
          0.0,
          0.0,
          1.0
        ]
      ]
    },
    {
      "file_path": "/media/NFS/ttao/scannet/posed_images/scene0331_01/01043.jpg",
      "transform_matrix": [
        [
          -0.035609,
          -0.736573,
          0.67542,
          3.141931
        ],
        [
          -0.997447,
          -0.015662,
          -0.069666,
          2.847525
        ],
        [
          0.061893,
          -0.676177,
          -0.734135,
          1.272971
        ],
        [
          0.0,
          0.0,
          0.0,
          1.0
        ]
      ]
    },
    {
      "file_path": "/media/NFS/ttao/scannet/posed_images/scene0331_01/01067.jpg",
      "transform_matrix": [
        [
          0.097367,
          -0.589339,
          0.801997,
          3.182563
        ],
        [
          -0.995182,
          -0.048293,
          0.085334,
          2.856773
        ],
        [
          -0.01156,
          -0.806441,
          -0.591201,
          1.317667
        ],
        [
          0.0,
          0.0,
          0.0,
          1.0
        ]
      ]
    },
    {
      "file_path": "/media/NFS/ttao/scannet/posed_images/scene0331_01/01091.jpg",
      "transform_matrix": [
        [
          0.524367,
          -0.568934,
          0.633525,
          3.323491
        ],
        [
          -0.84643,
          -0.267265,
          0.460571,
          2.884373
        ],
        [
          -0.092716,
          -0.777743,
          -0.621707,
          1.342897
        ],
        [
          0.0,
          0.0,
          0.0,
          1.0
        ]
      ]
    },
    {
      "file_path": "/media/NFS/ttao/scannet/posed_images/scene0331_01/01110.jpg",
      "transform_matrix": [
        [
          0.749572,
          -0.402283,
          0.525652,
          3.391094
        ],
        [
          -0.652975,
          -0.319258,
          0.686803,
          2.941681
        ],
        [
          -0.10847,
          -0.858046,
          -0.501987,
          1.374904
        ],
        [
          0.0,
          0.0,
          0.0,
          1.0
        ]
      ]
    },
    {
      "file_path": "/media/NFS/ttao/scannet/posed_images/scene0331_01/01134.jpg",
      "transform_matrix": [
        [
          0.995751,
          -0.092068,
          0.001748,
          3.405442
        ],
        [
          -0.037516,
          -0.388269,
          0.920782,
          2.926089
        ],
        [
          -0.084096,
          -0.916935,
          -0.390074,
          1.418969
        ],
        [
          0.0,
          0.0,
          0.0,
          1.0
        ]
      ]
    },
    {
      "file_path": "/media/NFS/ttao/scannet/posed_images/scene0331_01/01152.jpg",
      "transform_matrix": [
        [
          0.989503,
          0.056231,
          -0.133122,
          3.332236
        ],
        [
          0.144387,
          -0.346591,
          0.926837,
          2.893672
        ],
        [
          0.005978,
          -0.93633,
          -0.351072,
          1.442665
        ],
        [
          0.0,
          0.0,
          0.0,
          1.0
        ]
      ]
    },
    {
      "file_path": "/media/NFS/ttao/scannet/posed_images/scene0331_01/01164.jpg",
      "transform_matrix": [
        [
          0.986704,
          0.07461,
          -0.144387,
          3.265401
        ],
        [
          0.158496,
          -0.245171,
          0.956436,
          2.864777
        ],
        [
          0.03596,
          -0.966605,
          -0.253736,
          1.468589
        ],
        [
          0.0,
          0.0,
          0.0,
          1.0
        ]
      ]
    },
    {
      "file_path": "/media/NFS/ttao/scannet/posed_images/scene0331_01/01188.jpg",
      "transform_matrix": [
        [
          0.911574,
          0.20118,
          -0.358551,
          3.105978
        ],
        [
          0.408601,
          -0.346621,
          0.844334,
          2.830862
        ],
        [
          0.045582,
          -0.916177,
          -0.398173,
          1.437087
        ],
        [
          0.0,
          0.0,
          0.0,
          1.0
        ]
      ]
    },
    {
      "file_path": "/media/NFS/ttao/scannet/posed_images/scene0331_01/01200.jpg",
      "transform_matrix": [
        [
          0.813611,
          0.325194,
          -0.481961,
          3.082057
        ],
        [
          0.579488,
          -0.386229,
          0.71765,
          2.815164
        ],
        [
          0.047229,
          -0.863178,
          -0.502686,
          1.44971
        ],
        [
          0.0,
          0.0,
          0.0,
          1.0
        ]
      ]
    },
    {
      "file_path": "/media/NFS/ttao/scannet/posed_images/scene0331_01/01236.jpg",
      "transform_matrix": [
        [
          0.558138,
          0.273379,
          -0.78342,
          3.132286
        ],
        [
          0.829666,
          -0.170577,
          0.531562,
          2.774959
        ],
        [
          0.011685,
          -0.946661,
          -0.322018,
          1.476979
        ],
        [
          0.0,
          0.0,
          0.0,
          1.0
        ]
      ]
    },
    {
      "file_path": "/media/NFS/ttao/scannet/posed_images/scene0331_01/01242.jpg",
      "transform_matrix": [
        [
          0.538051,
          0.253048,
          -0.804032,
          3.142208
        ],
        [
          0.842836,
          -0.148692,
          0.517221,
          2.781452
        ],
        [
          0.011328,
          -0.955959,
          -0.293282,
          1.472953
        ],
        [
          0.0,
          0.0,
          0.0,
          1.0
        ]
      ]
    },
    {
      "file_path": "/media/NFS/ttao/scannet/posed_images/scene0331_01/01272.jpg",
      "transform_matrix": [
        [
          0.282788,
          0.491001,
          -0.823983,
          3.078767
        ],
        [
          0.957329,
          -0.091101,
          0.274266,
          2.759698
        ],
        [
          0.059598,
          -0.866382,
          -0.495812,
          1.439394
        ],
        [
          0.0,
          0.0,
          0.0,
          1.0
        ]
      ]
    },
    {
      "file_path": "/media/NFS/ttao/scannet/posed_images/scene0331_01/01296.jpg",
      "transform_matrix": [
        [
          -0.10474,
          0.651748,
          -0.751168,
          2.982965
        ],
        [
          0.994499,
          0.06819,
          -0.079504,
          2.741649
        ],
        [
          -0.000595,
          -0.755364,
          -0.655306,
          1.381669
        ],
        [
          0.0,
          0.0,
          0.0,
          1.0
        ]
      ]
    },
    {
      "file_path": "/media/NFS/ttao/scannet/posed_images/scene0331_01/01309.jpg",
      "transform_matrix": [
        [
          -0.356519,
          0.62782,
          -0.691908,
          2.880793
        ],
        [
          0.93284,
          0.197979,
          -0.301023,
          2.925967
        ],
        [
          -0.052005,
          -0.752759,
          -0.656238,
          1.370062
        ],
        [
          0.0,
          0.0,
          0.0,
          1.0
        ]
      ]
    },
    {
      "file_path": "/media/NFS/ttao/scannet/posed_images/scene0331_01/01321.jpg",
      "transform_matrix": [
        [
          -0.452846,
          0.604119,
          -0.655721,
          2.802482
        ],
        [
          0.890856,
          0.276785,
          -0.36023,
          3.066528
        ],
        [
          -0.036128,
          -0.747282,
          -0.663524,
          1.324278
        ],
        [
          0.0,
          0.0,
          0.0,
          1.0
        ]
      ]
    },
    {
      "file_path": "/media/NFS/ttao/scannet/posed_images/scene0331_01/01345.jpg",
      "transform_matrix": [
        [
          -0.452764,
          0.665185,
          -0.593745,
          2.796728
        ],
        [
          0.890952,
          0.311556,
          -0.330359,
          3.041675
        ],
        [
          -0.034765,
          -0.678573,
          -0.73371,
          1.265436
        ],
        [
          0.0,
          0.0,
          0.0,
          1.0
        ]
      ]
    },
    {
      "file_path": "/media/NFS/ttao/scannet/posed_images/scene0331_01/01375.jpg",
      "transform_matrix": [
        [
          -0.231455,
          0.685362,
          -0.69044,
          2.968089
        ],
        [
          0.972846,
          0.163035,
          -0.16429,
          2.442413
        ],
        [
          -3.2e-05,
          -0.709717,
          -0.704486,
          1.076914
        ],
        [
          0.0,
          0.0,
          0.0,
          1.0
        ]
      ]
    },
    {
      "file_path": "/media/NFS/ttao/scannet/posed_images/scene0331_01/01393.jpg",
      "transform_matrix": [
        [
          -0.025403,
          0.63171,
          -0.774788,
          2.982175
        ],
        [
          0.999602,
          0.025556,
          -0.011937,
          2.354281
        ],
        [
          0.012259,
          -0.774783,
          -0.632108,
          1.01672
        ],
        [
          0.0,
          0.0,
          0.0,
          1.0
        ]
      ]
    },
    {
      "file_path": "/media/NFS/ttao/scannet/posed_images/scene0331_01/01411.jpg",
      "transform_matrix": [
        [
          -0.087932,
          0.645803,
          -0.758424,
          2.969996
        ],
        [
          0.996025,
          0.046116,
          -0.076212,
          2.447756
        ],
        [
          -0.014243,
          -0.76211,
          -0.64729,
          0.894044
        ],
        [
          0.0,
          0.0,
          0.0,
          1.0
        ]
      ]
    },
    {
      "file_path": "/media/NFS/ttao/scannet/posed_images/scene0331_01/01435.jpg",
      "transform_matrix": [
        [
          -0.155914,
          0.640217,
          -0.752205,
          2.943057
        ],
        [
          0.987565,
          0.085486,
          -0.13194,
          2.654083
        ],
        [
          -0.020168,
          -0.763422,
          -0.645585,
          0.731394
        ],
        [
          0.0,
          0.0,
          0.0,
          1.0
        ]
      ]
    },
    {
      "file_path": "/media/NFS/ttao/scannet/posed_images/scene0331_01/01441.jpg",
      "transform_matrix": [
        [
          -0.159458,
          0.679713,
          -0.715935,
          2.933322
        ],
        [
          0.986803,
          0.08905,
          -0.135243,
          2.679423
        ],
        [
          -0.028173,
          -0.728052,
          -0.684943,
          0.796974
        ],
        [
          0.0,
          0.0,
          0.0,
          1.0
        ]
      ]
    },
    {
      "file_path": "/media/NFS/ttao/scannet/posed_images/scene0331_01/01465.jpg",
      "transform_matrix": [
        [
          -0.486893,
          0.673516,
          -0.556158,
          2.907907
        ],
        [
          0.873459,
          0.377084,
          -0.308022,
          2.782129
        ],
        [
          0.002261,
          -0.635755,
          -0.771888,
          1.141961
        ],
        [
          0.0,
          0.0,
          0.0,
          1.0
        ]
      ]
    },
    {
      "file_path": "/media/NFS/ttao/scannet/posed_images/scene0331_01/01495.jpg",
      "transform_matrix": [
        [
          -0.892514,
          0.417564,
          -0.170467,
          2.970171
        ],
        [
          0.446147,
          0.761976,
          -0.469409,
          2.64948
        ],
        [
          -0.066116,
          -0.495007,
          -0.86637,
          1.240366
        ],
        [
          0.0,
          0.0,
          0.0,
          1.0
        ]
      ]
    },
    {
      "file_path": "/media/NFS/ttao/scannet/posed_images/scene0331_01/01514.jpg",
      "transform_matrix": [
        [
          -0.997103,
          0.071327,
          0.026423,
          2.900759
        ],
        [
          0.028475,
          0.672144,
          -0.739872,
          2.701713
        ],
        [
          -0.070533,
          -0.736976,
          -0.672228,
          1.297541
        ],
        [
          0.0,
          0.0,
          0.0,
          1.0
        ]
      ]
    },
    {
      "file_path": "/media/NFS/ttao/scannet/posed_images/scene0331_01/01532.jpg",
      "transform_matrix": [
        [
          -0.999262,
          0.024388,
          0.029665,
          2.930289
        ],
        [
          -0.015349,
          0.454455,
          -0.890638,
          2.729969
        ],
        [
          -0.035202,
          -0.890436,
          -0.453745,
          1.369123
        ],
        [
          0.0,
          0.0,
          0.0,
          1.0
        ]
      ]
    },
    {
      "file_path": "/media/NFS/ttao/scannet/posed_images/scene0331_01/01556.jpg",
      "transform_matrix": [
        [
          -0.997261,
          -0.039043,
          -0.062825,
          2.995644
        ],
        [
          0.057538,
          0.12428,
          -0.990577,
          2.751828
        ],
        [
          0.046483,
          -0.991479,
