{
  "frames": [
    {
      "file_path": "/media/NFS/ttao/scannet/posed_images/scene0152_00/00000.jpg",
      "transform_matrix": [
        [
          -0.891251,
          0.378307,
          -0.25011,
          4.935522
        ],
        [
          0.443048,
          0.608538,
          -0.658323,
          3.588868
        ],
        [
          -0.096846,
          -0.697542,
          -0.709969,
          1.45033
        ],
        [
          0.0,
          0.0,
          0.0,
          1.0
        ]
      ]
    },
    {
      "file_path": "/media/NFS/ttao/scannet/posed_images/scene0152_00/00006.jpg",
      "transform_matrix": [
        [
          -0.880379,
          0.386008,
          -0.275555,
          4.960728
        ],
        [
          0.465859,
          0.594886,
          -0.655046,
          3.571004
        ],
        [
          -0.088929,
          -0.705059,
          -0.703551,
          1.464071
        ],
        [
          0.0,
          0.0,
          0.0,
          1.0
        ]
      ]
    },
    {
      "file_path": "/media/NFS/ttao/scannet/posed_images/scene0152_00/00017.jpg",
      "transform_matrix": [
        [
          -0.859788,
          0.391566,
          -0.327782,
          5.008074
        ],
        [
          0.504094,
          0.548277,
          -0.667295,
          3.535919
        ],
        [
          -0.081574,
          -0.738965,
          -0.668787,
          1.471014
        ],
        [
          0.0,
          0.0,
          0.0,
          1.0
        ]
      ]
    },
    {
      "file_path": "/media/NFS/ttao/scannet/posed_images/scene0152_00/00025.jpg",
      "transform_matrix": [
        [
          -0.854825,
          0.387293,
          -0.345368,
          5.019164
        ],
        [
          0.514727,
          0.548432,
          -0.658998,
          3.515916
        ],
        [
          -0.065815,
          -0.741098,
          -0.668163,
          1.466148
        ],
        [
          0.0,
          0.0,
          0.0,
          1.0
        ]
      ]
    },
    {
      "file_path": "/media/NFS/ttao/scannet/posed_images/scene0152_00/00027.jpg",
      "transform_matrix": [
        [
          -0.856061,
          0.384395,
          -0.345544,
          5.019134
        ],
        [
          0.513125,
          0.551643,
          -0.657565,
          3.508505
        ],
        [
          -0.062148,
          -0.740223,
          -0.669483,
          1.463878
        ],
        [
          0.0,
          0.0,
          0.0,
          1.0
        ]
      ]
    },
    {
      "file_path": "/media/NFS/ttao/scannet/posed_images/scene0152_00/00036.jpg",
      "transform_matrix": [
        [
          -0.858455,
          0.377127,
          -0.347608,
          4.997245
        ],
        [
          0.510433,
          0.561936,
          -0.650912,
          3.450677
        ],
        [
          -0.050143,
          -0.736209,
          -0.674894,
          1.451071
        ],
        [
          0.0,
          0.0,
          0.0,
          1.0
        ]
      ]
    },
    {
      "file_path": "/media/NFS/ttao/scannet/posed_images/scene0152_00/00044.jpg",
      "transform_matrix": [
        [
          -0.841485,
          0.383945,
          -0.380117,
          4.948039
        ],
        [
          0.538319,
          0.535932,
          -0.650376,
          3.365088
        ],
        [
          -0.045991,
          -0.751907,
          -0.657664,
          1.461909
        ],
        [
          0.0,
          0.0,
          0.0,
          1.0
        ]
      ]
    },
    {
      "file_path": "/media/NFS/ttao/scannet/posed_images/scene0152_00/00053.jpg",
      "transform_matrix": [
        [
          -0.812627,
          0.391197,
          -0.431974,
          4.874938
        ],
        [
          0.58159,
          0.49694,
          -0.644053,
          3.28221
        ],
        [
          -0.037287,
          -0.774607,
          -0.631343,
          1.490531
        ],
        [
          0.0,
          0.0,
          0.0,
          1.0
        ]
      ]
    },
    {
      "file_path": "/media/NFS/ttao/scannet/posed_images/scene0152_00/00057.jpg",
      "transform_matrix": [
        [
          -0.796364,
          0.397178,
          -0.456129,
          4.855189
        ],
        [
          0.603684,
          0.475834,
          -0.639647,
          3.245891
        ],
        [
          -0.037012,
          -0.784749,
          -0.618707,
          1.495506
        ],
        [
          0.0,
          0.0,
          0.0,
          1.0
        ]
      ]
    },
    {
      "file_path": "/media/NFS/ttao/scannet/posed_images/scene0152_00/00067.jpg",
      "transform_matrix": [
        [
          -0.72221,
          0.418318,
          -0.550838,
          4.825007
        ],
        [
          0.690336,
          0.386442,
          -0.611636,
          3.119817
        ],
        [
          -0.042991,
          -0.821993,
          -0.567873,
          1.527093
        ],
        [
          0.0,
          0.0,
          0.0,
          1.0
        ]
      ]
    },
    {
      "file_path": "/media/NFS/ttao/scannet/posed_images/scene0152_00/00074.jpg",
      "transform_matrix": [
        [
          -0.650335,
          0.427493,
          -0.627944,
          4.809461
        ],
        [
          0.756134,
          0.284869,
          -0.589162,
          3.03991
        ],
        [
          -0.072981,
          -0.857962,
          -0.508502,
          1.564796
        ],
        [
          0.0,
          0.0,
          0.0,
          1.0
        ]
      ]
    },
    {
      "file_path": "/media/NFS/ttao/scannet/posed_images/scene0152_00/00078.jpg",
      "transform_matrix": [
        [
          -0.608708,
          0.421195,
          -0.672361,
          4.803612
        ],
        [
          0.789163,
          0.23403,
          -0.567847,
          3.012269
        ],
        [
          -0.081822,
          -0.876256,
          -0.474848,
          1.572642
        ],
        [
          0.0,
          0.0,
          0.0,
          1.0
        ]
      ]
    },
    {
      "file_path": "/media/NFS/ttao/scannet/posed_images/scene0152_00/00084.jpg",
      "transform_matrix": [
        [
          -0.568131,
          0.40766,
          -0.714871,
          4.786551
        ],
        [
          0.818747,
          0.192447,
          -0.540941,
          2.985916
        ],
        [
          -0.082946,
          -0.892624,
          -0.443105,
          1.590364
        ],
        [
          0.0,
          0.0,
          0.0,
          1.0
        ]
      ]
    },
    {
      "file_path": "/media/NFS/ttao/scannet/posed_images/scene0152_00/00091.jpg",
      "transform_matrix": [
        [
          -0.545072,
          0.390197,
          -0.742052,
          4.708765
        ],
        [
          0.83454,
          0.167806,
          -0.524771,
          2.966237
        ],
        [
          -0.080243,
          -0.905311,
          -0.417102,
          1.646174
        ],
        [
          0.0,
          0.0,
          0.0,
          1.0
        ]
      ]
    },
    {
      "file_path": "/media/NFS/ttao/scannet/posed_images/scene0152_00/00101.jpg",
      "transform_matrix": [
        [
          -0.542574,
          0.300008,
          -0.784607,
          4.593707
        ],
        [
          0.837021,
          0.114392,
          -0.53508,
          2.896208
        ],
        [
          -0.070776,
          -0.947053,
          -0.313179,
          1.713122
        ],
        [
          0.0,
          0.0,
          0.0,
          1.0
        ]
      ]
    },
    {
      "file_path": "/media/NFS/ttao/scannet/posed_images/scene0152_00/00103.jpg",
      "transform_matrix": [
        [
          -0.54545,
          0.279589,
          -0.790136,
          4.573105
        ],
        [
          0.835719,
          0.109767,
          -0.538075,
          2.886427
        ],
        [
          -0.063709,
          -0.953824,
          -0.29353,
          1.725354
        ],
        [
          0.0,
          0.0,
          0.0,
          1.0
        ]
      ]
    },
    {
      "file_path": "/media/NFS/ttao/scannet/posed_images/scene0152_00/00116.jpg",
      "transform_matrix": [
        [
          -0.510702,
          0.181976,
          -0.840279,
          4.464355
        ],
        [
          0.858966,
          0.066061,
          -0.507753,
          2.8571
        ],
        [
          -0.03689,
          -0.981081,
          -0.190049,
          1.761665
        ],
        [
          0.0,
          0.0,
          0.0,
          1.0
        ]
      ]
    },
    {
      "file_path": "/media/NFS/ttao/scannet/posed_images/scene0152_00/00122.jpg",
      "transform_matrix": [
        [
          -0.485899,
          0.170396,
          -0.857244,
          4.450768
        ],
        [
          0.872786,
          0.042589,
          -0.486242,
          2.793586
        ],
        [
          -0.046344,
          -0.984455,
          -0.169413,
          1.78948
        ],
        [
          0.0,
          0.0,
          0.0,
          1.0
        ]
      ]
    },
    {
      "file_path": "/media/NFS/ttao/scannet/posed_images/scene0152_00/00128.jpg",
      "transform_matrix": [
        [
          -0.450319,
          0.16306,
          -0.877852,
          4.432645
        ],
        [
          0.88997,
          0.002827,
          -0.45601,
          2.758989
        ],
        [
          -0.071875,
          -0.986612,
          -0.146392,
          1.807343
        ],
        [
          0.0,
          0.0,
          0.0,
          1.0
        ]
      ]
    },
    {
      "file_path": "/media/NFS/ttao/scannet/posed_images/scene0152_00/00133.jpg",
      "transform_matrix": [
        [
          -0.418166,
          0.179746,
          -0.890409,
          4.428041
        ],
        [
          0.904282,
          -0.010523,
          -0.426806,
          2.740745
        ],
        [
          -0.086086,
          -0.983657,
          -0.158141,
          1.788143
        ],
        [
          0.0,
          0.0,
          0.0,
          1.0
        ]
      ]
    },
    {
      "file_path": "/media/NFS/ttao/scannet/posed_images/scene0152_00/00143.jpg",
      "transform_matrix": [
        [
          -0.320783,
          0.272215,
          -0.907192,
          4.44462
        ],
        [
          0.944382,
          0.018712,
          -0.328319,
          2.754273
        ],
        [
          -0.072398,
          -0.962055,
          -0.263077,
          1.700819
        ],
        [
          0.0,
          0.0,
          0.0,
          1.0
        ]
      ]
    },
    {
      "file_path": "/media/NFS/ttao/scannet/posed_images/scene0152_00/00152.jpg",
      "transform_matrix": [
        [
          -0.23881,
          0.361519,
          -0.901262,
          4.442961
        ],
        [
          0.967635,
          0.010642,
          -0.252128,
          2.841656
        ],
        [
          -0.081558,
          -0.932304,
          -0.35236,
          1.613125
        ],
        [
          0.0,
          0.0,
          0.0,
          1.0
        ]
      ]
    },
    {
      "file_path": "/media/NFS/ttao/scannet/posed_images/scene0152_00/00158.jpg",
      "transform_matrix": [
        [
          -0.193591,
          0.40189,
          -0.89499,
          4.420117
        ],
        [
          0.976811,
          -0.006078,
          -0.214018,
          2.869451
        ],
        [
          -0.091452,
          -0.915668,
          -0.391394,
          1.590156
        ],
        [
          0.0,
          0.0,
          0.0,
          1.0
        ]
      ]
    },
    {
      "file_path": "/media/NFS/ttao/scannet/posed_images/scene0152_00/00164.jpg",
      "transform_matrix": [
        [
          -0.181554,
          0.426222,
          -0.886212,
          4.363692
        ],
        [
          0.978589,
          -0.010553,
          -0.205554,
          2.910218
        ],
        [
          -0.096964,
          -0.904557,
          -0.41518,
          1.608166
        ],
        [
          0.0,
          0.0,
          0.0,
          1.0
        ]
      ]
    },
    {
      "file_path": "/media/NFS/ttao/scannet/posed_images/scene0152_00/00166.jpg",
      "transform_matrix": [
        [
          -0.185683,
          0.427035,
          -0.884965,
          4.342992
        ],
        [
          0.978401,
          -0.002914,
          -0.206694,
          2.915305
        ],
        [
          -0.090844,
          -0.904231,
          -0.41727,
          1.60055
        ],
        [
          0.0,
          0.0,
          0.0,
          1.0
        ]
      ]
    },
    {
      "file_path": "/media/NFS/ttao/scannet/posed_images/scene0152_00/00179.jpg",
      "transform_matrix": [
        [
          -0.193945,
          0.438234,
          -0.877688,
          4.21205
        ],
        [
          0.980258,
          0.051491,
          -0.190901,
          2.996775
        ],
        [
          -0.038466,
          -0.897385,
          -0.439569,
          1.58993
        ],
        [
          0.0,
          0.0,
          0.0,
          1.0
        ]
      ]
    },
    {
      "file_path": "/media/NFS/ttao/scannet/posed_images/scene0152_00/00185.jpg",
      "transform_matrix": [
        [
          -0.178947,
          0.4483,
          -0.875788,
          4.154921
        ],
        [
          0.982221,
          0.030056,
          -0.185309,
          3.058361
        ],
        [
          -0.056751,
          -0.893378,
          -0.445708,
          1.606537
        ],
        [
          0.0,
          0.0,
          0.0,
          1.0
        ]
      ]
    },
    {
      "file_path": "/media/NFS/ttao/scannet/posed_images/scene0152_00/00194.jpg",
      "transform_matrix": [
        [
          -0.122847,
          0.454496,
          -0.882237,
          4.060326
        ],
        [
          0.990533,
          0.001277,
          -0.137269,
          3.06176
        ],
        [
          -0.061261,
          -0.890748,
          -0.45035,
          1.60937
        ],
        [
          0.0,
          0.0,
          0.0,
          1.0
        ]
      ]
    },
    {
      "file_path": "/media/NFS/ttao/scannet/posed_images/scene0152_00/00200.jpg",
      "transform_matrix": [
        [
          -0.074326,
          0.451136,
          -0.889355,
          3.965023
        ],
        [
          0.99563,
          -0.016995,
          -0.091829,
          3.041912
        ],
        [
          -0.056542,
          -0.892293,
          -0.447901,
          1.620773
        ],
        [
          0.0,
          0.0,
          0.0,
          1.0
        ]
      ]
    },
    {
      "file_path": "/media/NFS/ttao/scannet/posed_images/scene0152_00/00204.jpg",
      "transform_matrix": [
        [
          -0.030367,
          0.449657,
          -0.892685,
          3.899575
        ],
        [
          0.997694,
          -0.040597,
          -0.054388,
          3.018779
        ],
        [
          -0.060696,
          -0.892278,
          -0.447387,
          1.620456
        ],
        [
          0.0,
          0.0,
          0.0,
          1.0
        ]
      ]
    },
    {
      "file_path": "/media/NFS/ttao/scannet/posed_images/scene0152_00/00213.jpg",
      "transform_matrix": [
        [
          0.044487,
          0.464641,
          -0.884381,
          3.755382
        ],
        [
          0.995057,
          -0.099287,
          -0.00211,
          2.968767
        ],
        [
          -0.088788,
          -0.879915,
          -0.466761,
          1.605228
        ],
        [
          0.0,
          0.0,
          0.0,
          1.0
        ]
      ]
    },
    {
      "file_path": "/media/NFS/ttao/scannet/posed_images/scene0152_00/00217.jpg",
      "transform_matrix": [
        [
          0.0699,
          0.471245,
          -0.879228,
          3.684773
        ],
        [
          0.994419,
          -0.102731,
          0.023997,
          2.944582
        ],
        [
          -0.079016,
          -0.875999,
          -0.475797,
          1.599742
        ],
        [
          0.0,
          0.0,
          0.0,
          1.0
        ]
      ]
    },
    {
      "file_path": "/media/NFS/ttao/scannet/posed_images/scene0152_00/00223.jpg",
      "transform_matrix": [
        [
          0.114065,
          0.475788,
          -0.872132,
          3.565554
        ],
        [
          0.990082,
          -0.126911,
          0.060256,
          2.934929
        ],
        [
          -0.082014,
          -0.870356,
          -0.485546,
          1.612433
        ],
        [
          0.0,
          0.0,
          0.0,
          1.0
        ]
      ]
    },
    {
      "file_path": "/media/NFS/ttao/scannet/posed_images/scene0152_00/00229.jpg",
      "transform_matrix": [
        [
          0.167426,
          0.462495,
          -0.87067,
          3.44535
        ],
        [
          0.983681,
          -0.137384,
          0.11618,
          2.956186
        ],
        [
          -0.065884,
          -0.875913,
          -0.47795,
          1.612818
        ],
        [
          0.0,
          0.0,
          0.0,
          1.0
        ]
      ]
    },
    {
      "file_path": "/media/NFS/ttao/scannet/posed_images/scene0152_00/00238.jpg",
      "transform_matrix": [
        [
          0.258311,
          0.483025,
          -0.836637,
          3.300464
        ],
        [
          0.964869,
          -0.172018,
          0.19859,
          2.964206
        ],
        [
          -0.047993,
          -0.858543,
          -0.51049,
          1.596004
        ],
        [
          0.0,
          0.0,
          0.0,
          1.0
        ]
      ]
    },
    {
      "file_path": "/media/NFS/ttao/scannet/posed_images/scene0152_00/00244.jpg",
      "transform_matrix": [
        [
          0.328385,
          0.484456,
          -0.810842,
          3.187518
        ],
        [
          0.943828,
          -0.20172,
          0.261721,
          2.95905
        ],
        [
          -0.036771,
          -0.851241,
          -0.523485,
          1.607696
        ],
        [
          0.0,
          0.0,
          0.0,
          1.0
        ]
      ]
    },
    {
      "file_path": "/media/NFS/ttao/scannet/posed_images/scene0152_00/00250.jpg",
      "transform_matrix": [
        [
          0.435869,
          0.455141,
          -0.776444,
          3.058643
        ],
        [
          0.89911,
          -0.258783,
          0.353034,
          2.946855
        ],
        [
          -0.04025,
          -0.851985,
          -0.522017,
          1.615879
        ],
        [
          0.0,
          0.0,
          0.0,
          1.0
        ]
      ]
    },
    {
      "file_path": "/media/NFS/ttao/scannet/posed_images/scene0152_00/00259.jpg",
      "transform_matrix": [
        [
          0.5358,
          0.429494,
          -0.726948,
          2.949092
        ],
        [
          0.84259,
          -0.327461,
          0.427564,
          2.97565
        ],
        [
          -0.054411,
          -0.841608,
          -0.537341,
          1.607235
        ],
        [
          0.0,
          0.0,
          0.0,
          1.0
        ]
      ]
    },
    {
      "file_path": "/media/NFS/ttao/scannet/posed_images/scene0152_00/00269.jpg",
      "transform_matrix": [
        [
          0.583888,
          0.423549,
          -0.69259,
          2.872707
        ],
        [
          0.810313,
          -0.356254,
          0.46527,
          3.030217
        ],
        [
          -0.049673,
          -0.83288,
          -0.55122,
          1.575905
        ],
        [
          0.0,
          0.0,
          0.0,
          1.0
        ]
      ]
    },
    {
      "file_path": "/media/NFS/ttao/scannet/posed_images/scene0152_00/00272.jpg",
      "transform_matrix": [
        [
          0.58378,
          0.430738,
          -0.688234,
          2.851649
        ],
        [
          0.810325,
          -0.36207,
          0.460737,
          3.077494
        ],
        [
          -0.050732,
          -0.826662,
          -0.560407,
          1.571935
        ],
        [
          0.0,
          0.0,
          0.0,
          1.0
        ]
      ]
    },
    {
      "file_path": "/media/NFS/ttao/scannet/posed_images/scene0152_00/00284.jpg",
      "transform_matrix": [
        [
          0.54904,
          0.487151,
          -0.679146,
          2.822952
        ],
        [
          0.83568,
          -0.333516,
          0.436355,
          3.241078
        ],
        [
          -0.013935,
          -0.807125,
          -0.590216,
          1.544617
        ],
        [
          0.0,
          0.0,
          0.0,
          1.0
        ]
      ]
    },
    {
      "file_path": "/media/NFS/ttao/scannet/posed_images/scene0152_00/00288.jpg",
      "transform_matrix": [
        [
          0.540039,
          0.509565,
          -0.669851,
          2.819624
        ],
        [
          0.841622,
          -0.332142,
          0.425857,
          3.292141
        ],
        [
          -0.005484,
          -0.793741,
          -0.608231,
          1.536025
        ],
        [
          0.0,
          0.0,
          0.0,
          1.0
        ]
      ]
    },
    {
      "file_path": "/media/NFS/ttao/scannet/posed_images/scene0152_00/00293.jpg",
      "transform_matrix": [
        [
          0.526629,
          0.523382,
          -0.669875,
          2.803181
        ],
        [
          0.850081,
          -0.328784,
          0.411417,
          3.360823
        ],
        [
          -0.004916,
          -0.786112,
          -0.618064,
          1.542433
        ],
        [
          0.0,
          0.0,
          0.0,
          1.0
        ]
      ]
    },
    {
      "file_path": "/media/NFS/ttao/scannet/posed_images/scene0152_00/00305.jpg",
      "transform_matrix": [
        [
          0.458134,
          0.531933,
          -0.712152,
          2.762689
        ],
        [
          0.888792,
          -0.285583,
          0.358456,
          3.5397
        ],
        [
          -0.012704,
          -0.797176,
          -0.603613,
          1.539181
        ],
        [
          0.0,
          0.0,
          0.0,
          1.0
        ]
      ]
    },
    {
      "file_path": "/media/NFS/ttao/scannet/posed_images/scene0152_00/00312.jpg",
      "transform_matrix": [
        [
          0.446672,
          0.537942,
          -0.714915,
          2.762003
        ],
        [
          0.894275,
          -0.293019,
          0.33825,
          3.651128
        ],
        [
          -0.027525,
          -0.790417,
          -0.611951,
          1.543799
        ],
        [
          0.0,
          0.0,
          0.0,
          1.0
        ]
      ]
    },
    {
      "file_path": "/media/NFS/ttao/scannet/posed_images/scene0152_00/00318.jpg",
      "transform_matrix": [
        [
          0.433923,
          0.545177,
          -0.717282,
          2.767059
        ],
        [
          0.899725,
          -0.303725,
          0.313444,
          3.747936
        ],
        [
          -0.046974,
          -0.781367,
          -0.622302,
          1.545961
        ],
        [
          0.0,
          0.0,
          0.0,
          1.0
        ]
      ]
    },
    {
      "file_path": "/media/NFS/ttao/scannet/posed_images/scene0152_00/00322.jpg",
      "transform_matrix": [
        [
          0.384818,
          0.561796,
          -0.732326,
          2.770314
        ],
        [
          0.921517,
          -0.278702,
          0.270429,
          3.803447
        ],
        [
          -0.052174,
          -0.778916,
          -0.624954,
          1.543969
        ],
        [
          0.0,
          0.0,
          0.0,
          1.0
        ]
      ]
    },
    {
      "file_path": "/media/NFS/ttao/scannet/posed_images/scene0152_00/00328.jpg",
      "transform_matrix": [
        [
          0.277086,
          0.608489,
          -0.743616,
          2.800906
        ],
        [
          0.960401,
          -0.198909,
          0.195101,
          3.897176
        ],
        [
          -0.029195,
          -0.768229,
          -0.639509,
          1.532433
        ],
        [
          0.0,
          0.0,
          0.0,
          1.0
        ]
      ]
    },
    {
      "file_path": "/media/NFS/ttao/scannet/posed_images/scene0152_00/00335.jpg",
      "transform_matrix": [
        [
          0.161539,
          0.656833,
          -0.736529,
          2.853641
        ],
        [
          0.986645,
          -0.091669,
          0.134645,
          4.012636
        ],
        [
          0.020922,
          -0.748443,
          -0.662869,
          1.523093
        ],
        [
          0.0,
          0.0,
          0.0,
          1.0
        ]
      ]
    },
    {
      "file_path": "/media/NFS/ttao/scannet/posed_images/scene0152_00/00343.jpg",
      "transform_matrix": [
        [
          0.082031,
          0.671786,
          -0.736189,
          2.887086
        ],
        [
          0.996592,
          -0.048839,
          0.06648,
          4.118502
        ],
        [
          0.008705,
          -0.739133,
          -0.673503,
          1.513976
        ],
        [
          0.0,
          0.0,
          0.0,
          1.0
        ]
      ]
    },
    {
      "file_path": "/media/NFS/ttao/scannet/posed_images/scene0152_00/00349.jpg",
      "transform_matrix": [
        [
          0.014431,
          0.675483,
          -0.737234,
          2.905764
        ],
        [
          0.999892,
          -0.00762,
          0.012591,
          4.192835
        ],
        [
          0.002887,
          -0.737336,
          -0.67552,
          1.497243
        ],
        [
          0.0,
          0.0,
          0.0,
          1.0
        ]
      ]
    },
    {
      "file_path": "/media/NFS/ttao/scannet/posed_images/scene0152_00/00360.jpg",
      "transform_matrix": [
        [
          -0.079043,
          0.689304,
          -0.720147,
          2.923605
        ],
        [
          0.996871,
          0.054994,
          -0.056777,
          4.370444
        ],
        [
          0.000467,
          -0.722382,
          -0.691494,
          1.502816
        ],
        [
          0.0,
          0.0,
          0.0,
          1.0
        ]
      ]
    },
    {
      "file_path": "/media/NFS/ttao/scannet/posed_images/scene0152_00/00366.jpg",
      "transform_matrix": [
        [
          -0.13933,
          0.678687,
          -0.72109,
          2.930454
        ],
        [
          0.989894,
          0.076055,
          -0.119686,
          4.463696
        ],
        [
          -0.026387,
          -0.730479,
          -0.682425,
          1.522144
        ],
        [
          0.0,
          0.0,
          0.0,
          1.0
        ]
      ]
    },
    {
      "file_path": "/media/NFS/ttao/scannet/posed_images/scene0152_00/00373.jpg",
      "transform_matrix": [
        [
          -0.228029,
          0.631573,
          -0.741025,
          2.937733
        ],
        [
          0.973058,
          0.121189,
          -0.196141,
          4.599674
        ],
        [
          -0.034073,
          -0.765786,
          -0.642192,
          1.542377
        ],
        [
          0.0,
          0.0,
          0.0,
          1.0
        ]
      ]
    },
    {
      "file_path": "/media/NFS/ttao/scannet/posed_images/scene0152_00/00379.jpg",
      "transform_matrix": [
        [
          -0.280121,
          0.620175,
          -0.732745,
          2.960353
        ],
        [
          0.95974,
          0.164409,
          -0.227748,
          4.715444
        ],
        [
          -0.020774,
          -0.767042,
          -0.641261,
          1.550779
        ],
        [
          0.0,
          0.0,
          0.0,
          1.0
        ]
      ]
    },
    {
      "file_path": "/media/NFS/ttao/scannet/posed_images/scene0152_00/00389.jpg",
      "transform_matrix": [
        [
          -0.312138,
          0.534186,
          -0.78563,
          2.947556
        ],
        [
          0.949268,
          0.142108,
          -0.280528,
          4.901493
        ],
        [
          -0.03821,
          -0.833337,
          -0.551443,
          1.613087
        ],
        [
          0.0,
          0.0,
          0.0,
          1.0
        ]
      ]
    },
    {
      "file_path": "/media/NFS/ttao/scannet/posed_images/scene0152_00/00396.jpg",
      "transform_matrix": [
        [
          -0.292237,
          0.483921,
          -0.824875,
          2.911228
        ],
        [
          0.955634,
          0.114495,
          -0.271393,
          5.015755
        ],
        [
          -0.036889,
          -0.86759,
          -0.495911,
          1.654007
        ],
        [
          0.0,
          0.0,
          0.0,
          1.0
        ]
      ]
    },
    {
      "file_path": "/media/NFS/ttao/scannet/posed_images/scene0152_00/00400.jpg",
      "transform_matrix": [
        [
          -0.303439,
          0.4284,
          -0.851116,
          2.895178
        ],
        [
          0.95153,
          0.089231,
          -0.294326,
          5.104825
        ],
        [
          -0.050143,
          -0.899173,
          -0.434711,
          1.646183
        ],
        [
          0.0,
          0.0,
          0.0,
          1.0
        ]
      ]
    },
    {
      "file_path": "/media/NFS/ttao/scannet/posed_images/scene0152_00/00410.jpg",
      "transform_matrix": [
        [
          -0.288122,
          0.431162,
          -0.855035,
          2.847015
        ],
        [
          0.955781,
          0.074577,
          -0.284464,
          5.235789
        ],
        [
          -0.058884,
          -0.899187,
          -0.433584,
          1.695613
        ],
        [
          0.0,
          0.0,
          0.0,
          1.0
        ]
      ]
    },
    {
      "file_path": "/media/NFS/ttao/scannet/posed_images/scene0152_00/00417.jpg",
      "transform_matrix": [
        [
          -0.317323,
          0.455189,
          -0.831931,
          2.867374
        ],
        [
          0.945699,
          0.08675,
          -0.313252,
          5.314961
        ],
        [
          -0.070419,
          -0.886159,
          -0.458,
          1.639517
        ],
        [
          0.0,
          0.0,
          0.0,
          1.0
        ]
      ]
    },
    {
      "file_path": "/media/NFS/ttao/scannet/posed_images/scene0152_00/00423.jpg",
      "transform_matrix": [
        [
          -0.354232,
          0.511761,
          -0.782701,
          2.87177
        ],
        [
          0.930575,
          0.110147,
          -0.349139,
          5.417511
        ],
        [
          -0.092464,
          -0.852038,
          -0.515249,
          1.617438
        ],
        [
          0.0,
          0.0,
          0.0,
          1.0
        ]
      ]
    },
    {
      "file_path": "/media/NFS/ttao/scannet/posed_images/scene0152_00/00427.jpg",
      "transform_matrix": [
        [
          -0.378828,
          0.52457,
          -0.76244,
          2.888045
        ],
        [
          0.922825,
          0.151911,
          -0.354001,
          5.491719
        ],
        [
          -0.069876,
          -0.837705,
          -0.541635,
          1.591668
        ],
        [
          0.0,
          0.0,
          0.0,
          1.0
        ]
      ]
    },
    {
      "file_path": "/media/NFS/ttao/scannet/posed_images/scene0152_00/00434.jpg",
      "transform_matrix": [
        [
          -0.395956,
          0.565014,
          -0.723863,
          2.91238
        ],
        [
          0.915929,
          0.186767,
          -0.355235,
          5.614342
        ],
        [
          -0.065519,
          -0.803664,
          -0.591465,
          1.553578
        ],
        [
          0.0,
          0.0,
          0.0,
          1.0
        ]
      ]
    },
    {
      "file_path": "/media/NFS/ttao/scannet/posed_images/scene0152_00/00440.jpg",
      "transform_matrix": [
        [
          -0.40421,
          0.604545,
          -0.686395,
          2.92004
        ],
        [
          0.910274,
          0.192429,
          -0.366567,
          5.717484
        ],
        [
          -0.089524,
          -0.772979,
          -0.628084,
          1.515255
        ],
        [
          0.0,
          0.0,
          0.0,
          1.0
        ]
      ]
    },
    {
      "file_path": "/media/NFS/ttao/scannet/posed_images/scene0152_00/00448.jpg",
      "transform_matrix": [
        [
          -0.404059,
          0.627226,
          -0.665826,
          2.884889
        ],
        [
          0.911642,
          0.216334,
          -0.349441,
          5.840128
        ],
        [
          -0.075137,
          -0.74819,
          -0.659217,
          1.471113
        ],
        [
          0.0,
          0.0,
          0.0,
          1.0
        ]
      ]
    },
    {
      "file_path": "/media/NFS/ttao/scannet/posed_images/scene0152_00/00459.jpg",
      "transform_matrix": [
        [
          -0.369253,
          0.609202,
          -0.701801,
          2.762428
        ],
        [
          0.928885,
          0.21862,
          -0.29896,
          6.024727
        ],
        [
          -0.028699,
          -0.762285,
          -0.646605,
          1.466529
        ],
        [
          0.0,
          0.0,
          0.0,
          1.0
        ]
      ]
    },
    {
      "file_path": "/media/NFS/ttao/scannet/posed_images/scene0152_00/00467.jpg",
      "transform_matrix": [
        [
          -0.311473,
          0.560217,
          -0.767555,
          2.694535
        ],
        [
          0.948836,
          0.139235,
          -0.283413,
          6.106682
        ],
        [
          -0.051903,
          -0.81656,
          -0.574923,
          1.507409
        ],
        [
          0.0,
          0.0,
          0.0,
          1.0
        ]
      ]
    },
    {
      "file_path": "/media/NFS/ttao/scannet/posed_images/scene0152_00/00474.jpg",
      "transform_matrix": [
        [
          -0.279285,
          0.504893,
          -0.816752,
          2.657427
        ],
        [
          0.958491,
          0.095739,
          -0.268569,
          6.172405
        ],
        [
          -0.057403,
          -0.857856,
          -0.510674,
          1.542163
        ],
        [
          0.0,
          0.0,
          0.0,
          1.0
        ]
      ]
    },
    {
      "file_path": "/media/NFS/ttao/scannet/posed_images/scene0152_00/00480.jpg",
      "transform_matrix": [
        [
          -0.261277,
          0.447139,
          -0.855453,
          2.638385
        ],
        [
          0.964476,
          0.085138,
          -0.250074,
          6.221112
        ],
        [
          -0.038987,
          -0.890403,
          -0.453499,
          1.566608
        ],
        [
          0.0,
          0.0,
          0.0,
          1.0
        ]
      ]
    },
    {
      "file_path": "/media/NFS/ttao/scannet/posed_images/scene0152_00/00488.jpg",
      "transform_matrix": [
        [
          -0.233522,
          0.367205,
          -0.900349,
          2.611701
        ],
        [
          0.971819,
          0.057499,
          -0.228609,
          6.276155
        ],
        [
          -0.032177,
          -0.928361,
          -0.370284,
          1.624237
        ],
        [
          0.0,
          0.0,
          0.0,
          1.0
        ]
      ]
    },
    {
      "file_path": "/media/NFS/ttao/scannet/posed_images/scene0152_00/00490.jpg",
      "transform_matrix": [
        [
          -0.215388,
          0.347907,
          -0.912452,
          2.609464
        ],
        [
          0.975849,
          0.041826,
          -0.214406,
          6.266241
        ],
        [
          -0.036429,
          -0.936596,
          -0.348513,
          1.633825
        ],
        [
          0.0,
          0.0,
          0.0,
          1.0
        ]
      ]
    },
    {
      "file_path": "/media/NFS/ttao/scannet/posed_images/scene0152_00/00499.jpg",
      "transform_matrix": [
        [
          -0.154207,
          0.266955,
          -0.951291,
          2.591974
        ],
        [
          0.987536,
          0.010923,
          -0.157017,
          6.279597
        ],
        [
          -0.031526,
          -0.963647,
          -0.265312,
          1.70434
        ],
        [
          0.0,
          0.0,
          0.0,
          1.0
        ]
      ]
    },
    {
      "file_path": "/media/NFS/ttao/scannet/posed_images/scene0152_00/00509.jpg",
      "transform_matrix": [
        [
          -0.033186,
          0.172967,
          -0.984368,
          2.576494
        ],
        [
          0.99771,
          -0.052339,
          -0.042833,
          6.283018
        ],
        [
          -0.05893,
          -0.983536,
          -0.170834,
          1.790719
        ],
        [
          0.0,
          0.0,
          0.0,
          1.0
        ]
      ]
    },
    {
      "file_path": "/media/NFS/ttao/scannet/posed_images/scene0152_00/00514.jpg",
      "transform_matrix": [
        [
          0.048243,
          0.130394,
          -0.990288,
          2.586299
        ],
        [
          0.994284,
          -0.100815,
          0.035163,
          6.249337
        ],
        [
          -0.095251,
          -0.986323,
          -0.134512,
          1.789365
        ],
        [
          0.0,
          0.0,
          0.0,
          1.0
        ]
      ]
    },
    {
      "file_path": "/media/NFS/ttao/scannet/posed_images/scene0152_00/00520.jpg",
      "transform_matrix": [
        [
          0.190478,
          0.128982,
          -0.973181,
          2.605568
        ],
        [
          0.975694,
          -0.134285,
          0.173172,
          6.173347
        ],
        [
          -0.108347,
          -0.982513,
          -0.151425,
          1.786438
        ],
        [
          0.0,
          0.0,
          0.0,
          1.0
        ]
      ]
    },
    {
      "file_path": "/media/NFS/ttao/scannet/posed_images/scene0152_00/00526.jpg",
      "transform_matrix": [
        [
          0.247262,
          0.170984,
          -0.953743,
          2.629063
        ],
        [
          0.963254,
          -0.149932,
          0.222848,
          6.159122
        ],
        [
          -0.104893,
          -0.973799,
          -0.201773,
          1.751683
        ],
        [
          0.0,
          0.0,
          0.0,
          1.0
        ]
      ]
    },
    {
      "file_path": "/media/NFS/ttao/scannet/posed_images/scene0152_00/00537.jpg",
      "transform_matrix": [
        [
          0.356024,
          0.339512,
          -0.87062,
          2.674784
        ],
        [
          0.93216,
          -0.194601,
          0.305302,
          6.093625
        ],
        [
          -0.06577,
          -0.920251,
          -0.385762,
          1.629913
        ],
        [
          0.0,
          0.0,
          0.0,
          1.0
        ]
      ]
    },
    {
      "file_path": "/media/NFS/ttao/scannet/posed_images/scene0152_00/00539.jpg",
      "transform_matrix": [
        [
          0.373991,
          0.35967,
          -0.85485,
          2.685917
        ],
        [
          0.924499,
          -0.217832,
          0.312811,
          6.083332
        ],
        [
          -0.073705,
          -0.907297,
