{
  "frames": [
    {
      "file_path": "/media/NFS/ttao/scannet/posed_images/scene0136_01/00000.jpg",
      "transform_matrix": [
        [
          -0.106791,
          -0.141653,
          0.984139,
          1.201674
        ],
        [
          -0.994261,
          0.008773,
          -0.106627,
          1.734594
        ],
        [
          0.00647,
          -0.989878,
          -0.141776,
          1.644202
        ],
        [
          0.0,
          0.0,
          0.0,
          1.0
        ]
      ]
    },
    {
      "file_path": "/media/NFS/ttao/scannet/posed_images/scene0136_01/00004.jpg",
      "transform_matrix": [
        [
          -0.109936,
          -0.146218,
          0.983125,
          1.203105
        ],
        [
          -0.993833,
          0.001742,
          -0.110874,
          1.736855
        ],
        [
          0.014499,
          -0.989251,
          -0.145507,
          1.642191
        ],
        [
          0.0,
          0.0,
          0.0,
          1.0
        ]
      ]
    },
    {
      "file_path": "/media/NFS/ttao/scannet/posed_images/scene0136_01/00006.jpg",
      "transform_matrix": [
        [
          -0.111117,
          -0.146521,
          0.982947,
          1.204318
        ],
        [
          -0.993676,
          0.000295,
          -0.112286,
          1.738021
        ],
        [
          0.016162,
          -0.989208,
          -0.145628,
          1.642144
        ],
        [
          0.0,
          0.0,
          0.0,
          1.0
        ]
      ]
    },
    {
      "file_path": "/media/NFS/ttao/scannet/posed_images/scene0136_01/00008.jpg",
      "transform_matrix": [
        [
          -0.111363,
          -0.146917,
          0.98286,
          1.203932
        ],
        [
          -0.99359,
          -0.002875,
          -0.113008,
          1.738213
        ],
        [
          0.019429,
          -0.989145,
          -0.145655,
          1.641794
        ],
        [
          0.0,
          0.0,
          0.0,
          1.0
        ]
      ]
    },
    {
      "file_path": "/media/NFS/ttao/scannet/posed_images/scene0136_01/00010.jpg",
      "transform_matrix": [
        [
          -0.113729,
          -0.150639,
          0.982025,
          1.206149
        ],
        [
          -0.993184,
          -0.008172,
          -0.116275,
          1.742873
        ],
        [
          0.025541,
          -0.988555,
          -0.148683,
          1.642492
        ],
        [
          0.0,
          0.0,
          0.0,
          1.0
        ]
      ]
    },
    {
      "file_path": "/media/NFS/ttao/scannet/posed_images/scene0136_01/00013.jpg",
      "transform_matrix": [
        [
          -0.113399,
          -0.155718,
          0.981271,
          1.207981
        ],
        [
          -0.993197,
          -0.008567,
          -0.116137,
          1.745219
        ],
        [
          0.026491,
          -0.987764,
          -0.153687,
          1.63946
        ],
        [
          0.0,
          0.0,
          0.0,
          1.0
        ]
      ]
    },
    {
      "file_path": "/media/NFS/ttao/scannet/posed_images/scene0136_01/00015.jpg",
      "transform_matrix": [
        [
          -0.11183,
          -0.159413,
          0.980857,
          1.209994
        ],
        [
          -0.993414,
          -0.006855,
          -0.114376,
          1.746837
        ],
        [
          0.024957,
          -0.987188,
          -0.157597,
          1.63441
        ],
        [
          0.0,
          0.0,
          0.0,
          1.0
        ]
      ]
    },
    {
      "file_path": "/media/NFS/ttao/scannet/posed_images/scene0136_01/00018.jpg",
      "transform_matrix": [
        [
          -0.107017,
          -0.172222,
          0.979228,
          1.212321
        ],
        [
          -0.993975,
          -0.004963,
          -0.109501,
          1.743224
        ],
        [
          0.023718,
          -0.985046,
          -0.170653,
          1.623381
        ],
        [
          0.0,
          0.0,
          0.0,
          1.0
        ]
      ]
    },
    {
      "file_path": "/media/NFS/ttao/scannet/posed_images/scene0136_01/00020.jpg",
      "transform_matrix": [
        [
          -0.111468,
          -0.188618,
          0.975704,
          1.218258
        ],
        [
          -0.993498,
          -0.001766,
          -0.113842,
          1.751241
        ],
        [
          0.023196,
          -0.982049,
          -0.187195,
          1.615384
        ],
        [
          0.0,
          0.0,
          0.0,
          1.0
        ]
      ]
    },
    {
      "file_path": "/media/NFS/ttao/scannet/posed_images/scene0136_01/00023.jpg",
      "transform_matrix": [
        [
          -0.115091,
          -0.216609,
          0.969451,
          1.223566
        ],
        [
          -0.993128,
          0.004197,
          -0.116965,
          1.747708
        ],
        [
          0.021267,
          -0.97625,
          -0.215603,
          1.595832
        ],
        [
          0.0,
          0.0,
          0.0,
          1.0
        ]
      ]
    },
    {
      "file_path": "/media/NFS/ttao/scannet/posed_images/scene0136_01/00027.jpg",
      "transform_matrix": [
        [
          -0.128616,
          -0.242638,
          0.961553,
          1.231228
        ],
        [
          -0.991693,
          0.02951,
          -0.125201,
          1.744498
        ],
        [
          0.002003,
          -0.969668,
          -0.244418,
          1.57588
        ],
        [
          0.0,
          0.0,
          0.0,
          1.0
        ]
      ]
    },
    {
      "file_path": "/media/NFS/ttao/scannet/posed_images/scene0136_01/00029.jpg",
      "transform_matrix": [
        [
          -0.131778,
          -0.253456,
          0.958329,
          1.235307
        ],
        [
          -0.991255,
          0.040442,
          -0.125609,
          1.744875
        ],
        [
          -0.006921,
          -0.966501,
          -0.256569,
          1.561538
        ],
        [
          0.0,
          0.0,
          0.0,
          1.0
        ]
      ]
    },
    {
      "file_path": "/media/NFS/ttao/scannet/posed_images/scene0136_01/00031.jpg",
      "transform_matrix": [
        [
          -0.135395,
          -0.272932,
          0.952458,
          1.239943
        ],
        [
          -0.990777,
          0.042594,
          -0.128636,
          1.751313
        ],
        [
          -0.00546,
          -0.96109,
          -0.276182,
          1.544239
        ],
        [
          0.0,
          0.0,
          0.0,
          1.0
        ]
      ]
    },
    {
      "file_path": "/media/NFS/ttao/scannet/posed_images/scene0136_01/00034.jpg",
      "transform_matrix": [
        [
          -0.138016,
          -0.312312,
          0.9399,
          1.246715
        ],
        [
          -0.99043,
          0.042782,
          -0.13122,
          1.752807
        ],
        [
          0.000771,
          -0.949016,
          -0.315228,
          1.514597
        ],
        [
          0.0,
          0.0,
          0.0,
          1.0
        ]
      ]
    },
    {
      "file_path": "/media/NFS/ttao/scannet/posed_images/scene0136_01/00038.jpg",
      "transform_matrix": [
        [
          -0.150972,
          -0.35709,
          0.921788,
          1.254636
        ],
        [
          -0.988501,
          0.062642,
          -0.137631,
          1.758998
        ],
        [
          -0.008596,
          -0.931967,
          -0.362441,
          1.473682
        ],
        [
          0.0,
          0.0,
          0.0,
          1.0
        ]
      ]
    },
    {
      "file_path": "/media/NFS/ttao/scannet/posed_images/scene0136_01/00039.jpg",
      "transform_matrix": [
        [
          -0.152165,
          -0.36648,
          0.917899,
          1.25686
        ],
        [
          -0.988316,
          0.064667,
          -0.13802,
          1.762902
        ],
        [
          -0.008776,
          -0.928176,
          -0.372038,
          1.460425
        ],
        [
          0.0,
          0.0,
          0.0,
          1.0
        ]
      ]
    },
    {
      "file_path": "/media/NFS/ttao/scannet/posed_images/scene0136_01/00041.jpg",
      "transform_matrix": [
        [
          -0.156147,
          -0.393186,
          0.906103,
          1.264777
        ],
        [
          -0.987717,
          0.067502,
          -0.14092,
          1.775704
        ],
        [
          -0.005756,
          -0.916978,
          -0.398897,
          1.430812
        ],
        [
          0.0,
          0.0,
          0.0,
          1.0
        ]
      ]
    },
    {
      "file_path": "/media/NFS/ttao/scannet/posed_images/scene0136_01/00044.jpg",
      "transform_matrix": [
        [
          -0.159548,
          -0.438341,
          0.884535,
          1.275438
        ],
        [
          -0.987111,
          0.082231,
          -0.137299,
          1.785087
        ],
        [
          -0.012552,
          -0.895039,
          -0.44581,
          1.392262
        ],
        [
          0.0,
          0.0,
          0.0,
          1.0
        ]
      ]
    },
    {
      "file_path": "/media/NFS/ttao/scannet/posed_images/scene0136_01/00048.jpg",
      "transform_matrix": [
        [
          -0.184802,
          -0.469474,
          0.86339,
          1.294119
        ],
        [
          -0.982763,
          0.092746,
          -0.159921,
          1.804059
        ],
        [
          -0.004997,
          -0.878062,
          -0.478521,
          1.355066
        ],
        [
          0.0,
          0.0,
          0.0,
          1.0
        ]
      ]
    },
    {
      "file_path": "/media/NFS/ttao/scannet/posed_images/scene0136_01/00051.jpg",
      "transform_matrix": [
        [
          -0.192127,
          -0.475982,
          0.858212,
          1.304513
        ],
        [
          -0.981362,
          0.096815,
          -0.166001,
          1.816934
        ],
        [
          -0.004075,
          -0.87411,
          -0.485711,
          1.330942
        ],
        [
          0.0,
          0.0,
          0.0,
          1.0
        ]
      ]
    },
    {
      "file_path": "/media/NFS/ttao/scannet/posed_images/scene0136_01/00052.jpg",
      "transform_matrix": [
        [
          -0.191644,
          -0.474449,
          0.859168,
          1.30637
        ],
        [
          -0.981452,
          0.09715,
          -0.165272,
          1.819529
        ],
        [
          -0.005055,
          -0.874906,
          -0.484267,
          1.330744
        ],
        [
          0.0,
          0.0,
          0.0,
          1.0
        ]
      ]
    },
    {
      "file_path": "/media/NFS/ttao/scannet/posed_images/scene0136_01/00056.jpg",
      "transform_matrix": [
        [
          -0.192118,
          -0.454038,
          0.870023,
          1.321576
        ],
        [
          -0.981371,
          0.09,
          -0.169737,
          1.829691
        ],
        [
          -0.001235,
          -0.886425,
          -0.462871,
          1.332117
        ],
        [
          0.0,
          0.0,
          0.0,
          1.0
        ]
      ]
    },
    {
      "file_path": "/media/NFS/ttao/scannet/posed_images/scene0136_01/00057.jpg",
      "transform_matrix": [
        [
          -0.193772,
          -0.451848,
          0.870796,
          1.325758
        ],
        [
          -0.981047,
          0.089019,
          -0.172114,
          1.831003
        ],
        [
          0.000252,
          -0.887642,
          -0.460534,
          1.334198
        ],
        [
          0.0,
          0.0,
          0.0,
          1.0
        ]
      ]
    },
    {
      "file_path": "/media/NFS/ttao/scannet/posed_images/scene0136_01/00061.jpg",
      "transform_matrix": [
        [
          -0.190038,
          -0.419083,
          0.887837,
          1.336921
        ],
        [
          -0.981737,
          0.072974,
          -0.175692,
          1.830117
        ],
        [
          0.008841,
          -0.905011,
          -0.425297,
          1.342603
        ],
        [
          0.0,
          0.0,
          0.0,
          1.0
        ]
      ]
    },
    {
      "file_path": "/media/NFS/ttao/scannet/posed_images/scene0136_01/00064.jpg",
      "transform_matrix": [
        [
          -0.187041,
          -0.397626,
          0.898281,
          1.346695
        ],
        [
          -0.98232,
          0.068334,
          -0.174291,
          1.824483
        ],
        [
          0.00792,
          -0.914999,
          -0.403377,
          1.354622
        ],
        [
          0.0,
          0.0,
          0.0,
          1.0
        ]
      ]
    },
    {
      "file_path": "/media/NFS/ttao/scannet/posed_images/scene0136_01/00065.jpg",
      "transform_matrix": [
        [
          -0.186714,
          -0.391354,
          0.901099,
          1.349069
        ],
        [
          -0.982403,
          0.06986,
          -0.17322,
          1.821873
        ],
        [
          0.004839,
          -0.917585,
          -0.397511,
          1.359878
        ],
        [
          0.0,
          0.0,
          0.0,
          1.0
        ]
      ]
    },
    {
      "file_path": "/media/NFS/ttao/scannet/posed_images/scene0136_01/00068.jpg",
      "transform_matrix": [
        [
          -0.180673,
          -0.37237,
          0.910328,
          1.356657
        ],
        [
          -0.983485,
          0.078492,
          -0.163085,
          1.811564
        ],
        [
          -0.010726,
          -0.924759,
          -0.380402,
          1.381265
        ],
        [
          0.0,
          0.0,
          0.0,
          1.0
        ]
      ]
    },
    {
      "file_path": "/media/NFS/ttao/scannet/posed_images/scene0136_01/00070.jpg",
      "transform_matrix": [
        [
          -0.176461,
          -0.354023,
          0.918438,
          1.360875
        ],
        [
          -0.984218,
          0.076086,
          -0.159771,
          1.806918
        ],
        [
          -0.013318,
          -0.932137,
          -0.361862,
          1.394986
        ],
        [
          0.0,
          0.0,
          0.0,
          1.0
        ]
      ]
    },
    {
      "file_path": "/media/NFS/ttao/scannet/posed_images/scene0136_01/00074.jpg",
      "transform_matrix": [
        [
          -0.178861,
          -0.318714,
          0.930822,
          1.366646
        ],
        [
          -0.983872,
          0.055685,
          -0.169989,
          1.802361
        ],
        [
          0.002345,
          -0.946214,
          -0.323534,
          1.420854
        ],
        [
          0.0,
          0.0,
          0.0,
          1.0
        ]
      ]
    },
    {
      "file_path": "/media/NFS/ttao/scannet/posed_images/scene0136_01/00076.jpg",
      "transform_matrix": [
        [
          -0.180641,
          -0.302708,
          0.935808,
          1.367689
        ],
        [
          -0.983484,
          0.044647,
          -0.175402,
          1.804893
        ],
        [
          0.011315,
          -0.952037,
          -0.305773,
          1.430499
        ],
        [
          0.0,
          0.0,
          0.0,
          1.0
        ]
      ]
    },
    {
      "file_path": "/media/NFS/ttao/scannet/posed_images/scene0136_01/00078.jpg",
      "transform_matrix": [
        [
          -0.189761,
          -0.296358,
          0.936036,
          1.369662
        ],
        [
          -0.981432,
          0.030075,
          -0.189442,
          1.80797
        ],
        [
          0.027991,
          -0.954603,
          -0.296562,
          1.433809
        ],
        [
          0.0,
          0.0,
          0.0,
          1.0
        ]
      ]
    },
    {
      "file_path": "/media/NFS/ttao/scannet/posed_images/scene0136_01/00082.jpg",
      "transform_matrix": [
        [
          -0.231431,
          -0.260341,
          0.93737,
          1.375
        ],
        [
          -0.97239,
          0.032222,
          -0.231128,
          1.821378
        ],
        [
          0.029969,
          -0.964979,
          -0.26061,
          1.475178
        ],
        [
          0.0,
          0.0,
          0.0,
          1.0
        ]
      ]
    },
    {
      "file_path": "/media/NFS/ttao/scannet/posed_images/scene0136_01/00083.jpg",
      "transform_matrix": [
        [
          -0.235466,
          -0.24883,
          0.939489,
          1.37459
        ],
        [
          -0.971498,
          0.033076,
          -0.234728,
          1.825876
        ],
        [
          0.027333,
          -0.967982,
          -0.249526,
          1.483579
        ],
        [
          0.0,
          0.0,
          0.0,
          1.0
        ]
      ]
    },
    {
      "file_path": "/media/NFS/ttao/scannet/posed_images/scene0136_01/00088.jpg",
      "transform_matrix": [
        [
          -0.266856,
          -0.211894,
          0.940153,
          1.371324
        ],
        [
          -0.963632,
          0.044319,
          -0.263532,
          1.857889
        ],
        [
          0.014175,
          -0.976287,
          -0.216015,
          1.518766
        ],
        [
          0.0,
          0.0,
          0.0,
          1.0
        ]
      ]
    },
    {
      "file_path": "/media/NFS/ttao/scannet/posed_images/scene0136_01/00090.jpg",
      "transform_matrix": [
        [
          -0.272216,
          -0.201909,
          0.940814,
          1.371835
        ],
        [
          -0.9622,
          0.048672,
          -0.267958,
          1.867744
        ],
        [
          0.008312,
          -0.978194,
          -0.207526,
          1.539443
        ],
        [
          0.0,
          0.0,
          0.0,
          1.0
        ]
      ]
    },
    {
      "file_path": "/media/NFS/ttao/scannet/posed_images/scene0136_01/00093.jpg",
      "transform_matrix": [
        [
          -0.287366,
          -0.188541,
          0.939081,
          1.368089
        ],
        [
          -0.957535,
          0.032572,
          -0.286473,
          1.889864
        ],
        [
          0.023425,
          -0.981525,
          -0.189895,
          1.547626
        ],
        [
          0.0,
          0.0,
          0.0,
          1.0
        ]
      ]
    },
    {
      "file_path": "/media/NFS/ttao/scannet/posed_images/scene0136_01/00094.jpg",
      "transform_matrix": [
        [
          -0.292245,
          -0.190341,
          0.93721,
          1.366685
        ],
        [
          -0.955897,
          0.028203,
          -0.292344,
          1.894048
        ],
        [
          0.029213,
          -0.981313,
          -0.190189,
          1.552096
        ],
        [
          0.0,
          0.0,
          0.0,
          1.0
        ]
      ]
    },
    {
      "file_path": "/media/NFS/ttao/scannet/posed_images/scene0136_01/00098.jpg",
      "transform_matrix": [
        [
          -0.320446,
          -0.180611,
          0.929889,
          1.365341
        ],
        [
          -0.946202,
          0.0145,
          -0.323251,
          1.920261
        ],
        [
          0.044899,
          -0.983448,
          -0.175542,
          1.567185
        ],
        [
          0.0,
          0.0,
          0.0,
          1.0
        ]
      ]
    },
    {
      "file_path": "/media/NFS/ttao/scannet/posed_images/scene0136_01/00101.jpg",
      "transform_matrix": [
        [
          -0.333359,
          -0.171199,
          0.927126,
          1.360145
        ],
        [
          -0.94154,
          0.009632,
          -0.336763,
          1.927775
        ],
        [
          0.048723,
          -0.98519,
          -0.164401,
          1.571632
        ],
        [
          0.0,
          0.0,
          0.0,
          1.0
        ]
      ]
    },
    {
      "file_path": "/media/NFS/ttao/scannet/posed_images/scene0136_01/00102.jpg",
      "transform_matrix": [
        [
          -0.337677,
          -0.170767,
          0.925642,
          1.356658
        ],
        [
          -0.939989,
          0.010034,
          -0.341059,
          1.929687
        ],
        [
          0.048953,
          -0.98526,
          -0.163907,
          1.572797
        ],
        [
          0.0,
          0.0,
          0.0,
          1.0
        ]
      ]
    },
    {
      "file_path": "/media/NFS/ttao/scannet/posed_images/scene0136_01/00104.jpg",
      "transform_matrix": [
        [
          -0.34844,
          -0.171924,
          0.921429,
          1.353596
        ],
        [
          -0.935973,
          0.010919,
          -0.351903,
          1.934292
        ],
        [
          0.05044,
          -0.98505,
          -0.164721,
          1.571018
        ],
        [
          0.0,
          0.0,
          0.0,
          1.0
        ]
      ]
    },
    {
      "file_path": "/media/NFS/ttao/scannet/posed_images/scene0136_01/00109.jpg",
      "transform_matrix": [
        [
          -0.379262,
          -0.195367,
          0.904429,
          1.339845
        ],
        [
          -0.923598,
          0.020851,
          -0.382796,
          1.937503
        ],
        [
          0.055928,
          -0.980509,
          -0.188348,
          1.564427
        ],
        [
          0.0,
          0.0,
          0.0,
          1.0
        ]
      ]
    },
    {
      "file_path": "/media/NFS/ttao/scannet/posed_images/scene0136_01/00111.jpg",
      "transform_matrix": [
        [
          -0.384157,
          -0.201283,
          0.90106,
          1.336261
        ],
        [
          -0.921689,
          0.026549,
          -0.387021,
          1.935788
        ],
        [
          0.053979,
          -0.979173,
          -0.195719,
          1.564773
        ],
        [
          0.0,
          0.0,
          0.0,
          1.0
        ]
      ]
    },
    {
      "file_path": "/media/NFS/ttao/scannet/posed_images/scene0136_01/00112.jpg",
      "transform_matrix": [
        [
          -0.385355,
          -0.202336,
          0.900312,
          1.332383
        ],
        [
          -0.921321,
          0.029736,
          -0.387664,
          1.934772
        ],
        [
          0.051667,
          -0.978865,
          -0.197876,
          1.56411
        ],
        [
          0.0,
          0.0,
          0.0,
          1.0
        ]
      ]
    },
    {
      "file_path": "/media/NFS/ttao/scannet/posed_images/scene0136_01/00116.jpg",
      "transform_matrix": [
        [
          -0.394715,
          -0.222221,
          0.891526,
          1.318681
        ],
        [
          -0.917338,
          0.040519,
          -0.396043,
          1.929526
        ],
        [
          0.051886,
          -0.974154,
          -0.219845,
          1.553242
        ],
        [
          0.0,
          0.0,
          0.0,
          1.0
        ]
      ]
    },
    {
      "file_path": "/media/NFS/ttao/scannet/posed_images/scene0136_01/00117.jpg",
      "transform_matrix": [
        [
          -0.399445,
          -0.227581,
          0.88806,
          1.314978
        ],
        [
          -0.915171,
          0.042027,
          -0.40087,
          1.927608
        ],
        [
          0.053908,
          -0.972852,
          -0.225063,
          1.550783
        ],
        [
          0.0,
          0.0,
          0.0,
          1.0
        ]
      ]
    },
    {
      "file_path": "/media/NFS/ttao/scannet/posed_images/scene0136_01/00120.jpg",
      "transform_matrix": [
        [
          -0.415003,
          -0.240688,
          0.877406,
          1.305918
        ],
        [
          -0.908164,
          0.051431,
          -0.415443,
          1.921714
        ],
        [
          0.054866,
          -0.969239,
          -0.239928,
          1.545391
        ],
        [
          0.0,
          0.0,
          0.0,
          1.0
        ]
      ]
    },
    {
      "file_path": "/media/NFS/ttao/scannet/posed_images/scene0136_01/00124.jpg",
      "transform_matrix": [
        [
          -0.425298,
          -0.258972,
          0.867211,
          1.295042
        ],
        [
          -0.903744,
          0.069999,
          -0.422311,
          1.916147
        ],
        [
          0.048663,
          -0.963345,
          -0.263815,
          1.531339
        ],
        [
          0.0,
          0.0,
          0.0,
          1.0
        ]
      ]
    },
    {
      "file_path": "/media/NFS/ttao/scannet/posed_images/scene0136_01/00127.jpg",
      "transform_matrix": [
        [
          -0.42391,
          -0.268735,
          0.864917,
          1.288738
        ],
        [
          -0.904581,
          0.078079,
          -0.41909,
          1.91499
        ],
        [
          0.045093,
          -0.960044,
          -0.276191,
          1.521899
        ],
        [
          0.0,
          0.0,
          0.0,
          1.0
        ]
      ]
    },
    {
      "file_path": "/media/NFS/ttao/scannet/posed_images/scene0136_01/00128.jpg",
      "transform_matrix": [
        [
          -0.42286,
          -0.267938,
          0.865678,
          1.285961
        ],
        [
          -0.905187,
          0.07984,
          -0.417448,
          1.914287
        ],
        [
          0.042734,
          -0.960122,
          -0.276295,
          1.516541
        ],
        [
          0.0,
          0.0,
          0.0,
          1.0
        ]
      ]
    },
    {
      "file_path": "/media/NFS/ttao/scannet/posed_images/scene0136_01/00132.jpg",
      "transform_matrix": [
        [
          -0.427772,
          -0.290044,
          0.856087,
          1.279507
        ],
        [
          -0.902836,
          0.091453,
          -0.420147,
          1.913045
        ],
        [
          0.04357,
          -0.952634,
          -0.300983,
          1.49696
        ],
        [
          0.0,
          0.0,
          0.0,
          1.0
        ]
      ]
    },
    {
      "file_path": "/media/NFS/ttao/scannet/posed_images/scene0136_01/00133.jpg",
      "transform_matrix": [
        [
          -0.428369,
          -0.297672,
          0.853165,
          1.278283
        ],
        [
          -0.902424,
          0.092702,
          -0.420758,
          1.913625
        ],
        [
          0.046158,
          -0.950157,
          -0.308337,
          1.490728
        ],
        [
          0.0,
          0.0,
          0.0,
          1.0
        ]
      ]
    },
    {
      "file_path": "/media/NFS/ttao/scannet/posed_images/scene0136_01/00136.jpg",
      "transform_matrix": [
        [
          -0.4282,
          -0.326652,
          0.842581,
          1.272375
        ],
        [
          -0.902027,
          0.09806,
          -0.420395,
          1.911009
        ],
        [
          0.054699,
          -0.940044,
          -0.336638,
          1.473264
        ],
        [
          0.0,
          0.0,
          0.0,
          1.0
        ]
      ]
    },
    {
      "file_path": "/media/NFS/ttao/scannet/posed_images/scene0136_01/00140.jpg",
      "transform_matrix": [
        [
          -0.440516,
          -0.372633,
          0.816756,
          1.274997
        ],
        [
          -0.895159,
          0.113313,
          -0.431105,
          1.918787
        ],
        [
          0.068095,
          -0.921035,
          -0.383481,
          1.443898
        ],
        [
          0.0,
          0.0,
          0.0,
          1.0
        ]
      ]
    },
    {
      "file_path": "/media/NFS/ttao/scannet/posed_images/scene0136_01/00143.jpg",
      "transform_matrix": [
        [
          -0.446429,
          -0.389969,
          0.805372,
          1.270484
        ],
        [
          -0.892893,
          0.135109,
          -0.429522,
          1.915385
        ],
        [
          0.058687,
          -0.910862,
          -0.408517,
          1.42781
        ],
        [
          0.0,
          0.0,
          0.0,
          1.0
        ]
      ]
    },
    {
      "file_path": "/media/NFS/ttao/scannet/posed_images/scene0136_01/00145.jpg",
      "transform_matrix": [
        [
          -0.447332,
          -0.399832,
          0.800018,
          1.266326
        ],
        [
          -0.892698,
          0.144966,
          -0.426703,
          1.91211
        ],
        [
          0.054635,
          -0.905052,
          -0.421777,
          1.418296
        ],
        [
          0.0,
          0.0,
          0.0,
          1.0
        ]
      ]
    },
    {
      "file_path": "/media/NFS/ttao/scannet/posed_images/scene0136_01/00148.jpg",
      "transform_matrix": [
        [
          -0.449386,
          -0.405797,
          0.795852,
          1.263595
        ],
        [
          -0.892211,
          0.159151,
          -0.422647,
          1.909716
        ],
        [
          0.044849,
          -0.9,
          -0.433577,
          1.41007
        ],
        [
          0.0,
          0.0,
          0.0,
          1.0
        ]
      ]
    },
    {
      "file_path": "/media/NFS/ttao/scannet/posed_images/scene0136_01/00149.jpg",
      "transform_matrix": [
        [
          -0.449803,
          -0.405754,
          0.795638,
          1.26396
        ],
        [
          -0.892137,
          0.162178,
          -0.421651,
          1.908171
        ],
        [
          0.042051,
          -0.899479,
          -0.434937,
          1.409747
        ],
        [
          0.0,
          0.0,
          0.0,
          1.0
        ]
      ]
    },
    {
      "file_path": "/media/NFS/ttao/scannet/posed_images/scene0136_01/00151.jpg",
      "transform_matrix": [
        [
          -0.451645,
          -0.397973,
          0.79852,
          1.26428
        ],
        [
          -0.89144,
          0.164394,
          -0.422268,
          1.904236
        ],
        [
          0.03678,
          -0.902548,
          -0.429016,
          1.412686
        ],
        [
          0.0,
          0.0,
          0.0,
          1.0
        ]
      ]
    },
    {
      "file_path": "/media/NFS/ttao/scannet/posed_images/scene0136_01/00156.jpg",
      "transform_matrix": [
        [
          -0.460512,
          -0.370124,
          0.806806,
          1.261523
        ],
        [
          -0.887021,
          0.157581,
          -0.434007,
          1.897626
        ],
        [
          0.033499,
          -0.91552,
          -0.400875,
          1.427153
        ],
        [
          0.0,
          0.0,
          0.0,
          1.0
        ]
      ]
    },
    {
      "file_path": "/media/NFS/ttao/scannet/posed_images/scene0136_01/00157.jpg",
      "transform_matrix": [
        [
          -0.462627,
          -0.364727,
          0.808054,
          1.262491
        ],
        [
          -0.885952,
          0.156626,
          -0.43653,
          1.896564
        ],
        [
          0.032652,
          -0.917847,
          -0.39559,
          1.430576
        ],
        [
          0.0,
          0.0,
          0.0,
          1.0
        ]
      ]
    },
    {
      "file_path": "/media/NFS/ttao/scannet/posed_images/scene0136_01/00160.jpg",
      "transform_matrix": [
        [
          -0.468427,
          -0.350046,
          0.811198,
          1.26233
        ],
        [
          -0.882718,
          0.146759,
          -0.446397,
          1.892993
        ],
        [
          0.037209,
          -0.925165,
          -0.377738,
          1.442514
        ],
        [
          0.0,
          0.0,
          0.0,
          1.0
        ]
      ]
    },
    {
      "file_path": "/media/NFS/ttao/scannet/posed_images/scene0136_01/00164.jpg",
      "transform_matrix": [
        [
          -0.471471,
          -0.329312,
          0.818088,
          1.26286
        ],
        [
          -0.880563,
          0.125077,
          -0.457127,
          1.886678
        ],
        [
          0.048213,
          -0.9359,
          -0.34895,
          1.459008
        ],
        [
          0.0,
          0.0,
          0.0,
          1.0
        ]
      ]
    },
    {
      "file_path": "/media/NFS/ttao/scannet/posed_images/scene0136_01/00166.jpg",
      "transform_matrix": [
        [
          -0.472014,
          -0.318058,
          0.822217,
          1.263698
        ],
        [
          -0.880223,
          0.118094,
          -0.459632,
          1.883069
        ],
        [
          0.049091,
          -0.940687,
          -0.335705,
          1.468601
        ],
        [
          0.0,
          0.0,
          0.0,
          1.0
        ]
      ]
    },
    {
      "file_path": "/media/NFS/ttao/scannet/posed_images/scene0136_01/00167.jpg",
      "transform_matrix": [
        [
          -0.471506,
          -0.313195,
          0.824372,
          1.26317
        ],
        [
          -0.880547,
          0.116167,
          -0.459502,
          1.880356
        ],
        [
          0.048149,
          -0.942557,
          -0.330557,
          1.472771
        ],
        [
          0.0,
          0.0,
          0.0,
          1.0
        ]
      ]
    },
    {
      "file_path": "/media/NFS/ttao/scannet/posed_images/scene0136_01/00170.jpg",
      "transform_matrix": [
        [
          -0.476341,
          -0.298135,
          0.827172,
          1.267746
        ],
        [
          -0.878085,
          0.112663,
          -0.465053,
          1.873011
        ],
        [
          0.045457,
          -0.947852,
          -0.315454,
          1.486388
        ],
        [
          0.0,
          0.0,
          0.0,
          1.0
        ]
      ]
    },
    {
      "file_path": "/media/NFS/ttao/scannet/posed_images/scene0136_01/00172.jpg",
      "transform_matrix": [
        [
          -0.482061,
          -0.281659,
          0.829629,
          1.27113
        ],
        [
          -0.874864,
          0.103714,
          -0.473134,
          1.867493
        ],
        [
          0.047219,
          -0.953893,
          -0.29641,
          1.492476
        ],
        [
          0.0,
          0.0,
          0.0,
          1.0
        ]
      ]
    },
    {
      "file_path": "/media/NFS/ttao/scannet/posed_images/scene0136_01/00175.jpg",
      "transform_matrix": [
        [
          -0.49703,
          -0.260792,
          0.827616,
          1.281461
        ],
        [
          -0.865917,
          0.087394,
          -0.492493,
          1.859349
        ],
        [
          0.05611,
          -0.961431,
          -0.269262,
          1.50275
        ],
        [
          0.0,
          0.0,
          0.0,
          1.0
        ]
      ]
    },
    {
      "file_path": "/media/NFS/ttao/scannet/posed_images/scene0136_01/00179.jpg",
      "transform_matrix": [
        [
          -0.52981,
          -0.238003,
          0.814036,
          1.312715
        ],
        [
          -0.845071,
          0.066883,
          -0.530454,
          1.852783
        ],
        [
          0.071805,
          -0.968959,
          -0.236565,
          1.516648
        ],
        [
          0.0,
          0.0,
          0.0,
          1.0
        ]
      ]
    },
    {
      "file_path": "/media/NFS/ttao/scannet/posed_images/scene0136_01/00182.jpg",
      "transform_matrix": [
        [
          -0.56012,
          -0.214158,
          0.800251,
          1.344167
        ],
        [
          -0.824913,
          0.055496,
          -0.56253,
          1.85167
        ],
        [
          0.07606,
          -0.975221,
          -0.207746,
          1.522391
        ],
        [
          0.0,
          0.0,
          0.0,
          1.0
        ]
      ]
    },
    {
      "file_path": "/media/NFS/ttao/scannet/posed_images/scene0136_01/00185.jpg",
      "transform_matrix": [
        [
          -0.584544,
          -0.203662,
          0.785385,
          1.382936
        ],
        [
          -0.80719,
          0.047935,
          -0.588343,
          1.84836
        ],
        [
          0.082176,
          -0.977867,
          -0.192414,
          1.526291
        ],
        [
          0.0,
          0.0,
          0.0,
          1.0
        ]
      ]
    },
    {
      "file_path": "/media/NFS/ttao/scannet/posed_images/scene0136_01/00186.jpg",
      "transform_matrix": [
        [
          -0.593794,
          -0.201112,
          0.779078,
          1.39876
        ],
        [
          -0.800202,
          0.046308,
          -0.59794,
          1.847254
        ],
        [
          0.084175,
          -0.978473,
          -0.188428,
          1.532451
        ],
        [
          0.0,
          0.0,
          0.0,
          1.0
        ]
      ]
    },
    {
      "file_path": "/media/NFS/ttao/scannet/posed_images/scene0136_01/00190.jpg",
      "transform_matrix": [
        [
          -0.625032,
          -0.172543,
          0.761291,
          1.451394
        ],
        [
          -0.775961,
          0.031182,
          -0.630009,
          1.848291
        ],
        [
          0.084965,
          -0.984508,
          -0.153376,
          1.546552
        ],
        [
          0.0,
          0.0,
          0.0,
          1.0
        ]
      ]
    },
    {
      "file_path": "/media/NFS/ttao/scannet/posed_images/scene0136_01/00192.jpg",
      "transform_matrix": [
        [
          -0.635945,
          -0.170032,
          0.75277,
          1.479235
        ],
        [
          -0.766631,
          0.027195,
          -0.641512,
          1.848237
        ],
        [
          0.088606,
          -0.985063,
          -0.147646,
          1.547617
        ],
        [
          0.0,
          0.0,
          0.0,
          1.0
        ]
      ]
    },
    {
      "file_path": "/media/NFS/ttao/scannet/posed_images/scene0136_01/00195.jpg",
      "transform_matrix": [
        [
          -0.651223,
          -0.166761,
          0.740337,
          1.515914
        ],
        [
          -0.754496,
          0.037487,
          -0.655234,
          1.843284
        ],
        [
          0.081515,
          -0.985285,
          -0.150233,
          1.552879
        ],
        [
          0.0,
          0.0,
          0.0,
          1.0
        ]
      ]
    },
    {
      "file_path": "/media/NFS/ttao/scannet/posed_images/scene0136_01/00196.jpg",
      "transform_matrix": [
        [
          -0.653781,
          -0.164143,
          0.738666,
          1.527525
        ],
        [
          -0.752638,
          0.040241,
          -0.657204,
          1.841032
        ],
        [
          0.078151,
          -0.985615,
          -0.149849,
          1.552782
        ],
        [
          0.0,
          0.0,
          0.0,
          1.0
        ]
      ]
    },
    {
      "file_path": "/media/NFS/ttao/scannet/posed_images/scene0136_01/00199.jpg",
      "transform_matrix": [
        [
          -0.669756,
          -0.15852,
          0.725463,
          1.564461
        ],
        [
          -0.738707,
          0.04257,
          -0.672681,
          1.831158
        ],
        [
          0.075751,
          -0.986438,
          -0.145612,
          1.550739
        ],
        [
          0.0,
          0.0,
          0.0,
          1.0
        ]
      ]
    },
    {
      "file_path": "/media/NFS/ttao/scannet/posed_images/scene0136_01/00201.jpg",
      "transform_matrix": [
        [
          -0.680326,
          -0.160171,
          0.715193,
          1.587366
        ],
        [
          -0.72884,
          0.045161,
          -0.683193,
          1.81951
        ],
        [
