{
  "frames": [
    {
      "file_path": "/media/NFS/ttao/scannet/posed_images/scene0256_01/00002.jpg",
      "transform_matrix": [
        [
          0.667708,
          0.556327,
          -0.494639,
          1.769498
        ],
        [
          0.742333,
          -0.547362,
          0.386442,
          1.521926
        ],
        [
          -0.055758,
          -0.625217,
          -0.778457,
          1.257003
        ],
        [
          0.0,
          0.0,
          0.0,
          1.0
        ]
      ]
    },
    {
      "file_path": "/media/NFS/ttao/scannet/posed_images/scene0256_01/00007.jpg",
      "transform_matrix": [
        [
          0.669358,
          0.5696,
          -0.476986,
          1.784565
        ],
        [
          0.741556,
          -0.551403,
          0.382165,
          1.517963
        ],
        [
          -0.045331,
          -0.609517,
          -0.791476,
          1.256582
        ],
        [
          0.0,
          0.0,
          0.0,
          1.0
        ]
      ]
    },
    {
      "file_path": "/media/NFS/ttao/scannet/posed_images/scene0256_01/00011.jpg",
      "transform_matrix": [
        [
          0.667509,
          0.563822,
          -0.486351,
          1.79648
        ],
        [
          0.742924,
          -0.54813,
          0.384211,
          1.509547
        ],
        [
          -0.049957,
          -0.617785,
          -0.784758,
          1.254764
        ],
        [
          0.0,
          0.0,
          0.0,
          1.0
        ]
      ]
    },
    {
      "file_path": "/media/NFS/ttao/scannet/posed_images/scene0256_01/00018.jpg",
      "transform_matrix": [
        [
          0.661434,
          0.552438,
          -0.507264,
          1.811535
        ],
        [
          0.74837,
          -0.530745,
          0.397809,
          1.497404
        ],
        [
          -0.049463,
          -0.642746,
          -0.764481,
          1.263463
        ],
        [
          0.0,
          0.0,
          0.0,
          1.0
        ]
      ]
    },
    {
      "file_path": "/media/NFS/ttao/scannet/posed_images/scene0256_01/00025.jpg",
      "transform_matrix": [
        [
          0.662236,
          0.557502,
          -0.500635,
          1.805171
        ],
        [
          0.748781,
          -0.517161,
          0.414575,
          1.470698
        ],
        [
          -0.027783,
          -0.649412,
          -0.759929,
          1.268368
        ],
        [
          0.0,
          0.0,
          0.0,
          1.0
        ]
      ]
    },
    {
      "file_path": "/media/NFS/ttao/scannet/posed_images/scene0256_01/00031.jpg",
      "transform_matrix": [
        [
          0.691978,
          0.541692,
          -0.477218,
          1.768108
        ],
        [
          0.721918,
          -0.51799,
          0.458826,
          1.424306
        ],
        [
          0.001348,
          -0.66201,
          -0.749494,
          1.280162
        ],
        [
          0.0,
          0.0,
          0.0,
          1.0
        ]
      ]
    },
    {
      "file_path": "/media/NFS/ttao/scannet/posed_images/scene0256_01/00036.jpg",
      "transform_matrix": [
        [
          0.729459,
          0.494994,
          -0.472091,
          1.723701
        ],
        [
          0.683867,
          -0.542581,
          0.487783,
          1.376026
        ],
        [
          -0.014698,
          -0.678665,
          -0.734301,
          1.290871
        ],
        [
          0.0,
          0.0,
          0.0,
          1.0
        ]
      ]
    },
    {
      "file_path": "/media/NFS/ttao/scannet/posed_images/scene0256_01/00043.jpg",
      "transform_matrix": [
        [
          0.779588,
          0.43141,
          -0.454013,
          1.658365
        ],
        [
          0.624228,
          -0.594051,
          0.507388,
          1.312194
        ],
        [
          -0.050814,
          -0.678961,
          -0.732413,
          1.29554
        ],
        [
          0.0,
          0.0,
          0.0,
          1.0
        ]
      ]
    },
    {
      "file_path": "/media/NFS/ttao/scannet/posed_images/scene0256_01/00050.jpg",
      "transform_matrix": [
        [
          0.79229,
          0.398117,
          -0.462363,
          1.605529
        ],
        [
          0.607292,
          -0.587743,
          0.53456,
          1.264752
        ],
        [
          -0.058934,
          -0.704316,
          -0.707436,
          1.313375
        ],
        [
          0.0,
          0.0,
          0.0,
          1.0
        ]
      ]
    },
    {
      "file_path": "/media/NFS/ttao/scannet/posed_images/scene0256_01/00052.jpg",
      "transform_matrix": [
        [
          0.795603,
          0.388255,
          -0.465053,
          1.596156
        ],
        [
          0.6027,
          -0.585043,
          0.542658,
          1.256444
        ],
        [
          -0.061386,
          -0.712028,
          -0.699463,
          1.320048
        ],
        [
          0.0,
          0.0,
          0.0,
          1.0
        ]
      ]
    },
    {
      "file_path": "/media/NFS/ttao/scannet/posed_images/scene0256_01/00063.jpg",
      "transform_matrix": [
        [
          0.807163,
          0.341292,
          -0.481671,
          1.558466
        ],
        [
          0.589033,
          -0.51965,
          0.618873,
          1.245312
        ],
        [
          -0.039084,
          -0.783252,
          -0.620475,
          1.348191
        ],
        [
          0.0,
          0.0,
          0.0,
          1.0
        ]
      ]
    },
    {
      "file_path": "/media/NFS/ttao/scannet/posed_images/scene0256_01/00065.jpg",
      "transform_matrix": [
        [
          0.803647,
          0.342383,
          -0.48675,
          1.550859
        ],
        [
          0.593897,
          -0.513536,
          0.619328,
          1.249072
        ],
        [
          -0.037916,
          -0.7868,
          -0.616042,
          1.350338
        ],
        [
          0.0,
          0.0,
          0.0,
          1.0
        ]
      ]
    },
    {
      "file_path": "/media/NFS/ttao/scannet/posed_images/scene0256_01/00070.jpg",
      "transform_matrix": [
        [
          0.795608,
          0.334666,
          -0.504982,
          1.523843
        ],
        [
          0.604517,
          -0.493037,
          0.625679,
          1.26576
        ],
        [
          -0.039582,
          -0.803065,
          -0.594575,
          1.352445
        ],
        [
          0.0,
          0.0,
          0.0,
          1.0
        ]
      ]
    },
    {
      "file_path": "/media/NFS/ttao/scannet/posed_images/scene0256_01/00079.jpg",
      "transform_matrix": [
        [
          0.779502,
          0.31524,
          -0.541295,
          1.469448
        ],
        [
          0.624633,
          -0.456042,
          0.633924,
          1.31997
        ],
        [
          -0.047015,
          -0.832255,
          -0.552395,
          1.369105
        ],
        [
          0.0,
          0.0,
          0.0,
          1.0
        ]
      ]
    },
    {
      "file_path": "/media/NFS/ttao/scannet/posed_images/scene0256_01/00086.jpg",
      "transform_matrix": [
        [
          0.725061,
          0.377811,
          -0.5758,
          1.438317
        ],
        [
          0.686953,
          -0.456033,
          0.5658,
          1.338468
        ],
        [
          -0.048818,
          -0.805787,
          -0.59019,
          1.351163
        ],
        [
          0.0,
          0.0,
          0.0,
          1.0
        ]
      ]
    },
    {
      "file_path": "/media/NFS/ttao/scannet/posed_images/scene0256_01/00088.jpg",
      "transform_matrix": [
        [
          0.719921,
          0.384543,
          -0.577789,
          1.429812
        ],
        [
          0.692125,
          -0.459828,
          0.556347,
          1.345496
        ],
        [
          -0.051745,
          -0.800428,
          -0.597192,
          1.352015
        ],
        [
          0.0,
          0.0,
          0.0,
          1.0
        ]
      ]
    },
    {
      "file_path": "/media/NFS/ttao/scannet/posed_images/scene0256_01/00095.jpg",
      "transform_matrix": [
        [
          0.733575,
          0.409233,
          -0.542583,
          1.402567
        ],
        [
          0.678321,
          -0.490017,
          0.547508,
          1.355663
        ],
        [
          -0.041817,
          -0.769683,
          -0.637055,
          1.347115
        ],
        [
          0.0,
          0.0,
          0.0,
          1.0
        ]
      ]
    },
    {
      "file_path": "/media/NFS/ttao/scannet/posed_images/scene0256_01/00101.jpg",
      "transform_matrix": [
        [
          0.762882,
          0.41017,
          -0.499771,
          1.388757
        ],
        [
          0.64465,
          -0.541597,
          0.539537,
          1.352047
        ],
        [
          -0.049373,
          -0.73378,
          -0.677591,
          1.333962
        ],
        [
          0.0,
          0.0,
          0.0,
          1.0
        ]
      ]
    },
    {
      "file_path": "/media/NFS/ttao/scannet/posed_images/scene0256_01/00108.jpg",
      "transform_matrix": [
        [
          0.7738,
          0.407966,
          -0.484558,
          1.385435
        ],
        [
          0.629409,
          -0.581266,
          0.515727,
          1.343566
        ],
        [
          -0.071258,
          -0.704055,
          -0.706562,
          1.324315
        ],
        [
          0.0,
          0.0,
          0.0,
          1.0
        ]
      ]
    },
    {
      "file_path": "/media/NFS/ttao/scannet/posed_images/scene0256_01/00117.jpg",
      "transform_matrix": [
        [
          0.797094,
          0.399047,
          -0.453214,
          1.406255
        ],
        [
          0.599043,
          -0.617113,
          0.510215,
          1.345408
        ],
        [
          -0.076084,
          -0.678184,
          -0.730943,
          1.322809
        ],
        [
          0.0,
          0.0,
          0.0,
          1.0
        ]
      ]
    },
    {
      "file_path": "/media/NFS/ttao/scannet/posed_images/scene0256_01/00118.jpg",
      "transform_matrix": [
        [
          0.797816,
          0.397993,
          -0.452871,
          1.412586
        ],
        [
          0.597774,
          -0.619937,
          0.508276,
          1.345992
        ],
        [
          -0.078461,
          -0.676225,
          -0.732505,
          1.32229
        ],
        [
          0.0,
          0.0,
          0.0,
          1.0
        ]
      ]
    },
    {
      "file_path": "/media/NFS/ttao/scannet/posed_images/scene0256_01/00124.jpg",
      "transform_matrix": [
        [
          0.797827,
          0.39923,
          -0.451761,
          1.467187
        ],
        [
          0.596801,
          -0.62919,
          0.497945,
          1.346863
        ],
        [
          -0.085449,
          -0.666885,
          -0.740245,
          1.314927
        ],
        [
          0.0,
          0.0,
          0.0,
          1.0
        ]
      ]
    },
    {
      "file_path": "/media/NFS/ttao/scannet/posed_images/scene0256_01/00133.jpg",
      "transform_matrix": [
        [
          0.832727,
          0.387964,
          -0.395032,
          1.584844
        ],
        [
          0.549579,
          -0.665884,
          0.504541,
          1.358078
        ],
        [
          -0.067302,
          -0.637246,
          -0.767716,
          1.2966
        ],
        [
          0.0,
          0.0,
          0.0,
          1.0
        ]
      ]
    },
    {
      "file_path": "/media/NFS/ttao/scannet/posed_images/scene0256_01/00138.jpg",
      "transform_matrix": [
        [
          0.865696,
          0.344686,
          -0.362991,
          1.648377
        ],
        [
          0.493081,
          -0.712161,
          0.499699,
          1.369033
        ],
        [
          -0.086268,
          -0.611571,
          -0.786473,
          1.294143
        ],
        [
          0.0,
          0.0,
          0.0,
          1.0
        ]
      ]
    },
    {
      "file_path": "/media/NFS/ttao/scannet/posed_images/scene0256_01/00145.jpg",
      "transform_matrix": [
        [
          0.903781,
          0.279814,
          -0.323857,
          1.731697
        ],
        [
          0.415314,
          -0.756194,
          0.505653,
          1.37444
        ],
        [
          -0.10341,
          -0.591502,
          -0.799645,
          1.290463
        ],
        [
          0.0,
          0.0,
          0.0,
          1.0
        ]
      ]
    },
    {
      "file_path": "/media/NFS/ttao/scannet/posed_images/scene0256_01/00153.jpg",
      "transform_matrix": [
        [
          0.949062,
          0.184397,
          -0.255499,
          1.798098
        ],
        [
          0.2972,
          -0.793217,
          0.531487,
          1.391617
        ],
        [
          -0.104661,
          -0.580348,
          -0.807615,
          1.29646
        ],
        [
          0.0,
          0.0,
          0.0,
          1.0
        ]
      ]
    },
    {
      "file_path": "/media/NFS/ttao/scannet/posed_images/scene0256_01/00154.jpg",
      "transform_matrix": [
        [
          0.954404,
          0.170375,
          -0.245125,
          1.803502
        ],
        [
          0.280151,
          -0.794784,
          0.538363,
          1.391094
        ],
        [
          -0.103098,
          -0.582487,
          -0.806275,
          1.297725
        ],
        [
          0.0,
          0.0,
          0.0,
          1.0
        ]
      ]
    },
    {
      "file_path": "/media/NFS/ttao/scannet/posed_images/scene0256_01/00162.jpg",
      "transform_matrix": [
        [
          0.9854,
          0.074745,
          -0.152972,
          1.829127
        ],
        [
          0.148438,
          -0.81722,
          0.556882,
          1.375739
        ],
        [
          -0.083387,
          -0.571458,
          -0.816384,
          1.292236
        ],
        [
          0.0,
          0.0,
          0.0,
          1.0
        ]
      ]
    },
    {
      "file_path": "/media/NFS/ttao/scannet/posed_images/scene0256_01/00171.jpg",
      "transform_matrix": [
        [
          0.998354,
          -0.003494,
          -0.057242,
          1.87174
        ],
        [
          0.027493,
          -0.846797,
          0.531205,
          1.351781
        ],
        [
          -0.050328,
          -0.531904,
          -0.845308,
          1.285374
        ],
        [
          0.0,
          0.0,
          0.0,
          1.0
        ]
      ]
    },
    {
      "file_path": "/media/NFS/ttao/scannet/posed_images/scene0256_01/00176.jpg",
      "transform_matrix": [
        [
          0.99906,
          -0.021606,
          -0.037581,
          1.900606
        ],
        [
          0.001104,
          -0.853978,
          0.520308,
          1.344436
        ],
        [
          -0.043335,
          -0.51986,
          -0.853152,
          1.286868
        ],
        [
          0.0,
          0.0,
          0.0,
          1.0
        ]
      ]
    },
    {
      "file_path": "/media/NFS/ttao/scannet/posed_images/scene0256_01/00178.jpg",
      "transform_matrix": [
        [
          0.999458,
          -0.021262,
          -0.025118,
          1.89156
        ],
        [
          -0.005044,
          -0.853221,
          0.521525,
          1.3369
        ],
        [
          -0.03252,
          -0.521116,
          -0.852866,
          1.286184
        ],
        [
          0.0,
          0.0,
          0.0,
          1.0
        ]
      ]
    },
    {
      "file_path": "/media/NFS/ttao/scannet/posed_images/scene0256_01/00185.jpg",
      "transform_matrix": [
        [
          0.998393,
          0.042632,
          -0.037336,
          1.961479
        ],
        [
          0.055948,
          -0.846376,
          0.52964,
          1.330084
        ],
        [
          -0.009021,
          -0.530877,
          -0.847401,
          1.288329
        ],
        [
          0.0,
          0.0,
          0.0,
          1.0
        ]
      ]
    },
    {
      "file_path": "/media/NFS/ttao/scannet/posed_images/scene0256_01/00192.jpg",
      "transform_matrix": [
        [
          0.995217,
          0.086085,
          -0.046171,
          2.006988
        ],
        [
          0.096918,
          -0.810998,
          0.576965,
          1.317353
        ],
        [
          0.012223,
          -0.57868,
          -0.815463,
          1.297292
        ],
        [
          0.0,
          0.0,
          0.0,
          1.0
        ]
      ]
    },
    {
      "file_path": "/media/NFS/ttao/scannet/posed_images/scene0256_01/00197.jpg",
      "transform_matrix": [
        [
          0.990912,
          0.118807,
          -0.063065,
          2.033998
        ],
        [
          0.132543,
          -0.782625,
          0.608218,
          1.313937
        ],
        [
          0.022904,
          -0.61105,
          -0.79126,
          1.308281
        ],
        [
          0.0,
          0.0,
          0.0,
          1.0
        ]
      ]
    },
    {
      "file_path": "/media/NFS/ttao/scannet/posed_images/scene0256_01/00206.jpg",
      "transform_matrix": [
        [
          0.981739,
          0.14218,
          -0.126387,
          2.062341
        ],
        [
          0.190227,
          -0.739477,
          0.645746,
          1.338702
        ],
        [
          -0.001648,
          -0.657996,
          -0.75302,
          1.332354
        ],
        [
          0.0,
          0.0,
          0.0,
          1.0
        ]
      ]
    },
    {
      "file_path": "/media/NFS/ttao/scannet/posed_images/scene0256_01/00212.jpg",
      "transform_matrix": [
        [
          0.975302,
          0.157054,
          -0.155308,
          2.075386
        ],
        [
          0.220858,
          -0.702641,
          0.6764,
          1.380797
        ],
        [
          -0.002895,
          -0.693995,
          -0.719974,
          1.338351
        ],
        [
          0.0,
          0.0,
          0.0,
          1.0
        ]
      ]
    },
    {
      "file_path": "/media/NFS/ttao/scannet/posed_images/scene0256_01/00217.jpg",
      "transform_matrix": [
        [
          0.968193,
          0.169159,
          -0.184354,
          2.07771
        ],
        [
          0.250124,
          -0.672795,
          0.696265,
          1.419469
        ],
        [
          -0.006253,
          -0.72023,
          -0.693707,
          1.33053
        ],
        [
          0.0,
          0.0,
          0.0,
          1.0
        ]
      ]
    },
    {
      "file_path": "/media/NFS/ttao/scannet/posed_images/scene0256_01/00224.jpg",
      "transform_matrix": [
        [
          0.961422,
          0.148397,
          -0.231617,
          2.086674
        ],
        [
          0.272011,
          -0.638267,
          0.720156,
          1.476196
        ],
        [
          -0.040965,
          -0.755376,
          -0.654009,
          1.307518
        ],
        [
          0.0,
          0.0,
          0.0,
          1.0
        ]
      ]
    },
    {
      "file_path": "/media/NFS/ttao/scannet/posed_images/scene0256_01/00226.jpg",
      "transform_matrix": [
        [
          0.960886,
          0.156435,
          -0.228529,
          2.084911
        ],
        [
          0.274746,
          -0.642195,
          0.715611,
          1.496916
        ],
        [
          -0.034814,
          -0.750409,
          -0.660057,
          1.306456
        ],
        [
          0.0,
          0.0,
          0.0,
          1.0
        ]
      ]
    },
    {
      "file_path": "/media/NFS/ttao/scannet/posed_images/scene0256_01/00237.jpg",
      "transform_matrix": [
        [
          0.944539,
          0.195586,
          -0.263802,
          2.083153
        ],
        [
          0.328261,
          -0.585503,
          0.741236,
          1.603478
        ],
        [
          -0.009482,
          -0.786723,
          -0.617233,
          1.31442
        ],
        [
          0.0,
          0.0,
          0.0,
          1.0
        ]
      ]
    },
    {
      "file_path": "/media/NFS/ttao/scannet/posed_images/scene0256_01/00241.jpg",
      "transform_matrix": [
        [
          0.930046,
          0.219808,
          -0.294446,
          2.102431
        ],
        [
          0.367442,
          -0.554701,
          0.746521,
          1.645659
        ],
        [
          0.000762,
          -0.80249,
          -0.596664,
          1.320505
        ],
        [
          0.0,
          0.0,
          0.0,
          1.0
        ]
      ]
    },
    {
      "file_path": "/media/NFS/ttao/scannet/posed_images/scene0256_01/00248.jpg",
      "transform_matrix": [
        [
          0.919663,
          0.230564,
          -0.317901,
          2.136065
        ],
        [
          0.392445,
          -0.50989,
          0.765506,
          1.720255
        ],
        [
          0.014403,
          -0.828766,
          -0.559411,
          1.336396
        ],
        [
          0.0,
          0.0,
          0.0,
          1.0
        ]
      ]
    },
    {
      "file_path": "/media/NFS/ttao/scannet/posed_images/scene0256_01/00251.jpg",
      "transform_matrix": [
        [
          0.916291,
          0.231033,
          -0.327161,
          2.147182
        ],
        [
          0.40033,
          -0.503653,
          0.765552,
          1.746491
        ],
        [
          0.012092,
          -0.832441,
          -0.553982,
          1.34336
        ],
        [
          0.0,
          0.0,
          0.0,
          1.0
        ]
      ]
    },
    {
      "file_path": "/media/NFS/ttao/scannet/posed_images/scene0256_01/00258.jpg",
      "transform_matrix": [
        [
          0.928806,
          0.214002,
          -0.302527,
          2.151495
        ],
        [
          0.370414,
          -0.512718,
          0.774541,
          1.800384
        ],
        [
          0.010642,
          -0.831459,
          -0.555485,
          1.359727
        ],
        [
          0.0,
          0.0,
          0.0,
          1.0
        ]
      ]
    },
    {
      "file_path": "/media/NFS/ttao/scannet/posed_images/scene0256_01/00266.jpg",
      "transform_matrix": [
        [
          0.937332,
          0.168297,
          -0.305099,
          2.138528
        ],
        [
          0.348055,
          -0.493308,
          0.797186,
          1.843642
        ],
        [
          -0.016344,
          -0.853419,
          -0.52097,
          1.381166
        ],
        [
          0.0,
          0.0,
          0.0,
          1.0
        ]
      ]
    },
    {
      "file_path": "/media/NFS/ttao/scannet/posed_images/scene0256_01/00273.jpg",
      "transform_matrix": [
        [
          0.948506,
          0.15067,
          -0.278631,
          2.117394
        ],
        [
          0.316628,
          -0.476365,
          0.820258,
          1.873476
        ],
        [
          -0.009142,
          -0.866242,
          -0.499541,
          1.387421
        ],
        [
          0.0,
          0.0,
          0.0,
          1.0
        ]
      ]
    },
    {
      "file_path": "/media/NFS/ttao/scannet/posed_images/scene0256_01/00275.jpg",
      "transform_matrix": [
        [
          0.953303,
          0.149962,
          -0.262155,
          2.114698
        ],
        [
          0.302004,
          -0.481276,
          0.822902,
          1.885021
        ],
        [
          -0.002765,
          -0.863647,
          -0.50409,
          1.386662
        ],
        [
          0.0,
          0.0,
          0.0,
          1.0
        ]
      ]
    },
    {
      "file_path": "/media/NFS/ttao/scannet/posed_images/scene0256_01/00284.jpg",
      "transform_matrix": [
        [
          0.959435,
          0.158099,
          -0.233429,
          2.121736
        ],
        [
          0.281546,
          -0.494132,
          0.822536,
          1.932473
        ],
        [
          0.014697,
          -0.854891,
          -0.518599,
          1.387886
        ],
        [
          0.0,
          0.0,
          0.0,
          1.0
        ]
      ]
    },
    {
      "file_path": "/media/NFS/ttao/scannet/posed_images/scene0256_01/00285.jpg",
      "transform_matrix": [
        [
          0.95844,
          0.158831,
          -0.236993,
          2.127904
        ],
        [
          0.284985,
          -0.494313,
          0.821242,
          1.936507
        ],
        [
          0.01329,
          -0.85465,
          -0.519034,
          1.386166
        ],
        [
          0.0,
          0.0,
          0.0,
          1.0
        ]
      ]
    },
    {
      "file_path": "/media/NFS/ttao/scannet/posed_images/scene0256_01/00293.jpg",
      "transform_matrix": [
        [
          0.933526,
          0.218266,
          -0.284411,
          2.191772
        ],
        [
          0.357051,
          -0.49453,
          0.792436,
          1.969476
        ],
        [
          0.032312,
          -0.841309,
          -0.539588,
          1.379076
        ],
        [
          0.0,
          0.0,
          0.0,
          1.0
        ]
      ]
    },
    {
      "file_path": "/media/NFS/ttao/scannet/posed_images/scene0256_01/00302.jpg",
      "transform_matrix": [
        [
          0.949051,
          0.23735,
          -0.207284,
          2.264091
        ],
        [
          0.301398,
          -0.491691,
          0.816945,
          1.998584
        ],
        [
          0.091982,
          -0.837798,
          -0.538177,
          1.37999
        ],
        [
          0.0,
          0.0,
          0.0,
          1.0
        ]
      ]
    },
    {
      "file_path": "/media/NFS/ttao/scannet/posed_images/scene0256_01/00303.jpg",
      "transform_matrix": [
        [
          0.95225,
          0.229824,
          -0.201001,
          2.267667
        ],
        [
          0.292377,
          -0.496754,
          0.817161,
          2.001678
        ],
        [
          0.087955,
          -0.836909,
          -0.540229,
          1.381697
        ],
        [
          0.0,
          0.0,
          0.0,
          1.0
        ]
      ]
    },
    {
      "file_path": "/media/NFS/ttao/scannet/posed_images/scene0256_01/00311.jpg",
      "transform_matrix": [
        [
          0.962339,
          0.20124,
          -0.182774,
          2.304481
        ],
        [
          0.260196,
          -0.487062,
          0.833708,
          2.025021
        ],
        [
          0.078753,
          -0.849867,
          -0.521081,
          1.391683
        ],
        [
          0.0,
          0.0,
          0.0,
          1.0
        ]
      ]
    },
    {
      "file_path": "/media/NFS/ttao/scannet/posed_images/scene0256_01/00318.jpg",
      "transform_matrix": [
        [
          0.970463,
          0.175892,
          -0.16512,
          2.313003
        ],
        [
          0.230043,
          -0.468472,
          0.853003,
          2.035238
        ],
        [
          0.072682,
          -0.865792,
          -0.495097,
          1.387849
        ],
        [
          0.0,
          0.0,
          0.0,
          1.0
        ]
      ]
    },
    {
      "file_path": "/media/NFS/ttao/scannet/posed_images/scene0256_01/00321.jpg",
      "transform_matrix": [
        [
          0.967013,
          0.18708,
          -0.172875,
          2.302871
        ],
        [
          0.242845,
          -0.472239,
          0.847359,
          2.046714
        ],
        [
          0.076885,
          -0.861389,
          -0.502093,
          1.390477
        ],
        [
          0.0,
          0.0,
          0.0,
          1.0
        ]
      ]
    },
    {
      "file_path": "/media/NFS/ttao/scannet/posed_images/scene0256_01/00332.jpg",
      "transform_matrix": [
        [
          0.950964,
          0.188992,
          -0.244846,
          2.258668
        ],
        [
          0.306102,
          -0.46149,
          0.832664,
          2.123427
        ],
        [
          0.044373,
          -0.866781,
          -0.496711,
          1.387721
        ],
        [
          0.0,
          0.0,
          0.0,
          1.0
        ]
      ]
    },
    {
      "file_path": "/media/NFS/ttao/scannet/posed_images/scene0256_01/00334.jpg",
      "transform_matrix": [
        [
          0.948385,
          0.189549,
          -0.254237,
          2.253596
        ],
        [
          0.314695,
          -0.463582,
          0.828287,
          2.13817
        ],
        [
          0.039141,
          -0.865542,
          -0.499304,
          1.382865
        ],
        [
          0.0,
          0.0,
          0.0,
          1.0
        ]
      ]
    },
    {
      "file_path": "/media/NFS/ttao/scannet/posed_images/scene0256_01/00343.jpg",
      "transform_matrix": [
        [
          0.920318,
          0.215929,
          -0.326175,
          2.236659
        ],
        [
          0.390874,
          -0.475087,
          0.788359,
          2.215181
        ],
        [
          0.015268,
          -0.853034,
          -0.521632,
          1.380885
        ],
        [
          0.0,
          0.0,
          0.0,
          1.0
        ]
      ]
    },
    {
      "file_path": "/media/NFS/ttao/scannet/posed_images/scene0256_01/00350.jpg",
      "transform_matrix": [
        [
          0.88719,
          0.230918,
          -0.399464,
          2.23935
        ],
        [
          0.461309,
          -0.461528,
          0.757751,
          2.299164
        ],
        [
          -0.009385,
          -0.856545,
          -0.515987,
          1.385145
        ],
        [
          0.0,
          0.0,
          0.0,
          1.0
        ]
      ]
    },
    {
      "file_path": "/media/NFS/ttao/scannet/posed_images/scene0256_01/00355.jpg",
      "transform_matrix": [
        [
          0.849906,
          0.248545,
          -0.464635,
          2.260827
        ],
        [
          0.526835,
          -0.417997,
          0.740084,
          2.362732
        ],
        [
          -0.010272,
          -0.873787,
          -0.4862,
          1.38662
        ],
        [
          0.0,
          0.0,
          0.0,
          1.0
        ]
      ]
    },
    {
      "file_path": "/media/NFS/ttao/scannet/posed_images/scene0256_01/00359.jpg",
      "transform_matrix": [
        [
          0.820963,
          0.268068,
          -0.504141,
          2.271254
        ],
        [
          0.570881,
          -0.401917,
          0.715932,
          2.414222
        ],
        [
          -0.010704,
          -0.875558,
          -0.482994,
          1.390898
        ],
        [
          0.0,
          0.0,
          0.0,
          1.0
        ]
      ]
    },
    {
      "file_path": "/media/NFS/ttao/scannet/posed_images/scene0256_01/00368.jpg",
      "transform_matrix": [
        [
          0.726377,
          0.37095,
          -0.578596,
          2.270819
        ],
        [
          0.687296,
          -0.390485,
          0.612492,
          2.51094
        ],
        [
          0.00127,
          -0.842566,
          -0.538591,
          1.372399
        ],
        [
          0.0,
          0.0,
          0.0,
          1.0
        ]
      ]
    },
    {
      "file_path": "/media/NFS/ttao/scannet/posed_images/scene0256_01/00370.jpg",
      "transform_matrix": [
        [
          0.709263,
          0.378505,
          -0.59471,
          2.265391
        ],
        [
          0.704905,
          -0.389705,
          0.592654,
          2.533896
        ],
        [
          -0.007438,
          -0.839561,
          -0.543214,
          1.374115
        ],
        [
          0.0,
          0.0,
          0.0,
          1.0
        ]
      ]
    },
    {
      "file_path": "/media/NFS/ttao/scannet/posed_images/scene0256_01/00381.jpg",
      "transform_matrix": [
        [
          0.618745,
          0.432419,
          -0.655872,
          2.21982
        ],
        [
          0.785551,
          -0.332077,
          0.522144,
          2.653334
        ],
        [
          0.007985,
          -0.838295,
          -0.545158,
          1.364466
        ],
        [
          0.0,
          0.0,
          0.0,
          1.0
        ]
      ]
    },
    {
      "file_path": "/media/NFS/ttao/scannet/posed_images/scene0256_01/00386.jpg",
      "transform_matrix": [
        [
          0.587972,
          0.449898,
          -0.672221,
          2.210975
        ],
        [
          0.80883,
          -0.317606,
          0.494895,
          2.708648
        ],
        [
          0.009151,
          -0.834696,
          -0.550634,
          1.360935
        ],
        [
          0.0,
          0.0,
          0.0,
          1.0
        ]
      ]
    },
    {
      "file_path": "/media/NFS/ttao/scannet/posed_images/scene0256_01/00388.jpg",
      "transform_matrix": [
        [
          0.570262,
          0.465048,
          -0.677149,
          2.207247
        ],
        [
          0.821372,
          -0.310545,
          0.478446,
          2.732988
        ],
        [
          0.012215,
          -0.829031,
          -0.559069,
          1.363088
        ],
        [
          0.0,
          0.0,
          0.0,
          1.0
        ]
      ]
    },
    {
      "file_path": "/media/NFS/ttao/scannet/posed_images/scene0256_01/00397.jpg",
      "transform_matrix": [
        [
          0.460203,
          0.485617,
          -0.743229,
          2.222748
        ],
        [
          0.887782,
          -0.244592,
          0.389896,
          2.839542
        ],
        [
          0.007552,
          -0.839256,
          -0.543684,
          1.362757
        ],
        [
          0.0,
          0.0,
          0.0,
          1.0
        ]
      ]
    },
    {
      "file_path": "/media/NFS/ttao/scannet/posed_images/scene0256_01/00404.jpg",
      "transform_matrix": [
        [
          0.356727,
          0.515187,
          -0.779312,
          2.250534
        ],
        [
          0.933432,
          -0.162562,
          0.319809,
          2.932876
        ],
        [
          0.038075,
          -0.84152,
          -0.538883,
          1.365193
        ],
        [
          0.0,
          0.0,
          0.0,
          1.0
        ]
      ]
    },
    {
      "file_path": "/media/NFS/ttao/scannet/posed_images/scene0256_01/00407.jpg",
      "transform_matrix": [
        [
          0.314595,
          0.526998,
          -0.789496,
          2.256006
        ],
        [
          0.948053,
          -0.133114,
          0.288921,
          2.968904
        ],
        [
          0.047169,
          -0.839377,
          -0.541499,
          1.365547
        ],
        [
          0.0,
          0.0,
          0.0,
          1.0
        ]
      ]
    },
    {
      "file_path": "/media/NFS/ttao/scannet/posed_images/scene0256_01/00416.jpg",
      "transform_matrix": [
        [
          0.195375,
          0.535203,
          -0.821819,
          2.247356
        ],
        [
          0.980615,
          -0.093857,
          0.172003,
          3.053033
        ],
        [
          0.014923,
          -0.839493,
          -0.543166,
          1.366581
        ],
        [
          0.0,
          0.0,
          0.0,
          1.0
        ]
      ]
    },
    {
      "file_path": "/media/NFS/ttao/scannet/posed_images/scene0256_01/00418.jpg",
      "transform_matrix": [
        [
          0.17861,
          0.534873,
          -0.825838,
          2.237416
        ],
        [
          0.983871,
          -0.088735,
          0.155318,
          3.072182
        ],
        [
          0.009795,
          -0.84026,
          -0.542095,
          1.368663
        ],
        [
          0.0,
          0.0,
          0.0,
          1.0
        ]
      ]
    },
    {
      "file_path": "/media/NFS/ttao/scannet/posed_images/scene0256_01/00425.jpg",
      "transform_matrix": [
        [
          0.139548,
          0.535092,
          -0.833188,
          2.208155
        ],
        [
          0.990174,
          -0.067708,
          0.122358,
          3.152976
        ],
        [
          0.00906,
          -0.842076,
          -0.539283,
          1.361288
        ],
        [
          0.0,
          0.0,
          0.0,
          1.0
        ]
      ]
    },
    {
      "file_path": "/media/NFS/ttao/scannet/posed_images/scene0256_01/00431.jpg",
      "transform_matrix": [
        [
          0.156827,
          0.550413,
          -0.820031,
          2.184724
        ],
        [
          0.987609,
          -0.082547,
          0.133469,
          3.226797
        ],
        [
          0.005772,
          -0.830801,
          -0.556539,
          1.360128
        ],
        [
          0.0,
          0.0,
          0.0,
          1.0
        ]
      ]
    },
    {
      "file_path": "/media/NFS/ttao/scannet/posed_images/scene0256_01/00436.jpg",
      "transform_matrix": [
        [
          0.166055,
          0.550058,
          -0.818451,
          2.174404
        ],
        [
          0.986056,
          -0.101814,
          0.131633,
          3.296566
        ],
        [
          -0.010924,
          -0.828897,
          -0.559295,
          1.363858
        ],
        [
          0.0,
          0.0,
          0.0,
          1.0
        ]
      ]
    },
    {
      "file_path": "/media/NFS/ttao/scannet/posed_images/scene0256_01/00442.jpg",
      "transform_matrix": [
        [
          0.192215,
          0.53922,
          -0.819936,
          2.173826
        ],
        [
          0.981095,
          -0.124735,
          0.147965,
          3.37298
        ],
        [
          -0.022489,
          -0.832877,
          -0.553002,
          1.376933
        ],
        [
          0.0,
          0.0,
          0.0,
          1.0
        ]
      ]
    },
    {
      "file_path": "/media/NFS/ttao/scannet/posed_images/scene0256_01/00447.jpg",
      "transform_matrix": [
        [
          0.195474,
          0.544143,
          -0.815903,
          2.180772
        ],
        [
          0.980499,
          -0.125645,
          0.151112,
          3.462177
        ],
        [
          -0.020288,
          -0.829531,
          -0.558093,
          1.379338
        ],
        [
          0.0,
          0.0,
          0.0,
          1.0
        ]
      ]
    },
    {
      "file_path": "/media/NFS/ttao/scannet/posed_images/scene0256_01/00458.jpg",
      "transform_matrix": [
        [
          0.319052,
          0.540592,
          -0.778438,
          2.189596
        ],
        [
          0.947737,
          -0.181899,
          0.262121,
          3.610457
        ],
        [
          0.000104,
          -0.821385,
          -0.570374,
          1.375608
        ],
        [
          0.0,
          0.0,
          0.0,
          1.0
        ]
      ]
    },
    {
      "file_path": "/media/NFS/ttao/scannet/posed_images/scene0256_01/00461.jpg",
      "transform_matrix": [
        [
          0.314777,
          0.548895,
          -0.774357,
          2.214422
        ],
        [
          0.949121,
          -0.189963,
          0.251166,
          3.713727
        ],
        [
          -0.009235,
          -0.81402,
          -0.580764,
          1.372861
        ],
        [
          0.0,
