{
  "frames": [
    {
      "file_path": "/media/NFS/ttao/scannet/posed_images/scene0654_01/00002.jpg",
      "transform_matrix": [
        [
          -0.909182,
          -0.098042,
          0.404693,
          1.518082
        ],
        [
          -0.416265,
          0.238733,
          -0.877343,
          4.378364
        ],
        [
          -0.010597,
          -0.966123,
          -0.257863,
          1.430287
        ],
        [
          0.0,
          0.0,
          0.0,
          1.0
        ]
      ]
    },
    {
      "file_path": "/media/NFS/ttao/scannet/posed_images/scene0654_01/00005.jpg",
      "transform_matrix": [
        [
          -0.905044,
          -0.105872,
          0.411929,
          1.538324
        ],
        [
          -0.425291,
          0.235987,
          -0.873749,
          4.376947
        ],
        [
          -0.004704,
          -0.965972,
          -0.258605,
          1.431648
        ],
        [
          0.0,
          0.0,
          0.0,
          1.0
        ]
      ]
    },
    {
      "file_path": "/media/NFS/ttao/scannet/posed_images/scene0654_01/00010.jpg",
      "transform_matrix": [
        [
          -0.896791,
          -0.106739,
          0.429386,
          1.541423
        ],
        [
          -0.442449,
          0.221134,
          -0.869102,
          4.36407
        ],
        [
          -0.002184,
          -0.969385,
          -0.245538,
          1.454238
        ],
        [
          0.0,
          0.0,
          0.0,
          1.0
        ]
      ]
    },
    {
      "file_path": "/media/NFS/ttao/scannet/posed_images/scene0654_01/00017.jpg",
      "transform_matrix": [
        [
          -0.889268,
          -0.090594,
          0.448326,
          1.553553
        ],
        [
          -0.457383,
          0.172112,
          -0.872455,
          4.352187
        ],
        [
          0.001877,
          -0.980903,
          -0.19449,
          1.497469
        ],
        [
          0.0,
          0.0,
          0.0,
          1.0
        ]
      ]
    },
    {
      "file_path": "/media/NFS/ttao/scannet/posed_images/scene0654_01/00026.jpg",
      "transform_matrix": [
        [
          -0.903084,
          -0.07447,
          0.422958,
          1.554397
        ],
        [
          -0.428639,
          0.095285,
          -0.898437,
          4.340292
        ],
        [
          0.026605,
          -0.992661,
          -0.117971,
          1.540798
        ],
        [
          0.0,
          0.0,
          0.0,
          1.0
        ]
      ]
    },
    {
      "file_path": "/media/NFS/ttao/scannet/posed_images/scene0654_01/00028.jpg",
      "transform_matrix": [
        [
          -0.904507,
          -0.069665,
          0.420731,
          1.557109
        ],
        [
          -0.425564,
          0.083524,
          -0.901065,
          4.339085
        ],
        [
          0.027631,
          -0.994068,
          -0.105195,
          1.552641
        ],
        [
          0.0,
          0.0,
          0.0,
          1.0
        ]
      ]
    },
    {
      "file_path": "/media/NFS/ttao/scannet/posed_images/scene0654_01/00038.jpg",
      "transform_matrix": [
        [
          -0.911151,
          -0.029069,
          0.411046,
          1.538576
        ],
        [
          -0.411509,
          0.012044,
          -0.911326,
          4.348684
        ],
        [
          0.021541,
          -0.999505,
          -0.022936,
          1.620274
        ],
        [
          0.0,
          0.0,
          0.0,
          1.0
        ]
      ]
    },
    {
      "file_path": "/media/NFS/ttao/scannet/posed_images/scene0654_01/00040.jpg",
      "transform_matrix": [
        [
          -0.910406,
          -0.009697,
          0.413603,
          1.531693
        ],
        [
          -0.413295,
          -0.023849,
          -0.910285,
          4.358429
        ],
        [
          0.018691,
          -0.999669,
          0.017705,
          1.583846
        ],
        [
          0.0,
          0.0,
          0.0,
          1.0
        ]
      ]
    },
    {
      "file_path": "/media/NFS/ttao/scannet/posed_images/scene0654_01/00048.jpg",
      "transform_matrix": [
        [
          -0.922273,
          0.027438,
          0.385563,
          1.49988
        ],
        [
          -0.386513,
          -0.053981,
          -0.920703,
          4.37708
        ],
        [
          -0.004449,
          -0.998165,
          0.06039,
          1.64713
        ],
        [
          0.0,
          0.0,
          0.0,
          1.0
        ]
      ]
    },
    {
      "file_path": "/media/NFS/ttao/scannet/posed_images/scene0654_01/00050.jpg",
      "transform_matrix": [
        [
          -0.923289,
          0.03176,
          0.382791,
          1.494016
        ],
        [
          -0.383969,
          -0.049641,
          -0.92201,
          4.386781
        ],
        [
          -0.010281,
          -0.998262,
          0.058028,
          1.652872
        ],
        [
          0.0,
          0.0,
          0.0,
          1.0
        ]
      ]
    },
    {
      "file_path": "/media/NFS/ttao/scannet/posed_images/scene0654_01/00057.jpg",
      "transform_matrix": [
        [
          -0.944743,
          0.038144,
          0.325585,
          1.471168
        ],
        [
          -0.326772,
          -0.030539,
          -0.94461,
          4.412336
        ],
        [
          -0.026088,
          -0.998806,
          0.041316,
          1.669624
        ],
        [
          0.0,
          0.0,
          0.0,
          1.0
        ]
      ]
    },
    {
      "file_path": "/media/NFS/ttao/scannet/posed_images/scene0654_01/00062.jpg",
      "transform_matrix": [
        [
          -0.963614,
          0.017831,
          0.266701,
          1.460638
        ],
        [
          -0.266936,
          -0.012399,
          -0.963634,
          4.443835
        ],
        [
          -0.013876,
          -0.999764,
          0.016708,
          1.635938
        ],
        [
          0.0,
          0.0,
          0.0,
          1.0
        ]
      ]
    },
    {
      "file_path": "/media/NFS/ttao/scannet/posed_images/scene0654_01/00073.jpg",
      "transform_matrix": [
        [
          -0.977628,
          -0.013769,
          0.209888,
          1.459041
        ],
        [
          -0.210294,
          0.084723,
          -0.97396,
          4.531263
        ],
        [
          -0.004372,
          -0.996309,
          -0.085723,
          1.554798
        ],
        [
          0.0,
          0.0,
          0.0,
          1.0
        ]
      ]
    },
    {
      "file_path": "/media/NFS/ttao/scannet/posed_images/scene0654_01/00076.jpg",
      "transform_matrix": [
        [
          -0.978808,
          -0.032122,
          0.202244,
          1.461746
        ],
        [
          -0.204712,
          0.128096,
          -0.970404,
          4.549398
        ],
        [
          0.005264,
          -0.991241,
          -0.131957,
          1.523432
        ],
        [
          0.0,
          0.0,
          0.0,
          1.0
        ]
      ]
    },
    {
      "file_path": "/media/NFS/ttao/scannet/posed_images/scene0654_01/00080.jpg",
      "transform_matrix": [
        [
          -0.983369,
          -0.048064,
          0.175146,
          1.482999
        ],
        [
          -0.181115,
          0.187551,
          -0.965413,
          4.570719
        ],
        [
          0.013553,
          -0.981078,
          -0.193137,
          1.482306
        ],
        [
          0.0,
          0.0,
          0.0,
          1.0
        ]
      ]
    },
    {
      "file_path": "/media/NFS/ttao/scannet/posed_images/scene0654_01/00090.jpg",
      "transform_matrix": [
        [
          -0.980119,
          -0.053871,
          0.190959,
          1.489442
        ],
        [
          -0.197918,
          0.333363,
          -0.921791,
          4.566647
        ],
        [
          -0.014,
          -0.941258,
          -0.337397,
          1.418615
        ],
        [
          0.0,
          0.0,
          0.0,
          1.0
        ]
      ]
    },
    {
      "file_path": "/media/NFS/ttao/scannet/posed_images/scene0654_01/00092.jpg",
      "transform_matrix": [
        [
          -0.981044,
          -0.05233,
          0.186587,
          1.488088
        ],
        [
          -0.193005,
          0.350242,
          -0.916559,
          4.564431
        ],
        [
          -0.017387,
          -0.935196,
          -0.353703,
          1.401645
        ],
        [
          0.0,
          0.0,
          0.0,
          1.0
        ]
      ]
    },
    {
      "file_path": "/media/NFS/ttao/scannet/posed_images/scene0654_01/00100.jpg",
      "transform_matrix": [
        [
          -0.992149,
          -0.053671,
          0.112959,
          1.502376
        ],
        [
          -0.125001,
          0.397392,
          -0.909095,
          4.547029
        ],
        [
          0.003903,
          -0.916078,
          -0.400981,
          1.364233
        ],
        [
          0.0,
          0.0,
          0.0,
          1.0
        ]
      ]
    },
    {
      "file_path": "/media/NFS/ttao/scannet/posed_images/scene0654_01/00102.jpg",
      "transform_matrix": [
        [
          -0.994912,
          -0.044181,
          0.090544,
          1.506105
        ],
        [
          -0.10067,
          0.400454,
          -0.91077,
          4.541453
        ],
        [
          0.00398,
          -0.915251,
          -0.402865,
          1.365311
        ],
        [
          0.0,
          0.0,
          0.0,
          1.0
        ]
      ]
    },
    {
      "file_path": "/media/NFS/ttao/scannet/posed_images/scene0654_01/00111.jpg",
      "transform_matrix": [
        [
          -0.998468,
          -0.002181,
          -0.055293,
          1.55565
        ],
        [
          0.050239,
          0.383163,
          -0.922314,
          4.499829
        ],
        [
          0.023198,
          -0.923678,
          -0.382466,
          1.357136
        ],
        [
          0.0,
          0.0,
          0.0,
          1.0
        ]
      ]
    },
    {
      "file_path": "/media/NFS/ttao/scannet/posed_images/scene0654_01/00114.jpg",
      "transform_matrix": [
        [
          -0.993561,
          0.009405,
          -0.112904,
          1.58219
        ],
        [
          0.108142,
          0.375853,
          -0.920348,
          4.474498
        ],
        [
          0.03378,
          -0.926632,
          -0.37445,
          1.357363
        ],
        [
          0.0,
          0.0,
          0.0,
          1.0
        ]
      ]
    },
    {
      "file_path": "/media/NFS/ttao/scannet/posed_images/scene0654_01/00121.jpg",
      "transform_matrix": [
        [
          -0.958483,
          0.057421,
          -0.279308,
          1.701323
        ],
        [
          0.281027,
          0.356169,
          -0.89116,
          4.388545
        ],
        [
          0.04831,
          -0.932656,
          -0.357519,
          1.374558
        ],
        [
          0.0,
          0.0,
          0.0,
          1.0
        ]
      ]
    },
    {
      "file_path": "/media/NFS/ttao/scannet/posed_images/scene0654_01/00126.jpg",
      "transform_matrix": [
        [
          -0.936648,
          0.079529,
          -0.341124,
          1.771071
        ],
        [
          0.346697,
          0.349292,
          -0.870515,
          4.332889
        ],
        [
          0.049921,
          -0.933633,
          -0.354736,
          1.378568
        ],
        [
          0.0,
          0.0,
          0.0,
          1.0
        ]
      ]
    },
    {
      "file_path": "/media/NFS/ttao/scannet/posed_images/scene0654_01/00135.jpg",
      "transform_matrix": [
        [
          -0.942167,
          0.031932,
          -0.333618,
          1.833492
        ],
        [
          0.327685,
          0.296606,
          -0.897021,
          4.300262
        ],
        [
          0.070309,
          -0.954466,
          -0.289916,
          1.420216
        ],
        [
          0.0,
          0.0,
          0.0,
          1.0
        ]
      ]
    },
    {
      "file_path": "/media/NFS/ttao/scannet/posed_images/scene0654_01/00137.jpg",
      "transform_matrix": [
        [
          -0.940679,
          0.024489,
          -0.338414,
          1.842244
        ],
        [
          0.330769,
          0.288409,
          -0.898561,
          4.298934
        ],
        [
          0.075597,
          -0.957194,
          -0.279401,
          1.432494
        ],
        [
          0.0,
          0.0,
          0.0,
          1.0
        ]
      ]
    },
    {
      "file_path": "/media/NFS/ttao/scannet/posed_images/scene0654_01/00145.jpg",
      "transform_matrix": [
        [
          -0.932428,
          0.010418,
          -0.361207,
          1.854289
        ],
        [
          0.352917,
          0.241029,
          -0.904077,
          4.315648
        ],
        [
          0.077642,
          -0.970462,
          -0.228419,
          1.467742
        ],
        [
          0.0,
          0.0,
          0.0,
          1.0
        ]
      ]
    },
    {
      "file_path": "/media/NFS/ttao/scannet/posed_images/scene0654_01/00152.jpg",
      "transform_matrix": [
        [
          -0.939589,
          0.008174,
          -0.342206,
          1.856127
        ],
        [
          0.336212,
          0.209789,
          -0.918123,
          4.360873
        ],
        [
          0.064286,
          -0.977713,
          -0.199864,
          1.492474
        ],
        [
          0.0,
          0.0,
          0.0,
          1.0
        ]
      ]
    },
    {
      "file_path": "/media/NFS/ttao/scannet/posed_images/scene0654_01/00159.jpg",
      "transform_matrix": [
        [
          -0.936801,
          -0.00629,
          -0.349807,
          1.836791
        ],
        [
          0.342502,
          0.187536,
          -0.92061,
          4.416008
        ],
        [
          0.071392,
          -0.982238,
          -0.173529,
          1.508157
        ],
        [
          0.0,
          0.0,
          0.0,
          1.0
        ]
      ]
    },
    {
      "file_path": "/media/NFS/ttao/scannet/posed_images/scene0654_01/00161.jpg",
      "transform_matrix": [
        [
          -0.930979,
          -0.006481,
          -0.365016,
          1.839577
        ],
        [
          0.357357,
          0.188314,
          -0.914786,
          4.432644
        ],
        [
          0.074667,
          -0.982087,
          -0.173,
          1.509955
        ],
        [
          0.0,
          0.0,
          0.0,
          1.0
        ]
      ]
    },
    {
      "file_path": "/media/NFS/ttao/scannet/posed_images/scene0654_01/00169.jpg",
      "transform_matrix": [
        [
          -0.929115,
          0.002919,
          -0.36978,
          1.813187
        ],
        [
          0.364972,
          0.168158,
          -0.915706,
          4.509755
        ],
        [
          0.059509,
          -0.985756,
          -0.157304,
          1.525003
        ],
        [
          0.0,
          0.0,
          0.0,
          1.0
        ]
      ]
    },
    {
      "file_path": "/media/NFS/ttao/scannet/posed_images/scene0654_01/00171.jpg",
      "transform_matrix": [
        [
          -0.929667,
          0.005717,
          -0.368356,
          1.813475
        ],
        [
          0.364049,
          0.167482,
          -0.916197,
          4.53137
        ],
        [
          0.056455,
          -0.985859,
          -0.157783,
          1.525833
        ],
        [
          0.0,
          0.0,
          0.0,
          1.0
        ]
      ]
    },
    {
      "file_path": "/media/NFS/ttao/scannet/posed_images/scene0654_01/00178.jpg",
      "transform_matrix": [
        [
          -0.923667,
          0.025863,
          -0.382321,
          1.785393
        ],
        [
          0.379738,
          0.195489,
          -0.904203,
          4.589616
        ],
        [
          0.051354,
          -0.980365,
          -0.190388,
          1.512994
        ],
        [
          0.0,
          0.0,
          0.0,
          1.0
        ]
      ]
    },
    {
      "file_path": "/media/NFS/ttao/scannet/posed_images/scene0654_01/00183.jpg",
      "transform_matrix": [
        [
          -0.918289,
          0.047201,
          -0.393088,
          1.776085
        ],
        [
          0.393904,
          0.208764,
          -0.895129,
          4.621208
        ],
        [
          0.039812,
          -0.976826,
          -0.210299,
          1.504255
        ],
        [
          0.0,
          0.0,
          0.0,
          1.0
        ]
      ]
    },
    {
      "file_path": "/media/NFS/ttao/scannet/posed_images/scene0654_01/00192.jpg",
      "transform_matrix": [
        [
          -0.900411,
          0.126236,
          -0.416323,
          1.740556
        ],
        [
          0.435009,
          0.272892,
          -0.858078,
          4.641994
        ],
        [
          0.005291,
          -0.953727,
          -0.300628,
          1.449388
        ],
        [
          0.0,
          0.0,
          0.0,
          1.0
        ]
      ]
    },
    {
      "file_path": "/media/NFS/ttao/scannet/posed_images/scene0654_01/00199.jpg",
      "transform_matrix": [
        [
          -0.866219,
          0.201294,
          -0.457324,
          1.71644
        ],
        [
          0.499637,
          0.339433,
          -0.796962,
          4.629492
        ],
        [
          -0.005193,
          -0.918839,
          -0.394598,
          1.37811
        ],
        [
          0.0,
          0.0,
          0.0,
          1.0
        ]
      ]
    },
    {
      "file_path": "/media/NFS/ttao/scannet/posed_images/scene0654_01/00201.jpg",
      "transform_matrix": [
        [
          -0.850815,
          0.211461,
          -0.481038,
          1.723724
        ],
        [
          0.525446,
          0.350299,
          -0.775369,
          4.622545
        ],
        [
          0.004547,
          -0.912455,
          -0.409151,
          1.357615
        ],
        [
          0.0,
          0.0,
          0.0,
          1.0
        ]
      ]
    },
    {
      "file_path": "/media/NFS/ttao/scannet/posed_images/scene0654_01/00206.jpg",
      "transform_matrix": [
        [
          -0.828367,
          0.226538,
          -0.512336,
          1.714716
        ],
        [
          0.55898,
          0.394224,
          -0.729471,
          4.607827
        ],
        [
          0.036722,
          -0.890656,
          -0.453193,
          1.335616
        ],
        [
          0.0,
          0.0,
          0.0,
          1.0
        ]
      ]
    },
    {
      "file_path": "/media/NFS/ttao/scannet/posed_images/scene0654_01/00216.jpg",
      "transform_matrix": [
        [
          -0.812251,
          0.184192,
          -0.553464,
          1.707294
        ],
        [
          0.579911,
          0.357247,
          -0.732173,
          4.59939
        ],
        [
          0.062863,
          -0.915668,
          -0.396989,
          1.375535
        ],
        [
          0.0,
          0.0,
          0.0,
          1.0
        ]
      ]
    },
    {
      "file_path": "/media/NFS/ttao/scannet/posed_images/scene0654_01/00218.jpg",
      "transform_matrix": [
        [
          -0.811521,
          0.177098,
          -0.556839,
          1.704324
        ],
        [
          0.581141,
          0.343941,
          -0.73755,
          4.600436
        ],
        [
          0.060901,
          -0.922139,
          -0.382034,
          1.388448
        ],
        [
          0.0,
          0.0,
          0.0,
          1.0
        ]
      ]
    },
    {
      "file_path": "/media/NFS/ttao/scannet/posed_images/scene0654_01/00223.jpg",
      "transform_matrix": [
        [
          -0.814109,
          0.144081,
          -0.562554,
          1.696352
        ],
        [
          0.577692,
          0.299612,
          -0.759279,
          4.61516
        ],
        [
          0.05915,
          -0.943119,
          -0.327151,
          1.431584
        ],
        [
          0.0,
          0.0,
          0.0,
          1.0
        ]
      ]
    },
    {
      "file_path": "/media/NFS/ttao/scannet/posed_images/scene0654_01/00232.jpg",
      "transform_matrix": [
        [
          -0.835324,
          0.068858,
          -0.545428,
          1.674527
        ],
        [
          0.54354,
          0.252234,
          -0.800589,
          4.669652
        ],
        [
          0.082448,
          -0.965213,
          -0.248124,
          1.500961
        ],
        [
          0.0,
          0.0,
          0.0,
          1.0
        ]
      ]
    },
    {
      "file_path": "/media/NFS/ttao/scannet/posed_images/scene0654_01/00235.jpg",
      "transform_matrix": [
        [
          -0.840424,
          0.06776,
          -0.537676,
          1.672022
        ],
        [
          0.536411,
          0.245231,
          -0.807543,
          4.681904
        ],
        [
          0.077136,
          -0.967094,
          -0.242445,
          1.519463
        ],
        [
          0.0,
          0.0,
          0.0,
          1.0
        ]
      ]
    },
    {
      "file_path": "/media/NFS/ttao/scannet/posed_images/scene0654_01/00246.jpg",
      "transform_matrix": [
        [
          -0.84277,
          0.024427,
          -0.537719,
          1.679306
        ],
        [
          0.532401,
          0.184984,
          -0.826033,
          4.724025
        ],
        [
          0.079292,
          -0.982438,
          -0.168904,
          1.559914
        ],
        [
          0.0,
          0.0,
          0.0,
          1.0
        ]
      ]
    },
    {
      "file_path": "/media/NFS/ttao/scannet/posed_images/scene0654_01/00247.jpg",
      "transform_matrix": [
        [
          -0.844154,
          0.025752,
          -0.535482,
          1.68265
        ],
        [
          0.530596,
          0.182903,
          -0.827656,
          4.72683
        ],
        [
          0.076627,
          -0.982794,
          -0.168063,
          1.557289
        ],
        [
          0.0,
          0.0,
          0.0,
          1.0
        ]
      ]
    },
    {
      "file_path": "/media/NFS/ttao/scannet/posed_images/scene0654_01/00252.jpg",
      "transform_matrix": [
        [
          -0.840096,
          0.05104,
          -0.540032,
          1.68672
        ],
        [
          0.539787,
          0.176977,
          -0.822988,
          4.743811
        ],
        [
          0.053568,
          -0.982891,
          -0.176228,
          1.548262
        ],
        [
          0.0,
          0.0,
          0.0,
          1.0
        ]
      ]
    },
    {
      "file_path": "/media/NFS/ttao/scannet/posed_images/scene0654_01/00263.jpg",
      "transform_matrix": [
        [
          -0.784094,
          -0.048887,
          -0.618714,
          1.699004
        ],
        [
          0.608832,
          0.132964,
          -0.782076,
          4.771899
        ],
        [
          0.1205,
          -0.989915,
          -0.074492,
          1.614336
        ],
        [
          0.0,
          0.0,
          0.0,
          1.0
        ]
      ]
    },
    {
      "file_path": "/media/NFS/ttao/scannet/posed_images/scene0654_01/00268.jpg",
      "transform_matrix": [
        [
          -0.769636,
          -0.058923,
          -0.635758,
          1.704249
        ],
        [
          0.628272,
          0.107475,
          -0.770534,
          4.788488
        ],
        [
          0.113731,
          -0.99246,
          -0.045697,
          1.639175
        ],
        [
          0.0,
          0.0,
          0.0,
          1.0
        ]
      ]
    },
    {
      "file_path": "/media/NFS/ttao/scannet/posed_images/scene0654_01/00273.jpg",
      "transform_matrix": [
        [
          -0.787156,
          -0.057638,
          -0.614055,
          1.685789
        ],
        [
          0.608514,
          0.089626,
          -0.788466,
          4.824081
        ],
        [
          0.100481,
          -0.994306,
          -0.035476,
          1.642511
        ],
        [
          0.0,
          0.0,
          0.0,
          1.0
        ]
      ]
    },
    {
      "file_path": "/media/NFS/ttao/scannet/posed_images/scene0654_01/00275.jpg",
      "transform_matrix": [
        [
          -0.792263,
          -0.052327,
          -0.607932,
          1.680232
        ],
        [
          0.602847,
          0.086873,
          -0.793113,
          4.835973
        ],
        [
          0.094314,
          -0.994844,
          -0.037281,
          1.643331
        ],
        [
          0.0,
          0.0,
          0.0,
          1.0
        ]
      ]
    },
    {
      "file_path": "/media/NFS/ttao/scannet/posed_images/scene0654_01/00282.jpg",
      "transform_matrix": [
        [
          -0.812036,
          -0.060695,
          -0.580442,
          1.648827
        ],
        [
          0.577667,
          0.057941,
          -0.814213,
          4.905043
        ],
        [
          0.08305,
          -0.996473,
          -0.011988,
          1.652905
        ],
        [
          0.0,
          0.0,
          0.0,
          1.0
        ]
      ]
    },
    {
      "file_path": "/media/NFS/ttao/scannet/posed_images/scene0654_01/00287.jpg",
      "transform_matrix": [
        [
          -0.834577,
          -0.06789,
          -0.546693,
          1.609919
        ],
        [
          0.540309,
          0.092709,
          -0.836344,
          4.977734
        ],
        [
          0.107463,
          -0.993376,
          -0.040691,
          1.616894
        ],
        [
          0.0,
          0.0,
          0.0,
          1.0
        ]
      ]
    },
    {
      "file_path": "/media/NFS/ttao/scannet/posed_images/scene0654_01/00296.jpg",
      "transform_matrix": [
        [
          -0.840868,
          0.04903,
          -0.539014,
          1.558739
        ],
        [
          0.537743,
          0.188696,
          -0.821721,
          5.047602
        ],
        [
          0.061421,
          -0.980811,
          -0.185034,
          1.525557
        ],
        [
          0.0,
          0.0,
          0.0,
          1.0
        ]
      ]
    },
    {
      "file_path": "/media/NFS/ttao/scannet/posed_images/scene0654_01/00303.jpg",
      "transform_matrix": [
        [
          -0.850772,
          0.110619,
          -0.513761,
          1.575082
        ],
        [
          0.524494,
          0.240194,
          -0.816831,
          5.065468
        ],
        [
          0.033046,
          -0.964402,
          -0.26237,
          1.490089
        ],
        [
          0.0,
          0.0,
          0.0,
          1.0
        ]
      ]
    },
    {
      "file_path": "/media/NFS/ttao/scannet/posed_images/scene0654_01/00304.jpg",
      "transform_matrix": [
        [
          -0.849742,
          0.113083,
          -0.514929,
          1.577223
        ],
        [
          0.526186,
          0.242463,
          -0.815071,
          5.068655
        ],
        [
          0.03268,
          -0.963548,
          -0.265533,
          1.48667
        ],
        [
          0.0,
          0.0,
          0.0,
          1.0
        ]
      ]
    },
    {
      "file_path": "/media/NFS/ttao/scannet/posed_images/scene0654_01/00311.jpg",
      "transform_matrix": [
        [
          -0.842498,
          0.146018,
          -0.518533,
          1.591613
        ],
        [
          0.537976,
          0.277958,
          -0.795815,
          5.079272
        ],
        [
          0.027927,
          -0.949431,
          -0.312733,
          1.457264
        ],
        [
          0.0,
          0.0,
          0.0,
          1.0
        ]
      ]
    },
    {
      "file_path": "/media/NFS/ttao/scannet/posed_images/scene0654_01/00316.jpg",
      "transform_matrix": [
        [
          -0.833657,
          0.180091,
          -0.522095,
          1.627806
        ],
        [
          0.550873,
          0.338629,
          -0.762803,
          5.074837
        ],
        [
          0.039422,
          -0.923525,
          -0.381508,
          1.424196
        ],
        [
          0.0,
          0.0,
          0.0,
          1.0
        ]
      ]
    },
    {
      "file_path": "/media/NFS/ttao/scannet/posed_images/scene0654_01/00325.jpg",
      "transform_matrix": [
        [
          -0.815726,
          0.217205,
          -0.536109,
          1.672669
        ],
        [
          0.574806,
          0.408083,
          -0.709272,
          5.073278
        ],
        [
          0.064719,
          -0.88673,
          -0.457735,
          1.38415
        ],
        [
          0.0,
          0.0,
          0.0,
          1.0
        ]
      ]
    },
    {
      "file_path": "/media/NFS/ttao/scannet/posed_images/scene0654_01/00329.jpg",
      "transform_matrix": [
        [
          -0.80777,
          0.231669,
          -0.542068,
          1.687972
        ],
        [
          0.585133,
          0.426794,
          -0.68954,
          5.07147
        ],
        [
          0.071607,
          -0.874172,
          -0.480308,
          1.376255
        ],
        [
          0.0,
          0.0,
          0.0,
          1.0
        ]
      ]
    },
    {
      "file_path": "/media/NFS/ttao/scannet/posed_images/scene0654_01/00334.jpg",
      "transform_matrix": [
        [
          -0.824162,
          0.216158,
          -0.523482,
          1.698718
        ],
        [
          0.559085,
          0.458138,
          -0.691038,
          5.072993
        ],
        [
          0.090454,
          -0.862198,
          -0.49843,
          1.365509
        ],
        [
          0.0,
          0.0,
          0.0,
          1.0
        ]
      ]
    },
    {
      "file_path": "/media/NFS/ttao/scannet/posed_images/scene0654_01/00339.jpg",
      "transform_matrix": [
        [
          -0.846411,
          0.209812,
          -0.489456,
          1.703089
        ],
        [
          0.524829,
          0.484395,
          -0.699939,
          5.082492
        ],
        [
          0.090235,
          -0.849317,
          -0.520113,
          1.357682
        ],
        [
          0.0,
          0.0,
          0.0,
          1.0
        ]
      ]
    },
    {
      "file_path": "/media/NFS/ttao/scannet/posed_images/scene0654_01/00346.jpg",
      "transform_matrix": [
        [
          -0.927036,
          0.150308,
          -0.343527,
          1.675376
        ],
        [
          0.370381,
          0.509958,
          -0.776376,
          5.128983
        ],
        [
          0.058489,
          -0.846965,
          -0.528421,
          1.358153
        ],
        [
          0.0,
          0.0,
          0.0,
          1.0
        ]
      ]
    },
    {
      "file_path": "/media/NFS/ttao/scannet/posed_images/scene0654_01/00354.jpg",
      "transform_matrix": [
        [
          -0.989065,
          0.050912,
          -0.138411,
          1.607719
        ],
        [
          0.144788,
          0.513635,
          -0.845704,
          5.209903
        ],
        [
          0.028037,
          -0.856497,
          -0.51539,
          1.357473
        ],
        [
          0.0,
          0.0,
          0.0,
          1.0
        ]
      ]
    },
    {
      "file_path": "/media/NFS/ttao/scannet/posed_images/scene0654_01/00360.jpg",
      "transform_matrix": [
        [
          -0.999733,
          -0.022903,
          -0.003157,
          1.555876
        ],
        [
          -0.009402,
          0.527512,
          -0.849495,
          5.27397
        ],
        [
          0.021121,
          -0.849239,
          -0.527587,
          1.356095
        ],
        [
          0.0,
          0.0,
          0.0,
          1.0
        ]
      ]
    },
    {
      "file_path": "/media/NFS/ttao/scannet/posed_images/scene0654_01/00365.jpg",
      "transform_matrix": [
        [
          -0.994621,
          -0.070089,
          0.076268,
          1.534223
        ],
        [
          -0.101554,
          0.514812,
          -0.851267,
          5.305819
        ],
        [
          0.020401,
          -0.854433,
          -0.519161,
          1.365161
        ],
        [
          0.0,
          0.0,
          0.0,
          1.0
        ]
      ]
    },
    {
      "file_path": "/media/NFS/ttao/scannet/posed_images/scene0654_01/00370.jpg",
      "transform_matrix": [
        [
          -0.983397,
          -0.114491,
          0.140791,
          1.512764
        ],
        [
          -0.179358,
          0.49531,
          -0.849999,
          5.326392
        ],
        [
          0.027582,
          -0.861139,
          -0.507621,
          1.369532
        ],
        [
          0.0,
          0.0,
          0.0,
          1.0
        ]
      ]
    },
    {
      "file_path": "/media/NFS/ttao/scannet/posed_images/scene0654_01/00377.jpg",
      "transform_matrix": [
        [
          -0.96859,
          -0.160975,
          0.189527,
          1.512246
        ],
        [
          -0.245337,
          0.494378,
          -0.833907,
          5.354991
        ],
        [
          0.04054,
          -0.854212,
          -0.518342,
          1.363714
        ],
        [
          0.0,
          0.0,
          0.0,
          1.0
        ]
      ]
    },
    {
      "file_path": "/media/NFS/ttao/scannet/posed_images/scene0654_01/00379.jpg",
      "transform_matrix": [
        [
          -0.963708,
          -0.170738,
          0.205219,
          1.517517
        ],
        [
          -0.263751,
          0.490168,
          -0.830765,
          5.36631
        ],
        [
          0.041251,
          -0.854742,
          -0.517411,
          1.363158
        ],
        [
          0.0,
          0.0,
          0.0,
          1.0
        ]
      ]
    },
    {
      "file_path": "/media/NFS/ttao/scannet/posed_images/scene0654_01/00389.jpg",
      "transform_matrix": [
        [
          -0.920972,
          -0.234514,
          0.311148,
          1.537161
        ],
        [
          -0.386277,
          0.445047,
          -0.807913,
          5.446334
        ],
        [
          0.050991,
          -0.864255,
          -0.500463,
          1.365892
        ],
        [
          0.0,
          0.0,
          0.0,
          1.0
        ]
      ]
    },
    {
      "file_path": "/media/NFS/ttao/scannet/posed_images/scene0654_01/00394.jpg",
      "transform_matrix": [
        [
          -0.907223,
          -0.233528,
          0.349874,
          1.54061
        ],
        [
          -0.418872,
          0.425114,
          -0.802387,
          5.492682
        ],
        [
          0.038643,
          -0.874496,
          -0.483491,
          1.373609
        ],
        [
          0.0,
          0.0,
          0.0,
          1.0
        ]
      ]
    },
    {
      "file_path": "/media/NFS/ttao/scannet/posed_images/scene0654_01/00401.jpg",
      "transform_matrix": [
        [
          -0.893138,
          -0.258493,
          0.368084,
          1.52487
        ],
        [
          -0.445839,
          0.400653,
          -0.80044,
          5.569186
        ],
        [
          0.059434,
          -0.87901,
          -0.473085,
          1.38183
        ],
        [
          0.0,
          0.0,
          0.0,
          1.0
        ]
      ]
    },
    {
      "file_path": "/media/NFS/ttao/scannet/posed_images/scene0654_01/00405.jpg",
      "transform_matrix": [
        [
          -0.888161,
          -0.254918,
          0.382343,
          1.509034
        ],
        [
          -0.455799,
          0.382854,
          -0.803536,
          5.617249
        ],
        [
          0.058454,
          -0.887941,
          -0.456228,
          1.382505
        ],
        [
          0.0,
          0.0,
          0.0,
          1.0
        ]
      ]
    },
    {
      "file_path": "/media/NFS/ttao/scannet/posed_images/scene0654_01/00412.jpg",
      "transform_matrix": [
        [
          -0.87668,
          -0.242803,
          0.415306,
          1.495006
        ],
        [
          -0.480071,
          0.385812,
          -0.787833,
          5.679121
        ],
        [
          0.031058,
          -0.890054,
          -0.454797,
          1.379018
        ],
        [
          0.0,
          0.0,
          0.0,
          1.0
        ]
      ]
    },
    {
      "file_path": "/media/NFS/ttao/scannet/posed_images/scene0654_01/00418.jpg",
      "transform_matrix": [
        [
          -0.854534,
          -0.23794,
          0.461688,
          1.488461
        ],
        [
          -0.519337,
          0.378057,
          -0.766396,
          5.697884
        ],
        [
          0.007812,
          -0.894683,
          -0.446633,
          1.388841
        ],
        [
          0.0,
          0.0,
          0.0,
          1.0
        ]
      ]
    },
    {
      "file_path": "/media/NFS/ttao/scannet/posed_images/scene0654_01/00420.jpg",
      "transform_matrix": [
        [
          -0.852465,
          -0.238521,
          0.4652,
          1.488049
        ],
        [
          -0.522736,
          0.376871,
          -0.764666,
          5.700658
        ],
        [
          0.007069,
          -0.895028,
          -0.445953,
          1.389951
        ],
        [
          0.0,
          0.0,
          0.0,
          1.0
        ]
      ]
    },
    {
      "file_path": "/media/NFS/ttao/scannet/posed_images/scene0654_01/00425.jpg",
      "transform_matrix": [
        [
          -0.852095,
          -0.235441,
          0.467441,
          1.48427
        ],
        [
          -0.523347,
          0.372264,
          -0.766503,
          5.685637
        ],
        [
          0.006455,
          -0.897768,
          -0.440422,
          1.399134
        ],
        [
          0.0,
          0.0,
          0.0,
          1.0
        ]
      ]
    },
    {
      "file_path": "/media/NFS/ttao/scannet/posed_images/scene0654_01/00436.jpg",
      "transform_matrix": [
        [
          -0.858399,
          -0.221293,
          0.462797,
          1.454784
        ],
        [
          -0.51255,
          0.332944,
          -0.79148,
          5.617268
        ],
        [
          0.021064,
          -0.916612,
          -0.399222,
          1.417709
        ],
        [
          0.0,
          0.0,
          0.0,
          1.0
        ]
      ]
    },
    {
      "file_path": "/media/NFS/ttao/scannet/posed_images/scene0654_01/00441.jpg",
      "transform_matrix": [
        [
          -0.863313,
          -0.213328,
          0.457364,
          1.44548
        ],
        [
          -0.504319,
          0.330919,
          -0.797593,
          5.588848
        ],
        [
          0.018798,
          -0.91923,
          -0.393272,
          1.414159
        ],
        [
          0.0,
          0.0,
          0.0,
          1.0
        ]
      ]
    },
    {
      "file_path": "/media/NFS/ttao/scannet/posed_images/scene0654_01/00443.jpg",
      "transform_matrix": [
        [
          -0.860698,
          -0.212624,
          0.462591,
          1.452351
        ],
        [
          -0.508859,
          0.330356,
          -0.794939,
          5.585749
        ],
        [
          0.016203,
