{
  "frames": [
    {
      "file_path": "/media/NFS/ttao/scannet/posed_images/scene0102_01/00000.jpg",
      "transform_matrix": [
        [
          0.656774,
          0.307223,
          -0.688667,
          1.532846
        ],
        [
          0.753772,
          -0.241051,
          0.611329,
          3.874119
        ],
        [
          0.021811,
          -0.920602,
          -0.389892,
          1.326618
        ],
        [
          0.0,
          0.0,
          0.0,
          1.0
        ]
      ]
    },
    {
      "file_path": "/media/NFS/ttao/scannet/posed_images/scene0102_01/00006.jpg",
      "transform_matrix": [
        [
          0.661057,
          0.302072,
          -0.686845,
          1.494134
        ],
        [
          0.74997,
          -0.237412,
          0.617398,
          3.890225
        ],
        [
          0.023433,
          -0.923249,
          -0.383488,
          1.320682
        ],
        [
          0.0,
          0.0,
          0.0,
          1.0
        ]
      ]
    },
    {
      "file_path": "/media/NFS/ttao/scannet/posed_images/scene0102_01/00015.jpg",
      "transform_matrix": [
        [
          0.684259,
          0.262578,
          -0.680326,
          1.427682
        ],
        [
          0.728792,
          -0.278891,
          0.625365,
          3.948394
        ],
        [
          -0.02553,
          -0.923728,
          -0.382198,
          1.297249
        ],
        [
          0.0,
          0.0,
          0.0,
          1.0
        ]
      ]
    },
    {
      "file_path": "/media/NFS/ttao/scannet/posed_images/scene0102_01/00018.jpg",
      "transform_matrix": [
        [
          0.692148,
          0.261247,
          -0.672816,
          1.404132
        ],
        [
          0.72122,
          -0.286264,
          0.630789,
          3.944389
        ],
        [
          -0.027812,
          -0.921848,
          -0.386553,
          1.281363
        ],
        [
          0.0,
          0.0,
          0.0,
          1.0
        ]
      ]
    },
    {
      "file_path": "/media/NFS/ttao/scannet/posed_images/scene0102_01/00028.jpg",
      "transform_matrix": [
        [
          0.715201,
          0.315995,
          -0.623406,
          1.328322
        ],
        [
          0.698429,
          -0.289736,
          0.654408,
          3.871413
        ],
        [
          0.026167,
          -0.903438,
          -0.427919,
          1.23579
        ],
        [
          0.0,
          0.0,
          0.0,
          1.0
        ]
      ]
    },
    {
      "file_path": "/media/NFS/ttao/scannet/posed_images/scene0102_01/00033.jpg",
      "transform_matrix": [
        [
          0.720118,
          0.339632,
          -0.605046,
          1.286644
        ],
        [
          0.692726,
          -0.302253,
          0.654809,
          3.81681
        ],
        [
          0.039517,
          -0.89067,
          -0.452929,
          1.221964
        ],
        [
          0.0,
          0.0,
          0.0,
          1.0
        ]
      ]
    },
    {
      "file_path": "/media/NFS/ttao/scannet/posed_images/scene0102_01/00039.jpg",
      "transform_matrix": [
        [
          0.705782,
          0.400118,
          -0.584618,
          1.244991
        ],
        [
          0.705268,
          -0.318966,
          0.633133,
          3.760147
        ],
        [
          0.066855,
          -0.859166,
          -0.50731,
          1.197081
        ],
        [
          0.0,
          0.0,
          0.0,
          1.0
        ]
      ]
    },
    {
      "file_path": "/media/NFS/ttao/scannet/posed_images/scene0102_01/00043.jpg",
      "transform_matrix": [
        [
          0.71694,
          0.373845,
          -0.58842,
          1.232903
        ],
        [
          0.694006,
          -0.302859,
          0.65317,
          3.747984
        ],
        [
          0.065976,
          -0.87665,
          -0.476583,
          1.222187
        ],
        [
          0.0,
          0.0,
          0.0,
          1.0
        ]
      ]
    },
    {
      "file_path": "/media/NFS/ttao/scannet/posed_images/scene0102_01/00048.jpg",
      "transform_matrix": [
        [
          0.726023,
          0.309589,
          -0.61404,
          1.247093
        ],
        [
          0.685918,
          -0.262313,
          0.678755,
          3.761364
        ],
        [
          0.049065,
          -0.913973,
          -0.402798,
          1.290486
        ],
        [
          0.0,
          0.0,
          0.0,
          1.0
        ]
      ]
    },
    {
      "file_path": "/media/NFS/ttao/scannet/posed_images/scene0102_01/00057.jpg",
      "transform_matrix": [
        [
          0.750077,
          0.161216,
          -0.6414,
          1.311897
        ],
        [
          0.660642,
          -0.227549,
          0.715384,
          3.797867
        ],
        [
          -0.030619,
          -0.960329,
          -0.277185,
          1.35987
        ],
        [
          0.0,
          0.0,
          0.0,
          1.0
        ]
      ]
    },
    {
      "file_path": "/media/NFS/ttao/scannet/posed_images/scene0102_01/00065.jpg",
      "transform_matrix": [
        [
          0.742857,
          0.098683,
          -0.662138,
          1.400025
        ],
        [
          0.664276,
          -0.231402,
          0.710768,
          3.867944
        ],
        [
          -0.083079,
          -0.96784,
          -0.237451,
          1.401035
        ],
        [
          0.0,
          0.0,
          0.0,
          1.0
        ]
      ]
    },
    {
      "file_path": "/media/NFS/ttao/scannet/posed_images/scene0102_01/00067.jpg",
      "transform_matrix": [
        [
          0.732808,
          0.100128,
          -0.673029,
          1.427286
        ],
        [
          0.676014,
          -0.219719,
          0.70337,
          3.891311
        ],
        [
          -0.077451,
          -0.970411,
          -0.228699,
          1.401803
        ],
        [
          0.0,
          0.0,
          0.0,
          1.0
        ]
      ]
    },
    {
      "file_path": "/media/NFS/ttao/scannet/posed_images/scene0102_01/00074.jpg",
      "transform_matrix": [
        [
          0.687145,
          0.096293,
          -0.72011,
          1.511491
        ],
        [
          0.723745,
          -0.177283,
          0.666907,
          3.963515
        ],
        [
          -0.063444,
          -0.979438,
          -0.191511,
          1.434023
        ],
        [
          0.0,
          0.0,
          0.0,
          1.0
        ]
      ]
    },
    {
      "file_path": "/media/NFS/ttao/scannet/posed_images/scene0102_01/00079.jpg",
      "transform_matrix": [
        [
          0.672231,
          0.094594,
          -0.734274,
          1.555555
        ],
        [
          0.73796,
          -0.165098,
          0.654338,
          4.009664
        ],
        [
          -0.059331,
          -0.981731,
          -0.18079,
          1.45911
        ],
        [
          0.0,
          0.0,
          0.0,
          1.0
        ]
      ]
    },
    {
      "file_path": "/media/NFS/ttao/scannet/posed_images/scene0102_01/00089.jpg",
      "transform_matrix": [
        [
          0.670171,
          0.050624,
          -0.740478,
          1.580805
        ],
        [
          0.739945,
          -0.123399,
          0.661252,
          4.074556
        ],
        [
          -0.0579,
          -0.991065,
          -0.120157,
          1.512126
        ],
        [
          0.0,
          0.0,
          0.0,
          1.0
        ]
      ]
    },
    {
      "file_path": "/media/NFS/ttao/scannet/posed_images/scene0102_01/00091.jpg",
      "transform_matrix": [
        [
          0.665783,
          0.03438,
          -0.745353,
          1.586462
        ],
        [
          0.744538,
          -0.096149,
          0.66062,
          4.087908
        ],
        [
          -0.048953,
          -0.994773,
          -0.089612,
          1.515256
        ],
        [
          0.0,
          0.0,
          0.0,
          1.0
        ]
      ]
    },
    {
      "file_path": "/media/NFS/ttao/scannet/posed_images/scene0102_01/00100.jpg",
      "transform_matrix": [
        [
          0.641186,
          -0.02108,
          -0.767096,
          1.599447
        ],
        [
          0.765554,
          -0.051441,
          0.641312,
          4.120262
        ],
        [
          -0.052979,
          -0.998453,
          -0.016845,
          1.573345
        ],
        [
          0.0,
          0.0,
          0.0,
          1.0
        ]
      ]
    },
    {
      "file_path": "/media/NFS/ttao/scannet/posed_images/scene0102_01/00107.jpg",
      "transform_matrix": [
        [
          0.632161,
          -0.028994,
          -0.774294,
          1.639958
        ],
        [
          0.773898,
          -0.025547,
          0.632794,
          4.154408
        ],
        [
          -0.038128,
          -0.999253,
          0.006289,
          1.562992
        ],
        [
          0.0,
          0.0,
          0.0,
          1.0
        ]
      ]
    },
    {
      "file_path": "/media/NFS/ttao/scannet/posed_images/scene0102_01/00111.jpg",
      "transform_matrix": [
        [
          0.632078,
          0.005956,
          -0.774882,
          1.672298
        ],
        [
          0.773691,
          -0.06081,
          0.630638,
          4.187574
        ],
        [
          -0.043365,
          -0.998132,
          -0.043045,
          1.536383
        ],
        [
          0.0,
          0.0,
          0.0,
          1.0
        ]
      ]
    },
    {
      "file_path": "/media/NFS/ttao/scannet/posed_images/scene0102_01/00120.jpg",
      "transform_matrix": [
        [
          0.631487,
          0.075921,
          -0.771661,
          1.747141
        ],
        [
          0.773928,
          -0.122738,
          0.621266,
          4.265687
        ],
        [
          -0.047545,
          -0.989531,
          -0.136265,
          1.436516
        ],
        [
          0.0,
          0.0,
          0.0,
          1.0
        ]
      ]
    },
    {
      "file_path": "/media/NFS/ttao/scannet/posed_images/scene0102_01/00124.jpg",
      "transform_matrix": [
        [
          0.619294,
          0.098696,
          -0.778931,
          1.766155
        ],
        [
          0.783171,
          -0.148199,
          0.603887,
          4.287136
        ],
        [
          -0.055836,
          -0.98402,
          -0.169075,
          1.400647
        ],
        [
          0.0,
          0.0,
          0.0,
          1.0
        ]
      ]
    },
    {
      "file_path": "/media/NFS/ttao/scannet/posed_images/scene0102_01/00133.jpg",
      "transform_matrix": [
        [
          0.624048,
          0.142421,
          -0.768297,
          1.794962
        ],
        [
          0.7756,
          -0.232338,
          0.58691,
          4.349517
        ],
        [
          -0.094917,
          -0.962151,
          -0.255452,
          1.372152
        ],
        [
          0.0,
          0.0,
          0.0,
          1.0
        ]
      ]
    },
    {
      "file_path": "/media/NFS/ttao/scannet/posed_images/scene0102_01/00139.jpg",
      "transform_matrix": [
        [
          0.661388,
          0.174184,
          -0.729538,
          1.800169
        ],
        [
          0.746241,
          -0.250647,
          0.616686,
          4.372674
        ],
        [
          -0.07544,
          -0.952279,
          -0.295758,
          1.357359
        ],
        [
          0.0,
          0.0,
          0.0,
          1.0
        ]
      ]
    },
    {
      "file_path": "/media/NFS/ttao/scannet/posed_images/scene0102_01/00144.jpg",
      "transform_matrix": [
        [
          0.686965,
          0.189959,
          -0.701424,
          1.8094
        ],
        [
          0.723124,
          -0.27421,
          0.633957,
          4.392483
        ],
        [
          -0.071911,
          -0.942722,
          -0.325736,
          1.346335
        ],
        [
          0.0,
          0.0,
          0.0,
          1.0
        ]
      ]
    },
    {
      "file_path": "/media/NFS/ttao/scannet/posed_images/scene0102_01/00150.jpg",
      "transform_matrix": [
        [
          0.699193,
          0.206442,
          -0.684479,
          1.810293
        ],
        [
          0.711851,
          -0.289838,
          0.639736,
          4.398069
        ],
        [
          -0.06632,
          -0.934546,
          -0.349609,
          1.338191
        ],
        [
          0.0,
          0.0,
          0.0,
          1.0
        ]
      ]
    },
    {
      "file_path": "/media/NFS/ttao/scannet/posed_images/scene0102_01/00153.jpg",
      "transform_matrix": [
        [
          0.70511,
          0.21025,
          -0.677212,
          1.815266
        ],
        [
          0.706167,
          -0.294958,
          0.643684,
          4.40142
        ],
        [
          -0.064415,
          -0.932092,
          -0.356449,
          1.33585
        ],
        [
          0.0,
          0.0,
          0.0,
          1.0
        ]
      ]
    },
    {
      "file_path": "/media/NFS/ttao/scannet/posed_images/scene0102_01/00161.jpg",
      "transform_matrix": [
        [
          0.748578,
          0.220942,
          -0.625152,
          1.824066
        ],
        [
          0.662375,
          -0.29162,
          0.690085,
          4.393586
        ],
        [
          -0.029838,
          -0.930668,
          -0.364647,
          1.338376
        ],
        [
          0.0,
          0.0,
          0.0,
          1.0
        ]
      ]
    },
    {
      "file_path": "/media/NFS/ttao/scannet/posed_images/scene0102_01/00170.jpg",
      "transform_matrix": [
        [
          0.791689,
          0.208166,
          -0.574366,
          1.836188
        ],
        [
          0.610845,
          -0.254516,
          0.749727,
          4.331
        ],
        [
          0.009882,
          -0.944399,
          -0.328654,
          1.365093
        ],
        [
          0.0,
          0.0,
          0.0,
          1.0
        ]
      ]
    },
    {
      "file_path": "/media/NFS/ttao/scannet/posed_images/scene0102_01/00172.jpg",
      "transform_matrix": [
        [
          0.798113,
          0.219042,
          -0.561281,
          1.837625
        ],
        [
          0.601939,
          -0.249421,
          0.75859,
          4.311867
        ],
        [
          0.026168,
          -0.943297,
          -0.330916,
          1.36437
        ],
        [
          0.0,
          0.0,
          0.0,
          1.0
        ]
      ]
    },
    {
      "file_path": "/media/NFS/ttao/scannet/posed_images/scene0102_01/00179.jpg",
      "transform_matrix": [
        [
          0.830427,
          0.249191,
          -0.498293,
          1.846713
        ],
        [
          0.551777,
          -0.244199,
          0.797439,
          4.252274
        ],
        [
          0.077032,
          -0.937161,
          -0.340287,
          1.374458
        ],
        [
          0.0,
          0.0,
          0.0,
          1.0
        ]
      ]
    },
    {
      "file_path": "/media/NFS/ttao/scannet/posed_images/scene0102_01/00185.jpg",
      "transform_matrix": [
        [
          0.849199,
          0.230067,
          -0.475321,
          1.861598
        ],
        [
          0.524784,
          -0.267357,
          0.80816,
          4.232294
        ],
        [
          0.058851,
          -0.935729,
          -0.347775,
          1.383693
        ],
        [
          0.0,
          0.0,
          0.0,
          1.0
        ]
      ]
    },
    {
      "file_path": "/media/NFS/ttao/scannet/posed_images/scene0102_01/00194.jpg",
      "transform_matrix": [
        [
          0.856318,
          0.206341,
          -0.473437,
          1.967741
        ],
        [
          0.515996,
          -0.303482,
          0.801029,
          4.221144
        ],
        [
          0.021606,
          -0.930227,
          -0.366348,
          1.37476
        ],
        [
          0.0,
          0.0,
          0.0,
          1.0
        ]
      ]
    },
    {
      "file_path": "/media/NFS/ttao/scannet/posed_images/scene0102_01/00200.jpg",
      "transform_matrix": [
        [
          0.834931,
          0.228204,
          -0.500813,
          2.081695
        ],
        [
          0.548781,
          -0.276433,
          0.788938,
          4.186567
        ],
        [
          0.041597,
          -0.933546,
          -0.356037,
          1.349682
        ],
        [
          0.0,
          0.0,
          0.0,
          1.0
        ]
      ]
    },
    {
      "file_path": "/media/NFS/ttao/scannet/posed_images/scene0102_01/00201.jpg",
      "transform_matrix": [
        [
          0.828187,
          0.229838,
          -0.511156,
          2.102826
        ],
        [
          0.558979,
          -0.272677,
          0.783064,
          4.182354
        ],
        [
          0.040597,
          -0.934249,
          -0.354302,
          1.357155
        ],
        [
          0.0,
          0.0,
          0.0,
          1.0
        ]
      ]
    },
    {
      "file_path": "/media/NFS/ttao/scannet/posed_images/scene0102_01/00209.jpg",
      "transform_matrix": [
        [
          0.801988,
          0.148061,
          -0.5787,
          2.235032
        ],
        [
          0.597327,
          -0.192258,
          0.778612,
          4.153684
        ],
        [
          0.004023,
          -0.970111,
          -0.24263,
          1.430302
        ],
        [
          0.0,
          0.0,
          0.0,
          1.0
        ]
      ]
    },
    {
      "file_path": "/media/NFS/ttao/scannet/posed_images/scene0102_01/00214.jpg",
      "transform_matrix": [
        [
          0.820666,
          0.129026,
          -0.556651,
          2.264652
        ],
        [
          0.571381,
          -0.175702,
          0.801656,
          4.174222
        ],
        [
          0.00563,
          -0.975952,
          -0.217915,
          1.467347
        ],
        [
          0.0,
          0.0,
          0.0,
          1.0
        ]
      ]
    },
    {
      "file_path": "/media/NFS/ttao/scannet/posed_images/scene0102_01/00225.jpg",
      "transform_matrix": [
        [
          0.872465,
          0.056073,
          -0.485449,
          2.259037
        ],
        [
          0.48867,
          -0.094988,
          0.867283,
          4.254612
        ],
        [
          0.002519,
          -0.993898,
          -0.110275,
          1.507744
        ],
        [
          0.0,
          0.0,
          0.0,
          1.0
        ]
      ]
    },
    {
      "file_path": "/media/NFS/ttao/scannet/posed_images/scene0102_01/00231.jpg",
      "transform_matrix": [
        [
          0.894705,
          0.049876,
          -0.443865,
          2.231857
        ],
        [
          0.446378,
          -0.064667,
          0.892505,
          4.323958
        ],
        [
          0.015811,
          -0.99666,
          -0.080121,
          1.503298
        ],
        [
          0.0,
          0.0,
          0.0,
          1.0
        ]
      ]
    },
    {
      "file_path": "/media/NFS/ttao/scannet/posed_images/scene0102_01/00237.jpg",
      "transform_matrix": [
        [
          0.900751,
          0.011629,
          -0.43418,
          2.228023
        ],
        [
          0.434128,
          -0.055009,
          0.89917,
          4.379049
        ],
        [
          -0.013427,
          -0.998418,
          -0.054598,
          1.501618
        ],
        [
          0.0,
          0.0,
          0.0,
          1.0
        ]
      ]
    },
    {
      "file_path": "/media/NFS/ttao/scannet/posed_images/scene0102_01/00238.jpg",
      "transform_matrix": [
        [
          0.899881,
          0.005532,
          -0.4361,
          2.230936
        ],
        [
          0.435681,
          -0.05702,
          0.898293,
          4.3872
        ],
        [
          -0.019897,
          -0.998358,
          -0.053722,
          1.504389
        ],
        [
          0.0,
          0.0,
          0.0,
          1.0
        ]
      ]
    },
    {
      "file_path": "/media/NFS/ttao/scannet/posed_images/scene0102_01/00249.jpg",
      "transform_matrix": [
        [
          0.908584,
          -0.008193,
          -0.417623,
          2.29701
        ],
        [
          0.417061,
          -0.037642,
          0.908099,
          4.478099
        ],
        [
          -0.023161,
          -0.999258,
          -0.030784,
          1.526221
        ],
        [
          0.0,
          0.0,
          0.0,
          1.0
        ]
      ]
    },
    {
      "file_path": "/media/NFS/ttao/scannet/posed_images/scene0102_01/00251.jpg",
      "transform_matrix": [
        [
          0.903327,
          0.015083,
          -0.428687,
          2.341028
        ],
        [
          0.428949,
          -0.035251,
          0.90264,
          4.503679
        ],
        [
          -0.001498,
          -0.999265,
          -0.038313,
          1.524033
        ],
        [
          0.0,
          0.0,
          0.0,
          1.0
        ]
      ]
    },
    {
      "file_path": "/media/NFS/ttao/scannet/posed_images/scene0102_01/00257.jpg",
      "transform_matrix": [
        [
          0.897327,
          0.015228,
          -0.441103,
          2.430057
        ],
        [
          0.441366,
          -0.030832,
          0.896797,
          4.55932
        ],
        [
          5.6e-05,
          -0.999409,
          -0.034387,
          1.528853
        ],
        [
          0.0,
          0.0,
          0.0,
          1.0
        ]
      ]
    },
    {
      "file_path": "/media/NFS/ttao/scannet/posed_images/scene0102_01/00268.jpg",
      "transform_matrix": [
        [
          0.842749,
          -0.058077,
          -0.535166,
          2.565936
        ],
        [
          0.534831,
          -0.022469,
          0.84466,
          4.63391
        ],
        [
          -0.061079,
          -0.998059,
          0.012126,
          1.548573
        ],
        [
          0.0,
          0.0,
          0.0,
          1.0
        ]
      ]
    },
    {
      "file_path": "/media/NFS/ttao/scannet/posed_images/scene0102_01/00270.jpg",
      "transform_matrix": [
        [
          0.847565,
          -0.058557,
          -0.527451,
          2.560979
        ],
        [
          0.526783,
          -0.027571,
          0.849553,
          4.640515
        ],
        [
          -0.06429,
          -0.997903,
          0.007479,
          1.557689
        ],
        [
          0.0,
          0.0,
          0.0,
          1.0
        ]
      ]
    },
    {
      "file_path": "/media/NFS/ttao/scannet/posed_images/scene0102_01/00279.jpg",
      "transform_matrix": [
        [
          0.875259,
          -0.017996,
          -0.483319,
          2.565962
        ],
        [
          0.483392,
          -0.000332,
          0.875404,
          4.688422
        ],
        [
          -0.015914,
          -0.999838,
          0.008409,
          1.573065
        ],
        [
          0.0,
          0.0,
          0.0,
          1.0
        ]
      ]
    },
    {
      "file_path": "/media/NFS/ttao/scannet/posed_images/scene0102_01/00283.jpg",
      "transform_matrix": [
        [
          0.885391,
          -0.004491,
          -0.464826,
          2.592777
        ],
        [
          0.464846,
          0.010896,
          0.885324,
          4.717496
        ],
        [
          0.001089,
          -0.999931,
          0.011735,
          1.569417
        ],
        [
          0.0,
          0.0,
          0.0,
          1.0
        ]
      ]
    },
    {
      "file_path": "/media/NFS/ttao/scannet/posed_images/scene0102_01/00292.jpg",
      "transform_matrix": [
        [
          0.928857,
          0.02569,
          -0.369548,
          2.649982
        ],
        [
          0.368276,
          0.043616,
          0.928693,
          4.775154
        ],
        [
          0.039976,
          -0.998718,
          0.031052,
          1.602069
        ],
        [
          0.0,
          0.0,
          0.0,
          1.0
        ]
      ]
    },
    {
      "file_path": "/media/NFS/ttao/scannet/posed_images/scene0102_01/00294.jpg",
      "transform_matrix": [
        [
          0.930104,
          0.018957,
          -0.366808,
          2.648756
        ],
        [
          0.365864,
          0.040325,
          0.929794,
          4.775788
        ],
        [
          0.032417,
          -0.999007,
          0.030571,
          1.594229
        ],
        [
          0.0,
          0.0,
          0.0,
          1.0
        ]
      ]
    },
    {
      "file_path": "/media/NFS/ttao/scannet/posed_images/scene0102_01/00303.jpg",
      "transform_matrix": [
        [
          0.893037,
          -0.042874,
          -0.447936,
          2.657631
        ],
        [
          0.449159,
          0.024714,
          0.89311,
          4.724595
        ],
        [
          -0.027221,
          -0.998775,
          0.041327,
          1.633511
        ],
        [
          0.0,
          0.0,
          0.0,
          1.0
        ]
      ]
    },
    {
      "file_path": "/media/NFS/ttao/scannet/posed_images/scene0102_01/00310.jpg",
      "transform_matrix": [
        [
          0.877514,
          -0.050993,
          -0.476833,
          2.661027
        ],
        [
          0.477474,
          0.000442,
          0.878646,
          4.64618
        ],
        [
          -0.044594,
          -0.998699,
          0.024736,
          1.59625
        ],
        [
          0.0,
          0.0,
          0.0,
          1.0
        ]
      ]
    },
    {
      "file_path": "/media/NFS/ttao/scannet/posed_images/scene0102_01/00312.jpg",
      "transform_matrix": [
        [
          0.868905,
          -0.053814,
          -0.492046,
          2.687306
        ],
        [
          0.492547,
          -0.004433,
          0.870275,
          4.618965
        ],
        [
          -0.049014,
          -0.998541,
          0.022654,
          1.606926
        ],
        [
          0.0,
          0.0,
          0.0,
          1.0
        ]
      ]
    },
    {
      "file_path": "/media/NFS/ttao/scannet/posed_images/scene0102_01/00323.jpg",
      "transform_matrix": [
        [
          0.832067,
          -0.046834,
          -0.552694,
          2.753224
        ],
        [
          0.552967,
          -0.008092,
          0.833164,
          4.485091
        ],
        [
          -0.043492,
          -0.99887,
          0.019165,
          1.550233
        ],
        [
          0.0,
          0.0,
          0.0,
          1.0
        ]
      ]
    },
    {
      "file_path": "/media/NFS/ttao/scannet/posed_images/scene0102_01/00325.jpg",
      "transform_matrix": [
        [
          0.833449,
          -0.042896,
          -0.550929,
          2.755904
        ],
        [
          0.55112,
          -0.008302,
          0.834384,
          4.461966
        ],
        [
          -0.040365,
          -0.999045,
          0.016722,
          1.561198
        ],
        [
          0.0,
          0.0,
          0.0,
          1.0
        ]
      ]
    },
    {
      "file_path": "/media/NFS/ttao/scannet/posed_images/scene0102_01/00334.jpg",
      "transform_matrix": [
        [
          0.842543,
          -0.054056,
          -0.535911,
          2.766588
        ],
        [
          0.537862,
          0.031314,
          0.842451,
          4.358737
        ],
        [
          -0.028758,
          -0.998047,
          0.055458,
          1.59856
        ],
        [
          0.0,
          0.0,
          0.0,
          1.0
        ]
      ]
    },
    {
      "file_path": "/media/NFS/ttao/scannet/posed_images/scene0102_01/00338.jpg",
      "transform_matrix": [
        [
          0.843606,
          -0.060197,
          -0.533578,
          2.763207
        ],
        [
          0.536306,
          0.045309,
          0.842807,
          4.304379
        ],
        [
          -0.026558,
          -0.997158,
          0.070507,
          1.595378
        ],
        [
          0.0,
          0.0,
          0.0,
          1.0
        ]
      ]
    },
    {
      "file_path": "/media/NFS/ttao/scannet/posed_images/scene0102_01/00346.jpg",
      "transform_matrix": [
        [
          0.825006,
          -0.056515,
          -0.562292,
          2.751606
        ],
        [
          0.564744,
          0.045921,
          0.823988,
          4.208869
        ],
        [
          -0.020746,
          -0.997345,
          0.069802,
          1.562548
        ],
        [
          0.0,
          0.0,
          0.0,
          1.0
        ]
      ]
    },
    {
      "file_path": "/media/NFS/ttao/scannet/posed_images/scene0102_01/00355.jpg",
      "transform_matrix": [
        [
          0.842132,
          -0.05968,
          -0.53596,
          2.764039
        ],
        [
          0.539247,
          0.102794,
          0.835851,
          4.164174
        ],
        [
          0.00521,
          -0.992911,
          0.118748,
          1.612629
        ],
        [
          0.0,
          0.0,
          0.0,
          1.0
        ]
      ]
    },
    {
      "file_path": "/media/NFS/ttao/scannet/posed_images/scene0102_01/00357.jpg",
      "transform_matrix": [
        [
          0.846109,
          -0.069901,
          -0.528406,
          2.759823
        ],
        [
          0.533009,
          0.109043,
          0.839054,
          4.151521
        ],
        [
          -0.001032,
          -0.991576,
          0.12952,
          1.611482
        ],
        [
          0.0,
          0.0,
          0.0,
          1.0
        ]
      ]
    },
    {
      "file_path": "/media/NFS/ttao/scannet/posed_images/scene0102_01/00366.jpg",
      "transform_matrix": [
        [
          0.871515,
          -0.086481,
          -0.482683,
          2.760789
        ],
        [
          0.489917,
          0.111287,
          0.864637,
          4.155025
        ],
        [
          -0.021058,
          -0.990018,
          0.139357,
          1.650446
        ],
        [
          0.0,
          0.0,
          0.0,
          1.0
        ]
      ]
    },
    {
      "file_path": "/media/NFS/ttao/scannet/posed_images/scene0102_01/00368.jpg",
      "transform_matrix": [
        [
          0.878948,
          -0.088257,
          -0.46868,
          2.75095
        ],
        [
          0.476197,
          0.108414,
          0.87263,
          4.150389
        ],
        [
          -0.026204,
          -0.99018,
          0.137318,
          1.661227
        ],
        [
          0.0,
          0.0,
          0.0,
          1.0
        ]
      ]
    },
    {
      "file_path": "/media/NFS/ttao/scannet/posed_images/scene0102_01/00379.jpg",
      "transform_matrix": [
        [
          0.931043,
          -0.065509,
          -0.358983,
          2.79998
        ],
        [
          0.362897,
          0.06301,
          0.929697,
          4.250198
        ],
        [
          -0.038284,
          -0.995861,
          0.082437,
          1.66436
        ],
        [
          0.0,
          0.0,
          0.0,
          1.0
        ]
      ]
    },
    {
      "file_path": "/media/NFS/ttao/scannet/posed_images/scene0102_01/00384.jpg",
      "transform_matrix": [
        [
          0.945224,
          -0.044039,
          -0.323438,
          2.918586
        ],
        [
          0.325714,
          0.06203,
          0.943431,
          4.303268
        ],
        [
          -0.021485,
          -0.997102,
          0.072976,
          1.584918
        ],
        [
          0.0,
          0.0,
          0.0,
          1.0
        ]
      ]
    },
    {
      "file_path": "/media/NFS/ttao/scannet/posed_images/scene0102_01/00392.jpg",
      "transform_matrix": [
        [
          0.966788,
          -0.01439,
          -0.255177,
          2.907251
        ],
        [
          0.255145,
          -0.004036,
          0.966894,
          4.383864
        ],
        [
          -0.014944,
          -0.999888,
          -0.000231,
          1.558744
        ],
        [
          0.0,
          0.0,
          0.0,
          1.0
        ]
      ]
    },
    {
      "file_path": "/media/NFS/ttao/scannet/posed_images/scene0102_01/00397.jpg",
      "transform_matrix": [
        [
          0.970981,
          -0.012343,
          -0.238839,
          2.888405
        ],
        [
          0.238219,
          -0.038484,
          0.970449,
          4.432653
        ],
        [
          -0.02117,
          -0.999183,
          -0.034427,
          1.548623
        ],
        [
          0.0,
          0.0,
          0.0,
          1.0
        ]
      ]
    },
    {
      "file_path": "/media/NFS/ttao/scannet/posed_images/scene0102_01/00401.jpg",
      "transform_matrix": [
        [
          0.972664,
          0.003169,
          -0.232197,
          2.868703
        ],
        [
          0.231676,
          -0.081554,
          0.969368,
          4.465576
        ],
        [
          -0.015864,
          -0.996664,
          -0.080059,
          1.534339
        ],
        [
          0.0,
          0.0,
          0.0,
          1.0
        ]
      ]
    },
    {
      "file_path": "/media/NFS/ttao/scannet/posed_images/scene0102_01/00408.jpg",
      "transform_matrix": [
        [
          0.969743,
          0.0309,
          -0.242164,
          2.856844
        ],
        [
          0.244069,
          -0.10097,
          0.964487,
          4.514329
        ],
        [
          0.005352,
          -0.99441,
          -0.105457,
          1.518252
        ],
        [
          0.0,
          0.0,
          0.0,
          1.0
        ]
      ]
    },
    {
      "file_path": "/media/NFS/ttao/scannet/posed_images/scene0102_01/00412.jpg",
      "transform_matrix": [
        [
          0.975435,
          0.045933,
          -0.215448,
          2.789551
        ],
        [
          0.218995,
          -0.096281,
          0.970964,
          4.531601
        ],
        [
          0.023856,
          -0.994294,
          -0.103975,
          1.540368
        ],
        [
          0.0,
          0.0,
          0.0,
          1.0
        ]
      ]
    },
    {
      "file_path": "/media/NFS/ttao/scannet/posed_images/scene0102_01/00421.jpg",
      "transform_matrix": [
        [
          0.992676,
          0.07477,
          -0.094884,
          2.692599
        ],
        [
          0.099138,
          -0.055388,
          0.993531,
          4.57752
        ],
        [
          0.069031,
          -0.995661,
          -0.062394,
          1.590105
        ],
        [
          0.0,
          0.0,
          0.0,
          1.0
        ]
      ]
    },
    {
      "file_path": "/media/NFS/ttao/scannet/posed_images/scene0102_01/00425.jpg",
      "transform_matrix": [
        [
          0.996382,
          0.074202,
          -0.041433,
          2.611603
        ],
        [
          0.043718,
          -0.02944,
          0.99861,
          4.583467
        ],
        [
          0.072879,
          -0.996809,
          -0.032578,
          1.599695
        ],
        [
          0.0,
          0.0,
          0.0,
          1.0
        ]
      ]
    },
    {
      "file_path": "/media/NFS/ttao/scannet/posed_images/scene0102_01/00431.jpg",
      "transform_matrix": [
        [
          0.996531,
          0.083178,
          -0.002591,
          2.59055
        ],
        [
          0.002404,
          0.002349,
          0.999994,
          4.599945
        ],
        [
          0.083184,
          -0.996532,
          0.002141,
          1.624866
        ],
        [
          0.0,
          0.0,
          0.0,
          1.0
        ]
      ]
    },
    {
      "file_path": "/media/NFS/ttao/scannet/posed_images/scene0102_01/00436.jpg",
      "transform_matrix": [
        [
          0.995246,
          0.08759,
          0.042595,
          2.547963
        ],
        [
          -0.04453,
          0.020254,
          0.998803,
          4.61658
        ],
        [
          0.086622,
          -0.995951,
          0.024058,
          1.642416
        ],
        [
          0.0,
          0.0,
          0.0,
          1.0
        ]
      ]
    },
    {
      "file_path": "/media/NFS/ttao/scannet/posed_images/scene0102_01/00444.jpg",
      "transform_matrix": [
        [
          0.987516,
          0.08926,
          0.129791,
          2.510974
        ],
        [
          -0.133508,
          0.036985,
          0.990357,
          4.607403
        ],
        [
          0.083599,
          -0.995322,
          0.048441,
          1.666852
        ],
        [
          0.0,
          0.0,
          0.0,
          1.0
        ]
      ]
    },
    {
      "file_path": "/media/NFS/ttao/scannet/posed_images/scene0102_01/00451.jpg",
      "transform_matrix": [
        [
          0.967124,
          0.104898,
          0.231665,
          2.476995
        ],
        [
          -0.23871,
          0.060332,
          0.969215,
          4.553403
        ],
        [
          0.087692,
          -0.992651,
          0.083389,
          1.68586
        ],
        [
          0.0,
          0.0,
          0.0,
          1.0
        ]
      ]
    },
    {
      "file_path": "/media/NFS/ttao/scannet/posed_images/scene0102_01/00456.jpg",
      "transform_matrix": [
        [
          0.939175,
          0.132261,
          0.316951,
          2.468394
        ],
        [
          -0.327502,
          0.06703,
          0.94247,
          4.490038
        ],
        [
          0.103407,
          -0.988946,
          0.106268,
          1.693766
        ],
        [
          0.0,
          0.0,
          0.0,
          1.0
        ]
      ]
    },
    {
      "file_path": "/media/NFS/ttao/scannet/posed_images/scene0102_01/00464.jpg",
      "transform_matrix": [
        [
          0.951527,
          0.117951,
          0.284049,
          2.438231
        ],
        [
          -0.295475,
          0.09418,
          0.950697,
          4.366508
        ],
        [
          0.085384,
          -0.988543,
          0.124467,
          1.684044
        ],
        [
          0.0,
          0.0,
          0.0,
          1.0
        ]
      ]
    },
    {
      "file_path": "/media/NFS/ttao/scannet/posed_images/scene0102_01/00471.jpg",
      "transform_matrix": [
        [
          0.957709,
          0.073632,
          0.278157,
          2.432897
        ],
        [
          -0.280957,
          0.030674,
          0.95923,
          4.314876
        ],
        [
          0.062098,
          -0.996814,
          0.050064,
          1.609215
        ],
        [
          0.0,
          0.0,
          0.0,
          1.0
        ]
      ]
    },
    {
      "file_path": "/media/NFS/ttao/scannet/posed_images/scene0102_01/00475.jpg",
      "transform_matrix": [
        [
          0.953177,
          0.051746,
          0.297953,
          2.38981
        ],
        [
          -0.297789,
          -0.011027,
          0.954568,
          4.309148
        ],
        [
          0.05268,
          -0.998599,
          0.004899,
          1.5629
        ],
        [
          0.0,
          0.0,
          0.0,
          1.0
        ]
