{
  "frames": [
    {
      "file_path": "/media/NFS/ttao/scannet/posed_images/scene0280_02/00000.jpg",
      "transform_matrix": [
        [
          0.217448,
          0.408829,
          -0.886327,
          4.008599
        ],
        [
          0.975507,
          -0.060134,
          0.211589,
          3.247382
        ],
        [
          0.033205,
          -0.910627,
          -0.411892,
          1.402314
        ],
        [
          0.0,
          0.0,
          0.0,
          1.0
        ]
      ]
    },
    {
      "file_path": "/media/NFS/ttao/scannet/posed_images/scene0280_02/00005.jpg",
      "transform_matrix": [
        [
          0.230884,
          0.412855,
          -0.881047,
          4.019424
        ],
        [
          0.972052,
          -0.058301,
          0.227412,
          3.279059
        ],
        [
          0.042522,
          -0.908929,
          -0.414777,
          1.382681
        ],
        [
          0.0,
          0.0,
          0.0,
          1.0
        ]
      ]
    },
    {
      "file_path": "/media/NFS/ttao/scannet/posed_images/scene0280_02/00012.jpg",
      "transform_matrix": [
        [
          0.276858,
          0.416917,
          -0.865754,
          4.0026
        ],
        [
          0.960086,
          -0.082687,
          0.267205,
          3.291264
        ],
        [
          0.039815,
          -0.905176,
          -0.423168,
          1.384703
        ],
        [
          0.0,
          0.0,
          0.0,
          1.0
        ]
      ]
    },
    {
      "file_path": "/media/NFS/ttao/scannet/posed_images/scene0280_02/00014.jpg",
      "transform_matrix": [
        [
          0.287169,
          0.416515,
          -0.862583,
          3.998276
        ],
        [
          0.957112,
          -0.088705,
          0.275806,
          3.305073
        ],
        [
          0.038361,
          -0.904791,
          -0.424124,
          1.383186
        ],
        [
          0.0,
          0.0,
          0.0,
          1.0
        ]
      ]
    },
    {
      "file_path": "/media/NFS/ttao/scannet/posed_images/scene0280_02/00021.jpg",
      "transform_matrix": [
        [
          0.358483,
          0.430312,
          -0.828445,
          3.959431
        ],
        [
          0.931733,
          -0.109787,
          0.346151,
          3.363115
        ],
        [
          0.058,
          -0.895979,
          -0.440293,
          1.383906
        ],
        [
          0.0,
          0.0,
          0.0,
          1.0
        ]
      ]
    },
    {
      "file_path": "/media/NFS/ttao/scannet/posed_images/scene0280_02/00027.jpg",
      "transform_matrix": [
        [
          0.448524,
          0.433234,
          -0.78175,
          3.917326
        ],
        [
          0.888579,
          -0.122014,
          0.442199,
          3.402866
        ],
        [
          0.096192,
          -0.892984,
          -0.439689,
          1.382144
        ],
        [
          0.0,
          0.0,
          0.0,
          1.0
        ]
      ]
    },
    {
      "file_path": "/media/NFS/ttao/scannet/posed_images/scene0280_02/00032.jpg",
      "transform_matrix": [
        [
          0.552763,
          0.414817,
          -0.722759,
          3.903413
        ],
        [
          0.825945,
          -0.157436,
          0.541321,
          3.442341
        ],
        [
          0.110761,
          -0.896181,
          -0.42964,
          1.364502
        ],
        [
          0.0,
          0.0,
          0.0,
          1.0
        ]
      ]
    },
    {
      "file_path": "/media/NFS/ttao/scannet/posed_images/scene0280_02/00036.jpg",
      "transform_matrix": [
        [
          0.618755,
          0.404114,
          -0.673672,
          3.890204
        ],
        [
          0.775465,
          -0.177002,
          0.606072,
          3.467335
        ],
        [
          0.125681,
          -0.89742,
          -0.422897,
          1.360421
        ],
        [
          0.0,
          0.0,
          0.0,
          1.0
        ]
      ]
    },
    {
      "file_path": "/media/NFS/ttao/scannet/posed_images/scene0280_02/00042.jpg",
      "transform_matrix": [
        [
          0.707422,
          0.380388,
          -0.5957,
          3.863945
        ],
        [
          0.693287,
          -0.209488,
          0.689541,
          3.50604
        ],
        [
          0.137501,
          -0.900788,
          -0.411915,
          1.397855
        ],
        [
          0.0,
          0.0,
          0.0,
          1.0
        ]
      ]
    },
    {
      "file_path": "/media/NFS/ttao/scannet/posed_images/scene0280_02/00047.jpg",
      "transform_matrix": [
        [
          0.758514,
          0.317787,
          -0.568918,
          3.84339
        ],
        [
          0.642579,
          -0.219533,
          0.734096,
          3.517155
        ],
        [
          0.10839,
          -0.922397,
          -0.370723,
          1.432234
        ],
        [
          0.0,
          0.0,
          0.0,
          1.0
        ]
      ]
    },
    {
      "file_path": "/media/NFS/ttao/scannet/posed_images/scene0280_02/00052.jpg",
      "transform_matrix": [
        [
          0.833701,
          0.258773,
          -0.48783,
          3.781746
        ],
        [
          0.541458,
          -0.209555,
          0.814192,
          3.500328
        ],
        [
          0.108463,
          -0.942933,
          -0.314821,
          1.46436
        ],
        [
          0.0,
          0.0,
          0.0,
          1.0
        ]
      ]
    },
    {
      "file_path": "/media/NFS/ttao/scannet/posed_images/scene0280_02/00056.jpg",
      "transform_matrix": [
        [
          0.879453,
          0.197967,
          -0.432863,
          3.753245
        ],
        [
          0.465134,
          -0.164365,
          0.869847,
          3.488216
        ],
        [
          0.101053,
          -0.96633,
          -0.236633,
          1.480823
        ],
        [
          0.0,
          0.0,
          0.0,
          1.0
        ]
      ]
    },
    {
      "file_path": "/media/NFS/ttao/scannet/posed_images/scene0280_02/00061.jpg",
      "transform_matrix": [
        [
          0.898204,
          0.145369,
          -0.414847,
          3.713785
        ],
        [
          0.429569,
          -0.090021,
          0.898536,
          3.461481
        ],
        [
          0.093274,
          -0.985274,
          -0.143304,
          1.498497
        ],
        [
          0.0,
          0.0,
          0.0,
          1.0
        ]
      ]
    },
    {
      "file_path": "/media/NFS/ttao/scannet/posed_images/scene0280_02/00065.jpg",
      "transform_matrix": [
        [
          0.898497,
          0.13303,
          -0.418338,
          3.69759
        ],
        [
          0.42699,
          -0.043634,
          0.903203,
          3.457788
        ],
        [
          0.101899,
          -0.990151,
          -0.096008,
          1.516623
        ],
        [
          0.0,
          0.0,
          0.0,
          1.0
        ]
      ]
    },
    {
      "file_path": "/media/NFS/ttao/scannet/posed_images/scene0280_02/00071.jpg",
      "transform_matrix": [
        [
          0.881772,
          0.104402,
          -0.459976,
          3.678776
        ],
        [
          0.459354,
          0.031367,
          0.887699,
          3.452523
        ],
        [
          0.107105,
          -0.99404,
          -0.020299,
          1.543414
        ],
        [
          0.0,
          0.0,
          0.0,
          1.0
        ]
      ]
    },
    {
      "file_path": "/media/NFS/ttao/scannet/posed_images/scene0280_02/00077.jpg",
      "transform_matrix": [
        [
          0.850559,
          0.13262,
          -0.508882,
          3.669473
        ],
        [
          0.507463,
          0.046852,
          0.860398,
          3.459591
        ],
        [
          0.137948,
          -0.990059,
          -0.027449,
          1.579131
        ],
        [
          0.0,
          0.0,
          0.0,
          1.0
        ]
      ]
    },
    {
      "file_path": "/media/NFS/ttao/scannet/posed_images/scene0280_02/00080.jpg",
      "transform_matrix": [
        [
          0.820019,
          0.14469,
          -0.553745,
          3.673492
        ],
        [
          0.548252,
          0.079131,
          0.832561,
          3.465842
        ],
        [
          0.164281,
          -0.986308,
          -0.014438,
          1.588017
        ],
        [
          0.0,
          0.0,
          0.0,
          1.0
        ]
      ]
    },
    {
      "file_path": "/media/NFS/ttao/scannet/posed_images/scene0280_02/00086.jpg",
      "transform_matrix": [
        [
          0.748899,
          0.115026,
          -0.652625,
          3.677127
        ],
        [
          0.627178,
          0.19501,
          0.754068,
          3.47633
        ],
        [
          0.214006,
          -0.974033,
          0.073901,
          1.648202
        ],
        [
          0.0,
          0.0,
          0.0,
          1.0
        ]
      ]
    },
    {
      "file_path": "/media/NFS/ttao/scannet/posed_images/scene0280_02/00094.jpg",
      "transform_matrix": [
        [
          0.645329,
          0.089933,
          -0.758592,
          3.684787
        ],
        [
          0.717918,
          0.267948,
          0.642494,
          3.518963
        ],
        [
          0.261045,
          -0.959227,
          0.10835,
          1.674778
        ],
        [
          0.0,
          0.0,
          0.0,
          1.0
        ]
      ]
    },
    {
      "file_path": "/media/NFS/ttao/scannet/posed_images/scene0280_02/00096.jpg",
      "transform_matrix": [
        [
          0.591452,
          0.086816,
          -0.801652,
          3.695253
        ],
        [
          0.758834,
          0.276279,
          0.589781,
          3.551286
        ],
        [
          0.272682,
          -0.957148,
          0.097527,
          1.684084
        ],
        [
          0.0,
          0.0,
          0.0,
          1.0
        ]
      ]
    },
    {
      "file_path": "/media/NFS/ttao/scannet/posed_images/scene0280_02/00100.jpg",
      "transform_matrix": [
        [
          0.530927,
          0.093858,
          -0.842204,
          3.684998
        ],
        [
          0.795638,
          0.28687,
          0.533541,
          3.576178
        ],
        [
          0.29168,
          -0.95336,
          0.07763,
          1.689586
        ],
        [
          0.0,
          0.0,
          0.0,
          1.0
        ]
      ]
    },
    {
      "file_path": "/media/NFS/ttao/scannet/posed_images/scene0280_02/00109.jpg",
      "transform_matrix": [
        [
          0.313555,
          0.098679,
          -0.944429,
          3.675165
        ],
        [
          0.90157,
          0.281279,
          0.328716,
          3.706673
        ],
        [
          0.298085,
          -0.954539,
          -0.00077,
          1.691751
        ],
        [
          0.0,
          0.0,
          0.0,
          1.0
        ]
      ]
    },
    {
      "file_path": "/media/NFS/ttao/scannet/posed_images/scene0280_02/00112.jpg",
      "transform_matrix": [
        [
          0.237579,
          0.134511,
          -0.96201,
          3.645544
        ],
        [
          0.931085,
          0.250714,
          0.264998,
          3.71303
        ],
        [
          0.276834,
          -0.95867,
          -0.065677,
          1.682586
        ],
        [
          0.0,
          0.0,
          0.0,
          1.0
        ]
      ]
    },
    {
      "file_path": "/media/NFS/ttao/scannet/posed_images/scene0280_02/00118.jpg",
      "transform_matrix": [
        [
          0.123516,
          0.198356,
          -0.972316,
          3.60968
        ],
        [
          0.966527,
          0.197992,
          0.163172,
          3.817578
        ],
        [
          0.224877,
          -0.959924,
          -0.167261,
          1.637276
        ],
        [
          0.0,
          0.0,
          0.0,
          1.0
        ]
      ]
    },
    {
      "file_path": "/media/NFS/ttao/scannet/posed_images/scene0280_02/00121.jpg",
      "transform_matrix": [
        [
          0.118809,
          0.215827,
          -0.969176,
          3.5724
        ],
        [
          0.977282,
          0.147121,
          0.152565,
          3.855373
        ],
        [
          0.175514,
          -0.965284,
          -0.193444,
          1.543426
        ],
        [
          0.0,
          0.0,
          0.0,
          1.0
        ]
      ]
    },
    {
      "file_path": "/media/NFS/ttao/scannet/posed_images/scene0280_02/00129.jpg",
      "transform_matrix": [
        [
          0.060614,
          0.193454,
          -0.979235,
          3.47593
        ],
        [
          0.986618,
          0.137158,
          0.088167,
          3.936053
        ],
        [
          0.151366,
          -0.971475,
          -0.182552,
          1.497864
        ],
        [
          0.0,
          0.0,
          0.0,
          1.0
        ]
      ]
    },
    {
      "file_path": "/media/NFS/ttao/scannet/posed_images/scene0280_02/00133.jpg",
      "transform_matrix": [
        [
          0.058834,
          0.21206,
          -0.975484,
          3.441332
        ],
        [
          0.9838,
          0.153448,
          0.092694,
          3.977018
        ],
        [
          0.169343,
          -0.965134,
          -0.199596,
          1.458859
        ],
        [
          0.0,
          0.0,
          0.0,
          1.0
        ]
      ]
    },
    {
      "file_path": "/media/NFS/ttao/scannet/posed_images/scene0280_02/00136.jpg",
      "transform_matrix": [
        [
          0.031728,
          0.231566,
          -0.972301,
          3.421094
        ],
        [
          0.985612,
          0.154335,
          0.068919,
          4.021761
        ],
        [
          0.166019,
          -0.960499,
          -0.223338,
          1.454049
        ],
        [
          0.0,
          0.0,
          0.0,
          1.0
        ]
      ]
    },
    {
      "file_path": "/media/NFS/ttao/scannet/posed_images/scene0280_02/00144.jpg",
      "transform_matrix": [
        [
          0.002083,
          0.277033,
          -0.960858,
          3.375885
        ],
        [
          0.988141,
          0.146955,
          0.044512,
          4.099399
        ],
        [
          0.153534,
          -0.949556,
          -0.273441,
          1.455247
        ],
        [
          0.0,
          0.0,
          0.0,
          1.0
        ]
      ]
    },
    {
      "file_path": "/media/NFS/ttao/scannet/posed_images/scene0280_02/00146.jpg",
      "transform_matrix": [
        [
          -0.046605,
          0.272735,
          -0.96096,
          3.369728
        ],
        [
          0.987104,
          0.16006,
          -0.002446,
          4.125895
        ],
        [
          0.153145,
          -0.948681,
          -0.276677,
          1.456323
        ],
        [
          0.0,
          0.0,
          0.0,
          1.0
        ]
      ]
    },
    {
      "file_path": "/media/NFS/ttao/scannet/posed_images/scene0280_02/00152.jpg",
      "transform_matrix": [
        [
          -0.204389,
          0.264039,
          -0.942607,
          3.344117
        ],
        [
          0.972653,
          0.163302,
          -0.16516,
          4.158923
        ],
        [
          0.110321,
          -0.950587,
          -0.290195,
          1.457946
        ],
        [
          0.0,
          0.0,
          0.0,
          1.0
        ]
      ]
    },
    {
      "file_path": "/media/NFS/ttao/scannet/posed_images/scene0280_02/00156.jpg",
      "transform_matrix": [
        [
          -0.251733,
          0.260826,
          -0.931987,
          3.309764
        ],
        [
          0.96229,
          0.170043,
          -0.212329,
          4.164474
        ],
        [
          0.103097,
          -0.950292,
          -0.293795,
          1.490088
        ],
        [
          0.0,
          0.0,
          0.0,
          1.0
        ]
      ]
    },
    {
      "file_path": "/media/NFS/ttao/scannet/posed_images/scene0280_02/00164.jpg",
      "transform_matrix": [
        [
          -0.413602,
          0.168309,
          -0.894765,
          3.227677
        ],
        [
          0.906119,
          0.171928,
          -0.38651,
          4.170502
        ],
        [
          0.088782,
          -0.970625,
          -0.223618,
          1.478134
        ],
        [
          0.0,
          0.0,
          0.0,
          1.0
        ]
      ]
    },
    {
      "file_path": "/media/NFS/ttao/scannet/posed_images/scene0280_02/00165.jpg",
      "transform_matrix": [
        [
          -0.435085,
          0.158483,
          -0.886332,
          3.20909
        ],
        [
          0.895934,
          0.174013,
          -0.408684,
          4.165245
        ],
        [
          0.089464,
          -0.971907,
          -0.217701,
          1.487748
        ],
        [
          0.0,
          0.0,
          0.0,
          1.0
        ]
      ]
    },
    {
      "file_path": "/media/NFS/ttao/scannet/posed_images/scene0280_02/00173.jpg",
      "transform_matrix": [
        [
          -0.615385,
          0.013791,
          -0.788106,
          3.101447
        ],
        [
          0.785699,
          0.09073,
          -0.611919,
          4.10414
        ],
        [
          0.063066,
          -0.99578,
          -0.066669,
          1.5566
        ],
        [
          0.0,
          0.0,
          0.0,
          1.0
        ]
      ]
    },
    {
      "file_path": "/media/NFS/ttao/scannet/posed_images/scene0280_02/00177.jpg",
      "transform_matrix": [
        [
          -0.698951,
          -0.006743,
          -0.715137,
          3.040014
        ],
        [
          0.71046,
          0.108013,
          -0.695399,
          4.099478
        ],
        [
          0.081934,
          -0.994126,
          -0.070705,
          1.571745
        ],
        [
          0.0,
          0.0,
          0.0,
          1.0
        ]
      ]
    },
    {
      "file_path": "/media/NFS/ttao/scannet/posed_images/scene0280_02/00182.jpg",
      "transform_matrix": [
        [
          -0.769837,
          -0.021067,
          -0.637893,
          3.047988
        ],
        [
          0.6298,
          0.136929,
          -0.764593,
          4.02744
        ],
        [
          0.103454,
          -0.990357,
          -0.092145,
          1.532711
        ],
        [
          0.0,
          0.0,
          0.0,
          1.0
        ]
      ]
    },
    {
      "file_path": "/media/NFS/ttao/scannet/posed_images/scene0280_02/00190.jpg",
      "transform_matrix": [
        [
          -0.852463,
          0.009773,
          -0.522695,
          3.076176
        ],
        [
          0.511598,
          0.221338,
          -0.830227,
          3.977042
        ],
        [
          0.107579,
          -0.975148,
          -0.193682,
          1.523646
        ],
        [
          0.0,
          0.0,
          0.0,
          1.0
        ]
      ]
    },
    {
      "file_path": "/media/NFS/ttao/scannet/posed_images/scene0280_02/00191.jpg",
      "transform_matrix": [
        [
          -0.874082,
          0.007101,
          -0.485726,
          3.049447
        ],
        [
          0.472854,
          0.241546,
          -0.847387,
          3.991808
        ],
        [
          0.111308,
          -0.970363,
          -0.214489,
          1.512567
        ],
        [
          0.0,
          0.0,
          0.0,
          1.0
        ]
      ]
    },
    {
      "file_path": "/media/NFS/ttao/scannet/posed_images/scene0280_02/00200.jpg",
      "transform_matrix": [
        [
          -0.933984,
          0.043207,
          -0.354693,
          3.074569
        ],
        [
          0.347604,
          0.339723,
          -0.873933,
          4.004227
        ],
        [
          0.082737,
          -0.939532,
          -0.332315,
          1.477066
        ],
        [
          0.0,
          0.0,
          0.0,
          1.0
        ]
      ]
    },
    {
      "file_path": "/media/NFS/ttao/scannet/posed_images/scene0280_02/00205.jpg",
      "transform_matrix": [
        [
          -0.967479,
          0.043227,
          -0.24923,
          3.05894
        ],
        [
          0.249364,
          0.328345,
          -0.911048,
          4.01597
        ],
        [
          0.042452,
          -0.943568,
          -0.328446,
          1.433016
        ],
        [
          0.0,
          0.0,
          0.0,
          1.0
        ]
      ]
    },
    {
      "file_path": "/media/NFS/ttao/scannet/posed_images/scene0280_02/00206.jpg",
      "transform_matrix": [
        [
          -0.970371,
          0.045079,
          -0.237379,
          3.060776
        ],
        [
          0.237896,
          0.350085,
          -0.906005,
          4.004206
        ],
        [
          0.042261,
          -0.935633,
          -0.350436,
          1.427369
        ],
        [
          0.0,
          0.0,
          0.0,
          1.0
        ]
      ]
    },
    {
      "file_path": "/media/NFS/ttao/scannet/posed_images/scene0280_02/00214.jpg",
      "transform_matrix": [
        [
          -0.979505,
          0.055687,
          -0.193569,
          3.112916
        ],
        [
          0.198223,
          0.437044,
          -0.877326,
          3.899853
        ],
        [
          0.035742,
          -0.897715,
          -0.439125,
          1.429918
        ],
        [
          0.0,
          0.0,
          0.0,
          1.0
        ]
      ]
    },
    {
      "file_path": "/media/NFS/ttao/scannet/posed_images/scene0280_02/00217.jpg",
      "transform_matrix": [
        [
          -0.991201,
          0.044894,
          -0.124516,
          3.104481
        ],
        [
          0.13177,
          0.42353,
          -0.896247,
          3.842692
        ],
        [
          0.0125,
          -0.904769,
          -0.425719,
          1.447275
        ],
        [
          0.0,
          0.0,
          0.0,
          1.0
        ]
      ]
    },
    {
      "file_path": "/media/NFS/ttao/scannet/posed_images/scene0280_02/00223.jpg",
      "transform_matrix": [
        [
          -0.997862,
          0.049091,
          -0.043137,
          3.133276
        ],
        [
          0.057096,
          0.333793,
          -0.940916,
          3.772334
        ],
        [
          -0.031792,
          -0.941367,
          -0.335882,
          1.439026
        ],
        [
          0.0,
          0.0,
          0.0,
          1.0
        ]
      ]
    },
    {
      "file_path": "/media/NFS/ttao/scannet/posed_images/scene0280_02/00227.jpg",
      "transform_matrix": [
        [
          -0.999371,
          0.032797,
          0.013502,
          3.129457
        ],
        [
          -0.002302,
          0.319887,
          -0.947453,
          3.705152
        ],
        [
          -0.035393,
          -0.946888,
          -0.31961,
          1.462026
        ],
        [
          0.0,
          0.0,
          0.0,
          1.0
        ]
      ]
    },
    {
      "file_path": "/media/NFS/ttao/scannet/posed_images/scene0280_02/00235.jpg",
      "transform_matrix": [
        [
          -0.981076,
          -0.045038,
          0.188309,
          3.095747
        ],
        [
          -0.193615,
          0.220699,
          -0.955931,
          3.605259
        ],
        [
          0.001494,
          -0.974301,
          -0.225243,
          1.495116
        ],
        [
          0.0,
          0.0,
          0.0,
          1.0
        ]
      ]
    },
    {
      "file_path": "/media/NFS/ttao/scannet/posed_images/scene0280_02/00236.jpg",
      "transform_matrix": [
        [
          -0.970433,
          -0.063007,
          0.232999,
          3.075607
        ],
        [
          -0.240848,
          0.18946,
          -0.951891,
          3.579777
        ],
        [
          0.015832,
          -0.979865,
          -0.199033,
          1.519981
        ],
        [
          0.0,
          0.0,
          0.0,
          1.0
        ]
      ]
    },
    {
      "file_path": "/media/NFS/ttao/scannet/posed_images/scene0280_02/00246.jpg",
      "transform_matrix": [
        [
          -0.879999,
          -0.107264,
          0.462705,
          2.981566
        ],
        [
          -0.465396,
          6.3e-05,
          -0.885102,
          3.450928
        ],
        [
          0.094911,
          -0.99423,
          -0.049976,
          1.531559
        ],
        [
          0.0,
          0.0,
          0.0,
          1.0
        ]
      ]
    },
    {
      "file_path": "/media/NFS/ttao/scannet/posed_images/scene0280_02/00250.jpg",
      "transform_matrix": [
        [
          -0.863998,
          -0.116949,
          0.489725,
          2.984236
        ],
        [
          -0.491405,
          -0.016003,
          -0.870784,
          3.416791
        ],
        [
          0.109674,
          -0.993009,
          -0.043643,
          1.540352
        ],
        [
          0.0,
          0.0,
          0.0,
          1.0
        ]
      ]
    },
    {
      "file_path": "/media/NFS/ttao/scannet/posed_images/scene0280_02/00252.jpg",
      "transform_matrix": [
        [
          -0.847466,
          -0.133111,
          0.51389,
          2.972508
        ],
        [
          -0.5144,
          -0.033202,
          -0.856907,
          3.377182
        ],
        [
          0.131126,
          -0.990545,
          -0.040335,
          1.533345
        ],
        [
          0.0,
          0.0,
          0.0,
          1.0
        ]
      ]
    },
    {
      "file_path": "/media/NFS/ttao/scannet/posed_images/scene0280_02/00256.jpg",
      "transform_matrix": [
        [
          -0.839349,
          -0.168649,
          0.516769,
          2.983381
        ],
        [
          -0.520627,
          -0.024001,
          -0.853447,
          3.313277
        ],
        [
          0.156336,
          -0.985384,
          -0.067658,
          1.521189
        ],
        [
          0.0,
          0.0,
          0.0,
          1.0
        ]
      ]
    },
    {
      "file_path": "/media/NFS/ttao/scannet/posed_images/scene0280_02/00264.jpg",
      "transform_matrix": [
        [
          -0.739727,
          -0.147843,
          0.656465,
          2.972678
        ],
        [
          -0.665293,
          0.014347,
          -0.746444,
          3.161234
        ],
        [
          0.100938,
          -0.988907,
          -0.108971,
          1.516352
        ],
        [
          0.0,
          0.0,
          0.0,
          1.0
        ]
      ]
    },
    {
      "file_path": "/media/NFS/ttao/scannet/posed_images/scene0280_02/00268.jpg",
      "transform_matrix": [
        [
          -0.670629,
          -0.139105,
          0.728633,
          2.968829
        ],
        [
          -0.737823,
          0.023602,
          -0.674581,
          3.093532
        ],
        [
          0.076641,
          -0.989996,
          -0.118463,
          1.514551
        ],
        [
          0.0,
          0.0,
          0.0,
          1.0
        ]
      ]
    },
    {
      "file_path": "/media/NFS/ttao/scannet/posed_images/scene0280_02/00271.jpg",
      "transform_matrix": [
        [
          -0.61394,
          -0.152753,
          0.774432,
          2.977679
        ],
        [
          -0.784759,
          0.012417,
          -0.619677,
          3.055191
        ],
        [
          0.085041,
          -0.988186,
          -0.127497,
          1.516765
        ],
        [
          0.0,
          0.0,
          0.0,
          1.0
        ]
      ]
    },
    {
      "file_path": "/media/NFS/ttao/scannet/posed_images/scene0280_02/00277.jpg",
      "transform_matrix": [
        [
          -0.460707,
          -0.218446,
          0.86025,
          2.958645
        ],
        [
          -0.883278,
          0.017834,
          -0.46851,
          2.970881
        ],
        [
          0.087002,
          -0.975686,
          -0.201165,
          1.515017
        ],
        [
          0.0,
          0.0,
          0.0,
          1.0
        ]
      ]
    },
    {
      "file_path": "/media/NFS/ttao/scannet/posed_images/scene0280_02/00282.jpg",
      "transform_matrix": [
        [
          -0.311989,
          -0.271546,
          0.910453,
          2.945232
        ],
        [
          -0.946581,
          0.006603,
          -0.322399,
          2.935303
        ],
        [
          0.081534,
          -0.962403,
          -0.2591,
          1.488907
        ],
        [
          0.0,
          0.0,
          0.0,
          1.0
        ]
      ]
    },
    {
      "file_path": "/media/NFS/ttao/scannet/posed_images/scene0280_02/00291.jpg",
      "transform_matrix": [
        [
          -0.110145,
          -0.364332,
          0.924733,
          2.949561
        ],
        [
          -0.992617,
          -0.007231,
          -0.121079,
          2.941877
        ],
        [
          0.0508,
          -0.931241,
          -0.360846,
          1.46226
        ],
        [
          0.0,
          0.0,
          0.0,
          1.0
        ]
      ]
    },
    {
      "file_path": "/media/NFS/ttao/scannet/posed_images/scene0280_02/00296.jpg",
      "transform_matrix": [
        [
          -0.025766,
          -0.362188,
          0.931749,
          2.967473
        ],
        [
          -0.999182,
          -0.019729,
          -0.0353,
          2.916699
        ],
        [
          0.031168,
          -0.931896,
          -0.361383,
          1.453701
        ],
        [
          0.0,
          0.0,
          0.0,
          1.0
        ]
      ]
    },
    {
      "file_path": "/media/NFS/ttao/scannet/posed_images/scene0280_02/00300.jpg",
      "transform_matrix": [
        [
          -0.047332,
          -0.384935,
          0.921729,
          2.998771
        ],
        [
          -0.998375,
          -0.01108,
          -0.055896,
          2.968554
        ],
        [
          0.031729,
          -0.922877,
          -0.383785,
          1.426051
        ],
        [
          0.0,
          0.0,
          0.0,
          1.0
        ]
      ]
    },
    {
      "file_path": "/media/NFS/ttao/scannet/posed_images/scene0280_02/00302.jpg",
      "transform_matrix": [
        [
          0.006959,
          -0.393032,
          0.919498,
          3.018054
        ],
        [
          -0.999918,
          -0.012638,
          0.002166,
          2.959218
        ],
        [
          0.010769,
          -0.919438,
          -0.393087,
          1.421824
        ],
        [
          0.0,
          0.0,
          0.0,
          1.0
        ]
      ]
    },
    {
      "file_path": "/media/NFS/ttao/scannet/posed_images/scene0280_02/00309.jpg",
      "transform_matrix": [
        [
          0.122493,
          -0.428826,
          0.895043,
          3.069729
        ],
        [
          -0.991846,
          -0.020938,
          0.12571,
          2.93671
        ],
        [
          -0.035168,
          -0.903144,
          -0.427895,
          1.408038
        ],
        [
          0.0,
          0.0,
          0.0,
          1.0
        ]
      ]
    },
    {
      "file_path": "/media/NFS/ttao/scannet/posed_images/scene0280_02/00312.jpg",
      "transform_matrix": [
        [
          0.179387,
          -0.455321,
          0.872068,
          3.077237
        ],
        [
          -0.980155,
          -0.00671,
          0.198118,
          2.947011
        ],
        [
          -0.084356,
          -0.890302,
          -0.447489,
          1.389648
        ],
        [
          0.0,
          0.0,
          0.0,
          1.0
        ]
      ]
    },
    {
      "file_path": "/media/NFS/ttao/scannet/posed_images/scene0280_02/00317.jpg",
      "transform_matrix": [
        [
          0.308901,
          -0.463072,
          0.830749,
          3.121978
        ],
        [
          -0.946268,
          -0.061751,
          0.317434,
          2.904538
        ],
        [
          -0.095696,
          -0.884167,
          -0.457265,
          1.382961
        ],
        [
          0.0,
          0.0,
          0.0,
          1.0
        ]
      ]
    },
    {
      "file_path": "/media/NFS/ttao/scannet/posed_images/scene0280_02/00326.jpg",
      "transform_matrix": [
        [
          0.516431,
          -0.394908,
          0.759834,
          3.182566
        ],
        [
          -0.853553,
          -0.166001,
          0.493853,
          2.886813
        ],
        [
          -0.068893,
          -0.903599,
          -0.422803,
          1.414203
        ],
        [
          0.0,
          0.0,
          0.0,
          1.0
        ]
      ]
    },
    {
      "file_path": "/media/NFS/ttao/scannet/posed_images/scene0280_02/00327.jpg",
      "transform_matrix": [
        [
          0.541516,
          -0.393087,
          0.743131,
          3.194791
        ],
        [
          -0.837965,
          -0.181257,
          0.514744,
          2.88242
        ],
        [
          -0.067641,
          -0.901459,
          -0.427546,
          1.414829
        ],
        [
          0.0,
          0.0,
          0.0,
          1.0
        ]
      ]
    },
    {
      "file_path": "/media/NFS/ttao/scannet/posed_images/scene0280_02/00337.jpg",
      "transform_matrix": [
        [
          0.687736,
          -0.250494,
          0.681375,
          3.298129
        ],
        [
          -0.725889,
          -0.250419,
          0.640605,
          2.908286
        ],
        [
          0.010161,
          -0.93517,
          -0.354053,
          1.444831
        ],
        [
          0.0,
          0.0,
          0.0,
          1.0
        ]
      ]
    },
    {
      "file_path": "/media/NFS/ttao/scannet/posed_images/scene0280_02/00338.jpg",
      "transform_matrix": [
        [
          0.690846,
          -0.240382,
          0.681871,
          3.310424
        ],
        [
          -0.722536,
          -0.263366,
          0.639202,
          2.915837
        ],
        [
          0.025929,
          -0.934267,
          -0.35563,
          1.448726
        ],
        [
          0.0,
          0.0,
          0.0,
          1.0
        ]
      ]
    },
    {
      "file_path": "/media/NFS/ttao/scannet/posed_images/scene0280_02/00344.jpg",
      "transform_matrix": [
        [
          0.703176,
          -0.156585,
          0.693559,
          3.373262
        ],
        [
          -0.704474,
          -0.285453,
          0.649795,
          2.967312
        ],
        [
          0.09623,
          -0.945515,
          -0.311034,
          1.443136
        ],
        [
          0.0,
          0.0,
          0.0,
          1.0
        ]
      ]
    },
    {
      "file_path": "/media/NFS/ttao/scannet/posed_images/scene0280_02/00350.jpg",
      "transform_matrix": [
        [
          0.764434,
          -0.100178,
          0.636871,
          3.447944
        ],
        [
          -0.634868,
          -0.288853,
          0.716594,
          3.013133
        ],
        [
          0.112176,
          -0.952118,
          -0.284409,
          1.449382
        ],
        [
          0.0,
          0.0,
          0.0,
          1.0
        ]
      ]
    },
    {
      "file_path": "/media/NFS/ttao/scannet/posed_images/scene0280_02/00353.jpg",
      "transform_matrix": [
        [
          0.816222,
          -0.098824,
          0.569223,
          3.490843
        ],
        [
          -0.570316,
          -0.295244,
          0.766532,
          3.030682
        ],
        [
          0.092308,
          -0.950297,
          -0.297346,
          1.448935
        ],
        [
          0.0,
          0.0,
          0.0,
          1.0
        ]
      ]
    },
    {
      "file_path": "/media/NFS/ttao/scannet/posed_images/scene0280_02/00361.jpg",
      "transform_matrix": [
        [
          0.919764,
          -0.083801,
          0.383422,
          3.557554
        ],
        [
          -0.38731,
          -0.351747,
          0.852212,
          3.09002
        ],
        [
          0.063451,
          -0.932337,
          -0.355981,
          1.438154
        ],
        [
          0.0,
          0.0,
          0.0,
          1.0
        ]
      ]
    },
    {
      "file_path": "/media/NFS/ttao/scannet/posed_images/scene0280_02/00367.jpg",
      "transform_matrix": [
        [
          0.981517,
          -0.033151,
          0.188482,
          3.636221
        ],
        [
          -0.186592,
          -0.384574,
          0.904039,
          3.099938
        ],
        [
          0.042515,
          -0.922499,
          -0.383652,
          1.425236
        ],
        [
          0.0,
          0.0,
          0.0,
          1.0
        ]
      ]
    },
    {
      "file_path": "/media/NFS/ttao/scannet/posed_images/scene0280_02/00371.jpg",
      "transform_matrix": [
        [
          0.994661,
          0.012499,
          0.102433,
          3.599876
        ],
        [
          -0.085916,
          -0.44952,
          0.889129,
          3.146935
        ],
        [
          0.057159,
          -0.893183,
          -0.446047,
          1.435917
        ],
        [
          0.0,
          0.0,
          0.0,
          1.0
        ]
      ]
    },
    {
      "file_path": "/media/NFS/ttao/scannet/posed_images/scene0280_02/00376.jpg",
      "transform_matrix": [
        [
          0.996876,
          0.071134,
          -0.03433,
          3.64295
        ],
        [
          0.064458,
          -0.481484,
          0.874082,
          3.154305
        ],
        [
          0.045647,
          -0.873564,
          -0.484565,
          1.431933
        ],
        [
          0.0,
          0.0,
          0.0,
          1.0
        ]
      ]
    },
    {
      "file_path": "/media/NFS/ttao/scannet/posed_images/scene0280_02/00382.jpg",
      "transform_matrix": [
        [
          0.992063,
          0.066949,
          -0.106432,
          3.588088
        ],
        [
          0.125546,
          -0.480676,
          0.867864,
          3.144966
        ],
        [
          0.006944,
          -0.874339,
          -0.485267,
          1.418427
        ],
        [
          0.0,
          0.0,
          0.0,
          1.0
        ]
      ]
    },
    {
      "file_path": "/media/NFS/ttao/scannet/posed_images/scene0280_02/00387.jpg",
      "transform_matrix": [
        [
          0.973837,
          0.088283,
          -0.209396,
          3.612229
        ],
        [
          0.22659,
          -0.447169,
          0.865273,
          3.166485
        ],
        [
          -0.017247,
          -0.890082,
          -0.455474,
          1.411721
        ],
        [
          0.0,
          0.0,
          0.0,
          1.0
        ]
      ]
    },
    {
      "file_path": "/media/NFS/ttao/scannet/posed_images/scene0280_02/00388.jpg",
      "transform_matrix": [
        [
          0.971161,
          0.094091,
          -0.219072,
          3.613104
        ],
        [
          0.237873,
          -0.444724,
          0.863503,
          3.172425
        ],
        [
          -0.016179,
          -0.890712,
          -0.45428,
          1.40888
        ],
        [
          0.0,
