{
  "frames": [
    {
      "file_path": "/media/NFS/ttao/scannet/posed_images/scene0606_00/00000.jpg",
      "transform_matrix": [
        [
          0.808221,
          0.053263,
          -0.586465,
          1.923999
        ],
        [
          0.583028,
          -0.212409,
          0.784194,
          4.95381
        ],
        [
          -0.082803,
          -0.975728,
          -0.202727,
          1.364863
        ],
        [
          0.0,
          0.0,
          0.0,
          1.0
        ]
      ]
    },
    {
      "file_path": "/media/NFS/ttao/scannet/posed_images/scene0606_00/00007.jpg",
      "transform_matrix": [
        [
          0.81149,
          0.063498,
          -0.580907,
          1.920863
        ],
        [
          0.578572,
          -0.226948,
          0.783421,
          4.95746
        ],
        [
          -0.08209,
          -0.971835,
          -0.220903,
          1.348369
        ],
        [
          0.0,
          0.0,
          0.0,
          1.0
        ]
      ]
    },
    {
      "file_path": "/media/NFS/ttao/scannet/posed_images/scene0606_00/00017.jpg",
      "transform_matrix": [
        [
          0.813274,
          0.105507,
          -0.572236,
          1.911627
        ],
        [
          0.573872,
          -0.308034,
          0.758806,
          4.968993
        ],
        [
          -0.096209,
          -0.945507,
          -0.311063,
          1.310903
        ],
        [
          0.0,
          0.0,
          0.0,
          1.0
        ]
      ]
    },
    {
      "file_path": "/media/NFS/ttao/scannet/posed_images/scene0606_00/00030.jpg",
      "transform_matrix": [
        [
          0.799752,
          0.183341,
          -0.571649,
          1.897385
        ],
        [
          0.593398,
          -0.385719,
          0.70647,
          4.981655
        ],
        [
          -0.090971,
          -0.904216,
          -0.417274,
          1.275189
        ],
        [
          0.0,
          0.0,
          0.0,
          1.0
        ]
      ]
    },
    {
      "file_path": "/media/NFS/ttao/scannet/posed_images/scene0606_00/00032.jpg",
      "transform_matrix": [
        [
          0.796748,
          0.183414,
          -0.575805,
          1.9028
        ],
        [
          0.596187,
          -0.394285,
          0.699357,
          4.98035
        ],
        [
          -0.098759,
          -0.900499,
          -0.423495,
          1.266147
        ],
        [
          0.0,
          0.0,
          0.0,
          1.0
        ]
      ]
    },
    {
      "file_path": "/media/NFS/ttao/scannet/posed_images/scene0606_00/00040.jpg",
      "transform_matrix": [
        [
          0.784562,
          0.262804,
          -0.561602,
          1.899619
        ],
        [
          0.614701,
          -0.448388,
          0.648915,
          4.978844
        ],
        [
          -0.081278,
          -0.854331,
          -0.513334,
          1.251262
        ],
        [
          0.0,
          0.0,
          0.0,
          1.0
        ]
      ]
    },
    {
      "file_path": "/media/NFS/ttao/scannet/posed_images/scene0606_00/00055.jpg",
      "transform_matrix": [
        [
          0.78731,
          0.302299,
          -0.537362,
          1.908949
        ],
        [
          0.614946,
          -0.44799,
          0.648959,
          4.910986
        ],
        [
          -0.044553,
          -0.84138,
          -0.538604,
          1.255149
        ],
        [
          0.0,
          0.0,
          0.0,
          1.0
        ]
      ]
    },
    {
      "file_path": "/media/NFS/ttao/scannet/posed_images/scene0606_00/00057.jpg",
      "transform_matrix": [
        [
          0.793425,
          0.292283,
          -0.533899,
          1.907748
        ],
        [
          0.606979,
          -0.445258,
          0.658272,
          4.893745
        ],
        [
          -0.045321,
          -0.846354,
          -0.530688,
          1.262103
        ],
        [
          0.0,
          0.0,
          0.0,
          1.0
        ]
      ]
    },
    {
      "file_path": "/media/NFS/ttao/scannet/posed_images/scene0606_00/00067.jpg",
      "transform_matrix": [
        [
          0.781254,
          0.210011,
          -0.587825,
          1.924533
        ],
        [
          0.621637,
          -0.34724,
          0.702134,
          4.792678
        ],
        [
          -0.05666,
          -0.913958,
          -0.401833,
          1.305517
        ],
        [
          0.0,
          0.0,
          0.0,
          1.0
        ]
      ]
    },
    {
      "file_path": "/media/NFS/ttao/scannet/posed_images/scene0606_00/00080.jpg",
      "transform_matrix": [
        [
          0.790676,
          0.160795,
          -0.590743,
          1.975587
        ],
        [
          0.611781,
          -0.244644,
          0.752245,
          4.769155
        ],
        [
          -0.023565,
          -0.956187,
          -0.291805,
          1.327205
        ],
        [
          0.0,
          0.0,
          0.0,
          1.0
        ]
      ]
    },
    {
      "file_path": "/media/NFS/ttao/scannet/posed_images/scene0606_00/00082.jpg",
      "transform_matrix": [
        [
          0.793295,
          0.155081,
          -0.588756,
          1.977938
        ],
        [
          0.608534,
          -0.232517,
          0.758698,
          4.773781
        ],
        [
          -0.019236,
          -0.960149,
          -0.278827,
          1.332744
        ],
        [
          0.0,
          0.0,
          0.0,
          1.0
        ]
      ]
    },
    {
      "file_path": "/media/NFS/ttao/scannet/posed_images/scene0606_00/00095.jpg",
      "transform_matrix": [
        [
          0.751631,
          0.140516,
          -0.644442,
          2.031239
        ],
        [
          0.658515,
          -0.21547,
          0.721063,
          4.805461
        ],
        [
          -0.037537,
          -0.966348,
          -0.254486,
          1.330471
        ],
        [
          0.0,
          0.0,
          0.0,
          1.0
        ]
      ]
    },
    {
      "file_path": "/media/NFS/ttao/scannet/posed_images/scene0606_00/00100.jpg",
      "transform_matrix": [
        [
          0.7333,
          0.126275,
          -0.668076,
          2.049273
        ],
        [
          0.678466,
          -0.199793,
          0.706941,
          4.818223
        ],
        [
          -0.044208,
          -0.971667,
          -0.232182,
          1.3433
        ],
        [
          0.0,
          0.0,
          0.0,
          1.0
        ]
      ]
    },
    {
      "file_path": "/media/NFS/ttao/scannet/posed_images/scene0606_00/00112.jpg",
      "transform_matrix": [
        [
          0.695809,
          0.074212,
          -0.714382,
          2.074406
        ],
        [
          0.71706,
          -0.128457,
          0.685073,
          4.829773
        ],
        [
          -0.040927,
          -0.988935,
          -0.142596,
          1.407687
        ],
        [
          0.0,
          0.0,
          0.0,
          1.0
        ]
      ]
    },
    {
      "file_path": "/media/NFS/ttao/scannet/posed_images/scene0606_00/00117.jpg",
      "transform_matrix": [
        [
          0.694377,
          0.052974,
          -0.717658,
          2.087843
        ],
        [
          0.718737,
          -0.100195,
          0.688025,
          4.817506
        ],
        [
          -0.035459,
          -0.993557,
          -0.107648,
          1.407248
        ],
        [
          0.0,
          0.0,
          0.0,
          1.0
        ]
      ]
    },
    {
      "file_path": "/media/NFS/ttao/scannet/posed_images/scene0606_00/00122.jpg",
      "transform_matrix": [
        [
          0.687979,
          0.054233,
          -0.723701,
          2.093921
        ],
        [
          0.725212,
          -0.089063,
          0.682741,
          4.799572
        ],
        [
          -0.027428,
          -0.994548,
          -0.100604,
          1.40373
        ],
        [
          0.0,
          0.0,
          0.0,
          1.0
        ]
      ]
    },
    {
      "file_path": "/media/NFS/ttao/scannet/posed_images/scene0606_00/00137.jpg",
      "transform_matrix": [
        [
          0.717749,
          -0.027958,
          -0.695741,
          2.127757
        ],
        [
          0.695293,
          -0.025006,
          0.718292,
          4.735698
        ],
        [
          -0.037479,
          -0.999296,
          0.001491,
          1.455142
        ],
        [
          0.0,
          0.0,
          0.0,
          1.0
        ]
      ]
    },
    {
      "file_path": "/media/NFS/ttao/scannet/posed_images/scene0606_00/00140.jpg",
      "transform_matrix": [
        [
          0.718493,
          -0.041434,
          -0.694299,
          2.147022
        ],
        [
          0.693852,
          -0.026674,
          0.719623,
          4.745287
        ],
        [
          -0.048337,
          -0.998785,
          0.009584,
          1.448354
        ],
        [
          0.0,
          0.0,
          0.0,
          1.0
        ]
      ]
    },
    {
      "file_path": "/media/NFS/ttao/scannet/posed_images/scene0606_00/00150.jpg",
      "transform_matrix": [
        [
          0.684548,
          -0.042895,
          -0.727704,
          2.155345
        ],
        [
          0.724722,
          -0.067533,
          0.685724,
          4.740623
        ],
        [
          -0.078558,
          -0.996795,
          -0.015142,
          1.4313
        ],
        [
          0.0,
          0.0,
          0.0,
          1.0
        ]
      ]
    },
    {
      "file_path": "/media/NFS/ttao/scannet/posed_images/scene0606_00/00159.jpg",
      "transform_matrix": [
        [
          0.680062,
          0.053944,
          -0.731167,
          2.150696
        ],
        [
          0.731002,
          -0.126246,
          0.670595,
          4.74243
        ],
        [
          -0.056132,
          -0.990531,
          -0.125288,
          1.387355
        ],
        [
          0.0,
          0.0,
          0.0,
          1.0
        ]
      ]
    },
    {
      "file_path": "/media/NFS/ttao/scannet/posed_images/scene0606_00/00167.jpg",
      "transform_matrix": [
        [
          0.669585,
          0.139857,
          -0.729449,
          2.140445
        ],
        [
          0.741778,
          -0.17576,
          0.647204,
          4.742806
        ],
        [
          -0.037692,
          -0.974448,
          -0.221429,
          1.346719
        ],
        [
          0.0,
          0.0,
          0.0,
          1.0
        ]
      ]
    },
    {
      "file_path": "/media/NFS/ttao/scannet/posed_images/scene0606_00/00172.jpg",
      "transform_matrix": [
        [
          0.655843,
          0.180639,
          -0.732966,
          2.148298
        ],
        [
          0.754201,
          -0.198468,
          0.625932,
          4.736169
        ],
        [
          -0.032402,
          -0.963317,
          -0.266402,
          1.320366
        ],
        [
          0.0,
          0.0,
          0.0,
          1.0
        ]
      ]
    },
    {
      "file_path": "/media/NFS/ttao/scannet/posed_images/scene0606_00/00184.jpg",
      "transform_matrix": [
        [
          0.618266,
          0.282662,
          -0.733382,
          2.168285
        ],
        [
          0.785968,
          -0.220868,
          0.57747,
          4.674127
        ],
        [
          0.001248,
          -0.933445,
          -0.358719,
          1.275224
        ],
        [
          0.0,
          0.0,
          0.0,
          1.0
        ]
      ]
    },
    {
      "file_path": "/media/NFS/ttao/scannet/posed_images/scene0606_00/00194.jpg",
      "transform_matrix": [
        [
          0.584394,
          0.332406,
          -0.740264,
          2.190704
        ],
        [
          0.811263,
          -0.218699,
          0.542239,
          4.621842
        ],
        [
          0.018349,
          -0.91743,
          -0.397475,
          1.266123
        ],
        [
          0.0,
          0.0,
          0.0,
          1.0
        ]
      ]
    },
    {
      "file_path": "/media/NFS/ttao/scannet/posed_images/scene0606_00/00202.jpg",
      "transform_matrix": [
        [
          0.533068,
          0.34727,
          -0.771519,
          2.210642
        ],
        [
          0.845897,
          -0.200173,
          0.494357,
          4.602409
        ],
        [
          0.017238,
          -0.916152,
          -0.40046,
          1.279793
        ],
        [
          0.0,
          0.0,
          0.0,
          1.0
        ]
      ]
    },
    {
      "file_path": "/media/NFS/ttao/scannet/posed_images/scene0606_00/00212.jpg",
      "transform_matrix": [
        [
          0.460882,
          0.318331,
          -0.828404,
          2.260815
        ],
        [
          0.887456,
          -0.162013,
          0.431479,
          4.606291
        ],
        [
          0.003142,
          -0.934033,
          -0.357174,
          1.30131
        ],
        [
          0.0,
          0.0,
          0.0,
          1.0
        ]
      ]
    },
    {
      "file_path": "/media/NFS/ttao/scannet/posed_images/scene0606_00/00217.jpg",
      "transform_matrix": [
        [
          0.425812,
          0.326082,
          -0.844011,
          2.289624
        ],
        [
          0.904801,
          -0.158134,
          0.395386,
          4.614202
        ],
        [
          -0.004539,
          -0.932022,
          -0.362374,
          1.30204
        ],
        [
          0.0,
          0.0,
          0.0,
          1.0
        ]
      ]
    },
    {
      "file_path": "/media/NFS/ttao/scannet/posed_images/scene0606_00/00227.jpg",
      "transform_matrix": [
        [
          0.387749,
          0.298239,
          -0.872184,
          2.328868
        ],
        [
          0.921667,
          -0.139263,
          0.362127,
          4.613215
        ],
        [
          -0.013462,
          -0.944277,
          -0.328876,
          1.31442
        ],
        [
          0.0,
          0.0,
          0.0,
          1.0
        ]
      ]
    },
    {
      "file_path": "/media/NFS/ttao/scannet/posed_images/scene0606_00/00232.jpg",
      "transform_matrix": [
        [
          0.375202,
          0.30568,
          -0.87509,
          2.336823
        ],
        [
          0.926931,
          -0.128516,
          0.352537,
          4.606199
        ],
        [
          -0.004699,
          -0.943421,
          -0.331564,
          1.309085
        ],
        [
          0.0,
          0.0,
          0.0,
          1.0
        ]
      ]
    },
    {
      "file_path": "/media/NFS/ttao/scannet/posed_images/scene0606_00/00239.jpg",
      "transform_matrix": [
        [
          0.338514,
          0.327603,
          -0.882091,
          2.338968
        ],
        [
          0.940867,
          -0.104596,
          0.322224,
          4.590914
        ],
        [
          0.013298,
          -0.939008,
          -0.343638,
          1.296938
        ],
        [
          0.0,
          0.0,
          0.0,
          1.0
        ]
      ]
    },
    {
      "file_path": "/media/NFS/ttao/scannet/posed_images/scene0606_00/00249.jpg",
      "transform_matrix": [
        [
          0.287726,
          0.296976,
          -0.910505,
          2.336623
        ],
        [
          0.957711,
          -0.091169,
          0.272907,
          4.57504
        ],
        [
          -0.001963,
          -0.950523,
          -0.310649,
          1.327228
        ],
        [
          0.0,
          0.0,
          0.0,
          1.0
        ]
      ]
    },
    {
      "file_path": "/media/NFS/ttao/scannet/posed_images/scene0606_00/00262.jpg",
      "transform_matrix": [
        [
          0.325788,
          0.231879,
          -0.916567,
          2.331225
        ],
        [
          0.944746,
          -0.117055,
          0.306191,
          4.578558
        ],
        [
          -0.036289,
          -0.965676,
          -0.257202,
          1.368239
        ],
        [
          0.0,
          0.0,
          0.0,
          1.0
        ]
      ]
    },
    {
      "file_path": "/media/NFS/ttao/scannet/posed_images/scene0606_00/00264.jpg",
      "transform_matrix": [
        [
          0.327284,
          0.224077,
          -0.917973,
          2.332798
        ],
        [
          0.944205,
          -0.115494,
          0.308444,
          4.578537
        ],
        [
          -0.036905,
          -0.967704,
          -0.249374,
          1.370039
        ],
        [
          0.0,
          0.0,
          0.0,
          1.0
        ]
      ]
    },
    {
      "file_path": "/media/NFS/ttao/scannet/posed_images/scene0606_00/00277.jpg",
      "transform_matrix": [
        [
          0.315749,
          0.185786,
          -0.930476,
          2.340137
        ],
        [
          0.948345,
          -0.093564,
          0.303131,
          4.583235
        ],
        [
          -0.030742,
          -0.978125,
          -0.205732,
          1.37799
        ],
        [
          0.0,
          0.0,
          0.0,
          1.0
        ]
      ]
    },
    {
      "file_path": "/media/NFS/ttao/scannet/posed_images/scene0606_00/00287.jpg",
      "transform_matrix": [
        [
          0.354927,
          0.14861,
          -0.923007,
          2.337122
        ],
        [
          0.93488,
          -0.061754,
          0.34955,
          4.577287
        ],
        [
          -0.005053,
          -0.986966,
          -0.160851,
          1.384398
        ],
        [
          0.0,
          0.0,
          0.0,
          1.0
        ]
      ]
    },
    {
      "file_path": "/media/NFS/ttao/scannet/posed_images/scene0606_00/00289.jpg",
      "transform_matrix": [
        [
          0.360464,
          0.151102,
          -0.920453,
          2.334958
        ],
        [
          0.932772,
          -0.056627,
          0.355992,
          4.575416
        ],
        [
          0.001668,
          -0.986895,
          -0.161356,
          1.383085
        ],
        [
          0.0,
          0.0,
          0.0,
          1.0
        ]
      ]
    },
    {
      "file_path": "/media/NFS/ttao/scannet/posed_images/scene0606_00/00302.jpg",
      "transform_matrix": [
        [
          0.32037,
          0.146658,
          -0.935871,
          2.341653
        ],
        [
          0.947279,
          -0.054845,
          0.315681,
          4.576049
        ],
        [
          -0.005031,
          -0.987666,
          -0.156497,
          1.380035
        ],
        [
          0.0,
          0.0,
          0.0,
          1.0
        ]
      ]
    },
    {
      "file_path": "/media/NFS/ttao/scannet/posed_images/scene0606_00/00312.jpg",
      "transform_matrix": [
        [
          0.298868,
          0.126681,
          -0.945849,
          2.344852
        ],
        [
          0.954103,
          -0.059516,
          0.293505,
          4.581913
        ],
        [
          -0.019112,
          -0.990156,
          -0.138655,
          1.395985
        ],
        [
          0.0,
          0.0,
          0.0,
          1.0
        ]
      ]
    },
    {
      "file_path": "/media/NFS/ttao/scannet/posed_images/scene0606_00/00314.jpg",
      "transform_matrix": [
        [
          0.293278,
          0.126176,
          -0.947664,
          2.344605
        ],
        [
          0.955751,
          -0.062518,
          0.287457,
          4.581593
        ],
        [
          -0.022976,
          -0.990036,
          -0.138928,
          1.394059
        ],
        [
          0.0,
          0.0,
          0.0,
          1.0
        ]
      ]
    },
    {
      "file_path": "/media/NFS/ttao/scannet/posed_images/scene0606_00/00326.jpg",
      "transform_matrix": [
        [
          0.270944,
          0.083929,
          -0.958929,
          2.347425
        ],
        [
          0.961384,
          -0.073554,
          0.265199,
          4.590186
        ],
        [
          -0.048276,
          -0.993753,
          -0.100617,
          1.448097
        ],
        [
          0.0,
          0.0,
          0.0,
          1.0
        ]
      ]
    },
    {
      "file_path": "/media/NFS/ttao/scannet/posed_images/scene0606_00/00334.jpg",
      "transform_matrix": [
        [
          0.292897,
          0.057792,
          -0.954396,
          2.356714
        ],
        [
          0.954882,
          -0.068944,
          0.288872,
          4.584375
        ],
        [
          -0.049105,
          -0.995945,
          -0.075378,
          1.447967
        ],
        [
          0.0,
          0.0,
          0.0,
          1.0
        ]
      ]
    },
    {
      "file_path": "/media/NFS/ttao/scannet/posed_images/scene0606_00/00344.jpg",
      "transform_matrix": [
        [
          0.362259,
          0.035727,
          -0.931392,
          2.362895
        ],
        [
          0.930745,
          -0.067281,
          0.359426,
          4.583447
        ],
        [
          -0.049824,
          -0.997094,
          -0.057626,
          1.44927
        ],
        [
          0.0,
          0.0,
          0.0,
          1.0
        ]
      ]
    },
    {
      "file_path": "/media/NFS/ttao/scannet/posed_images/scene0606_00/00349.jpg",
      "transform_matrix": [
        [
          0.371876,
          0.01527,
          -0.928157,
          2.372596
        ],
        [
          0.92704,
          -0.05781,
          0.370478,
          4.581369
        ],
        [
          -0.047999,
          -0.998211,
          -0.035654,
          1.452955
        ],
        [
          0.0,
          0.0,
          0.0,
          1.0
        ]
      ]
    },
    {
      "file_path": "/media/NFS/ttao/scannet/posed_images/scene0606_00/00361.jpg",
      "transform_matrix": [
        [
          0.362944,
          -0.035454,
          -0.931136,
          2.382965
        ],
        [
          0.929954,
          -0.049275,
          0.36436,
          4.58887
        ],
        [
          -0.0588,
          -0.998156,
          0.015086,
          1.471046
        ],
        [
          0.0,
          0.0,
          0.0,
          1.0
        ]
      ]
    },
    {
      "file_path": "/media/NFS/ttao/scannet/posed_images/scene0606_00/00364.jpg",
      "transform_matrix": [
        [
          0.357991,
          -0.040728,
          -0.932836,
          2.385124
        ],
        [
          0.931782,
          -0.048843,
          0.359719,
          4.592236
        ],
        [
          -0.060213,
          -0.997976,
          0.020464,
          1.470766
        ],
        [
          0.0,
          0.0,
          0.0,
          1.0
        ]
      ]
    },
    {
      "file_path": "/media/NFS/ttao/scannet/posed_images/scene0606_00/00371.jpg",
      "transform_matrix": [
        [
          0.335062,
          0.038674,
          -0.941402,
          2.37736
        ],
        [
          0.940663,
          -0.070711,
          0.331894,
          4.604974
        ],
        [
          -0.053732,
          -0.996747,
          -0.060072,
          1.437777
        ],
        [
          0.0,
          0.0,
          0.0,
          1.0
        ]
      ]
    },
    {
      "file_path": "/media/NFS/ttao/scannet/posed_images/scene0606_00/00386.jpg",
      "transform_matrix": [
        [
          0.347509,
          0.23252,
          -0.90839,
          2.332705
        ],
        [
          0.935988,
          -0.144127,
          0.321175,
          4.61852
        ],
        [
          -0.056244,
          -0.961853,
          -0.267721,
          1.338602
        ],
        [
          0.0,
          0.0,
          0.0,
          1.0
        ]
      ]
    },
    {
      "file_path": "/media/NFS/ttao/scannet/posed_images/scene0606_00/00389.jpg",
      "transform_matrix": [
        [
          0.343436,
          0.263202,
          -0.901541,
          2.32753
        ],
        [
          0.938003,
          -0.144095,
          0.315258,
          4.616186
        ],
        [
          -0.046931,
          -0.953919,
          -0.296371,
          1.318775
        ],
        [
          0.0,
          0.0,
          0.0,
          1.0
        ]
      ]
    },
    {
      "file_path": "/media/NFS/ttao/scannet/posed_images/scene0606_00/00401.jpg",
      "transform_matrix": [
        [
          0.277558,
          0.384269,
          -0.88051,
          2.304957
        ],
        [
          0.960708,
          -0.111902,
          0.254003,
          4.586661
        ],
        [
          -0.000925,
          -0.916414,
          -0.40023,
          1.284969
        ],
        [
          0.0,
          0.0,
          0.0,
          1.0
        ]
      ]
    },
    {
      "file_path": "/media/NFS/ttao/scannet/posed_images/scene0606_00/00409.jpg",
      "transform_matrix": [
        [
          0.210376,
          0.400013,
          -0.892038,
          2.31412
        ],
        [
          0.977446,
          -0.068822,
          0.199657,
          4.574783
        ],
        [
          0.018473,
          -0.913922,
          -0.40547,
          1.283037
        ],
        [
          0.0,
          0.0,
          0.0,
          1.0
        ]
      ]
    },
    {
      "file_path": "/media/NFS/ttao/scannet/posed_images/scene0606_00/00419.jpg",
      "transform_matrix": [
        [
          0.184703,
          0.416006,
          -0.890406,
          2.335775
        ],
        [
          0.982144,
          -0.045165,
          0.182631,
          4.541708
        ],
        [
          0.03576,
          -0.908239,
          -0.41692,
          1.277604
        ],
        [
          0.0,
          0.0,
          0.0,
          1.0
        ]
      ]
    },
    {
      "file_path": "/media/NFS/ttao/scannet/posed_images/scene0606_00/00421.jpg",
      "transform_matrix": [
        [
          0.188787,
          0.421093,
          -0.887153,
          2.337245
        ],
        [
          0.981058,
          -0.040926,
          0.189344,
          4.528915
        ],
        [
          0.043424,
          -0.906094,
          -0.420843,
          1.285663
        ],
        [
          0.0,
          0.0,
          0.0,
          1.0
        ]
      ]
    },
    {
      "file_path": "/media/NFS/ttao/scannet/posed_images/scene0606_00/00431.jpg",
      "transform_matrix": [
        [
          0.17353,
          0.390883,
          -0.903935,
          2.376362
        ],
        [
          0.983536,
          -0.021768,
          0.179398,
          4.460729
        ],
        [
          0.050446,
          -0.920183,
          -0.388224,
          1.281531
        ],
        [
          0.0,
          0.0,
          0.0,
          1.0
        ]
      ]
    },
    {
      "file_path": "/media/NFS/ttao/scannet/posed_images/scene0606_00/00444.jpg",
      "transform_matrix": [
        [
          0.102341,
          0.406592,
          -0.90786,
          2.419659
        ],
        [
          0.994203,
          -0.011555,
          0.1069,
          4.378791
        ],
        [
          0.032974,
          -0.913537,
          -0.405418,
          1.273644
        ],
        [
          0.0,
          0.0,
          0.0,
          1.0
        ]
      ]
    },
    {
      "file_path": "/media/NFS/ttao/scannet/posed_images/scene0606_00/00446.jpg",
      "transform_matrix": [
        [
          0.09572,
          0.404813,
          -0.909376,
          2.424156
        ],
        [
          0.994681,
          -0.003987,
          0.102924,
          4.373922
        ],
        [
          0.038039,
          -0.914391,
          -0.403041,
          1.272594
        ],
        [
          0.0,
          0.0,
          0.0,
          1.0
        ]
      ]
    },
    {
      "file_path": "/media/NFS/ttao/scannet/posed_images/scene0606_00/00456.jpg",
      "transform_matrix": [
        [
          0.040941,
          0.422173,
          -0.90559,
          2.429984
        ],
        [
          0.999112,
          -0.008258,
          0.041319,
          4.368681
        ],
        [
          0.009966,
          -0.906478,
          -0.422136,
          1.254432
        ],
        [
          0.0,
          0.0,
          0.0,
          1.0
        ]
      ]
    },
    {
      "file_path": "/media/NFS/ttao/scannet/posed_images/scene0606_00/00468.jpg",
      "transform_matrix": [
        [
          -0.134183,
          0.396611,
          -0.908127,
          2.430422
        ],
        [
          0.990947,
          0.049599,
          -0.124758,
          4.380499
        ],
        [
          -0.004438,
          -0.916646,
          -0.399676,
          1.267262
        ],
        [
          0.0,
          0.0,
          0.0,
          1.0
        ]
      ]
    },
    {
      "file_path": "/media/NFS/ttao/scannet/posed_images/scene0606_00/00476.jpg",
      "transform_matrix": [
        [
          -0.124898,
          0.357389,
          -0.925567,
          2.424998
        ],
        [
          0.991538,
          0.078249,
          -0.103586,
          4.384518
        ],
        [
          0.035405,
          -0.930672,
          -0.364138,
          1.267466
        ],
        [
          0.0,
          0.0,
          0.0,
          1.0
        ]
      ]
    },
    {
      "file_path": "/media/NFS/ttao/scannet/posed_images/scene0606_00/00486.jpg",
      "transform_matrix": [
        [
          -0.194465,
          0.401996,
          -0.894753,
          2.427481
        ],
        [
          0.98088,
          0.07261,
          -0.180562,
          4.411944
        ],
        [
          -0.007617,
          -0.912758,
          -0.40843,
          1.252707
        ],
        [
          0.0,
          0.0,
          0.0,
          1.0
        ]
      ]
    },
    {
      "file_path": "/media/NFS/ttao/scannet/posed_images/scene0606_00/00488.jpg",
      "transform_matrix": [
        [
          -0.20915,
          0.405187,
          -0.889989,
          2.429188
        ],
        [
          0.977745,
          0.071329,
          -0.197299,
          4.412603
        ],
        [
          -0.01646,
          -0.911447,
          -0.411088,
          1.251264
        ],
        [
          0.0,
          0.0,
          0.0,
          1.0
        ]
      ]
    },
    {
      "file_path": "/media/NFS/ttao/scannet/posed_images/scene0606_00/00503.jpg",
      "transform_matrix": [
        [
          -0.299052,
          0.46378,
          -0.833952,
          2.458537
        ],
        [
          0.952461,
          0.09178,
          -0.290508,
          4.360019
        ],
        [
          -0.058192,
          -0.881183,
          -0.46918,
          1.231301
        ],
        [
          0.0,
          0.0,
          0.0,
          1.0
        ]
      ]
    },
    {
      "file_path": "/media/NFS/ttao/scannet/posed_images/scene0606_00/00506.jpg",
      "transform_matrix": [
        [
          -0.304164,
          0.464457,
          -0.831724,
          2.464735
        ],
        [
          0.951128,
          0.099224,
          -0.292421,
          4.350541
        ],
        [
          -0.05329,
          -0.88002,
          -0.471938,
          1.230702
        ],
        [
          0.0,
          0.0,
          0.0,
          1.0
        ]
      ]
    },
    {
      "file_path": "/media/NFS/ttao/scannet/posed_images/scene0606_00/00516.jpg",
      "transform_matrix": [
        [
          -0.334943,
          0.432133,
          -0.837302,
          2.495265
        ],
        [
          0.941551,
          0.119553,
          -0.314943,
          4.300568
        ],
        [
          -0.035995,
          -0.893851,
          -0.446918,
          1.268164
        ],
        [
          0.0,
          0.0,
          0.0,
          1.0
        ]
      ]
    },
    {
      "file_path": "/media/NFS/ttao/scannet/posed_images/scene0606_00/00528.jpg",
      "transform_matrix": [
        [
          -0.37604,
          0.345386,
          -0.859827,
          2.556252
        ],
        [
          0.926161,
          0.111434,
          -0.360289,
          4.247499
        ],
        [
          -0.028625,
          -0.931821,
          -0.361787,
          1.287205
        ],
        [
          0.0,
          0.0,
          0.0,
          1.0
        ]
      ]
    },
    {
      "file_path": "/media/NFS/ttao/scannet/posed_images/scene0606_00/00533.jpg",
      "transform_matrix": [
        [
          -0.387683,
          0.329605,
          -0.86085,
          2.574841
        ],
        [
          0.921505,
          0.115238,
          -0.370876,
          4.222473
        ],
        [
          -0.02304,
          -0.93706,
          -0.348409,
          1.298815
        ],
        [
          0.0,
          0.0,
          0.0,
          1.0
        ]
      ]
    },
    {
      "file_path": "/media/NFS/ttao/scannet/posed_images/scene0606_00/00541.jpg",
      "transform_matrix": [
        [
          -0.402224,
          0.281244,
          -0.871274,
          2.598699
        ],
        [
          0.915342,
          0.103655,
          -0.389109,
          4.203146
        ],
        [
          -0.019123,
          -0.954022,
          -0.299126,
          1.314756
        ],
        [
          0.0,
          0.0,
          0.0,
          1.0
        ]
      ]
    },
    {
      "file_path": "/media/NFS/ttao/scannet/posed_images/scene0606_00/00551.jpg",
      "transform_matrix": [
        [
          -0.429578,
          0.217748,
          -0.876384,
          2.612432
        ],
        [
          0.902605,
          0.073776,
          -0.4241,
          4.199517
        ],
        [
          -0.027691,
          -0.973213,
          -0.228233,
          1.34133
        ],
        [
          0.0,
          0.0,
          0.0,
          1.0
        ]
      ]
    },
    {
      "file_path": "/media/NFS/ttao/scannet/posed_images/scene0606_00/00561.jpg",
      "transform_matrix": [
        [
          -0.453639,
          0.145721,
          -0.879191,
          2.633294
        ],
        [
          0.890719,
          0.0422,
          -0.452592,
          4.187454
        ],
        [
          -0.028851,
          -0.988425,
          -0.14894,
          1.373559
        ],
        [
          0.0,
          0.0,
          0.0,
          1.0
        ]
      ]
    },
    {
      "file_path": "/media/NFS/ttao/scannet/posed_images/scene0606_00/00566.jpg",
      "transform_matrix": [
        [
          -0.447455,
          0.095452,
          -0.889198,
          2.640871
        ],
        [
          0.894207,
          0.032964,
          -0.446438,
          4.183745
        ],
        [
          -0.013301,
          -0.994888,
          -0.100104,
          1.390393
        ],
        [
          0.0,
          0.0,
          0.0,
          1.0
        ]
      ]
    },
    {
      "file_path": "/media/NFS/ttao/scannet/posed_images/scene0606_00/00571.jpg",
      "transform_matrix": [
        [
          -0.452751,
          0.072303,
          -0.8887,
          2.644155
        ],
        [
          0.891542,
          0.022195,
          -0.452393,
          4.183546
        ],
        [
          -0.012984,
          -0.997136,
          -0.07451,
          1.392182
        ],
        [
          0.0,
          0.0,
          0.0,
          1.0
        ]
      ]
    },
    {
      "file_path": "/media/NFS/ttao/scannet/posed_images/scene0606_00/00581.jpg",
      "transform_matrix": [
        [
          -0.47923,
          0.018557,
          -0.877494,
          2.637728
        ],
        [
          0.877643,
          -0.000201,
          -0.479315,
          4.193098
        ],
        [
          -0.009071,
          -0.999828,
          -0.01619,
          1.425743
        ],
        [
          0.0,
          0.0,
          0.0,
          1.0
        ]
      ]
    },
    {
      "file_path": "/media/NFS/ttao/scannet/posed_images/scene0606_00/00588.jpg",
      "transform_matrix": [
        [
          -0.523349,
          -0.014436,
          -0.851996,
          2.622486
        ],
        [
          0.851692,
          -0.040466,
          -0.522477,
          4.212699
        ],
        [
          -0.026934,
          -0.999077,
          0.033473,
          1.442927
        ],
        [
          0.0,
          0.0,
          0.0,
          1.0
        ]
      ]
    },
    {
      "file_path": "/media/NFS/ttao/scannet/posed_images/scene0606_00/00596.jpg",
      "transform_matrix": [
        [
          -0.601085,
          -0.038193,
          -0.798272,
          2.576669
        ],
        [
          0.798683,
          -0.064118,
          -0.598327,
          4.23573
        ],
        [
          -0.028332,
          -0.997211,
          0.069044,
          1.449234
        ],
        [
          0.0,
          0.0,
          0.0,
          1.0
        ]
      ]
    },
    {
      "file_path": "/media/NFS/ttao/scannet/posed_images/scene0606_00/00611.jpg",
      "transform_matrix": [
        [
          -0.787391,
          -0.059415,
          -0.613584,
          2.45249
        ],
        [
          0.616193,
          -0.10482,
          -0.780589,
          4.32616
        ],
        [
          -0.017937,
          -0.992715,
          0.119146,
          1.469605
        ],
        [
          0.0,
          0.0,
          0.0,
          1.0
        ]
      ]
    },
    {
      "file_path": "/media/NFS/ttao/scannet/posed_images/scene0606_00/00613.jpg",
      "transform_matrix": [
        [
          -0.79547,
          -0.061761,
          -0.602838,
          2.441827
        ],
        [
          0.605821,
          -0.104752,
          -0.788675,
          4.33161
        ],
        [
          -0.014439,
          -0.992579,
          0.120743,
          1.469702
        ],
        [
          0.0,
          0.0,
          0.0,
          1.0
        ]
      ]
    },
    {
      "file_path": "/media/NFS/ttao/scannet/posed_images/scene0606_00/00621.jpg",
      "transform_matrix": [
        [
          -0.816302,
          -0.011235,
          -0.577517,
          2.388704
        ],
        [
          0.576739,
          -0.071241,
          -0.813816,
          4.342178
        ],
        [
          -0.032,
          -0.997396,
          0.064634,
          1.454792
        ],
        [
          0.0,
          0.0,
          0.0,
          1.0
        ]
      ]
    },
    {
      "file_path": "/media/NFS/ttao/scannet/posed_images/scene0606_00/00630.jpg",
      "transform_matrix": [
        [
          -0.826719,
          0.043666,
          -0.560917,
          2.334518
        ],
        [
          0.561975,
          0.016587,
          -0.826988,
          4.324532
        ],
        [
          -0.026807,
          -0.998909,
          -0.038252,
          1.417477
        ],
        [
          0.0,
          0.0,
          0.0,
          1.0
        ]
      ]
    },
    {
      "file_path": "/media/NFS/ttao/scannet/posed_images/scene0606_00/00640.jpg",
      "transform_matrix": [
        [
          -0.820337,
          0.037284,
          -0.570663,
          2.304257
        ],
        [
          0.571254,
          0.100073,
          -0.814649,
          4.317725
        ],
        [
          0.026734,
          -0.994281,
          -0.103393,
          1.391775
