{
  "frames": [
    {
      "file_path": "/media/NFS/ttao/scannet/posed_images/scene0143_01/00000.jpg",
      "transform_matrix": [
        [
          0.962961,
          -0.148799,
          0.224865,
          5.331235
        ],
        [
          -0.268403,
          -0.449211,
          0.852156,
          3.374023
        ],
        [
          -0.025788,
          -0.880948,
          -0.472511,
          1.583012
        ],
        [
          0.0,
          0.0,
          0.0,
          1.0
        ]
      ]
    },
    {
      "file_path": "/media/NFS/ttao/scannet/posed_images/scene0143_01/00007.jpg",
      "transform_matrix": [
        [
          0.964967,
          -0.142507,
          0.220295,
          5.32854
        ],
        [
          -0.261465,
          -0.45261,
          0.852515,
          3.377499
        ],
        [
          -0.021782,
          -0.880248,
          -0.474014,
          1.578692
        ],
        [
          0.0,
          0.0,
          0.0,
          1.0
        ]
      ]
    },
    {
      "file_path": "/media/NFS/ttao/scannet/posed_images/scene0143_01/00014.jpg",
      "transform_matrix": [
        [
          0.971023,
          -0.129398,
          0.200922,
          5.35724
        ],
        [
          -0.238122,
          -0.452473,
          0.859399,
          3.384437
        ],
        [
          -0.020293,
          -0.88234,
          -0.470174,
          1.591355
        ],
        [
          0.0,
          0.0,
          0.0,
          1.0
        ]
      ]
    },
    {
      "file_path": "/media/NFS/ttao/scannet/posed_images/scene0143_01/00026.jpg",
      "transform_matrix": [
        [
          0.980268,
          -0.102082,
          0.169275,
          5.34195
        ],
        [
          -0.196906,
          -0.428863,
          0.881649,
          3.408237
        ],
        [
          -0.017404,
          -0.897583,
          -0.440501,
          1.607732
        ],
        [
          0.0,
          0.0,
          0.0,
          1.0
        ]
      ]
    },
    {
      "file_path": "/media/NFS/ttao/scannet/posed_images/scene0143_01/00031.jpg",
      "transform_matrix": [
        [
          0.982557,
          -0.089448,
          0.163034,
          5.341954
        ],
        [
          -0.185531,
          -0.412037,
          0.892078,
          3.41204
        ],
        [
          -0.012619,
          -0.906766,
          -0.421446,
          1.619195
        ],
        [
          0.0,
          0.0,
          0.0,
          1.0
        ]
      ]
    },
    {
      "file_path": "/media/NFS/ttao/scannet/posed_images/scene0143_01/00043.jpg",
      "transform_matrix": [
        [
          0.949241,
          -0.086213,
          0.302504,
          5.378811
        ],
        [
          -0.31441,
          -0.288691,
          0.904325,
          3.398939
        ],
        [
          0.009366,
          -0.953533,
          -0.301143,
          1.652686
        ],
        [
          0.0,
          0.0,
          0.0,
          1.0
        ]
      ]
    },
    {
      "file_path": "/media/NFS/ttao/scannet/posed_images/scene0143_01/00046.jpg",
      "transform_matrix": [
        [
          0.939562,
          -0.092687,
          0.329596,
          5.391975
        ],
        [
          -0.342213,
          -0.284357,
          0.895562,
          3.395324
        ],
        [
          0.010717,
          -0.954227,
          -0.29889,
          1.65542
        ],
        [
          0.0,
          0.0,
          0.0,
          1.0
        ]
      ]
    },
    {
      "file_path": "/media/NFS/ttao/scannet/posed_images/scene0143_01/00055.jpg",
      "transform_matrix": [
        [
          0.930988,
          -0.066543,
          0.358933,
          5.399416
        ],
        [
          -0.363513,
          -0.259097,
          0.894834,
          3.404091
        ],
        [
          0.033453,
          -0.963557,
          -0.265405,
          1.711299
        ],
        [
          0.0,
          0.0,
          0.0,
          1.0
        ]
      ]
    },
    {
      "file_path": "/media/NFS/ttao/scannet/posed_images/scene0143_01/00067.jpg",
      "transform_matrix": [
        [
          0.962918,
          0.074609,
          0.259274,
          5.394867
        ],
        [
          -0.246703,
          -0.145516,
          0.958104,
          3.411684
        ],
        [
          0.109211,
          -0.986539,
          -0.121714,
          1.802174
        ],
        [
          0.0,
          0.0,
          0.0,
          1.0
        ]
      ]
    },
    {
      "file_path": "/media/NFS/ttao/scannet/posed_images/scene0143_01/00077.jpg",
      "transform_matrix": [
        [
          0.98164,
          0.124191,
          0.144774,
          5.366721
        ],
        [
          -0.132076,
          -0.105059,
          0.985657,
          3.419404
        ],
        [
          0.13762,
          -0.986681,
          -0.086727,
          1.81725
        ],
        [
          0.0,
          0.0,
          0.0,
          1.0
        ]
      ]
    },
    {
      "file_path": "/media/NFS/ttao/scannet/posed_images/scene0143_01/00079.jpg",
      "transform_matrix": [
        [
          0.986567,
          0.12913,
          0.100054,
          5.371068
        ],
        [
          -0.087908,
          -0.096572,
          0.991436,
          3.421096
        ],
        [
          0.137687,
          -0.986914,
          -0.083923,
          1.814161
        ],
        [
          0.0,
          0.0,
          0.0,
          1.0
        ]
      ]
    },
    {
      "file_path": "/media/NFS/ttao/scannet/posed_images/scene0143_01/00086.jpg",
      "transform_matrix": [
        [
          0.989119,
          0.118786,
          -0.0868,
          5.35696
        ],
        [
          0.097496,
          -0.087406,
          0.99139,
          3.438251
        ],
        [
          0.110176,
          -0.989065,
          -0.098036,
          1.802255
        ],
        [
          0.0,
          0.0,
          0.0,
          1.0
        ]
      ]
    },
    {
      "file_path": "/media/NFS/ttao/scannet/posed_images/scene0143_01/00101.jpg",
      "transform_matrix": [
        [
          0.899767,
          0.098503,
          -0.425108,
          5.228276
        ],
        [
          0.436123,
          -0.170172,
          0.883651,
          3.453947
        ],
        [
          0.014701,
          -0.980479,
          -0.196075,
          1.745379
        ],
        [
          0.0,
          0.0,
          0.0,
          1.0
        ]
      ]
    },
    {
      "file_path": "/media/NFS/ttao/scannet/posed_images/scene0143_01/00108.jpg",
      "transform_matrix": [
        [
          0.839046,
          0.103687,
          -0.534089,
          5.199608
        ],
        [
          0.543989,
          -0.175794,
          0.820471,
          3.451782
        ],
        [
          -0.008817,
          -0.978951,
          -0.203904,
          1.738021
        ],
        [
          0.0,
          0.0,
          0.0,
          1.0
        ]
      ]
    },
    {
      "file_path": "/media/NFS/ttao/scannet/posed_images/scene0143_01/00115.jpg",
      "transform_matrix": [
        [
          0.782204,
          0.096898,
          -0.61544,
          5.176181
        ],
        [
          0.622714,
          -0.152664,
          0.767412,
          3.438395
        ],
        [
          -0.019594,
          -0.983516,
          -0.179754,
          1.748197
        ],
        [
          0.0,
          0.0,
          0.0,
          1.0
        ]
      ]
    },
    {
      "file_path": "/media/NFS/ttao/scannet/posed_images/scene0143_01/00125.jpg",
      "transform_matrix": [
        [
          0.74304,
          0.112302,
          -0.659758,
          5.123343
        ],
        [
          0.668461,
          -0.172306,
          0.723513,
          3.455923
        ],
        [
          -0.032428,
          -0.978621,
          -0.2031,
          1.735113
        ],
        [
          0.0,
          0.0,
          0.0,
          1.0
        ]
      ]
    },
    {
      "file_path": "/media/NFS/ttao/scannet/posed_images/scene0143_01/00127.jpg",
      "transform_matrix": [
        [
          0.740634,
          0.114553,
          -0.662072,
          5.106577
        ],
        [
          0.67115,
          -0.172957,
          0.720863,
          3.466185
        ],
        [
          -0.031933,
          -0.978245,
          -0.20498,
          1.741734
        ],
        [
          0.0,
          0.0,
          0.0,
          1.0
        ]
      ]
    },
    {
      "file_path": "/media/NFS/ttao/scannet/posed_images/scene0143_01/00134.jpg",
      "transform_matrix": [
        [
          0.715704,
          0.103793,
          -0.690648,
          5.024148
        ],
        [
          0.697313,
          -0.161452,
          0.698347,
          3.501368
        ],
        [
          -0.039023,
          -0.981407,
          -0.187928,
          1.753083
        ],
        [
          0.0,
          0.0,
          0.0,
          1.0
        ]
      ]
    },
    {
      "file_path": "/media/NFS/ttao/scannet/posed_images/scene0143_01/00142.jpg",
      "transform_matrix": [
        [
          0.676817,
          0.094671,
          -0.730039,
          4.946631
        ],
        [
          0.735645,
          -0.123748,
          0.665967,
          3.538148
        ],
        [
          -0.027292,
          -0.987787,
          -0.153399,
          1.757884
        ],
        [
          0.0,
          0.0,
          0.0,
          1.0
        ]
      ]
    },
    {
      "file_path": "/media/NFS/ttao/scannet/posed_images/scene0143_01/00151.jpg",
      "transform_matrix": [
        [
          0.582893,
          0.12315,
          -0.803163,
          4.892315
        ],
        [
          0.812334,
          -0.111079,
          0.572517,
          3.571502
        ],
        [
          -0.018708,
          -0.986152,
          -0.164786,
          1.780629
        ],
        [
          0.0,
          0.0,
          0.0,
          1.0
        ]
      ]
    },
    {
      "file_path": "/media/NFS/ttao/scannet/posed_images/scene0143_01/00163.jpg",
      "transform_matrix": [
        [
          0.341455,
          0.066098,
          -0.937571,
          4.91591
        ],
        [
          0.939467,
          -0.054222,
          0.338322,
          3.671617
        ],
        [
          -0.028474,
          -0.996339,
          -0.080611,
          1.815339
        ],
        [
          0.0,
          0.0,
          0.0,
          1.0
        ]
      ]
    },
    {
      "file_path": "/media/NFS/ttao/scannet/posed_images/scene0143_01/00173.jpg",
      "transform_matrix": [
        [
          0.190838,
          0.117329,
          -0.974585,
          4.983095
        ],
        [
          0.981277,
          -0.049105,
          0.186237,
          3.784835
        ],
        [
          -0.026006,
          -0.991878,
          -0.124504,
          1.792547
        ],
        [
          0.0,
          0.0,
          0.0,
          1.0
        ]
      ]
    },
    {
      "file_path": "/media/NFS/ttao/scannet/posed_images/scene0143_01/00175.jpg",
      "transform_matrix": [
        [
          0.179166,
          0.135769,
          -0.974406,
          4.990384
        ],
        [
          0.983543,
          -0.048194,
          0.174131,
          3.781284
        ],
        [
          -0.023319,
          -0.989568,
          -0.14217,
          1.782518
        ],
        [
          0.0,
          0.0,
          0.0,
          1.0
        ]
      ]
    },
    {
      "file_path": "/media/NFS/ttao/scannet/posed_images/scene0143_01/00182.jpg",
      "transform_matrix": [
        [
          0.105553,
          0.197269,
          -0.974651,
          5.002136
        ],
        [
          0.994245,
          -0.039002,
          0.099781,
          3.781497
        ],
        [
          -0.01833,
          -0.979573,
          -0.20025,
          1.751091
        ],
        [
          0.0,
          0.0,
          0.0,
          1.0
        ]
      ]
    },
    {
      "file_path": "/media/NFS/ttao/scannet/posed_images/scene0143_01/00190.jpg",
      "transform_matrix": [
        [
          -0.019835,
          0.271402,
          -0.962262,
          4.991505
        ],
        [
          0.999546,
          -0.016442,
          -0.02524,
          3.734901
        ],
        [
          -0.022672,
          -0.962326,
          -0.270952,
          1.730791
        ],
        [
          0.0,
          0.0,
          0.0,
          1.0
        ]
      ]
    },
    {
      "file_path": "/media/NFS/ttao/scannet/posed_images/scene0143_01/00202.jpg",
      "transform_matrix": [
        [
          -0.233875,
          0.360433,
          -0.90299,
          4.978791
        ],
        [
          0.971594,
          0.052103,
          -0.230846,
          3.644359
        ],
        [
          -0.036156,
          -0.931329,
          -0.36238,
          1.70203
        ],
        [
          0.0,
          0.0,
          0.0,
          1.0
        ]
      ]
    },
    {
      "file_path": "/media/NFS/ttao/scannet/posed_images/scene0143_01/00206.jpg",
      "transform_matrix": [
        [
          -0.284005,
          0.377297,
          -0.881469,
          4.960811
        ],
        [
          0.958266,
          0.080357,
          -0.274353,
          3.595899
        ],
        [
          -0.03268,
          -0.922599,
          -0.384373,
          1.69816
        ],
        [
          0.0,
          0.0,
          0.0,
          1.0
        ]
      ]
    },
    {
      "file_path": "/media/NFS/ttao/scannet/posed_images/scene0143_01/00214.jpg",
      "transform_matrix": [
        [
          -0.355119,
          0.381318,
          -0.853514,
          4.947239
        ],
        [
          0.934715,
          0.131087,
          -0.330339,
          3.444222
        ],
        [
          -0.01408,
          -0.915102,
          -0.402975,
          1.690708
        ],
        [
          0.0,
          0.0,
          0.0,
          1.0
        ]
      ]
    },
    {
      "file_path": "/media/NFS/ttao/scannet/posed_images/scene0143_01/00223.jpg",
      "transform_matrix": [
        [
          -0.47887,
          0.346675,
          -0.806536,
          4.938416
        ],
        [
          0.877865,
          0.182728,
          -0.442678,
          3.338509
        ],
        [
          -0.006089,
          -0.920015,
          -0.391836,
          1.703951
        ],
        [
          0.0,
          0.0,
          0.0,
          1.0
        ]
      ]
    },
    {
      "file_path": "/media/NFS/ttao/scannet/posed_images/scene0143_01/00230.jpg",
      "transform_matrix": [
        [
          -0.576946,
          0.301337,
          -0.759164,
          4.934175
        ],
        [
          0.816658,
          0.229051,
          -0.529722,
          3.297844
        ],
        [
          0.014262,
          -0.925598,
          -0.378239,
          1.741161
        ],
        [
          0.0,
          0.0,
          0.0,
          1.0
        ]
      ]
    },
    {
      "file_path": "/media/NFS/ttao/scannet/posed_images/scene0143_01/00238.jpg",
      "transform_matrix": [
        [
          -0.684529,
          0.224864,
          -0.693438,
          4.948287
        ],
        [
          0.728599,
          0.242017,
          -0.640758,
          3.322426
        ],
        [
          0.02374,
          -0.943856,
          -0.329503,
          1.767269
        ],
        [
          0.0,
          0.0,
          0.0,
          1.0
        ]
      ]
    },
    {
      "file_path": "/media/NFS/ttao/scannet/posed_images/scene0143_01/00252.jpg",
      "transform_matrix": [
        [
          -0.798792,
          0.283251,
          -0.530755,
          5.048014
        ],
        [
          0.600853,
          0.419774,
          -0.680269,
          3.547095
        ],
        [
          0.03011,
          -0.862299,
          -0.505504,
          1.71742
        ],
        [
          0.0,
          0.0,
          0.0,
          1.0
        ]
      ]
    },
    {
      "file_path": "/media/NFS/ttao/scannet/posed_images/scene0143_01/00259.jpg",
      "transform_matrix": [
        [
          -0.79078,
          0.328738,
          -0.516333,
          5.083414
        ],
        [
          0.612062,
          0.434214,
          -0.660938,
          3.654862
        ],
        [
          0.006924,
          -0.838683,
          -0.544575,
          1.70888
        ],
        [
          0.0,
          0.0,
          0.0,
          1.0
        ]
      ]
    },
    {
      "file_path": "/media/NFS/ttao/scannet/posed_images/scene0143_01/00264.jpg",
      "transform_matrix": [
        [
          -0.756742,
          0.35619,
          -0.548153,
          5.091255
        ],
        [
          0.653003,
          0.372743,
          -0.659281,
          3.783125
        ],
        [
          -0.030509,
          -0.85685,
          -0.514663,
          1.645217
        ],
        [
          0.0,
          0.0,
          0.0,
          1.0
        ]
      ]
    },
    {
      "file_path": "/media/NFS/ttao/scannet/posed_images/scene0143_01/00274.jpg",
      "transform_matrix": [
        [
          -0.696419,
          0.410874,
          -0.588373,
          5.180993
        ],
        [
          0.717594,
          0.389921,
          -0.577079,
          3.943477
        ],
        [
          -0.007688,
          -0.824102,
          -0.56639,
          1.570016
        ],
        [
          0.0,
          0.0,
          0.0,
          1.0
        ]
      ]
    },
    {
      "file_path": "/media/NFS/ttao/scannet/posed_images/scene0143_01/00281.jpg",
      "transform_matrix": [
        [
          -Infinity,
          -Infinity,
          -Infinity,
          -Infinity
        ],
        [
          -Infinity,
          -Infinity,
          -Infinity,
          -Infinity
        ],
        [
          -Infinity,
          -Infinity,
          -Infinity,
          -Infinity
        ],
        [
          -Infinity,
          -Infinity,
          -Infinity,
          -Infinity
        ]
      ]
    },
    {
      "file_path": "/media/NFS/ttao/scannet/posed_images/scene0143_01/00286.jpg",
      "transform_matrix": [
        [
          -Infinity,
          -Infinity,
          -Infinity,
          -Infinity
        ],
        [
          -Infinity,
          -Infinity,
          -Infinity,
          -Infinity
        ],
        [
          -Infinity,
          -Infinity,
          -Infinity,
          -Infinity
        ],
        [
          -Infinity,
          -Infinity,
          -Infinity,
          -Infinity
        ]
      ]
    },
    {
      "file_path": "/media/NFS/ttao/scannet/posed_images/scene0143_01/00300.jpg",
      "transform_matrix": [
        [
          -Infinity,
          -Infinity,
          -Infinity,
          -Infinity
        ],
        [
          -Infinity,
          -Infinity,
          -Infinity,
          -Infinity
        ],
        [
          -Infinity,
          -Infinity,
          -Infinity,
          -Infinity
        ],
        [
          -Infinity,
          -Infinity,
          -Infinity,
          -Infinity
        ]
      ]
    },
    {
      "file_path": "/media/NFS/ttao/scannet/posed_images/scene0143_01/00307.jpg",
      "transform_matrix": [
        [
          -Infinity,
          -Infinity,
          -Infinity,
          -Infinity
        ],
        [
          -Infinity,
          -Infinity,
          -Infinity,
          -Infinity
        ],
        [
          -Infinity,
          -Infinity,
          -Infinity,
          -Infinity
        ],
        [
          -Infinity,
          -Infinity,
          -Infinity,
          -Infinity
        ]
      ]
    },
    {
      "file_path": "/media/NFS/ttao/scannet/posed_images/scene0143_01/00310.jpg",
      "transform_matrix": [
        [
          -Infinity,
          -Infinity,
          -Infinity,
          -Infinity
        ],
        [
          -Infinity,
          -Infinity,
          -Infinity,
          -Infinity
        ],
        [
          -Infinity,
          -Infinity,
          -Infinity,
          -Infinity
        ],
        [
          -Infinity,
          -Infinity,
          -Infinity,
          -Infinity
        ]
      ]
    },
    {
      "file_path": "/media/NFS/ttao/scannet/posed_images/scene0143_01/00322.jpg",
      "transform_matrix": [
        [
          -Infinity,
          -Infinity,
          -Infinity,
          -Infinity
        ],
        [
          -Infinity,
          -Infinity,
          -Infinity,
          -Infinity
        ],
        [
          -Infinity,
          -Infinity,
          -Infinity,
          -Infinity
        ],
        [
          -Infinity,
          -Infinity,
          -Infinity,
          -Infinity
        ]
      ]
    },
    {
      "file_path": "/media/NFS/ttao/scannet/posed_images/scene0143_01/00331.jpg",
      "transform_matrix": [
        [
          -Infinity,
          -Infinity,
          -Infinity,
          -Infinity
        ],
        [
          -Infinity,
          -Infinity,
          -Infinity,
          -Infinity
        ],
        [
          -Infinity,
          -Infinity,
          -Infinity,
          -Infinity
        ],
        [
          -Infinity,
          -Infinity,
          -Infinity,
          -Infinity
        ]
      ]
    },
    {
      "file_path": "/media/NFS/ttao/scannet/posed_images/scene0143_01/00341.jpg",
      "transform_matrix": [
        [
          -Infinity,
          -Infinity,
          -Infinity,
          -Infinity
        ],
        [
          -Infinity,
          -Infinity,
          -Infinity,
          -Infinity
        ],
        [
          -Infinity,
          -Infinity,
          -Infinity,
          -Infinity
        ],
        [
          -Infinity,
          -Infinity,
          -Infinity,
          -Infinity
        ]
      ]
    },
    {
      "file_path": "/media/NFS/ttao/scannet/posed_images/scene0143_01/00343.jpg",
      "transform_matrix": [
        [
          -Infinity,
          -Infinity,
          -Infinity,
          -Infinity
        ],
        [
          -Infinity,
          -Infinity,
          -Infinity,
          -Infinity
        ],
        [
          -Infinity,
          -Infinity,
          -Infinity,
          -Infinity
        ],
        [
          -Infinity,
          -Infinity,
          -Infinity,
          -Infinity
        ]
      ]
    },
    {
      "file_path": "/media/NFS/ttao/scannet/posed_images/scene0143_01/00355.jpg",
      "transform_matrix": [
        [
          -Infinity,
          -Infinity,
          -Infinity,
          -Infinity
        ],
        [
          -Infinity,
          -Infinity,
          -Infinity,
          -Infinity
        ],
        [
          -Infinity,
          -Infinity,
          -Infinity,
          -Infinity
        ],
        [
          -Infinity,
          -Infinity,
          -Infinity,
          -Infinity
        ]
      ]
    },
    {
      "file_path": "/media/NFS/ttao/scannet/posed_images/scene0143_01/00358.jpg",
      "transform_matrix": [
        [
          -Infinity,
          -Infinity,
          -Infinity,
          -Infinity
        ],
        [
          -Infinity,
          -Infinity,
          -Infinity,
          -Infinity
        ],
        [
          -Infinity,
          -Infinity,
          -Infinity,
          -Infinity
        ],
        [
          -Infinity,
          -Infinity,
          -Infinity,
          -Infinity
        ]
      ]
    },
    {
      "file_path": "/media/NFS/ttao/scannet/posed_images/scene0143_01/00367.jpg",
      "transform_matrix": [
        [
          -Infinity,
          -Infinity,
          -Infinity,
          -Infinity
        ],
        [
          -Infinity,
          -Infinity,
          -Infinity,
          -Infinity
        ],
        [
          -Infinity,
          -Infinity,
          -Infinity,
          -Infinity
        ],
        [
          -Infinity,
          -Infinity,
          -Infinity,
          -Infinity
        ]
      ]
    },
    {
      "file_path": "/media/NFS/ttao/scannet/posed_images/scene0143_01/00379.jpg",
      "transform_matrix": [
        [
          -Infinity,
          -Infinity,
          -Infinity,
          -Infinity
        ],
        [
          -Infinity,
          -Infinity,
          -Infinity,
          -Infinity
        ],
        [
          -Infinity,
          -Infinity,
          -Infinity,
          -Infinity
        ],
        [
          -Infinity,
          -Infinity,
          -Infinity,
          -Infinity
        ]
      ]
    },
    {
      "file_path": "/media/NFS/ttao/scannet/posed_images/scene0143_01/00384.jpg",
      "transform_matrix": [
        [
          -Infinity,
          -Infinity,
          -Infinity,
          -Infinity
        ],
        [
          -Infinity,
          -Infinity,
          -Infinity,
          -Infinity
        ],
        [
          -Infinity,
          -Infinity,
          -Infinity,
          -Infinity
        ],
        [
          -Infinity,
          -Infinity,
          -Infinity,
          -Infinity
        ]
      ]
    },
    {
      "file_path": "/media/NFS/ttao/scannet/posed_images/scene0143_01/00396.jpg",
      "transform_matrix": [
        [
          0.459576,
          -0.004773,
          0.888126,
          5.280946
        ],
        [
          -0.8675,
          -0.216738,
          0.447738,
          3.296304
        ],
        [
          0.190354,
          -0.976218,
          -0.103748,
          1.727977
        ],
        [
          0.0,
          0.0,
          0.0,
          1.0
        ]
      ]
    },
    {
      "file_path": "/media/NFS/ttao/scannet/posed_images/scene0143_01/00401.jpg",
      "transform_matrix": [
        [
          0.535057,
          0.015334,
          0.844677,
          5.224432
        ],
        [
          -0.825652,
          -0.202262,
          0.526677,
          3.314306
        ],
        [
          0.178922,
          -0.979211,
          -0.095561,
          1.807198
        ],
        [
          0.0,
          0.0,
          0.0,
          1.0
        ]
      ]
    },
    {
      "file_path": "/media/NFS/ttao/scannet/posed_images/scene0143_01/00408.jpg",
      "transform_matrix": [
        [
          0.584251,
          0.072326,
          0.808344,
          5.13893
        ],
        [
          -0.784633,
          -0.204159,
          0.585381,
          3.324034
        ],
        [
          0.207369,
          -0.976262,
          -0.062531,
          1.83347
        ],
        [
          0.0,
          0.0,
          0.0,
          1.0
        ]
      ]
    },
    {
      "file_path": "/media/NFS/ttao/scannet/posed_images/scene0143_01/00415.jpg",
      "transform_matrix": [
        [
          0.630302,
          0.040958,
          0.775268,
          5.078127
        ],
        [
          -0.751529,
          -0.218301,
          0.622534,
          3.335723
        ],
        [
          0.19474,
          -0.975021,
          -0.106815,
          1.805725
        ],
        [
          0.0,
          0.0,
          0.0,
          1.0
        ]
      ]
    },
    {
      "file_path": "/media/NFS/ttao/scannet/posed_images/scene0143_01/00427.jpg",
      "transform_matrix": [
        [
          0.74111,
          -0.10612,
          0.662943,
          5.046404
        ],
        [
          -0.660258,
          -0.294212,
          0.691013,
          3.362874
        ],
        [
          0.121716,
          -0.94983,
          -0.28811,
          1.694276
        ],
        [
          0.0,
          0.0,
          0.0,
          1.0
        ]
      ]
    },
    {
      "file_path": "/media/NFS/ttao/scannet/posed_images/scene0143_01/00434.jpg",
      "transform_matrix": [
        [
          0.769148,
          -0.2204,
          0.599863,
          5.044366
        ],
        [
          -0.633568,
          -0.385897,
          0.670579,
          3.377335
        ],
        [
          0.08369,
          -0.895828,
          -0.43645,
          1.594322
        ],
        [
          0.0,
          0.0,
          0.0,
          1.0
        ]
      ]
    },
    {
      "file_path": "/media/NFS/ttao/scannet/posed_images/scene0143_01/00444.jpg",
      "transform_matrix": [
        [
          0.749508,
          -0.419558,
          0.512063,
          5.056461
        ],
        [
          -0.661551,
          -0.503031,
          0.556157,
          3.384104
        ],
        [
          0.024243,
          -0.755599,
          -0.654585,
          1.460378
        ],
        [
          0.0,
          0.0,
          0.0,
          1.0
        ]
      ]
    },
    {
      "file_path": "/media/NFS/ttao/scannet/posed_images/scene0143_01/00451.jpg",
      "transform_matrix": [
        [
          0.685077,
          -0.568916,
          0.454977,
          5.085422
        ],
        [
          -0.727844,
          -0.508671,
          0.459887,
          3.36739
        ],
        [
          -0.030204,
          -0.64621,
          -0.762561,
          1.412298
        ],
        [
          0.0,
          0.0,
          0.0,
          1.0
        ]
      ]
    },
    {
      "file_path": "/media/NFS/ttao/scannet/posed_images/scene0143_01/00458.jpg",
      "transform_matrix": [
        [
          0.572956,
          -0.68512,
          0.449814,
          5.087152
        ],
        [
          -0.817614,
          -0.439745,
          0.371662,
          3.324503
        ],
        [
          -0.056829,
          -0.58072,
          -0.812118,
          1.375833
        ],
        [
          0.0,
          0.0,
          0.0,
          1.0
        ]
      ]
    },
    {
      "file_path": "/media/NFS/ttao/scannet/posed_images/scene0143_01/00463.jpg",
      "transform_matrix": [
        [
          0.504716,
          -0.720388,
          0.475713,
          5.093278
        ],
        [
          -0.862262,
          -0.393844,
          0.318421,
          3.294961
        ],
        [
          -0.04203,
          -0.570901,
          -0.819942,
          1.387615
        ],
        [
          0.0,
          0.0,
          0.0,
          1.0
        ]
      ]
    },
    {
      "file_path": "/media/NFS/ttao/scannet/posed_images/scene0143_01/00475.jpg",
      "transform_matrix": [
        [
          0.247014,
          -0.619269,
          0.745312,
          5.102585
        ],
        [
          -0.96888,
          -0.17053,
          0.179419,
          3.195319
        ],
        [
          0.01599,
          -0.766436,
          -0.642121,
          1.47863
        ],
        [
          0.0,
          0.0,
          0.0,
          1.0
        ]
      ]
    },
    {
      "file_path": "/media/NFS/ttao/scannet/posed_images/scene0143_01/00485.jpg",
      "transform_matrix": [
        [
          -0.070114,
          -0.547973,
          0.833553,
          5.123428
        ],
        [
          -0.997509,
          0.045036,
          -0.054299,
          3.185735
        ],
        [
          -0.007785,
          -0.835283,
          -0.549765,
          1.492963
        ],
        [
          0.0,
          0.0,
          0.0,
          1.0
        ]
      ]
    },
    {
      "file_path": "/media/NFS/ttao/scannet/posed_images/scene0143_01/00492.jpg",
      "transform_matrix": [
        [
          -0.284134,
          -0.554818,
          0.781949,
          5.102879
        ],
        [
          -0.95812,
          0.194659,
          -0.210031,
          3.201149
        ],
        [
          -0.035684,
          -0.808879,
          -0.586892,
          1.473727
        ],
        [
          0.0,
          0.0,
          0.0,
          1.0
        ]
      ]
    },
    {
      "file_path": "/media/NFS/ttao/scannet/posed_images/scene0143_01/00499.jpg",
      "transform_matrix": [
        [
          -0.454076,
          -0.595117,
          0.663062,
          5.064895
        ],
        [
          -0.890375,
          0.330131,
          -0.313442,
          3.192895
        ],
        [
          -0.032363,
          -0.7327,
          -0.679782,
          1.450303
        ],
        [
          0.0,
          0.0,
          0.0,
          1.0
        ]
      ]
    },
    {
      "file_path": "/media/NFS/ttao/scannet/posed_images/scene0143_01/00506.jpg",
      "transform_matrix": [
        [
          -0.555254,
          -0.570471,
          0.605191,
          4.993881
        ],
        [
          -0.831006,
          0.409869,
          -0.376081,
          3.162698
        ],
        [
          -0.033506,
          -0.711738,
          -0.701646,
          1.420532
        ],
        [
          0.0,
          0.0,
          0.0,
          1.0
        ]
      ]
    },
    {
      "file_path": "/media/NFS/ttao/scannet/posed_images/scene0143_01/00516.jpg",
      "transform_matrix": [
        [
          -0.631525,
          -0.50122,
          0.59157,
          4.902308
        ],
        [
          -0.773906,
          0.454115,
          -0.441417,
          3.08575
        ],
        [
          -0.047394,
          -0.736585,
          -0.674682,
          1.451609
        ],
        [
          0.0,
          0.0,
          0.0,
          1.0
        ]
      ]
    },
    {
      "file_path": "/media/NFS/ttao/scannet/posed_images/scene0143_01/00523.jpg",
      "transform_matrix": [
        [
          -0.605687,
          -0.535544,
          0.588503,
          4.834622
        ],
        [
          -0.795691,
          0.403575,
          -0.451667,
          3.050642
        ],
        [
          0.004382,
          -0.741836,
          -0.670567,
          1.451831
        ],
        [
          0.0,
          0.0,
          0.0,
          1.0
        ]
      ]
    },
    {
      "file_path": "/media/NFS/ttao/scannet/posed_images/scene0143_01/00533.jpg",
      "transform_matrix": [
        [
          -0.484673,
          -0.563501,
          0.668999,
          4.805742
        ],
        [
          -0.87463,
          0.302837,
          -0.378566,
          3.008603
        ],
        [
          0.010725,
          -0.768607,
          -0.639632,
          1.482026
        ],
        [
          0.0,
          0.0,
          0.0,
          1.0
        ]
      ]
    },
    {
      "file_path": "/media/NFS/ttao/scannet/posed_images/scene0143_01/00535.jpg",
      "transform_matrix": [
        [
          -0.464452,
          -0.565867,
          0.681233,
          4.801353
        ],
        [
          -0.885516,
          0.286257,
          -0.365948,
          2.99935
        ],
        [
          0.01207,
          -0.773208,
          -0.634037,
          1.481881
        ],
        [
          0.0,
          0.0,
          0.0,
          1.0
        ]
      ]
    },
    {
      "file_path": "/media/NFS/ttao/scannet/posed_images/scene0143_01/00542.jpg",
      "transform_matrix": [
        [
          -0.394301,
          -0.551984,
          0.734739,
          4.805446
        ],
        [
          -0.918981,
          0.235924,
          -0.315934,
          2.958816
        ],
        [
          0.001048,
          -0.799784,
          -0.600287,
          1.492646
        ],
        [
          0.0,
          0.0,
          0.0,
          1.0
        ]
      ]
    },
    {
      "file_path": "/media/NFS/ttao/scannet/posed_images/scene0143_01/00557.jpg",
      "transform_matrix": [
        [
          -0.18715,
          -0.457365,
          0.869363,
          4.877193
        ],
        [
          -0.982309,
          0.081105,
          -0.168795,
          2.891489
        ],
        [
          0.006692,
          -0.885573,
          -0.464452,
          1.564836
        ],
        [
          0.0,
          0.0,
          0.0,
          1.0
        ]
      ]
    },
    {
      "file_path": "/media/NFS/ttao/scannet/posed_images/scene0143_01/00564.jpg",
      "transform_matrix": [
        [
          -0.136684,
          -0.39779,
          0.907238,
          4.865756
        ],
        [
          -0.990528,
          0.042762,
          -0.130483,
          2.879101
        ],
        [
          0.013109,
          -0.916479,
          -0.399867,
          1.623636
        ],
        [
          0.0,
          0.0,
          0.0,
          1.0
        ]
      ]
    },
    {
      "file_path": "/media/NFS/ttao/scannet/posed_images/scene0143_01/00569.jpg",
      "transform_matrix": [
        [
          -0.098196,
          -0.324668,
          0.940717,
          4.833487
        ],
        [
          -0.995072,
          0.01895,
          -0.097329,
          2.862019
        ],
        [
          0.013773,
          -0.945638,
          -0.324929,
          1.667027
        ],
        [
          0.0,
          0.0,
          0.0,
          1.0
        ]
      ]
    },
    {
      "file_path": "/media/NFS/ttao/scannet/posed_images/scene0143_01/00578.jpg",
      "transform_matrix": [
        [
          -0.043801,
          -0.233751,
          0.97131,
          4.779974
        ],
        [
          -0.997686,
          -0.040374,
          -0.054707,
          2.855135
        ],
        [
          0.052003,
          -0.971458,
          -0.231441,
          1.746032
        ],
        [
          0.0,
          0.0,
          0.0,
          1.0
        ]
      ]
    },
    {
      "file_path": "/media/NFS/ttao/scannet/posed_images/scene0143_01/00583.jpg",
      "transform_matrix": [
        [
          -0.038697,
          -0.176454,
          0.983548,
          4.759681
        ],
        [
          -0.99535,
          -0.080082,
          -0.053528,
          2.865457
        ],
        [
          0.08821,
          -0.981046,
          -0.172534,
          1.783506
        ],
        [
          0.0,
          0.0,
          0.0,
          1.0
        ]
      ]
    },
    {
      "file_path": "/media/NFS/ttao/scannet/posed_images/scene0143_01/00593.jpg",
      "transform_matrix": [
        [
          0.003103,
          -0.132704,
          0.991151,
          4.730428
        ],
        [
          -0.989812,
          -0.141495,
          -0.015846,
          2.858537
        ],
        [
          0.142346,
          -0.981004,
          -0.131791,
          1.822136
        ],
        [
          0.0,
          0.0,
          0.0,
          1.0
        ]
      ]
    },
    {
      "file_path": "/media/NFS/ttao/scannet/posed_images/scene0143_01/00600.jpg",
      "transform_matrix": [
        [
          0.040072,
          -0.104546,
          0.993712,
          4.713889
        ],
        [
          -0.989876,
          -0.139677,
          0.025223,
          2.865769
        ],
        [
          0.136161,
          -0.984663,
          -0.109085,
          1.822316
        ],
        [
          0.0,
          0.0,
          0.0,
          1.0
        ]
      ]
    },
    {
      "file_path": "/media/NFS/ttao/scannet/posed_images/scene0143_01/00607.jpg",
      "transform_matrix": [
        [
          0.150604,
          -0.064473,
          0.98649,
          4.702215
        ],
        [
          -0.978535,
          -0.151715,
          0.139474,
          2.875815
        ],
        [
          0.140673,
          -0.986319,
          -0.085938,
          1.840593
        ],
        [
          0.0,
          0.0,
