{
  "frames": [
    {
      "file_path": "/media/NFS/ttao/scannet/posed_images/scene0206_02/00000.jpg",
      "transform_matrix": [
        [
          0.982143,
          0.03827,
          0.184201,
          3.832982
        ],
        [
          -0.188112,
          0.184672,
          0.964629,
          1.762153
        ],
        [
          0.0029,
          -0.982055,
          0.188574,
          1.582144
        ],
        [
          0.0,
          0.0,
          0.0,
          1.0
        ]
      ]
    },
    {
      "file_path": "/media/NFS/ttao/scannet/posed_images/scene0206_02/00006.jpg",
      "transform_matrix": [
        [
          0.977659,
          0.036542,
          0.206995,
          3.839765
        ],
        [
          -0.210193,
          0.175502,
          0.961779,
          1.773543
        ],
        [
          -0.001183,
          -0.983801,
          0.179262,
          1.583357
        ],
        [
          0.0,
          0.0,
          0.0,
          1.0
        ]
      ]
    },
    {
      "file_path": "/media/NFS/ttao/scannet/posed_images/scene0206_02/00016.jpg",
      "transform_matrix": [
        [
          0.969473,
          0.039385,
          0.242015,
          3.833963
        ],
        [
          -0.245148,
          0.175821,
          0.95341,
          1.781989
        ],
        [
          -0.005001,
          -0.983634,
          0.180108,
          1.588628
        ],
        [
          0.0,
          0.0,
          0.0,
          1.0
        ]
      ]
    },
    {
      "file_path": "/media/NFS/ttao/scannet/posed_images/scene0206_02/00020.jpg",
      "transform_matrix": [
        [
          0.968245,
          0.039612,
          0.246844,
          3.833185
        ],
        [
          -0.249919,
          0.178884,
          0.951599,
          1.78209
        ],
        [
          -0.006461,
          -0.983072,
          0.183104,
          1.591716
        ],
        [
          0.0,
          0.0,
          0.0,
          1.0
        ]
      ]
    },
    {
      "file_path": "/media/NFS/ttao/scannet/posed_images/scene0206_02/00026.jpg",
      "transform_matrix": [
        [
          0.966733,
          0.030201,
          0.254,
          3.8435
        ],
        [
          -0.255179,
          0.182421,
          0.94953,
          1.778233
        ],
        [
          -0.017658,
          -0.982757,
          0.184059,
          1.591922
        ],
        [
          0.0,
          0.0,
          0.0,
          1.0
        ]
      ]
    },
    {
      "file_path": "/media/NFS/ttao/scannet/posed_images/scene0206_02/00032.jpg",
      "transform_matrix": [
        [
          0.960694,
          0.023185,
          0.27664,
          3.849969
        ],
        [
          -0.27624,
          0.178701,
          0.944329,
          1.778393
        ],
        [
          -0.027542,
          -0.98363,
          0.178081,
          1.589657
        ],
        [
          0.0,
          0.0,
          0.0,
          1.0
        ]
      ]
    },
    {
      "file_path": "/media/NFS/ttao/scannet/posed_images/scene0206_02/00038.jpg",
      "transform_matrix": [
        [
          0.95271,
          0.022901,
          0.303016,
          3.862221
        ],
        [
          -0.30236,
          0.171064,
          0.937718,
          1.780337
        ],
        [
          -0.03036,
          -0.984994,
          0.169899,
          1.585644
        ],
        [
          0.0,
          0.0,
          0.0,
          1.0
        ]
      ]
    },
    {
      "file_path": "/media/NFS/ttao/scannet/posed_images/scene0206_02/00048.jpg",
      "transform_matrix": [
        [
          0.94632,
          0.016312,
          0.32282,
          3.876558
        ],
        [
          -0.321417,
          0.153165,
          0.934469,
          1.785454
        ],
        [
          -0.034202,
          -0.988066,
          0.150186,
          1.578081
        ],
        [
          0.0,
          0.0,
          0.0,
          1.0
        ]
      ]
    },
    {
      "file_path": "/media/NFS/ttao/scannet/posed_images/scene0206_02/00052.jpg",
      "transform_matrix": [
        [
          0.946393,
          0.011294,
          0.32282,
          3.881082
        ],
        [
          -0.321339,
          0.134647,
          0.937343,
          1.789627
        ],
        [
          -0.03288,
          -0.990829,
          0.131059,
          1.57187
        ],
        [
          0.0,
          0.0,
          0.0,
          1.0
        ]
      ]
    },
    {
      "file_path": "/media/NFS/ttao/scannet/posed_images/scene0206_02/00063.jpg",
      "transform_matrix": [
        [
          0.95089,
          -0.031121,
          0.307961,
          3.895036
        ],
        [
          -0.306233,
          0.050226,
          0.950631,
          1.814111
        ],
        [
          -0.045052,
          -0.998253,
          0.038229,
          1.552229
        ],
        [
          0.0,
          0.0,
          0.0,
          1.0
        ]
      ]
    },
    {
      "file_path": "/media/NFS/ttao/scannet/posed_images/scene0206_02/00065.jpg",
      "transform_matrix": [
        [
          0.950897,
          -0.036387,
          0.307361,
          3.896099
        ],
        [
          -0.306255,
          0.032982,
          0.951378,
          1.818198
        ],
        [
          -0.044755,
          -0.998793,
          0.020219,
          1.545189
        ],
        [
          0.0,
          0.0,
          0.0,
          1.0
        ]
      ]
    },
    {
      "file_path": "/media/NFS/ttao/scannet/posed_images/scene0206_02/00073.jpg",
      "transform_matrix": [
        [
          0.957115,
          -0.06981,
          0.281171,
          3.905138
        ],
        [
          -0.285851,
          -0.069736,
          0.955733,
          1.829904
        ],
        [
          -0.047112,
          -0.99512,
          -0.086701,
          1.519714
        ],
        [
          0.0,
          0.0,
          0.0,
          1.0
        ]
      ]
    },
    {
      "file_path": "/media/NFS/ttao/scannet/posed_images/scene0206_02/00081.jpg",
      "transform_matrix": [
        [
          0.947349,
          -0.073894,
          0.31156,
          3.901351
        ],
        [
          -0.318365,
          -0.113239,
          0.941181,
          1.827785
        ],
        [
          -0.034266,
          -0.990816,
          -0.130802,
          1.490371
        ],
        [
          0.0,
          0.0,
          0.0,
          1.0
        ]
      ]
    },
    {
      "file_path": "/media/NFS/ttao/scannet/posed_images/scene0206_02/00089.jpg",
      "transform_matrix": [
        [
          0.938888,
          -0.072671,
          0.336463,
          3.888463
        ],
        [
          -0.34397,
          -0.160688,
          0.925129,
          1.81833
        ],
        [
          -0.013164,
          -0.984326,
          -0.175864,
          1.463048
        ],
        [
          0.0,
          0.0,
          0.0,
          1.0
        ]
      ]
    },
    {
      "file_path": "/media/NFS/ttao/scannet/posed_images/scene0206_02/00091.jpg",
      "transform_matrix": [
        [
          0.939337,
          -0.067886,
          0.33621,
          3.883273
        ],
        [
          -0.342983,
          -0.177705,
          0.922379,
          1.818494
        ],
        [
          -0.00287,
          -0.981739,
          -0.190209,
          1.454727
        ],
        [
          0.0,
          0.0,
          0.0,
          1.0
        ]
      ]
    },
    {
      "file_path": "/media/NFS/ttao/scannet/posed_images/scene0206_02/00097.jpg",
      "transform_matrix": [
        [
          0.932399,
          -0.076755,
          0.353188,
          3.869893
        ],
        [
          -0.361424,
          -0.2045,
          0.909699,
          1.810032
        ],
        [
          0.002403,
          -0.975853,
          -0.218416,
          1.430746
        ],
        [
          0.0,
          0.0,
          0.0,
          1.0
        ]
      ]
    },
    {
      "file_path": "/media/NFS/ttao/scannet/posed_images/scene0206_02/00105.jpg",
      "transform_matrix": [
        [
          0.927697,
          -0.08936,
          0.362482,
          3.858098
        ],
        [
          -0.373065,
          -0.258746,
          0.890995,
          1.803079
        ],
        [
          0.014171,
          -0.961803,
          -0.273375,
          1.385481
        ],
        [
          0.0,
          0.0,
          0.0,
          1.0
        ]
      ]
    },
    {
      "file_path": "/media/NFS/ttao/scannet/posed_images/scene0206_02/00115.jpg",
      "transform_matrix": [
        [
          0.928449,
          -0.108681,
          0.355206,
          3.860865
        ],
        [
          -0.370305,
          -0.346144,
          0.862008,
          1.799145
        ],
        [
          0.029268,
          -0.931865,
          -0.361622,
          1.337443
        ],
        [
          0.0,
          0.0,
          0.0,
          1.0
        ]
      ]
    },
    {
      "file_path": "/media/NFS/ttao/scannet/posed_images/scene0206_02/00119.jpg",
      "transform_matrix": [
        [
          0.92429,
          -0.123238,
          0.361249,
          3.861802
        ],
        [
          -0.381139,
          -0.348873,
          0.856166,
          1.792917
        ],
        [
          0.020518,
          -0.929032,
          -0.369431,
          1.322473
        ],
        [
          0.0,
          0.0,
          0.0,
          1.0
        ]
      ]
    },
    {
      "file_path": "/media/NFS/ttao/scannet/posed_images/scene0206_02/00127.jpg",
      "transform_matrix": [
        [
          0.92991,
          -0.133097,
          0.342859,
          3.870455
        ],
        [
          -0.367767,
          -0.346221,
          0.863064,
          1.78226
        ],
        [
          0.003833,
          -0.928664,
          -0.370903,
          1.310562
        ],
        [
          0.0,
          0.0,
          0.0,
          1.0
        ]
      ]
    },
    {
      "file_path": "/media/NFS/ttao/scannet/posed_images/scene0206_02/00135.jpg",
      "transform_matrix": [
        [
          0.933125,
          -0.143983,
          0.329466,
          3.907115
        ],
        [
          -0.35955,
          -0.377951,
          0.853157,
          1.77183
        ],
        [
          0.001681,
          -0.914561,
          -0.404445,
          1.301167
        ],
        [
          0.0,
          0.0,
          0.0,
          1.0
        ]
      ]
    },
    {
      "file_path": "/media/NFS/ttao/scannet/posed_images/scene0206_02/00137.jpg",
      "transform_matrix": [
        [
          0.934147,
          -0.142325,
          0.327282,
          3.919461
        ],
        [
          -0.356881,
          -0.378792,
          0.853904,
          1.768158
        ],
        [
          0.00244,
          -0.914473,
          -0.40464,
          1.299152
        ],
        [
          0.0,
          0.0,
          0.0,
          1.0
        ]
      ]
    },
    {
      "file_path": "/media/NFS/ttao/scannet/posed_images/scene0206_02/00149.jpg",
      "transform_matrix": [
        [
          0.93898,
          -0.123838,
          0.320906,
          4.063664
        ],
        [
          -0.342029,
          -0.435158,
          0.832859,
          1.757398
        ],
        [
          0.036505,
          -0.891797,
          -0.45096,
          1.276952
        ],
        [
          0.0,
          0.0,
          0.0,
          1.0
        ]
      ]
    },
    {
      "file_path": "/media/NFS/ttao/scannet/posed_images/scene0206_02/00151.jpg",
      "transform_matrix": [
        [
          0.946934,
          -0.10635,
          0.303325,
          4.091643
        ],
        [
          -0.317702,
          -0.452956,
          0.833004,
          1.752884
        ],
        [
          0.048803,
          -0.885167,
          -0.462707,
          1.270764
        ],
        [
          0.0,
          0.0,
          0.0,
          1.0
        ]
      ]
    },
    {
      "file_path": "/media/NFS/ttao/scannet/posed_images/scene0206_02/00157.jpg",
      "transform_matrix": [
        [
          0.963335,
          -0.111951,
          0.24383,
          4.150209
        ],
        [
          -0.2674,
          -0.47506,
          0.838341,
          1.734899
        ],
        [
          0.021981,
          -0.872803,
          -0.487578,
          1.253627
        ],
        [
          0.0,
          0.0,
          0.0,
          1.0
        ]
      ]
    },
    {
      "file_path": "/media/NFS/ttao/scannet/posed_images/scene0206_02/00167.jpg",
      "transform_matrix": [
        [
          0.950865,
          -0.137689,
          0.277305,
          4.215329
        ],
        [
          -0.30795,
          -0.513156,
          0.801148,
          1.722814
        ],
        [
          0.031992,
          -0.847179,
          -0.530343,
          1.228203
        ],
        [
          0.0,
          0.0,
          0.0,
          1.0
        ]
      ]
    },
    {
      "file_path": "/media/NFS/ttao/scannet/posed_images/scene0206_02/00175.jpg",
      "transform_matrix": [
        [
          0.978209,
          -0.042362,
          0.203254,
          4.226624
        ],
        [
          -0.188861,
          -0.588208,
          0.786348,
          1.713703
        ],
        [
          0.086245,
          -0.807599,
          -0.583391,
          1.195407
        ],
        [
          0.0,
          0.0,
          0.0,
          1.0
        ]
      ]
    },
    {
      "file_path": "/media/NFS/ttao/scannet/posed_images/scene0206_02/00180.jpg",
      "transform_matrix": [
        [
          0.994595,
          0.003127,
          0.10378,
          4.230451
        ],
        [
          -0.081977,
          -0.589759,
          0.803408,
          1.704621
        ],
        [
          0.063717,
          -0.807573,
          -0.586315,
          1.2042
        ],
        [
          0.0,
          0.0,
          0.0,
          1.0
        ]
      ]
    },
    {
      "file_path": "/media/NFS/ttao/scannet/posed_images/scene0206_02/00188.jpg",
      "transform_matrix": [
        [
          0.998446,
          0.055433,
          -0.00574,
          4.233921
        ],
        [
          0.035901,
          -0.560994,
          0.827041,
          1.693202
        ],
        [
          0.042625,
          -0.825962,
          -0.562112,
          1.209728
        ],
        [
          0.0,
          0.0,
          0.0,
          1.0
        ]
      ]
    },
    {
      "file_path": "/media/NFS/ttao/scannet/posed_images/scene0206_02/00194.jpg",
      "transform_matrix": [
        [
          0.996917,
          0.062183,
          -0.047849,
          4.241539
        ],
        [
          0.074651,
          -0.563941,
          0.822434,
          1.688826
        ],
        [
          0.024157,
          -0.82347,
          -0.566845,
          1.204891
        ],
        [
          0.0,
          0.0,
          0.0,
          1.0
        ]
      ]
    },
    {
      "file_path": "/media/NFS/ttao/scannet/posed_images/scene0206_02/00196.jpg",
      "transform_matrix": [
        [
          0.996766,
          0.059902,
          -0.053567,
          4.241511
        ],
        [
          0.078052,
          -0.563066,
          0.822718,
          1.68829
        ],
        [
          0.01912,
          -0.824238,
          -0.565921,
          1.20348
        ],
        [
          0.0,
          0.0,
          0.0,
          1.0
        ]
      ]
    },
    {
      "file_path": "/media/NFS/ttao/scannet/posed_images/scene0206_02/00206.jpg",
      "transform_matrix": [
        [
          0.987102,
          0.07578,
          -0.141023,
          4.255223
        ],
        [
          0.15946,
          -0.543704,
          0.823989,
          1.687334
        ],
        [
          -0.014233,
          -0.835849,
          -0.548775,
          1.20142
        ],
        [
          0.0,
          0.0,
          0.0,
          1.0
        ]
      ]
    },
    {
      "file_path": "/media/NFS/ttao/scannet/posed_images/scene0206_02/00214.jpg",
      "transform_matrix": [
        [
          0.975875,
          0.083155,
          -0.201874,
          4.273213
        ],
        [
          0.214187,
          -0.543902,
          0.811353,
          1.699472
        ],
        [
          -0.042332,
          -0.835018,
          -0.548591,
          1.193233
        ],
        [
          0.0,
          0.0,
          0.0,
          1.0
        ]
      ]
    },
    {
      "file_path": "/media/NFS/ttao/scannet/posed_images/scene0206_02/00216.jpg",
      "transform_matrix": [
        [
          0.975905,
          0.077562,
          -0.203943,
          4.275877
        ],
        [
          0.212796,
          -0.54495,
          0.811016,
          1.703363
        ],
        [
          -0.048235,
          -0.834874,
          -0.548324,
          1.191448
        ],
        [
          0.0,
          0.0,
          0.0,
          1.0
        ]
      ]
    },
    {
      "file_path": "/media/NFS/ttao/scannet/posed_images/scene0206_02/00226.jpg",
      "transform_matrix": [
        [
          0.979818,
          0.10191,
          -0.171962,
          4.285422
        ],
        [
          0.199867,
          -0.51298,
          0.834808,
          1.755571
        ],
        [
          -0.003138,
          -0.852329,
          -0.522995,
          1.192587
        ],
        [
          0.0,
          0.0,
          0.0,
          1.0
        ]
      ]
    },
    {
      "file_path": "/media/NFS/ttao/scannet/posed_images/scene0206_02/00232.jpg",
      "transform_matrix": [
        [
          0.979388,
          0.10555,
          -0.172216,
          4.299067
        ],
        [
          0.20171,
          -0.55581,
          0.806467,
          1.816327
        ],
        [
          -0.010597,
          -0.824581,
          -0.565644,
          1.19638
        ],
        [
          0.0,
          0.0,
          0.0,
          1.0
        ]
      ]
    },
    {
      "file_path": "/media/NFS/ttao/scannet/posed_images/scene0206_02/00242.jpg",
      "transform_matrix": [
        [
          0.984211,
          0.114299,
          -0.135144,
          4.32191
        ],
        [
          0.176424,
          -0.572104,
          0.800982,
          1.909008
        ],
        [
          0.014235,
          -0.812178,
          -0.583236,
          1.223014
        ],
        [
          0.0,
          0.0,
          0.0,
          1.0
        ]
      ]
    },
    {
      "file_path": "/media/NFS/ttao/scannet/posed_images/scene0206_02/00246.jpg",
      "transform_matrix": [
        [
          0.969235,
          0.14275,
          -0.200512,
          4.340761
        ],
        [
          0.246129,
          -0.556341,
          0.793666,
          1.926732
        ],
        [
          0.001743,
          -0.818601,
          -0.57436,
          1.222692
        ],
        [
          0.0,
          0.0,
          0.0,
          1.0
        ]
      ]
    },
    {
      "file_path": "/media/NFS/ttao/scannet/posed_images/scene0206_02/00254.jpg",
      "transform_matrix": [
        [
          0.89166,
          0.271943,
          -0.361924,
          4.427848
        ],
        [
          0.452702,
          -0.532506,
          0.715191,
          1.936249
        ],
        [
          0.001764,
          -0.801551,
          -0.597923,
          1.199668
        ],
        [
          0.0,
          0.0,
          0.0,
          1.0
        ]
      ]
    },
    {
      "file_path": "/media/NFS/ttao/scannet/posed_images/scene0206_02/00260.jpg",
      "transform_matrix": [
        [
          0.871713,
          0.32667,
          -0.365243,
          4.525542
        ],
        [
          0.489064,
          -0.533566,
          0.690018,
          1.941335
        ],
        [
          0.030527,
          -0.780125,
          -0.624879,
          1.206983
        ],
        [
          0.0,
          0.0,
          0.0,
          1.0
        ]
      ]
    },
    {
      "file_path": "/media/NFS/ttao/scannet/posed_images/scene0206_02/00268.jpg",
      "transform_matrix": [
        [
          0.8223,
          0.344812,
          -0.45269,
          4.603529
        ],
        [
          0.568989,
          -0.486126,
          0.663274,
          1.926149
        ],
        [
          0.008641,
          -0.802986,
          -0.595936,
          1.2193
        ],
        [
          0.0,
          0.0,
          0.0,
          1.0
        ]
      ]
    },
    {
      "file_path": "/media/NFS/ttao/scannet/posed_images/scene0206_02/00274.jpg",
      "transform_matrix": [
        [
          0.781798,
          0.372042,
          -0.500377,
          4.618172
        ],
        [
          0.623532,
          -0.46758,
          0.62656,
          1.9174
        ],
        [
          -0.00086,
          -0.801844,
          -0.597533,
          1.218537
        ],
        [
          0.0,
          0.0,
          0.0,
          1.0
        ]
      ]
    },
    {
      "file_path": "/media/NFS/ttao/scannet/posed_images/scene0206_02/00280.jpg",
      "transform_matrix": [
        [
          0.761891,
          0.398586,
          -0.510539,
          4.589212
        ],
        [
          0.647608,
          -0.455122,
          0.61112,
          1.905225
        ],
        [
          0.011226,
          -0.796236,
          -0.604881,
          1.208931
        ],
        [
          0.0,
          0.0,
          0.0,
          1.0
        ]
      ]
    },
    {
      "file_path": "/media/NFS/ttao/scannet/posed_images/scene0206_02/00284.jpg",
      "transform_matrix": [
        [
          0.768745,
          0.41082,
          -0.490161,
          4.531975
        ],
        [
          0.637987,
          -0.438949,
          0.63269,
          1.897244
        ],
        [
          0.044767,
          -0.799094,
          -0.599537,
          1.20984
        ],
        [
          0.0,
          0.0,
          0.0,
          1.0
        ]
      ]
    },
    {
      "file_path": "/media/NFS/ttao/scannet/posed_images/scene0206_02/00292.jpg",
      "transform_matrix": [
        [
          0.79657,
          0.387538,
          -0.463994,
          4.345879
        ],
        [
          0.598373,
          -0.396019,
          0.696504,
          1.854946
        ],
        [
          0.086171,
          -0.832456,
          -0.54735,
          1.209937
        ],
        [
          0.0,
          0.0,
          0.0,
          1.0
        ]
      ]
    },
    {
      "file_path": "/media/NFS/ttao/scannet/posed_images/scene0206_02/00301.jpg",
      "transform_matrix": [
        [
          0.809576,
          0.422642,
          -0.407384,
          4.138052
        ],
        [
          0.572536,
          -0.415317,
          0.706905,
          1.787521
        ],
        [
          0.129574,
          -0.805535,
          -0.578208,
          1.203458
        ],
        [
          0.0,
          0.0,
          0.0,
          1.0
        ]
      ]
    },
    {
      "file_path": "/media/NFS/ttao/scannet/posed_images/scene0206_02/00303.jpg",
      "transform_matrix": [
        [
          0.819174,
          0.429566,
          -0.380035,
          4.105297
        ],
        [
          0.553562,
          -0.418778,
          0.719857,
          1.776406
        ],
        [
          0.150076,
          -0.800061,
          -0.580843,
          1.196901
        ],
        [
          0.0,
          0.0,
          0.0,
          1.0
        ]
      ]
    },
    {
      "file_path": "/media/NFS/ttao/scannet/posed_images/scene0206_02/00311.jpg",
      "transform_matrix": [
        [
          0.821824,
          0.428533,
          -0.375453,
          3.994678
        ],
        [
          0.54887,
          -0.418755,
          0.723455,
          1.766489
        ],
        [
          0.152801,
          -0.800627,
          -0.579352,
          1.188544
        ],
        [
          0.0,
          0.0,
          0.0,
          1.0
        ]
      ]
    },
    {
      "file_path": "/media/NFS/ttao/scannet/posed_images/scene0206_02/00315.jpg",
      "transform_matrix": [
        [
          0.84855,
          0.397668,
          -0.349032,
          3.93097
        ],
        [
          0.508574,
          -0.430969,
          0.745398,
          1.777188
        ],
        [
          0.145999,
          -0.810016,
          -0.567942,
          1.186391
        ],
        [
          0.0,
          0.0,
          0.0,
          1.0
        ]
      ]
    },
    {
      "file_path": "/media/NFS/ttao/scannet/posed_images/scene0206_02/00327.jpg",
      "transform_matrix": [
        [
          0.958523,
          0.276178,
          -0.07042,
          3.708171
        ],
        [
          0.21356,
          -0.532328,
          0.819158,
          1.822721
        ],
        [
          0.188747,
          -0.800221,
          -0.569229,
          1.193668
        ],
        [
          0.0,
          0.0,
          0.0,
          1.0
        ]
      ]
    },
    {
      "file_path": "/media/NFS/ttao/scannet/posed_images/scene0206_02/00329.jpg",
      "transform_matrix": [
        [
          0.965604,
          0.257207,
          -0.038121,
          3.679722
        ],
        [
          0.177413,
          -0.544544,
          0.819754,
          1.826679
        ],
        [
          0.190088,
          -0.798321,
          -0.571446,
          1.194505
        ],
        [
          0.0,
          0.0,
          0.0,
          1.0
        ]
      ]
    },
    {
      "file_path": "/media/NFS/ttao/scannet/posed_images/scene0206_02/00341.jpg",
      "transform_matrix": [
        [
          0.990505,
          0.028907,
          0.134403,
          3.510772
        ],
        [
          -0.093775,
          -0.572829,
          0.814293,
          1.858542
        ],
        [
          0.100528,
          -0.819165,
          -0.564679,
          1.205629
        ],
        [
          0.0,
          0.0,
          0.0,
          1.0
        ]
      ]
    },
    {
      "file_path": "/media/NFS/ttao/scannet/posed_images/scene0206_02/00347.jpg",
      "transform_matrix": [
        [
          0.978748,
          -0.017842,
          0.204288,
          3.433095
        ],
        [
          -0.177843,
          -0.569837,
          0.802282,
          1.86023
        ],
        [
          0.102096,
          -0.821564,
          -0.5609,
          1.231534
        ],
        [
          0.0,
          0.0,
          0.0,
          1.0
        ]
      ]
    },
    {
      "file_path": "/media/NFS/ttao/scannet/posed_images/scene0206_02/00349.jpg",
      "transform_matrix": [
        [
          0.975887,
          -0.022756,
          0.217089,
          3.410711
        ],
        [
          -0.191577,
          -0.565941,
          0.801878,
          1.858623
        ],
        [
          0.104612,
          -0.824131,
          -0.556654,
          1.233437
        ],
        [
          0.0,
          0.0,
          0.0,
          1.0
        ]
      ]
    },
    {
      "file_path": "/media/NFS/ttao/scannet/posed_images/scene0206_02/00359.jpg",
      "transform_matrix": [
        [
          0.972137,
          -0.000459,
          0.234413,
          3.342279
        ],
        [
          -0.189603,
          -0.589563,
          0.785154,
          1.850279
        ],
        [
          0.137841,
          -0.807722,
          -0.573223,
          1.22023
        ],
        [
          0.0,
          0.0,
          0.0,
          1.0
        ]
      ]
    },
    {
      "file_path": "/media/NFS/ttao/scannet/posed_images/scene0206_02/00367.jpg",
      "transform_matrix": [
        [
          0.982113,
          0.034327,
          0.185135,
          3.345728
        ],
        [
          -0.12389,
          -0.622614,
          0.77266,
          1.837234
        ],
        [
          0.141791,
          -0.781776,
          -0.607225,
          1.198287
        ],
        [
          0.0,
          0.0,
          0.0,
          1.0
        ]
      ]
    },
    {
      "file_path": "/media/NFS/ttao/scannet/posed_images/scene0206_02/00373.jpg",
      "transform_matrix": [
        [
          0.996024,
          0.04895,
          0.074427,
          3.419033
        ],
        [
          -0.026762,
          -0.632475,
          0.774118,
          1.845824
        ],
        [
          0.084966,
          -0.773032,
          -0.628651,
          1.211337
        ],
        [
          0.0,
          0.0,
          0.0,
          1.0
        ]
      ]
    },
    {
      "file_path": "/media/NFS/ttao/scannet/posed_images/scene0206_02/00377.jpg",
      "transform_matrix": [
        [
          0.9953,
          0.093057,
          -0.026819,
          3.479915
        ],
        [
          0.078362,
          -0.611132,
          0.78764,
          1.843513
        ],
        [
          0.056905,
          -0.786039,
          -0.615552,
          1.217126
        ],
        [
          0.0,
          0.0,
          0.0,
          1.0
        ]
      ]
    },
    {
      "file_path": "/media/NFS/ttao/scannet/posed_images/scene0206_02/00385.jpg",
      "transform_matrix": [
        [
          0.974332,
          0.140879,
          -0.175583,
          3.590676
        ],
        [
          0.225108,
          -0.615316,
          0.755455,
          1.845109
        ],
        [
          -0.001612,
          -0.77559,
          -0.631235,
          1.235074
        ],
        [
          0.0,
          0.0,
          0.0,
          1.0
        ]
      ]
    },
    {
      "file_path": "/media/NFS/ttao/scannet/posed_images/scene0206_02/00391.jpg",
      "transform_matrix": [
        [
          0.963105,
          0.134117,
          -0.233328,
          3.651047
        ],
        [
          0.266186,
          -0.602527,
          0.7524,
          1.850995
        ],
        [
          -0.039677,
          -0.786748,
          -0.615997,
          1.25399
        ],
        [
          0.0,
          0.0,
          0.0,
          1.0
        ]
      ]
    },
    {
      "file_path": "/media/NFS/ttao/scannet/posed_images/scene0206_02/00399.jpg",
      "transform_matrix": [
        [
          0.962309,
          0.131131,
          -0.238256,
          3.690009
        ],
        [
          0.269676,
          -0.573369,
          0.773642,
          1.870174
        ],
        [
          -0.03516,
          -0.808735,
          -0.587121,
          1.263753
        ],
        [
          0.0,
          0.0,
          0.0,
          1.0
        ]
      ]
    },
    {
      "file_path": "/media/NFS/ttao/scannet/posed_images/scene0206_02/00405.jpg",
      "transform_matrix": [
        [
          0.965081,
          0.13577,
          -0.22402,
          3.698362
        ],
        [
          0.260891,
          -0.575049,
          0.775406,
          1.895944
        ],
        [
          -0.023546,
          -0.806775,
          -0.59039,
          1.263957
        ],
        [
          0.0,
          0.0,
          0.0,
          1.0
        ]
      ]
    },
    {
      "file_path": "/media/NFS/ttao/scannet/posed_images/scene0206_02/00408.jpg",
      "transform_matrix": [
        [
          0.964015,
          0.135319,
          -0.228831,
          3.701404
        ],
        [
          0.26458,
          -0.572284,
          0.776201,
          1.917928
        ],
        [
          -0.025921,
          -0.808814,
          -0.587494,
          1.270402
        ],
        [
          0.0,
          0.0,
          0.0,
          1.0
        ]
      ]
    },
    {
      "file_path": "/media/NFS/ttao/scannet/posed_images/scene0206_02/00420.jpg",
      "transform_matrix": [
        [
          0.91432,
          0.236607,
          -0.328687,
          3.705417
        ],
        [
          0.40294,
          -0.44988,
          0.797024,
          2.010309
        ],
        [
          0.040711,
          -0.861176,
          -0.506673,
          1.291376
        ],
        [
          0.0,
          0.0,
          0.0,
          1.0
        ]
      ]
    },
    {
      "file_path": "/media/NFS/ttao/scannet/posed_images/scene0206_02/00424.jpg",
      "transform_matrix": [
        [
          0.894374,
          0.261138,
          -0.363184,
          3.72528
        ],
        [
          0.44587,
          -0.455091,
          0.770774,
          2.042253
        ],
        [
          0.035997,
          -0.851293,
          -0.523455,
          1.294978
        ],
        [
          0.0,
          0.0,
          0.0,
          1.0
        ]
      ]
    },
    {
      "file_path": "/media/NFS/ttao/scannet/posed_images/scene0206_02/00428.jpg",
      "transform_matrix": [
        [
          0.862889,
          0.285983,
          -0.416697,
          3.765259
        ],
        [
          0.504001,
          -0.425765,
          0.75147,
          2.066114
        ],
        [
          0.037493,
          -0.858451,
          -0.511523,
          1.292032
        ],
        [
          0.0,
          0.0,
          0.0,
          1.0
        ]
      ]
    },
    {
      "file_path": "/media/NFS/ttao/scannet/posed_images/scene0206_02/00440.jpg",
      "transform_matrix": [
        [
          0.701453,
          0.422683,
          -0.573849,
          3.950146
        ],
        [
          0.710117,
          -0.345785,
          0.613325,
          2.114529
        ],
        [
          0.060814,
          -0.837718,
          -0.542706,
          1.271087
        ],
        [
          0.0,
          0.0,
          0.0,
          1.0
        ]
      ]
    },
    {
      "file_path": "/media/NFS/ttao/scannet/posed_images/scene0206_02/00446.jpg",
      "transform_matrix": [
        [
          0.644989,
          0.417766,
          -0.639892,
          4.013216
        ],
        [
          0.763907,
          -0.329586,
          0.554815,
          2.114052
        ],
        [
          0.020883,
          -0.846667,
          -0.531713,
          1.269703
        ],
        [
          0.0,
          0.0,
          0.0,
          1.0
        ]
      ]
    },
    {
      "file_path": "/media/NFS/ttao/scannet/posed_images/scene0206_02/00450.jpg",
      "transform_matrix": [
        [
          0.62321,
          0.435139,
          -0.649818,
          4.033326
        ],
        [
          0.78173,
          -0.322671,
          0.53365,
          2.107415
        ],
        [
          0.022535,
          -0.840558,
          -0.541253,
          1.269676
        ],
        [
          0.0,
          0.0,
          0.0,
          1.0
        ]
      ]
    },
    {
      "file_path": "/media/NFS/ttao/scannet/posed_images/scene0206_02/00460.jpg",
      "transform_matrix": [
        [
          0.546636,
          0.423685,
          -0.722275,
          4.116251
        ],
        [
          0.837062,
          -0.253081,
          0.485054,
          2.075646
        ],
        [
          0.022716,
          -0.869737,
          -0.492993,
          1.282255
        ],
        [
          0.0,
          0.0,
          0.0,
          1.0
        ]
      ]
    },
    {
      "file_path": "/media/NFS/ttao/scannet/posed_images/scene0206_02/00466.jpg",
      "transform_matrix": [
        [
          0.538195,
          0.396323,
          -0.743824,
          4.178045
        ],
        [
          0.84062,
          -0.188689,
          0.507695,
          2.054415
        ],
        [
          0.060859,
          -0.898513,
          -0.434708,
          1.297826
        ],
        [
          0.0,
          0.0,
          0.0,
          1.0
        ]
      ]
    },
    {
      "file_path": "/media/NFS/ttao/scannet/posed_images/scene0206_02/00468.jpg",
      "transform_matrix": [
        [
          0.533123,
          0.391774,
          -0.749863,
          4.194925
        ],
        [
          0.842911,
          -0.169832,
          0.510546,
          2.048115
        ],
        [
          0.072668,
          -0.904251,
          -0.420772,
          1.307051
        ],
        [
          0.0,
          0.0,
          0.0,
          1.0
        ]
      ]
    },
    {
      "file_path": "/media/NFS/ttao/scannet/posed_images/scene0206_02/00474.jpg",
      "transform_matrix": [
        [
          0.523333,
          0.360281,
          -0.772218,
          4.211496
        ],
        [
          0.84834,
          -0.134919,
          0.511974,
          2.049109
        ],
        [
          0.080268,
          -0.923036,
          -0.376248,
          1.331429
        ],
        [
          0.0,
          0.0,
          0.0,
          1.0
        ]
      ]
    },
    {
      "file_path": "/media/NFS/ttao/scannet/posed_images/scene0206_02/00486.jpg",
      "transform_matrix": [
        [
          0.519159,
          0.23678,
          -0.821224,
          4.145628
        ],
        [
          0.85016,
          -0.044405,
          0.524649,
          2.112484
        ],
        [
          0.08776,
          -0.970548,
          -0.224354,
          1.386176
        ],
        [
          0.0,
          0.0,
          0.0,
          1.0
        ]
      ]
    },
    {
      "file_path": "/media/NFS/ttao/scannet/posed_images/scene0206_02/00492.jpg",
      "transform_matrix": [
        [
          0.539062,
          0.211698,
          -0.815228,
          4.097191
        ],
        [
          0.835735,
          -0.014137,
          0.548952,
          2.150487
        ],
        [
          0.104687,
          -0.977233,
          -0.184544,
          1.416255
        ],
        [
          0.0,
          0.0,
          0.0,
          1.0
        ]
      ]
    },
    {
      "file_path": "/media/NFS/ttao/scannet/posed_images/scene0206_02/00500.jpg",
      "transform_matrix": [
        [
          0.551797,
          0.178431,
          -0.814667,
          4.034407
        ],
        [
          0.823652,
          0.036655,
          0.56591,
          2.176337
        ],
        [
          0.130837,
          -0.98327,
          -0.126739,
          1.446555
        ],
        [
          0.0,
          0.0,
          0.0,
          1.0
        ]
      ]
    },
    {
      "file_path": "/media/NFS/ttao/scannet/posed_images/scene0206_02/00502.jpg",
      "transform_matrix": [
        [
          0.556848,
          0.168513,
          -0.813341,
          4.017607
        ],
        [
          0.819947,
          0.044907,
          0.570675,
          2.176636
        ],
        [
          0.132692,
          -0.984676,
          -0.113165,
          1.453358
        ],
        [
          0.0,
          0.0,
          0.0,
          1.0
        ]
      ]
    },
    {
      "file_path": "/media/NFS/ttao/scannet/posed_images/scene0206_02/00508.jpg",
      "transform_matrix": [
        [
          0.572069,
          0.114589,
          -0.812161,
          3.972733
        ],
        [
          0.810154,
          0.075601,
          0.581322,
          2.174104
        ],
        [
          0.128013,
          -0.990532,
          -0.049585,
          1.479423
        ],
        [
          0.0,
          0.0,
          0.0,
          1.0
        ]
      ]
