{
  "frames": [
    {
      "file_path": "/media/NFS/ttao/scannet/posed_images/scene0694_00/00002.jpg",
      "transform_matrix": [
        [
          0.922023,
          -0.158493,
          0.353204,
          8.200158
        ],
        [
          -0.38703,
          -0.35622,
          0.850479,
          3.449958
        ],
        [
          -0.008977,
          -0.920863,
          -0.389785,
          1.411837
        ],
        [
          0.0,
          0.0,
          0.0,
          1.0
        ]
      ]
    },
    {
      "file_path": "/media/NFS/ttao/scannet/posed_images/scene0694_00/00005.jpg",
      "transform_matrix": [
        [
          0.921316,
          -0.174789,
          0.347313,
          8.225471
        ],
        [
          -0.388226,
          -0.364375,
          0.84647,
          3.471582
        ],
        [
          -0.021401,
          -0.914702,
          -0.403562,
          1.412711
        ],
        [
          0.0,
          0.0,
          0.0,
          1.0
        ]
      ]
    },
    {
      "file_path": "/media/NFS/ttao/scannet/posed_images/scene0694_00/00011.jpg",
      "transform_matrix": [
        [
          0.924605,
          -0.221814,
          0.309683,
          8.314081
        ],
        [
          -0.375262,
          -0.390705,
          0.840552,
          3.513994
        ],
        [
          -0.065452,
          -0.893391,
          -0.444487,
          1.430223
        ],
        [
          0.0,
          0.0,
          0.0,
          1.0
        ]
      ]
    },
    {
      "file_path": "/media/NFS/ttao/scannet/posed_images/scene0694_00/00016.jpg",
      "transform_matrix": [
        [
          0.915438,
          -0.226997,
          0.332333,
          8.318464
        ],
        [
          -0.399902,
          -0.420113,
          0.814606,
          3.543522
        ],
        [
          -0.045296,
          -0.878622,
          -0.475364,
          1.400786
        ],
        [
          0.0,
          0.0,
          0.0,
          1.0
        ]
      ]
    },
    {
      "file_path": "/media/NFS/ttao/scannet/posed_images/scene0694_00/00024.jpg",
      "transform_matrix": [
        [
          0.900927,
          -0.24707,
          0.356774,
          8.301645
        ],
        [
          -0.433286,
          -0.465933,
          0.771472,
          3.626128
        ],
        [
          -0.024374,
          -0.849625,
          -0.526824,
          1.374062
        ],
        [
          0.0,
          0.0,
          0.0,
          1.0
        ]
      ]
    },
    {
      "file_path": "/media/NFS/ttao/scannet/posed_images/scene0694_00/00033.jpg",
      "transform_matrix": [
        [
          0.896172,
          -0.249766,
          0.366731,
          8.336446
        ],
        [
          -0.44314,
          -0.462084,
          0.768183,
          3.647474
        ],
        [
          -0.022405,
          -0.850938,
          -0.524789,
          1.378587
        ],
        [
          0.0,
          0.0,
          0.0,
          1.0
        ]
      ]
    },
    {
      "file_path": "/media/NFS/ttao/scannet/posed_images/scene0694_00/00038.jpg",
      "transform_matrix": [
        [
          0.903212,
          -0.240872,
          0.355229,
          8.359498
        ],
        [
          -0.428406,
          -0.455856,
          0.780169,
          3.637201
        ],
        [
          -0.025988,
          -0.856841,
          -0.514926,
          1.386596
        ],
        [
          0.0,
          0.0,
          0.0,
          1.0
        ]
      ]
    },
    {
      "file_path": "/media/NFS/ttao/scannet/posed_images/scene0694_00/00044.jpg",
      "transform_matrix": [
        [
          0.936328,
          -0.199243,
          0.289124,
          8.409721
        ],
        [
          -0.349588,
          -0.451969,
          0.820678,
          3.576255
        ],
        [
          -0.032839,
          -0.869497,
          -0.492845,
          1.392063
        ],
        [
          0.0,
          0.0,
          0.0,
          1.0
        ]
      ]
    },
    {
      "file_path": "/media/NFS/ttao/scannet/posed_images/scene0694_00/00051.jpg",
      "transform_matrix": [
        [
          0.95419,
          -0.155412,
          0.255672,
          8.462239
        ],
        [
          -0.298617,
          -0.441336,
          0.846198,
          3.520467
        ],
        [
          -0.018672,
          -0.883782,
          -0.467527,
          1.411803
        ],
        [
          0.0,
          0.0,
          0.0,
          1.0
        ]
      ]
    },
    {
      "file_path": "/media/NFS/ttao/scannet/posed_images/scene0694_00/00056.jpg",
      "transform_matrix": [
        [
          0.967034,
          -0.143459,
          0.21039,
          8.457048
        ],
        [
          -0.252402,
          -0.430577,
          0.866543,
          3.507532
        ],
        [
          -0.033724,
          -0.89108,
          -0.452593,
          1.427736
        ],
        [
          0.0,
          0.0,
          0.0,
          1.0
        ]
      ]
    },
    {
      "file_path": "/media/NFS/ttao/scannet/posed_images/scene0694_00/00064.jpg",
      "transform_matrix": [
        [
          0.977451,
          -0.130055,
          0.16636,
          8.444725
        ],
        [
          -0.205478,
          -0.404221,
          0.891282,
          3.498336
        ],
        [
          -0.048669,
          -0.905368,
          -0.42183,
          1.470605
        ],
        [
          0.0,
          0.0,
          0.0,
          1.0
        ]
      ]
    },
    {
      "file_path": "/media/NFS/ttao/scannet/posed_images/scene0694_00/00067.jpg",
      "transform_matrix": [
        [
          0.980382,
          -0.126801,
          0.150904,
          8.418996
        ],
        [
          -0.189175,
          -0.390335,
          0.901028,
          3.500193
        ],
        [
          -0.055349,
          -0.911899,
          -0.406666,
          1.493669
        ],
        [
          0.0,
          0.0,
          0.0,
          1.0
        ]
      ]
    },
    {
      "file_path": "/media/NFS/ttao/scannet/posed_images/scene0694_00/00073.jpg",
      "transform_matrix": [
        [
          0.982166,
          -0.096616,
          0.161294,
          8.332133
        ],
        [
          -0.185122,
          -0.346955,
          0.91943,
          3.470458
        ],
        [
          -0.03287,
          -0.932892,
          -0.358654,
          1.518297
        ],
        [
          0.0,
          0.0,
          0.0,
          1.0
        ]
      ]
    },
    {
      "file_path": "/media/NFS/ttao/scannet/posed_images/scene0694_00/00078.jpg",
      "transform_matrix": [
        [
          0.979998,
          -0.093721,
          0.175558,
          8.248987
        ],
        [
          -0.197571,
          -0.352354,
          0.914775,
          3.437189
        ],
        [
          -0.023875,
          -0.931162,
          -0.363823,
          1.500747
        ],
        [
          0.0,
          0.0,
          0.0,
          1.0
        ]
      ]
    },
    {
      "file_path": "/media/NFS/ttao/scannet/posed_images/scene0694_00/00084.jpg",
      "transform_matrix": [
        [
          0.989176,
          -0.039893,
          0.141207,
          8.098646
        ],
        [
          -0.14585,
          -0.372748,
          0.916399,
          3.404855
        ],
        [
          0.016077,
          -0.927075,
          -0.374532,
          1.434571
        ],
        [
          0.0,
          0.0,
          0.0,
          1.0
        ]
      ]
    },
    {
      "file_path": "/media/NFS/ttao/scannet/posed_images/scene0694_00/00089.jpg",
      "transform_matrix": [
        [
          0.99496,
          0.002623,
          0.100243,
          8.029243
        ],
        [
          -0.090811,
          -0.400411,
          0.911825,
          3.394655
        ],
        [
          0.04253,
          -0.916332,
          -0.398154,
          1.422257
        ],
        [
          0.0,
          0.0,
          0.0,
          1.0
        ]
      ]
    },
    {
      "file_path": "/media/NFS/ttao/scannet/posed_images/scene0694_00/00100.jpg",
      "transform_matrix": [
        [
          0.998366,
          0.047892,
          -0.031171,
          8.032853
        ],
        [
          0.048857,
          -0.432527,
          0.900296,
          3.382337
        ],
        [
          0.029634,
          -0.900348,
          -0.43416,
          1.406865
        ],
        [
          0.0,
          0.0,
          0.0,
          1.0
        ]
      ]
    },
    {
      "file_path": "/media/NFS/ttao/scannet/posed_images/scene0694_00/00102.jpg",
      "transform_matrix": [
        [
          0.998696,
          0.03953,
          -0.032304,
          8.030281
        ],
        [
          0.046309,
          -0.435158,
          0.899163,
          3.375609
        ],
        [
          0.021487,
          -0.899486,
          -0.436421,
          1.395546
        ],
        [
          0.0,
          0.0,
          0.0,
          1.0
        ]
      ]
    },
    {
      "file_path": "/media/NFS/ttao/scannet/posed_images/scene0694_00/00107.jpg",
      "transform_matrix": [
        [
          0.997665,
          0.026676,
          -0.062878,
          8.078741
        ],
        [
          0.068134,
          -0.453327,
          0.888737,
          3.377942
        ],
        [
          -0.004796,
          -0.890945,
          -0.454086,
          1.388527
        ],
        [
          0.0,
          0.0,
          0.0,
          1.0
        ]
      ]
    },
    {
      "file_path": "/media/NFS/ttao/scannet/posed_images/scene0694_00/00118.jpg",
      "transform_matrix": [
        [
          0.984222,
          0.07384,
          -0.160797,
          8.270882
        ],
        [
          0.176465,
          -0.476189,
          0.861455,
          3.382885
        ],
        [
          -0.01296,
          -0.876237,
          -0.481706,
          1.400928
        ],
        [
          0.0,
          0.0,
          0.0,
          1.0
        ]
      ]
    },
    {
      "file_path": "/media/NFS/ttao/scannet/posed_images/scene0694_00/00124.jpg",
      "transform_matrix": [
        [
          0.979773,
          0.052323,
          -0.193153,
          8.357129
        ],
        [
          0.194827,
          -0.46982,
          0.860995,
          3.417729
        ],
        [
          -0.045697,
          -0.881211,
          -0.47051,
          1.412826
        ],
        [
          0.0,
          0.0,
          0.0,
          1.0
        ]
      ]
    },
    {
      "file_path": "/media/NFS/ttao/scannet/posed_images/scene0694_00/00131.jpg",
      "transform_matrix": [
        [
          0.976291,
          0.098534,
          -0.192735,
          8.436086
        ],
        [
          0.21643,
          -0.459523,
          0.861392,
          3.480549
        ],
        [
          -0.00369,
          -0.882683,
          -0.469954,
          1.400291
        ],
        [
          0.0,
          0.0,
          0.0,
          1.0
        ]
      ]
    },
    {
      "file_path": "/media/NFS/ttao/scannet/posed_images/scene0694_00/00133.jpg",
      "transform_matrix": [
        [
          0.970103,
          0.114248,
          -0.214121,
          8.466265
        ],
        [
          0.242667,
          -0.443467,
          0.862815,
          3.501275
        ],
        [
          0.00362,
          -0.88898,
          -0.457933,
          1.390168
        ],
        [
          0.0,
          0.0,
          0.0,
          1.0
        ]
      ]
    },
    {
      "file_path": "/media/NFS/ttao/scannet/posed_images/scene0694_00/00142.jpg",
      "transform_matrix": [
        [
          0.927707,
          0.166378,
          -0.334182,
          8.655403
        ],
        [
          0.373016,
          -0.448602,
          0.812167,
          3.600488
        ],
        [
          -0.014788,
          -0.878109,
          -0.478233,
          1.403387
        ],
        [
          0.0,
          0.0,
          0.0,
          1.0
        ]
      ]
    },
    {
      "file_path": "/media/NFS/ttao/scannet/posed_images/scene0694_00/00149.jpg",
      "transform_matrix": [
        [
          0.89327,
          0.194963,
          -0.40504,
          8.796724
        ],
        [
          0.449235,
          -0.419255,
          0.788932,
          3.652641
        ],
        [
          -0.016003,
          -0.886688,
          -0.462092,
          1.411147
        ],
        [
          0.0,
          0.0,
          0.0,
          1.0
        ]
      ]
    },
    {
      "file_path": "/media/NFS/ttao/scannet/posed_images/scene0694_00/00153.jpg",
      "transform_matrix": [
        [
          0.850917,
          0.221501,
          -0.476316,
          8.899202
        ],
        [
          0.524501,
          -0.408225,
          0.747161,
          3.684936
        ],
        [
          -0.028948,
          -0.885601,
          -0.463544,
          1.416706
        ],
        [
          0.0,
          0.0,
          0.0,
          1.0
        ]
      ]
    },
    {
      "file_path": "/media/NFS/ttao/scannet/posed_images/scene0694_00/00158.jpg",
      "transform_matrix": [
        [
          0.81768,
          0.238644,
          -0.523877,
          8.968071
        ],
        [
          0.574032,
          -0.406662,
          0.710714,
          3.724289
        ],
        [
          -0.043433,
          -0.881859,
          -0.469509,
          1.426704
        ],
        [
          0.0,
          0.0,
          0.0,
          1.0
        ]
      ]
    },
    {
      "file_path": "/media/NFS/ttao/scannet/posed_images/scene0694_00/00167.jpg",
      "transform_matrix": [
        [
          0.763113,
          0.228081,
          -0.60468,
          9.059353
        ],
        [
          0.642942,
          -0.362691,
          0.674596,
          3.844323
        ],
        [
          -0.06545,
          -0.903568,
          -0.423417,
          1.460407
        ],
        [
          0.0,
          0.0,
          0.0,
          1.0
        ]
      ]
    },
    {
      "file_path": "/media/NFS/ttao/scannet/posed_images/scene0694_00/00169.jpg",
      "transform_matrix": [
        [
          0.759825,
          0.221035,
          -0.6114,
          9.075259
        ],
        [
          0.647304,
          -0.34477,
          0.679802,
          3.853287
        ],
        [
          -0.060532,
          -0.912292,
          -0.405042,
          1.452408
        ],
        [
          0.0,
          0.0,
          0.0,
          1.0
        ]
      ]
    },
    {
      "file_path": "/media/NFS/ttao/scannet/posed_images/scene0694_00/00178.jpg",
      "transform_matrix": [
        [
          0.73716,
          0.21335,
          -0.641153,
          9.096258
        ],
        [
          0.671884,
          -0.332369,
          0.661893,
          3.9153
        ],
        [
          -0.071884,
          -0.918702,
          -0.388356,
          1.480076
        ],
        [
          0.0,
          0.0,
          0.0,
          1.0
        ]
      ]
    },
    {
      "file_path": "/media/NFS/ttao/scannet/posed_images/scene0694_00/00182.jpg",
      "transform_matrix": [
        [
          0.734971,
          0.208869,
          -0.645129,
          9.141115
        ],
        [
          0.674391,
          -0.324502,
          0.663246,
          3.931885
        ],
        [
          -0.070814,
          -0.922536,
          -0.379359,
          1.493861
        ],
        [
          0.0,
          0.0,
          0.0,
          1.0
        ]
      ]
    },
    {
      "file_path": "/media/NFS/ttao/scannet/posed_images/scene0694_00/00191.jpg",
      "transform_matrix": [
        [
          0.753584,
          0.213185,
          -0.621823,
          9.191634
        ],
        [
          0.655477,
          -0.3151,
          0.68634,
          3.942766
        ],
        [
          -0.049619,
          -0.924805,
          -0.377192,
          1.508608
        ],
        [
          0.0,
          0.0,
          0.0,
          1.0
        ]
      ]
    },
    {
      "file_path": "/media/NFS/ttao/scannet/posed_images/scene0694_00/00197.jpg",
      "transform_matrix": [
        [
          0.798664,
          0.183094,
          -0.573247,
          9.220785
        ],
        [
          0.600335,
          -0.308315,
          0.737929,
          3.934406
        ],
        [
          -0.04163,
          -0.933498,
          -0.356158,
          1.522096
        ],
        [
          0.0,
          0.0,
          0.0,
          1.0
        ]
      ]
    },
    {
      "file_path": "/media/NFS/ttao/scannet/posed_images/scene0694_00/00200.jpg",
      "transform_matrix": [
        [
          0.820053,
          0.183652,
          -0.54202,
          9.183828
        ],
        [
          0.571976,
          -0.294288,
          0.765662,
          3.889771
        ],
        [
          -0.018895,
          -0.937906,
          -0.346376,
          1.518062
        ],
        [
          0.0,
          0.0,
          0.0,
          1.0
        ]
      ]
    },
    {
      "file_path": "/media/NFS/ttao/scannet/posed_images/scene0694_00/00206.jpg",
      "transform_matrix": [
        [
          0.819268,
          0.187697,
          -0.541821,
          9.090155
        ],
        [
          0.573185,
          -0.294581,
          0.764644,
          3.783733
        ],
        [
          -0.016088,
          -0.937012,
          -0.348926,
          1.517363
        ],
        [
          0.0,
          0.0,
          0.0,
          1.0
        ]
      ]
    },
    {
      "file_path": "/media/NFS/ttao/scannet/posed_images/scene0694_00/00213.jpg",
      "transform_matrix": [
        [
          0.763458,
          0.200914,
          -0.613812,
          8.92274
        ],
        [
          0.644485,
          -0.298921,
          0.703765,
          3.597909
        ],
        [
          -0.042085,
          -0.932888,
          -0.3577,
          1.459194
        ],
        [
          0.0,
          0.0,
          0.0,
          1.0
        ]
      ]
    },
    {
      "file_path": "/media/NFS/ttao/scannet/posed_images/scene0694_00/00218.jpg",
      "transform_matrix": [
        [
          0.724673,
          0.232334,
          -0.648744,
          8.818035
        ],
        [
          0.687895,
          -0.299374,
          0.661192,
          3.534365
        ],
        [
          -0.0406,
          -0.925417,
          -0.37677,
          1.442966
        ],
        [
          0.0,
          0.0,
          0.0,
          1.0
        ]
      ]
    },
    {
      "file_path": "/media/NFS/ttao/scannet/posed_images/scene0694_00/00228.jpg",
      "transform_matrix": [
        [
          0.68402,
          0.23257,
          -0.691396,
          8.610253
        ],
        [
          0.723568,
          -0.336574,
          0.602633,
          3.474895
        ],
        [
          -0.092551,
          -0.912485,
          -0.398504,
          1.41633
        ],
        [
          0.0,
          0.0,
          0.0,
          1.0
        ]
      ]
    },
    {
      "file_path": "/media/NFS/ttao/scannet/posed_images/scene0694_00/00231.jpg",
      "transform_matrix": [
        [
          0.688651,
          0.243506,
          -0.682982,
          8.556299
        ],
        [
          0.718108,
          -0.359461,
          0.59591,
          3.45162
        ],
        [
          -0.100398,
          -0.900829,
          -0.422407,
          1.413219
        ],
        [
          0.0,
          0.0,
          0.0,
          1.0
        ]
      ]
    },
    {
      "file_path": "/media/NFS/ttao/scannet/posed_images/scene0694_00/00238.jpg",
      "transform_matrix": [
        [
          0.695828,
          0.251202,
          -0.672845,
          8.403019
        ],
        [
          0.71209,
          -0.36332,
          0.600771,
          3.406463
        ],
        [
          -0.093543,
          -0.89716,
          -0.431687,
          1.41938
        ],
        [
          0.0,
          0.0,
          0.0,
          1.0
        ]
      ]
    },
    {
      "file_path": "/media/NFS/ttao/scannet/posed_images/scene0694_00/00246.jpg",
      "transform_matrix": [
        [
          0.749852,
          0.213802,
          -0.626107,
          8.224948
        ],
        [
          0.652739,
          -0.39348,
          0.647383,
          3.307491
        ],
        [
          -0.107949,
          -0.894127,
          -0.434609,
          1.4247
        ],
        [
          0.0,
          0.0,
          0.0,
          1.0
        ]
      ]
    },
    {
      "file_path": "/media/NFS/ttao/scannet/posed_images/scene0694_00/00251.jpg",
      "transform_matrix": [
        [
          0.763001,
          0.203074,
          -0.61367,
          8.112733
        ],
        [
          0.639492,
          -0.375546,
          0.670832,
          3.240769
        ],
        [
          -0.094232,
          -0.904283,
          -0.416406,
          1.448736
        ],
        [
          0.0,
          0.0,
          0.0,
          1.0
        ]
      ]
    },
    {
      "file_path": "/media/NFS/ttao/scannet/posed_images/scene0694_00/00253.jpg",
      "transform_matrix": [
        [
          0.762142,
          0.206669,
          -0.613537,
          8.077452
        ],
        [
          0.641716,
          -0.366571,
          0.673667,
          3.215878
        ],
        [
          -0.085679,
          -0.907146,
          -0.412001,
          1.449301
        ],
        [
          0.0,
          0.0,
          0.0,
          1.0
        ]
      ]
    },
    {
      "file_path": "/media/NFS/ttao/scannet/posed_images/scene0694_00/00260.jpg",
      "transform_matrix": [
        [
          0.757308,
          0.231814,
          -0.610531,
          7.936356
        ],
        [
          0.650885,
          -0.344124,
          0.676703,
          3.158987
        ],
        [
          -0.05323,
          -0.909858,
          -0.411492,
          1.443362
        ],
        [
          0.0,
          0.0,
          0.0,
          1.0
        ]
      ]
    },
    {
      "file_path": "/media/NFS/ttao/scannet/posed_images/scene0694_00/00269.jpg",
      "transform_matrix": [
        [
          0.755399,
          0.183299,
          -0.629106,
          7.767757
        ],
        [
          0.651229,
          -0.316413,
          0.689771,
          3.159855
        ],
        [
          -0.072623,
          -0.930744,
          -0.358388,
          1.438892
        ],
        [
          0.0,
          0.0,
          0.0,
          1.0
        ]
      ]
    },
    {
      "file_path": "/media/NFS/ttao/scannet/posed_images/scene0694_00/00271.jpg",
      "transform_matrix": [
        [
          0.757595,
          0.170839,
          -0.629971,
          7.743478
        ],
        [
          0.647313,
          -0.320668,
          0.69149,
          3.177214
        ],
        [
          -0.083878,
          -0.931658,
          -0.353523,
          1.442468
        ],
        [
          0.0,
          0.0,
          0.0,
          1.0
        ]
      ]
    },
    {
      "file_path": "/media/NFS/ttao/scannet/posed_images/scene0694_00/00278.jpg",
      "transform_matrix": [
        [
          0.761707,
          0.162973,
          -0.62709,
          7.580166
        ],
        [
          0.640974,
          -0.330893,
          0.692577,
          3.177802
        ],
        [
          -0.094628,
          -0.929489,
          -0.356505,
          1.443688
        ],
        [
          0.0,
          0.0,
          0.0,
          1.0
        ]
      ]
    },
    {
      "file_path": "/media/NFS/ttao/scannet/posed_images/scene0694_00/00284.jpg",
      "transform_matrix": [
        [
          0.765038,
          0.162039,
          -0.623266,
          7.474911
        ],
        [
          0.635747,
          -0.344347,
          0.690833,
          3.172297
        ],
        [
          -0.102678,
          -0.924753,
          -0.366454,
          1.427948
        ],
        [
          0.0,
          0.0,
          0.0,
          1.0
        ]
      ]
    },
    {
      "file_path": "/media/NFS/ttao/scannet/posed_images/scene0694_00/00291.jpg",
      "transform_matrix": [
        [
          0.788975,
          0.171215,
          -0.590088,
          7.337497
        ],
        [
          0.608557,
          -0.350176,
          0.712064,
          3.139414
        ],
        [
          -0.084719,
          -0.920903,
          -0.380475,
          1.424663
        ],
        [
          0.0,
          0.0,
          0.0,
          1.0
        ]
      ]
    },
    {
      "file_path": "/media/NFS/ttao/scannet/posed_images/scene0694_00/00300.jpg",
      "transform_matrix": [
        [
          0.799317,
          0.198922,
          -0.567029,
          7.130791
        ],
        [
          0.597798,
          -0.359128,
          0.716704,
          3.063276
        ],
        [
          -0.061068,
          -0.911843,
          -0.405973,
          1.408516
        ],
        [
          0.0,
          0.0,
          0.0,
          1.0
        ]
      ]
    },
    {
      "file_path": "/media/NFS/ttao/scannet/posed_images/scene0694_00/00302.jpg",
      "transform_matrix": [
        [
          0.807959,
          0.211645,
          -0.549917,
          7.090915
        ],
        [
          0.58623,
          -0.382909,
          0.713943,
          3.063596
        ],
        [
          -0.059465,
          -0.899215,
          -0.433447,
          1.402184
        ],
        [
          0.0,
          0.0,
          0.0,
          1.0
        ]
      ]
    },
    {
      "file_path": "/media/NFS/ttao/scannet/posed_images/scene0694_00/00308.jpg",
      "transform_matrix": [
        [
          0.823301,
          0.233707,
          -0.517259,
          6.969429
        ],
        [
          0.565584,
          -0.414607,
          0.712892,
          3.061728
        ],
        [
          -0.047852,
          -0.879478,
          -0.473527,
          1.376445
        ],
        [
          0.0,
          0.0,
          0.0,
          1.0
        ]
      ]
    },
    {
      "file_path": "/media/NFS/ttao/scannet/posed_images/scene0694_00/00317.jpg",
      "transform_matrix": [
        [
          0.842196,
          0.199819,
          -0.500777,
          6.825511
        ],
        [
          0.531478,
          -0.464007,
          0.708681,
          3.106555
        ],
        [
          -0.090756,
          -0.863001,
          -0.496984,
          1.350549
        ],
        [
          0.0,
          0.0,
          0.0,
          1.0
        ]
      ]
    },
    {
      "file_path": "/media/NFS/ttao/scannet/posed_images/scene0694_00/00324.jpg",
      "transform_matrix": [
        [
          0.910938,
          0.132679,
          -0.390626,
          6.75355
        ],
        [
          0.402187,
          -0.496443,
          0.769279,
          3.178036
        ],
        [
          -0.091857,
          -0.85787,
          -0.505591,
          1.372646
        ],
        [
          0.0,
          0.0,
          0.0,
          1.0
        ]
      ]
    },
    {
      "file_path": "/media/NFS/ttao/scannet/posed_images/scene0694_00/00328.jpg",
      "transform_matrix": [
        [
          0.956065,
          0.081948,
          -0.281468,
          6.743144
        ],
        [
          0.282799,
          -0.510753,
          0.811884,
          3.183554
        ],
        [
          -0.077229,
          -0.855813,
          -0.511488,
          1.366388
        ],
        [
          0.0,
          0.0,
          0.0,
          1.0
        ]
      ]
    },
    {
      "file_path": "/media/NFS/ttao/scannet/posed_images/scene0694_00/00335.jpg",
      "transform_matrix": [
        [
          0.996919,
          -0.009519,
          -0.077861,
          6.65656
        ],
        [
          0.061986,
          -0.512681,
          0.856338,
          3.142614
        ],
        [
          -0.048069,
          -0.858526,
          -0.510512,
          1.361762
        ],
        [
          0.0,
          0.0,
          0.0,
          1.0
        ]
      ]
    },
    {
      "file_path": "/media/NFS/ttao/scannet/posed_images/scene0694_00/00340.jpg",
      "transform_matrix": [
        [
          0.996263,
          -0.074682,
          0.043383,
          6.570494
        ],
        [
          -0.07542,
          -0.507487,
          0.858352,
          3.086385
        ],
        [
          -0.042088,
          -0.858417,
          -0.511223,
          1.374463
        ],
        [
          0.0,
          0.0,
          0.0,
          1.0
        ]
      ]
    },
    {
      "file_path": "/media/NFS/ttao/scannet/posed_images/scene0694_00/00349.jpg",
      "transform_matrix": [
        [
          0.989644,
          -0.095525,
          0.107145,
          6.536107
        ],
        [
          -0.139883,
          -0.474259,
          0.869201,
          3.039794
        ],
        [
          -0.032216,
          -0.875188,
          -0.48271,
          1.397822
        ],
        [
          0.0,
          0.0,
          0.0,
          1.0
        ]
      ]
    },
    {
      "file_path": "/media/NFS/ttao/scannet/posed_images/scene0694_00/00351.jpg",
      "transform_matrix": [
        [
          0.988582,
          -0.095455,
          0.116592,
          6.521253
        ],
        [
          -0.148045,
          -0.471158,
          0.869536,
          3.041397
        ],
        [
          -0.028068,
          -0.876869,
          -0.47991,
          1.394813
        ],
        [
          0.0,
          0.0,
          0.0,
          1.0
        ]
      ]
    },
    {
      "file_path": "/media/NFS/ttao/scannet/posed_images/scene0694_00/00357.jpg",
      "transform_matrix": [
        [
          0.990524,
          -0.107415,
          0.085582,
          6.529194
        ],
        [
          -0.127158,
          -0.48181,
          0.867001,
          3.042752
        ],
        [
          -0.051894,
          -0.869668,
          -0.490903,
          1.38485
        ],
        [
          0.0,
          0.0,
          0.0,
          1.0
        ]
      ]
    },
    {
      "file_path": "/media/NFS/ttao/scannet/posed_images/scene0694_00/00362.jpg",
      "transform_matrix": [
        [
          0.983094,
          -0.143665,
          0.113521,
          6.53023
        ],
        [
          -0.170386,
          -0.490753,
          0.854477,
          3.041736
        ],
        [
          -0.067048,
          -0.859373,
          -0.506934,
          1.383783
        ],
        [
          0.0,
          0.0,
          0.0,
          1.0
        ]
      ]
    },
    {
      "file_path": "/media/NFS/ttao/scannet/posed_images/scene0694_00/00369.jpg",
      "transform_matrix": [
        [
          0.954385,
          -0.206812,
          0.215353,
          6.485538
        ],
        [
          -0.290721,
          -0.479303,
          0.8281,
          3.03645
        ],
        [
          -0.068042,
          -0.852935,
          -0.517564,
          1.379574
        ],
        [
          0.0,
          0.0,
          0.0,
          1.0
        ]
      ]
    },
    {
      "file_path": "/media/NFS/ttao/scannet/posed_images/scene0694_00/00377.jpg",
      "transform_matrix": [
        [
          0.885225,
          -0.317843,
          0.339636,
          6.374921
        ],
        [
          -0.454949,
          -0.439414,
          0.774556,
          3.010265
        ],
        [
          -0.096947,
          -0.840173,
          -0.533583,
          1.373989
        ],
        [
          0.0,
          0.0,
          0.0,
          1.0
        ]
      ]
    },
    {
      "file_path": "/media/NFS/ttao/scannet/posed_images/scene0694_00/00380.jpg",
      "transform_matrix": [
        [
          0.855206,
          -0.348974,
          0.383196,
          6.332735
        ],
        [
          -0.509818,
          -0.433299,
          0.743194,
          3.009104
        ],
        [
          -0.093317,
          -0.830945,
          -0.548473,
          1.37096
        ],
        [
          0.0,
          0.0,
          0.0,
          1.0
        ]
      ]
    },
    {
      "file_path": "/media/NFS/ttao/scannet/posed_images/scene0694_00/00391.jpg",
      "transform_matrix": [
        [
          0.738331,
          -0.421735,
          0.526314,
          6.307014
        ],
        [
          -0.668597,
          -0.355199,
          0.653309,
          2.964495
        ],
        [
          -0.088577,
          -0.83425,
          -0.544226,
          1.373651
        ],
        [
          0.0,
          0.0,
          0.0,
          1.0
        ]
      ]
    },
    {
      "file_path": "/media/NFS/ttao/scannet/posed_images/scene0694_00/00393.jpg",
      "transform_matrix": [
        [
          0.720991,
          -0.425794,
          0.546692,
          6.317339
        ],
        [
          -0.687956,
          -0.345338,
          0.638324,
          2.951518
        ],
        [
          -0.083001,
          -0.836326,
          -0.541913,
          1.376289
        ],
        [
          0.0,
          0.0,
          0.0,
          1.0
        ]
      ]
    },
    {
      "file_path": "/media/NFS/ttao/scannet/posed_images/scene0694_00/00400.jpg",
      "transform_matrix": [
        [
          0.684298,
          -0.423177,
          0.59385,
          6.362334
        ],
        [
          -0.725971,
          -0.318779,
          0.609381,
          2.912015
        ],
        [
          -0.068569,
          -0.848116,
          -0.525354,
          1.386079
        ],
        [
          0.0,
          0.0,
          0.0,
          1.0
        ]
      ]
    },
    {
      "file_path": "/media/NFS/ttao/scannet/posed_images/scene0694_00/00406.jpg",
      "transform_matrix": [
        [
          0.6982,
          -0.398436,
          0.594782,
          6.428664
        ],
        [
          -0.713491,
          -0.319142,
          0.623762,
          2.861781
        ],
        [
          -0.058709,
          -0.859882,
          -0.507106,
          1.394821
        ],
        [
          0.0,
          0.0,
          0.0,
          1.0
        ]
      ]
    },
    {
      "file_path": "/media/NFS/ttao/scannet/posed_images/scene0694_00/00415.jpg",
      "transform_matrix": [
        [
          0.644031,
          -0.43911,
          0.626424,
          6.523873
        ],
        [
          -0.762192,
          -0.298229,
          0.574563,
          2.779236
        ],
        [
          -0.065478,
          -0.847492,
          -0.526755,
          1.386942
        ],
        [
          0.0,
          0.0,
          0.0,
          1.0
        ]
      ]
    },
    {
      "file_path": "/media/NFS/ttao/scannet/posed_images/scene0694_00/00422.jpg",
      "transform_matrix": [
        [
          0.574517,
          -0.471554,
          0.669004,
          6.584754
        ],
        [
          -0.814504,
          -0.248792,
          0.524104,
          2.722195
        ],
        [
          -0.0807,
          -0.846014,
          -0.527018,
          1.391794
        ],
        [
          0.0,
          0.0,
          0.0,
          1.0
        ]
      ]
    },
    {
      "file_path": "/media/NFS/ttao/scannet/posed_images/scene0694_00/00428.jpg",
      "transform_matrix": [
        [
          0.549737,
          -0.471043,
          0.68986,
          6.607109
        ],
        [
          -0.830775,
          -0.22211,
          0.510371,
          2.71122
        ],
        [
          -0.087182,
          -0.853689,
          -0.513434,
          1.400166
        ],
        [
          0.0,
          0.0,
          0.0,
          1.0
        ]
      ]
    },
    {
      "file_path": "/media/NFS/ttao/scannet/posed_images/scene0694_00/00431.jpg",
      "transform_matrix": [
        [
          0.547405,
          -0.462794,
          0.697259,
          6.612449
        ],
        [
          -0.832243,
          -0.213573,
          0.511623,
          2.714532
        ],
        [
          -0.08786,
          -0.860354,
          -0.502068,
          1.405183
        ],
        [
          0.0,
          0.0,
          0.0,
          1.0
        ]
      ]
    },
    {
      "file_path": "/media/NFS/ttao/scannet/posed_images/scene0694_00/00437.jpg",
      "transform_matrix": [
        [
          0.530746,
          -0.448483,
          0.719146,
          6.609998
        ],
        [
          -0.844266,
          -0.205366,
          0.495014,
          2.749701
        ],
        [
          -0.074317,
          -0.869878,
          -0.487637,
          1.414362
        ],
        [
          0.0,
          0.0,
          0.0,
          1.0
        ]
      ]
    },
    {
      "file_path": "/media/NFS/ttao/scannet/posed_images/scene0694_00/00446.jpg",
      "transform_matrix": [
        [
          0.481886,
          -0.433049,
          0.761744,
          6.57032
        ],
        [
          -0.874689,
          -0.186145,
          0.447513,
          2.838317
        ],
        [
          -0.052,
          -0.88194,
          -0.468485,
          1.417935
        ],
        [
          0.0,
          0.0,
          0.0,
          1.0
        ]
      ]
    },
    {
      "file_path": "/media/NFS/ttao/scannet/posed_images/scene0694_00/00448.jpg",
      "transform_matrix": [
        [
          0.45598,
          -0.431145,
          0.778586,
          6.552941
        ],
        [
          -0.888955,
          -0.178461,
          0.421794,
          2.870433
        ],
        [
          -0.042908,
          -0.884458,
          -0.464644,
          1.419988
        ],
        [
          0.0,
          0.0,
          0.0,
          1.0
        ]
      ]
    },
    {
      "file_path": "/media/NFS/ttao/scannet/posed_images/scene0694_00/00457.jpg",
      "transform_matrix": [
        [
          0.310447,
          -0.435256,
          0.845088,
          6.466856
        ],
        [
          -0.95008,
          -0.112933,
          0.29085,
          3.045899
        ],
        [
          -0.031156,
          -0.893196,
          -0.448588,
          1.427805
        ],
        [
          0.0,
          0.0,
          0.0,
          1.0
        ]
      ]
    },
    {
      "file_path": "/media/NFS/ttao/scannet/posed_images/scene0694_00/00460.jpg",
      "transform_matrix": [
        [
          0.254463,
          -0.4434,
          0.859444,
          6.453135
        ],
        [
          -0.967024,
          -0.10691,
          0.231159,
          3.112568
        ],
        [
          -0.010613,
          -0.889925,
          -0.455984,
          1.422261
        ],
        [
          0.0,
          0.0,
          0.0,
          1.0
        ]
      ]
    },
    {
      "file_path": "/media/NFS/ttao/scannet/posed_images/scene0694_00/00470.jpg",
      "transform_matrix": [
        [
          0.132439,
          -0.417898,
          0.898789,
          6.446746
        ],
        [
          -0.991037,
          -0.039847,
          0.127505,
          3.272173
        ],
        [
          -0.01747,
          -0.90762,
          -0.41943,
