{
  "frames": [
    {
      "file_path": "/media/NFS/ttao/scannet/posed_images/scene0206_01/00004.jpg",
      "transform_matrix": [
        [
          0.963084,
          -0.126627,
          0.237561,
          3.547312
        ],
        [
          -0.269184,
          -0.442738,
          0.855292,
          1.828995
        ],
        [
          -0.003126,
          -0.887665,
          -0.46048,
          1.312025
        ],
        [
          0.0,
          0.0,
          0.0,
          1.0
        ]
      ]
    },
    {
      "file_path": "/media/NFS/ttao/scannet/posed_images/scene0206_01/00011.jpg",
      "transform_matrix": [
        [
          0.967154,
          -0.113493,
          0.227446,
          3.555197
        ],
        [
          -0.254187,
          -0.427578,
          0.867506,
          1.810513
        ],
        [
          -0.001205,
          -0.896826,
          -0.442382,
          1.322906
        ],
        [
          0.0,
          0.0,
          0.0,
          1.0
        ]
      ]
    },
    {
      "file_path": "/media/NFS/ttao/scannet/posed_images/scene0206_01/00013.jpg",
      "transform_matrix": [
        [
          0.967256,
          -0.106079,
          0.230573,
          3.558308
        ],
        [
          -0.253699,
          -0.430237,
          0.866333,
          1.803391
        ],
        [
          0.007301,
          -0.896462,
          -0.443061,
          1.320161
        ],
        [
          0.0,
          0.0,
          0.0,
          1.0
        ]
      ]
    },
    {
      "file_path": "/media/NFS/ttao/scannet/posed_images/scene0206_01/00026.jpg",
      "transform_matrix": [
        [
          0.96163,
          -0.178643,
          0.208216,
          3.552137
        ],
        [
          -0.27067,
          -0.493895,
          0.826321,
          1.761208
        ],
        [
          -0.04478,
          -0.850972,
          -0.523298,
          1.253736
        ],
        [
          0.0,
          0.0,
          0.0,
          1.0
        ]
      ]
    },
    {
      "file_path": "/media/NFS/ttao/scannet/posed_images/scene0206_01/00028.jpg",
      "transform_matrix": [
        [
          0.959901,
          -0.178487,
          0.216175,
          3.547564
        ],
        [
          -0.277697,
          -0.499789,
          0.820424,
          1.754828
        ],
        [
          -0.038393,
          -0.847557,
          -0.529313,
          1.24541
        ],
        [
          0.0,
          0.0,
          0.0,
          1.0
        ]
      ]
    },
    {
      "file_path": "/media/NFS/ttao/scannet/posed_images/scene0206_01/00039.jpg",
      "transform_matrix": [
        [
          0.952077,
          -0.19912,
          0.232166,
          3.522299
        ],
        [
          -0.305145,
          -0.566508,
          0.765478,
          1.750766
        ],
        [
          -0.020899,
          -0.799637,
          -0.600119,
          1.230472
        ],
        [
          0.0,
          0.0,
          0.0,
          1.0
        ]
      ]
    },
    {
      "file_path": "/media/NFS/ttao/scannet/posed_images/scene0206_01/00048.jpg",
      "transform_matrix": [
        [
          0.958656,
          -0.203962,
          0.198442,
          3.545374
        ],
        [
          -0.28011,
          -0.553368,
          0.784425,
          1.735312
        ],
        [
          -0.050182,
          -0.807579,
          -0.587621,
          1.240697
        ],
        [
          0.0,
          0.0,
          0.0,
          1.0
        ]
      ]
    },
    {
      "file_path": "/media/NFS/ttao/scannet/posed_images/scene0206_01/00053.jpg",
      "transform_matrix": [
        [
          0.940401,
          -0.25166,
          0.228723,
          3.575291
        ],
        [
          -0.332381,
          -0.537992,
          0.774653,
          1.743786
        ],
        [
          -0.071898,
          -0.804507,
          -0.589575,
          1.24058
        ],
        [
          0.0,
          0.0,
          0.0,
          1.0
        ]
      ]
    },
    {
      "file_path": "/media/NFS/ttao/scannet/posed_images/scene0206_01/00061.jpg",
      "transform_matrix": [
        [
          0.943098,
          -0.250181,
          0.219033,
          3.647332
        ],
        [
          -0.318256,
          -0.488317,
          0.812564,
          1.773013
        ],
        [
          -0.096331,
          -0.836036,
          -0.540152,
          1.268756
        ],
        [
          0.0,
          0.0,
          0.0,
          1.0
        ]
      ]
    },
    {
      "file_path": "/media/NFS/ttao/scannet/posed_images/scene0206_01/00070.jpg",
      "transform_matrix": [
        [
          0.975413,
          -0.129356,
          0.17843,
          3.767844
        ],
        [
          -0.218919,
          -0.475426,
          0.852083,
          1.789874
        ],
        [
          -0.025392,
          -0.870194,
          -0.492055,
          1.298046
        ],
        [
          0.0,
          0.0,
          0.0,
          1.0
        ]
      ]
    },
    {
      "file_path": "/media/NFS/ttao/scannet/posed_images/scene0206_01/00077.jpg",
      "transform_matrix": [
        [
          0.982495,
          -0.088475,
          0.163939,
          3.852214
        ],
        [
          -0.186176,
          -0.435498,
          0.880727,
          1.800751
        ],
        [
          -0.006528,
          -0.895831,
          -0.444346,
          1.320004
        ],
        [
          0.0,
          0.0,
          0.0,
          1.0
        ]
      ]
    },
    {
      "file_path": "/media/NFS/ttao/scannet/posed_images/scene0206_01/00083.jpg",
      "transform_matrix": [
        [
          0.983388,
          -0.090299,
          0.157458,
          3.930048
        ],
        [
          -0.180441,
          -0.392162,
          0.902026,
          1.812275
        ],
        [
          -0.019703,
          -0.915454,
          -0.401941,
          1.326692
        ],
        [
          0.0,
          0.0,
          0.0,
          1.0
        ]
      ]
    },
    {
      "file_path": "/media/NFS/ttao/scannet/posed_images/scene0206_01/00092.jpg",
      "transform_matrix": [
        [
          0.986205,
          -0.074732,
          0.147699,
          4.044921
        ],
        [
          -0.165529,
          -0.443584,
          0.880814,
          1.87004
        ],
        [
          -0.000308,
          -0.893112,
          -0.449835,
          1.299006
        ],
        [
          0.0,
          0.0,
          0.0,
          1.0
        ]
      ]
    },
    {
      "file_path": "/media/NFS/ttao/scannet/posed_images/scene0206_01/00094.jpg",
      "transform_matrix": [
        [
          0.988448,
          -0.072549,
          0.133069,
          4.06932
        ],
        [
          -0.151507,
          -0.449396,
          0.880392,
          1.883572
        ],
        [
          -0.004071,
          -0.890382,
          -0.455196,
          1.300654
        ],
        [
          0.0,
          0.0,
          0.0,
          1.0
        ]
      ]
    },
    {
      "file_path": "/media/NFS/ttao/scannet/posed_images/scene0206_01/00101.jpg",
      "transform_matrix": [
        [
          0.997908,
          -0.038256,
          0.052127,
          4.133351
        ],
        [
          -0.063952,
          -0.465181,
          0.882903,
          1.903325
        ],
        [
          -0.009528,
          -0.884389,
          -0.466654,
          1.302139
        ],
        [
          0.0,
          0.0,
          0.0,
          1.0
        ]
      ]
    },
    {
      "file_path": "/media/NFS/ttao/scannet/posed_images/scene0206_01/00112.jpg",
      "transform_matrix": [
        [
          0.982101,
          0.083701,
          -0.168734,
          4.244779
        ],
        [
          0.188159,
          -0.476656,
          0.858717,
          1.925914
        ],
        [
          -0.008552,
          -0.875096,
          -0.483874,
          1.273456
        ],
        [
          0.0,
          0.0,
          0.0,
          1.0
        ]
      ]
    },
    {
      "file_path": "/media/NFS/ttao/scannet/posed_images/scene0206_01/00120.jpg",
      "transform_matrix": [
        [
          0.924035,
          0.178426,
          -0.338116,
          4.440428
        ],
        [
          0.382287,
          -0.440228,
          0.812439,
          1.936931
        ],
        [
          -0.003888,
          -0.879979,
          -0.474996,
          1.240805
        ],
        [
          0.0,
          0.0,
          0.0,
          1.0
        ]
      ]
    },
    {
      "file_path": "/media/NFS/ttao/scannet/posed_images/scene0206_01/00125.jpg",
      "transform_matrix": [
        [
          0.881743,
          0.268543,
          -0.387832,
          4.579659
        ],
        [
          0.467386,
          -0.386006,
          0.79533,
          1.927453
        ],
        [
          0.063874,
          -0.882544,
          -0.465871,
          1.218868
        ],
        [
          0.0,
          0.0,
          0.0,
          1.0
        ]
      ]
    },
    {
      "file_path": "/media/NFS/ttao/scannet/posed_images/scene0206_01/00129.jpg",
      "transform_matrix": [
        [
          0.857691,
          0.311416,
          -0.409129,
          4.647283
        ],
        [
          0.507998,
          -0.390374,
          0.767819,
          1.918839
        ],
        [
          0.079397,
          -0.866388,
          -0.493019,
          1.219427
        ],
        [
          0.0,
          0.0,
          0.0,
          1.0
        ]
      ]
    },
    {
      "file_path": "/media/NFS/ttao/scannet/posed_images/scene0206_01/00142.jpg",
      "transform_matrix": [
        [
          0.782207,
          0.33226,
          -0.527025,
          4.754153
        ],
        [
          0.62288,
          -0.434888,
          0.650302,
          1.892835
        ],
        [
          -0.013127,
          -0.836945,
          -0.54713,
          1.177433
        ],
        [
          0.0,
          0.0,
          0.0,
          1.0
        ]
      ]
    },
    {
      "file_path": "/media/NFS/ttao/scannet/posed_images/scene0206_01/00145.jpg",
      "transform_matrix": [
        [
          0.789596,
          0.340952,
          -0.510185,
          4.754362
        ],
        [
          0.61359,
          -0.44775,
          0.650405,
          1.900552
        ],
        [
          -0.006678,
          -0.826602,
          -0.562747,
          1.186878
        ],
        [
          0.0,
          0.0,
          0.0,
          1.0
        ]
      ]
    },
    {
      "file_path": "/media/NFS/ttao/scannet/posed_images/scene0206_01/00158.jpg",
      "transform_matrix": [
        [
          0.861512,
          0.252108,
          -0.440724,
          4.747806
        ],
        [
          0.506607,
          -0.368961,
          0.779241,
          1.920928
        ],
        [
          0.033842,
          -0.8946,
          -0.445584,
          1.302034
        ],
        [
          0.0,
          0.0,
          0.0,
          1.0
        ]
      ]
    },
    {
      "file_path": "/media/NFS/ttao/scannet/posed_images/scene0206_01/00160.jpg",
      "transform_matrix": [
        [
          0.866518,
          0.233965,
          -0.440915,
          4.746101
        ],
        [
          0.497815,
          -0.340641,
          0.797587,
          1.911458
        ],
        [
          0.036413,
          -0.910617,
          -0.411643,
          1.308643
        ],
        [
          0.0,
          0.0,
          0.0,
          1.0
        ]
      ]
    },
    {
      "file_path": "/media/NFS/ttao/scannet/posed_images/scene0206_01/00166.jpg",
      "transform_matrix": [
        [
          0.880296,
          0.208295,
          -0.426253,
          4.743889
        ],
        [
          0.470359,
          -0.265801,
          0.841494,
          1.905558
        ],
        [
          0.06198,
          -0.941256,
          -0.331957,
          1.347762
        ],
        [
          0.0,
          0.0,
          0.0,
          1.0
        ]
      ]
    },
    {
      "file_path": "/media/NFS/ttao/scannet/posed_images/scene0206_01/00180.jpg",
      "transform_matrix": [
        [
          0.933808,
          0.141156,
          -0.328752,
          4.730549
        ],
        [
          0.345467,
          -0.116799,
          0.931134,
          1.901837
        ],
        [
          0.093037,
          -0.983073,
          -0.157833,
          1.464147
        ],
        [
          0.0,
          0.0,
          0.0,
          1.0
        ]
      ]
    },
    {
      "file_path": "/media/NFS/ttao/scannet/posed_images/scene0206_01/00186.jpg",
      "transform_matrix": [
        [
          0.946227,
          0.105496,
          -0.305817,
          4.735295
        ],
        [
          0.310177,
          -0.027342,
          0.950286,
          1.89293
        ],
        [
          0.09189,
          -0.994044,
          -0.058594,
          1.510386
        ],
        [
          0.0,
          0.0,
          0.0,
          1.0
        ]
      ]
    },
    {
      "file_path": "/media/NFS/ttao/scannet/posed_images/scene0206_01/00188.jpg",
      "transform_matrix": [
        [
          0.948417,
          0.088805,
          -0.304334,
          4.73726
        ],
        [
          0.306489,
          -0.011397,
          0.951806,
          1.890108
        ],
        [
          0.081056,
          -0.995984,
          -0.038027,
          1.526942
        ],
        [
          0.0,
          0.0,
          0.0,
          1.0
        ]
      ]
    },
    {
      "file_path": "/media/NFS/ttao/scannet/posed_images/scene0206_01/00201.jpg",
      "transform_matrix": [
        [
          0.943407,
          0.015736,
          -0.331264,
          4.742536
        ],
        [
          0.325626,
          0.145376,
          0.934256,
          1.850112
        ],
        [
          0.062859,
          -0.989251,
          0.132025,
          1.564379
        ],
        [
          0.0,
          0.0,
          0.0,
          1.0
        ]
      ]
    },
    {
      "file_path": "/media/NFS/ttao/scannet/posed_images/scene0206_01/00204.jpg",
      "transform_matrix": [
        [
          0.94515,
          0.016447,
          -0.326223,
          4.7397
        ],
        [
          0.319026,
          0.167863,
          0.932762,
          1.843318
        ],
        [
          0.070102,
          -0.985673,
          0.153409,
          1.566318
        ],
        [
          0.0,
          0.0,
          0.0,
          1.0
        ]
      ]
    },
    {
      "file_path": "/media/NFS/ttao/scannet/posed_images/scene0206_01/00215.jpg",
      "transform_matrix": [
        [
          0.963204,
          0.009411,
          -0.268606,
          4.742099
        ],
        [
          0.258317,
          0.243591,
          0.934845,
          1.828675
        ],
        [
          0.074228,
          -0.969832,
          0.232197,
          1.587325
        ],
        [
          0.0,
          0.0,
          0.0,
          1.0
        ]
      ]
    },
    {
      "file_path": "/media/NFS/ttao/scannet/posed_images/scene0206_01/00217.jpg",
      "transform_matrix": [
        [
          0.966313,
          0.003595,
          -0.257345,
          4.745857
        ],
        [
          0.249135,
          0.237861,
          0.938805,
          1.827726
        ],
        [
          0.064587,
          -0.971293,
          0.228952,
          1.590025
        ],
        [
          0.0,
          0.0,
          0.0,
          1.0
        ]
      ]
    },
    {
      "file_path": "/media/NFS/ttao/scannet/posed_images/scene0206_01/00226.jpg",
      "transform_matrix": [
        [
          0.987425,
          -0.013755,
          -0.157489,
          4.757215
        ],
        [
          0.156157,
          0.240133,
          0.958098,
          1.828336
        ],
        [
          0.02464,
          -0.970642,
          0.239262,
          1.589084
        ],
        [
          0.0,
          0.0,
          0.0,
          1.0
        ]
      ]
    },
    {
      "file_path": "/media/NFS/ttao/scannet/posed_images/scene0206_01/00232.jpg",
      "transform_matrix": [
        [
          0.993156,
          -0.020266,
          -0.115024,
          4.771545
        ],
        [
          0.116374,
          0.255212,
          0.959856,
          1.822123
        ],
        [
          0.009903,
          -0.966672,
          0.255824,
          1.585515
        ],
        [
          0.0,
          0.0,
          0.0,
          1.0
        ]
      ]
    },
    {
      "file_path": "/media/NFS/ttao/scannet/posed_images/scene0206_01/00245.jpg",
      "transform_matrix": [
        [
          0.999641,
          -0.026261,
          -0.005348,
          4.79842
        ],
        [
          0.009888,
          0.17595,
          0.98435,
          1.839002
        ],
        [
          -0.024909,
          -0.984049,
          0.176146,
          1.549543
        ],
        [
          0.0,
          0.0,
          0.0,
          1.0
        ]
      ]
    },
    {
      "file_path": "/media/NFS/ttao/scannet/posed_images/scene0206_01/00247.jpg",
      "transform_matrix": [
        [
          0.999629,
          -0.026696,
          -0.005377,
          4.800428
        ],
        [
          0.009273,
          0.148042,
          0.988937,
          1.843283
        ],
        [
          -0.025605,
          -0.98862,
          0.148235,
          1.532537
        ],
        [
          0.0,
          0.0,
          0.0,
          1.0
        ]
      ]
    },
    {
      "file_path": "/media/NFS/ttao/scannet/posed_images/scene0206_01/00258.jpg",
      "transform_matrix": [
        [
          0.998903,
          -0.038602,
          -0.026498,
          4.782034
        ],
        [
          0.022916,
          -0.090457,
          0.995637,
          1.866149
        ],
        [
          -0.04083,
          -0.995152,
          -0.089473,
          1.434916
        ],
        [
          0.0,
          0.0,
          0.0,
          1.0
        ]
      ]
    },
    {
      "file_path": "/media/NFS/ttao/scannet/posed_images/scene0206_01/00267.jpg",
      "transform_matrix": [
        [
          0.999786,
          -0.001657,
          -0.020643,
          4.768189
        ],
        [
          0.019735,
          -0.225996,
          0.973928,
          1.883091
        ],
        [
          -0.006279,
          -0.974127,
          -0.225915,
          1.35837
        ],
        [
          0.0,
          0.0,
          0.0,
          1.0
        ]
      ]
    },
    {
      "file_path": "/media/NFS/ttao/scannet/posed_images/scene0206_01/00274.jpg",
      "transform_matrix": [
        [
          0.999704,
          -0.001351,
          -0.024291,
          4.766185
        ],
        [
          0.022774,
          -0.299206,
          0.953917,
          1.894132
        ],
        [
          -0.008557,
          -0.954188,
          -0.299087,
          1.319159
        ],
        [
          0.0,
          0.0,
          0.0,
          1.0
        ]
      ]
    },
    {
      "file_path": "/media/NFS/ttao/scannet/posed_images/scene0206_01/00280.jpg",
      "transform_matrix": [
        [
          0.999206,
          -0.009999,
          -0.038555,
          4.767371
        ],
        [
          0.031552,
          -0.392055,
          0.9194,
          1.910362
        ],
        [
          -0.024309,
          -0.919887,
          -0.391429,
          1.293423
        ],
        [
          0.0,
          0.0,
          0.0,
          1.0
        ]
      ]
    },
    {
      "file_path": "/media/NFS/ttao/scannet/posed_images/scene0206_01/00287.jpg",
      "transform_matrix": [
        [
          0.998791,
          -0.003363,
          -0.049037,
          4.771683
        ],
        [
          0.041388,
          -0.480617,
          0.875953,
          1.914657
        ],
        [
          -0.026514,
          -0.876924,
          -0.479897,
          1.250948
        ],
        [
          0.0,
          0.0,
          0.0,
          1.0
        ]
      ]
    },
    {
      "file_path": "/media/NFS/ttao/scannet/posed_images/scene0206_01/00296.jpg",
      "transform_matrix": [
        [
          0.99539,
          0.01245,
          -0.095096,
          4.780814
        ],
        [
          0.086482,
          -0.545174,
          0.833851,
          1.905161
        ],
        [
          -0.041462,
          -0.838231,
          -0.543737,
          1.206954
        ],
        [
          0.0,
          0.0,
          0.0,
          1.0
        ]
      ]
    },
    {
      "file_path": "/media/NFS/ttao/scannet/posed_images/scene0206_01/00300.jpg",
      "transform_matrix": [
        [
          0.994151,
          0.038961,
          -0.10073,
          4.786851
        ],
        [
          0.105077,
          -0.564495,
          0.818722,
          1.901517
        ],
        [
          -0.024964,
          -0.824517,
          -0.565286,
          1.19496
        ],
        [
          0.0,
          0.0,
          0.0,
          1.0
        ]
      ]
    },
    {
      "file_path": "/media/NFS/ttao/scannet/posed_images/scene0206_01/00309.jpg",
      "transform_matrix": [
        [
          0.994471,
          0.06637,
          -0.081374,
          4.796963
        ],
        [
          0.104966,
          -0.606248,
          0.788318,
          1.895313
        ],
        [
          0.002988,
          -0.792502,
          -0.609863,
          1.179479
        ],
        [
          0.0,
          0.0,
          0.0,
          1.0
        ]
      ]
    },
    {
      "file_path": "/media/NFS/ttao/scannet/posed_images/scene0206_01/00315.jpg",
      "transform_matrix": [
        [
          0.996813,
          0.052434,
          -0.06012,
          4.808389
        ],
        [
          0.079736,
          -0.631949,
          0.770897,
          1.893015
        ],
        [
          0.002428,
          -0.773234,
          -0.634116,
          1.168505
        ],
        [
          0.0,
          0.0,
          0.0,
          1.0
        ]
      ]
    },
    {
      "file_path": "/media/NFS/ttao/scannet/posed_images/scene0206_01/00322.jpg",
      "transform_matrix": [
        [
          0.99853,
          0.045438,
          -0.029562,
          4.813827
        ],
        [
          0.052175,
          -0.657615,
          0.751545,
          1.896879
        ],
        [
          0.014708,
          -0.751982,
          -0.659019,
          1.16233
        ],
        [
          0.0,
          0.0,
          0.0,
          1.0
        ]
      ]
    },
    {
      "file_path": "/media/NFS/ttao/scannet/posed_images/scene0206_01/00333.jpg",
      "transform_matrix": [
        [
          0.9913,
          0.090599,
          -0.095476,
          4.799464
        ],
        [
          0.131343,
          -0.633934,
          0.762152,
          1.900825
        ],
        [
          0.008525,
          -0.768062,
          -0.640319,
          1.181003
        ],
        [
          0.0,
          0.0,
          0.0,
          1.0
        ]
      ]
    },
    {
      "file_path": "/media/NFS/ttao/scannet/posed_images/scene0206_01/00335.jpg",
      "transform_matrix": [
        [
          0.988539,
          0.103662,
          -0.109744,
          4.793089
        ],
        [
          0.150625,
          -0.628747,
          0.762882,
          1.901655
        ],
        [
          0.010081,
          -0.770669,
          -0.637155,
          1.184555
        ],
        [
          0.0,
          0.0,
          0.0,
          1.0
        ]
      ]
    },
    {
      "file_path": "/media/NFS/ttao/scannet/posed_images/scene0206_01/00344.jpg",
      "transform_matrix": [
        [
          0.995308,
          0.067687,
          -0.069148,
          4.796747
        ],
        [
          0.095927,
          -0.596528,
          0.796839,
          1.91965
        ],
        [
          0.012687,
          -0.799733,
          -0.600222,
          1.209026
        ],
        [
          0.0,
          0.0,
          0.0,
          1.0
        ]
      ]
    },
    {
      "file_path": "/media/NFS/ttao/scannet/posed_images/scene0206_01/00355.jpg",
      "transform_matrix": [
        [
          0.993206,
          -0.046951,
          0.10648,
          4.831468
        ],
        [
          -0.113859,
          -0.581181,
          0.80577,
          1.936412
        ],
        [
          0.024053,
          -0.812419,
          -0.582578,
          1.223021
        ],
        [
          0.0,
          0.0,
          0.0,
          1.0
        ]
      ]
    },
    {
      "file_path": "/media/NFS/ttao/scannet/posed_images/scene0206_01/00359.jpg",
      "transform_matrix": [
        [
          0.989646,
          -0.073732,
          0.12314,
          4.84193
        ],
        [
          -0.143,
          -0.579972,
          0.801987,
          1.936833
        ],
        [
          0.012286,
          -0.811293,
          -0.584511,
          1.22472
        ],
        [
          0.0,
          0.0,
          0.0,
          1.0
        ]
      ]
    },
    {
      "file_path": "/media/NFS/ttao/scannet/posed_images/scene0206_01/00366.jpg",
      "transform_matrix": [
        [
          0.99387,
          -0.06224,
          0.091369,
          4.836519
        ],
        [
          -0.110494,
          -0.586403,
          0.802448,
          1.935608
        ],
        [
          0.003635,
          -0.807625,
          -0.589686,
          1.218407
        ],
        [
          0.0,
          0.0,
          0.0,
          1.0
        ]
      ]
    },
    {
      "file_path": "/media/NFS/ttao/scannet/posed_images/scene0206_01/00370.jpg",
      "transform_matrix": [
        [
          0.999971,
          -0.007445,
          0.001355,
          4.815278
        ],
        [
          -0.00548,
          -0.588933,
          0.808163,
          1.940587
        ],
        [
          -0.005219,
          -0.808147,
          -0.588957,
          1.230188
        ],
        [
          0.0,
          0.0,
          0.0,
          1.0
        ]
      ]
    },
    {
      "file_path": "/media/NFS/ttao/scannet/posed_images/scene0206_01/00379.jpg",
      "transform_matrix": [
        [
          0.960594,
          0.145001,
          -0.237137,
          4.764117
        ],
        [
          0.277583,
          -0.544604,
          0.791426,
          1.917753
        ],
        [
          -0.014388,
          -0.826064,
          -0.563393,
          1.232125
        ],
        [
          0.0,
          0.0,
          0.0,
          1.0
        ]
      ]
    },
    {
      "file_path": "/media/NFS/ttao/scannet/posed_images/scene0206_01/00390.jpg",
      "transform_matrix": [
        [
          0.870827,
          0.268436,
          -0.411828,
          4.707004
        ],
        [
          0.491388,
          -0.499292,
          0.713614,
          1.880536
        ],
        [
          -0.014063,
          -0.823802,
          -0.566703,
          1.204271
        ],
        [
          0.0,
          0.0,
          0.0,
          1.0
        ]
      ]
    },
    {
      "file_path": "/media/NFS/ttao/scannet/posed_images/scene0206_01/00399.jpg",
      "transform_matrix": [
        [
          0.821099,
          0.321655,
          -0.471523,
          4.645016
        ],
        [
          0.57032,
          -0.42897,
          0.700514,
          1.874589
        ],
        [
          0.023055,
          -0.844111,
          -0.535673,
          1.21231
        ],
        [
          0.0,
          0.0,
          0.0,
          1.0
        ]
      ]
    },
    {
      "file_path": "/media/NFS/ttao/scannet/posed_images/scene0206_01/00401.jpg",
      "transform_matrix": [
        [
          0.808912,
          0.337313,
          -0.481542,
          4.639928
        ],
        [
          0.586908,
          -0.414997,
          0.69521,
          1.878838
        ],
        [
          0.034665,
          -0.844984,
          -0.533668,
          1.217106
        ],
        [
          0.0,
          0.0,
          0.0,
          1.0
        ]
      ]
    },
    {
      "file_path": "/media/NFS/ttao/scannet/posed_images/scene0206_01/00410.jpg",
      "transform_matrix": [
        [
          0.769262,
          0.357555,
          -0.52952,
          4.588471
        ],
        [
          0.634279,
          -0.32749,
          0.700315,
          1.895929
        ],
        [
          0.076989,
          -0.874588,
          -0.478715,
          1.241167
        ],
        [
          0.0,
          0.0,
          0.0,
          1.0
        ]
      ]
    },
    {
      "file_path": "/media/NFS/ttao/scannet/posed_images/scene0206_01/00414.jpg",
      "transform_matrix": [
        [
          0.745932,
          0.351205,
          -0.565898,
          4.552049
        ],
        [
          0.66122,
          -0.288648,
          0.692438,
          1.908551
        ],
        [
          0.079842,
          -0.890695,
          -0.447536,
          1.269808
        ],
        [
          0.0,
          0.0,
          0.0,
          1.0
        ]
      ]
    },
    {
      "file_path": "/media/NFS/ttao/scannet/posed_images/scene0206_01/00427.jpg",
      "transform_matrix": [
        [
          0.69525,
          0.208755,
          -0.687785,
          4.441522
        ],
        [
          0.716207,
          -0.120493,
          0.687408,
          1.963239
        ],
        [
          0.060627,
          -0.970517,
          -0.233284,
          1.391968
        ],
        [
          0.0,
          0.0,
          0.0,
          1.0
        ]
      ]
    },
    {
      "file_path": "/media/NFS/ttao/scannet/posed_images/scene0206_01/00434.jpg",
      "transform_matrix": [
        [
          0.675023,
          0.088408,
          -0.732481,
          4.412501
        ],
        [
          0.734701,
          0.010307,
          0.678313,
          1.992691
        ],
        [
          0.067518,
          -0.996031,
          -0.057997,
          1.451829
        ],
        [
          0.0,
          0.0,
          0.0,
          1.0
        ]
      ]
    },
    {
      "file_path": "/media/NFS/ttao/scannet/posed_images/scene0206_01/00436.jpg",
      "transform_matrix": [
        [
          0.670643,
          0.077393,
          -0.737732,
          4.407064
        ],
        [
          0.738759,
          0.01999,
          0.673674,
          2.000951
        ],
        [
          0.066885,
          -0.9968,
          -0.043768,
          1.467266
        ],
        [
          0.0,
          0.0,
          0.0,
          1.0
        ]
      ]
    },
    {
      "file_path": "/media/NFS/ttao/scannet/posed_images/scene0206_01/00449.jpg",
      "transform_matrix": [
        [
          0.56715,
          -0.023411,
          -0.823282,
          4.41798
        ],
        [
          0.821507,
          0.087544,
          0.563438,
          2.080484
        ],
        [
          0.058883,
          -0.995885,
          0.068883,
          1.515261
        ],
        [
          0.0,
          0.0,
          0.0,
          1.0
        ]
      ]
    },
    {
      "file_path": "/media/NFS/ttao/scannet/posed_images/scene0206_01/00453.jpg",
      "transform_matrix": [
        [
          0.544774,
          -0.040394,
          -0.83761,
          4.417966
        ],
        [
          0.836545,
          0.095773,
          0.539463,
          2.099643
        ],
        [
          0.058429,
          -0.994583,
          0.085966,
          1.522819
        ],
        [
          0.0,
          0.0,
          0.0,
          1.0
        ]
      ]
    },
    {
      "file_path": "/media/NFS/ttao/scannet/posed_images/scene0206_01/00460.jpg",
      "transform_matrix": [
        [
          0.510447,
          -0.068428,
          -0.857182,
          4.418034
        ],
        [
          0.857977,
          0.107321,
          0.502353,
          2.118264
        ],
        [
          0.057618,
          -0.991867,
          0.113491,
          1.532451
        ],
        [
          0.0,
          0.0,
          0.0,
          1.0
        ]
      ]
    },
    {
      "file_path": "/media/NFS/ttao/scannet/posed_images/scene0206_01/00471.jpg",
      "transform_matrix": [
        [
          0.394572,
          -0.021201,
          -0.91862,
          4.400627
        ],
        [
          0.917797,
          0.057286,
          0.392896,
          2.144066
        ],
        [
          0.044295,
          -0.998133,
          0.042061,
          1.491904
        ],
        [
          0.0,
          0.0,
          0.0,
          1.0
        ]
      ]
    },
    {
      "file_path": "/media/NFS/ttao/scannet/posed_images/scene0206_01/00473.jpg",
      "transform_matrix": [
        [
          0.362419,
          -0.005246,
          -0.932,
          4.400015
        ],
        [
          0.93114,
          0.045352,
          0.36183,
          2.149436
        ],
        [
          0.04037,
          -0.998957,
          0.021321,
          1.478852
        ],
        [
          0.0,
          0.0,
          0.0,
          1.0
        ]
      ]
    },
    {
      "file_path": "/media/NFS/ttao/scannet/posed_images/scene0206_01/00486.jpg",
      "transform_matrix": [
        [
          0.324376,
          0.166952,
          -0.931078,
          4.345378
        ],
        [
          0.945859,
          -0.045301,
          0.321402,
          2.15922
        ],
        [
          0.01148,
          -0.984924,
          -0.172607,
          1.39301
        ],
        [
          0.0,
          0.0,
          0.0,
          1.0
        ]
      ]
    },
    {
      "file_path": "/media/NFS/ttao/scannet/posed_images/scene0206_01/00488.jpg",
      "transform_matrix": [
        [
          0.319632,
          0.181861,
          -0.929926,
          4.342652
        ],
        [
          0.94748,
          -0.050151,
          0.315858,
          2.160536
        ],
        [
          0.010806,
          -0.982045,
          -0.18834,
          1.383326
        ],
        [
          0.0,
          0.0,
          0.0,
          1.0
        ]
      ]
    },
    {
      "file_path": "/media/NFS/ttao/scannet/posed_images/scene0206_01/00499.jpg",
      "transform_matrix": [
        [
          0.297478,
          0.262857,
          -0.91783,
          4.324908
        ],
        [
          0.954567,
          -0.064207,
          0.290997,
          2.146003
        ],
        [
          0.017559,
          -0.962696,
          -0.270015,
          1.347742
        ],
        [
          0.0,
          0.0,
          0.0,
          1.0
        ]
      ]
    },
    {
      "file_path": "/media/NFS/ttao/scannet/posed_images/scene0206_01/00502.jpg",
      "transform_matrix": [
        [
          0.30227,
          0.277894,
          -0.911816,
          4.321933
        ],
        [
          0.952948,
          -0.065153,
          0.296049,
          2.128662
        ],
        [
          0.022863,
          -0.9584,
          -0.284513,
          1.33197
        ],
        [
          0.0,
          0.0,
          0.0,
          1.0
        ]
      ]
    },
    {
      "file_path": "/media/NFS/ttao/scannet/posed_images/scene0206_01/00510.jpg",
      "transform_matrix": [
        [
          0.313445,
          0.341243,
          -0.886174,
          4.308937
        ],
        [
          0.948919,
          -0.077049,
          0.305969,
          2.08981
        ],
        [
          0.036131,
          -0.936812,
          -0.347963,
          1.296114
        ],
        [
          0.0,
          0.0,
          0.0,
          1.0
        ]
      ]
    },
    {
      "file_path": "/media/NFS/ttao/scannet/posed_images/scene0206_01/00521.jpg",
      "transform_matrix": [
        [
          0.294691,
          0.459296,
          -0.837976,
          4.294627
        ],
        [
          0.951848,
          -0.063524,
          0.299919,
          2.065976
        ],
        [
          0.08452,
          -0.886009,
          -0.4559,
          1.253974
        ],
        [
          0.0,
          0.0,
          0.0,
          1.0
        ]
      ]
    },
    {
      "file_path": "/media/NFS/ttao/scannet/posed_images/scene0206_01/00523.jpg",
      "transform_matrix": [
        [
          0.286568,
          0.47449,
          -0.832309,
          4.292763
        ],
        [
          0.953716,
          -0.058644,
          0.294936,
          2.064184
        ],
        [
          0.091134,
          -0.878305,
          -0.469334,
          1.252822
        ],
        [
          0.0,
          0.0,
          0.0,
          1.0
        ]
      ]
    },
    {
      "file_path": "/media/NFS/ttao/scannet/posed_images/scene0206_01/00534.jpg",
      "transform_matrix": [
        [
          0.183726,
          0.461544,
          -0.867884,
          4.327187
        ],
        [
          0.981871,
          -0.044291,
          0.184302,
          2.118657
        ],
        [
          0.046624,
          -0.886011,
          -0.461314,
          1.257581
        ],
        [
          0.0,
          0.0,
          0.0,
          1.0
        ]
      ]
    },
    {
      "file_path": "/media/NFS/ttao/scannet/posed_images/scene0206_01/00541.jpg",
      "transform_matrix": [
        [
          0.101311,
          0.489858,
          -0.865895,
          4.367256
        ],
        [
          0.994647,
          -0.032075,
          0.09823,
          2.174078
        ],
        [
          0.020345,
          -0.871212,
          -0.490486,
          1.239652
        ],
        [
          0.0,
          0.0,
          0.0,
          1.0
        ]
      ]
    },
    {
      "file_path": "/media/NFS/ttao/scannet/posed_images/scene0206_01/00545.jpg",
      "transform_matrix": [
        [
          0.059917,
          0.510422,
          -0.857834,
          4.379005
        ],
        [
          0.99804,
          -0.015068,
          0.060745,
          2.19667
        ],
        [
          0.01808,
          -0.859792,
          -0.510325,
          1.233813
        ],
        [
          0.0,
          0.0,
          0.0,
          1.0
        ]
      ]
    },
    {
      "file_path": "/media/NFS/ttao/scannet/posed_images/scene0206_01/00558.jpg",
      "transform_matrix": [
        [
          -0.077985,
          0.483013,
          -0.872134,
          4.387607
        ],
        [
          0.996889,
          0.027753,
          -0.07377,
          2.20993
        ],
        [
          -0.011428,
          -0.875174,
          -0.483674,
          1.260784
        ],
        [
          0.0,
          0.0,
          0.0,
          1.0
        ]
      ]
    },
    {
      "file_path": "/media/NFS/ttao/scannet/posed_images/scene0206_01/00563.jpg",
      "transform_matrix": [
        [
          -0.080692,
          0.450747,
          -0.888997,
          4.371997
        ],
        [
          0.996488,
          0.056516,
          -0.061793,
          2.185482
        ],
        [
          0.022389,
          -0.890861,
          -0.453724,
          1.271495
        ],
        [
          0.0,
          0.0,
