{
  "frames": [
    {
      "file_path": "/media/NFS/ttao/scannet/posed_images/scene0411_02/00001.jpg",
      "transform_matrix": [
        [
          0.992181,
          -0.015741,
          0.12381,
          0.89453
        ],
        [
          -0.122512,
          -0.312168,
          0.942094,
          5.787343
        ],
        [
          0.02382,
          -0.949897,
          -0.311656,
          1.470458
        ],
        [
          0.0,
          0.0,
          0.0,
          1.0
        ]
      ]
    },
    {
      "file_path": "/media/NFS/ttao/scannet/posed_images/scene0411_02/00004.jpg",
      "transform_matrix": [
        [
          0.993074,
          -0.01496,
          0.116538,
          0.898665
        ],
        [
          -0.115219,
          -0.318239,
          0.940983,
          5.774495
        ],
        [
          0.02301,
          -0.947893,
          -0.317759,
          1.472236
        ],
        [
          0.0,
          0.0,
          0.0,
          1.0
        ]
      ]
    },
    {
      "file_path": "/media/NFS/ttao/scannet/posed_images/scene0411_02/00010.jpg",
      "transform_matrix": [
        [
          0.993779,
          -0.012931,
          0.110619,
          0.903348
        ],
        [
          -0.108367,
          -0.341437,
          0.933637,
          5.753344
        ],
        [
          0.025697,
          -0.939816,
          -0.340714,
          1.468652
        ],
        [
          0.0,
          0.0,
          0.0,
          1.0
        ]
      ]
    },
    {
      "file_path": "/media/NFS/ttao/scannet/posed_images/scene0411_02/00012.jpg",
      "transform_matrix": [
        [
          0.994513,
          -0.012798,
          0.103827,
          0.900676
        ],
        [
          -0.102036,
          -0.337614,
          0.935738,
          5.742361
        ],
        [
          0.023078,
          -0.941198,
          -0.337068,
          1.452636
        ],
        [
          0.0,
          0.0,
          0.0,
          1.0
        ]
      ]
    },
    {
      "file_path": "/media/NFS/ttao/scannet/posed_images/scene0411_02/00016.jpg",
      "transform_matrix": [
        [
          0.994359,
          -0.013886,
          0.105154,
          0.900324
        ],
        [
          -0.10315,
          -0.357482,
          0.928206,
          5.730281
        ],
        [
          0.024702,
          -0.933817,
          -0.356898,
          1.429188
        ],
        [
          0.0,
          0.0,
          0.0,
          1.0
        ]
      ]
    },
    {
      "file_path": "/media/NFS/ttao/scannet/posed_images/scene0411_02/00022.jpg",
      "transform_matrix": [
        [
          0.991022,
          -0.029986,
          0.130292,
          0.875822
        ],
        [
          -0.1315,
          -0.394597,
          0.909396,
          5.748681
        ],
        [
          0.024143,
          -0.918365,
          -0.394997,
          1.404878
        ],
        [
          0.0,
          0.0,
          0.0,
          1.0
        ]
      ]
    },
    {
      "file_path": "/media/NFS/ttao/scannet/posed_images/scene0411_02/00027.jpg",
      "transform_matrix": [
        [
          0.986443,
          -0.032072,
          0.16094,
          0.843063
        ],
        [
          -0.160444,
          -0.394472,
          0.904793,
          5.784157
        ],
        [
          0.034468,
          -0.918348,
          -0.39427,
          1.40354
        ],
        [
          0.0,
          0.0,
          0.0,
          1.0
        ]
      ]
    },
    {
      "file_path": "/media/NFS/ttao/scannet/posed_images/scene0411_02/00029.jpg",
      "transform_matrix": [
        [
          0.984735,
          -0.033374,
          0.170831,
          0.827833
        ],
        [
          -0.169971,
          -0.39588,
          0.902435,
          5.798985
        ],
        [
          0.037511,
          -0.917696,
          -0.395509,
          1.403358
        ],
        [
          0.0,
          0.0,
          0.0,
          1.0
        ]
      ]
    },
    {
      "file_path": "/media/NFS/ttao/scannet/posed_images/scene0411_02/00034.jpg",
      "transform_matrix": [
        [
          0.979498,
          -0.059368,
          0.192508,
          0.779373
        ],
        [
          -0.200226,
          -0.392287,
          0.897786,
          5.845336
        ],
        [
          0.022219,
          -0.917925,
          -0.396132,
          1.41305
        ],
        [
          0.0,
          0.0,
          0.0,
          1.0
        ]
      ]
    },
    {
      "file_path": "/media/NFS/ttao/scannet/posed_images/scene0411_02/00037.jpg",
      "transform_matrix": [
        [
          0.976494,
          -0.073386,
          0.202665,
          0.759376
        ],
        [
          -0.215213,
          -0.384005,
          0.8979,
          5.876399
        ],
        [
          0.011931,
          -0.92041,
          -0.390772,
          1.419131
        ],
        [
          0.0,
          0.0,
          0.0,
          1.0
        ]
      ]
    },
    {
      "file_path": "/media/NFS/ttao/scannet/posed_images/scene0411_02/00040.jpg",
      "transform_matrix": [
        [
          0.974522,
          -0.071994,
          0.212422,
          0.724391
        ],
        [
          -0.223765,
          -0.376874,
          0.89883,
          5.904431
        ],
        [
          0.015346,
          -0.923463,
          -0.383382,
          1.421638
        ],
        [
          0.0,
          0.0,
          0.0,
          1.0
        ]
      ]
    },
    {
      "file_path": "/media/NFS/ttao/scannet/posed_images/scene0411_02/00047.jpg",
      "transform_matrix": [
        [
          0.974209,
          -0.078231,
          0.211654,
          0.715876
        ],
        [
          -0.225616,
          -0.353747,
          0.907722,
          5.960831
        ],
        [
          0.00386,
          -0.932064,
          -0.362274,
          1.434048
        ],
        [
          0.0,
          0.0,
          0.0,
          1.0
        ]
      ]
    },
    {
      "file_path": "/media/NFS/ttao/scannet/posed_images/scene0411_02/00048.jpg",
      "transform_matrix": [
        [
          0.973517,
          -0.0807,
          0.213899,
          0.712271
        ],
        [
          -0.228598,
          -0.355222,
          0.9064,
          5.969843
        ],
        [
          0.002835,
          -0.931292,
          -0.364262,
          1.435918
        ],
        [
          0.0,
          0.0,
          0.0,
          1.0
        ]
      ]
    },
    {
      "file_path": "/media/NFS/ttao/scannet/posed_images/scene0411_02/00054.jpg",
      "transform_matrix": [
        [
          0.971974,
          -0.08933,
          0.217454,
          0.713358
        ],
        [
          -0.235084,
          -0.363865,
          0.901298,
          6.012767
        ],
        [
          -0.001389,
          -0.927159,
          -0.374667,
          1.412584
        ],
        [
          0.0,
          0.0,
          0.0,
          1.0
        ]
      ]
    },
    {
      "file_path": "/media/NFS/ttao/scannet/posed_images/scene0411_02/00058.jpg",
      "transform_matrix": [
        [
          0.968614,
          -0.110632,
          0.222592,
          0.711675
        ],
        [
          -0.247864,
          -0.362457,
          0.898437,
          6.053454
        ],
        [
          -0.018716,
          -0.925411,
          -0.378503,
          1.412558
        ],
        [
          0.0,
          0.0,
          0.0,
          1.0
        ]
      ]
    },
    {
      "file_path": "/media/NFS/ttao/scannet/posed_images/scene0411_02/00060.jpg",
      "transform_matrix": [
        [
          0.966421,
          -0.123026,
          0.2256,
          0.718231
        ],
        [
          -0.255666,
          -0.372206,
          0.892243,
          6.076468
        ],
        [
          -0.0258,
          -0.919961,
          -0.391161,
          1.42012
        ],
        [
          0.0,
          0.0,
          0.0,
          1.0
        ]
      ]
    },
    {
      "file_path": "/media/NFS/ttao/scannet/posed_images/scene0411_02/00065.jpg",
      "transform_matrix": [
        [
          0.963868,
          -0.119737,
          0.237953,
          0.728566
        ],
        [
          -0.265819,
          -0.374313,
          0.888387,
          6.116987
        ],
        [
          -0.017304,
          -0.91954,
          -0.392617,
          1.41753
        ],
        [
          0.0,
          0.0,
          0.0,
          1.0
        ]
      ]
    },
    {
      "file_path": "/media/NFS/ttao/scannet/posed_images/scene0411_02/00069.jpg",
      "transform_matrix": [
        [
          0.956194,
          -0.125894,
          0.26428,
          0.727982
        ],
        [
          -0.292485,
          -0.373607,
          0.880267,
          6.142005
        ],
        [
          -0.012084,
          -0.919004,
          -0.394063,
          1.420755
        ],
        [
          0.0,
          0.0,
          0.0,
          1.0
        ]
      ]
    },
    {
      "file_path": "/media/NFS/ttao/scannet/posed_images/scene0411_02/00072.jpg",
      "transform_matrix": [
        [
          0.95232,
          -0.127983,
          0.276962,
          0.719342
        ],
        [
          -0.30499,
          -0.374708,
          0.875543,
          6.151818
        ],
        [
          -0.008275,
          -0.918267,
          -0.395875,
          1.428777
        ],
        [
          0.0,
          0.0,
          0.0,
          1.0
        ]
      ]
    },
    {
      "file_path": "/media/NFS/ttao/scannet/posed_images/scene0411_02/00080.jpg",
      "transform_matrix": [
        [
          0.936434,
          -0.143831,
          0.320006,
          0.693066
        ],
        [
          -0.350507,
          -0.343539,
          0.871278,
          6.144092
        ],
        [
          -0.015382,
          -0.928059,
          -0.372116,
          1.445312
        ],
        [
          0.0,
          0.0,
          0.0,
          1.0
        ]
      ]
    },
    {
      "file_path": "/media/NFS/ttao/scannet/posed_images/scene0411_02/00083.jpg",
      "transform_matrix": [
        [
          0.931631,
          -0.155046,
          0.328669,
          0.689562
        ],
        [
          -0.362639,
          -0.337981,
          0.868482,
          6.137833
        ],
        [
          -0.023571,
          -0.928294,
          -0.3711,
          1.452351
        ],
        [
          0.0,
          0.0,
          0.0,
          1.0
        ]
      ]
    },
    {
      "file_path": "/media/NFS/ttao/scannet/posed_images/scene0411_02/00084.jpg",
      "transform_matrix": [
        [
          0.930203,
          -0.158057,
          0.33127,
          0.690589
        ],
        [
          -0.366136,
          -0.336103,
          0.867744,
          6.132998
        ],
        [
          -0.025812,
          -0.928468,
          -0.370514,
          1.454737
        ],
        [
          0.0,
          0.0,
          0.0,
          1.0
        ]
      ]
    },
    {
      "file_path": "/media/NFS/ttao/scannet/posed_images/scene0411_02/00091.jpg",
      "transform_matrix": [
        [
          0.908074,
          -0.170724,
          0.382434,
          0.704811
        ],
        [
          -0.418323,
          -0.325674,
          0.847905,
          6.101646
        ],
        [
          -0.020209,
          -0.929941,
          -0.367154,
          1.456049
        ],
        [
          0.0,
          0.0,
          0.0,
          1.0
        ]
      ]
    },
    {
      "file_path": "/media/NFS/ttao/scannet/posed_images/scene0411_02/00094.jpg",
      "transform_matrix": [
        [
          0.894483,
          -0.174891,
          0.411476,
          0.712375
        ],
        [
          -0.446938,
          -0.324884,
          0.833485,
          6.088992
        ],
        [
          -0.012087,
          -0.929443,
          -0.368769,
          1.457997
        ],
        [
          0.0,
          0.0,
          0.0,
          1.0
        ]
      ]
    },
    {
      "file_path": "/media/NFS/ttao/scannet/posed_images/scene0411_02/00100.jpg",
      "transform_matrix": [
        [
          0.865554,
          -0.192612,
          0.462295,
          0.730644
        ],
        [
          -0.500688,
          -0.311931,
          0.807472,
          6.06583
        ],
        [
          -0.011325,
          -0.930376,
          -0.366431,
          1.468821
        ],
        [
          0.0,
          0.0,
          0.0,
          1.0
        ]
      ]
    },
    {
      "file_path": "/media/NFS/ttao/scannet/posed_images/scene0411_02/00104.jpg",
      "transform_matrix": [
        [
          0.856927,
          -0.194332,
          0.477401,
          0.768446
        ],
        [
          -0.515222,
          -0.296096,
          0.804284,
          6.036664
        ],
        [
          -0.014941,
          -0.93518,
          -0.353857,
          1.494446
        ],
        [
          0.0,
          0.0,
          0.0,
          1.0
        ]
      ]
    },
    {
      "file_path": "/media/NFS/ttao/scannet/posed_images/scene0411_02/00106.jpg",
      "transform_matrix": [
        [
          0.849929,
          -0.197481,
          0.488489,
          0.772946
        ],
        [
          -0.526725,
          -0.294733,
          0.797304,
          6.027739
        ],
        [
          -0.013479,
          -0.934951,
          -0.354521,
          1.496247
        ],
        [
          0.0,
          0.0,
          0.0,
          1.0
        ]
      ]
    },
    {
      "file_path": "/media/NFS/ttao/scannet/posed_images/scene0411_02/00111.jpg",
      "transform_matrix": [
        [
          0.836365,
          -0.201633,
          0.509743,
          0.800023
        ],
        [
          -0.548085,
          -0.290867,
          0.784219,
          6.001781
        ],
        [
          -0.009857,
          -0.935276,
          -0.353784,
          1.493425
        ],
        [
          0.0,
          0.0,
          0.0,
          1.0
        ]
      ]
    },
    {
      "file_path": "/media/NFS/ttao/scannet/posed_images/scene0411_02/00115.jpg",
      "transform_matrix": [
        [
          0.828219,
          -0.198894,
          0.523923,
          0.82957
        ],
        [
          -0.56039,
          -0.287013,
          0.776908,
          5.978992
        ],
        [
          -0.004149,
          -0.937051,
          -0.349168,
          1.499844
        ],
        [
          0.0,
          0.0,
          0.0,
          1.0
        ]
      ]
    },
    {
      "file_path": "/media/NFS/ttao/scannet/posed_images/scene0411_02/00119.jpg",
      "transform_matrix": [
        [
          0.815397,
          -0.209665,
          0.5396,
          0.8484
        ],
        [
          -0.578788,
          -0.276736,
          0.767086,
          5.96245
        ],
        [
          -0.011504,
          -0.937794,
          -0.347002,
          1.502598
        ],
        [
          0.0,
          0.0,
          0.0,
          1.0
        ]
      ]
    },
    {
      "file_path": "/media/NFS/ttao/scannet/posed_images/scene0411_02/00124.jpg",
      "transform_matrix": [
        [
          0.807944,
          -0.218409,
          0.547288,
          0.87461
        ],
        [
          -0.588502,
          -0.252014,
          0.768215,
          5.947781
        ],
        [
          -0.029861,
          -0.942755,
          -0.332147,
          1.504643
        ],
        [
          0.0,
          0.0,
          0.0,
          1.0
        ]
      ]
    },
    {
      "file_path": "/media/NFS/ttao/scannet/posed_images/scene0411_02/00127.jpg",
      "transform_matrix": [
        [
          0.802829,
          -0.227279,
          0.551189,
          0.888787
        ],
        [
          -0.594933,
          -0.244927,
          0.765549,
          5.940942
        ],
        [
          -0.038992,
          -0.942526,
          -0.33185,
          1.508153
        ],
        [
          0.0,
          0.0,
          0.0,
          1.0
        ]
      ]
    },
    {
      "file_path": "/media/NFS/ttao/scannet/posed_images/scene0411_02/00131.jpg",
      "transform_matrix": [
        [
          0.794641,
          -0.228673,
          0.562364,
          0.893579
        ],
        [
          -0.605591,
          -0.233768,
          0.760666,
          5.947015
        ],
        [
          -0.042481,
          -0.945019,
          -0.324244,
          1.520583
        ],
        [
          0.0,
          0.0,
          0.0,
          1.0
        ]
      ]
    },
    {
      "file_path": "/media/NFS/ttao/scannet/posed_images/scene0411_02/00133.jpg",
      "transform_matrix": [
        [
          0.792865,
          -0.225994,
          0.565944,
          0.896375
        ],
        [
          -0.607738,
          -0.224733,
          0.761675,
          5.949421
        ],
        [
          -0.044948,
          -0.947851,
          -0.315529,
          1.523878
        ],
        [
          0.0,
          0.0,
          0.0,
          1.0
        ]
      ]
    },
    {
      "file_path": "/media/NFS/ttao/scannet/posed_images/scene0411_02/00141.jpg",
      "transform_matrix": [
        [
          0.796859,
          -0.164174,
          0.581431,
          0.870867
        ],
        [
          -0.603127,
          -0.159767,
          0.781481,
          5.982933
        ],
        [
          -0.035406,
          -0.973407,
          -0.22633,
          1.54499
        ],
        [
          0.0,
          0.0,
          0.0,
          1.0
        ]
      ]
    },
    {
      "file_path": "/media/NFS/ttao/scannet/posed_images/scene0411_02/00144.jpg",
      "transform_matrix": [
        [
          0.797389,
          -0.149204,
          0.584729,
          0.859503
        ],
        [
          -0.602339,
          -0.137618,
          0.786288,
          5.9985
        ],
        [
          -0.036848,
          -0.979183,
          -0.199607,
          1.54164
        ],
        [
          0.0,
          0.0,
          0.0,
          1.0
        ]
      ]
    },
    {
      "file_path": "/media/NFS/ttao/scannet/posed_images/scene0411_02/00149.jpg",
      "transform_matrix": [
        [
          0.794447,
          -0.129906,
          0.593278,
          0.842299
        ],
        [
          -0.60654,
          -0.119793,
          0.785976,
          6.025426
        ],
        [
          -0.031033,
          -0.984263,
          -0.173962,
          1.577277
        ],
        [
          0.0,
          0.0,
          0.0,
          1.0
        ]
      ]
    },
    {
      "file_path": "/media/NFS/ttao/scannet/posed_images/scene0411_02/00151.jpg",
      "transform_matrix": [
        [
          0.792572,
          -0.125157,
          0.596795,
          0.836563
        ],
        [
          -0.609041,
          -0.114401,
          0.784845,
          6.029938
        ],
        [
          -0.029955,
          -0.985519,
          -0.166897,
          1.570106
        ],
        [
          0.0,
          0.0,
          0.0,
          1.0
        ]
      ]
    },
    {
      "file_path": "/media/NFS/ttao/scannet/posed_images/scene0411_02/00154.jpg",
      "transform_matrix": [
        [
          0.787312,
          -0.122833,
          0.604195,
          0.841169
        ],
        [
          -0.616026,
          -0.116145,
          0.779117,
          6.026896
        ],
        [
          -0.025527,
          -0.985608,
          -0.167111,
          1.561018
        ],
        [
          0.0,
          0.0,
          0.0,
          1.0
        ]
      ]
    },
    {
      "file_path": "/media/NFS/ttao/scannet/posed_images/scene0411_02/00159.jpg",
      "transform_matrix": [
        [
          0.759523,
          -0.128022,
          0.637758,
          0.85913
        ],
        [
          -0.650255,
          -0.123577,
          0.749598,
          6.02432
        ],
        [
          -0.017153,
          -0.984042,
          -0.177106,
          1.55535
        ],
        [
          0.0,
          0.0,
          0.0,
          1.0
        ]
      ]
    },
    {
      "file_path": "/media/NFS/ttao/scannet/posed_images/scene0411_02/00163.jpg",
      "transform_matrix": [
        [
          0.729943,
          -0.136724,
          0.669693,
          0.861576
        ],
        [
          -0.683279,
          -0.120613,
          0.720127,
          6.026899
        ],
        [
          -0.017685,
          -0.983239,
          -0.181461,
          1.548461
        ],
        [
          0.0,
          0.0,
          0.0,
          1.0
        ]
      ]
    },
    {
      "file_path": "/media/NFS/ttao/scannet/posed_images/scene0411_02/00169.jpg",
      "transform_matrix": [
        [
          0.686482,
          -0.160673,
          0.709173,
          0.869475
        ],
        [
          -0.726828,
          -0.122743,
          0.675763,
          6.031569
        ],
        [
          -0.021531,
          -0.979346,
          -0.201042,
          1.540019
        ],
        [
          0.0,
          0.0,
          0.0,
          1.0
        ]
      ]
    },
    {
      "file_path": "/media/NFS/ttao/scannet/posed_images/scene0411_02/00170.jpg",
      "transform_matrix": [
        [
          0.67961,
          -0.164091,
          0.714986,
          0.865906
        ],
        [
          -0.733518,
          -0.140006,
          0.665094,
          6.058711
        ],
        [
          -0.009034,
          -0.976459,
          -0.215513,
          1.565912
        ],
        [
          0.0,
          0.0,
          0.0,
          1.0
        ]
      ]
    },
    {
      "file_path": "/media/NFS/ttao/scannet/posed_images/scene0411_02/00177.jpg",
      "transform_matrix": [
        [
          0.653071,
          -0.196922,
          0.731245,
          0.877057
        ],
        [
          -0.757024,
          -0.143849,
          0.637355,
          6.056304
        ],
        [
          -0.02032,
          -0.969809,
          -0.243019,
          1.534262
        ],
        [
          0.0,
          0.0,
          0.0,
          1.0
        ]
      ]
    },
    {
      "file_path": "/media/NFS/ttao/scannet/posed_images/scene0411_02/00181.jpg",
      "transform_matrix": [
        [
          0.637047,
          -0.200929,
          0.744177,
          0.885717
        ],
        [
          -0.770774,
          -0.154939,
          0.617981,
          6.074391
        ],
        [
          -0.008869,
          -0.967276,
          -0.253574,
          1.539692
        ],
        [
          0.0,
          0.0,
          0.0,
          1.0
        ]
      ]
    },
    {
      "file_path": "/media/NFS/ttao/scannet/posed_images/scene0411_02/00184.jpg",
      "transform_matrix": [
        [
          0.631514,
          -0.195282,
          0.75037,
          0.898305
        ],
        [
          -0.775363,
          -0.16044,
          0.610795,
          6.083915
        ],
        [
          0.001112,
          -0.967535,
          -0.252735,
          1.532795
        ],
        [
          0.0,
          0.0,
          0.0,
          1.0
        ]
      ]
    },
    {
      "file_path": "/media/NFS/ttao/scannet/posed_images/scene0411_02/00190.jpg",
      "transform_matrix": [
        [
          0.610262,
          -0.203711,
          0.76556,
          0.934857
        ],
        [
          -0.792099,
          -0.172301,
          0.585569,
          6.114817
        ],
        [
          0.01262,
          -0.96375,
          -0.266509,
          1.517002
        ],
        [
          0.0,
          0.0,
          0.0,
          1.0
        ]
      ]
    },
    {
      "file_path": "/media/NFS/ttao/scannet/posed_images/scene0411_02/00193.jpg",
      "transform_matrix": [
        [
          0.609638,
          -0.215598,
          0.762797,
          0.963867
        ],
        [
          -0.792625,
          -0.177116,
          0.583417,
          6.126597
        ],
        [
          0.00932,
          -0.960285,
          -0.278865,
          1.512193
        ],
        [
          0.0,
          0.0,
          0.0,
          1.0
        ]
      ]
    },
    {
      "file_path": "/media/NFS/ttao/scannet/posed_images/scene0411_02/00196.jpg",
      "transform_matrix": [
        [
          0.604532,
          -0.227644,
          0.76336,
          1.001381
        ],
        [
          -0.796506,
          -0.185873,
          0.575352,
          6.140466
        ],
        [
          0.010913,
          -0.95584,
          -0.293686,
          1.5122
        ],
        [
          0.0,
          0.0,
          0.0,
          1.0
        ]
      ]
    },
    {
      "file_path": "/media/NFS/ttao/scannet/posed_images/scene0411_02/00200.jpg",
      "transform_matrix": [
        [
          0.582047,
          -0.244789,
          0.775435,
          1.057066
        ],
        [
          -0.813107,
          -0.185542,
          0.551753,
          6.162122
        ],
        [
          0.008812,
          -0.951658,
          -0.307034,
          1.515602
        ],
        [
          0.0,
          0.0,
          0.0,
          1.0
        ]
      ]
    },
    {
      "file_path": "/media/NFS/ttao/scannet/posed_images/scene0411_02/00203.jpg",
      "transform_matrix": [
        [
          0.556206,
          -0.263421,
          0.788191,
          1.091583
        ],
        [
          -0.831043,
          -0.174184,
          0.528231,
          6.169275
        ],
        [
          -0.001857,
          -0.948825,
          -0.315796,
          1.5032
        ],
        [
          0.0,
          0.0,
          0.0,
          1.0
        ]
      ]
    },
    {
      "file_path": "/media/NFS/ttao/scannet/posed_images/scene0411_02/00211.jpg",
      "transform_matrix": [
        [
          0.503082,
          -0.307096,
          0.807837,
          1.17015
        ],
        [
          -0.864052,
          -0.15931,
          0.477529,
          6.179377
        ],
        [
          -0.017951,
          -0.93825,
          -0.345493,
          1.486654
        ],
        [
          0.0,
          0.0,
          0.0,
          1.0
        ]
      ]
    },
    {
      "file_path": "/media/NFS/ttao/scannet/posed_images/scene0411_02/00214.jpg",
      "transform_matrix": [
        [
          0.492173,
          -0.312663,
          0.812408,
          1.175351
        ],
        [
          -0.870264,
          -0.155151,
          0.467513,
          6.176946
        ],
        [
          -0.020128,
          -0.937108,
          -0.34846,
          1.481703
        ],
        [
          0.0,
          0.0,
          0.0,
          1.0
        ]
      ]
    },
    {
      "file_path": "/media/NFS/ttao/scannet/posed_images/scene0411_02/00218.jpg",
      "transform_matrix": [
        [
          0.483412,
          -0.313969,
          0.817151,
          1.161272
        ],
        [
          -0.875316,
          -0.161011,
          0.455957,
          6.171529
        ],
        [
          -0.011586,
          -0.935681,
          -0.352657,
          1.482843
        ],
        [
          0.0,
          0.0,
          0.0,
          1.0
        ]
      ]
    },
    {
      "file_path": "/media/NFS/ttao/scannet/posed_images/scene0411_02/00222.jpg",
      "transform_matrix": [
        [
          0.482865,
          -0.309925,
          0.819016,
          1.114804
        ],
        [
          -0.875693,
          -0.172524,
          0.450995,
          6.152015
        ],
        [
          0.001525,
          -0.934977,
          -0.354705,
          1.477785
        ],
        [
          0.0,
          0.0,
          0.0,
          1.0
        ]
      ]
    },
    {
      "file_path": "/media/NFS/ttao/scannet/posed_images/scene0411_02/00224.jpg",
      "transform_matrix": [
        [
          0.482072,
          -0.308062,
          0.820185,
          1.085512
        ],
        [
          -0.876091,
          -0.178543,
          0.44787,
          6.13489
        ],
        [
          0.008467,
          -0.934463,
          -0.355961,
          1.470869
        ],
        [
          0.0,
          0.0,
          0.0,
          1.0
        ]
      ]
    },
    {
      "file_path": "/media/NFS/ttao/scannet/posed_images/scene0411_02/00228.jpg",
      "transform_matrix": [
        [
          0.45973,
          -0.323414,
          0.827074,
          1.043848
        ],
        [
          -0.887811,
          -0.189388,
          0.419433,
          6.106311
        ],
        [
          0.020987,
          -0.927112,
          -0.374198,
          1.465777
        ],
        [
          0.0,
          0.0,
          0.0,
          1.0
        ]
      ]
    },
    {
      "file_path": "/media/NFS/ttao/scannet/posed_images/scene0411_02/00233.jpg",
      "transform_matrix": [
        [
          0.427165,
          -0.337274,
          0.838914,
          1.00052
        ],
        [
          -0.904033,
          -0.175699,
          0.389685,
          6.065379
        ],
        [
          0.015966,
          -0.924866,
          -0.379959,
          1.471943
        ],
        [
          0.0,
          0.0,
          0.0,
          1.0
        ]
      ]
    },
    {
      "file_path": "/media/NFS/ttao/scannet/posed_images/scene0411_02/00239.jpg",
      "transform_matrix": [
        [
          0.402212,
          -0.344506,
          0.848257,
          0.972549
        ],
        [
          -0.915544,
          -0.149296,
          0.373483,
          6.015905
        ],
        [
          -0.002026,
          -0.926837,
          -0.375459,
          1.484452
        ],
        [
          0.0,
          0.0,
          0.0,
          1.0
        ]
      ]
    },
    {
      "file_path": "/media/NFS/ttao/scannet/posed_images/scene0411_02/00242.jpg",
      "transform_matrix": [
        [
          0.413841,
          -0.345,
          0.842443,
          0.961778
        ],
        [
          -0.910264,
          -0.144121,
          0.388136,
          5.984859
        ],
        [
          -0.012494,
          -0.927472,
          -0.373684,
          1.480867
        ],
        [
          0.0,
          0.0,
          0.0,
          1.0
        ]
      ]
    },
    {
      "file_path": "/media/NFS/ttao/scannet/posed_images/scene0411_02/00244.jpg",
      "transform_matrix": [
        [
          0.418148,
          -0.347771,
          0.839171,
          0.961903
        ],
        [
          -0.9082,
          -0.141684,
          0.393827,
          5.963391
        ],
        [
          -0.018064,
          -0.926813,
          -0.37509,
          1.483204
        ],
        [
          0.0,
          0.0,
          0.0,
          1.0
        ]
      ]
    },
    {
      "file_path": "/media/NFS/ttao/scannet/posed_images/scene0411_02/00251.jpg",
      "transform_matrix": [
        [
          0.437392,
          -0.337802,
          0.833413,
          0.962325
        ],
        [
          -0.899136,
          -0.148217,
          0.411809,
          5.86714
        ],
        [
          -0.015584,
          -0.929474,
          -0.368559,
          1.489854
        ],
        [
          0.0,
          0.0,
          0.0,
          1.0
        ]
      ]
    },
    {
      "file_path": "/media/NFS/ttao/scannet/posed_images/scene0411_02/00255.jpg",
      "transform_matrix": [
        [
          0.46179,
          -0.318849,
          0.827699,
          0.974148
        ],
        [
          -0.886987,
          -0.163847,
          0.431751,
          5.802894
        ],
        [
          -0.002047,
          -0.933536,
          -0.358478,
          1.488723
        ],
        [
          0.0,
          0.0,
          0.0,
          1.0
        ]
      ]
    },
    {
      "file_path": "/media/NFS/ttao/scannet/posed_images/scene0411_02/00258.jpg",
      "transform_matrix": [
        [
          0.469069,
          -0.305774,
          0.828538,
          0.97011
        ],
        [
          -0.883089,
          -0.174391,
          0.435593,
          5.760234
        ],
        [
          0.011296,
          -0.935997,
          -0.351828,
          1.485987
        ],
        [
          0.0,
          0.0,
          0.0,
          1.0
        ]
      ]
    },
    {
      "file_path": "/media/NFS/ttao/scannet/posed_images/scene0411_02/00263.jpg",
      "transform_matrix": [
        [
          0.479804,
          -0.31181,
          0.820099,
          0.971232
        ],
        [
          -0.877374,
          -0.172351,
          0.447784,
          5.693103
        ],
        [
          0.001722,
          -0.934382,
          -0.356269,
          1.476198
        ],
        [
          0.0,
          0.0,
          0.0,
          1.0
        ]
      ]
    },
    {
      "file_path": "/media/NFS/ttao/scannet/posed_images/scene0411_02/00264.jpg",
      "transform_matrix": [
        [
          0.480665,
          -0.317844,
          0.817273,
          0.978246
        ],
        [
          -0.876891,
          -0.169201,
          0.449925,
          5.676276
        ],
        [
          -0.004722,
          -0.932924,
          -0.360044,
          1.478475
        ],
        [
          0.0,
          0.0,
          0.0,
          1.0
        ]
      ]
    },
    {
      "file_path": "/media/NFS/ttao/scannet/posed_images/scene0411_02/00272.jpg",
      "transform_matrix": [
        [
          0.478824,
          -0.330002,
          0.813527,
          0.988925
        ],
        [
          -0.87768,
          -0.158696,
          0.452209,
          5.624717
        ],
        [
          -0.020127,
          -0.930545,
          -0.365624,
          1.471218
        ],
        [
          0.0,
          0.0,
          0.0,
          1.0
        ]
      ]
    },
    {
      "file_path": "/media/NFS/ttao/scannet/posed_images/scene0411_02/00275.jpg",
      "transform_matrix": [
        [
          0.485347,
          -0.333311,
          0.808296,
          0.999202
        ],
        [
          -0.8737,
          -0.150045,
          0.462747,
          5.603453
        ],
        [
          -0.032958,
          -0.930801,
          -0.364037,
          1.46714
        ],
        [
          0.0,
          0.0,
          0.0,
          1.0
        ]
      ]
    },
    {
      "file_path": "/media/NFS/ttao/scannet/posed_images/scene0411_02/00277.jpg",
      "transform_matrix": [
        [
          0.490955,
          -0.333808,
          0.804696,
          1.005502
        ],
        [
          -0.87038,
          -0.148247,
          0.469533,
          5.594114
        ],
        [
          -0.03744,
          -0.930911,
          -0.363323,
          1.46624
        ],
        [
          0.0,
          0.0,
          0.0,
          1.0
        ]
      ]
    },
    {
      "file_path": "/media/NFS/ttao/scannet/posed_images/scene0411_02/00284.jpg",
      "transform_matrix": [
        [
          0.504458,
          -0.318636,
          0.802492,
          1.03776
        ],
        [
          -0.862843,
          -0.151591,
          0.482205,
          5.555758
        ],
        [
          -0.031997,
          -0.935677,
          -0.351405,
          1.452168
        ],
        [
          0.0,
          0.0,
          0.0,
          1.0
        ]
      ]
    },
    {
      "file_path": "/media/NFS/ttao/scannet/posed_images/scene0411_02/00285.jpg",
      "transform_matrix": [
        [
          0.506709,
          -0.319581,
          0.800696,
          1.044898
        ],
        [
          -0.86159,
          -0.155245,
          0.483282,
          5.553322
        ],
        [
          -0.030144,
          -0.934755,
          -0.354012,
          1.452061
        ],
        [
          0.0,
          0.0,
          0.0,
          1.0
        ]
      ]
    },
    {
      "file_path": "/media/NFS/ttao/scannet/posed_images/scene0411_02/00289.jpg",
      "transform_matrix": [
        [
          0.525803,
          -0.323459,
          0.786705,
          1.076709
        ],
        [
          -0.850212,
          -0.171689,
          0.497657,
          5.532851
        ],
        [
          -0.025903,
          -0.930536,
          -0.365284,
          1.449335
        ],
        [
          0.0,
          0.0,
          0.0,
          1.0
        ]
      ]
    },
    {
      "file_path": "/media/NFS/ttao/scannet/posed_images/scene0411_02/00294.jpg",
      "transform_matrix": [
        [
          0.522951,
          -0.319181,
          0.790346,
          1.120667
        ],
        [
          -0.852327,
          -0.187266,
          0.488335,
          5.499778
        ],
        [
          -0.007862,
          -0.929008,
          -0.369977,
          1.451527
        ],
        [
          0.0,
          0.0,
          0.0,
          1.0
        ]
      ]
    },
    {
      "file_path": "/media/NFS/ttao/scannet/posed_images/scene0411_02/00300.jpg",
      "transform_matrix": [
        [
          0.530475,
          -0.334544,
          0.778894,
          1.142191
        ],
        [
          -0.847354,
          -0.182989,
          0.498504,
          5.456184
        ],
        [
          -0.024242,
          -0.924443,
          -0.380549,
          1.447642
        ],
        [
          0.0,
          0.0,
          0.0,
          1.0
        ]
      ]
    },
    {
      "file_path": "/media/NFS/ttao/scannet/posed_images/scene0411_02/00301.jpg",
      "transform_matrix": [
        [
          0.534854,
          -0.333984,
          0.776135,
          1.145472
        ],
        [
          -0.844638,
          -0.186568,
          0.501777,
          5.448582
        ],
        [
          -0.022784,
          -0.92393,
          -0.381882,
          1.448683
        ],
        [
          0.0,
          0.0,
          0.0,
          1.0
        ]
      ]
    },
    {
      "file_path": "/media/NFS/ttao/scannet/posed_images/scene0411_02/00308.jpg",
      "transform_matrix": [
        [
          0.575817,
          -0.324736,
          0.750321,
          1.157927
        ],
        [
          -0.817461,
          -0.213102,
          0.535113,
          5.363288
        ],
        [
          -0.013875,
          -0.921485,
          -0.388167,
          1.448642
        ],
        [
          0.0,
          0.0,
          0.0,
          1.0
        ]
      ]
    },
    {
      "file_path": "/media/NFS/ttao/scannet/posed_images/scene0411_02/00310.jpg",
      "transform_matrix": [
        [
          0.58715,
          -0.317485,
          0.74462,
          1.163348
        ],
        [
          -0.809309,
          -0.211445,
          0.548005,
          5.318601
        ],
        [
          -0.016537,
          -0.924389,
          -0.381093,
          1.44495
        ],
        [
          0.0,
          0.0,
          0.0,
          1.0
        ]
      ]
    },
    {
      "file_path": "/media/NFS/ttao/scannet/posed_images/scene0411_02/00315.jpg",
      "transform_matrix": [
        [
          0.569311,
          -0.317775,
          0.758224,
          1.173928
        ],
        [
          -0.82207,
          -0.209711,
          0.52936,
          5.242868
        ],
        [
          -0.009209,
          -0.924684,
