{
  "frames": [
    {
      "file_path": "/media/NFS/ttao/scannet/posed_images/scene0067_01/00000.jpg",
      "transform_matrix": [
        [
          0.553507,
          0.778671,
          -0.295469,
          1.285001
        ],
        [
          0.831958,
          -0.500588,
          0.239285,
          0.947064
        ],
        [
          0.038416,
          -0.378264,
          -0.9249,
          1.080286
        ],
        [
          0.0,
          0.0,
          0.0,
          1.0
        ]
      ]
    },
    {
      "file_path": "/media/NFS/ttao/scannet/posed_images/scene0067_01/00002.jpg",
      "transform_matrix": [
        [
          0.557686,
          0.765236,
          -0.32156,
          1.335579
        ],
        [
          0.829207,
          -0.496138,
          0.257416,
          0.929961
        ],
        [
          0.037446,
          -0.410197,
          -0.911228,
          1.099714
        ],
        [
          0.0,
          0.0,
          0.0,
          1.0
        ]
      ]
    },
    {
      "file_path": "/media/NFS/ttao/scannet/posed_images/scene0067_01/00005.jpg",
      "transform_matrix": [
        [
          0.544334,
          0.751866,
          -0.372018,
          1.405535
        ],
        [
          0.837749,
          -0.464329,
          0.287358,
          0.941731
        ],
        [
          0.043316,
          -0.468077,
          -0.882625,
          1.122289
        ],
        [
          0.0,
          0.0,
          0.0,
          1.0
        ]
      ]
    },
    {
      "file_path": "/media/NFS/ttao/scannet/posed_images/scene0067_01/00009.jpg",
      "transform_matrix": [
        [
          0.562391,
          0.707766,
          -0.427533,
          1.459768
        ],
        [
          0.826438,
          -0.464392,
          0.318339,
          0.96853
        ],
        [
          0.026767,
          -0.53236,
          -0.846094,
          1.149292
        ],
        [
          0.0,
          0.0,
          0.0,
          1.0
        ]
      ]
    },
    {
      "file_path": "/media/NFS/ttao/scannet/posed_images/scene0067_01/00011.jpg",
      "transform_matrix": [
        [
          0.676354,
          0.627812,
          -0.385223,
          1.319878
        ],
        [
          0.736068,
          -0.556648,
          0.385159,
          0.90148
        ],
        [
          0.027374,
          -0.544054,
          -0.838603,
          1.16802
        ],
        [
          0.0,
          0.0,
          0.0,
          1.0
        ]
      ]
    },
    {
      "file_path": "/media/NFS/ttao/scannet/posed_images/scene0067_01/00013.jpg",
      "transform_matrix": [
        [
          0.686644,
          0.612879,
          -0.391023,
          1.324692
        ],
        [
          0.726374,
          -0.556172,
          0.4038,
          0.917027
        ],
        [
          0.030004,
          -0.561296,
          -0.827071,
          1.189828
        ],
        [
          0.0,
          0.0,
          0.0,
          1.0
        ]
      ]
    },
    {
      "file_path": "/media/NFS/ttao/scannet/posed_images/scene0067_01/00016.jpg",
      "transform_matrix": [
        [
          0.687848,
          0.578146,
          -0.438876,
          1.328227
        ],
        [
          0.725155,
          -0.520805,
          0.450458,
          0.951524
        ],
        [
          0.031861,
          -0.6281,
          -0.77748,
          1.251739
        ],
        [
          0.0,
          0.0,
          0.0,
          1.0
        ]
      ]
    },
    {
      "file_path": "/media/NFS/ttao/scannet/posed_images/scene0067_01/00018.jpg",
      "transform_matrix": [
        [
          0.691085,
          0.536918,
          -0.48386,
          1.337184
        ],
        [
          0.722063,
          -0.483193,
          0.495126,
          0.964214
        ],
        [
          0.032044,
          -0.691551,
          -0.721616,
          1.288487
        ],
        [
          0.0,
          0.0,
          0.0,
          1.0
        ]
      ]
    },
    {
      "file_path": "/media/NFS/ttao/scannet/posed_images/scene0067_01/00021.jpg",
      "transform_matrix": [
        [
          0.703193,
          0.47177,
          -0.531933,
          1.318559
        ],
        [
          0.710355,
          -0.434337,
          0.553847,
          0.992948
        ],
        [
          0.03025,
          -0.767323,
          -0.640547,
          1.367082
        ],
        [
          0.0,
          0.0,
          0.0,
          1.0
        ]
      ]
    },
    {
      "file_path": "/media/NFS/ttao/scannet/posed_images/scene0067_01/00024.jpg",
      "transform_matrix": [
        [
          0.712547,
          0.402081,
          -0.574985,
          1.325699
        ],
        [
          0.701539,
          -0.395458,
          0.592838,
          1.00973
        ],
        [
          0.010986,
          -0.825799,
          -0.563858,
          1.418891
        ],
        [
          0.0,
          0.0,
          0.0,
          1.0
        ]
      ]
    },
    {
      "file_path": "/media/NFS/ttao/scannet/posed_images/scene0067_01/00026.jpg",
      "transform_matrix": [
        [
          0.712913,
          0.364721,
          -0.598943,
          1.330209
        ],
        [
          0.701215,
          -0.361988,
          0.614216,
          1.015704
        ],
        [
          0.007207,
          -0.857871,
          -0.513814,
          1.449668
        ],
        [
          0.0,
          0.0,
          0.0,
          1.0
        ]
      ]
    },
    {
      "file_path": "/media/NFS/ttao/scannet/posed_images/scene0067_01/00027.jpg",
      "transform_matrix": [
        [
          0.711277,
          0.345446,
          -0.612171,
          1.332782
        ],
        [
          0.702877,
          -0.340852,
          0.624327,
          1.016156
        ],
        [
          0.007012,
          -0.87435,
          -0.485246,
          1.463728
        ],
        [
          0.0,
          0.0,
          0.0,
          1.0
        ]
      ]
    },
    {
      "file_path": "/media/NFS/ttao/scannet/posed_images/scene0067_01/00031.jpg",
      "transform_matrix": [
        [
          0.702676,
          0.297427,
          -0.646361,
          1.331509
        ],
        [
          0.711059,
          -0.26123,
          0.652804,
          1.00719
        ],
        [
          0.025313,
          -0.918311,
          -0.395048,
          1.502721
        ],
        [
          0.0,
          0.0,
          0.0,
          1.0
        ]
      ]
    },
    {
      "file_path": "/media/NFS/ttao/scannet/posed_images/scene0067_01/00032.jpg",
      "transform_matrix": [
        [
          0.704865,
          0.280579,
          -0.651492,
          1.33149
        ],
        [
          0.708918,
          -0.246893,
          0.660666,
          1.004871
        ],
        [
          0.02452,
          -0.927534,
          -0.372934,
          1.518995
        ],
        [
          0.0,
          0.0,
          0.0,
          1.0
        ]
      ]
    },
    {
      "file_path": "/media/NFS/ttao/scannet/posed_images/scene0067_01/00035.jpg",
      "transform_matrix": [
        [
          0.702767,
          0.222018,
          -0.675889,
          1.330896
        ],
        [
          0.711348,
          -0.205772,
          0.672043,
          0.993198
        ],
        [
          0.010127,
          -0.953082,
          -0.302542,
          1.562731
        ],
        [
          0.0,
          0.0,
          0.0,
          1.0
        ]
      ]
    },
    {
      "file_path": "/media/NFS/ttao/scannet/posed_images/scene0067_01/00038.jpg",
      "transform_matrix": [
        [
          0.695712,
          0.178988,
          -0.695663,
          1.32843
        ],
        [
          0.71827,
          -0.161887,
          0.676668,
          0.979967
        ],
        [
          0.008497,
          -0.970441,
          -0.241189,
          1.589444
        ],
        [
          0.0,
          0.0,
          0.0,
          1.0
        ]
      ]
    },
    {
      "file_path": "/media/NFS/ttao/scannet/posed_images/scene0067_01/00041.jpg",
      "transform_matrix": [
        [
          0.681817,
          0.128198,
          -0.720202,
          1.336218
        ],
        [
          0.731329,
          -0.142103,
          0.667057,
          0.977809
        ],
        [
          -0.016828,
          -0.981515,
          -0.190643,
          1.6122
        ],
        [
          0.0,
          0.0,
          0.0,
          1.0
        ]
      ]
    },
    {
      "file_path": "/media/NFS/ttao/scannet/posed_images/scene0067_01/00044.jpg",
      "transform_matrix": [
        [
          0.672989,
          0.117802,
          -0.730212,
          1.327305
        ],
        [
          0.739471,
          -0.129062,
          0.660701,
          0.970158
        ],
        [
          -0.016411,
          -0.984614,
          -0.173968,
          1.617815
        ],
        [
          0.0,
          0.0,
          0.0,
          1.0
        ]
      ]
    },
    {
      "file_path": "/media/NFS/ttao/scannet/posed_images/scene0067_01/00045.jpg",
      "transform_matrix": [
        [
          0.670033,
          0.118102,
          -0.732877,
          1.323174
        ],
        [
          0.742203,
          -0.124944,
          0.658425,
          0.967621
        ],
        [
          -0.013807,
          -0.98511,
          -0.171372,
          1.616937
        ],
        [
          0.0,
          0.0,
          0.0,
          1.0
        ]
      ]
    },
    {
      "file_path": "/media/NFS/ttao/scannet/posed_images/scene0067_01/00048.jpg",
      "transform_matrix": [
        [
          0.659634,
          0.127766,
          -0.740647,
          1.308186
        ],
        [
          0.75157,
          -0.118648,
          0.648895,
          0.959385
        ],
        [
          -0.00497,
          -0.984682,
          -0.17429,
          1.613275
        ],
        [
          0.0,
          0.0,
          0.0,
          1.0
        ]
      ]
    },
    {
      "file_path": "/media/NFS/ttao/scannet/posed_images/scene0067_01/00052.jpg",
      "transform_matrix": [
        [
          0.643559,
          0.173843,
          -0.745393,
          1.29189
        ],
        [
          0.765396,
          -0.144937,
          0.627027,
          0.960191
        ],
        [
          0.00097,
          -0.974049,
          -0.226334,
          1.587187
        ],
        [
          0.0,
          0.0,
          0.0,
          1.0
        ]
      ]
    },
    {
      "file_path": "/media/NFS/ttao/scannet/posed_images/scene0067_01/00054.jpg",
      "transform_matrix": [
        [
          0.641678,
          0.205481,
          -0.738936,
          1.277618
        ],
        [
          0.766948,
          -0.179843,
          0.615993,
          0.960454
        ],
        [
          -0.006318,
          -0.961995,
          -0.272994,
          1.571134
        ],
        [
          0.0,
          0.0,
          0.0,
          1.0
        ]
      ]
    },
    {
      "file_path": "/media/NFS/ttao/scannet/posed_images/scene0067_01/00057.jpg",
      "transform_matrix": [
        [
          0.63585,
          0.251624,
          -0.729644,
          1.255772
        ],
        [
          0.771755,
          -0.218799,
          0.597094,
          0.958817
        ],
        [
          -0.009403,
          -0.942768,
          -0.333316,
          1.541079
        ],
        [
          0.0,
          0.0,
          0.0,
          1.0
        ]
      ]
    },
    {
      "file_path": "/media/NFS/ttao/scannet/posed_images/scene0067_01/00058.jpg",
      "transform_matrix": [
        [
          0.635661,
          0.276564,
          -0.720727,
          1.247235
        ],
        [
          0.771913,
          -0.23888,
          0.589141,
          0.959926
        ],
        [
          -0.009232,
          -0.930832,
          -0.36533,
          1.535159
        ],
        [
          0.0,
          0.0,
          0.0,
          1.0
        ]
      ]
    },
    {
      "file_path": "/media/NFS/ttao/scannet/posed_images/scene0067_01/00061.jpg",
      "transform_matrix": [
        [
          0.628329,
          0.373241,
          -0.682564,
          1.225299
        ],
        [
          0.777626,
          -0.276093,
          0.564864,
          0.968809
        ],
        [
          0.022379,
          -0.885699,
          -0.463719,
          1.443777
        ],
        [
          0.0,
          0.0,
          0.0,
          1.0
        ]
      ]
    },
    {
      "file_path": "/media/NFS/ttao/scannet/posed_images/scene0067_01/00063.jpg",
      "transform_matrix": [
        [
          0.62333,
          0.433522,
          -0.650783,
          1.214326
        ],
        [
          0.781713,
          -0.324599,
          0.532503,
          0.974498
        ],
        [
          0.019609,
          -0.840651,
          -0.541223,
          1.402007
        ],
        [
          0.0,
          0.0,
          0.0,
          1.0
        ]
      ]
    },
    {
      "file_path": "/media/NFS/ttao/scannet/posed_images/scene0067_01/00065.jpg",
      "transform_matrix": [
        [
          0.612104,
          0.470171,
          -0.63582,
          1.214556
        ],
        [
          0.790653,
          -0.349618,
          0.502628,
          0.98048
        ],
        [
          0.014027,
          -0.810374,
          -0.585745,
          1.377132
        ],
        [
          0.0,
          0.0,
          0.0,
          1.0
        ]
      ]
    },
    {
      "file_path": "/media/NFS/ttao/scannet/posed_images/scene0067_01/00068.jpg",
      "transform_matrix": [
        [
          0.575125,
          0.522015,
          -0.629866,
          1.225563
        ],
        [
          0.818045,
          -0.372376,
          0.438336,
          0.984746
        ],
        [
          -0.005729,
          -0.767357,
          -0.641195,
          1.333415
        ],
        [
          0.0,
          0.0,
          0.0,
          1.0
        ]
      ]
    },
    {
      "file_path": "/media/NFS/ttao/scannet/posed_images/scene0067_01/00070.jpg",
      "transform_matrix": [
        [
          0.546225,
          0.55716,
          -0.625468,
          1.227338
        ],
        [
          0.837638,
          -0.364161,
          0.407124,
          0.966359
        ],
        [
          -0.000938,
          -0.746297,
          -0.665612,
          1.27463
        ],
        [
          0.0,
          0.0,
          0.0,
          1.0
        ]
      ]
    },
    {
      "file_path": "/media/NFS/ttao/scannet/posed_images/scene0067_01/00074.jpg",
      "transform_matrix": [
        [
          0.48744,
          0.604162,
          -0.630389,
          1.238073
        ],
        [
          0.872581,
          -0.363262,
          0.326564,
          0.969011
        ],
        [
          -0.031699,
          -0.709245,
          -0.704249,
          1.262765
        ],
        [
          0.0,
          0.0,
          0.0,
          1.0
        ]
      ]
    },
    {
      "file_path": "/media/NFS/ttao/scannet/posed_images/scene0067_01/00076.jpg",
      "transform_matrix": [
        [
          0.432896,
          0.588464,
          -0.68287,
          1.234749
        ],
        [
          0.900186,
          -0.322201,
          0.293004,
          0.97239
        ],
        [
          -0.047599,
          -0.74155,
          -0.669207,
          1.292183
        ],
        [
          0.0,
          0.0,
          0.0,
          1.0
        ]
      ]
    },
    {
      "file_path": "/media/NFS/ttao/scannet/posed_images/scene0067_01/00078.jpg",
      "transform_matrix": [
        [
          0.399131,
          0.555168,
          -0.729714,
          1.228565
        ],
        [
          0.915771,
          -0.280746,
          0.287307,
          0.97233
        ],
        [
          -0.045361,
          -0.782924,
          -0.620461,
          1.327897
        ],
        [
          0.0,
          0.0,
          0.0,
          1.0
        ]
      ]
    },
    {
      "file_path": "/media/NFS/ttao/scannet/posed_images/scene0067_01/00080.jpg",
      "transform_matrix": [
        [
          0.369696,
          0.499704,
          -0.783339,
          1.233165
        ],
        [
          0.928552,
          -0.229008,
          0.292141,
          0.968134
        ],
        [
          -0.033407,
          -0.835374,
          -0.548665,
          1.366683
        ],
        [
          0.0,
          0.0,
          0.0,
          1.0
        ]
      ]
    },
    {
      "file_path": "/media/NFS/ttao/scannet/posed_images/scene0067_01/00083.jpg",
      "transform_matrix": [
        [
          0.351163,
          0.433171,
          -0.830088,
          1.221681
        ],
        [
          0.935717,
          -0.194028,
          0.294598,
          0.971567
        ],
        [
          -0.033449,
          -0.880179,
          -0.473461,
          1.373277
        ],
        [
          0.0,
          0.0,
          0.0,
          1.0
        ]
      ]
    },
    {
      "file_path": "/media/NFS/ttao/scannet/posed_images/scene0067_01/00087.jpg",
      "transform_matrix": [
        [
          -Infinity,
          -Infinity,
          -Infinity,
          -Infinity
        ],
        [
          -Infinity,
          -Infinity,
          -Infinity,
          -Infinity
        ],
        [
          -Infinity,
          -Infinity,
          -Infinity,
          -Infinity
        ],
        [
          -Infinity,
          -Infinity,
          -Infinity,
          -Infinity
        ]
      ]
    },
    {
      "file_path": "/media/NFS/ttao/scannet/posed_images/scene0067_01/00088.jpg",
      "transform_matrix": [
        [
          -Infinity,
          -Infinity,
          -Infinity,
          -Infinity
        ],
        [
          -Infinity,
          -Infinity,
          -Infinity,
          -Infinity
        ],
        [
          -Infinity,
          -Infinity,
          -Infinity,
          -Infinity
        ],
        [
          -Infinity,
          -Infinity,
          -Infinity,
          -Infinity
        ]
      ]
    },
    {
      "file_path": "/media/NFS/ttao/scannet/posed_images/scene0067_01/00092.jpg",
      "transform_matrix": [
        [
          -Infinity,
          -Infinity,
          -Infinity,
          -Infinity
        ],
        [
          -Infinity,
          -Infinity,
          -Infinity,
          -Infinity
        ],
        [
          -Infinity,
          -Infinity,
          -Infinity,
          -Infinity
        ],
        [
          -Infinity,
          -Infinity,
          -Infinity,
          -Infinity
        ]
      ]
    },
    {
      "file_path": "/media/NFS/ttao/scannet/posed_images/scene0067_01/00093.jpg",
      "transform_matrix": [
        [
          -Infinity,
          -Infinity,
          -Infinity,
          -Infinity
        ],
        [
          -Infinity,
          -Infinity,
          -Infinity,
          -Infinity
        ],
        [
          -Infinity,
          -Infinity,
          -Infinity,
          -Infinity
        ],
        [
          -Infinity,
          -Infinity,
          -Infinity,
          -Infinity
        ]
      ]
    },
    {
      "file_path": "/media/NFS/ttao/scannet/posed_images/scene0067_01/00097.jpg",
      "transform_matrix": [
        [
          -Infinity,
          -Infinity,
          -Infinity,
          -Infinity
        ],
        [
          -Infinity,
          -Infinity,
          -Infinity,
          -Infinity
        ],
        [
          -Infinity,
          -Infinity,
          -Infinity,
          -Infinity
        ],
        [
          -Infinity,
          -Infinity,
          -Infinity,
          -Infinity
        ]
      ]
    },
    {
      "file_path": "/media/NFS/ttao/scannet/posed_images/scene0067_01/00100.jpg",
      "transform_matrix": [
        [
          -Infinity,
          -Infinity,
          -Infinity,
          -Infinity
        ],
        [
          -Infinity,
          -Infinity,
          -Infinity,
          -Infinity
        ],
        [
          -Infinity,
          -Infinity,
          -Infinity,
          -Infinity
        ],
        [
          -Infinity,
          -Infinity,
          -Infinity,
          -Infinity
        ]
      ]
    },
    {
      "file_path": "/media/NFS/ttao/scannet/posed_images/scene0067_01/00101.jpg",
      "transform_matrix": [
        [
          -Infinity,
          -Infinity,
          -Infinity,
          -Infinity
        ],
        [
          -Infinity,
          -Infinity,
          -Infinity,
          -Infinity
        ],
        [
          -Infinity,
          -Infinity,
          -Infinity,
          -Infinity
        ],
        [
          -Infinity,
          -Infinity,
          -Infinity,
          -Infinity
        ]
      ]
    },
    {
      "file_path": "/media/NFS/ttao/scannet/posed_images/scene0067_01/00103.jpg",
      "transform_matrix": [
        [
          -Infinity,
          -Infinity,
          -Infinity,
          -Infinity
        ],
        [
          -Infinity,
          -Infinity,
          -Infinity,
          -Infinity
        ],
        [
          -Infinity,
          -Infinity,
          -Infinity,
          -Infinity
        ],
        [
          -Infinity,
          -Infinity,
          -Infinity,
          -Infinity
        ]
      ]
    },
    {
      "file_path": "/media/NFS/ttao/scannet/posed_images/scene0067_01/00106.jpg",
      "transform_matrix": [
        [
          -Infinity,
          -Infinity,
          -Infinity,
          -Infinity
        ],
        [
          -Infinity,
          -Infinity,
          -Infinity,
          -Infinity
        ],
        [
          -Infinity,
          -Infinity,
          -Infinity,
          -Infinity
        ],
        [
          -Infinity,
          -Infinity,
          -Infinity,
          -Infinity
        ]
      ]
    },
    {
      "file_path": "/media/NFS/ttao/scannet/posed_images/scene0067_01/00108.jpg",
      "transform_matrix": [
        [
          -Infinity,
          -Infinity,
          -Infinity,
          -Infinity
        ],
        [
          -Infinity,
          -Infinity,
          -Infinity,
          -Infinity
        ],
        [
          -Infinity,
          -Infinity,
          -Infinity,
          -Infinity
        ],
        [
          -Infinity,
          -Infinity,
          -Infinity,
          -Infinity
        ]
      ]
    },
    {
      "file_path": "/media/NFS/ttao/scannet/posed_images/scene0067_01/00111.jpg",
      "transform_matrix": [
        [
          -Infinity,
          -Infinity,
          -Infinity,
          -Infinity
        ],
        [
          -Infinity,
          -Infinity,
          -Infinity,
          -Infinity
        ],
        [
          -Infinity,
          -Infinity,
          -Infinity,
          -Infinity
        ],
        [
          -Infinity,
          -Infinity,
          -Infinity,
          -Infinity
        ]
      ]
    },
    {
      "file_path": "/media/NFS/ttao/scannet/posed_images/scene0067_01/00115.jpg",
      "transform_matrix": [
        [
          -Infinity,
          -Infinity,
          -Infinity,
          -Infinity
        ],
        [
          -Infinity,
          -Infinity,
          -Infinity,
          -Infinity
        ],
        [
          -Infinity,
          -Infinity,
          -Infinity,
          -Infinity
        ],
        [
          -Infinity,
          -Infinity,
          -Infinity,
          -Infinity
        ]
      ]
    },
    {
      "file_path": "/media/NFS/ttao/scannet/posed_images/scene0067_01/00116.jpg",
      "transform_matrix": [
        [
          -Infinity,
          -Infinity,
          -Infinity,
          -Infinity
        ],
        [
          -Infinity,
          -Infinity,
          -Infinity,
          -Infinity
        ],
        [
          -Infinity,
          -Infinity,
          -Infinity,
          -Infinity
        ],
        [
          -Infinity,
          -Infinity,
          -Infinity,
          -Infinity
        ]
      ]
    },
    {
      "file_path": "/media/NFS/ttao/scannet/posed_images/scene0067_01/00120.jpg",
      "transform_matrix": [
        [
          -Infinity,
          -Infinity,
          -Infinity,
          -Infinity
        ],
        [
          -Infinity,
          -Infinity,
          -Infinity,
          -Infinity
        ],
        [
          -Infinity,
          -Infinity,
          -Infinity,
          -Infinity
        ],
        [
          -Infinity,
          -Infinity,
          -Infinity,
          -Infinity
        ]
      ]
    },
    {
      "file_path": "/media/NFS/ttao/scannet/posed_images/scene0067_01/00121.jpg",
      "transform_matrix": [
        [
          -Infinity,
          -Infinity,
          -Infinity,
          -Infinity
        ],
        [
          -Infinity,
          -Infinity,
          -Infinity,
          -Infinity
        ],
        [
          -Infinity,
          -Infinity,
          -Infinity,
          -Infinity
        ],
        [
          -Infinity,
          -Infinity,
          -Infinity,
          -Infinity
        ]
      ]
    },
    {
      "file_path": "/media/NFS/ttao/scannet/posed_images/scene0067_01/00124.jpg",
      "transform_matrix": [
        [
          -Infinity,
          -Infinity,
          -Infinity,
          -Infinity
        ],
        [
          -Infinity,
          -Infinity,
          -Infinity,
          -Infinity
        ],
        [
          -Infinity,
          -Infinity,
          -Infinity,
          -Infinity
        ],
        [
          -Infinity,
          -Infinity,
          -Infinity,
          -Infinity
        ]
      ]
    },
    {
      "file_path": "/media/NFS/ttao/scannet/posed_images/scene0067_01/00126.jpg",
      "transform_matrix": [
        [
          -Infinity,
          -Infinity,
          -Infinity,
          -Infinity
        ],
        [
          -Infinity,
          -Infinity,
          -Infinity,
          -Infinity
        ],
        [
          -Infinity,
          -Infinity,
          -Infinity,
          -Infinity
        ],
        [
          -Infinity,
          -Infinity,
          -Infinity,
          -Infinity
        ]
      ]
    },
    {
      "file_path": "/media/NFS/ttao/scannet/posed_images/scene0067_01/00129.jpg",
      "transform_matrix": [
        [
          -Infinity,
          -Infinity,
          -Infinity,
          -Infinity
        ],
        [
          -Infinity,
          -Infinity,
          -Infinity,
          -Infinity
        ],
        [
          -Infinity,
          -Infinity,
          -Infinity,
          -Infinity
        ],
        [
          -Infinity,
          -Infinity,
          -Infinity,
          -Infinity
        ]
      ]
    },
    {
      "file_path": "/media/NFS/ttao/scannet/posed_images/scene0067_01/00132.jpg",
      "transform_matrix": [
        [
          -Infinity,
          -Infinity,
          -Infinity,
          -Infinity
        ],
        [
          -Infinity,
          -Infinity,
          -Infinity,
          -Infinity
        ],
        [
          -Infinity,
          -Infinity,
          -Infinity,
          -Infinity
        ],
        [
          -Infinity,
          -Infinity,
          -Infinity,
          -Infinity
        ]
      ]
    },
    {
      "file_path": "/media/NFS/ttao/scannet/posed_images/scene0067_01/00135.jpg",
      "transform_matrix": [
        [
          -Infinity,
          -Infinity,
          -Infinity,
          -Infinity
        ],
        [
          -Infinity,
          -Infinity,
          -Infinity,
          -Infinity
        ],
        [
          -Infinity,
          -Infinity,
          -Infinity,
          -Infinity
        ],
        [
          -Infinity,
          -Infinity,
          -Infinity,
          -Infinity
        ]
      ]
    },
    {
      "file_path": "/media/NFS/ttao/scannet/posed_images/scene0067_01/00137.jpg",
      "transform_matrix": [
        [
          -Infinity,
          -Infinity,
          -Infinity,
          -Infinity
        ],
        [
          -Infinity,
          -Infinity,
          -Infinity,
          -Infinity
        ],
        [
          -Infinity,
          -Infinity,
          -Infinity,
          -Infinity
        ],
        [
          -Infinity,
          -Infinity,
          -Infinity,
          -Infinity
        ]
      ]
    },
    {
      "file_path": "/media/NFS/ttao/scannet/posed_images/scene0067_01/00138.jpg",
      "transform_matrix": [
        [
          -Infinity,
          -Infinity,
          -Infinity,
          -Infinity
        ],
        [
          -Infinity,
          -Infinity,
          -Infinity,
          -Infinity
        ],
        [
          -Infinity,
          -Infinity,
          -Infinity,
          -Infinity
        ],
        [
          -Infinity,
          -Infinity,
          -Infinity,
          -Infinity
        ]
      ]
    },
    {
      "file_path": "/media/NFS/ttao/scannet/posed_images/scene0067_01/00143.jpg",
      "transform_matrix": [
        [
          -Infinity,
          -Infinity,
          -Infinity,
          -Infinity
        ],
        [
          -Infinity,
          -Infinity,
          -Infinity,
          -Infinity
        ],
        [
          -Infinity,
          -Infinity,
          -Infinity,
          -Infinity
        ],
        [
          -Infinity,
          -Infinity,
          -Infinity,
          -Infinity
        ]
      ]
    },
    {
      "file_path": "/media/NFS/ttao/scannet/posed_images/scene0067_01/00144.jpg",
      "transform_matrix": [
        [
          -Infinity,
          -Infinity,
          -Infinity,
          -Infinity
        ],
        [
          -Infinity,
          -Infinity,
          -Infinity,
          -Infinity
        ],
        [
          -Infinity,
          -Infinity,
          -Infinity,
          -Infinity
        ],
        [
          -Infinity,
          -Infinity,
          -Infinity,
          -Infinity
        ]
      ]
    },
    {
      "file_path": "/media/NFS/ttao/scannet/posed_images/scene0067_01/00146.jpg",
      "transform_matrix": [
        [
          -Infinity,
          -Infinity,
          -Infinity,
          -Infinity
        ],
        [
          -Infinity,
          -Infinity,
          -Infinity,
          -Infinity
        ],
        [
          -Infinity,
          -Infinity,
          -Infinity,
          -Infinity
        ],
        [
          -Infinity,
          -Infinity,
          -Infinity,
          -Infinity
        ]
      ]
    },
    {
      "file_path": "/media/NFS/ttao/scannet/posed_images/scene0067_01/00149.jpg",
      "transform_matrix": [
        [
          -Infinity,
          -Infinity,
          -Infinity,
          -Infinity
        ],
        [
          -Infinity,
          -Infinity,
          -Infinity,
          -Infinity
        ],
        [
          -Infinity,
          -Infinity,
          -Infinity,
          -Infinity
        ],
        [
          -Infinity,
          -Infinity,
          -Infinity,
          -Infinity
        ]
      ]
    },
    {
      "file_path": "/media/NFS/ttao/scannet/posed_images/scene0067_01/00153.jpg",
      "transform_matrix": [
        [
          -Infinity,
          -Infinity,
          -Infinity,
          -Infinity
        ],
        [
          -Infinity,
          -Infinity,
          -Infinity,
          -Infinity
        ],
        [
          -Infinity,
          -Infinity,
          -Infinity,
          -Infinity
        ],
        [
          -Infinity,
          -Infinity,
          -Infinity,
          -Infinity
        ]
      ]
    },
    {
      "file_path": "/media/NFS/ttao/scannet/posed_images/scene0067_01/00154.jpg",
      "transform_matrix": [
        [
          -Infinity,
          -Infinity,
          -Infinity,
          -Infinity
        ],
        [
          -Infinity,
          -Infinity,
          -Infinity,
          -Infinity
        ],
        [
          -Infinity,
          -Infinity,
          -Infinity,
          -Infinity
        ],
        [
          -Infinity,
          -Infinity,
          -Infinity,
          -Infinity
        ]
      ]
    },
    {
      "file_path": "/media/NFS/ttao/scannet/posed_images/scene0067_01/00157.jpg",
      "transform_matrix": [
        [
          -Infinity,
          -Infinity,
          -Infinity,
          -Infinity
        ],
        [
          -Infinity,
          -Infinity,
          -Infinity,
          -Infinity
        ],
        [
          -Infinity,
          -Infinity,
          -Infinity,
          -Infinity
        ],
        [
          -Infinity,
          -Infinity,
          -Infinity,
          -Infinity
        ]
      ]
    },
    {
      "file_path": "/media/NFS/ttao/scannet/posed_images/scene0067_01/00160.jpg",
      "transform_matrix": [
        [
          0.055112,
          0.091957,
          -0.994237,
          1.297726
        ],
        [
          0.998478,
          -0.003,
          0.05507,
          0.848363
        ],
        [
          0.002081,
          -0.995758,
          -0.091983,
          1.514466
        ],
        [
          0.0,
          0.0,
          0.0,
          1.0
        ]
      ]
    },
    {
      "file_path": "/media/NFS/ttao/scannet/posed_images/scene0067_01/00163.jpg",
      "transform_matrix": [
        [
          0.051556,
          0.167625,
          -0.984502,
          1.287832
        ],
        [
          0.99867,
          -0.00771,
          0.050986,
          0.844326
        ],
        [
          0.000957,
          -0.985821,
          -0.167799,
          1.499433
        ],
        [
          0.0,
          0.0,
          0.0,
          1.0
        ]
      ]
    },
    {
      "file_path": "/media/NFS/ttao/scannet/posed_images/scene0067_01/00165.jpg",
      "transform_matrix": [
        [
          0.054309,
          0.215949,
          -0.974893,
          1.281725
        ],
        [
          0.998515,
          -0.007603,
          0.053941,
          0.843228
        ],
        [
          0.004236,
          -0.976375,
          -0.216041,
          1.487202
        ],
        [
          0.0,
          0.0,
          0.0,
          1.0
        ]
      ]
    },
    {
      "file_path": "/media/NFS/ttao/scannet/posed_images/scene0067_01/00168.jpg",
      "transform_matrix": [
        [
          0.063485,
          0.279774,
          -0.957965,
          1.274471
        ],
        [
          0.997801,
          0.000538,
          0.066282,
          0.837154
        ],
        [
          0.019059,
          -0.960066,
          -0.279124,
          1.469768
        ],
        [
          0.0,
          0.0,
          0.0,
          1.0
        ]
      ]
    },
    {
      "file_path": "/media/NFS/ttao/scannet/posed_images/scene0067_01/00169.jpg",
      "transform_matrix": [
        [
          0.06701,
          0.299129,
          -0.951857,
          1.272152
        ],
        [
          0.997442,
          0.003707,
          0.071384,
          0.835102
        ],
        [
          0.024882,
          -0.954206,
          -0.298115,
          1.465984
        ],
        [
          0.0,
          0.0,
          0.0,
          1.0
        ]
      ]
    },
    {
      "file_path": "/media/NFS/ttao/scannet/posed_images/scene0067_01/00172.jpg",
      "transform_matrix": [
        [
          0.076286,
          0.359346,
          -0.930081,
          1.261725
        ],
        [
          0.996586,
          0.002067,
          0.08254,
          0.833658
        ],
        [
          0.031582,
          -0.933202,
          -0.357961,
          1.417246
        ],
        [
          0.0,
          0.0,
          0.0,
          1.0
        ]
      ]
    },
    {
      "file_path": "/media/NFS/ttao/scannet/posed_images/scene0067_01/00175.jpg",
      "transform_matrix": [
        [
          0.081769,
          0.418529,
          -0.904515,
          1.25671
        ],
        [
          0.995148,
          0.015549,
          0.097157,
          0.828477
        ],
        [
          0.054727,
          -0.90807,
          -0.415227,
          1.409991
        ],
        [
          0.0,
          0.0,
          0.0,
          1.0
        ]
      ]
    },
    {
      "file_path": "/media/NFS/ttao/scannet/posed_images/scene0067_01/00176.jpg",
      "transform_matrix": [
        [
          0.081163,
          0.438624,
          -0.894998,
          1.254087
        ],
        [
          0.994673,
          0.021601,
          0.100788,
          0.825569
        ],
        [
          0.063541,
          -0.898411,
          -0.434535,
          1.426061
        ],
        [
          0.0,
          0.0,
          0.0,
          1.0
        ]
      ]
    },
    {
      "file_path": "/media/NFS/ttao/scannet/posed_images/scene0067_01/00180.jpg",
      "transform_matrix": [
        [
          0.070431,
          0.510728,
          -0.856852,
          1.248259
        ],
        [
          0.997514,
          -0.034083,
          0.061678,
          0.861886
        ],
        [
          0.002297,
          -0.859066,
          -0.511859,
          1.348605
        ],
        [
          0.0,
          0.0,
          0.0,
          1.0
        ]
      ]
    },
    {
      "file_path": "/media/NFS/ttao/scannet/posed_images/scene0067_01/00182.jpg",
      "transform_matrix": [
        [
          0.062286,
          0.540864,
          -0.838801,
          1.248654
        ],
        [
          0.998027,
          -0.040439,
          0.048034,
          0.867776
        ],
        [
          -0.00794,
          -0.840137,
          -0.542315,
          1.337137
        ],
        [
          0.0,
          0.0,
          0.0,
          1.0
        ]
      ]
    },
    {
      "file_path": "/media/NFS/ttao/scannet/posed_images/scene0067_01/00185.jpg",
      "transform_matrix": [
        [
          0.038397,
          0.598406,
          -0.800273,
          1.253073
        ],
        [
          0.998937,
          -0.043436,
          0.01545,
          0.880611
        ],
        [
          -0.025515,
          -0.800015,
          -0.599437,
          1.310973
        ],
        [
          0.0,
          0.0,
          0.0,
          1.0
        ]
      ]
    },
    {
      "file_path": "/media/NFS/ttao/scannet/posed_images/scene0067_01/00186.jpg",
      "transform_matrix": [
        [
          0.033948,
          0.609457,
          -0.792091,
          1.255648
        ],
        [
          0.999016,
          -0.043332,
          0.009475,
          0.886115
        ],
        [
          -0.028548,
          -0.791633,
          -0.610329,
          1.303449
        ],
        [
          0.0,
          0.0,
          0.0,
          1.0
        ]
      ]
    },
    {
      "file_path": "/media/NFS/ttao/scannet/posed_images/scene0067_01/00189.jpg",
      "transform_matrix": [
        [
          0.025902,
          0.635313,
          -0.77182,
          1.263673
        ],
        [
          0.999214,
          -0.039634,
          0.000908,
          0.899871
        ],
        [
          -0.030014,
          -0.771237,
          -0.63584,
          1.283098
        ],
        [
          0.0,
          0.0,
          0.0,
          1.0
        ]
      ]
    },
    {
