{
  "frames": [
    {
      "file_path": "/media/NFS/ttao/scannet/posed_images/scene0222_01/00000.jpg",
      "transform_matrix": [
        [
          -0.796761,
          -0.557962,
          0.232056,
          0.792125
        ],
        [
          -0.598081,
          0.783035,
          -0.17075,
          5.126714
        ],
        [
          -0.086436,
          -0.274835,
          -0.957598,
          1.321334
        ],
        [
          0.0,
          0.0,
          0.0,
          1.0
        ]
      ]
    },
    {
      "file_path": "/media/NFS/ttao/scannet/posed_images/scene0222_01/00017.jpg",
      "transform_matrix": [
        [
          -0.810041,
          -0.478097,
          0.339496,
          0.776297
        ],
        [
          -0.576834,
          0.75373,
          -0.314887,
          5.154375
        ],
        [
          -0.105342,
          -0.450904,
          -0.886334,
          1.375572
        ],
        [
          0.0,
          0.0,
          0.0,
          1.0
        ]
      ]
    },
    {
      "file_path": "/media/NFS/ttao/scannet/posed_images/scene0222_01/00029.jpg",
      "transform_matrix": [
        [
          -0.832759,
          -0.438572,
          0.337886,
          0.756097
        ],
        [
          -0.547592,
          0.742414,
          -0.38596,
          5.156903
        ],
        [
          -0.08158,
          -0.506436,
          -0.85841,
          1.389022
        ],
        [
          0.0,
          0.0,
          0.0,
          1.0
        ]
      ]
    },
    {
      "file_path": "/media/NFS/ttao/scannet/posed_images/scene0222_01/00038.jpg",
      "transform_matrix": [
        [
          -0.852696,
          -0.405225,
          0.329701,
          0.747209
        ],
        [
          -0.518141,
          0.736523,
          -0.434816,
          5.156967
        ],
        [
          -0.066634,
          -0.541597,
          -0.837993,
          1.397745
        ],
        [
          0.0,
          0.0,
          0.0,
          1.0
        ]
      ]
    },
    {
      "file_path": "/media/NFS/ttao/scannet/posed_images/scene0222_01/00063.jpg",
      "transform_matrix": [
        [
          -0.935064,
          -0.272886,
          0.226247,
          0.742059
        ],
        [
          -0.354395,
          0.733469,
          -0.580023,
          5.153025
        ],
        [
          -0.007665,
          -0.62254,
          -0.782551,
          1.425463
        ],
        [
          0.0,
          0.0,
          0.0,
          1.0
        ]
      ]
    },
    {
      "file_path": "/media/NFS/ttao/scannet/posed_images/scene0222_01/00067.jpg",
      "transform_matrix": [
        [
          -0.94425,
          -0.25677,
          0.206062,
          0.739006
        ],
        [
          -0.329227,
          0.733743,
          -0.594332,
          5.148922
        ],
        [
          0.00141,
          -0.629039,
          -0.777373,
          1.429943
        ],
        [
          0.0,
          0.0,
          0.0,
          1.0
        ]
      ]
    },
    {
      "file_path": "/media/NFS/ttao/scannet/posed_images/scene0222_01/00092.jpg",
      "transform_matrix": [
        [
          -0.983128,
          -0.155038,
          0.097072,
          0.737896
        ],
        [
          -0.177461,
          0.679727,
          -0.711673,
          5.132628
        ],
        [
          0.044354,
          -0.716892,
          -0.695772,
          1.466455
        ],
        [
          0.0,
          0.0,
          0.0,
          1.0
        ]
      ]
    },
    {
      "file_path": "/media/NFS/ttao/scannet/posed_images/scene0222_01/00100.jpg",
      "transform_matrix": [
        [
          -0.985746,
          -0.142578,
          0.089307,
          0.743958
        ],
        [
          -0.160721,
          0.641163,
          -0.750385,
          5.130127
        ],
        [
          0.049728,
          -0.754043,
          -0.65494,
          1.485062
        ],
        [
          0.0,
          0.0,
          0.0,
          1.0
        ]
      ]
    },
    {
      "file_path": "/media/NFS/ttao/scannet/posed_images/scene0222_01/00113.jpg",
      "transform_matrix": [
        [
          -0.986631,
          -0.127422,
          0.101607,
          0.746245
        ],
        [
          -0.157448,
          0.584284,
          -0.79613,
          5.127103
        ],
        [
          0.042077,
          -0.801484,
          -0.596534,
          1.506333
        ],
        [
          0.0,
          0.0,
          0.0,
          1.0
        ]
      ]
    },
    {
      "file_path": "/media/NFS/ttao/scannet/posed_images/scene0222_01/00134.jpg",
      "transform_matrix": [
        [
          -0.98868,
          -0.096191,
          0.11515,
          0.74462
        ],
        [
          -0.14736,
          0.478081,
          -0.865866,
          5.12386
        ],
        [
          0.028237,
          -0.873032,
          -0.486844,
          1.537948
        ],
        [
          0.0,
          0.0,
          0.0,
          1.0
        ]
      ]
    },
    {
      "file_path": "/media/NFS/ttao/scannet/posed_images/scene0222_01/00146.jpg",
      "transform_matrix": [
        [
          -0.987772,
          -0.089366,
          0.12775,
          0.741788
        ],
        [
          -0.153939,
          0.429335,
          -0.88993,
          5.114301
        ],
        [
          0.024682,
          -0.898713,
          -0.437842,
          1.557111
        ],
        [
          0.0,
          0.0,
          0.0,
          1.0
        ]
      ]
    },
    {
      "file_path": "/media/NFS/ttao/scannet/posed_images/scene0222_01/00155.jpg",
      "transform_matrix": [
        [
          -0.986203,
          -0.084693,
          0.142232,
          0.741784
        ],
        [
          -0.164321,
          0.396857,
          -0.903052,
          5.110682
        ],
        [
          0.020037,
          -0.913965,
          -0.405299,
          1.565204
        ],
        [
          0.0,
          0.0,
          0.0,
          1.0
        ]
      ]
    },
    {
      "file_path": "/media/NFS/ttao/scannet/posed_images/scene0222_01/00167.jpg",
      "transform_matrix": [
        [
          -0.986061,
          -0.075896,
          0.148063,
          0.74554
        ],
        [
          -0.165284,
          0.344792,
          -0.924013,
          5.104459
        ],
        [
          0.019078,
          -0.935605,
          -0.352531,
          1.577219
        ],
        [
          0.0,
          0.0,
          0.0,
          1.0
        ]
      ]
    },
    {
      "file_path": "/media/NFS/ttao/scannet/posed_images/scene0222_01/00180.jpg",
      "transform_matrix": [
        [
          -0.987915,
          -0.069112,
          0.138739,
          0.747122
        ],
        [
          -0.152426,
          0.270751,
          -0.950505,
          5.095551
        ],
        [
          0.028127,
          -0.960165,
          -0.278013,
          1.596402
        ],
        [
          0.0,
          0.0,
          0.0,
          1.0
        ]
      ]
    },
    {
      "file_path": "/media/NFS/ttao/scannet/posed_images/scene0222_01/00201.jpg",
      "transform_matrix": [
        [
          -0.991228,
          -0.050342,
          0.122199,
          0.752517
        ],
        [
          -0.129075,
          0.170038,
          -0.976948,
          5.101344
        ],
        [
          0.028403,
          -0.984151,
          -0.175044,
          1.627345
        ],
        [
          0.0,
          0.0,
          0.0,
          1.0
        ]
      ]
    },
    {
      "file_path": "/media/NFS/ttao/scannet/posed_images/scene0222_01/00217.jpg",
      "transform_matrix": [
        [
          -0.98591,
          -0.064645,
          0.154279,
          0.760735
        ],
        [
          -0.161379,
          0.124861,
          -0.978962,
          5.119028
        ],
        [
          0.044021,
          -0.990066,
          -0.133534,
          1.641648
        ],
        [
          0.0,
          0.0,
          0.0,
          1.0
        ]
      ]
    },
    {
      "file_path": "/media/NFS/ttao/scannet/posed_images/scene0222_01/00226.jpg",
      "transform_matrix": [
        [
          -0.977832,
          -0.068375,
          0.197912,
          0.7603
        ],
        [
          -0.205597,
          0.134449,
          -0.969357,
          5.128016
        ],
        [
          0.039671,
          -0.988559,
          -0.145526,
          1.6379
        ],
        [
          0.0,
          0.0,
          0.0,
          1.0
        ]
      ]
    },
    {
      "file_path": "/media/NFS/ttao/scannet/posed_images/scene0222_01/00238.jpg",
      "transform_matrix": [
        [
          -0.961314,
          -0.069945,
          0.266428,
          0.761776
        ],
        [
          -0.274301,
          0.154616,
          -0.949133,
          5.129367
        ],
        [
          0.025193,
          -0.985496,
          -0.167821,
          1.642121
        ],
        [
          0.0,
          0.0,
          0.0,
          1.0
        ]
      ]
    },
    {
      "file_path": "/media/NFS/ttao/scannet/posed_images/scene0222_01/00247.jpg",
      "transform_matrix": [
        [
          -0.942375,
          -0.078636,
          0.325186,
          0.758301
        ],
        [
          -0.334219,
          0.177479,
          -0.925634,
          5.126238
        ],
        [
          0.015074,
          -0.980978,
          -0.193534,
          1.635225
        ],
        [
          0.0,
          0.0,
          0.0,
          1.0
        ]
      ]
    },
    {
      "file_path": "/media/NFS/ttao/scannet/posed_images/scene0222_01/00263.jpg",
      "transform_matrix": [
        [
          -0.889634,
          -0.070943,
          0.45113,
          0.739707
        ],
        [
          -0.456491,
          0.166122,
          -0.874082,
          5.127697
        ],
        [
          -0.012933,
          -0.98355,
          -0.180172,
          1.642442
        ],
        [
          0.0,
          0.0,
          0.0,
          1.0
        ]
      ]
    },
    {
      "file_path": "/media/NFS/ttao/scannet/posed_images/scene0222_01/00280.jpg",
      "transform_matrix": [
        [
          -0.840165,
          -0.080127,
          0.536379,
          0.734366
        ],
        [
          -0.541631,
          0.174168,
          -0.822375,
          5.145967
        ],
        [
          -0.027526,
          -0.98145,
          -0.189729,
          1.629142
        ],
        [
          0.0,
          0.0,
          0.0,
          1.0
        ]
      ]
    },
    {
      "file_path": "/media/NFS/ttao/scannet/posed_images/scene0222_01/00301.jpg",
      "transform_matrix": [
        [
          -0.842485,
          -0.155511,
          0.515786,
          0.735265
        ],
        [
          -0.538001,
          0.292301,
          -0.790642,
          5.139228
        ],
        [
          -0.027811,
          -0.943598,
          -0.329924,
          1.61303
        ],
        [
          0.0,
          0.0,
          0.0,
          1.0
        ]
      ]
    },
    {
      "file_path": "/media/NFS/ttao/scannet/posed_images/scene0222_01/00314.jpg",
      "transform_matrix": [
        [
          -0.848866,
          -0.187929,
          0.494075,
          0.739045
        ],
        [
          -0.527649,
          0.357525,
          -0.77056,
          5.132227
        ],
        [
          -0.031834,
          -0.9148,
          -0.402651,
          1.603104
        ],
        [
          0.0,
          0.0,
          0.0,
          1.0
        ]
      ]
    },
    {
      "file_path": "/media/NFS/ttao/scannet/posed_images/scene0222_01/00326.jpg",
      "transform_matrix": [
        [
          -0.8553,
          -0.202217,
          0.477043,
          0.749208
        ],
        [
          -0.517518,
          0.37825,
          -0.76753,
          5.137574
        ],
        [
          -0.025234,
          -0.903347,
          -0.428168,
          1.598253
        ],
        [
          0.0,
          0.0,
          0.0,
          1.0
        ]
      ]
    },
    {
      "file_path": "/media/NFS/ttao/scannet/posed_images/scene0222_01/00335.jpg",
      "transform_matrix": [
        [
          -0.858124,
          -0.207216,
          0.469771,
          0.753001
        ],
        [
          -0.512921,
          0.387179,
          -0.766162,
          5.139482
        ],
        [
          -0.023125,
          -0.898417,
          -0.438533,
          1.59458
        ],
        [
          0.0,
          0.0,
          0.0,
          1.0
        ]
      ]
    },
    {
      "file_path": "/media/NFS/ttao/scannet/posed_images/scene0222_01/00351.jpg",
      "transform_matrix": [
        [
          -0.830468,
          -0.250382,
          0.497626,
          0.753651
        ],
        [
          -0.555165,
          0.445737,
          -0.702218,
          5.13614
        ],
        [
          -0.045987,
          -0.859434,
          -0.509174,
          1.579374
        ],
        [
          0.0,
          0.0,
          0.0,
          1.0
        ]
      ]
    },
    {
      "file_path": "/media/NFS/ttao/scannet/posed_images/scene0222_01/00364.jpg",
      "transform_matrix": [
        [
          -0.802115,
          -0.294497,
          0.519503,
          0.738053
        ],
        [
          -0.593975,
          0.483318,
          -0.643115,
          5.122105
        ],
        [
          -0.061689,
          -0.824424,
          -0.5626,
          1.561508
        ],
        [
          0.0,
          0.0,
          0.0,
          1.0
        ]
      ]
    },
    {
      "file_path": "/media/NFS/ttao/scannet/posed_images/scene0222_01/00385.jpg",
      "transform_matrix": [
        [
          -0.639268,
          -0.382393,
          0.667167,
          0.746737
        ],
        [
          -0.764541,
          0.409185,
          -0.498042,
          5.079687
        ],
        [
          -0.082546,
          -0.828458,
          -0.553934,
          1.547844
        ],
        [
          0.0,
          0.0,
          0.0,
          1.0
        ]
      ]
    },
    {
      "file_path": "/media/NFS/ttao/scannet/posed_images/scene0222_01/00389.jpg",
      "transform_matrix": [
        [
          -0.608051,
          -0.390676,
          0.69112,
          0.765776
        ],
        [
          -0.789406,
          0.390009,
          -0.474059,
          5.067616
        ],
        [
          -0.084339,
          -0.833825,
          -0.545547,
          1.549156
        ],
        [
          0.0,
          0.0,
          0.0,
          1.0
        ]
      ]
    },
    {
      "file_path": "/media/NFS/ttao/scannet/posed_images/scene0222_01/00401.jpg",
      "transform_matrix": [
        [
          -0.521181,
          -0.389847,
          0.759203,
          0.824055
        ],
        [
          -0.849489,
          0.322529,
          -0.417544,
          5.032903
        ],
        [
          -0.082086,
          -0.862551,
          -0.499267,
          1.557937
        ],
        [
          0.0,
          0.0,
          0.0,
          1.0
        ]
      ]
    },
    {
      "file_path": "/media/NFS/ttao/scannet/posed_images/scene0222_01/00414.jpg",
      "transform_matrix": [
        [
          -0.40101,
          -0.448312,
          0.798879,
          0.865798
        ],
        [
          -0.911827,
          0.279214,
          -0.301017,
          5.003498
        ],
        [
          -0.088109,
          -0.84915,
          -0.52075,
          1.544046
        ],
        [
          0.0,
          0.0,
          0.0,
          1.0
        ]
      ]
    },
    {
      "file_path": "/media/NFS/ttao/scannet/posed_images/scene0222_01/00439.jpg",
      "transform_matrix": [
        [
          -0.094427,
          -0.509024,
          0.855557,
          0.837807
        ],
        [
          -0.992615,
          0.113882,
          -0.041798,
          4.923157
        ],
        [
          -0.076157,
          -0.853185,
          -0.516018,
          1.537693
        ],
        [
          0.0,
          0.0,
          0.0,
          1.0
        ]
      ]
    },
    {
      "file_path": "/media/NFS/ttao/scannet/posed_images/scene0222_01/00443.jpg",
      "transform_matrix": [
        [
          -0.083869,
          -0.516969,
          0.851886,
          0.83492
        ],
        [
          -0.994012,
          0.103492,
          -0.035057,
          4.920506
        ],
        [
          -0.07004,
          -0.849725,
          -0.522553,
          1.534681
        ],
        [
          0.0,
          0.0,
          0.0,
          1.0
        ]
      ]
    },
    {
      "file_path": "/media/NFS/ttao/scannet/posed_images/scene0222_01/00464.jpg",
      "transform_matrix": [
        [
          -0.163453,
          -0.598464,
          0.784298,
          0.823137
        ],
        [
          -0.985884,
          0.128317,
          -0.107551,
          4.921507
        ],
        [
          -0.036274,
          -0.790806,
          -0.61099,
          1.513395
        ],
        [
          0.0,
          0.0,
          0.0,
          1.0
        ]
      ]
    },
    {
      "file_path": "/media/NFS/ttao/scannet/posed_images/scene0222_01/00477.jpg",
      "transform_matrix": [
        [
          -0.20344,
          -0.654371,
          0.728293,
          0.814364
        ],
        [
          -0.978044,
          0.17015,
          -0.120326,
          4.938512
        ],
        [
          -0.045181,
          -0.736782,
          -0.674619,
          1.493856
        ],
        [
          0.0,
          0.0,
          0.0,
          1.0
        ]
      ]
    },
    {
      "file_path": "/media/NFS/ttao/scannet/posed_images/scene0222_01/00485.jpg",
      "transform_matrix": [
        [
          -0.245425,
          -0.705278,
          0.665093,
          0.816151
        ],
        [
          -0.967937,
          0.216159,
          -0.127958,
          4.951241
        ],
        [
          -0.053521,
          -0.675172,
          -0.735716,
          1.474698
        ],
        [
          0.0,
          0.0,
          0.0,
          1.0
        ]
      ]
    },
    {
      "file_path": "/media/NFS/ttao/scannet/posed_images/scene0222_01/00502.jpg",
      "transform_matrix": [
        [
          -0.258774,
          -0.813092,
          0.521457,
          0.819739
        ],
        [
          -0.964804,
          0.243725,
          -0.098753,
          4.954741
        ],
        [
          -0.046797,
          -0.528659,
          -0.847543,
          1.431902
        ],
        [
          0.0,
          0.0,
          0.0,
          1.0
        ]
      ]
    },
    {
      "file_path": "/media/NFS/ttao/scannet/posed_images/scene0222_01/00519.jpg",
      "transform_matrix": [
        [
          -0.221731,
          -0.891052,
          0.396059,
          0.816257
        ],
        [
          -0.972401,
          0.232299,
          -0.021767,
          4.930867
        ],
        [
          -0.072608,
          -0.389954,
          -0.917967,
          1.395652
        ],
        [
          0.0,
          0.0,
          0.0,
          1.0
        ]
      ]
    },
    {
      "file_path": "/media/NFS/ttao/scannet/posed_images/scene0222_01/00535.jpg",
      "transform_matrix": [
        [
          -0.153148,
          -0.942132,
          0.298217,
          0.809676
        ],
        [
          -0.98595,
          0.166042,
          0.018233,
          4.903253
        ],
        [
          -0.066694,
          -0.291235,
          -0.954324,
          1.381896
        ],
        [
          0.0,
          0.0,
          0.0,
          1.0
        ]
      ]
    },
    {
      "file_path": "/media/NFS/ttao/scannet/posed_images/scene0222_01/00552.jpg",
      "transform_matrix": [
        [
          -0.188285,
          -0.874943,
          0.44612,
          0.835024
        ],
        [
          -0.981284,
          0.186269,
          -0.048837,
          4.923307
        ],
        [
          -0.040369,
          -0.446966,
          -0.89364,
          1.408083
        ],
        [
          0.0,
          0.0,
          0.0,
          1.0
        ]
      ]
    },
    {
      "file_path": "/media/NFS/ttao/scannet/posed_images/scene0222_01/00560.jpg",
      "transform_matrix": [
        [
          -0.127826,
          -0.843395,
          0.521867,
          0.843686
        ],
        [
          -0.990478,
          0.135681,
          -0.023333,
          4.895144
        ],
        [
          -0.051128,
          -0.51988,
          -0.852708,
          1.418078
        ],
        [
          0.0,
          0.0,
          0.0,
          1.0
        ]
      ]
    },
    {
      "file_path": "/media/NFS/ttao/scannet/posed_images/scene0222_01/00569.jpg",
      "transform_matrix": [
        [
          -0.019387,
          -0.81952,
          0.572722,
          0.848442
        ],
        [
          -0.998319,
          0.047163,
          0.033693,
          4.827744
        ],
        [
          -0.054623,
          -0.571106,
          -0.819057,
          1.426395
        ],
        [
          0.0,
          0.0,
          0.0,
          1.0
        ]
      ]
    },
    {
      "file_path": "/media/NFS/ttao/scannet/posed_images/scene0222_01/00581.jpg",
      "transform_matrix": [
        [
          0.041573,
          -0.771845,
          0.634451,
          0.873117
        ],
        [
          -0.996589,
          0.013278,
          0.081455,
          4.753262
        ],
        [
          -0.071294,
          -0.635673,
          -0.768659,
          1.431614
        ],
        [
          0.0,
          0.0,
          0.0,
          1.0
        ]
      ]
    },
    {
      "file_path": "/media/NFS/ttao/scannet/posed_images/scene0222_01/00606.jpg",
      "transform_matrix": [
        [
          0.089543,
          -0.707826,
          0.700689,
          1.147077
        ],
        [
          -0.995305,
          -0.03764,
          0.089169,
          4.664649
        ],
        [
          -0.036742,
          -0.705383,
          -0.707873,
          1.454449
        ],
        [
          0.0,
          0.0,
          0.0,
          1.0
        ]
      ]
    },
    {
      "file_path": "/media/NFS/ttao/scannet/posed_images/scene0222_01/00611.jpg",
      "transform_matrix": [
        [
          0.125371,
          -0.709901,
          0.693053,
          1.194306
        ],
        [
          -0.990628,
          -0.0514,
          0.126552,
          4.635366
        ],
        [
          -0.054216,
          -0.702423,
          -0.709692,
          1.465702
        ],
        [
          0.0,
          0.0,
          0.0,
          1.0
        ]
      ]
    },
    {
      "file_path": "/media/NFS/ttao/scannet/posed_images/scene0222_01/00627.jpg",
      "transform_matrix": [
        [
          0.23237,
          -0.640952,
          0.731563,
          1.274821
        ],
        [
          -0.971993,
          -0.125857,
          0.19847,
          4.445756
        ],
        [
          -0.035137,
          -0.757192,
          -0.652246,
          1.483741
        ],
        [
          0.0,
          0.0,
          0.0,
          1.0
        ]
      ]
    },
    {
      "file_path": "/media/NFS/ttao/scannet/posed_images/scene0222_01/00640.jpg",
      "transform_matrix": [
        [
          0.146273,
          -0.666165,
          0.731319,
          1.345562
        ],
        [
          -0.989149,
          -0.08822,
          0.117482,
          4.350198
        ],
        [
          -0.013745,
          -0.740568,
          -0.671841,
          1.485163
        ],
        [
          0.0,
          0.0,
          0.0,
          1.0
        ]
      ]
    },
    {
      "file_path": "/media/NFS/ttao/scannet/posed_images/scene0222_01/00652.jpg",
      "transform_matrix": [
        [
          0.008307,
          -0.648149,
          0.761468,
          1.415568
        ],
        [
          -0.999703,
          0.012064,
          0.021174,
          4.30198
        ],
        [
          -0.022911,
          -0.761418,
          -0.647856,
          1.485627
        ],
        [
          0.0,
          0.0,
          0.0,
          1.0
        ]
      ]
    },
    {
      "file_path": "/media/NFS/ttao/scannet/posed_images/scene0222_01/00677.jpg",
      "transform_matrix": [
        [
          -0.330558,
          -0.611861,
          0.71858,
          1.492996
        ],
        [
          -0.943782,
          0.216367,
          -0.249921,
          4.267187
        ],
        [
          -0.00256,
          -0.760796,
          -0.648986,
          1.476357
        ],
        [
          0.0,
          0.0,
          0.0,
          1.0
        ]
      ]
    },
    {
      "file_path": "/media/NFS/ttao/scannet/posed_images/scene0222_01/00686.jpg",
      "transform_matrix": [
        [
          -0.455692,
          -0.567949,
          0.685404,
          1.520954
        ],
        [
          -0.890129,
          0.287368,
          -0.353682,
          4.241992
        ],
        [
          0.003911,
          -0.771267,
          -0.636499,
          1.477138
        ],
        [
          0.0,
          0.0,
          0.0,
          1.0
        ]
      ]
    },
    {
      "file_path": "/media/NFS/ttao/scannet/posed_images/scene0222_01/00698.jpg",
      "transform_matrix": [
        [
          -0.567849,
          -0.493623,
          0.658698,
          1.579508
        ],
        [
          -0.822809,
          0.362834,
          -0.437421,
          4.141942
        ],
        [
          -0.023077,
          -0.790372,
          -0.612192,
          1.468435
        ],
        [
          0.0,
          0.0,
          0.0,
          1.0
        ]
      ]
    },
    {
      "file_path": "/media/NFS/ttao/scannet/posed_images/scene0222_01/00707.jpg",
      "transform_matrix": [
        [
          -0.621966,
          -0.46188,
          0.632317,
          1.619974
        ],
        [
          -0.782552,
          0.395264,
          -0.481019,
          4.068007
        ],
        [
          -0.027759,
          -0.793998,
          -0.607286,
          1.465146
        ],
        [
          0.0,
          0.0,
          0.0,
          1.0
        ]
      ]
    },
    {
      "file_path": "/media/NFS/ttao/scannet/posed_images/scene0222_01/00723.jpg",
      "transform_matrix": [
        [
          -0.73325,
          -0.404833,
          0.54631,
          1.681494
        ],
        [
          -0.679524,
          0.465034,
          -0.567442,
          4.006359
        ],
        [
          -0.024334,
          -0.787307,
          -0.61608,
          1.46646
        ],
        [
          0.0,
          0.0,
          0.0,
          1.0
        ]
      ]
    },
    {
      "file_path": "/media/NFS/ttao/scannet/posed_images/scene0222_01/00744.jpg",
      "transform_matrix": [
        [
          -0.930853,
          -0.227856,
          0.285646,
          1.767276
        ],
        [
          -0.365207,
          0.555255,
          -0.747205,
          3.965097
        ],
        [
          0.011649,
          -0.799858,
          -0.600075,
          1.457685
        ],
        [
          0.0,
          0.0,
          0.0,
          1.0
        ]
      ]
    },
    {
      "file_path": "/media/NFS/ttao/scannet/posed_images/scene0222_01/00749.jpg",
      "transform_matrix": [
        [
          -0.948857,
          -0.198624,
          0.245397,
          1.777276
        ],
        [
          -0.315386,
          0.561281,
          -0.765177,
          3.964972
        ],
        [
          0.014246,
          -0.803437,
          -0.595219,
          1.456289
        ],
        [
          0.0,
          0.0,
          0.0,
          1.0
        ]
      ]
    },
    {
      "file_path": "/media/NFS/ttao/scannet/posed_images/scene0222_01/00774.jpg",
      "transform_matrix": [
        [
          -0.997099,
          -0.034849,
          -0.067671,
          1.814139
        ],
        [
          0.035144,
          0.577826,
          -0.815403,
          3.961501
        ],
        [
          0.067518,
          -0.815416,
          -0.574925,
          1.456769
        ],
        [
          0.0,
          0.0,
          0.0,
          1.0
        ]
      ]
    },
    {
      "file_path": "/media/NFS/ttao/scannet/posed_images/scene0222_01/00778.jpg",
      "transform_matrix": [
        [
          -0.996918,
          -0.036519,
          -0.069426,
          1.810024
        ],
        [
          0.036233,
          0.570608,
          -0.820423,
          3.954339
        ],
        [
          0.069576,
          -0.82041,
          -0.567526,
          1.455917
        ],
        [
          0.0,
          0.0,
          0.0,
          1.0
        ]
      ]
    },
    {
      "file_path": "/media/NFS/ttao/scannet/posed_images/scene0222_01/00803.jpg",
      "transform_matrix": [
        [
          -0.96514,
          0.060689,
          -0.2546,
          1.813596
        ],
        [
          0.249582,
          0.506357,
          -0.825416,
          3.928647
        ],
        [
          0.078825,
          -0.860186,
          -0.503853,
          1.456044
        ],
        [
          0.0,
          0.0,
          0.0,
          1.0
        ]
      ]
    },
    {
      "file_path": "/media/NFS/ttao/scannet/posed_images/scene0222_01/00815.jpg",
      "transform_matrix": [
        [
          -0.920619,
          0.125609,
          -0.369707,
          1.927349
        ],
        [
          0.381222,
          0.493924,
          -0.781479,
          3.932402
        ],
        [
          0.084446,
          -0.860384,
          -0.502601,
          1.451592
        ],
        [
          0.0,
          0.0,
          0.0,
          1.0
        ]
      ]
    },
    {
      "file_path": "/media/NFS/ttao/scannet/posed_images/scene0222_01/00820.jpg",
      "transform_matrix": [
        [
          -0.916967,
          0.130479,
          -0.377024,
          1.957028
        ],
        [
          0.39052,
          0.486927,
          -0.781279,
          3.936647
        ],
        [
          0.081642,
          -0.863642,
          -0.49745,
          1.443271
        ],
        [
          0.0,
          0.0,
          0.0,
          1.0
        ]
      ]
    },
    {
      "file_path": "/media/NFS/ttao/scannet/posed_images/scene0222_01/00841.jpg",
      "transform_matrix": [
        [
          -0.934033,
          0.130868,
          -0.33235,
          1.961729
        ],
        [
          0.353454,
          0.472814,
          -0.807166,
          3.865828
        ],
        [
          0.051508,
          -0.87139,
          -0.48788,
          1.446103
        ],
        [
          0.0,
          0.0,
          0.0,
          1.0
        ]
      ]
    },
    {
      "file_path": "/media/NFS/ttao/scannet/posed_images/scene0222_01/00849.jpg",
      "transform_matrix": [
        [
          -0.937122,
          0.148128,
          -0.316008,
          1.962224
        ],
        [
          0.347565,
          0.478215,
          -0.806541,
          3.843326
        ],
        [
          0.031648,
          -0.865661,
          -0.49963,
          1.45769
        ],
        [
          0.0,
          0.0,
          0.0,
          1.0
        ]
      ]
    },
    {
      "file_path": "/media/NFS/ttao/scannet/posed_images/scene0222_01/00861.jpg",
      "transform_matrix": [
        [
          -0.924484,
          0.183446,
          -0.33418,
          1.975169
        ],
        [
          0.379131,
          0.534085,
          -0.755654,
          3.743721
        ],
        [
          0.039858,
          -0.825288,
          -0.563303,
          1.43623
        ],
        [
          0.0,
          0.0,
          0.0,
          1.0
        ]
      ]
    },
    {
      "file_path": "/media/NFS/ttao/scannet/posed_images/scene0222_01/00878.jpg",
      "transform_matrix": [
        [
          -0.924032,
          0.166676,
          -0.344069,
          2.005811
        ],
        [
          0.378069,
          0.532131,
          -0.757563,
          3.566928
        ],
        [
          0.056823,
          -0.830094,
          -0.55472,
          1.428421
        ],
        [
          0.0,
          0.0,
          0.0,
          1.0
        ]
      ]
    },
    {
      "file_path": "/media/NFS/ttao/scannet/posed_images/scene0222_01/00891.jpg",
      "transform_matrix": [
        [
          -0.935426,
          0.212586,
          -0.282463,
          1.974907
        ],
        [
          0.353456,
          0.578022,
          -0.7355,
          3.581508
        ],
        [
          0.006913,
          -0.787844,
          -0.615836,
          1.447396
        ],
        [
          0.0,
          0.0,
          0.0,
          1.0
        ]
      ]
    },
    {
      "file_path": "/media/NFS/ttao/scannet/posed_images/scene0222_01/00907.jpg",
      "transform_matrix": [
        [
          -0.918477,
          0.267903,
          -0.29091,
          1.982889
        ],
        [
          0.395057,
          0.587689,
          -0.706082,
          3.576097
        ],
        [
          -0.018197,
          -0.763446,
          -0.645616,
          1.446466
        ],
        [
          0.0,
          0.0,
          0.0,
          1.0
        ]
      ]
    },
    {
      "file_path": "/media/NFS/ttao/scannet/posed_images/scene0222_01/00916.jpg",
      "transform_matrix": [
        [
          -0.898863,
          0.296189,
          -0.322982,
          2.062532
        ],
        [
          0.438196,
          0.598315,
          -0.670823,
          3.532435
        ],
        [
          -0.005445,
          -0.744507,
          -0.667592,
          1.417236
        ],
        [
          0.0,
          0.0,
          0.0,
          1.0
        ]
      ]
    },
    {
      "file_path": "/media/NFS/ttao/scannet/posed_images/scene0222_01/00933.jpg",
      "transform_matrix": [
        [
          -0.759916,
          0.381428,
          -0.526347,
          2.234958
        ],
        [
          0.649657,
          0.472773,
          -0.595341,
          3.451593
        ],
        [
          0.021763,
          -0.794354,
          -0.607065,
          1.433868
        ],
        [
          0.0,
          0.0,
          0.0,
          1.0
        ]
      ]
    },
    {
      "file_path": "/media/NFS/ttao/scannet/posed_images/scene0222_01/00949.jpg",
      "transform_matrix": [
        [
          -0.812481,
          0.326299,
          -0.483119,
          2.212811
        ],
        [
          0.582007,
          0.50203,
          -0.639714,
          3.431153
        ],
        [
          0.033803,
          -0.800934,
          -0.597798,
          1.404224
        ],
        [
          0.0,
          0.0,
          0.0,
          1.0
        ]
      ]
    },
    {
      "file_path": "/media/NFS/ttao/scannet/posed_images/scene0222_01/00970.jpg",
      "transform_matrix": [
        [
          -0.73637,
          0.377498,
          -0.561475,
          2.335056
        ],
        [
          0.676556,
          0.417659,
          -0.606493,
          3.544725
        ],
        [
          0.005555,
          -0.826472,
          -0.56295,
          1.434149
        ],
        [
          0.0,
          0.0,
          0.0,
          1.0
        ]
      ]
    },
    {
      "file_path": "/media/NFS/ttao/scannet/posed_images/scene0222_01/00974.jpg",
      "transform_matrix": [
        [
          -0.735682,
          0.398374,
          -0.547786,
          2.341835
        ],
        [
          0.67682,
          0.401103,
          -0.617277,
          3.564116
        ],
        [
          -0.026189,
          -0.824872,
          -0.564712,
          1.437662
        ],
        [
          0.0,
          0.0,
          0.0,
          1.0
        ]
      ]
    },
    {
      "file_path": "/media/NFS/ttao/scannet/posed_images/scene0222_01/00995.jpg",
      "transform_matrix": [
        [
          -0.607887,
          0.470966,
          -0.639269,
          2.315598
        ],
        [
          0.792975,
          0.318719,
          -0.519238,
          3.570895
        ],
        [
          -0.040796,
          -0.822562,
          -0.567209,
          1.444408
        ],
        [
          0.0,
          0.0,
          0.0,
          1.0
        ]
      ]
    },
    {
      "file_path": "/media/NFS/ttao/scannet/posed_images/scene0222_01/01004.jpg",
      "transform_matrix": [
        [
          -0.538359,
          0.409462,
          -0.736553,
          2.340873
        ],
        [
          0.84271,
          0.258543,
          -0.472223,
          3.573592
        ],
        [
          -0.002926,
          -0.874926,
          -0.484247,
          1.44685
        ],
        [
          0.0,
          0.0,
          0.0,
          1.0
        ]
      ]
    },
    {
      "file_path": "/media/NFS/ttao/scannet/posed_images/scene0222_01/01016.jpg",
      "transform_matrix": [
        [
          -0.424419,
          0.349799,
          -0.83517,
          2.352758
        ],
        [
          0.905183,
          0.186982,
          -0.381683,
          3.584775
        ],
        [
          0.022649,
          -0.917975,
          -0.39599,
          1.454986
        ],
        [
          0.0,
          0.0,
          0.0,
          1.0
        ]
      ]
    },
    {
      "file_path": "/media/NFS/ttao/scannet/posed_images/scene0222_01/01037.jpg",
      "transform_matrix": [
        [
          -0.239367,
          0.305359,
          -0.921661,
          2.345143
        ],
        [
          0.970416,
          0.106101,
          -0.216876,
          3.594878
        ],
        [
          0.031564,
          -0.946308,
          -0.321722,
          1.480057
        ],
        [
          0.0,
          0.0,
          0.0,
          1.0
        ]
      ]
    },
    {
      "file_path": "/media/NFS/ttao/scannet/posed_images/scene0222_01/01050.jpg",
      "transform_matrix": [
        [
          -0.165503,
          0.293293,
          -0.941588,
          2.341821
        ],
        [
          0.98538,
          0.088325,
          -0.145688,
          3.610614
        ],
        [
          0.040436,
          -0.951934,
          -0.303623,
          1.4891
        ],
        [
          0.0,
          0.0,
          0.0,
          1.0
        ]
      ]
    },
    {
      "file_path": "/media/NFS/ttao/scannet/posed_images/scene0222_01/01062.jpg",
      "transform_matrix": [
        [
          -0.089807,
          0.315175,
          -0.944775,
          2.328961
        ],
        [
          0.995531,
          0.056219,
          -0.075877,
          3.628224
        ],
        [
          0.0292,
          -0.947367,
          -0.318816,
          1.48883
        ],
        [
          0.0,
          0.0,
          0.0,
          1.0
        ]
      ]
    },
    {
      "file_path": "/media/NFS/ttao/scannet/posed_images/scene0222_01/01079.jpg",
      "transform_matrix": [
        [
          0.010755,
          0.215122,
          -0.976528,
          2.322955
        ],
        [
          0.998515,
          0.049859,
          0.021981,
          3.644192
        ],
        [
