{
  "frames": [
    {
      "file_path": "/media/NFS/ttao/scannet/posed_images/scene0173_00/00000.jpg",
      "transform_matrix": [
        [
          -0.924593,
          0.219455,
          -0.311397,
          7.650298
        ],
        [
          0.371095,
          0.334047,
          -0.86643,
          2.745242
        ],
        [
          -0.086121,
          -0.916653,
          -0.390296,
          1.444521
        ],
        [
          0.0,
          0.0,
          0.0,
          1.0
        ]
      ]
    },
    {
      "file_path": "/media/NFS/ttao/scannet/posed_images/scene0173_00/00005.jpg",
      "transform_matrix": [
        [
          -0.92798,
          0.22218,
          -0.299147,
          7.652089
        ],
        [
          0.362802,
          0.355553,
          -0.861369,
          2.748388
        ],
        [
          -0.085016,
          -0.907865,
          -0.410553,
          1.438331
        ],
        [
          0.0,
          0.0,
          0.0,
          1.0
        ]
      ]
    },
    {
      "file_path": "/media/NFS/ttao/scannet/posed_images/scene0173_00/00010.jpg",
      "transform_matrix": [
        [
          -0.940625,
          0.21115,
          -0.26578,
          7.600821
        ],
        [
          0.328938,
          0.373688,
          -0.86727,
          2.779697
        ],
        [
          -0.083806,
          -0.903201,
          -0.420956,
          1.425809
        ],
        [
          0.0,
          0.0,
          0.0,
          1.0
        ]
      ]
    },
    {
      "file_path": "/media/NFS/ttao/scannet/posed_images/scene0173_00/00019.jpg",
      "transform_matrix": [
        [
          -0.937162,
          0.231276,
          -0.261224,
          7.602508
        ],
        [
          0.337484,
          0.411007,
          -0.846863,
          2.783568
        ],
        [
          -0.088494,
          -0.881808,
          -0.463232,
          1.406773
        ],
        [
          0.0,
          0.0,
          0.0,
          1.0
        ]
      ]
    },
    {
      "file_path": "/media/NFS/ttao/scannet/posed_images/scene0173_00/00024.jpg",
      "transform_matrix": [
        [
          -0.931069,
          0.2354,
          -0.278743,
          7.604761
        ],
        [
          0.355319,
          0.411626,
          -0.839233,
          2.787861
        ],
        [
          -0.082818,
          -0.880427,
          -0.466894,
          1.405796
        ],
        [
          0.0,
          0.0,
          0.0,
          1.0
        ]
      ]
    },
    {
      "file_path": "/media/NFS/ttao/scannet/posed_images/scene0173_00/00029.jpg",
      "transform_matrix": [
        [
          -0.92184,
          0.247517,
          -0.298239,
          7.603157
        ],
        [
          0.378644,
          0.41095,
          -0.829307,
          2.792105
        ],
        [
          -0.082706,
          -0.877414,
          -0.472551,
          1.401291
        ],
        [
          0.0,
          0.0,
          0.0,
          1.0
        ]
      ]
    },
    {
      "file_path": "/media/NFS/ttao/scannet/posed_images/scene0173_00/00037.jpg",
      "transform_matrix": [
        [
          -0.900307,
          0.266886,
          -0.34383,
          7.610806
        ],
        [
          0.427249,
          0.391069,
          -0.815183,
          2.796015
        ],
        [
          -0.083099,
          -0.880816,
          -0.466109,
          1.401371
        ],
        [
          0.0,
          0.0,
          0.0,
          1.0
        ]
      ]
    },
    {
      "file_path": "/media/NFS/ttao/scannet/posed_images/scene0173_00/00039.jpg",
      "transform_matrix": [
        [
          -0.893981,
          0.271227,
          -0.356699,
          7.607383
        ],
        [
          0.440365,
          0.38445,
          -0.811342,
          2.795245
        ],
        [
          -0.082925,
          -0.882402,
          -0.46313,
          1.40318
        ],
        [
          0.0,
          0.0,
          0.0,
          1.0
        ]
      ]
    },
    {
      "file_path": "/media/NFS/ttao/scannet/posed_images/scene0173_00/00046.jpg",
      "transform_matrix": [
        [
          -0.855783,
          0.288582,
          -0.429367,
          7.616254
        ],
        [
          0.510573,
          0.337376,
          -0.790881,
          2.79319
        ],
        [
          -0.083376,
          -0.896045,
          -0.436063,
          1.4198
        ],
        [
          0.0,
          0.0,
          0.0,
          1.0
        ]
      ]
    },
    {
      "file_path": "/media/NFS/ttao/scannet/posed_images/scene0173_00/00054.jpg",
      "transform_matrix": [
        [
          -0.800238,
          0.282374,
          -0.529041,
          7.611079
        ],
        [
          0.595199,
          0.266315,
          -0.758165,
          2.799401
        ],
        [
          -0.073195,
          -0.921597,
          -0.381184,
          1.452016
        ],
        [
          0.0,
          0.0,
          0.0,
          1.0
        ]
      ]
    },
    {
      "file_path": "/media/NFS/ttao/scannet/posed_images/scene0173_00/00056.jpg",
      "transform_matrix": [
        [
          -0.775878,
          0.286826,
          -0.561911,
          7.617199
        ],
        [
          0.626949,
          0.251241,
          -0.737437,
          2.795006
        ],
        [
          -0.070341,
          -0.924451,
          -0.374758,
          1.458024
        ],
        [
          0.0,
          0.0,
          0.0,
          1.0
        ]
      ]
    },
    {
      "file_path": "/media/NFS/ttao/scannet/posed_images/scene0173_00/00061.jpg",
      "transform_matrix": [
        [
          -0.724123,
          0.297853,
          -0.622036,
          7.576019
        ],
        [
          0.686443,
          0.224105,
          -0.69179,
          2.819014
        ],
        [
          -0.06665,
          -0.927933,
          -0.366739,
          1.461012
        ],
        [
          0.0,
          0.0,
          0.0,
          1.0
        ]
      ]
    },
    {
      "file_path": "/media/NFS/ttao/scannet/posed_images/scene0173_00/00071.jpg",
      "transform_matrix": [
        [
          -0.587615,
          0.347212,
          -0.730858,
          7.535103
        ],
        [
          0.805906,
          0.170458,
          -0.566974,
          2.805503
        ],
        [
          -0.07228,
          -0.922165,
          -0.379984,
          1.469454
        ],
        [
          0.0,
          0.0,
          0.0,
          1.0
        ]
      ]
    },
    {
      "file_path": "/media/NFS/ttao/scannet/posed_images/scene0173_00/00073.jpg",
      "transform_matrix": [
        [
          -0.570041,
          0.348705,
          -0.743948,
          7.518678
        ],
        [
          0.818261,
          0.159201,
          -0.552362,
          2.806161
        ],
        [
          -0.074174,
          -0.923612,
          -0.376083,
          1.466936
        ],
        [
          0.0,
          0.0,
          0.0,
          1.0
        ]
      ]
    },
    {
      "file_path": "/media/NFS/ttao/scannet/posed_images/scene0173_00/00078.jpg",
      "transform_matrix": [
        [
          -0.524699,
          0.353074,
          -0.774616,
          7.469962
        ],
        [
          0.848582,
          0.144436,
          -0.508967,
          2.824836
        ],
        [
          -0.06782,
          -0.924379,
          -0.375398,
          1.448351
        ],
        [
          0.0,
          0.0,
          0.0,
          1.0
        ]
      ]
    },
    {
      "file_path": "/media/NFS/ttao/scannet/posed_images/scene0173_00/00089.jpg",
      "transform_matrix": [
        [
          -0.418906,
          0.374475,
          -0.827216,
          7.336071
        ],
        [
          0.906283,
          0.115948,
          -0.406457,
          2.841166
        ],
        [
          -0.056293,
          -0.919959,
          -0.387952,
          1.436193
        ],
        [
          0.0,
          0.0,
          0.0,
          1.0
        ]
      ]
    },
    {
      "file_path": "/media/NFS/ttao/scannet/posed_images/scene0173_00/00090.jpg",
      "transform_matrix": [
        [
          -0.402466,
          0.38128,
          -0.832254,
          7.323313
        ],
        [
          0.913514,
          0.108411,
          -0.392096,
          2.82545
        ],
        [
          -0.059273,
          -0.918081,
          -0.391937,
          1.439855
        ],
        [
          0.0,
          0.0,
          0.0,
          1.0
        ]
      ]
    },
    {
      "file_path": "/media/NFS/ttao/scannet/posed_images/scene0173_00/00097.jpg",
      "transform_matrix": [
        [
          -0.352912,
          0.429382,
          -0.831315,
          7.239249
        ],
        [
          0.928222,
          0.04889,
          -0.368799,
          2.813925
        ],
        [
          -0.117713,
          -0.901799,
          -0.415815,
          1.438873
        ],
        [
          0.0,
          0.0,
          0.0,
          1.0
        ]
      ]
    },
    {
      "file_path": "/media/NFS/ttao/scannet/posed_images/scene0173_00/00100.jpg",
      "transform_matrix": [
        [
          -0.314757,
          0.412806,
          -0.854704,
          7.205132
        ],
        [
          0.940042,
          0.010977,
          -0.340882,
          2.792471
        ],
        [
          -0.131336,
          -0.910753,
          -0.39151,
          1.450054
        ],
        [
          0.0,
          0.0,
          0.0,
          1.0
        ]
      ]
    },
    {
      "file_path": "/media/NFS/ttao/scannet/posed_images/scene0173_00/00109.jpg",
      "transform_matrix": [
        [
          -0.184157,
          0.372024,
          -0.909771,
          7.137753
        ],
        [
          0.979941,
          -0.002239,
          -0.199276,
          2.723447
        ],
        [
          -0.076172,
          -0.92822,
          -0.364149,
          1.433032
        ],
        [
          0.0,
          0.0,
          0.0,
          1.0
        ]
      ]
    },
    {
      "file_path": "/media/NFS/ttao/scannet/posed_images/scene0173_00/00116.jpg",
      "transform_matrix": [
        [
          -0.091275,
          0.410337,
          -0.907355,
          7.081345
        ],
        [
          0.993616,
          -0.023138,
          -0.110416,
          2.673121
        ],
        [
          -0.066302,
          -0.91164,
          -0.405606,
          1.410429
        ],
        [
          0.0,
          0.0,
          0.0,
          1.0
        ]
      ]
    },
    {
      "file_path": "/media/NFS/ttao/scannet/posed_images/scene0173_00/00119.jpg",
      "transform_matrix": [
        [
          -0.07111,
          0.413158,
          -0.907879,
          7.046862
        ],
        [
          0.994745,
          -0.037836,
          -0.095132,
          2.667628
        ],
        [
          -0.073655,
          -0.909873,
          -0.408296,
          1.404249
        ],
        [
          0.0,
          0.0,
          0.0,
          1.0
        ]
      ]
    },
    {
      "file_path": "/media/NFS/ttao/scannet/posed_images/scene0173_00/00126.jpg",
      "transform_matrix": [
        [
          -0.070539,
          0.400464,
          -0.913593,
          6.962005
        ],
        [
          0.993601,
          -0.052785,
          -0.099854,
          2.665397
        ],
        [
          -0.088212,
          -0.914791,
          -0.394178,
          1.407891
        ],
        [
          0.0,
          0.0,
          0.0,
          1.0
        ]
      ]
    },
    {
      "file_path": "/media/NFS/ttao/scannet/posed_images/scene0173_00/00133.jpg",
      "transform_matrix": [
        [
          -0.099976,
          0.405282,
          -0.908709,
          6.874936
        ],
        [
          0.990853,
          -0.042641,
          -0.128032,
          2.669099
        ],
        [
          -0.090637,
          -0.913197,
          -0.397312,
          1.412128
        ],
        [
          0.0,
          0.0,
          0.0,
          1.0
        ]
      ]
    },
    {
      "file_path": "/media/NFS/ttao/scannet/posed_images/scene0173_00/00134.jpg",
      "transform_matrix": [
        [
          -0.101186,
          0.405815,
          -0.908337,
          6.865977
        ],
        [
          0.990966,
          -0.039668,
          -0.128112,
          2.668208
        ],
        [
          -0.088021,
          -0.913094,
          -0.398135,
          1.410605
        ],
        [
          0.0,
          0.0,
          0.0,
          1.0
        ]
      ]
    },
    {
      "file_path": "/media/NFS/ttao/scannet/posed_images/scene0173_00/00143.jpg",
      "transform_matrix": [
        [
          -0.069903,
          0.431278,
          -0.899507,
          6.771337
        ],
        [
          0.993879,
          -0.047213,
          -0.099874,
          2.647385
        ],
        [
          -0.085542,
          -0.900983,
          -0.425338,
          1.400287
        ],
        [
          0.0,
          0.0,
          0.0,
          1.0
        ]
      ]
    },
    {
      "file_path": "/media/NFS/ttao/scannet/posed_images/scene0173_00/00146.jpg",
      "transform_matrix": [
        [
          -0.040091,
          0.432367,
          -0.900806,
          6.736734
        ],
        [
          0.996312,
          -0.051151,
          -0.068893,
          2.622558
        ],
        [
          -0.075864,
          -0.900246,
          -0.428721,
          1.397595
        ],
        [
          0.0,
          0.0,
          0.0,
          1.0
        ]
      ]
    },
    {
      "file_path": "/media/NFS/ttao/scannet/posed_images/scene0173_00/00157.jpg",
      "transform_matrix": [
        [
          0.102841,
          0.431556,
          -0.896205,
          6.633001
        ],
        [
          0.991077,
          -0.121263,
          0.055335,
          2.51823
        ],
        [
          -0.084796,
          -0.893898,
          -0.440176,
          1.407255
        ],
        [
          0.0,
          0.0,
          0.0,
          1.0
        ]
      ]
    },
    {
      "file_path": "/media/NFS/ttao/scannet/posed_images/scene0173_00/00158.jpg",
      "transform_matrix": [
        [
          0.112712,
          0.434171,
          -0.893751,
          6.624115
        ],
        [
          0.989872,
          -0.127195,
          0.063045,
          2.512552
        ],
        [
          -0.086308,
          -0.891806,
          -0.44411,
          1.409772
        ],
        [
          0.0,
          0.0,
          0.0,
          1.0
        ]
      ]
    },
    {
      "file_path": "/media/NFS/ttao/scannet/posed_images/scene0173_00/00163.jpg",
      "transform_matrix": [
        [
          0.165894,
          0.419249,
          -0.892586,
          6.599519
        ],
        [
          0.982725,
          -0.145586,
          0.114265,
          2.481944
        ],
        [
          -0.082042,
          -0.896122,
          -0.436158,
          1.422841
        ],
        [
          0.0,
          0.0,
          0.0,
          1.0
        ]
      ]
    },
    {
      "file_path": "/media/NFS/ttao/scannet/posed_images/scene0173_00/00170.jpg",
      "transform_matrix": [
        [
          0.240045,
          0.367402,
          -0.898551,
          6.590608
        ],
        [
          0.967846,
          -0.162261,
          0.192212,
          2.480835
        ],
        [
          -0.075181,
          -0.915799,
          -0.394539,
          1.436561
        ],
        [
          0.0,
          0.0,
          0.0,
          1.0
        ]
      ]
    },
    {
      "file_path": "/media/NFS/ttao/scannet/posed_images/scene0173_00/00175.jpg",
      "transform_matrix": [
        [
          0.280058,
          0.35865,
          -0.89047,
          6.591648
        ],
        [
          0.957227,
          -0.17457,
          0.230743,
          2.493525
        ],
        [
          -0.072693,
          -0.917004,
          -0.392199,
          1.445501
        ],
        [
          0.0,
          0.0,
          0.0,
          1.0
        ]
      ]
    },
    {
      "file_path": "/media/NFS/ttao/scannet/posed_images/scene0173_00/00184.jpg",
      "transform_matrix": [
        [
          0.350907,
          0.308996,
          -0.88396,
          6.617639
        ],
        [
          0.933832,
          -0.185475,
          0.30587,
          2.539887
        ],
        [
          -0.06944,
          -0.932802,
          -0.353635,
          1.464636
        ],
        [
          0.0,
          0.0,
          0.0,
          1.0
        ]
      ]
    },
    {
      "file_path": "/media/NFS/ttao/scannet/posed_images/scene0173_00/00191.jpg",
      "transform_matrix": [
        [
          0.384088,
          0.274195,
          -0.881643,
          6.643679
        ],
        [
          0.921289,
          -0.17675,
          0.34639,
          2.587678
        ],
        [
          -0.060851,
          -0.945292,
          -0.320501,
          1.475009
        ],
        [
          0.0,
          0.0,
          0.0,
          1.0
        ]
      ]
    },
    {
      "file_path": "/media/NFS/ttao/scannet/posed_images/scene0173_00/00196.jpg",
      "transform_matrix": [
        [
          0.406976,
          0.248596,
          -0.87896,
          6.656861
        ],
        [
          0.911128,
          -0.178875,
          0.37128,
          2.597975
        ],
        [
          -0.064925,
          -0.951947,
          -0.299301,
          1.479238
        ],
        [
          0.0,
          0.0,
          0.0,
          1.0
        ]
      ]
    },
    {
      "file_path": "/media/NFS/ttao/scannet/posed_images/scene0173_00/00199.jpg",
      "transform_matrix": [
        [
          0.418482,
          0.242108,
          -0.875361,
          6.662368
        ],
        [
          0.905993,
          -0.178813,
          0.38367,
          2.603909
        ],
        [
          -0.063636,
          -0.95363,
          -0.294178,
          1.478014
        ],
        [
          0.0,
          0.0,
          0.0,
          1.0
        ]
      ]
    },
    {
      "file_path": "/media/NFS/ttao/scannet/posed_images/scene0173_00/00206.jpg",
      "transform_matrix": [
        [
          0.437892,
          0.221164,
          -0.871399,
          6.672
        ],
        [
          0.896643,
          -0.177981,
          0.405405,
          2.638149
        ],
        [
          -0.065431,
          -0.958858,
          -0.276242,
          1.476947
        ],
        [
          0.0,
          0.0,
          0.0,
          1.0
        ]
      ]
    },
    {
      "file_path": "/media/NFS/ttao/scannet/posed_images/scene0173_00/00211.jpg",
      "transform_matrix": [
        [
          0.46714,
          0.210769,
          -0.858695,
          6.676215
        ],
        [
          0.881719,
          -0.183512,
          0.434621,
          2.655283
        ],
        [
          -0.065976,
          -0.960156,
          -0.271564,
          1.4761
        ],
        [
          0.0,
          0.0,
          0.0,
          1.0
        ]
      ]
    },
    {
      "file_path": "/media/NFS/ttao/scannet/posed_images/scene0173_00/00218.jpg",
      "transform_matrix": [
        [
          0.526982,
          0.21549,
          -0.822103,
          6.679739
        ],
        [
          0.84845,
          -0.189411,
          0.494222,
          2.634427
        ],
        [
          -0.049215,
          -0.95796,
          -0.282649,
          1.47192
        ],
        [
          0.0,
          0.0,
          0.0,
          1.0
        ]
      ]
    },
    {
      "file_path": "/media/NFS/ttao/scannet/posed_images/scene0173_00/00225.jpg",
      "transform_matrix": [
        [
          0.5717,
          0.2118,
          -0.792654,
          6.686802
        ],
        [
          0.81935,
          -0.197677,
          0.538135,
          2.637882
        ],
        [
          -0.042713,
          -0.957113,
          -0.286551,
          1.475527
        ],
        [
          0.0,
          0.0,
          0.0,
          1.0
        ]
      ]
    },
    {
      "file_path": "/media/NFS/ttao/scannet/posed_images/scene0173_00/00228.jpg",
      "transform_matrix": [
        [
          0.592161,
          0.2072,
          -0.778725,
          6.688824
        ],
        [
          0.804726,
          -0.202383,
          0.558084,
          2.638119
        ],
        [
          -0.041966,
          -0.957136,
          -0.286583,
          1.474456
        ],
        [
          0.0,
          0.0,
          0.0,
          1.0
        ]
      ]
    },
    {
      "file_path": "/media/NFS/ttao/scannet/posed_images/scene0173_00/00235.jpg",
      "transform_matrix": [
        [
          0.624689,
          0.203349,
          -0.753932,
          6.730502
        ],
        [
          0.779713,
          -0.215071,
          0.588041,
          2.664327
        ],
        [
          -0.042571,
          -0.955193,
          -0.292907,
          1.474416
        ],
        [
          0.0,
          0.0,
          0.0,
          1.0
        ]
      ]
    },
    {
      "file_path": "/media/NFS/ttao/scannet/posed_images/scene0173_00/00242.jpg",
      "transform_matrix": [
        [
          0.657971,
          0.203493,
          -0.725028,
          6.745308
        ],
        [
          0.752005,
          -0.228097,
          0.618433,
          2.691177
        ],
        [
          -0.03953,
          -0.952136,
          -0.303109,
          1.474527
        ],
        [
          0.0,
          0.0,
          0.0,
          1.0
        ]
      ]
    },
    {
      "file_path": "/media/NFS/ttao/scannet/posed_images/scene0173_00/00245.jpg",
      "transform_matrix": [
        [
          0.669099,
          0.198821,
          -0.716084,
          6.757158
        ],
        [
          0.742036,
          -0.232021,
          0.628927,
          2.702542
        ],
        [
          -0.041103,
          -0.952175,
          -0.302777,
          1.473434
        ],
        [
          0.0,
          0.0,
          0.0,
          1.0
        ]
      ]
    },
    {
      "file_path": "/media/NFS/ttao/scannet/posed_images/scene0173_00/00252.jpg",
      "transform_matrix": [
        [
          0.696634,
          0.197397,
          -0.689735,
          6.773615
        ],
        [
          0.716252,
          -0.246332,
          0.652919,
          2.734534
        ],
        [
          -0.04102,
          -0.94887,
          -0.312989,
          1.4651
        ],
        [
          0.0,
          0.0,
          0.0,
          1.0
        ]
      ]
    },
    {
      "file_path": "/media/NFS/ttao/scannet/posed_images/scene0173_00/00254.jpg",
      "transform_matrix": [
        [
          0.709685,
          0.191477,
          -0.678,
          6.782533
        ],
        [
          0.703508,
          -0.244148,
          0.667434,
          2.734159
        ],
        [
          -0.037734,
          -0.950646,
          -0.307973,
          1.461011
        ],
        [
          0.0,
          0.0,
          0.0,
          1.0
        ]
      ]
    },
    {
      "file_path": "/media/NFS/ttao/scannet/posed_images/scene0173_00/00262.jpg",
      "transform_matrix": [
        [
          0.785883,
          0.191205,
          -0.588071,
          6.801709
        ],
        [
          0.617738,
          -0.285897,
          0.732573,
          2.741323
        ],
        [
          -0.028056,
          -0.938991,
          -0.342796,
          1.445727
        ],
        [
          0.0,
          0.0,
          0.0,
          1.0
        ]
      ]
    },
    {
      "file_path": "/media/NFS/ttao/scannet/posed_images/scene0173_00/00266.jpg",
      "transform_matrix": [
        [
          0.834222,
          0.158464,
          -0.52817,
          6.797721
        ],
        [
          0.55061,
          -0.291572,
          0.782186,
          2.720875
        ],
        [
          -0.030052,
          -0.943332,
          -0.330487,
          1.44642
        ],
        [
          0.0,
          0.0,
          0.0,
          1.0
        ]
      ]
    },
    {
      "file_path": "/media/NFS/ttao/scannet/posed_images/scene0173_00/00272.jpg",
      "transform_matrix": [
        [
          0.883196,
          0.113225,
          -0.455132,
          6.738829
        ],
        [
          0.466931,
          -0.30342,
          0.830609,
          2.686628
        ],
        [
          -0.04405,
          -0.946106,
          -0.320848,
          1.456332
        ],
        [
          0.0,
          0.0,
          0.0,
          1.0
        ]
      ]
    },
    {
      "file_path": "/media/NFS/ttao/scannet/posed_images/scene0173_00/00277.jpg",
      "transform_matrix": [
        [
          0.916133,
          0.095115,
          -0.389426,
          6.714371
        ],
        [
          0.398727,
          -0.316597,
          0.860687,
          2.655491
        ],
        [
          -0.041427,
          -0.943779,
          -0.32797,
          1.450461
        ],
        [
          0.0,
          0.0,
          0.0,
          1.0
        ]
      ]
    },
    {
      "file_path": "/media/NFS/ttao/scannet/posed_images/scene0173_00/00286.jpg",
      "transform_matrix": [
        [
          0.949948,
          0.088436,
          -0.29963,
          6.754438
        ],
        [
          0.311924,
          -0.321882,
          0.893921,
          2.666241
        ],
        [
          -0.01739,
          -0.94264,
          -0.333357,
          1.443518
        ],
        [
          0.0,
          0.0,
          0.0,
          1.0
        ]
      ]
    },
    {
      "file_path": "/media/NFS/ttao/scannet/posed_images/scene0173_00/00291.jpg",
      "transform_matrix": [
        [
          0.96744,
          0.086857,
          -0.237729,
          6.754024
        ],
        [
          0.253091,
          -0.339719,
          0.905834,
          2.665095
        ],
        [
          -0.002083,
          -0.936508,
          -0.35064,
          1.437295
        ],
        [
          0.0,
          0.0,
          0.0,
          1.0
        ]
      ]
    },
    {
      "file_path": "/media/NFS/ttao/scannet/posed_images/scene0173_00/00298.jpg",
      "transform_matrix": [
        [
          0.985599,
          0.054285,
          -0.160147,
          6.769361
        ],
        [
          0.169097,
          -0.316069,
          0.933545,
          2.618539
        ],
        [
          6e-05,
          -0.947182,
          -0.320697,
          1.44536
        ],
        [
          0.0,
          0.0,
          0.0,
          1.0
        ]
      ]
    },
    {
      "file_path": "/media/NFS/ttao/scannet/posed_images/scene0173_00/00300.jpg",
      "transform_matrix": [
        [
          0.988283,
          0.042155,
          -0.146693,
          6.782415
        ],
        [
          0.152489,
          -0.314048,
          0.937081,
          2.610738
        ],
        [
          -0.006566,
          -0.948471,
          -0.316797,
          1.441576
        ],
        [
          0.0,
          0.0,
          0.0,
          1.0
        ]
      ]
    },
    {
      "file_path": "/media/NFS/ttao/scannet/posed_images/scene0173_00/00305.jpg",
      "transform_matrix": [
        [
          0.991343,
          0.028376,
          -0.128196,
          6.805361
        ],
        [
          0.130276,
          -0.334225,
          0.933446,
          2.586376
        ],
        [
          -0.016359,
          -0.942066,
          -0.335028,
          1.44751
        ],
        [
          0.0,
          0.0,
          0.0,
          1.0
        ]
      ]
    },
    {
      "file_path": "/media/NFS/ttao/scannet/posed_images/scene0173_00/00313.jpg",
      "transform_matrix": [
        [
          0.996805,
          -0.008221,
          -0.079452,
          6.840426
        ],
        [
          0.071329,
          -0.35604,
          0.931744,
          2.571079
        ],
        [
          -0.035948,
          -0.934435,
          -0.354316,
          1.440877
        ],
        [
          0.0,
          0.0,
          0.0,
          1.0
        ]
      ]
    },
    {
      "file_path": "/media/NFS/ttao/scannet/posed_images/scene0173_00/00318.jpg",
      "transform_matrix": [
        [
          0.99926,
          -0.037518,
          -0.008508,
          6.820061
        ],
        [
          -0.003921,
          -0.319306,
          0.947643,
          2.585303
        ],
        [
          -0.03827,
          -0.946909,
          -0.319217,
          1.442198
        ],
        [
          0.0,
          0.0,
          0.0,
          1.0
        ]
      ]
    },
    {
      "file_path": "/media/NFS/ttao/scannet/posed_images/scene0173_00/00325.jpg",
      "transform_matrix": [
        [
          0.997236,
          -0.051738,
          0.053326,
          6.784555
        ],
        [
          -0.067308,
          -0.325106,
          0.943279,
          2.645765
        ],
        [
          -0.031467,
          -0.944261,
          -0.32769,
          1.446177
        ],
        [
          0.0,
          0.0,
          0.0,
          1.0
        ]
      ]
    },
    {
      "file_path": "/media/NFS/ttao/scannet/posed_images/scene0173_00/00328.jpg",
      "transform_matrix": [
        [
          0.993262,
          -0.069427,
          0.092789,
          6.764786
        ],
        [
          -0.110436,
          -0.32437,
          0.939461,
          2.675324
        ],
        [
          -0.035126,
          -0.943379,
          -0.329852,
          1.455548
        ],
        [
          0.0,
          0.0,
          0.0,
          1.0
        ]
      ]
    },
    {
      "file_path": "/media/NFS/ttao/scannet/posed_images/scene0173_00/00337.jpg",
      "transform_matrix": [
        [
          0.974977,
          -0.104722,
          0.196095,
          6.738187
        ],
        [
          -0.221393,
          -0.377543,
          0.899136,
          2.767194
        ],
        [
          -0.020125,
          -0.920051,
          -0.391281,
          1.433693
        ],
        [
          0.0,
          0.0,
          0.0,
          1.0
        ]
      ]
    },
    {
      "file_path": "/media/NFS/ttao/scannet/posed_images/scene0173_00/00340.jpg",
      "transform_matrix": [
        [
          0.9711,
          -0.110409,
          0.211602,
          6.730404
        ],
        [
          -0.237709,
          -0.367707,
          0.899048,
          2.792967
        ],
        [
          -0.021456,
          -0.923364,
          -0.383325,
          1.421634
        ],
        [
          0.0,
          0.0,
          0.0,
          1.0
        ]
      ]
    },
    {
      "file_path": "/media/NFS/ttao/scannet/posed_images/scene0173_00/00346.jpg",
      "transform_matrix": [
        [
          0.974454,
          -0.107855,
          0.196994,
          6.754001
        ],
        [
          -0.22399,
          -0.402817,
          0.88745,
          2.864459
        ],
        [
          -0.016363,
          -0.908904,
          -0.416685,
          1.411629
        ],
        [
          0.0,
          0.0,
          0.0,
          1.0
        ]
      ]
    },
    {
      "file_path": "/media/NFS/ttao/scannet/posed_images/scene0173_00/00351.jpg",
      "transform_matrix": [
        [
          0.968087,
          -0.127621,
          0.215686,
          6.773625
        ],
        [
          -0.248398,
          -0.374415,
          0.893371,
          2.915327
        ],
        [
          -0.033257,
          -0.918437,
          -0.394167,
          1.410137
        ],
        [
          0.0,
          0.0,
          0.0,
          1.0
        ]
      ]
    },
    {
      "file_path": "/media/NFS/ttao/scannet/posed_images/scene0173_00/00357.jpg",
      "transform_matrix": [
        [
          0.957933,
          -0.116757,
          0.262168,
          6.81703
        ],
        [
          -0.286952,
          -0.374339,
          0.881776,
          2.985674
        ],
        [
          -0.004813,
          -0.919912,
          -0.392095,
          1.409251
        ],
        [
          0.0,
          0.0,
          0.0,
          1.0
        ]
      ]
    },
    {
      "file_path": "/media/NFS/ttao/scannet/posed_images/scene0173_00/00366.jpg",
      "transform_matrix": [
        [
          0.937562,
          -0.138414,
          0.319091,
          6.843886
        ],
        [
          -0.347782,
          -0.386195,
          0.854342,
          3.085283
        ],
        [
          0.004978,
          -0.911973,
          -0.410219,
          1.403456
        ],
        [
          0.0,
          0.0,
          0.0,
          1.0
        ]
      ]
    },
    {
      "file_path": "/media/NFS/ttao/scannet/posed_images/scene0173_00/00368.jpg",
      "transform_matrix": [
        [
          0.932967,
          -0.139178,
          0.331968,
          6.84538
        ],
        [
          -0.359735,
          -0.393299,
          0.846112,
          3.110034
        ],
        [
          0.012802,
          -0.908815,
          -0.417003,
          1.396271
        ],
        [
          0.0,
          0.0,
          0.0,
          1.0
        ]
      ]
    },
    {
      "file_path": "/media/NFS/ttao/scannet/posed_images/scene0173_00/00376.jpg",
      "transform_matrix": [
        [
          0.883715,
          -0.157234,
          0.440823,
          6.810627
        ],
        [
          -0.466929,
          -0.360614,
          0.807425,
          3.224752
        ],
        [
          0.032013,
          -0.919367,
          -0.392097,
          1.401443
        ],
        [
          0.0,
          0.0,
          0.0,
          1.0
        ]
      ]
    },
    {
      "file_path": "/media/NFS/ttao/scannet/posed_images/scene0173_00/00381.jpg",
      "transform_matrix": [
        [
          0.824639,
          -0.207081,
          0.526392,
          6.730859
        ],
        [
          -0.565221,
          -0.338318,
          0.752374,
          3.350036
        ],
        [
          0.022286,
          -0.917964,
          -0.396036,
          1.403975
        ],
        [
          0.0,
          0.0,
          0.0,
          1.0
        ]
      ]
    },
    {
      "file_path": "/media/NFS/ttao/scannet/posed_images/scene0173_00/00386.jpg",
      "transform_matrix": [
        [
          0.79719,
          -0.229344,
          0.55847,
          6.744809
        ],
        [
          -0.603364,
          -0.334796,
          0.723784,
          3.412457
        ],
        [
          0.020978,
          -0.913954,
          -0.405274,
          1.404684
        ],
        [
          0.0,
          0.0,
          0.0,
          1.0
        ]
      ]
    },
    {
      "file_path": "/media/NFS/ttao/scannet/posed_images/scene0173_00/00391.jpg",
      "transform_matrix": [
        [
          0.762294,
          -0.228472,
          0.605564,
          6.773337
        ],
        [
          -0.645954,
          -0.327292,
          0.689654,
          3.520348
        ],
        [
          0.04063,
          -0.916886,
          -0.397075,
          1.391602
        ],
        [
          0.0,
          0.0,
          0.0,
          1.0
        ]
      ]
    },
    {
      "file_path": "/media/NFS/ttao/scannet/posed_images/scene0173_00/00397.jpg",
      "transform_matrix": [
        [
          0.75831,
          -0.228736,
          0.610446,
          6.849398
        ],
        [
          -0.651076,
          -0.312613,
          0.691645,
          3.627892
        ],
        [
          0.03263,
          -0.921929,
          -0.385983,
          1.38765
        ],
        [
          0.0,
          0.0,
          0.0,
          1.0
        ]
      ]
    },
    {
      "file_path": "/media/NFS/ttao/scannet/posed_images/scene0173_00/00405.jpg",
      "transform_matrix": [
        [
          0.752958,
          -0.232551,
          0.615608,
          6.956283
        ],
        [
          -0.656686,
          -0.326122,
          0.680006,
          3.766276
        ],
        [
          0.042627,
          -0.916277,
          -0.39827,
          1.394525
        ],
        [
          0.0,
          0.0,
          0.0,
          1.0
        ]
      ]
    },
    {
      "file_path": "/media/NFS/ttao/scannet/posed_images/scene0173_00/00408.jpg",
      "transform_matrix": [
        [
          0.742996,
          -0.236452,
          0.626137,
          6.996389
        ],
        [
          -0.667673,
          -0.326947,
          0.668818,
          3.816897
        ],
        [
          0.04657,
          -0.914984,
          -0.400793,
          1.397687
        ],
        [
          0.0,
          0.0,
          0.0,
          1.0
        ]
      ]
    },
    {
      "file_path": "/media/NFS/ttao/scannet/posed_images/scene0173_00/00417.jpg",
      "transform_matrix": [
        [
          0.664786,
          -0.216682,
          0.714918,
          7.129696
        ],
        [
          -0.744776,
          -0.266591,
          0.61175,
          3.978269
        ],
        [
          0.058036,
          -0.939137,
          -0.338606,
          1.389967
        ],
        [
          0.0,
          0.0,
          0.0,
          1.0
        ]
      ]
    },
    {
      "file_path": "/media/NFS/ttao/scannet/posed_images/scene0173_00/00422.jpg",
      "transform_matrix": [
        [
          0.613673,
          -0.223188,
          0.757359,
          7.20964
        ],
        [
          -0.785902,
          -0.264893,
          0.558739,
          4.041296
        ],
        [
          0.075916,
          -0.938093,
          -0.337962,
          1.379643
        ],
        [
          0.0,
          0.0,
          0.0,
          1.0
        ]
      ]
    },
    {
      "file_path": "/media/NFS/ttao/scannet/posed_images/scene0173_00/00427.jpg",
      "transform_matrix": [
        [
          0.590693,
          -0.261109,
          0.763482,
          7.276965
        ],
        [
          -0.804871,
          -0.257662,
          0.534595,
          4.107983
        ],
        [
          0.057132,
          -0.930286,
          -0.362358,
          1.384641
        ],
        [
          0.0,
          0.0,
          0.0,
          1.0
        ]
      ]
    },
    {
      "file_path": "/media/NFS/ttao/scannet/posed_images/scene0173_00/00434.jpg",
      "transform_matrix": [
        [
          0.572998,
          -0.263382,
          0.776082,
          7.369562
        ],
        [
          -0.817004,
          -0.258261,
          0.515564,
          4.194699
        ],
        [
          0.064641,
          -0.929479,
          -0.363168,
          1.351597
        ],
        [
          0.0,
          0.0,
          0.0,
          1.0
        ]
      ]
    },
    {
      "file_path": "/media/NFS/ttao/scannet/posed_images/scene0173_00/00436.jpg",
      "transform_matrix": [
        [
          0.58383,
          -0.274669,
          0.764002,
          7.4079
        ],
        [
          -0.809441,
          -0.269741,
          0.521578,
          4.22097
        ],
        [
          0.062821,
          -0.922928,
          -0.379812,
