{
  "frames": [
    {
      "file_path": "/media/NFS/ttao/scannet/posed_images/scene0362_01/00000.jpg",
      "transform_matrix": [
        [
          -0.972342,
          -0.102883,
          0.209681,
          3.044604
        ],
        [
          -0.232442,
          0.338458,
          -0.911821,
          2.990929
        ],
        [
          0.022842,
          -0.93534,
          -0.353011,
          1.369917
        ],
        [
          0.0,
          0.0,
          0.0,
          1.0
        ]
      ]
    },
    {
      "file_path": "/media/NFS/ttao/scannet/posed_images/scene0362_01/00004.jpg",
      "transform_matrix": [
        [
          -0.96811,
          -0.105475,
          0.227238,
          3.052303
        ],
        [
          -0.249836,
          0.339292,
          -0.906898,
          2.989998
        ],
        [
          0.018555,
          -0.934749,
          -0.354823,
          1.370905
        ],
        [
          0.0,
          0.0,
          0.0,
          1.0
        ]
      ]
    },
    {
      "file_path": "/media/NFS/ttao/scannet/posed_images/scene0362_01/00010.jpg",
      "transform_matrix": [
        [
          -0.968619,
          -0.112115,
          0.221828,
          3.063953
        ],
        [
          -0.246931,
          0.332371,
          -0.91025,
          2.985991
        ],
        [
          0.028323,
          -0.936461,
          -0.349626,
          1.375662
        ],
        [
          0.0,
          0.0,
          0.0,
          1.0
        ]
      ]
    },
    {
      "file_path": "/media/NFS/ttao/scannet/posed_images/scene0362_01/00013.jpg",
      "transform_matrix": [
        [
          -0.968435,
          -0.115306,
          0.220992,
          3.071535
        ],
        [
          -0.247172,
          0.329583,
          -0.911198,
          2.985947
        ],
        [
          0.032231,
          -0.937059,
          -0.34768,
          1.374332
        ],
        [
          0.0,
          0.0,
          0.0,
          1.0
        ]
      ]
    },
    {
      "file_path": "/media/NFS/ttao/scannet/posed_images/scene0362_01/00020.jpg",
      "transform_matrix": [
        [
          -0.960275,
          -0.15059,
          0.234936,
          3.115486
        ],
        [
          -0.27456,
          0.359338,
          -0.891904,
          2.983996
        ],
        [
          0.04989,
          -0.920977,
          -0.386409,
          1.340464
        ],
        [
          0.0,
          0.0,
          0.0,
          1.0
        ]
      ]
    },
    {
      "file_path": "/media/NFS/ttao/scannet/posed_images/scene0362_01/00025.jpg",
      "transform_matrix": [
        [
          -0.951083,
          -0.18533,
          0.247172,
          3.126354
        ],
        [
          -0.302861,
          0.401452,
          -0.864356,
          2.983989
        ],
        [
          0.060963,
          -0.896933,
          -0.437943,
          1.317621
        ],
        [
          0.0,
          0.0,
          0.0,
          1.0
        ]
      ]
    },
    {
      "file_path": "/media/NFS/ttao/scannet/posed_images/scene0362_01/00030.jpg",
      "transform_matrix": [
        [
          -0.942919,
          -0.198402,
          0.26747,
          3.120413
        ],
        [
          -0.328607,
          0.423973,
          -0.843958,
          2.982286
        ],
        [
          0.054043,
          -0.883676,
          -0.464968,
          1.306184
        ],
        [
          0.0,
          0.0,
          0.0,
          1.0
        ]
      ]
    },
    {
      "file_path": "/media/NFS/ttao/scannet/posed_images/scene0362_01/00034.jpg",
      "transform_matrix": [
        [
          -0.934859,
          -0.196639,
          0.295586,
          3.100641
        ],
        [
          -0.353497,
          0.438582,
          -0.826248,
          2.98056
        ],
        [
          0.032833,
          -0.876915,
          -0.479524,
          1.304518
        ],
        [
          0.0,
          0.0,
          0.0,
          1.0
        ]
      ]
    },
    {
      "file_path": "/media/NFS/ttao/scannet/posed_images/scene0362_01/00040.jpg",
      "transform_matrix": [
        [
          -0.916256,
          -0.190715,
          0.352283,
          3.036353
        ],
        [
          -0.400518,
          0.453235,
          -0.796344,
          2.97205
        ],
        [
          -0.007792,
          -0.87075,
          -0.491664,
          1.296277
        ],
        [
          0.0,
          0.0,
          0.0,
          1.0
        ]
      ]
    },
    {
      "file_path": "/media/NFS/ttao/scannet/posed_images/scene0362_01/00041.jpg",
      "transform_matrix": [
        [
          -0.91168,
          -0.194325,
          0.362047,
          3.023425
        ],
        [
          -0.410782,
          0.452288,
          -0.79164,
          2.96949
        ],
        [
          -0.009914,
          -0.870444,
          -0.492167,
          1.295908
        ],
        [
          0.0,
          0.0,
          0.0,
          1.0
        ]
      ]
    },
    {
      "file_path": "/media/NFS/ttao/scannet/posed_images/scene0362_01/00049.jpg",
      "transform_matrix": [
        [
          -0.861012,
          -0.248477,
          0.443754,
          2.892553
        ],
        [
          -0.508558,
          0.411705,
          -0.756219,
          2.948769
        ],
        [
          0.005207,
          -0.876789,
          -0.480848,
          1.29425
        ],
        [
          0.0,
          0.0,
          0.0,
          1.0
        ]
      ]
    },
    {
      "file_path": "/media/NFS/ttao/scannet/posed_images/scene0362_01/00054.jpg",
      "transform_matrix": [
        [
          -0.84956,
          -0.256221,
          0.461083,
          2.833994
        ],
        [
          -0.527389,
          0.42977,
          -0.732911,
          2.942271
        ],
        [
          -0.010372,
          -0.865823,
          -0.500244,
          1.291337
        ],
        [
          0.0,
          0.0,
          0.0,
          1.0
        ]
      ]
    },
    {
      "file_path": "/media/NFS/ttao/scannet/posed_images/scene0362_01/00058.jpg",
      "transform_matrix": [
        [
          -0.828967,
          -0.267944,
          0.490937,
          2.790858
        ],
        [
          -0.558924,
          0.428915,
          -0.709673,
          2.932509
        ],
        [
          -0.020418,
          -0.862692,
          -0.505317,
          1.2958
        ],
        [
          0.0,
          0.0,
          0.0,
          1.0
        ]
      ]
    },
    {
      "file_path": "/media/NFS/ttao/scannet/posed_images/scene0362_01/00064.jpg",
      "transform_matrix": [
        [
          -0.803673,
          -0.268088,
          0.53126,
          2.727718
        ],
        [
          -0.593033,
          0.434648,
          -0.677786,
          2.950021
        ],
        [
          -0.049205,
          -0.859773,
          -0.5083,
          1.269404
        ],
        [
          0.0,
          0.0,
          0.0,
          1.0
        ]
      ]
    },
    {
      "file_path": "/media/NFS/ttao/scannet/posed_images/scene0362_01/00065.jpg",
      "transform_matrix": [
        [
          -0.798338,
          -0.280805,
          0.532733,
          2.719803
        ],
        [
          -0.600275,
          0.441907,
          -0.666624,
          2.951383
        ],
        [
          -0.048227,
          -0.851978,
          -0.521351,
          1.266955
        ],
        [
          0.0,
          0.0,
          0.0,
          1.0
        ]
      ]
    },
    {
      "file_path": "/media/NFS/ttao/scannet/posed_images/scene0362_01/00073.jpg",
      "transform_matrix": [
        [
          -0.72908,
          -0.349984,
          0.588178,
          2.663957
        ],
        [
          -0.682436,
          0.437249,
          -0.585742,
          2.993224
        ],
        [
          -0.05218,
          -0.828447,
          -0.557631,
          1.253788
        ],
        [
          0.0,
          0.0,
          0.0,
          1.0
        ]
      ]
    },
    {
      "file_path": "/media/NFS/ttao/scannet/posed_images/scene0362_01/00075.jpg",
      "transform_matrix": [
        [
          -0.716187,
          -0.362987,
          0.596084,
          2.647033
        ],
        [
          -0.697004,
          0.415458,
          -0.584448,
          3.003309
        ],
        [
          -0.0355,
          -0.834048,
          -0.550549,
          1.250995
        ],
        [
          0.0,
          0.0,
          0.0,
          1.0
        ]
      ]
    },
    {
      "file_path": "/media/NFS/ttao/scannet/posed_images/scene0362_01/00080.jpg",
      "transform_matrix": [
        [
          -0.705985,
          -0.356904,
          0.611722,
          2.622885
        ],
        [
          -0.707451,
          0.395789,
          -0.585546,
          3.007773
        ],
        [
          -0.033129,
          -0.846151,
          -0.531913,
          1.276126
        ],
        [
          0.0,
          0.0,
          0.0,
          1.0
        ]
      ]
    },
    {
      "file_path": "/media/NFS/ttao/scannet/posed_images/scene0362_01/00083.jpg",
      "transform_matrix": [
        [
          -0.690119,
          -0.35087,
          0.63295,
          2.610188
        ],
        [
          -0.722105,
          0.391801,
          -0.570136,
          2.994502
        ],
        [
          -0.047947,
          -0.850519,
          -0.523754,
          1.286175
        ],
        [
          0.0,
          0.0,
          0.0,
          1.0
        ]
      ]
    },
    {
      "file_path": "/media/NFS/ttao/scannet/posed_images/scene0362_01/00092.jpg",
      "transform_matrix": [
        [
          -0.642744,
          -0.31693,
          0.697449,
          2.584808
        ],
        [
          -0.762759,
          0.349449,
          -0.544137,
          2.909005
        ],
        [
          -0.07127,
          -0.881726,
          -0.466347,
          1.313369
        ],
        [
          0.0,
          0.0,
          0.0,
          1.0
        ]
      ]
    },
    {
      "file_path": "/media/NFS/ttao/scannet/posed_images/scene0362_01/00093.jpg",
      "transform_matrix": [
        [
          -0.638272,
          -0.31475,
          0.702524,
          2.582596
        ],
        [
          -0.766511,
          0.344254,
          -0.542172,
          2.891337
        ],
        [
          -0.071198,
          -0.884546,
          -0.460987,
          1.318053
        ],
        [
          0.0,
          0.0,
          0.0,
          1.0
        ]
      ]
    },
    {
      "file_path": "/media/NFS/ttao/scannet/posed_images/scene0362_01/00100.jpg",
      "transform_matrix": [
        [
          -0.616292,
          -0.302678,
          0.727028,
          2.5659
        ],
        [
          -0.786954,
          0.271602,
          -0.554017,
          2.763324
        ],
        [
          -0.029773,
          -0.913575,
          -0.40558,
          1.323253
        ],
        [
          0.0,
          0.0,
          0.0,
          1.0
        ]
      ]
    },
    {
      "file_path": "/media/NFS/ttao/scannet/posed_images/scene0362_01/00106.jpg",
      "transform_matrix": [
        [
          -0.569724,
          -0.308983,
          0.76154,
          2.571608
        ],
        [
          -0.821408,
          0.244009,
          -0.515509,
          2.673145
        ],
        [
          -0.026539,
          -0.919233,
          -0.392819,
          1.333363
        ],
        [
          0.0,
          0.0,
          0.0,
          1.0
        ]
      ]
    },
    {
      "file_path": "/media/NFS/ttao/scannet/posed_images/scene0362_01/00107.jpg",
      "transform_matrix": [
        [
          -0.560835,
          -0.307735,
          0.768611,
          2.571484
        ],
        [
          -0.827291,
          0.244699,
          -0.50568,
          2.665467
        ],
        [
          -0.032463,
          -0.919468,
          -0.391822,
          1.330743
        ],
        [
          0.0,
          0.0,
          0.0,
          1.0
        ]
      ]
    },
    {
      "file_path": "/media/NFS/ttao/scannet/posed_images/scene0362_01/00116.jpg",
      "transform_matrix": [
        [
          -0.478534,
          -0.322311,
          0.816774,
          2.606135
        ],
        [
          -0.87661,
          0.228961,
          -0.42324,
          2.648687
        ],
        [
          -0.050595,
          -0.918527,
          -0.392107,
          1.340281
        ],
        [
          0.0,
          0.0,
          0.0,
          1.0
        ]
      ]
    },
    {
      "file_path": "/media/NFS/ttao/scannet/posed_images/scene0362_01/00120.jpg",
      "transform_matrix": [
        [
          -0.443354,
          -0.350605,
          0.824932,
          2.638446
        ],
        [
          -0.896071,
          0.196179,
          -0.398209,
          2.664729
        ],
        [
          -0.02222,
          -0.915746,
          -0.401144,
          1.342292
        ],
        [
          0.0,
          0.0,
          0.0,
          1.0
        ]
      ]
    },
    {
      "file_path": "/media/NFS/ttao/scannet/posed_images/scene0362_01/00124.jpg",
      "transform_matrix": [
        [
          -0.40294,
          -0.356424,
          0.842971,
          2.665559
        ],
        [
          -0.915207,
          0.162866,
          -0.368606,
          2.676866
        ],
        [
          -0.005912,
          -0.92002,
          -0.391827,
          1.343769
        ],
        [
          0.0,
          0.0,
          0.0,
          1.0
        ]
      ]
    },
    {
      "file_path": "/media/NFS/ttao/scannet/posed_images/scene0362_01/00130.jpg",
      "transform_matrix": [
        [
          -0.346521,
          -0.348106,
          0.871059,
          2.720984
        ],
        [
          -0.938017,
          0.121865,
          -0.324456,
          2.722285
        ],
        [
          0.006793,
          -0.9295,
          -0.368759,
          1.340578
        ],
        [
          0.0,
          0.0,
          0.0,
          1.0
        ]
      ]
    },
    {
      "file_path": "/media/NFS/ttao/scannet/posed_images/scene0362_01/00131.jpg",
      "transform_matrix": [
        [
          -0.335864,
          -0.351234,
          0.873974,
          2.73213
        ],
        [
          -0.941873,
          0.116909,
          -0.314974,
          2.723179
        ],
        [
          0.008455,
          -0.92896,
          -0.370083,
          1.34081
        ],
        [
          0.0,
          0.0,
          0.0,
          1.0
        ]
      ]
    },
    {
      "file_path": "/media/NFS/ttao/scannet/posed_images/scene0362_01/00137.jpg",
      "transform_matrix": [
        [
          -0.295687,
          -0.393024,
          0.87069,
          2.778542
        ],
        [
          -0.954991,
          0.099017,
          -0.27962,
          2.743708
        ],
        [
          0.023684,
          -0.914181,
          -0.404613,
          1.317103
        ],
        [
          0.0,
          0.0,
          0.0,
          1.0
        ]
      ]
    },
    {
      "file_path": "/media/NFS/ttao/scannet/posed_images/scene0362_01/00144.jpg",
      "transform_matrix": [
        [
          -0.266575,
          -0.435009,
          0.860061,
          2.806111
        ],
        [
          -0.963668,
          0.104748,
          -0.245708,
          2.764293
        ],
        [
          0.016796,
          -0.894313,
          -0.447127,
          1.305392
        ],
        [
          0.0,
          0.0,
          0.0,
          1.0
        ]
      ]
    },
    {
      "file_path": "/media/NFS/ttao/scannet/posed_images/scene0362_01/00148.jpg",
      "transform_matrix": [
        [
          -0.252003,
          -0.419372,
          0.872136,
          2.803952
        ],
        [
          -0.967512,
          0.090222,
          -0.236178,
          2.754774
        ],
        [
          0.02036,
          -0.90332,
          -0.428484,
          1.303273
        ],
        [
          0.0,
          0.0,
          0.0,
          1.0
        ]
      ]
    },
    {
      "file_path": "/media/NFS/ttao/scannet/posed_images/scene0362_01/00152.jpg",
      "transform_matrix": [
        [
          -0.250389,
          -0.402773,
          0.880386,
          2.802266
        ],
        [
          -0.96786,
          0.082066,
          -0.237723,
          2.755779
        ],
        [
          0.023499,
          -0.911614,
          -0.410376,
          1.302168
        ],
        [
          0.0,
          0.0,
          0.0,
          1.0
        ]
      ]
    },
    {
      "file_path": "/media/NFS/ttao/scannet/posed_images/scene0362_01/00154.jpg",
      "transform_matrix": [
        [
          -0.245324,
          -0.399209,
          0.88343,
          2.796245
        ],
        [
          -0.969144,
          0.078418,
          -0.233691,
          2.752139
        ],
        [
          0.024015,
          -0.9135,
          -0.406129,
          1.295467
        ],
        [
          0.0,
          0.0,
          0.0,
          1.0
        ]
      ]
    },
    {
      "file_path": "/media/NFS/ttao/scannet/posed_images/scene0362_01/00160.jpg",
      "transform_matrix": [
        [
          -0.215334,
          -0.437007,
          0.873302,
          2.789791
        ],
        [
          -0.976029,
          0.06737,
          -0.206951,
          2.751177
        ],
        [
          0.031605,
          -0.896931,
          -0.441039,
          1.269013
        ],
        [
          0.0,
          0.0,
          0.0,
          1.0
        ]
      ]
    },
    {
      "file_path": "/media/NFS/ttao/scannet/posed_images/scene0362_01/00167.jpg",
      "transform_matrix": [
        [
          -0.203382,
          -0.501335,
          0.841011,
          2.785963
        ],
        [
          -0.977864,
          0.060867,
          -0.200193,
          2.765358
        ],
        [
          0.049174,
          -0.86311,
          -0.502617,
          1.227705
        ],
        [
          0.0,
          0.0,
          0.0,
          1.0
        ]
      ]
    },
    {
      "file_path": "/media/NFS/ttao/scannet/posed_images/scene0362_01/00172.jpg",
      "transform_matrix": [
        [
          -0.224799,
          -0.538697,
          0.811954,
          2.797246
        ],
        [
          -0.971624,
          0.061017,
          -0.228524,
          2.789466
        ],
        [
          0.073563,
          -0.840287,
          -0.537128,
          1.219841
        ],
        [
          0.0,
          0.0,
          0.0,
          1.0
        ]
      ]
    },
    {
      "file_path": "/media/NFS/ttao/scannet/posed_images/scene0362_01/00176.jpg",
      "transform_matrix": [
        [
          -0.247537,
          -0.548079,
          0.798959,
          2.801903
        ],
        [
          -0.966179,
          0.078121,
          -0.245755,
          2.816063
        ],
        [
          0.072278,
          -0.832771,
          -0.54888,
          1.22455
        ],
        [
          0.0,
          0.0,
          0.0,
          1.0
        ]
      ]
    },
    {
      "file_path": "/media/NFS/ttao/scannet/posed_images/scene0362_01/00178.jpg",
      "transform_matrix": [
        [
          -0.257862,
          -0.547447,
          0.796121,
          2.806295
        ],
        [
          -0.964046,
          0.091022,
          -0.249661,
          2.825623
        ],
        [
          0.064212,
          -0.831875,
          -0.551235,
          1.233541
        ],
        [
          0.0,
          0.0,
          0.0,
          1.0
        ]
      ]
    },
    {
      "file_path": "/media/NFS/ttao/scannet/posed_images/scene0362_01/00186.jpg",
      "transform_matrix": [
        [
          -0.273344,
          -0.511422,
          0.814696,
          2.796996
        ],
        [
          -0.960738,
          0.10325,
          -0.257529,
          2.836712
        ],
        [
          0.047589,
          -0.853104,
          -0.519566,
          1.257698
        ],
        [
          0.0,
          0.0,
          0.0,
          1.0
        ]
      ]
    },
    {
      "file_path": "/media/NFS/ttao/scannet/posed_images/scene0362_01/00189.jpg",
      "transform_matrix": [
        [
          -0.265688,
          -0.51657,
          0.813981,
          2.788315
        ],
        [
          -0.962851,
          0.099929,
          -0.250863,
          2.82232
        ],
        [
          0.048248,
          -0.850394,
          -0.52393,
          1.259801
        ],
        [
          0.0,
          0.0,
          0.0,
          1.0
        ]
      ]
    },
    {
      "file_path": "/media/NFS/ttao/scannet/posed_images/scene0362_01/00192.jpg",
      "transform_matrix": [
        [
          -0.247311,
          -0.510432,
          0.823587,
          2.778818
        ],
        [
          -0.96808,
          0.09445,
          -0.232164,
          2.787715
        ],
        [
          0.040716,
          -0.854716,
          -0.517498,
          1.27131
        ],
        [
          0.0,
          0.0,
          0.0,
          1.0
        ]
      ]
    },
    {
      "file_path": "/media/NFS/ttao/scannet/posed_images/scene0362_01/00201.jpg",
      "transform_matrix": [
        [
          -0.322058,
          -0.453348,
          0.831116,
          2.736504
        ],
        [
          -0.946539,
          0.137001,
          -0.292054,
          2.634918
        ],
        [
          0.018539,
          -0.880742,
          -0.473234,
          1.285385
        ],
        [
          0.0,
          0.0,
          0.0,
          1.0
        ]
      ]
    },
    {
      "file_path": "/media/NFS/ttao/scannet/posed_images/scene0362_01/00203.jpg",
      "transform_matrix": [
        [
          -0.326356,
          -0.450698,
          0.830881,
          2.726631
        ],
        [
          -0.945159,
          0.143614,
          -0.293342,
          2.599807
        ],
        [
          0.012882,
          -0.881049,
          -0.472851,
          1.288592
        ],
        [
          0.0,
          0.0,
          0.0,
          1.0
        ]
      ]
    },
    {
      "file_path": "/media/NFS/ttao/scannet/posed_images/scene0362_01/00209.jpg",
      "transform_matrix": [
        [
          -0.365604,
          -0.433852,
          0.823472,
          2.71415
        ],
        [
          -0.93077,
          0.170077,
          -0.323636,
          2.508362
        ],
        [
          0.000357,
          -0.884786,
          -0.465997,
          1.297921
        ],
        [
          0.0,
          0.0,
          0.0,
          1.0
        ]
      ]
    },
    {
      "file_path": "/media/NFS/ttao/scannet/posed_images/scene0362_01/00215.jpg",
      "transform_matrix": [
        [
          -0.373895,
          -0.439757,
          0.816588,
          2.710445
        ],
        [
          -0.927284,
          0.194914,
          -0.319612,
          2.431066
        ],
        [
          -0.018613,
          -0.876711,
          -0.480657,
          1.300942
        ],
        [
          0.0,
          0.0,
          0.0,
          1.0
        ]
      ]
    },
    {
      "file_path": "/media/NFS/ttao/scannet/posed_images/scene0362_01/00216.jpg",
      "transform_matrix": [
        [
          -0.37465,
          -0.440987,
          0.815578,
          2.714294
        ],
        [
          -0.926882,
          0.199914,
          -0.317685,
          2.422521
        ],
        [
          -0.02295,
          -0.874965,
          -0.483641,
          1.30226
        ],
        [
          0.0,
          0.0,
          0.0,
          1.0
        ]
      ]
    },
    {
      "file_path": "/media/NFS/ttao/scannet/posed_images/scene0362_01/00220.jpg",
      "transform_matrix": [
        [
          -0.378639,
          -0.440261,
          0.814126,
          2.730412
        ],
        [
          -0.924885,
          0.213187,
          -0.314865,
          2.393473
        ],
        [
          -0.034938,
          -0.872193,
          -0.487912,
          1.301558
        ],
        [
          0.0,
          0.0,
          0.0,
          1.0
        ]
      ]
    },
    {
      "file_path": "/media/NFS/ttao/scannet/posed_images/scene0362_01/00225.jpg",
      "transform_matrix": [
        [
          -0.40652,
          -0.44379,
          0.798618,
          2.767068
        ],
        [
          -0.913205,
          0.224376,
          -0.340164,
          2.363405
        ],
        [
          -0.028229,
          -0.867586,
          -0.496485,
          1.300346
        ],
        [
          0.0,
          0.0,
          0.0,
          1.0
        ]
      ]
    },
    {
      "file_path": "/media/NFS/ttao/scannet/posed_images/scene0362_01/00233.jpg",
      "transform_matrix": [
        [
          -0.480175,
          -0.401298,
          0.779995,
          2.843434
        ],
        [
          -0.877141,
          0.212152,
          -0.43083,
          2.344597
        ],
        [
          0.007414,
          -0.89104,
          -0.453865,
          1.306322
        ],
        [
          0.0,
          0.0,
          0.0,
          1.0
        ]
      ]
    },
    {
      "file_path": "/media/NFS/ttao/scannet/posed_images/scene0362_01/00237.jpg",
      "transform_matrix": [
        [
          -0.481366,
          -0.389272,
          0.785337,
          2.88109
        ],
        [
          -0.876473,
          0.204519,
          -0.435853,
          2.335746
        ],
        [
          0.009049,
          -0.898131,
          -0.439635,
          1.310162
        ],
        [
          0.0,
          0.0,
          0.0,
          1.0
        ]
      ]
    },
    {
      "file_path": "/media/NFS/ttao/scannet/posed_images/scene0362_01/00241.jpg",
      "transform_matrix": [
        [
          -0.461219,
          -0.39601,
          0.79401,
          2.909888
        ],
        [
          -0.887271,
          0.200603,
          -0.415342,
          2.317631
        ],
        [
          0.005199,
          -0.896066,
          -0.443891,
          1.311062
        ],
        [
          0.0,
          0.0,
          0.0,
          1.0
        ]
      ]
    },
    {
      "file_path": "/media/NFS/ttao/scannet/posed_images/scene0362_01/00244.jpg",
      "transform_matrix": [
        [
          -0.459994,
          -0.394928,
          0.795259,
          2.934641
        ],
        [
          -0.887922,
          0.203856,
          -0.412356,
          2.303034
        ],
        [
          0.000733,
          -0.89581,
          -0.444437,
          1.314716
        ],
        [
          0.0,
          0.0,
          0.0,
          1.0
        ]
      ]
    },
    {
      "file_path": "/media/NFS/ttao/scannet/posed_images/scene0362_01/00249.jpg",
      "transform_matrix": [
        [
          -0.45794,
          -0.387717,
          0.799979,
          2.974811
        ],
        [
          -0.888983,
          0.200568,
          -0.411682,
          2.27055
        ],
        [
          -0.000834,
          -0.899693,
          -0.436522,
          1.320346
        ],
        [
          0.0,
          0.0,
          0.0,
          1.0
        ]
      ]
    },
    {
      "file_path": "/media/NFS/ttao/scannet/posed_images/scene0362_01/00257.jpg",
      "transform_matrix": [
        [
          -0.428806,
          -0.372837,
          0.822871,
          3.018335
        ],
        [
          -0.903326,
          0.165535,
          -0.395729,
          2.221975
        ],
        [
          0.011328,
          -0.913012,
          -0.407776,
          1.340225
        ],
        [
          0.0,
          0.0,
          0.0,
          1.0
        ]
      ]
    },
    {
      "file_path": "/media/NFS/ttao/scannet/posed_images/scene0362_01/00260.jpg",
      "transform_matrix": [
        [
          -0.403223,
          -0.373173,
          0.835555,
          3.023132
        ],
        [
          -0.915055,
          0.155226,
          -0.372262,
          2.206031
        ],
        [
          0.009218,
          -0.914684,
          -0.404065,
          1.345003
        ],
        [
          0.0,
          0.0,
          0.0,
          1.0
        ]
      ]
    },
    {
      "file_path": "/media/NFS/ttao/scannet/posed_images/scene0362_01/00263.jpg",
      "transform_matrix": [
        [
          -0.391687,
          -0.37535,
          0.840056,
          3.039401
        ],
        [
          -0.920052,
          0.150634,
          -0.361681,
          2.202864
        ],
        [
          0.009216,
          -0.914561,
          -0.404343,
          1.35276
        ],
        [
          0.0,
          0.0,
          0.0,
          1.0
        ]
      ]
    },
    {
      "file_path": "/media/NFS/ttao/scannet/posed_images/scene0362_01/00270.jpg",
      "transform_matrix": [
        [
          -0.394628,
          -0.349371,
          0.849828,
          3.055527
        ],
        [
          -0.918724,
          0.135296,
          -0.371,
          2.208135
        ],
        [
          0.014638,
          -0.927165,
          -0.374368,
          1.36611
        ],
        [
          0.0,
          0.0,
          0.0,
          1.0
        ]
      ]
    },
    {
      "file_path": "/media/NFS/ttao/scannet/posed_images/scene0362_01/00274.jpg",
      "transform_matrix": [
        [
          -0.421448,
          -0.323828,
          0.847063,
          3.064845
        ],
        [
          -0.90677,
          0.137861,
          -0.398451,
          2.236216
        ],
        [
          0.012252,
          -0.936018,
          -0.351739,
          1.368445
        ],
        [
          0.0,
          0.0,
          0.0,
          1.0
        ]
      ]
    },
    {
      "file_path": "/media/NFS/ttao/scannet/posed_images/scene0362_01/00280.jpg",
      "transform_matrix": [
        [
          -0.491431,
          -0.273925,
          0.826716,
          3.086754
        ],
        [
          -0.870909,
          0.15839,
          -0.46522,
          2.312327
        ],
        [
          -0.003508,
          -0.948619,
          -0.316401,
          1.373148
        ],
        [
          0.0,
          0.0,
          0.0,
          1.0
        ]
      ]
    },
    {
      "file_path": "/media/NFS/ttao/scannet/posed_images/scene0362_01/00282.jpg",
      "transform_matrix": [
        [
          -0.504706,
          -0.266905,
          0.820995,
          3.090402
        ],
        [
          -0.863284,
          0.159731,
          -0.478776,
          2.33555
        ],
        [
          -0.00335,
          -0.950394,
          -0.311032,
          1.376916
        ],
        [
          0.0,
          0.0,
          0.0,
          1.0
        ]
      ]
    },
    {
      "file_path": "/media/NFS/ttao/scannet/posed_images/scene0362_01/00288.jpg",
      "transform_matrix": [
        [
          -0.542924,
          -0.257531,
          0.799318,
          3.09726
        ],
        [
          -0.839725,
          0.155441,
          -0.520288,
          2.402103
        ],
        [
          0.009744,
          -0.953685,
          -0.300648,
          1.396081
        ],
        [
          0.0,
          0.0,
          0.0,
          1.0
        ]
      ]
    },
    {
      "file_path": "/media/NFS/ttao/scannet/posed_images/scene0362_01/00294.jpg",
      "transform_matrix": [
        [
          -0.566602,
          -0.23247,
          0.790518,
          3.083915
        ],
        [
          -0.823403,
          0.123485,
          -0.553858,
          2.460371
        ],
        [
          0.031138,
          -0.964733,
          -0.261384,
          1.405901
        ],
        [
          0.0,
          0.0,
          0.0,
          1.0
        ]
      ]
    },
    {
      "file_path": "/media/NFS/ttao/scannet/posed_images/scene0362_01/00297.jpg",
      "transform_matrix": [
        [
          -0.567814,
          -0.225302,
          0.791723,
          3.071541
        ],
        [
          -0.822224,
          0.109473,
          -0.558536,
          2.480849
        ],
        [
          0.039167,
          -0.968119,
          -0.247409,
          1.411939
        ],
        [
          0.0,
          0.0,
          0.0,
          1.0
        ]
      ]
    },
    {
      "file_path": "/media/NFS/ttao/scannet/posed_images/scene0362_01/00304.jpg",
      "transform_matrix": [
        [
          -0.592174,
          -0.21908,
          0.775457,
          3.028664
        ],
        [
          -0.804004,
          0.096248,
          -0.586783,
          2.524518
        ],
        [
          0.053916,
          -0.970948,
          -0.233137,
          1.413122
        ],
        [
          0.0,
          0.0,
          0.0,
          1.0
        ]
      ]
    },
    {
      "file_path": "/media/NFS/ttao/scannet/posed_images/scene0362_01/00305.jpg",
      "transform_matrix": [
        [
          -0.593483,
          -0.217152,
          0.774998,
          3.022501
        ],
        [
          -0.803169,
          0.097656,
          -0.587693,
          2.531173
        ],
        [
          0.051935,
          -0.971241,
          -0.232367,
          1.413328
        ],
        [
          0.0,
          0.0,
          0.0,
          1.0
        ]
      ]
    },
    {
      "file_path": "/media/NFS/ttao/scannet/posed_images/scene0362_01/00309.jpg",
      "transform_matrix": [
        [
          -0.606659,
          -0.208273,
          0.767194,
          2.986373
        ],
        [
          -0.794188,
          0.116191,
          -0.596461,
          2.548749
        ],
        [
          0.035086,
          -0.971145,
          -0.235896,
          1.435352
        ],
        [
          0.0,
          0.0,
          0.0,
          1.0
        ]
      ]
    },
    {
      "file_path": "/media/NFS/ttao/scannet/posed_images/scene0362_01/00318.jpg",
      "transform_matrix": [
        [
          -0.657209,
          -0.147413,
          0.739152,
          2.921017
        ],
        [
          -0.753597,
          0.111703,
          -0.647776,
          2.612501
        ],
        [
          0.012925,
          -0.982747,
          -0.184502,
          1.479748
        ],
        [
          0.0,
          0.0,
          0.0,
          1.0
        ]
      ]
    },
    {
      "file_path": "/media/NFS/ttao/scannet/posed_images/scene0362_01/00321.jpg",
      "transform_matrix": [
        [
          -0.666917,
          -0.141408,
          0.73159,
          2.914423
        ],
        [
          -0.744841,
          0.099092,
          -0.659843,
          2.643626
        ],
        [
          0.020813,
          -0.98498,
          -0.171413,
          1.489677
        ],
        [
          0.0,
          0.0,
          0.0,
          1.0
        ]
      ]
    },
    {
      "file_path": "/media/NFS/ttao/scannet/posed_images/scene0362_01/00326.jpg",
      "transform_matrix": [
        [
          -0.68938,
          -0.124804,
          0.713568,
          2.903017
        ],
        [
          -0.72423,
          0.097408,
          -0.682644,
          2.66797
        ],
        [
          0.01569,
          -0.987388,
          -0.157538,
          1.487208
        ],
        [
          0.0,
          0.0,
          0.0,
          1.0
        ]
      ]
    },
    {
      "file_path": "/media/NFS/ttao/scannet/posed_images/scene0362_01/00332.jpg",
      "transform_matrix": [
        [
          -0.736055,
          -0.096289,
          0.670038,
          2.925473
        ],
        [
          -0.676921,
          0.105319,
          -0.728482,
          2.710094
        ],
        [
          -0.000423,
          -0.989766,
          -0.1427,
          1.483625
        ],
        [
          0.0,
          0.0,
          0.0,
          1.0
        ]
      ]
    },
    {
      "file_path": "/media/NFS/ttao/scannet/posed_images/scene0362_01/00336.jpg",
      "transform_matrix": [
        [
          -0.767008,
          -0.074974,
          0.637242,
          2.943151
        ],
        [
          -0.641117,
          0.12954,
          -0.756432,
          2.730425
        ],
        [
          -0.025835,
          -0.988736,
          -0.147426,
          1.494104
        ],
        [
          0.0,
          0.0,
          0.0,
          1.0
        ]
      ]
    },
    {
      "file_path": "/media/NFS/ttao/scannet/posed_images/scene0362_01/00339.jpg",
      "transform_matrix": [
        [
          -0.773013,
          -0.06023,
          0.631523,
          2.94804
        ],
        [
          -0.632921,
          0.140897,
          -0.761287,
          2.744411
        ],
        [
          -0.043127,
          -0.98819,
          -0.147036,
          1.498568
        ],
        [
          0.0,
          0.0,
          0.0,
          1.0
        ]
      ]
    },
    {
      "file_path": "/media/NFS/ttao/scannet/posed_images/scene0362_01/00345.jpg",
      "transform_matrix": [
        [
          -0.783282,
          -0.061733,
          0.618593,
          2.954819
        ],
        [
          -0.620298,
          0.143589,
          -0.771111,
          2.768181
        ],
        [
          -0.04122,
          -0.98771,
          -0.150763,
          1.495583
        ],
        [
          0.0,
          0.0,
          0.0,
          1.0
        ]
      ]
    },
    {
      "file_path": "/media/NFS/ttao/scannet/posed_images/scene0362_01/00347.jpg",
      "transform_matrix": [
        [
          -0.782049,
          -0.061974,
          0.620128,
          2.953505
        ],
        [
          -0.621889,
          0.142521,
          -0.770027,
          2.769501
        ],
        [
          -0.040659,
          -0.98785,
          -0.149999,
          1.499692
        ],
        [
          0.0,
          0.0,
          0.0,
          1.0
        ]
      ]
    },
    {
      "file_path": "/media/NFS/ttao/scannet/posed_images/scene0362_01/00356.jpg",
      "transform_matrix": [
        [
          -0.717852,
          -0.057014,
          0.693857,
          2.925327
        ],
        [
          -0.695861,
          0.089621,
          -0.712562,
          2.767826
        ],
        [
          -0.021558,
          -0.994343,
          -0.104009,
          1.482338
        ],
        [
          0.0,
          0.0,
          0.0,
          1.0
        ]
      ]
    },
    {
      "file_path": "/media/NFS/ttao/scannet/posed_images/scene0362_01/00357.jpg",
      "transform_matrix": [
        [
          -0.70639,
          -0.060613,
          0.705222,
          2.918969
        ],
        [
          -0.707618,
          0.084429,
          -0.701533,
          2.759913
        ],
        [
          -0.017018,
          -0.994584,
          -0.102531,
          1.484088
        ],
        [
          0.0,
          0.0,
          0.0,
          1.0
        ]
      ]
    },
    {
      "file_path": "/media/NFS/ttao/scannet/posed_images/scene0362_01/00364.jpg",
      "transform_matrix": [
        [
          -0.633715,
          -0.088496,
          0.768487,
          2.880484
        ],
        [
          -0.773463,
          0.088707,
          -0.627603,
          2.695932
        ],
        [
