{
  "frames": [
    {
      "file_path": "/media/NFS/ttao/scannet/posed_images/scene0651_01/00000.jpg",
      "transform_matrix": [
        [
          0.867523,
          -0.232148,
          0.439899,
          1.159018
        ],
        [
          -0.496743,
          -0.359026,
          0.790157,
          2.532878
        ],
        [
          -0.025498,
          -0.903996,
          -0.426781,
          1.4127
        ],
        [
          0.0,
          0.0,
          0.0,
          1.0
        ]
      ]
    },
    {
      "file_path": "/media/NFS/ttao/scannet/posed_images/scene0651_01/00004.jpg",
      "transform_matrix": [
        [
          0.861968,
          -0.221015,
          0.456249,
          1.15914
        ],
        [
          -0.506706,
          -0.346957,
          0.789221,
          2.534938
        ],
        [
          -0.016132,
          -0.911468,
          -0.411055,
          1.421024
        ],
        [
          0.0,
          0.0,
          0.0,
          1.0
        ]
      ]
    },
    {
      "file_path": "/media/NFS/ttao/scannet/posed_images/scene0651_01/00005.jpg",
      "transform_matrix": [
        [
          0.862437,
          -0.21656,
          0.457499,
          1.158136
        ],
        [
          -0.506011,
          -0.346529,
          0.789855,
          2.536171
        ],
        [
          -0.012515,
          -0.912699,
          -0.408441,
          1.422085
        ],
        [
          0.0,
          0.0,
          0.0,
          1.0
        ]
      ]
    },
    {
      "file_path": "/media/NFS/ttao/scannet/posed_images/scene0651_01/00010.jpg",
      "transform_matrix": [
        [
          0.853887,
          -0.176591,
          0.489585,
          1.153004
        ],
        [
          -0.520442,
          -0.297469,
          0.800408,
          2.543227
        ],
        [
          0.004291,
          -0.938258,
          -0.34591,
          1.43667
        ],
        [
          0.0,
          0.0,
          0.0,
          1.0
        ]
      ]
    },
    {
      "file_path": "/media/NFS/ttao/scannet/posed_images/scene0651_01/00012.jpg",
      "transform_matrix": [
        [
          0.842183,
          -0.183964,
          0.506838,
          1.155063
        ],
        [
          -0.539125,
          -0.272531,
          0.796914,
          2.548259
        ],
        [
          -0.008474,
          -0.944396,
          -0.3287,
          1.452416
        ],
        [
          0.0,
          0.0,
          0.0,
          1.0
        ]
      ]
    },
    {
      "file_path": "/media/NFS/ttao/scannet/posed_images/scene0651_01/00014.jpg",
      "transform_matrix": [
        [
          0.83191,
          -0.187973,
          0.522104,
          1.158491
        ],
        [
          -0.554523,
          -0.246411,
          0.79485,
          2.549538
        ],
        [
          -0.020759,
          -0.950761,
          -0.309227,
          1.463405
        ],
        [
          0.0,
          0.0,
          0.0,
          1.0
        ]
      ]
    },
    {
      "file_path": "/media/NFS/ttao/scannet/posed_images/scene0651_01/00018.jpg",
      "transform_matrix": [
        [
          0.829095,
          -0.177223,
          0.530276,
          1.165174
        ],
        [
          -0.558188,
          -0.207986,
          0.803224,
          2.546199
        ],
        [
          -0.03206,
          -0.961943,
          -0.271364,
          1.480616
        ],
        [
          0.0,
          0.0,
          0.0,
          1.0
        ]
      ]
    },
    {
      "file_path": "/media/NFS/ttao/scannet/posed_images/scene0651_01/00019.jpg",
      "transform_matrix": [
        [
          0.828393,
          -0.167704,
          0.534454,
          1.164274
        ],
        [
          -0.559456,
          -0.200296,
          0.804295,
          2.547207
        ],
        [
          -0.027835,
          -0.965275,
          -0.259747,
          1.485383
        ],
        [
          0.0,
          0.0,
          0.0,
          1.0
        ]
      ]
    },
    {
      "file_path": "/media/NFS/ttao/scannet/posed_images/scene0651_01/00022.jpg",
      "transform_matrix": [
        [
          0.821136,
          -0.14793,
          0.551228,
          1.170321
        ],
        [
          -0.570467,
          -0.183255,
          0.800615,
          2.544558
        ],
        [
          -0.017419,
          -0.971871,
          -0.234866,
          1.498833
        ],
        [
          0.0,
          0.0,
          0.0,
          1.0
        ]
      ]
    },
    {
      "file_path": "/media/NFS/ttao/scannet/posed_images/scene0651_01/00026.jpg",
      "transform_matrix": [
        [
          0.805708,
          -0.15726,
          0.571055,
          1.183189
        ],
        [
          -0.591318,
          -0.157711,
          0.790867,
          2.53931
        ],
        [
          -0.03431,
          -0.974883,
          -0.22006,
          1.505968
        ],
        [
          0.0,
          0.0,
          0.0,
          1.0
        ]
      ]
    },
    {
      "file_path": "/media/NFS/ttao/scannet/posed_images/scene0651_01/00029.jpg",
      "transform_matrix": [
        [
          0.790942,
          -0.180526,
          0.584655,
          1.193683
        ],
        [
          -0.610114,
          -0.159899,
          0.776011,
          2.536724
        ],
        [
          -0.046604,
          -0.970486,
          -0.236612,
          1.502059
        ],
        [
          0.0,
          0.0,
          0.0,
          1.0
        ]
      ]
    },
    {
      "file_path": "/media/NFS/ttao/scannet/posed_images/scene0651_01/00032.jpg",
      "transform_matrix": [
        [
          0.78113,
          -0.211814,
          0.587343,
          1.20066
        ],
        [
          -0.621696,
          -0.176907,
          0.763019,
          2.537531
        ],
        [
          -0.057713,
          -0.961165,
          -0.269871,
          1.49741
        ],
        [
          0.0,
          0.0,
          0.0,
          1.0
        ]
      ]
    },
    {
      "file_path": "/media/NFS/ttao/scannet/posed_images/scene0651_01/00033.jpg",
      "transform_matrix": [
        [
          0.779413,
          -0.220695,
          0.586353,
          1.201782
        ],
        [
          -0.623526,
          -0.181988,
          0.760326,
          2.53708
        ],
        [
          -0.061091,
          -0.958214,
          -0.279453,
          1.491088
        ],
        [
          0.0,
          0.0,
          0.0,
          1.0
        ]
      ]
    },
    {
      "file_path": "/media/NFS/ttao/scannet/posed_images/scene0651_01/00038.jpg",
      "transform_matrix": [
        [
          0.77172,
          -0.255204,
          0.582511,
          1.203316
        ],
        [
          -0.63311,
          -0.221631,
          0.741655,
          2.540104
        ],
        [
          -0.060171,
          -0.941143,
          -0.33261,
          1.459975
        ],
        [
          0.0,
          0.0,
          0.0,
          1.0
        ]
      ]
    },
    {
      "file_path": "/media/NFS/ttao/scannet/posed_images/scene0651_01/00041.jpg",
      "transform_matrix": [
        [
          0.76558,
          -0.272326,
          0.58286,
          1.200538
        ],
        [
          -0.640805,
          -0.242435,
          0.728419,
          2.544703
        ],
        [
          -0.057061,
          -0.931162,
          -0.360112,
          1.436984
        ],
        [
          0.0,
          0.0,
          0.0,
          1.0
        ]
      ]
    },
    {
      "file_path": "/media/NFS/ttao/scannet/posed_images/scene0651_01/00043.jpg",
      "transform_matrix": [
        [
          0.76395,
          -0.278263,
          0.582194,
          1.197712
        ],
        [
          -0.642714,
          -0.247826,
          0.724914,
          2.543618
        ],
        [
          -0.057434,
          -0.927983,
          -0.36817,
          1.422481
        ],
        [
          0.0,
          0.0,
          0.0,
          1.0
        ]
      ]
    },
    {
      "file_path": "/media/NFS/ttao/scannet/posed_images/scene0651_01/00045.jpg",
      "transform_matrix": [
        [
          0.763469,
          -0.29271,
          0.575705,
          1.193982
        ],
        [
          -0.64295,
          -0.260168,
          0.720366,
          2.54428
        ],
        [
          -0.061078,
          -0.920127,
          -0.386828,
          1.410037
        ],
        [
          0.0,
          0.0,
          0.0,
          1.0
        ]
      ]
    },
    {
      "file_path": "/media/NFS/ttao/scannet/posed_images/scene0651_01/00047.jpg",
      "transform_matrix": [
        [
          0.762998,
          -0.305758,
          0.569513,
          1.188527
        ],
        [
          -0.643208,
          -0.27167,
          0.715876,
          2.545252
        ],
        [
          -0.064165,
          -0.912528,
          -0.40395,
          1.39512
        ],
        [
          0.0,
          0.0,
          0.0,
          1.0
        ]
      ]
    },
    {
      "file_path": "/media/NFS/ttao/scannet/posed_images/scene0651_01/00052.jpg",
      "transform_matrix": [
        [
          0.761955,
          -0.337311,
          0.552852,
          1.181931
        ],
        [
          -0.643901,
          -0.303097,
          0.702513,
          2.54721
        ],
        [
          -0.069397,
          -0.891265,
          -0.448142,
          1.369566
        ],
        [
          0.0,
          0.0,
          0.0,
          1.0
        ]
      ]
    },
    {
      "file_path": "/media/NFS/ttao/scannet/posed_images/scene0651_01/00054.jpg",
      "transform_matrix": [
        [
          0.758124,
          -0.346303,
          0.552561,
          1.179148
        ],
        [
          -0.648569,
          -0.312213,
          0.694177,
          2.545781
        ],
        [
          -0.067879,
          -0.884645,
          -0.461297,
          1.357453
        ],
        [
          0.0,
          0.0,
          0.0,
          1.0
        ]
      ]
    },
    {
      "file_path": "/media/NFS/ttao/scannet/posed_images/scene0651_01/00057.jpg",
      "transform_matrix": [
        [
          0.745099,
          -0.370768,
          0.554399,
          1.17773
        ],
        [
          -0.66336,
          -0.325799,
          0.673653,
          2.543844
        ],
        [
          -0.069146,
          -0.869704,
          -0.488705,
          1.343748
        ],
        [
          0.0,
          0.0,
          0.0,
          1.0
        ]
      ]
    },
    {
      "file_path": "/media/NFS/ttao/scannet/posed_images/scene0651_01/00060.jpg",
      "transform_matrix": [
        [
          0.738357,
          -0.386053,
          0.552985,
          1.17837
        ],
        [
          -0.670694,
          -0.334367,
          0.662094,
          2.540079
        ],
        [
          -0.070704,
          -0.859745,
          -0.505806,
          1.334509
        ],
        [
          0.0,
          0.0,
          0.0,
          1.0
        ]
      ]
    },
    {
      "file_path": "/media/NFS/ttao/scannet/posed_images/scene0651_01/00063.jpg",
      "transform_matrix": [
        [
          0.734357,
          -0.388687,
          0.556455,
          1.178101
        ],
        [
          -0.675861,
          -0.342995,
          0.652354,
          2.538325
        ],
        [
          -0.062701,
          -0.855147,
          -0.514579,
          1.328447
        ],
        [
          0.0,
          0.0,
          0.0,
          1.0
        ]
      ]
    },
    {
      "file_path": "/media/NFS/ttao/scannet/posed_images/scene0651_01/00064.jpg",
      "transform_matrix": [
        [
          0.732603,
          -0.389152,
          0.558439,
          1.177698
        ],
        [
          -0.678013,
          -0.344986,
          0.649063,
          2.539415
        ],
        [
          -0.05993,
          -0.854134,
          -0.516588,
          1.328941
        ],
        [
          0.0,
          0.0,
          0.0,
          1.0
        ]
      ]
    },
    {
      "file_path": "/media/NFS/ttao/scannet/posed_images/scene0651_01/00069.jpg",
      "transform_matrix": [
        [
          0.721095,
          -0.392087,
          0.571218,
          1.179366
        ],
        [
          -0.690966,
          -0.346427,
          0.634472,
          2.539256
        ],
        [
          -0.050883,
          -0.852206,
          -0.520726,
          1.33093
        ],
        [
          0.0,
          0.0,
          0.0,
          1.0
        ]
      ]
    },
    {
      "file_path": "/media/NFS/ttao/scannet/posed_images/scene0651_01/00070.jpg",
      "transform_matrix": [
        [
          0.718242,
          -0.391928,
          0.57491,
          1.179323
        ],
        [
          -0.694089,
          -0.345775,
          0.631412,
          2.5408
        ],
        [
          -0.048679,
          -0.852545,
          -0.520383,
          1.330209
        ],
        [
          0.0,
          0.0,
          0.0,
          1.0
        ]
      ]
    },
    {
      "file_path": "/media/NFS/ttao/scannet/posed_images/scene0651_01/00074.jpg",
      "transform_matrix": [
        [
          0.710014,
          -0.388293,
          0.58746,
          1.181056
        ],
        [
          -0.702521,
          -0.333221,
          0.628831,
          2.540334
        ],
        [
          -0.048417,
          -0.859182,
          -0.509375,
          1.337212
        ],
        [
          0.0,
          0.0,
          0.0,
          1.0
        ]
      ]
    },
    {
      "file_path": "/media/NFS/ttao/scannet/posed_images/scene0651_01/00076.jpg",
      "transform_matrix": [
        [
          0.709452,
          -0.380071,
          0.593484,
          1.18036
        ],
        [
          -0.70316,
          -0.32513,
          0.632343,
          2.539755
        ],
        [
          -0.047376,
          -0.865931,
          -0.497915,
          1.339689
        ],
        [
          0.0,
          0.0,
          0.0,
          1.0
        ]
      ]
    },
    {
      "file_path": "/media/NFS/ttao/scannet/posed_images/scene0651_01/00080.jpg",
      "transform_matrix": [
        [
          0.716467,
          -0.359766,
          0.597699,
          1.180057
        ],
        [
          -0.695529,
          -0.302081,
          0.651909,
          2.539939
        ],
        [
          -0.053981,
          -0.882788,
          -0.466659,
          1.351193
        ],
        [
          0.0,
          0.0,
          0.0,
          1.0
        ]
      ]
    },
    {
      "file_path": "/media/NFS/ttao/scannet/posed_images/scene0651_01/00082.jpg",
      "transform_matrix": [
        [
          0.722379,
          -0.346193,
          0.598597,
          1.179048
        ],
        [
          -0.689189,
          -0.289774,
          0.664116,
          2.539803
        ],
        [
          -0.056455,
          -0.89229,
          -0.447919,
          1.360776
        ],
        [
          0.0,
          0.0,
          0.0,
          1.0
        ]
      ]
    },
    {
      "file_path": "/media/NFS/ttao/scannet/posed_images/scene0651_01/00086.jpg",
      "transform_matrix": [
        [
          0.734454,
          -0.320195,
          0.598375,
          1.178681
        ],
        [
          -0.677131,
          -0.286621,
          0.677747,
          2.543495
        ],
        [
          -0.045505,
          -0.902953,
          -0.427324,
          1.374797
        ],
        [
          0.0,
          0.0,
          0.0,
          1.0
        ]
      ]
    },
    {
      "file_path": "/media/NFS/ttao/scannet/posed_images/scene0651_01/00087.jpg",
      "transform_matrix": [
        [
          0.737642,
          -0.310431,
          0.599597,
          1.179148
        ],
        [
          -0.673995,
          -0.285695,
          0.681255,
          2.543929
        ],
        [
          -0.040181,
          -0.906648,
          -0.41997,
          1.378542
        ],
        [
          0.0,
          0.0,
          0.0,
          1.0
        ]
      ]
    },
    {
      "file_path": "/media/NFS/ttao/scannet/posed_images/scene0651_01/00090.jpg",
      "transform_matrix": [
        [
          0.743309,
          -0.278854,
          0.608056,
          1.181203
        ],
        [
          -0.668506,
          -0.276572,
          0.690368,
          2.546816
        ],
        [
          -0.02434,
          -0.919646,
          -0.391994,
          1.396076
        ],
        [
          0.0,
          0.0,
          0.0,
          1.0
        ]
      ]
    },
    {
      "file_path": "/media/NFS/ttao/scannet/posed_images/scene0651_01/00092.jpg",
      "transform_matrix": [
        [
          0.74653,
          -0.26391,
          0.610774,
          1.185704
        ],
        [
          -0.664872,
          -0.261032,
          0.699862,
          2.545428
        ],
        [
          -0.02527,
          -0.928555,
          -0.370335,
          1.409024
        ],
        [
          0.0,
          0.0,
          0.0,
          1.0
        ]
      ]
    },
    {
      "file_path": "/media/NFS/ttao/scannet/posed_images/scene0651_01/00097.jpg",
      "transform_matrix": [
        [
          0.757124,
          -0.232227,
          0.610601,
          1.198238
        ],
        [
          -0.651905,
          -0.20818,
          0.729164,
          2.540722
        ],
        [
          -0.042217,
          -0.950122,
          -0.309008,
          1.44971
        ],
        [
          0.0,
          0.0,
          0.0,
          1.0
        ]
      ]
    },
    {
      "file_path": "/media/NFS/ttao/scannet/posed_images/scene0651_01/00100.jpg",
      "transform_matrix": [
        [
          0.76096,
          -0.204519,
          0.615721,
          1.201051
        ],
        [
          -0.647564,
          -0.180883,
          0.740231,
          2.540264
        ],
        [
          -0.040019,
          -0.962005,
          -0.270084,
          1.474259
        ],
        [
          0.0,
          0.0,
          0.0,
          1.0
        ]
      ]
    },
    {
      "file_path": "/media/NFS/ttao/scannet/posed_images/scene0651_01/00101.jpg",
      "transform_matrix": [
        [
          0.761077,
          -0.196261,
          0.618259,
          1.201064
        ],
        [
          -0.6475,
          -0.172843,
          0.742205,
          2.540667
        ],
        [
          -0.038805,
          -0.965198,
          -0.258626,
          1.481382
        ],
        [
          0.0,
          0.0,
          0.0,
          1.0
        ]
      ]
    },
    {
      "file_path": "/media/NFS/ttao/scannet/posed_images/scene0651_01/00105.jpg",
      "transform_matrix": [
        [
          0.765034,
          -0.17929,
          0.618529,
          1.206861
        ],
        [
          -0.642594,
          -0.149317,
          0.751517,
          2.537631
        ],
        [
          -0.042383,
          -0.972399,
          -0.229444,
          1.505605
        ],
        [
          0.0,
          0.0,
          0.0,
          1.0
        ]
      ]
    },
    {
      "file_path": "/media/NFS/ttao/scannet/posed_images/scene0651_01/00108.jpg",
      "transform_matrix": [
        [
          0.774657,
          -0.161968,
          0.611289,
          1.210523
        ],
        [
          -0.630411,
          -0.121528,
          0.766689,
          2.532619
        ],
        [
          -0.049891,
          -0.979284,
          -0.196249,
          1.526138
        ],
        [
          0.0,
          0.0,
          0.0,
          1.0
        ]
      ]
    },
    {
      "file_path": "/media/NFS/ttao/scannet/posed_images/scene0651_01/00110.jpg",
      "transform_matrix": [
        [
          0.782072,
          -0.14961,
          0.604964,
          1.212476
        ],
        [
          -0.620902,
          -0.103979,
          0.776961,
          2.527682
        ],
        [
          -0.053338,
          -0.983262,
          -0.174212,
          1.535058
        ],
        [
          0.0,
          0.0,
          0.0,
          1.0
        ]
      ]
    },
    {
      "file_path": "/media/NFS/ttao/scannet/posed_images/scene0651_01/00114.jpg",
      "transform_matrix": [
        [
          0.786157,
          -0.129935,
          0.604214,
          1.212686
        ],
        [
          -0.615783,
          -0.081435,
          0.783696,
          2.520833
        ],
        [
          -0.052625,
          -0.988173,
          -0.144033,
          1.55186
        ],
        [
          0.0,
          0.0,
          0.0,
          1.0
        ]
      ]
    },
    {
      "file_path": "/media/NFS/ttao/scannet/posed_images/scene0651_01/00117.jpg",
      "transform_matrix": [
        [
          0.788145,
          -0.1227,
          0.603136,
          1.21546
        ],
        [
          -0.613486,
          -0.077602,
          0.785883,
          2.516644
        ],
        [
          -0.049624,
          -0.989405,
          -0.136436,
          1.557985
        ],
        [
          0.0,
          0.0,
          0.0,
          1.0
        ]
      ]
    },
    {
      "file_path": "/media/NFS/ttao/scannet/posed_images/scene0651_01/00118.jpg",
      "transform_matrix": [
        [
          0.788179,
          -0.117854,
          0.604056,
          1.214621
        ],
        [
          -0.613697,
          -0.076561,
          0.785821,
          2.517045
        ],
        [
          -0.046365,
          -0.990075,
          -0.132671,
          1.559206
        ],
        [
          0.0,
          0.0,
          0.0,
          1.0
        ]
      ]
    },
    {
      "file_path": "/media/NFS/ttao/scannet/posed_images/scene0651_01/00122.jpg",
      "transform_matrix": [
        [
          0.7919,
          -0.098589,
          0.60264,
          1.216135
        ],
        [
          -0.609604,
          -0.069876,
          0.78962,
          2.516092
        ],
        [
          -0.035738,
          -0.992672,
          -0.115436,
          1.578322
        ],
        [
          0.0,
          0.0,
          0.0,
          1.0
        ]
      ]
    },
    {
      "file_path": "/media/NFS/ttao/scannet/posed_images/scene0651_01/00123.jpg",
      "transform_matrix": [
        [
          0.793588,
          -0.093146,
          0.601283,
          1.215453
        ],
        [
          -0.607407,
          -0.063283,
          0.791866,
          2.515942
        ],
        [
          -0.035708,
          -0.993639,
          -0.106798,
          1.579677
        ],
        [
          0.0,
          0.0,
          0.0,
          1.0
        ]
      ]
    },
    {
      "file_path": "/media/NFS/ttao/scannet/posed_images/scene0651_01/00126.jpg",
      "transform_matrix": [
        [
          0.804345,
          -0.07337,
          0.589616,
          1.213688
        ],
        [
          -0.593167,
          -0.041726,
          0.803997,
          2.51295
        ],
        [
          -0.034387,
          -0.996431,
          -0.077083,
          1.58559
        ],
        [
          0.0,
          0.0,
          0.0,
          1.0
        ]
      ]
    },
    {
      "file_path": "/media/NFS/ttao/scannet/posed_images/scene0651_01/00129.jpg",
      "transform_matrix": [
        [
          0.814671,
          -0.060792,
          0.576729,
          1.213336
        ],
        [
          -0.578774,
          -0.022635,
          0.815174,
          2.509776
        ],
        [
          -0.036502,
          -0.997894,
          -0.053625,
          1.598202
        ],
        [
          0.0,
          0.0,
          0.0,
          1.0
        ]
      ]
    },
    {
      "file_path": "/media/NFS/ttao/scannet/posed_images/scene0651_01/00132.jpg",
      "transform_matrix": [
        [
          0.825815,
          -0.045916,
          0.562069,
          1.216414
        ],
        [
          -0.563202,
          -0.016097,
          0.826163,
          2.505153
        ],
        [
          -0.028886,
          -0.998816,
          -0.039153,
          1.615351
        ],
        [
          0.0,
          0.0,
          0.0,
          1.0
        ]
      ]
    },
    {
      "file_path": "/media/NFS/ttao/scannet/posed_images/scene0651_01/00137.jpg",
      "transform_matrix": [
        [
          0.848648,
          -0.015704,
          0.528725,
          1.210476
        ],
        [
          -0.528006,
          0.034801,
          0.848527,
          2.495621
        ],
        [
          -0.031726,
          -0.999271,
          0.021242,
          1.639917
        ],
        [
          0.0,
          0.0,
          0.0,
          1.0
        ]
      ]
    },
    {
      "file_path": "/media/NFS/ttao/scannet/posed_images/scene0651_01/00138.jpg",
      "transform_matrix": [
        [
          0.851873,
          -0.007375,
          0.523696,
          1.209423
        ],
        [
          -0.522741,
          0.050007,
          0.851023,
          2.492264
        ],
        [
          -0.032465,
          -0.998721,
          0.038744,
          1.639751
        ],
        [
          0.0,
          0.0,
          0.0,
          1.0
        ]
      ]
    },
    {
      "file_path": "/media/NFS/ttao/scannet/posed_images/scene0651_01/00142.jpg",
      "transform_matrix": [
        [
          0.862453,
          0.01769,
          0.505828,
          1.201239
        ],
        [
          -0.505612,
          0.07562,
          0.85944,
          2.489273
        ],
        [
          -0.023047,
          -0.99698,
          0.074163,
          1.650892
        ],
        [
          0.0,
          0.0,
          0.0,
          1.0
        ]
      ]
    },
    {
      "file_path": "/media/NFS/ttao/scannet/posed_images/scene0651_01/00144.jpg",
      "transform_matrix": [
        [
          0.873021,
          0.019681,
          0.487285,
          1.193894
        ],
        [
          -0.487259,
          0.076853,
          0.869869,
          2.491209
        ],
        [
          -0.02033,
          -0.996848,
          0.076684,
          1.649939
        ],
        [
          0.0,
          0.0,
          0.0,
          1.0
        ]
      ]
    },
    {
      "file_path": "/media/NFS/ttao/scannet/posed_images/scene0651_01/00148.jpg",
      "transform_matrix": [
        [
          0.89934,
          0.022419,
          0.436675,
          1.176504
        ],
        [
          -0.437093,
          0.072864,
          0.89646,
          2.49755
        ],
        [
          -0.01172,
          -0.99709,
          0.075328,
          1.635603
        ],
        [
          0.0,
          0.0,
          0.0,
          1.0
        ]
      ]
    },
    {
      "file_path": "/media/NFS/ttao/scannet/posed_images/scene0651_01/00151.jpg",
      "transform_matrix": [
        [
          0.916757,
          0.000465,
          0.399444,
          1.171667
        ],
        [
          -0.398696,
          0.062278,
          0.914966,
          2.501573
        ],
        [
          -0.024451,
          -0.998059,
          0.057279,
          1.622529
        ],
        [
          0.0,
          0.0,
          0.0,
          1.0
        ]
      ]
    },
    {
      "file_path": "/media/NFS/ttao/scannet/posed_images/scene0651_01/00153.jpg",
      "transform_matrix": [
        [
          0.926049,
          -0.02392,
          0.376644,
          1.171987
        ],
        [
          -0.374546,
          0.064327,
          0.924974,
          2.502831
        ],
        [
          -0.046353,
          -0.997642,
          0.050611,
          1.616833
        ],
        [
          0.0,
          0.0,
          0.0,
          1.0
        ]
      ]
    },
    {
      "file_path": "/media/NFS/ttao/scannet/posed_images/scene0651_01/00154.jpg",
      "transform_matrix": [
        [
          0.930541,
          -0.034167,
          0.36459,
          1.174234
        ],
        [
          -0.361891,
          0.06626,
          0.929862,
          2.502045
        ],
        [
          -0.055928,
          -0.997217,
          0.049293,
          1.613131
        ],
        [
          0.0,
          0.0,
          0.0,
          1.0
        ]
      ]
    },
    {
      "file_path": "/media/NFS/ttao/scannet/posed_images/scene0651_01/00159.jpg",
      "transform_matrix": [
        [
          0.941865,
          -0.065705,
          0.329504,
          1.185119
        ],
        [
          -0.32649,
          0.052603,
          0.943736,
          2.502422
        ],
        [
          -0.079341,
          -0.996451,
          0.028093,
          1.585763
        ],
        [
          0.0,
          0.0,
          0.0,
          1.0
        ]
      ]
    },
    {
      "file_path": "/media/NFS/ttao/scannet/posed_images/scene0651_01/00162.jpg",
      "transform_matrix": [
        [
          0.942524,
          -0.060345,
          0.328644,
          1.193868
        ],
        [
          -0.328238,
          0.016799,
          0.944446,
          2.507385
        ],
        [
          -0.062514,
          -0.998036,
          -0.003974,
          1.547419
        ],
        [
          0.0,
          0.0,
          0.0,
          1.0
        ]
      ]
    },
    {
      "file_path": "/media/NFS/ttao/scannet/posed_images/scene0651_01/00165.jpg",
      "transform_matrix": [
        [
          0.946932,
          -0.058241,
          0.316113,
          1.208027
        ],
        [
          -0.317321,
          -0.012569,
          0.948235,
          2.512361
        ],
        [
          -0.051253,
          -0.998223,
          -0.030383,
          1.529815
        ],
        [
          0.0,
          0.0,
          0.0,
          1.0
        ]
      ]
    },
    {
      "file_path": "/media/NFS/ttao/scannet/posed_images/scene0651_01/00167.jpg",
      "transform_matrix": [
        [
          0.951454,
          -0.049776,
          0.303738,
          1.223961
        ],
        [
          -0.305062,
          -0.021409,
          0.952092,
          2.513269
        ],
        [
          -0.040888,
          -0.998531,
          -0.035554,
          1.519683
        ],
        [
          0.0,
          0.0,
          0.0,
          1.0
        ]
      ]
    },
    {
      "file_path": "/media/NFS/ttao/scannet/posed_images/scene0651_01/00169.jpg",
      "transform_matrix": [
        [
          0.958236,
          -0.045048,
          0.282409,
          1.24463
        ],
        [
          -0.283451,
          -0.018572,
          0.958807,
          2.507908
        ],
        [
          -0.037947,
          -0.998812,
          -0.030565,
          1.512308
        ],
        [
          0.0,
          0.0,
          0.0,
          1.0
        ]
      ]
    },
    {
      "file_path": "/media/NFS/ttao/scannet/posed_images/scene0651_01/00173.jpg",
      "transform_matrix": [
        [
          0.977502,
          -0.025378,
          0.209394,
          1.298727
        ],
        [
          -0.210067,
          -0.027579,
          0.977298,
          2.495291
        ],
        [
          -0.019027,
          -0.999297,
          -0.03229,
          1.490989
        ],
        [
          0.0,
          0.0,
          0.0,
          1.0
        ]
      ]
    },
    {
      "file_path": "/media/NFS/ttao/scannet/posed_images/scene0651_01/00174.jpg",
      "transform_matrix": [
        [
          0.982215,
          -0.017833,
          0.186911,
          1.311182
        ],
        [
          -0.187435,
          -0.034642,
          0.981666,
          2.490576
        ],
        [
          -0.011031,
          -0.999241,
          -0.037368,
          1.48187
        ],
        [
          0.0,
          0.0,
          0.0,
          1.0
        ]
      ]
    },
    {
      "file_path": "/media/NFS/ttao/scannet/posed_images/scene0651_01/00178.jpg",
      "transform_matrix": [
        [
          0.996733,
          0.005396,
          0.080592,
          1.358489
        ],
        [
          -0.079769,
          -0.091017,
          0.992649,
          2.473226
        ],
        [
          0.012692,
          -0.995835,
          -0.090289,
          1.446429
        ],
        [
          0.0,
          0.0,
          0.0,
          1.0
        ]
      ]
    },
    {
      "file_path": "/media/NFS/ttao/scannet/posed_images/scene0651_01/00181.jpg",
      "transform_matrix": [
        [
          0.999716,
          0.020995,
          0.011312,
          1.399586
        ],
        [
          -0.00769,
          -0.165194,
          0.986231,
          2.461275
        ],
        [
          0.022575,
          -0.986037,
          -0.164986,
          1.468026
        ],
        [
          0.0,
          0.0,
          0.0,
          1.0
        ]
      ]
    },
    {
      "file_path": "/media/NFS/ttao/scannet/posed_images/scene0651_01/00184.jpg",
      "transform_matrix": [
        [
          0.998963,
          0.035265,
          -0.028784,
          1.424659
        ],
        [
          0.03498,
          -0.190082,
          0.981145,
          2.449799
        ],
        [
          0.029129,
          -0.981134,
          -0.191119,
          1.464554
        ],
        [
          0.0,
          0.0,
          0.0,
          1.0
        ]
      ]
    },
    {
      "file_path": "/media/NFS/ttao/scannet/posed_images/scene0651_01/00186.jpg",
      "transform_matrix": [
        [
          0.998006,
          0.031065,
          -0.054954,
          1.439983
        ],
        [
          0.059866,
          -0.189602,
          0.980034,
          2.441101
        ],
        [
          0.020025,
          -0.981369,
          -0.191083,
          1.463907
        ],
        [
          0.0,
          0.0,
          0.0,
          1.0
        ]
      ]
    },
    {
      "file_path": "/media/NFS/ttao/scannet/posed_images/scene0651_01/00188.jpg",
      "transform_matrix": [
        [
          0.996166,
          0.028057,
          -0.082869,
          1.453469
        ],
        [
          0.086552,
          -0.177688,
          0.980273,
          2.43129
        ],
        [
          0.012779,
          -0.983687,
          -0.179435,
          1.45919
        ],
        [
          0.0,
          0.0,
          0.0,
          1.0
        ]
      ]
    },
    {
      "file_path": "/media/NFS/ttao/scannet/posed_images/scene0651_01/00193.jpg",
      "transform_matrix": [
        [
          0.986787,
          0.031759,
          -0.158881,
          1.46892
        ],
        [
          0.162012,
          -0.181793,
          0.969899,
          2.419835
        ],
        [
          0.00192,
          -0.982824,
          -0.184536,
          1.437851
        ],
        [
          0.0,
          0.0,
          0.0,
          1.0
        ]
      ]
    },
    {
      "file_path": "/media/NFS/ttao/scannet/posed_images/scene0651_01/00194.jpg",
      "transform_matrix": [
        [
          0.985009,
          0.031557,
          -0.169589,
          1.469532
        ],
        [
          0.172497,
          -0.186386,
          0.967215,
          2.419556
        ],
        [
          -0.001086,
          -0.98197,
          -0.189035,
          1.430854
        ],
        [
          0.0,
          0.0,
          0.0,
          1.0
        ]
      ]
    },
    {
      "file_path": "/media/NFS/ttao/scannet/posed_images/scene0651_01/00197.jpg",
      "transform_matrix": [
        [
          0.980608,
          0.038958,
          -0.192066,
          1.474523
        ],
        [
          0.19595,
          -0.211206,
          0.957599,
          2.426587
        ],
        [
          -0.00326,
          -0.976665,
          -0.214744,
          1.408342
        ],
        [
          0.0,
          0.0,
          0.0,
          1.0
        ]
      ]
    },
    {
      "file_path": "/media/NFS/ttao/scannet/posed_images/scene0651_01/00201.jpg",
      "transform_matrix": [
        [
          0.972664,
          0.053787,
          -0.225904,
          1.499353
        ],
        [
          0.232198,
          -0.238252,
          0.943038,
          2.455016
        ],
        [
          -0.003099,
          -0.969713,
          -0.244228,
          1.405671
        ],
        [
          0.0,
          0.0,
          0.0,
          1.0
        ]
      ]
    },
    {
      "file_path": "/media/NFS/ttao/scannet/posed_images/scene0651_01/00204.jpg",
      "transform_matrix": [
        [
          0.964597,
          0.071166,
          -0.253945,
          1.513048
        ],
        [
          0.263657,
          -0.237935,
          0.934811,
          2.473854
        ],
        [
          0.006104,
          -0.96867,
          -0.248275,
          1.391083
        ],
        [
          0.0,
          0.0,
          0.0,
          1.0
        ]
      ]
    },
    {
      "file_path": "/media/NFS/ttao/scannet/posed_images/scene0651_01/00205.jpg",
      "transform_matrix": [
        [
          0.960968,
          0.078925,
          -0.265162,
          1.519117
        ],
        [
          0.276408,
          -0.233124,
          0.932337,
          2.480412
        ],
        [
          0.011769,
          -0.969239,
          -0.245841,
          1.385906
        ],
        [
          0.0,
          0.0,
          0.0,
          1.0
        ]
      ]
    },
    {
      "file_path": "/media/NFS/ttao/scannet/posed_images/scene0651_01/00210.jpg",
      "transform_matrix": [
        [
          0.937879,
          0.125635,
          -0.323418,
          1.544811
        ],
        [
          0.345669,
          -0.257905,
          0.902218,
          2.522113
        ],
        [
          0.029939,
          -0.957967,
          -0.285312,
          1.385905
        ],
        [
          0.0,
          0.0,
          0.0,
          1.0
        ]
      ]
    },
    {
      "file_path": "/media/NFS/ttao/scannet/posed_images/scene0651_01/00211.jpg",
      "transform_matrix": [
        [
          0.927443,
          0.147445,
          -0.343671,
          1.557737
        ],
        [
          0.37156,
          -0.259243,
          0.89148,
          2.53816
        ],
        [
          0.04235,
          -0.954491,
          -0.295218,
          1.380059
        ],
        [
          0.0,
          0.0,
          0.0,
          1.0
        ]
      ]
    },
    {
      "file_path": "/media/NFS/ttao/scannet/posed_images/scene0651_01/00215.jpg",
      "transform_matrix": [
        [
          0.910109,
          0.156583,
          -0.383644,
          1.578503
        ],
        [
          0.413047,
          -0.268953,
          0.87009,
          2.549082
        ],
        [
          0.033059,
          -0.95034,
          -0.309453,
          1.380944
        ],
        [
          0.0,
          0.0,
          0.0,
          1.0
        ]
      ]
    },
    {
      "file_path": "/media/NFS/ttao/scannet/posed_images/scene0651_01/00216.jpg",
      "transform_matrix": [
        [
          0.905128,
          0.158383,
          -0.394535,
          1.584097
        ],
        [
          0.424072,
          -0.270681,
          0.864231,
          2.551702
        ],
        [
          0.030086,
          -0.949551,
          -0.312167,
