{
  "frames": [
    {
      "file_path": "/media/NFS/ttao/scannet/posed_images/scene0352_00/00002.jpg",
      "transform_matrix": [
        [
          0.173759,
          0.454289,
          -0.873744,
          3.077217
        ],
        [
          0.984784,
          -0.077397,
          0.1556,
          2.341639
        ],
        [
          0.003062,
          -0.887486,
          -0.460825,
          1.435116
        ],
        [
          0.0,
          0.0,
          0.0,
          1.0
        ]
      ]
    },
    {
      "file_path": "/media/NFS/ttao/scannet/posed_images/scene0352_00/00003.jpg",
      "transform_matrix": [
        [
          0.172504,
          0.454189,
          -0.874045,
          3.073141
        ],
        [
          0.984994,
          -0.074717,
          0.155575,
          2.336689
        ],
        [
          0.005355,
          -0.887767,
          -0.460263,
          1.433671
        ],
        [
          0.0,
          0.0,
          0.0,
          1.0
        ]
      ]
    },
    {
      "file_path": "/media/NFS/ttao/scannet/posed_images/scene0352_00/00006.jpg",
      "transform_matrix": [
        [
          0.162264,
          0.45192,
          -0.877177,
          3.061866
        ],
        [
          0.98674,
          -0.070722,
          0.146095,
          2.333105
        ],
        [
          0.003987,
          -0.889251,
          -0.457403,
          1.429213
        ],
        [
          0.0,
          0.0,
          0.0,
          1.0
        ]
      ]
    },
    {
      "file_path": "/media/NFS/ttao/scannet/posed_images/scene0352_00/00011.jpg",
      "transform_matrix": [
        [
          0.145301,
          0.474499,
          -0.868181,
          3.021664
        ],
        [
          0.989335,
          -0.060574,
          0.132471,
          2.290772
        ],
        [
          0.010268,
          -0.878169,
          -0.47824,
          1.427554
        ],
        [
          0.0,
          0.0,
          0.0,
          1.0
        ]
      ]
    },
    {
      "file_path": "/media/NFS/ttao/scannet/posed_images/scene0352_00/00014.jpg",
      "transform_matrix": [
        [
          0.120174,
          0.48249,
          -0.867618,
          2.992214
        ],
        [
          0.99262,
          -0.044079,
          0.112975,
          2.290732
        ],
        [
          0.016266,
          -0.874792,
          -0.484226,
          1.425519
        ],
        [
          0.0,
          0.0,
          0.0,
          1.0
        ]
      ]
    },
    {
      "file_path": "/media/NFS/ttao/scannet/posed_images/scene0352_00/00015.jpg",
      "transform_matrix": [
        [
          0.113404,
          0.484651,
          -0.867325,
          2.979493
        ],
        [
          0.993378,
          -0.039126,
          0.108022,
          2.289619
        ],
        [
          0.018418,
          -0.873832,
          -0.485879,
          1.424695
        ],
        [
          0.0,
          0.0,
          0.0,
          1.0
        ]
      ]
    },
    {
      "file_path": "/media/NFS/ttao/scannet/posed_images/scene0352_00/00019.jpg",
      "transform_matrix": [
        [
          0.082929,
          0.480741,
          -0.872932,
          2.924734
        ],
        [
          0.996139,
          -0.014673,
          0.086552,
          2.288245
        ],
        [
          0.028801,
          -0.87674,
          -0.480102,
          1.410241
        ],
        [
          0.0,
          0.0,
          0.0,
          1.0
        ]
      ]
    },
    {
      "file_path": "/media/NFS/ttao/scannet/posed_images/scene0352_00/00021.jpg",
      "transform_matrix": [
        [
          0.079899,
          0.486686,
          -0.869915,
          2.889779
        ],
        [
          0.996401,
          -0.014205,
          0.083569,
          2.273464
        ],
        [
          0.028315,
          -0.873461,
          -0.48607,
          1.408896
        ],
        [
          0.0,
          0.0,
          0.0,
          1.0
        ]
      ]
    },
    {
      "file_path": "/media/NFS/ttao/scannet/posed_images/scene0352_00/00026.jpg",
      "transform_matrix": [
        [
          0.077309,
          0.450256,
          -0.889546,
          2.794472
        ],
        [
          0.997004,
          -0.032509,
          0.070193,
          2.281135
        ],
        [
          0.002687,
          -0.892308,
          -0.45142,
          1.406529
        ],
        [
          0.0,
          0.0,
          0.0,
          1.0
        ]
      ]
    },
    {
      "file_path": "/media/NFS/ttao/scannet/posed_images/scene0352_00/00027.jpg",
      "transform_matrix": [
        [
          0.078234,
          0.449094,
          -0.890053,
          2.776299
        ],
        [
          0.996907,
          -0.041979,
          0.066445,
          2.281804
        ],
        [
          -0.007523,
          -0.892498,
          -0.450989,
          1.40399
        ],
        [
          0.0,
          0.0,
          0.0,
          1.0
        ]
      ]
    },
    {
      "file_path": "/media/NFS/ttao/scannet/posed_images/scene0352_00/00031.jpg",
      "transform_matrix": [
        [
          0.052538,
          0.430811,
          -0.900912,
          2.700748
        ],
        [
          0.998426,
          -0.040414,
          0.038899,
          2.281086
        ],
        [
          -0.019651,
          -0.901537,
          -0.432256,
          1.423488
        ],
        [
          0.0,
          0.0,
          0.0,
          1.0
        ]
      ]
    },
    {
      "file_path": "/media/NFS/ttao/scannet/posed_images/scene0352_00/00033.jpg",
      "transform_matrix": [
        [
          0.048361,
          0.449176,
          -0.892134,
          2.663534
        ],
        [
          0.998815,
          -0.026679,
          0.040712,
          2.285575
        ],
        [
          -0.005514,
          -0.893045,
          -0.449933,
          1.439678
        ],
        [
          0.0,
          0.0,
          0.0,
          1.0
        ]
      ]
    },
    {
      "file_path": "/media/NFS/ttao/scannet/posed_images/scene0352_00/00037.jpg",
      "transform_matrix": [
        [
          -0.003615,
          0.409096,
          -0.912484,
          2.599389
        ],
        [
          0.99995,
          -0.007073,
          -0.007133,
          2.290423
        ],
        [
          -0.009372,
          -0.912464,
          -0.40905,
          1.473456
        ],
        [
          0.0,
          0.0,
          0.0,
          1.0
        ]
      ]
    },
    {
      "file_path": "/media/NFS/ttao/scannet/posed_images/scene0352_00/00041.jpg",
      "transform_matrix": [
        [
          -0.053217,
          0.339924,
          -0.938946,
          2.543679
        ],
        [
          0.998244,
          -0.006405,
          -0.058896,
          2.273991
        ],
        [
          -0.026034,
          -0.940431,
          -0.338986,
          1.538705
        ],
        [
          0.0,
          0.0,
          0.0,
          1.0
        ]
      ]
    },
    {
      "file_path": "/media/NFS/ttao/scannet/posed_images/scene0352_00/00044.jpg",
      "transform_matrix": [
        [
          -0.076235,
          0.275362,
          -0.958313,
          2.523601
        ],
        [
          0.997015,
          0.009281,
          -0.076647,
          2.27732
        ],
        [
          -0.012212,
          -0.961296,
          -0.275247,
          1.586954
        ],
        [
          0.0,
          0.0,
          0.0,
          1.0
        ]
      ]
    },
    {
      "file_path": "/media/NFS/ttao/scannet/posed_images/scene0352_00/00045.jpg",
      "transform_matrix": [
        [
          -0.077564,
          0.24739,
          -0.965806,
          2.521451
        ],
        [
          0.99698,
          0.015433,
          -0.076114,
          2.277542
        ],
        [
          -0.003924,
          -0.968793,
          -0.24784,
          1.601936
        ],
        [
          0.0,
          0.0,
          0.0,
          1.0
        ]
      ]
    },
    {
      "file_path": "/media/NFS/ttao/scannet/posed_images/scene0352_00/00051.jpg",
      "transform_matrix": [
        [
          -0.123311,
          0.154833,
          -0.980215,
          2.519529
        ],
        [
          0.990697,
          0.07651,
          -0.112544,
          2.253473
        ],
        [
          0.057571,
          -0.984974,
          -0.162827,
          1.650824
        ],
        [
          0.0,
          0.0,
          0.0,
          1.0
        ]
      ]
    },
    {
      "file_path": "/media/NFS/ttao/scannet/posed_images/scene0352_00/00054.jpg",
      "transform_matrix": [
        [
          -0.143822,
          0.136424,
          -0.980155,
          2.513193
        ],
        [
          0.98673,
          0.095189,
          -0.131538,
          2.255565
        ],
        [
          0.075356,
          -0.986067,
          -0.148304,
          1.673122
        ],
        [
          0.0,
          0.0,
          0.0,
          1.0
        ]
      ]
    },
    {
      "file_path": "/media/NFS/ttao/scannet/posed_images/scene0352_00/00056.jpg",
      "transform_matrix": [
        [
          -0.147212,
          0.127167,
          -0.980896,
          2.511765
        ],
        [
          0.985468,
          0.103817,
          -0.13444,
          2.255867
        ],
        [
          0.084737,
          -0.986433,
          -0.140603,
          1.683662
        ],
        [
          0.0,
          0.0,
          0.0,
          1.0
        ]
      ]
    },
    {
      "file_path": "/media/NFS/ttao/scannet/posed_images/scene0352_00/00058.jpg",
      "transform_matrix": [
        [
          -0.157773,
          0.117775,
          -0.980427,
          2.513407
        ],
        [
          0.984158,
          0.100066,
          -0.146353,
          2.257851
        ],
        [
          0.080871,
          -0.987986,
          -0.131697,
          1.685687
        ],
        [
          0.0,
          0.0,
          0.0,
          1.0
        ]
      ]
    },
    {
      "file_path": "/media/NFS/ttao/scannet/posed_images/scene0352_00/00061.jpg",
      "transform_matrix": [
        [
          -0.192014,
          0.100617,
          -0.976221,
          2.518682
        ],
        [
          0.977852,
          0.104038,
          -0.181612,
          2.255864
        ],
        [
          0.083291,
          -0.989471,
          -0.118365,
          1.686366
        ],
        [
          0.0,
          0.0,
          0.0,
          1.0
        ]
      ]
    },
    {
      "file_path": "/media/NFS/ttao/scannet/posed_images/scene0352_00/00064.jpg",
      "transform_matrix": [
        [
          -0.242181,
          0.087059,
          -0.966317,
          2.525836
        ],
        [
          0.96657,
          0.108087,
          -0.232506,
          2.252843
        ],
        [
          0.084205,
          -0.990322,
          -0.110326,
          1.686141
        ],
        [
          0.0,
          0.0,
          0.0,
          1.0
        ]
      ]
    },
    {
      "file_path": "/media/NFS/ttao/scannet/posed_images/scene0352_00/00067.jpg",
      "transform_matrix": [
        [
          -0.31498,
          0.064003,
          -0.946938,
          2.536484
        ],
        [
          0.94553,
          0.107592,
          -0.30724,
          2.243779
        ],
        [
          0.082219,
          -0.992133,
          -0.094406,
          1.684566
        ],
        [
          0.0,
          0.0,
          0.0,
          1.0
        ]
      ]
    },
    {
      "file_path": "/media/NFS/ttao/scannet/posed_images/scene0352_00/00071.jpg",
      "transform_matrix": [
        [
          -0.431825,
          0.0323,
          -0.901379,
          2.597262
        ],
        [
          0.898657,
          0.100829,
          -0.426907,
          2.18911
        ],
        [
          0.077096,
          -0.994379,
          -0.072567,
          1.669886
        ],
        [
          0.0,
          0.0,
          0.0,
          1.0
        ]
      ]
    },
    {
      "file_path": "/media/NFS/ttao/scannet/posed_images/scene0352_00/00075.jpg",
      "transform_matrix": [
        [
          -0.539078,
          0.010815,
          -0.842186,
          2.565395
        ],
        [
          0.838377,
          0.102737,
          -0.535321,
          2.196014
        ],
        [
          0.080735,
          -0.99465,
          -0.064451,
          1.664253
        ],
        [
          0.0,
          0.0,
          0.0,
          1.0
        ]
      ]
    },
    {
      "file_path": "/media/NFS/ttao/scannet/posed_images/scene0352_00/00076.jpg",
      "transform_matrix": [
        [
          -0.55712,
          -0.010521,
          -0.830365,
          2.544482
        ],
        [
          0.823963,
          0.117563,
          -0.554314,
          2.205077
        ],
        [
          0.103452,
          -0.99301,
          -0.056828,
          1.646326
        ],
        [
          0.0,
          0.0,
          0.0,
          1.0
        ]
      ]
    },
    {
      "file_path": "/media/NFS/ttao/scannet/posed_images/scene0352_00/00080.jpg",
      "transform_matrix": [
        [
          -0.664206,
          -0.032915,
          -0.746824,
          2.701676
        ],
        [
          0.738932,
          0.122345,
          -0.662579,
          2.082899
        ],
        [
          0.113179,
          -0.991942,
          -0.05694,
          1.658048
        ],
        [
          0.0,
          0.0,
          0.0,
          1.0
        ]
      ]
    },
    {
      "file_path": "/media/NFS/ttao/scannet/posed_images/scene0352_00/00082.jpg",
      "transform_matrix": [
        [
          -0.707393,
          -0.025287,
          -0.706367,
          2.706058
        ],
        [
          0.699703,
          0.116404,
          -0.704887,
          2.082587
        ],
        [
          0.100049,
          -0.99288,
          -0.06465,
          1.664988
        ],
        [
          0.0,
          0.0,
          0.0,
          1.0
        ]
      ]
    },
    {
      "file_path": "/media/NFS/ttao/scannet/posed_images/scene0352_00/00086.jpg",
      "transform_matrix": [
        [
          -0.781704,
          0.017967,
          -0.62339,
          2.672645
        ],
        [
          0.622706,
          0.077446,
          -0.778614,
          2.122603
        ],
        [
          0.03429,
          -0.996835,
          -0.071728,
          1.688154
        ],
        [
          0.0,
          0.0,
          0.0,
          1.0
        ]
      ]
    },
    {
      "file_path": "/media/NFS/ttao/scannet/posed_images/scene0352_00/00090.jpg",
      "transform_matrix": [
        [
          -0.816245,
          -0.035084,
          -0.57664,
          2.865403
        ],
        [
          0.570665,
          0.1064,
          -0.814261,
          2.022231
        ],
        [
          0.089922,
          -0.993704,
          -0.066827,
          1.628057
        ],
        [
          0.0,
          0.0,
          0.0,
          1.0
        ]
      ]
    },
    {
      "file_path": "/media/NFS/ttao/scannet/posed_images/scene0352_00/00093.jpg",
      "transform_matrix": [
        [
          -0.840783,
          -0.049907,
          -0.539067,
          2.888905
        ],
        [
          0.530778,
          0.120039,
          -0.838967,
          2.037989
        ],
        [
          0.106579,
          -0.991514,
          -0.074437,
          1.625053
        ],
        [
          0.0,
          0.0,
          0.0,
          1.0
        ]
      ]
    },
    {
      "file_path": "/media/NFS/ttao/scannet/posed_images/scene0352_00/00094.jpg",
      "transform_matrix": [
        [
          -0.848649,
          -0.058694,
          -0.525689,
          2.898905
        ],
        [
          0.516069,
          0.126165,
          -0.847205,
          2.042086
        ],
        [
          0.116049,
          -0.990271,
          -0.07678,
          1.624401
        ],
        [
          0.0,
          0.0,
          0.0,
          1.0
        ]
      ]
    },
    {
      "file_path": "/media/NFS/ttao/scannet/posed_images/scene0352_00/00100.jpg",
      "transform_matrix": [
        [
          -0.909529,
          -0.008473,
          -0.415555,
          2.844258
        ],
        [
          0.411142,
          0.128369,
          -0.902488,
          2.140846
        ],
        [
          0.060991,
          -0.99169,
          -0.113272,
          1.658616
        ],
        [
          0.0,
          0.0,
          0.0,
          1.0
        ]
      ]
    },
    {
      "file_path": "/media/NFS/ttao/scannet/posed_images/scene0352_00/00101.jpg",
      "transform_matrix": [
        [
          -0.920435,
          -0.005231,
          -0.390861,
          2.849752
        ],
        [
          0.386759,
          0.132908,
          -0.912553,
          2.146038
        ],
        [
          0.056722,
          -0.991115,
          -0.12031,
          1.656193
        ],
        [
          0.0,
          0.0,
          0.0,
          1.0
        ]
      ]
    },
    {
      "file_path": "/media/NFS/ttao/scannet/posed_images/scene0352_00/00106.jpg",
      "transform_matrix": [
        [
          -0.964117,
          0.032653,
          -0.263461,
          2.867448
        ],
        [
          0.265435,
          0.136206,
          -0.954459,
          2.173546
        ],
        [
          0.004719,
          -0.990142,
          -0.139986,
          1.629662
        ],
        [
          0.0,
          0.0,
          0.0,
          1.0
        ]
      ]
    },
    {
      "file_path": "/media/NFS/ttao/scannet/posed_images/scene0352_00/00109.jpg",
      "transform_matrix": [
        [
          -0.982013,
          0.043853,
          -0.183651,
          2.871341
        ],
        [
          0.187897,
          0.13124,
          -0.973381,
          2.189386
        ],
        [
          -0.018584,
          -0.99038,
          -0.137119,
          1.613376
        ],
        [
          0.0,
          0.0,
          0.0,
          1.0
        ]
      ]
    },
    {
      "file_path": "/media/NFS/ttao/scannet/posed_images/scene0352_00/00111.jpg",
      "transform_matrix": [
        [
          -0.988929,
          0.038907,
          -0.1432,
          2.899869
        ],
        [
          0.147403,
          0.146393,
          -0.978183,
          2.181848
        ],
        [
          -0.017095,
          -0.988461,
          -0.150507,
          1.63016
        ],
        [
          0.0,
          0.0,
          0.0,
          1.0
        ]
      ]
    },
    {
      "file_path": "/media/NFS/ttao/scannet/posed_images/scene0352_00/00115.jpg",
      "transform_matrix": [
        [
          -0.999249,
          0.032034,
          -0.021784,
          2.892276
        ],
        [
          0.026115,
          0.141676,
          -0.989569,
          2.195279
        ],
        [
          -0.028613,
          -0.989395,
          -0.142406,
          1.615694
        ],
        [
          0.0,
          0.0,
          0.0,
          1.0
        ]
      ]
    },
    {
      "file_path": "/media/NFS/ttao/scannet/posed_images/scene0352_00/00116.jpg",
      "transform_matrix": [
        [
          -0.999588,
          0.028083,
          0.006002,
          2.88813
        ],
        [
          -0.001911,
          0.143468,
          -0.989653,
          2.199059
        ],
        [
          -0.028654,
          -0.989257,
          -0.143355,
          1.612126
        ],
        [
          0.0,
          0.0,
          0.0,
          1.0
        ]
      ]
    },
    {
      "file_path": "/media/NFS/ttao/scannet/posed_images/scene0352_00/00120.jpg",
      "transform_matrix": [
        [
          -0.994,
          0.001763,
          0.109363,
          2.877484
        ],
        [
          -0.107503,
          0.16857,
          -0.97981,
          2.216592
        ],
        [
          -0.020163,
          -0.985688,
          -0.16737,
          1.589539
        ],
        [
          0.0,
          0.0,
          0.0,
          1.0
        ]
      ]
    },
    {
      "file_path": "/media/NFS/ttao/scannet/posed_images/scene0352_00/00123.jpg",
      "transform_matrix": [
        [
          -0.984089,
          -0.015053,
          0.177038,
          2.868582
        ],
        [
          -0.176565,
          0.194132,
          -0.964954,
          2.237324
        ],
        [
          -0.019844,
          -0.98086,
          -0.193701,
          1.560571
        ],
        [
          0.0,
          0.0,
          0.0,
          1.0
        ]
      ]
    },
    {
      "file_path": "/media/NFS/ttao/scannet/posed_images/scene0352_00/00127.jpg",
      "transform_matrix": [
        [
          -0.967005,
          -0.043497,
          0.251015,
          2.838253
        ],
        [
          -0.253708,
          0.253734,
          -0.933408,
          2.261781
        ],
        [
          -0.02309,
          -0.966296,
          -0.256398,
          1.522699
        ],
        [
          0.0,
          0.0,
          0.0,
          1.0
        ]
      ]
    },
    {
      "file_path": "/media/NFS/ttao/scannet/posed_images/scene0352_00/00128.jpg",
      "transform_matrix": [
        [
          -0.962828,
          -0.046715,
          0.266044,
          2.830375
        ],
        [
          -0.268629,
          0.268748,
          -0.924993,
          2.265932
        ],
        [
          -0.028288,
          -0.962077,
          -0.271307,
          1.513623
        ],
        [
          0.0,
          0.0,
          0.0,
          1.0
        ]
      ]
    },
    {
      "file_path": "/media/NFS/ttao/scannet/posed_images/scene0352_00/00131.jpg",
      "transform_matrix": [
        [
          -0.955567,
          -0.058098,
          0.288992,
          2.816467
        ],
        [
          -0.291906,
          0.322928,
          -0.900283,
          2.274277
        ],
        [
          -0.041019,
          -0.944639,
          -0.325538,
          1.490796
        ],
        [
          0.0,
          0.0,
          0.0,
          1.0
        ]
      ]
    },
    {
      "file_path": "/media/NFS/ttao/scannet/posed_images/scene0352_00/00134.jpg",
      "transform_matrix": [
        [
          -0.944074,
          -0.084027,
          0.318849,
          2.795241
        ],
        [
          -0.326502,
          0.373294,
          -0.868359,
          2.270669
        ],
        [
          -0.046059,
          -0.9239,
          -0.379852,
          1.466708
        ],
        [
          0.0,
          0.0,
          0.0,
          1.0
        ]
      ]
    },
    {
      "file_path": "/media/NFS/ttao/scannet/posed_images/scene0352_00/00139.jpg",
      "transform_matrix": [
        [
          -0.918458,
          -0.142783,
          0.368846,
          2.768894
        ],
        [
          -0.39236,
          0.446534,
          -0.804153,
          2.243965
        ],
        [
          -0.049883,
          -0.883301,
          -0.466145,
          1.426052
        ],
        [
          0.0,
          0.0,
          0.0,
          1.0
        ]
      ]
    },
    {
      "file_path": "/media/NFS/ttao/scannet/posed_images/scene0352_00/00140.jpg",
      "transform_matrix": [
        [
          -0.91121,
          -0.141147,
          0.387005,
          2.750318
        ],
        [
          -0.40718,
          0.45103,
          -0.794214,
          2.24575
        ],
        [
          -0.062449,
          -0.881277,
          -0.468455,
          1.398109
        ],
        [
          0.0,
          0.0,
          0.0,
          1.0
        ]
      ]
    },
    {
      "file_path": "/media/NFS/ttao/scannet/posed_images/scene0352_00/00145.jpg",
      "transform_matrix": [
        [
          -0.883214,
          -0.192502,
          0.42764,
          2.732135
        ],
        [
          -0.462372,
          0.509859,
          -0.725435,
          2.197359
        ],
        [
          -0.078389,
          -0.838443,
          -0.539322,
          1.354587
        ],
        [
          0.0,
          0.0,
          0.0,
          1.0
        ]
      ]
    },
    {
      "file_path": "/media/NFS/ttao/scannet/posed_images/scene0352_00/00147.jpg",
      "transform_matrix": [
        [
          -0.86665,
          -0.211076,
          0.452067,
          2.722604
        ],
        [
          -0.492032,
          0.511592,
          -0.704399,
          2.17696
        ],
        [
          -0.082592,
          -0.832899,
          -0.547228,
          1.343998
        ],
        [
          0.0,
          0.0,
          0.0,
          1.0
        ]
      ]
    },
    {
      "file_path": "/media/NFS/ttao/scannet/posed_images/scene0352_00/00151.jpg",
      "transform_matrix": [
        [
          -0.825446,
          -0.253464,
          0.504375,
          2.725406
        ],
        [
          -0.55935,
          0.487476,
          -0.670444,
          2.127255
        ],
        [
          -0.075938,
          -0.835538,
          -0.54416,
          1.376394
        ],
        [
          0.0,
          0.0,
          0.0,
          1.0
        ]
      ]
    },
    {
      "file_path": "/media/NFS/ttao/scannet/posed_images/scene0352_00/00153.jpg",
      "transform_matrix": [
        [
          -0.809337,
          -0.261599,
          0.525869,
          2.723787
        ],
        [
          -0.584428,
          0.447784,
          -0.676707,
          2.108518
        ],
        [
          -0.05845,
          -0.855018,
          -0.515294,
          1.396329
        ],
        [
          0.0,
          0.0,
          0.0,
          1.0
        ]
      ]
    },
    {
      "file_path": "/media/NFS/ttao/scannet/posed_images/scene0352_00/00158.jpg",
      "transform_matrix": [
        [
          -0.762288,
          -0.23503,
          0.603056,
          2.707577
        ],
        [
          -0.645997,
          0.333924,
          -0.686427,
          2.07175
        ],
        [
          -0.040044,
          -0.912829,
          -0.406375,
          1.452192
        ],
        [
          0.0,
          0.0,
          0.0,
          1.0
        ]
      ]
    },
    {
      "file_path": "/media/NFS/ttao/scannet/posed_images/scene0352_00/00161.jpg",
      "transform_matrix": [
        [
          -0.728735,
          -0.191672,
          0.657423,
          2.682024
        ],
        [
          -0.684542,
          0.229952,
          -0.691753,
          2.052738
        ],
        [
          -0.018586,
          -0.95414,
          -0.298783,
          1.521935
        ],
        [
          0.0,
          0.0,
          0.0,
          1.0
        ]
      ]
    },
    {
      "file_path": "/media/NFS/ttao/scannet/posed_images/scene0352_00/00163.jpg",
      "transform_matrix": [
        [
          -0.715796,
          -0.165254,
          0.678474,
          2.669049
        ],
        [
          -0.698308,
          0.170927,
          -0.695089,
          2.046082
        ],
        [
          -0.001103,
          -0.971326,
          -0.237747,
          1.555807
        ],
        [
          0.0,
          0.0,
          0.0,
          1.0
        ]
      ]
    },
    {
      "file_path": "/media/NFS/ttao/scannet/posed_images/scene0352_00/00167.jpg",
      "transform_matrix": [
        [
          -0.679464,
          -0.115717,
          0.724525,
          2.639547
        ],
        [
          -0.733354,
          0.076449,
          -0.675534,
          2.033674
        ],
        [
          0.022782,
          -0.990336,
          -0.136807,
          1.623126
        ],
        [
          0.0,
          0.0,
          0.0,
          1.0
        ]
      ]
    },
    {
      "file_path": "/media/NFS/ttao/scannet/posed_images/scene0352_00/00170.jpg",
      "transform_matrix": [
        [
          -0.657955,
          -0.080397,
          0.748753,
          2.609455
        ],
        [
          -0.75142,
          0.004558,
          -0.659809,
          2.038357
        ],
        [
          0.049634,
          -0.996753,
          -0.06341,
          1.642733
        ],
        [
          0.0,
          0.0,
          0.0,
          1.0
        ]
      ]
    },
    {
      "file_path": "/media/NFS/ttao/scannet/posed_images/scene0352_00/00171.jpg",
      "transform_matrix": [
        [
          -0.651181,
          -0.078666,
          0.754834,
          2.598906
        ],
        [
          -0.75621,
          -0.01676,
          -0.654114,
          2.036662
        ],
        [
          0.064107,
          -0.99676,
          -0.048575,
          1.650984
        ],
        [
          0.0,
          0.0,
          0.0,
          1.0
        ]
      ]
    },
    {
      "file_path": "/media/NFS/ttao/scannet/posed_images/scene0352_00/00176.jpg",
      "transform_matrix": [
        [
          -0.590248,
          -0.037181,
          0.806365,
          2.536644
        ],
        [
          -0.801794,
          -0.088651,
          -0.590989,
          2.021529
        ],
        [
          0.093459,
          -0.995369,
          0.022515,
          1.697502
        ],
        [
          0.0,
          0.0,
          0.0,
          1.0
        ]
      ]
    },
    {
      "file_path": "/media/NFS/ttao/scannet/posed_images/scene0352_00/00179.jpg",
      "transform_matrix": [
        [
          -0.552053,
          -0.034635,
          0.833089,
          2.496531
        ],
        [
          -0.824359,
          -0.127327,
          -0.551561,
          2.007078
        ],
        [
          0.125179,
          -0.991256,
          0.04174,
          1.707006
        ],
        [
          0.0,
          0.0,
          0.0,
          1.0
        ]
      ]
    },
    {
      "file_path": "/media/NFS/ttao/scannet/posed_images/scene0352_00/00182.jpg",
      "transform_matrix": [
        [
          -0.513529,
          -0.033139,
          0.857432,
          2.459776
        ],
        [
          -0.84538,
          -0.151694,
          -0.512174,
          1.998838
        ],
        [
          0.14704,
          -0.987872,
          0.049884,
          1.710329
        ],
        [
          0.0,
          0.0,
          0.0,
          1.0
        ]
      ]
    },
    {
      "file_path": "/media/NFS/ttao/scannet/posed_images/scene0352_00/00184.jpg",
      "transform_matrix": [
        [
          -0.481784,
          -0.030385,
          0.875763,
          2.433311
        ],
        [
          -0.862603,
          -0.159499,
          -0.480079,
          1.985526
        ],
        [
          0.154271,
          -0.98673,
          0.050634,
          1.715349
        ],
        [
          0.0,
          0.0,
          0.0,
          1.0
        ]
      ]
    },
    {
      "file_path": "/media/NFS/ttao/scannet/posed_images/scene0352_00/00188.jpg",
      "transform_matrix": [
        [
          -0.406149,
          -0.01028,
          0.913749,
          2.391495
        ],
        [
          -0.900043,
          -0.168392,
          -0.401952,
          1.964469
        ],
        [
          0.158,
          -0.985667,
          0.05914,
          1.717866
        ],
        [
          0.0,
          0.0,
          0.0,
          1.0
        ]
      ]
    },
    {
      "file_path": "/media/NFS/ttao/scannet/posed_images/scene0352_00/00189.jpg",
      "transform_matrix": [
        [
          -0.393297,
          -0.005522,
          0.919395,
          2.383803
        ],
        [
          -0.906421,
          -0.165174,
          -0.388739,
          1.958649
        ],
        [
          0.154006,
          -0.986249,
          0.059957,
          1.715636
        ],
        [
          0.0,
          0.0,
          0.0,
          1.0
        ]
      ]
    },
    {
      "file_path": "/media/NFS/ttao/scannet/posed_images/scene0352_00/00192.jpg",
      "transform_matrix": [
        [
          -0.355014,
          -0.003665,
          0.934853,
          2.375828
        ],
        [
          -0.926304,
          -0.13361,
          -0.352291,
          1.955337
        ],
        [
          0.126197,
          -0.991027,
          0.044039,
          1.701581
        ],
        [
          0.0,
          0.0,
          0.0,
          1.0
        ]
      ]
    },
    {
      "file_path": "/media/NFS/ttao/scannet/posed_images/scene0352_00/00197.jpg",
      "transform_matrix": [
        [
          -0.277358,
          -0.042326,
          0.959834,
          2.384314
        ],
        [
          -0.95421,
          -0.104375,
          -0.280335,
          1.936028
        ],
        [
          0.112048,
          -0.993637,
          -0.011439,
          1.668908
        ],
        [
          0.0,
          0.0,
          0.0,
          1.0
        ]
      ]
    },
    {
      "file_path": "/media/NFS/ttao/scannet/posed_images/scene0352_00/00200.jpg",
      "transform_matrix": [
        [
          -0.21923,
          -0.065706,
          0.973458,
          2.403842
        ],
        [
          -0.970205,
          -0.090806,
          -0.224626,
          1.916395
        ],
        [
          0.103155,
          -0.993699,
          -0.043842,
          1.626802
        ],
        [
          0.0,
          0.0,
          0.0,
          1.0
        ]
      ]
    },
    {
      "file_path": "/media/NFS/ttao/scannet/posed_images/scene0352_00/00202.jpg",
      "transform_matrix": [
        [
          -0.186533,
          -0.095984,
          0.977748,
          2.422625
        ],
        [
          -0.976042,
          -0.095365,
          -0.195569,
          1.900834
        ],
        [
          0.112015,
          -0.990804,
          -0.075896,
          1.599125
        ],
        [
          0.0,
          0.0,
          0.0,
          1.0
        ]
      ]
    },
    {
      "file_path": "/media/NFS/ttao/scannet/posed_images/scene0352_00/00205.jpg",
      "transform_matrix": [
        [
          -0.133275,
          -0.169543,
          0.976469,
          2.457209
        ],
        [
          -0.985125,
          -0.085177,
          -0.149245,
          1.871076
        ],
        [
          0.108476,
          -0.981835,
          -0.15567,
          1.549838
        ],
        [
          0.0,
          0.0,
          0.0,
          1.0
        ]
      ]
    },
    {
      "file_path": "/media/NFS/ttao/scannet/posed_images/scene0352_00/00210.jpg",
      "transform_matrix": [
        [
          -0.063146,
          -0.287579,
          0.955673,
          2.520826
        ],
        [
          -0.995607,
          -0.048186,
          -0.080285,
          1.885304
        ],
        [
          0.069139,
          -0.956544,
          -0.283273,
          1.52261
        ],
        [
          0.0,
          0.0,
          0.0,
          1.0
        ]
      ]
    },
    {
      "file_path": "/media/NFS/ttao/scannet/posed_images/scene0352_00/00211.jpg",
      "transform_matrix": [
        [
          -0.046646,
          -0.302034,
          0.952155,
          2.529237
        ],
        [
          -0.997056,
          -0.044001,
          -0.062803,
          1.874372
        ],
        [
          0.060865,
          -0.952281,
          -0.299092,
          1.512862
        ],
        [
          0.0,
          0.0,
          0.0,
          1.0
        ]
      ]
    },
    {
      "file_path": "/media/NFS/ttao/scannet/posed_images/scene0352_00/00216.jpg",
      "transform_matrix": [
        [
          0.026747,
          -0.382719,
          0.923478,
          2.558609
        ],
        [
          -0.999296,
          -0.034566,
          0.014617,
          1.841032
        ],
        [
          0.026327,
          -0.923218,
          -0.383374,
          1.482296
        ],
        [
          0.0,
          0.0,
          0.0,
          1.0
        ]
      ]
    },
    {
      "file_path": "/media/NFS/ttao/scannet/posed_images/scene0352_00/00218.jpg",
      "transform_matrix": [
        [
          0.049465,
          -0.402606,
          0.914036,
          2.566745
        ],
        [
          -0.998655,
          -0.034172,
          0.038993,
          1.83081
        ],
        [
          0.015535,
          -0.914735,
          -0.403755,
          1.476702
        ],
        [
          0.0,
          0.0,
          0.0,
          1.0
        ]
      ]
    },
    {
      "file_path": "/media/NFS/ttao/scannet/posed_images/scene0352_00/00222.jpg",
      "transform_matrix": [
        [
          0.065174,
          -0.43336,
          0.898861,
          2.580449
        ],
        [
          -0.997831,
          -0.036677,
          0.054667,
          1.867658
        ],
        [
          0.009277,
          -0.900474,
          -0.43481,
          1.466817
        ],
        [
          0.0,
          0.0,
          0.0,
          1.0
        ]
      ]
    },
    {
      "file_path": "/media/NFS/ttao/scannet/posed_images/scene0352_00/00223.jpg",
      "transform_matrix": [
        [
          0.084125,
          -0.438592,
          0.89474,
          2.581712
        ],
        [
          -0.996417,
          -0.044902,
          0.071674,
          1.863098
        ],
        [
          0.00874,
          -0.897564,
          -0.440798,
          1.466736
        ],
        [
          0.0,
          0.0,
          0.0,
          1.0
        ]
      ]
    },
    {
      "file_path": "/media/NFS/ttao/scannet/posed_images/scene0352_00/00226.jpg",
      "transform_matrix": [
        [
          0.151271,
          -0.438621,
          0.885849,
          2.587422
        ],
        [
          -0.988493,
          -0.066716,
          0.135765,
          1.852736
        ],
        [
          -0.000449,
          -0.896192,
          -0.443666,
          1.472839
        ],
        [
          0.0,
          0.0,
          0.0,
          1.0
        ]
      ]
    },
    {
      "file_path": "/media/NFS/ttao/scannet/posed_images/scene0352_00/00229.jpg",
      "transform_matrix": [
        [
          0.237355,
          -0.41704,
          0.877348,
          2.593374
        ],
        [
          -0.971404,
          -0.096278,
          0.217036,
          1.841928
        ],
        [
          -0.006044,
          -0.903774,
          -0.427966,
          1.489697
        ],
        [
          0.0,
          0.0,
          0.0,
          1.0
        ]
      ]
    },
    {
      "file_path": "/media/NFS/ttao/scannet/posed_images/scene0352_00/00232.jpg",
      "transform_matrix": [
        [
          0.301294,
          -0.365544,
          0.880681,
          2.584664
        ],
        [
          -0.953509,
          -0.109124,
          0.280915,
          1.871547
        ],
        [
          -0.006583,
          -0.924375,
          -0.381428,
          1.495218
        ],
        [
          0.0,
          0.0,
          0.0,
          1.0
        ]
      ]
    },
    {
      "file_path": "/media/NFS/ttao/scannet/posed_images/scene0352_00/00235.jpg",
      "transform_matrix": [
        [
          0.397335,
          -0.303747,
          0.865946,
          2.587223
        ],
        [
          -0.917654,
          -0.13768,
          0.372767,
          1.851238
        ],
        [
          0.005996,
