{
  "frames": [
    {
      "file_path": "/media/NFS/ttao/scannet/posed_images/scene0312_02/00000.jpg",
      "transform_matrix": [
        [
          -0.570284,
          0.427775,
          -0.701274,
          5.642172
        ],
        [
          0.820518,
          0.256035,
          -0.511075,
          5.671163
        ],
        [
          -0.039074,
          -0.866865,
          -0.497009,
          1.445573
        ],
        [
          0.0,
          0.0,
          0.0,
          1.0
        ]
      ]
    },
    {
      "file_path": "/media/NFS/ttao/scannet/posed_images/scene0312_02/00009.jpg",
      "transform_matrix": [
        [
          -0.481495,
          0.463422,
          -0.74391,
          5.64432
        ],
        [
          0.87559,
          0.216762,
          -0.431691,
          5.629762
        ],
        [
          -0.038804,
          -0.859217,
          -0.510137,
          1.443487
        ],
        [
          0.0,
          0.0,
          0.0,
          1.0
        ]
      ]
    },
    {
      "file_path": "/media/NFS/ttao/scannet/posed_images/scene0312_02/00010.jpg",
      "transform_matrix": [
        [
          -0.480141,
          0.459874,
          -0.746981,
          5.644914
        ],
        [
          0.876984,
          0.233127,
          -0.420181,
          5.617162
        ],
        [
          -0.019089,
          -0.856836,
          -0.515236,
          1.456364
        ],
        [
          0.0,
          0.0,
          0.0,
          1.0
        ]
      ]
    },
    {
      "file_path": "/media/NFS/ttao/scannet/posed_images/scene0312_02/00017.jpg",
      "transform_matrix": [
        [
          -0.443067,
          0.433849,
          -0.784517,
          5.631135
        ],
        [
          0.896488,
          0.213074,
          -0.388471,
          5.587804
        ],
        [
          -0.001378,
          -0.875428,
          -0.483346,
          1.456648
        ],
        [
          0.0,
          0.0,
          0.0,
          1.0
        ]
      ]
    },
    {
      "file_path": "/media/NFS/ttao/scannet/posed_images/scene0312_02/00023.jpg",
      "transform_matrix": [
        [
          -0.411551,
          0.456689,
          -0.788708,
          5.595316
        ],
        [
          0.911381,
          0.203062,
          -0.357982,
          5.546109
        ],
        [
          -0.003329,
          -0.866141,
          -0.499788,
          1.46116
        ],
        [
          0.0,
          0.0,
          0.0,
          1.0
        ]
      ]
    },
    {
      "file_path": "/media/NFS/ttao/scannet/posed_images/scene0312_02/00028.jpg",
      "transform_matrix": [
        [
          -0.423686,
          0.464347,
          -0.777736,
          5.553215
        ],
        [
          0.905536,
          0.196015,
          -0.376276,
          5.493778
        ],
        [
          -0.022275,
          -0.86369,
          -0.503531,
          1.468876
        ],
        [
          0.0,
          0.0,
          0.0,
          1.0
        ]
      ]
    },
    {
      "file_path": "/media/NFS/ttao/scannet/posed_images/scene0312_02/00038.jpg",
      "transform_matrix": [
        [
          -0.550206,
          0.447765,
          -0.704826,
          5.445747
        ],
        [
          0.827753,
          0.181275,
          -0.531004,
          5.354434
        ],
        [
          -0.109998,
          -0.875583,
          -0.470378,
          1.472661
        ],
        [
          0.0,
          0.0,
          0.0,
          1.0
        ]
      ]
    },
    {
      "file_path": "/media/NFS/ttao/scannet/posed_images/scene0312_02/00042.jpg",
      "transform_matrix": [
        [
          -0.627074,
          0.446632,
          -0.638199,
          5.383887
        ],
        [
          0.766295,
          0.206565,
          -0.608377,
          5.311074
        ],
        [
          -0.139891,
          -0.870546,
          -0.471784,
          1.490523
        ],
        [
          0.0,
          0.0,
          0.0,
          1.0
        ]
      ]
    },
    {
      "file_path": "/media/NFS/ttao/scannet/posed_images/scene0312_02/00049.jpg",
      "transform_matrix": [
        [
          -0.712762,
          0.388519,
          -0.583972,
          5.295329
        ],
        [
          0.694096,
          0.270809,
          -0.667004,
          5.21966
        ],
        [
          -0.100999,
          -0.880747,
          -0.462692,
          1.525448
        ],
        [
          0.0,
          0.0,
          0.0,
          1.0
        ]
      ]
    },
    {
      "file_path": "/media/NFS/ttao/scannet/posed_images/scene0312_02/00051.jpg",
      "transform_matrix": [
        [
          -0.716549,
          0.366893,
          -0.593251,
          5.265168
        ],
        [
          0.693695,
          0.285684,
          -0.66119,
          5.194472
        ],
        [
          -0.073104,
          -0.88531,
          -0.459218,
          1.519553
        ],
        [
          0.0,
          0.0,
          0.0,
          1.0
        ]
      ]
    },
    {
      "file_path": "/media/NFS/ttao/scannet/posed_images/scene0312_02/00058.jpg",
      "transform_matrix": [
        [
          -0.687193,
          0.358275,
          -0.631985,
          5.175289
        ],
        [
          0.723129,
          0.253942,
          -0.642338,
          5.050095
        ],
        [
          -0.069647,
          -0.898417,
          -0.433586,
          1.52558
        ],
        [
          0.0,
          0.0,
          0.0,
          1.0
        ]
      ]
    },
    {
      "file_path": "/media/NFS/ttao/scannet/posed_images/scene0312_02/00066.jpg",
      "transform_matrix": [
        [
          -0.6251,
          0.371439,
          -0.6865,
          5.067964
        ],
        [
          0.779623,
          0.254383,
          -0.572257,
          4.874369
        ],
        [
          -0.037925,
          -0.892929,
          -0.448597,
          1.572447
        ],
        [
          0.0,
          0.0,
          0.0,
          1.0
        ]
      ]
    },
    {
      "file_path": "/media/NFS/ttao/scannet/posed_images/scene0312_02/00068.jpg",
      "transform_matrix": [
        [
          -0.630149,
          0.374471,
          -0.680209,
          5.039682
        ],
        [
          0.775648,
          0.263159,
          -0.573688,
          4.839774
        ],
        [
          -0.035826,
          -0.889111,
          -0.456287,
          1.580493
        ],
        [
          0.0,
          0.0,
          0.0,
          1.0
        ]
      ]
    },
    {
      "file_path": "/media/NFS/ttao/scannet/posed_images/scene0312_02/00075.jpg",
      "transform_matrix": [
        [
          -0.671935,
          0.374328,
          -0.639048,
          4.946901
        ],
        [
          0.739843,
          0.300018,
          -0.60218,
          4.740503
        ],
        [
          -0.033687,
          -0.877421,
          -0.478537,
          1.594337
        ],
        [
          0.0,
          0.0,
          0.0,
          1.0
        ]
      ]
    },
    {
      "file_path": "/media/NFS/ttao/scannet/posed_images/scene0312_02/00080.jpg",
      "transform_matrix": [
        [
          -0.73021,
          0.340612,
          -0.592264,
          4.879843
        ],
        [
          0.682735,
          0.331006,
          -0.65139,
          4.67806
        ],
        [
          -0.025829,
          -0.880011,
          -0.474251,
          1.592491
        ],
        [
          0.0,
          0.0,
          0.0,
          1.0
        ]
      ]
    },
    {
      "file_path": "/media/NFS/ttao/scannet/posed_images/scene0312_02/00091.jpg",
      "transform_matrix": [
        [
          -0.907539,
          0.214436,
          -0.361096,
          4.786634
        ],
        [
          0.417163,
          0.361089,
          -0.83402,
          4.522255
        ],
        [
          -0.048456,
          -0.907542,
          -0.417157,
          1.650724
        ],
        [
          0.0,
          0.0,
          0.0,
          1.0
        ]
      ]
    },
    {
      "file_path": "/media/NFS/ttao/scannet/posed_images/scene0312_02/00096.jpg",
      "transform_matrix": [
        [
          -0.959305,
          0.173392,
          -0.222867,
          4.770119
        ],
        [
          0.274268,
          0.384423,
          -0.881474,
          4.456985
        ],
        [
          -0.067165,
          -0.906727,
          -0.416335,
          1.67103
        ],
        [
          0.0,
          0.0,
          0.0,
          1.0
        ]
      ]
    },
    {
      "file_path": "/media/NFS/ttao/scannet/posed_images/scene0312_02/00100.jpg",
      "transform_matrix": [
        [
          -0.975464,
          0.155651,
          -0.155699,
          4.77986
        ],
        [
          0.203654,
          0.369299,
          -0.906721,
          4.410138
        ],
        [
          -0.083633,
          -0.916183,
          -0.391937,
          1.700433
        ],
        [
          0.0,
          0.0,
          0.0,
          1.0
        ]
      ]
    },
    {
      "file_path": "/media/NFS/ttao/scannet/posed_images/scene0312_02/00108.jpg",
      "transform_matrix": [
        [
          -0.987311,
          0.130971,
          -0.089796,
          4.812937
        ],
        [
          0.125603,
          0.298086,
          -0.94624,
          4.339755
        ],
        [
          -0.097163,
          -0.945511,
          -0.310753,
          1.754635
        ],
        [
          0.0,
          0.0,
          0.0,
          1.0
        ]
      ]
    },
    {
      "file_path": "/media/NFS/ttao/scannet/posed_images/scene0312_02/00114.jpg",
      "transform_matrix": [
        [
          -0.979173,
          0.122114,
          -0.162197,
          4.859225
        ],
        [
          0.189057,
          0.257197,
          -0.947685,
          4.319035
        ],
        [
          -0.074008,
          -0.958612,
          -0.274927,
          1.770251
        ],
        [
          0.0,
          0.0,
          0.0,
          1.0
        ]
      ]
    },
    {
      "file_path": "/media/NFS/ttao/scannet/posed_images/scene0312_02/00117.jpg",
      "transform_matrix": [
        [
          -0.968841,
          0.120312,
          -0.216499,
          4.876402
        ],
        [
          0.241177,
          0.259225,
          -0.93522,
          4.312581
        ],
        [
          -0.056397,
          -0.958294,
          -0.280165,
          1.76703
        ],
        [
          0.0,
          0.0,
          0.0,
          1.0
        ]
      ]
    },
    {
      "file_path": "/media/NFS/ttao/scannet/posed_images/scene0312_02/00126.jpg",
      "transform_matrix": [
        [
          -0.865851,
          0.226757,
          -0.445963,
          4.891118
        ],
        [
          0.495474,
          0.265114,
          -0.827176,
          4.316889
        ],
        [
          -0.069337,
          -0.937174,
          -0.341902,
          1.73346
        ],
        [
          0.0,
          0.0,
          0.0,
          1.0
        ]
      ]
    },
    {
      "file_path": "/media/NFS/ttao/scannet/posed_images/scene0312_02/00131.jpg",
      "transform_matrix": [
        [
          -0.789258,
          0.267959,
          -0.552512,
          4.895329
        ],
        [
          0.611158,
          0.255386,
          -0.749175,
          4.339161
        ],
        [
          -0.059644,
          -0.928965,
          -0.365331,
          1.713947
        ],
        [
          0.0,
          0.0,
          0.0,
          1.0
        ]
      ]
    },
    {
      "file_path": "/media/NFS/ttao/scannet/posed_images/scene0312_02/00135.jpg",
      "transform_matrix": [
        [
          -0.71965,
          0.298593,
          -0.626854,
          4.89851
        ],
        [
          0.692503,
          0.243088,
          -0.679226,
          4.352485
        ],
        [
          -0.050431,
          -0.922903,
          -0.381715,
          1.704956
        ],
        [
          0.0,
          0.0,
          0.0,
          1.0
        ]
      ]
    },
    {
      "file_path": "/media/NFS/ttao/scannet/posed_images/scene0312_02/00138.jpg",
      "transform_matrix": [
        [
          -0.656796,
          0.321266,
          -0.682208,
          4.89872
        ],
        [
          0.752489,
          0.220707,
          -0.620523,
          4.367031
        ],
        [
          -0.048785,
          -0.920911,
          -0.386708,
          1.702688
        ],
        [
          0.0,
          0.0,
          0.0,
          1.0
        ]
      ]
    },
    {
      "file_path": "/media/NFS/ttao/scannet/posed_images/scene0312_02/00145.jpg",
      "transform_matrix": [
        [
          -0.508917,
          0.348679,
          -0.787036,
          4.890369
        ],
        [
          0.859427,
          0.153895,
          -0.487547,
          4.434373
        ],
        [
          -0.048876,
          -0.924521,
          -0.377984,
          1.706373
        ],
        [
          0.0,
          0.0,
          0.0,
          1.0
        ]
      ]
    },
    {
      "file_path": "/media/NFS/ttao/scannet/posed_images/scene0312_02/00152.jpg",
      "transform_matrix": [
        [
          -0.371719,
          0.342541,
          -0.862839,
          4.928132
        ],
        [
          0.927386,
          0.094782,
          -0.361899,
          4.506701
        ],
        [
          -0.042184,
          -0.93471,
          -0.3529,
          1.707089
        ],
        [
          0.0,
          0.0,
          0.0,
          1.0
        ]
      ]
    },
    {
      "file_path": "/media/NFS/ttao/scannet/posed_images/scene0312_02/00156.jpg",
      "transform_matrix": [
        [
          -0.314796,
          0.34265,
          -0.885152,
          4.969821
        ],
        [
          0.947955,
          0.06653,
          -0.311377,
          4.551509
        ],
        [
          -0.047804,
          -0.937105,
          -0.34576,
          1.714612
        ],
        [
          0.0,
          0.0,
          0.0,
          1.0
        ]
      ]
    },
    {
      "file_path": "/media/NFS/ttao/scannet/posed_images/scene0312_02/00164.jpg",
      "transform_matrix": [
        [
          -0.272195,
          0.366905,
          -0.889545,
          5.071473
        ],
        [
          0.959993,
          0.040381,
          -0.277096,
          4.688239
        ],
        [
          -0.065748,
          -0.929382,
          -0.363218,
          1.65811
        ],
        [
          0.0,
          0.0,
          0.0,
          1.0
        ]
      ]
    },
    {
      "file_path": "/media/NFS/ttao/scannet/posed_images/scene0312_02/00168.jpg",
      "transform_matrix": [
        [
          -0.258039,
          0.398622,
          -0.880066,
          5.128099
        ],
        [
          0.962456,
          0.026647,
          -0.270126,
          4.724976
        ],
        [
          -0.084227,
          -0.916728,
          -0.390533,
          1.636518
        ],
        [
          0.0,
          0.0,
          0.0,
          1.0
        ]
      ]
    },
    {
      "file_path": "/media/NFS/ttao/scannet/posed_images/scene0312_02/00175.jpg",
      "transform_matrix": [
        [
          -0.210708,
          0.449874,
          -0.86788,
          5.226363
        ],
        [
          0.974553,
          0.027218,
          -0.222498,
          4.755117
        ],
        [
          -0.076474,
          -0.892677,
          -0.444161,
          1.607848
        ],
        [
          0.0,
          0.0,
          0.0,
          1.0
        ]
      ]
    },
    {
      "file_path": "/media/NFS/ttao/scannet/posed_images/scene0312_02/00184.jpg",
      "transform_matrix": [
        [
          -0.067273,
          0.489411,
          -0.869455,
          5.372438
        ],
        [
          0.993984,
          -0.042615,
          -0.100895,
          4.817012
        ],
        [
          -0.086431,
          -0.871012,
          -0.4836,
          1.573804
        ],
        [
          0.0,
          0.0,
          0.0,
          1.0
        ]
      ]
    },
    {
      "file_path": "/media/NFS/ttao/scannet/posed_images/scene0312_02/00187.jpg",
      "transform_matrix": [
        [
          -0.006537,
          0.488771,
          -0.872388,
          5.428097
        ],
        [
          0.99655,
          -0.068996,
          -0.046124,
          4.811273
        ],
        [
          -0.082736,
          -0.86968,
          -0.486634,
          1.557976
        ],
        [
          0.0,
          0.0,
          0.0,
          1.0
        ]
      ]
    },
    {
      "file_path": "/media/NFS/ttao/scannet/posed_images/scene0312_02/00191.jpg",
      "transform_matrix": [
        [
          0.088636,
          0.515447,
          -0.852325,
          5.513243
        ],
        [
          0.992786,
          -0.115081,
          0.033648,
          4.807234
        ],
        [
          -0.080742,
          -0.849159,
          -0.521929,
          1.545537
        ],
        [
          0.0,
          0.0,
          0.0,
          1.0
        ]
      ]
    },
    {
      "file_path": "/media/NFS/ttao/scannet/posed_images/scene0312_02/00201.jpg",
      "transform_matrix": [
        [
          0.343044,
          0.5173,
          -0.784042,
          5.652914
        ],
        [
          0.932399,
          -0.288663,
          0.217499,
          4.948497
        ],
        [
          -0.113811,
          -0.805651,
          -0.581354,
          1.533845
        ],
        [
          0.0,
          0.0,
          0.0,
          1.0
        ]
      ]
    },
    {
      "file_path": "/media/NFS/ttao/scannet/posed_images/scene0312_02/00205.jpg",
      "transform_matrix": [
        [
          0.397096,
          0.483911,
          -0.779836,
          5.721843
        ],
        [
          0.910965,
          -0.311157,
          0.270786,
          5.014141
        ],
        [
          -0.111615,
          -0.817931,
          -0.564385,
          1.511254
        ],
        [
          0.0,
          0.0,
          0.0,
          1.0
        ]
      ]
    },
    {
      "file_path": "/media/NFS/ttao/scannet/posed_images/scene0312_02/00212.jpg",
      "transform_matrix": [
        [
          0.348606,
          0.510531,
          -0.786023,
          5.820618
        ],
        [
          0.930437,
          -0.289577,
          0.224571,
          5.158505
        ],
        [
          -0.112964,
          -0.809632,
          -0.575965,
          1.502964
        ],
        [
          0.0,
          0.0,
          0.0,
          1.0
        ]
      ]
    },
    {
      "file_path": "/media/NFS/ttao/scannet/posed_images/scene0312_02/00218.jpg",
      "transform_matrix": [
        [
          0.289172,
          0.51334,
          -0.807999,
          5.893905
        ],
        [
          0.950451,
          -0.254583,
          0.178411,
          5.264597
        ],
        [
          -0.114117,
          -0.819555,
          -0.561522,
          1.500633
        ],
        [
          0.0,
          0.0,
          0.0,
          1.0
        ]
      ]
    },
    {
      "file_path": "/media/NFS/ttao/scannet/posed_images/scene0312_02/00224.jpg",
      "transform_matrix": [
        [
          0.296502,
          0.500634,
          -0.813297,
          5.940001
        ],
        [
          0.946289,
          -0.268976,
          0.179415,
          5.374691
        ],
        [
          -0.128936,
          -0.822811,
          -0.553496,
          1.500935
        ],
        [
          0.0,
          0.0,
          0.0,
          1.0
        ]
      ]
    },
    {
      "file_path": "/media/NFS/ttao/scannet/posed_images/scene0312_02/00229.jpg",
      "transform_matrix": [
        [
          0.289416,
          0.490519,
          -0.821967,
          5.966242
        ],
        [
          0.948986,
          -0.259319,
          0.179388,
          5.468966
        ],
        [
          -0.125158,
          -0.831953,
          -0.540546,
          1.48801
        ],
        [
          0.0,
          0.0,
          0.0,
          1.0
        ]
      ]
    },
    {
      "file_path": "/media/NFS/ttao/scannet/posed_images/scene0312_02/00234.jpg",
      "transform_matrix": [
        [
          0.221835,
          0.511635,
          -0.830071,
          5.985106
        ],
        [
          0.971128,
          -0.192535,
          0.140858,
          5.589957
        ],
        [
          -0.08775,
          -0.837353,
          -0.539575,
          1.466745
        ],
        [
          0.0,
          0.0,
          0.0,
          1.0
        ]
      ]
    },
    {
      "file_path": "/media/NFS/ttao/scannet/posed_images/scene0312_02/00239.jpg",
      "transform_matrix": [
        [
          0.134077,
          0.536868,
          -0.832944,
          6.005628
        ],
        [
          0.987342,
          -0.144234,
          0.065966,
          5.699383
        ],
        [
          -0.084724,
          -0.831245,
          -0.549411,
          1.467468
        ],
        [
          0.0,
          0.0,
          0.0,
          1.0
        ]
      ]
    },
    {
      "file_path": "/media/NFS/ttao/scannet/posed_images/scene0312_02/00248.jpg",
      "transform_matrix": [
        [
          0.061587,
          0.472575,
          -0.879136,
          6.051794
        ],
        [
          0.992071,
          -0.125663,
          0.001949,
          5.889176
        ],
        [
          -0.109554,
          -0.872285,
          -0.476567,
          1.49301
        ],
        [
          0.0,
          0.0,
          0.0,
          1.0
        ]
      ]
    },
    {
      "file_path": "/media/NFS/ttao/scannet/posed_images/scene0312_02/00250.jpg",
      "transform_matrix": [
        [
          0.030452,
          0.463213,
          -0.885724,
          6.070254
        ],
        [
          0.993183,
          -0.113779,
          -0.025357,
          5.933539
        ],
        [
          -0.112522,
          -0.878913,
          -0.46352,
          1.478168
        ],
        [
          0.0,
          0.0,
          0.0,
          1.0
        ]
      ]
    },
    {
      "file_path": "/media/NFS/ttao/scannet/posed_images/scene0312_02/00259.jpg",
      "transform_matrix": [
        [
          -0.122436,
          0.506695,
          -0.853387,
          6.130516
        ],
        [
          0.98618,
          -0.034592,
          -0.162027,
          6.135569
        ],
        [
          -0.111619,
          -0.861431,
          -0.495458,
          1.456749
        ],
        [
          0.0,
          0.0,
          0.0,
          1.0
        ]
      ]
    },
    {
      "file_path": "/media/NFS/ttao/scannet/posed_images/scene0312_02/00264.jpg",
      "transform_matrix": [
        [
          -0.164614,
          0.513208,
          -0.84233,
          6.138021
        ],
        [
          0.979508,
          -0.015412,
          -0.200813,
          6.230403
        ],
        [
          -0.116041,
          -0.858126,
          -0.500155,
          1.471971
        ],
        [
          0.0,
          0.0,
          0.0,
          1.0
        ]
      ]
    },
    {
      "file_path": "/media/NFS/ttao/scannet/posed_images/scene0312_02/00269.jpg",
      "transform_matrix": [
        [
          -0.231073,
          0.500969,
          -0.834047,
          6.121593
        ],
        [
          0.967313,
          0.026258,
          -0.252222,
          6.320212
        ],
        [
          -0.104455,
          -0.865067,
          -0.490662,
          1.461263
        ],
        [
          0.0,
          0.0,
          0.0,
          1.0
        ]
      ]
    },
    {
      "file_path": "/media/NFS/ttao/scannet/posed_images/scene0312_02/00276.jpg",
      "transform_matrix": [
        [
          -0.310892,
          0.478255,
          -0.821352,
          6.03149
        ],
        [
          0.94804,
          0.094603,
          -0.30376,
          6.453872
        ],
        [
          -0.067572,
          -0.873111,
          -0.482816,
          1.434972
        ],
        [
          0.0,
          0.0,
          0.0,
          1.0
        ]
      ]
    },
    {
      "file_path": "/media/NFS/ttao/scannet/posed_images/scene0312_02/00283.jpg",
      "transform_matrix": [
        [
          -0.37735,
          0.468454,
          -0.798848,
          5.943628
        ],
        [
          0.924972,
          0.148632,
          -0.349767,
          6.570539
        ],
        [
          -0.045115,
          -0.870896,
          -0.489392,
          1.437361
        ],
        [
          0.0,
          0.0,
          0.0,
          1.0
        ]
      ]
    },
    {
      "file_path": "/media/NFS/ttao/scannet/posed_images/scene0312_02/00285.jpg",
      "transform_matrix": [
        [
          -0.388487,
          0.477495,
          -0.788084,
          5.912216
        ],
        [
          0.919857,
          0.150632,
          -0.362178,
          6.612344
        ],
        [
          -0.054227,
          -0.865626,
          -0.497746,
          1.440977
        ],
        [
          0.0,
          0.0,
          0.0,
          1.0
        ]
      ]
    },
    {
      "file_path": "/media/NFS/ttao/scannet/posed_images/scene0312_02/00290.jpg",
      "transform_matrix": [
        [
          -0.409524,
          0.466873,
          -0.783786,
          5.847768
        ],
        [
          0.910662,
          0.157743,
          -0.381854,
          6.705949
        ],
        [
          -0.054641,
          -0.870142,
          -0.489763,
          1.441459
        ],
        [
          0.0,
          0.0,
          0.0,
          1.0
        ]
      ]
    },
    {
      "file_path": "/media/NFS/ttao/scannet/posed_images/scene0312_02/00297.jpg",
      "transform_matrix": [
        [
          -0.482263,
          0.452322,
          -0.750218,
          5.752854
        ],
        [
          0.874848,
          0.204272,
          -0.439219,
          6.859466
        ],
        [
          -0.04542,
          -0.868146,
          -0.494226,
          1.425303
        ],
        [
          0.0,
          0.0,
          0.0,
          1.0
        ]
      ]
    },
    {
      "file_path": "/media/NFS/ttao/scannet/posed_images/scene0312_02/00302.jpg",
      "transform_matrix": [
        [
          -0.548352,
          0.458988,
          -0.699028,
          5.695315
        ],
        [
          0.835501,
          0.265378,
          -0.481158,
          6.962807
        ],
        [
          -0.035339,
          -0.847883,
          -0.529005,
          1.41245
        ],
        [
          0.0,
          0.0,
          0.0,
          1.0
        ]
      ]
    },
    {
      "file_path": "/media/NFS/ttao/scannet/posed_images/scene0312_02/00308.jpg",
      "transform_matrix": [
        [
          -0.599004,
          0.467337,
          -0.650224,
          5.613134
        ],
        [
          0.799502,
          0.303805,
          -0.518169,
          7.059629
        ],
        [
          -0.044618,
          -0.830241,
          -0.555617,
          1.432842
        ],
        [
          0.0,
          0.0,
          0.0,
          1.0
        ]
      ]
    },
    {
      "file_path": "/media/NFS/ttao/scannet/posed_images/scene0312_02/00315.jpg",
      "transform_matrix": [
        [
          -0.60145,
          0.419675,
          -0.679802,
          5.485736
        ],
        [
          0.798228,
          0.280507,
          -0.533056,
          7.155719
        ],
        [
          -0.033021,
          -0.863243,
          -0.503707,
          1.449961
        ],
        [
          0.0,
          0.0,
          0.0,
          1.0
        ]
      ]
    },
    {
      "file_path": "/media/NFS/ttao/scannet/posed_images/scene0312_02/00320.jpg",
      "transform_matrix": [
        [
          -0.56365,
          0.369635,
          -0.738694,
          5.400664
        ],
        [
          0.825822,
          0.271447,
          -0.494303,
          7.187458
        ],
        [
          0.017804,
          -0.888643,
          -0.458254,
          1.442638
        ],
        [
          0.0,
          0.0,
          0.0,
          1.0
        ]
      ]
    },
    {
      "file_path": "/media/NFS/ttao/scannet/posed_images/scene0312_02/00329.jpg",
      "transform_matrix": [
        [
          -0.589979,
          0.346596,
          -0.729244,
          5.196343
        ],
        [
          0.806885,
          0.285913,
          -0.516905,
          7.29673
        ],
        [
          0.029343,
          -0.893379,
          -0.448345,
          1.477432
        ],
        [
          0.0,
          0.0,
          0.0,
          1.0
        ]
      ]
    },
    {
      "file_path": "/media/NFS/ttao/scannet/posed_images/scene0312_02/00334.jpg",
      "transform_matrix": [
        [
          -0.601741,
          0.34064,
          -0.722407,
          5.091141
        ],
        [
          0.798399,
          0.281028,
          -0.532525,
          7.353615
        ],
        [
          0.021617,
          -0.897211,
          -0.441073,
          1.469536
        ],
        [
          0.0,
          0.0,
          0.0,
          1.0
        ]
      ]
    },
    {
      "file_path": "/media/NFS/ttao/scannet/posed_images/scene0312_02/00337.jpg",
      "transform_matrix": [
        [
          -0.627182,
          0.335363,
          -0.702976,
          5.024491
        ],
        [
          0.778742,
          0.286558,
          -0.558073,
          7.38878
        ],
        [
          0.014286,
          -0.89745,
          -0.440885,
          1.465164
        ],
        [
          0.0,
          0.0,
          0.0,
          1.0
        ]
      ]
    },
    {
      "file_path": "/media/NFS/ttao/scannet/posed_images/scene0312_02/00343.jpg",
      "transform_matrix": [
        [
          -0.713094,
          0.317687,
          -0.624958,
          4.873158
        ],
        [
          0.700306,
          0.281223,
          -0.656114,
          7.494699
        ],
        [
          -0.032686,
          -0.905532,
          -0.423016,
          1.463081
        ],
        [
          0.0,
          0.0,
          0.0,
          1.0
        ]
      ]
    },
    {
      "file_path": "/media/NFS/ttao/scannet/posed_images/scene0312_02/00351.jpg",
      "transform_matrix": [
        [
          -0.780123,
          0.323851,
          -0.535283,
          4.715441
        ],
        [
          0.624744,
          0.357844,
          -0.694005,
          7.55784
        ],
        [
          -0.033206,
          -0.875824,
          -0.481486,
          1.475835
        ],
        [
          0.0,
          0.0,
          0.0,
          1.0
        ]
      ]
    },
    {
      "file_path": "/media/NFS/ttao/scannet/posed_images/scene0312_02/00357.jpg",
      "transform_matrix": [
        [
          -0.813445,
          0.296565,
          -0.500356,
          4.58364
        ],
        [
          0.580766,
          0.366941,
          -0.726681,
          7.571226
        ],
        [
          -0.031907,
          -0.881705,
          -0.470721,
          1.489541
        ],
        [
          0.0,
          0.0,
          0.0,
          1.0
        ]
      ]
    },
    {
      "file_path": "/media/NFS/ttao/scannet/posed_images/scene0312_02/00360.jpg",
      "transform_matrix": [
        [
          -0.822866,
          0.268023,
          -0.501054,
          4.508139
        ],
        [
          0.56819,
          0.377017,
          -0.731449,
          7.575618
        ],
        [
          -0.00714,
          -0.886579,
          -0.462523,
          1.477816
        ],
        [
          0.0,
          0.0,
          0.0,
          1.0
        ]
      ]
    },
    {
      "file_path": "/media/NFS/ttao/scannet/posed_images/scene0312_02/00371.jpg",
      "transform_matrix": [
        [
          -0.875168,
          0.195519,
          -0.442554,
          4.260486
        ],
        [
          0.480744,
          0.454401,
          -0.749937,
          7.552438
        ],
        [
          0.05447,
          -0.869076,
          -0.491671,
          1.49533
        ],
        [
          0.0,
          0.0,
          0.0,
          1.0
        ]
      ]
    },
    {
      "file_path": "/media/NFS/ttao/scannet/posed_images/scene0312_02/00374.jpg",
      "transform_matrix": [
        [
          -0.886922,
          0.200168,
          -0.416296,
          4.195921
        ],
        [
          0.459636,
          0.471934,
          -0.752339,
          7.552025
        ],
        [
          0.04587,
          -0.85861,
          -0.510573,
          1.503432
        ],
        [
          0.0,
          0.0,
          0.0,
          1.0
        ]
      ]
    },
    {
      "file_path": "/media/NFS/ttao/scannet/posed_images/scene0312_02/00379.jpg",
      "transform_matrix": [
        [
          -0.904991,
          0.192162,
          -0.37956,
          4.097275
        ],
        [
          0.424117,
          0.477603,
          -0.769429,
          7.546121
        ],
        [
          0.033424,
          -0.857304,
          -0.513725,
          1.510249
        ],
        [
          0.0,
          0.0,
          0.0,
          1.0
        ]
      ]
    },
    {
      "file_path": "/media/NFS/ttao/scannet/posed_images/scene0312_02/00388.jpg",
      "transform_matrix": [
        [
          -0.95596,
          0.136821,
          -0.259656,
          3.914102
        ],
        [
          0.292117,
          0.529279,
          -0.796575,
          7.534237
        ],
        [
          0.028442,
          -0.837343,
          -0.545937,
          1.496903
        ],
        [
          0.0,
          0.0,
          0.0,
          1.0
        ]
      ]
    },
    {
      "file_path": "/media/NFS/ttao/scannet/posed_images/scene0312_02/00392.jpg",
      "transform_matrix": [
        [
          -0.975639,
          0.100454,
          -0.195031,
          3.858005
        ],
        [
          0.218194,
          0.536684,
          -0.815084,
          7.524859
        ],
        [
          0.022792,
          -0.837783,
          -0.545528,
          1.511538
        ],
        [
          0.0,
          0.0,
          0.0,
          1.0
        ]
      ]
    },
    {
      "file_path": "/media/NFS/ttao/scannet/posed_images/scene0312_02/00397.jpg",
      "transform_matrix": [
        [
          -0.992188,
          0.068468,
          -0.104279,
          3.789576
        ],
        [
          0.124724,
          0.560821,
          -0.818488,
          7.48576
        ],
        [
          0.002441,
          -0.825101,
          -0.56498,
          1.526156
        ],
        [
          0.0,
          0.0,
          0.0,
          1.0
        ]
      ]
    },
    {
      "file_path": "/media/NFS/ttao/scannet/posed_images/scene0312_02/00400.jpg",
      "transform_matrix": [
        [
          -0.997512,
          0.038628,
          -0.058973,
          3.751984
        ],
        [
          0.070468,
          0.570734,
          -0.818106,
          7.460087
        ],
        [
          0.002056,
          -0.820226,
          -0.572036,
          1.519075
        ],
        [
          0.0,
          0.0,
          0.0,
          1.0
        ]
      ]
    },
    {
      "file_path": "/media/NFS/ttao/scannet/posed_images/scene0312_02/00409.jpg",
      "transform_matrix": [
        [
          -0.992847,
          -0.106314,
          0.054325,
          3.641412
        ],
        [
          -0.107409,
          0.596725,
          -0.795225,
          7.311064
        ],
        [
          0.052126,
          -0.795372,
          -0.603876,
          1.486526
        ],
        [
          0.0,
          0.0,
          0.0,
          1.0
        ]
      ]
    },
    {
      "file_path": "/media/NFS/ttao/scannet/posed_images/scene0312_02/00416.jpg",
      "transform_matrix": [
        [
          -0.966119,
          -0.202373,
          0.160184,
          3.548182
        ],
        [
          -0.249505,
          0.573519,
          -0.780272,
          7.192025
        ],
        [
          0.066037,
          -0.793802,
          -0.604581,
          1.498818
        ],
        [
          0.0,
          0.0,
          0.0,
          1.0
        ]
      ]
    },
    {
      "file_path": "/media/NFS/ttao/scannet/posed_images/scene0312_02/00418.jpg",
      "transform_matrix": [
        [
          -0.95939,
          -0.210831,
          0.187405,
          3.51123
        ],
        [
          -0.276645,
          0.573428,
          -0.771134,
          7.160866
        ],
        [
          0.055115,
          -0.791663,
          -0.608467,
          1.502627
        ],
        [
          0.0,
          0.0,
          0.0,
          1.0
        ]
      ]
    },
    {
      "file_path": "/media/NFS/ttao/scannet/posed_images/scene0312_02/00425.jpg",
      "transform_matrix": [
        [
          -0.9339,
          -0.247551,
          0.257972,
          3.389977
        ],
        [
          -0.35463,
          0.549586,
          -0.756434,
          7.061911
        ],
        [
          0.045478,
          -0.797918,
          -0.601048,
          1.500169
        ],
        [
          0.0,
          0.0,
          0.0,
          1.0
        ]
      ]
    },
    {
      "file_path": "/media/NFS/ttao/scannet/posed_images/scene0312_02/00430.jpg",
      "transform_matrix": [
        [
          -0.892075,
          -0.299843,
          0.338077,
          3.299043
        ],
        [
          -0.449771,
          0.516826,
          -0.728422,
          7.001077
        ],
        [
          0.043685,
          -0.801864,
          -0.595908,
          1.500991
        ],
        [
          0.0,
          0.0,
          0.0,
          1.0
        ]
      ]
    },
    {
      "file_path": "/media/NFS/ttao/scannet/posed_images/scene0312_02/00437.jpg",
      "transform_matrix": [
        [
          -0.789669,
          -0.382105,
          0.480021,
          3.176111
        ],
        [
          -0.612465,
          0.44478,
          -0.653497,
          6.927824
        ],
        [
          0.0362,
          -0.810041,
          -0.585254,
          1.52093
        ],
        [
          0.0,
          0.0,
          0.0,
          1.0
        ]
      ]
    },
    {
      "file_path": "/media/NFS/ttao/scannet/posed_images/scene0312_02/00446.jpg",
      "transform_matrix": [
        [
          -0.66315,
          -0.462911,
          0.588171,
          3.080921
        ],
        [
          -0.746145,
          0.346738,
          -0.568367,
          6.817114
        ],
        [
          0.059162,
          -0.815773,
          -0.575338,
          1.551096
        ],
        [
          0.0,
          0.0,
          0.0,
          1.0
        ]
      ]
    },
    {
      "file_path": "/media/NFS/ttao/scannet/posed_images/scene0312_02/00447.jpg",
      "transform_matrix": [
        [
          -0.649044,
          -0.472159,
          0.596497,
          3.069355
        ],
        [
          -0.757921,
          0.333763,
          -0.560498,
          6.799566
        ],
        [
          0.065555,
