{
  "frames": [
    {
      "file_path": "/media/NFS/ttao/scannet/posed_images/scene0251_00/00002.jpg",
      "transform_matrix": [
        [
          0.882923,
          0.054931,
          -0.466293,
          8.841315
        ],
        [
          0.46279,
          -0.269334,
          0.844562,
          6.129702
        ],
        [
          -0.079196,
          -0.961479,
          -0.263222,
          1.98714
        ],
        [
          0.0,
          0.0,
          0.0,
          1.0
        ]
      ]
    },
    {
      "file_path": "/media/NFS/ttao/scannet/posed_images/scene0251_00/00005.jpg",
      "transform_matrix": [
        [
          0.878596,
          0.057278,
          -0.474119,
          8.843669
        ],
        [
          0.470962,
          -0.268446,
          0.840316,
          6.133679
        ],
        [
          -0.079143,
          -0.96159,
          -0.262831,
          1.988766
        ],
        [
          0.0,
          0.0,
          0.0,
          1.0
        ]
      ]
    },
    {
      "file_path": "/media/NFS/ttao/scannet/posed_images/scene0251_00/00009.jpg",
      "transform_matrix": [
        [
          0.868863,
          0.057137,
          -0.491744,
          8.842518
        ],
        [
          0.487627,
          -0.270169,
          0.830198,
          6.142447
        ],
        [
          -0.085419,
          -0.961116,
          -0.262602,
          1.988691
        ],
        [
          0.0,
          0.0,
          0.0,
          1.0
        ]
      ]
    },
    {
      "file_path": "/media/NFS/ttao/scannet/posed_images/scene0251_00/00014.jpg",
      "transform_matrix": [
        [
          0.851325,
          0.070231,
          -0.519917,
          8.848913
        ],
        [
          0.517039,
          -0.280385,
          0.808737,
          6.15742
        ],
        [
          -0.088979,
          -0.957315,
          -0.275011,
          1.989145
        ],
        [
          0.0,
          0.0,
          0.0,
          1.0
        ]
      ]
    },
    {
      "file_path": "/media/NFS/ttao/scannet/posed_images/scene0251_00/00023.jpg",
      "transform_matrix": [
        [
          0.805493,
          0.09138,
          -0.585518,
          8.857783
        ],
        [
          0.584265,
          -0.287644,
          0.758878,
          6.191966
        ],
        [
          -0.099075,
          -0.953368,
          -0.285085,
          1.979925
        ],
        [
          0.0,
          0.0,
          0.0,
          1.0
        ]
      ]
    },
    {
      "file_path": "/media/NFS/ttao/scannet/posed_images/scene0251_00/00028.jpg",
      "transform_matrix": [
        [
          0.787733,
          0.105307,
          -0.606949,
          8.853497
        ],
        [
          0.609443,
          -0.276779,
          0.742949,
          6.207782
        ],
        [
          -0.089753,
          -0.955146,
          -0.282207,
          1.965861
        ],
        [
          0.0,
          0.0,
          0.0,
          1.0
        ]
      ]
    },
    {
      "file_path": "/media/NFS/ttao/scannet/posed_images/scene0251_00/00029.jpg",
      "transform_matrix": [
        [
          0.787093,
          0.10582,
          -0.607689,
          8.850349
        ],
        [
          0.610322,
          -0.276378,
          0.742376,
          6.212134
        ],
        [
          -0.089393,
          -0.955206,
          -0.282119,
          1.962422
        ],
        [
          0.0,
          0.0,
          0.0,
          1.0
        ]
      ]
    },
    {
      "file_path": "/media/NFS/ttao/scannet/posed_images/scene0251_00/00037.jpg",
      "transform_matrix": [
        [
          0.775377,
          0.111832,
          -0.621518,
          8.813425
        ],
        [
          0.624417,
          -0.282748,
          0.728119,
          6.256135
        ],
        [
          -0.094306,
          -0.952653,
          -0.289066,
          1.948802
        ],
        [
          0.0,
          0.0,
          0.0,
          1.0
        ]
      ]
    },
    {
      "file_path": "/media/NFS/ttao/scannet/posed_images/scene0251_00/00040.jpg",
      "transform_matrix": [
        [
          0.780174,
          0.112696,
          -0.615327,
          8.793046
        ],
        [
          0.618965,
          -0.281541,
          0.733224,
          6.28097
        ],
        [
          -0.090608,
          -0.952908,
          -0.289406,
          1.94542
        ],
        [
          0.0,
          0.0,
          0.0,
          1.0
        ]
      ]
    },
    {
      "file_path": "/media/NFS/ttao/scannet/posed_images/scene0251_00/00048.jpg",
      "transform_matrix": [
        [
          0.787364,
          0.097717,
          -0.608695,
          8.723047
        ],
        [
          0.609308,
          -0.273606,
          0.744234,
          6.352804
        ],
        [
          -0.093819,
          -0.956865,
          -0.274968,
          1.956073
        ],
        [
          0.0,
          0.0,
          0.0,
          1.0
        ]
      ]
    },
    {
      "file_path": "/media/NFS/ttao/scannet/posed_images/scene0251_00/00052.jpg",
      "transform_matrix": [
        [
          0.781798,
          0.097754,
          -0.615822,
          8.680714
        ],
        [
          0.614658,
          -0.286852,
          0.734787,
          6.384876
        ],
        [
          -0.104822,
          -0.952974,
          -0.284345,
          1.950785
        ],
        [
          0.0,
          0.0,
          0.0,
          1.0
        ]
      ]
    },
    {
      "file_path": "/media/NFS/ttao/scannet/posed_images/scene0251_00/00056.jpg",
      "transform_matrix": [
        [
          0.775153,
          0.10166,
          -0.623541,
          8.635494
        ],
        [
          0.621114,
          -0.303169,
          0.722708,
          6.416808
        ],
        [
          -0.115568,
          -0.947499,
          -0.298144,
          1.945179
        ],
        [
          0.0,
          0.0,
          0.0,
          1.0
        ]
      ]
    },
    {
      "file_path": "/media/NFS/ttao/scannet/posed_images/scene0251_00/00062.jpg",
      "transform_matrix": [
        [
          0.754085,
          0.118719,
          -0.645958,
          8.574459
        ],
        [
          0.643856,
          -0.327758,
          0.691393,
          6.459507
        ],
        [
          -0.129636,
          -0.937273,
          -0.323595,
          1.932329
        ],
        [
          0.0,
          0.0,
          0.0,
          1.0
        ]
      ]
    },
    {
      "file_path": "/media/NFS/ttao/scannet/posed_images/scene0251_00/00069.jpg",
      "transform_matrix": [
        [
          0.696513,
          0.147869,
          -0.702142,
          8.499048
        ],
        [
          0.703924,
          -0.330565,
          0.628664,
          6.514186
        ],
        [
          -0.139144,
          -0.932127,
          -0.334331,
          1.926724
        ],
        [
          0.0,
          0.0,
          0.0,
          1.0
        ]
      ]
    },
    {
      "file_path": "/media/NFS/ttao/scannet/posed_images/scene0251_00/00074.jpg",
      "transform_matrix": [
        [
          0.638753,
          0.177353,
          -0.748692,
          8.45021
        ],
        [
          0.758444,
          -0.308851,
          0.573911,
          6.548766
        ],
        [
          -0.12945,
          -0.934429,
          -0.331791,
          1.894101
        ],
        [
          0.0,
          0.0,
          0.0,
          1.0
        ]
      ]
    },
    {
      "file_path": "/media/NFS/ttao/scannet/posed_images/scene0251_00/00080.jpg",
      "transform_matrix": [
        [
          0.557013,
          0.202399,
          -0.805463,
          8.402372
        ],
        [
          0.822455,
          -0.269131,
          0.501136,
          6.562489
        ],
        [
          -0.115346,
          -0.941596,
          -0.316373,
          1.772002
        ],
        [
          0.0,
          0.0,
          0.0,
          1.0
        ]
      ]
    },
    {
      "file_path": "/media/NFS/ttao/scannet/posed_images/scene0251_00/00085.jpg",
      "transform_matrix": [
        [
          0.497294,
          0.232475,
          -0.835855,
          8.372946
        ],
        [
          0.859133,
          -0.266088,
          0.437136,
          6.584724
        ],
        [
          -0.120788,
          -0.935496,
          -0.332051,
          1.764587
        ],
        [
          0.0,
          0.0,
          0.0,
          1.0
        ]
      ]
    },
    {
      "file_path": "/media/NFS/ttao/scannet/posed_images/scene0251_00/00086.jpg",
      "transform_matrix": [
        [
          0.48645,
          0.237446,
          -0.840825,
          8.36403
        ],
        [
          0.865354,
          -0.263706,
          0.426171,
          6.581088
        ],
        [
          -0.120538,
          -0.934922,
          -0.333754,
          1.763554
        ],
        [
          0.0,
          0.0,
          0.0,
          1.0
        ]
      ]
    },
    {
      "file_path": "/media/NFS/ttao/scannet/posed_images/scene0251_00/00096.jpg",
      "transform_matrix": [
        [
          0.370153,
          0.269697,
          -0.88896,
          8.206987
        ],
        [
          0.924975,
          -0.195661,
          0.325789,
          6.492559
        ],
        [
          -0.086071,
          -0.942858,
          -0.321887,
          1.668995
        ],
        [
          0.0,
          0.0,
          0.0,
          1.0
        ]
      ]
    },
    {
      "file_path": "/media/NFS/ttao/scannet/posed_images/scene0251_00/00100.jpg",
      "transform_matrix": [
        [
          0.319391,
          0.254832,
          -0.912715,
          8.145061
        ],
        [
          0.944328,
          -0.165842,
          0.28415,
          6.427376
        ],
        [
          -0.078956,
          -0.952658,
          -0.293613,
          1.647256
        ],
        [
          0.0,
          0.0,
          0.0,
          1.0
        ]
      ]
    },
    {
      "file_path": "/media/NFS/ttao/scannet/posed_images/scene0251_00/00105.jpg",
      "transform_matrix": [
        [
          0.267689,
          0.26194,
          -0.927216,
          8.048286
        ],
        [
          0.959765,
          -0.157202,
          0.232676,
          6.327166
        ],
        [
          -0.084814,
          -0.952195,
          -0.293482,
          1.641941
        ],
        [
          0.0,
          0.0,
          0.0,
          1.0
        ]
      ]
    },
    {
      "file_path": "/media/NFS/ttao/scannet/posed_images/scene0251_00/00111.jpg",
      "transform_matrix": [
        [
          0.280894,
          0.283913,
          -0.916783,
          7.754428
        ],
        [
          0.951686,
          -0.20588,
          0.227831,
          6.031111
        ],
        [
          -0.124063,
          -0.936487,
          -0.328026,
          1.681424
        ],
        [
          0.0,
          0.0,
          0.0,
          1.0
        ]
      ]
    },
    {
      "file_path": "/media/NFS/ttao/scannet/posed_images/scene0251_00/00116.jpg",
      "transform_matrix": [
        [
          0.243038,
          0.292638,
          -0.924822,
          7.691016
        ],
        [
          0.96341,
          -0.183905,
          0.194987,
          6.08716
        ],
        [
          -0.113019,
          -0.938372,
          -0.326626,
          1.681221
        ],
        [
          0.0,
          0.0,
          0.0,
          1.0
        ]
      ]
    },
    {
      "file_path": "/media/NFS/ttao/scannet/posed_images/scene0251_00/00120.jpg",
      "transform_matrix": [
        [
          0.216305,
          0.29221,
          -0.931571,
          7.644125
        ],
        [
          0.97142,
          -0.159943,
          0.175387,
          6.132682
        ],
        [
          -0.097749,
          -0.942885,
          -0.318455,
          1.683353
        ],
        [
          0.0,
          0.0,
          0.0,
          1.0
        ]
      ]
    },
    {
      "file_path": "/media/NFS/ttao/scannet/posed_images/scene0251_00/00125.jpg",
      "transform_matrix": [
        [
          0.189935,
          0.30463,
          -0.933341,
          7.597813
        ],
        [
          0.977844,
          -0.143908,
          0.152022,
          6.187872
        ],
        [
          -0.088005,
          -0.941536,
          -0.325214,
          1.688463
        ],
        [
          0.0,
          0.0,
          0.0,
          1.0
        ]
      ]
    },
    {
      "file_path": "/media/NFS/ttao/scannet/posed_images/scene0251_00/00128.jpg",
      "transform_matrix": [
        [
          0.174284,
          0.315548,
          -0.932767,
          7.564134
        ],
        [
          0.980878,
          -0.138965,
          0.136263,
          6.211281
        ],
        [
          -0.086625,
          -0.938679,
          -0.333733,
          1.688123
        ],
        [
          0.0,
          0.0,
          0.0,
          1.0
        ]
      ]
    },
    {
      "file_path": "/media/NFS/ttao/scannet/posed_images/scene0251_00/00136.jpg",
      "transform_matrix": [
        [
          0.15919,
          0.319536,
          -0.934106,
          7.489999
        ],
        [
          0.983035,
          -0.138617,
          0.12011,
          6.304347
        ],
        [
          -0.091104,
          -0.93738,
          -0.336182,
          1.673697
        ],
        [
          0.0,
          0.0,
          0.0,
          1.0
        ]
      ]
    },
    {
      "file_path": "/media/NFS/ttao/scannet/posed_images/scene0251_00/00139.jpg",
      "transform_matrix": [
        [
          0.158386,
          0.320791,
          -0.933813,
          7.446617
        ],
        [
          0.98303,
          -0.139886,
          0.118678,
          6.331231
        ],
        [
          -0.092556,
          -0.936763,
          -0.337503,
          1.676869
        ],
        [
          0.0,
          0.0,
          0.0,
          1.0
        ]
      ]
    },
    {
      "file_path": "/media/NFS/ttao/scannet/posed_images/scene0251_00/00143.jpg",
      "transform_matrix": [
        [
          0.152058,
          0.323752,
          -0.933843,
          7.374011
        ],
        [
          0.984177,
          -0.136549,
          0.112914,
          6.349201
        ],
        [
          -0.090959,
          -0.936237,
          -0.339392,
          1.682898
        ],
        [
          0.0,
          0.0,
          0.0,
          1.0
        ]
      ]
    },
    {
      "file_path": "/media/NFS/ttao/scannet/posed_images/scene0251_00/00148.jpg",
      "transform_matrix": [
        [
          0.144784,
          0.328097,
          -0.933483,
          7.294638
        ],
        [
          0.985447,
          -0.132734,
          0.106191,
          6.386806
        ],
        [
          -0.089064,
          -0.935272,
          -0.34254,
          1.669368
        ],
        [
          0.0,
          0.0,
          0.0,
          1.0
        ]
      ]
    },
    {
      "file_path": "/media/NFS/ttao/scannet/posed_images/scene0251_00/00154.jpg",
      "transform_matrix": [
        [
          0.125808,
          0.338904,
          -0.932371,
          7.202629
        ],
        [
          0.984996,
          -0.154583,
          0.07672,
          6.47728
        ],
        [
          -0.118128,
          -0.928035,
          -0.353267,
          1.687641
        ],
        [
          0.0,
          0.0,
          0.0,
          1.0
        ]
      ]
    },
    {
      "file_path": "/media/NFS/ttao/scannet/posed_images/scene0251_00/00159.jpg",
      "transform_matrix": [
        [
          0.114952,
          0.345371,
          -0.9314,
          7.121434
        ],
        [
          0.985215,
          -0.159539,
          0.062435,
          6.510494
        ],
        [
          -0.127031,
          -0.924806,
          -0.358604,
          1.697431
        ],
        [
          0.0,
          0.0,
          0.0,
          1.0
        ]
      ]
    },
    {
      "file_path": "/media/NFS/ttao/scannet/posed_images/scene0251_00/00165.jpg",
      "transform_matrix": [
        [
          0.085943,
          0.335721,
          -0.938033,
          7.00454
        ],
        [
          0.9899,
          -0.135323,
          0.042263,
          6.529994
        ],
        [
          -0.112749,
          -0.93219,
          -0.34396,
          1.701658
        ],
        [
          0.0,
          0.0,
          0.0,
          1.0
        ]
      ]
    },
    {
      "file_path": "/media/NFS/ttao/scannet/posed_images/scene0251_00/00168.jpg",
      "transform_matrix": [
        [
          0.056017,
          0.333104,
          -0.941224,
          6.961163
        ],
        [
          0.993991,
          -0.1074,
          0.021148,
          6.565966
        ],
        [
          -0.094043,
          -0.936753,
          -0.337119,
          1.695537
        ],
        [
          0.0,
          0.0,
          0.0,
          1.0
        ]
      ]
    },
    {
      "file_path": "/media/NFS/ttao/scannet/posed_images/scene0251_00/00176.jpg",
      "transform_matrix": [
        [
          -0.014356,
          0.35968,
          -0.932965,
          6.813207
        ],
        [
          0.997609,
          -0.057924,
          -0.037682,
          6.597469
        ],
        [
          -0.067595,
          -0.931276,
          -0.357989,
          1.731407
        ],
        [
          0.0,
          0.0,
          0.0,
          1.0
        ]
      ]
    },
    {
      "file_path": "/media/NFS/ttao/scannet/posed_images/scene0251_00/00182.jpg",
      "transform_matrix": [
        [
          -0.039802,
          0.364834,
          -0.930221,
          6.738428
        ],
        [
          0.996559,
          -0.053238,
          -0.063521,
          6.639836
        ],
        [
          -0.072698,
          -0.929549,
          -0.36146,
          1.736782
        ],
        [
          0.0,
          0.0,
          0.0,
          1.0
        ]
      ]
    },
    {
      "file_path": "/media/NFS/ttao/scannet/posed_images/scene0251_00/00185.jpg",
      "transform_matrix": [
        [
          -0.050607,
          0.366632,
          -0.928989,
          6.706527
        ],
        [
          0.996174,
          -0.047832,
          -0.073144,
          6.652636
        ],
        [
          -0.071252,
          -0.929136,
          -0.362808,
          1.728038
        ],
        [
          0.0,
          0.0,
          0.0,
          1.0
        ]
      ]
    },
    {
      "file_path": "/media/NFS/ttao/scannet/posed_images/scene0251_00/00190.jpg",
      "transform_matrix": [
        [
          -0.051999,
          0.395739,
          -0.91689,
          6.606847
        ],
        [
          0.996082,
          -0.045207,
          -0.076002,
          6.62226
        ],
        [
          -0.071526,
          -0.91725,
          -0.391838,
          1.73864
        ],
        [
          0.0,
          0.0,
          0.0,
          1.0
        ]
      ]
    },
    {
      "file_path": "/media/NFS/ttao/scannet/posed_images/scene0251_00/00197.jpg",
      "transform_matrix": [
        [
          -0.063776,
          0.398597,
          -0.914906,
          6.477196
        ],
        [
          0.995705,
          -0.036232,
          -0.085194,
          6.582112
        ],
        [
          -0.067107,
          -0.91641,
          -0.394574,
          1.760806
        ],
        [
          0.0,
          0.0,
          0.0,
          1.0
        ]
      ]
    },
    {
      "file_path": "/media/NFS/ttao/scannet/posed_images/scene0251_00/00200.jpg",
      "transform_matrix": [
        [
          -0.066007,
          0.398876,
          -0.914626,
          6.419494
        ],
        [
          0.994866,
          -0.044164,
          -0.091058,
          6.579823
        ],
        [
          -0.076715,
          -0.915941,
          -0.393913,
          1.777187
        ],
        [
          0.0,
          0.0,
          0.0,
          1.0
        ]
      ]
    },
    {
      "file_path": "/media/NFS/ttao/scannet/posed_images/scene0251_00/00208.jpg",
      "transform_matrix": [
        [
          -0.082261,
          0.395399,
          -0.914818,
          6.297379
        ],
        [
          0.991517,
          -0.060216,
          -0.115185,
          6.53237
        ],
        [
          -0.100631,
          -0.916533,
          -0.387092,
          1.788964
        ],
        [
          0.0,
          0.0,
          0.0,
          1.0
        ]
      ]
    },
    {
      "file_path": "/media/NFS/ttao/scannet/posed_images/scene0251_00/00213.jpg",
      "transform_matrix": [
        [
          -0.091788,
          0.39349,
          -0.914735,
          6.214045
        ],
        [
          0.990752,
          -0.056099,
          -0.123548,
          6.502038
        ],
        [
          -0.099931,
          -0.917616,
          -0.384702,
          1.799332
        ],
        [
          0.0,
          0.0,
          0.0,
          1.0
        ]
      ]
    },
    {
      "file_path": "/media/NFS/ttao/scannet/posed_images/scene0251_00/00217.jpg",
      "transform_matrix": [
        [
          -0.112169,
          0.396037,
          -0.911357,
          6.147411
        ],
        [
          0.989068,
          -0.043852,
          -0.14079,
          6.476266
        ],
        [
          -0.095723,
          -0.917187,
          -0.386789,
          1.802284
        ],
        [
          0.0,
          0.0,
          0.0,
          1.0
        ]
      ]
    },
    {
      "file_path": "/media/NFS/ttao/scannet/posed_images/scene0251_00/00224.jpg",
      "transform_matrix": [
        [
          -0.118861,
          0.396334,
          -0.91038,
          6.023283
        ],
        [
          0.989695,
          -0.026444,
          -0.140729,
          6.453382
        ],
        [
          -0.079849,
          -0.917725,
          -0.389107,
          1.824781
        ],
        [
          0.0,
          0.0,
          0.0,
          1.0
        ]
      ]
    },
    {
      "file_path": "/media/NFS/ttao/scannet/posed_images/scene0251_00/00228.jpg",
      "transform_matrix": [
        [
          -0.124807,
          0.396877,
          -0.909347,
          5.962814
        ],
        [
          0.98992,
          -0.012036,
          -0.141118,
          6.443995
        ],
        [
          -0.066952,
          -0.917793,
          -0.391374,
          1.830388
        ],
        [
          0.0,
          0.0,
          0.0,
          1.0
        ]
      ]
    },
    {
      "file_path": "/media/NFS/ttao/scannet/posed_images/scene0251_00/00233.jpg",
      "transform_matrix": [
        [
          -0.149811,
          0.401284,
          -0.903619,
          5.88316
        ],
        [
          0.987186,
          0.009902,
          -0.159268,
          6.412507
        ],
        [
          -0.054965,
          -0.9159,
          -0.397625,
          1.821552
        ],
        [
          0.0,
          0.0,
          0.0,
          1.0
        ]
      ]
    },
    {
      "file_path": "/media/NFS/ttao/scannet/posed_images/scene0251_00/00239.jpg",
      "transform_matrix": [
        [
          -0.163122,
          0.40134,
          -0.901287,
          5.79123
        ],
        [
          0.984923,
          0.012903,
          -0.172514,
          6.37213
        ],
        [
          -0.057607,
          -0.915838,
          -0.397393,
          1.835702
        ],
        [
          0.0,
          0.0,
          0.0,
          1.0
        ]
      ]
    },
    {
      "file_path": "/media/NFS/ttao/scannet/posed_images/scene0251_00/00241.jpg",
      "transform_matrix": [
        [
          -0.170411,
          0.402017,
          -0.899635,
          5.754414
        ],
        [
          0.983659,
          0.015571,
          -0.179369,
          6.36369
        ],
        [
          -0.058101,
          -0.9155,
          -0.398101,
          1.842098
        ],
        [
          0.0,
          0.0,
          0.0,
          1.0
        ]
      ]
    },
    {
      "file_path": "/media/NFS/ttao/scannet/posed_images/scene0251_00/00248.jpg",
      "transform_matrix": [
        [
          -0.152714,
          0.402181,
          -0.902734,
          5.63005
        ],
        [
          0.986769,
          0.011728,
          -0.161705,
          6.295172
        ],
        [
          -0.054448,
          -0.915485,
          -0.398651,
          1.846707
        ],
        [
          0.0,
          0.0,
          0.0,
          1.0
        ]
      ]
    },
    {
      "file_path": "/media/NFS/ttao/scannet/posed_images/scene0251_00/00251.jpg",
      "transform_matrix": [
        [
          -0.145829,
          0.414468,
          -0.898304,
          5.570803
        ],
        [
          0.987021,
          -0.000777,
          -0.16059,
          6.258365
        ],
        [
          -0.067258,
          -0.910064,
          -0.408975,
          1.842939
        ],
        [
          0.0,
          0.0,
          0.0,
          1.0
        ]
      ]
    },
    {
      "file_path": "/media/NFS/ttao/scannet/posed_images/scene0251_00/00256.jpg",
      "transform_matrix": [
        [
          -0.12676,
          0.416876,
          -0.900081,
          5.493435
        ],
        [
          0.987157,
          -0.035925,
          -0.155662,
          6.214246
        ],
        [
          -0.097227,
          -0.908253,
          -0.406968,
          1.858647
        ],
        [
          0.0,
          0.0,
          0.0,
          1.0
        ]
      ]
    },
    {
      "file_path": "/media/NFS/ttao/scannet/posed_images/scene0251_00/00262.jpg",
      "transform_matrix": [
        [
          -0.069239,
          0.428765,
          -0.900759,
          5.38418
        ],
        [
          0.991347,
          -0.071364,
          -0.110171,
          6.148244
        ],
        [
          -0.111519,
          -0.900593,
          -0.420114,
          1.866767
        ],
        [
          0.0,
          0.0,
          0.0,
          1.0
        ]
      ]
    },
    {
      "file_path": "/media/NFS/ttao/scannet/posed_images/scene0251_00/00270.jpg",
      "transform_matrix": [
        [
          -0.016343,
          0.380944,
          -0.924453,
          5.248948
        ],
        [
          0.994979,
          -0.085108,
          -0.05266,
          6.077189
        ],
        [
          -0.098739,
          -0.920673,
          -0.377641,
          1.827382
        ],
        [
          0.0,
          0.0,
          0.0,
          1.0
        ]
      ]
    },
    {
      "file_path": "/media/NFS/ttao/scannet/posed_images/scene0251_00/00271.jpg",
      "transform_matrix": [
        [
          -0.01642,
          0.372038,
          -0.928072,
          5.236038
        ],
        [
          0.995311,
          -0.082404,
          -0.050643,
          6.072434
        ],
        [
          -0.095318,
          -0.924553,
          -0.36894,
          1.813165
        ],
        [
          0.0,
          0.0,
          0.0,
          1.0
        ]
      ]
    },
    {
      "file_path": "/media/NFS/ttao/scannet/posed_images/scene0251_00/00279.jpg",
      "transform_matrix": [
        [
          0.030338,
          0.310988,
          -0.94993,
          5.149429
        ],
        [
          0.996096,
          -0.088233,
          0.002927,
          6.004257
        ],
        [
          -0.082905,
          -0.94631,
          -0.31245,
          1.680381
        ],
        [
          0.0,
          0.0,
          0.0,
          1.0
        ]
      ]
    },
    {
      "file_path": "/media/NFS/ttao/scannet/posed_images/scene0251_00/00282.jpg",
      "transform_matrix": [
        [
          0.049085,
          0.294794,
          -0.954299,
          5.123287
        ],
        [
          0.995808,
          -0.088278,
          0.02395,
          5.964363
        ],
        [
          -0.077184,
          -0.951474,
          -0.297892,
          1.607377
        ],
        [
          0.0,
          0.0,
          0.0,
          1.0
        ]
      ]
    },
    {
      "file_path": "/media/NFS/ttao/scannet/posed_images/scene0251_00/00290.jpg",
      "transform_matrix": [
        [
          0.062687,
          0.238367,
          -0.96915,
          5.067367
        ],
        [
          0.995932,
          -0.077916,
          0.045255,
          5.8999
        ],
        [
          -0.064725,
          -0.968045,
          -0.242282,
          1.437655
        ],
        [
          0.0,
          0.0,
          0.0,
          1.0
        ]
      ]
    },
    {
      "file_path": "/media/NFS/ttao/scannet/posed_images/scene0251_00/00293.jpg",
      "transform_matrix": [
        [
          0.071209,
          0.213237,
          -0.974402,
          5.051657
        ],
        [
          0.995581,
          -0.075146,
          0.056312,
          5.883425
        ],
        [
          -0.061214,
          -0.974106,
          -0.217646,
          1.38442
        ],
        [
          0.0,
          0.0,
          0.0,
          1.0
        ]
      ]
    },
    {
      "file_path": "/media/NFS/ttao/scannet/posed_images/scene0251_00/00298.jpg",
      "transform_matrix": [
        [
          0.078028,
          0.189287,
          -0.978816,
          5.0332
        ],
        [
          0.995806,
          -0.06184,
          0.067423,
          5.855021
        ],
        [
          -0.047768,
          -0.979972,
          -0.193319,
          1.300196
        ],
        [
          0.0,
          0.0,
          0.0,
          1.0
        ]
      ]
    },
    {
      "file_path": "/media/NFS/ttao/scannet/posed_images/scene0251_00/00305.jpg",
      "transform_matrix": [
        [
          0.093688,
          0.181229,
          -0.978968,
          5.022287
        ],
        [
          0.994504,
          -0.063187,
          0.083478,
          5.833424
        ],
        [
          -0.046729,
          -0.981409,
          -0.186152,
          1.221514
        ],
        [
          0.0,
          0.0,
          0.0,
          1.0
        ]
      ]
    },
    {
      "file_path": "/media/NFS/ttao/scannet/posed_images/scene0251_00/00307.jpg",
      "transform_matrix": [
        [
          0.097979,
          0.175279,
          -0.979631,
          5.021297
        ],
        [
          0.994464,
          -0.054804,
          0.089657,
          5.827376
        ],
        [
          -0.037973,
          -0.982992,
          -0.179678,
          1.208683
        ],
        [
          0.0,
          0.0,
          0.0,
          1.0
        ]
      ]
    },
    {
      "file_path": "/media/NFS/ttao/scannet/posed_images/scene0251_00/00313.jpg",
      "transform_matrix": [
        [
          0.100514,
          0.156232,
          -0.982593,
          5.021989
        ],
        [
          0.994484,
          -0.045536,
          0.09449,
          5.802805
        ],
        [
          -0.029981,
          -0.98667,
          -0.159947,
          1.193835
        ],
        [
          0.0,
          0.0,
          0.0,
          1.0
        ]
      ]
    },
    {
      "file_path": "/media/NFS/ttao/scannet/posed_images/scene0251_00/00321.jpg",
      "transform_matrix": [
        [
          0.0786,
          0.186219,
          -0.979359,
          5.037346
        ],
        [
          0.996821,
          -0.027538,
          0.074765,
          5.778541
        ],
        [
          -0.013047,
          -0.982122,
          -0.187791,
          1.260187
        ],
        [
          0.0,
          0.0,
          0.0,
          1.0
        ]
      ]
    },
    {
      "file_path": "/media/NFS/ttao/scannet/posed_images/scene0251_00/00327.jpg",
      "transform_matrix": [
        [
          0.073964,
          0.220268,
          -0.972631,
          5.051166
        ],
        [
          0.99725,
          -0.011865,
          0.073149,
          5.764774
        ],
        [
          0.004572,
          -0.975367,
          -0.22054,
          1.373577
        ],
        [
          0.0,
          0.0,
          0.0,
          1.0
        ]
      ]
    },
    {
      "file_path": "/media/NFS/ttao/scannet/posed_images/scene0251_00/00328.jpg",
      "transform_matrix": [
        [
          0.072167,
          0.225578,
          -0.971548,
          5.049114
        ],
        [
          0.997352,
          -0.007574,
          0.072325,
          5.759734
        ],
        [
          0.008956,
          -0.974196,
          -0.225527,
          1.395662
        ],
        [
          0.0,
          0.0,
          0.0,
          1.0
        ]
      ]
    },
    {
      "file_path": "/media/NFS/ttao/scannet/posed_images/scene0251_00/00333.jpg",
      "transform_matrix": [
        [
          0.053468,
          0.265397,
          -0.962656,
          5.059255
        ],
        [
          0.998345,
          0.006234,
          0.057169,
          5.746033
        ],
        [
          0.021174,
          -0.964119,
          -0.264624,
          1.524084
        ],
        [
          0.0,
          0.0,
          0.0,
          1.0
        ]
      ]
    },
    {
      "file_path": "/media/NFS/ttao/scannet/posed_images/scene0251_00/00342.jpg",
      "transform_matrix": [
        [
          0.023816,
          0.342887,
          -0.939075,
          5.03682
        ],
        [
          0.999705,
          -0.012597,
          0.020754,
          5.694844
        ],
        [
          -0.004713,
          -0.939292,
          -0.343086,
          1.733459
        ],
        [
          0.0,
          0.0,
          0.0,
          1.0
        ]
      ]
    },
    {
      "file_path": "/media/NFS/ttao/scannet/posed_images/scene0251_00/00347.jpg",
      "transform_matrix": [
        [
          -0.00017,
          0.354244,
          -0.935153,
          4.996174
        ],
        [
          0.99981,
          -0.018187,
          -0.007071,
          5.653028
        ],
        [
          -0.019513,
          -0.934976,
          -0.354173,
          1.819133
        ],
        [
          0.0,
          0.0,
          0.0,
          1.0
        ]
      ]
    },
    {
      "file_path": "/media/NFS/ttao/scannet/posed_images/scene0251_00/00352.jpg",
      "transform_matrix": [
        [
          -0.031112,
          0.344422,
          -0.938299,
          4.931719
        ],
        [
          0.999173,
          -0.013883,
          -0.038227,
          5.604231
        ],
        [
          -0.026193,
          -0.938712,
          -0.343706,
          1.87997
        ],
        [
          0.0,
          0.0,
          0.0,
          1.0
        ]
      ]
    },
    {
      "file_path": "/media/NFS/ttao/scannet/posed_images/scene0251_00/00353.jpg",
      "transform_matrix": [
        [
          -0.038942,
          0.341571,
          -0.939049,
          4.915995
        ],
        [
          0.998951,
          -0.009368,
          -0.044833,
          5.588476
        ],
        [
          -0.024111,
          -0.939809,
          -0.340847,
          1.89199
        ],
        [
          0.0,
          0.0,
          0.0,
          1.0
        ]
      ]
    },
    {
      "file_path": "/media/NFS/ttao/scannet/posed_images/scene0251_00/00361.jpg",
      "transform_matrix": [
        [
          -0.109704,
          0.322138,
          -0.940315,
          4.782245
        ],
        [
          0.993962,
          0.033532,
          -0.104475,
          5.507096
        ],
        [
          -0.002125,
          -0.946099,
          -0.323872,
          1.95103
        ],
        [
          0.0,
          0.0,
          0.0,
          1.0
        ]
      ]
    },
    {
      "file_path": "/media/NFS/ttao/scannet/posed_images/scene0251_00/00367.jpg",
      "transform_matrix": [
        [
          -0.125304,
          0.325246,
          -0.937291,
          4.700496
        ],
        [
          0.992114,
          0.04384,
          -0.11742,
          5.4327
        ],
        [
          0.002901,
          -0.944613,
          -0.328174,
          1.965696
        ],
        [
          0.0,
          0.0,
          0.0,
          1.0
        ]
      ]
    },
    {
      "file_path": "/media/NFS/ttao/scannet/posed_images/scene0251_00/00370.jpg",
      "transform_matrix": [
        [
          -0.120892,
          0.32306,
          -0.938625,
          4.652837
        ],
        [
          0.992629,
          0.047469,
          -0.11151,
          5.398259
        ],
        [
          0.008531,
          -0.945187,
          -0.326418,
          1.975287
        ],
        [
          0.0,
          0.0,
          0.0,
          1.0
        ]
      ]
    },
    {
      "file_path": "/media/NFS/ttao/scannet/posed_images/scene0251_00/00378.jpg",
      "transform_matrix": [
        [
          -0.08055,
          0.330937,
          -0.940209,
          4.513408
        ],
        [
          0.996507,
          0.005905,
          -0.083294,
          5.279135
        ],
        [
          -0.022013,
          -0.943634,
          -0.330257,
          2.004387
        ],
        [
          0.0,
          0.0,
          0.0,
          1.0
        ]
      ]
    },
    {
      "file_path": "/media/NFS/ttao/scannet/posed_images/scene0251_00/00382.jpg",
      "transform_matrix": [
        [
          -0.054905,
          0.330787,
          -0.942107,
          4.452742
        ],
        [
          0.997055,
          -0.032433,
          -0.069495,
          5.224331
        ],
        [
          -0.053544,
          -0.943148,
          -0.328032,
          2.018682
        ],
        [
          0.0,
          0.0,
          0.0,
          1.0
        ]
      ]
    },
    {
      "file_path": "/media/NFS/ttao/scannet/posed_images/scene0251_00/00384.jpg",
      "transform_matrix": [
        [
          -0.0497,
          0.337657,
          -0.939956,
          4.415754
        ],
        [
          0.997122,
          -0.037165,
          -0.066073,
          5.197234
        ],
        [
          -0.057243,
          -0.940535,
          -0.334839,
          2.024639
        ],
        [
          0.0,
          0.0,
          0.0,
          1.0
        ]
      ]
    },
    {
      "file_path": "/media/NFS/ttao/scannet/posed_images/scene0251_00/00390.jpg",
      "transform_matrix": [
        [
          -0.057933,
          0.338172,
          -0.939299,
          4.309533
        ],
        [
          0.996864,
          -0.031204,
          -0.072718,
          5.119913
        ],
        [
          -0.053901,
          -0.940567,
          -0.335304,
          2.031118
        ],
        [
          0.0,
          0.0,
          0.0,
          1.0
        ]
      ]
    },
    {
      "file_path": "/media/NFS/ttao/scannet/posed_images/scene0251_00/00398.jpg",
      "transform_matrix": [
        [
          -0.08957,
          0.340135,
          -0.936101,
          4.144868
        ],
        [
          0.995553,
          0.003056,
          -0.094148,
          5.033206
        ],
        [
          -0.029162,
          -0.940372,
