{
  "frames": [
    {
      "file_path": "/media/NFS/ttao/scannet/posed_images/scene0558_00/00001.jpg",
      "transform_matrix": [
        [
          -0.738266,
          -0.399029,
          0.543819,
          4.682298
        ],
        [
          -0.672821,
          0.492661,
          -0.551903,
          4.0564
        ],
        [
          -0.047694,
          -0.773344,
          -0.63219,
          1.301125
        ],
        [
          0.0,
          0.0,
          0.0,
          1.0
        ]
      ]
    },
    {
      "file_path": "/media/NFS/ttao/scannet/posed_images/scene0558_00/00002.jpg",
      "transform_matrix": [
        [
          -0.738066,
          -0.398417,
          0.544538,
          4.682162
        ],
        [
          -0.672781,
          0.495839,
          -0.5491,
          4.052032
        ],
        [
          -0.051232,
          -0.771627,
          -0.634009,
          1.3012
        ],
        [
          0.0,
          0.0,
          0.0,
          1.0
        ]
      ]
    },
    {
      "file_path": "/media/NFS/ttao/scannet/posed_images/scene0558_00/00004.jpg",
      "transform_matrix": [
        [
          -0.739569,
          -0.39649,
          0.543905,
          4.684441
        ],
        [
          -0.670817,
          0.500398,
          -0.547363,
          4.043363
        ],
        [
          -0.055146,
          -0.769674,
          -0.636051,
          1.303704
        ],
        [
          0.0,
          0.0,
          0.0,
          1.0
        ]
      ]
    },
    {
      "file_path": "/media/NFS/ttao/scannet/posed_images/scene0558_00/00008.jpg",
      "transform_matrix": [
        [
          -0.742005,
          -0.388715,
          0.546195,
          4.692102
        ],
        [
          -0.667949,
          0.4982,
          -0.552849,
          4.025957
        ],
        [
          -0.057214,
          -0.775047,
          -0.629308,
          1.307451
        ],
        [
          0.0,
          0.0,
          0.0,
          1.0
        ]
      ]
    },
    {
      "file_path": "/media/NFS/ttao/scannet/posed_images/scene0558_00/00009.jpg",
      "transform_matrix": [
        [
          -0.742919,
          -0.388989,
          0.544756,
          4.695732
        ],
        [
          -0.666886,
          0.500318,
          -0.552219,
          4.022038
        ],
        [
          -0.057744,
          -0.773544,
          -0.631107,
          1.309475
        ],
        [
          0.0,
          0.0,
          0.0,
          1.0
        ]
      ]
    },
    {
      "file_path": "/media/NFS/ttao/scannet/posed_images/scene0558_00/00012.jpg",
      "transform_matrix": [
        [
          -0.745579,
          -0.390158,
          0.540267,
          4.705634
        ],
        [
          -0.664504,
          0.496635,
          -0.55838,
          4.007157
        ],
        [
          -0.050458,
          -0.775326,
          -0.629542,
          1.314092
        ],
        [
          0.0,
          0.0,
          0.0,
          1.0
        ]
      ]
    },
    {
      "file_path": "/media/NFS/ttao/scannet/posed_images/scene0558_00/00014.jpg",
      "transform_matrix": [
        [
          -0.751871,
          -0.379664,
          0.539023,
          4.719692
        ],
        [
          -0.657724,
          0.488612,
          -0.573287,
          3.995309
        ],
        [
          -0.045717,
          -0.785566,
          -0.617087,
          1.322569
        ],
        [
          0.0,
          0.0,
          0.0,
          1.0
        ]
      ]
    },
    {
      "file_path": "/media/NFS/ttao/scannet/posed_images/scene0558_00/00017.jpg",
      "transform_matrix": [
        [
          -0.756351,
          -0.355895,
          0.548883,
          4.731414
        ],
        [
          -0.651756,
          0.481936,
          -0.585621,
          3.982007
        ],
        [
          -0.056107,
          -0.800673,
          -0.596469,
          1.333165
        ],
        [
          0.0,
          0.0,
          0.0,
          1.0
        ]
      ]
    },
    {
      "file_path": "/media/NFS/ttao/scannet/posed_images/scene0558_00/00019.jpg",
      "transform_matrix": [
        [
          -0.753819,
          -0.341146,
          0.561584,
          4.737153
        ],
        [
          -0.654013,
          0.47206,
          -0.591124,
          3.975651
        ],
        [
          -0.063441,
          -0.812883,
          -0.578961,
          1.338986
        ],
        [
          0.0,
          0.0,
          0.0,
          1.0
        ]
      ]
    },
    {
      "file_path": "/media/NFS/ttao/scannet/posed_images/scene0558_00/00021.jpg",
      "transform_matrix": [
        [
          -0.746948,
          -0.347026,
          0.567135,
          4.750169
        ],
        [
          -0.662517,
          0.460365,
          -0.590877,
          3.967969
        ],
        [
          -0.056039,
          -0.817091,
          -0.573779,
          1.350344
        ],
        [
          0.0,
          0.0,
          0.0,
          1.0
        ]
      ]
    },
    {
      "file_path": "/media/NFS/ttao/scannet/posed_images/scene0558_00/00024.jpg",
      "transform_matrix": [
        [
          -0.734583,
          -0.336349,
          0.589285,
          4.753801
        ],
        [
          -0.677301,
          0.415513,
          -0.607135,
          3.957494
        ],
        [
          -0.040646,
          -0.845114,
          -0.533038,
          1.370266
        ],
        [
          0.0,
          0.0,
          0.0,
          1.0
        ]
      ]
    },
    {
      "file_path": "/media/NFS/ttao/scannet/posed_images/scene0558_00/00025.jpg",
      "transform_matrix": [
        [
          -0.730006,
          -0.327979,
          0.599601,
          4.752599
        ],
        [
          -0.682378,
          0.398692,
          -0.612703,
          3.957803
        ],
        [
          -0.038102,
          -0.856432,
          -0.514853,
          1.372943
        ],
        [
          0.0,
          0.0,
          0.0,
          1.0
        ]
      ]
    },
    {
      "file_path": "/media/NFS/ttao/scannet/posed_images/scene0558_00/00029.jpg",
      "transform_matrix": [
        [
          -0.70451,
          -0.299182,
          0.643549,
          4.739048
        ],
        [
          -0.708606,
          0.346731,
          -0.614537,
          3.946283
        ],
        [
          -0.039279,
          -0.88897,
          -0.456277,
          1.389157
        ],
        [
          0.0,
          0.0,
          0.0,
          1.0
        ]
      ]
    },
    {
      "file_path": "/media/NFS/ttao/scannet/posed_images/scene0558_00/00031.jpg",
      "transform_matrix": [
        [
          -0.692505,
          -0.29272,
          0.659357,
          4.73164
        ],
        [
          -0.720789,
          0.318761,
          -0.615512,
          3.949913
        ],
        [
          -0.030005,
          -0.901502,
          -0.431733,
          1.384148
        ],
        [
          0.0,
          0.0,
          0.0,
          1.0
        ]
      ]
    },
    {
      "file_path": "/media/NFS/ttao/scannet/posed_images/scene0558_00/00034.jpg",
      "transform_matrix": [
        [
          -0.683302,
          -0.287095,
          0.671323,
          4.723611
        ],
        [
          -0.729787,
          0.296952,
          -0.615817,
          3.943428
        ],
        [
          -0.022552,
          -0.910712,
          -0.412426,
          1.38952
        ],
        [
          0.0,
          0.0,
          0.0,
          1.0
        ]
      ]
    },
    {
      "file_path": "/media/NFS/ttao/scannet/posed_images/scene0558_00/00035.jpg",
      "transform_matrix": [
        [
          -0.680376,
          -0.284356,
          0.675449,
          4.720267
        ],
        [
          -0.732438,
          0.295237,
          -0.61349,
          3.941956
        ],
        [
          -0.024968,
          -0.912128,
          -0.409145,
          1.387965
        ],
        [
          0.0,
          0.0,
          0.0,
          1.0
        ]
      ]
    },
    {
      "file_path": "/media/NFS/ttao/scannet/posed_images/scene0558_00/00038.jpg",
      "transform_matrix": [
        [
          -0.677465,
          -0.280634,
          0.679916,
          4.727156
        ],
        [
          -0.735106,
          0.290593,
          -0.612515,
          3.951396
        ],
        [
          -0.025686,
          -0.914768,
          -0.403162,
          1.389093
        ],
        [
          0.0,
          0.0,
          0.0,
          1.0
        ]
      ]
    },
    {
      "file_path": "/media/NFS/ttao/scannet/posed_images/scene0558_00/00040.jpg",
      "transform_matrix": [
        [
          -0.666693,
          -0.283928,
          0.689134,
          4.714821
        ],
        [
          -0.744864,
          0.286586,
          -0.602533,
          3.946365
        ],
        [
          -0.02642,
          -0.915015,
          -0.402553,
          1.3852
        ],
        [
          0.0,
          0.0,
          0.0,
          1.0
        ]
      ]
    },
    {
      "file_path": "/media/NFS/ttao/scannet/posed_images/scene0558_00/00042.jpg",
      "transform_matrix": [
        [
          -0.655088,
          -0.302433,
          0.692383,
          4.710362
        ],
        [
          -0.75502,
          0.296428,
          -0.584872,
          3.945765
        ],
        [
          -0.028357,
          -0.905905,
          -0.422529,
          1.376272
        ],
        [
          0.0,
          0.0,
          0.0,
          1.0
        ]
      ]
    },
    {
      "file_path": "/media/NFS/ttao/scannet/posed_images/scene0558_00/00044.jpg",
      "transform_matrix": [
        [
          -0.641591,
          -0.33012,
          0.692374,
          4.708657
        ],
        [
          -0.766551,
          0.308401,
          -0.563283,
          3.943413
        ],
        [
          -0.027578,
          -0.892138,
          -0.450921,
          1.366643
        ],
        [
          0.0,
          0.0,
          0.0,
          1.0
        ]
      ]
    },
    {
      "file_path": "/media/NFS/ttao/scannet/posed_images/scene0558_00/00047.jpg",
      "transform_matrix": [
        [
          -0.616777,
          -0.368498,
          0.695554,
          4.705894
        ],
        [
          -0.786822,
          0.313668,
          -0.53153,
          3.94363
        ],
        [
          -0.022305,
          -0.875113,
          -0.483405,
          1.348933
        ],
        [
          0.0,
          0.0,
          0.0,
          1.0
        ]
      ]
    },
    {
      "file_path": "/media/NFS/ttao/scannet/posed_images/scene0558_00/00050.jpg",
      "transform_matrix": [
        [
          -0.585976,
          -0.409602,
          0.699184,
          4.701136
        ],
        [
          -0.810089,
          0.317097,
          -0.493158,
          3.945498
        ],
        [
          -0.01971,
          -0.85538,
          -0.517626,
          1.327101
        ],
        [
          0.0,
          0.0,
          0.0,
          1.0
        ]
      ]
    },
    {
      "file_path": "/media/NFS/ttao/scannet/posed_images/scene0558_00/00053.jpg",
      "transform_matrix": [
        [
          -0.557429,
          -0.449508,
          0.698008,
          4.700502
        ],
        [
          -0.830155,
          0.312682,
          -0.461599,
          3.94938
        ],
        [
          -0.010762,
          -0.836763,
          -0.547459,
          1.30977
        ],
        [
          0.0,
          0.0,
          0.0,
          1.0
        ]
      ]
    },
    {
      "file_path": "/media/NFS/ttao/scannet/posed_images/scene0558_00/00054.jpg",
      "transform_matrix": [
        [
          -0.548023,
          -0.461102,
          0.697893,
          4.69958
        ],
        [
          -0.836426,
          0.309983,
          -0.451999,
          3.950191
        ],
        [
          -0.007917,
          -0.831442,
          -0.555556,
          1.304764
        ],
        [
          0.0,
          0.0,
          0.0,
          1.0
        ]
      ]
    },
    {
      "file_path": "/media/NFS/ttao/scannet/posed_images/scene0558_00/00057.jpg",
      "transform_matrix": [
        [
          -0.51923,
          -0.493188,
          0.697972,
          4.696514
        ],
        [
          -0.854634,
          0.300781,
          -0.42324,
          3.955238
        ],
        [
          -0.0012,
          -0.81627,
          -0.57767,
          1.287162
        ],
        [
          0.0,
          0.0,
          0.0,
          1.0
        ]
      ]
    },
    {
      "file_path": "/media/NFS/ttao/scannet/posed_images/scene0558_00/00060.jpg",
      "transform_matrix": [
        [
          -0.496543,
          -0.526453,
          0.690139,
          4.697922
        ],
        [
          -0.868011,
          0.302076,
          -0.394089,
          3.957729
        ],
        [
          -0.001005,
          -0.794731,
          -0.606961,
          1.272894
        ],
        [
          0.0,
          0.0,
          0.0,
          1.0
        ]
      ]
    },
    {
      "file_path": "/media/NFS/ttao/scannet/posed_images/scene0558_00/00061.jpg",
      "transform_matrix": [
        [
          -0.489893,
          -0.533637,
          0.689374,
          4.695077
        ],
        [
          -0.871777,
          0.302686,
          -0.385209,
          3.958412
        ],
        [
          -0.003102,
          -0.789692,
          -0.613496,
          1.264774
        ],
        [
          0.0,
          0.0,
          0.0,
          1.0
        ]
      ]
    },
    {
      "file_path": "/media/NFS/ttao/scannet/posed_images/scene0558_00/00064.jpg",
      "transform_matrix": [
        [
          -0.467283,
          -0.557358,
          0.686293,
          4.693074
        ],
        [
          -0.883876,
          0.312277,
          -0.348203,
          3.957116
        ],
        [
          -0.02024,
          -0.769308,
          -0.638558,
          1.255275
        ],
        [
          0.0,
          0.0,
          0.0,
          1.0
        ]
      ]
    },
    {
      "file_path": "/media/NFS/ttao/scannet/posed_images/scene0558_00/00066.jpg",
      "transform_matrix": [
        [
          -0.450434,
          -0.566994,
          0.689657,
          4.693991
        ],
        [
          -0.892528,
          0.305365,
          -0.331882,
          3.959887
        ],
        [
          -0.022422,
          -0.765029,
          -0.643605,
          1.252523
        ],
        [
          0.0,
          0.0,
          0.0,
          1.0
        ]
      ]
    },
    {
      "file_path": "/media/NFS/ttao/scannet/posed_images/scene0558_00/00068.jpg",
      "transform_matrix": [
        [
          -0.431146,
          -0.572934,
          0.697037,
          4.697919
        ],
        [
          -0.902107,
          0.288963,
          -0.320474,
          3.963756
        ],
        [
          -0.017808,
          -0.766973,
          -0.641433,
          1.253153
        ],
        [
          0.0,
          0.0,
          0.0,
          1.0
        ]
      ]
    },
    {
      "file_path": "/media/NFS/ttao/scannet/posed_images/scene0558_00/00071.jpg",
      "transform_matrix": [
        [
          -0.40391,
          -0.576841,
          0.710008,
          4.709881
        ],
        [
          -0.914681,
          0.267113,
          -0.303331,
          3.972625
        ],
        [
          -0.014678,
          -0.771949,
          -0.635515,
          1.266913
        ],
        [
          0.0,
          0.0,
          0.0,
          1.0
        ]
      ]
    },
    {
      "file_path": "/media/NFS/ttao/scannet/posed_images/scene0558_00/00072.jpg",
      "transform_matrix": [
        [
          -0.397601,
          -0.573036,
          0.716619,
          4.718011
        ],
        [
          -0.917441,
          0.260751,
          -0.300516,
          3.975894
        ],
        [
          -0.014653,
          -0.776942,
          -0.629402,
          1.275541
        ],
        [
          0.0,
          0.0,
          0.0,
          1.0
        ]
      ]
    },
    {
      "file_path": "/media/NFS/ttao/scannet/posed_images/scene0558_00/00076.jpg",
      "transform_matrix": [
        [
          -0.372168,
          -0.534413,
          0.758876,
          4.74489
        ],
        [
          -0.927967,
          0.231152,
          -0.292312,
          3.987487
        ],
        [
          -0.019201,
          -0.813001,
          -0.581945,
          1.303306
        ],
        [
          0.0,
          0.0,
          0.0,
          1.0
        ]
      ]
    },
    {
      "file_path": "/media/NFS/ttao/scannet/posed_images/scene0558_00/00079.jpg",
      "transform_matrix": [
        [
          -0.354115,
          -0.512643,
          0.782176,
          4.767989
        ],
        [
          -0.935073,
          0.207958,
          -0.287039,
          3.999212
        ],
        [
          -0.015511,
          -0.833037,
          -0.553,
          1.322667
        ],
        [
          0.0,
          0.0,
          0.0,
          1.0
        ]
      ]
    },
    {
      "file_path": "/media/NFS/ttao/scannet/posed_images/scene0558_00/00080.jpg",
      "transform_matrix": [
        [
          -0.354572,
          -0.498864,
          0.790831,
          4.774112
        ],
        [
          -0.934979,
          0.197905,
          -0.294361,
          4.015929
        ],
        [
          -0.009663,
          -0.843782,
          -0.536599,
          1.315402
        ],
        [
          0.0,
          0.0,
          0.0,
          1.0
        ]
      ]
    },
    {
      "file_path": "/media/NFS/ttao/scannet/posed_images/scene0558_00/00083.jpg",
      "transform_matrix": [
        [
          -0.338522,
          -0.480652,
          0.808936,
          4.796138
        ],
        [
          -0.940947,
          0.17715,
          -0.288507,
          4.030529
        ],
        [
          -0.004632,
          -0.858832,
          -0.512237,
          1.328814
        ],
        [
          0.0,
          0.0,
          0.0,
          1.0
        ]
      ]
    },
    {
      "file_path": "/media/NFS/ttao/scannet/posed_images/scene0558_00/00086.jpg",
      "transform_matrix": [
        [
          -0.311484,
          -0.464521,
          0.828974,
          4.823456
        ],
        [
          -0.950251,
          0.151911,
          -0.271929,
          4.049886
        ],
        [
          0.000387,
          -0.872436,
          -0.488729,
          1.340349
        ],
        [
          0.0,
          0.0,
          0.0,
          1.0
        ]
      ]
    },
    {
      "file_path": "/media/NFS/ttao/scannet/posed_images/scene0558_00/00088.jpg",
      "transform_matrix": [
        [
          -0.29843,
          -0.460791,
          0.83583,
          4.8364
        ],
        [
          -0.954429,
          0.142008,
          -0.262487,
          4.059375
        ],
        [
          0.002257,
          -0.876074,
          -0.482171,
          1.345965
        ],
        [
          0.0,
          0.0,
          0.0,
          1.0
        ]
      ]
    },
    {
      "file_path": "/media/NFS/ttao/scannet/posed_images/scene0558_00/00090.jpg",
      "transform_matrix": [
        [
          -0.28632,
          -0.462589,
          0.839066,
          4.848033
        ],
        [
          -0.958131,
          0.135845,
          -0.252055,
          4.07034
        ],
        [
          0.002615,
          -0.876104,
          -0.482116,
          1.348038
        ],
        [
          0.0,
          0.0,
          0.0,
          1.0
        ]
      ]
    },
    {
      "file_path": "/media/NFS/ttao/scannet/posed_images/scene0558_00/00091.jpg",
      "transform_matrix": [
        [
          -0.277254,
          -0.465425,
          0.840541,
          4.851976
        ],
        [
          -0.960795,
          0.132762,
          -0.243407,
          4.073936
        ],
        [
          0.001696,
          -0.875074,
          -0.483986,
          1.347067
        ],
        [
          0.0,
          0.0,
          0.0,
          1.0
        ]
      ]
    },
    {
      "file_path": "/media/NFS/ttao/scannet/posed_images/scene0558_00/00094.jpg",
      "transform_matrix": [
        [
          -0.246589,
          -0.495212,
          0.833042,
          4.866008
        ],
        [
          -0.969091,
          0.119354,
          -0.21591,
          4.086515
        ],
        [
          0.007494,
          -0.860534,
          -0.509337,
          1.338347
        ],
        [
          0.0,
          0.0,
          0.0,
          1.0
        ]
      ]
    },
    {
      "file_path": "/media/NFS/ttao/scannet/posed_images/scene0558_00/00096.jpg",
      "transform_matrix": [
        [
          -0.221471,
          -0.523913,
          0.822475,
          4.875541
        ],
        [
          -0.975128,
          0.111488,
          -0.191559,
          4.092235
        ],
        [
          0.008664,
          -0.844444,
          -0.535574,
          1.323657
        ],
        [
          0.0,
          0.0,
          0.0,
          1.0
        ]
      ]
    },
    {
      "file_path": "/media/NFS/ttao/scannet/posed_images/scene0558_00/00100.jpg",
      "transform_matrix": [
        [
          -0.169291,
          -0.582309,
          0.795146,
          4.894719
        ],
        [
          -0.985473,
          0.11113,
          -0.128428,
          4.088154
        ],
        [
          -0.013579,
          -0.805336,
          -0.592663,
          1.28671
        ],
        [
          0.0,
          0.0,
          0.0,
          1.0
        ]
      ]
    },
    {
      "file_path": "/media/NFS/ttao/scannet/posed_images/scene0558_00/00102.jpg",
      "transform_matrix": [
        [
          -0.136305,
          -0.607109,
          0.782841,
          4.901272
        ],
        [
          -0.990559,
          0.095154,
          -0.098678,
          4.089398
        ],
        [
          -0.014582,
          -0.788901,
          -0.614347,
          1.271102
        ],
        [
          0.0,
          0.0,
          0.0,
          1.0
        ]
      ]
    },
    {
      "file_path": "/media/NFS/ttao/scannet/posed_images/scene0558_00/00103.jpg",
      "transform_matrix": [
        [
          -0.119394,
          -0.614195,
          0.78007,
          4.903269
        ],
        [
          -0.992747,
          0.085014,
          -0.085009,
          4.090163
        ],
        [
          -0.014105,
          -0.784561,
          -0.619891,
          1.263154
        ],
        [
          0.0,
          0.0,
          0.0,
          1.0
        ]
      ]
    },
    {
      "file_path": "/media/NFS/ttao/scannet/posed_images/scene0558_00/00105.jpg",
      "transform_matrix": [
        [
          -0.08112,
          -0.632508,
          0.770294,
          4.90894
        ],
        [
          -0.996626,
          0.061148,
          -0.054745,
          4.08779
        ],
        [
          -0.012476,
          -0.772136,
          -0.635335,
          1.250301
        ],
        [
          0.0,
          0.0,
          0.0,
          1.0
        ]
      ]
    },
    {
      "file_path": "/media/NFS/ttao/scannet/posed_images/scene0558_00/00109.jpg",
      "transform_matrix": [
        [
          -0.004908,
          -0.663086,
          0.748527,
          4.91744
        ],
        [
          -0.999906,
          0.012812,
          0.004793,
          4.078793
        ],
        [
          -0.012769,
          -0.748433,
          -0.663087,
          1.22888
        ],
        [
          0.0,
          0.0,
          0.0,
          1.0
        ]
      ]
    },
    {
      "file_path": "/media/NFS/ttao/scannet/posed_images/scene0558_00/00111.jpg",
      "transform_matrix": [
        [
          0.031509,
          -0.669408,
          0.742226,
          4.924078
        ],
        [
          -0.999484,
          -0.016521,
          0.02753,
          4.089392
        ],
        [
          -0.006167,
          -0.742711,
          -0.669583,
          1.226306
        ],
        [
          0.0,
          0.0,
          0.0,
          1.0
        ]
      ]
    },
    {
      "file_path": "/media/NFS/ttao/scannet/posed_images/scene0558_00/00112.jpg",
      "transform_matrix": [
        [
          0.052459,
          -0.666132,
          0.743987,
          4.925268
        ],
        [
          -0.998592,
          -0.029147,
          0.044314,
          4.086139
        ],
        [
          -0.007834,
          -0.745264,
          -0.666723,
          1.225427
        ],
        [
          0.0,
          0.0,
          0.0,
          1.0
        ]
      ]
    },
    {
      "file_path": "/media/NFS/ttao/scannet/posed_images/scene0558_00/00115.jpg",
      "transform_matrix": [
        [
          0.11694,
          -0.649729,
          0.751117,
          4.934387
        ],
        [
          -0.993036,
          -0.065634,
          0.097829,
          4.075584
        ],
        [
          -0.014263,
          -0.757327,
          -0.65288,
          1.236701
        ],
        [
          0.0,
          0.0,
          0.0,
          1.0
        ]
      ]
    },
    {
      "file_path": "/media/NFS/ttao/scannet/posed_images/scene0558_00/00119.jpg",
      "transform_matrix": [
        [
          0.200324,
          -0.593004,
          0.779882,
          4.942271
        ],
        [
          -0.979657,
          -0.111562,
          0.16681,
          4.071616
        ],
        [
          -0.011914,
          -0.797433,
          -0.60329,
          1.270601
        ],
        [
          0.0,
          0.0,
          0.0,
          1.0
        ]
      ]
    },
    {
      "file_path": "/media/NFS/ttao/scannet/posed_images/scene0558_00/00121.jpg",
      "transform_matrix": [
        [
          0.232585,
          -0.553769,
          0.799527,
          4.938777
        ],
        [
          -0.972502,
          -0.122239,
          0.198238,
          4.07374
        ],
        [
          -0.012045,
          -0.823649,
          -0.566972,
          1.283752
        ],
        [
          0.0,
          0.0,
          0.0,
          1.0
        ]
      ]
    },
    {
      "file_path": "/media/NFS/ttao/scannet/posed_images/scene0558_00/00123.jpg",
      "transform_matrix": [
        [
          0.264726,
          -0.515887,
          0.814727,
          4.940028
        ],
        [
          -0.964266,
          -0.132402,
          0.229478,
          4.072735
        ],
        [
          -0.010513,
          -0.846363,
          -0.532503,
          1.303958
        ],
        [
          0.0,
          0.0,
          0.0,
          1.0
        ]
      ]
    },
    {
      "file_path": "/media/NFS/ttao/scannet/posed_images/scene0558_00/00126.jpg",
      "transform_matrix": [
        [
          0.299663,
          -0.467391,
          0.831714,
          4.94169
        ],
        [
          -0.953948,
          -0.134323,
          0.268219,
          4.076175
        ],
        [
          -0.013644,
          -0.873787,
          -0.486118,
          1.334857
        ],
        [
          0.0,
          0.0,
          0.0,
          1.0
        ]
      ]
    },
    {
      "file_path": "/media/NFS/ttao/scannet/posed_images/scene0558_00/00127.jpg",
      "transform_matrix": [
        [
          0.309086,
          -0.451717,
          0.836909,
          4.941395
        ],
        [
          -0.950903,
          -0.132203,
          0.279831,
          4.076204
        ],
        [
          -0.015763,
          -0.882312,
          -0.470402,
          1.341786
        ],
        [
          0.0,
          0.0,
          0.0,
          1.0
        ]
      ]
    },
    {
      "file_path": "/media/NFS/ttao/scannet/posed_images/scene0558_00/00130.jpg",
      "transform_matrix": [
        [
          0.327336,
          -0.430851,
          0.840963,
          4.948351
        ],
        [
          -0.944787,
          -0.134985,
          0.298592,
          4.101882
        ],
        [
          -0.015131,
          -0.892271,
          -0.451248,
          1.372978
        ],
        [
          0.0,
          0.0,
          0.0,
          1.0
        ]
      ]
    },
    {
      "file_path": "/media/NFS/ttao/scannet/posed_images/scene0558_00/00133.jpg",
      "transform_matrix": [
        [
          0.350513,
          -0.404942,
          0.844489,
          4.947733
        ],
        [
          -0.936311,
          -0.130821,
          0.325895,
          4.114943
        ],
        [
          -0.021491,
          -0.904935,
          -0.425006,
          1.392568
        ],
        [
          0.0,
          0.0,
          0.0,
          1.0
        ]
      ]
    },
    {
      "file_path": "/media/NFS/ttao/scannet/posed_images/scene0558_00/00135.jpg",
      "transform_matrix": [
        [
          0.364365,
          -0.384734,
          0.848067,
          4.945507
        ],
        [
          -0.931014,
          -0.129732,
          0.341149,
          4.124614
        ],
        [
          -0.021231,
          -0.913865,
          -0.405463,
          1.401841
        ],
        [
          0.0,
          0.0,
          0.0,
          1.0
        ]
      ]
    },
    {
      "file_path": "/media/NFS/ttao/scannet/posed_images/scene0558_00/00136.jpg",
      "transform_matrix": [
        [
          0.371891,
          -0.374263,
          0.849484,
          4.943483
        ],
        [
          -0.928105,
          -0.132316,
          0.348014,
          4.129159
        ],
        [
          -0.017848,
          -0.917834,
          -0.396563,
          1.405663
        ],
        [
          0.0,
          0.0,
          0.0,
          1.0
        ]
      ]
    },
    {
      "file_path": "/media/NFS/ttao/scannet/posed_images/scene0558_00/00140.jpg",
      "transform_matrix": [
        [
          0.400596,
          -0.337245,
          0.851932,
          4.933276
        ],
        [
          -0.916248,
          -0.143873,
          0.373885,
          4.151196
        ],
        [
          -0.00352,
          -0.930358,
          -0.366635,
          1.414445
        ],
        [
          0.0,
          0.0,
          0.0,
          1.0
        ]
      ]
    },
    {
      "file_path": "/media/NFS/ttao/scannet/posed_images/scene0558_00/00142.jpg",
      "transform_matrix": [
        [
          0.413392,
          -0.337089,
          0.845859,
          4.930737
        ],
        [
          -0.91054,
          -0.147968,
          0.386035,
          4.16424
        ],
        [
          -0.004968,
          -0.929772,
          -0.368102,
          1.414414
        ],
        [
          0.0,
          0.0,
          0.0,
          1.0
        ]
      ]
    },
    {
      "file_path": "/media/NFS/ttao/scannet/posed_images/scene0558_00/00143.jpg",
      "transform_matrix": [
        [
          0.419392,
          -0.339594,
          0.841894,
          4.928577
        ],
        [
          -0.907788,
          -0.151118,
          0.39126,
          4.170821
        ],
        [
          -0.005644,
          -0.928353,
          -0.371658,
          1.410879
        ],
        [
          0.0,
          0.0,
          0.0,
          1.0
        ]
      ]
    },
    {
      "file_path": "/media/NFS/ttao/scannet/posed_images/scene0558_00/00147.jpg",
      "transform_matrix": [
        [
          0.442903,
          -0.365641,
          0.818623,
          4.926553
        ],
        [
          -0.896563,
          -0.184009,
          0.402884,
          4.200702
        ],
        [
          0.003323,
          -0.912386,
          -0.409318,
          1.394114
        ],
        [
          0.0,
          0.0,
          0.0,
          1.0
        ]
      ]
    },
    {
      "file_path": "/media/NFS/ttao/scannet/posed_images/scene0558_00/00149.jpg",
      "transform_matrix": [
        [
          0.463268,
          -0.377659,
          0.801721,
          4.922113
        ],
        [
          -0.886169,
          -0.206963,
          0.414573,
          4.223039
        ],
        [
          0.009359,
          -0.902519,
          -0.430548,
          1.374702
        ],
        [
          0.0,
          0.0,
          0.0,
          1.0
        ]
      ]
    },
    {
      "file_path": "/media/NFS/ttao/scannet/posed_images/scene0558_00/00150.jpg",
      "transform_matrix": [
        [
          0.474186,
          -0.37852,
          0.794902,
          4.919905
        ],
        [
          -0.880361,
          -0.21467,
          0.422943,
          4.225092
        ],
        [
          0.010549,
          -0.900355,
          -0.435028,
          1.365916
        ],
        [
          0.0,
          0.0,
          0.0,
          1.0
        ]
      ]
    },
    {
      "file_path": "/media/NFS/ttao/scannet/posed_images/scene0558_00/00154.jpg",
      "transform_matrix": [
        [
          0.496459,
          -0.389072,
          0.775984,
          4.9127
        ],
        [
          -0.867307,
          -0.259564,
          0.424742,
          4.252355
        ],
        [
          0.036162,
          -0.883883,
          -0.466308,
          1.338729
        ],
        [
          0.0,
          0.0,
          0.0,
          1.0
        ]
      ]
    },
    {
      "file_path": "/media/NFS/ttao/scannet/posed_images/scene0558_00/00155.jpg",
      "transform_matrix": [
        [
          0.500771,
          -0.393197,
          0.771119,
          4.911365
        ],
        [
          -0.864484,
          -0.272,
          0.422709,
          4.258442
        ],
        [
          0.043536,
          -0.878301,
          -0.476122,
          1.330405
        ],
        [
          0.0,
          0.0,
          0.0,
          1.0
        ]
      ]
    },
    {
      "file_path": "/media/NFS/ttao/scannet/posed_images/scene0558_00/00159.jpg",
      "transform_matrix": [
        [
          0.516841,
          -0.417468,
          0.747393,
          4.906552
        ],
        [
          -0.853642,
          -0.317186,
          0.413145,
          4.279613
        ],
        [
          0.064588,
          -0.851536,
          -0.520303,
          1.298828
        ],
        [
          0.0,
          0.0,
          0.0,
          1.0
        ]
      ]
    },
    {
      "file_path": "/media/NFS/ttao/scannet/posed_images/scene0558_00/00160.jpg",
      "transform_matrix": [
        [
          0.525114,
          -0.424555,
          0.737569,
          4.908878
        ],
        [
          -0.84859,
          -0.326815,
          0.416036,
          4.276805
        ],
        [
          0.064418,
          -0.84436,
          -0.531889,
          1.2866
        ],
        [
          0.0,
          0.0,
          0.0,
          1.0
        ]
      ]
    },
    {
      "file_path": "/media/NFS/ttao/scannet/posed_images/scene0558_00/00162.jpg",
      "transform_matrix": [
        [
          0.533892,
          -0.437472,
          0.723586,
          4.906487
        ],
        [
          -0.842664,
          -0.34596,
          0.412589,
          4.281306
        ],
        [
          0.069836,
          -0.830018,
          -0.553348,
          1.268783
        ],
        [
          0.0,
          0.0,
          0.0,
          1.0
        ]
      ]
    },
    {
      "file_path": "/media/NFS/ttao/scannet/posed_images/scene0558_00/00165.jpg",
      "transform_matrix": [
        [
          0.548597,
          -0.450396,
          0.704403,
          4.904057
        ],
        [
          -0.833271,
          -0.363615,
          0.416465,
          4.288156
        ],
        [
          0.068557,
          -0.815431,
          -0.57478,
          1.248549
        ],
        [
          0.0,
          0.0,
          0.0,
          1.0
        ]
      ]
    },
    {
      "file_path": "/media/NFS/ttao/scannet/posed_images/scene0558_00/00168.jpg",
      "transform_matrix": [
        [
          0.565648,
          -0.461674,
          0.6833,
          4.904258
        ],
        [
          -0.822314,
          -0.378056,
          0.425292,
          4.296221
        ],
        [
          0.061979,
          -0.802453,
          -0.593488,
          1.239089
        ],
        [
          0.0,
          0.0,
          0.0,
          1.0
        ]
      ]
    },
    {
      "file_path": "/media/NFS/ttao/scannet/posed_images/scene0558_00/00169.jpg",
      "transform_matrix": [
        [
          0.57245,
          -0.459084,
          0.679369,
          4.904253
        ],
        [
          -0.817666,
          -0.381286,
          0.431328,
          4.299592
        ],
        [
          0.061018,
          -0.802411,
          -0.593645,
          1.240979
        ],
        [
          0.0,
          0.0,
          0.0,
          1.0
        ]
      ]
    },
    {
      "file_path": "/media/NFS/ttao/scannet/posed_images/scene0558_00/00171.jpg",
      "transform_matrix": [
        [
          0.593043,
          -0.438709,
          0.675155,
          4.907839
        ],
        [
          -0.802885,
          -0.385339,
          0.45485,
          4.305924
        ],
        [
          0.060617,
          -0.811818,
          -0.580756,
          1.252132
        ],
        [
          0.0,
          0.0,
          0.0,
          1.0
        ]
      ]
    },
    {
      "file_path": "/media/NFS/ttao/scannet/posed_images/scene0558_00/00175.jpg",
      "transform_matrix": [
        [
          0.639169,
          -0.358465,
          0.680415,
          4.911328
        ],
        [
          -0.766316,
          -0.371612,
          0.524084,
          4.311544
        ],
        [
          0.064985,
          -0.856392,
          -0.512221,
          1.283936
        ],
        [
          0.0,
          0.0,
          0.0,
          1.0
        ]
      ]
    },
    {
      "file_path": "/media/NFS/ttao/scannet/posed_images/scene0558_00/00176.jpg",
      "transform_matrix": [
        [
          0.652124,
          -0.342366,
          0.676402,
          4.912712
        ],
        [
          -0.755388,
          -0.369021,
          0.541491,
          4.311207
        ],
        [
          0.064218,
          -0.864065,
          -0.499267,
          1.292733
        ],
        [
          0.0,
          0.0,
          0.0,
          1.0
        ]
      ]
    },
    {
      "file_path": "/media/NFS/ttao/scannet/posed_images/scene0558_00/00180.jpg",
      "transform_matrix": [
        [
          0.714089,
          -0.268527,
          0.646506,
          4.926839
        ],
        [
          -0.697875,
          -0.34588,
          0.627166,
          4.302742
        ],
        [
          0.055203,
          -0.899033,
          -0.434387,
          1.334828
        ],
        [
          0.0,
          0.0,
          0.0,
          1.0
        ]
      ]
    },
    {
      "file_path": "/media/NFS/ttao/scannet/posed_images/scene0558_00/00181.jpg",
      "transform_matrix": [
        [
          0.723146,
          -0.257277,
          0.64099,
          4.928283
        ],
        [
          -0.688579,
          -0.341131,
          0.639913,
          4.301941
