{
  "frames": [
    {
      "file_path": "/media/NFS/ttao/scannet/posed_images/scene0482_00/00000.jpg",
      "transform_matrix": [
        [
          0.080418,
          0.645246,
          -0.759731,
          4.470188
        ],
        [
          0.996526,
          -0.035486,
          0.075345,
          2.305309
        ],
        [
          0.021657,
          -0.76315,
          -0.645858,
          1.264628
        ],
        [
          0.0,
          0.0,
          0.0,
          1.0
        ]
      ]
    },
    {
      "file_path": "/media/NFS/ttao/scannet/posed_images/scene0482_00/00003.jpg",
      "transform_matrix": [
        [
          0.113357,
          0.630818,
          -0.767606,
          4.456066
        ],
        [
          0.99342,
          -0.059251,
          0.098012,
          2.289436
        ],
        [
          0.016347,
          -0.773666,
          -0.633383,
          1.261958
        ],
        [
          0.0,
          0.0,
          0.0,
          1.0
        ]
      ]
    },
    {
      "file_path": "/media/NFS/ttao/scannet/posed_images/scene0482_00/00006.jpg",
      "transform_matrix": [
        [
          0.122395,
          0.638418,
          -0.759897,
          4.429076
        ],
        [
          0.992275,
          -0.063112,
          0.106801,
          2.262611
        ],
        [
          0.020225,
          -0.767098,
          -0.641211,
          1.268455
        ],
        [
          0.0,
          0.0,
          0.0,
          1.0
        ]
      ]
    },
    {
      "file_path": "/media/NFS/ttao/scannet/posed_images/scene0482_00/00013.jpg",
      "transform_matrix": [
        [
          0.160495,
          0.598932,
          -0.784552,
          4.376391
        ],
        [
          0.986713,
          -0.117697,
          0.112,
          2.241215
        ],
        [
          -0.025259,
          -0.792103,
          -0.609864,
          1.288203
        ],
        [
          0.0,
          0.0,
          0.0,
          1.0
        ]
      ]
    },
    {
      "file_path": "/media/NFS/ttao/scannet/posed_images/scene0482_00/00015.jpg",
      "transform_matrix": [
        [
          0.150909,
          0.585258,
          -0.796681,
          4.359999
        ],
        [
          0.988264,
          -0.108626,
          0.107399,
          2.236629
        ],
        [
          -0.023684,
          -0.803538,
          -0.594782,
          1.295319
        ],
        [
          0.0,
          0.0,
          0.0,
          1.0
        ]
      ]
    },
    {
      "file_path": "/media/NFS/ttao/scannet/posed_images/scene0482_00/00019.jpg",
      "transform_matrix": [
        [
          0.135388,
          0.542648,
          -0.828978,
          4.328104
        ],
        [
          0.990684,
          -0.086521,
          0.105161,
          2.224814
        ],
        [
          -0.014659,
          -0.835493,
          -0.549307,
          1.304151
        ],
        [
          0.0,
          0.0,
          0.0,
          1.0
        ]
      ]
    },
    {
      "file_path": "/media/NFS/ttao/scannet/posed_images/scene0482_00/00020.jpg",
      "transform_matrix": [
        [
          0.134416,
          0.539179,
          -0.831395,
          4.316659
        ],
        [
          0.99087,
          -0.082003,
          0.107019,
          2.221895
        ],
        [
          -0.010475,
          -0.838189,
          -0.545279,
          1.30538
        ],
        [
          0.0,
          0.0,
          0.0,
          1.0
        ]
      ]
    },
    {
      "file_path": "/media/NFS/ttao/scannet/posed_images/scene0482_00/00026.jpg",
      "transform_matrix": [
        [
          0.078207,
          0.524513,
          -0.847803,
          4.230968
        ],
        [
          0.996502,
          -0.066264,
          0.050929,
          2.214082
        ],
        [
          -0.029466,
          -0.84882,
          -0.52786,
          1.319269
        ],
        [
          0.0,
          0.0,
          0.0,
          1.0
        ]
      ]
    },
    {
      "file_path": "/media/NFS/ttao/scannet/posed_images/scene0482_00/00029.jpg",
      "transform_matrix": [
        [
          0.051257,
          0.499941,
          -0.864541,
          4.172211
        ],
        [
          0.998509,
          -0.041947,
          0.034943,
          2.209609
        ],
        [
          -0.018796,
          -0.865043,
          -0.501346,
          1.336285
        ],
        [
          0.0,
          0.0,
          0.0,
          1.0
        ]
      ]
    },
    {
      "file_path": "/media/NFS/ttao/scannet/posed_images/scene0482_00/00030.jpg",
      "transform_matrix": [
        [
          0.047604,
          0.486626,
          -0.872312,
          4.149422
        ],
        [
          0.998791,
          -0.033938,
          0.035574,
          2.205341
        ],
        [
          -0.012293,
          -0.872951,
          -0.487653,
          1.33751
        ],
        [
          0.0,
          0.0,
          0.0,
          1.0
        ]
      ]
    },
    {
      "file_path": "/media/NFS/ttao/scannet/posed_images/scene0482_00/00037.jpg",
      "transform_matrix": [
        [
          -0.020415,
          0.438632,
          -0.898435,
          4.03403
        ],
        [
          0.999601,
          -0.008582,
          -0.026903,
          2.193841
        ],
        [
          -0.019511,
          -0.898626,
          -0.438282,
          1.366273
        ],
        [
          0.0,
          0.0,
          0.0,
          1.0
        ]
      ]
    },
    {
      "file_path": "/media/NFS/ttao/scannet/posed_images/scene0482_00/00040.jpg",
      "transform_matrix": [
        [
          -0.065298,
          0.414145,
          -0.907866,
          3.999652
        ],
        [
          0.997805,
          0.017074,
          -0.063978,
          2.181234
        ],
        [
          -0.010995,
          -0.910051,
          -0.414351,
          1.375783
        ],
        [
          0.0,
          0.0,
          0.0,
          1.0
        ]
      ]
    },
    {
      "file_path": "/media/NFS/ttao/scannet/posed_images/scene0482_00/00041.jpg",
      "transform_matrix": [
        [
          -0.075749,
          0.407682,
          -0.909977,
          3.982951
        ],
        [
          0.997066,
          0.020907,
          -0.073632,
          2.173235
        ],
        [
          -0.010994,
          -0.912885,
          -0.40807,
          1.380781
        ],
        [
          0.0,
          0.0,
          0.0,
          1.0
        ]
      ]
    },
    {
      "file_path": "/media/NFS/ttao/scannet/posed_images/scene0482_00/00047.jpg",
      "transform_matrix": [
        [
          -0.152024,
          0.373548,
          -0.915069,
          3.905757
        ],
        [
          0.98787,
          0.027771,
          -0.152781,
          2.143168
        ],
        [
          -0.031658,
          -0.927195,
          -0.373238,
          1.387385
        ],
        [
          0.0,
          0.0,
          0.0,
          1.0
        ]
      ]
    },
    {
      "file_path": "/media/NFS/ttao/scannet/posed_images/scene0482_00/00050.jpg",
      "transform_matrix": [
        [
          -0.166015,
          0.347236,
          -0.922966,
          3.873002
        ],
        [
          0.985837,
          0.035901,
          -0.163817,
          2.125852
        ],
        [
          -0.023747,
          -0.937091,
          -0.348278,
          1.387205
        ],
        [
          0.0,
          0.0,
          0.0,
          1.0
        ]
      ]
    },
    {
      "file_path": "/media/NFS/ttao/scannet/posed_images/scene0482_00/00052.jpg",
      "transform_matrix": [
        [
          -0.160342,
          0.32877,
          -0.930699,
          3.843997
        ],
        [
          0.98694,
          0.038588,
          -0.1564,
          2.107894
        ],
        [
          -0.015506,
          -0.943622,
          -0.330663,
          1.392293
        ],
        [
          0.0,
          0.0,
          0.0,
          1.0
        ]
      ]
    },
    {
      "file_path": "/media/NFS/ttao/scannet/posed_images/scene0482_00/00057.jpg",
      "transform_matrix": [
        [
          -0.159189,
          0.276654,
          -0.947693,
          3.773865
        ],
        [
          0.98718,
          0.055881,
          -0.149509,
          2.066406
        ],
        [
          0.011596,
          -0.959343,
          -0.282003,
          1.391705
        ],
        [
          0.0,
          0.0,
          0.0,
          1.0
        ]
      ]
    },
    {
      "file_path": "/media/NFS/ttao/scannet/posed_images/scene0482_00/00061.jpg",
      "transform_matrix": [
        [
          -0.152462,
          0.25003,
          -0.956159,
          3.72017
        ],
        [
          0.988176,
          0.05449,
          -0.143319,
          2.035691
        ],
        [
          0.016267,
          -0.966704,
          -0.255381,
          1.413055
        ],
        [
          0.0,
          0.0,
          0.0,
          1.0
        ]
      ]
    },
    {
      "file_path": "/media/NFS/ttao/scannet/posed_images/scene0482_00/00064.jpg",
      "transform_matrix": [
        [
          -0.158769,
          0.24831,
          -0.955581,
          3.685611
        ],
        [
          0.9873,
          0.034544,
          -0.155063,
          2.018282
        ],
        [
          -0.005494,
          -0.968064,
          -0.250641,
          1.417645
        ],
        [
          0.0,
          0.0,
          0.0,
          1.0
        ]
      ]
    },
    {
      "file_path": "/media/NFS/ttao/scannet/posed_images/scene0482_00/00067.jpg",
      "transform_matrix": [
        [
          -0.174749,
          0.24348,
          -0.954034,
          3.648384
        ],
        [
          0.984531,
          0.030667,
          -0.172508,
          2.006835
        ],
        [
          -0.012745,
          -0.969421,
          -0.245072,
          1.418715
        ],
        [
          0.0,
          0.0,
          0.0,
          1.0
        ]
      ]
    },
    {
      "file_path": "/media/NFS/ttao/scannet/posed_images/scene0482_00/00071.jpg",
      "transform_matrix": [
        [
          -0.198445,
          0.228236,
          -0.953167,
          3.601395
        ],
        [
          0.979971,
          0.029729,
          -0.196907,
          1.988976
        ],
        [
          -0.016604,
          -0.973152,
          -0.229564,
          1.409402
        ],
        [
          0.0,
          0.0,
          0.0,
          1.0
        ]
      ]
    },
    {
      "file_path": "/media/NFS/ttao/scannet/posed_images/scene0482_00/00076.jpg",
      "transform_matrix": [
        [
          -0.243101,
          0.225459,
          -0.943435,
          3.532279
        ],
        [
          0.969972,
          0.064047,
          -0.234634,
          1.978087
        ],
        [
          0.007524,
          -0.972145,
          -0.234258,
          1.409137
        ],
        [
          0.0,
          0.0,
          0.0,
          1.0
        ]
      ]
    },
    {
      "file_path": "/media/NFS/ttao/scannet/posed_images/scene0482_00/00077.jpg",
      "transform_matrix": [
        [
          -0.250648,
          0.222138,
          -0.942248,
          3.515093
        ],
        [
          0.967925,
          0.074814,
          -0.239841,
          1.976686
        ],
        [
          0.017216,
          -0.972141,
          -0.233765,
          1.412067
        ],
        [
          0.0,
          0.0,
          0.0,
          1.0
        ]
      ]
    },
    {
      "file_path": "/media/NFS/ttao/scannet/posed_images/scene0482_00/00080.jpg",
      "transform_matrix": [
        [
          -0.266806,
          0.206067,
          -0.941462,
          3.469703
        ],
        [
          0.963642,
          0.071701,
          -0.257397,
          1.972253
        ],
        [
          0.014463,
          -0.975908,
          -0.217705,
          1.400746
        ],
        [
          0.0,
          0.0,
          0.0,
          1.0
        ]
      ]
    },
    {
      "file_path": "/media/NFS/ttao/scannet/posed_images/scene0482_00/00083.jpg",
      "transform_matrix": [
        [
          -0.299819,
          0.205401,
          -0.931622,
          3.427902
        ],
        [
          0.953996,
          0.065786,
          -0.292515,
          1.978727
        ],
        [
          0.001205,
          -0.976464,
          -0.215676,
          1.416388
        ],
        [
          0.0,
          0.0,
          0.0,
          1.0
        ]
      ]
    },
    {
      "file_path": "/media/NFS/ttao/scannet/posed_images/scene0482_00/00088.jpg",
      "transform_matrix": [
        [
          -0.293991,
          0.140124,
          -0.945481,
          3.37316
        ],
        [
          0.955776,
          0.035021,
          -0.292002,
          1.99022
        ],
        [
          -0.007805,
          -0.989514,
          -0.144224,
          1.447339
        ],
        [
          0.0,
          0.0,
          0.0,
          1.0
        ]
      ]
    },
    {
      "file_path": "/media/NFS/ttao/scannet/posed_images/scene0482_00/00092.jpg",
      "transform_matrix": [
        [
          -0.323417,
          0.119169,
          -0.938723,
          3.337863
        ],
        [
          0.945942,
          0.015139,
          -0.323982,
          2.008252
        ],
        [
          -0.024397,
          -0.992759,
          -0.117623,
          1.452178
        ],
        [
          0.0,
          0.0,
          0.0,
          1.0
        ]
      ]
    },
    {
      "file_path": "/media/NFS/ttao/scannet/posed_images/scene0482_00/00095.jpg",
      "transform_matrix": [
        [
          -0.309923,
          0.105733,
          -0.944864,
          3.312794
        ],
        [
          0.9506,
          0.016114,
          -0.310001,
          2.001814
        ],
        [
          -0.017552,
          -0.994264,
          -0.105504,
          1.455283
        ],
        [
          0.0,
          0.0,
          0.0,
          1.0
        ]
      ]
    },
    {
      "file_path": "/media/NFS/ttao/scannet/posed_images/scene0482_00/00100.jpg",
      "transform_matrix": [
        [
          -0.306981,
          0.093672,
          -0.947095,
          3.261064
        ],
        [
          0.951137,
          -0.004518,
          -0.308738,
          2.014927
        ],
        [
          -0.033199,
          -0.995593,
          -0.087708,
          1.47855
        ],
        [
          0.0,
          0.0,
          0.0,
          1.0
        ]
      ]
    },
    {
      "file_path": "/media/NFS/ttao/scannet/posed_images/scene0482_00/00101.jpg",
      "transform_matrix": [
        [
          -0.312723,
          0.092083,
          -0.945371,
          3.251371
        ],
        [
          0.948893,
          -0.014243,
          -0.315275,
          2.022999
        ],
        [
          -0.042497,
          -0.99565,
          -0.082923,
          1.483998
        ],
        [
          0.0,
          0.0,
          0.0,
          1.0
        ]
      ]
    },
    {
      "file_path": "/media/NFS/ttao/scannet/posed_images/scene0482_00/00107.jpg",
      "transform_matrix": [
        [
          -0.343579,
          0.061534,
          -0.937106,
          3.200623
        ],
        [
          0.937136,
          -0.042435,
          -0.346376,
          2.002718
        ],
        [
          -0.06108,
          -0.997202,
          -0.043086,
          1.491679
        ],
        [
          0.0,
          0.0,
          0.0,
          1.0
        ]
      ]
    },
    {
      "file_path": "/media/NFS/ttao/scannet/posed_images/scene0482_00/00108.jpg",
      "transform_matrix": [
        [
          -0.344203,
          0.051264,
          -0.937495,
          3.19111
        ],
        [
          0.937173,
          -0.041699,
          -0.346365,
          1.997181
        ],
        [
          -0.056848,
          -0.997814,
          -0.03369,
          1.492214
        ],
        [
          0.0,
          0.0,
          0.0,
          1.0
        ]
      ]
    },
    {
      "file_path": "/media/NFS/ttao/scannet/posed_images/scene0482_00/00111.jpg",
      "transform_matrix": [
        [
          -0.356547,
          0.046733,
          -0.933108,
          3.162397
        ],
        [
          0.931761,
          -0.055464,
          -0.358811,
          1.975147
        ],
        [
          -0.068523,
          -0.997366,
          -0.023769,
          1.476471
        ],
        [
          0.0,
          0.0,
          0.0,
          1.0
        ]
      ]
    },
    {
      "file_path": "/media/NFS/ttao/scannet/posed_images/scene0482_00/00117.jpg",
      "transform_matrix": [
        [
          -0.390353,
          0.033462,
          -0.920057,
          3.100602
        ],
        [
          0.919883,
          -0.027017,
          -0.391261,
          1.930189
        ],
        [
          -0.03795,
          -0.999075,
          -0.020235,
          1.492309
        ],
        [
          0.0,
          0.0,
          0.0,
          1.0
        ]
      ]
    },
    {
      "file_path": "/media/NFS/ttao/scannet/posed_images/scene0482_00/00119.jpg",
      "transform_matrix": [
        [
          -0.392271,
          0.036044,
          -0.919143,
          3.080253
        ],
        [
          0.918893,
          -0.030203,
          -0.393348,
          1.915988
        ],
        [
          -0.041939,
          -0.998894,
          -0.021273,
          1.492864
        ],
        [
          0.0,
          0.0,
          0.0,
          1.0
        ]
      ]
    },
    {
      "file_path": "/media/NFS/ttao/scannet/posed_images/scene0482_00/00122.jpg",
      "transform_matrix": [
        [
          -0.390692,
          0.058983,
          -0.91863,
          3.039431
        ],
        [
          0.919043,
          -0.031545,
          -0.392893,
          1.903554
        ],
        [
          -0.052152,
          -0.997761,
          -0.041883,
          1.500528
        ],
        [
          0.0,
          0.0,
          0.0,
          1.0
        ]
      ]
    },
    {
      "file_path": "/media/NFS/ttao/scannet/posed_images/scene0482_00/00127.jpg",
      "transform_matrix": [
        [
          -0.373908,
          0.125758,
          -0.918901,
          2.990099
        ],
        [
          0.925802,
          -0.008714,
          -0.377908,
          1.869585
        ],
        [
          -0.055532,
          -0.992023,
          -0.113168,
          1.472533
        ],
        [
          0.0,
          0.0,
          0.0,
          1.0
        ]
      ]
    },
    {
      "file_path": "/media/NFS/ttao/scannet/posed_images/scene0482_00/00131.jpg",
      "transform_matrix": [
        [
          -0.365545,
          0.183519,
          -0.912523,
          2.955566
        ],
        [
          0.929185,
          0.014339,
          -0.369336,
          1.84736
        ],
        [
          -0.054696,
          -0.982912,
          -0.175764,
          1.450873
        ],
        [
          0.0,
          0.0,
          0.0,
          1.0
        ]
      ]
    },
    {
      "file_path": "/media/NFS/ttao/scannet/posed_images/scene0482_00/00134.jpg",
      "transform_matrix": [
        [
          -0.373307,
          0.20387,
          -0.90503,
          2.93035
        ],
        [
          0.926452,
          0.031176,
          -0.375121,
          1.837245
        ],
        [
          -0.048261,
          -0.978501,
          -0.200514,
          1.43715
        ],
        [
          0.0,
          0.0,
          0.0,
          1.0
        ]
      ]
    },
    {
      "file_path": "/media/NFS/ttao/scannet/posed_images/scene0482_00/00136.jpg",
      "transform_matrix": [
        [
          -0.3782,
          0.21701,
          -0.899929,
          2.911179
        ],
        [
          0.924506,
          0.038678,
          -0.379201,
          1.833071
        ],
        [
          -0.047483,
          -0.975403,
          -0.215255,
          1.428934
        ],
        [
          0.0,
          0.0,
          0.0,
          1.0
        ]
      ]
    },
    {
      "file_path": "/media/NFS/ttao/scannet/posed_images/scene0482_00/00141.jpg",
      "transform_matrix": [
        [
          -0.402191,
          0.246418,
          -0.881771,
          2.853423
        ],
        [
          0.914073,
          0.053286,
          -0.402033,
          1.82988
        ],
        [
          -0.052082,
          -0.967698,
          -0.246676,
          1.41378
        ],
        [
          0.0,
          0.0,
          0.0,
          1.0
        ]
      ]
    },
    {
      "file_path": "/media/NFS/ttao/scannet/posed_images/scene0482_00/00144.jpg",
      "transform_matrix": [
        [
          -0.426398,
          0.251063,
          -0.868995,
          2.815381
        ],
        [
          0.903141,
          0.064848,
          -0.424417,
          1.837831
        ],
        [
          -0.050202,
          -0.965796,
          -0.254397,
          1.405894
        ],
        [
          0.0,
          0.0,
          0.0,
          1.0
        ]
      ]
    },
    {
      "file_path": "/media/NFS/ttao/scannet/posed_images/scene0482_00/00148.jpg",
      "transform_matrix": [
        [
          -0.470507,
          0.257955,
          -0.84385,
          2.760696
        ],
        [
          0.880877,
          0.081208,
          -0.466327,
          1.86402
        ],
        [
          -0.051764,
          -0.962738,
          -0.265436,
          1.408129
        ],
        [
          0.0,
          0.0,
          0.0,
          1.0
        ]
      ]
    },
    {
      "file_path": "/media/NFS/ttao/scannet/posed_images/scene0482_00/00152.jpg",
      "transform_matrix": [
        [
          -0.49261,
          0.270339,
          -0.827195,
          2.703774
        ],
        [
          0.868088,
          0.085687,
          -0.488959,
          1.887805
        ],
        [
          -0.061305,
          -0.958945,
          -0.276888,
          1.412472
        ],
        [
          0.0,
          0.0,
          0.0,
          1.0
        ]
      ]
    },
    {
      "file_path": "/media/NFS/ttao/scannet/posed_images/scene0482_00/00154.jpg",
      "transform_matrix": [
        [
          -0.500394,
          0.268168,
          -0.823221,
          2.680292
        ],
        [
          0.863867,
          0.091175,
          -0.4954,
          1.898297
        ],
        [
          -0.057793,
          -0.959048,
          -0.277284,
          1.409305
        ],
        [
          0.0,
          0.0,
          0.0,
          1.0
        ]
      ]
    },
    {
      "file_path": "/media/NFS/ttao/scannet/posed_images/scene0482_00/00156.jpg",
      "transform_matrix": [
        [
          -0.511914,
          0.268306,
          -0.816061,
          2.667254
        ],
        [
          0.857547,
          0.103684,
          -0.503848,
          1.897565
        ],
        [
          -0.050573,
          -0.957738,
          -0.283163,
          1.404826
        ],
        [
          0.0,
          0.0,
          0.0,
          1.0
        ]
      ]
    },
    {
      "file_path": "/media/NFS/ttao/scannet/posed_images/scene0482_00/00162.jpg",
      "transform_matrix": [
        [
          -0.522654,
          0.304848,
          -0.796179,
          2.598802
        ],
        [
          0.850632,
          0.123944,
          -0.510943,
          1.913178
        ],
        [
          -0.057078,
          -0.944302,
          -0.324093,
          1.389113
        ],
        [
          0.0,
          0.0,
          0.0,
          1.0
        ]
      ]
    },
    {
      "file_path": "/media/NFS/ttao/scannet/posed_images/scene0482_00/00164.jpg",
      "transform_matrix": [
        [
          -0.538535,
          0.330184,
          -0.775215,
          2.565018
        ],
        [
          0.839318,
          0.12905,
          -0.528101,
          1.918209
        ],
        [
          -0.074329,
          -0.935053,
          -0.346628,
          1.384456
        ],
        [
          0.0,
          0.0,
          0.0,
          1.0
        ]
      ]
    },
    {
      "file_path": "/media/NFS/ttao/scannet/posed_images/scene0482_00/00168.jpg",
      "transform_matrix": [
        [
          -0.543451,
          0.347199,
          -0.764274,
          2.514082
        ],
        [
          0.836584,
          0.148961,
          -0.527198,
          1.919789
        ],
        [
          -0.069195,
          -0.925885,
          -0.371415,
          1.374338
        ],
        [
          0.0,
          0.0,
          0.0,
          1.0
        ]
      ]
    },
    {
      "file_path": "/media/NFS/ttao/scannet/posed_images/scene0482_00/00173.jpg",
      "transform_matrix": [
        [
          -0.557101,
          0.331418,
          -0.761446,
          2.450899
        ],
        [
          0.830066,
          0.19454,
          -0.522633,
          1.907108
        ],
        [
          -0.025078,
          -0.92321,
          -0.383478,
          1.362033
        ],
        [
          0.0,
          0.0,
          0.0,
          1.0
        ]
      ]
    },
    {
      "file_path": "/media/NFS/ttao/scannet/posed_images/scene0482_00/00176.jpg",
      "transform_matrix": [
        [
          -0.579016,
          0.330703,
          -0.745236,
          2.414229
        ],
        [
          0.81528,
          0.24352,
          -0.525373,
          1.894457
        ],
        [
          0.007737,
          -0.911775,
          -0.410618,
          1.349501
        ],
        [
          0.0,
          0.0,
          0.0,
          1.0
        ]
      ]
    },
    {
      "file_path": "/media/NFS/ttao/scannet/posed_images/scene0482_00/00180.jpg",
      "transform_matrix": [
        [
          -0.59426,
          0.326698,
          -0.734931,
          2.368462
        ],
        [
          0.804171,
          0.255905,
          -0.53649,
          1.877863
        ],
        [
          0.012802,
          -0.909825,
          -0.414795,
          1.334482
        ],
        [
          0.0,
          0.0,
          0.0,
          1.0
        ]
      ]
    },
    {
      "file_path": "/media/NFS/ttao/scannet/posed_images/scene0482_00/00184.jpg",
      "transform_matrix": [
        [
          -0.592816,
          0.342767,
          -0.728753,
          2.305453
        ],
        [
          0.805292,
          0.261946,
          -0.531872,
          1.865391
        ],
        [
          0.008586,
          -0.902161,
          -0.431314,
          1.331109
        ],
        [
          0.0,
          0.0,
          0.0,
          1.0
        ]
      ]
    },
    {
      "file_path": "/media/NFS/ttao/scannet/posed_images/scene0482_00/00187.jpg",
      "transform_matrix": [
        [
          -0.620822,
          0.337452,
          -0.707606,
          2.275884
        ],
        [
          0.783939,
          0.262141,
          -0.56278,
          1.861784
        ],
        [
          -0.004419,
          -0.904106,
          -0.427285,
          1.333784
        ],
        [
          0.0,
          0.0,
          0.0,
          1.0
        ]
      ]
    },
    {
      "file_path": "/media/NFS/ttao/scannet/posed_images/scene0482_00/00189.jpg",
      "transform_matrix": [
        [
          -0.649817,
          0.331226,
          -0.684125,
          2.25916
        ],
        [
          0.759968,
          0.266953,
          -0.592608,
          1.866147
        ],
        [
          -0.013658,
          -0.905,
          -0.425192,
          1.335478
        ],
        [
          0.0,
          0.0,
          0.0,
          1.0
        ]
      ]
    },
    {
      "file_path": "/media/NFS/ttao/scannet/posed_images/scene0482_00/00194.jpg",
      "transform_matrix": [
        [
          -0.709029,
          0.327008,
          -0.624776,
          2.22246
        ],
        [
          0.704933,
          0.305217,
          -0.640244,
          1.876679
        ],
        [
          -0.018673,
          -0.894376,
          -0.446926,
          1.34072
        ],
        [
          0.0,
          0.0,
          0.0,
          1.0
        ]
      ]
    },
    {
      "file_path": "/media/NFS/ttao/scannet/posed_images/scene0482_00/00197.jpg",
      "transform_matrix": [
        [
          -0.739353,
          0.303654,
          -0.600959,
          2.205907
        ],
        [
          0.673302,
          0.327192,
          -0.663031,
          1.882429
        ],
        [
          -0.004703,
          -0.894841,
          -0.446361,
          1.341875
        ],
        [
          0.0,
          0.0,
          0.0,
          1.0
        ]
      ]
    },
    {
      "file_path": "/media/NFS/ttao/scannet/posed_images/scene0482_00/00200.jpg",
      "transform_matrix": [
        [
          -0.763885,
          0.292355,
          -0.575334,
          2.192777
        ],
        [
          0.645309,
          0.335653,
          -0.686231,
          1.893067
        ],
        [
          -0.007511,
          -0.89547,
          -0.445059,
          1.341648
        ],
        [
          0.0,
          0.0,
          0.0,
          1.0
        ]
      ]
    },
    {
      "file_path": "/media/NFS/ttao/scannet/posed_images/scene0482_00/00205.jpg",
      "transform_matrix": [
        [
          -0.793763,
          0.300466,
          -0.52883,
          2.161969
        ],
        [
          0.607343,
          0.34468,
          -0.715772,
          1.90492
        ],
        [
          -0.032789,
          -0.889334,
          -0.45608,
          1.343833
        ],
        [
          0.0,
          0.0,
          0.0,
          1.0
        ]
      ]
    },
    {
      "file_path": "/media/NFS/ttao/scannet/posed_images/scene0482_00/00206.jpg",
      "transform_matrix": [
        [
          -0.799191,
          0.300333,
          -0.520666,
          2.15469
        ],
        [
          0.599964,
          0.345903,
          -0.721383,
          1.906978
        ],
        [
          -0.036555,
          -0.888905,
          -0.456632,
          1.345406
        ],
        [
          0.0,
          0.0,
          0.0,
          1.0
        ]
      ]
    },
    {
      "file_path": "/media/NFS/ttao/scannet/posed_images/scene0482_00/00209.jpg",
      "transform_matrix": [
        [
          -0.814515,
          0.289677,
          -0.502645,
          2.141634
        ],
        [
          0.578677,
          0.344154,
          -0.739385,
          1.913687
        ],
        [
          -0.041196,
          -0.89311,
          -0.447948,
          1.3468
        ],
        [
          0.0,
          0.0,
          0.0,
          1.0
        ]
      ]
    },
    {
      "file_path": "/media/NFS/ttao/scannet/posed_images/scene0482_00/00215.jpg",
      "transform_matrix": [
        [
          -0.851965,
          0.249025,
          -0.460589,
          2.126784
        ],
        [
          0.521888,
          0.332824,
          -0.785405,
          1.919067
        ],
        [
          -0.04229,
          -0.909514,
          -0.413517,
          1.347601
        ],
        [
          0.0,
          0.0,
          0.0,
          1.0
        ]
      ]
    },
    {
      "file_path": "/media/NFS/ttao/scannet/posed_images/scene0482_00/00218.jpg",
      "transform_matrix": [
        [
          -0.873558,
          0.23492,
          -0.426274,
          2.125051
        ],
        [
          0.485055,
          0.3478,
          -0.802344,
          1.909935
        ],
        [
          -0.040228,
          -0.907661,
          -0.417773,
          1.348367
        ],
        [
          0.0,
          0.0,
          0.0,
          1.0
        ]
      ]
    },
    {
      "file_path": "/media/NFS/ttao/scannet/posed_images/scene0482_00/00219.jpg",
      "transform_matrix": [
        [
          -0.87882,
          0.230445,
          -0.417817,
          2.124189
        ],
        [
          0.475648,
          0.353564,
          -0.805451,
          1.903238
        ],
        [
          -0.037887,
          -0.90658,
          -0.42033,
          1.349718
        ],
        [
          0.0,
          0.0,
          0.0,
          1.0
        ]
      ]
    },
    {
      "file_path": "/media/NFS/ttao/scannet/posed_images/scene0482_00/00224.jpg",
      "transform_matrix": [
        [
          -0.9105,
          0.201285,
          -0.361212,
          2.119794
        ],
        [
          0.411815,
          0.36241,
          -0.836103,
          1.875877
        ],
        [
          -0.037388,
          -0.910024,
          -0.412866,
          1.345503
        ],
        [
          0.0,
          0.0,
          0.0,
          1.0
        ]
      ]
    },
    {
      "file_path": "/media/NFS/ttao/scannet/posed_images/scene0482_00/00227.jpg",
      "transform_matrix": [
        [
          -0.931901,
          0.166947,
          -0.322009,
          2.125662
        ],
        [
          0.362302,
          0.386144,
          -0.848311,
          1.848411
        ],
        [
          -0.017281,
          -0.907206,
          -0.420333,
          1.350613
        ],
        [
          0.0,
          0.0,
          0.0,
          1.0
        ]
      ]
    },
    {
      "file_path": "/media/NFS/ttao/scannet/posed_images/scene0482_00/00233.jpg",
      "transform_matrix": [
        [
          -0.959847,
          0.110978,
          -0.257637,
          2.1573
        ],
        [
          0.280145,
          0.426896,
          -0.859813,
          1.790396
        ],
        [
          0.014564,
          -0.897465,
          -0.440845,
          1.356006
        ],
        [
          0.0,
          0.0,
          0.0,
          1.0
        ]
      ]
    },
    {
      "file_path": "/media/NFS/ttao/scannet/posed_images/scene0482_00/00236.jpg",
      "transform_matrix": [
        [
          -0.972391,
          0.093559,
          -0.21378,
          2.165621
        ],
        [
          0.233005,
          0.439512,
          -0.867489,
          1.770161
        ],
        [
          0.012797,
          -0.893351,
          -0.449178,
          1.352775
        ],
        [
          0.0,
          0.0,
          0.0,
          1.0
        ]
      ]
    },
    {
      "file_path": "/media/NFS/ttao/scannet/posed_images/scene0482_00/00237.jpg",
      "transform_matrix": [
        [
          -0.976734,
          0.087404,
          -0.195839,
          2.166743
        ],
        [
          0.21416,
          0.445648,
          -0.869214,
          1.764134
        ],
        [
          0.011303,
          -0.890931,
          -0.453998,
          1.352224
        ],
        [
          0.0,
          0.0,
          0.0,
          1.0
        ]
      ]
    },
    {
      "file_path": "/media/NFS/ttao/scannet/posed_images/scene0482_00/00240.jpg",
      "transform_matrix": [
        [
          -0.987726,
          0.058171,
          -0.14496,
          2.182841
        ],
        [
          0.15526,
          0.467131,
          -0.87045,
          1.745454
        ],
        [
          0.01708,
          -0.882272,
          -0.47043,
          1.34853
        ],
        [
          0.0,
          0.0,
          0.0,
          1.0
        ]
      ]
    },
    {
      "file_path": "/media/NFS/ttao/scannet/posed_images/scene0482_00/00247.jpg",
      "transform_matrix": [
        [
          -0.999603,
          -0.027538,
          0.005909,
          2.178102
        ],
        [
          -0.018021,
          0.464133,
          -0.885582,
          1.72106
        ],
        [
          0.021645,
          -0.885337,
          -0.464445,
          1.354378
        ],
        [
          0.0,
          0.0,
          0.0,
          1.0
        ]
      ]
    },
    {
      "file_path": "/media/NFS/ttao/scannet/posed_images/scene0482_00/00250.jpg",
      "transform_matrix": [
        [
          -0.99545,
          -0.076509,
          0.056792,
          2.179491
        ],
        [
          -0.085936,
          0.46344,
          -0.881951,
          1.717003
        ],
        [
          0.041157,
          -0.882819,
          -0.467907,
          1.357742
        ],
        [
          0.0,
          0.0,
          0.0,
          1.0
        ]
      ]
    },
    {
      "file_path": "/media/NFS/ttao/scannet/posed_images/scene0482_00/00254.jpg",
      "transform_matrix": [
        [
          -0.98054,
          -0.135311,
          0.142241,
          2.16438
        ],
        [
          -0.188279,
          0.4429,
          -0.876579,
          1.712719
        ],
        [
          0.055612,
          -0.886302,
          -0.459757,
          1.36697
        ],
        [
          0.0,
          0.0,
          0.0,
          1.0
        ]
      ]
    },
    {
      "file_path": "/media/NFS/ttao/scannet/posed_images/scene0482_00/00256.jpg",
      "transform_matrix": [
        [
          -0.971128,
          -0.150037,
          0.18547,
          2.157061
        ],
        [
          -0.233468,
          0.437995,
          -0.868132,
          1.711693
        ],
        [
          0.049016,
          -0.886369,
          -0.460378,
          1.369279
        ],
        [
          0.0,
          0.0,
          0.0,
          1.0
        ]
      ]
    },
    {
      "file_path": "/media/NFS/ttao/scannet/posed_images/scene0482_00/00260.jpg",
      "transform_matrix": [
        [
          -0.948857,
          -0.168725,
          0.266838,
          2.147571
        ],
        [
          -0.314687,
          0.437583,
          -0.842314,
          1.714506
        ],
        [
          0.025356,
          -0.883206,
          -0.468299,
          1.371221
        ],
        [
          0.0,
          0.0,
          0.0,
          1.0
        ]
      ]
    },
    {
      "file_path": "/media/NFS/ttao/scannet/posed_images/scene0482_00/00261.jpg",
      "transform_matrix": [
        [
          -0.941526,
          -0.176491,
          0.287019,
          2.144741
        ],
        [
          -0.336134,
          0.433081,
          -0.836334,
          1.716862
        ],
        [
          0.023303,
          -0.883907,
          -0.467082,
          1.370025
        ],
        [
          0.0,
          0.0,
          0.0,
          1.0
        ]
      ]
    },
    {
      "file_path": "/media/NFS/ttao/scannet/posed_images/scene0482_00/00267.jpg",
      "transform_matrix": [
        [
          -0.89095,
          -0.233752,
          0.389318,
          2.139464
        ],
        [
          -0.453525,
          0.414879,
          -0.788791,
          1.729128
        ],
        [
          0.022862,
          -0.879339,
          -0.475648,
          1.365707
        ],
        [
          0.0,
          0.0,
          0.0,
          1.0
        ]
      ]
    },
    {
      "file_path": "/media/NFS/ttao/scannet/posed_images/scene0482_00/00271.jpg",
      "transform_matrix": [
        [
          -0.859069,
          -0.236177,
          0.454116,
          2.145862
        ],
        [
          -0.51186,
          0.396772,
          -0.761953,
          1.738583
        ],
        [
          -0.000225,
          -0.887013,
