{
  "frames": [
    {
      "file_path": "/media/NFS/ttao/scannet/posed_images/scene0392_01/00000.jpg",
      "transform_matrix": [
        [
          0.887451,
          0.027735,
          -0.460066,
          3.605551
        ],
        [
          0.460682,
          -0.022554,
          0.887279,
          4.083887
        ],
        [
          0.014232,
          -0.999361,
          -0.032792,
          1.458917
        ],
        [
          0.0,
          0.0,
          0.0,
          1.0
        ]
      ]
    },
    {
      "file_path": "/media/NFS/ttao/scannet/posed_images/scene0392_01/00010.jpg",
      "transform_matrix": [
        [
          0.892054,
          0.048604,
          -0.449307,
          3.631877
        ],
        [
          0.451493,
          -0.052217,
          0.890746,
          4.11083
        ],
        [
          0.019832,
          -0.997452,
          -0.068525,
          1.454971
        ],
        [
          0.0,
          0.0,
          0.0,
          1.0
        ]
      ]
    },
    {
      "file_path": "/media/NFS/ttao/scannet/posed_images/scene0392_01/00016.jpg",
      "transform_matrix": [
        [
          0.891221,
          0.066918,
          -0.448606,
          3.623071
        ],
        [
          0.45314,
          -0.088318,
          0.887054,
          4.108291
        ],
        [
          0.01974,
          -0.993842,
          -0.109034,
          1.424097
        ],
        [
          0.0,
          0.0,
          0.0,
          1.0
        ]
      ]
    },
    {
      "file_path": "/media/NFS/ttao/scannet/posed_images/scene0392_01/00031.jpg",
      "transform_matrix": [
        [
          0.838063,
          0.183368,
          -0.513835,
          3.749595
        ],
        [
          0.545246,
          -0.248832,
          0.800494,
          4.063246
        ],
        [
          0.018927,
          -0.95103,
          -0.308517,
          1.338179
        ],
        [
          0.0,
          0.0,
          0.0,
          1.0
        ]
      ]
    },
    {
      "file_path": "/media/NFS/ttao/scannet/posed_images/scene0392_01/00039.jpg",
      "transform_matrix": [
        [
          0.803639,
          0.240112,
          -0.544528,
          3.857229
        ],
        [
          0.594449,
          -0.280534,
          0.753612,
          4.022022
        ],
        [
          0.028193,
          -0.929326,
          -0.368182,
          1.320819
        ],
        [
          0.0,
          0.0,
          0.0,
          1.0
        ]
      ]
    },
    {
      "file_path": "/media/NFS/ttao/scannet/posed_images/scene0392_01/00042.jpg",
      "transform_matrix": [
        [
          0.801589,
          0.231886,
          -0.551075,
          3.891802
        ],
        [
          0.597496,
          -0.277879,
          0.752185,
          3.996849
        ],
        [
          0.021288,
          -0.932208,
          -0.361296,
          1.305955
        ],
        [
          0.0,
          0.0,
          0.0,
          1.0
        ]
      ]
    },
    {
      "file_path": "/media/NFS/ttao/scannet/posed_images/scene0392_01/00052.jpg",
      "transform_matrix": [
        [
          0.817251,
          0.249324,
          -0.519556,
          3.943764
        ],
        [
          0.576185,
          -0.336917,
          0.744646,
          3.903491
        ],
        [
          0.010611,
          -0.907923,
          -0.419002,
          1.291584
        ],
        [
          0.0,
          0.0,
          0.0,
          1.0
        ]
      ]
    },
    {
      "file_path": "/media/NFS/ttao/scannet/posed_images/scene0392_01/00065.jpg",
      "transform_matrix": [
        [
          0.758997,
          0.301732,
          -0.576958,
          4.024744
        ],
        [
          0.649223,
          -0.283603,
          0.705747,
          3.787796
        ],
        [
          0.049319,
          -0.910235,
          -0.411146,
          1.305613
        ],
        [
          0.0,
          0.0,
          0.0,
          1.0
        ]
      ]
    },
    {
      "file_path": "/media/NFS/ttao/scannet/posed_images/scene0392_01/00070.jpg",
      "transform_matrix": [
        [
          0.740835,
          0.288201,
          -0.606715,
          4.050214
        ],
        [
          0.669871,
          -0.250638,
          0.698895,
          3.789717
        ],
        [
          0.049357,
          -0.924186,
          -0.378739,
          1.315087
        ],
        [
          0.0,
          0.0,
          0.0,
          1.0
        ]
      ]
    },
    {
      "file_path": "/media/NFS/ttao/scannet/posed_images/scene0392_01/00078.jpg",
      "transform_matrix": [
        [
          0.773353,
          0.258342,
          -0.57895,
          4.072778
        ],
        [
          0.633015,
          -0.264423,
          0.72758,
          3.897375
        ],
        [
          0.034876,
          -0.929161,
          -0.368027,
          1.320355
        ],
        [
          0.0,
          0.0,
          0.0,
          1.0
        ]
      ]
    },
    {
      "file_path": "/media/NFS/ttao/scannet/posed_images/scene0392_01/00086.jpg",
      "transform_matrix": [
        [
          0.792111,
          0.208593,
          -0.573627,
          4.095932
        ],
        [
          0.60947,
          -0.321503,
          0.724694,
          4.026982
        ],
        [
          -0.033257,
          -0.923647,
          -0.381797,
          1.330449
        ],
        [
          0.0,
          0.0,
          0.0,
          1.0
        ]
      ]
    },
    {
      "file_path": "/media/NFS/ttao/scannet/posed_images/scene0392_01/00096.jpg",
      "transform_matrix": [
        [
          0.839544,
          0.150777,
          -0.521951,
          4.064697
        ],
        [
          0.542134,
          -0.295192,
          0.786735,
          4.17061
        ],
        [
          -0.035454,
          -0.943466,
          -0.329568,
          1.353051
        ],
        [
          0.0,
          0.0,
          0.0,
          1.0
        ]
      ]
    },
    {
      "file_path": "/media/NFS/ttao/scannet/posed_images/scene0392_01/00107.jpg",
      "transform_matrix": [
        [
          0.855835,
          0.154702,
          -0.493572,
          3.955589
        ],
        [
          0.513351,
          -0.137117,
          0.847154,
          4.337952
        ],
        [
          0.063379,
          -0.9784,
          -0.196766,
          1.440773
        ],
        [
          0.0,
          0.0,
          0.0,
          1.0
        ]
      ]
    },
    {
      "file_path": "/media/NFS/ttao/scannet/posed_images/scene0392_01/00112.jpg",
      "transform_matrix": [
        [
          0.841369,
          0.131633,
          -0.524185,
          3.940872
        ],
        [
          0.535945,
          -0.078093,
          0.840633,
          4.391063
        ],
        [
          0.06972,
          -0.988218,
          -0.136253,
          1.480334
        ],
        [
          0.0,
          0.0,
          0.0,
          1.0
        ]
      ]
    },
    {
      "file_path": "/media/NFS/ttao/scannet/posed_images/scene0392_01/00120.jpg",
      "transform_matrix": [
        [
          0.774121,
          0.075005,
          -0.628579,
          3.958696
        ],
        [
          0.631346,
          -0.018917,
          0.775271,
          4.509308
        ],
        [
          0.046258,
          -0.997004,
          -0.061998,
          1.523842
        ],
        [
          0.0,
          0.0,
          0.0,
          1.0
        ]
      ]
    },
    {
      "file_path": "/media/NFS/ttao/scannet/posed_images/scene0392_01/00127.jpg",
      "transform_matrix": [
        [
          0.689593,
          0.076689,
          -0.720125,
          4.03425
        ],
        [
          0.720622,
          0.026017,
          0.69284,
          4.655658
        ],
        [
          0.071869,
          -0.996716,
          -0.037323,
          1.514964
        ],
        [
          0.0,
          0.0,
          0.0,
          1.0
        ]
      ]
    },
    {
      "file_path": "/media/NFS/ttao/scannet/posed_images/scene0392_01/00138.jpg",
      "transform_matrix": [
        [
          0.553606,
          0.212579,
          -0.805189,
          4.12707
        ],
        [
          0.831356,
          -0.084593,
          0.549264,
          4.823309
        ],
        [
          0.048649,
          -0.973475,
          -0.22356,
          1.427654
        ],
        [
          0.0,
          0.0,
          0.0,
          1.0
        ]
      ]
    },
    {
      "file_path": "/media/NFS/ttao/scannet/posed_images/scene0392_01/00145.jpg",
      "transform_matrix": [
        [
          0.536366,
          0.273065,
          -0.798591,
          4.183056
        ],
        [
          0.843872,
          -0.157948,
          0.51277,
          4.872499
        ],
        [
          0.013883,
          -0.94894,
          -0.31515,
          1.38829
        ],
        [
          0.0,
          0.0,
          0.0,
          1.0
        ]
      ]
    },
    {
      "file_path": "/media/NFS/ttao/scannet/posed_images/scene0392_01/00153.jpg",
      "transform_matrix": [
        [
          0.523926,
          0.347553,
          -0.77763,
          4.260881
        ],
        [
          0.851334,
          -0.184695,
          0.491037,
          4.892391
        ],
        [
          0.027037,
          -0.91929,
          -0.39265,
          1.338758
        ],
        [
          0.0,
          0.0,
          0.0,
          1.0
        ]
      ]
    },
    {
      "file_path": "/media/NFS/ttao/scannet/posed_images/scene0392_01/00166.jpg",
      "transform_matrix": [
        [
          0.458175,
          0.465704,
          -0.757097,
          4.356821
        ],
        [
          0.888103,
          -0.204644,
          0.411576,
          4.903366
        ],
        [
          0.036737,
          -0.860953,
          -0.507356,
          1.280929
        ],
        [
          0.0,
          0.0,
          0.0,
          1.0
        ]
      ]
    },
    {
      "file_path": "/media/NFS/ttao/scannet/posed_images/scene0392_01/00174.jpg",
      "transform_matrix": [
        [
          0.382371,
          0.506805,
          -0.772619,
          4.418631
        ],
        [
          0.923585,
          -0.184314,
          0.336182,
          4.959857
        ],
        [
          0.027974,
          -0.842126,
          -0.538554,
          1.289005
        ],
        [
          0.0,
          0.0,
          0.0,
          1.0
        ]
      ]
    },
    {
      "file_path": "/media/NFS/ttao/scannet/posed_images/scene0392_01/00179.jpg",
      "transform_matrix": [
        [
          0.325774,
          0.518978,
          -0.790274,
          4.461807
        ],
        [
          0.944904,
          -0.15037,
          0.290768,
          4.998888
        ],
        [
          0.032068,
          -0.841457,
          -0.539371,
          1.296983
        ],
        [
          0.0,
          0.0,
          0.0,
          1.0
        ]
      ]
    },
    {
      "file_path": "/media/NFS/ttao/scannet/posed_images/scene0392_01/00192.jpg",
      "transform_matrix": [
        [
          0.273131,
          0.451851,
          -0.849252,
          4.531144
        ],
        [
          0.961017,
          -0.088749,
          0.261857,
          5.059212
        ],
        [
          0.04295,
          -0.887668,
          -0.458477,
          1.357994
        ],
        [
          0.0,
          0.0,
          0.0,
          1.0
        ]
      ]
    },
    {
      "file_path": "/media/NFS/ttao/scannet/posed_images/scene0392_01/00200.jpg",
      "transform_matrix": [
        [
          0.295483,
          0.361108,
          -0.884472,
          4.540595
        ],
        [
          0.953993,
          -0.062248,
          0.293295,
          5.05576
        ],
        [
          0.050855,
          -0.930444,
          -0.362888,
          1.396195
        ],
        [
          0.0,
          0.0,
          0.0,
          1.0
        ]
      ]
    },
    {
      "file_path": "/media/NFS/ttao/scannet/posed_images/scene0392_01/00205.jpg",
      "transform_matrix": [
        [
          0.313308,
          0.293128,
          -0.90328,
          4.52978
        ],
        [
          0.946963,
          -0.024905,
          0.320377,
          5.027778
        ],
        [
          0.071415,
          -0.955749,
          -0.285384,
          1.429341
        ],
        [
          0.0,
          0.0,
          0.0,
          1.0
        ]
      ]
    },
    {
      "file_path": "/media/NFS/ttao/scannet/posed_images/scene0392_01/00221.jpg",
      "transform_matrix": [
        [
          0.220261,
          0.115292,
          -0.968603,
          4.477813
        ],
        [
          0.974713,
          0.012347,
          0.22312,
          4.895301
        ],
        [
          0.037683,
          -0.993255,
          -0.109657,
          1.472152
        ],
        [
          0.0,
          0.0,
          0.0,
          1.0
        ]
      ]
    },
    {
      "file_path": "/media/NFS/ttao/scannet/posed_images/scene0392_01/00229.jpg",
      "transform_matrix": [
        [
          0.134279,
          0.141902,
          -0.980731,
          4.395061
        ],
        [
          0.990704,
          0.002551,
          0.136013,
          4.83051
        ],
        [
          0.021802,
          -0.989878,
          -0.14024,
          1.466798
        ],
        [
          0.0,
          0.0,
          0.0,
          1.0
        ]
      ]
    },
    {
      "file_path": "/media/NFS/ttao/scannet/posed_images/scene0392_01/00239.jpg",
      "transform_matrix": [
        [
          0.107887,
          0.173354,
          -0.978932,
          4.264552
        ],
        [
          0.993865,
          0.005297,
          0.110471,
          4.743228
        ],
        [
          0.024336,
          -0.984845,
          -0.171719,
          1.445928
        ],
        [
          0.0,
          0.0,
          0.0,
          1.0
        ]
      ]
    },
    {
      "file_path": "/media/NFS/ttao/scannet/posed_images/scene0392_01/00242.jpg",
      "transform_matrix": [
        [
          0.116648,
          0.180099,
          -0.976707,
          4.209601
        ],
        [
          0.992992,
          -0.002375,
          0.118155,
          4.730591
        ],
        [
          0.01896,
          -0.983646,
          -0.179114,
          1.437981
        ],
        [
          0.0,
          0.0,
          0.0,
          1.0
        ]
      ]
    },
    {
      "file_path": "/media/NFS/ttao/scannet/posed_images/scene0392_01/00255.jpg",
      "transform_matrix": [
        [
          0.136512,
          0.229721,
          -0.963635,
          4.003702
        ],
        [
          0.990345,
          -0.007977,
          0.138394,
          4.617275
        ],
        [
          0.024105,
          -0.973224,
          -0.228592,
          1.439738
        ],
        [
          0.0,
          0.0,
          0.0,
          1.0
        ]
      ]
    },
    {
      "file_path": "/media/NFS/ttao/scannet/posed_images/scene0392_01/00262.jpg",
      "transform_matrix": [
        [
          0.151368,
          0.252422,
          -0.955704,
          3.93792
        ],
        [
          0.986848,
          0.016894,
          0.160763,
          4.517928
        ],
        [
          0.056726,
          -0.96747,
          -0.246545,
          1.413948
        ],
        [
          0.0,
          0.0,
          0.0,
          1.0
        ]
      ]
    },
    {
      "file_path": "/media/NFS/ttao/scannet/posed_images/scene0392_01/00270.jpg",
      "transform_matrix": [
        [
          0.154572,
          0.284644,
          -0.946089,
          3.843292
        ],
        [
          0.98686,
          0.001128,
          0.161573,
          4.363433
        ],
        [
          0.047058,
          -0.958633,
          -0.28073,
          1.390756
        ],
        [
          0.0,
          0.0,
          0.0,
          1.0
        ]
      ]
    },
    {
      "file_path": "/media/NFS/ttao/scannet/posed_images/scene0392_01/00278.jpg",
      "transform_matrix": [
        [
          0.159487,
          0.36197,
          -0.918445,
          3.746549
        ],
        [
          0.98597,
          -0.011988,
          0.166488,
          4.283324
        ],
        [
          0.049253,
          -0.932113,
          -0.358804,
          1.354418
        ],
        [
          0.0,
          0.0,
          0.0,
          1.0
        ]
      ]
    },
    {
      "file_path": "/media/NFS/ttao/scannet/posed_images/scene0392_01/00288.jpg",
      "transform_matrix": [
        [
          0.177662,
          0.3752,
          -0.909759,
          3.587777
        ],
        [
          0.983537,
          -0.098722,
          0.151355,
          4.206511
        ],
        [
          -0.033025,
          -0.921672,
          -0.386563,
          1.331852
        ],
        [
          0.0,
          0.0,
          0.0,
          1.0
        ]
      ]
    },
    {
      "file_path": "/media/NFS/ttao/scannet/posed_images/scene0392_01/00294.jpg",
      "transform_matrix": [
        [
          0.240217,
          0.423766,
          -0.873337,
          3.500771
        ],
        [
          0.970399,
          -0.127916,
          0.204847,
          4.178232
        ],
        [
          -0.024907,
          -0.896694,
          -0.44195,
          1.330119
        ],
        [
          0.0,
          0.0,
          0.0,
          1.0
        ]
      ]
    },
    {
      "file_path": "/media/NFS/ttao/scannet/posed_images/scene0392_01/00307.jpg",
      "transform_matrix": [
        [
          0.461175,
          0.3686,
          -0.807125,
          3.470565
        ],
        [
          0.886748,
          -0.159125,
          0.434001,
          4.02525
        ],
        [
          0.031539,
          -0.915867,
          -0.40024,
          1.335684
        ],
        [
          0.0,
          0.0,
          0.0,
          1.0
        ]
      ]
    },
    {
      "file_path": "/media/NFS/ttao/scannet/posed_images/scene0392_01/00317.jpg",
      "transform_matrix": [
        [
          0.463082,
          0.394283,
          -0.793786,
          3.501373
        ],
        [
          0.88421,
          -0.14382,
          0.444397,
          3.874172
        ],
        [
          0.061056,
          -0.907665,
          -0.41523,
          1.346895
        ],
        [
          0.0,
          0.0,
          0.0,
          1.0
        ]
      ]
    },
    {
      "file_path": "/media/NFS/ttao/scannet/posed_images/scene0392_01/00320.jpg",
      "transform_matrix": [
        [
          0.471328,
          0.393994,
          -0.789062,
          3.510988
        ],
        [
          0.878624,
          -0.132036,
          0.458897,
          3.853478
        ],
        [
          0.076618,
          -0.90958,
          -0.408405,
          1.348923
        ],
        [
          0.0,
          0.0,
          0.0,
          1.0
        ]
      ]
    },
    {
      "file_path": "/media/NFS/ttao/scannet/posed_images/scene0392_01/00327.jpg",
      "transform_matrix": [
        [
          0.419859,
          0.377493,
          -0.825359,
          3.525084
        ],
        [
          0.90418,
          -0.09523,
          0.4164,
          3.822045
        ],
        [
          0.078589,
          -0.921102,
          -0.381306,
          1.359819
        ],
        [
          0.0,
          0.0,
          0.0,
          1.0
        ]
      ]
    },
    {
      "file_path": "/media/NFS/ttao/scannet/posed_images/scene0392_01/00335.jpg",
      "transform_matrix": [
        [
          0.35018,
          0.304567,
          -0.885784,
          3.545166
        ],
        [
          0.935084,
          -0.058454,
          0.349571,
          3.827914
        ],
        [
          0.05469,
          -0.950695,
          -0.305265,
          1.399562
        ],
        [
          0.0,
          0.0,
          0.0,
          1.0
        ]
      ]
    },
    {
      "file_path": "/media/NFS/ttao/scannet/posed_images/scene0392_01/00351.jpg",
      "transform_matrix": [
        [
          0.519331,
          0.12294,
          -0.845684,
          3.558999
        ],
        [
          0.852315,
          -0.002624,
          0.523021,
          4.039303
        ],
        [
          0.062081,
          -0.992411,
          -0.106147,
          1.491663
        ],
        [
          0.0,
          0.0,
          0.0,
          1.0
        ]
      ]
    },
    {
      "file_path": "/media/NFS/ttao/scannet/posed_images/scene0392_01/00356.jpg",
      "transform_matrix": [
        [
          0.682446,
          0.107913,
          -0.722926,
          3.469599
        ],
        [
          0.725525,
          0.020106,
          0.687901,
          4.030143
        ],
        [
          0.088769,
          -0.993957,
          -0.064572,
          1.50235
        ],
        [
          0.0,
          0.0,
          0.0,
          1.0
        ]
      ]
    },
    {
      "file_path": "/media/NFS/ttao/scannet/posed_images/scene0392_01/00369.jpg",
      "transform_matrix": [
        [
          0.858186,
          0.075818,
          -0.507708,
          3.382091
        ],
        [
          0.511644,
          -0.046042,
          0.857963,
          4.073575
        ],
        [
          0.041673,
          -0.996058,
          -0.078304,
          1.467168
        ],
        [
          0.0,
          0.0,
          0.0,
          1.0
        ]
      ]
    },
    {
      "file_path": "/media/NFS/ttao/scannet/posed_images/scene0392_01/00374.jpg",
      "transform_matrix": [
        [
          0.867709,
          0.074357,
          -0.491479,
          3.388361
        ],
        [
          0.496535,
          -0.08371,
          0.863971,
          4.11953
        ],
        [
          0.023101,
          -0.993712,
          -0.109557,
          1.437705
        ],
        [
          0.0,
          0.0,
          0.0,
          1.0
        ]
      ]
    },
    {
      "file_path": "/media/NFS/ttao/scannet/posed_images/scene0392_01/00382.jpg",
      "transform_matrix": [
        [
          0.886939,
          0.096544,
          -0.451683,
          3.309317
        ],
        [
          0.461759,
          -0.162426,
          0.872007,
          4.172999
        ],
        [
          0.010822,
          -0.981986,
          -0.188642,
          1.405089
        ],
        [
          0.0,
          0.0,
          0.0,
          1.0
        ]
      ]
    },
    {
      "file_path": "/media/NFS/ttao/scannet/posed_images/scene0392_01/00395.jpg",
      "transform_matrix": [
        [
          0.864221,
          0.088304,
          -0.495302,
          3.153683
        ],
        [
          0.50296,
          -0.175854,
          0.846231,
          4.259025
        ],
        [
          -0.012375,
          -0.980448,
          -0.19639,
          1.3994
        ],
        [
          0.0,
          0.0,
          0.0,
          1.0
        ]
      ]
    },
    {
      "file_path": "/media/NFS/ttao/scannet/posed_images/scene0392_01/00400.jpg",
      "transform_matrix": [
        [
          0.88704,
          0.090421,
          -0.452752,
          3.07841
        ],
        [
          0.461688,
          -0.178132,
          0.868972,
          4.265387
        ],
        [
          -0.002076,
          -0.979843,
          -0.199757,
          1.395418
        ],
        [
          0.0,
          0.0,
          0.0,
          1.0
        ]
      ]
    },
    {
      "file_path": "/media/NFS/ttao/scannet/posed_images/scene0392_01/00410.jpg",
      "transform_matrix": [
        [
          0.960352,
          0.045667,
          -0.275023,
          2.869256
        ],
        [
          0.278357,
          -0.211971,
          0.936796,
          4.234832
        ],
        [
          -0.015516,
          -0.976208,
          -0.216278,
          1.379926
        ],
        [
          0.0,
          0.0,
          0.0,
          1.0
        ]
      ]
    },
    {
      "file_path": "/media/NFS/ttao/scannet/posed_images/scene0392_01/00421.jpg",
      "transform_matrix": [
        [
          0.978388,
          0.064665,
          -0.196407,
          2.632575
        ],
        [
          0.205572,
          -0.201748,
          0.957621,
          4.207925
        ],
        [
          0.0223,
          -0.9773,
          -0.210681,
          1.386838
        ],
        [
          0.0,
          0.0,
          0.0,
          1.0
        ]
      ]
    },
    {
      "file_path": "/media/NFS/ttao/scannet/posed_images/scene0392_01/00423.jpg",
      "transform_matrix": [
        [
          0.981566,
          0.07631,
          -0.175228,
          2.594647
        ],
        [
          0.187343,
          -0.202736,
          0.961145,
          4.207551
        ],
        [
          0.03782,
          -0.976256,
          -0.213295,
          1.384367
        ],
        [
          0.0,
          0.0,
          0.0,
          1.0
        ]
      ]
    },
    {
      "file_path": "/media/NFS/ttao/scannet/posed_images/scene0392_01/00436.jpg",
      "transform_matrix": [
        [
          0.997604,
          0.068358,
          -0.010607,
          2.370161
        ],
        [
          0.028804,
          -0.27107,
          0.962128,
          4.228317
        ],
        [
          0.062894,
          -0.960129,
          -0.27239,
          1.361713
        ],
        [
          0.0,
          0.0,
          0.0,
          1.0
        ]
      ]
    },
    {
      "file_path": "/media/NFS/ttao/scannet/posed_images/scene0392_01/00439.jpg",
      "transform_matrix": [
        [
          0.99778,
          0.064669,
          0.015918,
          2.322542
        ],
        [
          0.002935,
          -0.281476,
          0.959564,
          4.219253
        ],
        [
          0.066534,
          -0.957387,
          -0.281041,
          1.361552
        ],
        [
          0.0,
          0.0,
          0.0,
          1.0
        ]
      ]
    },
    {
      "file_path": "/media/NFS/ttao/scannet/posed_images/scene0392_01/00455.jpg",
      "transform_matrix": [
        [
          0.971192,
          -0.071293,
          0.227382,
          2.075541
        ],
        [
          -0.238239,
          -0.311605,
          0.919861,
          4.07664
        ],
        [
          0.005274,
          -0.947533,
          -0.319613,
          1.349503
        ],
        [
          0.0,
          0.0,
          0.0,
          1.0
        ]
      ]
    },
    {
      "file_path": "/media/NFS/ttao/scannet/posed_images/scene0392_01/00462.jpg",
      "transform_matrix": [
        [
          0.948091,
          -0.143326,
          0.283869,
          2.007205
        ],
        [
          -0.314052,
          -0.281775,
          0.906628,
          4.011798
        ],
        [
          -0.049956,
          -0.948715,
          -0.31216,
          1.32682
        ],
        [
          0.0,
          0.0,
          0.0,
          1.0
        ]
      ]
    },
    {
      "file_path": "/media/NFS/ttao/scannet/posed_images/scene0392_01/00465.jpg",
      "transform_matrix": [
        [
          0.936805,
          -0.158131,
          0.312075,
          1.984279
        ],
        [
          -0.345288,
          -0.274303,
          0.897515,
          3.978558
        ],
        [
          -0.056322,
          -0.948553,
          -0.31157,
          1.299786
        ],
        [
          0.0,
          0.0,
          0.0,
          1.0
        ]
      ]
    },
    {
      "file_path": "/media/NFS/ttao/scannet/posed_images/scene0392_01/00475.jpg",
      "transform_matrix": [
        [
          0.869051,
          -0.258247,
          0.421971,
          1.926691
        ],
        [
          -0.489958,
          -0.331189,
          0.806384,
          3.899529
        ],
        [
          -0.068494,
          -0.907536,
          -0.414351,
          1.278272
        ],
        [
          0.0,
          0.0,
          0.0,
          1.0
        ]
      ]
    },
    {
      "file_path": "/media/NFS/ttao/scannet/posed_images/scene0392_01/00488.jpg",
      "transform_matrix": [
        [
          0.848938,
          -0.283024,
          0.446321,
          1.842895
        ],
        [
          -0.527512,
          -0.402367,
          0.748219,
          3.846123
        ],
        [
          -0.032179,
          -0.870631,
          -0.490883,
          1.250379
        ],
        [
          0.0,
          0.0,
          0.0,
          1.0
        ]
      ]
    },
    {
      "file_path": "/media/NFS/ttao/scannet/posed_images/scene0392_01/00491.jpg",
      "transform_matrix": [
        [
          0.841164,
          -0.279794,
          0.462772,
          1.829193
        ],
        [
          -0.540371,
          -0.401635,
          0.739384,
          3.84138
        ],
        [
          -0.02101,
          -0.872012,
          -0.489033,
          1.260716
        ],
        [
          0.0,
          0.0,
          0.0,
          1.0
        ]
      ]
    },
    {
      "file_path": "/media/NFS/ttao/scannet/posed_images/scene0392_01/00507.jpg",
      "transform_matrix": [
        [
          0.705218,
          -0.21911,
          0.674284,
          1.739951
        ],
        [
          -0.708629,
          -0.248231,
          0.660475,
          3.841916
        ],
        [
          0.022662,
          -0.943595,
          -0.330325,
          1.337554
        ],
        [
          0.0,
          0.0,
          0.0,
          1.0
        ]
      ]
    },
    {
      "file_path": "/media/NFS/ttao/scannet/posed_images/scene0392_01/00512.jpg",
      "transform_matrix": [
        [
          0.670589,
          -0.201203,
          0.714022,
          1.741967
        ],
        [
          -0.741786,
          -0.192219,
          0.642499,
          3.825507
        ],
        [
          0.007976,
          -0.960505,
          -0.27815,
          1.338024
        ],
        [
          0.0,
          0.0,
          0.0,
          1.0
        ]
      ]
    },
    {
      "file_path": "/media/NFS/ttao/scannet/posed_images/scene0392_01/00522.jpg",
      "transform_matrix": [
        [
          0.62734,
          -0.186407,
          0.756107,
          1.787996
        ],
        [
          -0.778387,
          -0.120622,
          0.616088,
          3.82936
        ],
        [
          -0.02364,
          -0.97504,
          -0.220768,
          1.373262
        ],
        [
          0.0,
          0.0,
          0.0,
          1.0
        ]
      ]
    },
    {
      "file_path": "/media/NFS/ttao/scannet/posed_images/scene0392_01/00530.jpg",
      "transform_matrix": [
        [
          0.620997,
          -0.178657,
          0.76318,
          1.84978
        ],
        [
          -0.782249,
          -0.079788,
          0.617836,
          3.832401
        ],
        [
          -0.049489,
          -0.980671,
          -0.189302,
          1.394415
        ],
        [
          0.0,
          0.0,
          0.0,
          1.0
        ]
      ]
    },
    {
      "file_path": "/media/NFS/ttao/scannet/posed_images/scene0392_01/00538.jpg",
      "transform_matrix": [
        [
          0.624614,
          -0.183583,
          0.759049,
          1.892572
        ],
        [
          -0.778207,
          -0.065166,
          0.624618,
          3.840425
        ],
        [
          -0.065205,
          -0.980842,
          -0.183569,
          1.406956
        ],
        [
          0.0,
          0.0,
          0.0,
          1.0
        ]
      ]
    },
    {
      "file_path": "/media/NFS/ttao/scannet/posed_images/scene0392_01/00546.jpg",
      "transform_matrix": [
        [
          0.540098,
          -0.174365,
          0.823341,
          1.901951
        ],
        [
          -0.840841,
          -0.070206,
          0.536709,
          3.862164
        ],
        [
          -0.03578,
          -0.982175,
          -0.184532,
          1.403685
        ],
        [
          0.0,
          0.0,
          0.0,
          1.0
        ]
      ]
    },
    {
      "file_path": "/media/NFS/ttao/scannet/posed_images/scene0392_01/00559.jpg",
      "transform_matrix": [
        [
          0.382131,
          -0.148864,
          0.912039,
          1.883831
        ],
        [
          -0.924038,
          -0.049427,
          0.379092,
          3.931653
        ],
        [
          -0.011353,
          -0.987622,
          -0.156444,
          1.395353
        ],
        [
          0.0,
          0.0,
          0.0,
          1.0
        ]
      ]
    },
    {
      "file_path": "/media/NFS/ttao/scannet/posed_images/scene0392_01/00566.jpg",
      "transform_matrix": [
        [
          0.359386,
          -0.161962,
          0.919026,
          1.90464
        ],
        [
          -0.93318,
          -0.058127,
          0.354678,
          3.972977
        ],
        [
          -0.004024,
          -0.985084,
          -0.172029,
          1.375653
        ],
        [
          0.0,
          0.0,
          0.0,
          1.0
        ]
      ]
    },
    {
      "file_path": "/media/NFS/ttao/scannet/posed_images/scene0392_01/00577.jpg",
      "transform_matrix": [
        [
          0.429867,
          -0.185807,
          0.883566,
          2.05219
        ],
        [
          -0.902841,
          -0.078078,
          0.422826,
          3.974721
        ],
        [
          -0.009577,
          -0.979479,
          -0.201317,
          1.372299
        ],
        [
          0.0,
          0.0,
          0.0,
          1.0
        ]
      ]
    },
    {
      "file_path": "/media/NFS/ttao/scannet/posed_images/scene0392_01/00579.jpg",
      "transform_matrix": [
        [
          0.440193,
          -0.192137,
          0.877105,
          2.080157
        ],
        [
          -0.897811,
          -0.080192,
          0.433018,
          3.978414
        ],
        [
          -0.012862,
          -0.978086,
          -0.207803,
          1.371964
        ],
        [
          0.0,
          0.0,
          0.0,
          1.0
        ]
      ]
    },
    {
      "file_path": "/media/NFS/ttao/scannet/posed_images/scene0392_01/00590.jpg",
      "transform_matrix": [
        [
          0.503636,
          -0.25141,
          0.826525,
          2.221224
        ],
        [
          -0.863476,
          -0.115968,
          0.490877,
          4.011983
        ],
        [
          -0.027561,
          -0.960908,
          -0.275492,
          1.359368
        ],
        [
          0.0,
          0.0,
          0.0,
          1.0
        ]
      ]
    },
    {
      "file_path": "/media/NFS/ttao/scannet/posed_images/scene0392_01/00600.jpg",
      "transform_matrix": [
        [
          0.552782,
          -0.233694,
          0.799887,
          2.337364
        ],
        [
          -0.833309,
          -0.148894,
          0.532379,
          4.081872
        ],
        [
          -0.005315,
          -0.960842,
          -0.277046,
          1.349977
        ],
        [
          0.0,
          0.0,
          0.0,
          1.0
        ]
      ]
    },
    {
      "file_path": "/media/NFS/ttao/scannet/posed_images/scene0392_01/00611.jpg",
      "transform_matrix": [
        [
          0.533814,
          -0.239496,
          0.810977,
          2.448917
        ],
        [
          -0.845503,
          -0.165793,
          0.507579,
          4.148121
        ],
        [
          0.012892,
          -0.956637,
          -0.290997,
          1.350167
        ],
        [
          0.0,
          0.0,
          0.0,
          1.0
        ]
      ]
    },
    {
      "file_path": "/media/NFS/ttao/scannet/posed_images/scene0392_01/00618.jpg",
      "transform_matrix": [
        [
          0.58773,
          -0.237292,
          0.773476,
          2.524499
        ],
        [
          -0.809037,
          -0.165723,
          0.56391,
          4.172923
        ],
        [
          -0.005629,
          -0.957198,
          -0.289379,
          1.345875
        ],
        [
          0.0,
          0.0,
          0.0,
          1.0
        ]
      ]
    },
    {
      "file_path": "/media/NFS/ttao/scannet/posed_images/scene0392_01/00629.jpg",
      "transform_matrix": [
        [
          0.641352,
          -0.235701,
          0.730145,
          2.587009
        ],
        [
          -0.767246,
          -0.19764,
          0.610141,
          4.219782
        ],
        [
          0.000496,
          -0.951516,
          -0.307597,
          1.340991
        ],
        [
          0.0,
          0.0,
          0.0,
          1.0
        ]
      ]
    },
    {
      "file_path": "/media/NFS/ttao/scannet/posed_images/scene0392_01/00631.jpg",
      "transform_matrix": [
        [
          0.629916,
          -0.238784,
          0.739046,
          2.600091
        ],
        [
          -0.776635,
          -0.201758,
          0.596767,
          4.227581
        ],
        [
          0.00661,
          -0.949882,
          -0.312539,
          1.339236
        ],
        [
          0.0,
          0.0,
          0.0,
          1.0
        ]
      ]
    },
    {
      "file_path": "/media/NFS/ttao/scannet/posed_images/scene0392_01/00639.jpg",
      "transform_matrix": [
        [
          0.5328,
          -0.24118,
          0.811145,
          2.603281
        ],
        [
          -0.845079,
          -0.201866,
          0.495068,
          4.343259
        ],
        [
          0.044342,
          -0.949253,
          -0.311371,
          1.3329
        ],
        [
          0.0,
          0.0,
          0.0,
          1.0
        ]
      ]
    },
    {
      "file_path": "/media/NFS/ttao/scannet/posed_images/scene0392_01/00652.jpg",
      "transform_matrix": [
        [
          0.105935,
          -0.340089,
          0.934407,
          2.575309
        ],
        [
          -0.990973,
          -0.113753,
          0.070946,
          4.619588
        ],
        [
          0.082164,
          -0.933488,
          -0.349069,
          1.352094
        ],
        [
          0.0,
          0.0,
          0.0,
          1.0
        ]
      ]
    },
    {
      "file_path": "/media/NFS/ttao/scannet/posed_images/scene0392_01/00660.jpg",
      "transform_matrix": [
        [
          -0.060766,
          -0.323246,
          0.944362,
          2.55436
        ],
        [
          -0.99619,
          -0.039647,
          -0.077672,
          4.662772
        ],
        [
          0.062549,
          -0.945484,
          -0.319605,
          1.375074
        ],
        [
          0.0,
          0.0,
          0.0,
          1.0
        ]
      ]
    },
    {
      "file_path": "/media/NFS/ttao/scannet/posed_images/scene0392_01/00670.jpg",
      "transform_matrix": [
        [
          -0.262846,
          -0.24549,
          0.933084,
          2.542414
        ],
        [
          -0.964639,
          0.047239,
          -0.259307,
          4.649288
        ],
        [
          0.019579,
          -0.968247,
          -0.249226,
          1.386516
        ],
        [
          0.0,
          0.0,
