{
  "frames": [
    {
      "file_path": "/media/NFS/ttao/scannet/posed_images/scene0257_00/00000.jpg",
      "transform_matrix": [
        [
          0.981409,
          -0.101563,
          0.162853,
          4.749383
        ],
        [
          -0.190707,
          -0.420504,
          0.887021,
          0.653361
        ],
        [
          -0.021608,
          -0.901588,
          -0.432055,
          1.799048
        ],
        [
          0.0,
          0.0,
          0.0,
          1.0
        ]
      ]
    },
    {
      "file_path": "/media/NFS/ttao/scannet/posed_images/scene0257_00/00008.jpg",
      "transform_matrix": [
        [
          0.996546,
          -0.04729,
          0.068263,
          4.818494
        ],
        [
          -0.082091,
          -0.436859,
          0.895776,
          0.753065
        ],
        [
          -0.01254,
          -0.898286,
          -0.439233,
          1.805391
        ],
        [
          0.0,
          0.0,
          0.0,
          1.0
        ]
      ]
    },
    {
      "file_path": "/media/NFS/ttao/scannet/posed_images/scene0257_00/00013.jpg",
      "transform_matrix": [
        [
          0.999347,
          -0.035176,
          0.008279,
          4.847418
        ],
        [
          -0.023283,
          -0.451544,
          0.891945,
          0.826119
        ],
        [
          -0.027637,
          -0.891555,
          -0.452068,
          1.811893
        ],
        [
          0.0,
          0.0,
          0.0,
          1.0
        ]
      ]
    },
    {
      "file_path": "/media/NFS/ttao/scannet/posed_images/scene0257_00/00018.jpg",
      "transform_matrix": [
        [
          0.99997,
          -0.006836,
          -0.003486,
          4.842162
        ],
        [
          8.7e-05,
          -0.444157,
          0.895949,
          0.935144
        ],
        [
          -0.007673,
          -0.895923,
          -0.444144,
          1.798273
        ],
        [
          0.0,
          0.0,
          0.0,
          1.0
        ]
      ]
    },
    {
      "file_path": "/media/NFS/ttao/scannet/posed_images/scene0257_00/00023.jpg",
      "transform_matrix": [
        [
          0.999416,
          0.02033,
          -0.027476,
          4.849928
        ],
        [
          0.033733,
          -0.457111,
          0.88877,
          1.043156
        ],
        [
          0.005509,
          -0.889177,
          -0.45753,
          1.8068
        ],
        [
          0.0,
          0.0,
          0.0,
          1.0
        ]
      ]
    },
    {
      "file_path": "/media/NFS/ttao/scannet/posed_images/scene0257_00/00030.jpg",
      "transform_matrix": [
        [
          0.997678,
          0.014647,
          -0.066513,
          4.864554
        ],
        [
          0.066194,
          -0.438382,
          0.896348,
          1.186231
        ],
        [
          -0.016029,
          -0.898669,
          -0.438334,
          1.826656
        ],
        [
          0.0,
          0.0,
          0.0,
          1.0
        ]
      ]
    },
    {
      "file_path": "/media/NFS/ttao/scannet/posed_images/scene0257_00/00035.jpg",
      "transform_matrix": [
        [
          0.998397,
          0.005294,
          -0.05636,
          4.882638
        ],
        [
          0.053294,
          -0.423566,
          0.904296,
          1.26835
        ],
        [
          -0.019085,
          -0.90585,
          -0.423169,
          1.82507
        ],
        [
          0.0,
          0.0,
          0.0,
          1.0
        ]
      ]
    },
    {
      "file_path": "/media/NFS/ttao/scannet/posed_images/scene0257_00/00041.jpg",
      "transform_matrix": [
        [
          0.994722,
          -0.013234,
          -0.10175,
          4.930677
        ],
        [
          0.08821,
          -0.396246,
          0.913897,
          1.365437
        ],
        [
          -0.052413,
          -0.918049,
          -0.392988,
          1.830092
        ],
        [
          0.0,
          0.0,
          0.0,
          1.0
        ]
      ]
    },
    {
      "file_path": "/media/NFS/ttao/scannet/posed_images/scene0257_00/00043.jpg",
      "transform_matrix": [
        [
          0.99374,
          -0.020335,
          -0.109855,
          4.945129
        ],
        [
          0.092952,
          -0.39501,
          0.913962,
          1.383055
        ],
        [
          -0.061979,
          -0.918452,
          -0.390647,
          1.819761
        ],
        [
          0.0,
          0.0,
          0.0,
          1.0
        ]
      ]
    },
    {
      "file_path": "/media/NFS/ttao/scannet/posed_images/scene0257_00/00048.jpg",
      "transform_matrix": [
        [
          0.989478,
          -0.016468,
          -0.143742,
          4.979339
        ],
        [
          0.126008,
          -0.390119,
          0.912101,
          1.451224
        ],
        [
          -0.071097,
          -0.920617,
          -0.383939,
          1.815473
        ],
        [
          0.0,
          0.0,
          0.0,
          1.0
        ]
      ]
    },
    {
      "file_path": "/media/NFS/ttao/scannet/posed_images/scene0257_00/00056.jpg",
      "transform_matrix": [
        [
          0.983746,
          -0.002012,
          -0.179555,
          5.022715
        ],
        [
          0.1634,
          -0.404626,
          0.899766,
          1.578626
        ],
        [
          -0.074463,
          -0.91448,
          -0.397721,
          1.807569
        ],
        [
          0.0,
          0.0,
          0.0,
          1.0
        ]
      ]
    },
    {
      "file_path": "/media/NFS/ttao/scannet/posed_images/scene0257_00/00059.jpg",
      "transform_matrix": [
        [
          0.986417,
          0.005279,
          -0.164178,
          5.011331
        ],
        [
          0.151909,
          -0.409586,
          0.899535,
          1.631199
        ],
        [
          -0.062496,
          -0.912256,
          -0.404825,
          1.802747
        ],
        [
          0.0,
          0.0,
          0.0,
          1.0
        ]
      ]
    },
    {
      "file_path": "/media/NFS/ttao/scannet/posed_images/scene0257_00/00069.jpg",
      "transform_matrix": [
        [
          0.988746,
          0.013576,
          -0.148985,
          4.984468
        ],
        [
          0.141918,
          -0.400177,
          0.905382,
          1.833506
        ],
        [
          -0.047329,
          -0.916337,
          -0.397601,
          1.776644
        ],
        [
          0.0,
          0.0,
          0.0,
          1.0
        ]
      ]
    },
    {
      "file_path": "/media/NFS/ttao/scannet/posed_images/scene0257_00/00074.jpg",
      "transform_matrix": [
        [
          0.987971,
          -0.008357,
          -0.154415,
          4.990199
        ],
        [
          0.137961,
          -0.403476,
          0.90453,
          1.916636
        ],
        [
          -0.069862,
          -0.914952,
          -0.397469,
          1.767885
        ],
        [
          0.0,
          0.0,
          0.0,
          1.0
        ]
      ]
    },
    {
      "file_path": "/media/NFS/ttao/scannet/posed_images/scene0257_00/00076.jpg",
      "transform_matrix": [
        [
          0.987151,
          -0.008281,
          -0.159574,
          4.999646
        ],
        [
          0.142598,
          -0.404955,
          0.903149,
          1.951047
        ],
        [
          -0.072099,
          -0.914299,
          -0.398571,
          1.762499
        ],
        [
          0.0,
          0.0,
          0.0,
          1.0
        ]
      ]
    },
    {
      "file_path": "/media/NFS/ttao/scannet/posed_images/scene0257_00/00086.jpg",
      "transform_matrix": [
        [
          0.972514,
          0.016718,
          -0.232245,
          5.032979
        ],
        [
          0.219527,
          -0.398326,
          0.890586,
          2.102076
        ],
        [
          -0.07762,
          -0.917092,
          -0.391047,
          1.737074
        ],
        [
          0.0,
          0.0,
          0.0,
          1.0
        ]
      ]
    },
    {
      "file_path": "/media/NFS/ttao/scannet/posed_images/scene0257_00/00091.jpg",
      "transform_matrix": [
        [
          0.953467,
          0.016572,
          -0.301041,
          5.126753
        ],
        [
          0.281893,
          -0.403168,
          0.870627,
          2.203137
        ],
        [
          -0.106942,
          -0.914976,
          -0.38908,
          1.732321
        ],
        [
          0.0,
          0.0,
          0.0,
          1.0
        ]
      ]
    },
    {
      "file_path": "/media/NFS/ttao/scannet/posed_images/scene0257_00/00094.jpg",
      "transform_matrix": [
        [
          0.952028,
          0.028006,
          -0.304727,
          5.138041
        ],
        [
          0.286776,
          -0.429138,
          0.856505,
          2.24956
        ],
        [
          -0.106782,
          -0.902805,
          -0.416583,
          1.723725
        ],
        [
          0.0,
          0.0,
          0.0,
          1.0
        ]
      ]
    },
    {
      "file_path": "/media/NFS/ttao/scannet/posed_images/scene0257_00/00102.jpg",
      "transform_matrix": [
        [
          0.969333,
          0.022587,
          -0.24471,
          5.094835
        ],
        [
          0.231098,
          -0.42248,
          0.876415,
          2.346521
        ],
        [
          -0.08359,
          -0.906091,
          -0.414744,
          1.704247
        ],
        [
          0.0,
          0.0,
          0.0,
          1.0
        ]
      ]
    },
    {
      "file_path": "/media/NFS/ttao/scannet/posed_images/scene0257_00/00107.jpg",
      "transform_matrix": [
        [
          0.983388,
          0.019383,
          -0.180477,
          5.070537
        ],
        [
          0.171114,
          -0.430728,
          0.886111,
          2.417688
        ],
        [
          -0.060561,
          -0.902274,
          -0.426889,
          1.683431
        ],
        [
          0.0,
          0.0,
          0.0,
          1.0
        ]
      ]
    },
    {
      "file_path": "/media/NFS/ttao/scannet/posed_images/scene0257_00/00112.jpg",
      "transform_matrix": [
        [
          0.988171,
          -0.012419,
          -0.152854,
          5.026855
        ],
        [
          0.133523,
          -0.420582,
          0.897375,
          2.487504
        ],
        [
          -0.075432,
          -0.90717,
          -0.413949,
          1.682108
        ],
        [
          0.0,
          0.0,
          0.0,
          1.0
        ]
      ]
    },
    {
      "file_path": "/media/NFS/ttao/scannet/posed_images/scene0257_00/00117.jpg",
      "transform_matrix": [
        [
          0.99219,
          -0.021557,
          -0.12286,
          5.020752
        ],
        [
          0.102318,
          -0.422718,
          0.900467,
          2.566826
        ],
        [
          -0.071346,
          -0.906005,
          -0.417211,
          1.676795
        ],
        [
          0.0,
          0.0,
          0.0,
          1.0
        ]
      ]
    },
    {
      "file_path": "/media/NFS/ttao/scannet/posed_images/scene0257_00/00123.jpg",
      "transform_matrix": [
        [
          0.993278,
          -0.029003,
          -0.112056,
          5.03247
        ],
        [
          0.091077,
          -0.401622,
          0.911265,
          2.654417
        ],
        [
          -0.071433,
          -0.915346,
          -0.396281,
          1.660289
        ],
        [
          0.0,
          0.0,
          0.0,
          1.0
        ]
      ]
    },
    {
      "file_path": "/media/NFS/ttao/scannet/posed_images/scene0257_00/00125.jpg",
      "transform_matrix": [
        [
          0.991347,
          -0.00661,
          -0.131101,
          5.0459
        ],
        [
          0.116472,
          -0.416341,
          0.901717,
          2.692436
        ],
        [
          -0.060543,
          -0.909184,
          -0.411969,
          1.652973
        ],
        [
          0.0,
          0.0,
          0.0,
          1.0
        ]
      ]
    },
    {
      "file_path": "/media/NFS/ttao/scannet/posed_images/scene0257_00/00130.jpg",
      "transform_matrix": [
        [
          0.985277,
          0.007331,
          -0.170811,
          5.063787
        ],
        [
          0.159419,
          -0.40037,
          0.90238,
          2.771454
        ],
        [
          -0.061772,
          -0.916324,
          -0.395644,
          1.657491
        ],
        [
          0.0,
          0.0,
          0.0,
          1.0
        ]
      ]
    },
    {
      "file_path": "/media/NFS/ttao/scannet/posed_images/scene0257_00/00140.jpg",
      "transform_matrix": [
        [
          0.971429,
          0.059582,
          -0.22973,
          5.112406
        ],
        [
          0.23393,
          -0.403677,
          0.884489,
          2.915145
        ],
        [
          -0.040037,
          -0.912959,
          -0.406081,
          1.651759
        ],
        [
          0.0,
          0.0,
          0.0,
          1.0
        ]
      ]
    },
    {
      "file_path": "/media/NFS/ttao/scannet/posed_images/scene0257_00/00143.jpg",
      "transform_matrix": [
        [
          0.972983,
          0.063392,
          -0.222005,
          5.110518
        ],
        [
          0.228422,
          -0.404183,
          0.885697,
          2.945016
        ],
        [
          -0.033585,
          -0.912479,
          -0.407744,
          1.642503
        ],
        [
          0.0,
          0.0,
          0.0,
          1.0
        ]
      ]
    },
    {
      "file_path": "/media/NFS/ttao/scannet/posed_images/scene0257_00/00151.jpg",
      "transform_matrix": [
        [
          0.983123,
          0.037648,
          -0.179031,
          5.082371
        ],
        [
          0.179889,
          -0.377108,
          0.908531,
          3.062551
        ],
        [
          -0.03331,
          -0.925404,
          -0.377516,
          1.620155
        ],
        [
          0.0,
          0.0,
          0.0,
          1.0
        ]
      ]
    },
    {
      "file_path": "/media/NFS/ttao/scannet/posed_images/scene0257_00/00155.jpg",
      "transform_matrix": [
        [
          0.984258,
          0.040647,
          -0.171998,
          5.046845
        ],
        [
          0.174836,
          -0.36623,
          0.913952,
          3.124093
        ],
        [
          -0.025842,
          -0.929636,
          -0.367571,
          1.615586
        ],
        [
          0.0,
          0.0,
          0.0,
          1.0
        ]
      ]
    },
    {
      "file_path": "/media/NFS/ttao/scannet/posed_images/scene0257_00/00160.jpg",
      "transform_matrix": [
        [
          0.982534,
          0.024451,
          -0.184471,
          5.035868
        ],
        [
          0.180984,
          -0.356079,
          0.916762,
          3.219867
        ],
        [
          -0.04327,
          -0.934136,
          -0.354285,
          1.598705
        ],
        [
          0.0,
          0.0,
          0.0,
          1.0
        ]
      ]
    },
    {
      "file_path": "/media/NFS/ttao/scannet/posed_images/scene0257_00/00163.jpg",
      "transform_matrix": [
        [
          0.981387,
          0.033553,
          -0.189087,
          5.032557
        ],
        [
          0.187989,
          -0.369042,
          0.910202,
          3.263359
        ],
        [
          -0.039241,
          -0.928807,
          -0.368481,
          1.595861
        ],
        [
          0.0,
          0.0,
          0.0,
          1.0
        ]
      ]
    },
    {
      "file_path": "/media/NFS/ttao/scannet/posed_images/scene0257_00/00170.jpg",
      "transform_matrix": [
        [
          0.982719,
          0.047601,
          -0.178879,
          5.014261
        ],
        [
          0.183679,
          -0.370477,
          0.910499,
          3.359596
        ],
        [
          -0.02293,
          -0.927621,
          -0.372818,
          1.576512
        ],
        [
          0.0,
          0.0,
          0.0,
          1.0
        ]
      ]
    },
    {
      "file_path": "/media/NFS/ttao/scannet/posed_images/scene0257_00/00174.jpg",
      "transform_matrix": [
        [
          0.981476,
          0.055468,
          -0.18338,
          5.01242
        ],
        [
          0.190958,
          -0.360636,
          0.912949,
          3.418487
        ],
        [
          -0.015494,
          -0.931056,
          -0.364548,
          1.576454
        ],
        [
          0.0,
          0.0,
          0.0,
          1.0
        ]
      ]
    },
    {
      "file_path": "/media/NFS/ttao/scannet/posed_images/scene0257_00/00181.jpg",
      "transform_matrix": [
        [
          0.9612,
          0.046868,
          -0.271844,
          5.075356
        ],
        [
          0.272478,
          -0.31501,
          0.909134,
          3.515411
        ],
        [
          -0.043024,
          -0.947931,
          -0.315558,
          1.538657
        ],
        [
          0.0,
          0.0,
          0.0,
          1.0
        ]
      ]
    },
    {
      "file_path": "/media/NFS/ttao/scannet/posed_images/scene0257_00/00189.jpg",
      "transform_matrix": [
        [
          0.96403,
          0.041946,
          -0.262464,
          5.049898
        ],
        [
          0.260422,
          -0.346597,
          0.901138,
          3.596535
        ],
        [
          -0.05317,
          -0.937076,
          -0.345054,
          1.552472
        ],
        [
          0.0,
          0.0,
          0.0,
          1.0
        ]
      ]
    },
    {
      "file_path": "/media/NFS/ttao/scannet/posed_images/scene0257_00/00191.jpg",
      "transform_matrix": [
        [
          0.964112,
          0.05476,
          -0.259788,
          5.05381
        ],
        [
          0.262562,
          -0.341759,
          0.902364,
          3.63571
        ],
        [
          -0.039371,
          -0.938191,
          -0.343872,
          1.540395
        ],
        [
          0.0,
          0.0,
          0.0,
          1.0
        ]
      ]
    },
    {
      "file_path": "/media/NFS/ttao/scannet/posed_images/scene0257_00/00201.jpg",
      "transform_matrix": [
        [
          0.978334,
          0.023509,
          -0.205692,
          4.989729
        ],
        [
          0.202392,
          -0.317754,
          0.92632,
          3.729707
        ],
        [
          -0.043583,
          -0.947882,
          -0.315628,
          1.527295
        ],
        [
          0.0,
          0.0,
          0.0,
          1.0
        ]
      ]
    },
    {
      "file_path": "/media/NFS/ttao/scannet/posed_images/scene0257_00/00206.jpg",
      "transform_matrix": [
        [
          0.968472,
          0.026384,
          -0.247723,
          4.974429
        ],
        [
          0.243405,
          -0.312053,
          0.918355,
          3.790029
        ],
        [
          -0.053072,
          -0.949698,
          -0.308636,
          1.524476
        ],
        [
          0.0,
          0.0,
          0.0,
          1.0
        ]
      ]
    },
    {
      "file_path": "/media/NFS/ttao/scannet/posed_images/scene0257_00/00207.jpg",
      "transform_matrix": [
        [
          0.969294,
          0.028912,
          -0.244201,
          4.964972
        ],
        [
          0.240673,
          -0.315321,
          0.917959,
          3.796365
        ],
        [
          -0.050462,
          -0.948545,
          -0.312597,
          1.525336
        ],
        [
          0.0,
          0.0,
          0.0,
          1.0
        ]
      ]
    },
    {
      "file_path": "/media/NFS/ttao/scannet/posed_images/scene0257_00/00217.jpg",
      "transform_matrix": [
        [
          0.953595,
          0.063905,
          -0.294234,
          4.959013
        ],
        [
          0.299346,
          -0.306358,
          0.903624,
          3.846995
        ],
        [
          -0.032395,
          -0.949769,
          -0.311272,
          1.523087
        ],
        [
          0.0,
          0.0,
          0.0,
          1.0
        ]
      ]
    },
    {
      "file_path": "/media/NFS/ttao/scannet/posed_images/scene0257_00/00222.jpg",
      "transform_matrix": [
        [
          0.932293,
          0.08248,
          -0.352174,
          4.981807
        ],
        [
          0.359563,
          -0.317116,
          0.877583,
          3.86413
        ],
        [
          -0.039297,
          -0.944793,
          -0.325302,
          1.541424
        ],
        [
          0.0,
          0.0,
          0.0,
          1.0
        ]
      ]
    },
    {
      "file_path": "/media/NFS/ttao/scannet/posed_images/scene0257_00/00226.jpg",
      "transform_matrix": [
        [
          0.923603,
          0.073531,
          -0.376233,
          4.997865
        ],
        [
          0.379705,
          -0.310508,
          0.87144,
          3.868538
        ],
        [
          -0.052746,
          -0.947723,
          -0.314706,
          1.539339
        ],
        [
          0.0,
          0.0,
          0.0,
          1.0
        ]
      ]
    },
    {
      "file_path": "/media/NFS/ttao/scannet/posed_images/scene0257_00/00234.jpg",
      "transform_matrix": [
        [
          0.899559,
          0.066622,
          -0.431689,
          5.037886
        ],
        [
          0.430431,
          -0.303353,
          0.850121,
          3.883534
        ],
        [
          -0.074317,
          -0.950546,
          -0.301561,
          1.536515
        ],
        [
          0.0,
          0.0,
          0.0,
          1.0
        ]
      ]
    },
    {
      "file_path": "/media/NFS/ttao/scannet/posed_images/scene0257_00/00235.jpg",
      "transform_matrix": [
        [
          0.897359,
          0.067219,
          -0.436152,
          5.037625
        ],
        [
          0.434816,
          -0.303498,
          0.847834,
          3.882355
        ],
        [
          -0.07538,
          -0.950458,
          -0.301575,
          1.539555
        ],
        [
          0.0,
          0.0,
          0.0,
          1.0
        ]
      ]
    },
    {
      "file_path": "/media/NFS/ttao/scannet/posed_images/scene0257_00/00240.jpg",
      "transform_matrix": [
        [
          0.881278,
          0.075225,
          -0.466574,
          5.026675
        ],
        [
          0.466347,
          -0.298473,
          0.832727,
          3.881739
        ],
        [
          -0.076618,
          -0.951449,
          -0.298118,
          1.543826
        ],
        [
          0.0,
          0.0,
          0.0,
          1.0
        ]
      ]
    },
    {
      "file_path": "/media/NFS/ttao/scannet/posed_images/scene0257_00/00245.jpg",
      "transform_matrix": [
        [
          0.867513,
          0.087654,
          -0.48963,
          5.030542
        ],
        [
          0.492608,
          -0.287893,
          0.821252,
          3.888551
        ],
        [
          -0.068975,
          -0.953643,
          -0.29293,
          1.550285
        ],
        [
          0.0,
          0.0,
          0.0,
          1.0
        ]
      ]
    },
    {
      "file_path": "/media/NFS/ttao/scannet/posed_images/scene0257_00/00252.jpg",
      "transform_matrix": [
        [
          0.844484,
          0.124771,
          -0.520845,
          5.015629
        ],
        [
          0.533404,
          -0.283535,
          0.796924,
          3.88884
        ],
        [
          -0.048245,
          -0.95081,
          -0.305994,
          1.553617
        ],
        [
          0.0,
          0.0,
          0.0,
          1.0
        ]
      ]
    },
    {
      "file_path": "/media/NFS/ttao/scannet/posed_images/scene0257_00/00258.jpg",
      "transform_matrix": [
        [
          0.813651,
          0.156518,
          -0.559887,
          5.01894
        ],
        [
          0.58011,
          -0.281536,
          0.764336,
          3.898117
        ],
        [
          -0.037996,
          -0.9467,
          -0.319869,
          1.549308
        ],
        [
          0.0,
          0.0,
          0.0,
          1.0
        ]
      ]
    },
    {
      "file_path": "/media/NFS/ttao/scannet/posed_images/scene0257_00/00267.jpg",
      "transform_matrix": [
        [
          0.744371,
          0.186304,
          -0.641251,
          5.037162
        ],
        [
          0.665405,
          -0.287625,
          0.688845,
          3.935296
        ],
        [
          -0.056105,
          -0.939448,
          -0.338067,
          1.561098
        ],
        [
          0.0,
          0.0,
          0.0,
          1.0
        ]
      ]
    },
    {
      "file_path": "/media/NFS/ttao/scannet/posed_images/scene0257_00/00272.jpg",
      "transform_matrix": [
        [
          0.729596,
          0.195264,
          -0.655409,
          5.027441
        ],
        [
          0.681832,
          -0.281781,
          0.675059,
          3.922845
        ],
        [
          -0.052867,
          -0.9394,
          -0.338723,
          1.566144
        ],
        [
          0.0,
          0.0,
          0.0,
          1.0
        ]
      ]
    },
    {
      "file_path": "/media/NFS/ttao/scannet/posed_images/scene0257_00/00277.jpg",
      "transform_matrix": [
        [
          0.719978,
          0.19605,
          -0.66573,
          5.024953
        ],
        [
          0.691737,
          -0.280086,
          0.665621,
          3.925869
        ],
        [
          -0.055967,
          -0.939743,
          -0.337271,
          1.570571
        ],
        [
          0.0,
          0.0,
          0.0,
          1.0
        ]
      ]
    },
    {
      "file_path": "/media/NFS/ttao/scannet/posed_images/scene0257_00/00280.jpg",
      "transform_matrix": [
        [
          0.717032,
          0.192487,
          -0.669936,
          5.030301
        ],
        [
          0.69479,
          -0.274524,
          0.664758,
          3.921571
        ],
        [
          -0.055956,
          -0.942118,
          -0.33058,
          1.558014
        ],
        [
          0.0,
          0.0,
          0.0,
          1.0
        ]
      ]
    },
    {
      "file_path": "/media/NFS/ttao/scannet/posed_images/scene0257_00/00288.jpg",
      "transform_matrix": [
        [
          0.714646,
          0.199675,
          -0.670381,
          5.038454
        ],
        [
          0.69725,
          -0.279921,
          0.659914,
          3.925572
        ],
        [
          -0.055886,
          -0.939028,
          -0.339268,
          1.551144
        ],
        [
          0.0,
          0.0,
          0.0,
          1.0
        ]
      ]
    },
    {
      "file_path": "/media/NFS/ttao/scannet/posed_images/scene0257_00/00290.jpg",
      "transform_matrix": [
        [
          0.714952,
          0.195901,
          -0.671168,
          5.039412
        ],
        [
          0.696584,
          -0.282123,
          0.65968,
          3.925756
        ],
        [
          -0.06012,
          -0.939164,
          -0.338165,
          1.548794
        ],
        [
          0.0,
          0.0,
          0.0,
          1.0
        ]
      ]
    },
    {
      "file_path": "/media/NFS/ttao/scannet/posed_images/scene0257_00/00300.jpg",
      "transform_matrix": [
        [
          0.690559,
          0.214234,
          -0.69082,
          5.041447
        ],
        [
          0.720224,
          -0.291335,
          0.629604,
          3.941197
        ],
        [
          -0.066377,
          -0.932324,
          -0.355481,
          1.535783
        ],
        [
          0.0,
          0.0,
          0.0,
          1.0
        ]
      ]
    },
    {
      "file_path": "/media/NFS/ttao/scannet/posed_images/scene0257_00/00303.jpg",
      "transform_matrix": [
        [
          0.67103,
          0.217687,
          -0.708753,
          5.04603
        ],
        [
          0.738541,
          -0.280558,
          0.613061,
          3.945969
        ],
        [
          -0.065391,
          -0.934826,
          -0.349034,
          1.523921
        ],
        [
          0.0,
          0.0,
          0.0,
          1.0
        ]
      ]
    },
    {
      "file_path": "/media/NFS/ttao/scannet/posed_images/scene0257_00/00308.jpg",
      "transform_matrix": [
        [
          0.635487,
          0.236112,
          -0.735124,
          5.048845
        ],
        [
          0.768949,
          -0.279619,
          0.574918,
          3.97009
        ],
        [
          -0.06981,
          -0.930626,
          -0.359252,
          1.513382
        ],
        [
          0.0,
          0.0,
          0.0,
          1.0
        ]
      ]
    },
    {
      "file_path": "/media/NFS/ttao/scannet/posed_images/scene0257_00/00313.jpg",
      "transform_matrix": [
        [
          0.62739,
          0.261323,
          -0.733547,
          5.019159
        ],
        [
          0.776049,
          -0.287562,
          0.561298,
          3.987412
        ],
        [
          -0.06426,
          -0.921422,
          -0.383213,
          1.506566
        ],
        [
          0.0,
          0.0,
          0.0,
          1.0
        ]
      ]
    },
    {
      "file_path": "/media/NFS/ttao/scannet/posed_images/scene0257_00/00318.jpg",
      "transform_matrix": [
        [
          0.612327,
          0.25712,
          -0.747626,
          4.97055
        ],
        [
          0.788957,
          -0.259735,
          0.556852,
          4.023284
        ],
        [
          -0.051006,
          -0.930821,
          -0.3619,
          1.510552
        ],
        [
          0.0,
          0.0,
          0.0,
          1.0
        ]
      ]
    },
    {
      "file_path": "/media/NFS/ttao/scannet/posed_images/scene0257_00/00324.jpg",
      "transform_matrix": [
        [
          0.583832,
          0.245543,
          -0.773853,
          4.919876
        ],
        [
          0.810909,
          -0.222846,
          0.541079,
          4.072882
        ],
        [
          -0.039592,
          -0.943424,
          -0.329218,
          1.514269
        ],
        [
          0.0,
          0.0,
          0.0,
          1.0
        ]
      ]
    },
    {
      "file_path": "/media/NFS/ttao/scannet/posed_images/scene0257_00/00332.jpg",
      "transform_matrix": [
        [
          0.555525,
          0.243079,
          -0.795175,
          4.87467
        ],
        [
          0.828881,
          -0.237716,
          0.506405,
          4.141838
        ],
        [
          -0.06593,
          -0.940427,
          -0.333541,
          1.505647
        ],
        [
          0.0,
          0.0,
          0.0,
          1.0
        ]
      ]
    },
    {
      "file_path": "/media/NFS/ttao/scannet/posed_images/scene0257_00/00334.jpg",
      "transform_matrix": [
        [
          0.54311,
          0.244114,
          -0.803393,
          4.867769
        ],
        [
          0.836901,
          -0.234901,
          0.494387,
          4.159161
        ],
        [
          -0.068031,
          -0.940867,
          -0.331876,
          1.505237
        ],
        [
          0.0,
          0.0,
          0.0,
          1.0
        ]
      ]
    },
    {
      "file_path": "/media/NFS/ttao/scannet/posed_images/scene0257_00/00342.jpg",
      "transform_matrix": [
        [
          0.46089,
          0.244326,
          -0.853162,
          4.857887
        ],
        [
          0.885073,
          -0.196965,
          0.421723,
          4.225581
        ],
        [
          -0.065005,
          -0.949479,
          -0.307025,
          1.493955
        ],
        [
          0.0,
          0.0,
          0.0,
          1.0
        ]
      ]
    },
    {
      "file_path": "/media/NFS/ttao/scannet/posed_images/scene0257_00/00349.jpg",
      "transform_matrix": [
        [
          0.399405,
          0.252588,
          -0.881291,
          4.864435
        ],
        [
          0.915093,
          -0.168029,
          0.366565,
          4.290735
        ],
        [
          -0.055493,
          -0.952872,
          -0.298254,
          1.487109
        ],
        [
          0.0,
          0.0,
          0.0,
          1.0
        ]
      ]
    },
    {
      "file_path": "/media/NFS/ttao/scannet/posed_images/scene0257_00/00354.jpg",
      "transform_matrix": [
        [
          0.378536,
          0.277993,
          -0.882854,
          4.863485
        ],
        [
          0.923952,
          -0.170156,
          0.342578,
          4.321826
        ],
        [
          -0.054989,
          -0.945392,
          -0.321262,
          1.493205
        ],
        [
          0.0,
          0.0,
          0.0,
          1.0
        ]
      ]
    },
    {
      "file_path": "/media/NFS/ttao/scannet/posed_images/scene0257_00/00357.jpg",
      "transform_matrix": [
        [
          0.364464,
          0.267201,
          -0.892059,
          4.865302
        ],
        [
          0.928199,
          -0.181304,
          0.324923,
          4.341125
        ],
        [
          -0.074914,
          -0.946431,
          -0.314095,
          1.490909
        ],
        [
          0.0,
          0.0,
          0.0,
          1.0
        ]
      ]
    },
    {
      "file_path": "/media/NFS/ttao/scannet/posed_images/scene0257_00/00364.jpg",
      "transform_matrix": [
        [
          0.340586,
          0.24996,
          -0.906378,
          4.838004
        ],
        [
          0.933916,
          -0.20132,
          0.295414,
          4.383813
        ],
        [
          -0.10863,
          -0.947096,
          -0.302009,
          1.479216
        ],
        [
          0.0,
          0.0,
          0.0,
          1.0
        ]
      ]
    },
    {
      "file_path": "/media/NFS/ttao/scannet/posed_images/scene0257_00/00367.jpg",
      "transform_matrix": [
        [
          0.338209,
          0.259162,
          -0.904682,
          4.826831
        ],
        [
          0.934751,
          -0.20374,
          0.291086,
          4.403789
        ],
        [
          -0.108881,
          -0.9441,
          -0.311158,
          1.466559
        ],
        [
          0.0,
          0.0,
          0.0,
          1.0
        ]
      ]
    },
    {
      "file_path": "/media/NFS/ttao/scannet/posed_images/scene0257_00/00372.jpg",
      "transform_matrix": [
        [
          0.312549,
          0.256515,
          -0.914611,
          4.805338
        ],
        [
          0.944842,
          -0.183202,
          0.271498,
          4.433095
        ],
        [
          -0.097915,
          -0.949019,
          -0.299625,
          1.452849
        ],
        [
          0.0,
          0.0,
          0.0,
          1.0
        ]
      ]
    },
    {
      "file_path": "/media/NFS/ttao/scannet/posed_images/scene0257_00/00379.jpg",
      "transform_matrix": [
        [
          0.303624,
          0.321252,
          -0.897,
          4.732231
        ],
        [
          0.948849,
          -0.187507,
          0.25402,
          4.473934
        ],
        [
          -0.086589,
          -0.928245,
          -0.361752,
          1.44334
        ],
        [
          0.0,
          0.0,
          0.0,
          1.0
        ]
      ]
    },
    {
      "file_path": "/media/NFS/ttao/scannet/posed_images/scene0257_00/00387.jpg",
      "transform_matrix": [
        [
          0.25268,
          0.319984,
          -0.913106,
          4.661191
        ],
        [
          0.962516,
          -0.179277,
          0.203528,
          4.523829
        ],
        [
          -0.098573,
          -0.930306,
          -0.35329,
          1.442341
        ],
        [
          0.0,
          0.0,
          0.0,
          1.0
        ]
      ]
    },
    {
      "file_path": "/media/NFS/ttao/scannet/posed_images/scene0257_00/00392.jpg",
      "transform_matrix": [
        [
          0.289639,
          0.339953,
          -0.89473,
          4.612041
        ],
        [
          0.955352,
          -0.159721,
          0.248578,
          4.534756
        ],
        [
          -0.058403,
          -0.92678,
          -0.371036,
          1.440782
        ],
        [
          0.0,
          0.0,
          0.0,
          1.0
        ]
      ]
    },
    {
      "file_path": "/media/NFS/ttao/scannet/posed_images/scene0257_00/00397.jpg",
      "transform_matrix": [
        [
          0.24023,
          0.358961,
          -0.901907,
          4.568285
        ],
        [
          0.969763,
          -0.129892,
          0.206607,
          4.564165
        ],
        [
          -0.042986,
          -0.92427,
          -0.379311,
          1.432032
        ],
        [
          0.0,
          0.0,
          0.0,
          1.0
        ]
      ]
    },
    {
      "file_path": "/media/NFS/ttao/scannet/posed_images/scene0257_00/00400.jpg",
      "transform_matrix": [
        [
          0.212934,
          0.35432,
          -0.910558,
          4.538639
        ],
        [
          0.976355,
          -0.11271,
          0.184462,
          4.589589
        ],
        [
          -0.037271,
          -0.928307,
          -0.369943,
          1.433086
        ],
        [
          0.0,
          0.0,
          0.0,
          1.0
        ]
      ]
    },
    {
      "file_path": "/media/NFS/ttao/scannet/posed_images/scene0257_00/00408.jpg",
      "transform_matrix": [
        [
          0.120832,
          0.350542,
          -0.928719,
          4.459963
        ],
        [
          0.992426,
          -0.063522,
          0.105144,
          4.64597
        ],
        [
          -0.022137,
          -0.93439,
          -0.355563,
          1.433212
        ],
        [
          0.0,
          0.0,
          0.0,
          1.0
        ]
      ]
    },
    {
      "file_path": "/media/NFS/ttao/scannet/posed_images/scene0257_00/00413.jpg",
      "transform_matrix": [
        [
          0.104467,
          0.373453,
          -0.921748,
          4.435369
        ],
        [
          0.993944,
          -0.070961,
          0.0839,
          4.65858
        ],
        [
          -0.034075,
          -0.924931,
          -0.378604,
          1.430646
        ],
        [
          0.0,
          0.0,
          0.0,
          1.0
        ]
      ]
    },
    {
      "file_path": "/media/NFS/ttao/scannet/posed_images/scene0257_00/00416.jpg",
      "transform_matrix": [
        [
          0.109835,
          0.380434,
          -0.918263,
          4.406971
        ],
        [
          0.99317,
          -0.078583,
          0.086238,
          4.66161
        ],
        [
          -0.039351,
          -0.921463,
          -0.386467,
          1.43307
        ],
        [
          0.0,
          0.0,
          0.0,
          1.0
        ]
      ]
    },
    {
      "file_path": "/media/NFS/ttao/scannet/posed_images/scene0257_00/00425.jpg",
      "transform_matrix": [
        [
          0.160504,
          0.368911,
          -0.915502,
          4.273822
        ],
        [
          0.986862,
          -0.077327,
          0.141855,
          4.640356
        ],
        [
          -0.018461,
          -0.926243,
          -0.376476,
          1.424367
        ],
        [
