{
  "frames": [
    {
      "file_path": "/media/NFS/ttao/scannet/posed_images/scene0484_00/00001.jpg",
      "transform_matrix": [
        [
          -0.431398,
          -0.486495,
          0.759749,
          2.152632
        ],
        [
          -0.901118,
          0.27287,
          -0.336941,
          4.060687
        ],
        [
          -0.043392,
          -0.829979,
          -0.556105,
          1.309282
        ],
        [
          0.0,
          0.0,
          0.0,
          1.0
        ]
      ]
    },
    {
      "file_path": "/media/NFS/ttao/scannet/posed_images/scene0484_00/00003.jpg",
      "transform_matrix": [
        [
          -0.424158,
          -0.488696,
          0.762408,
          2.148143
        ],
        [
          -0.904416,
          0.271426,
          -0.329181,
          4.057992
        ],
        [
          -0.046068,
          -0.829159,
          -0.557112,
          1.309968
        ],
        [
          0.0,
          0.0,
          0.0,
          1.0
        ]
      ]
    },
    {
      "file_path": "/media/NFS/ttao/scannet/posed_images/scene0484_00/00006.jpg",
      "transform_matrix": [
        [
          -0.426517,
          -0.483853,
          0.76418,
          2.144447
        ],
        [
          -0.903113,
          0.274244,
          -0.330419,
          4.050838
        ],
        [
          -0.049698,
          -0.83107,
          -0.553943,
          1.312699
        ],
        [
          0.0,
          0.0,
          0.0,
          1.0
        ]
      ]
    },
    {
      "file_path": "/media/NFS/ttao/scannet/posed_images/scene0484_00/00010.jpg",
      "transform_matrix": [
        [
          -0.438642,
          -0.470861,
          0.76543,
          2.133617
        ],
        [
          -0.897664,
          0.269708,
          -0.348508,
          4.028849
        ],
        [
          -0.042344,
          -0.839969,
          -0.54098,
          1.320138
        ],
        [
          0.0,
          0.0,
          0.0,
          1.0
        ]
      ]
    },
    {
      "file_path": "/media/NFS/ttao/scannet/posed_images/scene0484_00/00012.jpg",
      "transform_matrix": [
        [
          -0.445116,
          -0.464936,
          0.765315,
          2.131079
        ],
        [
          -0.894502,
          0.270649,
          -0.355831,
          4.019782
        ],
        [
          -0.041693,
          -0.842961,
          -0.536356,
          1.32336
        ],
        [
          0.0,
          0.0,
          0.0,
          1.0
        ]
      ]
    },
    {
      "file_path": "/media/NFS/ttao/scannet/posed_images/scene0484_00/00018.jpg",
      "transform_matrix": [
        [
          -0.450773,
          -0.419399,
          0.787977,
          2.127252
        ],
        [
          -0.892371,
          0.233336,
          -0.386301,
          3.991445
        ],
        [
          -0.021849,
          -0.877302,
          -0.479441,
          1.347977
        ],
        [
          0.0,
          0.0,
          0.0,
          1.0
        ]
      ]
    },
    {
      "file_path": "/media/NFS/ttao/scannet/posed_images/scene0484_00/00021.jpg",
      "transform_matrix": [
        [
          -0.447378,
          -0.396171,
          0.801812,
          2.125972
        ],
        [
          -0.894261,
          0.210458,
          -0.394975,
          3.982455
        ],
        [
          -0.01227,
          -0.893732,
          -0.448434,
          1.352322
        ],
        [
          0.0,
          0.0,
          0.0,
          1.0
        ]
      ]
    },
    {
      "file_path": "/media/NFS/ttao/scannet/posed_images/scene0484_00/00024.jpg",
      "transform_matrix": [
        [
          -0.441132,
          -0.377627,
          0.814125,
          2.125673
        ],
        [
          -0.89738,
          0.196302,
          -0.39519,
          3.970213
        ],
        [
          -0.01058,
          -0.904911,
          -0.42547,
          1.353932
        ],
        [
          0.0,
          0.0,
          0.0,
          1.0
        ]
      ]
    },
    {
      "file_path": "/media/NFS/ttao/scannet/posed_images/scene0484_00/00027.jpg",
      "transform_matrix": [
        [
          -0.4256,
          -0.370488,
          0.825593,
          2.127652
        ],
        [
          -0.904833,
          0.186244,
          -0.382871,
          3.954465
        ],
        [
          -0.011913,
          -0.909973,
          -0.414496,
          1.353632
        ],
        [
          0.0,
          0.0,
          0.0,
          1.0
        ]
      ]
    },
    {
      "file_path": "/media/NFS/ttao/scannet/posed_images/scene0484_00/00028.jpg",
      "transform_matrix": [
        [
          -0.420167,
          -0.372184,
          0.82761,
          2.129894
        ],
        [
          -0.907392,
          0.182381,
          -0.378653,
          3.949658
        ],
        [
          -0.010012,
          -0.910064,
          -0.414347,
          1.351551
        ],
        [
          0.0,
          0.0,
          0.0,
          1.0
        ]
      ]
    },
    {
      "file_path": "/media/NFS/ttao/scannet/posed_images/scene0484_00/00032.jpg",
      "transform_matrix": [
        [
          -0.39993,
          -0.400601,
          0.824363,
          2.150428
        ],
        [
          -0.916546,
          0.175574,
          -0.35933,
          3.930598
        ],
        [
          -0.000788,
          -0.899273,
          -0.437386,
          1.347077
        ],
        [
          0.0,
          0.0,
          0.0,
          1.0
        ]
      ]
    },
    {
      "file_path": "/media/NFS/ttao/scannet/posed_images/scene0484_00/00035.jpg",
      "transform_matrix": [
        [
          -0.390511,
          -0.401968,
          0.828204,
          2.175805
        ],
        [
          -0.920588,
          0.174775,
          -0.349245,
          3.913538
        ],
        [
          -0.004365,
          -0.898819,
          -0.438298,
          1.347879
        ],
        [
          0.0,
          0.0,
          0.0,
          1.0
        ]
      ]
    },
    {
      "file_path": "/media/NFS/ttao/scannet/posed_images/scene0484_00/00038.jpg",
      "transform_matrix": [
        [
          -0.384228,
          -0.393354,
          0.83525,
          2.206919
        ],
        [
          -0.923202,
          0.171756,
          -0.3438,
          3.89286
        ],
        [
          -0.008224,
          -0.903202,
          -0.429138,
          1.346387
        ],
        [
          0.0,
          0.0,
          0.0,
          1.0
        ]
      ]
    },
    {
      "file_path": "/media/NFS/ttao/scannet/posed_images/scene0484_00/00041.jpg",
      "transform_matrix": [
        [
          -0.388062,
          -0.376963,
          0.841015,
          2.244004
        ],
        [
          -0.921545,
          0.171333,
          -0.348425,
          3.872926
        ],
        [
          -0.01275,
          -0.910244,
          -0.413876,
          1.341827
        ],
        [
          0.0,
          0.0,
          0.0,
          1.0
        ]
      ]
    },
    {
      "file_path": "/media/NFS/ttao/scannet/posed_images/scene0484_00/00045.jpg",
      "transform_matrix": [
        [
          -0.408102,
          -0.355023,
          0.841078,
          2.305798
        ],
        [
          -0.912842,
          0.171937,
          -0.370347,
          3.843397
        ],
        [
          -0.013131,
          -0.91891,
          -0.394248,
          1.344506
        ],
        [
          0.0,
          0.0,
          0.0,
          1.0
        ]
      ]
    },
    {
      "file_path": "/media/NFS/ttao/scannet/posed_images/scene0484_00/00049.jpg",
      "transform_matrix": [
        [
          -0.427106,
          -0.356757,
          0.830846,
          2.372015
        ],
        [
          -0.90394,
          0.190544,
          -0.382864,
          3.810601
        ],
        [
          -0.021723,
          -0.914559,
          -0.40387,
          1.353525
        ],
        [
          0.0,
          0.0,
          0.0,
          1.0
        ]
      ]
    },
    {
      "file_path": "/media/NFS/ttao/scannet/posed_images/scene0484_00/00053.jpg",
      "transform_matrix": [
        [
          -0.442754,
          -0.35921,
          0.821545,
          2.422368
        ],
        [
          -0.896505,
          0.193405,
          -0.398588,
          3.786192
        ],
        [
          -0.015714,
          -0.912996,
          -0.407665,
          1.349492
        ],
        [
          0.0,
          0.0,
          0.0,
          1.0
        ]
      ]
    },
    {
      "file_path": "/media/NFS/ttao/scannet/posed_images/scene0484_00/00054.jpg",
      "transform_matrix": [
        [
          -0.444125,
          -0.361429,
          0.819831,
          2.432915
        ],
        [
          -0.895829,
          0.195103,
          -0.399282,
          3.780496
        ],
        [
          -0.015639,
          -0.911759,
          -0.410428,
          1.347032
        ],
        [
          0.0,
          0.0,
          0.0,
          1.0
        ]
      ]
    },
    {
      "file_path": "/media/NFS/ttao/scannet/posed_images/scene0484_00/00057.jpg",
      "transform_matrix": [
        [
          -0.445588,
          -0.373247,
          0.813718,
          2.473776
        ],
        [
          -0.895172,
          0.19681,
          -0.399916,
          3.748331
        ],
        [
          -0.01088,
          -0.906616,
          -0.421816,
          1.34863
        ],
        [
          0.0,
          0.0,
          0.0,
          1.0
        ]
      ]
    },
    {
      "file_path": "/media/NFS/ttao/scannet/posed_images/scene0484_00/00060.jpg",
      "transform_matrix": [
        [
          -0.427591,
          -0.37655,
          0.821813,
          2.497346
        ],
        [
          -0.90391,
          0.188742,
          -0.383826,
          3.713048
        ],
        [
          -0.01058,
          -0.906966,
          -0.421071,
          1.347616
        ],
        [
          0.0,
          0.0,
          0.0,
          1.0
        ]
      ]
    },
    {
      "file_path": "/media/NFS/ttao/scannet/posed_images/scene0484_00/00064.jpg",
      "transform_matrix": [
        [
          -0.383234,
          -0.395347,
          0.834765,
          2.528864
        ],
        [
          -0.923525,
          0.178951,
          -0.339231,
          3.66887
        ],
        [
          -0.015268,
          -0.900931,
          -0.433692,
          1.348539
        ],
        [
          0.0,
          0.0,
          0.0,
          1.0
        ]
      ]
    },
    {
      "file_path": "/media/NFS/ttao/scannet/posed_images/scene0484_00/00068.jpg",
      "transform_matrix": [
        [
          -0.307671,
          -0.391259,
          0.867326,
          2.556011
        ],
        [
          -0.951224,
          0.148154,
          -0.270598,
          3.6189
        ],
        [
          -0.022624,
          -0.908277,
          -0.417758,
          1.361262
        ],
        [
          0.0,
          0.0,
          0.0,
          1.0
        ]
      ]
    },
    {
      "file_path": "/media/NFS/ttao/scannet/posed_images/scene0484_00/00071.jpg",
      "transform_matrix": [
        [
          -0.247114,
          -0.38956,
          0.887231,
          2.565094
        ],
        [
          -0.968593,
          0.125393,
          -0.214718,
          3.597177
        ],
        [
          -0.027607,
          -0.912425,
          -0.408311,
          1.354341
        ],
        [
          0.0,
          0.0,
          0.0,
          1.0
        ]
      ]
    },
    {
      "file_path": "/media/NFS/ttao/scannet/posed_images/scene0484_00/00075.jpg",
      "transform_matrix": [
        [
          -0.162923,
          -0.401886,
          0.901079,
          2.585325
        ],
        [
          -0.985994,
          0.099333,
          -0.133973,
          3.559754
        ],
        [
          -0.035665,
          -0.910286,
          -0.412441,
          1.354388
        ],
        [
          0.0,
          0.0,
          0.0,
          1.0
        ]
      ]
    },
    {
      "file_path": "/media/NFS/ttao/scannet/posed_images/scene0484_00/00079.jpg",
      "transform_matrix": [
        [
          -0.121147,
          -0.408065,
          0.904879,
          2.597875
        ],
        [
          -0.991717,
          0.088933,
          -0.092668,
          3.531768
        ],
        [
          -0.042659,
          -0.908611,
          -0.415459,
          1.356289
        ],
        [
          0.0,
          0.0,
          0.0,
          1.0
        ]
      ]
    },
    {
      "file_path": "/media/NFS/ttao/scannet/posed_images/scene0484_00/00082.jpg",
      "transform_matrix": [
        [
          -0.11501,
          -0.407466,
          0.905949,
          2.59555
        ],
        [
          -0.992316,
          0.089008,
          -0.085942,
          3.524138
        ],
        [
          -0.045618,
          -0.908873,
          -0.414572,
          1.353888
        ],
        [
          0.0,
          0.0,
          0.0,
          1.0
        ]
      ]
    },
    {
      "file_path": "/media/NFS/ttao/scannet/posed_images/scene0484_00/00083.jpg",
      "transform_matrix": [
        [
          -0.113222,
          -0.408622,
          0.905654,
          2.596971
        ],
        [
          -0.99249,
          0.089,
          -0.083921,
          3.521424
        ],
        [
          -0.046311,
          -0.908354,
          -0.41563,
          1.353813
        ],
        [
          0.0,
          0.0,
          0.0,
          1.0
        ]
      ]
    },
    {
      "file_path": "/media/NFS/ttao/scannet/posed_images/scene0484_00/00086.jpg",
      "transform_matrix": [
        [
          -0.106615,
          -0.41453,
          0.903769,
          2.599348
        ],
        [
          -0.992742,
          0.095251,
          -0.073422,
          3.506378
        ],
        [
          -0.055649,
          -0.905037,
          -0.421677,
          1.351966
        ],
        [
          0.0,
          0.0,
          0.0,
          1.0
        ]
      ]
    },
    {
      "file_path": "/media/NFS/ttao/scannet/posed_images/scene0484_00/00089.jpg",
      "transform_matrix": [
        [
          -0.13132,
          -0.422071,
          0.897001,
          2.600521
        ],
        [
          -0.98947,
          0.111357,
          -0.09246,
          3.492078
        ],
        [
          -0.060863,
          -0.899697,
          -0.43225,
          1.349421
        ],
        [
          0.0,
          0.0,
          0.0,
          1.0
        ]
      ]
    },
    {
      "file_path": "/media/NFS/ttao/scannet/posed_images/scene0484_00/00092.jpg",
      "transform_matrix": [
        [
          -0.192329,
          -0.427013,
          0.883555,
          2.611234
        ],
        [
          -0.979411,
          0.139815,
          -0.145623,
          3.488271
        ],
        [
          -0.061351,
          -0.893371,
          -0.445111,
          1.354339
        ],
        [
          0.0,
          0.0,
          0.0,
          1.0
        ]
      ]
    },
    {
      "file_path": "/media/NFS/ttao/scannet/posed_images/scene0484_00/00096.jpg",
      "transform_matrix": [
        [
          -0.285259,
          -0.413975,
          0.864437,
          2.611825
        ],
        [
          -0.956416,
          0.181689,
          -0.228601,
          3.465832
        ],
        [
          -0.062423,
          -0.891972,
          -0.447761,
          1.355141
        ],
        [
          0.0,
          0.0,
          0.0,
          1.0
        ]
      ]
    },
    {
      "file_path": "/media/NFS/ttao/scannet/posed_images/scene0484_00/00100.jpg",
      "transform_matrix": [
        [
          -0.369014,
          -0.409146,
          0.834523,
          2.61262
        ],
        [
          -0.927901,
          0.213557,
          -0.305602,
          3.449686
        ],
        [
          -0.053182,
          -0.887126,
          -0.458453,
          1.356292
        ],
        [
          0.0,
          0.0,
          0.0,
          1.0
        ]
      ]
    },
    {
      "file_path": "/media/NFS/ttao/scannet/posed_images/scene0484_00/00104.jpg",
      "transform_matrix": [
        [
          -0.445383,
          -0.405756,
          0.79812,
          2.606101
        ],
        [
          -0.894687,
          0.235723,
          -0.379433,
          3.445051
        ],
        [
          -0.034178,
          -0.883061,
          -0.468012,
          1.352011
        ],
        [
          0.0,
          0.0,
          0.0,
          1.0
        ]
      ]
    },
    {
      "file_path": "/media/NFS/ttao/scannet/posed_images/scene0484_00/00107.jpg",
      "transform_matrix": [
        [
          -0.481556,
          -0.399995,
          0.779812,
          2.600683
        ],
        [
          -0.875602,
          0.257892,
          -0.408427,
          3.444802
        ],
        [
          -0.037739,
          -0.879486,
          -0.474426,
          1.351829
        ],
        [
          0.0,
          0.0,
          0.0,
          1.0
        ]
      ]
    },
    {
      "file_path": "/media/NFS/ttao/scannet/posed_images/scene0484_00/00111.jpg",
      "transform_matrix": [
        [
          -0.509059,
          -0.395686,
          0.76439,
          2.588168
        ],
        [
          -0.859888,
          0.273091,
          -0.431293,
          3.435099
        ],
        [
          -0.038091,
          -0.876843,
          -0.479265,
          1.346273
        ],
        [
          0.0,
          0.0,
          0.0,
          1.0
        ]
      ]
    },
    {
      "file_path": "/media/NFS/ttao/scannet/posed_images/scene0484_00/00112.jpg",
      "transform_matrix": [
        [
          -0.51772,
          -0.395261,
          0.758772,
          2.586823
        ],
        [
          -0.854784,
          0.276491,
          -0.4392,
          3.440345
        ],
        [
          -0.036195,
          -0.875969,
          -0.481008,
          1.346979
        ],
        [
          0.0,
          0.0,
          0.0,
          1.0
        ]
      ]
    },
    {
      "file_path": "/media/NFS/ttao/scannet/posed_images/scene0484_00/00117.jpg",
      "transform_matrix": [
        [
          -0.559989,
          -0.387421,
          0.732337,
          2.569422
        ],
        [
          -0.828189,
          0.285975,
          -0.481997,
          3.474365
        ],
        [
          -0.022694,
          -0.876426,
          -0.481001,
          1.345274
        ],
        [
          0.0,
          0.0,
          0.0,
          1.0
        ]
      ]
    },
    {
      "file_path": "/media/NFS/ttao/scannet/posed_images/scene0484_00/00118.jpg",
      "transform_matrix": [
        [
          -0.567989,
          -0.385457,
          0.727194,
          2.564538
        ],
        [
          -0.822803,
          0.286973,
          -0.490553,
          3.484618
        ],
        [
          -0.019598,
          -0.876966,
          -0.480152,
          1.344531
        ],
        [
          0.0,
          0.0,
          0.0,
          1.0
        ]
      ]
    },
    {
      "file_path": "/media/NFS/ttao/scannet/posed_images/scene0484_00/00121.jpg",
      "transform_matrix": [
        [
          -0.58874,
          -0.375351,
          0.715889,
          2.53756
        ],
        [
          -0.808244,
          0.285718,
          -0.514886,
          3.496084
        ],
        [
          -0.011279,
          -0.881746,
          -0.471589,
          1.345021
        ],
        [
          0.0,
          0.0,
          0.0,
          1.0
        ]
      ]
    },
    {
      "file_path": "/media/NFS/ttao/scannet/posed_images/scene0484_00/00124.jpg",
      "transform_matrix": [
        [
          -0.629436,
          -0.351564,
          0.692974,
          2.510373
        ],
        [
          -0.777052,
          0.283408,
          -0.562024,
          3.542588
        ],
        [
          0.001193,
          -0.892235,
          -0.45157,
          1.344197
        ],
        [
          0.0,
          0.0,
          0.0,
          1.0
        ]
      ]
    },
    {
      "file_path": "/media/NFS/ttao/scannet/posed_images/scene0484_00/00128.jpg",
      "transform_matrix": [
        [
          -0.679136,
          -0.33186,
          0.654708,
          2.455933
        ],
        [
          -0.733813,
          0.286169,
          -0.616138,
          3.57802
        ],
        [
          0.017114,
          -0.898875,
          -0.437871,
          1.33919
        ],
        [
          0.0,
          0.0,
          0.0,
          1.0
        ]
      ]
    },
    {
      "file_path": "/media/NFS/ttao/scannet/posed_images/scene0484_00/00133.jpg",
      "transform_matrix": [
        [
          -0.748898,
          -0.315146,
          0.582953,
          2.39142
        ],
        [
          -0.662136,
          0.320061,
          -0.677596,
          3.610467
        ],
        [
          0.026961,
          -0.893445,
          -0.448363,
          1.354451
        ],
        [
          0.0,
          0.0,
          0.0,
          1.0
        ]
      ]
    },
    {
      "file_path": "/media/NFS/ttao/scannet/posed_images/scene0484_00/00136.jpg",
      "transform_matrix": [
        [
          -0.780185,
          -0.287866,
          0.555378,
          2.34941
        ],
        [
          -0.625202,
          0.329266,
          -0.707606,
          3.63777
        ],
        [
          0.020829,
          -0.899287,
          -0.436863,
          1.359187
        ],
        [
          0.0,
          0.0,
          0.0,
          1.0
        ]
      ]
    },
    {
      "file_path": "/media/NFS/ttao/scannet/posed_images/scene0484_00/00139.jpg",
      "transform_matrix": [
        [
          -0.792359,
          -0.276253,
          0.543922,
          2.304549
        ],
        [
          -0.609985,
          0.345239,
          -0.713252,
          3.661713
        ],
        [
          0.009255,
          -0.896936,
          -0.442063,
          1.354349
        ],
        [
          0.0,
          0.0,
          0.0,
          1.0
        ]
      ]
    },
    {
      "file_path": "/media/NFS/ttao/scannet/posed_images/scene0484_00/00140.jpg",
      "transform_matrix": [
        [
          -0.787736,
          -0.272741,
          0.552344,
          2.276188
        ],
        [
          -0.615994,
          0.341787,
          -0.709742,
          3.664844
        ],
        [
          0.004791,
          -0.89933,
          -0.437245,
          1.336988
        ],
        [
          0.0,
          0.0,
          0.0,
          1.0
        ]
      ]
    },
    {
      "file_path": "/media/NFS/ttao/scannet/posed_images/scene0484_00/00144.jpg",
      "transform_matrix": [
        [
          -0.758247,
          -0.27046,
          0.593222,
          2.214305
        ],
        [
          -0.651722,
          0.339346,
          -0.678308,
          3.702765
        ],
        [
          -0.017853,
          -0.900942,
          -0.433573,
          1.312157
        ],
        [
          0.0,
          0.0,
          0.0,
          1.0
        ]
      ]
    },
    {
      "file_path": "/media/NFS/ttao/scannet/posed_images/scene0484_00/00149.jpg",
      "transform_matrix": [
        [
          -0.70687,
          -0.302413,
          0.639438,
          2.138186
        ],
        [
          -0.70685,
          0.335739,
          -0.622609,
          3.765027
        ],
        [
          -0.026399,
          -0.892091,
          -0.451084,
          1.27664
        ],
        [
          0.0,
          0.0,
          0.0,
          1.0
        ]
      ]
    },
    {
      "file_path": "/media/NFS/ttao/scannet/posed_images/scene0484_00/00150.jpg",
      "transform_matrix": [
        [
          -0.695208,
          -0.317092,
          0.645088,
          2.124938
        ],
        [
          -0.718226,
          0.342542,
          -0.605654,
          3.776306
        ],
        [
          -0.028922,
          -0.884374,
          -0.465881,
          1.289955
        ],
        [
          0.0,
          0.0,
          0.0,
          1.0
        ]
      ]
    },
    {
      "file_path": "/media/NFS/ttao/scannet/posed_images/scene0484_00/00155.jpg",
      "transform_matrix": [
        [
          -0.6342,
          -0.38897,
          0.668201,
          2.080939
        ],
        [
          -0.77298,
          0.338088,
          -0.536841,
          3.827591
        ],
        [
          -0.017096,
          -0.856971,
          -0.515081,
          1.284882
        ],
        [
          0.0,
          0.0,
          0.0,
          1.0
        ]
      ]
    },
    {
      "file_path": "/media/NFS/ttao/scannet/posed_images/scene0484_00/00157.jpg",
      "transform_matrix": [
        [
          -0.611043,
          -0.404188,
          0.68063,
          2.065672
        ],
        [
          -0.791511,
          0.324636,
          -0.517805,
          3.861094
        ],
        [
          -0.011667,
          -0.855128,
          -0.518286,
          1.283257
        ],
        [
          0.0,
          0.0,
          0.0,
          1.0
        ]
      ]
    },
    {
      "file_path": "/media/NFS/ttao/scannet/posed_images/scene0484_00/00160.jpg",
      "transform_matrix": [
        [
          -0.585286,
          -0.424218,
          0.690999,
          2.04821
        ],
        [
          -0.810827,
          0.307241,
          -0.49816,
          3.911997
        ],
        [
          -0.000975,
          -0.851846,
          -0.523791,
          1.285317
        ],
        [
          0.0,
          0.0,
          0.0,
          1.0
        ]
      ]
    },
    {
      "file_path": "/media/NFS/ttao/scannet/posed_images/scene0484_00/00165.jpg",
      "transform_matrix": [
        [
          -0.539441,
          -0.462412,
          0.703689,
          2.020006
        ],
        [
          -0.8416,
          0.269618,
          -0.46799,
          4.002184
        ],
        [
          0.026677,
          -0.844678,
          -0.53461,
          1.27122
        ],
        [
          0.0,
          0.0,
          0.0,
          1.0
        ]
      ]
    },
    {
      "file_path": "/media/NFS/ttao/scannet/posed_images/scene0484_00/00166.jpg",
      "transform_matrix": [
        [
          -0.534183,
          -0.467249,
          0.704504,
          2.016692
        ],
        [
          -0.844781,
          0.263987,
          -0.465462,
          4.02291
        ],
        [
          0.031506,
          -0.843794,
          -0.535741,
          1.269025
        ],
        [
          0.0,
          0.0,
          0.0,
          1.0
        ]
      ]
    },
    {
      "file_path": "/media/NFS/ttao/scannet/posed_images/scene0484_00/00169.jpg",
      "transform_matrix": [
        [
          -0.514777,
          -0.472506,
          0.715362,
          2.004665
        ],
        [
          -0.857081,
          0.263772,
          -0.442534,
          4.080884
        ],
        [
          0.020408,
          -0.84093,
          -0.54076,
          1.25837
        ],
        [
          0.0,
          0.0,
          0.0,
          1.0
        ]
      ]
    },
    {
      "file_path": "/media/NFS/ttao/scannet/posed_images/scene0484_00/00172.jpg",
      "transform_matrix": [
        [
          -0.489525,
          -0.481072,
          0.727279,
          1.998291
        ],
        [
          -0.871836,
          0.28566,
          -0.397871,
          4.136415
        ],
        [
          -0.01635,
          -0.828836,
          -0.559253,
          1.269222
        ],
        [
          0.0,
          0.0,
          0.0,
          1.0
        ]
      ]
    },
    {
      "file_path": "/media/NFS/ttao/scannet/posed_images/scene0484_00/00178.jpg",
      "transform_matrix": [
        [
          -0.44419,
          -0.478225,
          0.757625,
          1.983458
        ],
        [
          -0.895425,
          0.26542,
          -0.357444,
          4.200972
        ],
        [
          -0.03015,
          -0.83717,
          -0.546111,
          1.280113
        ],
        [
          0.0,
          0.0,
          0.0,
          1.0
        ]
      ]
    },
    {
      "file_path": "/media/NFS/ttao/scannet/posed_images/scene0484_00/00181.jpg",
      "transform_matrix": [
        [
          -0.441744,
          -0.47102,
          0.763546,
          1.989756
        ],
        [
          -0.896343,
          0.267608,
          -0.35349,
          4.229389
        ],
        [
          -0.03783,
          -0.840551,
          -0.540409,
          1.290164
        ],
        [
          0.0,
          0.0,
          0.0,
          1.0
        ]
      ]
    },
    {
      "file_path": "/media/NFS/ttao/scannet/posed_images/scene0484_00/00182.jpg",
      "transform_matrix": [
        [
          -0.438887,
          -0.468545,
          0.76671,
          1.989791
        ],
        [
          -0.897663,
          0.266379,
          -0.351061,
          4.234241
        ],
        [
          -0.039748,
          -0.842323,
          -0.537506,
          1.291206
        ],
        [
          0.0,
          0.0,
          0.0,
          1.0
        ]
      ]
    },
    {
      "file_path": "/media/NFS/ttao/scannet/posed_images/scene0484_00/00187.jpg",
      "transform_matrix": [
        [
          -0.422642,
          -0.448275,
          0.78767,
          1.99149
        ],
        [
          -0.90502,
          0.254875,
          -0.340555,
          4.24759
        ],
        [
          -0.048095,
          -0.856789,
          -0.513419,
          1.291265
        ],
        [
          0.0,
          0.0,
          0.0,
          1.0
        ]
      ]
    },
    {
      "file_path": "/media/NFS/ttao/scannet/posed_images/scene0484_00/00188.jpg",
      "transform_matrix": [
        [
          -0.421157,
          -0.446846,
          0.789276,
          1.992549
        ],
        [
          -0.905572,
          0.255776,
          -0.338405,
          4.248269
        ],
        [
          -0.050663,
          -0.857268,
          -0.512373,
          1.289101
        ],
        [
          0.0,
          0.0,
          0.0,
          1.0
        ]
      ]
    },
    {
      "file_path": "/media/NFS/ttao/scannet/posed_images/scene0484_00/00194.jpg",
      "transform_matrix": [
        [
          -0.401634,
          -0.464191,
          0.789441,
          2.003225
        ],
        [
          -0.913757,
          0.260674,
          -0.311605,
          4.24861
        ],
        [
          -0.061142,
          -0.846508,
          -0.528853,
          1.283555
        ],
        [
          0.0,
          0.0,
          0.0,
          1.0
        ]
      ]
    },
    {
      "file_path": "/media/NFS/ttao/scannet/posed_images/scene0484_00/00195.jpg",
      "transform_matrix": [
        [
          -0.402038,
          -0.466722,
          0.787741,
          2.007647
        ],
        [
          -0.913776,
          0.259133,
          -0.31283,
          4.249495
        ],
        [
          -0.058125,
          -0.845589,
          -0.53066,
          1.285844
        ],
        [
          0.0,
          0.0,
          0.0,
          1.0
        ]
      ]
    },
    {
      "file_path": "/media/NFS/ttao/scannet/posed_images/scene0484_00/00200.jpg",
      "transform_matrix": [
        [
          -0.412536,
          -0.45268,
          0.790503,
          2.043128
        ],
        [
          -0.909923,
          0.245789,
          -0.334107,
          4.255754
        ],
        [
          -0.043053,
          -0.857128,
          -0.513301,
          1.288684
        ],
        [
          0.0,
          0.0,
          0.0,
          1.0
        ]
      ]
    },
    {
      "file_path": "/media/NFS/ttao/scannet/posed_images/scene0484_00/00201.jpg",
      "transform_matrix": [
        [
          -0.415905,
          -0.45024,
          0.790131,
          2.053201
        ],
        [
          -0.908542,
          0.243639,
          -0.339401,
          4.257261
        ],
        [
          -0.039694,
          -0.859025,
          -0.510392,
          1.288341
        ],
        [
          0.0,
          0.0,
          0.0,
          1.0
        ]
      ]
    },
    {
      "file_path": "/media/NFS/ttao/scannet/posed_images/scene0484_00/00205.jpg",
      "transform_matrix": [
        [
          -0.4224,
          -0.436229,
          0.794533,
          2.098756
        ],
        [
          -0.905957,
          0.230878,
          -0.354876,
          4.266902
        ],
        [
          -0.028633,
          -0.869712,
          -0.492727,
          1.290117
        ],
        [
          0.0,
          0.0,
          0.0,
          1.0
        ]
      ]
    },
    {
      "file_path": "/media/NFS/ttao/scannet/posed_images/scene0484_00/00209.jpg",
      "transform_matrix": [
        [
          -0.411698,
          -0.460011,
          0.786698,
          2.150321
        ],
        [
          -0.911268,
          0.217041,
          -0.349977,
          4.280222
        ],
        [
          -0.009752,
          -0.860978,
          -0.508549,
          1.295218
        ],
        [
          0.0,
          0.0,
          0.0,
          1.0
        ]
      ]
    },
    {
      "file_path": "/media/NFS/ttao/scannet/posed_images/scene0484_00/00213.jpg",
      "transform_matrix": [
        [
          -0.408827,
          -0.462299,
          0.786854,
          2.199163
        ],
        [
          -0.912507,
          0.193984,
          -0.360141,
          4.291819
        ],
        [
          0.013856,
          -0.865245,
          -0.501157,
          1.296073
        ],
        [
          0.0,
          0.0,
          0.0,
          1.0
        ]
      ]
    },
    {
      "file_path": "/media/NFS/ttao/scannet/posed_images/scene0484_00/00214.jpg",
      "transform_matrix": [
        [
          -0.410003,
          -0.464209,
          0.785116,
          2.210914
        ],
        [
          -0.911936,
          0.193105,
          -0.362056,
          4.291823
        ],
        [
          0.01646,
          -0.864419,
          -0.502503,
          1.297308
        ],
        [
          0.0,
          0.0,
          0.0,
          1.0
        ]
      ]
    },
    {
      "file_path": "/media/NFS/ttao/scannet/posed_images/scene0484_00/00217.jpg",
      "transform_matrix": [
        [
          -0.416807,
          -0.464513,
          0.781345,
          2.240932
        ],
        [
          -0.908792,
          0.194796,
          -0.368987,
          4.284796
        ],
        [
          0.019196,
          -0.863876,
          -0.503338,
          1.295447
        ],
        [
          0.0,
          0.0,
          0.0,
          1.0
        ]
      ]
    },
    {
      "file_path": "/media/NFS/ttao/scannet/posed_images/scene0484_00/00223.jpg",
      "transform_matrix": [
        [
          -0.429055,
          -0.454147,
          0.780809,
          2.302787
        ],
        [
          -0.903058,
          0.196575,
          -0.381896,
          4.251867
        ],
        [
          0.01995,
          -0.86897,
          -0.494462,
          1.293087
        ],
        [
          0.0,
          0.0,
          0.0,
          1.0
        ]
      ]
    },
    {
      "file_path": "/media/NFS/ttao/scannet/posed_images/scene0484_00/00225.jpg",
      "transform_matrix": [
        [
          -0.426321,
          -0.449017,
          0.78526,
          2.325781
        ],
        [
          -0.904469,
          0.198472,
          -0.377552,
          4.236697
        ],
        [
          0.013675,
          -0.871202,
          -0.490735,
          1.29199
        ],
        [
          0.0,
          0.0,
          0.0,
          1.0
        ]
      ]
    },
    {
      "file_path": "/media/NFS/ttao/scannet/posed_images/scene0484_00/00227.jpg",
      "transform_matrix": [
        [
          -0.411131,
          -0.450795,
          0.79231,
          2.347873
        ],
        [
          -0.911489,
          0.191245,
          -0.364161,
          4.220133
        ],
        [
          0.012637,
          -0.8719,
          -0.489521,
          1.288564
        ],
        [
          0.0,
          0.0,
          0.0,
          1.0
        ]
      ]
    },
    {
      "file_path": "/media/NFS/ttao/scannet/posed_images/scene0484_00/00231.jpg",
      "transform_matrix": [
        [
          -0.362266,
          -0.464452,
          0.808114,
          2.396506
        ],
        [
          -0.932008,
          0.170145,
          -0.320017,
          4.188408
        ],
        [
          0.011136,
          -0.8691,
          -0.494511,
          1.288208
        ],
        [
          0.0,
          0.0,
          0.0,
          1.0
        ]
      ]
    },
    {
      "file_path": "/media/NFS/ttao/scannet/posed_images/scene0484_00/00236.jpg",
      "transform_matrix": [
        [
          -0.265793,
          -0.489365,
          0.830588,
          2.44675
        ],
        [
          -0.963854,
          0.118441,
          -0.238656,
          4.157338
        ],
        [
          0.018414,
          -0.863999,
          -0.503157,
          1.292335
        ],
        [
          0.0,
          0.0,
          0.0,
          1.0
        ]
      ]
    },
    {
      "file_path": "/media/NFS/ttao/scannet/posed_images/scene0484_00/00239.jpg",
      "transform_matrix": [
        [
          -0.225476,
          -0.489597,
          0.842292,
          2.470521
        ],
        [
          -0.97408,
          0.097183,
          -0.204266,
          4.140643
        ],
        [
          0.018151,
          -0.866516,
          -0.498819,
          1.29261
        ],
        [
          0.0,
          0.0,
          0.0,
          1.0
        ]
      ]
    },
    {
      "file_path": "/media/NFS/ttao/scannet/posed_images/scene0484_00/00241.jpg",
      "transform_matrix": [
        [
          -0.210776,
          -0.493883,
          0.843595,
          2.481899
        ],
        [
          -0.977482,
          0.097541,
          -0.187123,
          4.127887
        ],
        [
          0.010131,
          -0.86404,
          -0.503321,
          1.290394
        ],
        [
          0.0,
          0.0,
          0.0,
          1.0
        ]
      ]
    },
    {
      "file_path": "/media/NFS/ttao/scannet/posed_images/scene0484_00/00245.jpg",
      "transform_matrix": [
        [
          -0.184141,
          -0.503865,
          0.843927,
          2.509444
        ],
        [
          -0.982897,
          0.096346,
          -0.15694,
          4.109157
        ],
        [
          -0.002232,
          -0.858393,
          -0.512988,
          1.288181
        ],
        [
          0.0,
          0.0,
          0.0,
          1.0
        ]
      ]
    },
    {
      "file_path": "/media/NFS/ttao/scannet/posed_images/scene0484_00/00248.jpg",
      "transform_matrix": [
        [
          -0.161208,
          -0.51816,
          0.839953,
          2.53255
        ],
        [
          -0.986916,
          0.08726,
          -0.135584,
          4.100571
