{
  "frames": [
    {
      "file_path": "/media/NFS/ttao/scannet/posed_images/scene0232_01/00000.jpg",
      "transform_matrix": [
        [
          -0.917388,
          -0.245752,
          0.313057,
          1.382262
        ],
        [
          -0.397929,
          0.580457,
          -0.710438,
          2.498123
        ],
        [
          -0.007125,
          -0.776322,
          -0.630296,
          1.253857
        ],
        [
          0.0,
          0.0,
          0.0,
          1.0
        ]
      ]
    },
    {
      "file_path": "/media/NFS/ttao/scannet/posed_images/scene0232_01/00006.jpg",
      "transform_matrix": [
        [
          -0.900813,
          -0.259433,
          0.348182,
          1.362252
        ],
        [
          -0.433961,
          0.564957,
          -0.701785,
          2.494304
        ],
        [
          -0.014642,
          -0.783274,
          -0.621505,
          1.256346
        ],
        [
          0.0,
          0.0,
          0.0,
          1.0
        ]
      ]
    },
    {
      "file_path": "/media/NFS/ttao/scannet/posed_images/scene0232_01/00011.jpg",
      "transform_matrix": [
        [
          -0.863756,
          -0.278546,
          0.419926,
          1.323306
        ],
        [
          -0.502989,
          0.526949,
          -0.685074,
          2.497146
        ],
        [
          -0.030455,
          -0.802955,
          -0.595261,
          1.246603
        ],
        [
          0.0,
          0.0,
          0.0,
          1.0
        ]
      ]
    },
    {
      "file_path": "/media/NFS/ttao/scannet/posed_images/scene0232_01/00022.jpg",
      "transform_matrix": [
        [
          -0.847851,
          -0.293084,
          0.441871,
          1.277404
        ],
        [
          -0.524046,
          0.59012,
          -0.614113,
          2.503802
        ],
        [
          -0.08077,
          -0.752237,
          -0.653924,
          1.207677
        ],
        [
          0.0,
          0.0,
          0.0,
          1.0
        ]
      ]
    },
    {
      "file_path": "/media/NFS/ttao/scannet/posed_images/scene0232_01/00024.jpg",
      "transform_matrix": [
        [
          -0.851597,
          -0.296474,
          0.432303,
          1.277588
        ],
        [
          -0.518901,
          0.593713,
          -0.615017,
          2.506985
        ],
        [
          -0.074327,
          -0.748069,
          -0.659445,
          1.203443
        ],
        [
          0.0,
          0.0,
          0.0,
          1.0
        ]
      ]
    },
    {
      "file_path": "/media/NFS/ttao/scannet/posed_images/scene0232_01/00031.jpg",
      "transform_matrix": [
        [
          -0.860411,
          -0.333404,
          0.385402,
          1.28739
        ],
        [
          -0.509252,
          0.590503,
          -0.626074,
          2.517322
        ],
        [
          -0.018845,
          -0.734948,
          -0.677862,
          1.191664
        ],
        [
          0.0,
          0.0,
          0.0,
          1.0
        ]
      ]
    },
    {
      "file_path": "/media/NFS/ttao/scannet/posed_images/scene0232_01/00035.jpg",
      "transform_matrix": [
        [
          -0.861102,
          -0.343668,
          0.374695,
          1.290174
        ],
        [
          -0.508337,
          0.596222,
          -0.62138,
          2.5267
        ],
        [
          -0.009853,
          -0.725543,
          -0.688107,
          1.182989
        ],
        [
          0.0,
          0.0,
          0.0,
          1.0
        ]
      ]
    },
    {
      "file_path": "/media/NFS/ttao/scannet/posed_images/scene0232_01/00042.jpg",
      "transform_matrix": [
        [
          -0.855724,
          -0.353873,
          0.377505,
          1.289795
        ],
        [
          -0.517363,
          0.597074,
          -0.613056,
          2.549729
        ],
        [
          -0.008455,
          -0.719914,
          -0.694012,
          1.163612
        ],
        [
          0.0,
          0.0,
          0.0,
          1.0
        ]
      ]
    },
    {
      "file_path": "/media/NFS/ttao/scannet/posed_images/scene0232_01/00051.jpg",
      "transform_matrix": [
        [
          -0.864521,
          -0.325319,
          0.383107,
          1.266645
        ],
        [
          -0.500761,
          0.622627,
          -0.60131,
          2.558482
        ],
        [
          -0.042915,
          -0.71169,
          -0.701182,
          1.135504
        ],
        [
          0.0,
          0.0,
          0.0,
          1.0
        ]
      ]
    },
    {
      "file_path": "/media/NFS/ttao/scannet/posed_images/scene0232_01/00057.jpg",
      "transform_matrix": [
        [
          -0.864071,
          -0.295837,
          0.407262,
          1.236597
        ],
        [
          -0.497463,
          0.62545,
          -0.601117,
          2.561996
        ],
        [
          -0.07689,
          -0.722006,
          -0.687601,
          1.122445
        ],
        [
          0.0,
          0.0,
          0.0,
          1.0
        ]
      ]
    },
    {
      "file_path": "/media/NFS/ttao/scannet/posed_images/scene0232_01/00061.jpg",
      "transform_matrix": [
        [
          -0.858383,
          -0.286525,
          0.425537,
          1.21039
        ],
        [
          -0.502535,
          0.636392,
          -0.585204,
          2.567811
        ],
        [
          -0.103132,
          -0.716177,
          -0.690257,
          1.10789
        ],
        [
          0.0,
          0.0,
          0.0,
          1.0
        ]
      ]
    },
    {
      "file_path": "/media/NFS/ttao/scannet/posed_images/scene0232_01/00068.jpg",
      "transform_matrix": [
        [
          -0.87154,
          -0.253367,
          0.419789,
          1.184557
        ],
        [
          -0.477245,
          0.634762,
          -0.607712,
          2.56162
        ],
        [
          -0.112492,
          -0.729988,
          -0.674139,
          1.10869
        ],
        [
          0.0,
          0.0,
          0.0,
          1.0
        ]
      ]
    },
    {
      "file_path": "/media/NFS/ttao/scannet/posed_images/scene0232_01/00075.jpg",
      "transform_matrix": [
        [
          -0.877364,
          -0.257524,
          0.404862,
          1.179998
        ],
        [
          -0.472979,
          0.606189,
          -0.639395,
          2.555526
        ],
        [
          -0.080763,
          -0.752474,
          -0.653652,
          1.136215
        ],
        [
          0.0,
          0.0,
          0.0,
          1.0
        ]
      ]
    },
    {
      "file_path": "/media/NFS/ttao/scannet/posed_images/scene0232_01/00081.jpg",
      "transform_matrix": [
        [
          -0.882367,
          -0.284941,
          0.374482,
          1.19799
        ],
        [
          -0.469658,
          0.582561,
          -0.663358,
          2.548757
        ],
        [
          -0.029141,
          -0.761204,
          -0.647858,
          1.155145
        ],
        [
          0.0,
          0.0,
          0.0,
          1.0
        ]
      ]
    },
    {
      "file_path": "/media/NFS/ttao/scannet/posed_images/scene0232_01/00086.jpg",
      "transform_matrix": [
        [
          -0.872086,
          -0.313454,
          0.375782,
          1.224674
        ],
        [
          -0.489186,
          0.578469,
          -0.652741,
          2.553392
        ],
        [
          -0.012774,
          -0.753074,
          -0.657812,
          1.169077
        ],
        [
          0.0,
          0.0,
          0.0,
          1.0
        ]
      ]
    },
    {
      "file_path": "/media/NFS/ttao/scannet/posed_images/scene0232_01/00092.jpg",
      "transform_matrix": [
        [
          -0.865356,
          -0.300372,
          0.401167,
          1.260172
        ],
        [
          -0.499319,
          0.58525,
          -0.638877,
          2.57059
        ],
        [
          -0.042883,
          -0.753166,
          -0.656431,
          1.164892
        ],
        [
          0.0,
          0.0,
          0.0,
          1.0
        ]
      ]
    },
    {
      "file_path": "/media/NFS/ttao/scannet/posed_images/scene0232_01/00101.jpg",
      "transform_matrix": [
        [
          -0.893116,
          -0.29518,
          0.339429,
          1.312174
        ],
        [
          -0.448511,
          0.642017,
          -0.621814,
          2.588682
        ],
        [
          -0.034373,
          -0.70759,
          -0.705787,
          1.131313
        ],
        [
          0.0,
          0.0,
          0.0,
          1.0
        ]
      ]
    },
    {
      "file_path": "/media/NFS/ttao/scannet/posed_images/scene0232_01/00105.jpg",
      "transform_matrix": [
        [
          -0.891571,
          -0.30035,
          0.338955,
          1.338019
        ],
        [
          -0.451345,
          0.650857,
          -0.61047,
          2.600006
        ],
        [
          -0.037257,
          -0.697263,
          -0.715847,
          1.130248
        ],
        [
          0.0,
          0.0,
          0.0,
          1.0
        ]
      ]
    },
    {
      "file_path": "/media/NFS/ttao/scannet/posed_images/scene0232_01/00114.jpg",
      "transform_matrix": [
        [
          -0.818628,
          -0.362712,
          0.445295,
          1.388969
        ],
        [
          -0.573666,
          0.553496,
          -0.60378,
          2.622942
        ],
        [
          -0.027471,
          -0.749722,
          -0.661183,
          1.185501
        ],
        [
          0.0,
          0.0,
          0.0,
          1.0
        ]
      ]
    },
    {
      "file_path": "/media/NFS/ttao/scannet/posed_images/scene0232_01/00120.jpg",
      "transform_matrix": [
        [
          -0.788308,
          -0.354691,
          0.502757,
          1.402938
        ],
        [
          -0.614134,
          0.503446,
          -0.607768,
          2.622704
        ],
        [
          -0.037541,
          -0.787868,
          -0.614698,
          1.220007
        ],
        [
          0.0,
          0.0,
          0.0,
          1.0
        ]
      ]
    },
    {
      "file_path": "/media/NFS/ttao/scannet/posed_images/scene0232_01/00121.jpg",
      "transform_matrix": [
        [
          -0.786524,
          -0.35446,
          0.505706,
          1.407586
        ],
        [
          -0.61618,
          0.505135,
          -0.604286,
          2.615591
        ],
        [
          -0.041255,
          -0.786891,
          -0.615711,
          1.233961
        ],
        [
          0.0,
          0.0,
          0.0,
          1.0
        ]
      ]
    },
    {
      "file_path": "/media/NFS/ttao/scannet/posed_images/scene0232_01/00132.jpg",
      "transform_matrix": [
        [
          -0.752486,
          -0.339774,
          0.564198,
          1.39738
        ],
        [
          -0.65677,
          0.451093,
          -0.604292,
          2.584787
        ],
        [
          -0.049183,
          -0.825269,
          -0.562594,
          1.266913
        ],
        [
          0.0,
          0.0,
          0.0,
          1.0
        ]
      ]
    },
    {
      "file_path": "/media/NFS/ttao/scannet/posed_images/scene0232_01/00134.jpg",
      "transform_matrix": [
        [
          -0.753803,
          -0.337522,
          0.563791,
          1.399954
        ],
        [
          -0.655159,
          0.451952,
          -0.605397,
          2.57899
        ],
        [
          -0.050471,
          -0.825723,
          -0.561813,
          1.270365
        ],
        [
          0.0,
          0.0,
          0.0,
          1.0
        ]
      ]
    },
    {
      "file_path": "/media/NFS/ttao/scannet/posed_images/scene0232_01/00143.jpg",
      "transform_matrix": [
        [
          -0.756475,
          -0.315324,
          0.572989,
          1.432684
        ],
        [
          -0.652387,
          0.425731,
          -0.627012,
          2.574234
        ],
        [
          -0.046227,
          -0.84813,
          -0.527768,
          1.294923
        ],
        [
          0.0,
          0.0,
          0.0,
          1.0
        ]
      ]
    },
    {
      "file_path": "/media/NFS/ttao/scannet/posed_images/scene0232_01/00151.jpg",
      "transform_matrix": [
        [
          -0.745869,
          -0.289619,
          0.599834,
          1.46452
        ],
        [
          -0.663226,
          0.40637,
          -0.628486,
          2.585446
        ],
        [
          -0.061733,
          -0.866593,
          -0.495182,
          1.313332
        ],
        [
          0.0,
          0.0,
          0.0,
          1.0
        ]
      ]
    },
    {
      "file_path": "/media/NFS/ttao/scannet/posed_images/scene0232_01/00156.jpg",
      "transform_matrix": [
        [
          -0.739838,
          -0.297603,
          0.603384,
          1.48367
        ],
        [
          -0.670389,
          0.401721,
          -0.623858,
          2.592021
        ],
        [
          -0.05673,
          -0.866055,
          -0.496719,
          1.31268
        ],
        [
          0.0,
          0.0,
          0.0,
          1.0
        ]
      ]
    },
    {
      "file_path": "/media/NFS/ttao/scannet/posed_images/scene0232_01/00158.jpg",
      "transform_matrix": [
        [
          -0.737227,
          -0.303805,
          0.603489,
          1.491118
        ],
        [
          -0.673838,
          0.39589,
          -0.623869,
          2.592012
        ],
        [
          -0.04938,
          -0.866587,
          -0.496577,
          1.312979
        ],
        [
          0.0,
          0.0,
          0.0,
          1.0
        ]
      ]
    },
    {
      "file_path": "/media/NFS/ttao/scannet/posed_images/scene0232_01/00164.jpg",
      "transform_matrix": [
        [
          -0.721974,
          -0.322073,
          0.612391,
          1.513278
        ],
        [
          -0.691317,
          0.372738,
          -0.618989,
          2.584096
        ],
        [
          -0.028902,
          -0.87025,
          -0.491761,
          1.309533
        ],
        [
          0.0,
          0.0,
          0.0,
          1.0
        ]
      ]
    },
    {
      "file_path": "/media/NFS/ttao/scannet/posed_images/scene0232_01/00175.jpg",
      "transform_matrix": [
        [
          -0.646316,
          -0.331888,
          0.687115,
          1.544183
        ],
        [
          -0.761753,
          0.333505,
          -0.555434,
          2.515001
        ],
        [
          -0.044815,
          -0.882397,
          -0.468366,
          1.322974
        ],
        [
          0.0,
          0.0,
          0.0,
          1.0
        ]
      ]
    },
    {
      "file_path": "/media/NFS/ttao/scannet/posed_images/scene0232_01/00178.jpg",
      "transform_matrix": [
        [
          -0.618823,
          -0.340519,
          0.707888,
          1.54758
        ],
        [
          -0.784293,
          0.318399,
          -0.532454,
          2.492877
        ],
        [
          -0.04408,
          -0.884686,
          -0.464099,
          1.327534
        ],
        [
          0.0,
          0.0,
          0.0,
          1.0
        ]
      ]
    },
    {
      "file_path": "/media/NFS/ttao/scannet/posed_images/scene0232_01/00184.jpg",
      "transform_matrix": [
        [
          -0.584259,
          -0.366592,
          0.724053,
          1.551423
        ],
        [
          -0.809856,
          0.321261,
          -0.49084,
          2.419069
        ],
        [
          -0.052672,
          -0.873156,
          -0.484586,
          1.327344
        ],
        [
          0.0,
          0.0,
          0.0,
          1.0
        ]
      ]
    },
    {
      "file_path": "/media/NFS/ttao/scannet/posed_images/scene0232_01/00191.jpg",
      "transform_matrix": [
        [
          -0.552572,
          -0.388508,
          0.737377,
          1.567666
        ],
        [
          -0.831909,
          0.311119,
          -0.459491,
          2.353351
        ],
        [
          -0.050896,
          -0.867333,
          -0.495119,
          1.322975
        ],
        [
          0.0,
          0.0,
          0.0,
          1.0
        ]
      ]
    },
    {
      "file_path": "/media/NFS/ttao/scannet/posed_images/scene0232_01/00195.jpg",
      "transform_matrix": [
        [
          -0.542667,
          -0.395779,
          0.740858,
          1.588918
        ],
        [
          -0.838581,
          0.305579,
          -0.451002,
          2.320599
        ],
        [
          -0.047894,
          -0.866014,
          -0.497721,
          1.317135
        ],
        [
          0.0,
          0.0,
          0.0,
          1.0
        ]
      ]
    },
    {
      "file_path": "/media/NFS/ttao/scannet/posed_images/scene0232_01/00200.jpg",
      "transform_matrix": [
        [
          -0.517376,
          -0.403866,
          0.754463,
          1.635632
        ],
        [
          -0.854591,
          0.28986,
          -0.430877,
          2.271553
        ],
        [
          -0.044672,
          -0.867683,
          -0.495107,
          1.30804
        ],
        [
          0.0,
          0.0,
          0.0,
          1.0
        ]
      ]
    },
    {
      "file_path": "/media/NFS/ttao/scannet/posed_images/scene0232_01/00208.jpg",
      "transform_matrix": [
        [
          -0.474715,
          -0.448358,
          0.757378,
          1.70652
        ],
        [
          -0.879576,
          0.272474,
          -0.390006,
          2.207185
        ],
        [
          -0.031503,
          -0.851313,
          -0.523712,
          1.296735
        ],
        [
          0.0,
          0.0,
          0.0,
          1.0
        ]
      ]
    },
    {
      "file_path": "/media/NFS/ttao/scannet/posed_images/scene0232_01/00213.jpg",
      "transform_matrix": [
        [
          -0.448695,
          -0.482222,
          0.752419,
          1.731032
        ],
        [
          -0.893275,
          0.267504,
          -0.36125,
          2.182744
        ],
        [
          -0.027072,
          -0.834208,
          -0.550785,
          1.297845
        ],
        [
          0.0,
          0.0,
          0.0,
          1.0
        ]
      ]
    },
    {
      "file_path": "/media/NFS/ttao/scannet/posed_images/scene0232_01/00221.jpg",
      "transform_matrix": [
        [
          -0.365552,
          -0.477628,
          0.798901,
          1.724757
        ],
        [
          -0.930282,
          0.215844,
          -0.296625,
          2.147138
        ],
        [
          -0.030762,
          -0.851635,
          -0.523232,
          1.31072
        ],
        [
          0.0,
          0.0,
          0.0,
          1.0
        ]
      ]
    },
    {
      "file_path": "/media/NFS/ttao/scannet/posed_images/scene0232_01/00228.jpg",
      "transform_matrix": [
        [
          -0.246613,
          -0.47204,
          0.84638,
          1.682991
        ],
        [
          -0.968428,
          0.152882,
          -0.19691,
          2.100142
        ],
        [
          -0.036447,
          -0.868219,
          -0.49484,
          1.328528
        ],
        [
          0.0,
          0.0,
          0.0,
          1.0
        ]
      ]
    },
    {
      "file_path": "/media/NFS/ttao/scannet/posed_images/scene0232_01/00235.jpg",
      "transform_matrix": [
        [
          -0.144693,
          -0.454719,
          0.878802,
          1.640339
        ],
        [
          -0.988821,
          0.098777,
          -0.111698,
          2.064432
        ],
        [
          -0.036014,
          -0.88514,
          -0.463928,
          1.364788
        ],
        [
          0.0,
          0.0,
          0.0,
          1.0
        ]
      ]
    },
    {
      "file_path": "/media/NFS/ttao/scannet/posed_images/scene0232_01/00241.jpg",
      "transform_matrix": [
        [
          -0.104161,
          -0.415626,
          0.903551,
          1.615234
        ],
        [
          -0.993433,
          0.086735,
          -0.074625,
          2.043709
        ],
        [
          -0.047353,
          -0.90539,
          -0.421931,
          1.380721
        ],
        [
          0.0,
          0.0,
          0.0,
          1.0
        ]
      ]
    },
    {
      "file_path": "/media/NFS/ttao/scannet/posed_images/scene0232_01/00245.jpg",
      "transform_matrix": [
        [
          -0.107967,
          -0.403634,
          0.908528,
          1.608863
        ],
        [
          -0.993232,
          0.083147,
          -0.081093,
          2.040929
        ],
        [
          -0.042809,
          -0.911135,
          -0.409879,
          1.388396
        ],
        [
          0.0,
          0.0,
          0.0,
          1.0
        ]
      ]
    },
    {
      "file_path": "/media/NFS/ttao/scannet/posed_images/scene0232_01/00254.jpg",
      "transform_matrix": [
        [
          -0.16679,
          -0.341011,
          0.925144,
          1.588002
        ],
        [
          -0.985838,
          0.074302,
          -0.150345,
          2.067175
        ],
        [
          -0.017471,
          -0.937118,
          -0.348575,
          1.40486
        ],
        [
          0.0,
          0.0,
          0.0,
          1.0
        ]
      ]
    },
    {
      "file_path": "/media/NFS/ttao/scannet/posed_images/scene0232_01/00256.jpg",
      "transform_matrix": [
        [
          -0.182478,
          -0.336774,
          0.923734,
          1.584389
        ],
        [
          -0.983161,
          0.071855,
          -0.16802,
          2.07991
        ],
        [
          -0.00979,
          -0.93884,
          -0.344215,
          1.407515
        ],
        [
          0.0,
          0.0,
          0.0,
          1.0
        ]
      ]
    },
    {
      "file_path": "/media/NFS/ttao/scannet/posed_images/scene0232_01/00267.jpg",
      "transform_matrix": [
        [
          -0.353982,
          -0.260708,
          0.89818,
          1.559774
        ],
        [
          -0.935145,
          0.113214,
          -0.335688,
          2.194837
        ],
        [
          -0.01417,
          -0.958756,
          -0.283875,
          1.416863
        ],
        [
          0.0,
          0.0,
          0.0,
          1.0
        ]
      ]
    },
    {
      "file_path": "/media/NFS/ttao/scannet/posed_images/scene0232_01/00272.jpg",
      "transform_matrix": [
        [
          -0.44579,
          -0.233975,
          0.864018,
          1.552988
        ],
        [
          -0.894873,
          0.139952,
          -0.423811,
          2.245302
        ],
        [
          -0.021759,
          -0.962117,
          -0.271767,
          1.437317
        ],
        [
          0.0,
          0.0,
          0.0,
          1.0
        ]
      ]
    },
    {
      "file_path": "/media/NFS/ttao/scannet/posed_images/scene0232_01/00274.jpg",
      "transform_matrix": [
        [
          -0.479944,
          -0.228931,
          0.846903,
          1.548035
        ],
        [
          -0.877166,
          0.142023,
          -0.458703,
          2.257911
        ],
        [
          -0.015268,
          -0.963026,
          -0.268973,
          1.443193
        ],
        [
          0.0,
          0.0,
          0.0,
          1.0
        ]
      ]
    },
    {
      "file_path": "/media/NFS/ttao/scannet/posed_images/scene0232_01/00283.jpg",
      "transform_matrix": [
        [
          -0.567903,
          -0.198983,
          0.798681,
          1.513146
        ],
        [
          -0.823046,
          0.126623,
          -0.553681,
          2.295767
        ],
        [
          0.009041,
          -0.971788,
          -0.235682,
          1.471096
        ],
        [
          0.0,
          0.0,
          0.0,
          1.0
        ]
      ]
    },
    {
      "file_path": "/media/NFS/ttao/scannet/posed_images/scene0232_01/00291.jpg",
      "transform_matrix": [
        [
          -0.581405,
          -0.165039,
          0.7967,
          1.483551
        ],
        [
          -0.813419,
          0.096419,
          -0.573632,
          2.33155
        ],
        [
          0.017855,
          -0.981563,
          -0.190304,
          1.491927
        ],
        [
          0.0,
          0.0,
          0.0,
          1.0
        ]
      ]
    },
    {
      "file_path": "/media/NFS/ttao/scannet/posed_images/scene0232_01/00292.jpg",
      "transform_matrix": [
        [
          -0.583267,
          -0.162333,
          0.795894,
          1.480761
        ],
        [
          -0.81216,
          0.099691,
          -0.574855,
          2.334113
        ],
        [
          0.013975,
          -0.981687,
          -0.189987,
          1.49433
        ],
        [
          0.0,
          0.0,
          0.0,
          1.0
        ]
      ]
    },
    {
      "file_path": "/media/NFS/ttao/scannet/posed_images/scene0232_01/00300.jpg",
      "transform_matrix": [
        [
          -0.556475,
          -0.09704,
          0.825178,
          1.467285
        ],
        [
          -0.830735,
          0.082504,
          -0.55052,
          2.363368
        ],
        [
          -0.014658,
          -0.991855,
          -0.126526,
          1.527866
        ],
        [
          0.0,
          0.0,
          0.0,
          1.0
        ]
      ]
    },
    {
      "file_path": "/media/NFS/ttao/scannet/posed_images/scene0232_01/00307.jpg",
      "transform_matrix": [
        [
          -0.551448,
          -0.046439,
          0.832915,
          1.490817
        ],
        [
          -0.833961,
          0.055027,
          -0.549073,
          2.396432
        ],
        [
          -0.020334,
          -0.997404,
          -0.069072,
          1.547081
        ],
        [
          0.0,
          0.0,
          0.0,
          1.0
        ]
      ]
    },
    {
      "file_path": "/media/NFS/ttao/scannet/posed_images/scene0232_01/00311.jpg",
      "transform_matrix": [
        [
          -0.55854,
          -0.032658,
          0.828834,
          1.503369
        ],
        [
          -0.829273,
          0.044182,
          -0.557095,
          2.397061
        ],
        [
          -0.018426,
          -0.998489,
          -0.05176,
          1.5653
        ],
        [
          0.0,
          0.0,
          0.0,
          1.0
        ]
      ]
    },
    {
      "file_path": "/media/NFS/ttao/scannet/posed_images/scene0232_01/00322.jpg",
      "transform_matrix": [
        [
          -0.571824,
          0.006786,
          0.820348,
          1.517571
        ],
        [
          -0.820282,
          0.010378,
          -0.571865,
          2.397165
        ],
        [
          -0.012394,
          -0.999923,
          -0.000368,
          1.603809
        ],
        [
          0.0,
          0.0,
          0.0,
          1.0
        ]
      ]
    },
    {
      "file_path": "/media/NFS/ttao/scannet/posed_images/scene0232_01/00324.jpg",
      "transform_matrix": [
        [
          -0.570836,
          0.017623,
          0.820875,
          1.515378
        ],
        [
          -0.820921,
          0.006379,
          -0.571006,
          2.397583
        ],
        [
          -0.0153,
          -0.999824,
          0.010826,
          1.613624
        ],
        [
          0.0,
          0.0,
          0.0,
          1.0
        ]
      ]
    },
    {
      "file_path": "/media/NFS/ttao/scannet/posed_images/scene0232_01/00335.jpg",
      "transform_matrix": [
        [
          -0.568797,
          0.049386,
          0.820994,
          1.495009
        ],
        [
          -0.82243,
          -0.023386,
          -0.568385,
          2.384345
        ],
        [
          -0.008871,
          -0.998506,
          0.053919,
          1.627703
        ],
        [
          0.0,
          0.0,
          0.0,
          1.0
        ]
      ]
    },
    {
      "file_path": "/media/NFS/ttao/scannet/posed_images/scene0232_01/00338.jpg",
      "transform_matrix": [
        [
          -0.565199,
          0.050148,
          0.823429,
          1.489711
        ],
        [
          -0.82494,
          -0.02845,
          -0.564504,
          2.381225
        ],
        [
          -0.004882,
          -0.998336,
          0.057449,
          1.625963
        ],
        [
          0.0,
          0.0,
          0.0,
          1.0
        ]
      ]
    },
    {
      "file_path": "/media/NFS/ttao/scannet/posed_images/scene0232_01/00346.jpg",
      "transform_matrix": [
        [
          -0.517952,
          0.00292,
          0.855405,
          1.496012
        ],
        [
          -0.855387,
          0.005547,
          -0.51796,
          2.384336
        ],
        [
          -0.006257,
          -0.99998,
          -0.000376,
          1.566621
        ],
        [
          0.0,
          0.0,
          0.0,
          1.0
        ]
      ]
    },
    {
      "file_path": "/media/NFS/ttao/scannet/posed_images/scene0232_01/00353.jpg",
      "transform_matrix": [
        [
          -0.427211,
          -0.098054,
          0.898819,
          1.508458
        ],
        [
          -0.903515,
          0.083603,
          -0.420323,
          2.396754
        ],
        [
          -0.033929,
          -0.991663,
          -0.12431,
          1.50804
        ],
        [
          0.0,
          0.0,
          0.0,
          1.0
        ]
      ]
    },
    {
      "file_path": "/media/NFS/ttao/scannet/posed_images/scene0232_01/00359.jpg",
      "transform_matrix": [
        [
          -0.410792,
          -0.160241,
          0.897537,
          1.521304
        ],
        [
          -0.910228,
          0.128559,
          -0.393648,
          2.393242
        ],
        [
          -0.052308,
          -0.97867,
          -0.198666,
          1.464399
        ],
        [
          0.0,
          0.0,
          0.0,
          1.0
        ]
      ]
    },
    {
      "file_path": "/media/NFS/ttao/scannet/posed_images/scene0232_01/00360.jpg",
      "transform_matrix": [
        [
          -0.405135,
          -0.177238,
          0.896913,
          1.52102
        ],
        [
          -0.913244,
          0.124611,
          -0.387888,
          2.392459
        ],
        [
          -0.043017,
          -0.976247,
          -0.212346,
          1.45612
        ],
        [
          0.0,
          0.0,
          0.0,
          1.0
        ]
      ]
    },
    {
      "file_path": "/media/NFS/ttao/scannet/posed_images/scene0232_01/00366.jpg",
      "transform_matrix": [
        [
          -0.402003,
          -0.254721,
          0.879494,
          1.538639
        ],
        [
          -0.915343,
          0.136198,
          -0.378943,
          2.392827
        ],
        [
          -0.023261,
          -0.957375,
          -0.287909,
          1.420135
        ],
        [
          0.0,
          0.0,
          0.0,
          1.0
        ]
      ]
    },
    {
      "file_path": "/media/NFS/ttao/scannet/posed_images/scene0232_01/00377.jpg",
      "transform_matrix": [
        [
          -0.403923,
          -0.400943,
          0.822248,
          1.560014
        ],
        [
          -0.914789,
          0.179738,
          -0.36174,
          2.375693
        ],
        [
          -0.002752,
          -0.898298,
          -0.439378,
          1.354539
        ],
        [
          0.0,
          0.0,
          0.0,
          1.0
        ]
      ]
    },
    {
      "file_path": "/media/NFS/ttao/scannet/posed_images/scene0232_01/00381.jpg",
      "transform_matrix": [
        [
          -0.391599,
          -0.446979,
          0.804276,
          1.552205
        ],
        [
          -0.920122,
          0.185432,
          -0.34495,
          2.362514
        ],
        [
          0.005047,
          -0.875114,
          -0.48389,
          1.33667
        ],
        [
          0.0,
          0.0,
          0.0,
          1.0
        ]
      ]
    },
    {
      "file_path": "/media/NFS/ttao/scannet/posed_images/scene0232_01/00390.jpg",
      "transform_matrix": [
        [
          -0.282823,
          -0.57141,
          0.770391,
          1.482719
        ],
        [
          -0.957696,
          0.123693,
          -0.259841,
          2.311303
        ],
        [
          0.053184,
          -0.811289,
          -0.582221,
          1.268609
        ],
        [
          0.0,
          0.0,
          0.0,
          1.0
        ]
      ]
    },
    {
      "file_path": "/media/NFS/ttao/scannet/posed_images/scene0232_01/00394.jpg",
      "transform_matrix": [
        [
          -0.218867,
          -0.628701,
          0.746211,
          1.454817
        ],
        [
          -0.973859,
          0.093097,
          -0.2072,
          2.295674
        ],
        [
          0.060797,
          -0.772054,
          -0.632642,
          1.247639
        ],
        [
          0.0,
          0.0,
          0.0,
          1.0
        ]
      ]
    },
    {
      "file_path": "/media/NFS/ttao/scannet/posed_images/scene0232_01/00401.jpg",
      "transform_matrix": [
        [
          -0.157763,
          -0.664923,
          0.73006,
          1.421171
        ],
        [
          -0.986038,
          0.066179,
          -0.152805,
          2.285824
        ],
        [
          0.053289,
          -0.743974,
          -0.66608,
          1.22976
        ],
        [
          0.0,
          0.0,
          0.0,
          1.0
        ]
      ]
    },
    {
      "file_path": "/media/NFS/ttao/scannet/posed_images/scene0232_01/00403.jpg",
      "transform_matrix": [
        [
          -0.162281,
          -0.666173,
          0.727927,
          1.418933
        ],
        [
          -0.984995,
          0.06546,
          -0.159684,
          2.286727
        ],
        [
          0.058727,
          -0.742919,
          -0.6668,
          1.226268
        ],
        [
          0.0,
          0.0,
          0.0,
          1.0
        ]
      ]
    },
    {
      "file_path": "/media/NFS/ttao/scannet/posed_images/scene0232_01/00410.jpg",
      "transform_matrix": [
        [
          -0.179511,
          -0.661499,
          0.728145,
          1.419078
        ],
        [
          -0.981098,
          0.066005,
          -0.181909,
          2.288062
        ],
        [
          0.072271,
          -0.747036,
          -0.660844,
          1.220503
        ],
        [
          0.0,
          0.0,
          0.0,
          1.0
        ]
      ]
    },
    {
      "file_path": "/media/NFS/ttao/scannet/posed_images/scene0232_01/00419.jpg",
      "transform_matrix": [
        [
          -0.154471,
          -0.664886,
          0.730798,
          1.421403
        ],
        [
          -0.986067,
          0.057536,
          -0.156081,
          2.308455
        ],
        [
          0.061729,
          -0.744726,
          -0.66451,
          1.220146
        ],
        [
          0.0,
          0.0,
          0.0,
          1.0
        ]
      ]
    },
    {
      "file_path": "/media/NFS/ttao/scannet/posed_images/scene0232_01/00425.jpg",
      "transform_matrix": [
        [
          -0.136255,
          -0.677023,
          0.723239,
          1.41632
        ],
        [
          -0.988664,
          0.046445,
          -0.142783,
          2.312226
        ],
        [
          0.063077,
          -0.734495,
          -0.675676,
          1.216685
        ],
        [
          0.0,
          0.0,
          0.0,
          1.0
        ]
      ]
    },
    {
      "file_path": "/media/NFS/ttao/scannet/posed_images/scene0232_01/00430.jpg",
      "transform_matrix": [
        [
          -0.106932,
          -0.689532,
          0.716318,
          1.415556
        ],
        [
          -0.992504,
          0.031154,
          -0.118172,
          2.315975
        ],
        [
          0.059167,
          -0.723585,
          -0.687694,
          1.215762
        ],
        [
          0.0,
          0.0,
          0.0,
          1.0
        ]
      ]
    },
    {
      "file_path": "/media/NFS/ttao/scannet/posed_images/scene0232_01/00434.jpg",
      "transform_matrix": [
        [
          -0.077036,
          -0.696269,
          0.713635,
          1.413839
        ],
        [
          -0.995361,
          0.012336,
          -0.095413,
          2.318802
        ],
        [
          0.05763,
          -0.717675,
          -0.693989,
          1.211376
        ],
        [
          0.0,
          0.0,
          0.0,
          1.0
        ]
      ]
    },
    {
      "file_path": "/media/NFS/ttao/scannet/posed_images/scene0232_01/00440.jpg",
      "transform_matrix": [
        [
          -0.006295,
          -0.698693,
          0.715394,
          1.412964
        ],
        [
          -0.998878,
          -0.029193,
          -0.037302,
          2.304164
        ],
        [
          0.046947,
          -0.714826,
          -0.697725,
          1.209196
        ],
        [
          0.0,
          0.0,
          0.0,
          1.0
        ]
      ]
    },
    {
      "file_path": "/media/NFS/ttao/scannet/posed_images/scene0232_01/00451.jpg",
      "transform_matrix": [
        [
          0.149594,
          -0.677999,
          0.71968,
          1.411577
        ],
        [
          -0.98827,
          -0.125146,
          0.087525,
          2.213178
        ],
        [
          0.030723,
          -0.724331,
          -0.688767,
          1.218374
        ],
        [
          0.0,
          0.0,
          0.0,
          1.0
        ]
      ]
    },
    {
      "file_path": "/media/NFS/ttao/scannet/posed_images/scene0232_01/00454.jpg",
      "transform_matrix": [
        [
          0.188721,
          -0.67055,
          0.717459,
          1.405487
        ],
        [
          -0.981746,
          -0.146425,
          0.121388,
          2.187402
        ],
        [
          0.023657,
          -0.727271,
          -0.685943,
          1.223486
        ],
        [
          0.0,
          0.0,
          0.0,
          1.0
        ]
      ]
    },
    {
      "file_path": "/media/NFS/ttao/scannet/posed_images/scene0232_01/00460.jpg",
      "transform_matrix": [
        [
          0.252347,
          -0.640226,
          0.725556,
          1.395059
        ],
        [
          -0.967528,
          -0.17821,
          0.179253,
          2.157798
        ],
        [
          0.014539,
          -0.747229,
          -0.664407,
          1.240112
        ],
        [
          0.0,
          0.0,
          0.0,
          1.0
        ]
      ]
    },
    {
      "file_path": "/media/NFS/ttao/scannet/posed_images/scene0232_01/00469.jpg",
      "transform_matrix": [
        [
          0.301197,
          -0.584801,
          0.753185,
          1.407483
        ],
        [
          -0.953386,
          -0.199864,
          0.226074,
          2.158025
        ],
        [
          0.018326,
          -0.786169,
          -0.61774,
          1.260364
        ],
        [
          0.0,
          0.0,
          0.0,
          1.0
        ]
      ]
    },
    {
      "file_path": "/media/NFS/ttao/scannet/posed_images/scene0232_01/00471.jpg",
      "transform_matrix": [
        [
          0.299793,
          -0.578478,
          0.758609,
          1.416208
        ],
        [
          -0.95363,
          -0.203993,
          0.221307,
          2.1645
