{
  "frames": [
    {
      "file_path": "/media/NFS/ttao/scannet/posed_images/scene0016_00/00000.jpg",
      "transform_matrix": [
        [
          0.330673,
          -0.328207,
          0.884837,
          3.753276
        ],
        [
          -0.942686,
          -0.070458,
          0.326157,
          4.481459
        ],
        [
          -0.044703,
          -0.941975,
          -0.332694,
          1.345242
        ],
        [
          0.0,
          0.0,
          0.0,
          1.0
        ]
      ]
    },
    {
      "file_path": "/media/NFS/ttao/scannet/posed_images/scene0016_00/00005.jpg",
      "transform_matrix": [
        [
          0.276415,
          -0.344197,
          0.897287,
          3.74976
        ],
        [
          -0.960105,
          -0.057761,
          0.273609,
          4.545702
        ],
        [
          -0.042347,
          -0.937119,
          -0.346431,
          1.345328
        ],
        [
          0.0,
          0.0,
          0.0,
          1.0
        ]
      ]
    },
    {
      "file_path": "/media/NFS/ttao/scannet/posed_images/scene0016_00/00011.jpg",
      "transform_matrix": [
        [
          0.246361,
          -0.343591,
          0.906229,
          3.759901
        ],
        [
          -0.968034,
          -0.041808,
          0.247312,
          4.557182
        ],
        [
          -0.047087,
          -0.938188,
          -0.342907,
          1.353045
        ],
        [
          0.0,
          0.0,
          0.0,
          1.0
        ]
      ]
    },
    {
      "file_path": "/media/NFS/ttao/scannet/posed_images/scene0016_00/00014.jpg",
      "transform_matrix": [
        [
          0.23781,
          -0.345102,
          0.907938,
          3.761351
        ],
        [
          -0.969847,
          -0.033037,
          0.241468,
          4.565453
        ],
        [
          -0.053335,
          -0.937984,
          -0.342552,
          1.353378
        ],
        [
          0.0,
          0.0,
          0.0,
          1.0
        ]
      ]
    },
    {
      "file_path": "/media/NFS/ttao/scannet/posed_images/scene0016_00/00023.jpg",
      "transform_matrix": [
        [
          0.200187,
          -0.355638,
          0.912933,
          3.770993
        ],
        [
          -0.978147,
          -0.019134,
          0.207033,
          4.594513
        ],
        [
          -0.05616,
          -0.934428,
          -0.351696,
          1.353661
        ],
        [
          0.0,
          0.0,
          0.0,
          1.0
        ]
      ]
    },
    {
      "file_path": "/media/NFS/ttao/scannet/posed_images/scene0016_00/00025.jpg",
      "transform_matrix": [
        [
          0.192139,
          -0.354705,
          0.915023,
          3.774636
        ],
        [
          -0.979537,
          -0.012397,
          0.20088,
          4.597996
        ],
        [
          -0.05991,
          -0.934896,
          -0.349828,
          1.349799
        ],
        [
          0.0,
          0.0,
          0.0,
          1.0
        ]
      ]
    },
    {
      "file_path": "/media/NFS/ttao/scannet/posed_images/scene0016_00/00031.jpg",
      "transform_matrix": [
        [
          0.1668,
          -0.376936,
          0.911097,
          3.803619
        ],
        [
          -0.983754,
          -0.001418,
          0.179515,
          4.623322
        ],
        [
          -0.066373,
          -0.926238,
          -0.371049,
          1.355173
        ],
        [
          0.0,
          0.0,
          0.0,
          1.0
        ]
      ]
    },
    {
      "file_path": "/media/NFS/ttao/scannet/posed_images/scene0016_00/00039.jpg",
      "transform_matrix": [
        [
          0.175573,
          -0.361414,
          0.915726,
          3.8663
        ],
        [
          -0.982407,
          -0.004177,
          0.186709,
          4.616203
        ],
        [
          -0.063654,
          -0.932396,
          -0.355789,
          1.355904
        ],
        [
          0.0,
          0.0,
          0.0,
          1.0
        ]
      ]
    },
    {
      "file_path": "/media/NFS/ttao/scannet/posed_images/scene0016_00/00040.jpg",
      "transform_matrix": [
        [
          0.175444,
          -0.361982,
          0.915526,
          3.871132
        ],
        [
          -0.982616,
          -0.007046,
          0.185514,
          4.613925
        ],
        [
          -0.060702,
          -0.932158,
          -0.356926,
          1.350663
        ],
        [
          0.0,
          0.0,
          0.0,
          1.0
        ]
      ]
    },
    {
      "file_path": "/media/NFS/ttao/scannet/posed_images/scene0016_00/00047.jpg",
      "transform_matrix": [
        [
          0.156125,
          -0.349773,
          0.923734,
          3.934804
        ],
        [
          -0.984007,
          0.026125,
          0.176204,
          4.590108
        ],
        [
          -0.085764,
          -0.93647,
          -0.340101,
          1.357843
        ],
        [
          0.0,
          0.0,
          0.0,
          1.0
        ]
      ]
    },
    {
      "file_path": "/media/NFS/ttao/scannet/posed_images/scene0016_00/00051.jpg",
      "transform_matrix": [
        [
          0.137627,
          -0.358766,
          0.923226,
          3.962035
        ],
        [
          -0.986973,
          0.028742,
          0.158299,
          4.566258
        ],
        [
          -0.083328,
          -0.932985,
          -0.350137,
          1.364573
        ],
        [
          0.0,
          0.0,
          0.0,
          1.0
        ]
      ]
    },
    {
      "file_path": "/media/NFS/ttao/scannet/posed_images/scene0016_00/00059.jpg",
      "transform_matrix": [
        [
          0.037151,
          -0.385673,
          0.921887,
          3.987871
        ],
        [
          -0.997537,
          0.040618,
          0.057192,
          4.582041
        ],
        [
          -0.059503,
          -0.921741,
          -0.383214,
          1.369272
        ],
        [
          0.0,
          0.0,
          0.0,
          1.0
        ]
      ]
    },
    {
      "file_path": "/media/NFS/ttao/scannet/posed_images/scene0016_00/00065.jpg",
      "transform_matrix": [
        [
          -0.054947,
          -0.393029,
          0.917883,
          3.9834
        ],
        [
          -0.996214,
          0.083604,
          -0.023838,
          4.594079
        ],
        [
          -0.06737,
          -0.915718,
          -0.396134,
          1.369919
        ],
        [
          0.0,
          0.0,
          0.0,
          1.0
        ]
      ]
    },
    {
      "file_path": "/media/NFS/ttao/scannet/posed_images/scene0016_00/00067.jpg",
      "transform_matrix": [
        [
          -0.08423,
          -0.388436,
          0.917618,
          3.977812
        ],
        [
          -0.993703,
          0.101035,
          -0.048445,
          4.6077
        ],
        [
          -0.073894,
          -0.91592,
          -0.3945,
          1.364359
        ],
        [
          0.0,
          0.0,
          0.0,
          1.0
        ]
      ]
    },
    {
      "file_path": "/media/NFS/ttao/scannet/posed_images/scene0016_00/00074.jpg",
      "transform_matrix": [
        [
          -0.181337,
          -0.344384,
          0.921149,
          3.962503
        ],
        [
          -0.979294,
          0.148955,
          -0.137095,
          4.637596
        ],
        [
          -0.089997,
          -0.926937,
          -0.364265,
          1.358196
        ],
        [
          0.0,
          0.0,
          0.0,
          1.0
        ]
      ]
    },
    {
      "file_path": "/media/NFS/ttao/scannet/posed_images/scene0016_00/00079.jpg",
      "transform_matrix": [
        [
          -0.260482,
          -0.310968,
          0.914028,
          3.95213
        ],
        [
          -0.961393,
          0.170545,
          -0.215958,
          4.669186
        ],
        [
          -0.088726,
          -0.934994,
          -0.343387,
          1.354457
        ],
        [
          0.0,
          0.0,
          0.0,
          1.0
        ]
      ]
    },
    {
      "file_path": "/media/NFS/ttao/scannet/posed_images/scene0016_00/00082.jpg",
      "transform_matrix": [
        [
          -0.284187,
          -0.310833,
          0.906984,
          3.938804
        ],
        [
          -0.954502,
          0.180875,
          -0.237088,
          4.668647
        ],
        [
          -0.090356,
          -0.933096,
          -0.348093,
          1.350073
        ],
        [
          0.0,
          0.0,
          0.0,
          1.0
        ]
      ]
    },
    {
      "file_path": "/media/NFS/ttao/scannet/posed_images/scene0016_00/00090.jpg",
      "transform_matrix": [
        [
          -0.304772,
          -0.263915,
          0.91513,
          3.876966
        ],
        [
          -0.947908,
          0.177523,
          -0.264492,
          4.673619
        ],
        [
          -0.092654,
          -0.948069,
          -0.304271,
          1.357514
        ],
        [
          0.0,
          0.0,
          0.0,
          1.0
        ]
      ]
    },
    {
      "file_path": "/media/NFS/ttao/scannet/posed_images/scene0016_00/00096.jpg",
      "transform_matrix": [
        [
          -0.331735,
          -0.250408,
          0.909532,
          3.825403
        ],
        [
          -0.93991,
          0.170262,
          -0.295939,
          4.676447
        ],
        [
          -0.080754,
          -0.953051,
          -0.291843,
          1.363587
        ],
        [
          0.0,
          0.0,
          0.0,
          1.0
        ]
      ]
    },
    {
      "file_path": "/media/NFS/ttao/scannet/posed_images/scene0016_00/00101.jpg",
      "transform_matrix": [
        [
          -0.359898,
          -0.251473,
          0.898462,
          3.780104
        ],
        [
          -0.928271,
          0.193268,
          -0.317744,
          4.666558
        ],
        [
          -0.09374,
          -0.948372,
          -0.302992,
          1.348679
        ],
        [
          0.0,
          0.0,
          0.0,
          1.0
        ]
      ]
    },
    {
      "file_path": "/media/NFS/ttao/scannet/posed_images/scene0016_00/00104.jpg",
      "transform_matrix": [
        [
          -0.375687,
          -0.24852,
          0.892803,
          3.762115
        ],
        [
          -0.921406,
          0.203443,
          -0.331093,
          4.670475
        ],
        [
          -0.099351,
          -0.947021,
          -0.305419,
          1.348012
        ],
        [
          0.0,
          0.0,
          0.0,
          1.0
        ]
      ]
    },
    {
      "file_path": "/media/NFS/ttao/scannet/posed_images/scene0016_00/00107.jpg",
      "transform_matrix": [
        [
          -0.393972,
          -0.250808,
          0.884241,
          3.743543
        ],
        [
          -0.913157,
          0.21624,
          -0.345521,
          4.668956
        ],
        [
          -0.104548,
          -0.943576,
          -0.31422,
          1.343095
        ],
        [
          0.0,
          0.0,
          0.0,
          1.0
        ]
      ]
    },
    {
      "file_path": "/media/NFS/ttao/scannet/posed_images/scene0016_00/00115.jpg",
      "transform_matrix": [
        [
          -0.474038,
          -0.28497,
          0.833115,
          3.727628
        ],
        [
          -0.87507,
          0.257433,
          -0.409854,
          4.657431
        ],
        [
          -0.097675,
          -0.92332,
          -0.371402,
          1.344844
        ],
        [
          0.0,
          0.0,
          0.0,
          1.0
        ]
      ]
    },
    {
      "file_path": "/media/NFS/ttao/scannet/posed_images/scene0016_00/00118.jpg",
      "transform_matrix": [
        [
          -0.510054,
          -0.281602,
          0.81274,
          3.725222
        ],
        [
          -0.854737,
          0.271701,
          -0.44227,
          4.659924
        ],
        [
          -0.096278,
          -0.920261,
          -0.379277,
          1.343008
        ],
        [
          0.0,
          0.0,
          0.0,
          1.0
        ]
      ]
    },
    {
      "file_path": "/media/NFS/ttao/scannet/posed_images/scene0016_00/00126.jpg",
      "transform_matrix": [
        [
          -0.611102,
          -0.268363,
          0.744671,
          3.748213
        ],
        [
          -0.786305,
          0.313945,
          -0.53213,
          4.66217
        ],
        [
          -0.090981,
          -0.910725,
          -0.402868,
          1.351832
        ],
        [
          0.0,
          0.0,
          0.0,
          1.0
        ]
      ]
    },
    {
      "file_path": "/media/NFS/ttao/scannet/posed_images/scene0016_00/00132.jpg",
      "transform_matrix": [
        [
          -0.671168,
          -0.251194,
          0.697449,
          3.763942
        ],
        [
          -0.736336,
          0.33466,
          -0.588058,
          4.654477
        ],
        [
          -0.085691,
          -0.908242,
          -0.409577,
          1.361635
        ],
        [
          0.0,
          0.0,
          0.0,
          1.0
        ]
      ]
    },
    {
      "file_path": "/media/NFS/ttao/scannet/posed_images/scene0016_00/00133.jpg",
      "transform_matrix": [
        [
          -0.684365,
          -0.245326,
          0.68663,
          3.770465
        ],
        [
          -0.724263,
          0.337452,
          -0.601306,
          4.660522
        ],
        [
          -0.084189,
          -0.908813,
          -0.408621,
          1.357658
        ],
        [
          0.0,
          0.0,
          0.0,
          1.0
        ]
      ]
    },
    {
      "file_path": "/media/NFS/ttao/scannet/posed_images/scene0016_00/00143.jpg",
      "transform_matrix": [
        [
          -0.776578,
          -0.223804,
          0.58893,
          3.81311
        ],
        [
          -0.624985,
          0.391619,
          -0.675299,
          4.66072
        ],
        [
          -0.079502,
          -0.892494,
          -0.443997,
          1.367956
        ],
        [
          0.0,
          0.0,
          0.0,
          1.0
        ]
      ]
    },
    {
      "file_path": "/media/NFS/ttao/scannet/posed_images/scene0016_00/00147.jpg",
      "transform_matrix": [
        [
          -0.807865,
          -0.211809,
          0.549992,
          3.826738
        ],
        [
          -0.584334,
          0.409555,
          -0.700585,
          4.662797
        ],
        [
          -0.076861,
          -0.887357,
          -0.454632,
          1.366525
        ],
        [
          0.0,
          0.0,
          0.0,
          1.0
        ]
      ]
    },
    {
      "file_path": "/media/NFS/ttao/scannet/posed_images/scene0016_00/00149.jpg",
      "transform_matrix": [
        [
          -0.821084,
          -0.205221,
          0.532641,
          3.835471
        ],
        [
          -0.565788,
          0.41609,
          -0.711866,
          4.664876
        ],
        [
          -0.075536,
          -0.885863,
          -0.457757,
          1.363985
        ],
        [
          0.0,
          0.0,
          0.0,
          1.0
        ]
      ]
    },
    {
      "file_path": "/media/NFS/ttao/scannet/posed_images/scene0016_00/00155.jpg",
      "transform_matrix": [
        [
          -0.857569,
          -0.195249,
          0.475871,
          3.857035
        ],
        [
          -0.511248,
          0.425313,
          -0.746817,
          4.662671
        ],
        [
          -0.056579,
          -0.883735,
          -0.464556,
          1.35925
        ],
        [
          0.0,
          0.0,
          0.0,
          1.0
        ]
      ]
    },
    {
      "file_path": "/media/NFS/ttao/scannet/posed_images/scene0016_00/00163.jpg",
      "transform_matrix": [
        [
          -0.902823,
          -0.168989,
          0.395417,
          3.849834
        ],
        [
          -0.428335,
          0.434568,
          -0.792263,
          4.644668
        ],
        [
          -0.037952,
          -0.884643,
          -0.464721,
          1.352669
        ],
        [
          0.0,
          0.0,
          0.0,
          1.0
        ]
      ]
    },
    {
      "file_path": "/media/NFS/ttao/scannet/posed_images/scene0016_00/00166.jpg",
      "transform_matrix": [
        [
          -0.918203,
          -0.145372,
          0.368471,
          3.851155
        ],
        [
          -0.393862,
          0.434061,
          -0.810225,
          4.635663
        ],
        [
          -0.042155,
          -0.889077,
          -0.455812,
          1.357874
        ],
        [
          0.0,
          0.0,
          0.0,
          1.0
        ]
      ]
    },
    {
      "file_path": "/media/NFS/ttao/scannet/posed_images/scene0016_00/00172.jpg",
      "transform_matrix": [
        [
          -0.939763,
          -0.118777,
          0.320526,
          3.833335
        ],
        [
          -0.340344,
          0.412356,
          -0.845062,
          4.618025
        ],
        [
          -0.031797,
          -0.903247,
          -0.427942,
          1.373321
        ],
        [
          0.0,
          0.0,
          0.0,
          1.0
        ]
      ]
    },
    {
      "file_path": "/media/NFS/ttao/scannet/posed_images/scene0016_00/00178.jpg",
      "transform_matrix": [
        [
          -0.958694,
          -0.100585,
          0.266063,
          3.84069
        ],
        [
          -0.283631,
          0.408613,
          -0.867519,
          4.603952
        ],
        [
          -0.021457,
          -0.907148,
          -0.420264,
          1.379214
        ],
        [
          0.0,
          0.0,
          0.0,
          1.0
        ]
      ]
    },
    {
      "file_path": "/media/NFS/ttao/scannet/posed_images/scene0016_00/00182.jpg",
      "transform_matrix": [
        [
          -0.966197,
          -0.091319,
          0.241089,
          3.846891
        ],
        [
          -0.257126,
          0.409171,
          -0.87548,
          4.593223
        ],
        [
          -0.018698,
          -0.907877,
          -0.41882,
          1.385799
        ],
        [
          0.0,
          0.0,
          0.0,
          1.0
        ]
      ]
    },
    {
      "file_path": "/media/NFS/ttao/scannet/posed_images/scene0016_00/00186.jpg",
      "transform_matrix": [
        [
          -0.973947,
          -0.068861,
          0.21607,
          3.856831
        ],
        [
          -0.225305,
          0.402196,
          -0.887398,
          4.584961
        ],
        [
          -0.025795,
          -0.912961,
          -0.407232,
          1.390596
        ],
        [
          0.0,
          0.0,
          0.0,
          1.0
        ]
      ]
    },
    {
      "file_path": "/media/NFS/ttao/scannet/posed_images/scene0016_00/00194.jpg",
      "transform_matrix": [
        [
          -0.986536,
          -0.050211,
          0.155645,
          3.86711
        ],
        [
          -0.16294,
          0.383426,
          -0.909085,
          4.555703
        ],
        [
          -0.014032,
          -0.922206,
          -0.386445,
          1.396398
        ],
        [
          0.0,
          0.0,
          0.0,
          1.0
        ]
      ]
    },
    {
      "file_path": "/media/NFS/ttao/scannet/posed_images/scene0016_00/00196.jpg",
      "transform_matrix": [
        [
          -0.989509,
          -0.047893,
          0.136299,
          3.873927
        ],
        [
          -0.144238,
          0.380804,
          -0.913337,
          4.544043
        ],
        [
          -0.008161,
          -0.923415,
          -0.383717,
          1.396906
        ],
        [
          0.0,
          0.0,
          0.0,
          1.0
        ]
      ]
    },
    {
      "file_path": "/media/NFS/ttao/scannet/posed_images/scene0016_00/00200.jpg",
      "transform_matrix": [
        [
          -0.993462,
          -0.039685,
          0.107043,
          3.886491
        ],
        [
          -0.114139,
          0.36449,
          -0.924186,
          4.514513
        ],
        [
          -0.00234,
          -0.930361,
          -0.366636,
          1.401989
        ],
        [
          0.0,
          0.0,
          0.0,
          1.0
        ]
      ]
    },
    {
      "file_path": "/media/NFS/ttao/scannet/posed_images/scene0016_00/00210.jpg",
      "transform_matrix": [
        [
          -0.997307,
          0.024105,
          0.069272,
          3.915356
        ],
        [
          -0.05852,
          0.307851,
          -0.949633,
          4.411033
        ],
        [
          -0.044216,
          -0.951129,
          -0.305611,
          1.427158
        ],
        [
          0.0,
          0.0,
          0.0,
          1.0
        ]
      ]
    },
    {
      "file_path": "/media/NFS/ttao/scannet/posed_images/scene0016_00/00211.jpg",
      "transform_matrix": [
        [
          -0.997582,
          0.024542,
          0.065015,
          3.922527
        ],
        [
          -0.054256,
          0.309524,
          -0.949342,
          4.399443
        ],
        [
          -0.043422,
          -0.950575,
          -0.307445,
          1.42773
        ],
        [
          0.0,
          0.0,
          0.0,
          1.0
        ]
      ]
    },
    {
      "file_path": "/media/NFS/ttao/scannet/posed_images/scene0016_00/00219.jpg",
      "transform_matrix": [
        [
          -0.998569,
          0.025892,
          0.046783,
          3.973288
        ],
        [
          -0.036352,
          0.312913,
          -0.949086,
          4.318826
        ],
        [
          -0.039213,
          -0.949429,
          -0.311524,
          1.45166
        ],
        [
          0.0,
          0.0,
          0.0,
          1.0
        ]
      ]
    },
    {
      "file_path": "/media/NFS/ttao/scannet/posed_images/scene0016_00/00225.jpg",
      "transform_matrix": [
        [
          -0.999456,
          0.032756,
          -0.003679,
          4.024502
        ],
        [
          0.01315,
          0.293897,
          -0.955747,
          4.281602
        ],
        [
          -0.030225,
          -0.955276,
          -0.294168,
          1.455583
        ],
        [
          0.0,
          0.0,
          0.0,
          1.0
        ]
      ]
    },
    {
      "file_path": "/media/NFS/ttao/scannet/posed_images/scene0016_00/00228.jpg",
      "transform_matrix": [
        [
          -0.998278,
          0.041422,
          -0.041525,
          4.060756
        ],
        [
          0.051957,
          0.296067,
          -0.953753,
          4.266382
        ],
        [
          -0.027213,
          -0.954269,
          -0.29771,
          1.455041
        ],
        [
          0.0,
          0.0,
          0.0,
          1.0
        ]
      ]
    },
    {
      "file_path": "/media/NFS/ttao/scannet/posed_images/scene0016_00/00231.jpg",
      "transform_matrix": [
        [
          -0.994773,
          0.038922,
          -0.0944,
          4.108134
        ],
        [
          0.101724,
          0.297548,
          -0.949272,
          4.255225
        ],
        [
          -0.008859,
          -0.953913,
          -0.299952,
          1.450475
        ],
        [
          0.0,
          0.0,
          0.0,
          1.0
        ]
      ]
    },
    {
      "file_path": "/media/NFS/ttao/scannet/posed_images/scene0016_00/00237.jpg",
      "transform_matrix": [
        [
          -0.983728,
          0.07194,
          -0.164632,
          4.201913
        ],
        [
          0.179279,
          0.333137,
          -0.925678,
          4.235813
        ],
        [
          -0.011748,
          -0.94013,
          -0.340613,
          1.447109
        ],
        [
          0.0,
          0.0,
          0.0,
          1.0
        ]
      ]
    },
    {
      "file_path": "/media/NFS/ttao/scannet/posed_images/scene0016_00/00244.jpg",
      "transform_matrix": [
        [
          -0.957159,
          0.104965,
          -0.269868,
          4.271501
        ],
        [
          0.289396,
          0.315168,
          -0.903835,
          4.197849
        ],
        [
          -0.009818,
          -0.943213,
          -0.332043,
          1.435851
        ],
        [
          0.0,
          0.0,
          0.0,
          1.0
        ]
      ]
    },
    {
      "file_path": "/media/NFS/ttao/scannet/posed_images/scene0016_00/00250.jpg",
      "transform_matrix": [
        [
          -0.940495,
          0.12241,
          -0.316995,
          4.302398
        ],
        [
          0.339522,
          0.300189,
          -0.89141,
          4.143451
        ],
        [
          -0.013959,
          -0.945993,
          -0.323887,
          1.429355
        ],
        [
          0.0,
          0.0,
          0.0,
          1.0
        ]
      ]
    },
    {
      "file_path": "/media/NFS/ttao/scannet/posed_images/scene0016_00/00253.jpg",
      "transform_matrix": [
        [
          -0.926494,
          0.131564,
          -0.352561,
          4.311209
        ],
        [
          0.376041,
          0.288326,
          -0.880603,
          4.119236
        ],
        [
          -0.014204,
          -0.948451,
          -0.316606,
          1.434944
        ],
        [
          0.0,
          0.0,
          0.0,
          1.0
        ]
      ]
    },
    {
      "file_path": "/media/NFS/ttao/scannet/posed_images/scene0016_00/00261.jpg",
      "transform_matrix": [
        [
          -0.87727,
          0.160036,
          -0.452532,
          4.353382
        ],
        [
          0.479979,
          0.284409,
          -0.829898,
          4.079559
        ],
        [
          -0.004109,
          -0.945251,
          -0.326318,
          1.443053
        ],
        [
          0.0,
          0.0,
          0.0,
          1.0
        ]
      ]
    },
    {
      "file_path": "/media/NFS/ttao/scannet/posed_images/scene0016_00/00265.jpg",
      "transform_matrix": [
        [
          -0.838977,
          0.189858,
          -0.509972,
          4.389458
        ],
        [
          0.543771,
          0.256736,
          -0.798999,
          4.070706
        ],
        [
          -0.020768,
          -0.94765,
          -0.318635,
          1.445459
        ],
        [
          0.0,
          0.0,
          0.0,
          1.0
        ]
      ]
    },
    {
      "file_path": "/media/NFS/ttao/scannet/posed_images/scene0016_00/00270.jpg",
      "transform_matrix": [
        [
          -0.793014,
          0.243304,
          -0.558508,
          4.446797
        ],
        [
          0.607405,
          0.245396,
          -0.755539,
          4.065382
        ],
        [
          -0.04677,
          -0.938394,
          -0.342386,
          1.441475
        ],
        [
          0.0,
          0.0,
          0.0,
          1.0
        ]
      ]
    },
    {
      "file_path": "/media/NFS/ttao/scannet/posed_images/scene0016_00/00273.jpg",
      "transform_matrix": [
        [
          -0.767857,
          0.26306,
          -0.58412,
          4.480731
        ],
        [
          0.638714,
          0.244055,
          -0.729713,
          4.06928
        ],
        [
          -0.049401,
          -0.933401,
          -0.355419,
          1.436536
        ],
        [
          0.0,
          0.0,
          0.0,
          1.0
        ]
      ]
    },
    {
      "file_path": "/media/NFS/ttao/scannet/posed_images/scene0016_00/00279.jpg",
      "transform_matrix": [
        [
          -0.716521,
          0.287026,
          -0.635778,
          4.536964
        ],
        [
          0.695705,
          0.227509,
          -0.681348,
          4.092536
        ],
        [
          -0.050919,
          -0.930514,
          -0.3627,
          1.432405
        ],
        [
          0.0,
          0.0,
          0.0,
          1.0
        ]
      ]
    },
    {
      "file_path": "/media/NFS/ttao/scannet/posed_images/scene0016_00/00284.jpg",
      "transform_matrix": [
        [
          -0.689877,
          0.288301,
          -0.664042,
          4.571667
        ],
        [
          0.722706,
          0.221054,
          -0.654851,
          4.121572
        ],
        [
          -0.042005,
          -0.931675,
          -0.360857,
          1.427153
        ],
        [
          0.0,
          0.0,
          0.0,
          1.0
        ]
      ]
    },
    {
      "file_path": "/media/NFS/ttao/scannet/posed_images/scene0016_00/00289.jpg",
      "transform_matrix": [
        [
          -0.660672,
          0.287042,
          -0.693628,
          4.603678
        ],
        [
          0.749098,
          0.192234,
          -0.633955,
          4.160853
        ],
        [
          -0.048633,
          -0.938431,
          -0.342026,
          1.418744
        ],
        [
          0.0,
          0.0,
          0.0,
          1.0
        ]
      ]
    },
    {
      "file_path": "/media/NFS/ttao/scannet/posed_images/scene0016_00/00293.jpg",
      "transform_matrix": [
        [
          -0.638661,
          0.308455,
          -0.704959,
          4.626796
        ],
        [
          0.767833,
          0.195411,
          -0.61012,
          4.198531
        ],
        [
          -0.050438,
          -0.930952,
          -0.361643,
          1.406163
        ],
        [
          0.0,
          0.0,
          0.0,
          1.0
        ]
      ]
    },
    {
      "file_path": "/media/NFS/ttao/scannet/posed_images/scene0016_00/00300.jpg",
      "transform_matrix": [
        [
          -0.571767,
          0.359694,
          -0.737362,
          4.667816
        ],
        [
          0.818783,
          0.19351,
          -0.540507,
          4.262371
        ],
        [
          -0.05173,
          -0.912784,
          -0.405154,
          1.387812
        ],
        [
          0.0,
          0.0,
          0.0,
          1.0
        ]
      ]
    },
    {
      "file_path": "/media/NFS/ttao/scannet/posed_images/scene0016_00/00307.jpg",
      "transform_matrix": [
        [
          -0.527885,
          0.397849,
          -0.750369,
          4.696482
        ],
        [
          0.847747,
          0.193149,
          -0.493982,
          4.312057
        ],
        [
          -0.051597,
          -0.896889,
          -0.439236,
          1.37345
        ],
        [
          0.0,
          0.0,
          0.0,
          1.0
        ]
      ]
    },
    {
      "file_path": "/media/NFS/ttao/scannet/posed_images/scene0016_00/00309.jpg",
      "transform_matrix": [
        [
          -0.520111,
          0.409009,
          -0.749797,
          4.705744
        ],
        [
          0.852333,
          0.192143,
          -0.486425,
          4.3205
        ],
        [
          -0.054884,
          -0.892072,
          -0.448548,
          1.369454
        ],
        [
          0.0,
          0.0,
          0.0,
          1.0
        ]
      ]
    },
    {
      "file_path": "/media/NFS/ttao/scannet/posed_images/scene0016_00/00315.jpg",
      "transform_matrix": [
        [
          -0.496952,
          0.421006,
          -0.75881,
          4.722226
        ],
        [
          0.864569,
          0.165074,
          -0.474627,
          4.34228
        ],
        [
          -0.074561,
          -0.891911,
          -0.446023,
          1.371358
        ],
        [
          0.0,
          0.0,
          0.0,
          1.0
        ]
      ]
    },
    {
      "file_path": "/media/NFS/ttao/scannet/posed_images/scene0016_00/00321.jpg",
      "transform_matrix": [
        [
          -0.47477,
          0.427863,
          -0.769108,
          4.727607
        ],
        [
          0.8766,
          0.151921,
          -0.45661,
          4.345766
        ],
        [
          -0.078523,
          -0.890985,
          -0.447192,
          1.365005
        ],
        [
          0.0,
          0.0,
          0.0,
          1.0
        ]
      ]
    },
    {
      "file_path": "/media/NFS/ttao/scannet/posed_images/scene0016_00/00327.jpg",
      "transform_matrix": [
        [
          -0.452681,
          0.422622,
          -0.785157,
          4.734861
        ],
        [
          0.888443,
          0.138904,
          -0.437463,
          4.328782
        ],
        [
          -0.07582,
          -0.895598,
          -0.438355,
          1.368456
        ],
        [
          0.0,
          0.0,
          0.0,
          1.0
        ]
      ]
    },
    {
      "file_path": "/media/NFS/ttao/scannet/posed_images/scene0016_00/00331.jpg",
      "transform_matrix": [
        [
          -0.437874,
          0.416126,
          -0.796935,
          4.741752
        ],
        [
          0.894811,
          0.115881,
          -0.431143,
          4.310589
        ],
        [
          -0.08706,
          -0.901893,
          -0.423096,
          1.375008
        ],
        [
          0.0,
          0.0,
          0.0,
          1.0
        ]
      ]
    },
    {
      "file_path": "/media/NFS/ttao/scannet/posed_images/scene0016_00/00335.jpg",
      "transform_matrix": [
        [
          -0.41344,
          0.40754,
          -0.814235,
          4.749943
        ],
        [
          0.906161,
          0.096656,
          -0.411739,
          4.288421
        ],
        [
          -0.0891,
          -0.908058,
          -0.409258,
          1.380965
        ],
        [
          0.0,
          0.0,
          0.0,
          1.0
        ]
      ]
    },
    {
      "file_path": "/media/NFS/ttao/scannet/posed_images/scene0016_00/00340.jpg",
      "transform_matrix": [
        [
          -0.371623,
          0.401233,
          -0.837203,
          4.757814
        ],
        [
          0.924825,
          0.081115,
          -0.371643,
          4.258449
        ],
        [
          -0.081205,
          -0.912378,
          -0.401214,
          1.385023
        ],
        [
          0.0,
          0.0,
          0.0,
          1.0
        ]
      ]
    },
    {
      "file_path": "/media/NFS/ttao/scannet/posed_images/scene0016_00/00349.jpg",
      "transform_matrix": [
        [
          -0.284306,
          0.371022,
          -0.884032,
          4.780298
        ],
        [
          0.954573,
          0.02374,
          -0.297029,
          4.200731
        ],
        [
          -0.089218,
          -0.928321,
          -0.360917,
          1.395361
        ],
        [
          0.0,
          0.0,
          0.0,
          1.0
        ]
      ]
    },
    {
      "file_path": "/media/NFS/ttao/scannet/posed_images/scene0016_00/00351.jpg",
      "transform_matrix": [
        [
          -0.274349,
          0.36249,
          -0.890693,
          4.778364
        ],
        [
          0.957187,
          0.013996,
          -0.289134,
          4.193087
        ],
        [
          -0.092342,
          -0.931883,
          -0.35081,
          1.405179
        ],
        [
          0.0,
          0.0,
          0.0,
          1.0
        ]
      ]
    },
    {
      "file_path": "/media/NFS/ttao/scannet/posed_images/scene0016_00/00359.jpg",
      "transform_matrix": [
        [
          -0.19935,
          0.323865,
          -0.924863,
          4.788508
        ],
        [
          0.975384,
          -0.025212,
          -0.219067,
          4.160076
        ],
        [
          -0.094266,
          -0.945767,
          -0.310867,
          1.421691
        ],
        [
          0.0,
          0.0,
          0.0,
          1.0
        ]
      ]
    },
    {
      "file_path": "/media/NFS/ttao/scannet/posed_images/scene0016_00/00362.jpg",
      "transform_matrix": [
        [
          -0.171628,
          0.316053,
          -0.933089,
          4.779074
        ],
        [
          0.981668,
          -0.024828,
          -0.188973,
          4.172116
        ],
        [
          -0.082892,
          -0.948417,
          -0.305998,
          1.414202
        ],
        [
          0.0,
          0.0,
          0.0,
          1.0
        ]
      ]
    },
    {
      "file_path": "/media/NFS/ttao/scannet/posed_images/scene0016_00/00369.jpg",
      "transform_matrix": [
        [
          -0.090086,
          0.331861,
          -0.939017,
          4.767666
        ],
        [
          0.993537,
          -0.035424,
          -0.107836,
          4.161582
        ],
        [
          -0.06905,
          -0.942663,
          -0.326525,
          1.413317
        ],
        [
          0.0,
          0.0,
          0.0,
          1.0
        ]
      ]
    },
    {
      "file_path": "/media/NFS/ttao/scannet/posed_images/scene0016_00/00374.jpg",
      "transform_matrix": [
        [
          -0.04764,
          0.330471,
          -0.942613,
          4.749626
        ],
        [
          0.99699,
          -0.042044,
          -0.065128,
          4.164576
        ],
        [
          -0.061154,
          -0.942879,
          -0.327473,
          1.406982
        ],
        [
          0.0,
          0.0,
          0.0,
          1.0
        ]
      ]
    },
    {
      "file_path": "/media/NFS/ttao/scannet/posed_images/scene0016_00/00377.jpg",
      "transform_matrix": [
        [
          -0.008408,
          0.319073,
          -0.947692,
          4.734983
        ],
        [
          0.998522,
          -0.048207,
          -0.02509,
          4.160809
        ],
        [
          -0.053691,
          -0.946503,
          -0.318197,
          1.40463
        ],
        [
          0.0,
          0.0,
          0.0,
          1.0
        ]
      ]
    },
    {
      "file_path": "/media/NFS/ttao/scannet/posed_images/scene0016_00/00385.jpg",
      "transform_matrix": [
        [
          0.077532,
          0.317216,
          -0.945179,
          4.678975
        ],
        [
          0.996289,
          -0.060178,
          0.061528,
          4.186709
        ],
        [
          -0.037362,
          -0.946442,
          -0.320704,
          1.392055
        ],
        [
          0.0,
          0.0,
          0.0,
          1.0
        ]
      ]
    },
    {
      "file_path": "/media/NFS/ttao/scannet/posed_images/scene0016_00/00391.jpg",
      "transform_matrix": [
        [
          0.114187,
          0.309361,
          -0.944064,
          4.643676
        ],
        [
          0.993055,
          -0.062639,
          0.099587,
          4.204202
        ],
        [
          -0.028327,
          -0.94888,
          -0.314365,
          1.382231
        ],
        [
          0.0,
          0.0,
          0.0,
          1.0
        ]
      ]
    },
    {
      "file_path": "/media/NFS/ttao/scannet/posed_images/scene0016_00/00396.jpg",
      "transform_matrix": [
        [
          0.168645,
          0.318374,
          -0.932844,
          4.602939
        ],
        [
          0.985533,
          -0.070602,
          0.154074,
          4.198833
        ],
        [
          -0.016808,
          -0.945332,
          -0.325675,
          1.384835
        ],
        [
          0.0,
          0.0,
          0.0,
          1.0
        ]
      ]
    },
    {
      "file_path": "/media/NFS/ttao/scannet/posed_images/scene0016_00/00400.jpg",
      "transform_matrix": [
        [
          0.205328,
          0.294009,
          -0.933488,
          4.575242
        ],
        [
          0.978494,
          -0.080906,
          0.189745,
          4.214939
        ],
