{
  "frames": [
    {
      "file_path": "/media/NFS/ttao/scannet/posed_images/scene0279_01/00001.jpg",
      "transform_matrix": [
        [
          -0.837025,
          -0.286536,
          0.466141,
          3.087408
        ],
        [
          -0.546233,
          0.38786,
          -0.742425,
          5.148533
        ],
        [
          0.031934,
          -0.876049,
          -0.481164,
          1.533588
        ],
        [
          0.0,
          0.0,
          0.0,
          1.0
        ]
      ]
    },
    {
      "file_path": "/media/NFS/ttao/scannet/posed_images/scene0279_01/00005.jpg",
      "transform_matrix": [
        [
          -0.839569,
          -0.292071,
          0.45806,
          3.09844
        ],
        [
          -0.541848,
          0.389616,
          -0.744714,
          5.148349
        ],
        [
          0.039042,
          -0.873438,
          -0.485368,
          1.531835
        ],
        [
          0.0,
          0.0,
          0.0,
          1.0
        ]
      ]
    },
    {
      "file_path": "/media/NFS/ttao/scannet/posed_images/scene0279_01/00008.jpg",
      "transform_matrix": [
        [
          -0.83963,
          -0.298858,
          0.453548,
          3.105689
        ],
        [
          -0.541261,
          0.39062,
          -0.744616,
          5.148327
        ],
        [
          0.04537,
          -0.870689,
          -0.489736,
          1.528251
        ],
        [
          0.0,
          0.0,
          0.0,
          1.0
        ]
      ]
    },
    {
      "file_path": "/media/NFS/ttao/scannet/posed_images/scene0279_01/00011.jpg",
      "transform_matrix": [
        [
          -0.838265,
          -0.308749,
          0.449429,
          3.114043
        ],
        [
          -0.542056,
          0.382591,
          -0.748198,
          5.157273
        ],
        [
          0.059058,
          -0.870803,
          -0.488072,
          1.514353
        ],
        [
          0.0,
          0.0,
          0.0,
          1.0
        ]
      ]
    },
    {
      "file_path": "/media/NFS/ttao/scannet/posed_images/scene0279_01/00017.jpg",
      "transform_matrix": [
        [
          -0.820932,
          -0.314243,
          0.476783,
          3.126006
        ],
        [
          -0.56885,
          0.377217,
          -0.730833,
          5.15915
        ],
        [
          0.049808,
          -0.871182,
          -0.488427,
          1.520285
        ],
        [
          0.0,
          0.0,
          0.0,
          1.0
        ]
      ]
    },
    {
      "file_path": "/media/NFS/ttao/scannet/posed_images/scene0279_01/00022.jpg",
      "transform_matrix": [
        [
          -0.791301,
          -0.330972,
          0.514101,
          3.131321
        ],
        [
          -0.609794,
          0.365793,
          -0.703098,
          5.170133
        ],
        [
          0.044652,
          -0.869858,
          -0.491277,
          1.512194
        ],
        [
          0.0,
          0.0,
          0.0,
          1.0
        ]
      ]
    },
    {
      "file_path": "/media/NFS/ttao/scannet/posed_images/scene0279_01/00025.jpg",
      "transform_matrix": [
        [
          -0.774832,
          -0.34873,
          0.527279,
          3.128077
        ],
        [
          -0.63037,
          0.363351,
          -0.68601,
          5.169065
        ],
        [
          0.047645,
          -0.863923,
          -0.501365,
          1.509464
        ],
        [
          0.0,
          0.0,
          0.0,
          1.0
        ]
      ]
    },
    {
      "file_path": "/media/NFS/ttao/scannet/posed_images/scene0279_01/00030.jpg",
      "transform_matrix": [
        [
          -0.744235,
          -0.370015,
          0.55606,
          3.136377
        ],
        [
          -0.665421,
          0.338842,
          -0.665132,
          5.168241
        ],
        [
          0.057693,
          -0.865029,
          -0.498394,
          1.52575
        ],
        [
          0.0,
          0.0,
          0.0,
          1.0
        ]
      ]
    },
    {
      "file_path": "/media/NFS/ttao/scannet/posed_images/scene0279_01/00034.jpg",
      "transform_matrix": [
        [
          -0.715032,
          -0.377872,
          0.588168,
          3.155146
        ],
        [
          -0.696246,
          0.309075,
          -0.647854,
          5.179093
        ],
        [
          0.063018,
          -0.872746,
          -0.48409,
          1.537966
        ],
        [
          0.0,
          0.0,
          0.0,
          1.0
        ]
      ]
    },
    {
      "file_path": "/media/NFS/ttao/scannet/posed_images/scene0279_01/00037.jpg",
      "transform_matrix": [
        [
          -0.673095,
          -0.384497,
          0.631749,
          3.16523
        ],
        [
          -0.736464,
          0.270446,
          -0.620064,
          5.198696
        ],
        [
          0.067559,
          -0.882622,
          -0.465203,
          1.541535
        ],
        [
          0.0,
          0.0,
          0.0,
          1.0
        ]
      ]
    },
    {
      "file_path": "/media/NFS/ttao/scannet/posed_images/scene0279_01/00042.jpg",
      "transform_matrix": [
        [
          -0.609825,
          -0.397478,
          0.685657,
          3.170974
        ],
        [
          -0.789386,
          0.227573,
          -0.570158,
          5.216522
        ],
        [
          0.070588,
          -0.888944,
          -0.452543,
          1.553807
        ],
        [
          0.0,
          0.0,
          0.0,
          1.0
        ]
      ]
    },
    {
      "file_path": "/media/NFS/ttao/scannet/posed_images/scene0279_01/00046.jpg",
      "transform_matrix": [
        [
          -0.562647,
          -0.403075,
          0.721774,
          3.184321
        ],
        [
          -0.823429,
          0.195691,
          -0.532607,
          5.24053
        ],
        [
          0.073436,
          -0.894,
          -0.442009,
          1.560507
        ],
        [
          0.0,
          0.0,
          0.0,
          1.0
        ]
      ]
    },
    {
      "file_path": "/media/NFS/ttao/scannet/posed_images/scene0279_01/00048.jpg",
      "transform_matrix": [
        [
          -0.533044,
          -0.399546,
          0.745806,
          3.189087
        ],
        [
          -0.84317,
          0.177717,
          -0.507425,
          5.253497
        ],
        [
          0.070198,
          -0.899322,
          -0.431617,
          1.565435
        ],
        [
          0.0,
          0.0,
          0.0,
          1.0
        ]
      ]
    },
    {
      "file_path": "/media/NFS/ttao/scannet/posed_images/scene0279_01/00052.jpg",
      "transform_matrix": [
        [
          -0.48803,
          -0.405172,
          0.773086,
          3.19644
        ],
        [
          -0.869652,
          0.150243,
          -0.470247,
          5.258116
        ],
        [
          0.074381,
          -0.901811,
          -0.425682,
          1.578657
        ],
        [
          0.0,
          0.0,
          0.0,
          1.0
        ]
      ]
    },
    {
      "file_path": "/media/NFS/ttao/scannet/posed_images/scene0279_01/00055.jpg",
      "transform_matrix": [
        [
          -0.459685,
          -0.404053,
          0.790842,
          3.201687
        ],
        [
          -0.885001,
          0.134309,
          -0.445796,
          5.26527
        ],
        [
          0.073908,
          -0.904821,
          -0.419328,
          1.584036
        ],
        [
          0.0,
          0.0,
          0.0,
          1.0
        ]
      ]
    },
    {
      "file_path": "/media/NFS/ttao/scannet/posed_images/scene0279_01/00063.jpg",
      "transform_matrix": [
        [
          -0.395593,
          -0.40803,
          0.822811,
          3.195425
        ],
        [
          -0.915797,
          0.107512,
          -0.386984,
          5.295861
        ],
        [
          0.069439,
          -0.906616,
          -0.416204,
          1.573313
        ],
        [
          0.0,
          0.0,
          0.0,
          1.0
        ]
      ]
    },
    {
      "file_path": "/media/NFS/ttao/scannet/posed_images/scene0279_01/00064.jpg",
      "transform_matrix": [
        [
          -0.388339,
          -0.410781,
          0.824895,
          3.196716
        ],
        [
          -0.919013,
          0.106704,
          -0.379511,
          5.298762
        ],
        [
          0.067876,
          -0.905468,
          -0.418951,
          1.571411
        ],
        [
          0.0,
          0.0,
          0.0,
          1.0
        ]
      ]
    },
    {
      "file_path": "/media/NFS/ttao/scannet/posed_images/scene0279_01/00069.jpg",
      "transform_matrix": [
        [
          -0.338964,
          -0.433119,
          0.835171,
          3.196103
        ],
        [
          -0.9394,
          0.107419,
          -0.325559,
          5.311137
        ],
        [
          0.051293,
          -0.894913,
          -0.443283,
          1.559807
        ],
        [
          0.0,
          0.0,
          0.0,
          1.0
        ]
      ]
    },
    {
      "file_path": "/media/NFS/ttao/scannet/posed_images/scene0279_01/00072.jpg",
      "transform_matrix": [
        [
          -0.319657,
          -0.44126,
          0.838516,
          3.186487
        ],
        [
          -0.946848,
          0.11512,
          -0.300375,
          5.323465
        ],
        [
          0.036014,
          -0.889964,
          -0.454606,
          1.541902
        ],
        [
          0.0,
          0.0,
          0.0,
          1.0
        ]
      ]
    },
    {
      "file_path": "/media/NFS/ttao/scannet/posed_images/scene0279_01/00077.jpg",
      "transform_matrix": [
        [
          -0.285364,
          -0.473476,
          0.833299,
          3.191131
        ],
        [
          -0.957987,
          0.114802,
          -0.262834,
          5.335376
        ],
        [
          0.028781,
          -0.873293,
          -0.486345,
          1.535644
        ],
        [
          0.0,
          0.0,
          0.0,
          1.0
        ]
      ]
    },
    {
      "file_path": "/media/NFS/ttao/scannet/posed_images/scene0279_01/00081.jpg",
      "transform_matrix": [
        [
          -0.278568,
          -0.498013,
          0.821208,
          3.194856
        ],
        [
          -0.960207,
          0.126549,
          -0.248974,
          5.341104
        ],
        [
          0.020069,
          -0.857886,
          -0.513449,
          1.527174
        ],
        [
          0.0,
          0.0,
          0.0,
          1.0
        ]
      ]
    },
    {
      "file_path": "/media/NFS/ttao/scannet/posed_images/scene0279_01/00083.jpg",
      "transform_matrix": [
        [
          -0.285588,
          -0.511594,
          0.810377,
          3.192158
        ],
        [
          -0.958149,
          0.134989,
          -0.252446,
          5.339983
        ],
        [
          0.019758,
          -0.848557,
          -0.528734,
          1.518261
        ],
        [
          0.0,
          0.0,
          0.0,
          1.0
        ]
      ]
    },
    {
      "file_path": "/media/NFS/ttao/scannet/posed_images/scene0279_01/00090.jpg",
      "transform_matrix": [
        [
          -0.342612,
          -0.54802,
          0.76308,
          3.204036
        ],
        [
          -0.939233,
          0.18129,
          -0.291505,
          5.314626
        ],
        [
          0.021412,
          -0.816583,
          -0.576831,
          1.515515
        ],
        [
          0.0,
          0.0,
          0.0,
          1.0
        ]
      ]
    },
    {
      "file_path": "/media/NFS/ttao/scannet/posed_images/scene0279_01/00094.jpg",
      "transform_matrix": [
        [
          -0.384969,
          -0.552227,
          0.739489,
          3.209673
        ],
        [
          -0.922544,
          0.207106,
          -0.325606,
          5.294071
        ],
        [
          0.026656,
          -0.80756,
          -0.589183,
          1.520222
        ],
        [
          0.0,
          0.0,
          0.0,
          1.0
        ]
      ]
    },
    {
      "file_path": "/media/NFS/ttao/scannet/posed_images/scene0279_01/00099.jpg",
      "transform_matrix": [
        [
          -0.441408,
          -0.532336,
          0.722342,
          3.207737
        ],
        [
          -0.896614,
          0.230039,
          -0.378372,
          5.272771
        ],
        [
          0.035255,
          -0.814678,
          -0.578841,
          1.51472
        ],
        [
          0.0,
          0.0,
          0.0,
          1.0
        ]
      ]
    },
    {
      "file_path": "/media/NFS/ttao/scannet/posed_images/scene0279_01/00100.jpg",
      "transform_matrix": [
        [
          -0.464858,
          -0.524524,
          0.713289,
          3.212915
        ],
        [
          -0.884745,
          0.244547,
          -0.396767,
          5.262502
        ],
        [
          0.033681,
          -0.815519,
          -0.577749,
          1.518433
        ],
        [
          0.0,
          0.0,
          0.0,
          1.0
        ]
      ]
    },
    {
      "file_path": "/media/NFS/ttao/scannet/posed_images/scene0279_01/00103.jpg",
      "transform_matrix": [
        [
          -0.498277,
          -0.507632,
          0.702872,
          3.211554
        ],
        [
          -0.866517,
          0.264027,
          -0.4236,
          5.242345
        ],
        [
          0.029456,
          -0.820122,
          -0.571431,
          1.51893
        ],
        [
          0.0,
          0.0,
          0.0,
          1.0
        ]
      ]
    },
    {
      "file_path": "/media/NFS/ttao/scannet/posed_images/scene0279_01/00111.jpg",
      "transform_matrix": [
        [
          -0.606939,
          -0.446952,
          0.657159,
          3.225906
        ],
        [
          -0.794597,
          0.325168,
          -0.512719,
          5.199298
        ],
        [
          0.015474,
          -0.833367,
          -0.552504,
          1.524211
        ],
        [
          0.0,
          0.0,
          0.0,
          1.0
        ]
      ]
    },
    {
      "file_path": "/media/NFS/ttao/scannet/posed_images/scene0279_01/00112.jpg",
      "transform_matrix": [
        [
          -0.62079,
          -0.437541,
          0.650521,
          3.230651
        ],
        [
          -0.783858,
          0.331937,
          -0.524772,
          5.192912
        ],
        [
          0.013677,
          -0.835689,
          -0.549033,
          1.527817
        ],
        [
          0.0,
          0.0,
          0.0,
          1.0
        ]
      ]
    },
    {
      "file_path": "/media/NFS/ttao/scannet/posed_images/scene0279_01/00115.jpg",
      "transform_matrix": [
        [
          -0.658241,
          -0.418774,
          0.625577,
          3.231604
        ],
        [
          -0.752491,
          0.341961,
          -0.562867,
          5.177455
        ],
        [
          0.021791,
          -0.841244,
          -0.540217,
          1.524041
        ],
        [
          0.0,
          0.0,
          0.0,
          1.0
        ]
      ]
    },
    {
      "file_path": "/media/NFS/ttao/scannet/posed_images/scene0279_01/00119.jpg",
      "transform_matrix": [
        [
          -0.723354,
          -0.388282,
          0.570961,
          3.24896
        ],
        [
          -0.689568,
          0.363804,
          -0.626213,
          5.147162
        ],
        [
          0.035429,
          -0.84669,
          -0.530906,
          1.531436
        ],
        [
          0.0,
          0.0,
          0.0,
          1.0
        ]
      ]
    },
    {
      "file_path": "/media/NFS/ttao/scannet/posed_images/scene0279_01/00126.jpg",
      "transform_matrix": [
        [
          -0.805486,
          -0.305664,
          0.507703,
          3.287362
        ],
        [
          -0.592475,
          0.396672,
          -0.70116,
          5.118416
        ],
        [
          0.012928,
          -0.865575,
          -0.500612,
          1.532152
        ],
        [
          0.0,
          0.0,
          0.0,
          1.0
        ]
      ]
    },
    {
      "file_path": "/media/NFS/ttao/scannet/posed_images/scene0279_01/00127.jpg",
      "transform_matrix": [
        [
          -0.815969,
          -0.296639,
          0.496186,
          3.292658
        ],
        [
          -0.577984,
          0.401679,
          -0.710344,
          5.111122
        ],
        [
          0.011408,
          -0.866406,
          -0.49921,
          1.535387
        ],
        [
          0.0,
          0.0,
          0.0,
          1.0
        ]
      ]
    },
    {
      "file_path": "/media/NFS/ttao/scannet/posed_images/scene0279_01/00135.jpg",
      "transform_matrix": [
        [
          -0.8662,
          -0.243089,
          0.436584,
          3.335631
        ],
        [
          -0.499498,
          0.39652,
          -0.770242,
          5.058887
        ],
        [
          0.014123,
          -0.885257,
          -0.464888,
          1.541522
        ],
        [
          0.0,
          0.0,
          0.0,
          1.0
        ]
      ]
    },
    {
      "file_path": "/media/NFS/ttao/scannet/posed_images/scene0279_01/00136.jpg",
      "transform_matrix": [
        [
          -0.874426,
          -0.245077,
          0.418709,
          3.34026
        ],
        [
          -0.484609,
          0.40013,
          -0.77785,
          5.039053
        ],
        [
          0.023095,
          -0.883082,
          -0.46865,
          1.538818
        ],
        [
          0.0,
          0.0,
          0.0,
          1.0
        ]
      ]
    },
    {
      "file_path": "/media/NFS/ttao/scannet/posed_images/scene0279_01/00139.jpg",
      "transform_matrix": [
        [
          -0.884374,
          -0.239104,
          0.400889,
          3.365793
        ],
        [
          -0.466033,
          0.403755,
          -0.787271,
          5.00455
        ],
        [
          0.026378,
          -0.883069,
          -0.468501,
          1.544916
        ],
        [
          0.0,
          0.0,
          0.0,
          1.0
        ]
      ]
    },
    {
      "file_path": "/media/NFS/ttao/scannet/posed_images/scene0279_01/00147.jpg",
      "transform_matrix": [
        [
          -0.906601,
          -0.183812,
          0.379852,
          3.426816
        ],
        [
          -0.421988,
          0.392955,
          -0.817014,
          4.886917
        ],
        [
          0.000912,
          -0.900999,
          -0.43382,
          1.554752
        ],
        [
          0.0,
          0.0,
          0.0,
          1.0
        ]
      ]
    },
    {
      "file_path": "/media/NFS/ttao/scannet/posed_images/scene0279_01/00150.jpg",
      "transform_matrix": [
        [
          -0.92876,
          -0.159569,
          0.334578,
          3.45603
        ],
        [
          -0.37064,
          0.413304,
          -0.831749,
          4.816419
        ],
        [
          -0.005561,
          -0.896503,
          -0.443002,
          1.558176
        ],
        [
          0.0,
          0.0,
          0.0,
          1.0
        ]
      ]
    },
    {
      "file_path": "/media/NFS/ttao/scannet/posed_images/scene0279_01/00151.jpg",
      "transform_matrix": [
        [
          -0.932053,
          -0.148604,
          0.330445,
          3.460839
        ],
        [
          -0.361952,
          0.42306,
          -0.830669,
          4.796878
        ],
        [
          -0.016357,
          -0.893833,
          -0.448102,
          1.568915
        ],
        [
          0.0,
          0.0,
          0.0,
          1.0
        ]
      ]
    },
    {
      "file_path": "/media/NFS/ttao/scannet/posed_images/scene0279_01/00159.jpg",
      "transform_matrix": [
        [
          -0.959893,
          -0.106233,
          0.25946,
          3.491109
        ],
        [
          -0.279939,
          0.414197,
          -0.866069,
          4.687481
        ],
        [
          -0.015462,
          -0.903967,
          -0.427324,
          1.585569
        ],
        [
          0.0,
          0.0,
          0.0,
          1.0
        ]
      ]
    },
    {
      "file_path": "/media/NFS/ttao/scannet/posed_images/scene0279_01/00162.jpg",
      "transform_matrix": [
        [
          -0.975139,
          -0.100954,
          0.197263,
          3.498947
        ],
        [
          -0.221459,
          0.412852,
          -0.883464,
          4.647872
        ],
        [
          0.007749,
          -0.905186,
          -0.424945,
          1.584423
        ],
        [
          0.0,
          0.0,
          0.0,
          1.0
        ]
      ]
    },
    {
      "file_path": "/media/NFS/ttao/scannet/posed_images/scene0279_01/00165.jpg",
      "transform_matrix": [
        [
          -0.987917,
          -0.0817,
          0.131702,
          3.508418
        ],
        [
          -0.153706,
          0.407569,
          -0.900145,
          4.613667
        ],
        [
          0.019865,
          -0.909512,
          -0.415202,
          1.584281
        ],
        [
          0.0,
          0.0,
          0.0,
          1.0
        ]
      ]
    },
    {
      "file_path": "/media/NFS/ttao/scannet/posed_images/scene0279_01/00167.jpg",
      "transform_matrix": [
        [
          -0.993867,
          -0.072739,
          0.083297,
          3.515267
        ],
        [
          -0.105794,
          0.406062,
          -0.907701,
          4.590847
        ],
        [
          0.032201,
          -0.910946,
          -0.411266,
          1.585596
        ],
        [
          0.0,
          0.0,
          0.0,
          1.0
        ]
      ]
    },
    {
      "file_path": "/media/NFS/ttao/scannet/posed_images/scene0279_01/00174.jpg",
      "transform_matrix": [
        [
          -0.994074,
          -0.015592,
          -0.107585,
          3.566738
        ],
        [
          0.093473,
          0.38267,
          -0.919144,
          4.524603
        ],
        [
          0.055501,
          -0.923753,
          -0.378945,
          1.605729
        ],
        [
          0.0,
          0.0,
          0.0,
          1.0
        ]
      ]
    },
    {
      "file_path": "/media/NFS/ttao/scannet/posed_images/scene0279_01/00175.jpg",
      "transform_matrix": [
        [
          -0.992101,
          -0.006238,
          -0.125286,
          3.568368
        ],
        [
          0.113875,
          0.374099,
          -0.920371,
          4.524633
        ],
        [
          0.05261,
          -0.927368,
          -0.370433,
          1.601836
        ],
        [
          0.0,
          0.0,
          0.0,
          1.0
        ]
      ]
    },
    {
      "file_path": "/media/NFS/ttao/scannet/posed_images/scene0279_01/00180.jpg",
      "transform_matrix": [
        [
          -0.972185,
          0.043611,
          -0.230118,
          3.59422
        ],
        [
          0.230107,
          0.361037,
          -0.903716,
          4.5011
        ],
        [
          0.043669,
          -0.931531,
          -0.36103,
          1.610977
        ],
        [
          0.0,
          0.0,
          0.0,
          1.0
        ]
      ]
    },
    {
      "file_path": "/media/NFS/ttao/scannet/posed_images/scene0279_01/00184.jpg",
      "transform_matrix": [
        [
          -0.949386,
          0.077161,
          -0.304488,
          3.601058
        ],
        [
          0.311032,
          0.366362,
          -0.876948,
          4.498934
        ],
        [
          0.043887,
          -0.927268,
          -0.371818,
          1.608378
        ],
        [
          0.0,
          0.0,
          0.0,
          1.0
        ]
      ]
    },
    {
      "file_path": "/media/NFS/ttao/scannet/posed_images/scene0279_01/00189.jpg",
      "transform_matrix": [
        [
          -0.918396,
          0.112754,
          -0.379256,
          3.590849
        ],
        [
          0.393542,
          0.359427,
          -0.84613,
          4.515823
        ],
        [
          0.04091,
          -0.926336,
          -0.37447,
          1.621937
        ],
        [
          0.0,
          0.0,
          0.0,
          1.0
        ]
      ]
    },
    {
      "file_path": "/media/NFS/ttao/scannet/posed_images/scene0279_01/00191.jpg",
      "transform_matrix": [
        [
          -0.906046,
          0.113822,
          -0.407584,
          3.595989
        ],
        [
          0.420761,
          0.34512,
          -0.838959,
          4.521546
        ],
        [
          0.045173,
          -0.931631,
          -0.360586,
          1.619406
        ],
        [
          0.0,
          0.0,
          0.0,
          1.0
        ]
      ]
    },
    {
      "file_path": "/media/NFS/ttao/scannet/posed_images/scene0279_01/00196.jpg",
      "transform_matrix": [
        [
          -0.879631,
          0.136969,
          -0.455509,
          3.576879
        ],
        [
          0.47471,
          0.313155,
          -0.822547,
          4.561373
        ],
        [
          0.029982,
          -0.939773,
          -0.340481,
          1.633802
        ],
        [
          0.0,
          0.0,
          0.0,
          1.0
        ]
      ]
    },
    {
      "file_path": "/media/NFS/ttao/scannet/posed_images/scene0279_01/00200.jpg",
      "transform_matrix": [
        [
          -0.845186,
          0.167129,
          -0.507669,
          3.568718
        ],
        [
          0.534346,
          0.284822,
          -0.795833,
          4.600631
        ],
        [
          0.011589,
          -0.943898,
          -0.330033,
          1.622753
        ],
        [
          0.0,
          0.0,
          0.0,
          1.0
        ]
      ]
    },
    {
      "file_path": "/media/NFS/ttao/scannet/posed_images/scene0279_01/00207.jpg",
      "transform_matrix": [
        [
          -0.795462,
          0.199225,
          -0.572319,
          3.545675
        ],
        [
          0.605744,
          0.288993,
          -0.741321,
          4.662945
        ],
        [
          0.017706,
          -0.936372,
          -0.350562,
          1.62054
        ],
        [
          0.0,
          0.0,
          0.0,
          1.0
        ]
      ]
    },
    {
      "file_path": "/media/NFS/ttao/scannet/posed_images/scene0279_01/00210.jpg",
      "transform_matrix": [
        [
          -0.760813,
          0.214852,
          -0.612375,
          3.562399
        ],
        [
          0.648687,
          0.279695,
          -0.707796,
          4.66254
        ],
        [
          0.019207,
          -0.93574,
          -0.352167,
          1.621802
        ],
        [
          0.0,
          0.0,
          0.0,
          1.0
        ]
      ]
    },
    {
      "file_path": "/media/NFS/ttao/scannet/posed_images/scene0279_01/00212.jpg",
      "transform_matrix": [
        [
          -0.742373,
          0.21907,
          -0.633159,
          3.560724
        ],
        [
          0.669588,
          0.275177,
          -0.689876,
          4.673714
        ],
        [
          0.023099,
          -0.936101,
          -0.350971,
          1.621035
        ],
        [
          0.0,
          0.0,
          0.0,
          1.0
        ]
      ]
    },
    {
      "file_path": "/media/NFS/ttao/scannet/posed_images/scene0279_01/00219.jpg",
      "transform_matrix": [
        [
          -0.68298,
          0.226794,
          -0.694337,
          3.544535
        ],
        [
          0.72976,
          0.252797,
          -0.635251,
          4.710337
        ],
        [
          0.031455,
          -0.940563,
          -0.33816,
          1.634424
        ],
        [
          0.0,
          0.0,
          0.0,
          1.0
        ]
      ]
    },
    {
      "file_path": "/media/NFS/ttao/scannet/posed_images/scene0279_01/00220.jpg",
      "transform_matrix": [
        [
          -0.666945,
          0.228872,
          -0.709085,
          3.549703
        ],
        [
          0.744278,
          0.249513,
          -0.619511,
          4.690704
        ],
        [
          0.035138,
          -0.940936,
          -0.336756,
          1.64095
        ],
        [
          0.0,
          0.0,
          0.0,
          1.0
        ]
      ]
    },
    {
      "file_path": "/media/NFS/ttao/scannet/posed_images/scene0279_01/00226.jpg",
      "transform_matrix": [
        [
          -0.620245,
          0.222523,
          -0.752184,
          3.539837
        ],
        [
          0.783409,
          0.224127,
          -0.579688,
          4.715711
        ],
        [
          0.039591,
          -0.948815,
          -0.31334,
          1.643317
        ],
        [
          0.0,
          0.0,
          0.0,
          1.0
        ]
      ]
    },
    {
      "file_path": "/media/NFS/ttao/scannet/posed_images/scene0279_01/00230.jpg",
      "transform_matrix": [
        [
          -0.5841,
          0.216038,
          -0.782404,
          3.545743
        ],
        [
          0.810222,
          0.212985,
          -0.546057,
          4.700315
        ],
        [
          0.048671,
          -0.952872,
          -0.299443,
          1.649555
        ],
        [
          0.0,
          0.0,
          0.0,
          1.0
        ]
      ]
    },
    {
      "file_path": "/media/NFS/ttao/scannet/posed_images/scene0279_01/00232.jpg",
      "transform_matrix": [
        [
          -0.574187,
          0.213612,
          -0.790367,
          3.54139
        ],
        [
          0.817013,
          0.211885,
          -0.536279,
          4.707392
        ],
        [
          0.052911,
          -0.953664,
          -0.296185,
          1.661689
        ],
        [
          0.0,
          0.0,
          0.0,
          1.0
        ]
      ]
    },
    {
      "file_path": "/media/NFS/ttao/scannet/posed_images/scene0279_01/00237.jpg",
      "transform_matrix": [
        [
          -0.542365,
          0.199448,
          -0.816125,
          3.527142
        ],
        [
          0.838356,
          0.191804,
          -0.510265,
          4.730045
        ],
        [
          0.054764,
          -0.960954,
          -0.271236,
          1.665437
        ],
        [
          0.0,
          0.0,
          0.0,
          1.0
        ]
      ]
    },
    {
      "file_path": "/media/NFS/ttao/scannet/posed_images/scene0279_01/00239.jpg",
      "transform_matrix": [
        [
          -0.527381,
          0.198028,
          -0.826229,
          3.524663
        ],
        [
          0.847893,
          0.184798,
          -0.496917,
          4.734916
        ],
        [
          0.054282,
          -0.962619,
          -0.265365,
          1.667004
        ],
        [
          0.0,
          0.0,
          0.0,
          1.0
        ]
      ]
    },
    {
      "file_path": "/media/NFS/ttao/scannet/posed_images/scene0279_01/00244.jpg",
      "transform_matrix": [
        [
          -0.491432,
          0.190184,
          -0.849897,
          3.508887
        ],
        [
          0.8684,
          0.181135,
          -0.461597,
          4.759659
        ],
        [
          0.066158,
          -0.964894,
          -0.254171,
          1.665717
        ],
        [
          0.0,
          0.0,
          0.0,
          1.0
        ]
      ]
    },
    {
      "file_path": "/media/NFS/ttao/scannet/posed_images/scene0279_01/00249.jpg",
      "transform_matrix": [
        [
          -0.468924,
          0.184097,
          -0.86384,
          3.501942
        ],
        [
          0.880906,
          0.168522,
          -0.442273,
          4.775669
        ],
        [
          0.064155,
          -0.968354,
          -0.241197,
          1.674611
        ],
        [
          0.0,
          0.0,
          0.0,
          1.0
        ]
      ]
    },
    {
      "file_path": "/media/NFS/ttao/scannet/posed_images/scene0279_01/00252.jpg",
      "transform_matrix": [
        [
          -0.454704,
          0.189473,
          -0.870256,
          3.495483
        ],
        [
          0.88853,
          0.163776,
          -0.428594,
          4.780246
        ],
        [
          0.06132,
          -0.968131,
          -0.242822,
          1.695135
        ],
        [
          0.0,
          0.0,
          0.0,
          1.0
        ]
      ]
    },
    {
      "file_path": "/media/NFS/ttao/scannet/posed_images/scene0279_01/00256.jpg",
      "transform_matrix": [
        [
          -0.429427,
          0.201059,
          -0.880437,
          3.487862
        ],
        [
          0.901543,
          0.152695,
          -0.404851,
          4.790117
        ],
        [
          0.053039,
          -0.967605,
          -0.246834,
          1.688759
        ],
        [
          0.0,
          0.0,
          0.0,
          1.0
        ]
      ]
    },
    {
      "file_path": "/media/NFS/ttao/scannet/posed_images/scene0279_01/00261.jpg",
      "transform_matrix": [
        [
          -0.393284,
          0.234742,
          -0.888946,
          3.47555
        ],
        [
          0.918077,
          0.152456,
          -0.365914,
          4.827847
        ],
        [
          0.04963,
          -0.960028,
          -0.275469,
          1.666198
        ],
        [
          0.0,
          0.0,
          0.0,
          1.0
        ]
      ]
    },
    {
      "file_path": "/media/NFS/ttao/scannet/posed_images/scene0279_01/00263.jpg",
      "transform_matrix": [
        [
          -0.375537,
          0.242665,
          -0.894475,
          3.474794
        ],
        [
          0.925179,
          0.155344,
          -0.346284,
          4.833652
        ],
        [
          0.05492,
          -0.957592,
          -0.282846,
          1.639194
        ],
        [
          0.0,
          0.0,
          0.0,
          1.0
        ]
      ]
    },
    {
      "file_path": "/media/NFS/ttao/scannet/posed_images/scene0279_01/00269.jpg",
      "transform_matrix": [
        [
          -0.340257,
          0.294595,
          -0.892995,
          3.46137
        ],
        [
          0.938792,
          0.160764,
          -0.304672,
          4.867769
        ],
        [
          0.053806,
          -0.942003,
          -0.331264,
          1.613185
        ],
        [
          0.0,
          0.0,
          0.0,
          1.0
        ]
      ]
    },
    {
      "file_path": "/media/NFS/ttao/scannet/posed_images/scene0279_01/00273.jpg",
      "transform_matrix": [
        [
          -0.310937,
          0.345661,
          -0.885346,
          3.466551
        ],
        [
          0.94839,
          0.173853,
          -0.265201,
          4.85182
        ],
        [
          0.06225,
          -0.922114,
          -0.381879,
          1.609359
        ],
        [
          0.0,
          0.0,
          0.0,
          1.0
        ]
      ]
    },
    {
      "file_path": "/media/NFS/ttao/scannet/posed_images/scene0279_01/00279.jpg",
      "transform_matrix": [
        [
          -0.289758,
          0.419192,
          -0.860418,
          3.458945
        ],
        [
          0.955866,
          0.172374,
          -0.237921,
          4.872728
        ],
        [
          0.048579,
          -0.891384,
          -0.450639,
          1.567592
        ],
        [
          0.0,
          0.0,
          0.0,
          1.0
        ]
      ]
    },
    {
      "file_path": "/media/NFS/ttao/scannet/posed_images/scene0279_01/00282.jpg",
      "transform_matrix": [
        [
          -0.277962,
          0.454431,
          -0.846303,
          3.452669
        ],
        [
          0.959657,
          0.170233,
          -0.223784,
          4.878091
        ],
        [
          0.042374,
          -0.874364,
          -0.483417,
          1.557907
        ],
        [
          0.0,
          0.0,
          0.0,
          1.0
        ]
      ]
    },
    {
      "file_path": "/media/NFS/ttao/scannet/posed_images/scene0279_01/00286.jpg",
      "transform_matrix": [
        [
          -0.270571,
          0.497341,
          -0.824284,
          3.441834
        ],
        [
          0.962204,
          0.16719,
          -0.214967,
          4.884537
        ],
        [
          0.0309,
          -0.851293,
          -0.52378,
          1.536002
        ],
        [
          0.0,
          0.0,
          0.0,
          1.0
        ]
      ]
    },
    {
      "file_path": "/media/NFS/ttao/scannet/posed_images/scene0279_01/00291.jpg",
      "transform_matrix": [
        [
          -0.270663,
          0.533654,
          -0.801221,
          3.431705
        ],
        [
          0.962558,
          0.16294,
          -0.216639,
          4.885076
        ],
        [
          0.014941,
          -0.829858,
          -0.557775,
          1.513834
        ],
        [
          0.0,
          0.0,
          0.0,
          1.0
        ]
      ]
    },
    {
      "file_path": "/media/NFS/ttao/scannet/posed_images/scene0279_01/00294.jpg",
      "transform_matrix": [
        [
          -0.271329,
          0.553502,
          -0.787411,
          3.417808
        ],
        [
          0.962444,
          0.163779,
          -0.216515,
          4.875302
        ],
        [
          0.00912,
          -0.816586,
          -0.577152,
          1.508459
        ],
        [
          0.0,
          0.0,
          0.0,
          1.0
        ]
      ]
    },
    {
      "file_path": "/media/NFS/ttao/scannet/posed_images/scene0279_01/00296.jpg",
      "transform_matrix": [
        [
          -0.269684,
          0.564064,
          -0.78045,
          3.409702
        ],
        [
          0.962946,
          0.159849,
          -0.217216,
          4.86176
        ],
        [
          0.00223,
          -0.810111,
          -0.586272,
          1.501743
        ],
        [
          0.0,
          0.0,
          0.0,
          1.0
        ]
      ]
    },
    {
      "file_path": "/media/NFS/ttao/scannet/posed_images/scene0279_01/00300.jpg",
      "transform_matrix": [
        [
          -0.269604,
          0.583222,
          -0.766268,
          3.375959
        ],
        [
          0.96297,
          0.162152,
          -0.215395,
          4.8386
        ],
        [
          -0.001371,
          -0.795964,
          -0.605342,
          1.492718
        ],
        [
          0.0,
          0.0,
          0.0,
          1.0
        ]
      ]
    },
    {
      "file_path": "/media/NFS/ttao/scannet/posed_images/scene0279_01/00304.jpg",
      "transform_matrix": [
        [
          -0.271505,
          0.592205,
          -0.758669,
          3.326165
        ],
        [
          0.962433,
          0.169198,
          -0.212353,
          4.807768
        ],
        [
          0.002609,
          -0.787823,
          -0.615896,
          1.480741
        ],
        [
          0.0,
          0.0,
          0.0,
          1.0
        ]
      ]
    },
    {
      "file_path": "/media/NFS/ttao/scannet/posed_images/scene0279_01/00310.jpg",
      "transform_matrix": [
        [
          -0.22104,
          0.585785,
          -0.779742,
          3.218845
        ],
        [
          0.975185,
          0.142996,
          -0.169017,
          4.720103
        ],
        [
          0.012493,
          -0.797752,
