{
  "frames": [
    {
      "file_path": "/media/NFS/ttao/scannet/posed_images/scene0517_00/00006.jpg",
      "transform_matrix": [
        [
          0.265131,
          0.416216,
          -0.869753,
          4.119689
        ],
        [
          0.963461,
          -0.078741,
          0.256015,
          4.430451
        ],
        [
          0.038073,
          -0.90585,
          -0.421884,
          1.342774
        ],
        [
          0.0,
          0.0,
          0.0,
          1.0
        ]
      ]
    },
    {
      "file_path": "/media/NFS/ttao/scannet/posed_images/scene0517_00/00009.jpg",
      "transform_matrix": [
        [
          0.24016,
          0.418739,
          -0.875774,
          4.138069
        ],
        [
          0.970003,
          -0.068534,
          0.233232,
          4.445013
        ],
        [
          0.037643,
          -0.905517,
          -0.422637,
          1.346822
        ],
        [
          0.0,
          0.0,
          0.0,
          1.0
        ]
      ]
    },
    {
      "file_path": "/media/NFS/ttao/scannet/posed_images/scene0517_00/00017.jpg",
      "transform_matrix": [
        [
          0.199107,
          0.389419,
          -0.899283,
          4.170421
        ],
        [
          0.979051,
          -0.039142,
          0.199818,
          4.470635
        ],
        [
          0.042613,
          -0.920229,
          -0.389054,
          1.358538
        ],
        [
          0.0,
          0.0,
          0.0,
          1.0
        ]
      ]
    },
    {
      "file_path": "/media/NFS/ttao/scannet/posed_images/scene0517_00/00026.jpg",
      "transform_matrix": [
        [
          0.234815,
          0.409424,
          -0.881609,
          4.186389
        ],
        [
          0.970601,
          -0.049429,
          0.235563,
          4.480338
        ],
        [
          0.052868,
          -0.911004,
          -0.408995,
          1.336725
        ],
        [
          0.0,
          0.0,
          0.0,
          1.0
        ]
      ]
    },
    {
      "file_path": "/media/NFS/ttao/scannet/posed_images/scene0517_00/00037.jpg",
      "transform_matrix": [
        [
          0.257424,
          0.502148,
          -0.825579,
          4.224473
        ],
        [
          0.965725,
          -0.10427,
          0.237702,
          4.472054
        ],
        [
          0.033279,
          -0.858473,
          -0.511779,
          1.27273
        ],
        [
          0.0,
          0.0,
          0.0,
          1.0
        ]
      ]
    },
    {
      "file_path": "/media/NFS/ttao/scannet/posed_images/scene0517_00/00051.jpg",
      "transform_matrix": [
        [
          0.413826,
          0.551688,
          -0.724147,
          4.244209
        ],
        [
          0.910214,
          -0.2367,
          0.339829,
          4.53065
        ],
        [
          0.016074,
          -0.799758,
          -0.600107,
          1.244221
        ],
        [
          0.0,
          0.0,
          0.0,
          1.0
        ]
      ]
    },
    {
      "file_path": "/media/NFS/ttao/scannet/posed_images/scene0517_00/00062.jpg",
      "transform_matrix": [
        [
          0.588265,
          0.468627,
          -0.659039,
          4.241238
        ],
        [
          0.808462,
          -0.359237,
          0.466196,
          4.618654
        ],
        [
          -0.018279,
          -0.807055,
          -0.590194,
          1.260125
        ],
        [
          0.0,
          0.0,
          0.0,
          1.0
        ]
      ]
    },
    {
      "file_path": "/media/NFS/ttao/scannet/posed_images/scene0517_00/00065.jpg",
      "transform_matrix": [
        [
          0.608393,
          0.446349,
          -0.656224,
          4.23765
        ],
        [
          0.792633,
          -0.383286,
          0.474157,
          4.633493
        ],
        [
          -0.039882,
          -0.808619,
          -0.58698,
          1.259105
        ],
        [
          0.0,
          0.0,
          0.0,
          1.0
        ]
      ]
    },
    {
      "file_path": "/media/NFS/ttao/scannet/posed_images/scene0517_00/00077.jpg",
      "transform_matrix": [
        [
          0.665558,
          0.439653,
          -0.603107,
          4.221362
        ],
        [
          0.742427,
          -0.472706,
          0.474711,
          4.658971
        ],
        [
          -0.076384,
          -0.763711,
          -0.641024,
          1.225688
        ],
        [
          0.0,
          0.0,
          0.0,
          1.0
        ]
      ]
    },
    {
      "file_path": "/media/NFS/ttao/scannet/posed_images/scene0517_00/00091.jpg",
      "transform_matrix": [
        [
          0.757038,
          0.328831,
          -0.564592,
          4.214293
        ],
        [
          0.649915,
          -0.46775,
          0.599016,
          4.613775
        ],
        [
          -0.067113,
          -0.820415,
          -0.567817,
          1.21577
        ],
        [
          0.0,
          0.0,
          0.0,
          1.0
        ]
      ]
    },
    {
      "file_path": "/media/NFS/ttao/scannet/posed_images/scene0517_00/00099.jpg",
      "transform_matrix": [
        [
          0.85493,
          0.312192,
          -0.414284,
          4.188807
        ],
        [
          0.518729,
          -0.520586,
          0.678167,
          4.520269
        ],
        [
          -0.003953,
          -0.794686,
          -0.607007,
          1.183551
        ],
        [
          0.0,
          0.0,
          0.0,
          1.0
        ]
      ]
    },
    {
      "file_path": "/media/NFS/ttao/scannet/posed_images/scene0517_00/00105.jpg",
      "transform_matrix": [
        [
          0.895011,
          0.277212,
          -0.34944,
          4.181394
        ],
        [
          0.445832,
          -0.580135,
          0.681673,
          4.456393
        ],
        [
          -0.013754,
          -0.765896,
          -0.642817,
          1.15856
        ],
        [
          0.0,
          0.0,
          0.0,
          1.0
        ]
      ]
    },
    {
      "file_path": "/media/NFS/ttao/scannet/posed_images/scene0517_00/00116.jpg",
      "transform_matrix": [
        [
          0.82347,
          0.335457,
          -0.457564,
          4.111264
        ],
        [
          0.567359,
          -0.487606,
          0.663584,
          4.406311
        ],
        [
          -0.000507,
          -0.806045,
          -0.591854,
          1.221073
        ],
        [
          0.0,
          0.0,
          0.0,
          1.0
        ]
      ]
    },
    {
      "file_path": "/media/NFS/ttao/scannet/posed_images/scene0517_00/00128.jpg",
      "transform_matrix": [
        [
          0.641193,
          0.359992,
          -0.6777,
          4.051989
        ],
        [
          0.767365,
          -0.30629,
          0.563327,
          4.432267
        ],
        [
          -0.004779,
          -0.881245,
          -0.472636,
          1.308998
        ],
        [
          0.0,
          0.0,
          0.0,
          1.0
        ]
      ]
    },
    {
      "file_path": "/media/NFS/ttao/scannet/posed_images/scene0517_00/00133.jpg",
      "transform_matrix": [
        [
          0.637066,
          0.326508,
          -0.69824,
          4.062459
        ],
        [
          0.770769,
          -0.279136,
          0.572711,
          4.479014
        ],
        [
          -0.007909,
          -0.903037,
          -0.429491,
          1.330535
        ],
        [
          0.0,
          0.0,
          0.0,
          1.0
        ]
      ]
    },
    {
      "file_path": "/media/NFS/ttao/scannet/posed_images/scene0517_00/00148.jpg",
      "transform_matrix": [
        [
          0.678614,
          0.224762,
          -0.699261,
          4.078773
        ],
        [
          0.734493,
          -0.210046,
          0.645291,
          4.557697
        ],
        [
          -0.00184,
          -0.951506,
          -0.307626,
          1.399474
        ],
        [
          0.0,
          0.0,
          0.0,
          1.0
        ]
      ]
    },
    {
      "file_path": "/media/NFS/ttao/scannet/posed_images/scene0517_00/00153.jpg",
      "transform_matrix": [
        [
          0.695007,
          0.198295,
          -0.691118,
          4.076756
        ],
        [
          0.718991,
          -0.186188,
          0.669616,
          4.54752
        ],
        [
          0.004104,
          -0.962296,
          -0.271975,
          1.417897
        ],
        [
          0.0,
          0.0,
          0.0,
          1.0
        ]
      ]
    },
    {
      "file_path": "/media/NFS/ttao/scannet/posed_images/scene0517_00/00159.jpg",
      "transform_matrix": [
        [
          0.723177,
          0.182232,
          -0.666188,
          4.071035
        ],
        [
          0.689843,
          -0.143618,
          0.709571,
          4.50189
        ],
        [
          0.03363,
          -0.97271,
          -0.229573,
          1.448465
        ],
        [
          0.0,
          0.0,
          0.0,
          1.0
        ]
      ]
    },
    {
      "file_path": "/media/NFS/ttao/scannet/posed_images/scene0517_00/00168.jpg",
      "transform_matrix": [
        [
          0.774561,
          0.118132,
          -0.621369,
          4.068677
        ],
        [
          0.632029,
          -0.106731,
          0.767559,
          4.392733
        ],
        [
          0.024354,
          -0.987245,
          -0.157333,
          1.483548
        ],
        [
          0.0,
          0.0,
          0.0,
          1.0
        ]
      ]
    },
    {
      "file_path": "/media/NFS/ttao/scannet/posed_images/scene0517_00/00179.jpg",
      "transform_matrix": [
        [
          0.750332,
          0.061458,
          -0.658198,
          4.098848
        ],
        [
          0.660509,
          -0.028997,
          0.750258,
          4.296188
        ],
        [
          0.027024,
          -0.997688,
          -0.062351,
          1.504401
        ],
        [
          0.0,
          0.0,
          0.0,
          1.0
        ]
      ]
    },
    {
      "file_path": "/media/NFS/ttao/scannet/posed_images/scene0517_00/00187.jpg",
      "transform_matrix": [
        [
          0.679411,
          -0.004386,
          -0.733745,
          4.160938
        ],
        [
          0.733527,
          0.029158,
          0.679034,
          4.276367
        ],
        [
          0.018417,
          -0.999565,
          0.023028,
          1.535086
        ],
        [
          0.0,
          0.0,
          0.0,
          1.0
        ]
      ]
    },
    {
      "file_path": "/media/NFS/ttao/scannet/posed_images/scene0517_00/00204.jpg",
      "transform_matrix": [
        [
          0.487093,
          -0.130905,
          -0.863484,
          4.225528
        ],
        [
          0.872573,
          0.114647,
          0.47484,
          4.261545
        ],
        [
          0.036837,
          -0.984744,
          0.170068,
          1.563784
        ],
        [
          0.0,
          0.0,
          0.0,
          1.0
        ]
      ]
    },
    {
      "file_path": "/media/NFS/ttao/scannet/posed_images/scene0517_00/00213.jpg",
      "transform_matrix": [
        [
          0.394793,
          -0.175853,
          -0.901784,
          4.251197
        ],
        [
          0.91795,
          0.116967,
          0.379061,
          4.277277
        ],
        [
          0.03882,
          -0.977443,
          0.207601,
          1.560787
        ],
        [
          0.0,
          0.0,
          0.0,
          1.0
        ]
      ]
    },
    {
      "file_path": "/media/NFS/ttao/scannet/posed_images/scene0517_00/00221.jpg",
      "transform_matrix": [
        [
          0.362226,
          -0.195715,
          -0.911311,
          4.260565
        ],
        [
          0.931298,
          0.116307,
          0.345192,
          4.285592
        ],
        [
          0.038433,
          -0.973739,
          0.224399,
          1.555629
        ],
        [
          0.0,
          0.0,
          0.0,
          1.0
        ]
      ]
    },
    {
      "file_path": "/media/NFS/ttao/scannet/posed_images/scene0517_00/00224.jpg",
      "transform_matrix": [
        [
          0.352815,
          -0.200151,
          -0.914036,
          4.262512
        ],
        [
          0.934974,
          0.113704,
          0.335999,
          4.28722
        ],
        [
          0.036679,
          -0.973145,
          0.227252,
          1.556541
        ],
        [
          0.0,
          0.0,
          0.0,
          1.0
        ]
      ]
    },
    {
      "file_path": "/media/NFS/ttao/scannet/posed_images/scene0517_00/00238.jpg",
      "transform_matrix": [
        [
          0.29854,
          -0.310638,
          -0.902429,
          4.305804
        ],
        [
          0.954033,
          0.123237,
          0.27319,
          4.314793
        ],
        [
          0.02635,
          -0.942505,
          0.33315,
          1.575944
        ],
        [
          0.0,
          0.0,
          0.0,
          1.0
        ]
      ]
    },
    {
      "file_path": "/media/NFS/ttao/scannet/posed_images/scene0517_00/00250.jpg",
      "transform_matrix": [
        [
          0.225205,
          -0.213717,
          -0.950583,
          4.299346
        ],
        [
          0.974184,
          0.06518,
          0.216142,
          4.315737
        ],
        [
          0.015766,
          -0.974719,
          0.222878,
          1.535747
        ],
        [
          0.0,
          0.0,
          0.0,
          1.0
        ]
      ]
    },
    {
      "file_path": "/media/NFS/ttao/scannet/posed_images/scene0517_00/00261.jpg",
      "transform_matrix": [
        [
          0.190875,
          0.030052,
          -0.981154,
          4.263688
        ],
        [
          0.981261,
          -0.032651,
          0.189896,
          4.309515
        ],
        [
          -0.026329,
          -0.999015,
          -0.035721,
          1.459366
        ],
        [
          0.0,
          0.0,
          0.0,
          1.0
        ]
      ]
    },
    {
      "file_path": "/media/NFS/ttao/scannet/posed_images/scene0517_00/00270.jpg",
      "transform_matrix": [
        [
          0.314771,
          0.153284,
          -0.936709,
          4.226478
        ],
        [
          0.948877,
          -0.075236,
          0.306549,
          4.281706
        ],
        [
          -0.023486,
          -0.985314,
          -0.16913,
          1.429321
        ],
        [
          0.0,
          0.0,
          0.0,
          1.0
        ]
      ]
    },
    {
      "file_path": "/media/NFS/ttao/scannet/posed_images/scene0517_00/00275.jpg",
      "transform_matrix": [
        [
          0.375629,
          0.17694,
          -0.909723,
          4.217679
        ],
        [
          0.926721,
          -0.08178,
          0.366742,
          4.291456
        ],
        [
          -0.009505,
          -0.980818,
          -0.194693,
          1.439045
        ],
        [
          0.0,
          0.0,
          0.0,
          1.0
        ]
      ]
    },
    {
      "file_path": "/media/NFS/ttao/scannet/posed_images/scene0517_00/00290.jpg",
      "transform_matrix": [
        [
          0.65741,
          0.018865,
          -0.753297,
          4.218779
        ],
        [
          0.748326,
          0.100977,
          0.6556,
          4.279727
        ],
        [
          0.088434,
          -0.99471,
          0.052266,
          1.517882
        ],
        [
          0.0,
          0.0,
          0.0,
          1.0
        ]
      ]
    },
    {
      "file_path": "/media/NFS/ttao/scannet/posed_images/scene0517_00/00298.jpg",
      "transform_matrix": [
        [
          0.744212,
          -0.061212,
          -0.665132,
          4.173802
        ],
        [
          0.665956,
          0.144753,
          0.731812,
          4.227201
        ],
        [
          0.051484,
          -0.987573,
          0.148492,
          1.55472
        ],
        [
          0.0,
          0.0,
          0.0,
          1.0
        ]
      ]
    },
    {
      "file_path": "/media/NFS/ttao/scannet/posed_images/scene0517_00/00301.jpg",
      "transform_matrix": [
        [
          0.757636,
          -0.088189,
          -0.646692,
          4.169192
        ],
        [
          0.651929,
          0.149687,
          0.743359,
          4.217647
        ],
        [
          0.031245,
          -0.984793,
          0.170901,
          1.57155
        ],
        [
          0.0,
          0.0,
          0.0,
          1.0
        ]
      ]
    },
    {
      "file_path": "/media/NFS/ttao/scannet/posed_images/scene0517_00/00318.jpg",
      "transform_matrix": [
        [
          0.950231,
          -0.099764,
          -0.29514,
          4.079356
        ],
        [
          0.309484,
          0.193477,
          0.931014,
          4.163966
        ],
        [
          -0.035779,
          -0.976019,
          0.214723,
          1.598189
        ],
        [
          0.0,
          0.0,
          0.0,
          1.0
        ]
      ]
    },
    {
      "file_path": "/media/NFS/ttao/scannet/posed_images/scene0517_00/00326.jpg",
      "transform_matrix": [
        [
          0.962918,
          -0.074844,
          -0.259207,
          4.106594
        ],
        [
          0.266487,
          0.113845,
          0.957091,
          4.195188
        ],
        [
          -0.042123,
          -0.990676,
          0.129568,
          1.570515
        ],
        [
          0.0,
          0.0,
          0.0,
          1.0
        ]
      ]
    },
    {
      "file_path": "/media/NFS/ttao/scannet/posed_images/scene0517_00/00332.jpg",
      "transform_matrix": [
        [
          0.966549,
          -0.042012,
          -0.253017,
          4.102682
        ],
        [
          0.252854,
          -0.009234,
          0.96746,
          4.220455
        ],
        [
          -0.042982,
          -0.999074,
          0.001698,
          1.543729
        ],
        [
          0.0,
          0.0,
          0.0,
          1.0
        ]
      ]
    },
    {
      "file_path": "/media/NFS/ttao/scannet/posed_images/scene0517_00/00344.jpg",
      "transform_matrix": [
        [
          0.982517,
          0.03695,
          -0.182468,
          4.070756
        ],
        [
          0.186063,
          -0.161331,
          0.969202,
          4.252117
        ],
        [
          0.006375,
          -0.986208,
          -0.165386,
          1.44157
        ],
        [
          0.0,
          0.0,
          0.0,
          1.0
        ]
      ]
    },
    {
      "file_path": "/media/NFS/ttao/scannet/posed_images/scene0517_00/00355.jpg",
      "transform_matrix": [
        [
          0.972675,
          0.093284,
          -0.212608,
          4.018642
        ],
        [
          0.229769,
          -0.25534,
          0.939153,
          4.265846
        ],
        [
          0.033321,
          -0.962341,
          -0.269796,
          1.366303
        ],
        [
          0.0,
          0.0,
          0.0,
          1.0
        ]
      ]
    },
    {
      "file_path": "/media/NFS/ttao/scannet/posed_images/scene0517_00/00358.jpg",
      "transform_matrix": [
        [
          0.968783,
          0.111479,
          -0.221431,
          4.009584
        ],
        [
          0.244891,
          -0.291375,
          0.924731,
          4.268133
        ],
        [
          0.038569,
          -0.950091,
          -0.30958,
          1.344642
        ],
        [
          0.0,
          0.0,
          0.0,
          1.0
        ]
      ]
    },
    {
      "file_path": "/media/NFS/ttao/scannet/posed_images/scene0517_00/00372.jpg",
      "transform_matrix": [
        [
          0.983812,
          0.122246,
          -0.131036,
          3.948626
        ],
        [
          0.171816,
          -0.435638,
          0.883571,
          4.325785
        ],
        [
          0.050929,
          -0.891782,
          -0.44959,
          1.269736
        ],
        [
          0.0,
          0.0,
          0.0,
          1.0
        ]
      ]
    },
    {
      "file_path": "/media/NFS/ttao/scannet/posed_images/scene0517_00/00378.jpg",
      "transform_matrix": [
        [
          0.992964,
          0.096033,
          -0.069286,
          3.894081
        ],
        [
          0.102318,
          -0.401213,
          0.910252,
          4.357757
        ],
        [
          0.059616,
          -0.910937,
          -0.408216,
          1.293795
        ],
        [
          0.0,
          0.0,
          0.0,
          1.0
        ]
      ]
    },
    {
      "file_path": "/media/NFS/ttao/scannet/posed_images/scene0517_00/00392.jpg",
      "transform_matrix": [
        [
          0.996725,
          0.079624,
          0.014157,
          3.726056
        ],
        [
          0.012213,
          -0.321244,
          0.946918,
          4.3871
        ],
        [
          0.079946,
          -0.943643,
          -0.321164,
          1.328876
        ],
        [
          0.0,
          0.0,
          0.0,
          1.0
        ]
      ]
    },
    {
      "file_path": "/media/NFS/ttao/scannet/posed_images/scene0517_00/00397.jpg",
      "transform_matrix": [
        [
          0.996668,
          0.04506,
          0.067984,
          3.677375
        ],
        [
          -0.050651,
          -0.311367,
          0.948939,
          4.38959
        ],
        [
          0.063927,
          -0.949221,
          -0.308047,
          1.353397
        ],
        [
          0.0,
          0.0,
          0.0,
          1.0
        ]
      ]
    },
    {
      "file_path": "/media/NFS/ttao/scannet/posed_images/scene0517_00/00406.jpg",
      "transform_matrix": [
        [
          0.985121,
          -0.017798,
          0.170937,
          3.628524
        ],
        [
          -0.169549,
          -0.263255,
          0.94971,
          4.393933
        ],
        [
          0.028097,
          -0.964562,
          -0.262356,
          1.414165
        ],
        [
          0.0,
          0.0,
          0.0,
          1.0
        ]
      ]
    },
    {
      "file_path": "/media/NFS/ttao/scannet/posed_images/scene0517_00/00414.jpg",
      "transform_matrix": [
        [
          0.975957,
          -0.034544,
          0.215211,
          3.642765
        ],
        [
          -0.217828,
          -0.189677,
          0.957379,
          4.368325
        ],
        [
          0.007749,
          -0.981239,
          -0.192641,
          1.454458
        ],
        [
          0.0,
          0.0,
          0.0,
          1.0
        ]
      ]
    },
    {
      "file_path": "/media/NFS/ttao/scannet/posed_images/scene0517_00/00423.jpg",
      "transform_matrix": [
        [
          0.985241,
          -0.050781,
          0.163465,
          3.705306
        ],
        [
          -0.168347,
          -0.114699,
          0.979032,
          4.303123
        ],
        [
          -0.030967,
          -0.992102,
          -0.121555,
          1.485683
        ],
        [
          0.0,
          0.0,
          0.0,
          1.0
        ]
      ]
    },
    {
      "file_path": "/media/NFS/ttao/scannet/posed_images/scene0517_00/00440.jpg",
      "transform_matrix": [
        [
          0.987752,
          -0.087442,
          0.129229,
          3.899583
        ],
        [
          -0.151311,
          -0.334567,
          0.930145,
          4.190627
        ],
        [
          -0.038098,
          -0.938307,
          -0.3437,
          1.383704
        ],
        [
          0.0,
          0.0,
          0.0,
          1.0
        ]
      ]
    },
    {
      "file_path": "/media/NFS/ttao/scannet/posed_images/scene0517_00/00443.jpg",
      "transform_matrix": [
        [
          0.986911,
          -0.109146,
          0.118714,
          3.917959
        ],
        [
          -0.151201,
          -0.370319,
          0.916516,
          4.175009
        ],
        [
          -0.056072,
          -0.92247,
          -0.381975,
          1.360791
        ],
        [
          0.0,
          0.0,
          0.0,
          1.0
        ]
      ]
    },
    {
      "file_path": "/media/NFS/ttao/scannet/posed_images/scene0517_00/00457.jpg",
      "transform_matrix": [
        [
          0.97533,
          -0.132746,
          0.176383,
          3.934269
        ],
        [
          -0.219593,
          -0.501579,
          0.836778,
          4.149696
        ],
        [
          -0.022609,
          -0.854866,
          -0.518355,
          1.285174
        ],
        [
          0.0,
          0.0,
          0.0,
          1.0
        ]
      ]
    },
    {
      "file_path": "/media/NFS/ttao/scannet/posed_images/scene0517_00/00466.jpg",
      "transform_matrix": [
        [
          0.959051,
          -0.16488,
          0.230297,
          3.93224
        ],
        [
          -0.282745,
          -0.509531,
          0.812671,
          4.141747
        ],
        [
          -0.01665,
          -0.844508,
          -0.535285,
          1.263269
        ],
        [
          0.0,
          0.0,
          0.0,
          1.0
        ]
      ]
    },
    {
      "file_path": "/media/NFS/ttao/scannet/posed_images/scene0517_00/00477.jpg",
      "transform_matrix": [
        [
          0.919536,
          -0.197868,
          0.33956,
          3.955506
        ],
        [
          -0.392927,
          -0.445583,
          0.804403,
          4.139536
        ],
        [
          -0.007864,
          -0.8731,
          -0.487477,
          1.286625
        ],
        [
          0.0,
          0.0,
          0.0,
          1.0
        ]
      ]
    },
    {
      "file_path": "/media/NFS/ttao/scannet/posed_images/scene0517_00/00488.jpg",
      "transform_matrix": [
        [
          0.871728,
          -0.229066,
          0.433149,
          3.980623
        ],
        [
          -0.489872,
          -0.388086,
          0.78065,
          4.131246
        ],
        [
          -0.010721,
          -0.892703,
          -0.450519,
          1.292256
        ],
        [
          0.0,
          0.0,
          0.0,
          1.0
        ]
      ]
    },
    {
      "file_path": "/media/NFS/ttao/scannet/posed_images/scene0517_00/00497.jpg",
      "transform_matrix": [
        [
          0.830833,
          -0.258486,
          0.49285,
          4.000911
        ],
        [
          -0.556093,
          -0.350858,
          0.753431,
          4.131927
        ],
        [
          -0.021831,
          -0.900047,
          -0.435246,
          1.284034
        ],
        [
          0.0,
          0.0,
          0.0,
          1.0
        ]
      ]
    },
    {
      "file_path": "/media/NFS/ttao/scannet/posed_images/scene0517_00/00500.jpg",
      "transform_matrix": [
        [
          0.815952,
          -0.270133,
          0.511127,
          4.00762
        ],
        [
          -0.577597,
          -0.343346,
          0.740604,
          4.136665
        ],
        [
          -0.024569,
          -0.899523,
          -0.436182,
          1.276909
        ],
        [
          0.0,
          0.0,
          0.0,
          1.0
        ]
      ]
    },
    {
      "file_path": "/media/NFS/ttao/scannet/posed_images/scene0517_00/00508.jpg",
      "transform_matrix": [
        [
          0.783176,
          -0.293082,
          0.548397,
          4.005249
        ],
        [
          -0.621627,
          -0.348214,
          0.70166,
          4.179426
        ],
        [
          -0.014684,
          -0.890422,
          -0.4549,
          1.270927
        ],
        [
          0.0,
          0.0,
          0.0,
          1.0
        ]
      ]
    },
    {
      "file_path": "/media/NFS/ttao/scannet/posed_images/scene0517_00/00525.jpg",
      "transform_matrix": [
        [
          0.809886,
          -0.243552,
          0.533636,
          3.997528
        ],
        [
          -0.586375,
          -0.311664,
          0.747683,
          4.359795
        ],
        [
          -0.015785,
          -0.918449,
          -0.395225,
          1.31593
        ],
        [
          0.0,
          0.0,
          0.0,
          1.0
        ]
      ]
    },
    {
      "file_path": "/media/NFS/ttao/scannet/posed_images/scene0517_00/00534.jpg",
      "transform_matrix": [
        [
          0.824845,
          -0.223506,
          0.519303,
          4.02484
        ],
        [
          -0.564273,
          -0.268552,
          0.780689,
          4.42703
        ],
        [
          -0.035029,
          -0.936977,
          -0.347632,
          1.352126
        ],
        [
          0.0,
          0.0,
          0.0,
          1.0
        ]
      ]
    },
    {
      "file_path": "/media/NFS/ttao/scannet/posed_images/scene0517_00/00537.jpg",
      "transform_matrix": [
        [
          0.832604,
          -0.206129,
          0.514083,
          4.045114
        ],
        [
          -0.552666,
          -0.248061,
          0.795629,
          4.433387
        ],
        [
          -0.036479,
          -0.94656,
          -0.320457,
          1.364269
        ],
        [
          0.0,
          0.0,
          0.0,
          1.0
        ]
      ]
    },
    {
      "file_path": "/media/NFS/ttao/scannet/posed_images/scene0517_00/00554.jpg",
      "transform_matrix": [
        [
          0.937793,
          -0.084061,
          0.336866,
          4.220318
        ],
        [
          -0.346732,
          -0.176609,
          0.921187,
          4.414904
        ],
        [
          -0.017942,
          -0.980685,
          -0.194769,
          1.448428
        ],
        [
          0.0,
          0.0,
          0.0,
          1.0
        ]
      ]
    },
    {
      "file_path": "/media/NFS/ttao/scannet/posed_images/scene0517_00/00556.jpg",
      "transform_matrix": [
        [
          0.941904,
          -0.073771,
          0.327682,
          4.236459
        ],
        [
          -0.335535,
          -0.162218,
          0.927956,
          4.410085
        ],
        [
          -0.015301,
          -0.983994,
          -0.177546,
          1.458064
        ],
        [
          0.0,
          0.0,
          0.0,
          1.0
        ]
      ]
    },
    {
      "file_path": "/media/NFS/ttao/scannet/posed_images/scene0517_00/00568.jpg",
      "transform_matrix": [
        [
          0.963639,
          -0.027585,
          0.265782,
          4.262224
        ],
        [
          -0.266867,
          -0.048996,
          0.962487,
          4.386016
        ],
        [
          -0.013528,
          -0.998418,
          -0.054576,
          1.506464
        ],
        [
          0.0,
          0.0,
          0.0,
          1.0
        ]
      ]
    },
    {
      "file_path": "/media/NFS/ttao/scannet/posed_images/scene0517_00/00582.jpg",
      "transform_matrix": [
        [
          0.968066,
          0.031594,
          0.248698,
          4.186749
        ],
        [
          -0.250556,
          0.088729,
          0.964027,
          4.354081
        ],
        [
          0.008391,
          -0.995555,
          0.093812,
          1.508876
        ],
        [
          0.0,
          0.0,
          0.0,
          1.0
        ]
      ]
    },
    {
      "file_path": "/media/NFS/ttao/scannet/posed_images/scene0517_00/00591.jpg",
      "transform_matrix": [
        [
          0.95024,
          0.080605,
          0.30091,
          4.091521
        ],
        [
          -0.308845,
          0.117493,
          0.943827,
          4.354492
        ],
        [
          0.040722,
          -0.989797,
          0.136541,
          1.502325
        ],
        [
          0.0,
          0.0,
          0.0,
          1.0
        ]
      ]
    },
    {
      "file_path": "/media/NFS/ttao/scannet/posed_images/scene0517_00/00593.jpg",
      "transform_matrix": [
        [
          0.943058,
          0.09097,
          0.319946,
          4.066303
        ],
        [
          -0.328925,
          0.111934,
          0.937699,
          4.356709
        ],
        [
          0.049489,
          -0.989543,
          0.135482,
          1.505642
        ],
        [
          0.0,
          0.0,
          0.0,
          1.0
        ]
      ]
    },
    {
      "file_path": "/media/NFS/ttao/scannet/posed_images/scene0517_00/00608.jpg",
      "transform_matrix": [
        [
          0.844545,
          0.063066,
          0.531758,
          3.952938
        ],
        [
          -0.534559,
          0.040943,
          0.844138,
          4.387213
        ],
        [
          0.031465,
          -0.997169,
          0.068291,
          1.508777
        ],
        [
          0.0,
          0.0,
          0.0,
          1.0
        ]
      ]
    },
    {
      "file_path": "/media/NFS/ttao/scannet/posed_images/scene0517_00/00619.jpg",
      "transform_matrix": [
        [
          0.791547,
          0.099146,
          0.603013,
          3.928161
        ],
        [
          -0.607934,
          0.027294,
          0.793518,
          4.382274
        ],
        [
          0.062216,
          -0.994699,
          0.081879,
          1.496161
        ],
        [
          0.0,
          0.0,
          0.0,
          1.0
        ]
      ]
    },
    {
      "file_path": "/media/NFS/ttao/scannet/posed_images/scene0517_00/00625.jpg",
      "transform_matrix": [
        [
          0.776038,
          0.091949,
          0.623948,
          3.924819
        ],
        [
          -0.627448,
          0.01243,
          0.778559,
          4.381913
        ],
        [
          0.063832,
          -0.995686,
          0.067339,
          1.493685
        ],
        [
          0.0,
          0.0,
          0.0,
          1.0
        ]
      ]
    },
    {
      "file_path": "/media/NFS/ttao/scannet/posed_images/scene0517_00/00639.jpg",
      "transform_matrix": [
        [
          0.609556,
          0.201648,
          0.766668,
          3.88711
        ],
        [
          -0.787798,
          0.046232,
          0.614196,
          4.539527
        ],
        [
          0.088407,
          -0.978366,
          0.187039,
          1.533043
        ],
        [
          0.0,
          0.0,
          0.0,
          1.0
        ]
      ]
    },
    {
      "file_path": "/media/NFS/ttao/scannet/posed_images/scene0517_00/00647.jpg",
      "transform_matrix": [
        [
          0.54456,
          0.225112,
          0.807948,
          3.851867
        ],
        [
          -0.83463,
          0.05041,
          0.548499,
          4.642
        ],
        [
          0.082744,
          -0.973028,
          0.215336,
          1.575199
        ],
        [
          0.0,
          0.0,
          0.0,
          1.0
        ]
      ]
    },
    {
      "file_path": "/media/NFS/ttao/scannet/posed_images/scene0517_00/00653.jpg",
      "transform_matrix": [
        [
          0.530582,
          0.236391,
          0.814004,
          3.838856
        ],
        [
          -0.843744,
          0.055392,
          0.53388,
          4.674502
        ],
        [
          0.081115,
          -0.970078,
          0.228843,
          1.589664
        ],
        [
          0.0,
          0.0,
          0.0,
          1.0
        ]
      ]
    },
    {
      "file_path": "/media/NFS/ttao/scannet/posed_images/scene0517_00/00661.jpg",
      "transform_matrix": [
        [
          0.481088,
          0.235054,
          0.844573,
          3.835925
        ],
        [
          -0.874761,
          0.065137,
          0.480155,
          4.674848
        ],
        [
          0.05785,
          -0.969797,
          0.236953,
          1.591737
        ],
        [
          0.0,
          0.0,
          0.0,
          1.0
        ]
      ]
    },
    {
      "file_path": "/media/NFS/ttao/scannet/posed_images/scene0517_00/00673.jpg",
      "transform_matrix": [
        [
          0.307785,
          0.197973,
          0.930632,
          3.873663
        ],
        [
          -0.951396,
          0.053065,
          0.303363,
          4.607076
        ],
        [
          0.010673,
          -0.97877,
          0.204683,
          1.567575
        ],
        [
          0.0,
          0.0,
          0.0,
          1.0
        ]
      ]
    },
    {
      "file_path": "/media/NFS/ttao/scannet/posed_images/scene0517_00/00679.jpg",
      "transform_matrix": [
        [
          0.251363,
          0.187223,
          0.949613,
          3.887298
        ],
        [
          -0.967809,
          0.061504,
          0.244054,
          4.569814
        ],
        [
          -0.012712,
          -0.98039,
          0.196656,
          1.574847
        ],
        [
          0.0,
          0.0,
          0.0,
          1.0
        ]
      ]
    },
    {
      "file_path": "/media/NFS/ttao/scannet/posed_images/scene0517_00/00696.jpg",
      "transform_matrix": [
        [
          0.111329,
          0.100618,
          0.988677,
          3.960878
        ],
        [
          -0.993377,
          0.039701,
          0.107818,
          4.427176
        ],
        [
          -0.028403,
          -0.994133,
          0.104371,
          1.569369
        ],
        [
          0.0,
          0.0,
          0.0,
          1.0
        ]
      ]
    },
    {
      "file_path": "/media/NFS/ttao/scannet/posed_images/scene0517_00/00698.jpg",
      "transform_matrix": [
        [
          0.111418,
          0.074372,
          0.990987,
          3.965031
        ],
        [
          -0.993284,
          0.03961,
          0.108703,
          4.426345
        ],
        [
          -0.031168,
          -0.996444,
          0.078286,
          1.563998
        ],
        [
          0.0,
          0.0,
          0.0,
          1.0
        ]
      ]
    },
    {
      "file_path": "/media/NFS/ttao/scannet/posed_images/scene0517_00/00715.jpg",
      "transform_matrix": [
        [
          0.061027,
          -0.048848,
          0.99694,
          3.97264
        ],
        [
          -0.998058,
          -0.015502,
          0.060336,
          4.513209
        ],
        [
          0.012508,
          -0.998686,
          -0.0497,
          1.435045
        ],
        [
          0.0,
          0.0,
          0.0,
          1.0
        ]
      ]
    },
    {
      "file_path": "/media/NFS/ttao/scannet/posed_images/scene0517_00/00721.jpg",
      "transform_matrix": [
        [
          0.031347,
          -0.084305,
          0.995947,
          3.957282
        ],
        [
          -0.999269,
          -0.024433,
          0.029383,
          4.570409
        ],
        [
          0.021857,
          -0.996141,
          -0.085009,
          1.412395
        ],
        [
          0.0,
          0.0,
          0.0,
          1.0
        ]
      ]
    },
    {
      "file_path": "/media/NFS/ttao/scannet/posed_images/scene0517_00/00727.jpg",
      "transform_matrix": [
        [
          0.009888,
          -0.12969,
          0.991505,
          3.951809
        ],
        [
          -0.999311,
          -0.036758,
          0.005158,
          4.620465
        ],
        [
          0.035777,
          -0.990873,
          -0.129964,
          1.390385
        ],
        [
          0.0,
          0.0,
          0.0,
