{
  "frames": [
    {
      "file_path": "/media/NFS/ttao/scannet/posed_images/scene0030_02/00000.jpg",
      "transform_matrix": [
        [
          0.858591,
          -0.20772,
          0.468693,
          2.514298
        ],
        [
          -0.511554,
          -0.28708,
          0.809875,
          4.866722
        ],
        [
          -0.033675,
          -0.935113,
          -0.352745,
          1.459738
        ],
        [
          0.0,
          0.0,
          0.0,
          1.0
        ]
      ]
    },
    {
      "file_path": "/media/NFS/ttao/scannet/posed_images/scene0030_02/00010.jpg",
      "transform_matrix": [
        [
          0.842729,
          -0.230684,
          0.486408,
          2.526817
        ],
        [
          -0.536663,
          -0.288773,
          0.792845,
          4.872382
        ],
        [
          -0.042436,
          -0.929191,
          -0.367157,
          1.459653
        ],
        [
          0.0,
          0.0,
          0.0,
          1.0
        ]
      ]
    },
    {
      "file_path": "/media/NFS/ttao/scannet/posed_images/scene0030_02/00012.jpg",
      "transform_matrix": [
        [
          0.840297,
          -0.228561,
          0.49159,
          2.518066
        ],
        [
          -0.540392,
          -0.280676,
          0.79322,
          4.872109
        ],
        [
          -0.043322,
          -0.932191,
          -0.359364,
          1.451935
        ],
        [
          0.0,
          0.0,
          0.0,
          1.0
        ]
      ]
    },
    {
      "file_path": "/media/NFS/ttao/scannet/posed_images/scene0030_02/00021.jpg",
      "transform_matrix": [
        [
          0.851301,
          -0.266867,
          0.45174,
          2.553539
        ],
        [
          -0.519347,
          -0.306184,
          0.797828,
          4.868468
        ],
        [
          -0.074598,
          -0.913801,
          -0.399251,
          1.439201
        ],
        [
          0.0,
          0.0,
          0.0,
          1.0
        ]
      ]
    },
    {
      "file_path": "/media/NFS/ttao/scannet/posed_images/scene0030_02/00025.jpg",
      "transform_matrix": [
        [
          0.845184,
          -0.280464,
          0.454978,
          2.566392
        ],
        [
          -0.529925,
          -0.328879,
          0.781676,
          4.866161
        ],
        [
          -0.069599,
          -0.901764,
          -0.426588,
          1.41708
        ],
        [
          0.0,
          0.0,
          0.0,
          1.0
        ]
      ]
    },
    {
      "file_path": "/media/NFS/ttao/scannet/posed_images/scene0030_02/00035.jpg",
      "transform_matrix": [
        [
          0.805483,
          -0.369542,
          0.463287,
          2.616561
        ],
        [
          -0.584331,
          -0.364967,
          0.724815,
          4.8681
        ],
        [
          -0.098765,
          -0.854539,
          -0.50991,
          1.385951
        ],
        [
          0.0,
          0.0,
          0.0,
          1.0
        ]
      ]
    },
    {
      "file_path": "/media/NFS/ttao/scannet/posed_images/scene0030_02/00037.jpg",
      "transform_matrix": [
        [
          0.793564,
          -0.368988,
          0.483843,
          2.622279
        ],
        [
          -0.599933,
          -0.341593,
          0.723461,
          4.879239
        ],
        [
          -0.101671,
          -0.864385,
          -0.492444,
          1.397161
        ],
        [
          0.0,
          0.0,
          0.0,
          1.0
        ]
      ]
    },
    {
      "file_path": "/media/NFS/ttao/scannet/posed_images/scene0030_02/00044.jpg",
      "transform_matrix": [
        [
          0.759746,
          -0.344373,
          0.551538,
          2.61299
        ],
        [
          -0.64103,
          -0.254584,
          0.724063,
          4.924098
        ],
        [
          -0.108935,
          -0.903656,
          -0.414172,
          1.434044
        ],
        [
          0.0,
          0.0,
          0.0,
          1.0
        ]
      ]
    },
    {
      "file_path": "/media/NFS/ttao/scannet/posed_images/scene0030_02/00054.jpg",
      "transform_matrix": [
        [
          0.762709,
          -0.227142,
          0.605542,
          2.54725
        ],
        [
          -0.642514,
          -0.159239,
          0.749546,
          5.023515
        ],
        [
          -0.073828,
          -0.960755,
          -0.267395,
          1.503715
        ],
        [
          0.0,
          0.0,
          0.0,
          1.0
        ]
      ]
    },
    {
      "file_path": "/media/NFS/ttao/scannet/posed_images/scene0030_02/00058.jpg",
      "transform_matrix": [
        [
          0.748135,
          -0.206609,
          0.630561,
          2.525256
        ],
        [
          -0.661041,
          -0.149557,
          0.735294,
          5.051383
        ],
        [
          -0.057614,
          -0.966926,
          -0.248466,
          1.521763
        ],
        [
          0.0,
          0.0,
          0.0,
          1.0
        ]
      ]
    },
    {
      "file_path": "/media/NFS/ttao/scannet/posed_images/scene0030_02/00067.jpg",
      "transform_matrix": [
        [
          0.74141,
          -0.151017,
          0.653839,
          2.50882
        ],
        [
          -0.669052,
          -0.09117,
          0.737603,
          5.065707
        ],
        [
          -0.051781,
          -0.984318,
          -0.168632,
          1.569946
        ],
        [
          0.0,
          0.0,
          0.0,
          1.0
        ]
      ]
    },
    {
      "file_path": "/media/NFS/ttao/scannet/posed_images/scene0030_02/00069.jpg",
      "transform_matrix": [
        [
          0.735528,
          -0.136714,
          0.663557,
          2.499231
        ],
        [
          -0.675543,
          -0.073704,
          0.733628,
          5.066746
        ],
        [
          -0.051391,
          -0.987865,
          -0.146567,
          1.574143
        ],
        [
          0.0,
          0.0,
          0.0,
          1.0
        ]
      ]
    },
    {
      "file_path": "/media/NFS/ttao/scannet/posed_images/scene0030_02/00079.jpg",
      "transform_matrix": [
        [
          0.689924,
          -0.071823,
          0.72031,
          2.509861
        ],
        [
          -0.723385,
          -0.031562,
          0.689723,
          5.036839
        ],
        [
          -0.026804,
          -0.996918,
          -0.073731,
          1.591421
        ],
        [
          0.0,
          0.0,
          0.0,
          1.0
        ]
      ]
    },
    {
      "file_path": "/media/NFS/ttao/scannet/posed_images/scene0030_02/00086.jpg",
      "transform_matrix": [
        [
          0.668064,
          -0.071276,
          0.740682,
          2.537733
        ],
        [
          -0.743607,
          -0.02756,
          0.668049,
          4.999775
        ],
        [
          -0.027203,
          -0.997076,
          -0.071413,
          1.578964
        ],
        [
          0.0,
          0.0,
          0.0,
          1.0
        ]
      ]
    },
    {
      "file_path": "/media/NFS/ttao/scannet/posed_images/scene0030_02/00088.jpg",
      "transform_matrix": [
        [
          0.668141,
          -0.070263,
          0.740709,
          2.54157
        ],
        [
          -0.743677,
          -0.032217,
          0.667762,
          4.991869
        ],
        [
          -0.023056,
          -0.997008,
          -0.073778,
          1.580901
        ],
        [
          0.0,
          0.0,
          0.0,
          1.0
        ]
      ]
    },
    {
      "file_path": "/media/NFS/ttao/scannet/posed_images/scene0030_02/00100.jpg",
      "transform_matrix": [
        [
          0.620423,
          -0.132559,
          0.772984,
          2.599146
        ],
        [
          -0.783291,
          -0.055573,
          0.619166,
          4.951327
        ],
        [
          -0.039119,
          -0.989616,
          -0.138311,
          1.572233
        ],
        [
          0.0,
          0.0,
          0.0,
          1.0
        ]
      ]
    },
    {
      "file_path": "/media/NFS/ttao/scannet/posed_images/scene0030_02/00104.jpg",
      "transform_matrix": [
        [
          0.601368,
          -0.16783,
          0.781147,
          2.623982
        ],
        [
          -0.79735,
          -0.0638,
          0.600135,
          4.933224
        ],
        [
          -0.050883,
          -0.983749,
          -0.172186,
          1.558177
        ],
        [
          0.0,
          0.0,
          0.0,
          1.0
        ]
      ]
    },
    {
      "file_path": "/media/NFS/ttao/scannet/posed_images/scene0030_02/00108.jpg",
      "transform_matrix": [
        [
          0.571802,
          -0.194244,
          0.797065,
          2.62803
        ],
        [
          -0.818758,
          -0.073826,
          0.569373,
          4.938881
        ],
        [
          -0.051753,
          -0.978171,
          -0.201252,
          1.546759
        ],
        [
          0.0,
          0.0,
          0.0,
          1.0
        ]
      ]
    },
    {
      "file_path": "/media/NFS/ttao/scannet/posed_images/scene0030_02/00119.jpg",
      "transform_matrix": [
        [
          0.483876,
          -0.177285,
          0.856991,
          2.615814
        ],
        [
          -0.874189,
          -0.052368,
          0.482753,
          4.941522
        ],
        [
          -0.040706,
          -0.982765,
          -0.18032,
          1.549757
        ],
        [
          0.0,
          0.0,
          0.0,
          1.0
        ]
      ]
    },
    {
      "file_path": "/media/NFS/ttao/scannet/posed_images/scene0030_02/00125.jpg",
      "transform_matrix": [
        [
          0.455111,
          -0.139948,
          0.879368,
          2.626498
        ],
        [
          -0.88975,
          -0.032765,
          0.45527,
          4.935486
        ],
        [
          -0.034902,
          -0.989616,
          -0.139431,
          1.57249
        ],
        [
          0.0,
          0.0,
          0.0,
          1.0
        ]
      ]
    },
    {
      "file_path": "/media/NFS/ttao/scannet/posed_images/scene0030_02/00131.jpg",
      "transform_matrix": [
        [
          0.409911,
          -0.139939,
          0.901327,
          2.675922
        ],
        [
          -0.911549,
          -0.027704,
          0.410258,
          4.916804
        ],
        [
          -0.03244,
          -0.989772,
          -0.138917,
          1.571134
        ],
        [
          0.0,
          0.0,
          0.0,
          1.0
        ]
      ]
    },
    {
      "file_path": "/media/NFS/ttao/scannet/posed_images/scene0030_02/00138.jpg",
      "transform_matrix": [
        [
          0.347476,
          -0.146645,
          0.926151,
          2.744811
        ],
        [
          -0.937307,
          -0.026122,
          0.347526,
          4.894647
        ],
        [
          -0.02677,
          -0.988844,
          -0.146528,
          1.565559
        ],
        [
          0.0,
          0.0,
          0.0,
          1.0
        ]
      ]
    },
    {
      "file_path": "/media/NFS/ttao/scannet/posed_images/scene0030_02/00142.jpg",
      "transform_matrix": [
        [
          0.31206,
          -0.147814,
          0.938493,
          2.800972
        ],
        [
          -0.949404,
          -0.011735,
          0.313839,
          4.864822
        ],
        [
          -0.035377,
          -0.988945,
          -0.143997,
          1.56664
        ],
        [
          0.0,
          0.0,
          0.0,
          1.0
        ]
      ]
    },
    {
      "file_path": "/media/NFS/ttao/scannet/posed_images/scene0030_02/00150.jpg",
      "transform_matrix": [
        [
          0.236213,
          -0.16136,
          0.95821,
          2.875926
        ],
        [
          -0.970809,
          0.003055,
          0.239834,
          4.814662
        ],
        [
          -0.041627,
          -0.986891,
          -0.155929,
          1.56359
        ],
        [
          0.0,
          0.0,
          0.0,
          1.0
        ]
      ]
    },
    {
      "file_path": "/media/NFS/ttao/scannet/posed_images/scene0030_02/00152.jpg",
      "transform_matrix": [
        [
          0.220373,
          -0.16881,
          0.960697,
          2.892884
        ],
        [
          -0.974498,
          0.004612,
          0.224349,
          4.803453
        ],
        [
          -0.042303,
          -0.985638,
          -0.163488,
          1.557778
        ],
        [
          0.0,
          0.0,
          0.0,
          1.0
        ]
      ]
    },
    {
      "file_path": "/media/NFS/ttao/scannet/posed_images/scene0030_02/00160.jpg",
      "transform_matrix": [
        [
          0.185691,
          -0.209323,
          0.960053,
          2.9077
        ],
        [
          -0.981681,
          0.002906,
          0.190508,
          4.803498
        ],
        [
          -0.042668,
          -0.977842,
          -0.204949,
          1.540981
        ],
        [
          0.0,
          0.0,
          0.0,
          1.0
        ]
      ]
    },
    {
      "file_path": "/media/NFS/ttao/scannet/posed_images/scene0030_02/00165.jpg",
      "transform_matrix": [
        [
          0.17522,
          -0.231396,
          0.95695,
          2.883842
        ],
        [
          -0.984011,
          -0.009631,
          0.177846,
          4.827142
        ],
        [
          -0.031936,
          -0.972812,
          -0.229384,
          1.530125
        ],
        [
          0.0,
          0.0,
          0.0,
          1.0
        ]
      ]
    },
    {
      "file_path": "/media/NFS/ttao/scannet/posed_images/scene0030_02/00175.jpg",
      "transform_matrix": [
        [
          0.238294,
          -0.265148,
          0.934298,
          2.75282
        ],
        [
          -0.971188,
          -0.062039,
          0.230097,
          4.9352
        ],
        [
          -0.003047,
          -0.96221,
          -0.272292,
          1.488476
        ],
        [
          0.0,
          0.0,
          0.0,
          1.0
        ]
      ]
    },
    {
      "file_path": "/media/NFS/ttao/scannet/posed_images/scene0030_02/00179.jpg",
      "transform_matrix": [
        [
          0.293934,
          -0.270873,
          0.916641,
          2.690389
        ],
        [
          -0.955825,
          -0.082364,
          0.28216,
          4.985095
        ],
        [
          -0.000932,
          -0.959085,
          -0.283117,
          1.474934
        ],
        [
          0.0,
          0.0,
          0.0,
          1.0
        ]
      ]
    },
    {
      "file_path": "/media/NFS/ttao/scannet/posed_images/scene0030_02/00185.jpg",
      "transform_matrix": [
        [
          0.426197,
          -0.280756,
          0.85996,
          2.599976
        ],
        [
          -0.904373,
          -0.154926,
          0.397628,
          5.055281
        ],
        [
          0.021593,
          -0.947193,
          -0.319937,
          1.460564
        ],
        [
          0.0,
          0.0,
          0.0,
          1.0
        ]
      ]
    },
    {
      "file_path": "/media/NFS/ttao/scannet/posed_images/scene0030_02/00194.jpg",
      "transform_matrix": [
        [
          0.521023,
          -0.286393,
          0.804061,
          2.529523
        ],
        [
          -0.851908,
          -0.232754,
          0.469124,
          5.077158
        ],
        [
          0.052795,
          -0.929411,
          -0.365251,
          1.433601
        ],
        [
          0.0,
          0.0,
          0.0,
          1.0
        ]
      ]
    },
    {
      "file_path": "/media/NFS/ttao/scannet/posed_images/scene0030_02/00200.jpg",
      "transform_matrix": [
        [
          0.57637,
          -0.279729,
          0.767821,
          2.495406
        ],
        [
          -0.815262,
          -0.261322,
          0.516777,
          5.083054
        ],
        [
          0.056091,
          -0.92383,
          -0.378671,
          1.427143
        ],
        [
          0.0,
          0.0,
          0.0,
          1.0
        ]
      ]
    },
    {
      "file_path": "/media/NFS/ttao/scannet/posed_images/scene0030_02/00204.jpg",
      "transform_matrix": [
        [
          0.606815,
          -0.268622,
          0.748076,
          2.47225
        ],
        [
          -0.792113,
          -0.282311,
          0.541163,
          5.08111
        ],
        [
          0.065822,
          -0.920946,
          -0.38409,
          1.414563
        ],
        [
          0.0,
          0.0,
          0.0,
          1.0
        ]
      ]
    },
    {
      "file_path": "/media/NFS/ttao/scannet/posed_images/scene0030_02/00215.jpg",
      "transform_matrix": [
        [
          0.635027,
          -0.355988,
          0.685574,
          2.430295
        ],
        [
          -0.771905,
          -0.326953,
          0.54522,
          5.036744
        ],
        [
          0.030059,
          -0.875428,
          -0.482413,
          1.373507
        ],
        [
          0.0,
          0.0,
          0.0,
          1.0
        ]
      ]
    },
    {
      "file_path": "/media/NFS/ttao/scannet/posed_images/scene0030_02/00217.jpg",
      "transform_matrix": [
        [
          0.632533,
          -0.374734,
          0.677846,
          2.423181
        ],
        [
          -0.774181,
          -0.332273,
          0.538738,
          5.02644
        ],
        [
          0.023347,
          -0.865545,
          -0.500286,
          1.368125
        ],
        [
          0.0,
          0.0,
          0.0,
          1.0
        ]
      ]
    },
    {
      "file_path": "/media/NFS/ttao/scannet/posed_images/scene0030_02/00227.jpg",
      "transform_matrix": [
        [
          0.603788,
          -0.442485,
          0.663059,
          2.404731
        ],
        [
          -0.797145,
          -0.335049,
          0.502297,
          4.949827
        ],
        [
          -0.000101,
          -0.831835,
          -0.555023,
          1.327823
        ],
        [
          0.0,
          0.0,
          0.0,
          1.0
        ]
      ]
    },
    {
      "file_path": "/media/NFS/ttao/scannet/posed_images/scene0030_02/00234.jpg",
      "transform_matrix": [
        [
          0.530095,
          -0.49218,
          0.690477,
          2.433784
        ],
        [
          -0.84769,
          -0.28791,
          0.445566,
          4.904935
        ],
        [
          -0.020504,
          -0.821503,
          -0.569836,
          1.337958
        ],
        [
          0.0,
          0.0,
          0.0,
          1.0
        ]
      ]
    },
    {
      "file_path": "/media/NFS/ttao/scannet/posed_images/scene0030_02/00240.jpg",
      "transform_matrix": [
        [
          0.453381,
          -0.498492,
          0.738885,
          2.456589
        ],
        [
          -0.891068,
          -0.233911,
          0.388952,
          4.885527
        ],
        [
          -0.021056,
          -0.83474,
          -0.550241,
          1.351296
        ],
        [
          0.0,
          0.0,
          0.0,
          1.0
        ]
      ]
    },
    {
      "file_path": "/media/NFS/ttao/scannet/posed_images/scene0030_02/00246.jpg",
      "transform_matrix": [
        [
          0.388814,
          -0.489918,
          0.780259,
          2.499676
        ],
        [
          -0.920903,
          -0.181301,
          0.345061,
          4.853806
        ],
        [
          -0.02759,
          -0.852707,
          -0.52166,
          1.362139
        ],
        [
          0.0,
          0.0,
          0.0,
          1.0
        ]
      ]
    },
    {
      "file_path": "/media/NFS/ttao/scannet/posed_images/scene0030_02/00252.jpg",
      "transform_matrix": [
        [
          0.342532,
          -0.521501,
          0.781479,
          2.554339
        ],
        [
          -0.938091,
          -0.144201,
          0.314948,
          4.833394
        ],
        [
          -0.051556,
          -0.840978,
          -0.538608,
          1.361516
        ],
        [
          0.0,
          0.0,
          0.0,
          1.0
        ]
      ]
    },
    {
      "file_path": "/media/NFS/ttao/scannet/posed_images/scene0030_02/00256.jpg",
      "transform_matrix": [
        [
          0.297916,
          -0.527485,
          0.795617,
          2.60816
        ],
        [
          -0.953305,
          -0.121138,
          0.276649,
          4.821278
        ],
        [
          -0.049549,
          -0.840884,
          -0.538943,
          1.359656
        ],
        [
          0.0,
          0.0,
          0.0,
          1.0
        ]
      ]
    },
    {
      "file_path": "/media/NFS/ttao/scannet/posed_images/scene0030_02/00261.jpg",
      "transform_matrix": [
        [
          0.229086,
          -0.524547,
          0.819981,
          2.700139
        ],
        [
          -0.972699,
          -0.091252,
          0.213378,
          4.807884
        ],
        [
          -0.037102,
          -0.846477,
          -0.531131,
          1.377683
        ],
        [
          0.0,
          0.0,
          0.0,
          1.0
        ]
      ]
    },
    {
      "file_path": "/media/NFS/ttao/scannet/posed_images/scene0030_02/00269.jpg",
      "transform_matrix": [
        [
          0.18201,
          -0.521509,
          0.833607,
          2.811025
        ],
        [
          -0.982297,
          -0.058218,
          0.178054,
          4.788972
        ],
        [
          -0.044326,
          -0.851257,
          -0.522873,
          1.388709
        ],
        [
          0.0,
          0.0,
          0.0,
          1.0
        ]
      ]
    },
    {
      "file_path": "/media/NFS/ttao/scannet/posed_images/scene0030_02/00279.jpg",
      "transform_matrix": [
        [
          0.119453,
          -0.49799,
          0.858916,
          2.969818
        ],
        [
          -0.992377,
          -0.03348,
          0.118602,
          4.647851
        ],
        [
          -0.030306,
          -0.866536,
          -0.498193,
          1.397491
        ],
        [
          0.0,
          0.0,
          0.0,
          1.0
        ]
      ]
    },
    {
      "file_path": "/media/NFS/ttao/scannet/posed_images/scene0030_02/00281.jpg",
      "transform_matrix": [
        [
          0.12303,
          -0.494862,
          0.860218,
          2.995849
        ],
        [
          -0.992002,
          -0.036678,
          0.120778,
          4.608964
        ],
        [
          -0.028217,
          -0.868197,
          -0.495417,
          1.398332
        ],
        [
          0.0,
          0.0,
          0.0,
          1.0
        ]
      ]
    },
    {
      "file_path": "/media/NFS/ttao/scannet/posed_images/scene0030_02/00292.jpg",
      "transform_matrix": [
        [
          0.046044,
          -0.522965,
          0.85111,
          3.148393
        ],
        [
          -0.99786,
          0.015524,
          0.063521,
          4.41423
        ],
        [
          -0.046432,
          -0.852213,
          -0.521131,
          1.401806
        ],
        [
          0.0,
          0.0,
          0.0,
          1.0
        ]
      ]
    },
    {
      "file_path": "/media/NFS/ttao/scannet/posed_images/scene0030_02/00296.jpg",
      "transform_matrix": [
        [
          0.036978,
          -0.532488,
          0.84563,
          3.214
        ],
        [
          -0.998274,
          0.018945,
          0.055582,
          4.36757
        ],
        [
          -0.045617,
          -0.846226,
          -0.530868,
          1.399696
        ],
        [
          0.0,
          0.0,
          0.0,
          1.0
        ]
      ]
    },
    {
      "file_path": "/media/NFS/ttao/scannet/posed_images/scene0030_02/00300.jpg",
      "transform_matrix": [
        [
          0.031726,
          -0.519675,
          0.853775,
          3.275571
        ],
        [
          -0.998782,
          0.015815,
          0.04674,
          4.342839
        ],
        [
          -0.037793,
          -0.854218,
          -0.51854,
          1.406776
        ],
        [
          0.0,
          0.0,
          0.0,
          1.0
        ]
      ]
    },
    {
      "file_path": "/media/NFS/ttao/scannet/posed_images/scene0030_02/00309.jpg",
      "transform_matrix": [
        [
          0.027187,
          -0.464204,
          0.885311,
          3.421734
        ],
        [
          -0.999581,
          -0.003859,
          0.028672,
          4.307223
        ],
        [
          -0.009894,
          -0.88572,
          -0.464114,
          1.416374
        ],
        [
          0.0,
          0.0,
          0.0,
          1.0
        ]
      ]
    },
    {
      "file_path": "/media/NFS/ttao/scannet/posed_images/scene0030_02/00313.jpg",
      "transform_matrix": [
        [
          0.030831,
          -0.461463,
          0.886624,
          3.513162
        ],
        [
          -0.999521,
          -0.016509,
          0.026164,
          4.287336
        ],
        [
          0.002563,
          -0.887006,
          -0.461751,
          1.422878
        ],
        [
          0.0,
          0.0,
          0.0,
          1.0
        ]
      ]
    },
    {
      "file_path": "/media/NFS/ttao/scannet/posed_images/scene0030_02/00319.jpg",
      "transform_matrix": [
        [
          0.043435,
          -0.487779,
          0.871886,
          3.60813
        ],
        [
          -0.999042,
          -0.016544,
          0.040514,
          4.245676
        ],
        [
          -0.005338,
          -0.87281,
          -0.48803,
          1.415224
        ],
        [
          0.0,
          0.0,
          0.0,
          1.0
        ]
      ]
    },
    {
      "file_path": "/media/NFS/ttao/scannet/posed_images/scene0030_02/00331.jpg",
      "transform_matrix": [
        [
          0.057415,
          -0.470764,
          0.880389,
          3.833718
        ],
        [
          -0.997287,
          0.013649,
          0.072337,
          4.03
        ],
        [
          -0.04607,
          -0.882154,
          -0.468703,
          1.430516
        ],
        [
          0.0,
          0.0,
          0.0,
          1.0
        ]
      ]
    },
    {
      "file_path": "/media/NFS/ttao/scannet/posed_images/scene0030_02/00336.jpg",
      "transform_matrix": [
        [
          0.08934,
          -0.454325,
          0.886345,
          3.915655
        ],
        [
          -0.994074,
          0.014663,
          0.107715,
          3.949347
        ],
        [
          -0.061934,
          -0.890715,
          -0.450323,
          1.436657
        ],
        [
          0.0,
          0.0,
          0.0,
          1.0
        ]
      ]
    },
    {
      "file_path": "/media/NFS/ttao/scannet/posed_images/scene0030_02/00338.jpg",
      "transform_matrix": [
        [
          0.091376,
          -0.458046,
          0.88422,
          3.94253
        ],
        [
          -0.993199,
          0.022415,
          0.11425,
          3.929028
        ],
        [
          -0.072152,
          -0.888646,
          -0.452882,
          1.434406
        ],
        [
          0.0,
          0.0,
          0.0,
          1.0
        ]
      ]
    },
    {
      "file_path": "/media/NFS/ttao/scannet/posed_images/scene0030_02/00344.jpg",
      "transform_matrix": [
        [
          0.082613,
          -0.463684,
          0.882141,
          4.033356
        ],
        [
          -0.994084,
          0.02429,
          0.105865,
          3.870174
        ],
        [
          -0.070515,
          -0.885668,
          -0.458934,
          1.414545
        ],
        [
          0.0,
          0.0,
          0.0,
          1.0
        ]
      ]
    },
    {
      "file_path": "/media/NFS/ttao/scannet/posed_images/scene0030_02/00356.jpg",
      "transform_matrix": [
        [
          0.060521,
          -0.453139,
          0.889383,
          4.254865
        ],
        [
          -0.998152,
          -0.022584,
          0.056417,
          3.793128
        ],
        [
          -0.005479,
          -0.891154,
          -0.453668,
          1.418156
        ],
        [
          0.0,
          0.0,
          0.0,
          1.0
        ]
      ]
    },
    {
      "file_path": "/media/NFS/ttao/scannet/posed_images/scene0030_02/00361.jpg",
      "transform_matrix": [
        [
          0.063375,
          -0.445709,
          0.892932,
          4.34808
        ],
        [
          -0.997976,
          -0.023553,
          0.059073,
          3.745869
        ],
        [
          -0.005298,
          -0.894868,
          -0.446299,
          1.430454
        ],
        [
          0.0,
          0.0,
          0.0,
          1.0
        ]
      ]
    },
    {
      "file_path": "/media/NFS/ttao/scannet/posed_images/scene0030_02/00365.jpg",
      "transform_matrix": [
        [
          0.080652,
          -0.433275,
          0.897646,
          4.407533
        ],
        [
          -0.996626,
          -0.021302,
          0.079263,
          3.708272
        ],
        [
          -0.015221,
          -0.90101,
          -0.433531,
          1.439089
        ],
        [
          0.0,
          0.0,
          0.0,
          1.0
        ]
      ]
    },
    {
      "file_path": "/media/NFS/ttao/scannet/posed_images/scene0030_02/00373.jpg",
      "transform_matrix": [
        [
          0.09899,
          -0.401964,
          0.910289,
          4.508979
        ],
        [
          -0.993388,
          0.013547,
          0.114008,
          3.610394
        ],
        [
          -0.058159,
          -0.915555,
          -0.397965,
          1.475091
        ],
        [
          0.0,
          0.0,
          0.0,
          1.0
        ]
      ]
    },
    {
      "file_path": "/media/NFS/ttao/scannet/posed_images/scene0030_02/00379.jpg",
      "transform_matrix": [
        [
          0.075131,
          -0.380039,
          0.921914,
          4.563537
        ],
        [
          -0.993726,
          0.048276,
          0.100884,
          3.553768
        ],
        [
          -0.082847,
          -0.92371,
          -0.374027,
          1.485323
        ],
        [
          0.0,
          0.0,
          0.0,
          1.0
        ]
      ]
    },
    {
      "file_path": "/media/NFS/ttao/scannet/posed_images/scene0030_02/00386.jpg",
      "transform_matrix": [
        [
          0.000901,
          -0.397114,
          0.917769,
          4.61576
        ],
        [
          -0.996544,
          0.075878,
          0.03381,
          3.537113
        ],
        [
          -0.083065,
          -0.914627,
          -0.395673,
          1.47261
        ],
        [
          0.0,
          0.0,
          0.0,
          1.0
        ]
      ]
    },
    {
      "file_path": "/media/NFS/ttao/scannet/posed_images/scene0030_02/00390.jpg",
      "transform_matrix": [
        [
          -0.024544,
          -0.4011,
          0.915705,
          4.628244
        ],
        [
          -0.996893,
          0.078403,
          0.007622,
          3.552196
        ],
        [
          -0.074852,
          -0.912673,
          -0.401778,
          1.472459
        ],
        [
          0.0,
          0.0,
          0.0,
          1.0
        ]
      ]
    },
    {
      "file_path": "/media/NFS/ttao/scannet/posed_images/scene0030_02/00400.jpg",
      "transform_matrix": [
        [
          -0.234551,
          -0.373418,
          0.897522,
          4.649703
        ],
        [
          -0.971468,
          0.123419,
          -0.202526,
          3.681399
        ],
        [
          -0.035144,
          -0.919417,
          -0.391711,
          1.454211
        ],
        [
          0.0,
          0.0,
          0.0,
          1.0
        ]
      ]
    },
    {
      "file_path": "/media/NFS/ttao/scannet/posed_images/scene0030_02/00404.jpg",
      "transform_matrix": [
        [
          -0.27362,
          -0.383362,
          0.882137,
          4.662177
        ],
        [
          -0.961478,
          0.1341,
          -0.239952,
          3.732008
        ],
        [
          -0.026306,
          -0.913811,
          -0.405287,
          1.460379
        ],
        [
          0.0,
          0.0,
          0.0,
          1.0
        ]
      ]
    },
    {
      "file_path": "/media/NFS/ttao/scannet/posed_images/scene0030_02/00413.jpg",
      "transform_matrix": [
        [
          -0.404599,
          -0.358599,
          0.841253,
          4.627572
        ],
        [
          -0.91449,
          0.161451,
          -0.371001,
          3.791126
        ],
        [
          -0.002781,
          -0.919424,
          -0.393258,
          1.47081
        ],
        [
          0.0,
          0.0,
          0.0,
          1.0
        ]
      ]
    },
    {
      "file_path": "/media/NFS/ttao/scannet/posed_images/scene0030_02/00415.jpg",
      "transform_matrix": [
        [
          -0.43529,
          -0.35662,
          0.826647,
          4.615995
        ],
        [
          -0.900279,
          0.167722,
          -0.401706,
          3.799025
        ],
        [
          0.004609,
          -0.919071,
          -0.394065,
          1.468784
        ],
        [
          0.0,
          0.0,
          0.0,
          1.0
        ]
      ]
    },
    {
      "file_path": "/media/NFS/ttao/scannet/posed_images/scene0030_02/00425.jpg",
      "transform_matrix": [
        [
          -0.57524,
          -0.358773,
          0.735106,
          4.511618
        ],
        [
          -0.817506,
          0.221405,
          -0.531662,
          3.807095
        ],
        [
          0.02799,
          -0.906786,
          -0.42066,
          1.442313
        ],
        [
          0.0,
          0.0,
          0.0,
          1.0
        ]
      ]
    },
    {
      "file_path": "/media/NFS/ttao/scannet/posed_images/scene0030_02/00431.jpg",
      "transform_matrix": [
        [
          -0.598613,
          -0.353596,
          0.718771,
          4.42919
        ],
        [
          -0.800857,
          0.245068,
          -0.546416,
          3.845907
        ],
        [
          0.017063,
          -0.902725,
          -0.42988,
          1.433261
        ],
        [
          0.0,
          0.0,
          0.0,
          1.0
        ]
      ]
    },
    {
      "file_path": "/media/NFS/ttao/scannet/posed_images/scene0030_02/00438.jpg",
      "transform_matrix": [
        [
          -0.639399,
          -0.341668,
          0.68879,
          4.353498
        ],
        [
          -0.76883,
          0.274415,
          -0.577579,
          3.875196
        ],
        [
          0.008326,
          -0.898866,
          -0.438145,
          1.442928
        ],
        [
          0.0,
          0.0,
          0.0,
          1.0
        ]
      ]
    },
    {
      "file_path": "/media/NFS/ttao/scannet/posed_images/scene0030_02/00444.jpg",
      "transform_matrix": [
        [
          -0.690316,
          -0.302008,
          0.657461,
          4.300866
        ],
        [
          -0.723313,
          0.309172,
          -0.617439,
          3.907048
        ],
        [
          -0.016797,
          -0.901778,
          -0.431872,
          1.460944
        ],
        [
          0.0,
          0.0,
          0.0,
          1.0
        ]
      ]
    },
    {
      "file_path": "/media/NFS/ttao/scannet/posed_images/scene0030_02/00448.jpg",
      "transform_matrix": [
        [
          -0.712933,
          -0.29086,
          0.638065,
          4.279566
        ],
        [
          -0.700966,
          0.320673,
          -0.637037,
          3.918808
        ],
        [
          -0.019321,
          -0.901426,
          -0.432502,
          1.463157
        ],
        [
          0.0,
          0.0,
          0.0,
          1.0
        ]
      ]
    },
    {
      "file_path": "/media/NFS/ttao/scannet/posed_images/scene0030_02/00456.jpg",
      "transform_matrix": [
        [
          -0.751983,
          -0.260828,
          0.605384,
          4.240914
        ],
        [
          -0.65864,
          0.334545,
          -0.673998,
          3.95676
        ],
        [
          -0.026731,
          -0.905565,
          -0.423364,
          1.465218
        ],
        [
          0.0,
          0.0,
          0.0,
          1.0
        ]
      ]
    },
    {
      "file_path": "/media/NFS/ttao/scannet/posed_images/scene0030_02/00463.jpg",
      "transform_matrix": [
        [
          -0.791116,
          -0.213433,
          0.573221,
          4.203701
        ],
        [
          -0.608951,
          0.363027,
          -0.705259,
          3.947766
        ],
        [
          -0.057569,
          -0.907005,
          -0.417167,
          1.473448
        ],
        [
          0.0,
          0.0,
          0.0,
          1.0
        ]
      ]
    },
    {
      "file_path": "/media/NFS/ttao/scannet/posed_images/scene0030_02/00467.jpg",
      "transform_matrix": [
        [
          -0.823205,
          -0.2037,
          0.529944,
          4.197296
        ],
        [
          -0.566088,
          0.365764,
          -0.738757,
          3.936561
        ],
        [
          -0.043349,
          -0.908143,
          -0.416411,
          1.474383
        ],
        [
          0.0,
          0.0,
          0.0,
          1.0
        ]
      ]
    },
    {
      "file_path": "/media/NFS/ttao/scannet/posed_images/scene0030_02/00473.jpg",
      "transform_matrix": [
        [
          -0.860443,
          -0.203394,
          0.467194,
          4.199276
        ],
        [
          -0.50931,
          0.371326,
          -0.776351,
          3.900485
        ],
        [
          -0.015577,
          -0.905951,
          -0.423095,
          1.463633
        ],
        [
          0.0,
          0.0,
          0.0,
          1.0
        ]
      ]
    },
    {
      "file_path": "/media/NFS/ttao/scannet/posed_images/scene0030_02/00482.jpg",
      "transform_matrix": [
        [
          -0.898183,
          -0.151123,
          0.41283,
          4.23021
        ],
        [
          -0.439363,
          0.340784,
          -0.83116,
          3.783422
        ],
        [
          -0.015078,
          -0.927916,
          -0.372484,
          1.456622
        ],
        [
          0.0,
          0.0,
          0.0,
          1.0
        ]
      ]
    },
    {
      "file_path": "/media/NFS/ttao/scannet/posed_images/scene0030_02/00486.jpg",
      "transform_matrix": [
        [
          -0.90643,
          -0.143824,
          0.397112,
          4.256893
        ],
        [
          -0.421616,
          0.363698,
          -0.83064,
          3.723463
        ],
        [
          -0.024963,
          -0.920347,
          -0.390305,
          1.459263
        ],
        [
          0.0,
          0.0,
          0.0,
          1.0
        ]
      ]
    },
    {
      "file_path": "/media/NFS/ttao/scannet/posed_images/scene0030_02/00494.jpg",
      "transform_matrix": [
        [
          -0.925915,
          -0.155279,
          0.344339,
          4.329438
        ],
        [
          -0.377678,
          0.395831,
          -0.837065,
          3.633487
        ],
        [
          -0.006322,
          -0.9051,
