{
  "frames": [
    {
      "file_path": "/media/NFS/ttao/scannet/posed_images/scene0015_00/00002.jpg",
      "transform_matrix": [
        [
          0.602088,
          -0.354098,
          0.715615,
          2.370181
        ],
        [
          -0.793005,
          -0.160904,
          0.587582,
          6.228135
        ],
        [
          -0.092916,
          -0.921263,
          -0.37768,
          1.483056
        ],
        [
          0.0,
          0.0,
          0.0,
          1.0
        ]
      ]
    },
    {
      "file_path": "/media/NFS/ttao/scannet/posed_images/scene0015_00/00008.jpg",
      "transform_matrix": [
        [
          0.587721,
          -0.348025,
          0.730385,
          2.365873
        ],
        [
          -0.80405,
          -0.1509,
          0.575094,
          6.231007
        ],
        [
          -0.089933,
          -0.925261,
          -0.368517,
          1.480991
        ],
        [
          0.0,
          0.0,
          0.0,
          1.0
        ]
      ]
    },
    {
      "file_path": "/media/NFS/ttao/scannet/posed_images/scene0015_00/00016.jpg",
      "transform_matrix": [
        [
          0.56098,
          -0.374239,
          0.738408,
          2.358652
        ],
        [
          -0.823184,
          -0.157819,
          0.5454,
          6.260288
        ],
        [
          -0.087575,
          -0.913804,
          -0.396601,
          1.478427
        ],
        [
          0.0,
          0.0,
          0.0,
          1.0
        ]
      ]
    },
    {
      "file_path": "/media/NFS/ttao/scannet/posed_images/scene0015_00/00022.jpg",
      "transform_matrix": [
        [
          0.556688,
          -0.402095,
          0.726924,
          2.358418
        ],
        [
          -0.823229,
          -0.149762,
          0.5476,
          6.258672
        ],
        [
          -0.111321,
          -0.903267,
          -0.414387,
          1.475928
        ],
        [
          0.0,
          0.0,
          0.0,
          1.0
        ]
      ]
    },
    {
      "file_path": "/media/NFS/ttao/scannet/posed_images/scene0015_00/00030.jpg",
      "transform_matrix": [
        [
          0.516348,
          -0.404841,
          0.754645,
          2.363159
        ],
        [
          -0.848772,
          -0.124737,
          0.513836,
          6.285934
        ],
        [
          -0.11389,
          -0.905839,
          -0.408025,
          1.481589
        ],
        [
          0.0,
          0.0,
          0.0,
          1.0
        ]
      ]
    },
    {
      "file_path": "/media/NFS/ttao/scannet/posed_images/scene0015_00/00035.jpg",
      "transform_matrix": [
        [
          0.499366,
          -0.409177,
          0.763681,
          2.366476
        ],
        [
          -0.858582,
          -0.115627,
          0.499468,
          6.289155
        ],
        [
          -0.116069,
          -0.905099,
          -0.409052,
          1.480526
        ],
        [
          0.0,
          0.0,
          0.0,
          1.0
        ]
      ]
    },
    {
      "file_path": "/media/NFS/ttao/scannet/posed_images/scene0015_00/00037.jpg",
      "transform_matrix": [
        [
          0.49729,
          -0.408339,
          0.765481,
          2.366315
        ],
        [
          -0.859993,
          -0.115544,
          0.497053,
          6.29323
        ],
        [
          -0.114519,
          -0.905488,
          -0.408628,
          1.479173
        ],
        [
          0.0,
          0.0,
          0.0,
          1.0
        ]
      ]
    },
    {
      "file_path": "/media/NFS/ttao/scannet/posed_images/scene0015_00/00045.jpg",
      "transform_matrix": [
        [
          0.427122,
          -0.434299,
          0.793064,
          2.380747
        ],
        [
          -0.896913,
          -0.092415,
          0.432443,
          6.302938
        ],
        [
          -0.114519,
          -0.896015,
          -0.429001,
          1.460078
        ],
        [
          0.0,
          0.0,
          0.0,
          1.0
        ]
      ]
    },
    {
      "file_path": "/media/NFS/ttao/scannet/posed_images/scene0015_00/00055.jpg",
      "transform_matrix": [
        [
          0.235243,
          -0.512923,
          0.825573,
          2.414529
        ],
        [
          -0.964654,
          -0.019429,
          0.262803,
          6.313829
        ],
        [
          -0.118758,
          -0.858215,
          -0.499363,
          1.416028
        ],
        [
          0.0,
          0.0,
          0.0,
          1.0
        ]
      ]
    },
    {
      "file_path": "/media/NFS/ttao/scannet/posed_images/scene0015_00/00059.jpg",
      "transform_matrix": [
        [
          0.165981,
          -0.527322,
          0.833296,
          2.43614
        ],
        [
          -0.975601,
          0.035336,
          0.216687,
          6.300951
        ],
        [
          -0.14371,
          -0.84893,
          -0.508591,
          1.418464
        ],
        [
          0.0,
          0.0,
          0.0,
          1.0
        ]
      ]
    },
    {
      "file_path": "/media/NFS/ttao/scannet/posed_images/scene0015_00/00065.jpg",
      "transform_matrix": [
        [
          0.089728,
          -0.4838,
          0.870567,
          2.478482
        ],
        [
          -0.98399,
          0.092086,
          0.152593,
          6.233035
        ],
        [
          -0.153992,
          -0.87032,
          -0.467791,
          1.417494
        ],
        [
          0.0,
          0.0,
          0.0,
          1.0
        ]
      ]
    },
    {
      "file_path": "/media/NFS/ttao/scannet/posed_images/scene0015_00/00071.jpg",
      "transform_matrix": [
        [
          0.092146,
          -0.449755,
          0.888386,
          2.511059
        ],
        [
          -0.984046,
          0.095236,
          0.150282,
          6.147851
        ],
        [
          -0.152196,
          -0.88806,
          -0.433804,
          1.423427
        ],
        [
          0.0,
          0.0,
          0.0,
          1.0
        ]
      ]
    },
    {
      "file_path": "/media/NFS/ttao/scannet/posed_images/scene0015_00/00083.jpg",
      "transform_matrix": [
        [
          0.004335,
          -0.41261,
          0.910897,
          2.590275
        ],
        [
          -0.988814,
          0.134043,
          0.065423,
          6.014939
        ],
        [
          -0.149093,
          -0.900991,
          -0.407413,
          1.43521
        ],
        [
          0.0,
          0.0,
          0.0,
          1.0
        ]
      ]
    },
    {
      "file_path": "/media/NFS/ttao/scannet/posed_images/scene0015_00/00085.jpg",
      "transform_matrix": [
        [
          -0.017886,
          -0.411687,
          0.911149,
          2.6075
        ],
        [
          -0.988003,
          0.147089,
          0.047065,
          6.001918
        ],
        [
          -0.153396,
          -0.899377,
          -0.409379,
          1.436549
        ],
        [
          0.0,
          0.0,
          0.0,
          1.0
        ]
      ]
    },
    {
      "file_path": "/media/NFS/ttao/scannet/posed_images/scene0015_00/00095.jpg",
      "transform_matrix": [
        [
          -0.184883,
          -0.349702,
          0.918437,
          2.712121
        ],
        [
          -0.972708,
          0.198443,
          -0.12025,
          5.963939
        ],
        [
          -0.140205,
          -0.915603,
          -0.376847,
          1.438856
        ],
        [
          0.0,
          0.0,
          0.0,
          1.0
        ]
      ]
    },
    {
      "file_path": "/media/NFS/ttao/scannet/posed_images/scene0015_00/00102.jpg",
      "transform_matrix": [
        [
          -0.292205,
          -0.324683,
          0.899554,
          2.788412
        ],
        [
          -0.944565,
          0.245226,
          -0.218314,
          5.958632
        ],
        [
          -0.149711,
          -0.91348,
          -0.378341,
          1.436072
        ],
        [
          0.0,
          0.0,
          0.0,
          1.0
        ]
      ]
    },
    {
      "file_path": "/media/NFS/ttao/scannet/posed_images/scene0015_00/00106.jpg",
      "transform_matrix": [
        [
          -0.360747,
          -0.326445,
          0.873668,
          2.838366
        ],
        [
          -0.921148,
          0.271455,
          -0.278923,
          5.960821
        ],
        [
          -0.146108,
          -0.905398,
          -0.398631,
          1.442689
        ],
        [
          0.0,
          0.0,
          0.0,
          1.0
        ]
      ]
    },
    {
      "file_path": "/media/NFS/ttao/scannet/posed_images/scene0015_00/00114.jpg",
      "transform_matrix": [
        [
          -0.459938,
          -0.320258,
          0.828185,
          2.917055
        ],
        [
          -0.879097,
          0.295615,
          -0.373899,
          5.940311
        ],
        [
          -0.12508,
          -0.900026,
          -0.417503,
          1.441183
        ],
        [
          0.0,
          0.0,
          0.0,
          1.0
        ]
      ]
    },
    {
      "file_path": "/media/NFS/ttao/scannet/posed_images/scene0015_00/00118.jpg",
      "transform_matrix": [
        [
          -0.475871,
          -0.311694,
          0.822431,
          2.944237
        ],
        [
          -0.870609,
          0.299672,
          -0.390174,
          5.914426
        ],
        [
          -0.124845,
          -0.901689,
          -0.413969,
          1.441831
        ],
        [
          0.0,
          0.0,
          0.0,
          1.0
        ]
      ]
    },
    {
      "file_path": "/media/NFS/ttao/scannet/posed_images/scene0015_00/00128.jpg",
      "transform_matrix": [
        [
          -0.470271,
          -0.26111,
          0.843011,
          2.987036
        ],
        [
          -0.873652,
          0.272834,
          -0.402858,
          5.804536
        ],
        [
          -0.124812,
          -0.92595,
          -0.356425,
          1.459252
        ],
        [
          0.0,
          0.0,
          0.0,
          1.0
        ]
      ]
    },
    {
      "file_path": "/media/NFS/ttao/scannet/posed_images/scene0015_00/00130.jpg",
      "transform_matrix": [
        [
          -0.465206,
          -0.267252,
          0.843895,
          2.981582
        ],
        [
          -0.877029,
          0.268408,
          -0.398469,
          5.77597
        ],
        [
          -0.120017,
          -0.925491,
          -0.359253,
          1.452042
        ],
        [
          0.0,
          0.0,
          0.0,
          1.0
        ]
      ]
    },
    {
      "file_path": "/media/NFS/ttao/scannet/posed_images/scene0015_00/00142.jpg",
      "transform_matrix": [
        [
          -0.595083,
          -0.227883,
          0.770678,
          3.028243
        ],
        [
          -0.798039,
          0.28082,
          -0.533174,
          5.690512
        ],
        [
          -0.094921,
          -0.932314,
          -0.34897,
          1.473801
        ],
        [
          0.0,
          0.0,
          0.0,
          1.0
        ]
      ]
    },
    {
      "file_path": "/media/NFS/ttao/scannet/posed_images/scene0015_00/00144.jpg",
      "transform_matrix": [
        [
          -0.617413,
          -0.228408,
          0.752749,
          3.044789
        ],
        [
          -0.780963,
          0.292732,
          -0.55173,
          5.690965
        ],
        [
          -0.094334,
          -0.928514,
          -0.359114,
          1.479742
        ],
        [
          0.0,
          0.0,
          0.0,
          1.0
        ]
      ]
    },
    {
      "file_path": "/media/NFS/ttao/scannet/posed_images/scene0015_00/00152.jpg",
      "transform_matrix": [
        [
          -0.67097,
          -0.198203,
          0.714503,
          3.077876
        ],
        [
          -0.734882,
          0.306058,
          -0.605208,
          5.684449
        ],
        [
          -0.098726,
          -0.931152,
          -0.351012,
          1.502926
        ],
        [
          0.0,
          0.0,
          0.0,
          1.0
        ]
      ]
    },
    {
      "file_path": "/media/NFS/ttao/scannet/posed_images/scene0015_00/00158.jpg",
      "transform_matrix": [
        [
          -0.701762,
          -0.197772,
          0.684409,
          3.102976
        ],
        [
          -0.708374,
          0.295842,
          -0.640846,
          5.683214
        ],
        [
          -0.075736,
          -0.934539,
          -0.347708,
          1.52228
        ],
        [
          0.0,
          0.0,
          0.0,
          1.0
        ]
      ]
    },
    {
      "file_path": "/media/NFS/ttao/scannet/posed_images/scene0015_00/00168.jpg",
      "transform_matrix": [
        [
          -0.737585,
          -0.174835,
          0.652228,
          3.136578
        ],
        [
          -0.673314,
          0.263587,
          -0.690775,
          5.670123
        ],
        [
          -0.051147,
          -0.948659,
          -0.312136,
          1.564161
        ],
        [
          0.0,
          0.0,
          0.0,
          1.0
        ]
      ]
    },
    {
      "file_path": "/media/NFS/ttao/scannet/posed_images/scene0015_00/00173.jpg",
      "transform_matrix": [
        [
          -0.754213,
          -0.164773,
          0.635619,
          3.135081
        ],
        [
          -0.654574,
          0.265208,
          -0.707954,
          5.644177
        ],
        [
          -0.051919,
          -0.950008,
          -0.30788,
          1.569426
        ],
        [
          0.0,
          0.0,
          0.0,
          1.0
        ]
      ]
    },
    {
      "file_path": "/media/NFS/ttao/scannet/posed_images/scene0015_00/00175.jpg",
      "transform_matrix": [
        [
          -0.765331,
          -0.165379,
          0.622028,
          3.143018
        ],
        [
          -0.641927,
          0.266539,
          -0.718949,
          5.635596
        ],
        [
          -0.046896,
          -0.94953,
          -0.310152,
          1.577192
        ],
        [
          0.0,
          0.0,
          0.0,
          1.0
        ]
      ]
    },
    {
      "file_path": "/media/NFS/ttao/scannet/posed_images/scene0015_00/00185.jpg",
      "transform_matrix": [
        [
          -0.791629,
          -0.143561,
          0.593898,
          3.104065
        ],
        [
          -0.609455,
          0.254675,
          -0.750804,
          5.556105
        ],
        [
          -0.043465,
          -0.956311,
          -0.289102,
          1.579235
        ],
        [
          0.0,
          0.0,
          0.0,
          1.0
        ]
      ]
    },
    {
      "file_path": "/media/NFS/ttao/scannet/posed_images/scene0015_00/00191.jpg",
      "transform_matrix": [
        [
          -0.790449,
          -0.156757,
          0.59213,
          3.093556
        ],
        [
          -0.611589,
          0.255477,
          -0.748793,
          5.508591
        ],
        [
          -0.033897,
          -0.954022,
          -0.297813,
          1.566804
        ],
        [
          0.0,
          0.0,
          0.0,
          1.0
        ]
      ]
    },
    {
      "file_path": "/media/NFS/ttao/scannet/posed_images/scene0015_00/00197.jpg",
      "transform_matrix": [
        [
          -0.781684,
          -0.184504,
          0.595758,
          3.116379
        ],
        [
          -0.62333,
          0.262886,
          -0.736445,
          5.450615
        ],
        [
          -0.020739,
          -0.947021,
          -0.3205,
          1.549943
        ],
        [
          0.0,
          0.0,
          0.0,
          1.0
        ]
      ]
    },
    {
      "file_path": "/media/NFS/ttao/scannet/posed_images/scene0015_00/00203.jpg",
      "transform_matrix": [
        [
          -0.782307,
          -0.165034,
          0.600633,
          3.179835
        ],
        [
          -0.622307,
          0.248916,
          -0.742142,
          5.39846
        ],
        [
          -0.027029,
          -0.954361,
          -0.29743,
          1.541085
        ],
        [
          0.0,
          0.0,
          0.0,
          1.0
        ]
      ]
    },
    {
      "file_path": "/media/NFS/ttao/scannet/posed_images/scene0015_00/00213.jpg",
      "transform_matrix": [
        [
          -0.775497,
          -0.158172,
          0.611217,
          3.277602
        ],
        [
          -0.630156,
          0.253484,
          -0.733928,
          5.31987
        ],
        [
          -0.038847,
          -0.954321,
          -0.296249,
          1.50244
        ],
        [
          0.0,
          0.0,
          0.0,
          1.0
        ]
      ]
    },
    {
      "file_path": "/media/NFS/ttao/scannet/posed_images/scene0015_00/00217.jpg",
      "transform_matrix": [
        [
          -0.765001,
          -0.163997,
          0.622799,
          3.298036
        ],
        [
          -0.642367,
          0.263742,
          -0.719587,
          5.281775
        ],
        [
          -0.046248,
          -0.95055,
          -0.307109,
          1.492304
        ],
        [
          0.0,
          0.0,
          0.0,
          1.0
        ]
      ]
    },
    {
      "file_path": "/media/NFS/ttao/scannet/posed_images/scene0015_00/00223.jpg",
      "transform_matrix": [
        [
          -0.743393,
          -0.169801,
          0.646942,
          3.316636
        ],
        [
          -0.667402,
          0.252011,
          -0.70076,
          5.216181
        ],
        [
          -0.044047,
          -0.952711,
          -0.300669,
          1.475544
        ],
        [
          0.0,
          0.0,
          0.0,
          1.0
        ]
      ]
    },
    {
      "file_path": "/media/NFS/ttao/scannet/posed_images/scene0015_00/00229.jpg",
      "transform_matrix": [
        [
          -0.710344,
          -0.167695,
          0.683586,
          3.32486
        ],
        [
          -0.701984,
          0.239556,
          -0.670695,
          5.132218
        ],
        [
          -0.051285,
          -0.95629,
          -0.287886,
          1.474701
        ],
        [
          0.0,
          0.0,
          0.0,
          1.0
        ]
      ]
    },
    {
      "file_path": "/media/NFS/ttao/scannet/posed_images/scene0015_00/00240.jpg",
      "transform_matrix": [
        [
          -0.723334,
          -0.166701,
          0.670074,
          3.294221
        ],
        [
          -0.68943,
          0.22833,
          -0.687424,
          4.956605
        ],
        [
          -0.038404,
          -0.959206,
          -0.280088,
          1.476557
        ],
        [
          0.0,
          0.0,
          0.0,
          1.0
        ]
      ]
    },
    {
      "file_path": "/media/NFS/ttao/scannet/posed_images/scene0015_00/00244.jpg",
      "transform_matrix": [
        [
          -0.774222,
          -0.13847,
          0.617581,
          3.321479
        ],
        [
          -0.631327,
          0.23803,
          -0.738084,
          4.943748
        ],
        [
          -0.0448,
          -0.961336,
          -0.271708,
          1.478043
        ],
        [
          0.0,
          0.0,
          0.0,
          1.0
        ]
      ]
    },
    {
      "file_path": "/media/NFS/ttao/scannet/posed_images/scene0015_00/00252.jpg",
      "transform_matrix": [
        [
          -0.852231,
          -0.11809,
          0.509664,
          3.375101
        ],
        [
          -0.522146,
          0.252809,
          -0.814525,
          4.926375
        ],
        [
          -0.03266,
          -0.960282,
          -0.277112,
          1.487506
        ],
        [
          0.0,
          0.0,
          0.0,
          1.0
        ]
      ]
    },
    {
      "file_path": "/media/NFS/ttao/scannet/posed_images/scene0015_00/00254.jpg",
      "transform_matrix": [
        [
          -0.85965,
          -0.113657,
          0.498081,
          3.373463
        ],
        [
          -0.509671,
          0.257928,
          -0.820798,
          4.921597
        ],
        [
          -0.03518,
          -0.959456,
          -0.279655,
          1.48343
        ],
        [
          0.0,
          0.0,
          0.0,
          1.0
        ]
      ]
    },
    {
      "file_path": "/media/NFS/ttao/scannet/posed_images/scene0015_00/00266.jpg",
      "transform_matrix": [
        [
          -0.905314,
          -0.124437,
          0.406105,
          3.400115
        ],
        [
          -0.424521,
          0.295973,
          -0.855677,
          4.906905
        ],
        [
          -0.013718,
          -0.947056,
          -0.320774,
          1.463931
        ],
        [
          0.0,
          0.0,
          0.0,
          1.0
        ]
      ]
    },
    {
      "file_path": "/media/NFS/ttao/scannet/posed_images/scene0015_00/00272.jpg",
      "transform_matrix": [
        [
          -0.917529,
          -0.129587,
          0.375963,
          3.399655
        ],
        [
          -0.397392,
          0.334091,
          -0.854671,
          4.907644
        ],
        [
          -0.014852,
          -0.93359,
          -0.358035,
          1.443294
        ],
        [
          0.0,
          0.0,
          0.0,
          1.0
        ]
      ]
    },
    {
      "file_path": "/media/NFS/ttao/scannet/posed_images/scene0015_00/00274.jpg",
      "transform_matrix": [
        [
          -0.920512,
          -0.129569,
          0.368605,
          3.395017
        ],
        [
          -0.390267,
          0.350032,
          -0.851569,
          4.904389
        ],
        [
          -0.018687,
          -0.927733,
          -0.372776,
          1.434063
        ],
        [
          0.0,
          0.0,
          0.0,
          1.0
        ]
      ]
    },
    {
      "file_path": "/media/NFS/ttao/scannet/posed_images/scene0015_00/00286.jpg",
      "transform_matrix": [
        [
          -0.956664,
          -0.097759,
          0.274295,
          3.380524
        ],
        [
          -0.288993,
          0.434376,
          -0.853112,
          4.911973
        ],
        [
          -0.035748,
          -0.895411,
          -0.443804,
          1.389161
        ],
        [
          0.0,
          0.0,
          0.0,
          1.0
        ]
      ]
    },
    {
      "file_path": "/media/NFS/ttao/scannet/posed_images/scene0015_00/00288.jpg",
      "transform_matrix": [
        [
          -0.964258,
          -0.085678,
          0.25073,
          3.381411
        ],
        [
          -0.262508,
          0.437492,
          -0.860053,
          4.906338
        ],
        [
          -0.036005,
          -0.895131,
          -0.444346,
          1.386949
        ],
        [
          0.0,
          0.0,
          0.0,
          1.0
        ]
      ]
    },
    {
      "file_path": "/media/NFS/ttao/scannet/posed_images/scene0015_00/00300.jpg",
      "transform_matrix": [
        [
          -0.992785,
          -0.030547,
          0.115954,
          3.337014
        ],
        [
          -0.117671,
          0.434193,
          -0.893101,
          4.900742
        ],
        [
          -0.023065,
          -0.900302,
          -0.434655,
          1.379304
        ],
        [
          0.0,
          0.0,
          0.0,
          1.0
        ]
      ]
    },
    {
      "file_path": "/media/NFS/ttao/scannet/posed_images/scene0015_00/00306.jpg",
      "transform_matrix": [
        [
          -0.998432,
          -0.006272,
          0.055631,
          3.330896
        ],
        [
          -0.053268,
          0.412177,
          -0.909546,
          4.8991
        ],
        [
          -0.017225,
          -0.911083,
          -0.411864,
          1.387074
        ],
        [
          0.0,
          0.0,
          0.0,
          1.0
        ]
      ]
    },
    {
      "file_path": "/media/NFS/ttao/scannet/posed_images/scene0015_00/00307.jpg",
      "transform_matrix": [
        [
          -0.998924,
          -0.004046,
          0.046207,
          3.326257
        ],
        [
          -0.043811,
          0.409475,
          -0.911269,
          4.901401
        ],
        [
          -0.015234,
          -0.912312,
          -0.409211,
          1.38696
        ],
        [
          0.0,
          0.0,
          0.0,
          1.0
        ]
      ]
    },
    {
      "file_path": "/media/NFS/ttao/scannet/posed_images/scene0015_00/00313.jpg",
      "transform_matrix": [
        [
          -0.999609,
          0.014369,
          -0.023967,
          3.314143
        ],
        [
          0.027758,
          0.411771,
          -0.910864,
          4.884583
        ],
        [
          -0.003219,
          -0.911174,
          -0.412009,
          1.396849
        ],
        [
          0.0,
          0.0,
          0.0,
          1.0
        ]
      ]
    },
    {
      "file_path": "/media/NFS/ttao/scannet/posed_images/scene0015_00/00321.jpg",
      "transform_matrix": [
        [
          -0.996047,
          0.018368,
          -0.086899,
          3.286886
        ],
        [
          0.087002,
          0.398673,
          -0.912957,
          4.883389
        ],
        [
          0.017876,
          -0.916909,
          -0.398695,
          1.409529
        ],
        [
          0.0,
          0.0,
          0.0,
          1.0
        ]
      ]
    },
    {
      "file_path": "/media/NFS/ttao/scannet/posed_images/scene0015_00/00329.jpg",
      "transform_matrix": [
        [
          -0.987627,
          0.022296,
          -0.155226,
          3.28197
        ],
        [
          0.152272,
          0.372983,
          -0.915258,
          4.858294
        ],
        [
          0.03749,
          -0.92757,
          -0.371763,
          1.418227
        ],
        [
          0.0,
          0.0,
          0.0,
          1.0
        ]
      ]
    },
    {
      "file_path": "/media/NFS/ttao/scannet/posed_images/scene0015_00/00335.jpg",
      "transform_matrix": [
        [
          -0.983025,
          0.035482,
          -0.18001,
          3.261022
        ],
        [
          0.181145,
          0.34351,
          -0.921514,
          4.837201
        ],
        [
          0.029138,
          -0.938479,
          -0.344106,
          1.427637
        ],
        [
          0.0,
          0.0,
          0.0,
          1.0
        ]
      ]
    },
    {
      "file_path": "/media/NFS/ttao/scannet/posed_images/scene0015_00/00341.jpg",
      "transform_matrix": [
        [
          -0.97957,
          0.028545,
          -0.199068,
          3.245284
        ],
        [
          0.195814,
          0.360937,
          -0.911801,
          4.80803
        ],
        [
          0.045824,
          -0.932154,
          -0.359152,
          1.413687
        ],
        [
          0.0,
          0.0,
          0.0,
          1.0
        ]
      ]
    },
    {
      "file_path": "/media/NFS/ttao/scannet/posed_images/scene0015_00/00349.jpg",
      "transform_matrix": [
        [
          -0.96007,
          0.070167,
          -0.270817,
          3.2603
        ],
        [
          0.276215,
          0.391356,
          -0.877807,
          4.749123
        ],
        [
          0.044393,
          -0.91756,
          -0.39511,
          1.38686
        ],
        [
          0.0,
          0.0,
          0.0,
          1.0
        ]
      ]
    },
    {
      "file_path": "/media/NFS/ttao/scannet/posed_images/scene0015_00/00355.jpg",
      "transform_matrix": [
        [
          -0.932337,
          0.161879,
          -0.323331,
          3.316006
        ],
        [
          0.361333,
          0.383324,
          -0.850001,
          4.703465
        ],
        [
          -0.013657,
          -0.909317,
          -0.415879,
          1.36238
        ],
        [
          0.0,
          0.0,
          0.0,
          1.0
        ]
      ]
    },
    {
      "file_path": "/media/NFS/ttao/scannet/posed_images/scene0015_00/00363.jpg",
      "transform_matrix": [
        [
          -0.902485,
          0.230773,
          -0.363681,
          3.391513
        ],
        [
          0.430441,
          0.452819,
          -0.780817,
          4.647323
        ],
        [
          -0.01551,
          -0.861219,
          -0.507997,
          1.316109
        ],
        [
          0.0,
          0.0,
          0.0,
          1.0
        ]
      ]
    },
    {
      "file_path": "/media/NFS/ttao/scannet/posed_images/scene0015_00/00369.jpg",
      "transform_matrix": [
        [
          -0.858431,
          0.271751,
          -0.435024,
          3.419798
        ],
        [
          0.512927,
          0.456471,
          -0.727007,
          4.611339
        ],
        [
          0.001011,
          -0.847222,
          -0.531238,
          1.289266
        ],
        [
          0.0,
          0.0,
          0.0,
          1.0
        ]
      ]
    },
    {
      "file_path": "/media/NFS/ttao/scannet/posed_images/scene0015_00/00376.jpg",
      "transform_matrix": [
        [
          -0.810511,
          0.301188,
          -0.502352,
          3.411341
        ],
        [
          0.585382,
          0.387279,
          -0.712279,
          4.624611
        ],
        [
          -0.019979,
          -0.871379,
          -0.490204,
          1.302443
        ],
        [
          0.0,
          0.0,
          0.0,
          1.0
        ]
      ]
    },
    {
      "file_path": "/media/NFS/ttao/scannet/posed_images/scene0015_00/00380.jpg",
      "transform_matrix": [
        [
          -0.782382,
          0.315305,
          -0.537085,
          3.38634
        ],
        [
          0.622671,
          0.378594,
          -0.684797,
          4.655647
        ],
        [
          -0.012583,
          -0.870201,
          -0.492537,
          1.31039
        ],
        [
          0.0,
          0.0,
          0.0,
          1.0
        ]
      ]
    },
    {
      "file_path": "/media/NFS/ttao/scannet/posed_images/scene0015_00/00388.jpg",
      "transform_matrix": [
        [
          -0.684287,
          0.344599,
          -0.642652,
          3.381629
        ],
        [
          0.729183,
          0.315503,
          -0.607248,
          4.677179
        ],
        [
          -0.006498,
          -0.884143,
          -0.467171,
          1.335477
        ],
        [
          0.0,
          0.0,
          0.0,
          1.0
        ]
      ]
    },
    {
      "file_path": "/media/NFS/ttao/scannet/posed_images/scene0015_00/00396.jpg",
      "transform_matrix": [
        [
          -0.599511,
          0.382489,
          -0.703057,
          3.344626
        ],
        [
          0.800328,
          0.295105,
          -0.521908,
          4.705797
        ],
        [
          0.007851,
          -0.875566,
          -0.483036,
          1.333787
        ],
        [
          0.0,
          0.0,
          0.0,
          1.0
        ]
      ]
    },
    {
      "file_path": "/media/NFS/ttao/scannet/posed_images/scene0015_00/00400.jpg",
      "transform_matrix": [
        [
          -0.569886,
          0.384238,
          -0.726355,
          3.311067
        ],
        [
          0.821555,
          0.284366,
          -0.49415,
          4.738946
        ],
        [
          0.01668,
          -0.878349,
          -0.477729,
          1.340131
        ],
        [
          0.0,
          0.0,
          0.0,
          1.0
        ]
      ]
    },
    {
      "file_path": "/media/NFS/ttao/scannet/posed_images/scene0015_00/00408.jpg",
      "transform_matrix": [
        [
          -0.44716,
          0.384569,
          -0.807561,
          3.27279
        ],
        [
          0.894345,
          0.206299,
          -0.396973,
          4.72172
        ],
        [
          0.013936,
          -0.899749,
          -0.436186,
          1.36835
        ],
        [
          0.0,
          0.0,
          0.0,
          1.0
        ]
      ]
    },
    {
      "file_path": "/media/NFS/ttao/scannet/posed_images/scene0015_00/00418.jpg",
      "transform_matrix": [
        [
          -0.340292,
          0.414783,
          -0.843893,
          3.247604
        ],
        [
          0.940211,
          0.163743,
          -0.298649,
          4.7193
        ],
        [
          0.014307,
          -0.895066,
          -0.445704,
          1.347494
        ],
        [
          0.0,
          0.0,
          0.0,
          1.0
        ]
      ]
    },
    {
      "file_path": "/media/NFS/ttao/scannet/posed_images/scene0015_00/00420.jpg",
      "transform_matrix": [
        [
          -0.330969,
          0.428247,
          -0.840871,
          3.236161
        ],
        [
          0.943638,
          0.147535,
          -0.29628,
          4.725826
        ],
        [
          -0.002823,
          -0.891537,
          -0.452939,
          1.353623
        ],
        [
          0.0,
          0.0,
          0.0,
          1.0
        ]
      ]
    },
    {
      "file_path": "/media/NFS/ttao/scannet/posed_images/scene0015_00/00428.jpg",
      "transform_matrix": [
        [
          -0.253541,
          0.468614,
          -0.846238,
          3.206758
        ],
        [
          0.967299,
          0.116369,
          -0.225371,
          4.762584
        ],
        [
          -0.007136,
          -0.875705,
          -0.482794,
          1.332134
        ],
        [
          0.0,
          0.0,
          0.0,
          1.0
        ]
      ]
    },
    {
      "file_path": "/media/NFS/ttao/scannet/posed_images/scene0015_00/00432.jpg",
      "transform_matrix": [
        [
          -0.269021,
          0.463602,
          -0.844216,
          3.184849
        ],
        [
          0.962711,
          0.103445,
          -0.249974,
          4.807859
        ],
        [
          -0.028559,
          -0.879984,
          -0.474144,
          1.331476
        ],
        [
          0.0,
          0.0,
          0.0,
          1.0
        ]
      ]
    },
    {
      "file_path": "/media/NFS/ttao/scannet/posed_images/scene0015_00/00442.jpg",
      "transform_matrix": [
        [
          -0.288775,
          0.448376,
          -0.845912,
          3.110489
        ],
        [
          0.95718,
          0.116411,
          -0.265056,
          4.948304
        ],
        [
          -0.020372,
          -0.886232,
          -0.462794,
          1.345139
        ],
        [
          0.0,
          0.0,
          0.0,
          1.0
        ]
      ]
    },
    {
      "file_path": "/media/NFS/ttao/scannet/posed_images/scene0015_00/00447.jpg",
      "transform_matrix": [
        [
          -0.298917,
          0.435891,
          -0.84891,
          3.086381
        ],
        [
          0.954034,
          0.116327,
          -0.276202,
          5.00935
        ],
        [
          -0.021643,
          -0.89245,
          -0.450627,
          1.359865
        ],
        [
          0.0,
          0.0,
          0.0,
          1.0
        ]
      ]
    },
    {
      "file_path": "/media/NFS/ttao/scannet/posed_images/scene0015_00/00455.jpg",
      "transform_matrix": [
        [
          -0.208772,
          0.444341,
          -0.871192,
          3.029008
        ],
        [
          0.977162,
          0.058712,
          -0.204222,
          5.081259
        ],
        [
          -0.039595,
          -0.893932,
          -0.44645,
          1.377696
        ],
        [
          0.0,
          0.0,
          0.0,
          1.0
        ]
      ]
    },
    {
      "file_path": "/media/NFS/ttao/scannet/posed_images/scene0015_00/00463.jpg",
      "transform_matrix": [
        [
          -0.115432,
          0.465396,
          -0.877543,
          2.946399
        ],
        [
          0.992903,
          0.028589,
          -0.115444,
          5.146403
        ],
        [
          -0.028639,
          -0.884641,
          -0.465393,
          1.372395
        ],
        [
          0.0,
          0.0,
          0.0,
          1.0
        ]
      ]
    },
    {
      "file_path": "/media/NFS/ttao/scannet/posed_images/scene0015_00/00465.jpg",
      "transform_matrix": [
        [
          -0.094945,
          0.456834,
          -0.88447,
          2.922962
        ],
        [
          0.995321,
          0.027536,
          -0.092622,
          5.160445
        ],
        [
          -0.017958,
          -0.889126,
          -0.457311,
          1.370972
        ],
        [
          0.0,
          0.0,
          0.0,
          1.0
        ]
      ]
    },
    {
      "file_path": "/media/NFS/ttao/scannet/posed_images/scene0015_00/00477.jpg",
      "transform_matrix": [
        [
          0.042741,
          0.48402,
          -0.874012,
          2.735277
        ],
        [
          0.997383,
          0.030387,
          0.065603,
          5.248901
        ],
        [
          0.058312,
          -0.874529,
          -0.481455,
          1.384448
        ],
        [
          0.0,
          0.0,
          0.0,
          1.0
        ]
      ]
    },
    {
      "file_path": "/media/NFS/ttao/scannet/posed_images/scene0015_00/00481.jpg",
      "transform_matrix": [
        [
          0.055406,
          0.519017,
          -0.852966,
          2.69191
        ],
        [
          0.996865,
          0.019571,
          0.076662,
          5.283424
        ],
        [
          0.056482,
          -0.85454,
          -0.516305,
          1.385625
        ],
        [
          0.0,
          0.0,
          0.0,
          1.0
        ]
      ]
    },
    {
      "file_path": "/media/NFS/ttao/scannet/posed_images/scene0015_00/00489.jpg",
      "transform_matrix": [
        [
          0.042739,
          0.494112,
          -0.868347,
          2.632187
        ],
        [
          0.993553,
          0.070321,
          0.088916,
          5.340973
        ],
        [
          0.104997,
          -0.866549,
          -0.487921,
          1.39832
        ],
        [
          0.0,
          0.0,
          0.0,
          1.0
        ]
      ]
    },
    {
      "file_path": "/media/NFS/ttao/scannet/posed_images/scene0015_00/00491.jpg",
      "transform_matrix": [
        [
          0.027534,
          0.494822,
          -0.868558,
          2.614318
        ],
        [
          0.992834,
          0.087541,
          0.081346,
          5.355393
        ],
        [
          0.116286,
          -0.864574,
          -0.488865,
          1.413222
        ],
        [
          0.0,
          0.0,
          0.0,
          1.0
        ]
      ]
    },
    {
      "file_path": "/media/NFS/ttao/scannet/posed_images/scene0015_00/00503.jpg",
      "transform_matrix": [
        [
          0.200696,
          0.470067,
          -0.85951,
          2.567652
        ],
        [
          0.968194,
          0.038631,
          0.247201,
          5.382298
        ],
        [
          0.149405,
          -0.881785,
          -0.447363,
          1.42436
        ],
        [
          0.0,
          0.0,
          0.0,
          1.0
        ]
      ]
    },
    {
      "file_path": "/media/NFS/ttao/scannet/posed_images/scene0015_00/00509.jpg",
      "transform_matrix": [
        [
          0.286798,
          0.443906,
          -0.848937,
          2.55144
        ],
        [
          0.949495,
          -0.013958,
          0.313471,
          5.335075
        ],
        [
          0.127302,
