{
  "frames": [
    {
      "file_path": "/media/NFS/ttao/scannet/posed_images/scene0446_00/00000.jpg",
      "transform_matrix": [
        [
          0.994072,
          -0.060423,
          0.090385,
          0.464421
        ],
        [
          -0.108387,
          -0.615871,
          0.780356,
          0.627552
        ],
        [
          0.008514,
          -0.785527,
          -0.618769,
          1.391956
        ],
        [
          0.0,
          0.0,
          0.0,
          1.0
        ]
      ]
    },
    {
      "file_path": "/media/NFS/ttao/scannet/posed_images/scene0446_00/00006.jpg",
      "transform_matrix": [
        [
          0.996679,
          -0.045095,
          0.06781,
          0.459385
        ],
        [
          -0.081137,
          -0.621113,
          0.77951,
          0.624704
        ],
        [
          0.006965,
          -0.782423,
          -0.622709,
          1.392533
        ],
        [
          0.0,
          0.0,
          0.0,
          1.0
        ]
      ]
    },
    {
      "file_path": "/media/NFS/ttao/scannet/posed_images/scene0446_00/00017.jpg",
      "transform_matrix": [
        [
          0.997403,
          -0.04612,
          0.05532,
          0.435524
        ],
        [
          -0.072011,
          -0.623822,
          0.778243,
          0.626068
        ],
        [
          -0.001383,
          -0.780205,
          -0.625523,
          1.393076
        ],
        [
          0.0,
          0.0,
          0.0,
          1.0
        ]
      ]
    },
    {
      "file_path": "/media/NFS/ttao/scannet/posed_images/scene0446_00/00019.jpg",
      "transform_matrix": [
        [
          0.997873,
          -0.044496,
          0.047654,
          0.434988
        ],
        [
          -0.064987,
          -0.62014,
          0.781795,
          0.625345
        ],
        [
          -0.005234,
          -0.783229,
          -0.621712,
          1.393538
        ],
        [
          0.0,
          0.0,
          0.0,
          1.0
        ]
      ]
    },
    {
      "file_path": "/media/NFS/ttao/scannet/posed_images/scene0446_00/00031.jpg",
      "transform_matrix": [
        [
          0.96843,
          -0.121066,
          0.217914,
          0.446308
        ],
        [
          -0.246968,
          -0.584877,
          0.77261,
          0.649424
        ],
        [
          0.033916,
          -0.802036,
          -0.596312,
          1.397104
        ],
        [
          0.0,
          0.0,
          0.0,
          1.0
        ]
      ]
    },
    {
      "file_path": "/media/NFS/ttao/scannet/posed_images/scene0446_00/00035.jpg",
      "transform_matrix": [
        [
          0.951027,
          -0.152825,
          0.268685,
          0.447074
        ],
        [
          -0.306712,
          -0.574538,
          0.758838,
          0.656958
        ],
        [
          0.0384,
          -0.804084,
          -0.593274,
          1.396657
        ],
        [
          0.0,
          0.0,
          0.0,
          1.0
        ]
      ]
    },
    {
      "file_path": "/media/NFS/ttao/scannet/posed_images/scene0446_00/00041.jpg",
      "transform_matrix": [
        [
          0.917265,
          -0.209755,
          0.338567,
          0.457925
        ],
        [
          -0.396114,
          -0.568932,
          0.720701,
          0.668564
        ],
        [
          0.04145,
          -0.795185,
          -0.604948,
          1.393981
        ],
        [
          0.0,
          0.0,
          0.0,
          1.0
        ]
      ]
    },
    {
      "file_path": "/media/NFS/ttao/scannet/posed_images/scene0446_00/00052.jpg",
      "transform_matrix": [
        [
          0.842193,
          -0.296373,
          0.450415,
          0.533576
        ],
        [
          -0.538379,
          -0.507637,
          0.672646,
          0.677454
        ],
        [
          0.029293,
          -0.808992,
          -0.58709,
          1.403768
        ],
        [
          0.0,
          0.0,
          0.0,
          1.0
        ]
      ]
    },
    {
      "file_path": "/media/NFS/ttao/scannet/posed_images/scene0446_00/00058.jpg",
      "transform_matrix": [
        [
          0.821854,
          -0.331533,
          0.463294,
          0.586999
        ],
        [
          -0.56968,
          -0.471816,
          0.672945,
          0.678285
        ],
        [
          -0.004514,
          -0.816992,
          -0.576631,
          1.405242
        ],
        [
          0.0,
          0.0,
          0.0,
          1.0
        ]
      ]
    },
    {
      "file_path": "/media/NFS/ttao/scannet/posed_images/scene0446_00/00066.jpg",
      "transform_matrix": [
        [
          0.81164,
          -0.352755,
          0.465623,
          0.659045
        ],
        [
          -0.583588,
          -0.454434,
          0.672989,
          0.675898
        ],
        [
          -0.025805,
          -0.817957,
          -0.5747,
          1.4056
        ],
        [
          0.0,
          0.0,
          0.0,
          1.0
        ]
      ]
    },
    {
      "file_path": "/media/NFS/ttao/scannet/posed_images/scene0446_00/00070.jpg",
      "transform_matrix": [
        [
          0.817612,
          -0.363422,
          0.446581,
          0.698086
        ],
        [
          -0.574228,
          -0.45799,
          0.678607,
          0.674758
        ],
        [
          -0.042091,
          -0.811276,
          -0.583146,
          1.399357
        ],
        [
          0.0,
          0.0,
          0.0,
          1.0
        ]
      ]
    },
    {
      "file_path": "/media/NFS/ttao/scannet/posed_images/scene0446_00/00075.jpg",
      "transform_matrix": [
        [
          0.822542,
          -0.363808,
          0.437114,
          0.741791
        ],
        [
          -0.566455,
          -0.455815,
          0.686558,
          0.683328
        ],
        [
          -0.050533,
          -0.812328,
          -0.581008,
          1.386955
        ],
        [
          0.0,
          0.0,
          0.0,
          1.0
        ]
      ]
    },
    {
      "file_path": "/media/NFS/ttao/scannet/posed_images/scene0446_00/00085.jpg",
      "transform_matrix": [
        [
          0.834647,
          -0.336057,
          0.436384,
          0.86135
        ],
        [
          -0.550781,
          -0.505837,
          0.663905,
          0.741407
        ],
        [
          -0.002371,
          -0.794478,
          -0.607289,
          1.375992
        ],
        [
          0.0,
          0.0,
          0.0,
          1.0
        ]
      ]
    },
    {
      "file_path": "/media/NFS/ttao/scannet/posed_images/scene0446_00/00093.jpg",
      "transform_matrix": [
        [
          0.864005,
          -0.334159,
          0.376608,
          0.974906
        ],
        [
          -0.502196,
          -0.518509,
          0.69206,
          0.755266
        ],
        [
          -0.035983,
          -0.787075,
          -0.615807,
          1.374525
        ],
        [
          0.0,
          0.0,
          0.0,
          1.0
        ]
      ]
    },
    {
      "file_path": "/media/NFS/ttao/scannet/posed_images/scene0446_00/00099.jpg",
      "transform_matrix": [
        [
          0.926326,
          -0.26525,
          0.267511,
          1.078795
        ],
        [
          -0.373291,
          -0.550654,
          0.746615,
          0.745989
        ],
        [
          -0.050733,
          -0.791469,
          -0.609101,
          1.363623
        ],
        [
          0.0,
          0.0,
          0.0,
          1.0
        ]
      ]
    },
    {
      "file_path": "/media/NFS/ttao/scannet/posed_images/scene0446_00/00103.jpg",
      "transform_matrix": [
        [
          0.964266,
          -0.216582,
          0.152589,
          1.14961
        ],
        [
          -0.255563,
          -0.608551,
          0.751234,
          0.740489
        ],
        [
          -0.069846,
          -0.763386,
          -0.642156,
          1.370691
        ],
        [
          0.0,
          0.0,
          0.0,
          1.0
        ]
      ]
    },
    {
      "file_path": "/media/NFS/ttao/scannet/posed_images/scene0446_00/00112.jpg",
      "transform_matrix": [
        [
          0.992425,
          -0.116197,
          0.039897,
          1.271794
        ],
        [
          -0.106782,
          -0.655233,
          0.747842,
          0.754058
        ],
        [
          -0.060755,
          -0.746437,
          -0.662677,
          1.375477
        ],
        [
          0.0,
          0.0,
          0.0,
          1.0
        ]
      ]
    },
    {
      "file_path": "/media/NFS/ttao/scannet/posed_images/scene0446_00/00120.jpg",
      "transform_matrix": [
        [
          0.998542,
          -0.043561,
          0.031889,
          1.335122
        ],
        [
          -0.05321,
          -0.694389,
          0.71763,
          0.807438
        ],
        [
          -0.009117,
          -0.71828,
          -0.695695,
          1.369683
        ],
        [
          0.0,
          0.0,
          0.0,
          1.0
        ]
      ]
    },
    {
      "file_path": "/media/NFS/ttao/scannet/posed_images/scene0446_00/00124.jpg",
      "transform_matrix": [
        [
          0.997953,
          -0.034561,
          0.053806,
          1.351134
        ],
        [
          -0.060876,
          -0.77112,
          0.633774,
          0.824787
        ],
        [
          0.019588,
          -0.635752,
          -0.771645,
          1.350784
        ],
        [
          0.0,
          0.0,
          0.0,
          1.0
        ]
      ]
    },
    {
      "file_path": "/media/NFS/ttao/scannet/posed_images/scene0446_00/00135.jpg",
      "transform_matrix": [
        [
          0.999502,
          0.018158,
          -0.025816,
          1.402026
        ],
        [
          0.029144,
          -0.84497,
          0.53402,
          0.793164
        ],
        [
          -0.012117,
          -0.534506,
          -0.845078,
          1.321479
        ],
        [
          0.0,
          0.0,
          0.0,
          1.0
        ]
      ]
    },
    {
      "file_path": "/media/NFS/ttao/scannet/posed_images/scene0446_00/00137.jpg",
      "transform_matrix": [
        [
          0.99809,
          0.036067,
          -0.050163,
          1.416417
        ],
        [
          0.056942,
          -0.852045,
          0.520362,
          0.781129
        ],
        [
          -0.023973,
          -0.522224,
          -0.852471,
          1.319858
        ],
        [
          0.0,
          0.0,
          0.0,
          1.0
        ]
      ]
    },
    {
      "file_path": "/media/NFS/ttao/scannet/posed_images/scene0446_00/00145.jpg",
      "transform_matrix": [
        [
          0.986668,
          0.093814,
          -0.132987,
          1.461153
        ],
        [
          0.141675,
          -0.897254,
          0.418166,
          0.731815
        ],
        [
          -0.080094,
          -0.431432,
          -0.898583,
          1.306313
        ],
        [
          0.0,
          0.0,
          0.0,
          1.0
        ]
      ]
    },
    {
      "file_path": "/media/NFS/ttao/scannet/posed_images/scene0446_00/00151.jpg",
      "transform_matrix": [
        [
          0.983301,
          0.108771,
          -0.145902,
          1.449913
        ],
        [
          0.157071,
          -0.912153,
          0.378557,
          0.714424
        ],
        [
          -0.091909,
          -0.395152,
          -0.914006,
          1.297705
        ],
        [
          0.0,
          0.0,
          0.0,
          1.0
        ]
      ]
    },
    {
      "file_path": "/media/NFS/ttao/scannet/posed_images/scene0446_00/00161.jpg",
      "transform_matrix": [
        [
          0.989445,
          0.068995,
          -0.127433,
          1.369446
        ],
        [
          0.119227,
          -0.887433,
          0.445251,
          0.697024
        ],
        [
          -0.082369,
          -0.455744,
          -0.886291,
          1.28242
        ],
        [
          0.0,
          0.0,
          0.0,
          1.0
        ]
      ]
    },
    {
      "file_path": "/media/NFS/ttao/scannet/posed_images/scene0446_00/00164.jpg",
      "transform_matrix": [
        [
          0.991741,
          0.039049,
          -0.122172,
          1.325504
        ],
        [
          0.092087,
          -0.879812,
          0.466316,
          0.695747
        ],
        [
          -0.089279,
          -0.473715,
          -0.876141,
          1.278814
        ],
        [
          0.0,
          0.0,
          0.0,
          1.0
        ]
      ]
    },
    {
      "file_path": "/media/NFS/ttao/scannet/posed_images/scene0446_00/00174.jpg",
      "transform_matrix": [
        [
          0.997926,
          -0.033162,
          -0.055174,
          1.092256
        ],
        [
          -0.001067,
          -0.865497,
          0.500913,
          0.71251
        ],
        [
          -0.064364,
          -0.499815,
          -0.863737,
          1.251999
        ],
        [
          0.0,
          0.0,
          0.0,
          1.0
        ]
      ]
    },
    {
      "file_path": "/media/NFS/ttao/scannet/posed_images/scene0446_00/00180.jpg",
      "transform_matrix": [
        [
          0.99542,
          -0.08726,
          0.039043,
          0.966053
        ],
        [
          -0.095296,
          -0.873423,
          0.477546,
          0.733101
        ],
        [
          -0.007569,
          -0.47908,
          -0.877739,
          1.234356
        ],
        [
          0.0,
          0.0,
          0.0,
          1.0
        ]
      ]
    },
    {
      "file_path": "/media/NFS/ttao/scannet/posed_images/scene0446_00/00184.jpg",
      "transform_matrix": [
        [
          0.989769,
          -0.112391,
          0.0879,
          0.929509
        ],
        [
          -0.140875,
          -0.867499,
          0.477074,
          0.745548
        ],
        [
          0.022634,
          -0.484576,
          -0.874456,
          1.234066
        ],
        [
          0.0,
          0.0,
          0.0,
          1.0
        ]
      ]
    },
    {
      "file_path": "/media/NFS/ttao/scannet/posed_images/scene0446_00/00193.jpg",
      "transform_matrix": [
        [
          0.982734,
          -0.138015,
          0.123235,
          0.929181
        ],
        [
          -0.183193,
          -0.819307,
          0.543301,
          0.754889
        ],
        [
          0.025984,
          -0.556496,
          -0.830444,
          1.260611
        ],
        [
          0.0,
          0.0,
          0.0,
          1.0
        ]
      ]
    },
    {
      "file_path": "/media/NFS/ttao/scannet/posed_images/scene0446_00/00199.jpg",
      "transform_matrix": [
        [
          0.983264,
          -0.085533,
          0.16086,
          0.981149
        ],
        [
          -0.172734,
          -0.718379,
          0.673866,
          0.750747
        ],
        [
          0.057921,
          -0.690374,
          -0.72113,
          1.307263
        ],
        [
          0.0,
          0.0,
          0.0,
          1.0
        ]
      ]
    },
    {
      "file_path": "/media/NFS/ttao/scannet/posed_images/scene0446_00/00207.jpg",
      "transform_matrix": [
        [
          0.979303,
          -0.104292,
          0.173463,
          1.091934
        ],
        [
          -0.201136,
          -0.597132,
          0.776517,
          0.757048
        ],
        [
          0.022596,
          -0.795334,
          -0.605749,
          1.379162
        ],
        [
          0.0,
          0.0,
          0.0,
          1.0
        ]
      ]
    },
    {
      "file_path": "/media/NFS/ttao/scannet/posed_images/scene0446_00/00217.jpg",
      "transform_matrix": [
        [
          0.980733,
          -0.095526,
          0.170404,
          1.176925
        ],
        [
          -0.19523,
          -0.448424,
          0.872239,
          0.738038
        ],
        [
          -0.006908,
          -0.888702,
          -0.458434,
          1.432926
        ],
        [
          0.0,
          0.0,
          0.0,
          1.0
        ]
      ]
    },
    {
      "file_path": "/media/NFS/ttao/scannet/posed_images/scene0446_00/00224.jpg",
      "transform_matrix": [
        [
          0.986797,
          -0.076912,
          0.142536,
          1.2053
        ],
        [
          -0.161217,
          -0.3821,
          0.90995,
          0.739247
        ],
        [
          -0.015523,
          -0.920915,
          -0.389454,
          1.48117
        ],
        [
          0.0,
          0.0,
          0.0,
          1.0
        ]
      ]
    },
    {
      "file_path": "/media/NFS/ttao/scannet/posed_images/scene0446_00/00226.jpg",
      "transform_matrix": [
        [
          0.988627,
          -0.067978,
          0.134145,
          1.210116
        ],
        [
          -0.149674,
          -0.358081,
          0.921616,
          0.736037
        ],
        [
          -0.014614,
          -0.931213,
          -0.364183,
          1.491768
        ],
        [
          0.0,
          0.0,
          0.0,
          1.0
        ]
      ]
    },
    {
      "file_path": "/media/NFS/ttao/scannet/posed_images/scene0446_00/00234.jpg",
      "transform_matrix": [
        [
          0.991272,
          -0.046648,
          0.123302,
          1.214711
        ],
        [
          -0.131439,
          -0.277656,
          0.951647,
          0.727047
        ],
        [
          -0.010157,
          -0.959547,
          -0.281364,
          1.520164
        ],
        [
          0.0,
          0.0,
          0.0,
          1.0
        ]
      ]
    },
    {
      "file_path": "/media/NFS/ttao/scannet/posed_images/scene0446_00/00240.jpg",
      "transform_matrix": [
        [
          0.98975,
          -0.040872,
          0.136838,
          1.213776
        ],
        [
          -0.142699,
          -0.24509,
          0.958941,
          0.724683
        ],
        [
          -0.005657,
          -0.968638,
          -0.248411,
          1.536604
        ],
        [
          0.0,
          0.0,
          0.0,
          1.0
        ]
      ]
    },
    {
      "file_path": "/media/NFS/ttao/scannet/posed_images/scene0446_00/00250.jpg",
      "transform_matrix": [
        [
          0.984955,
          -0.027392,
          0.170628,
          1.218996
        ],
        [
          -0.17273,
          -0.186522,
          0.967147,
          0.71738
        ],
        [
          0.005334,
          -0.982069,
          -0.188447,
          1.548296
        ],
        [
          0.0,
          0.0,
          0.0,
          1.0
        ]
      ]
    },
    {
      "file_path": "/media/NFS/ttao/scannet/posed_images/scene0446_00/00259.jpg",
      "transform_matrix": [
        [
          0.974633,
          -0.005647,
          0.223738,
          1.223391
        ],
        [
          -0.22258,
          -0.129075,
          0.966332,
          0.725345
        ],
        [
          0.023422,
          -0.991619,
          -0.127058,
          1.556752
        ],
        [
          0.0,
          0.0,
          0.0,
          1.0
        ]
      ]
    },
    {
      "file_path": "/media/NFS/ttao/scannet/posed_images/scene0446_00/00261.jpg",
      "transform_matrix": [
        [
          0.971376,
          0.000157,
          0.237548,
          1.220789
        ],
        [
          -0.235782,
          -0.121093,
          0.964232,
          0.731352
        ],
        [
          0.028917,
          -0.992641,
          -0.117589,
          1.557733
        ],
        [
          0.0,
          0.0,
          0.0,
          1.0
        ]
      ]
    },
    {
      "file_path": "/media/NFS/ttao/scannet/posed_images/scene0446_00/00271.jpg",
      "transform_matrix": [
        [
          0.93606,
          0.01974,
          0.351288,
          1.178265
        ],
        [
          -0.342548,
          -0.176841,
          0.922707,
          0.790057
        ],
        [
          0.080336,
          -0.984042,
          -0.158772,
          1.601298
        ],
        [
          0.0,
          0.0,
          0.0,
          1.0
        ]
      ]
    },
    {
      "file_path": "/media/NFS/ttao/scannet/posed_images/scene0446_00/00275.jpg",
      "transform_matrix": [
        [
          0.942591,
          0.02083,
          0.333301,
          1.152699
        ],
        [
          -0.322806,
          -0.198853,
          0.92534,
          0.820205
        ],
        [
          0.085553,
          -0.979808,
          -0.180712,
          1.654718
        ],
        [
          0.0,
          0.0,
          0.0,
          1.0
        ]
      ]
    },
    {
      "file_path": "/media/NFS/ttao/scannet/posed_images/scene0446_00/00284.jpg",
      "transform_matrix": [
        [
          0.950269,
          -0.042635,
          0.308498,
          1.141596
        ],
        [
          -0.305446,
          -0.320854,
          0.896524,
          0.895018
        ],
        [
          0.060759,
          -0.946168,
          -0.317921,
          1.787659
        ],
        [
          0.0,
          0.0,
          0.0,
          1.0
        ]
      ]
    },
    {
      "file_path": "/media/NFS/ttao/scannet/posed_images/scene0446_00/00294.jpg",
      "transform_matrix": [
        [
          0.964278,
          -0.027026,
          0.26351,
          1.19764
        ],
        [
          -0.248464,
          -0.437161,
          0.864382,
          0.942297
        ],
        [
          0.091835,
          -0.898977,
          -0.42826,
          1.872944
        ],
        [
          0.0,
          0.0,
          0.0,
          1.0
        ]
      ]
    },
    {
      "file_path": "/media/NFS/ttao/scannet/posed_images/scene0446_00/00300.jpg",
      "transform_matrix": [
        [
          0.980494,
          -0.018949,
          0.195632,
          1.257246
        ],
        [
          -0.181311,
          -0.471453,
          0.863052,
          0.948753
        ],
        [
          0.075877,
          -0.881688,
          -0.465692,
          1.908643
        ],
        [
          0.0,
          0.0,
          0.0,
          1.0
        ]
      ]
    },
    {
      "file_path": "/media/NFS/ttao/scannet/posed_images/scene0446_00/00302.jpg",
      "transform_matrix": [
        [
          0.982611,
          -0.004521,
          0.18562,
          1.272852
        ],
        [
          -0.164461,
          -0.485227,
          0.858783,
          0.952567
        ],
        [
          0.086185,
          -0.874376,
          -0.477533,
          1.919615
        ],
        [
          0.0,
          0.0,
          0.0,
          1.0
        ]
      ]
    },
    {
      "file_path": "/media/NFS/ttao/scannet/posed_images/scene0446_00/00308.jpg",
      "transform_matrix": [
        [
          0.985611,
          0.029753,
          0.16639,
          1.316747
        ],
        [
          -0.125079,
          -0.53374,
          0.836347,
          0.962573
        ],
        [
          0.113693,
          -0.845125,
          -0.522339,
          1.937259
        ],
        [
          0.0,
          0.0,
          0.0,
          1.0
        ]
      ]
    },
    {
      "file_path": "/media/NFS/ttao/scannet/posed_images/scene0446_00/00317.jpg",
      "transform_matrix": [
        [
          0.990293,
          0.114709,
          0.078496,
          1.355585
        ],
        [
          -0.005229,
          -0.53359,
          0.845727,
          0.948654
        ],
        [
          0.138897,
          -0.837928,
          -0.52781,
          1.918305
        ],
        [
          0.0,
          0.0,
          0.0,
          1.0
        ]
      ]
    },
    {
      "file_path": "/media/NFS/ttao/scannet/posed_images/scene0446_00/00325.jpg",
      "transform_matrix": [
        [
          0.991289,
          0.115537,
          0.063224,
          1.37045
        ],
        [
          0.003631,
          -0.503838,
          0.863791,
          0.941227
        ],
        [
          0.131655,
          -0.856037,
          -0.499869,
          1.871355
        ],
        [
          0.0,
          0.0,
          0.0,
          1.0
        ]
      ]
    },
    {
      "file_path": "/media/NFS/ttao/scannet/posed_images/scene0446_00/00329.jpg",
      "transform_matrix": [
        [
          0.995069,
          0.079145,
          0.059782,
          1.380245
        ],
        [
          -0.009147,
          -0.52693,
          0.849859,
          0.949445
        ],
        [
          0.098763,
          -0.846215,
          -0.523608,
          1.869194
        ],
        [
          0.0,
          0.0,
          0.0,
          1.0
        ]
      ]
    },
    {
      "file_path": "/media/NFS/ttao/scannet/posed_images/scene0446_00/00337.jpg",
      "transform_matrix": [
        [
          0.990569,
          0.126584,
          0.052435,
          1.432268
        ],
        [
          0.024577,
          -0.54065,
          0.840889,
          0.959626
        ],
        [
          0.134792,
          -0.83167,
          -0.538662,
          1.866028
        ],
        [
          0.0,
          0.0,
          0.0,
          1.0
        ]
      ]
    },
    {
      "file_path": "/media/NFS/ttao/scannet/posed_images/scene0446_00/00348.jpg",
      "transform_matrix": [
        [
          0.957129,
          0.286813,
          -0.04053,
          1.514228
        ],
        [
          0.221635,
          -0.635054,
          0.73999,
          0.952597
        ],
        [
          0.186499,
          -0.717248,
          -0.671396,
          1.860691
        ],
        [
          0.0,
          0.0,
          0.0,
          1.0
        ]
      ]
    },
    {
      "file_path": "/media/NFS/ttao/scannet/posed_images/scene0446_00/00354.jpg",
      "transform_matrix": [
        [
          0.941172,
          0.323519,
          -0.097629,
          1.533994
        ],
        [
          0.298771,
          -0.661638,
          0.687729,
          0.928167
        ],
        [
          0.157898,
          -0.67644,
          -0.719373,
          1.841255
        ],
        [
          0.0,
          0.0,
          0.0,
          1.0
        ]
      ]
    },
    {
      "file_path": "/media/NFS/ttao/scannet/posed_images/scene0446_00/00362.jpg",
      "transform_matrix": [
        [
          0.931663,
          0.340612,
          -0.126442,
          1.532238
        ],
        [
          0.341246,
          -0.700884,
          0.626349,
          0.898439
        ],
        [
          0.12472,
          -0.626694,
          -0.76922,
          1.795326
        ],
        [
          0.0,
          0.0,
          0.0,
          1.0
        ]
      ]
    },
    {
      "file_path": "/media/NFS/ttao/scannet/posed_images/scene0446_00/00366.jpg",
      "transform_matrix": [
        [
          0.936377,
          0.332546,
          -0.1123,
          1.530751
        ],
        [
          0.327243,
          -0.711424,
          0.621924,
          0.878762
        ],
        [
          0.126925,
          -0.619104,
          -0.774984,
          1.765972
        ],
        [
          0.0,
          0.0,
          0.0,
          1.0
        ]
      ]
    },
    {
      "file_path": "/media/NFS/ttao/scannet/posed_images/scene0446_00/00371.jpg",
      "transform_matrix": [
        [
          0.946258,
          0.313463,
          -0.079601,
          1.538775
        ],
        [
          0.29059,
          -0.71603,
          0.634712,
          0.864631
        ],
        [
          0.141962,
          -0.623732,
          -0.768639,
          1.751838
        ],
        [
          0.0,
          0.0,
          0.0,
          1.0
        ]
      ]
    },
    {
      "file_path": "/media/NFS/ttao/scannet/posed_images/scene0446_00/00379.jpg",
      "transform_matrix": [
        [
          0.963946,
          0.261868,
          -0.047251,
          1.536218
        ],
        [
          0.215995,
          -0.666303,
          0.713713,
          0.850885
        ],
        [
          0.155415,
          -0.698187,
          -0.698843,
          1.768189
        ],
        [
          0.0,
          0.0,
          0.0,
          1.0
        ]
      ]
    },
    {
      "file_path": "/media/NFS/ttao/scannet/posed_images/scene0446_00/00385.jpg",
      "transform_matrix": [
        [
          0.968744,
          0.243371,
          -0.04803,
          1.518612
        ],
        [
          0.191952,
          -0.612779,
          0.766588,
          0.841296
        ],
        [
          0.157133,
          -0.751846,
          -0.640341,
          1.77834
        ],
        [
          0.0,
          0.0,
          0.0,
          1.0
        ]
      ]
    },
    {
      "file_path": "/media/NFS/ttao/scannet/posed_images/scene0446_00/00397.jpg",
      "transform_matrix": [
        [
          0.979095,
          0.196803,
          -0.051397,
          1.481719
        ],
        [
          0.145556,
          -0.501408,
          0.85288,
          0.831138
        ],
        [
          0.142078,
          -0.842532,
          -0.519572,
          1.792385
        ],
        [
          0.0,
          0.0,
          0.0,
          1.0
        ]
      ]
    },
    {
      "file_path": "/media/NFS/ttao/scannet/posed_images/scene0446_00/00400.jpg",
      "transform_matrix": [
        [
          0.983723,
          0.175299,
          -0.039491,
          1.469035
        ],
        [
          0.121839,
          -0.489163,
          0.863641,
          0.831487
        ],
        [
          0.132078,
          -0.854394,
          -0.502559,
          1.792488
        ],
        [
          0.0,
          0.0,
          0.0,
          1.0
        ]
      ]
    },
    {
      "file_path": "/media/NFS/ttao/scannet/posed_images/scene0446_00/00410.jpg",
      "transform_matrix": [
        [
          0.995226,
          0.088888,
          -0.0403,
          1.417984
        ],
        [
          0.072425,
          -0.395844,
          0.915457,
          0.830048
        ],
        [
          0.065421,
          -0.914006,
          -0.400392,
          1.788977
        ],
        [
          0.0,
          0.0,
          0.0,
          1.0
        ]
      ]
    },
    {
      "file_path": "/media/NFS/ttao/scannet/posed_images/scene0446_00/00412.jpg",
      "transform_matrix": [
        [
          0.997068,
          0.071011,
          -0.028526,
          1.408356
        ],
        [
          0.053825,
          -0.385768,
          0.921024,
          0.834475
        ],
        [
          0.054399,
          -0.919859,
          -0.388459,
          1.783336
        ],
        [
          0.0,
          0.0,
          0.0,
          1.0
        ]
      ]
    },
    {
      "file_path": "/media/NFS/ttao/scannet/posed_images/scene0446_00/00422.jpg",
      "transform_matrix": [
        [
          0.996106,
          0.021512,
          0.0855,
          1.351183
        ],
        [
          -0.071609,
          -0.368321,
          0.926937,
          0.885382
        ],
        [
          0.051432,
          -0.92945,
          -0.365346,
          1.740155
        ],
        [
          0.0,
          0.0,
          0.0,
          1.0
        ]
      ]
    },
    {
      "file_path": "/media/NFS/ttao/scannet/posed_images/scene0446_00/00428.jpg",
      "transform_matrix": [
        [
          0.985728,
          -0.021904,
          0.166917,
          1.285935
        ],
        [
          -0.163864,
          -0.352147,
          0.921489,
          0.927757
        ],
        [
          0.038595,
          -0.935688,
          -0.350711,
          1.724422
        ],
        [
          0.0,
          0.0,
          0.0,
          1.0
        ]
      ]
    },
    {
      "file_path": "/media/NFS/ttao/scannet/posed_images/scene0446_00/00433.jpg",
      "transform_matrix": [
        [
          0.960656,
          -0.098287,
          0.259768,
          1.212061
        ],
        [
          -0.277704,
          -0.354952,
          0.892687,
          0.960905
        ],
        [
          0.004466,
          -0.929704,
          -0.368282,
          1.721345
        ],
        [
          0.0,
          0.0,
          0.0,
          1.0
        ]
      ]
    },
    {
      "file_path": "/media/NFS/ttao/scannet/posed_images/scene0446_00/00441.jpg",
      "transform_matrix": [
        [
          0.916919,
          -0.169177,
          0.36144,
          1.120195
        ],
        [
          -0.399002,
          -0.371492,
          0.838326,
          0.994329
        ],
        [
          -0.007554,
          -0.912893,
          -0.40813,
          1.718467
        ],
        [
          0.0,
          0.0,
          0.0,
          1.0
        ]
      ]
    },
    {
      "file_path": "/media/NFS/ttao/scannet/posed_images/scene0446_00/00447.jpg",
      "transform_matrix": [
        [
          0.89137,
          -0.182702,
          0.414824,
          1.074708
        ],
        [
          -0.45316,
          -0.37994,
          0.806407,
          0.985013
        ],
        [
          0.010276,
          -0.906788,
          -0.421461,
          1.698538
        ],
        [
          0.0,
          0.0,
          0.0,
          1.0
        ]
      ]
    },
    {
      "file_path": "/media/NFS/ttao/scannet/posed_images/scene0446_00/00455.jpg",
      "transform_matrix": [
        [
          0.871173,
          -0.186881,
          0.454019,
          1.013444
        ],
        [
          -0.490887,
          -0.349202,
          0.798178,
          0.952538
        ],
        [
          0.00938,
          -0.918223,
          -0.395952,
          1.664204
        ],
        [
          0.0,
          0.0,
          0.0,
          1.0
        ]
      ]
    },
    {
      "file_path": "/media/NFS/ttao/scannet/posed_images/scene0446_00/00464.jpg",
      "transform_matrix": [
        [
          0.785169,
          -0.198407,
          0.586639,
          0.945908
        ],
        [
          -0.616756,
          -0.335998,
          0.71184,
          0.950136
        ],
        [
          0.055876,
          -0.920728,
          -0.386184,
          1.618731
        ],
        [
          0.0,
          0.0,
          0.0,
          1.0
        ]
      ]
    },
    {
      "file_path": "/media/NFS/ttao/scannet/posed_images/scene0446_00/00472.jpg",
      "transform_matrix": [
        [
          0.71154,
          -0.225867,
          0.665353,
          0.860587
        ],
        [
          -0.69669,
          -0.349817,
          0.6263,
          0.986219
        ],
        [
          0.091291,
          -0.909182,
          -0.406268,
          1.564677
        ],
        [
          0.0,
          0.0,
          0.0,
          1.0
        ]
      ]
    },
    {
      "file_path": "/media/NFS/ttao/scannet/posed_images/scene0446_00/00478.jpg",
      "transform_matrix": [
        [
          0.659142,
          -0.344542,
          0.668448,
          0.804645
        ],
        [
          -0.749921,
          -0.367494,
          0.550061,
          1.016039
        ],
        [
          0.056131,
          -0.863851,
          -0.50061,
          1.525172
        ],
        [
          0.0,
          0.0,
          0.0,
          1.0
        ]
      ]
    },
    {
      "file_path": "/media/NFS/ttao/scannet/posed_images/scene0446_00/00486.jpg",
      "transform_matrix": [
        [
          0.583212,
          -0.429451,
          0.689518,
          0.752545
        ],
        [
          -0.811736,
          -0.340268,
          0.47466,
          1.031021
        ],
        [
          0.030778,
          -0.836534,
          -0.54705,
          1.485343
        ],
        [
          0.0,
          0.0,
          0.0,
          1.0
        ]
      ]
    },
    {
      "file_path": "/media/NFS/ttao/scannet/posed_images/scene0446_00/00491.jpg",
      "transform_matrix": [
        [
          0.575388,
          -0.452993,
          0.680974,
          0.730506
        ],
        [
          -0.817768,
          -0.332432,
          0.469834,
          1.025409
        ],
        [
          0.013546,
          -0.827216,
          -0.561721,
          1.468576
        ],
        [
          0.0,
          0.0,
          0.0,
          1.0
        ]
      ]
    },
    {
      "file_path": "/media/NFS/ttao/scannet/posed_images/scene0446_00/00501.jpg",
      "transform_matrix": [
        [
          0.4798,
          -0.545114,
          0.68749,
          0.712925
        ],
        [
          -0.876984,
          -0.321431,
          0.357184,
          1.038325
        ],
        [
          0.026274,
          -0.774295,
          -0.632279,
          1.4199
        ],
        [
          0.0,
          0.0,
          0.0,
          1.0
        ]
      ]
    },
    {
      "file_path": "/media/NFS/ttao/scannet/posed_images/scene0446_00/00503.jpg",
      "transform_matrix": [
        [
          0.457057,
          -0.570321,
          0.682519,
          0.708374
        ],
        [
          -0.889165,
          -0.311979,
          0.334746,
          1.045002
        ],
        [
          0.022019,
          -0.75987,
          -0.649702,
          1.406875
        ],
        [
          0.0,
          0.0,
          0.0,
          1.0
        ]
      ]
    },
    {
      "file_path": "/media/NFS/ttao/scannet/posed_images/scene0446_00/00509.jpg",
      "transform_matrix": [
        [
          0.394975,
          -0.647405,
          0.651814,
          0.698427
        ],
        [
          -0.918678,
          -0.274435,
          0.284106,
          1.071449
        ],
        [
          -0.005051,
          -0.711022,
          -0.703152,
          1.378274
        ],
        [
          0.0,
          0.0,
          0.0,
          1.0
        ]
      ]
    },
    {
      "file_path": "/media/NFS/ttao/scannet/posed_images/scene0446_00/00522.jpg",
      "transform_matrix": [
        [
          0.241548,
          -0.750422,
          0.615241,
          0.683161
        ],
        [
          -0.970381,
          -0.184138,
          0.156381,
          1.116292
        ],
        [
          -0.004063,
          -0.634792,
          -0.772673,
          1.326052
        ],
        [
          0.0,
          0.0,
          0.0,
          1.0
        ]
      ]
    },
    {
      "file_path": "/media/NFS/ttao/scannet/posed_images/scene0446_00/00526.jpg",
      "transform_matrix": [
        [
          0.223062,
          -0.763633,
          0.605895,
          0.678484
        ],
        [
          -0.974797,
          -0.17726,
          0.135466,
          1.125785
        ],
        [
          0.003954,
          -0.620842,
          -0.783926,
          1.314256
        ],
        [
          0.0,
          0.0,
          0.0,
          1.0
        ]
      ]
    },
    {
      "file_path": "/media/NFS/ttao/scannet/posed_images/scene0446_00/00530.jpg",
      "transform_matrix": [
        [
          0.218104,
          -0.765204,
          0.605717,
          0.669911
        ],
        [
          -0.975848,
          -0.178808,
          0.125491,
          1.150224
        ],
        [
          0.012281,
          -0.618458,
          -0.785722,
          1.303741
        ],
        [
