{
  "frames": [
    {
      "file_path": "/media/NFS/ttao/scannet/posed_images/scene0301_01/00000.jpg",
      "transform_matrix": [
        [
          -0.920146,
          0.184914,
          -0.345164,
          3.644324
        ],
        [
          0.391507,
          0.417956,
          -0.819778,
          3.637336
        ],
        [
          -0.007325,
          -0.889449,
          -0.456976,
          1.187786
        ],
        [
          0.0,
          0.0,
          0.0,
          1.0
        ]
      ]
    },
    {
      "file_path": "/media/NFS/ttao/scannet/posed_images/scene0301_01/00004.jpg",
      "transform_matrix": [
        [
          -0.924233,
          0.188637,
          -0.331978,
          3.59227
        ],
        [
          0.381514,
          0.420954,
          -0.822949,
          3.621054
        ],
        [
          -0.015491,
          -0.887251,
          -0.461028,
          1.199169
        ],
        [
          0.0,
          0.0,
          0.0,
          1.0
        ]
      ]
    },
    {
      "file_path": "/media/NFS/ttao/scannet/posed_images/scene0301_01/00007.jpg",
      "transform_matrix": [
        [
          -0.92935,
          0.176513,
          -0.324272,
          3.575252
        ],
        [
          0.369131,
          0.427148,
          -0.825401,
          3.615673
        ],
        [
          -0.007182,
          -0.886785,
          -0.462127,
          1.192421
        ],
        [
          0.0,
          0.0,
          0.0,
          1.0
        ]
      ]
    },
    {
      "file_path": "/media/NFS/ttao/scannet/posed_images/scene0301_01/00014.jpg",
      "transform_matrix": [
        [
          -0.939753,
          0.177372,
          -0.292238,
          3.535801
        ],
        [
          0.340911,
          0.422818,
          -0.839646,
          3.595184
        ],
        [
          -0.025367,
          -0.888687,
          -0.457813,
          1.186489
        ],
        [
          0.0,
          0.0,
          0.0,
          1.0
        ]
      ]
    },
    {
      "file_path": "/media/NFS/ttao/scannet/posed_images/scene0301_01/00018.jpg",
      "transform_matrix": [
        [
          -0.94192,
          0.176855,
          -0.285497,
          3.519184
        ],
        [
          0.335271,
          0.44586,
          -0.829941,
          3.571591
        ],
        [
          -0.019488,
          -0.877457,
          -0.479259,
          1.185254
        ],
        [
          0.0,
          0.0,
          0.0,
          1.0
        ]
      ]
    },
    {
      "file_path": "/media/NFS/ttao/scannet/posed_images/scene0301_01/00021.jpg",
      "transform_matrix": [
        [
          -0.939813,
          0.175361,
          -0.293259,
          3.50718
        ],
        [
          0.341641,
          0.467625,
          -0.815235,
          3.545039
        ],
        [
          -0.005825,
          -0.866358,
          -0.49939,
          1.191562
        ],
        [
          0.0,
          0.0,
          0.0,
          1.0
        ]
      ]
    },
    {
      "file_path": "/media/NFS/ttao/scannet/posed_images/scene0301_01/00023.jpg",
      "transform_matrix": [
        [
          -0.938429,
          0.164609,
          -0.303736,
          3.502115
        ],
        [
          0.345275,
          0.476626,
          -0.808464,
          3.525067
        ],
        [
          0.011688,
          -0.863558,
          -0.504115,
          1.192378
        ],
        [
          0.0,
          0.0,
          0.0,
          1.0
        ]
      ]
    },
    {
      "file_path": "/media/NFS/ttao/scannet/posed_images/scene0301_01/00030.jpg",
      "transform_matrix": [
        [
          -0.942057,
          0.130145,
          -0.309177,
          3.49736
        ],
        [
          0.333667,
          0.458503,
          -0.823676,
          3.439368
        ],
        [
          0.034561,
          -0.879112,
          -0.475361,
          1.206469
        ],
        [
          0.0,
          0.0,
          0.0,
          1.0
        ]
      ]
    },
    {
      "file_path": "/media/NFS/ttao/scannet/posed_images/scene0301_01/00032.jpg",
      "transform_matrix": [
        [
          -0.942759,
          0.122433,
          -0.310189,
          3.500861
        ],
        [
          0.330839,
          0.460153,
          -0.823896,
          3.414756
        ],
        [
          0.041863,
          -0.879357,
          -0.474319,
          1.207668
        ],
        [
          0.0,
          0.0,
          0.0,
          1.0
        ]
      ]
    },
    {
      "file_path": "/media/NFS/ttao/scannet/posed_images/scene0301_01/00037.jpg",
      "transform_matrix": [
        [
          -0.947707,
          0.116113,
          -0.29727,
          3.504145
        ],
        [
          0.316429,
          0.463066,
          -0.827915,
          3.350868
        ],
        [
          0.041524,
          -0.878685,
          -0.475592,
          1.222384
        ],
        [
          0.0,
          0.0,
          0.0,
          1.0
        ]
      ]
    },
    {
      "file_path": "/media/NFS/ttao/scannet/posed_images/scene0301_01/00039.jpg",
      "transform_matrix": [
        [
          -0.947919,
          0.117342,
          -0.296108,
          3.507908
        ],
        [
          0.316117,
          0.460368,
          -0.829537,
          3.327146
        ],
        [
          0.038979,
          -0.879939,
          -0.473485,
          1.225612
        ],
        [
          0.0,
          0.0,
          0.0,
          1.0
        ]
      ]
    },
    {
      "file_path": "/media/NFS/ttao/scannet/posed_images/scene0301_01/00043.jpg",
      "transform_matrix": [
        [
          -0.955458,
          0.10726,
          -0.274947,
          3.511696
        ],
        [
          0.292841,
          0.460309,
          -0.838069,
          3.283353
        ],
        [
          0.036669,
          -0.881255,
          -0.471216,
          1.234371
        ],
        [
          0.0,
          0.0,
          0.0,
          1.0
        ]
      ]
    },
    {
      "file_path": "/media/NFS/ttao/scannet/posed_images/scene0301_01/00050.jpg",
      "transform_matrix": [
        [
          -0.967853,
          0.087219,
          -0.235912,
          3.513971
        ],
        [
          0.249856,
          0.441063,
          -0.861995,
          3.225754
        ],
        [
          0.028869,
          -0.893228,
          -0.448676,
          1.243961
        ],
        [
          0.0,
          0.0,
          0.0,
          1.0
        ]
      ]
    },
    {
      "file_path": "/media/NFS/ttao/scannet/posed_images/scene0301_01/00051.jpg",
      "transform_matrix": [
        [
          -0.969708,
          0.082442,
          -0.229934,
          3.510958
        ],
        [
          0.242327,
          0.443068,
          -0.863115,
          3.217974
        ],
        [
          0.030719,
          -0.892689,
          -0.449625,
          1.247602
        ],
        [
          0.0,
          0.0,
          0.0,
          1.0
        ]
      ]
    },
    {
      "file_path": "/media/NFS/ttao/scannet/posed_images/scene0301_01/00057.jpg",
      "transform_matrix": [
        [
          -0.986691,
          0.035878,
          -0.158601,
          3.483167
        ],
        [
          0.158527,
          0.429402,
          -0.889091,
          3.179004
        ],
        [
          0.036205,
          -0.902401,
          -0.429375,
          1.255239
        ],
        [
          0.0,
          0.0,
          0.0,
          1.0
        ]
      ]
    },
    {
      "file_path": "/media/NFS/ttao/scannet/posed_images/scene0301_01/00058.jpg",
      "transform_matrix": [
        [
          -0.989059,
          0.026284,
          -0.145161,
          3.477725
        ],
        [
          0.142252,
          0.430566,
          -0.891279,
          3.175297
        ],
        [
          0.039075,
          -0.902176,
          -0.429594,
          1.251098
        ],
        [
          0.0,
          0.0,
          0.0,
          1.0
        ]
      ]
    },
    {
      "file_path": "/media/NFS/ttao/scannet/posed_images/scene0301_01/00065.jpg",
      "transform_matrix": [
        [
          -0.999079,
          -0.030169,
          -0.03052,
          3.430192
        ],
        [
          0.014725,
          0.426991,
          -0.904136,
          3.127437
        ],
        [
          0.040309,
          -0.903752,
          -0.426154,
          1.264092
        ],
        [
          0.0,
          0.0,
          0.0,
          1.0
        ]
      ]
    },
    {
      "file_path": "/media/NFS/ttao/scannet/posed_images/scene0301_01/00068.jpg",
      "transform_matrix": [
        [
          -0.998246,
          -0.059196,
          0.00105,
          3.412918
        ],
        [
          -0.02668,
          0.433946,
          -0.900544,
          3.109126
        ],
        [
          0.052853,
          -0.898992,
          -0.434764,
          1.266604
        ],
        [
          0.0,
          0.0,
          0.0,
          1.0
        ]
      ]
    },
    {
      "file_path": "/media/NFS/ttao/scannet/posed_images/scene0301_01/00074.jpg",
      "transform_matrix": [
        [
          -0.996576,
          -0.06132,
          0.055458,
          3.391197
        ],
        [
          -0.075951,
          0.413944,
          -0.907129,
          3.075603
        ],
        [
          0.032669,
          -0.908235,
          -0.417184,
          1.26589
        ],
        [
          0.0,
          0.0,
          0.0,
          1.0
        ]
      ]
    },
    {
      "file_path": "/media/NFS/ttao/scannet/posed_images/scene0301_01/00077.jpg",
      "transform_matrix": [
        [
          -0.995415,
          -0.068125,
          0.067138,
          3.382923
        ],
        [
          -0.089784,
          0.423521,
          -0.901426,
          3.049436
        ],
        [
          0.032976,
          -0.903321,
          -0.427696,
          1.264723
        ],
        [
          0.0,
          0.0,
          0.0,
          1.0
        ]
      ]
    },
    {
      "file_path": "/media/NFS/ttao/scannet/posed_images/scene0301_01/00078.jpg",
      "transform_matrix": [
        [
          -0.995245,
          -0.070234,
          0.06748,
          3.385111
        ],
        [
          -0.091028,
          0.424302,
          -0.900934,
          3.040199
        ],
        [
          0.034644,
          -0.902793,
          -0.428678,
          1.265996
        ],
        [
          0.0,
          0.0,
          0.0,
          1.0
        ]
      ]
    },
    {
      "file_path": "/media/NFS/ttao/scannet/posed_images/scene0301_01/00083.jpg",
      "transform_matrix": [
        [
          -0.994962,
          -0.070854,
          0.070931,
          3.396472
        ],
        [
          -0.093666,
          0.404657,
          -0.909659,
          2.989401
        ],
        [
          0.03575,
          -0.91172,
          -0.409255,
          1.265083
        ],
        [
          0.0,
          0.0,
          0.0,
          1.0
        ]
      ]
    },
    {
      "file_path": "/media/NFS/ttao/scannet/posed_images/scene0301_01/00089.jpg",
      "transform_matrix": [
        [
          -0.994818,
          -0.087744,
          0.051364,
          3.431892
        ],
        [
          -0.081502,
          0.3862,
          -0.918807,
          2.934883
        ],
        [
          0.060783,
          -0.918232,
          -0.39135,
          1.269096
        ],
        [
          0.0,
          0.0,
          0.0,
          1.0
        ]
      ]
    },
    {
      "file_path": "/media/NFS/ttao/scannet/posed_images/scene0301_01/00090.jpg",
      "transform_matrix": [
        [
          -0.994695,
          -0.08842,
          0.052568,
          3.434865
        ],
        [
          -0.082816,
          0.385218,
          -0.919102,
          2.928186
        ],
        [
          0.061017,
          -0.91858,
          -0.390497,
          1.266842
        ],
        [
          0.0,
          0.0,
          0.0,
          1.0
        ]
      ]
    },
    {
      "file_path": "/media/NFS/ttao/scannet/posed_images/scene0301_01/00097.jpg",
      "transform_matrix": [
        [
          -0.995434,
          -0.080148,
          0.05184,
          3.468173
        ],
        [
          -0.077194,
          0.356505,
          -0.931099,
          2.873008
        ],
        [
          0.056144,
          -0.930849,
          -0.361064,
          1.289688
        ],
        [
          0.0,
          0.0,
          0.0,
          1.0
        ]
      ]
    },
    {
      "file_path": "/media/NFS/ttao/scannet/posed_images/scene0301_01/00100.jpg",
      "transform_matrix": [
        [
          -0.994567,
          -0.078661,
          0.068178,
          3.474577
        ],
        [
          -0.091046,
          0.339837,
          -0.936067,
          2.856565
        ],
        [
          0.050463,
          -0.937189,
          -0.345153,
          1.305398
        ],
        [
          0.0,
          0.0,
          0.0,
          1.0
        ]
      ]
    },
    {
      "file_path": "/media/NFS/ttao/scannet/posed_images/scene0301_01/00105.jpg",
      "transform_matrix": [
        [
          -0.989055,
          -0.096567,
          0.111559,
          3.476308
        ],
        [
          -0.135452,
          0.294426,
          -0.946027,
          2.840166
        ],
        [
          0.058509,
          -0.950783,
          -0.304283,
          1.32436
        ],
        [
          0.0,
          0.0,
          0.0,
          1.0
        ]
      ]
    },
    {
      "file_path": "/media/NFS/ttao/scannet/posed_images/scene0301_01/00108.jpg",
      "transform_matrix": [
        [
          -0.985872,
          -0.106801,
          0.129038,
          3.477649
        ],
        [
          -0.154023,
          0.275241,
          -0.948957,
          2.830622
        ],
        [
          0.065833,
          -0.955425,
          -0.287803,
          1.33956
        ],
        [
          0.0,
          0.0,
          0.0,
          1.0
        ]
      ]
    },
    {
      "file_path": "/media/NFS/ttao/scannet/posed_images/scene0301_01/00112.jpg",
      "transform_matrix": [
        [
          -0.983562,
          -0.096138,
          0.152851,
          3.477472
        ],
        [
          -0.171777,
          0.2372,
          -0.956153,
          2.831866
        ],
        [
          0.055666,
          -0.966692,
          -0.249816,
          1.340601
        ],
        [
          0.0,
          0.0,
          0.0,
          1.0
        ]
      ]
    },
    {
      "file_path": "/media/NFS/ttao/scannet/posed_images/scene0301_01/00117.jpg",
      "transform_matrix": [
        [
          -0.977495,
          -0.086878,
          0.192241,
          3.470847
        ],
        [
          -0.20646,
          0.20673,
          -0.956367,
          2.827397
        ],
        [
          0.043346,
          -0.974533,
          -0.220014,
          1.361912
        ],
        [
          0.0,
          0.0,
          0.0,
          1.0
        ]
      ]
    },
    {
      "file_path": "/media/NFS/ttao/scannet/posed_images/scene0301_01/00119.jpg",
      "transform_matrix": [
        [
          -0.975028,
          -0.086939,
          0.20436,
          3.470267
        ],
        [
          -0.217834,
          0.195208,
          -0.956265,
          2.827705
        ],
        [
          0.043244,
          -0.976901,
          -0.209271,
          1.364315
        ],
        [
          0.0,
          0.0,
          0.0,
          1.0
        ]
      ]
    },
    {
      "file_path": "/media/NFS/ttao/scannet/posed_images/scene0301_01/00124.jpg",
      "transform_matrix": [
        [
          -0.966197,
          -0.081699,
          0.244515,
          3.462158
        ],
        [
          -0.255679,
          0.182151,
          -0.949447,
          2.829434
        ],
        [
          0.033031,
          -0.979871,
          -0.196882,
          1.364189
        ],
        [
          0.0,
          0.0,
          0.0,
          1.0
        ]
      ]
    },
    {
      "file_path": "/media/NFS/ttao/scannet/posed_images/scene0301_01/00126.jpg",
      "transform_matrix": [
        [
          -0.959586,
          -0.086903,
          0.267663,
          3.456966
        ],
        [
          -0.279329,
          0.17848,
          -0.943462,
          2.829273
        ],
        [
          0.034217,
          -0.980098,
          -0.195541,
          1.362046
        ],
        [
          0.0,
          0.0,
          0.0,
          1.0
        ]
      ]
    },
    {
      "file_path": "/media/NFS/ttao/scannet/posed_images/scene0301_01/00133.jpg",
      "transform_matrix": [
        [
          -0.933962,
          -0.115184,
          0.338301,
          3.45645
        ],
        [
          -0.355117,
          0.192939,
          -0.914695,
          2.826848
        ],
        [
          0.040087,
          -0.974426,
          -0.221102,
          1.35916
        ],
        [
          0.0,
          0.0,
          0.0,
          1.0
        ]
      ]
    },
    {
      "file_path": "/media/NFS/ttao/scannet/posed_images/scene0301_01/00134.jpg",
      "transform_matrix": [
        [
          -0.929429,
          -0.11891,
          0.349316,
          3.451634
        ],
        [
          -0.3668,
          0.194486,
          -0.909743,
          2.826501
        ],
        [
          0.04024,
          -0.973671,
          -0.224377,
          1.355925
        ],
        [
          0.0,
          0.0,
          0.0,
          1.0
        ]
      ]
    },
    {
      "file_path": "/media/NFS/ttao/scannet/posed_images/scene0301_01/00138.jpg",
      "transform_matrix": [
        [
          -0.914104,
          -0.141769,
          0.379889,
          3.442904
        ],
        [
          -0.402948,
          0.213071,
          -0.890075,
          2.823443
        ],
        [
          0.045242,
          -0.966697,
          -0.251895,
          1.343827
        ],
        [
          0.0,
          0.0,
          0.0,
          1.0
        ]
      ]
    },
    {
      "file_path": "/media/NFS/ttao/scannet/posed_images/scene0301_01/00145.jpg",
      "transform_matrix": [
        [
          -0.889511,
          -0.178483,
          0.420612,
          3.443543
        ],
        [
          -0.454528,
          0.25171,
          -0.854427,
          2.82062
        ],
        [
          0.046628,
          -0.951203,
          -0.305024,
          1.33202
        ],
        [
          0.0,
          0.0,
          0.0,
          1.0
        ]
      ]
    },
    {
      "file_path": "/media/NFS/ttao/scannet/posed_images/scene0301_01/00149.jpg",
      "transform_matrix": [
        [
          -0.875505,
          -0.188495,
          0.444928,
          3.438694
        ],
        [
          -0.481918,
          0.273336,
          -0.832492,
          2.816834
        ],
        [
          0.035306,
          -0.943269,
          -0.330146,
          1.326378
        ],
        [
          0.0,
          0.0,
          0.0,
          1.0
        ]
      ]
    },
    {
      "file_path": "/media/NFS/ttao/scannet/posed_images/scene0301_01/00151.jpg",
      "transform_matrix": [
        [
          -0.867809,
          -0.191568,
          0.458487,
          3.439238
        ],
        [
          -0.496018,
          0.279054,
          -0.82225,
          2.817284
        ],
        [
          0.029574,
          -0.940973,
          -0.337187,
          1.322862
        ],
        [
          0.0,
          0.0,
          0.0,
          1.0
        ]
      ]
    },
    {
      "file_path": "/media/NFS/ttao/scannet/posed_images/scene0301_01/00157.jpg",
      "transform_matrix": [
        [
          -0.83815,
          -0.219093,
          0.499502,
          3.43562
        ],
        [
          -0.544871,
          0.294542,
          -0.785086,
          2.81101
        ],
        [
          0.024883,
          -0.930185,
          -0.366248,
          1.318363
        ],
        [
          0.0,
          0.0,
          0.0,
          1.0
        ]
      ]
    },
    {
      "file_path": "/media/NFS/ttao/scannet/posed_images/scene0301_01/00161.jpg",
      "transform_matrix": [
        [
          -0.812968,
          -0.235674,
          0.532485,
          3.434195
        ],
        [
          -0.581919,
          0.295398,
          -0.757701,
          2.80442
        ],
        [
          0.021275,
          -0.92585,
          -0.377292,
          1.323211
        ],
        [
          0.0,
          0.0,
          0.0,
          1.0
        ]
      ]
    },
    {
      "file_path": "/media/NFS/ttao/scannet/posed_images/scene0301_01/00164.jpg",
      "transform_matrix": [
        [
          -0.792766,
          -0.246909,
          0.557278,
          3.431877
        ],
        [
          -0.609073,
          0.285643,
          -0.739891,
          2.802516
        ],
        [
          0.023503,
          -0.925983,
          -0.376833,
          1.319934
        ],
        [
          0.0,
          0.0,
          0.0,
          1.0
        ]
      ]
    },
    {
      "file_path": "/media/NFS/ttao/scannet/posed_images/scene0301_01/00168.jpg",
      "transform_matrix": [
        [
          -0.765128,
          -0.263172,
          0.58764,
          3.425256
        ],
        [
          -0.643327,
          0.274706,
          -0.71461,
          2.792485
        ],
        [
          0.026637,
          -0.924812,
          -0.379491,
          1.319847
        ],
        [
          0.0,
          0.0,
          0.0,
          1.0
        ]
      ]
    },
    {
      "file_path": "/media/NFS/ttao/scannet/posed_images/scene0301_01/00170.jpg",
      "transform_matrix": [
        [
          -0.750866,
          -0.269238,
          0.603085,
          3.421053
        ],
        [
          -0.659912,
          0.268833,
          -0.701602,
          2.788217
        ],
        [
          0.026769,
          -0.924792,
          -0.379531,
          1.31879
        ],
        [
          0.0,
          0.0,
          0.0,
          1.0
        ]
      ]
    },
    {
      "file_path": "/media/NFS/ttao/scannet/posed_images/scene0301_01/00174.jpg",
      "transform_matrix": [
        [
          -0.720907,
          -0.278266,
          0.634713,
          3.410648
        ],
        [
          -0.69257,
          0.255836,
          -0.674459,
          2.777804
        ],
        [
          0.025297,
          -0.925806,
          -0.377153,
          1.316926
        ],
        [
          0.0,
          0.0,
          0.0,
          1.0
        ]
      ]
    },
    {
      "file_path": "/media/NFS/ttao/scannet/posed_images/scene0301_01/00181.jpg",
      "transform_matrix": [
        [
          -0.679189,
          -0.29518,
          0.671991,
          3.414049
        ],
        [
          -0.733692,
          0.248153,
          -0.632548,
          2.758451
        ],
        [
          0.019959,
          -0.922654,
          -0.385113,
          1.31428
        ],
        [
          0.0,
          0.0,
          0.0,
          1.0
        ]
      ]
    },
    {
      "file_path": "/media/NFS/ttao/scannet/posed_images/scene0301_01/00183.jpg",
      "transform_matrix": [
        [
          -0.670272,
          -0.30125,
          0.678221,
          3.420103
        ],
        [
          -0.741741,
          0.242923,
          -0.625147,
          2.750331
        ],
        [
          0.02357,
          -0.922083,
          -0.386274,
          1.313167
        ],
        [
          0.0,
          0.0,
          0.0,
          1.0
        ]
      ]
    },
    {
      "file_path": "/media/NFS/ttao/scannet/posed_images/scene0301_01/00185.jpg",
      "transform_matrix": [
        [
          -0.659293,
          -0.307611,
          0.686082,
          3.428439
        ],
        [
          -0.75145,
          0.238496,
          -0.615177,
          2.736021
        ],
        [
          0.025607,
          -0.921138,
          -0.388393,
          1.316214
        ],
        [
          0.0,
          0.0,
          0.0,
          1.0
        ]
      ]
    },
    {
      "file_path": "/media/NFS/ttao/scannet/posed_images/scene0301_01/00190.jpg",
      "transform_matrix": [
        [
          -0.635265,
          -0.312309,
          0.70633,
          3.452775
        ],
        [
          -0.771557,
          0.216689,
          -0.598119,
          2.702637
        ],
        [
          0.033744,
          -0.924937,
          -0.378619,
          1.308372
        ],
        [
          0.0,
          0.0,
          0.0,
          1.0
        ]
      ]
    },
    {
      "file_path": "/media/NFS/ttao/scannet/posed_images/scene0301_01/00196.jpg",
      "transform_matrix": [
        [
          -0.600192,
          -0.352275,
          0.718103,
          3.503242
        ],
        [
          -0.798467,
          0.210985,
          -0.563858,
          2.655859
        ],
        [
          0.047124,
          -0.911805,
          -0.407911,
          1.301099
        ],
        [
          0.0,
          0.0,
          0.0,
          1.0
        ]
      ]
    },
    {
      "file_path": "/media/NFS/ttao/scannet/posed_images/scene0301_01/00200.jpg",
      "transform_matrix": [
        [
          -0.572854,
          -0.372823,
          0.72996,
          3.536246
        ],
        [
          -0.817949,
          0.202547,
          -0.538456,
          2.630322
        ],
        [
          0.052898,
          -0.905526,
          -0.42098,
          1.294927
        ],
        [
          0.0,
          0.0,
          0.0,
          1.0
        ]
      ]
    },
    {
      "file_path": "/media/NFS/ttao/scannet/posed_images/scene0301_01/00201.jpg",
      "transform_matrix": [
        [
          -0.563302,
          -0.37653,
          0.73547,
          3.543823
        ],
        [
          -0.824488,
          0.198029,
          -0.530099,
          2.622267
        ],
        [
          0.053954,
          -0.904992,
          -0.421995,
          1.29841
        ],
        [
          0.0,
          0.0,
          0.0,
          1.0
        ]
      ]
    },
    {
      "file_path": "/media/NFS/ttao/scannet/posed_images/scene0301_01/00208.jpg",
      "transform_matrix": [
        [
          -0.506034,
          -0.376401,
          0.776049,
          3.573419
        ],
        [
          -0.86144,
          0.175671,
          -0.47651,
          2.565264
        ],
        [
          0.043029,
          -0.90965,
          -0.413142,
          1.297673
        ],
        [
          0.0,
          0.0,
          0.0,
          1.0
        ]
      ]
    },
    {
      "file_path": "/media/NFS/ttao/scannet/posed_images/scene0301_01/00212.jpg",
      "transform_matrix": [
        [
          -0.478649,
          -0.378598,
          0.792186,
          3.586295
        ],
        [
          -0.877426,
          0.173451,
          -0.447257,
          2.536788
        ],
        [
          0.031925,
          -0.909163,
          -0.415214,
          1.285406
        ],
        [
          0.0,
          0.0,
          0.0,
          1.0
        ]
      ]
    },
    {
      "file_path": "/media/NFS/ttao/scannet/posed_images/scene0301_01/00213.jpg",
      "transform_matrix": [
        [
          -0.467383,
          -0.380453,
          0.798003,
          3.587807
        ],
        [
          -0.88352,
          0.169604,
          -0.436609,
          2.531761
        ],
        [
          0.030765,
          -0.909115,
          -0.415408,
          1.280048
        ],
        [
          0.0,
          0.0,
          0.0,
          1.0
        ]
      ]
    },
    {
      "file_path": "/media/NFS/ttao/scannet/posed_images/scene0301_01/00220.jpg",
      "transform_matrix": [
        [
          -0.351759,
          -0.423723,
          0.8347,
          3.579204
        ],
        [
          -0.935452,
          0.126166,
          -0.330171,
          2.462762
        ],
        [
          0.034591,
          -0.896962,
          -0.440752,
          1.271764
        ],
        [
          0.0,
          0.0,
          0.0,
          1.0
        ]
      ]
    },
    {
      "file_path": "/media/NFS/ttao/scannet/posed_images/scene0301_01/00221.jpg",
      "transform_matrix": [
        [
          -0.334995,
          -0.424426,
          0.841214,
          3.576298
        ],
        [
          -0.941626,
          0.119113,
          -0.314885,
          2.454644
        ],
        [
          0.033446,
          -0.897594,
          -0.439553,
          1.269298
        ],
        [
          0.0,
          0.0,
          0.0,
          1.0
        ]
      ]
    },
    {
      "file_path": "/media/NFS/ttao/scannet/posed_images/scene0301_01/00228.jpg",
      "transform_matrix": [
        [
          -0.220307,
          -0.471955,
          0.853653,
          3.563108
        ],
        [
          -0.973562,
          0.052246,
          -0.222368,
          2.392892
        ],
        [
          0.060348,
          -0.880073,
          -0.470988,
          1.264306
        ],
        [
          0.0,
          0.0,
          0.0,
          1.0
        ]
      ]
    },
    {
      "file_path": "/media/NFS/ttao/scannet/posed_images/scene0301_01/00229.jpg",
      "transform_matrix": [
        [
          -0.209901,
          -0.471485,
          0.85653,
          3.559827
        ],
        [
          -0.975502,
          0.041974,
          -0.215951,
          2.388599
        ],
        [
          0.065866,
          -0.880874,
          -0.468745,
          1.258608
        ],
        [
          0.0,
          0.0,
          0.0,
          1.0
        ]
      ]
    },
    {
      "file_path": "/media/NFS/ttao/scannet/posed_images/scene0301_01/00235.jpg",
      "transform_matrix": [
        [
          -0.149993,
          -0.499032,
          0.853504,
          3.576509
        ],
        [
          -0.986504,
          0.018205,
          -0.162721,
          2.359364
        ],
        [
          0.065665,
          -0.866392,
          -0.495027,
          1.25985
        ],
        [
          0.0,
          0.0,
          0.0,
          1.0
        ]
      ]
    },
    {
      "file_path": "/media/NFS/ttao/scannet/posed_images/scene0301_01/00239.jpg",
      "transform_matrix": [
        [
          -0.102988,
          -0.496435,
          0.861943,
          3.591952
        ],
        [
          -0.992536,
          -0.005616,
          -0.121826,
          2.328069
        ],
        [
          0.065319,
          -0.868056,
          -0.492151,
          1.252601
        ],
        [
          0.0,
          0.0,
          0.0,
          1.0
        ]
      ]
    },
    {
      "file_path": "/media/NFS/ttao/scannet/posed_images/scene0301_01/00244.jpg",
      "transform_matrix": [
        [
          -0.052734,
          -0.48095,
          0.875161,
          3.625311
        ],
        [
          -0.996438,
          -0.032413,
          -0.077855,
          2.293604
        ],
        [
          0.065811,
          -0.876149,
          -0.477527,
          1.252342
        ],
        [
          0.0,
          0.0,
          0.0,
          1.0
        ]
      ]
    },
    {
      "file_path": "/media/NFS/ttao/scannet/posed_images/scene0301_01/00245.jpg",
      "transform_matrix": [
        [
          -0.038129,
          -0.480559,
          0.876133,
          3.630682
        ],
        [
          -0.997158,
          -0.038713,
          -0.06463,
          2.285471
        ],
        [
          0.064976,
          -0.876108,
          -0.477717,
          1.25291
        ],
        [
          0.0,
          0.0,
          0.0,
          1.0
        ]
      ]
    },
    {
      "file_path": "/media/NFS/ttao/scannet/posed_images/scene0301_01/00252.jpg",
      "transform_matrix": [
        [
          0.051171,
          -0.492907,
          0.868576,
          3.67038
        ],
        [
          -0.997616,
          -0.065555,
          0.021571,
          2.246999
        ],
        [
          0.046307,
          -0.867609,
          -0.495087,
          1.245808
        ],
        [
          0.0,
          0.0,
          0.0,
          1.0
        ]
      ]
    },
    {
      "file_path": "/media/NFS/ttao/scannet/posed_images/scene0301_01/00253.jpg",
      "transform_matrix": [
        [
          0.058018,
          -0.49749,
          0.865527,
          3.674602
        ],
        [
          -0.997449,
          -0.064994,
          0.029504,
          2.242502
        ],
        [
          0.041576,
          -0.865031,
          -0.499992,
          1.242367
        ],
        [
          0.0,
          0.0,
          0.0,
          1.0
        ]
      ]
    },
    {
      "file_path": "/media/NFS/ttao/scannet/posed_images/scene0301_01/00259.jpg",
      "transform_matrix": [
        [
          0.13016,
          -0.514285,
          0.847684,
          3.678006
        ],
        [
          -0.991165,
          -0.089489,
          0.097899,
          2.212877
        ],
        [
          0.02551,
          -0.852938,
          -0.521389,
          1.240431
        ],
        [
          0.0,
          0.0,
          0.0,
          1.0
        ]
      ]
    },
    {
      "file_path": "/media/NFS/ttao/scannet/posed_images/scene0301_01/00260.jpg",
      "transform_matrix": [
        [
          0.137201,
          -0.514307,
          0.84656,
          3.675724
        ],
        [
          -0.990236,
          -0.092505,
          0.104287,
          2.21481
        ],
        [
          0.024676,
          -0.852603,
          -0.521977,
          1.243152
        ],
        [
          0.0,
          0.0,
          0.0,
          1.0
        ]
      ]
    },
    {
      "file_path": "/media/NFS/ttao/scannet/posed_images/scene0301_01/00266.jpg",
      "transform_matrix": [
        [
          0.236995,
          -0.508199,
          0.82799,
          3.640466
        ],
        [
          -0.970889,
          -0.154377,
          0.183144,
          2.173712
        ],
        [
          0.034749,
          -0.847291,
          -0.529991,
          1.240927
        ],
        [
          0.0,
          0.0,
          0.0,
          1.0
        ]
      ]
    },
    {
      "file_path": "/media/NFS/ttao/scannet/posed_images/scene0301_01/00271.jpg",
      "transform_matrix": [
        [
          0.297953,
          -0.538884,
          0.787927,
          3.598025
        ],
        [
          -0.952311,
          -0.224683,
          0.206448,
          2.153864
        ],
        [
          0.065782,
          -0.811863,
          -0.58013,
          1.241892
        ],
        [
          0.0,
          0.0,
          0.0,
          1.0
        ]
      ]
    },
    {
      "file_path": "/media/NFS/ttao/scannet/posed_images/scene0301_01/00273.jpg",
      "transform_matrix": [
        [
          0.318214,
          -0.533846,
          0.783421,
          3.581323
        ],
        [
          -0.946068,
          -0.231819,
          0.22631,
          2.137959
        ],
        [
          0.060797,
          -0.813184,
          -0.578822,
          1.243458
        ],
        [
          0.0,
          0.0,
          0.0,
          1.0
        ]
      ]
    },
    {
      "file_path": "/media/NFS/ttao/scannet/posed_images/scene0301_01/00278.jpg",
      "transform_matrix": [
        [
          0.350149,
          -0.538647,
          0.766326,
          3.541177
        ],
        [
          -0.933383,
          -0.269372,
          0.23714,
          2.107418
        ],
        [
          0.078692,
          -0.79831,
          -0.597084,
          1.247574
        ],
        [
          0.0,
          0.0,
          0.0,
          1.0
        ]
      ]
    },
    {
      "file_path": "/media/NFS/ttao/scannet/posed_images/scene0301_01/00283.jpg",
      "transform_matrix": [
        [
          0.383029,
          -0.538651,
          0.750429,
          3.505652
        ],
        [
          -0.921524,
          -0.279013,
          0.270085,
          2.086167
        ],
        [
          0.063898,
          -0.794989,
          -0.60325,
          1.24563
        ],
        [
          0.0,
          0.0,
          0.0,
          1.0
        ]
      ]
    },
    {
      "file_path": "/media/NFS/ttao/scannet/posed_images/scene0301_01/00285.jpg",
      "transform_matrix": [
        [
          0.390838,
          -0.543083,
          0.743173,
          3.493705
        ],
        [
          -0.918489,
          -0.282899,
          0.276306,
          2.080793
        ],
        [
          0.060186,
          -0.790588,
          -0.609384,
          1.247708
        ],
        [
          0.0,
          0.0,
          0.0,
          1.0
        ]
      ]
    },
    {
      "file_path": "/media/NFS/ttao/scannet/posed_images/scene0301_01/00291.jpg",
      "transform_matrix": [
        [
          0.393387,
          -0.56849,
          0.722541,
          3.459493
        ],
        [
          -0.918196,
          -0.282684,
          0.277497,
          2.071407
        ],
        [
          0.046497,
          -0.772599,
          -0.63319,
          1.249173
        ],
        [
          0.0,
          0.0,
          0.0,
          1.0
        ]
      ]
    },
    {
      "file_path": "/media/NFS/ttao/scannet/posed_images/scene0301_01/00292.jpg",
      "transform_matrix": [
        [
          0.389167,
          -0.572297,
          0.721821,
          3.454226
        ],
        [
          -0.920128,
          -0.278713,
          0.275105,
          2.07191
        ],
        [
          0.043739,
          -0.77123,
          -0.635052,
          1.250185
        ],
        [
          0.0,
          0.0,
          0.0,
          1.0
        ]
      ]
    },
    {
      "file_path": "/media/NFS/ttao/scannet/posed_images/scene0301_01/00300.jpg",
      "transform_matrix": [
        [
          0.367079,
          -0.592772,
          0.71685,
          3.41982
        ],
        [
          -0.929014,
          -0.272356,
          0.250508,
          2.084229
        ],
        [
          0.046745,
          -0.75792,
          -0.65067,
          1.252583
        ],
        [
          0.0,
          0.0,
          0.0,
          1.0
        ]
      ]
    },
    {
      "file_path": "/media/NFS/ttao/scannet/posed_images/scene0301_01/00301.jpg",
      "transform_matrix": [
        [
          0.368863,
          -0.591836,
          0.716707,
          3.414664
        ],
        [
          -0.928425,
          -0.271391,
          0.253719,
          2.088184
        ],
        [
          0.044348,
          -0.758997,
          -0.649582,
          1.253476
        ],
        [
          0.0,
          0.0,
          0.0,
          1.0
        ]
      ]
    },
    {
      "file_path": "/media/NFS/ttao/scannet/posed_images/scene0301_01/00304.jpg",
      "transform_matrix": [
        [
          0.381507,
          -0.588387,
          0.712918,
          3.397533
        ],
        [
          -0.92342,
          -0.277478,
          0.265145,
          2.102347
        ],
        [
          0.041811,
