{
  "frames": [
    {
      "file_path": "/media/NFS/ttao/scannet/posed_images/scene0457_01/00000.jpg",
      "transform_matrix": [
        [
          0.368497,
          -0.118142,
          0.922091,
          0.820312
        ],
        [
          -0.929614,
          -0.052515,
          0.364775,
          1.817072
        ],
        [
          0.005328,
          -0.991607,
          -0.129178,
          1.518092
        ],
        [
          0.0,
          0.0,
          0.0,
          1.0
        ]
      ]
    },
    {
      "file_path": "/media/NFS/ttao/scannet/posed_images/scene0457_01/00009.jpg",
      "transform_matrix": [
        [
          0.366782,
          -0.111018,
          0.923659,
          0.821527
        ],
        [
          -0.930304,
          -0.041317,
          0.364455,
          1.830352
        ],
        [
          -0.002298,
          -0.992959,
          -0.118435,
          1.534128
        ],
        [
          0.0,
          0.0,
          0.0,
          1.0
        ]
      ]
    },
    {
      "file_path": "/media/NFS/ttao/scannet/posed_images/scene0457_01/00018.jpg",
      "transform_matrix": [
        [
          0.297897,
          -0.175195,
          0.938384,
          0.836949
        ],
        [
          -0.954554,
          -0.064178,
          0.291048,
          1.809788
        ],
        [
          0.009233,
          -0.98244,
          -0.186352,
          1.454495
        ],
        [
          0.0,
          0.0,
          0.0,
          1.0
        ]
      ]
    },
    {
      "file_path": "/media/NFS/ttao/scannet/posed_images/scene0457_01/00024.jpg",
      "transform_matrix": [
        [
          0.263791,
          -0.231933,
          0.936281,
          0.852414
        ],
        [
          -0.964559,
          -0.057055,
          0.257624,
          1.759218
        ],
        [
          -0.006332,
          -0.971057,
          -0.238763,
          1.427379
        ],
        [
          0.0,
          0.0,
          0.0,
          1.0
        ]
      ]
    },
    {
      "file_path": "/media/NFS/ttao/scannet/posed_images/scene0457_01/00031.jpg",
      "transform_matrix": [
        [
          0.217803,
          -0.26529,
          0.939246,
          0.8614
        ],
        [
          -0.97551,
          -0.028903,
          0.218048,
          1.690536
        ],
        [
          -0.030699,
          -0.963735,
          -0.265088,
          1.438246
        ],
        [
          0.0,
          0.0,
          0.0,
          1.0
        ]
      ]
    },
    {
      "file_path": "/media/NFS/ttao/scannet/posed_images/scene0457_01/00035.jpg",
      "transform_matrix": [
        [
          0.188469,
          -0.274586,
          0.942912,
          0.866049
        ],
        [
          -0.981792,
          -0.029478,
          0.187656,
          1.63354
        ],
        [
          -0.023732,
          -0.961111,
          -0.275142,
          1.426179
        ],
        [
          0.0,
          0.0,
          0.0,
          1.0
        ]
      ]
    },
    {
      "file_path": "/media/NFS/ttao/scannet/posed_images/scene0457_01/00048.jpg",
      "transform_matrix": [
        [
          0.104477,
          -0.299351,
          0.948406,
          0.891599
        ],
        [
          -0.99418,
          -0.006217,
          0.107557,
          1.534115
        ],
        [
          -0.026301,
          -0.954123,
          -0.298258,
          1.449726
        ],
        [
          0.0,
          0.0,
          0.0,
          1.0
        ]
      ]
    },
    {
      "file_path": "/media/NFS/ttao/scannet/posed_images/scene0457_01/00051.jpg",
      "transform_matrix": [
        [
          0.092744,
          -0.291269,
          0.952135,
          0.897837
        ],
        [
          -0.995132,
          0.004904,
          0.098432,
          1.527618
        ],
        [
          -0.03334,
          -0.956629,
          -0.289396,
          1.455967
        ],
        [
          0.0,
          0.0,
          0.0,
          1.0
        ]
      ]
    },
    {
      "file_path": "/media/NFS/ttao/scannet/posed_images/scene0457_01/00061.jpg",
      "transform_matrix": [
        [
          0.024512,
          -0.261034,
          0.965018,
          0.920799
        ],
        [
          -0.999086,
          0.027423,
          0.032795,
          1.511529
        ],
        [
          -0.035024,
          -0.96494,
          -0.260123,
          1.458904
        ],
        [
          0.0,
          0.0,
          0.0,
          1.0
        ]
      ]
    },
    {
      "file_path": "/media/NFS/ttao/scannet/posed_images/scene0457_01/00070.jpg",
      "transform_matrix": [
        [
          -0.134394,
          -0.236647,
          0.962256,
          0.958511
        ],
        [
          -0.990458,
          0.061997,
          -0.123086,
          1.568839
        ],
        [
          -0.030529,
          -0.969616,
          -0.242721,
          1.471991
        ],
        [
          0.0,
          0.0,
          0.0,
          1.0
        ]
      ]
    },
    {
      "file_path": "/media/NFS/ttao/scannet/posed_images/scene0457_01/00077.jpg",
      "transform_matrix": [
        [
          -0.239041,
          -0.243589,
          0.939959,
          0.97069
        ],
        [
          -0.970901,
          0.074447,
          -0.227617,
          1.589224
        ],
        [
          -0.014532,
          -0.967017,
          -0.254297,
          1.462463
        ],
        [
          0.0,
          0.0,
          0.0,
          1.0
        ]
      ]
    },
    {
      "file_path": "/media/NFS/ttao/scannet/posed_images/scene0457_01/00079.jpg",
      "transform_matrix": [
        [
          -0.252482,
          -0.246603,
          0.935649,
          0.973767
        ],
        [
          -0.967542,
          0.075064,
          -0.241304,
          1.597681
        ],
        [
          -0.010727,
          -0.966205,
          -0.257552,
          1.46317
        ],
        [
          0.0,
          0.0,
          0.0,
          1.0
        ]
      ]
    },
    {
      "file_path": "/media/NFS/ttao/scannet/posed_images/scene0457_01/00086.jpg",
      "transform_matrix": [
        [
          -0.303955,
          -0.259927,
          0.916542,
          0.986824
        ],
        [
          -0.952675,
          0.08754,
          -0.291113,
          1.593844
        ],
        [
          -0.004566,
          -0.961652,
          -0.274234,
          1.452376
        ],
        [
          0.0,
          0.0,
          0.0,
          1.0
        ]
      ]
    },
    {
      "file_path": "/media/NFS/ttao/scannet/posed_images/scene0457_01/00094.jpg",
      "transform_matrix": [
        [
          -0.309798,
          -0.326844,
          0.892859,
          1.007694
        ],
        [
          -0.950024,
          0.144409,
          -0.27677,
          1.573614
        ],
        [
          -0.038476,
          -0.93398,
          -0.355247,
          1.395083
        ],
        [
          0.0,
          0.0,
          0.0,
          1.0
        ]
      ]
    },
    {
      "file_path": "/media/NFS/ttao/scannet/posed_images/scene0457_01/00105.jpg",
      "transform_matrix": [
        [
          -0.309239,
          -0.369807,
          0.876136,
          1.062566
        ],
        [
          -0.949574,
          0.170223,
          -0.263311,
          1.502184
        ],
        [
          -0.051764,
          -0.913382,
          -0.403799,
          1.350267
        ],
        [
          0.0,
          0.0,
          0.0,
          1.0
        ]
      ]
    },
    {
      "file_path": "/media/NFS/ttao/scannet/posed_images/scene0457_01/00108.jpg",
      "transform_matrix": [
        [
          -0.309005,
          -0.377298,
          0.873019,
          1.078254
        ],
        [
          -0.949891,
          0.167935,
          -0.263636,
          1.504439
        ],
        [
          -0.047141,
          -0.910738,
          -0.410285,
          1.335514
        ],
        [
          0.0,
          0.0,
          0.0,
          1.0
        ]
      ]
    },
    {
      "file_path": "/media/NFS/ttao/scannet/posed_images/scene0457_01/00119.jpg",
      "transform_matrix": [
        [
          -0.398171,
          -0.359313,
          0.844011,
          1.153855
        ],
        [
          -0.917007,
          0.179586,
          -0.356155,
          1.553586
        ],
        [
          -0.023601,
          -0.915775,
          -0.400998,
          1.335751
        ],
        [
          0.0,
          0.0,
          0.0,
          1.0
        ]
      ]
    },
    {
      "file_path": "/media/NFS/ttao/scannet/posed_images/scene0457_01/00125.jpg",
      "transform_matrix": [
        [
          -0.483696,
          -0.318411,
          0.815262,
          1.21198
        ],
        [
          -0.875103,
          0.192132,
          -0.444161,
          1.664757
        ],
        [
          -0.015212,
          -0.928278,
          -0.371576,
          1.332204
        ],
        [
          0.0,
          0.0,
          0.0,
          1.0
        ]
      ]
    },
    {
      "file_path": "/media/NFS/ttao/scannet/posed_images/scene0457_01/00132.jpg",
      "transform_matrix": [
        [
          -0.494071,
          -0.331971,
          0.803547,
          1.265954
        ],
        [
          -0.869357,
          0.177404,
          -0.461244,
          1.785582
        ],
        [
          0.010567,
          -0.926457,
          -0.376252,
          1.331878
        ],
        [
          0.0,
          0.0,
          0.0,
          1.0
        ]
      ]
    },
    {
      "file_path": "/media/NFS/ttao/scannet/posed_images/scene0457_01/00141.jpg",
      "transform_matrix": [
        [
          -0.533799,
          -0.337751,
          0.775231,
          1.268167
        ],
        [
          -0.843475,
          0.147543,
          -0.516508,
          1.821467
        ],
        [
          0.060071,
          -0.929599,
          -0.363643,
          1.329217
        ],
        [
          0.0,
          0.0,
          0.0,
          1.0
        ]
      ]
    },
    {
      "file_path": "/media/NFS/ttao/scannet/posed_images/scene0457_01/00149.jpg",
      "transform_matrix": [
        [
          -0.55454,
          -0.328523,
          0.764564,
          1.231336
        ],
        [
          -0.831412,
          0.179867,
          -0.525739,
          1.764138
        ],
        [
          0.035197,
          -0.927211,
          -0.372881,
          1.359736
        ],
        [
          0.0,
          0.0,
          0.0,
          1.0
        ]
      ]
    },
    {
      "file_path": "/media/NFS/ttao/scannet/posed_images/scene0457_01/00156.jpg",
      "transform_matrix": [
        [
          -0.563478,
          -0.308402,
          0.766407,
          1.178826
        ],
        [
          -0.825886,
          0.232867,
          -0.513503,
          1.670563
        ],
        [
          -0.020106,
          -0.922313,
          -0.385921,
          1.376832
        ],
        [
          0.0,
          0.0,
          0.0,
          1.0
        ]
      ]
    },
    {
      "file_path": "/media/NFS/ttao/scannet/posed_images/scene0457_01/00165.jpg",
      "transform_matrix": [
        [
          -0.46388,
          -0.297683,
          0.834386,
          1.090564
        ],
        [
          -0.885035,
          0.19728,
          -0.421655,
          1.500976
        ],
        [
          -0.039088,
          -0.934058,
          -0.354975,
          1.396485
        ],
        [
          0.0,
          0.0,
          0.0,
          1.0
        ]
      ]
    },
    {
      "file_path": "/media/NFS/ttao/scannet/posed_images/scene0457_01/00171.jpg",
      "transform_matrix": [
        [
          -0.430565,
          -0.341723,
          0.835368,
          1.043504
        ],
        [
          -0.902346,
          0.183108,
          -0.390183,
          1.404821
        ],
        [
          -0.019628,
          -0.92179,
          -0.387192,
          1.393669
        ],
        [
          0.0,
          0.0,
          0.0,
          1.0
        ]
      ]
    },
    {
      "file_path": "/media/NFS/ttao/scannet/posed_images/scene0457_01/00173.jpg",
      "transform_matrix": [
        [
          -0.418725,
          -0.351117,
          0.837488,
          1.038045
        ],
        [
          -0.907871,
          0.183139,
          -0.377134,
          1.381997
        ],
        [
          -0.020959,
          -0.918247,
          -0.395454,
          1.398991
        ],
        [
          0.0,
          0.0,
          0.0,
          1.0
        ]
      ]
    },
    {
      "file_path": "/media/NFS/ttao/scannet/posed_images/scene0457_01/00182.jpg",
      "transform_matrix": [
        [
          -0.351281,
          -0.373533,
          0.858531,
          1.07941
        ],
        [
          -0.936168,
          0.153656,
          -0.316194,
          1.310665
        ],
        [
          -0.013809,
          -0.914802,
          -0.403666,
          1.400598
        ],
        [
          0.0,
          0.0,
          0.0,
          1.0
        ]
      ]
    },
    {
      "file_path": "/media/NFS/ttao/scannet/posed_images/scene0457_01/00193.jpg",
      "transform_matrix": [
        [
          -0.214628,
          -0.378865,
          0.90022,
          1.233465
        ],
        [
          -0.976575,
          0.097734,
          -0.1917,
          1.211552
        ],
        [
          -0.015354,
          -0.920277,
          -0.390967,
          1.39861
        ],
        [
          0.0,
          0.0,
          0.0,
          1.0
        ]
      ]
    },
    {
      "file_path": "/media/NFS/ttao/scannet/posed_images/scene0457_01/00200.jpg",
      "transform_matrix": [
        [
          -0.197966,
          -0.406214,
          0.892076,
          1.344428
        ],
        [
          -0.979237,
          0.122467,
          -0.161543,
          1.142522
        ],
        [
          -0.043629,
          -0.905534,
          -0.422025,
          1.404133
        ],
        [
          0.0,
          0.0,
          0.0,
          1.0
        ]
      ]
    },
    {
      "file_path": "/media/NFS/ttao/scannet/posed_images/scene0457_01/00206.jpg",
      "transform_matrix": [
        [
          -0.172923,
          -0.41788,
          0.891893,
          1.442631
        ],
        [
          -0.983839,
          0.116002,
          -0.1364,
          1.103988
        ],
        [
          -0.046463,
          -0.901066,
          -0.431186,
          1.412557
        ],
        [
          0.0,
          0.0,
          0.0,
          1.0
        ]
      ]
    },
    {
      "file_path": "/media/NFS/ttao/scannet/posed_images/scene0457_01/00211.jpg",
      "transform_matrix": [
        [
          -0.161689,
          -0.412086,
          0.896683,
          1.522065
        ],
        [
          -0.986492,
          0.091674,
          -0.135753,
          1.069538
        ],
        [
          -0.026261,
          -0.906521,
          -0.421343,
          1.417712
        ],
        [
          0.0,
          0.0,
          0.0,
          1.0
        ]
      ]
    },
    {
      "file_path": "/media/NFS/ttao/scannet/posed_images/scene0457_01/00224.jpg",
      "transform_matrix": [
        [
          -0.159024,
          -0.448174,
          0.879688,
          1.64825
        ],
        [
          -0.987011,
          0.092763,
          -0.131166,
          1.039916
        ],
        [
          -0.022818,
          -0.88912,
          -0.457104,
          1.419728
        ],
        [
          0.0,
          0.0,
          0.0,
          1.0
        ]
      ]
    },
    {
      "file_path": "/media/NFS/ttao/scannet/posed_images/scene0457_01/00226.jpg",
      "transform_matrix": [
        [
          -0.157416,
          -0.450363,
          0.878859,
          1.646621
        ],
        [
          -0.987181,
          0.095513,
          -0.127874,
          1.040195
        ],
        [
          -0.026352,
          -0.887722,
          -0.459625,
          1.421148
        ],
        [
          0.0,
          0.0,
          0.0,
          1.0
        ]
      ]
    },
    {
      "file_path": "/media/NFS/ttao/scannet/posed_images/scene0457_01/00237.jpg",
      "transform_matrix": [
        [
          -0.201775,
          -0.444055,
          0.872984,
          1.500741
        ],
        [
          -0.97921,
          0.110405,
          -0.170169,
          1.083314
        ],
        [
          -0.020818,
          -0.889171,
          -0.4571,
          1.434298
        ],
        [
          0.0,
          0.0,
          0.0,
          1.0
        ]
      ]
    },
    {
      "file_path": "/media/NFS/ttao/scannet/posed_images/scene0457_01/00239.jpg",
      "transform_matrix": [
        [
          -0.217723,
          -0.447321,
          0.867468,
          1.451248
        ],
        [
          -0.975853,
          0.115758,
          -0.185234,
          1.097228
        ],
        [
          -0.017558,
          -0.886851,
          -0.461722,
          1.42809
        ],
        [
          0.0,
          0.0,
          0.0,
          1.0
        ]
      ]
    },
    {
      "file_path": "/media/NFS/ttao/scannet/posed_images/scene0457_01/00248.jpg",
      "transform_matrix": [
        [
          -0.205929,
          -0.467157,
          0.859859,
          1.228944
        ],
        [
          -0.977592,
          0.137417,
          -0.159467,
          1.195541
        ],
        [
          -0.043663,
          -0.87343,
          -0.484988,
          1.356342
        ],
        [
          0.0,
          0.0,
          0.0,
          1.0
        ]
      ]
    },
    {
      "file_path": "/media/NFS/ttao/scannet/posed_images/scene0457_01/00257.jpg",
      "transform_matrix": [
        [
          -0.174872,
          -0.49991,
          0.848239,
          1.061206
        ],
        [
          -0.983817,
          0.122882,
          -0.130403,
          1.267589
        ],
        [
          -0.039044,
          -0.857316,
          -0.513308,
          1.310394
        ],
        [
          0.0,
          0.0,
          0.0,
          1.0
        ]
      ]
    },
    {
      "file_path": "/media/NFS/ttao/scannet/posed_images/scene0457_01/00261.jpg",
      "transform_matrix": [
        [
          -0.171953,
          -0.501469,
          0.847915,
          0.984625
        ],
        [
          -0.98444,
          0.119093,
          -0.129207,
          1.282789
        ],
        [
          -0.036188,
          -0.856939,
          -0.514145,
          1.299217
        ],
        [
          0.0,
          0.0,
          0.0,
          1.0
        ]
      ]
    },
    {
      "file_path": "/media/NFS/ttao/scannet/posed_images/scene0457_01/00274.jpg",
      "transform_matrix": [
        [
          -0.216862,
          -0.536531,
          0.81554,
          0.8511
        ],
        [
          -0.97523,
          0.156353,
          -0.156463,
          1.398395
        ],
        [
          -0.043565,
          -0.82927,
          -0.557148,
          1.317019
        ],
        [
          0.0,
          0.0,
          0.0,
          1.0
        ]
      ]
    },
    {
      "file_path": "/media/NFS/ttao/scannet/posed_images/scene0457_01/00281.jpg",
      "transform_matrix": [
        [
          -0.273448,
          -0.503609,
          0.819515,
          0.831421
        ],
        [
          -0.961847,
          0.150905,
          -0.228205,
          1.500628
        ],
        [
          -0.008743,
          -0.85065,
          -0.525659,
          1.320456
        ],
        [
          0.0,
          0.0,
          0.0,
          1.0
        ]
      ]
    },
    {
      "file_path": "/media/NFS/ttao/scannet/posed_images/scene0457_01/00283.jpg",
      "transform_matrix": [
        [
          -0.29023,
          -0.494098,
          0.819532,
          0.833967
        ],
        [
          -0.956932,
          0.155987,
          -0.244845,
          1.539971
        ],
        [
          -0.006859,
          -0.855298,
          -0.518091,
          1.316106
        ],
        [
          0.0,
          0.0,
          0.0,
          1.0
        ]
      ]
    },
    {
      "file_path": "/media/NFS/ttao/scannet/posed_images/scene0457_01/00296.jpg",
      "transform_matrix": [
        [
          -0.42336,
          -0.533262,
          0.732391,
          0.865107
        ],
        [
          -0.905887,
          0.238813,
          -0.349767,
          1.731308
        ],
        [
          0.011614,
          -0.811542,
          -0.584179,
          1.303576
        ],
        [
          0.0,
          0.0,
          0.0,
          1.0
        ]
      ]
    },
    {
      "file_path": "/media/NFS/ttao/scannet/posed_images/scene0457_01/00301.jpg",
      "transform_matrix": [
        [
          -0.474057,
          -0.510504,
          0.717394,
          0.855901
        ],
        [
          -0.880295,
          0.257463,
          -0.39849,
          1.776416
        ],
        [
          0.018729,
          -0.820426,
          -0.571446,
          1.305419
        ],
        [
          0.0,
          0.0,
          0.0,
          1.0
        ]
      ]
    },
    {
      "file_path": "/media/NFS/ttao/scannet/posed_images/scene0457_01/00312.jpg",
      "transform_matrix": [
        [
          -0.612821,
          -0.392959,
          0.685589,
          0.833371
        ],
        [
          -0.790055,
          0.322502,
          -0.521351,
          1.839767
        ],
        [
          -0.016234,
          -0.861148,
          -0.508095,
          1.34281
        ],
        [
          0.0,
          0.0,
          0.0,
          1.0
        ]
      ]
    },
    {
      "file_path": "/media/NFS/ttao/scannet/posed_images/scene0457_01/00318.jpg",
      "transform_matrix": [
        [
          -0.685247,
          -0.336711,
          0.645803,
          0.830389
        ],
        [
          -0.727461,
          0.359248,
          -0.584587,
          1.858698
        ],
        [
          -0.035167,
          -0.870383,
          -0.491118,
          1.370081
        ],
        [
          0.0,
          0.0,
          0.0,
          1.0
        ]
      ]
    },
    {
      "file_path": "/media/NFS/ttao/scannet/posed_images/scene0457_01/00325.jpg",
      "transform_matrix": [
        [
          -0.715229,
          -0.284916,
          0.638177,
          0.840367
        ],
        [
          -0.698626,
          0.31658,
          -0.641638,
          1.878283
        ],
        [
          -0.019221,
          -0.904765,
          -0.425477,
          1.40898
        ],
        [
          0.0,
          0.0,
          0.0,
          1.0
        ]
      ]
    },
    {
      "file_path": "/media/NFS/ttao/scannet/posed_images/scene0457_01/00327.jpg",
      "transform_matrix": [
        [
          -0.723659,
          -0.268361,
          0.635845,
          0.857593
        ],
        [
          -0.689956,
          0.303552,
          -0.657128,
          1.883409
        ],
        [
          -0.016664,
          -0.914242,
          -0.404826,
          1.423329
        ],
        [
          0.0,
          0.0,
          0.0,
          1.0
        ]
      ]
    },
    {
      "file_path": "/media/NFS/ttao/scannet/posed_images/scene0457_01/00340.jpg",
      "transform_matrix": [
        [
          -0.779396,
          -0.164503,
          0.60455,
          1.005104
        ],
        [
          -0.626308,
          0.230321,
          -0.744775,
          1.938533
        ],
        [
          -0.016723,
          -0.959109,
          -0.282541,
          1.450386
        ],
        [
          0.0,
          0.0,
          0.0,
          1.0
        ]
      ]
    },
    {
      "file_path": "/media/NFS/ttao/scannet/posed_images/scene0457_01/00343.jpg",
      "transform_matrix": [
        [
          -0.78688,
          -0.156118,
          0.597032,
          1.030249
        ],
        [
          -0.616931,
          0.222047,
          -0.755044,
          1.937111
        ],
        [
          -0.014694,
          -0.962456,
          -0.271038,
          1.488459
        ],
        [
          0.0,
          0.0,
          0.0,
          1.0
        ]
      ]
    },
    {
      "file_path": "/media/NFS/ttao/scannet/posed_images/scene0457_01/00351.jpg",
      "transform_matrix": [
        [
          -0.798028,
          -0.095461,
          0.595011,
          1.064444
        ],
        [
          -0.601854,
          0.176044,
          -0.778961,
          1.961694
        ],
        [
          -0.030388,
          -0.979743,
          -0.197941,
          1.52177
        ],
        [
          0.0,
          0.0,
          0.0,
          1.0
        ]
      ]
    },
    {
      "file_path": "/media/NFS/ttao/scannet/posed_images/scene0457_01/00358.jpg",
      "transform_matrix": [
        [
          -0.804749,
          -0.074813,
          0.588883,
          1.065914
        ],
        [
          -0.592869,
          0.151041,
          -0.791008,
          1.961566
        ],
        [
          -0.029767,
          -0.985693,
          -0.165904,
          1.554007
        ],
        [
          0.0,
          0.0,
          0.0,
          1.0
        ]
      ]
    },
    {
      "file_path": "/media/NFS/ttao/scannet/posed_images/scene0457_01/00367.jpg",
      "transform_matrix": [
        [
          -0.796669,
          -0.044291,
          0.602791,
          1.054339
        ],
        [
          -0.603971,
          0.096577,
          -0.791133,
          1.980301
        ],
        [
          -0.023176,
          -0.99434,
          -0.10369,
          1.599179
        ],
        [
          0.0,
          0.0,
          0.0,
          1.0
        ]
      ]
    },
    {
      "file_path": "/media/NFS/ttao/scannet/posed_images/scene0457_01/00378.jpg",
      "transform_matrix": [
        [
          -0.827077,
          -0.031959,
          0.561179,
          1.018666
        ],
        [
          -0.561559,
          0.090331,
          -0.822492,
          1.974187
        ],
        [
          -0.024406,
          -0.995399,
          -0.092658,
          1.565171
        ],
        [
          0.0,
          0.0,
          0.0,
          1.0
        ]
      ]
    },
    {
      "file_path": "/media/NFS/ttao/scannet/posed_images/scene0457_01/00384.jpg",
      "transform_matrix": [
        [
          -0.86152,
          -0.045014,
          0.505724,
          1.002329
        ],
        [
          -0.507203,
          0.121389,
          -0.853235,
          1.964648
        ],
        [
          -0.022982,
          -0.991584,
          -0.12741,
          1.539486
        ],
        [
          0.0,
          0.0,
          0.0,
          1.0
        ]
      ]
    },
    {
      "file_path": "/media/NFS/ttao/scannet/posed_images/scene0457_01/00386.jpg",
      "transform_matrix": [
        [
          -0.872491,
          -0.046229,
          0.486439,
          0.991684
        ],
        [
          -0.487791,
          0.140749,
          -0.86154,
          1.958052
        ],
        [
          -0.028638,
          -0.988965,
          -0.145353,
          1.527673
        ],
        [
          0.0,
          0.0,
          0.0,
          1.0
        ]
      ]
    },
    {
      "file_path": "/media/NFS/ttao/scannet/posed_images/scene0457_01/00400.jpg",
      "transform_matrix": [
        [
          -0.893289,
          -0.075458,
          0.443104,
          0.978187
        ],
        [
          -0.44652,
          0.261978,
          -0.855563,
          1.960738
        ],
        [
          -0.051524,
          -0.962119,
          -0.267716,
          1.489049
        ],
        [
          0.0,
          0.0,
          0.0,
          1.0
        ]
      ]
    },
    {
      "file_path": "/media/NFS/ttao/scannet/posed_images/scene0457_01/00406.jpg",
      "transform_matrix": [
        [
          -0.898627,
          -0.092717,
          0.428805,
          0.942938
        ],
        [
          -0.436097,
          0.295387,
          -0.850039,
          1.956069
        ],
        [
          -0.04785,
          -0.950868,
          -0.305876,
          1.473229
        ],
        [
          0.0,
          0.0,
          0.0,
          1.0
        ]
      ]
    },
    {
      "file_path": "/media/NFS/ttao/scannet/posed_images/scene0457_01/00411.jpg",
      "transform_matrix": [
        [
          -0.894016,
          -0.090982,
          0.4387,
          0.91636
        ],
        [
          -0.443299,
          0.321619,
          -0.836689,
          1.959777
        ],
        [
          -0.06497,
          -0.942488,
          -0.327865,
          1.453265
        ],
        [
          0.0,
          0.0,
          0.0,
          1.0
        ]
      ]
    },
    {
      "file_path": "/media/NFS/ttao/scannet/posed_images/scene0457_01/00422.jpg",
      "transform_matrix": [
        [
          -0.896388,
          -0.118329,
          0.427184,
          0.858995
        ],
        [
          -0.436707,
          0.400958,
          -0.805307,
          1.968994
        ],
        [
          -0.075992,
          -0.908422,
          -0.411089,
          1.39151
        ],
        [
          0.0,
          0.0,
          0.0,
          1.0
        ]
      ]
    },
    {
      "file_path": "/media/NFS/ttao/scannet/posed_images/scene0457_01/00428.jpg",
      "transform_matrix": [
        [
          -0.901484,
          -0.131242,
          0.412434,
          0.851468
        ],
        [
          -0.428992,
          0.397267,
          -0.811261,
          1.982609
        ],
        [
          -0.057375,
          -0.90827,
          -0.414432,
          1.385948
        ],
        [
          0.0,
          0.0,
          0.0,
          1.0
        ]
      ]
    },
    {
      "file_path": "/media/NFS/ttao/scannet/posed_images/scene0457_01/00430.jpg",
      "transform_matrix": [
        [
          -0.904549,
          -0.135251,
          0.404348,
          0.86612
        ],
        [
          -0.423258,
          0.399198,
          -0.813323,
          2.002296
        ],
        [
          -0.051412,
          -0.906834,
          -0.41834,
          1.384028
        ],
        [
          0.0,
          0.0,
          0.0,
          1.0
        ]
      ]
    },
    {
      "file_path": "/media/NFS/ttao/scannet/posed_images/scene0457_01/00439.jpg",
      "transform_matrix": [
        [
          -0.915563,
          -0.136457,
          0.378317,
          0.892798
        ],
        [
          -0.400071,
          0.405105,
          -0.822091,
          2.082309
        ],
        [
          -0.041078,
          -0.90403,
          -0.425492,
          1.371683
        ],
        [
          0.0,
          0.0,
          0.0,
          1.0
        ]
      ]
    },
    {
      "file_path": "/media/NFS/ttao/scannet/posed_images/scene0457_01/00446.jpg",
      "transform_matrix": [
        [
          -0.936382,
          -0.117647,
          0.330678,
          0.933777
        ],
        [
          -0.349433,
          0.400896,
          -0.846864,
          2.196646
        ],
        [
          -0.032936,
          -0.908538,
          -0.416502,
          1.372187
        ],
        [
          0.0,
          0.0,
          0.0,
          1.0
        ]
      ]
    },
    {
      "file_path": "/media/NFS/ttao/scannet/posed_images/scene0457_01/00457.jpg",
      "transform_matrix": [
        [
          -0.931928,
          -0.117962,
          0.342922,
          1.005753
        ],
        [
          -0.360342,
          0.407593,
          -0.83906,
          2.35043
        ],
        [
          -0.040795,
          -0.905513,
          -0.422354,
          1.375662
        ],
        [
          0.0,
          0.0,
          0.0,
          1.0
        ]
      ]
    },
    {
      "file_path": "/media/NFS/ttao/scannet/posed_images/scene0457_01/00459.jpg",
      "transform_matrix": [
        [
          -0.931826,
          -0.119928,
          0.342516,
          1.008901
        ],
        [
          -0.360969,
          0.403637,
          -0.840701,
          2.359512
        ],
        [
          -0.037429,
          -0.907025,
          -0.41941,
          1.376428
        ],
        [
          0.0,
          0.0,
          0.0,
          1.0
        ]
      ]
    },
    {
      "file_path": "/media/NFS/ttao/scannet/posed_images/scene0457_01/00472.jpg",
      "transform_matrix": [
        [
          -0.951424,
          -0.105366,
          0.289294,
          1.02077
        ],
        [
          -0.306155,
          0.423231,
          -0.852728,
          2.371819
        ],
        [
          -0.03259,
          -0.899874,
          -0.434931,
          1.370664
        ],
        [
          0.0,
          0.0,
          0.0,
          1.0
        ]
      ]
    },
    {
      "file_path": "/media/NFS/ttao/scannet/posed_images/scene0457_01/00479.jpg",
      "transform_matrix": [
        [
          -0.976907,
          -0.086996,
          0.195152,
          1.087978
        ],
        [
          -0.21352,
          0.431104,
          -0.876675,
          2.405345
        ],
        [
          -0.007864,
          -0.898099,
          -0.439724,
          1.361435
        ],
        [
          0.0,
          0.0,
          0.0,
          1.0
        ]
      ]
    },
    {
      "file_path": "/media/NFS/ttao/scannet/posed_images/scene0457_01/00488.jpg",
      "transform_matrix": [
        [
          -0.995389,
          -0.029319,
          0.091328,
          1.191286
        ],
        [
          -0.093423,
          0.512126,
          -0.853814,
          2.475905
        ],
        [
          -0.021738,
          -0.85841,
          -0.512504,
          1.346234
        ],
        [
          0.0,
          0.0,
          0.0,
          1.0
        ]
      ]
    },
    {
      "file_path": "/media/NFS/ttao/scannet/posed_images/scene0457_01/00492.jpg",
      "transform_matrix": [
        [
          -0.99887,
          -0.020824,
          0.042714,
          1.214606
        ],
        [
          -0.047304,
          0.521166,
          -0.852143,
          2.504124
        ],
        [
          -0.004516,
          -0.853201,
          -0.521562,
          1.338684
        ],
        [
          0.0,
          0.0,
          0.0,
          1.0
        ]
      ]
    },
    {
      "file_path": "/media/NFS/ttao/scannet/posed_images/scene0457_01/00496.jpg",
      "transform_matrix": [
        [
          -0.999934,
          -0.011492,
          0.00054,
          1.224685
        ],
        [
          -0.006456,
          0.521658,
          -0.85313,
          2.521155
        ],
        [
          0.009522,
          -0.853077,
          -0.521698,
          1.337684
        ],
        [
          0.0,
          0.0,
          0.0,
          1.0
        ]
      ]
    },
    {
      "file_path": "/media/NFS/ttao/scannet/posed_images/scene0457_01/00509.jpg",
      "transform_matrix": [
        [
          -0.99241,
          0.053183,
          -0.110875,
          1.308572
        ],
        [
          0.122798,
          0.476307,
          -0.870662,
          2.60521
        ],
        [
          0.006507,
          -0.877669,
          -0.479223,
          1.354621
        ],
        [
          0.0,
          0.0,
          0.0,
          1.0
        ]
      ]
    },
    {
      "file_path": "/media/NFS/ttao/scannet/posed_images/scene0457_01/00512.jpg",
      "transform_matrix": [
        [
          -0.988375,
          0.06941,
          -0.135265,
          1.337159
        ],
        [
          0.152015,
          0.465137,
          -0.872089,
          2.616975
        ],
        [
          0.002386,
          -0.882513,
          -0.470281,
          1.362245
        ],
        [
          0.0,
          0.0,
          0.0,
          1.0
        ]
      ]
    },
    {
      "file_path": "/media/NFS/ttao/scannet/posed_images/scene0457_01/00520.jpg",
      "transform_matrix": [
        [
          -0.969561,
          0.100621,
          -0.223221,
          1.391632
        ],
        [
          0.244732,
          0.426797,
          -0.870604,
          2.60698
        ],
        [
          0.007669,
          -0.898732,
          -0.43843,
          1.385722
        ],
        [
          0.0,
          0.0,
          0.0,
          1.0
        ]
      ]
    },
    {
      "file_path": "/media/NFS/ttao/scannet/posed_images/scene0457_01/00525.jpg",
      "transform_matrix": [
        [
          -0.954416,
          0.116851,
          -0.274657,
          1.447216
        ],
        [
          0.298405,
          0.394262,
          -0.869202,
          2.575258
        ],
        [
          0.00672,
          -0.911539,
          -0.411159,
          1.390053
        ],
        [
          0.0,
          0.0,
          0.0,
          1.0
        ]
      ]
    },
    {
      "file_path": "/media/NFS/ttao/scannet/posed_images/scene0457_01/00536.jpg",
      "transform_matrix": [
        [
          -0.931274,
          0.168305,
          -0.323111,
          1.559892
        ],
        [
          0.362744,
          0.346004,
          -0.865273,
          2.497015
        ],
        [
          -0.033832,
          -0.923014,
          -0.383276,
          1.427987
        ],
        [
          0.0,
          0.0,
          0.0,
          1.0
        ]
      ]
    },
    {
      "file_path": "/media/NFS/ttao/scannet/posed_images/scene0457_01/00545.jpg",
      "transform_matrix": [
        [
          -0.912423,
          0.168981,
          -0.372731,
          1.562672
        ],
        [
          0.407469,
          0.290295,
          -0.865851,
          2.480553
        ],
        [
          -0.038111,
          -0.941899,
          -0.333727,
          1.4682
        ],
        [
          0.0,
          0.0,
          0.0,
          1.0
        ]
      ]
    },
    {
      "file_path": "/media/NFS/ttao/scannet/posed_images/scene0457_01/00551.jpg",
      "transform_matrix": [
        [
          -0.908305,
          0.172465,
          -0.381101,
          1.559367
        ],
        [
          0.413921,
          0.238956,
          -0.87839,
          2.483279
        ],
        [
          -0.060425,
          -0.955592,
          -0.288432,
          1.514347
        ],
        [
          0.0,
          0.0,
          0.0,
          1.0
        ]
      ]
    },
    {
      "file_path": "/media/NFS/ttao/scannet/posed_images/scene0457_01/00558.jpg",
      "transform_matrix": [
        [
          -0.906666,
          0.163917,
          -0.388701,
          1.549644
        ],
        [
          0.415073,
          0.182153,
          -0.891367,
          2.477696
        ],
        [
          -0.075307,
          -0.969511,
          -0.233189,
          1.563323
        ],
        [
          0.0,
          0.0,
          0.0,
          1.0
        ]
      ]
    },
    {
      "file_path": "/media/NFS/ttao/scannet/posed_images/scene0457_01/00567.jpg",
      "transform_matrix": [
        [
          -0.887884,
          0.12364,
          -0.443142,
          1.56629
        ],
        [
          0.458093,
          0.148461,
          -0.876419,
