{
  "frames": [
    {
      "file_path": "/media/NFS/ttao/scannet/posed_images/scene0296_00/00000.jpg",
      "transform_matrix": [
        [
          0.149388,
          -0.277479,
          0.949046,
          3.957555
        ],
        [
          -0.988368,
          -0.014227,
          0.151417,
          4.270253
        ],
        [
          -0.028513,
          -0.960626,
          -0.276377,
          1.500182
        ],
        [
          0.0,
          0.0,
          0.0,
          1.0
        ]
      ]
    },
    {
      "file_path": "/media/NFS/ttao/scannet/posed_images/scene0296_00/00003.jpg",
      "transform_matrix": [
        [
          0.147342,
          -0.281045,
          0.948317,
          3.966071
        ],
        [
          -0.988757,
          -0.017146,
          0.148544,
          4.257706
        ],
        [
          -0.025487,
          -0.959542,
          -0.280411,
          1.506002
        ],
        [
          0.0,
          0.0,
          0.0,
          1.0
        ]
      ]
    },
    {
      "file_path": "/media/NFS/ttao/scannet/posed_images/scene0296_00/00008.jpg",
      "transform_matrix": [
        [
          0.144477,
          -0.258463,
          0.955156,
          3.982147
        ],
        [
          -0.989298,
          -0.017814,
          0.144821,
          4.257314
        ],
        [
          -0.020415,
          -0.965857,
          -0.258271,
          1.529733
        ],
        [
          0.0,
          0.0,
          0.0,
          1.0
        ]
      ]
    },
    {
      "file_path": "/media/NFS/ttao/scannet/posed_images/scene0296_00/00011.jpg",
      "transform_matrix": [
        [
          0.141501,
          -0.234943,
          0.961655,
          3.988143
        ],
        [
          -0.989765,
          -0.015413,
          0.141871,
          4.260947
        ],
        [
          -0.018509,
          -0.971887,
          -0.234719,
          1.54834
        ],
        [
          0.0,
          0.0,
          0.0,
          1.0
        ]
      ]
    },
    {
      "file_path": "/media/NFS/ttao/scannet/posed_images/scene0296_00/00012.jpg",
      "transform_matrix": [
        [
          0.142946,
          -0.225199,
          0.96377,
          3.991536
        ],
        [
          -0.989575,
          -0.015257,
          0.143208,
          4.252266
        ],
        [
          -0.017546,
          -0.974193,
          -0.225032,
          1.558228
        ],
        [
          0.0,
          0.0,
          0.0,
          1.0
        ]
      ]
    },
    {
      "file_path": "/media/NFS/ttao/scannet/posed_images/scene0296_00/00018.jpg",
      "transform_matrix": [
        [
          0.143777,
          -0.175575,
          0.973911,
          3.996263
        ],
        [
          -0.989608,
          -0.027395,
          0.141156,
          4.250968
        ],
        [
          0.001897,
          -0.984085,
          -0.177689,
          1.576633
        ],
        [
          0.0,
          0.0,
          0.0,
          1.0
        ]
      ]
    },
    {
      "file_path": "/media/NFS/ttao/scannet/posed_images/scene0296_00/00021.jpg",
      "transform_matrix": [
        [
          0.154217,
          -0.14918,
          0.97671,
          3.98987
        ],
        [
          -0.988037,
          -0.022525,
          0.152565,
          4.243658
        ],
        [
          -0.00076,
          -0.988554,
          -0.150869,
          1.582364
        ],
        [
          0.0,
          0.0,
          0.0,
          1.0
        ]
      ]
    },
    {
      "file_path": "/media/NFS/ttao/scannet/posed_images/scene0296_00/00024.jpg",
      "transform_matrix": [
        [
          0.153524,
          -0.13982,
          0.978203,
          3.98871
        ],
        [
          -0.988075,
          -0.009928,
          0.153655,
          4.253541
        ],
        [
          -0.011772,
          -0.990127,
          -0.139677,
          1.587708
        ],
        [
          0.0,
          0.0,
          0.0,
          1.0
        ]
      ]
    },
    {
      "file_path": "/media/NFS/ttao/scannet/posed_images/scene0296_00/00025.jpg",
      "transform_matrix": [
        [
          0.155714,
          -0.136736,
          0.978293,
          3.988973
        ],
        [
          -0.987666,
          -0.00507,
          0.156497,
          4.256595
        ],
        [
          -0.016438,
          -0.990595,
          -0.135839,
          1.583809
        ],
        [
          0.0,
          0.0,
          0.0,
          1.0
        ]
      ]
    },
    {
      "file_path": "/media/NFS/ttao/scannet/posed_images/scene0296_00/00029.jpg",
      "transform_matrix": [
        [
          0.169227,
          -0.156933,
          0.973003,
          3.982064
        ],
        [
          -0.98498,
          0.007439,
          0.17251,
          4.244518
        ],
        [
          -0.034311,
          -0.987581,
          -0.153317,
          1.53906
        ],
        [
          0.0,
          0.0,
          0.0,
          1.0
        ]
      ]
    },
    {
      "file_path": "/media/NFS/ttao/scannet/posed_images/scene0296_00/00032.jpg",
      "transform_matrix": [
        [
          0.187503,
          -0.211339,
          0.959259,
          3.976906
        ],
        [
          -0.981455,
          -0.000672,
          0.191693,
          4.241249
        ],
        [
          -0.039868,
          -0.977413,
          -0.207546,
          1.521687
        ],
        [
          0.0,
          0.0,
          0.0,
          1.0
        ]
      ]
    },
    {
      "file_path": "/media/NFS/ttao/scannet/posed_images/scene0296_00/00037.jpg",
      "transform_matrix": [
        [
          0.204437,
          -0.280761,
          0.937752,
          3.952896
        ],
        [
          -0.978504,
          -0.032063,
          0.203722,
          4.247634
        ],
        [
          -0.02713,
          -0.959242,
          -0.281281,
          1.475206
        ],
        [
          0.0,
          0.0,
          0.0,
          1.0
        ]
      ]
    },
    {
      "file_path": "/media/NFS/ttao/scannet/posed_images/scene0296_00/00041.jpg",
      "transform_matrix": [
        [
          0.21744,
          -0.323628,
          0.920861,
          3.922897
        ],
        [
          -0.97567,
          -0.044938,
          0.214589,
          4.240024
        ],
        [
          -0.028065,
          -0.945117,
          -0.325526,
          1.444297
        ],
        [
          0.0,
          0.0,
          0.0,
          1.0
        ]
      ]
    },
    {
      "file_path": "/media/NFS/ttao/scannet/posed_images/scene0296_00/00042.jpg",
      "transform_matrix": [
        [
          0.220921,
          -0.334768,
          0.916037,
          3.915242
        ],
        [
          -0.974919,
          -0.049826,
          0.216912,
          4.245032
        ],
        [
          -0.026973,
          -0.940982,
          -0.337379,
          1.441521
        ],
        [
          0.0,
          0.0,
          0.0,
          1.0
        ]
      ]
    },
    {
      "file_path": "/media/NFS/ttao/scannet/posed_images/scene0296_00/00045.jpg",
      "transform_matrix": [
        [
          0.22641,
          -0.355306,
          0.906916,
          3.884521
        ],
        [
          -0.973589,
          -0.054469,
          0.221716,
          4.24849
        ],
        [
          -0.029378,
          -0.933162,
          -0.358254,
          1.427092
        ],
        [
          0.0,
          0.0,
          0.0,
          1.0
        ]
      ]
    },
    {
      "file_path": "/media/NFS/ttao/scannet/posed_images/scene0296_00/00048.jpg",
      "transform_matrix": [
        [
          0.219036,
          -0.37644,
          0.900176,
          3.845452
        ],
        [
          -0.975214,
          -0.054856,
          0.214355,
          4.255141
        ],
        [
          -0.031312,
          -0.924816,
          -0.379125,
          1.410519
        ],
        [
          0.0,
          0.0,
          0.0,
          1.0
        ]
      ]
    },
    {
      "file_path": "/media/NFS/ttao/scannet/posed_images/scene0296_00/00051.jpg",
      "transform_matrix": [
        [
          0.206047,
          -0.394704,
          0.895407,
          3.798053
        ],
        [
          -0.977816,
          -0.047799,
          0.20394,
          4.252893
        ],
        [
          -0.037696,
          -0.917564,
          -0.395796,
          1.387863
        ],
        [
          0.0,
          0.0,
          0.0,
          1.0
        ]
      ]
    },
    {
      "file_path": "/media/NFS/ttao/scannet/posed_images/scene0296_00/00057.jpg",
      "transform_matrix": [
        [
          0.192844,
          -0.448817,
          0.872568,
          3.709624
        ],
        [
          -0.979315,
          -0.032513,
          0.199712,
          4.279937
        ],
        [
          -0.061264,
          -0.893032,
          -0.445803,
          1.370238
        ],
        [
          0.0,
          0.0,
          0.0,
          1.0
        ]
      ]
    },
    {
      "file_path": "/media/NFS/ttao/scannet/posed_images/scene0296_00/00060.jpg",
      "transform_matrix": [
        [
          0.200668,
          -0.472558,
          0.85815,
          3.665884
        ],
        [
          -0.977356,
          -0.036532,
          0.208425,
          4.290737
        ],
        [
          -0.067143,
          -0.880542,
          -0.469188,
          1.358319
        ],
        [
          0.0,
          0.0,
          0.0,
          1.0
        ]
      ]
    },
    {
      "file_path": "/media/NFS/ttao/scannet/posed_images/scene0296_00/00062.jpg",
      "transform_matrix": [
        [
          0.209902,
          -0.493912,
          0.843796,
          3.62009
        ],
        [
          -0.975804,
          -0.051793,
          0.212423,
          4.294584
        ],
        [
          -0.061216,
          -0.867968,
          -0.492833,
          1.349063
        ],
        [
          0.0,
          0.0,
          0.0,
          1.0
        ]
      ]
    },
    {
      "file_path": "/media/NFS/ttao/scannet/posed_images/scene0296_00/00064.jpg",
      "transform_matrix": [
        [
          0.217908,
          -0.497533,
          0.839629,
          3.599961
        ],
        [
          -0.974285,
          -0.060376,
          0.217079,
          4.298668
        ],
        [
          -0.057311,
          -0.865341,
          -0.497895,
          1.348511
        ],
        [
          0.0,
          0.0,
          0.0,
          1.0
        ]
      ]
    },
    {
      "file_path": "/media/NFS/ttao/scannet/posed_images/scene0296_00/00068.jpg",
      "transform_matrix": [
        [
          0.253488,
          -0.502709,
          0.826455,
          3.560789
        ],
        [
          -0.965761,
          -0.082741,
          0.245886,
          4.306338
        ],
        [
          -0.055227,
          -0.860487,
          -0.506471,
          1.347149
        ],
        [
          0.0,
          0.0,
          0.0,
          1.0
        ]
      ]
    },
    {
      "file_path": "/media/NFS/ttao/scannet/posed_images/scene0296_00/00071.jpg",
      "transform_matrix": [
        [
          0.285575,
          -0.500253,
          0.817431,
          3.539772
        ],
        [
          -0.956595,
          -0.097103,
          0.274767,
          4.311408
        ],
        [
          -0.058079,
          -0.860417,
          -0.50627,
          1.356293
        ],
        [
          0.0,
          0.0,
          0.0,
          1.0
        ]
      ]
    },
    {
      "file_path": "/media/NFS/ttao/scannet/posed_images/scene0296_00/00076.jpg",
      "transform_matrix": [
        [
          0.356665,
          -0.47755,
          0.802955,
          3.499635
        ],
        [
          -0.931362,
          -0.114431,
          0.345645,
          4.316638
        ],
        [
          -0.07318,
          -0.871121,
          -0.485585,
          1.372967
        ],
        [
          0.0,
          0.0,
          0.0,
          1.0
        ]
      ]
    },
    {
      "file_path": "/media/NFS/ttao/scannet/posed_images/scene0296_00/00077.jpg",
      "transform_matrix": [
        [
          0.376734,
          -0.47261,
          0.796688,
          3.496347
        ],
        [
          -0.92315,
          -0.120438,
          0.365089,
          4.31074
        ],
        [
          -0.076593,
          -0.873003,
          -0.481663,
          1.382049
        ],
        [
          0.0,
          0.0,
          0.0,
          1.0
        ]
      ]
    },
    {
      "file_path": "/media/NFS/ttao/scannet/posed_images/scene0296_00/00081.jpg",
      "transform_matrix": [
        [
          0.430649,
          -0.445627,
          0.78483,
          3.470356
        ],
        [
          -0.900015,
          -0.147309,
          0.410211,
          4.311491
        ],
        [
          -0.067188,
          -0.883016,
          -0.464509,
          1.405993
        ],
        [
          0.0,
          0.0,
          0.0,
          1.0
        ]
      ]
    },
    {
      "file_path": "/media/NFS/ttao/scannet/posed_images/scene0296_00/00086.jpg",
      "transform_matrix": [
        [
          0.490041,
          -0.388586,
          0.780295,
          3.445529
        ],
        [
          -0.870107,
          -0.163977,
          0.464785,
          4.323313
        ],
        [
          -0.052659,
          -0.906704,
          -0.418467,
          1.441733
        ],
        [
          0.0,
          0.0,
          0.0,
          1.0
        ]
      ]
    },
    {
      "file_path": "/media/NFS/ttao/scannet/posed_images/scene0296_00/00088.jpg",
      "transform_matrix": [
        [
          0.512189,
          -0.360598,
          0.779507,
          3.435688
        ],
        [
          -0.857567,
          -0.164684,
          0.487297,
          4.325179
        ],
        [
          -0.047346,
          -0.918068,
          -0.393586,
          1.45215
        ],
        [
          0.0,
          0.0,
          0.0,
          1.0
        ]
      ]
    },
    {
      "file_path": "/media/NFS/ttao/scannet/posed_images/scene0296_00/00093.jpg",
      "transform_matrix": [
        [
          0.549529,
          -0.30155,
          0.779157,
          3.409855
        ],
        [
          -0.834962,
          -0.165573,
          0.524808,
          4.349409
        ],
        [
          -0.029249,
          -0.938964,
          -0.34277,
          1.473509
        ],
        [
          0.0,
          0.0,
          0.0,
          1.0
        ]
      ]
    },
    {
      "file_path": "/media/NFS/ttao/scannet/posed_images/scene0296_00/00096.jpg",
      "transform_matrix": [
        [
          0.562609,
          -0.278396,
          0.778439,
          3.409373
        ],
        [
          -0.826212,
          -0.156236,
          0.541262,
          4.355011
        ],
        [
          -0.029065,
          -0.947674,
          -0.317913,
          1.496484
        ],
        [
          0.0,
          0.0,
          0.0,
          1.0
        ]
      ]
    },
    {
      "file_path": "/media/NFS/ttao/scannet/posed_images/scene0296_00/00099.jpg",
      "transform_matrix": [
        [
          0.566381,
          -0.261859,
          0.781436,
          3.411673
        ],
        [
          -0.823512,
          -0.142714,
          0.549054,
          4.365682
        ],
        [
          -0.032253,
          -0.954496,
          -0.296474,
          1.512784
        ],
        [
          0.0,
          0.0,
          0.0,
          1.0
        ]
      ]
    },
    {
      "file_path": "/media/NFS/ttao/scannet/posed_images/scene0296_00/00100.jpg",
      "transform_matrix": [
        [
          0.564846,
          -0.256209,
          0.784415,
          3.405922
        ],
        [
          -0.824453,
          -0.134858,
          0.549628,
          4.361936
        ],
        [
          -0.035035,
          -0.957168,
          -0.287406,
          1.507968
        ],
        [
          0.0,
          0.0,
          0.0,
          1.0
        ]
      ]
    },
    {
      "file_path": "/media/NFS/ttao/scannet/posed_images/scene0296_00/00104.jpg",
      "transform_matrix": [
        [
          0.54099,
          -0.242072,
          0.805438,
          3.407732
        ],
        [
          -0.839875,
          -0.105347,
          0.532458,
          4.387731
        ],
        [
          -0.044043,
          -0.964522,
          -0.260302,
          1.533493
        ],
        [
          0.0,
          0.0,
          0.0,
          1.0
        ]
      ]
    },
    {
      "file_path": "/media/NFS/ttao/scannet/posed_images/scene0296_00/00109.jpg",
      "transform_matrix": [
        [
          0.531815,
          -0.221944,
          0.81726,
          3.410944
        ],
        [
          -0.844862,
          -0.072785,
          0.53001,
          4.398302
        ],
        [
          -0.058149,
          -0.972339,
          -0.22622,
          1.55268
        ],
        [
          0.0,
          0.0,
          0.0,
          1.0
        ]
      ]
    },
    {
      "file_path": "/media/NFS/ttao/scannet/posed_images/scene0296_00/00112.jpg",
      "transform_matrix": [
        [
          0.535161,
          -0.209164,
          0.818446,
          3.41764
        ],
        [
          -0.842987,
          -0.069665,
          0.533404,
          4.404195
        ],
        [
          -0.054552,
          -0.975396,
          -0.213604,
          1.57515
        ],
        [
          0.0,
          0.0,
          0.0,
          1.0
        ]
      ]
    },
    {
      "file_path": "/media/NFS/ttao/scannet/posed_images/scene0296_00/00115.jpg",
      "transform_matrix": [
        [
          0.535918,
          -0.189121,
          0.822816,
          3.413431
        ],
        [
          -0.842851,
          -0.063367,
          0.534403,
          4.406926
        ],
        [
          -0.048927,
          -0.979907,
          -0.19336,
          1.578083
        ],
        [
          0.0,
          0.0,
          0.0,
          1.0
        ]
      ]
    },
    {
      "file_path": "/media/NFS/ttao/scannet/posed_images/scene0296_00/00116.jpg",
      "transform_matrix": [
        [
          0.534791,
          -0.18635,
          0.82418,
          3.411247
        ],
        [
          -0.843631,
          -0.06257,
          0.533265,
          4.41047
        ],
        [
          -0.047805,
          -0.980489,
          -0.190672,
          1.583013
        ],
        [
          0.0,
          0.0,
          0.0,
          1.0
        ]
      ]
    },
    {
      "file_path": "/media/NFS/ttao/scannet/posed_images/scene0296_00/00122.jpg",
      "transform_matrix": [
        [
          0.54007,
          -0.169073,
          0.824463,
          3.412921
        ],
        [
          -0.84049,
          -0.057594,
          0.538757,
          4.402719
        ],
        [
          -0.043605,
          -0.983919,
          -0.173209,
          1.593725
        ],
        [
          0.0,
          0.0,
          0.0,
          1.0
        ]
      ]
    },
    {
      "file_path": "/media/NFS/ttao/scannet/posed_images/scene0296_00/00123.jpg",
      "transform_matrix": [
        [
          0.541416,
          -0.1685,
          0.823697,
          3.40997
        ],
        [
          -0.839611,
          -0.057284,
          0.540158,
          4.401321
        ],
        [
          -0.043832,
          -0.984036,
          -0.172489,
          1.594314
        ],
        [
          0.0,
          0.0,
          0.0,
          1.0
        ]
      ]
    },
    {
      "file_path": "/media/NFS/ttao/scannet/posed_images/scene0296_00/00126.jpg",
      "transform_matrix": [
        [
          0.5542,
          -0.164314,
          0.816005,
          3.39234
        ],
        [
          -0.831473,
          -0.063441,
          0.551931,
          4.405567
        ],
        [
          -0.038922,
          -0.984366,
          -0.171782,
          1.581659
        ],
        [
          0.0,
          0.0,
          0.0,
          1.0
        ]
      ]
    },
    {
      "file_path": "/media/NFS/ttao/scannet/posed_images/scene0296_00/00129.jpg",
      "transform_matrix": [
        [
          0.568193,
          -0.185045,
          0.80182,
          3.384248
        ],
        [
          -0.822052,
          -0.083525,
          0.563253,
          4.390567
        ],
        [
          -0.037256,
          -0.979174,
          -0.199575,
          1.542598
        ],
        [
          0.0,
          0.0,
          0.0,
          1.0
        ]
      ]
    },
    {
      "file_path": "/media/NFS/ttao/scannet/posed_images/scene0296_00/00133.jpg",
      "transform_matrix": [
        [
          0.573678,
          -0.229313,
          0.786326,
          3.366628
        ],
        [
          -0.818773,
          -0.134205,
          0.558212,
          4.38869
        ],
        [
          -0.022476,
          -0.964056,
          -0.264746,
          1.489992
        ],
        [
          0.0,
          0.0,
          0.0,
          1.0
        ]
      ]
    },
    {
      "file_path": "/media/NFS/ttao/scannet/posed_images/scene0296_00/00137.jpg",
      "transform_matrix": [
        [
          0.596131,
          -0.298823,
          0.745206,
          3.366335
        ],
        [
          -0.80136,
          -0.164225,
          0.575198,
          4.371825
        ],
        [
          -0.049501,
          -0.940072,
          -0.337364,
          1.447773
        ],
        [
          0.0,
          0.0,
          0.0,
          1.0
        ]
      ]
    },
    {
      "file_path": "/media/NFS/ttao/scannet/posed_images/scene0296_00/00139.jpg",
      "transform_matrix": [
        [
          0.607595,
          -0.325753,
          0.724371,
          3.368957
        ],
        [
          -0.792125,
          -0.181918,
          0.582618,
          4.359521
        ],
        [
          -0.058013,
          -0.927788,
          -0.36857,
          1.437285
        ],
        [
          0.0,
          0.0,
          0.0,
          1.0
        ]
      ]
    },
    {
      "file_path": "/media/NFS/ttao/scannet/posed_images/scene0296_00/00142.jpg",
      "transform_matrix": [
        [
          0.609108,
          -0.347225,
          0.713037,
          3.359207
        ],
        [
          -0.790982,
          -0.200502,
          0.578055,
          4.346394
        ],
        [
          -0.05775,
          -0.916097,
          -0.396776,
          1.404882
        ],
        [
          0.0,
          0.0,
          0.0,
          1.0
        ]
      ]
    },
    {
      "file_path": "/media/NFS/ttao/scannet/posed_images/scene0296_00/00146.jpg",
      "transform_matrix": [
        [
          0.619627,
          -0.384854,
          0.684068,
          3.350674
        ],
        [
          -0.782046,
          -0.228508,
          0.579818,
          4.336291
        ],
        [
          -0.066831,
          -0.894244,
          -0.442563,
          1.382477
        ],
        [
          0.0,
          0.0,
          0.0,
          1.0
        ]
      ]
    },
    {
      "file_path": "/media/NFS/ttao/scannet/posed_images/scene0296_00/00150.jpg",
      "transform_matrix": [
        [
          0.629698,
          -0.409787,
          0.659966,
          3.346973
        ],
        [
          -0.773625,
          -0.253587,
          0.580687,
          4.331293
        ],
        [
          -0.070599,
          -0.876224,
          -0.476705,
          1.37787
        ],
        [
          0.0,
          0.0,
          0.0,
          1.0
        ]
      ]
    },
    {
      "file_path": "/media/NFS/ttao/scannet/posed_images/scene0296_00/00152.jpg",
      "transform_matrix": [
        [
          0.629241,
          -0.413065,
          0.658356,
          3.342503
        ],
        [
          -0.774401,
          -0.261251,
          0.576239,
          4.319453
        ],
        [
          -0.066028,
          -0.872425,
          -0.484268,
          1.366451
        ],
        [
          0.0,
          0.0,
          0.0,
          1.0
        ]
      ]
    },
    {
      "file_path": "/media/NFS/ttao/scannet/posed_images/scene0296_00/00158.jpg",
      "transform_matrix": [
        [
          0.613713,
          -0.429087,
          0.662753,
          3.328405
        ],
        [
          -0.788084,
          -0.282149,
          0.547098,
          4.312249
        ],
        [
          -0.047757,
          -0.858066,
          -0.511315,
          1.353334
        ],
        [
          0.0,
          0.0,
          0.0,
          1.0
        ]
      ]
    },
    {
      "file_path": "/media/NFS/ttao/scannet/posed_images/scene0296_00/00161.jpg",
      "transform_matrix": [
        [
          0.604277,
          -0.439781,
          0.664412,
          3.31742
        ],
        [
          -0.795704,
          -0.289867,
          0.53182,
          4.315462
        ],
        [
          -0.041293,
          -0.850041,
          -0.525095,
          1.353472
        ],
        [
          0.0,
          0.0,
          0.0,
          1.0
        ]
      ]
    },
    {
      "file_path": "/media/NFS/ttao/scannet/posed_images/scene0296_00/00162.jpg",
      "transform_matrix": [
        [
          0.60385,
          -0.441191,
          0.663864,
          3.313351
        ],
        [
          -0.796039,
          -0.290882,
          0.530763,
          4.312287
        ],
        [
          -0.041061,
          -0.848963,
          -0.526855,
          1.352446
        ],
        [
          0.0,
          0.0,
          0.0,
          1.0
        ]
      ]
    },
    {
      "file_path": "/media/NFS/ttao/scannet/posed_images/scene0296_00/00165.jpg",
      "transform_matrix": [
        [
          0.59412,
          -0.445821,
          0.669526,
          3.298467
        ],
        [
          -0.803584,
          -0.292022,
          0.518628,
          4.3061
        ],
        [
          -0.035699,
          -0.846148,
          -0.531751,
          1.349622
        ],
        [
          0.0,
          0.0,
          0.0,
          1.0
        ]
      ]
    },
    {
      "file_path": "/media/NFS/ttao/scannet/posed_images/scene0296_00/00171.jpg",
      "transform_matrix": [
        [
          0.50108,
          -0.477778,
          0.721559,
          3.301038
        ],
        [
          -0.864502,
          -0.238354,
          0.442519,
          4.252017
        ],
        [
          -0.039439,
          -0.845527,
          -0.532475,
          1.347908
        ],
        [
          0.0,
          0.0,
          0.0,
          1.0
        ]
      ]
    },
    {
      "file_path": "/media/NFS/ttao/scannet/posed_images/scene0296_00/00174.jpg",
      "transform_matrix": [
        [
          0.433714,
          -0.490855,
          0.755615,
          3.306444
        ],
        [
          -0.90034,
          -0.202793,
          0.385048,
          4.225193
        ],
        [
          -0.035769,
          -0.847311,
          -0.529891,
          1.351061
        ],
        [
          0.0,
          0.0,
          0.0,
          1.0
        ]
      ]
    },
    {
      "file_path": "/media/NFS/ttao/scannet/posed_images/scene0296_00/00175.jpg",
      "transform_matrix": [
        [
          0.412287,
          -0.490911,
          0.76748,
          3.308375
        ],
        [
          -0.910532,
          -0.193499,
          0.365363,
          4.215775
        ],
        [
          -0.030855,
          -0.849449,
          -0.526767,
          1.349134
        ],
        [
          0.0,
          0.0,
          0.0,
          1.0
        ]
      ]
    },
    {
      "file_path": "/media/NFS/ttao/scannet/posed_images/scene0296_00/00179.jpg",
      "transform_matrix": [
        [
          0.335099,
          -0.495683,
          0.801253,
          3.321812
        ],
        [
          -0.941779,
          -0.151322,
          0.300256,
          4.175848
        ],
        [
          -0.027584,
          -0.855219,
          -0.517532,
          1.354623
        ],
        [
          0.0,
          0.0,
          0.0,
          1.0
        ]
      ]
    },
    {
      "file_path": "/media/NFS/ttao/scannet/posed_images/scene0296_00/00184.jpg",
      "transform_matrix": [
        [
          0.256501,
          -0.498477,
          0.828087,
          3.348823
        ],
        [
          -0.965742,
          -0.097273,
          0.240584,
          4.1381
        ],
        [
          -0.039375,
          -0.861428,
          -0.506351,
          1.365657
        ],
        [
          0.0,
          0.0,
          0.0,
          1.0
        ]
      ]
    },
    {
      "file_path": "/media/NFS/ttao/scannet/posed_images/scene0296_00/00187.jpg",
      "transform_matrix": [
        [
          0.224542,
          -0.491685,
          0.841325,
          3.367491
        ],
        [
          -0.973404,
          -0.072906,
          0.217185,
          4.108248
        ],
        [
          -0.045449,
          -0.867716,
          -0.494978,
          1.36932
        ],
        [
          0.0,
          0.0,
          0.0,
          1.0
        ]
      ]
    },
    {
      "file_path": "/media/NFS/ttao/scannet/posed_images/scene0296_00/00190.jpg",
      "transform_matrix": [
        [
          0.198511,
          -0.479823,
          0.854613,
          3.391649
        ],
        [
          -0.979064,
          -0.057031,
          0.195399,
          4.076845
        ],
        [
          -0.045017,
          -0.87551,
          -0.481099,
          1.377539
        ],
        [
          0.0,
          0.0,
          0.0,
          1.0
        ]
      ]
    },
    {
      "file_path": "/media/NFS/ttao/scannet/posed_images/scene0296_00/00193.jpg",
      "transform_matrix": [
        [
          0.177985,
          -0.468345,
          0.865433,
          3.417137
        ],
        [
          -0.9827,
          -0.038837,
          0.181084,
          4.047332
        ],
        [
          -0.051199,
          -0.882692,
          -0.467155,
          1.38013
        ],
        [
          0.0,
          0.0,
          0.0,
          1.0
        ]
      ]
    },
    {
      "file_path": "/media/NFS/ttao/scannet/posed_images/scene0296_00/00194.jpg",
      "transform_matrix": [
        [
          0.173057,
          -0.466369,
          0.867497,
          3.429471
        ],
        [
          -0.983643,
          -0.037138,
          0.176261,
          4.033377
        ],
        [
          -0.049985,
          -0.88381,
          -0.465168,
          1.384688
        ],
        [
          0.0,
          0.0,
          0.0,
          1.0
        ]
      ]
    },
    {
      "file_path": "/media/NFS/ttao/scannet/posed_images/scene0296_00/00200.jpg",
      "transform_matrix": [
        [
          0.124298,
          -0.433987,
          0.892303,
          3.487767
        ],
        [
          -0.99133,
          -0.01571,
          0.130451,
          3.996768
        ],
        [
          -0.042596,
          -0.900782,
          -0.432177,
          1.404498
        ],
        [
          0.0,
          0.0,
          0.0,
          1.0
        ]
      ]
    },
    {
      "file_path": "/media/NFS/ttao/scannet/posed_images/scene0296_00/00203.jpg",
      "transform_matrix": [
        [
          0.113554,
          -0.422108,
          0.899406,
          3.515845
        ],
        [
          -0.992248,
          -0.002182,
          0.124252,
          3.969139
        ],
        [
          -0.050485,
          -0.906543,
          -0.419084,
          1.410945
        ],
        [
          0.0,
          0.0,
          0.0,
          1.0
        ]
      ]
    },
    {
      "file_path": "/media/NFS/ttao/scannet/posed_images/scene0296_00/00204.jpg",
      "transform_matrix": [
        [
          0.107385,
          -0.423054,
          0.899719,
          3.524806
        ],
        [
          -0.992871,
          0.001453,
          0.119186,
          3.965202
        ],
        [
          -0.051729,
          -0.906103,
          -0.419882,
          1.415075
        ],
        [
          0.0,
          0.0,
          0.0,
          1.0
        ]
      ]
    },
    {
      "file_path": "/media/NFS/ttao/scannet/posed_images/scene0296_00/00208.jpg",
      "transform_matrix": [
        [
          0.081385,
          -0.414888,
          0.906225,
          3.56201
        ],
        [
          -0.995109,
          0.017248,
          0.097264,
          3.939785
        ],
        [
          -0.055984,
          -0.909709,
          -0.411456,
          1.429626
        ],
        [
          0.0,
          0.0,
          0.0,
          1.0
        ]
      ]
    },
    {
      "file_path": "/media/NFS/ttao/scannet/posed_images/scene0296_00/00211.jpg",
      "transform_matrix": [
        [
          0.060344,
          -0.398733,
          0.91508,
          3.572259
        ],
        [
          -0.996339,
          0.031556,
          0.079452,
          3.931593
        ],
        [
          -0.060557,
          -0.916524,
          -0.395369,
          1.428556
        ],
        [
          0.0,
          0.0,
          0.0,
          1.0
        ]
      ]
    },
    {
      "file_path": "/media/NFS/ttao/scannet/posed_images/scene0296_00/00214.jpg",
      "transform_matrix": [
        [
          0.041924,
          -0.385766,
          0.921644,
          3.589556
        ],
        [
          -0.997361,
          0.038571,
          0.061512,
          3.927397
        ],
        [
          -0.059278,
          -0.92179,
          -0.383131,
          1.438395
        ],
        [
          0.0,
          0.0,
          0.0,
          1.0
        ]
      ]
    },
    {
      "file_path": "/media/NFS/ttao/scannet/posed_images/scene0296_00/00217.jpg",
      "transform_matrix": [
        [
          0.022666,
          -0.371043,
          0.928339,
          3.607932
        ],
        [
          -0.997895,
          0.048035,
          0.043564,
          3.929105
        ],
        [
          -0.060756,
          -0.927373,
          -0.369173,
          1.451052
        ],
        [
          0.0,
          0.0,
          0.0,
          1.0
        ]
      ]
    },
    {
      "file_path": "/media/NFS/ttao/scannet/posed_images/scene0296_00/00220.jpg",
      "transform_matrix": [
        [
          0.010243,
          -0.349235,
          0.936979,
          3.619138
        ],
        [
          -0.997527,
          0.061593,
          0.033862,
          3.936331
        ],
        [
          -0.069537,
          -0.935009,
          -0.34774,
          1.47123
        ],
        [
          0.0,
          0.0,
          0.0,
          1.0
        ]
      ]
    },
    {
      "file_path": "/media/NFS/ttao/scannet/posed_images/scene0296_00/00224.jpg",
      "transform_matrix": [
        [
          -0.020087,
          -0.308236,
          0.951098,
          3.629021
        ],
        [
          -0.997204,
          0.074666,
          0.003137,
          3.950479
        ],
        [
          -0.071982,
          -0.948375,
          -0.308873,
          1.485166
        ],
        [
          0.0,
          0.0,
          0.0,
          1.0
        ]
      ]
    },
    {
      "file_path": "/media/NFS/ttao/scannet/posed_images/scene0296_00/00227.jpg",
      "transform_matrix": [
        [
          -0.059359,
          -0.28056,
          0.957999,
          3.634639
        ],
        [
          -0.996136,
          0.078872,
          -0.038623,
          3.963016
        ],
        [
          -0.064723,
          -0.95659,
          -0.284158,
          1.494786
        ],
        [
          0.0,
          0.0,
          0.0,
          1.0
        ]
      ]
    },
    {
      "file_path": "/media/NFS/ttao/scannet/posed_images/scene0296_00/00232.jpg",
      "transform_matrix": [
        [
          -0.132882,
          -0.241894,
          0.961161,
          3.652582
        ],
        [
          -0.988953,
          0.096627,
          -0.112407,
          4.006759
        ],
        [
          -0.065683,
          -0.965479,
          -0.252062,
          1.520751
        ],
        [
          0.0,
          0.0,
          0.0,
          1.0
        ]
      ]
    },
    {
      "file_path": "/media/NFS/ttao/scannet/posed_images/scene0296_00/00235.jpg",
      "transform_matrix": [
        [
          -0.177943,
          -0.223117,
          0.958413,
          3.663395
        ],
        [
          -0.981863,
          0.105021,
          -0.157848,
          4.022425
        ],
        [
          -0.065435,
          -0.969118,
          -0.237759,
          1.528538
        ],
        [
          0.0,
          0.0,
          0.0,
          1.0
        ]
      ]
    },
    {
      "file_path": "/media/NFS/ttao/scannet/posed_images/scene0296_00/00237.jpg",
      "transform_matrix": [
        [
          -0.208296,
          -0.212678,
          0.954663,
          3.672697
        ],
        [
          -0.976104,
          0.107003,
          -0.189136,
          4.030896
        ],
        [
          -0.061926,
          -0.971246,
          -0.229884,
          1.541583
        ],
        [
          0.0,
          0.0,
          0.0,
          1.0
        ]
      ]
    },
    {
      "file_path": "/media/NFS/ttao/scannet/posed_images/scene0296_00/00242.jpg",
      "transform_matrix": [
        [
          -0.26436,
          -0.181139,
          0.94726,
          3.684353
        ],
        [
          -0.96359,
          0.090453,
          -0.251621,
          4.051524
        ],
        [
          -0.040104,
          -0.979289,
          -0.198456,
          1.567688
        ],
        [
          0.0,
          0.0,
          0.0,
          1.0
        ]
      ]
    },
    {
      "file_path": "/media/NFS/ttao/scannet/posed_images/scene0296_00/00245.jpg",
      "transform_matrix": [
        [
          -0.279023,
          -0.165414,
          0.94593,
          3.683294
        ],
        [
          -0.959863,
          0.077214,
          -0.269631,
          4.057497
        ],
        [
          -0.028438,
          -0.983197,
          -0.180319,
          1.5772
        ],
        [
          0.0,
          0.0,
          0.0,
          1.0
        ]
      ]
    },
    {
      "file_path": "/media/NFS/ttao/scannet/posed_images/scene0296_00/00248.jpg",
      "transform_matrix": [
        [
          -0.285074,
          -0.151681,
          0.946428,
          3.683916
        ],
        [
          -0.958335,
          0.063748,
          -0.278444,
          4.064659
        ],
        [
          -0.018098,
          -0.986372,
          -0.163534,
          1.587428
        ],
        [
          0.0,
          0.0,
          0.0,
          1.0
        ]
      ]
    },
    {
      "file_path": "/media/NFS/ttao/scannet/posed_images/scene0296_00/00251.jpg",
      "transform_matrix": [
        [
          -0.280567,
          -0.138155,
          0.94984,
          3.679434
        ],
        [
          -0.959703,
          0.056745,
          -0.275227,
          4.059285
        ],
        [
