{
  "frames": [
    {
      "file_path": "/media/NFS/ttao/scannet/posed_images/scene0295_01/00000.jpg",
      "transform_matrix": [
        [
          -0.744532,
          -0.443624,
          0.498869,
          3.572387
        ],
        [
          -0.66686,
          0.529066,
          -0.524773,
          2.482839
        ],
        [
          -0.031132,
          -0.723386,
          -0.689741,
          1.330454
        ],
        [
          0.0,
          0.0,
          0.0,
          1.0
        ]
      ]
    },
    {
      "file_path": "/media/NFS/ttao/scannet/posed_images/scene0295_01/00003.jpg",
      "transform_matrix": [
        [
          -0.745049,
          -0.46182,
          0.481273,
          3.548696
        ],
        [
          -0.666665,
          0.538769,
          -0.515059,
          2.470844
        ],
        [
          -0.021431,
          -0.704592,
          -0.709289,
          1.325216
        ],
        [
          0.0,
          0.0,
          0.0,
          1.0
        ]
      ]
    },
    {
      "file_path": "/media/NFS/ttao/scannet/posed_images/scene0295_01/00006.jpg",
      "transform_matrix": [
        [
          -0.752384,
          -0.466561,
          0.465016,
          3.534574
        ],
        [
          -0.658358,
          0.556181,
          -0.507176,
          2.460721
        ],
        [
          -0.022005,
          -0.687737,
          -0.725626,
          1.323107
        ],
        [
          0.0,
          0.0,
          0.0,
          1.0
        ]
      ]
    },
    {
      "file_path": "/media/NFS/ttao/scannet/posed_images/scene0295_01/00008.jpg",
      "transform_matrix": [
        [
          -0.754781,
          -0.463882,
          0.46381,
          3.52646
        ],
        [
          -0.655485,
          0.560735,
          -0.505881,
          2.459121
        ],
        [
          -0.025406,
          -0.68585,
          -0.727299,
          1.320417
        ],
        [
          0.0,
          0.0,
          0.0,
          1.0
        ]
      ]
    },
    {
      "file_path": "/media/NFS/ttao/scannet/posed_images/scene0295_01/00010.jpg",
      "transform_matrix": [
        [
          -0.747265,
          -0.471939,
          0.467834,
          3.514435
        ],
        [
          -0.663822,
          0.562533,
          -0.492846,
          2.446316
        ],
        [
          -0.030579,
          -0.678845,
          -0.733645,
          1.326712
        ],
        [
          0.0,
          0.0,
          0.0,
          1.0
        ]
      ]
    },
    {
      "file_path": "/media/NFS/ttao/scannet/posed_images/scene0295_01/00013.jpg",
      "transform_matrix": [
        [
          -0.748574,
          -0.464827,
          0.472835,
          3.508181
        ],
        [
          -0.662132,
          0.561596,
          -0.496177,
          2.444666
        ],
        [
          -0.034906,
          -0.684504,
          -0.728173,
          1.330313
        ],
        [
          0.0,
          0.0,
          0.0,
          1.0
        ]
      ]
    },
    {
      "file_path": "/media/NFS/ttao/scannet/posed_images/scene0295_01/00014.jpg",
      "transform_matrix": [
        [
          -0.749293,
          -0.463437,
          0.473061,
          3.505833
        ],
        [
          -0.661363,
          0.560383,
          -0.498567,
          2.444875
        ],
        [
          -0.034041,
          -0.686438,
          -0.726391,
          1.330859
        ],
        [
          0.0,
          0.0,
          0.0,
          1.0
        ]
      ]
    },
    {
      "file_path": "/media/NFS/ttao/scannet/posed_images/scene0295_01/00016.jpg",
      "transform_matrix": [
        [
          -0.756306,
          -0.460161,
          0.46503,
          3.503194
        ],
        [
          -0.653609,
          0.562137,
          -0.506751,
          2.445586
        ],
        [
          -0.028223,
          -0.687207,
          -0.725913,
          1.33049
        ],
        [
          0.0,
          0.0,
          0.0,
          1.0
        ]
      ]
    },
    {
      "file_path": "/media/NFS/ttao/scannet/posed_images/scene0295_01/00020.jpg",
      "transform_matrix": [
        [
          -0.780001,
          -0.442263,
          0.442721,
          3.503963
        ],
        [
          -0.625406,
          0.575304,
          -0.527154,
          2.441905
        ],
        [
          -0.021558,
          -0.688061,
          -0.725332,
          1.333067
        ],
        [
          0.0,
          0.0,
          0.0,
          1.0
        ]
      ]
    },
    {
      "file_path": "/media/NFS/ttao/scannet/posed_images/scene0295_01/00021.jpg",
      "transform_matrix": [
        [
          -0.78597,
          -0.438052,
          0.436305,
          3.507992
        ],
        [
          -0.617995,
          0.577492,
          -0.533465,
          2.442076
        ],
        [
          -0.018277,
          -0.688921,
          -0.724605,
          1.335091
        ],
        [
          0.0,
          0.0,
          0.0,
          1.0
        ]
      ]
    },
    {
      "file_path": "/media/NFS/ttao/scannet/posed_images/scene0295_01/00023.jpg",
      "transform_matrix": [
        [
          -0.797406,
          -0.431455,
          0.42189,
          3.514973
        ],
        [
          -0.603382,
          0.580074,
          -0.547215,
          2.437327
        ],
        [
          -0.008629,
          -0.690913,
          -0.722886,
          1.33998
        ],
        [
          0.0,
          0.0,
          0.0,
          1.0
        ]
      ]
    },
    {
      "file_path": "/media/NFS/ttao/scannet/posed_images/scene0295_01/00025.jpg",
      "transform_matrix": [
        [
          -0.811941,
          -0.422784,
          0.402499,
          3.522648
        ],
        [
          -0.583731,
          0.584388,
          -0.563692,
          2.432748
        ],
        [
          0.003104,
          -0.692636,
          -0.721281,
          1.345659
        ],
        [
          0.0,
          0.0,
          0.0,
          1.0
        ]
      ]
    },
    {
      "file_path": "/media/NFS/ttao/scannet/posed_images/scene0295_01/00029.jpg",
      "transform_matrix": [
        [
          -0.853411,
          -0.371386,
          0.365735,
          3.540884
        ],
        [
          -0.521194,
          0.598866,
          -0.608043,
          2.426875
        ],
        [
          0.006792,
          -0.70953,
          -0.704643,
          1.356051
        ],
        [
          0.0,
          0.0,
          0.0,
          1.0
        ]
      ]
    },
    {
      "file_path": "/media/NFS/ttao/scannet/posed_images/scene0295_01/00031.jpg",
      "transform_matrix": [
        [
          -0.865576,
          -0.349031,
          0.359105,
          3.536747
        ],
        [
          -0.500776,
          0.601229,
          -0.622694,
          2.423508
        ],
        [
          0.001435,
          -0.71882,
          -0.695195,
          1.353067
        ],
        [
          0.0,
          0.0,
          0.0,
          1.0
        ]
      ]
    },
    {
      "file_path": "/media/NFS/ttao/scannet/posed_images/scene0295_01/00032.jpg",
      "transform_matrix": [
        [
          -0.874172,
          -0.339506,
          0.347217,
          3.539028
        ],
        [
          -0.485604,
          0.605953,
          -0.630087,
          2.420466
        ],
        [
          0.003521,
          -0.719414,
          -0.694572,
          1.354654
        ],
        [
          0.0,
          0.0,
          0.0,
          1.0
        ]
      ]
    },
    {
      "file_path": "/media/NFS/ttao/scannet/posed_images/scene0295_01/00036.jpg",
      "transform_matrix": [
        [
          -0.909898,
          -0.295031,
          0.291622,
          3.54234
        ],
        [
          -0.4147,
          0.629082,
          -0.65748,
          2.407029
        ],
        [
          0.010523,
          -0.719175,
          -0.694749,
          1.35834
        ],
        [
          0.0,
          0.0,
          0.0,
          1.0
        ]
      ]
    },
    {
      "file_path": "/media/NFS/ttao/scannet/posed_images/scene0295_01/00037.jpg",
      "transform_matrix": [
        [
          -0.917362,
          -0.283153,
          0.279768,
          3.541426
        ],
        [
          -0.397925,
          0.634549,
          -0.662573,
          2.403229
        ],
        [
          0.010083,
          -0.719147,
          -0.694785,
          1.359101
        ],
        [
          0.0,
          0.0,
          0.0,
          1.0
        ]
      ]
    },
    {
      "file_path": "/media/NFS/ttao/scannet/posed_images/scene0295_01/00039.jpg",
      "transform_matrix": [
        [
          -0.932318,
          -0.259057,
          0.252336,
          3.540627
        ],
        [
          -0.361469,
          0.646052,
          -0.672277,
          2.395344
        ],
        [
          0.011136,
          -0.717988,
          -0.695967,
          1.360809
        ],
        [
          0.0,
          0.0,
          0.0,
          1.0
        ]
      ]
    },
    {
      "file_path": "/media/NFS/ttao/scannet/posed_images/scene0295_01/00042.jpg",
      "transform_matrix": [
        [
          -0.952038,
          -0.222217,
          0.21034,
          3.524407
        ],
        [
          -0.305685,
          0.660592,
          -0.685693,
          2.382798
        ],
        [
          0.013424,
          -0.717104,
          -0.696837,
          1.355122
        ],
        [
          0.0,
          0.0,
          0.0,
          1.0
        ]
      ]
    },
    {
      "file_path": "/media/NFS/ttao/scannet/posed_images/scene0295_01/00045.jpg",
      "transform_matrix": [
        [
          -0.967296,
          -0.192055,
          0.165687,
          3.512377
        ],
        [
          -0.252705,
          0.673416,
          -0.694731,
          2.367126
        ],
        [
          0.021851,
          -0.713881,
          -0.699926,
          1.356846
        ],
        [
          0.0,
          0.0,
          0.0,
          1.0
        ]
      ]
    },
    {
      "file_path": "/media/NFS/ttao/scannet/posed_images/scene0295_01/00048.jpg",
      "transform_matrix": [
        [
          -0.976114,
          -0.158203,
          0.148905,
          3.492613
        ],
        [
          -0.21694,
          0.672712,
          -0.707387,
          2.354198
        ],
        [
          0.01174,
          -0.722794,
          -0.690964,
          1.357496
        ],
        [
          0.0,
          0.0,
          0.0,
          1.0
        ]
      ]
    },
    {
      "file_path": "/media/NFS/ttao/scannet/posed_images/scene0295_01/00049.jpg",
      "transform_matrix": [
        [
          -0.97822,
          -0.149747,
          0.143742,
          3.487664
        ],
        [
          -0.20735,
          0.672986,
          -0.709997,
          2.350794
        ],
        [
          0.009584,
          -0.724338,
          -0.689379,
          1.358244
        ],
        [
          0.0,
          0.0,
          0.0,
          1.0
        ]
      ]
    },
    {
      "file_path": "/media/NFS/ttao/scannet/posed_images/scene0295_01/00051.jpg",
      "transform_matrix": [
        [
          -0.981501,
          -0.135298,
          0.135464,
          3.483042
        ],
        [
          -0.191412,
          0.677942,
          -0.709758,
          2.343118
        ],
        [
          0.004193,
          -0.722557,
          -0.691298,
          1.359787
        ],
        [
          0.0,
          0.0,
          0.0,
          1.0
        ]
      ]
    },
    {
      "file_path": "/media/NFS/ttao/scannet/posed_images/scene0295_01/00055.jpg",
      "transform_matrix": [
        [
          -0.986637,
          -0.1183,
          0.112038,
          3.45185
        ],
        [
          -0.162801,
          0.687957,
          -0.707256,
          2.326423
        ],
        [
          0.006591,
          -0.716045,
          -0.698023,
          1.361135
        ],
        [
          0.0,
          0.0,
          0.0,
          1.0
        ]
      ]
    },
    {
      "file_path": "/media/NFS/ttao/scannet/posed_images/scene0295_01/00057.jpg",
      "transform_matrix": [
        [
          -0.989122,
          -0.107284,
          0.10064,
          3.433774
        ],
        [
          -0.14698,
          0.693223,
          -0.705577,
          2.314374
        ],
        [
          0.005931,
          -0.712694,
          -0.70145,
          1.363915
        ],
        [
          0.0,
          0.0,
          0.0,
          1.0
        ]
      ]
    },
    {
      "file_path": "/media/NFS/ttao/scannet/posed_images/scene0295_01/00058.jpg",
      "transform_matrix": [
        [
          -0.989724,
          -0.101614,
          0.100601,
          3.423497
        ],
        [
          -0.142971,
          0.691933,
          -0.707664,
          2.30871
        ],
        [
          0.002299,
          -0.714775,
          -0.699351,
          1.365572
        ],
        [
          0.0,
          0.0,
          0.0,
          1.0
        ]
      ]
    },
    {
      "file_path": "/media/NFS/ttao/scannet/posed_images/scene0295_01/00062.jpg",
      "transform_matrix": [
        [
          -0.988095,
          -0.088272,
          0.126004,
          3.382623
        ],
        [
          -0.152358,
          0.675121,
          -0.721802,
          2.291654
        ],
        [
          -0.021353,
          -0.732407,
          -0.680532,
          1.373803
        ],
        [
          0.0,
          0.0,
          0.0,
          1.0
        ]
      ]
    },
    {
      "file_path": "/media/NFS/ttao/scannet/posed_images/scene0295_01/00064.jpg",
      "transform_matrix": [
        [
          -0.987966,
          -0.08783,
          0.127316,
          3.36324
        ],
        [
          -0.153144,
          0.670875,
          -0.725585,
          2.284707
        ],
        [
          -0.021685,
          -0.736351,
          -0.676252,
          1.376365
        ],
        [
          0.0,
          0.0,
          0.0,
          1.0
        ]
      ]
    },
    {
      "file_path": "/media/NFS/ttao/scannet/posed_images/scene0295_01/00066.jpg",
      "transform_matrix": [
        [
          -0.987977,
          -0.088895,
          0.12649,
          3.34171
        ],
        [
          -0.153236,
          0.671608,
          -0.724887,
          2.276875
        ],
        [
          -0.020512,
          -0.735555,
          -0.677155,
          1.376641
        ],
        [
          0.0,
          0.0,
          0.0,
          1.0
        ]
      ]
    },
    {
      "file_path": "/media/NFS/ttao/scannet/posed_images/scene0295_01/00069.jpg",
      "transform_matrix": [
        [
          -0.985176,
          -0.093929,
          0.143544,
          3.310323
        ],
        [
          -0.169072,
          0.673209,
          -0.719864,
          2.263388
        ],
        [
          -0.029018,
          -0.733462,
          -0.67911,
          1.375287
        ],
        [
          0.0,
          0.0,
          0.0,
          1.0
        ]
      ]
    },
    {
      "file_path": "/media/NFS/ttao/scannet/posed_images/scene0295_01/00070.jpg",
      "transform_matrix": [
        [
          -0.984648,
          -0.093233,
          0.147567,
          3.30347
        ],
        [
          -0.171571,
          0.67252,
          -0.719917,
          2.259487
        ],
        [
          -0.032122,
          -0.734183,
          -0.678192,
          1.372809
        ],
        [
          0.0,
          0.0,
          0.0,
          1.0
        ]
      ]
    },
    {
      "file_path": "/media/NFS/ttao/scannet/posed_images/scene0295_01/00072.jpg",
      "transform_matrix": [
        [
          -0.983988,
          -0.08631,
          0.155943,
          3.283041
        ],
        [
          -0.172966,
          0.673567,
          -0.718603,
          2.248275
        ],
        [
          -0.043016,
          -0.73407,
          -0.67771,
          1.372887
        ],
        [
          0.0,
          0.0,
          0.0,
          1.0
        ]
      ]
    },
    {
      "file_path": "/media/NFS/ttao/scannet/posed_images/scene0295_01/00074.jpg",
      "transform_matrix": [
        [
          -0.984423,
          -0.07653,
          0.158287,
          3.261537
        ],
        [
          -0.168271,
          0.671028,
          -0.722085,
          2.235664
        ],
        [
          -0.050954,
          -0.737472,
          -0.673453,
          1.374728
        ],
        [
          0.0,
          0.0,
          0.0,
          1.0
        ]
      ]
    },
    {
      "file_path": "/media/NFS/ttao/scannet/posed_images/scene0295_01/00078.jpg",
      "transform_matrix": [
        [
          -0.988777,
          -0.056886,
          0.138148,
          3.226386
        ],
        [
          -0.139908,
          0.676928,
          -0.72263,
          2.210278
        ],
        [
          -0.052408,
          -0.733848,
          -0.677289,
          1.373933
        ],
        [
          0.0,
          0.0,
          0.0,
          1.0
        ]
      ]
    },
    {
      "file_path": "/media/NFS/ttao/scannet/posed_images/scene0295_01/00079.jpg",
      "transform_matrix": [
        [
          -0.989695,
          -0.047897,
          0.134941,
          3.218807
        ],
        [
          -0.131514,
          0.676791,
          -0.724332,
          2.201979
        ],
        [
          -0.056634,
          -0.734615,
          -0.676116,
          1.374626
        ],
        [
          0.0,
          0.0,
          0.0,
          1.0
        ]
      ]
    },
    {
      "file_path": "/media/NFS/ttao/scannet/posed_images/scene0295_01/00083.jpg",
      "transform_matrix": [
        [
          -0.995377,
          -0.002067,
          0.096019,
          3.18089
        ],
        [
          -0.072775,
          0.668634,
          -0.740022,
          2.157791
        ],
        [
          -0.062671,
          -0.743588,
          -0.665694,
          1.374018
        ],
        [
          0.0,
          0.0,
          0.0,
          1.0
        ]
      ]
    },
    {
      "file_path": "/media/NFS/ttao/scannet/posed_images/scene0295_01/00084.jpg",
      "transform_matrix": [
        [
          -0.996744,
          0.005946,
          0.080417,
          3.171818
        ],
        [
          -0.055738,
          0.669862,
          -0.740391,
          2.145519
        ],
        [
          -0.058271,
          -0.742462,
          -0.667349,
          1.372139
        ],
        [
          0.0,
          0.0,
          0.0,
          1.0
        ]
      ]
    },
    {
      "file_path": "/media/NFS/ttao/scannet/posed_images/scene0295_01/00086.jpg",
      "transform_matrix": [
        [
          -0.998177,
          0.022489,
          0.056003,
          3.156904
        ],
        [
          -0.026447,
          0.671121,
          -0.740876,
          2.120615
        ],
        [
          -0.054246,
          -0.741006,
          -0.669303,
          1.368026
        ],
        [
          0.0,
          0.0,
          0.0,
          1.0
        ]
      ]
    },
    {
      "file_path": "/media/NFS/ttao/scannet/posed_images/scene0295_01/00088.jpg",
      "transform_matrix": [
        [
          -0.998848,
          0.035358,
          0.03245,
          3.144827
        ],
        [
          -0.000298,
          0.671587,
          -0.740926,
          2.091488
        ],
        [
          -0.04799,
          -0.740081,
          -0.670803,
          1.364907
        ],
        [
          0.0,
          0.0,
          0.0,
          1.0
        ]
      ]
    },
    {
      "file_path": "/media/NFS/ttao/scannet/posed_images/scene0295_01/00092.jpg",
      "transform_matrix": [
        [
          -0.997363,
          0.064332,
          -0.033591,
          3.12306
        ],
        [
          0.068163,
          0.671458,
          -0.737901,
          2.028764
        ],
        [
          -0.024916,
          -0.738245,
          -0.674072,
          1.356387
        ],
        [
          0.0,
          0.0,
          0.0,
          1.0
        ]
      ]
    },
    {
      "file_path": "/media/NFS/ttao/scannet/posed_images/scene0295_01/00094.jpg",
      "transform_matrix": [
        [
          -0.994119,
          0.089321,
          -0.061225,
          3.114231
        ],
        [
          0.105331,
          0.66632,
          -0.738189,
          1.997051
        ],
        [
          -0.02514,
          -0.740297,
          -0.67181,
          1.357761
        ],
        [
          0.0,
          0.0,
          0.0,
          1.0
        ]
      ]
    },
    {
      "file_path": "/media/NFS/ttao/scannet/posed_images/scene0295_01/00097.jpg",
      "transform_matrix": [
        [
          -0.987252,
          0.127976,
          -0.094633,
          3.100055
        ],
        [
          0.155475,
          0.64813,
          -0.74549,
          1.952041
        ],
        [
          -0.034071,
          -0.7507,
          -0.659764,
          1.361985
        ],
        [
          0.0,
          0.0,
          0.0,
          1.0
        ]
      ]
    },
    {
      "file_path": "/media/NFS/ttao/scannet/posed_images/scene0295_01/00098.jpg",
      "transform_matrix": [
        [
          -0.984897,
          0.136937,
          -0.105954,
          3.092465
        ],
        [
          0.169722,
          0.642553,
          -0.747208,
          1.935876
        ],
        [
          -0.034239,
          -0.753906,
          -0.65609,
          1.363982
        ],
        [
          0.0,
          0.0,
          0.0,
          1.0
        ]
      ]
    },
    {
      "file_path": "/media/NFS/ttao/scannet/posed_images/scene0295_01/00100.jpg",
      "transform_matrix": [
        [
          -0.979299,
          0.151608,
          -0.134122,
          3.092494
        ],
        [
          0.200417,
          0.633255,
          -0.747544,
          1.913398
        ],
        [
          -0.0284,
          -0.758949,
          -0.65053,
          1.364908
        ],
        [
          0.0,
          0.0,
          0.0,
          1.0
        ]
      ]
    },
    {
      "file_path": "/media/NFS/ttao/scannet/posed_images/scene0295_01/00104.jpg",
      "transform_matrix": [
        [
          -0.967549,
          0.178714,
          -0.178634,
          3.072215
        ],
        [
          0.251655,
          0.617811,
          -0.744969,
          1.867537
        ],
        [
          -0.022775,
          -0.765748,
          -0.642737,
          1.368114
        ],
        [
          0.0,
          0.0,
          0.0,
          1.0
        ]
      ]
    },
    {
      "file_path": "/media/NFS/ttao/scannet/posed_images/scene0295_01/00106.jpg",
      "transform_matrix": [
        [
          -0.962908,
          0.185593,
          -0.195867,
          3.058229
        ],
        [
          0.26936,
          0.618286,
          -0.738354,
          1.848098
        ],
        [
          -0.015931,
          -0.763726,
          -0.645344,
          1.37084
        ],
        [
          0.0,
          0.0,
          0.0,
          1.0
        ]
      ]
    },
    {
      "file_path": "/media/NFS/ttao/scannet/posed_images/scene0295_01/00108.jpg",
      "transform_matrix": [
        [
          -0.956938,
          0.19332,
          -0.216556,
          3.043869
        ],
        [
          0.290149,
          0.613559,
          -0.734411,
          1.830793
        ],
        [
          -0.009106,
          -0.765619,
          -0.643229,
          1.377119
        ],
        [
          0.0,
          0.0,
          0.0,
          1.0
        ]
      ]
    },
    {
      "file_path": "/media/NFS/ttao/scannet/posed_images/scene0295_01/00110.jpg",
      "transform_matrix": [
        [
          -0.948104,
          0.20351,
          -0.244298,
          3.031128
        ],
        [
          0.317949,
          0.600634,
          -0.733585,
          1.816974
        ],
        [
          -0.002559,
          -0.77319,
          -0.634169,
          1.378453
        ],
        [
          0.0,
          0.0,
          0.0,
          1.0
        ]
      ]
    },
    {
      "file_path": "/media/NFS/ttao/scannet/posed_images/scene0295_01/00112.jpg",
      "transform_matrix": [
        [
          -0.93468,
          0.221209,
          -0.278279,
          3.002038
        ],
        [
          0.355486,
          0.584935,
          -0.729027,
          1.800052
        ],
        [
          0.001508,
          -0.780331,
          -0.625364,
          1.38355
        ],
        [
          0.0,
          0.0,
          0.0,
          1.0
        ]
      ]
    },
    {
      "file_path": "/media/NFS/ttao/scannet/posed_images/scene0295_01/00114.jpg",
      "transform_matrix": [
        [
          -0.926932,
          0.232997,
          -0.294125,
          2.98377
        ],
        [
          0.375213,
          0.568311,
          -0.732282,
          1.791503
        ],
        [
          -0.003465,
          -0.789135,
          -0.614209,
          1.387627
        ],
        [
          0.0,
          0.0,
          0.0,
          1.0
        ]
      ]
    },
    {
      "file_path": "/media/NFS/ttao/scannet/posed_images/scene0295_01/00118.jpg",
      "transform_matrix": [
        [
          -0.915422,
          0.24564,
          -0.318847,
          2.938125
        ],
        [
          0.40242,
          0.543229,
          -0.736859,
          1.777088
        ],
        [
          -0.007796,
          -0.802847,
          -0.596134,
          1.404375
        ],
        [
          0.0,
          0.0,
          0.0,
          1.0
        ]
      ]
    },
    {
      "file_path": "/media/NFS/ttao/scannet/posed_images/scene0295_01/00120.jpg",
      "transform_matrix": [
        [
          -0.902509,
          0.255832,
          -0.346449,
          2.924476
        ],
        [
          0.430534,
          0.51572,
          -0.740725,
          1.774925
        ],
        [
          -0.01083,
          -0.817669,
          -0.575586,
          1.410836
        ],
        [
          0.0,
          0.0,
          0.0,
          1.0
        ]
      ]
    },
    {
      "file_path": "/media/NFS/ttao/scannet/posed_images/scene0295_01/00122.jpg",
      "transform_matrix": [
        [
          -0.887441,
          0.263706,
          -0.378031,
          2.899686
        ],
        [
          0.46085,
          0.4932,
          -0.737815,
          1.770183
        ],
        [
          -0.008121,
          -0.828983,
          -0.559215,
          1.425219
        ],
        [
          0.0,
          0.0,
          0.0,
          1.0
        ]
      ]
    },
    {
      "file_path": "/media/NFS/ttao/scannet/posed_images/scene0295_01/00123.jpg",
      "transform_matrix": [
        [
          -0.878409,
          0.267769,
          -0.39585,
          2.887678
        ],
        [
          0.477907,
          0.489485,
          -0.72939,
          1.766664
        ],
        [
          -0.001545,
          -0.829882,
          -0.557937,
          1.43088
        ],
        [
          0.0,
          0.0,
          0.0,
          1.0
        ]
      ]
    },
    {
      "file_path": "/media/NFS/ttao/scannet/posed_images/scene0295_01/00127.jpg",
      "transform_matrix": [
        [
          -0.853918,
          0.281199,
          -0.437895,
          2.837626
        ],
        [
          0.520403,
          0.457692,
          -0.720901,
          1.75929
        ],
        [
          -0.002295,
          -0.843472,
          -0.537168,
          1.450886
        ],
        [
          0.0,
          0.0,
          0.0,
          1.0
        ]
      ]
    },
    {
      "file_path": "/media/NFS/ttao/scannet/posed_images/scene0295_01/00128.jpg",
      "transform_matrix": [
        [
          -0.850998,
          0.281268,
          -0.443499,
          2.826656
        ],
        [
          0.52516,
          0.450824,
          -0.721779,
          1.757494
        ],
        [
          -0.003074,
          -0.84714,
          -0.531361,
          1.454749
        ],
        [
          0.0,
          0.0,
          0.0,
          1.0
        ]
      ]
    },
    {
      "file_path": "/media/NFS/ttao/scannet/posed_images/scene0295_01/00130.jpg",
      "transform_matrix": [
        [
          -0.839472,
          0.289134,
          -0.460096,
          2.800563
        ],
        [
          0.543212,
          0.424087,
          -0.724617,
          1.763608
        ],
        [
          -0.01439,
          -0.858226,
          -0.51307,
          1.448001
        ],
        [
          0.0,
          0.0,
          0.0,
          1.0
        ]
      ]
    },
    {
      "file_path": "/media/NFS/ttao/scannet/posed_images/scene0295_01/00134.jpg",
      "transform_matrix": [
        [
          -0.810306,
          0.305786,
          -0.499899,
          2.760338
        ],
        [
          0.585867,
          0.404088,
          -0.702476,
          1.758884
        ],
        [
          -0.012804,
          -0.862095,
          -0.506585,
          1.460355
        ],
        [
          0.0,
          0.0,
          0.0,
          1.0
        ]
      ]
    },
    {
      "file_path": "/media/NFS/ttao/scannet/posed_images/scene0295_01/00135.jpg",
      "transform_matrix": [
        [
          -0.802395,
          0.317333,
          -0.505433,
          2.749813
        ],
        [
          0.596455,
          0.397906,
          -0.697074,
          1.759053
        ],
        [
          -0.02009,
          -0.860797,
          -0.508552,
          1.462264
        ],
        [
          0.0,
          0.0,
          0.0,
          1.0
        ]
      ]
    },
    {
      "file_path": "/media/NFS/ttao/scannet/posed_images/scene0295_01/00137.jpg",
      "transform_matrix": [
        [
          -0.780136,
          0.33994,
          -0.525194,
          2.73325
        ],
        [
          0.624672,
          0.377319,
          -0.683678,
          1.755191
        ],
        [
          -0.034243,
          -0.861436,
          -0.506711,
          1.465202
        ],
        [
          0.0,
          0.0,
          0.0,
          1.0
        ]
      ]
    },
    {
      "file_path": "/media/NFS/ttao/scannet/posed_images/scene0295_01/00140.jpg",
      "transform_matrix": [
        [
          -0.743389,
          0.363036,
          -0.561763,
          2.707205
        ],
        [
          0.666128,
          0.326017,
          -0.67081,
          1.758023
        ],
        [
          -0.060383,
          -0.872879,
          -0.484186,
          1.458901
        ],
        [
          0.0,
          0.0,
          0.0,
          1.0
        ]
      ]
    },
    {
      "file_path": "/media/NFS/ttao/scannet/posed_images/scene0295_01/00143.jpg",
      "transform_matrix": [
        [
          -0.714195,
          0.371425,
          -0.593269,
          2.687181
        ],
        [
          0.698221,
          0.318571,
          -0.641093,
          1.744711
        ],
        [
          -0.049119,
          -0.872098,
          -0.486859,
          1.469848
        ],
        [
          0.0,
          0.0,
          0.0,
          1.0
        ]
      ]
    },
    {
      "file_path": "/media/NFS/ttao/scannet/posed_images/scene0295_01/00144.jpg",
      "transform_matrix": [
        [
          -0.702701,
          0.375549,
          -0.604296,
          2.682807
        ],
        [
          0.710248,
          0.320197,
          -0.626915,
          1.740078
        ],
        [
          -0.041943,
          -0.869734,
          -0.491735,
          1.469288
        ],
        [
          0.0,
          0.0,
          0.0,
          1.0
        ]
      ]
    },
    {
      "file_path": "/media/NFS/ttao/scannet/posed_images/scene0295_01/00148.jpg",
      "transform_matrix": [
        [
          -0.648785,
          0.396388,
          -0.64958,
          2.660081
        ],
        [
          0.75951,
          0.284416,
          -0.585023,
          1.721716
        ],
        [
          -0.047145,
          -0.872917,
          -0.485586,
          1.477274
        ],
        [
          0.0,
          0.0,
          0.0,
          1.0
        ]
      ]
    },
    {
      "file_path": "/media/NFS/ttao/scannet/posed_images/scene0295_01/00150.jpg",
      "transform_matrix": [
        [
          -0.632841,
          0.405382,
          -0.65968,
          2.65189
        ],
        [
          0.772341,
          0.270213,
          -0.574869,
          1.718895
        ],
        [
          -0.054787,
          -0.873299,
          -0.484095,
          1.479675
        ],
        [
          0.0,
          0.0,
          0.0,
          1.0
        ]
      ]
    },
    {
      "file_path": "/media/NFS/ttao/scannet/posed_images/scene0295_01/00152.jpg",
      "transform_matrix": [
        [
          -0.612189,
          0.412862,
          -0.674366,
          2.644022
        ],
        [
          0.789116,
          0.264851,
          -0.554212,
          1.71579
        ],
        [
          -0.050206,
          -0.871435,
          -0.487934,
          1.479165
        ],
        [
          0.0,
          0.0,
          0.0,
          1.0
        ]
      ]
    },
    {
      "file_path": "/media/NFS/ttao/scannet/posed_images/scene0295_01/00154.jpg",
      "transform_matrix": [
        [
          -0.589369,
          0.41896,
          -0.690737,
          2.638179
        ],
        [
          0.806894,
          0.263393,
          -0.528721,
          1.711068
        ],
        [
          -0.039577,
          -0.868963,
          -0.493292,
          1.477792
        ],
        [
          0.0,
          0.0,
          0.0,
          1.0
        ]
      ]
    },
    {
      "file_path": "/media/NFS/ttao/scannet/posed_images/scene0295_01/00157.jpg",
      "transform_matrix": [
        [
          -0.56069,
          0.433319,
          -0.705593,
          2.630849
        ],
        [
          0.827483,
          0.262354,
          -0.49643,
          1.705314
        ],
        [
          -0.029998,
          -0.86221,
          -0.505663,
          1.47339
        ],
        [
          0.0,
          0.0,
          0.0,
          1.0
        ]
      ]
    },
    {
      "file_path": "/media/NFS/ttao/scannet/posed_images/scene0295_01/00159.jpg",
      "transform_matrix": [
        [
          -0.541614,
          0.443565,
          -0.714076,
          2.625099
        ],
        [
          0.839939,
          0.251183,
          -0.481051,
          1.705094
        ],
        [
          -0.034014,
          -0.860324,
          -0.508612,
          1.470392
        ],
        [
          0.0,
          0.0,
          0.0,
          1.0
        ]
      ]
    },
    {
      "file_path": "/media/NFS/ttao/scannet/posed_images/scene0295_01/00162.jpg",
      "transform_matrix": [
        [
          -0.516934,
          0.463626,
          -0.719604,
          2.616761
        ],
        [
          0.855126,
          0.241151,
          -0.458918,
          1.70394
        ],
        [
          -0.039233,
          -0.852582,
          -0.521118,
          1.468064
        ],
        [
          0.0,
          0.0,
          0.0,
          1.0
        ]
      ]
    },
    {
      "file_path": "/media/NFS/ttao/scannet/posed_images/scene0295_01/00163.jpg",
      "transform_matrix": [
        [
          -0.50902,
          0.468424,
          -0.722134,
          2.613179
        ],
        [
          0.859885,
          0.23902,
          -0.451074,
          1.705037
        ],
        [
          -0.03869,
          -0.850558,
          -0.524456,
          1.467519
        ],
        [
          0.0,
          0.0,
          0.0,
          1.0
        ]
      ]
    },
    {
      "file_path": "/media/NFS/ttao/scannet/posed_images/scene0295_01/00165.jpg",
      "transform_matrix": [
        [
          -0.491519,
          0.47768,
          -0.728169,
          2.608133
        ],
        [
          0.870177,
          0.236118,
          -0.432482,
          1.707975
        ],
        [
          -0.034654,
          -0.846209,
          -0.531723,
          1.465381
        ],
        [
          0.0,
          0.0,
          0.0,
          1.0
        ]
      ]
    },
    {
      "file_path": "/media/NFS/ttao/scannet/posed_images/scene0295_01/00169.jpg",
      "transform_matrix": [
        [
          -0.453771,
          0.495144,
          -0.740894,
          2.597365
        ],
        [
          0.890591,
          0.223384,
          -0.396166,
          1.727087
        ],
        [
          -0.030655,
          -0.839602,
          -0.542336,
          1.456975
        ],
        [
          0.0,
          0.0,
          0.0,
          1.0
        ]
      ]
    },
    {
      "file_path": "/media/NFS/ttao/scannet/posed_images/scene0295_01/00171.jpg",
      "transform_matrix": [
        [
          -0.445085,
          0.499696,
          -0.743104,
          2.590459
        ],
        [
          0.894845,
          0.216734,
          -0.390229,
          1.744455
        ],
        [
          -0.03394,
          -0.838648,
          -0.543616,
          1.452376
        ],
        [
          0.0,
          0.0,
          0.0,
          1.0
        ]
      ]
    },
    {
      "file_path": "/media/NFS/ttao/scannet/posed_images/scene0295_01/00174.jpg",
      "transform_matrix": [
        [
          -0.445186,
          0.506478,
          -0.738437,
          2.583432
        ],
        [
          0.894084,
          0.206097,
          -0.397665,
          1.771759
        ],
        [
          -0.049219,
          -0.83726,
          -0.544586,
          1.448464
        ],
        [
          0.0,
          0.0,
          0.0,
          1.0
        ]
      ]
    },
    {
      "file_path": "/media/NFS/ttao/scannet/posed_images/scene0295_01/00176.jpg",
      "transform_matrix": [
        [
          -0.438099,
          0.51072,
          -0.739753,
          2.577921
        ],
        [
          0.897425,
          0.200929,
          -0.392756,
          1.791412
        ],
        [
          -0.05195,
          -0.835938,
          -0.546359,
          1.449406
        ],
        [
          0.0,
          0.0,
          0.0,
          1.0
        ]
      ]
    },
    {
      "file_path": "/media/NFS/ttao/scannet/posed_images/scene0295_01/00177.jpg",
      "transform_matrix": [
        [
          -0.433016,
          0.51041,
          -0.742953,
          2.575089
        ],
        [
          0.899858,
          0.196808,
          -0.389258,
          1.80245
        ],
        [
          -0.052462,
          -0.837107,
          -0.544517,
          1.448807
        ],
        [
          0.0,
          0.0,
          0.0,
          1.0
        ]
      ]
    },
    {
      "file_path": "/media/NFS/ttao/scannet/posed_images/scene0295_01/00179.jpg",
      "transform_matrix": [
        [
          -0.423285,
          0.51233,
          -0.747227,
          2.565593
        ],
        [
          0.904924,
          0.198949,
          -0.376208,
          1.826044
        ],
        [
