{
  "frames": [
    {
      "file_path": "/media/NFS/ttao/scannet/posed_images/scene0678_01/00005.jpg",
      "transform_matrix": [
        [
          0.662488,
          0.280329,
          -0.694641,
          3.205386
        ],
        [
          0.748918,
          -0.229021,
          0.621829,
          2.855719
        ],
        [
          0.01523,
          -0.932183,
          -0.361667,
          1.675545
        ],
        [
          0.0,
          0.0,
          0.0,
          1.0
        ]
      ]
    },
    {
      "file_path": "/media/NFS/ttao/scannet/posed_images/scene0678_01/00009.jpg",
      "transform_matrix": [
        [
          0.672517,
          0.282795,
          -0.683921,
          3.160348
        ],
        [
          0.739857,
          -0.234174,
          0.630693,
          2.853463
        ],
        [
          0.0182,
          -0.930156,
          -0.366713,
          1.671736
        ],
        [
          0.0,
          0.0,
          0.0,
          1.0
        ]
      ]
    },
    {
      "file_path": "/media/NFS/ttao/scannet/posed_images/scene0678_01/00014.jpg",
      "transform_matrix": [
        [
          0.685279,
          0.297907,
          -0.664563,
          3.132364
        ],
        [
          0.727838,
          -0.248317,
          0.639211,
          2.869517
        ],
        [
          0.025403,
          -0.921732,
          -0.386995,
          1.66899
        ],
        [
          0.0,
          0.0,
          0.0,
          1.0
        ]
      ]
    },
    {
      "file_path": "/media/NFS/ttao/scannet/posed_images/scene0678_01/00023.jpg",
      "transform_matrix": [
        [
          0.742033,
          0.291597,
          -0.603621,
          3.108947
        ],
        [
          0.669502,
          -0.276718,
          0.689343,
          2.955273
        ],
        [
          0.033977,
          -0.915641,
          -0.400559,
          1.664907
        ],
        [
          0.0,
          0.0,
          0.0,
          1.0
        ]
      ]
    },
    {
      "file_path": "/media/NFS/ttao/scannet/posed_images/scene0678_01/00035.jpg",
      "transform_matrix": [
        [
          0.776323,
          0.262538,
          -0.573059,
          3.085163
        ],
        [
          0.630025,
          -0.294655,
          0.718503,
          3.101197
        ],
        [
          0.01978,
          -0.918832,
          -0.394153,
          1.668804
        ],
        [
          0.0,
          0.0,
          0.0,
          1.0
        ]
      ]
    },
    {
      "file_path": "/media/NFS/ttao/scannet/posed_images/scene0678_01/00037.jpg",
      "transform_matrix": [
        [
          0.785204,
          0.259689,
          -0.562154,
          3.078694
        ],
        [
          0.618739,
          -0.292615,
          0.729067,
          3.125741
        ],
        [
          0.024836,
          -0.920292,
          -0.390442,
          1.673609
        ],
        [
          0.0,
          0.0,
          0.0,
          1.0
        ]
      ]
    },
    {
      "file_path": "/media/NFS/ttao/scannet/posed_images/scene0678_01/00051.jpg",
      "transform_matrix": [
        [
          0.855578,
          0.205721,
          -0.475042,
          3.033447
        ],
        [
          0.517603,
          -0.324724,
          0.791607,
          3.267934
        ],
        [
          0.008592,
          -0.923165,
          -0.384308,
          1.674346
        ],
        [
          0.0,
          0.0,
          0.0,
          1.0
        ]
      ]
    },
    {
      "file_path": "/media/NFS/ttao/scannet/posed_images/scene0678_01/00058.jpg",
      "transform_matrix": [
        [
          0.884076,
          0.19306,
          -0.425603,
          2.97102
        ],
        [
          0.467224,
          -0.344445,
          0.814285,
          3.333741
        ],
        [
          0.010609,
          -0.918741,
          -0.394718,
          1.684316
        ],
        [
          0.0,
          0.0,
          0.0,
          1.0
        ]
      ]
    },
    {
      "file_path": "/media/NFS/ttao/scannet/posed_images/scene0678_01/00065.jpg",
      "transform_matrix": [
        [
          0.91072,
          0.150795,
          -0.384513,
          2.889865
        ],
        [
          0.41301,
          -0.324622,
          0.850908,
          3.424229
        ],
        [
          0.003491,
          -0.933746,
          -0.357919,
          1.694917
        ],
        [
          0.0,
          0.0,
          0.0,
          1.0
        ]
      ]
    },
    {
      "file_path": "/media/NFS/ttao/scannet/posed_images/scene0678_01/00074.jpg",
      "transform_matrix": [
        [
          0.942044,
          0.124943,
          -0.311356,
          2.838448
        ],
        [
          0.33549,
          -0.350996,
          0.874213,
          3.528196
        ],
        [
          -5.8e-05,
          -0.928004,
          -0.372571,
          1.69771
        ],
        [
          0.0,
          0.0,
          0.0,
          1.0
        ]
      ]
    },
    {
      "file_path": "/media/NFS/ttao/scannet/posed_images/scene0678_01/00081.jpg",
      "transform_matrix": [
        [
          0.962089,
          0.108539,
          -0.250208,
          2.789635
        ],
        [
          0.272718,
          -0.37246,
          0.887073,
          3.635379
        ],
        [
          0.00309,
          -0.921679,
          -0.38794,
          1.692539
        ],
        [
          0.0,
          0.0,
          0.0,
          1.0
        ]
      ]
    },
    {
      "file_path": "/media/NFS/ttao/scannet/posed_images/scene0678_01/00088.jpg",
      "transform_matrix": [
        [
          0.958464,
          0.078691,
          -0.274143,
          2.744504
        ],
        [
          0.283261,
          -0.374913,
          0.882725,
          3.74724
        ],
        [
          -0.033317,
          -0.923715,
          -0.38163,
          1.69564
        ],
        [
          0.0,
          0.0,
          0.0,
          1.0
        ]
      ]
    },
    {
      "file_path": "/media/NFS/ttao/scannet/posed_images/scene0678_01/00093.jpg",
      "transform_matrix": [
        [
          0.960818,
          0.072313,
          -0.26758,
          2.719572
        ],
        [
          0.274306,
          -0.38671,
          0.880461,
          3.822951
        ],
        [
          -0.039807,
          -0.919362,
          -0.391394,
          1.693829
        ],
        [
          0.0,
          0.0,
          0.0,
          1.0
        ]
      ]
    },
    {
      "file_path": "/media/NFS/ttao/scannet/posed_images/scene0678_01/00100.jpg",
      "transform_matrix": [
        [
          0.969397,
          0.049271,
          -0.240505,
          2.662812
        ],
        [
          0.241154,
          -0.374619,
          0.895268,
          3.914533
        ],
        [
          -0.045987,
          -0.925869,
          -0.375036,
          1.693859
        ],
        [
          0.0,
          0.0,
          0.0,
          1.0
        ]
      ]
    },
    {
      "file_path": "/media/NFS/ttao/scannet/posed_images/scene0678_01/00109.jpg",
      "transform_matrix": [
        [
          0.987656,
          0.013589,
          -0.156051,
          2.554167
        ],
        [
          0.15166,
          -0.332217,
          0.93093,
          4.012649
        ],
        [
          -0.039192,
          -0.943105,
          -0.330177,
          1.712347
        ],
        [
          0.0,
          0.0,
          0.0,
          1.0
        ]
      ]
    },
    {
      "file_path": "/media/NFS/ttao/scannet/posed_images/scene0678_01/00116.jpg",
      "transform_matrix": [
        [
          0.995699,
          0.026614,
          -0.088744,
          2.460886
        ],
        [
          0.092578,
          -0.323437,
          0.94171,
          4.0773
        ],
        [
          -0.00364,
          -0.945876,
          -0.32451,
          1.720097
        ],
        [
          0.0,
          0.0,
          0.0,
          1.0
        ]
      ]
    },
    {
      "file_path": "/media/NFS/ttao/scannet/posed_images/scene0678_01/00128.jpg",
      "transform_matrix": [
        [
          0.998895,
          0.04605,
          -0.009427,
          2.365549
        ],
        [
          0.023424,
          -0.313783,
          0.949206,
          4.222168
        ],
        [
          0.040752,
          -0.948377,
          -0.314515,
          1.713162
        ],
        [
          0.0,
          0.0,
          0.0,
          1.0
        ]
      ]
    },
    {
      "file_path": "/media/NFS/ttao/scannet/posed_images/scene0678_01/00130.jpg",
      "transform_matrix": [
        [
          0.999077,
          0.042343,
          -0.007281,
          2.353137
        ],
        [
          0.020084,
          -0.310459,
          0.950374,
          4.251814
        ],
        [
          0.037981,
          -0.949643,
          -0.311023,
          1.717567
        ],
        [
          0.0,
          0.0,
          0.0,
          1.0
        ]
      ]
    },
    {
      "file_path": "/media/NFS/ttao/scannet/posed_images/scene0678_01/00140.jpg",
      "transform_matrix": [
        [
          0.999905,
          0.002869,
          0.013502,
          2.31681
        ],
        [
          -0.012244,
          -0.26726,
          0.963547,
          4.38509
        ],
        [
          0.006373,
          -0.96362,
          -0.267199,
          1.745827
        ],
        [
          0.0,
          0.0,
          0.0,
          1.0
        ]
      ]
    },
    {
      "file_path": "/media/NFS/ttao/scannet/posed_images/scene0678_01/00147.jpg",
      "transform_matrix": [
        [
          0.998835,
          -0.00456,
          0.048033,
          2.284342
        ],
        [
          -0.04732,
          -0.28705,
          0.956746,
          4.472235
        ],
        [
          0.009425,
          -0.957905,
          -0.286932,
          1.736303
        ],
        [
          0.0,
          0.0,
          0.0,
          1.0
        ]
      ]
    },
    {
      "file_path": "/media/NFS/ttao/scannet/posed_images/scene0678_01/00154.jpg",
      "transform_matrix": [
        [
          0.986266,
          -0.039949,
          0.16026,
          2.253431
        ],
        [
          -0.164766,
          -0.305332,
          0.937883,
          4.579685
        ],
        [
          0.011465,
          -0.951408,
          -0.30772,
          1.727737
        ],
        [
          0.0,
          0.0,
          0.0,
          1.0
        ]
      ]
    },
    {
      "file_path": "/media/NFS/ttao/scannet/posed_images/scene0678_01/00165.jpg",
      "transform_matrix": [
        [
          0.94424,
          -0.106096,
          0.311695,
          2.15399
        ],
        [
          -0.329248,
          -0.297437,
          0.896173,
          4.713182
        ],
        [
          -0.002371,
          -0.948828,
          -0.315784,
          1.727324
        ],
        [
          0.0,
          0.0,
          0.0,
          1.0
        ]
      ]
    },
    {
      "file_path": "/media/NFS/ttao/scannet/posed_images/scene0678_01/00170.jpg",
      "transform_matrix": [
        [
          0.916121,
          -0.111435,
          0.385103,
          2.126054
        ],
        [
          -0.400075,
          -0.315763,
          0.860368,
          4.778976
        ],
        [
          0.025726,
          -0.942272,
          -0.33386,
          1.729873
        ],
        [
          0.0,
          0.0,
          0.0,
          1.0
        ]
      ]
    },
    {
      "file_path": "/media/NFS/ttao/scannet/posed_images/scene0678_01/00181.jpg",
      "transform_matrix": [
        [
          0.832518,
          -0.189397,
          0.520618,
          2.150512
        ],
        [
          -0.553466,
          -0.325519,
          0.766625,
          4.926862
        ],
        [
          0.024275,
          -0.926373,
          -0.375825,
          1.710154
        ],
        [
          0.0,
          0.0,
          0.0,
          1.0
        ]
      ]
    },
    {
      "file_path": "/media/NFS/ttao/scannet/posed_images/scene0678_01/00188.jpg",
      "transform_matrix": [
        [
          0.804097,
          -0.23378,
          0.546604,
          2.185555
        ],
        [
          -0.594249,
          -0.342717,
          0.727608,
          5.027341
        ],
        [
          0.017231,
          -0.909886,
          -0.414501,
          1.695758
        ],
        [
          0.0,
          0.0,
          0.0,
          1.0
        ]
      ]
    },
    {
      "file_path": "/media/NFS/ttao/scannet/posed_images/scene0678_01/00193.jpg",
      "transform_matrix": [
        [
          0.804409,
          -0.248228,
          0.539731,
          2.201274
        ],
        [
          -0.593813,
          -0.308934,
          0.742931,
          5.090211
        ],
        [
          -0.017675,
          -0.918119,
          -0.39591,
          1.703923
        ],
        [
          0.0,
          0.0,
          0.0,
          1.0
        ]
      ]
    },
    {
      "file_path": "/media/NFS/ttao/scannet/posed_images/scene0678_01/00200.jpg",
      "transform_matrix": [
        [
          0.752149,
          -0.267167,
          0.602407,
          2.232891
        ],
        [
          -0.658993,
          -0.305633,
          0.687253,
          5.19121
        ],
        [
          0.000504,
          -0.913898,
          -0.405943,
          1.693847
        ],
        [
          0.0,
          0.0,
          0.0,
          1.0
        ]
      ]
    },
    {
      "file_path": "/media/NFS/ttao/scannet/posed_images/scene0678_01/00207.jpg",
      "transform_matrix": [
        [
          0.691404,
          -0.301817,
          0.656404,
          2.240793
        ],
        [
          -0.722327,
          -0.270845,
          0.636307,
          5.285716
        ],
        [
          -0.014265,
          -0.914084,
          -0.405274,
          1.689639
        ],
        [
          0.0,
          0.0,
          0.0,
          1.0
        ]
      ]
    },
    {
      "file_path": "/media/NFS/ttao/scannet/posed_images/scene0678_01/00221.jpg",
      "transform_matrix": [
        [
          0.57132,
          -0.316777,
          0.75713,
          2.302719
        ],
        [
          -0.819404,
          -0.272529,
          0.504287,
          5.432405
        ],
        [
          0.046593,
          -0.908504,
          -0.41527,
          1.682002
        ],
        [
          0.0,
          0.0,
          0.0,
          1.0
        ]
      ]
    },
    {
      "file_path": "/media/NFS/ttao/scannet/posed_images/scene0678_01/00226.jpg",
      "transform_matrix": [
        [
          0.547934,
          -0.346619,
          0.76133,
          2.353933
        ],
        [
          -0.836054,
          -0.257341,
          0.484551,
          5.463953
        ],
        [
          0.027967,
          -0.902015,
          -0.430798,
          1.678048
        ],
        [
          0.0,
          0.0,
          0.0,
          1.0
        ]
      ]
    },
    {
      "file_path": "/media/NFS/ttao/scannet/posed_images/scene0678_01/00230.jpg",
      "transform_matrix": [
        [
          0.549442,
          -0.351448,
          0.758022,
          2.40353
        ],
        [
          -0.835466,
          -0.242498,
          0.493144,
          5.492479
        ],
        [
          0.010504,
          -0.904256,
          -0.426862,
          1.676509
        ],
        [
          0.0,
          0.0,
          0.0,
          1.0
        ]
      ]
    },
    {
      "file_path": "/media/NFS/ttao/scannet/posed_images/scene0678_01/00240.jpg",
      "transform_matrix": [
        [
          0.58018,
          -0.35851,
          0.731343,
          2.572782
        ],
        [
          -0.814311,
          -0.236591,
          0.530021,
          5.582474
        ],
        [
          -0.016989,
          -0.903048,
          -0.429204,
          1.687524
        ],
        [
          0.0,
          0.0,
          0.0,
          1.0
        ]
      ]
    },
    {
      "file_path": "/media/NFS/ttao/scannet/posed_images/scene0678_01/00247.jpg",
      "transform_matrix": [
        [
          0.609409,
          -0.347507,
          0.712643,
          2.650936
        ],
        [
          -0.792835,
          -0.273768,
          0.544485,
          5.653567
        ],
        [
          0.005886,
          -0.896822,
          -0.442353,
          1.689447
        ],
        [
          0.0,
          0.0,
          0.0,
          1.0
        ]
      ]
    },
    {
      "file_path": "/media/NFS/ttao/scannet/posed_images/scene0678_01/00256.jpg",
      "transform_matrix": [
        [
          0.6382,
          -0.312394,
          0.703641,
          2.748826
        ],
        [
          -0.769794,
          -0.246007,
          0.588981,
          5.777249
        ],
        [
          -0.010894,
          -0.917546,
          -0.397481,
          1.687314
        ],
        [
          0.0,
          0.0,
          0.0,
          1.0
        ]
      ]
    },
    {
      "file_path": "/media/NFS/ttao/scannet/posed_images/scene0678_01/00267.jpg",
      "transform_matrix": [
        [
          0.578156,
          -0.287386,
          0.76364,
          2.864613
        ],
        [
          -0.815233,
          -0.242057,
          0.526122,
          5.95903
        ],
        [
          0.033644,
          -0.926724,
          -0.374233,
          1.700259
        ],
        [
          0.0,
          0.0,
          0.0,
          1.0
        ]
      ]
    },
    {
      "file_path": "/media/NFS/ttao/scannet/posed_images/scene0678_01/00270.jpg",
      "transform_matrix": [
        [
          0.574787,
          -0.287842,
          0.766008,
          2.905217
        ],
        [
          -0.816687,
          -0.260601,
          0.514889,
          6.011009
        ],
        [
          0.051416,
          -0.921539,
          -0.384866,
          1.699468
        ],
        [
          0.0,
          0.0,
          0.0,
          1.0
        ]
      ]
    },
    {
      "file_path": "/media/NFS/ttao/scannet/posed_images/scene0678_01/00277.jpg",
      "transform_matrix": [
        [
          0.594315,
          -0.288912,
          0.750547,
          2.98702
        ],
        [
          -0.803276,
          -0.258753,
          0.536465,
          6.100893
        ],
        [
          0.039215,
          -0.921725,
          -0.385856,
          1.703499
        ],
        [
          0.0,
          0.0,
          0.0,
          1.0
        ]
      ]
    },
    {
      "file_path": "/media/NFS/ttao/scannet/posed_images/scene0678_01/00286.jpg",
      "transform_matrix": [
        [
          0.659333,
          -0.302156,
          0.688463,
          3.092584
        ],
        [
          -0.751761,
          -0.279093,
          0.597463,
          6.197467
        ],
        [
          0.011619,
          -0.911487,
          -0.411165,
          1.700241
        ],
        [
          0.0,
          0.0,
          0.0,
          1.0
        ]
      ]
    },
    {
      "file_path": "/media/NFS/ttao/scannet/posed_images/scene0678_01/00298.jpg",
      "transform_matrix": [
        [
          0.697249,
          -0.278273,
          0.660612,
          3.208164
        ],
        [
          -0.71669,
          -0.288736,
          0.634812,
          6.355243
        ],
        [
          0.014091,
          -0.916076,
          -0.400757,
          1.685437
        ],
        [
          0.0,
          0.0,
          0.0,
          1.0
        ]
      ]
    },
    {
      "file_path": "/media/NFS/ttao/scannet/posed_images/scene0678_01/00307.jpg",
      "transform_matrix": [
        [
          0.66903,
          -0.240969,
          0.703088,
          3.321342
        ],
        [
          -0.740504,
          -0.297137,
          0.602797,
          6.471571
        ],
        [
          0.063658,
          -0.923928,
          -0.377232,
          1.713556
        ],
        [
          0.0,
          0.0,
          0.0,
          1.0
        ]
      ]
    },
    {
      "file_path": "/media/NFS/ttao/scannet/posed_images/scene0678_01/00309.jpg",
      "transform_matrix": [
        [
          0.663235,
          -0.246201,
          0.706756,
          3.340339
        ],
        [
          -0.746597,
          -0.283366,
          0.601911,
          6.497549
        ],
        [
          0.05208,
          -0.926871,
          -0.371751,
          1.72524
        ],
        [
          0.0,
          0.0,
          0.0,
          1.0
        ]
      ]
    },
    {
      "file_path": "/media/NFS/ttao/scannet/posed_images/scene0678_01/00321.jpg",
      "transform_matrix": [
        [
          0.698067,
          -0.190201,
          0.690309,
          3.467682
        ],
        [
          -0.715461,
          -0.223792,
          0.66184,
          6.627016
        ],
        [
          0.028603,
          -0.955898,
          -0.292303,
          1.764031
        ],
        [
          0.0,
          0.0,
          0.0,
          1.0
        ]
      ]
    },
    {
      "file_path": "/media/NFS/ttao/scannet/posed_images/scene0678_01/00330.jpg",
      "transform_matrix": [
        [
          0.754752,
          -0.136217,
          0.641712,
          3.57782
        ],
        [
          -0.65542,
          -0.19803,
          0.72884,
          6.693436
        ],
        [
          0.027798,
          -0.970685,
          -0.238743,
          1.780359
        ],
        [
          0.0,
          0.0,
          0.0,
          1.0
        ]
      ]
    },
    {
      "file_path": "/media/NFS/ttao/scannet/posed_images/scene0678_01/00333.jpg",
      "transform_matrix": [
        [
          0.763695,
          -0.131839,
          0.631972,
          3.602576
        ],
        [
          -0.644895,
          -0.20081,
          0.737419,
          6.71684
        ],
        [
          0.029686,
          -0.970718,
          -0.23838,
          1.780355
        ],
        [
          0.0,
          0.0,
          0.0,
          1.0
        ]
      ]
    },
    {
      "file_path": "/media/NFS/ttao/scannet/posed_images/scene0678_01/00340.jpg",
      "transform_matrix": [
        [
          0.775214,
          -0.156688,
          0.611958,
          3.644935
        ],
        [
          -0.631664,
          -0.202401,
          0.748354,
          6.785827
        ],
        [
          0.006603,
          -0.966686,
          -0.255879,
          1.7663
        ],
        [
          0.0,
          0.0,
          0.0,
          1.0
        ]
      ]
    },
    {
      "file_path": "/media/NFS/ttao/scannet/posed_images/scene0678_01/00349.jpg",
      "transform_matrix": [
        [
          0.748041,
          -0.196101,
          0.634019,
          3.698461
        ],
        [
          -0.663591,
          -0.234056,
          0.710538,
          6.910885
        ],
        [
          0.009059,
          -0.952241,
          -0.305215,
          1.740751
        ],
        [
          0.0,
          0.0,
          0.0,
          1.0
        ]
      ]
    },
    {
      "file_path": "/media/NFS/ttao/scannet/posed_images/scene0678_01/00361.jpg",
      "transform_matrix": [
        [
          0.730137,
          -0.264912,
          0.629859,
          3.746752
        ],
        [
          -0.681891,
          -0.223283,
          0.696542,
          7.07855
        ],
        [
          -0.043886,
          -0.938065,
          -0.343668,
          1.713582
        ],
        [
          0.0,
          0.0,
          0.0,
          1.0
        ]
      ]
    },
    {
      "file_path": "/media/NFS/ttao/scannet/posed_images/scene0678_01/00365.jpg",
      "transform_matrix": [
        [
          0.723383,
          -0.267762,
          0.636412,
          3.779276
        ],
        [
          -0.690221,
          -0.256899,
          0.67646,
          7.146478
        ],
        [
          -0.017637,
          -0.928605,
          -0.370651,
          1.710328
        ],
        [
          0.0,
          0.0,
          0.0,
          1.0
        ]
      ]
    },
    {
      "file_path": "/media/NFS/ttao/scannet/posed_images/scene0678_01/00374.jpg",
      "transform_matrix": [
        [
          0.681035,
          -0.282778,
          0.675447,
          3.88397
        ],
        [
          -0.731971,
          -0.237372,
          0.63865,
          7.304748
        ],
        [
          -0.020264,
          -0.92935,
          -0.368643,
          1.705552
        ],
        [
          0.0,
          0.0,
          0.0,
          1.0
        ]
      ]
    },
    {
      "file_path": "/media/NFS/ttao/scannet/posed_images/scene0678_01/00381.jpg",
      "transform_matrix": [
        [
          0.662842,
          -0.274046,
          0.696807,
          3.971267
        ],
        [
          -0.748426,
          -0.214716,
          0.6275,
          7.437336
        ],
        [
          -0.022348,
          -0.937441,
          -0.347426,
          1.737499
        ],
        [
          0.0,
          0.0,
          0.0,
          1.0
        ]
      ]
    },
    {
      "file_path": "/media/NFS/ttao/scannet/posed_images/scene0678_01/00391.jpg",
      "transform_matrix": [
        [
          0.618753,
          -0.266065,
          0.739158,
          4.053976
        ],
        [
          -0.785496,
          -0.195279,
          0.58725,
          7.595741
        ],
        [
          -0.011904,
          -0.943968,
          -0.329823,
          1.754404
        ],
        [
          0.0,
          0.0,
          0.0,
          1.0
        ]
      ]
    },
    {
      "file_path": "/media/NFS/ttao/scannet/posed_images/scene0678_01/00393.jpg",
      "transform_matrix": [
        [
          0.610732,
          -0.271443,
          0.743858,
          4.073896
        ],
        [
          -0.791767,
          -0.196781,
          0.578259,
          7.629939
        ],
        [
          -0.010587,
          -0.942123,
          -0.3351,
          1.751618
        ],
        [
          0.0,
          0.0,
          0.0,
          1.0
        ]
      ]
    },
    {
      "file_path": "/media/NFS/ttao/scannet/posed_images/scene0678_01/00402.jpg",
      "transform_matrix": [
        [
          0.542543,
          -0.270118,
          0.795414,
          4.162473
        ],
        [
          -0.83946,
          -0.139517,
          0.525207,
          7.788878
        ],
        [
          -0.030895,
          -0.952665,
          -0.302447,
          1.771162
        ],
        [
          0.0,
          0.0,
          0.0,
          1.0
        ]
      ]
    },
    {
      "file_path": "/media/NFS/ttao/scannet/posed_images/scene0678_01/00414.jpg",
      "transform_matrix": [
        [
          0.43185,
          -0.309897,
          0.847036,
          4.336599
        ],
        [
          -0.901839,
          -0.162804,
          0.400227,
          7.919047
        ],
        [
          0.013872,
          -0.936728,
          -0.349784,
          1.729244
        ],
        [
          0.0,
          0.0,
          0.0,
          1.0
        ]
      ]
    },
    {
      "file_path": "/media/NFS/ttao/scannet/posed_images/scene0678_01/00423.jpg",
      "transform_matrix": [
        [
          0.423909,
          -0.310462,
          0.850832,
          4.469789
        ],
        [
          -0.9057,
          -0.142147,
          0.399377,
          7.999572
        ],
        [
          -0.003048,
          -0.939898,
          -0.341443,
          1.725343
        ],
        [
          0.0,
          0.0,
          0.0,
          1.0
        ]
      ]
    },
    {
      "file_path": "/media/NFS/ttao/scannet/posed_images/scene0678_01/00428.jpg",
      "transform_matrix": [
        [
          0.424376,
          -0.330755,
          0.842915,
          4.530121
        ],
        [
          -0.905473,
          -0.150002,
          0.397011,
          8.048137
        ],
        [
          -0.004875,
          -0.931719,
          -0.363147,
          1.723226
        ],
        [
          0.0,
          0.0,
          0.0,
          1.0
        ]
      ]
    },
    {
      "file_path": "/media/NFS/ttao/scannet/posed_images/scene0678_01/00437.jpg",
      "transform_matrix": [
        [
          0.418075,
          -0.339472,
          0.842598,
          4.627605
        ],
        [
          -0.908381,
          -0.148535,
          0.390872,
          8.146821
        ],
        [
          -0.007535,
          -0.928814,
          -0.370469,
          1.708526
        ],
        [
          0.0,
          0.0,
          0.0,
          1.0
        ]
      ]
    },
    {
      "file_path": "/media/NFS/ttao/scannet/posed_images/scene0678_01/00440.jpg",
      "transform_matrix": [
        [
          0.39743,
          -0.351638,
          0.847585,
          4.649924
        ],
        [
          -0.917616,
          -0.146696,
          0.369408,
          8.222251
        ],
        [
          -0.00556,
          -0.924571,
          -0.38097,
          1.70556
        ],
        [
          0.0,
          0.0,
          0.0,
          1.0
        ]
      ]
    },
    {
      "file_path": "/media/NFS/ttao/scannet/posed_images/scene0678_01/00449.jpg",
      "transform_matrix": [
        [
          0.317307,
          -0.346062,
          0.882926,
          4.767893
        ],
        [
          -0.948321,
          -0.117854,
          0.294616,
          8.353467
        ],
        [
          0.002101,
          -0.93078,
          -0.365574,
          1.715158
        ],
        [
          0.0,
          0.0,
          0.0,
          1.0
        ]
      ]
    },
    {
      "file_path": "/media/NFS/ttao/scannet/posed_images/scene0678_01/00461.jpg",
      "transform_matrix": [
        [
          0.094966,
          -0.394432,
          0.914005,
          4.945609
        ],
        [
          -0.994302,
          -0.082256,
          0.067812,
          8.463113
        ],
        [
          0.048436,
          -0.915236,
          -0.399996,
          1.689721
        ],
        [
          0.0,
          0.0,
          0.0,
          1.0
        ]
      ]
    },
    {
      "file_path": "/media/NFS/ttao/scannet/posed_images/scene0678_01/00463.jpg",
      "transform_matrix": [
        [
          0.070486,
          -0.392007,
          0.917258,
          4.982071
        ],
        [
          -0.996596,
          -0.067083,
          0.047914,
          8.475773
        ],
        [
          0.04275,
          -0.917513,
          -0.395401,
          1.686247
        ],
        [
          0.0,
          0.0,
          0.0,
          1.0
        ]
      ]
    },
    {
      "file_path": "/media/NFS/ttao/scannet/posed_images/scene0678_01/00477.jpg",
      "transform_matrix": [
        [
          -0.101512,
          -0.409584,
          0.906607,
          5.234991
        ],
        [
          -0.993213,
          -0.010285,
          -0.115856,
          8.605953
        ],
        [
          0.056777,
          -0.912214,
          -0.40576,
          1.684212
        ],
        [
          0.0,
          0.0,
          0.0,
          1.0
        ]
      ]
    },
    {
      "file_path": "/media/NFS/ttao/scannet/posed_images/scene0678_01/00479.jpg",
      "transform_matrix": [
        [
          -0.134853,
          -0.393498,
          0.909381,
          5.260589
        ],
        [
          -0.989362,
          0.002927,
          -0.145447,
          8.62831
        ],
        [
          0.054572,
          -0.919321,
          -0.389706,
          1.677306
        ],
        [
          0.0,
          0.0,
          0.0,
          1.0
        ]
      ]
    },
    {
      "file_path": "/media/NFS/ttao/scannet/posed_images/scene0678_01/00493.jpg",
      "transform_matrix": [
        [
          -0.364229,
          -0.37796,
          0.851166,
          5.5004
        ],
        [
          -0.931146,
          0.130687,
          -0.340422,
          8.766212
        ],
        [
          0.01743,
          -0.916552,
          -0.399536,
          1.67787
        ],
        [
          0.0,
          0.0,
          0.0,
          1.0
        ]
      ]
    },
    {
      "file_path": "/media/NFS/ttao/scannet/posed_images/scene0678_01/00500.jpg",
      "transform_matrix": [
        [
          -0.461745,
          -0.370252,
          0.806043,
          5.621993
        ],
        [
          -0.886895,
          0.177922,
          -0.426334,
          8.800009
        ],
        [
          0.014439,
          -0.911733,
          -0.410529,
          1.670424
        ],
        [
          0.0,
          0.0,
          0.0,
          1.0
        ]
      ]
    },
    {
      "file_path": "/media/NFS/ttao/scannet/posed_images/scene0678_01/00502.jpg",
      "transform_matrix": [
        [
          -0.478465,
          -0.364251,
          0.798995,
          5.652102
        ],
        [
          -0.878005,
          0.184598,
          -0.441624,
          8.798643
        ],
        [
          0.013369,
          -0.912823,
          -0.408138,
          1.667572
        ],
        [
          0.0,
          0.0,
          0.0,
          1.0
        ]
      ]
    },
    {
      "file_path": "/media/NFS/ttao/scannet/posed_images/scene0678_01/00509.jpg",
      "transform_matrix": [
        [
          -0.544744,
          -0.363774,
          0.755595,
          5.783111
        ],
        [
          -0.838435,
          0.218231,
          -0.499402,
          8.794121
        ],
        [
          0.016775,
          -0.905563,
          -0.423881,
          1.652398
        ],
        [
          0.0,
          0.0,
          0.0,
          1.0
        ]
      ]
    },
    {
      "file_path": "/media/NFS/ttao/scannet/posed_images/scene0678_01/00523.jpg",
      "transform_matrix": [
        [
          -0.642501,
          -0.361345,
          0.675739,
          6.056252
        ],
        [
          -0.766026,
          0.27994,
          -0.578652,
          8.759776
        ],
        [
          0.019927,
          -0.889417,
          -0.456662,
          1.64427
        ],
        [
          0.0,
          0.0,
          0.0,
          1.0
        ]
      ]
    },
    {
      "file_path": "/media/NFS/ttao/scannet/posed_images/scene0678_01/00526.jpg",
      "transform_matrix": [
        [
          -0.670301,
          -0.357789,
          0.650141,
          6.114062
        ],
        [
          -0.741557,
          0.289759,
          -0.60509,
          8.747048
        ],
        [
          0.02811,
          -0.887709,
          -0.459547,
          1.637801
        ],
        [
          0.0,
          0.0,
          0.0,
          1.0
        ]
      ]
    },
    {
      "file_path": "/media/NFS/ttao/scannet/posed_images/scene0678_01/00540.jpg",
      "transform_matrix": [
        [
          -0.789398,
          -0.280972,
          0.545806,
          6.405301
        ],
        [
          -0.613335,
          0.323505,
          -0.72053,
          8.709036
        ],
        [
          0.025878,
          -0.903548,
          -0.427704,
          1.638147
        ],
        [
          0.0,
          0.0,
          0.0,
          1.0
        ]
      ]
    },
    {
      "file_path": "/media/NFS/ttao/scannet/posed_images/scene0678_01/00547.jpg",
      "transform_matrix": [
        [
          -0.804151,
          -0.283097,
          0.522683,
          6.500153
        ],
        [
          -0.593194,
          0.325621,
          -0.736269,
          8.659644
        ],
        [
          0.038239,
          -0.902124,
          -0.42978,
          1.644045
        ],
        [
          0.0,
          0.0,
          0.0,
          1.0
        ]
      ]
    },
    {
      "file_path": "/media/NFS/ttao/scannet/posed_images/scene0678_01/00551.jpg",
      "transform_matrix": [
        [
          -0.807273,
          -0.299471,
          0.508554,
          6.561205
        ],
        [
          -0.587839,
          0.331354,
          -0.738004,
          8.621674
        ],
        [
          0.052499,
          -0.894719,
          -0.443534,
          1.633657
        ],
        [
          0.0,
          0.0,
          0.0,
          1.0
        ]
      ]
    },
    {
      "file_path": "/media/NFS/ttao/scannet/posed_images/scene0678_01/00556.jpg",
      "transform_matrix": [
        [
          -0.807329,
          -0.302753,
          0.506518,
          6.632436
        ],
        [
          -0.588428,
          0.348414,
          -0.72963,
          8.556474
        ],
        [
          0.04442,
          -0.887101,
          -0.459433,
          1.622883
        ],
        [
          0.0,
          0.0,
          0.0,
          1.0
        ]
      ]
    },
    {
      "file_path": "/media/NFS/ttao/scannet/posed_images/scene0678_01/00570.jpg",
      "transform_matrix": [
        [
          -0.756033,
          -0.328404,
          0.566185,
          6.862707
        ],
        [
          -0.653646,
          0.33377,
          -0.679224,
          8.391667
        ],
        [
          0.034085,
          -0.8836,
          -0.467001,
          1.612907
        ],
        [
          0.0,
          0.0,
          0.0,
          1.0
        ]
      ]
    },
    {
      "file_path": "/media/NFS/ttao/scannet/posed_images/scene0678_01/00572.jpg",
      "transform_matrix": [
        [
          -0.758695,
          -0.333747,
          0.559461,
          6.897864
        ],
        [
          -0.650087,
          0.332406,
          -0.683297,
          8.372136
        ],
        [
          0.04208,
          -0.882111,
          -0.469159,
          1.611208
        ],
        [
          0.0,
          0.0,
          0.0,
          1.0
        ]
      ]
    },
    {
      "file_path": "/media/NFS/ttao/scannet/posed_images/scene0678_01/00584.jpg",
      "transform_matrix": [
        [
          -0.848078,
          -0.255719,
          0.464081,
          7.135416
        ],
        [
          -0.526579,
          0.309262,
          -0.791878,
          8.289614
        ],
        [
          0.058975,
          -0.91595,
          -0.396934,
          1.623819
        ],
        [
          0.0,
          0.0,
          0.0,
          1.0
        ]
      ]
    },
    {
      "file_path": "/media/NFS/ttao/scannet/posed_images/scene0678_01/00588.jpg",
      "transform_matrix": [
        [
          -0.865028,
          -0.25642,
          0.431248,
          7.193209
        ],
        [
          -0.497727,
          0.330313,
          -0.801973,
          8.246778
        ],
        [
          0.063195,
          -0.908374,
          -0.413357,
          1.630135
        ],
        [
          0.0,
          0.0,
          0.0,
          1.0
        ]
      ]
    },
    {
      "file_path": "/media/NFS/ttao/scannet/posed_images/scene0678_01/00595.jpg",
      "transform_matrix": [
        [
          -0.891004,
          -0.236492,
          0.387535,
          7.287397
        ],
        [
          -0.448184,
          0.322043,
          -0.833918,
          8.161036
        ],
        [
          0.072412,
          -0.916711,
          -0.392934,
          1.63087
