{
  "frames": [
    {
      "file_path": "/media/NFS/ttao/scannet/posed_images/scene0140_00/00000.jpg",
      "transform_matrix": [
        [
          -0.176261,
          -0.039155,
          0.983564,
          3.054739
        ],
        [
          -0.983722,
          -0.028492,
          -0.177423,
          2.437738
        ],
        [
          0.03497,
          -0.998827,
          -0.033496,
          1.503838
        ],
        [
          0.0,
          0.0,
          0.0,
          1.0
        ]
      ]
    },
    {
      "file_path": "/media/NFS/ttao/scannet/posed_images/scene0140_00/00017.jpg",
      "transform_matrix": [
        [
          -0.189127,
          -0.039696,
          0.98115,
          3.094477
        ],
        [
          -0.980598,
          -0.044836,
          -0.190834,
          2.461704
        ],
        [
          0.051566,
          -0.998205,
          -0.030447,
          1.517714
        ],
        [
          0.0,
          0.0,
          0.0,
          1.0
        ]
      ]
    },
    {
      "file_path": "/media/NFS/ttao/scannet/posed_images/scene0140_00/00026.jpg",
      "transform_matrix": [
        [
          -0.169743,
          -0.061303,
          0.98358,
          3.100485
        ],
        [
          -0.983578,
          -0.051578,
          -0.172957,
          2.441025
        ],
        [
          0.061334,
          -0.996786,
          -0.051542,
          1.51528
        ],
        [
          0.0,
          0.0,
          0.0,
          1.0
        ]
      ]
    },
    {
      "file_path": "/media/NFS/ttao/scannet/posed_images/scene0140_00/00052.jpg",
      "transform_matrix": [
        [
          -0.220735,
          -0.207163,
          0.953079,
          3.013546
        ],
        [
          -0.973523,
          -0.012719,
          -0.228235,
          2.474438
        ],
        [
          0.059404,
          -0.978224,
          -0.198871,
          1.433193
        ],
        [
          0.0,
          0.0,
          0.0,
          1.0
        ]
      ]
    },
    {
      "file_path": "/media/NFS/ttao/scannet/posed_images/scene0140_00/00056.jpg",
      "transform_matrix": [
        [
          -0.212941,
          -0.21218,
          0.953748,
          2.971543
        ],
        [
          -0.976307,
          0.007757,
          -0.216252,
          2.496836
        ],
        [
          0.038486,
          -0.9772,
          -0.208805,
          1.430682
        ],
        [
          0.0,
          0.0,
          0.0,
          1.0
        ]
      ]
    },
    {
      "file_path": "/media/NFS/ttao/scannet/posed_images/scene0140_00/00069.jpg",
      "transform_matrix": [
        [
          -0.251968,
          -0.27047,
          0.929171,
          2.895628
        ],
        [
          -0.966911,
          0.030743,
          -0.253253,
          2.53808
        ],
        [
          0.039932,
          -0.962237,
          -0.269267,
          1.412216
        ],
        [
          0.0,
          0.0,
          0.0,
          1.0
        ]
      ]
    },
    {
      "file_path": "/media/NFS/ttao/scannet/posed_images/scene0140_00/00082.jpg",
      "transform_matrix": [
        [
          -0.301655,
          -0.236164,
          0.923705,
          2.88006
        ],
        [
          -0.953014,
          0.046502,
          -0.299337,
          2.450612
        ],
        [
          0.027738,
          -0.9706,
          -0.239095,
          1.444664
        ],
        [
          0.0,
          0.0,
          0.0,
          1.0
        ]
      ]
    },
    {
      "file_path": "/media/NFS/ttao/scannet/posed_images/scene0140_00/00107.jpg",
      "transform_matrix": [
        [
          -0.337789,
          -0.135424,
          0.931429,
          2.838815
        ],
        [
          -0.939732,
          -0.007138,
          -0.341838,
          2.298083
        ],
        [
          0.052942,
          -0.990762,
          -0.124851,
          1.516862
        ],
        [
          0.0,
          0.0,
          0.0,
          1.0
        ]
      ]
    },
    {
      "file_path": "/media/NFS/ttao/scannet/posed_images/scene0140_00/00112.jpg",
      "transform_matrix": [
        [
          -0.34863,
          -0.110447,
          0.93073,
          2.833332
        ],
        [
          -0.935999,
          -0.010476,
          -0.351847,
          2.291266
        ],
        [
          0.048611,
          -0.993827,
          -0.099727,
          1.517221
        ],
        [
          0.0,
          0.0,
          0.0,
          1.0
        ]
      ]
    },
    {
      "file_path": "/media/NFS/ttao/scannet/posed_images/scene0140_00/00137.jpg",
      "transform_matrix": [
        [
          -0.480416,
          -0.270823,
          0.834179,
          2.959618
        ],
        [
          -0.873298,
          0.059938,
          -0.483486,
          2.256048
        ],
        [
          0.08094,
          -0.960761,
          -0.265305,
          1.422021
        ],
        [
          0.0,
          0.0,
          0.0,
          1.0
        ]
      ]
    },
    {
      "file_path": "/media/NFS/ttao/scannet/posed_images/scene0140_00/00150.jpg",
      "transform_matrix": [
        [
          -0.446598,
          -0.371708,
          0.813869,
          2.974265
        ],
        [
          -0.893762,
          0.142922,
          -0.425163,
          2.154494
        ],
        [
          0.041717,
          -0.917282,
          -0.396047,
          1.408005
        ],
        [
          0.0,
          0.0,
          0.0,
          1.0
        ]
      ]
    },
    {
      "file_path": "/media/NFS/ttao/scannet/posed_images/scene0140_00/00159.jpg",
      "transform_matrix": [
        [
          -0.431633,
          -0.403914,
          0.806564,
          2.932271
        ],
        [
          -0.899209,
          0.121767,
          -0.420233,
          2.03566
        ],
        [
          0.071525,
          -0.906657,
          -0.415762,
          1.398371
        ],
        [
          0.0,
          0.0,
          0.0,
          1.0
        ]
      ]
    },
    {
      "file_path": "/media/NFS/ttao/scannet/posed_images/scene0140_00/00180.jpg",
      "transform_matrix": [
        [
          -0.549403,
          -0.385011,
          0.741568,
          2.899642
        ],
        [
          -0.832842,
          0.180834,
          -0.523139,
          1.930286
        ],
        [
          0.067313,
          -0.905023,
          -0.420003,
          1.437465
        ],
        [
          0.0,
          0.0,
          0.0,
          1.0
        ]
      ]
    },
    {
      "file_path": "/media/NFS/ttao/scannet/posed_images/scene0140_00/00185.jpg",
      "transform_matrix": [
        [
          -0.565708,
          -0.375758,
          0.734016,
          2.913759
        ],
        [
          -0.820228,
          0.164818,
          -0.547778,
          2.003295
        ],
        [
          0.084853,
          -0.911943,
          -0.401446,
          1.440742
        ],
        [
          0.0,
          0.0,
          0.0,
          1.0
        ]
      ]
    },
    {
      "file_path": "/media/NFS/ttao/scannet/posed_images/scene0140_00/00198.jpg",
      "transform_matrix": [
        [
          -0.487251,
          -0.387123,
          0.782766,
          2.989552
        ],
        [
          -0.871291,
          0.15532,
          -0.465541,
          2.254413
        ],
        [
          0.058642,
          -0.908852,
          -0.412976,
          1.404058
        ],
        [
          0.0,
          0.0,
          0.0,
          1.0
        ]
      ]
    },
    {
      "file_path": "/media/NFS/ttao/scannet/posed_images/scene0140_00/00210.jpg",
      "transform_matrix": [
        [
          -0.610633,
          -0.361503,
          0.704587,
          3.079468
        ],
        [
          -0.786344,
          0.171454,
          -0.59352,
          2.323935
        ],
        [
          0.093754,
          -0.916471,
          -0.388961,
          1.396126
        ],
        [
          0.0,
          0.0,
          0.0,
          1.0
        ]
      ]
    },
    {
      "file_path": "/media/NFS/ttao/scannet/posed_images/scene0140_00/00236.jpg",
      "transform_matrix": [
        [
          -0.847947,
          -0.204675,
          0.488973,
          3.066818
        ],
        [
          -0.52412,
          0.18577,
          -0.831136,
          2.531436
        ],
        [
          0.079276,
          -0.96104,
          -0.264797,
          1.459605
        ],
        [
          0.0,
          0.0,
          0.0,
          1.0
        ]
      ]
    },
    {
      "file_path": "/media/NFS/ttao/scannet/posed_images/scene0140_00/00249.jpg",
      "transform_matrix": [
        [
          -0.852674,
          -0.153229,
          0.499467,
          2.977689
        ],
        [
          -0.518076,
          0.124636,
          -0.846205,
          2.589424
        ],
        [
          0.067412,
          -0.980299,
          -0.185658,
          1.485596
        ],
        [
          0.0,
          0.0,
          0.0,
          1.0
        ]
      ]
    },
    {
      "file_path": "/media/NFS/ttao/scannet/posed_images/scene0140_00/00266.jpg",
      "transform_matrix": [
        [
          -0.882138,
          -0.110317,
          0.457889,
          2.871887
        ],
        [
          -0.46657,
          0.071787,
          -0.881566,
          2.638594
        ],
        [
          0.064381,
          -0.991301,
          -0.114797,
          1.492717
        ],
        [
          0.0,
          0.0,
          0.0,
          1.0
        ]
      ]
    },
    {
      "file_path": "/media/NFS/ttao/scannet/posed_images/scene0140_00/00279.jpg",
      "transform_matrix": [
        [
          -0.909181,
          -0.122828,
          0.397872,
          2.88772
        ],
        [
          -0.413033,
          0.144742,
          -0.899141,
          2.615289
        ],
        [
          0.052851,
          -0.981816,
          -0.182329,
          1.420952
        ],
        [
          0.0,
          0.0,
          0.0,
          1.0
        ]
      ]
    },
    {
      "file_path": "/media/NFS/ttao/scannet/posed_images/scene0140_00/00292.jpg",
      "transform_matrix": [
        [
          -0.916426,
          -0.171272,
          0.361703,
          2.899909
        ],
        [
          -0.394312,
          0.231911,
          -0.889233,
          2.572753
        ],
        [
          0.068418,
          -0.95754,
          -0.280064,
          1.403593
        ],
        [
          0.0,
          0.0,
          0.0,
          1.0
        ]
      ]
    },
    {
      "file_path": "/media/NFS/ttao/scannet/posed_images/scene0140_00/00305.jpg",
      "transform_matrix": [
        [
          -0.925829,
          -0.183491,
          0.330413,
          2.875066
        ],
        [
          -0.371574,
          0.282082,
          -0.884513,
          2.560744
        ],
        [
          0.069096,
          -0.94168,
          -0.32934,
          1.381586
        ],
        [
          0.0,
          0.0,
          0.0,
          1.0
        ]
      ]
    },
    {
      "file_path": "/media/NFS/ttao/scannet/posed_images/scene0140_00/00322.jpg",
      "transform_matrix": [
        [
          -0.935318,
          -0.152748,
          0.319138,
          2.786231
        ],
        [
          -0.351498,
          0.298214,
          -0.887422,
          2.573509
        ],
        [
          0.040381,
          -0.942198,
          -0.332615,
          1.408156
        ],
        [
          0.0,
          0.0,
          0.0,
          1.0
        ]
      ]
    },
    {
      "file_path": "/media/NFS/ttao/scannet/posed_images/scene0140_00/00326.jpg",
      "transform_matrix": [
        [
          -0.935853,
          -0.140122,
          0.323335,
          2.770963
        ],
        [
          -0.351189,
          0.295101,
          -0.888584,
          2.586918
        ],
        [
          0.029093,
          -0.945135,
          -0.325381,
          1.409166
        ],
        [
          0.0,
          0.0,
          0.0,
          1.0
        ]
      ]
    },
    {
      "file_path": "/media/NFS/ttao/scannet/posed_images/scene0140_00/00339.jpg",
      "transform_matrix": [
        [
          -0.951012,
          -0.142659,
          0.274271,
          2.712226
        ],
        [
          -0.303645,
          0.264293,
          -0.915396,
          2.632176
        ],
        [
          0.058102,
          -0.953833,
          -0.294663,
          1.392884
        ],
        [
          0.0,
          0.0,
          0.0,
          1.0
        ]
      ]
    },
    {
      "file_path": "/media/NFS/ttao/scannet/posed_images/scene0140_00/00356.jpg",
      "transform_matrix": [
        [
          -0.990522,
          -0.090946,
          0.102933,
          2.590203
        ],
        [
          -0.128518,
          0.349204,
          -0.928192,
          2.612267
        ],
        [
          0.048471,
          -0.932623,
          -0.357582,
          1.376948
        ],
        [
          0.0,
          0.0,
          0.0,
          1.0
        ]
      ]
    },
    {
      "file_path": "/media/NFS/ttao/scannet/posed_images/scene0140_00/00378.jpg",
      "transform_matrix": [
        [
          -0.993764,
          -0.055463,
          -0.096728,
          2.596863
        ],
        [
          0.065791,
          0.408721,
          -0.910285,
          2.488818
        ],
        [
          0.090022,
          -0.910972,
          -0.402524,
          1.396793
        ],
        [
          0.0,
          0.0,
          0.0,
          1.0
        ]
      ]
    },
    {
      "file_path": "/media/NFS/ttao/scannet/posed_images/scene0140_00/00382.jpg",
      "transform_matrix": [
        [
          -0.985318,
          -0.033815,
          -0.167349,
          2.628273
        ],
        [
          0.138125,
          0.418259,
          -0.897765,
          2.46176
        ],
        [
          0.100353,
          -0.907698,
          -0.407448,
          1.382498
        ],
        [
          0.0,
          0.0,
          0.0,
          1.0
        ]
      ]
    },
    {
      "file_path": "/media/NFS/ttao/scannet/posed_images/scene0140_00/00399.jpg",
      "transform_matrix": [
        [
          -0.905831,
          0.110329,
          -0.40902,
          2.812724
        ],
        [
          0.422264,
          0.312878,
          -0.850765,
          2.371224
        ],
        [
          0.034109,
          -0.943364,
          -0.330002,
          1.431738
        ],
        [
          0.0,
          0.0,
          0.0,
          1.0
        ]
      ]
    },
    {
      "file_path": "/media/NFS/ttao/scannet/posed_images/scene0140_00/00412.jpg",
      "transform_matrix": [
        [
          -0.865029,
          0.133431,
          -0.483654,
          2.944211
        ],
        [
          0.500117,
          0.306365,
          -0.809953,
          2.226542
        ],
        [
          0.040102,
          -0.942516,
          -0.331746,
          1.422992
        ],
        [
          0.0,
          0.0,
          0.0,
          1.0
        ]
      ]
    },
    {
      "file_path": "/media/NFS/ttao/scannet/posed_images/scene0140_00/00434.jpg",
      "transform_matrix": [
        [
          -0.679602,
          0.269988,
          -0.682091,
          3.313689
        ],
        [
          0.732421,
          0.197452,
          -0.651592,
          2.018226
        ],
        [
          -0.041242,
          -0.942401,
          -0.331934,
          1.439289
        ],
        [
          0.0,
          0.0,
          0.0,
          1.0
        ]
      ]
    },
    {
      "file_path": "/media/NFS/ttao/scannet/posed_images/scene0140_00/00442.jpg",
      "transform_matrix": [
        [
          -0.612617,
          0.289415,
          -0.735485,
          3.43601
        ],
        [
          0.789816,
          0.189034,
          -0.583487,
          1.985037
        ],
        [
          -0.029839,
          -0.938352,
          -0.34439,
          1.452168
        ],
        [
          0.0,
          0.0,
          0.0,
          1.0
        ]
      ]
    },
    {
      "file_path": "/media/NFS/ttao/scannet/posed_images/scene0140_00/00455.jpg",
      "transform_matrix": [
        [
          -0.528494,
          0.303655,
          -0.792772,
          3.570757
        ],
        [
          0.847856,
          0.141686,
          -0.510946,
          2.005149
        ],
        [
          -0.042827,
          -0.942188,
          -0.332336,
          1.413325
        ],
        [
          0.0,
          0.0,
          0.0,
          1.0
        ]
      ]
    },
    {
      "file_path": "/media/NFS/ttao/scannet/posed_images/scene0140_00/00477.jpg",
      "transform_matrix": [
        [
          -0.390224,
          0.301753,
          -0.869868,
          3.780535
        ],
        [
          0.920353,
          0.101177,
          -0.377774,
          2.0039
        ],
        [
          -0.025983,
          -0.948002,
          -0.317201,
          1.393825
        ],
        [
          0.0,
          0.0,
          0.0,
          1.0
        ]
      ]
    },
    {
      "file_path": "/media/NFS/ttao/scannet/posed_images/scene0140_00/00485.jpg",
      "transform_matrix": [
        [
          -0.380255,
          0.328832,
          -0.864451,
          3.839912
        ],
        [
          0.922384,
          0.066186,
          -0.380561,
          1.981403
        ],
        [
          -0.067926,
          -0.942066,
          -0.328477,
          1.397418
        ],
        [
          0.0,
          0.0,
          0.0,
          1.0
        ]
      ]
    },
    {
      "file_path": "/media/NFS/ttao/scannet/posed_images/scene0140_00/00498.jpg",
      "transform_matrix": [
        [
          -0.205633,
          0.322793,
          -0.923861,
          3.834857
        ],
        [
          0.972331,
          -0.039537,
          -0.230236,
          2.004607
        ],
        [
          -0.110845,
          -0.945644,
          -0.305731,
          1.435645
        ],
        [
          0.0,
          0.0,
          0.0,
          1.0
        ]
      ]
    },
    {
      "file_path": "/media/NFS/ttao/scannet/posed_images/scene0140_00/00515.jpg",
      "transform_matrix": [
        [
          -0.124093,
          0.253519,
          -0.959338,
          3.673409
        ],
        [
          0.983395,
          -0.097601,
          -0.152998,
          2.16058
        ],
        [
          -0.132421,
          -0.962394,
          -0.237198,
          1.443987
        ],
        [
          0.0,
          0.0,
          0.0,
          1.0
        ]
      ]
    },
    {
      "file_path": "/media/NFS/ttao/scannet/posed_images/scene0140_00/00528.jpg",
      "transform_matrix": [
        [
          -0.062177,
          0.277464,
          -0.958722,
          3.552965
        ],
        [
          0.99136,
          -0.093991,
          -0.091496,
          2.215001
        ],
        [
          -0.115498,
          -0.956127,
          -0.269222,
          1.453319
        ],
        [
          0.0,
          0.0,
          0.0,
          1.0
        ]
      ]
    },
    {
      "file_path": "/media/NFS/ttao/scannet/posed_images/scene0140_00/00550.jpg",
      "transform_matrix": [
        [
          0.143974,
          0.247835,
          -0.958045,
          3.376407
        ],
        [
          0.984289,
          -0.13586,
          0.112772,
          2.125772
        ],
        [
          -0.102211,
          -0.959229,
          -0.263502,
          1.483605
        ],
        [
          0.0,
          0.0,
          0.0,
          1.0
        ]
      ]
    },
    {
      "file_path": "/media/NFS/ttao/scannet/posed_images/scene0140_00/00558.jpg",
      "transform_matrix": [
        [
          0.216606,
          0.257912,
          -0.941575,
          3.296849
        ],
        [
          0.969606,
          -0.169241,
          0.176697,
          2.120862
        ],
        [
          -0.11378,
          -0.95123,
          -0.286732,
          1.478368
        ],
        [
          0.0,
          0.0,
          0.0,
          1.0
        ]
      ]
    },
    {
      "file_path": "/media/NFS/ttao/scannet/posed_images/scene0140_00/00571.jpg",
      "transform_matrix": [
        [
          0.238069,
          0.251485,
          -0.938125,
          3.090505
        ],
        [
          0.960939,
          -0.201345,
          0.189883,
          2.223999
        ],
        [
          -0.141134,
          -0.946687,
          -0.289596,
          1.466244
        ],
        [
          0.0,
          0.0,
          0.0,
          1.0
        ]
      ]
    },
    {
      "file_path": "/media/NFS/ttao/scannet/posed_images/scene0140_00/00584.jpg",
      "transform_matrix": [
        [
          0.176967,
          0.296849,
          -0.938383,
          2.885842
        ],
        [
          0.978642,
          -0.154407,
          0.135714,
          2.284038
        ],
        [
          -0.104606,
          -0.942358,
          -0.317833,
          1.478818
        ],
        [
          0.0,
          0.0,
          0.0,
          1.0
        ]
      ]
    },
    {
      "file_path": "/media/NFS/ttao/scannet/posed_images/scene0140_00/00601.jpg",
      "transform_matrix": [
        [
          0.084955,
          0.30014,
          -0.950105,
          2.588472
        ],
        [
          0.990652,
          -0.127583,
          0.048277,
          2.428681
        ],
        [
          -0.106727,
          -0.945325,
          -0.308173,
          1.496005
        ],
        [
          0.0,
          0.0,
          0.0,
          1.0
        ]
      ]
    },
    {
      "file_path": "/media/NFS/ttao/scannet/posed_images/scene0140_00/00614.jpg",
      "transform_matrix": [
        [
          0.040955,
          0.343896,
          -0.938114,
          2.402302
        ],
        [
          0.990718,
          -0.135779,
          -0.006522,
          2.559062
        ],
        [
          -0.129619,
          -0.929139,
          -0.346265,
          1.500373
        ],
        [
          0.0,
          0.0,
          0.0,
          1.0
        ]
      ]
    },
    {
      "file_path": "/media/NFS/ttao/scannet/posed_images/scene0140_00/00627.jpg",
      "transform_matrix": [
        [
          0.026345,
          0.407087,
          -0.913009,
          2.224494
        ],
        [
          0.992793,
          -0.117473,
          -0.023731,
          2.607683
        ],
        [
          -0.116915,
          -0.905804,
          -0.407248,
          1.502466
        ],
        [
          0.0,
          0.0,
          0.0,
          1.0
        ]
      ]
    },
    {
      "file_path": "/media/NFS/ttao/scannet/posed_images/scene0140_00/00653.jpg",
      "transform_matrix": [
        [
          0.352486,
          0.219719,
          -0.909658,
          2.080884
        ],
        [
          0.934379,
          -0.136493,
          0.329097,
          2.552643
        ],
        [
          -0.051853,
          -0.965967,
          -0.253413,
          1.586733
        ],
        [
          0.0,
          0.0,
          0.0,
          1.0
        ]
      ]
    },
    {
      "file_path": "/media/NFS/ttao/scannet/posed_images/scene0140_00/00657.jpg",
      "transform_matrix": [
        [
          0.39946,
          0.193393,
          -0.89612,
          2.126935
        ],
        [
          0.914653,
          -0.150162,
          0.375315,
          2.529832
        ],
        [
          -0.06198,
          -0.969562,
          -0.236871,
          1.600279
        ],
        [
          0.0,
          0.0,
          0.0,
          1.0
        ]
      ]
    },
    {
      "file_path": "/media/NFS/ttao/scannet/posed_images/scene0140_00/00670.jpg",
      "transform_matrix": [
        [
          0.496127,
          0.057669,
          -0.866332,
          2.3199
        ],
        [
          0.864639,
          -0.123717,
          0.486922,
          2.461189
        ],
        [
          -0.0791,
          -0.99064,
          -0.111242,
          1.632549
        ],
        [
          0.0,
          0.0,
          0.0,
          1.0
        ]
      ]
    },
    {
      "file_path": "/media/NFS/ttao/scannet/posed_images/scene0140_00/00696.jpg",
      "transform_matrix": [
        [
          0.636008,
          0.074435,
          -0.768085,
          2.41049
        ],
        [
          0.763063,
          -0.209022,
          0.611593,
          2.237726
        ],
        [
          -0.115023,
          -0.975074,
          -0.189737,
          1.584062
        ],
        [
          0.0,
          0.0,
          0.0,
          1.0
        ]
      ]
    },
    {
      "file_path": "/media/NFS/ttao/scannet/posed_images/scene0140_00/00700.jpg",
      "transform_matrix": [
        [
          0.64112,
          0.060833,
          -0.765025,
          2.437053
        ],
        [
          0.758897,
          -0.19858,
          0.620194,
          2.22573
        ],
        [
          -0.114191,
          -0.978195,
          -0.17348,
          1.579606
        ],
        [
          0.0,
          0.0,
          0.0,
          1.0
        ]
      ]
    },
    {
      "file_path": "/media/NFS/ttao/scannet/posed_images/scene0140_00/00717.jpg",
      "transform_matrix": [
        [
          0.716403,
          0.083373,
          -0.692688,
          2.560615
        ],
        [
          0.688471,
          -0.245319,
          0.682515,
          2.185928
        ],
        [
          -0.113026,
          -0.965851,
          -0.233147,
          1.556035
        ],
        [
          0.0,
          0.0,
          0.0,
          1.0
        ]
      ]
    },
    {
      "file_path": "/media/NFS/ttao/scannet/posed_images/scene0140_00/00739.jpg",
      "transform_matrix": [
        [
          0.808115,
          0.160997,
          -0.566596,
          2.490823
        ],
        [
          0.581643,
          -0.369938,
          0.724458,
          2.181871
        ],
        [
          -0.09297,
          -0.915001,
          -0.392595,
          1.509473
        ],
        [
          0.0,
          0.0,
          0.0,
          1.0
        ]
      ]
    },
    {
      "file_path": "/media/NFS/ttao/scannet/posed_images/scene0140_00/00743.jpg",
      "transform_matrix": [
        [
          0.81803,
          0.159274,
          -0.552683,
          2.452484
        ],
        [
          0.566768,
          -0.386908,
          0.727376,
          2.190773
        ],
        [
          -0.097986,
          -0.908259,
          -0.406774,
          1.523845
        ],
        [
          0.0,
          0.0,
          0.0,
          1.0
        ]
      ]
    },
    {
      "file_path": "/media/NFS/ttao/scannet/posed_images/scene0140_00/00764.jpg",
      "transform_matrix": [
        [
          0.892597,
          -0.001723,
          -0.450852,
          2.397021
        ],
        [
          0.433839,
          -0.26886,
          0.859941,
          2.274103
        ],
        [
          -0.122698,
          -0.963178,
          -0.239236,
          1.591602
        ],
        [
          0.0,
          0.0,
          0.0,
          1.0
        ]
      ]
    },
    {
      "file_path": "/media/NFS/ttao/scannet/posed_images/scene0140_00/00782.jpg",
      "transform_matrix": [
        [
          0.884822,
          -0.038243,
          -0.464358,
          2.43156
        ],
        [
          0.454792,
          -0.145719,
          0.878596,
          2.465217
        ],
        [
          -0.101266,
          -0.988587,
          -0.111543,
          1.609112
        ],
        [
          0.0,
          0.0,
          0.0,
          1.0
        ]
      ]
    },
    {
      "file_path": "/media/NFS/ttao/scannet/posed_images/scene0140_00/00786.jpg",
      "transform_matrix": [
        [
          0.882273,
          -0.03771,
          -0.469225,
          2.421707
        ],
        [
          0.460154,
          -0.141104,
          0.876555,
          2.497194
        ],
        [
          -0.099264,
          -0.989276,
          -0.10714,
          1.602441
        ],
        [
          0.0,
          0.0,
          0.0,
          1.0
        ]
      ]
    },
    {
      "file_path": "/media/NFS/ttao/scannet/posed_images/scene0140_00/00799.jpg",
      "transform_matrix": [
        [
          0.899052,
          -0.050838,
          -0.434881,
          2.340544
        ],
        [
          0.420564,
          -0.175998,
          0.890028,
          2.580059
        ],
        [
          -0.121785,
          -0.983077,
          -0.13685,
          1.582905
        ],
        [
          0.0,
          0.0,
          0.0,
          1.0
        ]
      ]
    },
    {
      "file_path": "/media/NFS/ttao/scannet/posed_images/scene0140_00/00812.jpg",
      "transform_matrix": [
        [
          0.94955,
          -0.015367,
          -0.313238,
          2.246415
        ],
        [
          0.300943,
          -0.236398,
          0.923877,
          2.669637
        ],
        [
          -0.088246,
          -0.971535,
          -0.219847,
          1.563149
        ],
        [
          0.0,
          0.0,
          0.0,
          1.0
        ]
      ]
    },
    {
      "file_path": "/media/NFS/ttao/scannet/posed_images/scene0140_00/00829.jpg",
      "transform_matrix": [
        [
          0.963059,
          0.000219,
          -0.26929,
          2.311016
        ],
        [
          0.253206,
          -0.341165,
          0.905259,
          2.788367
        ],
        [
          -0.091675,
          -0.940003,
          -0.328617,
          1.531557
        ],
        [
          0.0,
          0.0,
          0.0,
          1.0
        ]
      ]
    },
    {
      "file_path": "/media/NFS/ttao/scannet/posed_images/scene0140_00/00846.jpg",
      "transform_matrix": [
        [
          0.967455,
          0.010846,
          -0.252809,
          2.450119
        ],
        [
          0.2326,
          -0.431513,
          0.871604,
          2.919325
        ],
        [
          -0.099637,
          -0.902042,
          -0.419992,
          1.507663
        ],
        [
          0.0,
          0.0,
          0.0,
          1.0
        ]
      ]
    },
    {
      "file_path": "/media/NFS/ttao/scannet/posed_images/scene0140_00/00855.jpg",
      "transform_matrix": [
        [
          0.976366,
          -0.004373,
          -0.21608,
          2.469275
        ],
        [
          0.190133,
          -0.457982,
          0.868391,
          2.939667
        ],
        [
          -0.102758,
          -0.888951,
          -0.446327,
          1.498296
        ],
        [
          0.0,
          0.0,
          0.0,
          1.0
        ]
      ]
    },
    {
      "file_path": "/media/NFS/ttao/scannet/posed_images/scene0140_00/00880.jpg",
      "transform_matrix": [
        [
          0.997289,
          -0.072353,
          -0.013382,
          2.230162
        ],
        [
          -0.013913,
          -0.364014,
          0.93129,
          2.679847
        ],
        [
          -0.072253,
          -0.928579,
          -0.364034,
          1.538712
        ],
        [
          0.0,
          0.0,
          0.0,
          1.0
        ]
      ]
    },
    {
      "file_path": "/media/NFS/ttao/scannet/posed_images/scene0140_00/00885.jpg",
      "transform_matrix": [
        [
          0.996498,
          -0.083605,
          0.00127,
          2.191288
        ],
        [
          -0.030995,
          -0.355249,
          0.934258,
          2.646904
        ],
        [
          -0.077658,
          -0.931025,
          -0.356597,
          1.557549
        ],
        [
          0.0,
          0.0,
          0.0,
          1.0
        ]
      ]
    },
    {
      "file_path": "/media/NFS/ttao/scannet/posed_images/scene0140_00/00897.jpg",
      "transform_matrix": [
        [
          0.996872,
          -0.074582,
          -0.026139,
          2.14746
        ],
        [
          0.001942,
          -0.30754,
          0.951533,
          2.649177
        ],
        [
          -0.079006,
          -0.948608,
          -0.306433,
          1.586102
        ],
        [
          0.0,
          0.0,
          0.0,
          1.0
        ]
      ]
    },
    {
      "file_path": "/media/NFS/ttao/scannet/posed_images/scene0140_00/00923.jpg",
      "transform_matrix": [
        [
          0.985423,
          -0.085101,
          -0.147305,
          2.057635
        ],
        [
          0.123664,
          -0.23629,
          0.963781,
          2.878198
        ],
        [
          -0.116825,
          -0.967949,
          -0.222322,
          1.590707
        ],
        [
          0.0,
          0.0,
          0.0,
          1.0
        ]
      ]
    },
    {
      "file_path": "/media/NFS/ttao/scannet/posed_images/scene0140_00/00928.jpg",
      "transform_matrix": [
        [
          0.988916,
          -0.087708,
          -0.119803,
          2.009008
        ],
        [
          0.099493,
          -0.207478,
          0.973167,
          2.927238
        ],
        [
          -0.110211,
          -0.9743,
          -0.196452,
          1.606893
        ],
        [
          0.0,
          0.0,
          0.0,
          1.0
        ]
      ]
    },
    {
      "file_path": "/media/NFS/ttao/scannet/posed_images/scene0140_00/00949.jpg",
      "transform_matrix": [
        [
          0.994041,
          -0.108236,
          0.012968,
          1.912873
        ],
        [
          -0.045337,
          -0.302299,
          0.952135,
          3.196392
        ],
        [
          -0.099135,
          -0.947048,
          -0.305404,
          1.558004
        ],
        [
          0.0,
          0.0,
          0.0,
          1.0
        ]
      ]
    },
    {
      "file_path": "/media/NFS/ttao/scannet/posed_images/scene0140_00/00966.jpg",
      "transform_matrix": [
        [
          0.989523,
          -0.119047,
          0.08168,
          1.904242
        ],
        [
          -0.123555,
          -0.405618,
          0.905654,
          3.37883
        ],
        [
          -0.074684,
          -0.906257,
          -0.416077,
          1.515024
        ],
        [
          0.0,
          0.0,
          0.0,
          1.0
        ]
      ]
    },
    {
      "file_path": "/media/NFS/ttao/scannet/posed_images/scene0140_00/00975.jpg",
      "transform_matrix": [
        [
          0.972873,
          -0.154483,
          0.1722,
          1.871152
        ],
        [
          -0.222449,
          -0.420326,
          0.879683,
          3.478883
        ],
        [
          -0.063515,
          -0.894126,
          -0.443289,
          1.489729
        ],
        [
          0.0,
          0.0,
          0.0,
          1.0
        ]
      ]
    },
    {
      "file_path": "/media/NFS/ttao/scannet/posed_images/scene0140_00/00996.jpg",
      "transform_matrix": [
        [
          0.963333,
          -0.179717,
          0.199229,
          1.767167
        ],
        [
          -0.25565,
          -0.38941,
          0.884874,
          3.749721
        ],
        [
          -0.081446,
          -0.903361,
          -0.421076,
          1.498186
        ],
        [
          0.0,
          0.0,
          0.0,
          1.0
        ]
      ]
    },
    {
      "file_path": "/media/NFS/ttao/scannet/posed_images/scene0140_00/01001.jpg",
      "transform_matrix": [
        [
          0.963945,
          -0.176021,
          0.199568,
          1.791168
        ],
        [
          -0.255055,
          -0.397306,
          0.88153,
          3.806313
        ],
        [
          -0.075878,
          -0.900647,
          -0.427876,
          1.49342
        ],
        [
          0.0,
          0.0,
          0.0,
          1.0
        ]
      ]
    },
    {
      "file_path": "/media/NFS/ttao/scannet/posed_images/scene0140_00/01018.jpg",
      "transform_matrix": [
        [
          0.941132,
          -0.194183,
          0.2767,
          1.969581
        ],
        [
          -0.330627,
          -0.35831,
          0.873098,
          4.04803
        ],
        [
          -0.070396,
          -0.913185,
          -0.401419,
          1.487913
        ],
        [
          0.0,
          0.0,
          0.0,
          1.0
        ]
      ]
    },
    {
      "file_path": "/media/NFS/ttao/scannet/posed_images/scene0140_00/01039.jpg",
      "transform_matrix": [
        [
          0.980167,
          -0.174224,
          0.094443,
          2.024351
        ],
        [
          -0.130228,
          -0.207033,
          0.969628,
          4.263913
        ],
        [
          -0.149379,
          -0.962696,
          -0.225616,
          1.592492
        ],
        [
          0.0,
          0.0,
          0.0,
          1.0
        ]
      ]
    },
    {
      "file_path": "/media/NFS/ttao/scannet/posed_images/scene0140_00/01043.jpg",
      "transform_matrix": [
        [
          0.982503,
          -0.164227,
          0.087851,
          2.038139
        ],
        [
          -0.117951,
          -0.183611,
          0.975897,
          4.297769
        ],
        [
          -0.144138,
          -0.969184,
          -0.199769,
          1.592538
        ],
        [
          0.0,
          0.0,
          0.0,
          1.0
        ]
      ]
    },
    {
      "file_path": "/media/NFS/ttao/scannet/posed_images/scene0140_00/01061.jpg",
      "transform_matrix": [
        [
          0.990375,
          -0.137544,
          0.015482,
          2.126001
        ],
        [
          -0.033314,
          -0.12831,
          0.991175,
          4.370331
        ],
        [
          -0.134344,
          -0.98215,
          -0.131657,
          1.627251
        ],
        [
          0.0,
          0.0,
          0.0,
          1.0
        ]
      ]
    },
    {
      "file_path": "/media/NFS/ttao/scannet/posed_images/scene0140_00/01074.jpg",
      "transform_matrix": [
        [
          0.975031,
          -0.16837,
          0.144795,
          2.133089
        ],
        [
          -0.181526,
          -0.228712,
          0.95642,
          4.466655
        ],
        [
          -0.127916,
          -0.958823,
          -0.253565,
          1.621214
        ],
        [
          0.0,
          0.0,
          0.0,
          1.0
        ]
      ]
    },
    {
      "file_path": "/media/NFS/ttao/scannet/posed_images/scene0140_00/01095.jpg",
      "transform_matrix": [
        [
          0.878525,
          -0.265551,
          0.397085,
          2.083138
        ],
        [
          -0.46968,
          -0.328532,
          0.819431,
          4.665775
        ],
        [
          -0.087146,
          -0.906394,
          -0.413348,
          1.509401
        ],
        [
          0.0,
          0.0,
          0.0,
          1.0
        ]
      ]
    },
    {
      "file_path": "/media/NFS/ttao/scannet/posed_images/scene0140_00/01099.jpg",
      "transform_matrix": [
        [
          0.857672,
          -0.271854,
          0.436456,
          2.096443
        ],
        [
          -0.509632,
          -0.336574,
          0.791829,
          4.684241
        ],
        [
