{
  "frames": [
    {
      "file_path": "/media/NFS/ttao/scannet/posed_images/scene0019_00/00000.jpg",
      "transform_matrix": [
        [
          0.927869,
          -0.125596,
          0.351119,
          5.442723
        ],
        [
          -0.372891,
          -0.32108,
          0.870551,
          4.031985
        ],
        [
          0.003399,
          -0.938687,
          -0.344754,
          1.348893
        ],
        [
          0.0,
          0.0,
          0.0,
          1.0
        ]
      ]
    },
    {
      "file_path": "/media/NFS/ttao/scannet/posed_images/scene0019_00/00002.jpg",
      "transform_matrix": [
        [
          0.929388,
          -0.122542,
          0.348169,
          5.437048
        ],
        [
          -0.369059,
          -0.323333,
          0.87135,
          4.036695
        ],
        [
          0.005798,
          -0.938317,
          -0.345726,
          1.363649
        ],
        [
          0.0,
          0.0,
          0.0,
          1.0
        ]
      ]
    },
    {
      "file_path": "/media/NFS/ttao/scannet/posed_images/scene0019_00/00003.jpg",
      "transform_matrix": [
        [
          0.928402,
          -0.120953,
          0.351341,
          5.430759
        ],
        [
          -0.37149,
          -0.322693,
          0.870554,
          4.038916
        ],
        [
          0.008079,
          -0.938743,
          -0.344522,
          1.364124
        ],
        [
          0.0,
          0.0,
          0.0,
          1.0
        ]
      ]
    },
    {
      "file_path": "/media/NFS/ttao/scannet/posed_images/scene0019_00/00005.jpg",
      "transform_matrix": [
        [
          0.930278,
          -0.115783,
          0.348106,
          5.440893
        ],
        [
          -0.366716,
          -0.319768,
          0.873652,
          4.035303
        ],
        [
          0.01016,
          -0.940395,
          -0.339933,
          1.370977
        ],
        [
          0.0,
          0.0,
          0.0,
          1.0
        ]
      ]
    },
    {
      "file_path": "/media/NFS/ttao/scannet/posed_images/scene0019_00/00008.jpg",
      "transform_matrix": [
        [
          0.932084,
          -0.105861,
          0.34643,
          5.448005
        ],
        [
          -0.361868,
          -0.315646,
          0.877165,
          4.027702
        ],
        [
          0.016492,
          -0.942953,
          -0.332516,
          1.366386
        ],
        [
          0.0,
          0.0,
          0.0,
          1.0
        ]
      ]
    },
    {
      "file_path": "/media/NFS/ttao/scannet/posed_images/scene0019_00/00009.jpg",
      "transform_matrix": [
        [
          0.930142,
          -0.10574,
          0.351647,
          5.443505
        ],
        [
          -0.366759,
          -0.314483,
          0.87555,
          4.02862
        ],
        [
          0.018006,
          -0.943355,
          -0.331295,
          1.369591
        ],
        [
          0.0,
          0.0,
          0.0,
          1.0
        ]
      ]
    },
    {
      "file_path": "/media/NFS/ttao/scannet/posed_images/scene0019_00/00011.jpg",
      "transform_matrix": [
        [
          0.924429,
          -0.103332,
          0.367088,
          5.423807
        ],
        [
          -0.38049,
          -0.314707,
          0.86959,
          4.036994
        ],
        [
          0.025669,
          -0.943548,
          -0.330241,
          1.382166
        ],
        [
          0.0,
          0.0,
          0.0,
          1.0
        ]
      ]
    },
    {
      "file_path": "/media/NFS/ttao/scannet/posed_images/scene0019_00/00014.jpg",
      "transform_matrix": [
        [
          0.918162,
          -0.095623,
          0.384493,
          5.409484
        ],
        [
          -0.394756,
          -0.303722,
          0.867133,
          4.038467
        ],
        [
          0.033862,
          -0.94795,
          -0.316614,
          1.383435
        ],
        [
          0.0,
          0.0,
          0.0,
          1.0
        ]
      ]
    },
    {
      "file_path": "/media/NFS/ttao/scannet/posed_images/scene0019_00/00016.jpg",
      "transform_matrix": [
        [
          0.915042,
          -0.09371,
          0.392322,
          5.401713
        ],
        [
          -0.401645,
          -0.301228,
          0.864837,
          4.040184
        ],
        [
          0.037135,
          -0.948936,
          -0.313274,
          1.383482
        ],
        [
          0.0,
          0.0,
          0.0,
          1.0
        ]
      ]
    },
    {
      "file_path": "/media/NFS/ttao/scannet/posed_images/scene0019_00/00017.jpg",
      "transform_matrix": [
        [
          0.91351,
          -0.092483,
          0.396165,
          5.397425
        ],
        [
          -0.404862,
          -0.302015,
          0.86306,
          4.041778
        ],
        [
          0.039829,
          -0.948806,
          -0.313337,
          1.387382
        ],
        [
          0.0,
          0.0,
          0.0,
          1.0
        ]
      ]
    },
    {
      "file_path": "/media/NFS/ttao/scannet/posed_images/scene0019_00/00020.jpg",
      "transform_matrix": [
        [
          0.910582,
          -0.094273,
          0.402434,
          5.389415
        ],
        [
          -0.411708,
          -0.293013,
          0.862925,
          4.040205
        ],
        [
          0.036567,
          -0.951449,
          -0.305626,
          1.383631
        ],
        [
          0.0,
          0.0,
          0.0,
          1.0
        ]
      ]
    },
    {
      "file_path": "/media/NFS/ttao/scannet/posed_images/scene0019_00/00021.jpg",
      "transform_matrix": [
        [
          0.91011,
          -0.097118,
          0.402825,
          5.380658
        ],
        [
          -0.412851,
          -0.295605,
          0.861494,
          4.045521
        ],
        [
          0.035411,
          -0.950361,
          -0.309128,
          1.390105
        ],
        [
          0.0,
          0.0,
          0.0,
          1.0
        ]
      ]
    },
    {
      "file_path": "/media/NFS/ttao/scannet/posed_images/scene0019_00/00024.jpg",
      "transform_matrix": [
        [
          0.91099,
          -0.096276,
          0.401034,
          5.363796
        ],
        [
          -0.411279,
          -0.284618,
          0.865934,
          4.049438
        ],
        [
          0.030773,
          -0.953794,
          -0.298881,
          1.39218
        ],
        [
          0.0,
          0.0,
          0.0,
          1.0
        ]
      ]
    },
    {
      "file_path": "/media/NFS/ttao/scannet/posed_images/scene0019_00/00025.jpg",
      "transform_matrix": [
        [
          0.911669,
          -0.095027,
          0.399787,
          5.357364
        ],
        [
          -0.409722,
          -0.284599,
          0.866678,
          4.051793
        ],
        [
          0.031421,
          -0.953925,
          -0.298395,
          1.390059
        ],
        [
          0.0,
          0.0,
          0.0,
          1.0
        ]
      ]
    },
    {
      "file_path": "/media/NFS/ttao/scannet/posed_images/scene0019_00/00026.jpg",
      "transform_matrix": [
        [
          0.913507,
          -0.09446,
          0.395705,
          5.355669
        ],
        [
          -0.405668,
          -0.284734,
          0.868539,
          4.050703
        ],
        [
          0.030629,
          -0.953941,
          -0.298426,
          1.384071
        ],
        [
          0.0,
          0.0,
          0.0,
          1.0
        ]
      ]
    },
    {
      "file_path": "/media/NFS/ttao/scannet/posed_images/scene0019_00/00028.jpg",
      "transform_matrix": [
        [
          0.916793,
          -0.096573,
          0.38751,
          5.345339
        ],
        [
          -0.398223,
          -0.294319,
          0.868789,
          4.054216
        ],
        [
          0.03015,
          -0.950815,
          -0.308287,
          1.378688
        ],
        [
          0.0,
          0.0,
          0.0,
          1.0
        ]
      ]
    },
    {
      "file_path": "/media/NFS/ttao/scannet/posed_images/scene0019_00/00030.jpg",
      "transform_matrix": [
        [
          0.922114,
          -0.101138,
          0.373466,
          5.338731
        ],
        [
          -0.386041,
          -0.305427,
          0.870452,
          4.057506
        ],
        [
          0.026031,
          -0.946829,
          -0.320682,
          1.382351
        ],
        [
          0.0,
          0.0,
          0.0,
          1.0
        ]
      ]
    },
    {
      "file_path": "/media/NFS/ttao/scannet/posed_images/scene0019_00/00032.jpg",
      "transform_matrix": [
        [
          0.927915,
          -0.098553,
          0.359529,
          5.330174
        ],
        [
          -0.371728,
          -0.317434,
          0.872384,
          4.05981
        ],
        [
          0.02815,
          -0.943145,
          -0.331187,
          1.371716
        ],
        [
          0.0,
          0.0,
          0.0,
          1.0
        ]
      ]
    },
    {
      "file_path": "/media/NFS/ttao/scannet/posed_images/scene0019_00/00034.jpg",
      "transform_matrix": [
        [
          0.934341,
          -0.093537,
          0.343887,
          5.324143
        ],
        [
          -0.354706,
          -0.337533,
          0.871926,
          4.066349
        ],
        [
          0.034516,
          -0.936655,
          -0.348549,
          1.369524
        ],
        [
          0.0,
          0.0,
          0.0,
          1.0
        ]
      ]
    },
    {
      "file_path": "/media/NFS/ttao/scannet/posed_images/scene0019_00/00036.jpg",
      "transform_matrix": [
        [
          0.940802,
          -0.090888,
          0.326544,
          5.320321
        ],
        [
          -0.337123,
          -0.350967,
          0.873596,
          4.068205
        ],
        [
          0.035207,
          -0.931966,
          -0.360831,
          1.365774
        ],
        [
          0.0,
          0.0,
          0.0,
          1.0
        ]
      ]
    },
    {
      "file_path": "/media/NFS/ttao/scannet/posed_images/scene0019_00/00038.jpg",
      "transform_matrix": [
        [
          0.953115,
          -0.084493,
          0.290573,
          5.317218
        ],
        [
          -0.300504,
          -0.377322,
          0.875971,
          4.07261
        ],
        [
          0.035627,
          -0.92222,
          -0.385021,
          1.36447
        ],
        [
          0.0,
          0.0,
          0.0,
          1.0
        ]
      ]
    },
    {
      "file_path": "/media/NFS/ttao/scannet/posed_images/scene0019_00/00040.jpg",
      "transform_matrix": [
        [
          0.961888,
          -0.080121,
          0.261443,
          5.313953
        ],
        [
          -0.272208,
          -0.371383,
          0.887681,
          4.058716
        ],
        [
          0.025974,
          -0.925016,
          -0.379038,
          1.338465
        ],
        [
          0.0,
          0.0,
          0.0,
          1.0
        ]
      ]
    },
    {
      "file_path": "/media/NFS/ttao/scannet/posed_images/scene0019_00/00042.jpg",
      "transform_matrix": [
        [
          0.970794,
          -0.070847,
          0.229215,
          5.3092
        ],
        [
          -0.238688,
          -0.381697,
          0.892936,
          4.069166
        ],
        [
          0.024229,
          -0.921568,
          -0.38746,
          1.359823
        ],
        [
          0.0,
          0.0,
          0.0,
          1.0
        ]
      ]
    },
    {
      "file_path": "/media/NFS/ttao/scannet/posed_images/scene0019_00/00045.jpg",
      "transform_matrix": [
        [
          0.990635,
          -0.03982,
          0.130602,
          5.330966
        ],
        [
          -0.135708,
          -0.392419,
          0.90972,
          4.057127
        ],
        [
          0.015026,
          -0.918924,
          -0.394147,
          1.37151
        ],
        [
          0.0,
          0.0,
          0.0,
          1.0
        ]
      ]
    },
    {
      "file_path": "/media/NFS/ttao/scannet/posed_images/scene0019_00/00047.jpg",
      "transform_matrix": [
        [
          0.995506,
          -0.019407,
          0.092686,
          5.325494
        ],
        [
          -0.09244,
          -0.41156,
          0.906682,
          4.064155
        ],
        [
          0.02055,
          -0.911176,
          -0.411504,
          1.383509
        ],
        [
          0.0,
          0.0,
          0.0,
          1.0
        ]
      ]
    },
    {
      "file_path": "/media/NFS/ttao/scannet/posed_images/scene0019_00/00049.jpg",
      "transform_matrix": [
        [
          0.998075,
          -0.005419,
          0.06178,
          5.333124
        ],
        [
          -0.058544,
          -0.411027,
          0.909741,
          4.060182
        ],
        [
          0.020463,
          -0.911607,
          -0.410553,
          1.395862
        ],
        [
          0.0,
          0.0,
          0.0,
          1.0
        ]
      ]
    },
    {
      "file_path": "/media/NFS/ttao/scannet/posed_images/scene0019_00/00051.jpg",
      "transform_matrix": [
        [
          0.998877,
          0.00243,
          0.047311,
          5.314867
        ],
        [
          -0.042697,
          -0.386447,
          0.921323,
          4.032792
        ],
        [
          0.020522,
          -0.922308,
          -0.385909,
          1.369976
        ],
        [
          0.0,
          0.0,
          0.0,
          1.0
        ]
      ]
    },
    {
      "file_path": "/media/NFS/ttao/scannet/posed_images/scene0019_00/00052.jpg",
      "transform_matrix": [
        [
          0.999371,
          0.008393,
          0.034469,
          5.319282
        ],
        [
          -0.028522,
          -0.387713,
          0.921339,
          4.027747
        ],
        [
          0.021097,
          -0.921742,
          -0.387229,
          1.372206
        ],
        [
          0.0,
          0.0,
          0.0,
          1.0
        ]
      ]
    },
    {
      "file_path": "/media/NFS/ttao/scannet/posed_images/scene0019_00/00054.jpg",
      "transform_matrix": [
        [
          0.999726,
          0.023204,
          0.003069,
          5.333551
        ],
        [
          0.006328,
          -0.394211,
          0.918998,
          4.017157
        ],
        [
          0.022535,
          -0.918727,
          -0.394249,
          1.374403
        ],
        [
          0.0,
          0.0,
          0.0,
          1.0
        ]
      ]
    },
    {
      "file_path": "/media/NFS/ttao/scannet/posed_images/scene0019_00/00055.jpg",
      "transform_matrix": [
        [
          0.999455,
          0.030442,
          -0.012763,
          5.338412
        ],
        [
          0.023767,
          -0.395332,
          0.918231,
          4.01349
        ],
        [
          0.022908,
          -0.918034,
          -0.39584,
          1.378141
        ],
        [
          0.0,
          0.0,
          0.0,
          1.0
        ]
      ]
    },
    {
      "file_path": "/media/NFS/ttao/scannet/posed_images/scene0019_00/00058.jpg",
      "transform_matrix": [
        [
          0.997148,
          0.043458,
          -0.061706,
          5.356126
        ],
        [
          0.073934,
          -0.398127,
          0.914346,
          3.997622
        ],
        [
          0.015169,
          -0.9163,
          -0.400204,
          1.383381
        ],
        [
          0.0,
          0.0,
          0.0,
          1.0
        ]
      ]
    },
    {
      "file_path": "/media/NFS/ttao/scannet/posed_images/scene0019_00/00059.jpg",
      "transform_matrix": [
        [
          0.996045,
          0.049226,
          -0.073974,
          5.356919
        ],
        [
          0.087511,
          -0.399179,
          0.912687,
          3.99212
        ],
        [
          0.015399,
          -0.915551,
          -0.401907,
          1.381178
        ],
        [
          0.0,
          0.0,
          0.0,
          1.0
        ]
      ]
    },
    {
      "file_path": "/media/NFS/ttao/scannet/posed_images/scene0019_00/00061.jpg",
      "transform_matrix": [
        [
          0.992672,
          0.056677,
          -0.10673,
          5.375066
        ],
        [
          0.120441,
          -0.391825,
          0.912122,
          3.9736
        ],
        [
          0.009877,
          -0.918292,
          -0.39578,
          1.363351
        ],
        [
          0.0,
          0.0,
          0.0,
          1.0
        ]
      ]
    },
    {
      "file_path": "/media/NFS/ttao/scannet/posed_images/scene0019_00/00063.jpg",
      "transform_matrix": [
        [
          0.988275,
          0.069648,
          -0.135877,
          5.380637
        ],
        [
          0.15237,
          -0.392522,
          0.907033,
          3.965088
        ],
        [
          0.009838,
          -0.917102,
          -0.398532,
          1.362684
        ],
        [
          0.0,
          0.0,
          0.0,
          1.0
        ]
      ]
    },
    {
      "file_path": "/media/NFS/ttao/scannet/posed_images/scene0019_00/00065.jpg",
      "transform_matrix": [
        [
          0.982685,
          0.081627,
          -0.166333,
          5.389033
        ],
        [
          0.185135,
          -0.396798,
          0.899042,
          3.960439
        ],
        [
          0.007385,
          -0.914269,
          -0.405039,
          1.366574
        ],
        [
          0.0,
          0.0,
          0.0,
          1.0
        ]
      ]
    },
    {
      "file_path": "/media/NFS/ttao/scannet/posed_images/scene0019_00/00068.jpg",
      "transform_matrix": [
        [
          0.973549,
          0.096636,
          -0.207037,
          5.400039
        ],
        [
          0.228466,
          -0.401954,
          0.886699,
          3.951741
        ],
        [
          0.002468,
          -0.910546,
          -0.4134,
          1.361466
        ],
        [
          0.0,
          0.0,
          0.0,
          1.0
        ]
      ]
    },
    {
      "file_path": "/media/NFS/ttao/scannet/posed_images/scene0019_00/00070.jpg",
      "transform_matrix": [
        [
          0.969867,
          0.099234,
          -0.222508,
          5.399406
        ],
        [
          0.243632,
          -0.391956,
          0.887138,
          3.943795
        ],
        [
          0.000821,
          -0.914616,
          -0.404322,
          1.360123
        ],
        [
          0.0,
          0.0,
          0.0,
          1.0
        ]
      ]
    },
    {
      "file_path": "/media/NFS/ttao/scannet/posed_images/scene0019_00/00072.jpg",
      "transform_matrix": [
        [
          0.966405,
          0.107244,
          -0.233581,
          5.386275
        ],
        [
          0.256987,
          -0.387753,
          0.885215,
          3.938347
        ],
        [
          0.004362,
          -0.915503,
          -0.402287,
          1.365885
        ],
        [
          0.0,
          0.0,
          0.0,
          1.0
        ]
      ]
    },
    {
      "file_path": "/media/NFS/ttao/scannet/posed_images/scene0019_00/00073.jpg",
      "transform_matrix": [
        [
          0.963343,
          0.110947,
          -0.244255,
          5.387458
        ],
        [
          0.268244,
          -0.385368,
          0.882914,
          3.937222
        ],
        [
          0.003829,
          -0.916069,
          -0.401003,
          1.364828
        ],
        [
          0.0,
          0.0,
          0.0,
          1.0
        ]
      ]
    },
    {
      "file_path": "/media/NFS/ttao/scannet/posed_images/scene0019_00/00075.jpg",
      "transform_matrix": [
        [
          0.955689,
          0.124551,
          -0.266732,
          5.382987
        ],
        [
          0.29432,
          -0.386184,
          0.874207,
          3.938853
        ],
        [
          0.005876,
          -0.913974,
          -0.405729,
          1.371678
        ],
        [
          0.0,
          0.0,
          0.0,
          1.0
        ]
      ]
    },
    {
      "file_path": "/media/NFS/ttao/scannet/posed_images/scene0019_00/00077.jpg",
      "transform_matrix": [
        [
          0.945918,
          0.134922,
          -0.295018,
          5.379162
        ],
        [
          0.3244,
          -0.387498,
          0.862908,
          3.94123
        ],
        [
          0.002107,
          -0.911944,
          -0.41031,
          1.370583
        ],
        [
          0.0,
          0.0,
          0.0,
          1.0
        ]
      ]
    },
    {
      "file_path": "/media/NFS/ttao/scannet/posed_images/scene0019_00/00079.jpg",
      "transform_matrix": [
        [
          0.935412,
          0.144294,
          -0.322776,
          5.373564
        ],
        [
          0.353549,
          -0.38922,
          0.850595,
          3.942055
        ],
        [
          -0.002895,
          -0.909773,
          -0.415096,
          1.36752
        ],
        [
          0.0,
          0.0,
          0.0,
          1.0
        ]
      ]
    },
    {
      "file_path": "/media/NFS/ttao/scannet/posed_images/scene0019_00/00081.jpg",
      "transform_matrix": [
        [
          0.932888,
          0.15225,
          -0.326406,
          5.323534
        ],
        [
          0.360164,
          -0.398535,
          0.843476,
          3.935566
        ],
        [
          -0.001665,
          -0.904428,
          -0.426623,
          1.3778
        ],
        [
          0.0,
          0.0,
          0.0,
          1.0
        ]
      ]
    },
    {
      "file_path": "/media/NFS/ttao/scannet/posed_images/scene0019_00/00083.jpg",
      "transform_matrix": [
        [
          0.920942,
          0.174073,
          -0.348661,
          5.305925
        ],
        [
          0.38963,
          -0.394407,
          0.832245,
          3.940491
        ],
        [
          0.007357,
          -0.902298,
          -0.43105,
          1.379182
        ],
        [
          0.0,
          0.0,
          0.0,
          1.0
        ]
      ]
    },
    {
      "file_path": "/media/NFS/ttao/scannet/posed_images/scene0019_00/00085.jpg",
      "transform_matrix": [
        [
          0.907654,
          0.18458,
          -0.376953,
          5.291886
        ],
        [
          0.419695,
          -0.389558,
          0.819818,
          3.950079
        ],
        [
          0.004477,
          -0.902316,
          -0.431051,
          1.379881
        ],
        [
          0.0,
          0.0,
          0.0,
          1.0
        ]
      ]
    },
    {
      "file_path": "/media/NFS/ttao/scannet/posed_images/scene0019_00/00087.jpg",
      "transform_matrix": [
        [
          0.892215,
          0.187104,
          -0.411029,
          5.275291
        ],
        [
          0.451584,
          -0.379697,
          0.807404,
          3.960224
        ],
        [
          -0.004998,
          -0.905992,
          -0.423265,
          1.379557
        ],
        [
          0.0,
          0.0,
          0.0,
          1.0
        ]
      ]
    },
    {
      "file_path": "/media/NFS/ttao/scannet/posed_images/scene0019_00/00088.jpg",
      "transform_matrix": [
        [
          0.883198,
          0.19004,
          -0.428773,
          5.26707
        ],
        [
          0.468946,
          -0.371724,
          0.801193,
          3.964367
        ],
        [
          -0.007126,
          -0.908683,
          -0.417425,
          1.375047
        ],
        [
          0.0,
          0.0,
          0.0,
          1.0
        ]
      ]
    },
    {
      "file_path": "/media/NFS/ttao/scannet/posed_images/scene0019_00/00090.jpg",
      "transform_matrix": [
        [
          0.889938,
          0.192882,
          -0.413287,
          5.178922
        ],
        [
          0.456024,
          -0.361995,
          0.81302,
          3.91209
        ],
        [
          0.007209,
          -0.912006,
          -0.410113,
          1.381245
        ],
        [
          0.0,
          0.0,
          0.0,
          1.0
        ]
      ]
    },
    {
      "file_path": "/media/NFS/ttao/scannet/posed_images/scene0019_00/00093.jpg",
      "transform_matrix": [
        [
          0.866995,
          0.214261,
          -0.449903,
          5.144584
        ],
        [
          0.498039,
          -0.342422,
          0.796683,
          3.930276
        ],
        [
          0.016642,
          -0.914789,
          -0.403588,
          1.389152
        ],
        [
          0.0,
          0.0,
          0.0,
          1.0
        ]
      ]
    },
    {
      "file_path": "/media/NFS/ttao/scannet/posed_images/scene0019_00/00094.jpg",
      "transform_matrix": [
        [
          0.859733,
          0.221551,
          -0.460189,
          5.134596
        ],
        [
          0.510255,
          -0.333178,
          0.792863,
          3.935244
        ],
        [
          0.022335,
          -0.916465,
          -0.399492,
          1.385816
        ],
        [
          0.0,
          0.0,
          0.0,
          1.0
        ]
      ]
    },
    {
      "file_path": "/media/NFS/ttao/scannet/posed_images/scene0019_00/00096.jpg",
      "transform_matrix": [
        [
          0.848387,
          0.237461,
          -0.473131,
          5.10312
        ],
        [
          0.528201,
          -0.320174,
          0.786443,
          3.941684
        ],
        [
          0.035265,
          -0.917116,
          -0.397058,
          1.390696
        ],
        [
          0.0,
          0.0,
          0.0,
          1.0
        ]
      ]
    },
    {
      "file_path": "/media/NFS/ttao/scannet/posed_images/scene0019_00/00099.jpg",
      "transform_matrix": [
        [
          0.821894,
          0.247693,
          -0.51297,
          5.066072
        ],
        [
          0.568387,
          -0.296883,
          0.767331,
          3.956929
        ],
        [
          0.03777,
          -0.92223,
          -0.384792,
          1.40125
        ],
        [
          0.0,
          0.0,
          0.0,
          1.0
        ]
      ]
    },
    {
      "file_path": "/media/NFS/ttao/scannet/posed_images/scene0019_00/00100.jpg",
      "transform_matrix": [
        [
          0.816039,
          0.255058,
          -0.518676,
          5.036714
        ],
        [
          0.576,
          -0.284337,
          0.766405,
          3.947873
        ],
        [
          0.047999,
          -0.924174,
          -0.378943,
          1.409058
        ],
        [
          0.0,
          0.0,
          0.0,
          1.0
        ]
      ]
    },
    {
      "file_path": "/media/NFS/ttao/scannet/posed_images/scene0019_00/00103.jpg",
      "transform_matrix": [
        [
          0.789227,
          0.257373,
          -0.557566,
          5.007216
        ],
        [
          0.611562,
          -0.246926,
          0.751677,
          3.95272
        ],
        [
          0.055784,
          -0.93423,
          -0.35228,
          1.399879
        ],
        [
          0.0,
          0.0,
          0.0,
          1.0
        ]
      ]
    },
    {
      "file_path": "/media/NFS/ttao/scannet/posed_images/scene0019_00/00104.jpg",
      "transform_matrix": [
        [
          0.783838,
          0.259197,
          -0.564283,
          4.993967
        ],
        [
          0.618141,
          -0.239118,
          0.748815,
          3.956083
        ],
        [
          0.05916,
          -0.935756,
          -0.34765,
          1.404743
        ],
        [
          0.0,
          0.0,
          0.0,
          1.0
        ]
      ]
    },
    {
      "file_path": "/media/NFS/ttao/scannet/posed_images/scene0019_00/00106.jpg",
      "transform_matrix": [
        [
          0.773962,
          0.268338,
          -0.573566,
          4.971555
        ],
        [
          0.629503,
          -0.227889,
          0.742827,
          3.959073
        ],
        [
          0.06862,
          -0.935981,
          -0.345297,
          1.410277
        ],
        [
          0.0,
          0.0,
          0.0,
          1.0
        ]
      ]
    },
    {
      "file_path": "/media/NFS/ttao/scannet/posed_images/scene0019_00/00108.jpg",
      "transform_matrix": [
        [
          0.765359,
          0.280187,
          -0.579415,
          4.95089
        ],
        [
          0.638679,
          -0.219482,
          0.737507,
          3.959972
        ],
        [
          0.079469,
          -0.934517,
          -0.346932,
          1.406639
        ],
        [
          0.0,
          0.0,
          0.0,
          1.0
        ]
      ]
    },
    {
      "file_path": "/media/NFS/ttao/scannet/posed_images/scene0019_00/00110.jpg",
      "transform_matrix": [
        [
          0.760303,
          0.28382,
          -0.584283,
          4.931133
        ],
        [
          0.644751,
          -0.220386,
          0.731933,
          3.958518
        ],
        [
          0.07897,
          -0.933207,
          -0.350553,
          1.404971
        ],
        [
          0.0,
          0.0,
          0.0,
          1.0
        ]
      ]
    },
    {
      "file_path": "/media/NFS/ttao/scannet/posed_images/scene0019_00/00111.jpg",
      "transform_matrix": [
        [
          0.752635,
          0.288282,
          -0.591975,
          4.924635
        ],
        [
          0.653795,
          -0.220619,
          0.723795,
          3.963065
        ],
        [
          0.078057,
          -0.931783,
          -0.354523,
          1.410776
        ],
        [
          0.0,
          0.0,
          0.0,
          1.0
        ]
      ]
    },
    {
      "file_path": "/media/NFS/ttao/scannet/posed_images/scene0019_00/00114.jpg",
      "transform_matrix": [
        [
          0.72303,
          0.293053,
          -0.625578,
          4.913791
        ],
        [
          0.686799,
          -0.20741,
          0.696626,
          3.971143
        ],
        [
          0.074397,
          -0.933328,
          -0.351232,
          1.40955
        ],
        [
          0.0,
          0.0,
          0.0,
          1.0
        ]
      ]
    },
    {
      "file_path": "/media/NFS/ttao/scannet/posed_images/scene0019_00/00115.jpg",
      "transform_matrix": [
        [
          0.716056,
          0.293338,
          -0.633417,
          4.912932
        ],
        [
          0.694139,
          -0.203394,
          0.690508,
          3.973831
        ],
        [
          0.073719,
          -0.934122,
          -0.349259,
          1.406146
        ],
        [
          0.0,
          0.0,
          0.0,
          1.0
        ]
      ]
    },
    {
      "file_path": "/media/NFS/ttao/scannet/posed_images/scene0019_00/00117.jpg",
      "transform_matrix": [
        [
          0.703597,
          0.29156,
          -0.648031,
          4.912168
        ],
        [
          0.707204,
          -0.198257,
          0.678644,
          3.985218
        ],
        [
          0.069389,
          -0.935781,
          -0.345686,
          1.40891
        ],
        [
          0.0,
          0.0,
          0.0,
          1.0
        ]
      ]
    },
    {
      "file_path": "/media/NFS/ttao/scannet/posed_images/scene0019_00/00120.jpg",
      "transform_matrix": [
        [
          0.674403,
          0.274501,
          -0.685442,
          4.92217
        ],
        [
          0.736004,
          -0.175766,
          0.653762,
          4.003901
        ],
        [
          0.05898,
          -0.945387,
          -0.320571,
          1.419607
        ],
        [
          0.0,
          0.0,
          0.0,
          1.0
        ]
      ]
    },
    {
      "file_path": "/media/NFS/ttao/scannet/posed_images/scene0019_00/00121.jpg",
      "transform_matrix": [
        [
          0.664559,
          0.275928,
          -0.694425,
          4.926607
        ],
        [
          0.744601,
          -0.16655,
          0.646398,
          4.002376
        ],
        [
          0.062703,
          -0.946639,
          -0.316139,
          1.410624
        ],
        [
          0.0,
          0.0,
          0.0,
          1.0
        ]
      ]
    },
    {
      "file_path": "/media/NFS/ttao/scannet/posed_images/scene0019_00/00124.jpg",
      "transform_matrix": [
        [
          0.635193,
          0.307139,
          -0.708658,
          4.944789
        ],
        [
          0.768762,
          -0.163038,
          0.618404,
          4.018961
        ],
        [
          0.074398,
          -0.937595,
          -0.339677,
          1.40584
        ],
        [
          0.0,
          0.0,
          0.0,
          1.0
        ]
      ]
    },
    {
      "file_path": "/media/NFS/ttao/scannet/posed_images/scene0019_00/00125.jpg",
      "transform_matrix": [
        [
          0.623929,
          0.310826,
          -0.717007,
          4.950887
        ],
        [
          0.778087,
          -0.161677,
          0.606993,
          4.026466
        ],
        [
          0.072746,
          -0.936615,
          -0.342725,
          1.408013
        ],
        [
          0.0,
          0.0,
          0.0,
          1.0
        ]
      ]
    },
    {
      "file_path": "/media/NFS/ttao/scannet/posed_images/scene0019_00/00127.jpg",
      "transform_matrix": [
        [
          0.602901,
          0.29988,
          -0.739312,
          4.965304
        ],
        [
          0.795288,
          -0.152181,
          0.586821,
          4.038926
        ],
        [
          0.063466,
          -0.941761,
          -0.33024,
          1.408166
        ],
        [
          0.0,
          0.0,
          0.0,
          1.0
        ]
      ]
    },
    {
      "file_path": "/media/NFS/ttao/scannet/posed_images/scene0019_00/00130.jpg",
      "transform_matrix": [
        [
          0.569645,
          0.277062,
          -0.773784,
          4.986135
        ],
        [
          0.820289,
          -0.132892,
          0.556297,
          4.054986
        ],
        [
          0.051299,
          -0.951618,
          -0.302972,
          1.40537
        ],
        [
          0.0,
          0.0,
          0.0,
          1.0
        ]
      ]
    },
    {
      "file_path": "/media/NFS/ttao/scannet/posed_images/scene0019_00/00131.jpg",
      "transform_matrix": [
        [
          0.560026,
          0.275789,
          -0.781225,
          4.994913
        ],
        [
          0.826739,
          -0.125016,
          0.54852,
          4.059215
        ],
        [
          0.05361,
          -0.953054,
          -0.298018,
          1.399155
        ],
        [
          0.0,
          0.0,
          0.0,
          1.0
        ]
      ]
    },
    {
      "file_path": "/media/NFS/ttao/scannet/posed_images/scene0019_00/00133.jpg",
      "transform_matrix": [
        [
          0.542502,
          0.284833,
          -0.790293,
          5.006535
        ],
        [
          0.837898,
          -0.116108,
          0.533334,
          4.071239
        ],
        [
          0.060152,
          -0.951519,
          -0.30165,
          1.400653
        ],
        [
          0.0,
          0.0,
          0.0,
          1.0
        ]
      ]
    },
    {
      "file_path": "/media/NFS/ttao/scannet/posed_images/scene0019_00/00134.jpg",
      "transform_matrix": [
        [
          0.536727,
          0.287069,
          -0.793421,
          5.009404
        ],
        [
          0.841459,
          -0.112779,
          0.528419,
          4.072337
        ],
        [
          0.062212,
          -0.951248,
          -0.302088,
          1.397359
        ],
        [
          0.0,
          0.0,
          0.0,
          1.0
        ]
      ]
    },
    {
      "file_path": "/media/NFS/ttao/scannet/posed_images/scene0019_00/00137.jpg",
      "transform_matrix": [
        [
          0.505597,
          0.304722,
          -0.807166,
          5.017911
        ],
        [
          0.86077,
          -0.114493,
          0.49595,
          4.084987
        ],
        [
          0.058712,
          -0.945535,
          -0.320183,
          1.401905
        ],
        [
          0.0,
          0.0,
          0.0,
          1.0
        ]
      ]
    },
    {
      "file_path": "/media/NFS/ttao/scannet/posed_images/scene0019_00/00138.jpg",
      "transform_matrix": [
        [
          0.490628,
          0.301979,
          -0.81737,
          5.020519
        ],
        [
          0.869836,
          -0.114109,
          0.479963,
          4.089606
        ],
        [
          0.05167,
          -0.946461,
          -0.318657,
          1.404219
        ],
        [
          0.0,
          0.0,
          0.0,
          1.0
        ]
      ]
    },
    {
      "file_path": "/media/NFS/ttao/scannet/posed_images/scene0019_00/00141.jpg",
      "transform_matrix": [
        [
          0.452619,
          0.292144,
          -0.842489,
          5.026645
        ],
        [
          0.890734,
          -0.104082,
          0.442447,
          4.103621
        ],
        [
          0.04157,
          -0.950694,
          -0.307332,
          1.405881
        ],
        [
          0.0,
          0.0,
          0.0,
          1.0
        ]
      ]
    },
    {
      "file_path": "/media/NFS/ttao/scannet/posed_images/scene0019_00/00143.jpg",
      "transform_matrix": [
        [
          0.433321,
          0.292212,
          -0.852552,
          5.02468
        ],
        [
          0.900383,
          -0.099134,
          0.423654,
          4.112977
        ],
        [
          0.03928,
          -0.951201,
          -0.30606,
          1.407285
        ],
        [
          0.0,
          0.0,
          0.0,
          1.0
        ]
      ]
    },
    {
      "file_path": "/media/NFS/ttao/scannet/posed_images/scene0019_00/00144.jpg",
      "transform_matrix": [
        [
          0.423371,
          0.291761,
          -0.85769,
          5.024548
        ],
        [
          0.905103,
          -0.095123,
          0.414416,
          4.117846
        ],
        [
          0.039324,
          -0.951749,
          -0.304346,
          1.405013
        ],
        [
          0.0,
          0.0,
          0.0,
          1.0
        ]
      ]
    },
    {
      "file_path": "/media/NFS/ttao/scannet/posed_images/scene0019_00/00146.jpg",
      "transform_matrix": [
        [
          0.406745,
          0.300886,
          -0.862569,
          5.018841
        ],
        [
          0.91256,
          -0.090075,
          0.398898,
          4.126896
        ],
        [
          0.042327,
          -0.949397,
          -0.311215,
          1.404467
        ],
        [
          0.0,
          0.0,
          0.0,
          1.0
        ]
      ]
    },
    {
      "file_path": "/media/NFS/ttao/scannet/posed_images/scene0019_00/00149.jpg",
      "transform_matrix": [
        [
          0.387231,
          0.312342,
          -0.867465,
          5.002925
        ],
        [
          0.921313,
          -0.095243,
          0.376976,
          4.142022
        ],
        [
          0.035126,
          -0.945183,
          -0.324645,
          1.402837
        ],
        [
          0.0,
          0.0,
          0.0,
