{
  "frames": [
    {
      "file_path": "/media/NFS/ttao/scannet/posed_images/scene0675_00/00000.jpg",
      "transform_matrix": [
        [
          -0.137748,
          -0.401342,
          0.905511,
          1.195431
        ],
        [
          -0.990259,
          0.074581,
          -0.117584,
          3.511589
        ],
        [
          -0.020342,
          -0.912887,
          -0.407706,
          1.543202
        ],
        [
          0.0,
          0.0,
          0.0,
          1.0
        ]
      ]
    },
    {
      "file_path": "/media/NFS/ttao/scannet/posed_images/scene0675_00/00002.jpg",
      "transform_matrix": [
        [
          -0.143275,
          -0.407882,
          0.901723,
          1.196884
        ],
        [
          -0.989541,
          0.074473,
          -0.123541,
          3.517484
        ],
        [
          -0.016764,
          -0.909993,
          -0.414286,
          1.548488
        ],
        [
          0.0,
          0.0,
          0.0,
          1.0
        ]
      ]
    },
    {
      "file_path": "/media/NFS/ttao/scannet/posed_images/scene0675_00/00005.jpg",
      "transform_matrix": [
        [
          -0.15378,
          -0.386876,
          0.909219,
          1.184287
        ],
        [
          -0.988071,
          0.067906,
          -0.138222,
          3.515007
        ],
        [
          -0.008267,
          -0.919628,
          -0.392703,
          1.576476
        ],
        [
          0.0,
          0.0,
          0.0,
          1.0
        ]
      ]
    },
    {
      "file_path": "/media/NFS/ttao/scannet/posed_images/scene0675_00/00009.jpg",
      "transform_matrix": [
        [
          -0.152799,
          -0.331718,
          0.930922,
          1.172166
        ],
        [
          -0.988257,
          0.050198,
          -0.144323,
          3.528818
        ],
        [
          0.001144,
          -0.942042,
          -0.335493,
          1.586161
        ],
        [
          0.0,
          0.0,
          0.0,
          1.0
        ]
      ]
    },
    {
      "file_path": "/media/NFS/ttao/scannet/posed_images/scene0675_00/00011.jpg",
      "transform_matrix": [
        [
          -0.154159,
          -0.310154,
          0.938104,
          1.161569
        ],
        [
          -0.987892,
          0.031587,
          -0.151897,
          3.543703
        ],
        [
          0.01748,
          -0.950161,
          -0.311268,
          1.571801
        ],
        [
          0.0,
          0.0,
          0.0,
          1.0
        ]
      ]
    },
    {
      "file_path": "/media/NFS/ttao/scannet/posed_images/scene0675_00/00015.jpg",
      "transform_matrix": [
        [
          -0.144799,
          -0.268864,
          0.952232,
          1.157521
        ],
        [
          -0.98934,
          0.024277,
          -0.143587,
          3.548974
        ],
        [
          0.015488,
          -0.962872,
          -0.269514,
          1.61092
        ],
        [
          0.0,
          0.0,
          0.0,
          1.0
        ]
      ]
    },
    {
      "file_path": "/media/NFS/ttao/scannet/posed_images/scene0675_00/00017.jpg",
      "transform_matrix": [
        [
          -0.138108,
          -0.242558,
          0.960256,
          1.142701
        ],
        [
          -0.990381,
          0.025485,
          -0.136003,
          3.549016
        ],
        [
          0.008516,
          -0.969802,
          -0.243744,
          1.62149
        ],
        [
          0.0,
          0.0,
          0.0,
          1.0
        ]
      ]
    },
    {
      "file_path": "/media/NFS/ttao/scannet/posed_images/scene0675_00/00021.jpg",
      "transform_matrix": [
        [
          -0.146803,
          -0.192266,
          0.9703,
          1.16338
        ],
        [
          -0.989159,
          0.032279,
          -0.14326,
          3.610244
        ],
        [
          -0.003777,
          -0.980812,
          -0.19492,
          1.636248
        ],
        [
          0.0,
          0.0,
          0.0,
          1.0
        ]
      ]
    },
    {
      "file_path": "/media/NFS/ttao/scannet/posed_images/scene0675_00/00024.jpg",
      "transform_matrix": [
        [
          -0.146774,
          -0.156673,
          0.976684,
          1.163014
        ],
        [
          -0.989158,
          0.028213,
          -0.144123,
          3.615518
        ],
        [
          -0.004976,
          -0.987247,
          -0.159115,
          1.626832
        ],
        [
          0.0,
          0.0,
          0.0,
          1.0
        ]
      ]
    },
    {
      "file_path": "/media/NFS/ttao/scannet/posed_images/scene0675_00/00027.jpg",
      "transform_matrix": [
        [
          -0.155422,
          -0.131695,
          0.97903,
          1.143632
        ],
        [
          -0.987846,
          0.022701,
          -0.153768,
          3.616263
        ],
        [
          -0.001975,
          -0.99103,
          -0.133623,
          1.633307
        ],
        [
          0.0,
          0.0,
          0.0,
          1.0
        ]
      ]
    },
    {
      "file_path": "/media/NFS/ttao/scannet/posed_images/scene0675_00/00030.jpg",
      "transform_matrix": [
        [
          -0.139821,
          -0.118492,
          0.983061,
          1.092829
        ],
        [
          -0.990155,
          0.023379,
          -0.138012,
          3.577874
        ],
        [
          -0.006629,
          -0.99268,
          -0.120594,
          1.61156
        ],
        [
          0.0,
          0.0,
          0.0,
          1.0
        ]
      ]
    },
    {
      "file_path": "/media/NFS/ttao/scannet/posed_images/scene0675_00/00031.jpg",
      "transform_matrix": [
        [
          -0.134315,
          -0.102285,
          0.985646,
          1.084746
        ],
        [
          -0.990922,
          0.019641,
          -0.132996,
          3.554459
        ],
        [
          -0.005756,
          -0.994561,
          -0.103994,
          1.54876
        ],
        [
          0.0,
          0.0,
          0.0,
          1.0
        ]
      ]
    },
    {
      "file_path": "/media/NFS/ttao/scannet/posed_images/scene0675_00/00033.jpg",
      "transform_matrix": [
        [
          -0.14245,
          -0.117884,
          0.982757,
          1.078074
        ],
        [
          -0.989801,
          0.018829,
          -0.141212,
          3.531623
        ],
        [
          -0.001858,
          -0.992849,
          -0.119363,
          1.591047
        ],
        [
          0.0,
          0.0,
          0.0,
          1.0
        ]
      ]
    },
    {
      "file_path": "/media/NFS/ttao/scannet/posed_images/scene0675_00/00038.jpg",
      "transform_matrix": [
        [
          -0.186163,
          -0.14737,
          0.971404,
          1.071707
        ],
        [
          -0.982482,
          0.036515,
          -0.182746,
          3.504556
        ],
        [
          -0.008539,
          -0.988407,
          -0.151586,
          1.590723
        ],
        [
          0.0,
          0.0,
          0.0,
          1.0
        ]
      ]
    },
    {
      "file_path": "/media/NFS/ttao/scannet/posed_images/scene0675_00/00039.jpg",
      "transform_matrix": [
        [
          -0.187729,
          -0.146516,
          0.971232,
          1.065788
        ],
        [
          -0.98216,
          0.039059,
          -0.183949,
          3.479934
        ],
        [
          -0.010984,
          -0.988437,
          -0.151235,
          1.564023
        ],
        [
          0.0,
          0.0,
          0.0,
          1.0
        ]
      ]
    },
    {
      "file_path": "/media/NFS/ttao/scannet/posed_images/scene0675_00/00042.jpg",
      "transform_matrix": [
        [
          -0.215481,
          -0.175895,
          0.960536,
          1.093355
        ],
        [
          -0.976505,
          0.041351,
          -0.211491,
          3.47947
        ],
        [
          -0.002519,
          -0.98354,
          -0.180672,
          1.568617
        ],
        [
          0.0,
          0.0,
          0.0,
          1.0
        ]
      ]
    },
    {
      "file_path": "/media/NFS/ttao/scannet/posed_images/scene0675_00/00046.jpg",
      "transform_matrix": [
        [
          -0.251522,
          -0.202989,
          0.946326,
          1.095479
        ],
        [
          -0.967851,
          0.051277,
          -0.246244,
          3.476789
        ],
        [
          0.00146,
          -0.977837,
          -0.209361,
          1.574754
        ],
        [
          0.0,
          0.0,
          0.0,
          1.0
        ]
      ]
    },
    {
      "file_path": "/media/NFS/ttao/scannet/posed_images/scene0675_00/00049.jpg",
      "transform_matrix": [
        [
          -0.27098,
          -0.209771,
          0.93945,
          1.106405
        ],
        [
          -0.96249,
          0.072746,
          -0.261382,
          3.49313
        ],
        [
          -0.013511,
          -0.975041,
          -0.221615,
          1.531518
        ],
        [
          0.0,
          0.0,
          0.0,
          1.0
        ]
      ]
    },
    {
      "file_path": "/media/NFS/ttao/scannet/posed_images/scene0675_00/00050.jpg",
      "transform_matrix": [
        [
          -0.277544,
          -0.218689,
          0.935492,
          1.114223
        ],
        [
          -0.960596,
          0.078388,
          -0.266667,
          3.494322
        ],
        [
          -0.015014,
          -0.972641,
          -0.231828,
          1.551475
        ],
        [
          0.0,
          0.0,
          0.0,
          1.0
        ]
      ]
    },
    {
      "file_path": "/media/NFS/ttao/scannet/posed_images/scene0675_00/00053.jpg",
      "transform_matrix": [
        [
          -0.29051,
          -0.220356,
          0.931154,
          1.102844
        ],
        [
          -0.956552,
          0.09206,
          -0.276648,
          3.449638
        ],
        [
          -0.024761,
          -0.971065,
          -0.237526,
          1.527833
        ],
        [
          0.0,
          0.0,
          0.0,
          1.0
        ]
      ]
    },
    {
      "file_path": "/media/NFS/ttao/scannet/posed_images/scene0675_00/00058.jpg",
      "transform_matrix": [
        [
          -0.316687,
          -0.236215,
          0.918647,
          1.117161
        ],
        [
          -0.948486,
          0.088243,
          -0.304284,
          3.438666
        ],
        [
          -0.009188,
          -0.967686,
          -0.251991,
          1.510764
        ],
        [
          0.0,
          0.0,
          0.0,
          1.0
        ]
      ]
    },
    {
      "file_path": "/media/NFS/ttao/scannet/posed_images/scene0675_00/00061.jpg",
      "transform_matrix": [
        [
          -0.331706,
          -0.244827,
          0.91106,
          1.132331
        ],
        [
          -0.943349,
          0.09435,
          -0.318107,
          3.409043
        ],
        [
          -0.008077,
          -0.964965,
          -0.262254,
          1.53177
        ],
        [
          0.0,
          0.0,
          0.0,
          1.0
        ]
      ]
    },
    {
      "file_path": "/media/NFS/ttao/scannet/posed_images/scene0675_00/00063.jpg",
      "transform_matrix": [
        [
          -0.340799,
          -0.24515,
          0.907611,
          1.147293
        ],
        [
          -0.940111,
          0.095926,
          -0.327093,
          3.399627
        ],
        [
          -0.006876,
          -0.964728,
          -0.26316,
          1.529432
        ],
        [
          0.0,
          0.0,
          0.0,
          1.0
        ]
      ]
    },
    {
      "file_path": "/media/NFS/ttao/scannet/posed_images/scene0675_00/00066.jpg",
      "transform_matrix": [
        [
          -0.352411,
          -0.250803,
          0.901612,
          1.188102
        ],
        [
          -0.935844,
          0.092628,
          -0.340025,
          3.396357
        ],
        [
          0.001765,
          -0.963596,
          -0.267355,
          1.508928
        ],
        [
          0.0,
          0.0,
          0.0,
          1.0
        ]
      ]
    },
    {
      "file_path": "/media/NFS/ttao/scannet/posed_images/scene0675_00/00069.jpg",
      "transform_matrix": [
        [
          -0.374317,
          -0.255453,
          0.89142,
          1.236202
        ],
        [
          -0.927295,
          0.106543,
          -0.358849,
          3.385085
        ],
        [
          -0.003305,
          -0.960933,
          -0.276761,
          1.518055
        ],
        [
          0.0,
          0.0,
          0.0,
          1.0
        ]
      ]
    },
    {
      "file_path": "/media/NFS/ttao/scannet/posed_images/scene0675_00/00072.jpg",
      "transform_matrix": [
        [
          -0.397645,
          -0.23384,
          0.887242,
          1.267741
        ],
        [
          -0.917348,
          0.121091,
          -0.379223,
          3.355822
        ],
        [
          -0.018759,
          -0.964705,
          -0.262664,
          1.508686
        ],
        [
          0.0,
          0.0,
          0.0,
          1.0
        ]
      ]
    },
    {
      "file_path": "/media/NFS/ttao/scannet/posed_images/scene0675_00/00073.jpg",
      "transform_matrix": [
        [
          -0.40883,
          -0.233594,
          0.882209,
          1.279094
        ],
        [
          -0.912394,
          0.125681,
          -0.38954,
          3.354191
        ],
        [
          -0.019882,
          -0.964177,
          -0.264512,
          1.513342
        ],
        [
          0.0,
          0.0,
          0.0,
          1.0
        ]
      ]
    },
    {
      "file_path": "/media/NFS/ttao/scannet/posed_images/scene0675_00/00078.jpg",
      "transform_matrix": [
        [
          -0.446245,
          -0.241095,
          0.861823,
          1.329348
        ],
        [
          -0.894805,
          0.135044,
          -0.425544,
          3.331915
        ],
        [
          -0.013788,
          -0.96106,
          -0.275996,
          1.519712
        ],
        [
          0.0,
          0.0,
          0.0,
          1.0
        ]
      ]
    },
    {
      "file_path": "/media/NFS/ttao/scannet/posed_images/scene0675_00/00079.jpg",
      "transform_matrix": [
        [
          -0.450858,
          -0.239797,
          0.859781,
          1.330499
        ],
        [
          -0.892436,
          0.139299,
          -0.429131,
          3.330025
        ],
        [
          -0.016863,
          -0.960777,
          -0.276808,
          1.51158
        ],
        [
          0.0,
          0.0,
          0.0,
          1.0
        ]
      ]
    },
    {
      "file_path": "/media/NFS/ttao/scannet/posed_images/scene0675_00/00083.jpg",
      "transform_matrix": [
        [
          -0.464654,
          -0.25106,
          0.849156,
          1.354511
        ],
        [
          -0.885177,
          0.157308,
          -0.437855,
          3.313864
        ],
        [
          -0.023652,
          -0.955104,
          -0.295326,
          1.496661
        ],
        [
          0.0,
          0.0,
          0.0,
          1.0
        ]
      ]
    },
    {
      "file_path": "/media/NFS/ttao/scannet/posed_images/scene0675_00/00086.jpg",
      "transform_matrix": [
        [
          -0.486294,
          -0.258969,
          0.834537,
          1.368781
        ],
        [
          -0.87348,
          0.169714,
          -0.456322,
          3.301673
        ],
        [
          -0.023459,
          -0.950859,
          -0.308736,
          1.512747
        ],
        [
          0.0,
          0.0,
          0.0,
          1.0
        ]
      ]
    },
    {
      "file_path": "/media/NFS/ttao/scannet/posed_images/scene0675_00/00089.jpg",
      "transform_matrix": [
        [
          -0.522742,
          -0.256132,
          0.813103,
          1.373866
        ],
        [
          -0.852056,
          0.18745,
          -0.488737,
          3.288607
        ],
        [
          -0.027235,
          -0.948293,
          -0.316227,
          1.503714
        ],
        [
          0.0,
          0.0,
          0.0,
          1.0
        ]
      ]
    },
    {
      "file_path": "/media/NFS/ttao/scannet/posed_images/scene0675_00/00091.jpg",
      "transform_matrix": [
        [
          -0.55579,
          -0.255058,
          0.791229,
          1.372268
        ],
        [
          -0.830911,
          0.200422,
          -0.519056,
          3.292106
        ],
        [
          -0.02619,
          -0.945926,
          -0.323323,
          1.518822
        ],
        [
          0.0,
          0.0,
          0.0,
          1.0
        ]
      ]
    },
    {
      "file_path": "/media/NFS/ttao/scannet/posed_images/scene0675_00/00095.jpg",
      "transform_matrix": [
        [
          -0.619361,
          -0.257714,
          0.741603,
          1.386566
        ],
        [
          -0.785016,
          0.217682,
          -0.57997,
          3.290895
        ],
        [
          -0.011967,
          -0.941381,
          -0.337133,
          1.512247
        ],
        [
          0.0,
          0.0,
          0.0,
          1.0
        ]
      ]
    },
    {
      "file_path": "/media/NFS/ttao/scannet/posed_images/scene0675_00/00097.jpg",
      "transform_matrix": [
        [
          -0.640886,
          -0.25511,
          0.724006,
          1.384239
        ],
        [
          -0.767429,
          0.234882,
          -0.59656,
          3.276032
        ],
        [
          -0.017867,
          -0.937949,
          -0.346311,
          1.519843
        ],
        [
          0.0,
          0.0,
          0.0,
          1.0
        ]
      ]
    },
    {
      "file_path": "/media/NFS/ttao/scannet/posed_images/scene0675_00/00100.jpg",
      "transform_matrix": [
        [
          -0.668847,
          -0.250924,
          0.699772,
          1.375535
        ],
        [
          -0.74327,
          0.243302,
          -0.62318,
          3.276051
        ],
        [
          -0.013885,
          -0.936932,
          -0.349236,
          1.504793
        ],
        [
          0.0,
          0.0,
          0.0,
          1.0
        ]
      ]
    },
    {
      "file_path": "/media/NFS/ttao/scannet/posed_images/scene0675_00/00101.jpg",
      "transform_matrix": [
        [
          -0.676509,
          -0.249112,
          0.693021,
          1.36757
        ],
        [
          -0.736249,
          0.249896,
          -0.62888,
          3.267869
        ],
        [
          -0.016522,
          -0.935679,
          -0.352465,
          1.509179
        ],
        [
          0.0,
          0.0,
          0.0,
          1.0
        ]
      ]
    },
    {
      "file_path": "/media/NFS/ttao/scannet/posed_images/scene0675_00/00106.jpg",
      "transform_matrix": [
        [
          -0.718728,
          -0.231141,
          0.655747,
          1.36337
        ],
        [
          -0.694898,
          0.270532,
          -0.66628,
          3.256479
        ],
        [
          -0.023396,
          -0.934551,
          -0.355059,
          1.5149
        ],
        [
          0.0,
          0.0,
          0.0,
          1.0
        ]
      ]
    },
    {
      "file_path": "/media/NFS/ttao/scannet/posed_images/scene0675_00/00107.jpg",
      "transform_matrix": [
        [
          -0.723251,
          -0.231624,
          0.650583,
          1.360697
        ],
        [
          -0.690169,
          0.275139,
          -0.669302,
          3.252788
        ],
        [
          -0.023974,
          -0.933086,
          -0.358854,
          1.520649
        ],
        [
          0.0,
          0.0,
          0.0,
          1.0
        ]
      ]
    },
    {
      "file_path": "/media/NFS/ttao/scannet/posed_images/scene0675_00/00110.jpg",
      "transform_matrix": [
        [
          -0.738031,
          -0.227208,
          0.635363,
          1.346696
        ],
        [
          -0.674584,
          0.270338,
          -0.686917,
          3.244399
        ],
        [
          -0.01569,
          -0.935572,
          -0.352788,
          1.506335
        ],
        [
          0.0,
          0.0,
          0.0,
          1.0
        ]
      ]
    },
    {
      "file_path": "/media/NFS/ttao/scannet/posed_images/scene0675_00/00114.jpg",
      "transform_matrix": [
        [
          -0.764121,
          -0.211357,
          0.609465,
          1.332845
        ],
        [
          -0.644791,
          0.278178,
          -0.711942,
          3.232219
        ],
        [
          -0.019066,
          -0.936987,
          -0.348843,
          1.516616
        ],
        [
          0.0,
          0.0,
          0.0,
          1.0
        ]
      ]
    },
    {
      "file_path": "/media/NFS/ttao/scannet/posed_images/scene0675_00/00115.jpg",
      "transform_matrix": [
        [
          -0.768572,
          -0.211455,
          0.603807,
          1.331196
        ],
        [
          -0.63954,
          0.278832,
          -0.716408,
          3.230652
        ],
        [
          -0.016872,
          -0.936771,
          -0.349536,
          1.516799
        ],
        [
          0.0,
          0.0,
          0.0,
          1.0
        ]
      ]
    },
    {
      "file_path": "/media/NFS/ttao/scannet/posed_images/scene0675_00/00118.jpg",
      "transform_matrix": [
        [
          -0.778773,
          -0.210415,
          0.590964,
          1.323387
        ],
        [
          -0.626849,
          0.296964,
          -0.720328,
          3.224887
        ],
        [
          -0.023927,
          -0.931417,
          -0.363166,
          1.527745
        ],
        [
          0.0,
          0.0,
          0.0,
          1.0
        ]
      ]
    },
    {
      "file_path": "/media/NFS/ttao/scannet/posed_images/scene0675_00/00122.jpg",
      "transform_matrix": [
        [
          -0.791545,
          -0.20201,
          0.576757,
          1.302319
        ],
        [
          -0.610602,
          0.299965,
          -0.732931,
          3.207922
        ],
        [
          -0.024948,
          -0.932316,
          -0.360783,
          1.518594
        ],
        [
          0.0,
          0.0,
          0.0,
          1.0
        ]
      ]
    },
    {
      "file_path": "/media/NFS/ttao/scannet/posed_images/scene0675_00/00124.jpg",
      "transform_matrix": [
        [
          -0.802008,
          -0.19568,
          0.564351,
          1.28688
        ],
        [
          -0.596862,
          0.299249,
          -0.74445,
          3.205898
        ],
        [
          -0.023208,
          -0.933895,
          -0.356794,
          1.505192
        ],
        [
          0.0,
          0.0,
          0.0,
          1.0
        ]
      ]
    },
    {
      "file_path": "/media/NFS/ttao/scannet/posed_images/scene0675_00/00127.jpg",
      "transform_matrix": [
        [
          -0.826147,
          -0.188903,
          0.530845,
          1.277906
        ],
        [
          -0.563146,
          0.308007,
          -0.766811,
          3.196292
        ],
        [
          -0.018651,
          -0.932441,
          -0.360839,
          1.499034
        ],
        [
          0.0,
          0.0,
          0.0,
          1.0
        ]
      ]
    },
    {
      "file_path": "/media/NFS/ttao/scannet/posed_images/scene0675_00/00131.jpg",
      "transform_matrix": [
        [
          -0.847915,
          -0.180123,
          0.498594,
          1.26359
        ],
        [
          -0.529805,
          0.320963,
          -0.785041,
          3.183127
        ],
        [
          -0.018626,
          -0.929806,
          -0.367579,
          1.512941
        ],
        [
          0.0,
          0.0,
          0.0,
          1.0
        ]
      ]
    },
    {
      "file_path": "/media/NFS/ttao/scannet/posed_images/scene0675_00/00134.jpg",
      "transform_matrix": [
        [
          -0.85965,
          -0.171552,
          0.48122,
          1.256662
        ],
        [
          -0.510396,
          0.32956,
          -0.794283,
          3.176345
        ],
        [
          -0.02233,
          -0.928418,
          -0.370866,
          1.516681
        ],
        [
          0.0,
          0.0,
          0.0,
          1.0
        ]
      ]
    },
    {
      "file_path": "/media/NFS/ttao/scannet/posed_images/scene0675_00/00135.jpg",
      "transform_matrix": [
        [
          -0.86266,
          -0.169254,
          0.476624,
          1.250928
        ],
        [
          -0.505219,
          0.332916,
          -0.796192,
          3.169246
        ],
        [
          -0.023917,
          -0.927642,
          -0.372704,
          1.51954
        ],
        [
          0.0,
          0.0,
          0.0,
          1.0
        ]
      ]
    },
    {
      "file_path": "/media/NFS/ttao/scannet/posed_images/scene0675_00/00140.jpg",
      "transform_matrix": [
        [
          -0.88334,
          -0.150633,
          0.443869,
          1.228164
        ],
        [
          -0.46836,
          0.3214,
          -0.823008,
          3.171063
        ],
        [
          -0.018687,
          -0.934886,
          -0.354456,
          1.505825
        ],
        [
          0.0,
          0.0,
          0.0,
          1.0
        ]
      ]
    },
    {
      "file_path": "/media/NFS/ttao/scannet/posed_images/scene0675_00/00143.jpg",
      "transform_matrix": [
        [
          -0.893897,
          -0.157681,
          0.419625,
          1.203107
        ],
        [
          -0.448261,
          0.32131,
          -0.83416,
          3.150229
        ],
        [
          -0.003299,
          -0.933754,
          -0.3579,
          1.511295
        ],
        [
          0.0,
          0.0,
          0.0,
          1.0
        ]
      ]
    },
    {
      "file_path": "/media/NFS/ttao/scannet/posed_images/scene0675_00/00145.jpg",
      "transform_matrix": [
        [
          -0.902297,
          -0.159709,
          0.400441,
          1.205302
        ],
        [
          -0.431068,
          0.320543,
          -0.843465,
          3.15203
        ],
        [
          0.00635,
          -0.933673,
          -0.358071,
          1.505858
        ],
        [
          0.0,
          0.0,
          0.0,
          1.0
        ]
      ]
    },
    {
      "file_path": "/media/NFS/ttao/scannet/posed_images/scene0675_00/00147.jpg",
      "transform_matrix": [
        [
          -0.906894,
          -0.151961,
          0.393003,
          1.190475
        ],
        [
          -0.421357,
          0.324189,
          -0.846971,
          3.144388
        ],
        [
          0.001299,
          -0.933707,
          -0.358035,
          1.503577
        ],
        [
          0.0,
          0.0,
          0.0,
          1.0
        ]
      ]
    },
    {
      "file_path": "/media/NFS/ttao/scannet/posed_images/scene0675_00/00151.jpg",
      "transform_matrix": [
        [
          -0.925237,
          -0.122969,
          0.358907,
          1.186458
        ],
        [
          -0.37923,
          0.32718,
          -0.865528,
          3.14653
        ],
        [
          -0.010994,
          -0.936927,
          -0.349353,
          1.504545
        ],
        [
          0.0,
          0.0,
          0.0,
          1.0
        ]
      ]
    },
    {
      "file_path": "/media/NFS/ttao/scannet/posed_images/scene0675_00/00154.jpg",
      "transform_matrix": [
        [
          -0.934443,
          -0.112287,
          0.337946,
          1.171605
        ],
        [
          -0.355775,
          0.33569,
          -0.872202,
          3.135517
        ],
        [
          -0.015508,
          -0.935256,
          -0.353632,
          1.508259
        ],
        [
          0.0,
          0.0,
          0.0,
          1.0
        ]
      ]
    },
    {
      "file_path": "/media/NFS/ttao/scannet/posed_images/scene0675_00/00157.jpg",
      "transform_matrix": [
        [
          -0.944061,
          -0.106289,
          0.312171,
          1.16285
        ],
        [
          -0.329402,
          0.348627,
          -0.87747,
          3.12247
        ],
        [
          -0.015565,
          -0.931215,
          -0.364137,
          1.514766
        ],
        [
          0.0,
          0.0,
          0.0,
          1.0
        ]
      ]
    },
    {
      "file_path": "/media/NFS/ttao/scannet/posed_images/scene0675_00/00159.jpg",
      "transform_matrix": [
        [
          -0.95047,
          -0.101331,
          0.293836,
          1.156145
        ],
        [
          -0.310478,
          0.353715,
          -0.882321,
          3.118477
        ],
        [
          -0.014527,
          -0.929848,
          -0.367656,
          1.513582
        ],
        [
          0.0,
          0.0,
          0.0,
          1.0
        ]
      ]
    },
    {
      "file_path": "/media/NFS/ttao/scannet/posed_images/scene0675_00/00161.jpg",
      "transform_matrix": [
        [
          -0.956247,
          -0.097063,
          0.275989,
          1.149321
        ],
        [
          -0.292394,
          0.34882,
          -0.89041,
          3.128454
        ],
        [
          -0.009845,
          -0.93215,
          -0.361938,
          1.50187
        ],
        [
          0.0,
          0.0,
          0.0,
          1.0
        ]
      ]
    },
    {
      "file_path": "/media/NFS/ttao/scannet/posed_images/scene0675_00/00163.jpg",
      "transform_matrix": [
        [
          -0.962588,
          -0.096064,
          0.25337,
          1.136961
        ],
        [
          -0.270943,
          0.354342,
          -0.895004,
          3.118834
        ],
        [
          -0.003802,
          -0.930168,
          -0.367114,
          1.506724
        ],
        [
          0.0,
          0.0,
          0.0,
          1.0
        ]
      ]
    },
    {
      "file_path": "/media/NFS/ttao/scannet/posed_images/scene0675_00/00167.jpg",
      "transform_matrix": [
        [
          -0.975354,
          -0.094789,
          0.199246,
          1.111573
        ],
        [
          -0.220101,
          0.354658,
          -0.908721,
          3.112407
        ],
        [
          0.015472,
          -0.930179,
          -0.36678,
          1.498414
        ],
        [
          0.0,
          0.0,
          0.0,
          1.0
        ]
      ]
    },
    {
      "file_path": "/media/NFS/ttao/scannet/posed_images/scene0675_00/00170.jpg",
      "transform_matrix": [
        [
          -0.983299,
          -0.085809,
          0.160496,
          1.114053
        ],
        [
          -0.180846,
          0.361733,
          -0.914573,
          3.105853
        ],
        [
          0.020422,
          -0.928324,
          -0.37121,
          1.508372
        ],
        [
          0.0,
          0.0,
          0.0,
          1.0
        ]
      ]
    },
    {
      "file_path": "/media/NFS/ttao/scannet/posed_images/scene0675_00/00174.jpg",
      "transform_matrix": [
        [
          -0.989569,
          -0.069131,
          0.126386,
          1.095628
        ],
        [
          -0.143006,
          0.365605,
          -0.919719,
          3.10133
        ],
        [
          0.017373,
          -0.9282,
          -0.371677,
          1.499102
        ],
        [
          0.0,
          0.0,
          0.0,
          1.0
        ]
      ]
    },
    {
      "file_path": "/media/NFS/ttao/scannet/posed_images/scene0675_00/00177.jpg",
      "transform_matrix": [
        [
          -0.992295,
          -0.058539,
          0.109197,
          1.088679
        ],
        [
          -0.123108,
          0.366416,
          -0.922271,
          3.09963
        ],
        [
          0.013977,
          -0.928608,
          -0.3708,
          1.501202
        ],
        [
          0.0,
          0.0,
          0.0,
          1.0
        ]
      ]
    },
    {
      "file_path": "/media/NFS/ttao/scannet/posed_images/scene0675_00/00179.jpg",
      "transform_matrix": [
        [
          -0.99408,
          -0.051213,
          0.09582,
          1.080148
        ],
        [
          -0.107952,
          0.365976,
          -0.924342,
          3.099911
        ],
        [
          0.01227,
          -0.929214,
          -0.369338,
          1.496855
        ],
        [
          0.0,
          0.0,
          0.0,
          1.0
        ]
      ]
    },
    {
      "file_path": "/media/NFS/ttao/scannet/posed_images/scene0675_00/00182.jpg",
      "transform_matrix": [
        [
          -0.995246,
          -0.047792,
          0.084866,
          1.051598
        ],
        [
          -0.09657,
          0.370813,
          -0.923673,
          3.092931
        ],
        [
          0.012675,
          -0.927477,
          -0.373665,
          1.507221
        ],
        [
          0.0,
          0.0,
          0.0,
          1.0
        ]
      ]
    },
    {
      "file_path": "/media/NFS/ttao/scannet/posed_images/scene0675_00/00185.jpg",
      "transform_matrix": [
        [
          -0.996705,
          -0.044967,
          0.067503,
          1.03746
        ],
        [
          -0.079342,
          0.367758,
          -0.926531,
          3.090331
        ],
        [
          0.016838,
          -0.928834,
          -0.370114,
          1.509108
        ],
        [
          0.0,
          0.0,
          0.0,
          1.0
        ]
      ]
    },
    {
      "file_path": "/media/NFS/ttao/scannet/posed_images/scene0675_00/00188.jpg",
      "transform_matrix": [
        [
          -0.998364,
          -0.034099,
          0.045907,
          1.037652
        ],
        [
          -0.055156,
          0.362177,
          -0.930476,
          3.086164
        ],
        [
          0.015101,
          -0.931485,
          -0.363465,
          1.509456
        ],
        [
          0.0,
          0.0,
          0.0,
          1.0
        ]
      ]
    },
    {
      "file_path": "/media/NFS/ttao/scannet/posed_images/scene0675_00/00189.jpg",
      "transform_matrix": [
        [
          -0.998573,
          -0.031399,
          0.043193,
          1.028677
        ],
        [
          -0.051568,
          0.356969,
          -0.932692,
          3.087569
        ],
        [
          0.013867,
          -0.933588,
          -0.358079,
          1.505341
        ],
        [
          0.0,
          0.0,
          0.0,
          1.0
        ]
      ]
    },
    {
      "file_path": "/media/NFS/ttao/scannet/posed_images/scene0675_00/00193.jpg",
      "transform_matrix": [
        [
          -0.999524,
          -0.014169,
          0.027394,
          1.028062
        ],
        [
          -0.030584,
          0.340848,
          -0.939621,
          3.085318
        ],
        [
          0.003976,
          -0.940012,
          -0.341119,
          1.519347
        ],
        [
          0.0,
          0.0,
          0.0,
          1.0
        ]
      ]
    },
    {
      "file_path": "/media/NFS/ttao/scannet/posed_images/scene0675_00/00195.jpg",
      "transform_matrix": [
        [
          -0.999622,
          -0.005992,
          0.02682,
          1.017741
        ],
        [
          -0.027327,
          0.319842,
          -0.947077,
          3.087576
        ],
        [
          -0.002903,
          -0.947452,
          -0.319885,
          1.522059
        ],
        [
          0.0,
          0.0,
          0.0,
          1.0
        ]
      ]
    },
    {
      "file_path": "/media/NFS/ttao/scannet/posed_images/scene0675_00/00197.jpg",
      "transform_matrix": [
        [
          -0.999807,
          -0.001929,
          0.019532,
          1.013344
        ],
        [
          -0.019206,
          0.301322,
          -0.953329,
          3.086563
        ],
        [
          -0.004047,
          -0.95352,
          -0.301301,
          1.541246
        ],
        [
          0.0,
          0.0,
          0.0,
          1.0
        ]
      ]
    },
    {
      "file_path": "/media/NFS/ttao/scannet/posed_images/scene0675_00/00200.jpg",
      "transform_matrix": [
        [
          -0.999983,
          -0.000788,
          0.005687,
          1.023027
        ],
        [
          -0.005685,
          0.275101,
          -0.961398,
          3.087414
        ],
        [
          -0.000807,
          -0.961415,
          -0.275101,
          1.539954
        ],
        [
          0.0,
          0.0,
          0.0,
          1.0
        ]
      ]
    },
    {
      "file_path": "/media/NFS/ttao/scannet/posed_images/scene0675_00/00203.jpg",
      "transform_matrix": [
        [
          -0.999872,
          0.012992,
          0.009303,
          1.013184
        ],
        [
          -0.005797,
          0.247567,
          -0.968853,
          3.089985
        ],
        [
          -0.01489,
          -0.968783,
          -0.247461,
          1.546115
        ],
        [
          0.0,
          0.0,
          0.0,
          1.0
        ]
      ]
    },
    {
      "file_path": "/media/NFS/ttao/scannet/posed_images/scene0675_00/00208.jpg",
      "transform_matrix": [
        [
          -0.999353,
          0.035051,
          0.007991,
          1.017629
        ],
        [
          -0.000273,
          0.214883,
          -0.97664,
          3.089669
        ],
        [
          -0.035949,
          -0.976011,
          -0.214735,
          1.577241
        ],
        [
          0.0,
          0.0,
          0.0,
          1.0
        ]
      ]
    },
    {
      "file_path": "/media/NFS/ttao/scannet/posed_images/scene0675_00/00211.jpg",
      "transform_matrix": [
        [
          -0.999455,
          0.029118,
          0.015576,
          1.024727
        ],
        [
          -0.00957,
          0.196032,
          -0.980551,
          3.093772
        ],
        [
          -0.031605,
          -0.980165,
          -0.195646,
          1.578099
        ],
        [
          0.0,
          0.0,
          0.0,
          1.0
        ]
      ]
    },
    {
      "file_path": "/media/NFS/ttao/scannet/posed_images/scene0675_00/00213.jpg",
      "transform_matrix": [
        [
          -0.999205,
          0.034859,
          0.019342,
          1.030953
        ],
        [
          -0.012733,
          0.180705,
          -0.983455,
          3.096109
        ],
        [
          -0.037777,
          -0.982919,
          -0.180118,
          1.583987
        ],
        [
          0.0,
          0.0,
          0.0,
          1.0
        ]
      ]
    },
    {
      "file_path": "/media/NFS/ttao/scannet/posed_images/scene0675_00/00214.jpg",
      "transform_matrix": [
        [
          -0.99893,
          0.039487,
          0.024083,
          1.029673
        ],
        [
          -0.016757,
          0.176339,
          -0.984187,
          3.094563
        ],
        [
          -0.043109,
          -0.983537,
          -0.175488,
          1.591317
        ],
        [
          0.0,
          0.0,
          0.0,
          1.0
        ]
      ]
    },
    {
      "file_path": "/media/NFS/ttao/scannet/posed_images/scene0675_00/00217.jpg",
      "transform_matrix": [
        [
          -0.997816,
          0.051508,
          0.041364,
          1.029631
        ],
        [
          -0.033421,
          0.146513,
          -0.988644,
