{
  "frames": [
    {
      "file_path": "/media/NFS/ttao/scannet/posed_images/scene0423_02/00001.jpg",
      "transform_matrix": [
        [
          0.373942,
          -0.35497,
          0.856834,
          1.720655
        ],
        [
          -0.926953,
          -0.173337,
          0.332734,
          3.786764
        ],
        [
          0.03041,
          -0.918668,
          -0.393859,
          1.388814
        ],
        [
          0.0,
          0.0,
          0.0,
          1.0
        ]
      ]
    },
    {
      "file_path": "/media/NFS/ttao/scannet/posed_images/scene0423_02/00002.jpg",
      "transform_matrix": [
        [
          0.369425,
          -0.354838,
          0.858846,
          1.716892
        ],
        [
          -0.928734,
          -0.172103,
          0.328381,
          3.792055
        ],
        [
          0.031288,
          -0.918951,
          -0.393129,
          1.390776
        ],
        [
          0.0,
          0.0,
          0.0,
          1.0
        ]
      ]
    },
    {
      "file_path": "/media/NFS/ttao/scannet/posed_images/scene0423_02/00005.jpg",
      "transform_matrix": [
        [
          0.364944,
          -0.350794,
          0.862415,
          1.710175
        ],
        [
          -0.930187,
          -0.17677,
          0.321721,
          3.792506
        ],
        [
          0.039591,
          -0.919618,
          -0.390815,
          1.389988
        ],
        [
          0.0,
          0.0,
          0.0,
          1.0
        ]
      ]
    },
    {
      "file_path": "/media/NFS/ttao/scannet/posed_images/scene0423_02/00008.jpg",
      "transform_matrix": [
        [
          0.357598,
          -0.350539,
          0.86559,
          1.701501
        ],
        [
          -0.932708,
          -0.180391,
          0.312273,
          3.793298
        ],
        [
          0.046681,
          -0.919011,
          -0.391458,
          1.386191
        ],
        [
          0.0,
          0.0,
          0.0,
          1.0
        ]
      ]
    },
    {
      "file_path": "/media/NFS/ttao/scannet/posed_images/scene0423_02/00012.jpg",
      "transform_matrix": [
        [
          0.351623,
          -0.353223,
          0.866946,
          1.695471
        ],
        [
          -0.935276,
          -0.172364,
          0.30911,
          3.783531
        ],
        [
          0.040245,
          -0.919524,
          -0.390969,
          1.389134
        ],
        [
          0.0,
          0.0,
          0.0,
          1.0
        ]
      ]
    },
    {
      "file_path": "/media/NFS/ttao/scannet/posed_images/scene0423_02/00014.jpg",
      "transform_matrix": [
        [
          0.353202,
          -0.360993,
          0.863095,
          1.68951
        ],
        [
          -0.935136,
          -0.163594,
          0.314259,
          3.777976
        ],
        [
          0.027752,
          -0.918107,
          -0.395359,
          1.386926
        ],
        [
          0.0,
          0.0,
          0.0,
          1.0
        ]
      ]
    },
    {
      "file_path": "/media/NFS/ttao/scannet/posed_images/scene0423_02/00018.jpg",
      "transform_matrix": [
        [
          0.374562,
          -0.39517,
          0.838776,
          1.674662
        ],
        [
          -0.927093,
          -0.145706,
          0.345354,
          3.738232
        ],
        [
          -0.014259,
          -0.906979,
          -0.420935,
          1.375899
        ],
        [
          0.0,
          0.0,
          0.0,
          1.0
        ]
      ]
    },
    {
      "file_path": "/media/NFS/ttao/scannet/posed_images/scene0423_02/00020.jpg",
      "transform_matrix": [
        [
          0.386272,
          -0.416451,
          0.823021,
          1.659447
        ],
        [
          -0.922272,
          -0.160418,
          0.351682,
          3.719342
        ],
        [
          -0.014431,
          -0.894894,
          -0.446046,
          1.36685
        ],
        [
          0.0,
          0.0,
          0.0,
          1.0
        ]
      ]
    },
    {
      "file_path": "/media/NFS/ttao/scannet/posed_images/scene0423_02/00022.jpg",
      "transform_matrix": [
        [
          0.389898,
          -0.438774,
          0.809603,
          1.64909
        ],
        [
          -0.920777,
          -0.174047,
          0.349111,
          3.696666
        ],
        [
          -0.012271,
          -0.881581,
          -0.471873,
          1.356859
        ],
        [
          0.0,
          0.0,
          0.0,
          1.0
        ]
      ]
    },
    {
      "file_path": "/media/NFS/ttao/scannet/posed_images/scene0423_02/00025.jpg",
      "transform_matrix": [
        [
          0.394787,
          -0.453544,
          0.799025,
          1.637968
        ],
        [
          -0.918708,
          -0.184538,
          0.349173,
          3.675493
        ],
        [
          -0.010915,
          -0.871919,
          -0.489528,
          1.346709
        ],
        [
          0.0,
          0.0,
          0.0,
          1.0
        ]
      ]
    },
    {
      "file_path": "/media/NFS/ttao/scannet/posed_images/scene0423_02/00030.jpg",
      "transform_matrix": [
        [
          0.380573,
          -0.485454,
          0.787082,
          1.618409
        ],
        [
          -0.924654,
          -0.187419,
          0.331496,
          3.664299
        ],
        [
          -0.013412,
          -0.853937,
          -0.520204,
          1.345632
        ],
        [
          0.0,
          0.0,
          0.0,
          1.0
        ]
      ]
    },
    {
      "file_path": "/media/NFS/ttao/scannet/posed_images/scene0423_02/00033.jpg",
      "transform_matrix": [
        [
          0.376758,
          -0.49249,
          0.784543,
          1.607757
        ],
        [
          -0.926229,
          -0.188939,
          0.326194,
          3.660322
        ],
        [
          -0.012417,
          -0.849562,
          -0.527343,
          1.349269
        ],
        [
          0.0,
          0.0,
          0.0,
          1.0
        ]
      ]
    },
    {
      "file_path": "/media/NFS/ttao/scannet/posed_images/scene0423_02/00035.jpg",
      "transform_matrix": [
        [
          0.367836,
          -0.491044,
          0.789666,
          1.594758
        ],
        [
          -0.929822,
          -0.183923,
          0.318752,
          3.662556
        ],
        [
          -0.011283,
          -0.851498,
          -0.524237,
          1.349032
        ],
        [
          0.0,
          0.0,
          0.0,
          1.0
        ]
      ]
    },
    {
      "file_path": "/media/NFS/ttao/scannet/posed_images/scene0423_02/00037.jpg",
      "transform_matrix": [
        [
          0.35805,
          -0.492444,
          0.793284,
          1.582132
        ],
        [
          -0.933669,
          -0.18166,
          0.308644,
          3.6636
        ],
        [
          -0.007882,
          -0.851175,
          -0.524823,
          1.349834
        ],
        [
          0.0,
          0.0,
          0.0,
          1.0
        ]
      ]
    },
    {
      "file_path": "/media/NFS/ttao/scannet/posed_images/scene0423_02/00039.jpg",
      "transform_matrix": [
        [
          0.344772,
          -0.493602,
          0.79843,
          1.57022
        ],
        [
          -0.938685,
          -0.17974,
          0.294218,
          3.668554
        ],
        [
          -0.001717,
          -0.850912,
          -0.525305,
          1.352963
        ],
        [
          0.0,
          0.0,
          0.0,
          1.0
        ]
      ]
    },
    {
      "file_path": "/media/NFS/ttao/scannet/posed_images/scene0423_02/00044.jpg",
      "transform_matrix": [
        [
          0.275899,
          -0.473644,
          0.836386,
          1.526126
        ],
        [
          -0.961116,
          -0.14648,
          0.234092,
          3.691419
        ],
        [
          0.011637,
          -0.86845,
          -0.495641,
          1.359157
        ],
        [
          0.0,
          0.0,
          0.0,
          1.0
        ]
      ]
    },
    {
      "file_path": "/media/NFS/ttao/scannet/posed_images/scene0423_02/00047.jpg",
      "transform_matrix": [
        [
          0.224503,
          -0.464608,
          0.856585,
          1.486729
        ],
        [
          -0.974419,
          -0.116297,
          0.192308,
          3.717189
        ],
        [
          0.010271,
          -0.877846,
          -0.478832,
          1.355748
        ],
        [
          0.0,
          0.0,
          0.0,
          1.0
        ]
      ]
    },
    {
      "file_path": "/media/NFS/ttao/scannet/posed_images/scene0423_02/00048.jpg",
      "transform_matrix": [
        [
          0.204691,
          -0.464845,
          0.861406,
          1.475907
        ],
        [
          -0.978782,
          -0.105568,
          0.175614,
          3.725201
        ],
        [
          0.009304,
          -0.879076,
          -0.476591,
          1.353124
        ],
        [
          0.0,
          0.0,
          0.0,
          1.0
        ]
      ]
    },
    {
      "file_path": "/media/NFS/ttao/scannet/posed_images/scene0423_02/00051.jpg",
      "transform_matrix": [
        [
          0.150087,
          -0.473063,
          0.868151,
          1.439904
        ],
        [
          -0.988622,
          -0.080696,
          0.126942,
          3.767014
        ],
        [
          0.010005,
          -0.877325,
          -0.479792,
          1.34806
        ],
        [
          0.0,
          0.0,
          0.0,
          1.0
        ]
      ]
    },
    {
      "file_path": "/media/NFS/ttao/scannet/posed_images/scene0423_02/00055.jpg",
      "transform_matrix": [
        [
          0.099601,
          -0.493725,
          0.863895,
          1.397326
        ],
        [
          -0.994974,
          -0.05843,
          0.08132,
          3.812311
        ],
        [
          0.010328,
          -0.867653,
          -0.497064,
          1.352116
        ],
        [
          0.0,
          0.0,
          0.0,
          1.0
        ]
      ]
    },
    {
      "file_path": "/media/NFS/ttao/scannet/posed_images/scene0423_02/00057.jpg",
      "transform_matrix": [
        [
          0.080236,
          -0.496797,
          0.86415,
          1.375773
        ],
        [
          -0.996764,
          -0.044297,
          0.067083,
          3.829781
        ],
        [
          0.004953,
          -0.866735,
          -0.498744,
          1.358517
        ],
        [
          0.0,
          0.0,
          0.0,
          1.0
        ]
      ]
    },
    {
      "file_path": "/media/NFS/ttao/scannet/posed_images/scene0423_02/00061.jpg",
      "transform_matrix": [
        [
          0.03898,
          -0.488633,
          0.871618,
          1.339505
        ],
        [
          -0.999192,
          -0.027603,
          0.029211,
          3.853242
        ],
        [
          0.009786,
          -0.872053,
          -0.489314,
          1.362485
        ],
        [
          0.0,
          0.0,
          0.0,
          1.0
        ]
      ]
    },
    {
      "file_path": "/media/NFS/ttao/scannet/posed_images/scene0423_02/00063.jpg",
      "transform_matrix": [
        [
          0.018969,
          -0.484285,
          0.874705,
          1.31953
        ],
        [
          -0.999766,
          -0.018293,
          0.011552,
          3.865849
        ],
        [
          0.010407,
          -0.874719,
          -0.484519,
          1.359322
        ],
        [
          0.0,
          0.0,
          0.0,
          1.0
        ]
      ]
    },
    {
      "file_path": "/media/NFS/ttao/scannet/posed_images/scene0423_02/00067.jpg",
      "transform_matrix": [
        [
          -0.032088,
          -0.491211,
          0.870449,
          1.277429
        ],
        [
          -0.99943,
          0.006635,
          -0.033098,
          3.889318
        ],
        [
          0.010483,
          -0.871015,
          -0.491144,
          1.353087
        ],
        [
          0.0,
          0.0,
          0.0,
          1.0
        ]
      ]
    },
    {
      "file_path": "/media/NFS/ttao/scannet/posed_images/scene0423_02/00069.jpg",
      "transform_matrix": [
        [
          -0.055859,
          -0.491781,
          0.868926,
          1.25836
        ],
        [
          -0.998352,
          0.016057,
          -0.055092,
          3.904375
        ],
        [
          0.013141,
          -0.870571,
          -0.491867,
          1.351845
        ],
        [
          0.0,
          0.0,
          0.0,
          1.0
        ]
      ]
    },
    {
      "file_path": "/media/NFS/ttao/scannet/posed_images/scene0423_02/00072.jpg",
      "transform_matrix": [
        [
          -0.084276,
          -0.483302,
          0.871388,
          1.221518
        ],
        [
          -0.996417,
          0.034582,
          -0.077188,
          3.914703
        ],
        [
          0.007171,
          -0.87477,
          -0.484485,
          1.349307
        ],
        [
          0.0,
          0.0,
          0.0,
          1.0
        ]
      ]
    },
    {
      "file_path": "/media/NFS/ttao/scannet/posed_images/scene0423_02/00075.jpg",
      "transform_matrix": [
        [
          -0.110887,
          -0.474928,
          0.873011,
          1.189049
        ],
        [
          -0.993832,
          0.054094,
          -0.096806,
          3.936936
        ],
        [
          -0.001249,
          -0.878361,
          -0.477997,
          1.349434
        ],
        [
          0.0,
          0.0,
          0.0,
          1.0
        ]
      ]
    },
    {
      "file_path": "/media/NFS/ttao/scannet/posed_images/scene0423_02/00076.jpg",
      "transform_matrix": [
        [
          -0.11659,
          -0.473393,
          0.873102,
          1.17802
        ],
        [
          -0.99318,
          0.056186,
          -0.10216,
          3.943122
        ],
        [
          -0.000694,
          -0.879058,
          -0.476715,
          1.348112
        ],
        [
          0.0,
          0.0,
          0.0,
          1.0
        ]
      ]
    },
    {
      "file_path": "/media/NFS/ttao/scannet/posed_images/scene0423_02/00079.jpg",
      "transform_matrix": [
        [
          -0.138184,
          -0.472494,
          0.870434,
          1.149575
        ],
        [
          -0.990388,
          0.060518,
          -0.124377,
          3.967608
        ],
        [
          0.00609,
          -0.879254,
          -0.476315,
          1.342242
        ],
        [
          0.0,
          0.0,
          0.0,
          1.0
        ]
      ]
    },
    {
      "file_path": "/media/NFS/ttao/scannet/posed_images/scene0423_02/00082.jpg",
      "transform_matrix": [
        [
          -0.163035,
          -0.485833,
          0.858712,
          1.130448
        ],
        [
          -0.98662,
          0.07925,
          -0.142482,
          3.988475
        ],
        [
          0.00117,
          -0.870451,
          -0.492253,
          1.341085
        ],
        [
          0.0,
          0.0,
          0.0,
          1.0
        ]
      ]
    },
    {
      "file_path": "/media/NFS/ttao/scannet/posed_images/scene0423_02/00085.jpg",
      "transform_matrix": [
        [
          -0.178709,
          -0.502004,
          0.846201,
          1.11526
        ],
        [
          -0.98386,
          0.099108,
          -0.148987,
          4.001956
        ],
        [
          -0.009073,
          -0.859168,
          -0.511613,
          1.340105
        ],
        [
          0.0,
          0.0,
          0.0,
          1.0
        ]
      ]
    },
    {
      "file_path": "/media/NFS/ttao/scannet/posed_images/scene0423_02/00090.jpg",
      "transform_matrix": [
        [
          -0.214049,
          -0.520799,
          0.826409,
          1.100203
        ],
        [
          -0.976712,
          0.126835,
          -0.173048,
          4.026544
        ],
        [
          -0.014694,
          -0.844205,
          -0.535819,
          1.33761
        ],
        [
          0.0,
          0.0,
          0.0,
          1.0
        ]
      ]
    },
    {
      "file_path": "/media/NFS/ttao/scannet/posed_images/scene0423_02/00091.jpg",
      "transform_matrix": [
        [
          -0.221757,
          -0.522158,
          0.823514,
          1.099048
        ],
        [
          -0.974939,
          0.134148,
          -0.177476,
          4.034568
        ],
        [
          -0.017802,
          -0.842232,
          -0.538821,
          1.337232
        ],
        [
          0.0,
          0.0,
          0.0,
          1.0
        ]
      ]
    },
    {
      "file_path": "/media/NFS/ttao/scannet/posed_images/scene0423_02/00095.jpg",
      "transform_matrix": [
        [
          -0.242302,
          -0.531558,
          0.811626,
          1.097102
        ],
        [
          -0.969992,
          0.150067,
          -0.191298,
          4.066175
        ],
        [
          -0.020112,
          -0.833623,
          -0.551968,
          1.336224
        ],
        [
          0.0,
          0.0,
          0.0,
          1.0
        ]
      ]
    },
    {
      "file_path": "/media/NFS/ttao/scannet/posed_images/scene0423_02/00096.jpg",
      "transform_matrix": [
        [
          -0.247748,
          -0.530539,
          0.810648,
          1.097877
        ],
        [
          -0.968632,
          0.152323,
          -0.196341,
          4.076853
        ],
        [
          -0.019314,
          -0.833862,
          -0.551635,
          1.338346
        ],
        [
          0.0,
          0.0,
          0.0,
          1.0
        ]
      ]
    },
    {
      "file_path": "/media/NFS/ttao/scannet/posed_images/scene0423_02/00100.jpg",
      "transform_matrix": [
        [
          -0.261132,
          -0.516163,
          0.815713,
          1.092972
        ],
        [
          -0.965157,
          0.154336,
          -0.211313,
          4.135207
        ],
        [
          -0.016822,
          -0.842471,
          -0.53848,
          1.335244
        ],
        [
          0.0,
          0.0,
          0.0,
          1.0
        ]
      ]
    },
    {
      "file_path": "/media/NFS/ttao/scannet/posed_images/scene0423_02/00104.jpg",
      "transform_matrix": [
        [
          -0.251689,
          -0.51277,
          0.820804,
          1.095958
        ],
        [
          -0.967339,
          0.159702,
          -0.196853,
          4.196877
        ],
        [
          -0.030144,
          -0.843541,
          -0.536218,
          1.340922
        ],
        [
          0.0,
          0.0,
          0.0,
          1.0
        ]
      ]
    },
    {
      "file_path": "/media/NFS/ttao/scannet/posed_images/scene0423_02/00107.jpg",
      "transform_matrix": [
        [
          -0.239022,
          -0.502998,
          0.830579,
          1.097151
        ],
        [
          -0.970223,
          0.158239,
          -0.183379,
          4.237493
        ],
        [
          -0.039191,
          -0.849678,
          -0.525843,
          1.346087
        ],
        [
          0.0,
          0.0,
          0.0,
          1.0
        ]
      ]
    },
    {
      "file_path": "/media/NFS/ttao/scannet/posed_images/scene0423_02/00110.jpg",
      "transform_matrix": [
        [
          -0.217765,
          -0.502121,
          0.836931,
          1.101422
        ],
        [
          -0.975238,
          0.145853,
          -0.166247,
          4.269904
        ],
        [
          -0.038593,
          -0.852409,
          -0.521449,
          1.353279
        ],
        [
          0.0,
          0.0,
          0.0,
          1.0
        ]
      ]
    },
    {
      "file_path": "/media/NFS/ttao/scannet/posed_images/scene0423_02/00111.jpg",
      "transform_matrix": [
        [
          -0.21335,
          -0.501763,
          0.838281,
          1.105429
        ],
        [
          -0.976234,
          0.142918,
          -0.162915,
          4.280453
        ],
        [
          -0.03806,
          -0.853117,
          -0.52033,
          1.357651
        ],
        [
          0.0,
          0.0,
          0.0,
          1.0
        ]
      ]
    },
    {
      "file_path": "/media/NFS/ttao/scannet/posed_images/scene0423_02/00113.jpg",
      "transform_matrix": [
        [
          -0.20228,
          -0.49625,
          0.844286,
          1.111539
        ],
        [
          -0.978527,
          0.137271,
          -0.153758,
          4.296934
        ],
        [
          -0.039594,
          -0.857259,
          -0.513361,
          1.359292
        ],
        [
          0.0,
          0.0,
          0.0,
          1.0
        ]
      ]
    },
    {
      "file_path": "/media/NFS/ttao/scannet/posed_images/scene0423_02/00118.jpg",
      "transform_matrix": [
        [
          -0.188282,
          -0.477,
          0.8585,
          1.141768
        ],
        [
          -0.981385,
          0.125065,
          -0.145744,
          4.323391
        ],
        [
          -0.037848,
          -0.86996,
          -0.491668,
          1.363431
        ],
        [
          0.0,
          0.0,
          0.0,
          1.0
        ]
      ]
    },
    {
      "file_path": "/media/NFS/ttao/scannet/posed_images/scene0423_02/00121.jpg",
      "transform_matrix": [
        [
          -0.192626,
          -0.460338,
          0.866593,
          1.164352
        ],
        [
          -0.980799,
          0.117733,
          -0.155472,
          4.347011
        ],
        [
          -0.030457,
          -0.879902,
          -0.474178,
          1.359673
        ],
        [
          0.0,
          0.0,
          0.0,
          1.0
        ]
      ]
    },
    {
      "file_path": "/media/NFS/ttao/scannet/posed_images/scene0423_02/00122.jpg",
      "transform_matrix": [
        [
          -0.188982,
          -0.458357,
          0.868444,
          1.174261
        ],
        [
          -0.98144,
          0.117499,
          -0.151556,
          4.347814
        ],
        [
          -0.032575,
          -0.880967,
          -0.472055,
          1.35977
        ],
        [
          0.0,
          0.0,
          0.0,
          1.0
        ]
      ]
    },
    {
      "file_path": "/media/NFS/ttao/scannet/posed_images/scene0423_02/00127.jpg",
      "transform_matrix": [
        [
          -0.161498,
          -0.438706,
          0.884,
          1.213338
        ],
        [
          -0.986383,
          0.099986,
          -0.130582,
          4.353162
        ],
        [
          -0.031101,
          -0.893051,
          -0.448879,
          1.360852
        ],
        [
          0.0,
          0.0,
          0.0,
          1.0
        ]
      ]
    },
    {
      "file_path": "/media/NFS/ttao/scannet/posed_images/scene0423_02/00128.jpg",
      "transform_matrix": [
        [
          -0.15896,
          -0.437468,
          0.885073,
          1.220094
        ],
        [
          -0.98681,
          0.098198,
          -0.128695,
          4.355853
        ],
        [
          -0.030612,
          -0.893857,
          -0.447307,
          1.358136
        ],
        [
          0.0,
          0.0,
          0.0,
          1.0
        ]
      ]
    },
    {
      "file_path": "/media/NFS/ttao/scannet/posed_images/scene0423_02/00132.jpg",
      "transform_matrix": [
        [
          -0.137738,
          -0.439955,
          0.887394,
          1.256519
        ],
        [
          -0.989889,
          0.091807,
          -0.10813,
          4.364284
        ],
        [
          -0.033896,
          -0.893315,
          -0.448152,
          1.365429
        ],
        [
          0.0,
          0.0,
          0.0,
          1.0
        ]
      ]
    },
    {
      "file_path": "/media/NFS/ttao/scannet/posed_images/scene0423_02/00134.jpg",
      "transform_matrix": [
        [
          -0.13092,
          -0.440702,
          0.888055,
          1.274955
        ],
        [
          -0.990939,
          0.085282,
          -0.103766,
          4.37492
        ],
        [
          -0.030005,
          -0.893593,
          -0.447874,
          1.363872
        ],
        [
          0.0,
          0.0,
          0.0,
          1.0
        ]
      ]
    },
    {
      "file_path": "/media/NFS/ttao/scannet/posed_images/scene0423_02/00138.jpg",
      "transform_matrix": [
        [
          -0.11577,
          -0.447243,
          0.886889,
          1.307382
        ],
        [
          -0.992866,
          0.077762,
          -0.09039,
          4.40436
        ],
        [
          -0.028541,
          -0.891026,
          -0.453055,
          1.358008
        ],
        [
          0.0,
          0.0,
          0.0,
          1.0
        ]
      ]
    },
    {
      "file_path": "/media/NFS/ttao/scannet/posed_images/scene0423_02/00141.jpg",
      "transform_matrix": [
        [
          -0.130706,
          -0.441769,
          0.887556,
          1.332742
        ],
        [
          -0.990976,
          0.08504,
          -0.103608,
          4.443655
        ],
        [
          -0.029707,
          -0.893089,
          -0.448898,
          1.356256
        ],
        [
          0.0,
          0.0,
          0.0,
          1.0
        ]
      ]
    },
    {
      "file_path": "/media/NFS/ttao/scannet/posed_images/scene0423_02/00142.jpg",
      "transform_matrix": [
        [
          -0.136639,
          -0.441975,
          0.88656,
          1.34011
        ],
        [
          -0.99013,
          0.089093,
          -0.108187,
          4.454849
        ],
        [
          -0.03117,
          -0.892592,
          -0.449786,
          1.352342
        ],
        [
          0.0,
          0.0,
          0.0,
          1.0
        ]
      ]
    },
    {
      "file_path": "/media/NFS/ttao/scannet/posed_images/scene0423_02/00146.jpg",
      "transform_matrix": [
        [
          -0.179601,
          -0.448587,
          0.875508,
          1.38099
        ],
        [
          -0.983018,
          0.115931,
          -0.142255,
          4.516939
        ],
        [
          -0.037685,
          -0.886189,
          -0.46179,
          1.357343
        ],
        [
          0.0,
          0.0,
          0.0,
          1.0
        ]
      ]
    },
    {
      "file_path": "/media/NFS/ttao/scannet/posed_images/scene0423_02/00149.jpg",
      "transform_matrix": [
        [
          -0.186756,
          -0.451874,
          0.872314,
          1.405994
        ],
        [
          -0.981623,
          0.121274,
          -0.147337,
          4.567543
        ],
        [
          -0.039211,
          -0.8838,
          -0.466219,
          1.356623
        ],
        [
          0.0,
          0.0,
          0.0,
          1.0
        ]
      ]
    },
    {
      "file_path": "/media/NFS/ttao/scannet/posed_images/scene0423_02/00150.jpg",
      "transform_matrix": [
        [
          -0.184798,
          -0.452207,
          0.872559,
          1.409774
        ],
        [
          -0.982131,
          0.117154,
          -0.147289,
          4.582237
        ],
        [
          -0.035619,
          -0.884185,
          -0.465776,
          1.354106
        ],
        [
          0.0,
          0.0,
          0.0,
          1.0
        ]
      ]
    },
    {
      "file_path": "/media/NFS/ttao/scannet/posed_images/scene0423_02/00155.jpg",
      "transform_matrix": [
        [
          -0.187225,
          -0.487188,
          0.852992,
          1.439429
        ],
        [
          -0.981987,
          0.115352,
          -0.149655,
          4.649117
        ],
        [
          -0.025484,
          -0.865645,
          -0.500009,
          1.346982
        ],
        [
          0.0,
          0.0,
          0.0,
          1.0
        ]
      ]
    },
    {
      "file_path": "/media/NFS/ttao/scannet/posed_images/scene0423_02/00156.jpg",
      "transform_matrix": [
        [
          -0.182273,
          -0.487885,
          0.853666,
          1.441619
        ],
        [
          -0.982944,
          0.111988,
          -0.145873,
          4.660257
        ],
        [
          -0.024431,
          -0.865695,
          -0.499976,
          1.343219
        ],
        [
          0.0,
          0.0,
          0.0,
          1.0
        ]
      ]
    },
    {
      "file_path": "/media/NFS/ttao/scannet/posed_images/scene0423_02/00161.jpg",
      "transform_matrix": [
        [
          -0.164216,
          -0.49983,
          0.850414,
          1.454765
        ],
        [
          -0.986416,
          0.086696,
          -0.139523,
          4.701047
        ],
        [
          -0.00399,
          -0.861774,
          -0.507278,
          1.333959
        ],
        [
          0.0,
          0.0,
          0.0,
          1.0
        ]
      ]
    },
    {
      "file_path": "/media/NFS/ttao/scannet/posed_images/scene0423_02/00162.jpg",
      "transform_matrix": [
        [
          -0.160766,
          -0.500876,
          0.850457,
          1.456014
        ],
        [
          -0.986992,
          0.08052,
          -0.139154,
          4.709016
        ],
        [
          0.00122,
          -0.861766,
          -0.507305,
          1.328683
        ],
        [
          0.0,
          0.0,
          0.0,
          1.0
        ]
      ]
    },
    {
      "file_path": "/media/NFS/ttao/scannet/posed_images/scene0423_02/00166.jpg",
      "transform_matrix": [
        [
          -0.153229,
          -0.518763,
          0.841074,
          1.466088
        ],
        [
          -0.988039,
          0.065503,
          -0.139602,
          4.731438
        ],
        [
          0.017328,
          -0.852405,
          -0.522595,
          1.321275
        ],
        [
          0.0,
          0.0,
          0.0,
          1.0
        ]
      ]
    },
    {
      "file_path": "/media/NFS/ttao/scannet/posed_images/scene0423_02/00169.jpg",
      "transform_matrix": [
        [
          -0.137726,
          -0.523498,
          0.840822,
          1.469943
        ],
        [
          -0.990171,
          0.051885,
          -0.129885,
          4.740357
        ],
        [
          0.024369,
          -0.850446,
          -0.525499,
          1.31956
        ],
        [
          0.0,
          0.0,
          0.0,
          1.0
        ]
      ]
    },
    {
      "file_path": "/media/NFS/ttao/scannet/posed_images/scene0423_02/00172.jpg",
      "transform_matrix": [
        [
          -0.123856,
          -0.525003,
          0.842041,
          1.47078
        ],
        [
          -0.991965,
          0.043435,
          -0.118827,
          4.73321
        ],
        [
          0.02581,
          -0.849992,
          -0.526163,
          1.319792
        ],
        [
          0.0,
          0.0,
          0.0,
          1.0
        ]
      ]
    },
    {
      "file_path": "/media/NFS/ttao/scannet/posed_images/scene0423_02/00173.jpg",
      "transform_matrix": [
        [
          -0.124997,
          -0.526596,
          0.840876,
          1.47348
        ],
        [
          -0.991856,
          0.045426,
          -0.118993,
          4.724705
        ],
        [
          0.024463,
          -0.848901,
          -0.527985,
          1.322117
        ],
        [
          0.0,
          0.0,
          0.0,
          1.0
        ]
      ]
    },
    {
      "file_path": "/media/NFS/ttao/scannet/posed_images/scene0423_02/00178.jpg",
      "transform_matrix": [
        [
          -0.163732,
          -0.520415,
          0.83807,
          1.480845
        ],
        [
          -0.9863,
          0.069043,
          -0.149819,
          4.684912
        ],
        [
          0.020105,
          -0.851118,
          -0.52459,
          1.331943
        ],
        [
          0.0,
          0.0,
          0.0,
          1.0
        ]
      ]
    },
    {
      "file_path": "/media/NFS/ttao/scannet/posed_images/scene0423_02/00179.jpg",
      "transform_matrix": [
        [
          -0.17748,
          -0.519874,
          0.835603,
          1.482537
        ],
        [
          -0.983902,
          0.0757,
          -0.161881,
          4.673019
        ],
        [
          0.020903,
          -0.850883,
          -0.52494,
          1.334491
        ],
        [
          0.0,
          0.0,
          0.0,
          1.0
        ]
      ]
    },
    {
      "file_path": "/media/NFS/ttao/scannet/posed_images/scene0423_02/00184.jpg",
      "transform_matrix": [
        [
          -0.273762,
          -0.496847,
          0.823528,
          1.488856
        ],
        [
          -0.961626,
          0.125215,
          -0.244125,
          4.609221
        ],
        [
          0.018175,
          -0.858757,
          -0.51206,
          1.344265
        ],
        [
          0.0,
          0.0,
          0.0,
          1.0
        ]
      ]
    },
    {
      "file_path": "/media/NFS/ttao/scannet/posed_images/scene0423_02/00185.jpg",
      "transform_matrix": [
        [
          -0.297154,
          -0.49148,
          0.818625,
          1.48818
        ],
        [
          -0.95472,
          0.139967,
          -0.262524,
          4.592729
        ],
        [
          0.014445,
          -0.859568,
          -0.510818,
          1.344822
        ],
        [
          0.0,
          0.0,
          0.0,
          1.0
        ]
      ]
    },
    {
      "file_path": "/media/NFS/ttao/scannet/posed_images/scene0423_02/00189.jpg",
      "transform_matrix": [
        [
          -0.389238,
          -0.46546,
          0.794884,
          1.481542
        ],
        [
          -0.921122,
          0.201711,
          -0.332938,
          4.523434
        ],
        [
          -0.005368,
          -0.861777,
          -0.507259,
          1.356762
        ],
        [
          0.0,
          0.0,
          0.0,
          1.0
        ]
      ]
    },
    {
      "file_path": "/media/NFS/ttao/scannet/posed_images/scene0423_02/00192.jpg",
      "transform_matrix": [
        [
          -0.422633,
          -0.447025,
          0.788385,
          1.46232
        ],
        [
          -0.906135,
          0.225071,
          -0.358138,
          4.472904
        ],
        [
          -0.017345,
          -0.865744,
          -0.500187,
          1.351823
        ],
        [
          0.0,
          0.0,
          0.0,
          1.0
        ]
      ]
    },
    {
      "file_path": "/media/NFS/ttao/scannet/posed_images/scene0423_02/00195.jpg",
      "transform_matrix": [
        [
          -0.439959,
          -0.432732,
          0.78688,
          1.439216
        ],
        [
          -0.897471,
          0.242446,
          -0.368464,
          4.426214
        ],
        [
          -0.03133,
          -0.868311,
          -0.495031,
          1.352376
        ],
        [
          0.0,
          0.0,
          0.0,
          1.0
        ]
      ]
    },
    {
      "file_path": "/media/NFS/ttao/scannet/posed_images/scene0423_02/00196.jpg",
      "transform_matrix": [
        [
          -0.443083,
          -0.430054,
          0.786595,
          1.4309
        ],
        [
          -0.895791,
          0.246791,
          -0.369666,
          4.412879
        ],
        [
          -0.035148,
          -0.868417,
          -0.494587,
          1.350978
        ],
        [
          0.0,
          0.0,
          0.0,
          1.0
        ]
      ]
    },
    {
      "file_path": "/media/NFS/ttao/scannet/posed_images/scene0423_02/00200.jpg",
      "transform_matrix": [
        [
          -0.451985,
          -0.433685,
          0.779505,
          1.399111
        ],
        [
          -0.890953,
          0.262323,
          -0.370661,
          4.360242
        ],
        [
          -0.043732,
          -0.862035,
          -0.504959,
          1.344587
        ],
        [
          0.0,
          0.0,
          0.0,
          1.0
        ]
      ]
    },
    {
      "file_path": "/media/NFS/ttao/scannet/posed_images/scene0423_02/00202.jpg",
      "transform_matrix": [
        [
          -0.457672,
          -0.44117,
          0.771949,
          1.383481
        ],
        [
          -0.887807,
          0.273937,
          -0.369807,
          4.330971
        ],
        [
          -0.048317,
          -0.854592,
          -0.517047,
          1.344344
        ],
        [
          0.0,
          0.0,
          0.0,
          1.0
        ]
      ]
    },
    {
      "file_path": "/media/NFS/ttao/scannet/posed_images/scene0423_02/00206.jpg",
      "transform_matrix": [
        [
          -0.475689,
          -0.449811,
          0.755904,
          1.358683
        ],
        [
          -0.878304,
          0.289762,
          -0.380289,
          4.285171
        ],
        [
          -0.047974,
          -0.844813,
          -0.532907,
          1.344926
        ],
        [
          0.0,
          0.0,
          0.0,
          1.0
        ]
      ]
    },
    {
      "file_path": "/media/NFS/ttao/scannet/posed_images/scene0423_02/00208.jpg",
      "transform_matrix": [
        [
          -0.488596,
          -0.447931,
          0.748754,
          1.348597
        ],
        [
          -0.871529,
          0.291235,
          -0.394485,
          4.26817
        ],
        [
          -0.041362,
          -0.845305,
          -0.532681,
          1.34344
        ],
        [
          0.0,
          0.0,
          0.0,
          1.0
        ]
      ]
    },
    {
      "file_path": "/media/NFS/ttao/scannet/posed_images/scene0423_02/00212.jpg",
      "transform_matrix": [
        [
          -0.517279,
          -0.438591,
          0.734888,
          1.337263
        ],
        [
          -0.855415,
          0.291285,
          -0.428274,
          4.23425
        ],
        [
          -0.026225,
          -0.850171,
          -0.525853,
          1.339476
        ],
        [
          0.0,
          0.0,
          0.0,
          1.0
        ]
      ]
    },
    {
      "file_path": "/media/NFS/ttao/scannet/posed_images/scene0423_02/00215.jpg",
      "transform_matrix": [
        [
          -0.541276,
          -0.428313,
          0.72358,
          1.33268
        ],
        [
          -0.84058,
          0.297222,
          -0.452862,
          4.208232
        ],
        [
          -0.021097,
          -0.85335,
          -0.520911,
          1.339057
        ],
        [
          0.0,
          0.0,
          0.0,
          1.0
        ]
      ]
    },
    {
      "file_path": "/media/NFS/ttao/scannet/posed_images/scene0423_02/00217.jpg",
      "transform_matrix": [
        [
          -0.552324,
          -0.423052,
          0.718307,
          1.331011
        ],
        [
          -0.833376,
          0.301454,
          -0.463261,
          4.189982
        ],
        [
          -0.020553,
          -0.85449,
          -0.519061,
          1.335777
        ],
        [
          0.0,
          0.0,
          0.0,
          1.0
        ]
      ]
    },
    {
      "file_path": "/media/NFS/ttao/scannet/posed_images/scene0423_02/00221.jpg",
      "transform_matrix": [
        [
          -0.565674,
          -0.425451,
          0.706403,
          1.335908
        ],
        [
          -0.824487,
          0.307696,
          -0.474915,
          4.143321
        ],
        [
