{
  "frames": [
    {
      "file_path": "/media/NFS/ttao/scannet/posed_images/scene0498_00/00000.jpg",
      "transform_matrix": [
        [
          -0.711616,
          0.278231,
          -0.645128,
          4.123787
        ],
        [
          0.70227,
          0.308462,
          -0.641614,
          2.531877
        ],
        [
          0.02048,
          -0.909637,
          -0.4149,
          1.527488
        ],
        [
          0.0,
          0.0,
          0.0,
          1.0
        ]
      ]
    },
    {
      "file_path": "/media/NFS/ttao/scannet/posed_images/scene0498_00/00004.jpg",
      "transform_matrix": [
        [
          -0.689928,
          0.280959,
          -0.667129,
          4.1178
        ],
        [
          0.722909,
          0.315102,
          -0.61491,
          2.533917
        ],
        [
          0.037449,
          -0.906517,
          -0.420506,
          1.521616
        ],
        [
          0.0,
          0.0,
          0.0,
          1.0
        ]
      ]
    },
    {
      "file_path": "/media/NFS/ttao/scannet/posed_images/scene0498_00/00007.jpg",
      "transform_matrix": [
        [
          -0.684606,
          0.284945,
          -0.670911,
          4.11149
        ],
        [
          0.727958,
          0.314382,
          -0.609295,
          2.536421
        ],
        [
          0.037307,
          -0.905522,
          -0.422655,
          1.51991
        ],
        [
          0.0,
          0.0,
          0.0,
          1.0
        ]
      ]
    },
    {
      "file_path": "/media/NFS/ttao/scannet/posed_images/scene0498_00/00008.jpg",
      "transform_matrix": [
        [
          -0.683109,
          0.285237,
          -0.672311,
          4.109274
        ],
        [
          0.729358,
          0.313587,
          -0.60803,
          2.536971
        ],
        [
          0.037395,
          -0.905706,
          -0.422254,
          1.519176
        ],
        [
          0.0,
          0.0,
          0.0,
          1.0
        ]
      ]
    },
    {
      "file_path": "/media/NFS/ttao/scannet/posed_images/scene0498_00/00012.jpg",
      "transform_matrix": [
        [
          -0.677259,
          0.322614,
          -0.661242,
          4.08205
        ],
        [
          0.734927,
          0.339014,
          -0.587327,
          2.538773
        ],
        [
          0.034691,
          -0.883736,
          -0.466698,
          1.516034
        ],
        [
          0.0,
          0.0,
          0.0,
          1.0
        ]
      ]
    },
    {
      "file_path": "/media/NFS/ttao/scannet/posed_images/scene0498_00/00015.jpg",
      "transform_matrix": [
        [
          -0.695177,
          0.31384,
          -0.646709,
          4.051739
        ],
        [
          0.718381,
          0.335391,
          -0.60946,
          2.550166
        ],
        [
          0.025628,
          -0.888266,
          -0.458613,
          1.50737
        ],
        [
          0.0,
          0.0,
          0.0,
          1.0
        ]
      ]
    },
    {
      "file_path": "/media/NFS/ttao/scannet/posed_images/scene0498_00/00016.jpg",
      "transform_matrix": [
        [
          -0.6983,
          0.31317,
          -0.643663,
          4.041887
        ],
        [
          0.715414,
          0.335048,
          -0.613128,
          2.552421
        ],
        [
          0.023644,
          -0.888632,
          -0.45801,
          1.507568
        ],
        [
          0.0,
          0.0,
          0.0,
          1.0
        ]
      ]
    },
    {
      "file_path": "/media/NFS/ttao/scannet/posed_images/scene0498_00/00019.jpg",
      "transform_matrix": [
        [
          -0.717209,
          0.304273,
          -0.626921,
          4.008697
        ],
        [
          0.696826,
          0.321811,
          -0.640992,
          2.561324
        ],
        [
          0.006713,
          -0.89658,
          -0.442831,
          1.504912
        ],
        [
          0.0,
          0.0,
          0.0,
          1.0
        ]
      ]
    },
    {
      "file_path": "/media/NFS/ttao/scannet/posed_images/scene0498_00/00021.jpg",
      "transform_matrix": [
        [
          -0.73248,
          0.301709,
          -0.610283,
          3.983609
        ],
        [
          0.680644,
          0.343087,
          -0.647315,
          2.563251
        ],
        [
          0.014079,
          -0.88953,
          -0.45666,
          1.508693
        ],
        [
          0.0,
          0.0,
          0.0,
          1.0
        ]
      ]
    },
    {
      "file_path": "/media/NFS/ttao/scannet/posed_images/scene0498_00/00024.jpg",
      "transform_matrix": [
        [
          -0.76052,
          0.290719,
          -0.580597,
          3.946529
        ],
        [
          0.649145,
          0.360887,
          -0.669606,
          2.569205
        ],
        [
          0.014863,
          -0.88614,
          -0.46318,
          1.502361
        ],
        [
          0.0,
          0.0,
          0.0,
          1.0
        ]
      ]
    },
    {
      "file_path": "/media/NFS/ttao/scannet/posed_images/scene0498_00/00026.jpg",
      "transform_matrix": [
        [
          -0.786076,
          0.273916,
          -0.554125,
          3.925969
        ],
        [
          0.617821,
          0.37648,
          -0.690333,
          2.567944
        ],
        [
          0.019523,
          -0.885004,
          -0.465173,
          1.503391
        ],
        [
          0.0,
          0.0,
          0.0,
          1.0
        ]
      ]
    },
    {
      "file_path": "/media/NFS/ttao/scannet/posed_images/scene0498_00/00031.jpg",
      "transform_matrix": [
        [
          -0.862082,
          0.207432,
          -0.462372,
          3.883564
        ],
        [
          0.505794,
          0.408786,
          -0.759649,
          2.56478
        ],
        [
          0.031436,
          -0.888744,
          -0.457324,
          1.505767
        ],
        [
          0.0,
          0.0,
          0.0,
          1.0
        ]
      ]
    },
    {
      "file_path": "/media/NFS/ttao/scannet/posed_images/scene0498_00/00033.jpg",
      "transform_matrix": [
        [
          -0.884074,
          0.178155,
          -0.432059,
          3.870065
        ],
        [
          0.46511,
          0.425757,
          -0.776147,
          2.559286
        ],
        [
          0.045678,
          -0.887126,
          -0.459262,
          1.511008
        ],
        [
          0.0,
          0.0,
          0.0,
          1.0
        ]
      ]
    },
    {
      "file_path": "/media/NFS/ttao/scannet/posed_images/scene0498_00/00035.jpg",
      "transform_matrix": [
        [
          -0.915361,
          0.136432,
          -0.378814,
          3.853468
        ],
        [
          0.399678,
          0.421692,
          -0.8139,
          2.547786
        ],
        [
          0.048701,
          -0.896416,
          -0.440529,
          1.523897
        ],
        [
          0.0,
          0.0,
          0.0,
          1.0
        ]
      ]
    },
    {
      "file_path": "/media/NFS/ttao/scannet/posed_images/scene0498_00/00039.jpg",
      "transform_matrix": [
        [
          -0.945578,
          0.087622,
          -0.313378,
          3.833973
        ],
        [
          0.320462,
          0.417854,
          -0.850119,
          2.524126
        ],
        [
          0.056456,
          -0.904279,
          -0.423192,
          1.537465
        ],
        [
          0.0,
          0.0,
          0.0,
          1.0
        ]
      ]
    },
    {
      "file_path": "/media/NFS/ttao/scannet/posed_images/scene0498_00/00040.jpg",
      "transform_matrix": [
        [
          -0.951695,
          0.080831,
          -0.296215,
          3.823838
        ],
        [
          0.301932,
          0.421684,
          -0.854997,
          2.517912
        ],
        [
          0.055799,
          -0.903133,
          -0.425719,
          1.543334
        ],
        [
          0.0,
          0.0,
          0.0,
          1.0
        ]
      ]
    },
    {
      "file_path": "/media/NFS/ttao/scannet/posed_images/scene0498_00/00044.jpg",
      "transform_matrix": [
        [
          -0.969151,
          0.051852,
          -0.240954,
          3.810242
        ],
        [
          0.240374,
          0.414927,
          -0.877528,
          2.479587
        ],
        [
          0.054476,
          -0.908376,
          -0.414591,
          1.549337
        ],
        [
          0.0,
          0.0,
          0.0,
          1.0
        ]
      ]
    },
    {
      "file_path": "/media/NFS/ttao/scannet/posed_images/scene0498_00/00045.jpg",
      "transform_matrix": [
        [
          -0.972655,
          0.045248,
          -0.227806,
          3.807266
        ],
        [
          0.225516,
          0.418563,
          -0.879743,
          2.468267
        ],
        [
          0.055545,
          -0.90706,
          -0.417321,
          1.548407
        ],
        [
          0.0,
          0.0,
          0.0,
          1.0
        ]
      ]
    },
    {
      "file_path": "/media/NFS/ttao/scannet/posed_images/scene0498_00/00048.jpg",
      "transform_matrix": [
        [
          -0.983998,
          0.022191,
          -0.17679,
          3.802551
        ],
        [
          0.168809,
          0.433605,
          -0.88515,
          2.424741
        ],
        [
          0.057015,
          -0.90083,
          -0.430413,
          1.551547
        ],
        [
          0.0,
          0.0,
          0.0,
          1.0
        ]
      ]
    },
    {
      "file_path": "/media/NFS/ttao/scannet/posed_images/scene0498_00/00051.jpg",
      "transform_matrix": [
        [
          -0.993599,
          -0.018077,
          -0.111509,
          3.797556
        ],
        [
          0.093345,
          0.424565,
          -0.900573,
          2.388089
        ],
        [
          0.063622,
          -0.905217,
          -0.42016,
          1.557707
        ],
        [
          0.0,
          0.0,
          0.0,
          1.0
        ]
      ]
    },
    {
      "file_path": "/media/NFS/ttao/scannet/posed_images/scene0498_00/00053.jpg",
      "transform_matrix": [
        [
          -0.99595,
          -0.047067,
          -0.076614,
          3.798959
        ],
        [
          0.048893,
          0.43161,
          -0.900735,
          2.35784
        ],
        [
          0.075462,
          -0.900832,
          -0.42756,
          1.563346
        ],
        [
          0.0,
          0.0,
          0.0,
          1.0
        ]
      ]
    },
    {
      "file_path": "/media/NFS/ttao/scannet/posed_images/scene0498_00/00056.jpg",
      "transform_matrix": [
        [
          -0.996111,
          -0.088059,
          -0.003021,
          3.795432
        ],
        [
          -0.033792,
          0.413456,
          -0.909897,
          2.315312
        ],
        [
          0.081374,
          -0.906256,
          -0.414824,
          1.576207
        ],
        [
          0.0,
          0.0,
          0.0,
          1.0
        ]
      ]
    },
    {
      "file_path": "/media/NFS/ttao/scannet/posed_images/scene0498_00/00060.jpg",
      "transform_matrix": [
        [
          -0.984671,
          -0.136462,
          0.108631,
          3.771304
        ],
        [
          -0.152962,
          0.376313,
          -0.913778,
          2.269374
        ],
        [
          0.083817,
          -0.916388,
          -0.391418,
          1.591917
        ],
        [
          0.0,
          0.0,
          0.0,
          1.0
        ]
      ]
    },
    {
      "file_path": "/media/NFS/ttao/scannet/posed_images/scene0498_00/00062.jpg",
      "transform_matrix": [
        [
          -0.973441,
          -0.156575,
          0.167021,
          3.762221
        ],
        [
          -0.213671,
          0.359435,
          -0.908378,
          2.250206
        ],
        [
          0.082196,
          -0.91994,
          -0.383345,
          1.593914
        ],
        [
          0.0,
          0.0,
          0.0,
          1.0
        ]
      ]
    },
    {
      "file_path": "/media/NFS/ttao/scannet/posed_images/scene0498_00/00064.jpg",
      "transform_matrix": [
        [
          -0.96129,
          -0.175296,
          0.212585,
          3.759794
        ],
        [
          -0.262564,
          0.348823,
          -0.899657,
          2.228359
        ],
        [
          0.083552,
          -0.920649,
          -0.381346,
          1.599917
        ],
        [
          0.0,
          0.0,
          0.0,
          1.0
        ]
      ]
    },
    {
      "file_path": "/media/NFS/ttao/scannet/posed_images/scene0498_00/00069.jpg",
      "transform_matrix": [
        [
          -0.911476,
          -0.175753,
          0.371918,
          3.729204
        ],
        [
          -0.409301,
          0.29727,
          -0.862614,
          2.177153
        ],
        [
          0.041047,
          -0.938478,
          -0.342891,
          1.6144
        ],
        [
          0.0,
          0.0,
          0.0,
          1.0
        ]
      ]
    },
    {
      "file_path": "/media/NFS/ttao/scannet/posed_images/scene0498_00/00071.jpg",
      "transform_matrix": [
        [
          -0.900284,
          -0.1576,
          0.405773,
          3.763546
        ],
        [
          -0.434537,
          0.27007,
          -0.859209,
          2.19987
        ],
        [
          0.025824,
          -0.949855,
          -0.311623,
          1.559242
        ],
        [
          0.0,
          0.0,
          0.0,
          1.0
        ]
      ]
    },
    {
      "file_path": "/media/NFS/ttao/scannet/posed_images/scene0498_00/00072.jpg",
      "transform_matrix": [
        [
          -0.886627,
          -0.157437,
          0.434863,
          3.760572
        ],
        [
          -0.462147,
          0.26566,
          -0.846076,
          2.189656
        ],
        [
          0.017678,
          -0.951125,
          -0.308301,
          1.560091
        ],
        [
          0.0,
          0.0,
          0.0,
          1.0
        ]
      ]
    },
    {
      "file_path": "/media/NFS/ttao/scannet/posed_images/scene0498_00/00076.jpg",
      "transform_matrix": [
        [
          -0.830595,
          -0.178779,
          0.527399,
          3.740491
        ],
        [
          -0.556712,
          0.243523,
          -0.79421,
          2.150001
        ],
        [
          0.013554,
          -0.953276,
          -0.301797,
          1.54524
        ],
        [
          0.0,
          0.0,
          0.0,
          1.0
        ]
      ]
    },
    {
      "file_path": "/media/NFS/ttao/scannet/posed_images/scene0498_00/00079.jpg",
      "transform_matrix": [
        [
          -0.784206,
          -0.204579,
          0.585806,
          3.725886
        ],
        [
          -0.620069,
          0.223137,
          -0.752147,
          2.117965
        ],
        [
          0.023158,
          -0.953078,
          -0.301838,
          1.547091
        ],
        [
          0.0,
          0.0,
          0.0,
          1.0
        ]
      ]
    },
    {
      "file_path": "/media/NFS/ttao/scannet/posed_images/scene0498_00/00082.jpg",
      "transform_matrix": [
        [
          -0.747528,
          -0.227941,
          0.623895,
          3.719798
        ],
        [
          -0.662943,
          0.197569,
          -0.722131,
          2.104424
        ],
        [
          0.041341,
          -0.95342,
          -0.298801,
          1.547676
        ],
        [
          0.0,
          0.0,
          0.0,
          1.0
        ]
      ]
    },
    {
      "file_path": "/media/NFS/ttao/scannet/posed_images/scene0498_00/00083.jpg",
      "transform_matrix": [
        [
          -0.73139,
          -0.231535,
          0.641452,
          3.712496
        ],
        [
          -0.680724,
          0.191279,
          -0.707126,
          2.097322
        ],
        [
          0.041028,
          -0.953837,
          -0.29751,
          1.545607
        ],
        [
          0.0,
          0.0,
          0.0,
          1.0
        ]
      ]
    },
    {
      "file_path": "/media/NFS/ttao/scannet/posed_images/scene0498_00/00086.jpg",
      "transform_matrix": [
        [
          -0.682432,
          -0.247331,
          0.687833,
          3.698972
        ],
        [
          -0.730009,
          0.182909,
          -0.658506,
          2.07403
        ],
        [
          0.037059,
          -0.95151,
          -0.305377,
          1.549255
        ],
        [
          0.0,
          0.0,
          0.0,
          1.0
        ]
      ]
    },
    {
      "file_path": "/media/NFS/ttao/scannet/posed_images/scene0498_00/00090.jpg",
      "transform_matrix": [
        [
          -0.621711,
          -0.25257,
          0.741407,
          3.6831
        ],
        [
          -0.782784,
          0.167811,
          -0.599241,
          2.046201
        ],
        [
          0.026934,
          -0.952916,
          -0.302038,
          1.551063
        ],
        [
          0.0,
          0.0,
          0.0,
          1.0
        ]
      ]
    },
    {
      "file_path": "/media/NFS/ttao/scannet/posed_images/scene0498_00/00093.jpg",
      "transform_matrix": [
        [
          -0.569328,
          -0.266461,
          0.77773,
          3.681157
        ],
        [
          -0.821918,
          0.163997,
          -0.545487,
          2.018082
        ],
        [
          0.017806,
          -0.949791,
          -0.312377,
          1.549196
        ],
        [
          0.0,
          0.0,
          0.0,
          1.0
        ]
      ]
    },
    {
      "file_path": "/media/NFS/ttao/scannet/posed_images/scene0498_00/00094.jpg",
      "transform_matrix": [
        [
          -0.552841,
          -0.272471,
          0.787482,
          3.680979
        ],
        [
          -0.833112,
          0.161359,
          -0.529044,
          2.01023
        ],
        [
          0.017082,
          -0.948537,
          -0.316204,
          1.547839
        ],
        [
          0.0,
          0.0,
          0.0,
          1.0
        ]
      ]
    },
    {
      "file_path": "/media/NFS/ttao/scannet/posed_images/scene0498_00/00098.jpg",
      "transform_matrix": [
        [
          -0.489692,
          -0.286874,
          0.82335,
          3.701895
        ],
        [
          -0.871837,
          0.15015,
          -0.466214,
          1.969518
        ],
        [
          0.010118,
          -0.946128,
          -0.323635,
          1.537527
        ],
        [
          0.0,
          0.0,
          0.0,
          1.0
        ]
      ]
    },
    {
      "file_path": "/media/NFS/ttao/scannet/posed_images/scene0498_00/00100.jpg",
      "transform_matrix": [
        [
          -0.466635,
          -0.285992,
          0.836935,
          3.721324
        ],
        [
          -0.884416,
          0.142579,
          -0.444387,
          1.953555
        ],
        [
          0.007761,
          -0.947565,
          -0.319468,
          1.542911
        ],
        [
          0.0,
          0.0,
          0.0,
          1.0
        ]
      ]
    },
    {
      "file_path": "/media/NFS/ttao/scannet/posed_images/scene0498_00/00103.jpg",
      "transform_matrix": [
        [
          -0.442305,
          -0.288906,
          0.849058,
          3.755777
        ],
        [
          -0.896642,
          0.121339,
          -0.425806,
          1.915997
        ],
        [
          0.019994,
          -0.949637,
          -0.312714,
          1.541924
        ],
        [
          0.0,
          0.0,
          0.0,
          1.0
        ]
      ]
    },
    {
      "file_path": "/media/NFS/ttao/scannet/posed_images/scene0498_00/00105.jpg",
      "transform_matrix": [
        [
          -0.428081,
          -0.277531,
          0.860072,
          3.781198
        ],
        [
          -0.90343,
          0.106449,
          -0.415312,
          1.889859
        ],
        [
          0.023708,
          -0.954801,
          -0.296299,
          1.537179
        ],
        [
          0.0,
          0.0,
          0.0,
          1.0
        ]
      ]
    },
    {
      "file_path": "/media/NFS/ttao/scannet/posed_images/scene0498_00/00109.jpg",
      "transform_matrix": [
        [
          -0.402064,
          -0.233536,
          0.885328,
          3.838887
        ],
        [
          -0.915429,
          0.083219,
          -0.393782,
          1.834493
        ],
        [
          0.018286,
          -0.968781,
          -0.247245,
          1.550807
        ],
        [
          0.0,
          0.0,
          0.0,
          1.0
        ]
      ]
    },
    {
      "file_path": "/media/NFS/ttao/scannet/posed_images/scene0498_00/00112.jpg",
      "transform_matrix": [
        [
          -0.385588,
          -0.218822,
          0.896348,
          3.881902
        ],
        [
          -0.922549,
          0.075598,
          -0.378403,
          1.798757
        ],
        [
          0.01504,
          -0.972832,
          -0.231023,
          1.566455
        ],
        [
          0.0,
          0.0,
          0.0,
          1.0
        ]
      ]
    },
    {
      "file_path": "/media/NFS/ttao/scannet/posed_images/scene0498_00/00113.jpg",
      "transform_matrix": [
        [
          -0.382585,
          -0.217084,
          0.898056,
          3.895978
        ],
        [
          -0.923784,
          0.073132,
          -0.375867,
          1.785641
        ],
        [
          0.015918,
          -0.97341,
          -0.228518,
          1.568942
        ],
        [
          0.0,
          0.0,
          0.0,
          1.0
        ]
      ]
    },
    {
      "file_path": "/media/NFS/ttao/scannet/posed_images/scene0498_00/00116.jpg",
      "transform_matrix": [
        [
          -0.359376,
          -0.214024,
          0.908319,
          3.9321
        ],
        [
          -0.932681,
          0.050131,
          -0.357203,
          1.751454
        ],
        [
          0.030915,
          -0.975541,
          -0.217632,
          1.573744
        ],
        [
          0.0,
          0.0,
          0.0,
          1.0
        ]
      ]
    },
    {
      "file_path": "/media/NFS/ttao/scannet/posed_images/scene0498_00/00120.jpg",
      "transform_matrix": [
        [
          -0.324906,
          -0.231418,
          0.916996,
          3.969987
        ],
        [
          -0.944791,
          0.035858,
          -0.325705,
          1.706931
        ],
        [
          0.042492,
          -0.972193,
          -0.230292,
          1.580611
        ],
        [
          0.0,
          0.0,
          0.0,
          1.0
        ]
      ]
    },
    {
      "file_path": "/media/NFS/ttao/scannet/posed_images/scene0498_00/00121.jpg",
      "transform_matrix": [
        [
          -0.317848,
          -0.230978,
          0.919577,
          3.976663
        ],
        [
          -0.947186,
          0.033817,
          -0.318897,
          1.694069
        ],
        [
          0.042561,
          -0.972371,
          -0.229528,
          1.58373
        ],
        [
          0.0,
          0.0,
          0.0,
          1.0
        ]
      ]
    },
    {
      "file_path": "/media/NFS/ttao/scannet/posed_images/scene0498_00/00125.jpg",
      "transform_matrix": [
        [
          -0.273444,
          -0.217122,
          0.937063,
          3.989785
        ],
        [
          -0.960859,
          0.016612,
          -0.276539,
          1.645004
        ],
        [
          0.044476,
          -0.976003,
          -0.213166,
          1.600018
        ],
        [
          0.0,
          0.0,
          0.0,
          1.0
        ]
      ]
    },
    {
      "file_path": "/media/NFS/ttao/scannet/posed_images/scene0498_00/00126.jpg",
      "transform_matrix": [
        [
          -0.262619,
          -0.214467,
          0.940763,
          3.989625
        ],
        [
          -0.963734,
          0.010377,
          -0.266666,
          1.631678
        ],
        [
          0.047429,
          -0.976676,
          -0.209414,
          1.603844
        ],
        [
          0.0,
          0.0,
          0.0,
          1.0
        ]
      ]
    },
    {
      "file_path": "/media/NFS/ttao/scannet/posed_images/scene0498_00/00130.jpg",
      "transform_matrix": [
        [
          -0.205077,
          -0.185398,
          0.961026,
          3.974314
        ],
        [
          -0.976541,
          -0.027108,
          -0.213618,
          1.573326
        ],
        [
          0.065656,
          -0.982289,
          -0.17549,
          1.612714
        ],
        [
          0.0,
          0.0,
          0.0,
          1.0
        ]
      ]
    },
    {
      "file_path": "/media/NFS/ttao/scannet/posed_images/scene0498_00/00131.jpg",
      "transform_matrix": [
        [
          -0.1895,
          -0.184469,
          0.964397,
          3.968636
        ],
        [
          -0.979181,
          -0.037277,
          -0.199535,
          1.556315
        ],
        [
          0.072758,
          -0.982131,
          -0.173565,
          1.616883
        ],
        [
          0.0,
          0.0,
          0.0,
          1.0
        ]
      ]
    },
    {
      "file_path": "/media/NFS/ttao/scannet/posed_images/scene0498_00/00134.jpg",
      "transform_matrix": [
        [
          -0.131704,
          -0.181464,
          0.974538,
          3.942675
        ],
        [
          -0.985181,
          -0.085004,
          -0.14897,
          1.482252
        ],
        [
          0.109872,
          -0.979717,
          -0.16758,
          1.634049
        ],
        [
          0.0,
          0.0,
          0.0,
          1.0
        ]
      ]
    },
    {
      "file_path": "/media/NFS/ttao/scannet/posed_images/scene0498_00/00137.jpg",
      "transform_matrix": [
        [
          -0.104849,
          -0.199027,
          0.974369,
          3.927981
        ],
        [
          -0.985922,
          -0.107517,
          -0.128054,
          1.427089
        ],
        [
          0.130248,
          -0.974078,
          -0.184952,
          1.654149
        ],
        [
          0.0,
          0.0,
          0.0,
          1.0
        ]
      ]
    },
    {
      "file_path": "/media/NFS/ttao/scannet/posed_images/scene0498_00/00141.jpg",
      "transform_matrix": [
        [
          -0.112021,
          -0.169968,
          0.979062,
          3.906048
        ],
        [
          -0.981698,
          -0.133778,
          -0.135547,
          1.366876
        ],
        [
          0.154016,
          -0.976327,
          -0.151871,
          1.680174
        ],
        [
          0.0,
          0.0,
          0.0,
          1.0
        ]
      ]
    },
    {
      "file_path": "/media/NFS/ttao/scannet/posed_images/scene0498_00/00142.jpg",
      "transform_matrix": [
        [
          -0.11076,
          -0.162497,
          0.980473,
          3.901964
        ],
        [
          -0.982207,
          -0.132649,
          -0.132941,
          1.3537
        ],
        [
          0.151661,
          -0.977752,
          -0.144914,
          1.688056
        ],
        [
          0.0,
          0.0,
          0.0,
          1.0
        ]
      ]
    },
    {
      "file_path": "/media/NFS/ttao/scannet/posed_images/scene0498_00/00147.jpg",
      "transform_matrix": [
        [
          -0.118643,
          -0.11589,
          0.986151,
          3.880611
        ],
        [
          -0.982495,
          -0.129952,
          -0.133475,
          1.310549
        ],
        [
          0.143621,
          -0.984724,
          -0.098444,
          1.709107
        ],
        [
          0.0,
          0.0,
          0.0,
          1.0
        ]
      ]
    },
    {
      "file_path": "/media/NFS/ttao/scannet/posed_images/scene0498_00/00149.jpg",
      "transform_matrix": [
        [
          -0.121499,
          -0.100823,
          0.987458,
          3.872887
        ],
        [
          -0.983704,
          -0.120596,
          -0.133351,
          1.298536
        ],
        [
          0.132528,
          -0.987568,
          -0.084528,
          1.710677
        ],
        [
          0.0,
          0.0,
          0.0,
          1.0
        ]
      ]
    },
    {
      "file_path": "/media/NFS/ttao/scannet/posed_images/scene0498_00/00150.jpg",
      "transform_matrix": [
        [
          -0.125492,
          -0.099788,
          0.987063,
          3.870719
        ],
        [
          -0.981848,
          -0.130135,
          -0.137985,
          1.301999
        ],
        [
          0.142221,
          -0.986462,
          -0.081645,
          1.705524
        ],
        [
          0.0,
          0.0,
          0.0,
          1.0
        ]
      ]
    },
    {
      "file_path": "/media/NFS/ttao/scannet/posed_images/scene0498_00/00153.jpg",
      "transform_matrix": [
        [
          -0.126663,
          -0.111226,
          0.98569,
          3.86575
        ],
        [
          -0.983997,
          -0.111458,
          -0.139022,
          1.296128
        ],
        [
          0.125326,
          -0.987525,
          -0.095329,
          1.693676
        ],
        [
          0.0,
          0.0,
          0.0,
          1.0
        ]
      ]
    },
    {
      "file_path": "/media/NFS/ttao/scannet/posed_images/scene0498_00/00156.jpg",
      "transform_matrix": [
        [
          -0.104549,
          -0.144141,
          0.984018,
          3.866142
        ],
        [
          -0.987988,
          -0.09816,
          -0.11935,
          1.298389
        ],
        [
          0.113795,
          -0.984676,
          -0.132147,
          1.679918
        ],
        [
          0.0,
          0.0,
          0.0,
          1.0
        ]
      ]
    },
    {
      "file_path": "/media/NFS/ttao/scannet/posed_images/scene0498_00/00158.jpg",
      "transform_matrix": [
        [
          -0.077318,
          -0.159588,
          0.984151,
          3.867464
        ],
        [
          -0.991185,
          -0.094209,
          -0.093147,
          1.30371
        ],
        [
          0.107581,
          -0.982678,
          -0.150898,
          1.669322
        ],
        [
          0.0,
          0.0,
          0.0,
          1.0
        ]
      ]
    },
    {
      "file_path": "/media/NFS/ttao/scannet/posed_images/scene0498_00/00163.jpg",
      "transform_matrix": [
        [
          0.00977,
          -0.217225,
          0.976072,
          3.875673
        ],
        [
          -0.996289,
          -0.085597,
          -0.009077,
          1.334486
        ],
        [
          0.08552,
          -0.972361,
          -0.217255,
          1.640377
        ],
        [
          0.0,
          0.0,
          0.0,
          1.0
        ]
      ]
    },
    {
      "file_path": "/media/NFS/ttao/scannet/posed_images/scene0498_00/00164.jpg",
      "transform_matrix": [
        [
          0.029398,
          -0.22352,
          0.974256,
          3.877443
        ],
        [
          -0.996371,
          -0.084437,
          0.010694,
          1.340258
        ],
        [
          0.079873,
          -0.971035,
          -0.225192,
          1.635356
        ],
        [
          0.0,
          0.0,
          0.0,
          1.0
        ]
      ]
    },
    {
      "file_path": "/media/NFS/ttao/scannet/posed_images/scene0498_00/00166.jpg",
      "transform_matrix": [
        [
          0.071643,
          -0.229108,
          0.970761,
          3.8796
        ],
        [
          -0.994615,
          -0.089486,
          0.052284,
          1.351896
        ],
        [
          0.07489,
          -0.969279,
          -0.234285,
          1.625975
        ],
        [
          0.0,
          0.0,
          0.0,
          1.0
        ]
      ]
    },
    {
      "file_path": "/media/NFS/ttao/scannet/posed_images/scene0498_00/00169.jpg",
      "transform_matrix": [
        [
          0.129573,
          -0.239837,
          0.962127,
          3.882803
        ],
        [
          -0.988397,
          -0.108798,
          0.10599,
          1.375236
        ],
        [
          0.079257,
          -0.964698,
          -0.251151,
          1.615918
        ],
        [
          0.0,
          0.0,
          0.0,
          1.0
        ]
      ]
    },
    {
      "file_path": "/media/NFS/ttao/scannet/posed_images/scene0498_00/00174.jpg",
      "transform_matrix": [
        [
          0.242798,
          -0.247629,
          0.937938,
          3.88807
        ],
        [
          -0.966548,
          -0.144151,
          0.212146,
          1.412228
        ],
        [
          0.082671,
          -0.958071,
          -0.274345,
          1.625516
        ],
        [
          0.0,
          0.0,
          0.0,
          1.0
        ]
      ]
    },
    {
      "file_path": "/media/NFS/ttao/scannet/posed_images/scene0498_00/00175.jpg",
      "transform_matrix": [
        [
          0.267272,
          -0.244559,
          0.932071,
          3.889349
        ],
        [
          -0.959789,
          -0.15374,
          0.234881,
          1.419418
        ],
        [
          0.085854,
          -0.957369,
          -0.275816,
          1.627162
        ],
        [
          0.0,
          0.0,
          0.0,
          1.0
        ]
      ]
    },
    {
      "file_path": "/media/NFS/ttao/scannet/posed_images/scene0498_00/00179.jpg",
      "transform_matrix": [
        [
          0.361995,
          -0.226437,
          0.90426,
          3.89023
        ],
        [
          -0.9262,
          -0.197071,
          0.321429,
          1.453225
        ],
        [
          0.10542,
          -0.953881,
          -0.281064,
          1.635962
        ],
        [
          0.0,
          0.0,
          0.0,
          1.0
        ]
      ]
    },
    {
      "file_path": "/media/NFS/ttao/scannet/posed_images/scene0498_00/00180.jpg",
      "transform_matrix": [
        [
          0.370756,
          -0.223807,
          0.90136,
          3.885256
        ],
        [
          -0.923051,
          -0.195966,
          0.33102,
          1.479972
        ],
        [
          0.102552,
          -0.954729,
          -0.279241,
          1.633844
        ],
        [
          0.0,
          0.0,
          0.0,
          1.0
        ]
      ]
    },
    {
      "file_path": "/media/NFS/ttao/scannet/posed_images/scene0498_00/00183.jpg",
      "transform_matrix": [
        [
          0.420118,
          -0.222012,
          0.879893,
          3.885329
        ],
        [
          -0.90154,
          -0.212769,
          0.376769,
          1.507111
        ],
        [
          0.103567,
          -0.951546,
          -0.289541,
          1.628213
        ],
        [
          0.0,
          0.0,
          0.0,
          1.0
        ]
      ]
    },
    {
      "file_path": "/media/NFS/ttao/scannet/posed_images/scene0498_00/00187.jpg",
      "transform_matrix": [
        [
          0.46914,
          -0.235635,
          0.851108,
          3.89057
        ],
        [
          -0.878326,
          -0.224819,
          0.421901,
          1.546212
        ],
        [
          0.091931,
          -0.94548,
          -0.312435,
          1.608986
        ],
        [
          0.0,
          0.0,
          0.0,
          1.0
        ]
      ]
    },
    {
      "file_path": "/media/NFS/ttao/scannet/posed_images/scene0498_00/00188.jpg",
      "transform_matrix": [
        [
          0.479848,
          -0.239837,
          0.843934,
          3.89275
        ],
        [
          -0.872755,
          -0.228826,
          0.431205,
          1.55556
        ],
        [
          0.089695,
          -0.94346,
          -0.319121,
          1.602069
        ],
        [
          0.0,
          0.0,
          0.0,
          1.0
        ]
      ]
    },
    {
      "file_path": "/media/NFS/ttao/scannet/posed_images/scene0498_00/00192.jpg",
      "transform_matrix": [
        [
          0.513843,
          -0.269516,
          0.814449,
          3.898052
        ],
        [
          -0.852661,
          -0.265061,
          0.450237,
          1.621184
        ],
        [
          0.094532,
          -0.925799,
          -0.366005,
          1.570796
        ],
        [
          0.0,
          0.0,
          0.0,
          1.0
        ]
      ]
    },
    {
      "file_path": "/media/NFS/ttao/scannet/posed_images/scene0498_00/00195.jpg",
      "transform_matrix": [
        [
          0.533549,
          -0.290117,
          0.794455,
          3.904251
        ],
        [
          -0.840438,
          -0.287168,
          0.459563,
          1.667977
        ],
        [
          0.094815,
          -0.912889,
          -0.397044,
          1.552828
        ],
        [
          0.0,
          0.0,
          0.0,
          1.0
        ]
      ]
    },
    {
      "file_path": "/media/NFS/ttao/scannet/posed_images/scene0498_00/00196.jpg",
      "transform_matrix": [
        [
          0.538782,
          -0.298717,
          0.787707,
          3.905857
        ],
        [
          -0.837062,
          -0.295359,
          0.460534,
          1.68557
        ],
        [
          0.095087,
          -0.907486,
          -0.409178,
          1.547134
        ],
        [
          0.0,
          0.0,
          0.0,
          1.0
        ]
      ]
    },
    {
      "file_path": "/media/NFS/ttao/scannet/posed_images/scene0498_00/00200.jpg",
      "transform_matrix": [
        [
          0.572605,
          -0.323634,
          0.75325,
          3.911833
        ],
        [
          -0.814514,
          -0.329047,
          0.477802,
          1.756354
        ],
        [
          0.093222,
          -0.887124,
          -0.452018,
          1.527787
        ],
        [
          0.0,
          0.0,
          0.0,
          1.0
        ]
      ]
    },
    {
      "file_path": "/media/NFS/ttao/scannet/posed_images/scene0498_00/00203.jpg",
      "transform_matrix": [
        [
          0.589439,
          -0.332903,
          0.736028,
          3.910375
        ],
        [
          -0.801486,
          -0.354821,
          0.481376,
          1.810976
        ],
        [
          0.100907,
          -0.873658,
          -0.475962,
          1.51029
        ],
        [
          0.0,
          0.0,
          0.0,
          1.0
        ]
      ]
    },
    {
      "file_path": "/media/NFS/ttao/scannet/posed_images/scene0498_00/00206.jpg",
      "transform_matrix": [
        [
          0.603248,
          -0.346583,
          0.718312,
          3.913554
        ],
        [
          -0.791498,
          -0.370926,
          0.485741,
          1.878327
        ],
        [
          0.098091,
          -0.861565,
          -0.49808,
          1.503481
        ],
        [
          0.0,
          0.0,
          0.0,
          1.0
        ]
      ]
    },
    {
      "file_path": "/media/NFS/ttao/scannet/posed_images/scene0498_00/00208.jpg",
      "transform_matrix": [
        [
          0.612897,
          -0.342776,
          0.711942,
          3.912312
        ],
        [
          -0.785337,
          -0.363687,
          0.500978,
          1.907971
        ],
        [
          0.087201,
          -0.866162,
