{
  "frames": [
    {
      "file_path": "/media/NFS/ttao/scannet/posed_images/scene0383_02/00003.jpg",
      "transform_matrix": [
        [
          0.299806,
          0.536402,
          -0.788917,
          4.737868
        ],
        [
          0.953353,
          -0.137988,
          0.268474,
          1.230682
        ],
        [
          0.035149,
          -0.832606,
          -0.55275,
          1.432065
        ],
        [
          0.0,
          0.0,
          0.0,
          1.0
        ]
      ]
    },
    {
      "file_path": "/media/NFS/ttao/scannet/posed_images/scene0383_02/00007.jpg",
      "transform_matrix": [
        [
          0.306152,
          0.533918,
          -0.788164,
          4.739231
        ],
        [
          0.951524,
          -0.145935,
          0.270749,
          1.231222
        ],
        [
          0.029537,
          -0.832847,
          -0.552714,
          1.432526
        ],
        [
          0.0,
          0.0,
          0.0,
          1.0
        ]
      ]
    },
    {
      "file_path": "/media/NFS/ttao/scannet/posed_images/scene0383_02/00011.jpg",
      "transform_matrix": [
        [
          0.308523,
          0.535214,
          -0.786359,
          4.738917
        ],
        [
          0.950825,
          -0.149784,
          0.271104,
          1.229213
        ],
        [
          0.027314,
          -0.831331,
          -0.555106,
          1.430907
        ],
        [
          0.0,
          0.0,
          0.0,
          1.0
        ]
      ]
    },
    {
      "file_path": "/media/NFS/ttao/scannet/posed_images/scene0383_02/00015.jpg",
      "transform_matrix": [
        [
          0.304773,
          0.533997,
          -0.788645,
          4.736632
        ],
        [
          0.952043,
          -0.147359,
          0.26814,
          1.226961
        ],
        [
          0.026972,
          -0.832546,
          -0.5533,
          1.435183
        ],
        [
          0.0,
          0.0,
          0.0,
          1.0
        ]
      ]
    },
    {
      "file_path": "/media/NFS/ttao/scannet/posed_images/scene0383_02/00021.jpg",
      "transform_matrix": [
        [
          0.300887,
          0.509951,
          -0.805864,
          4.733652
        ],
        [
          0.953014,
          -0.129687,
          0.273763,
          1.222452
        ],
        [
          0.035095,
          -0.850371,
          -0.525011,
          1.449219
        ],
        [
          0.0,
          0.0,
          0.0,
          1.0
        ]
      ]
    },
    {
      "file_path": "/media/NFS/ttao/scannet/posed_images/scene0383_02/00029.jpg",
      "transform_matrix": [
        [
          0.27836,
          0.453037,
          -0.84692,
          4.724505
        ],
        [
          0.960038,
          -0.104574,
          0.2596,
          1.215643
        ],
        [
          0.029043,
          -0.885337,
          -0.464042,
          1.484589
        ],
        [
          0.0,
          0.0,
          0.0,
          1.0
        ]
      ]
    },
    {
      "file_path": "/media/NFS/ttao/scannet/posed_images/scene0383_02/00031.jpg",
      "transform_matrix": [
        [
          0.265871,
          0.439079,
          -0.858209,
          4.730187
        ],
        [
          0.963528,
          -0.092926,
          0.250956,
          1.211137
        ],
        [
          0.03044,
          -0.89363,
          -0.447771,
          1.489825
        ],
        [
          0.0,
          0.0,
          0.0,
          1.0
        ]
      ]
    },
    {
      "file_path": "/media/NFS/ttao/scannet/posed_images/scene0383_02/00039.jpg",
      "transform_matrix": [
        [
          0.235417,
          0.37344,
          -0.897285,
          4.729788
        ],
        [
          0.971541,
          -0.065504,
          0.227637,
          1.208643
        ],
        [
          0.026233,
          -0.925339,
          -0.378233,
          1.519933
        ],
        [
          0.0,
          0.0,
          0.0,
          1.0
        ]
      ]
    },
    {
      "file_path": "/media/NFS/ttao/scannet/posed_images/scene0383_02/00046.jpg",
      "transform_matrix": [
        [
          0.206654,
          0.329787,
          -0.921159,
          4.730126
        ],
        [
          0.978071,
          -0.044682,
          0.203425,
          1.215344
        ],
        [
          0.025927,
          -0.942997,
          -0.331789,
          1.547705
        ],
        [
          0.0,
          0.0,
          0.0,
          1.0
        ]
      ]
    },
    {
      "file_path": "/media/NFS/ttao/scannet/posed_images/scene0383_02/00049.jpg",
      "transform_matrix": [
        [
          0.196632,
          0.310531,
          -0.930003,
          4.728714
        ],
        [
          0.979884,
          -0.029229,
          0.197419,
          1.219876
        ],
        [
          0.034122,
          -0.950114,
          -0.310031,
          1.555752
        ],
        [
          0.0,
          0.0,
          0.0,
          1.0
        ]
      ]
    },
    {
      "file_path": "/media/NFS/ttao/scannet/posed_images/scene0383_02/00057.jpg",
      "transform_matrix": [
        [
          0.174205,
          0.256129,
          -0.950816,
          4.731279
        ],
        [
          0.983772,
          -0.003135,
          0.179398,
          1.238341
        ],
        [
          0.042968,
          -0.966637,
          -0.252519,
          1.578415
        ],
        [
          0.0,
          0.0,
          0.0,
          1.0
        ]
      ]
    },
    {
      "file_path": "/media/NFS/ttao/scannet/posed_images/scene0383_02/00060.jpg",
      "transform_matrix": [
        [
          0.174398,
          0.247765,
          -0.952994,
          4.725547
        ],
        [
          0.983564,
          0.002131,
          0.180546,
          1.241191
        ],
        [
          0.046764,
          -0.968818,
          -0.243322,
          1.583046
        ],
        [
          0.0,
          0.0,
          0.0,
          1.0
        ]
      ]
    },
    {
      "file_path": "/media/NFS/ttao/scannet/posed_images/scene0383_02/00063.jpg",
      "transform_matrix": [
        [
          0.170305,
          0.237,
          -0.956466,
          4.721081
        ],
        [
          0.984429,
          0.00198,
          0.175774,
          1.253047
        ],
        [
          0.043552,
          -0.971508,
          -0.232972,
          1.591646
        ],
        [
          0.0,
          0.0,
          0.0,
          1.0
        ]
      ]
    },
    {
      "file_path": "/media/NFS/ttao/scannet/posed_images/scene0383_02/00073.jpg",
      "transform_matrix": [
        [
          0.19036,
          0.177505,
          -0.965533,
          4.676131
        ],
        [
          0.979186,
          0.036214,
          0.199709,
          1.273456
        ],
        [
          0.070416,
          -0.983453,
          -0.166917,
          1.625066
        ],
        [
          0.0,
          0.0,
          0.0,
          1.0
        ]
      ]
    },
    {
      "file_path": "/media/NFS/ttao/scannet/posed_images/scene0383_02/00078.jpg",
      "transform_matrix": [
        [
          0.19633,
          0.155222,
          -0.968174,
          4.642937
        ],
        [
          0.977919,
          0.041121,
          0.204899,
          1.288097
        ],
        [
          0.071617,
          -0.987023,
          -0.143722,
          1.64533
        ],
        [
          0.0,
          0.0,
          0.0,
          1.0
        ]
      ]
    },
    {
      "file_path": "/media/NFS/ttao/scannet/posed_images/scene0383_02/00085.jpg",
      "transform_matrix": [
        [
          0.195644,
          0.094982,
          -0.976064,
          4.591848
        ],
        [
          0.977717,
          0.058356,
          0.201654,
          1.290024
        ],
        [
          0.076113,
          -0.993767,
          -0.081449,
          1.667567
        ],
        [
          0.0,
          0.0,
          0.0,
          1.0
        ]
      ]
    },
    {
      "file_path": "/media/NFS/ttao/scannet/posed_images/scene0383_02/00086.jpg",
      "transform_matrix": [
        [
          0.19529,
          0.08727,
          -0.976855,
          4.584022
        ],
        [
          0.977875,
          0.058828,
          0.20075,
          1.288895
        ],
        [
          0.074986,
          -0.994446,
          -0.073851,
          1.674807
        ],
        [
          0.0,
          0.0,
          0.0,
          1.0
        ]
      ]
    },
    {
      "file_path": "/media/NFS/ttao/scannet/posed_images/scene0383_02/00093.jpg",
      "transform_matrix": [
        [
          0.163173,
          0.035541,
          -0.985957,
          4.55771
        ],
        [
          0.984202,
          0.063742,
          0.16518,
          1.29856
        ],
        [
          0.068718,
          -0.997333,
          -0.024579,
          1.686273
        ],
        [
          0.0,
          0.0,
          0.0,
          1.0
        ]
      ]
    },
    {
      "file_path": "/media/NFS/ttao/scannet/posed_images/scene0383_02/00101.jpg",
      "transform_matrix": [
        [
          0.105754,
          0.033064,
          -0.993842,
          4.549396
        ],
        [
          0.992371,
          0.06019,
          0.107599,
          1.29639
        ],
        [
          0.063377,
          -0.997639,
          -0.026447,
          1.693677
        ],
        [
          0.0,
          0.0,
          0.0,
          1.0
        ]
      ]
    },
    {
      "file_path": "/media/NFS/ttao/scannet/posed_images/scene0383_02/00103.jpg",
      "transform_matrix": [
        [
          0.083507,
          0.026039,
          -0.996167,
          4.561414
        ],
        [
          0.994376,
          0.063171,
          0.085008,
          1.3062
        ],
        [
          0.065143,
          -0.997663,
          -0.020618,
          1.689228
        ],
        [
          0.0,
          0.0,
          0.0,
          1.0
        ]
      ]
    },
    {
      "file_path": "/media/NFS/ttao/scannet/posed_images/scene0383_02/00109.jpg",
      "transform_matrix": [
        [
          -0.002796,
          0.049536,
          -0.998768,
          4.584445
        ],
        [
          0.997322,
          0.07314,
          0.000836,
          1.314213
        ],
        [
          0.073091,
          -0.996091,
          -0.049608,
          1.692281
        ],
        [
          0.0,
          0.0,
          0.0,
          1.0
        ]
      ]
    },
    {
      "file_path": "/media/NFS/ttao/scannet/posed_images/scene0383_02/00114.jpg",
      "transform_matrix": [
        [
          -0.106499,
          0.080355,
          -0.99106,
          4.626063
        ],
        [
          0.990207,
          0.099054,
          -0.098376,
          1.359721
        ],
        [
          0.090264,
          -0.991832,
          -0.090117,
          1.688358
        ],
        [
          0.0,
          0.0,
          0.0,
          1.0
        ]
      ]
    },
    {
      "file_path": "/media/NFS/ttao/scannet/posed_images/scene0383_02/00122.jpg",
      "transform_matrix": [
        [
          -0.228089,
          0.106581,
          -0.967789,
          4.681613
        ],
        [
          0.968712,
          0.124727,
          -0.214571,
          1.39156
        ],
        [
          0.09784,
          -0.98645,
          -0.131695,
          1.646443
        ],
        [
          0.0,
          0.0,
          0.0,
          1.0
        ]
      ]
    },
    {
      "file_path": "/media/NFS/ttao/scannet/posed_images/scene0383_02/00124.jpg",
      "transform_matrix": [
        [
          -0.251267,
          0.111601,
          -0.961462,
          4.695921
        ],
        [
          0.96306,
          0.128217,
          -0.236802,
          1.397182
        ],
        [
          0.096849,
          -0.985447,
          -0.139695,
          1.638339
        ],
        [
          0.0,
          0.0,
          0.0,
          1.0
        ]
      ]
    },
    {
      "file_path": "/media/NFS/ttao/scannet/posed_images/scene0383_02/00129.jpg",
      "transform_matrix": [
        [
          -0.30893,
          0.139149,
          -0.940851,
          4.726841
        ],
        [
          0.947184,
          0.134514,
          -0.291116,
          1.406294
        ],
        [
          0.086049,
          -0.981093,
          -0.173355,
          1.616061
        ],
        [
          0.0,
          0.0,
          0.0,
          1.0
        ]
      ]
    },
    {
      "file_path": "/media/NFS/ttao/scannet/posed_images/scene0383_02/00138.jpg",
      "transform_matrix": [
        [
          -0.408989,
          0.213979,
          -0.887097,
          4.735993
        ],
        [
          0.910681,
          0.157708,
          -0.381821,
          1.423417
        ],
        [
          0.058201,
          -0.964023,
          -0.259367,
          1.56462
        ],
        [
          0.0,
          0.0,
          0.0,
          1.0
        ]
      ]
    },
    {
      "file_path": "/media/NFS/ttao/scannet/posed_images/scene0383_02/00140.jpg",
      "transform_matrix": [
        [
          -0.425516,
          0.219633,
          -0.877893,
          4.744864
        ],
        [
          0.90216,
          0.17909,
          -0.392473,
          1.418052
        ],
        [
          0.071021,
          -0.959004,
          -0.27435,
          1.549225
        ],
        [
          0.0,
          0.0,
          0.0,
          1.0
        ]
      ]
    },
    {
      "file_path": "/media/NFS/ttao/scannet/posed_images/scene0383_02/00150.jpg",
      "transform_matrix": [
        [
          -0.501418,
          0.294735,
          -0.813456,
          4.757707
        ],
        [
          0.862915,
          0.238715,
          -0.445413,
          1.406512
        ],
        [
          0.062905,
          -0.925282,
          -0.374027,
          1.497572
        ],
        [
          0.0,
          0.0,
          0.0,
          1.0
        ]
      ]
    },
    {
      "file_path": "/media/NFS/ttao/scannet/posed_images/scene0383_02/00153.jpg",
      "transform_matrix": [
        [
          -0.517101,
          0.311653,
          -0.797169,
          4.761809
        ],
        [
          0.854445,
          0.242702,
          -0.45937,
          1.406398
        ],
        [
          0.05031,
          -0.918677,
          -0.391792,
          1.480976
        ],
        [
          0.0,
          0.0,
          0.0,
          1.0
        ]
      ]
    },
    {
      "file_path": "/media/NFS/ttao/scannet/posed_images/scene0383_02/00156.jpg",
      "transform_matrix": [
        [
          -0.529783,
          0.324207,
          -0.783722,
          4.765551
        ],
        [
          0.847002,
          0.249964,
          -0.469155,
          1.405915
        ],
        [
          0.043799,
          -0.912364,
          -0.407031,
          1.472522
        ],
        [
          0.0,
          0.0,
          0.0,
          1.0
        ]
      ]
    },
    {
      "file_path": "/media/NFS/ttao/scannet/posed_images/scene0383_02/00164.jpg",
      "transform_matrix": [
        [
          -0.555183,
          0.371988,
          -0.743907,
          4.763159
        ],
        [
          0.831018,
          0.285052,
          -0.477655,
          1.4033
        ],
        [
          0.03437,
          -0.883386,
          -0.467384,
          1.454648
        ],
        [
          0.0,
          0.0,
          0.0,
          1.0
        ]
      ]
    },
    {
      "file_path": "/media/NFS/ttao/scannet/posed_images/scene0383_02/00169.jpg",
      "transform_matrix": [
        [
          -0.558479,
          0.396638,
          -0.728546,
          4.75955
        ],
        [
          0.828311,
          0.314023,
          -0.463994,
          1.397273
        ],
        [
          0.044742,
          -0.862594,
          -0.503915,
          1.441729
        ],
        [
          0.0,
          0.0,
          0.0,
          1.0
        ]
      ]
    },
    {
      "file_path": "/media/NFS/ttao/scannet/posed_images/scene0383_02/00172.jpg",
      "transform_matrix": [
        [
          -0.555542,
          0.411949,
          -0.722268,
          4.761423
        ],
        [
          0.830361,
          0.320082,
          -0.456123,
          1.388591
        ],
        [
          0.043286,
          -0.853139,
          -0.519886,
          1.434631
        ],
        [
          0.0,
          0.0,
          0.0,
          1.0
        ]
      ]
    },
    {
      "file_path": "/media/NFS/ttao/scannet/posed_images/scene0383_02/00181.jpg",
      "transform_matrix": [
        [
          -0.567425,
          0.442879,
          -0.694181,
          4.774336
        ],
        [
          0.821563,
          0.361171,
          -0.441124,
          1.365207
        ],
        [
          0.055353,
          -0.820618,
          -0.56879,
          1.429868
        ],
        [
          0.0,
          0.0,
          0.0,
          1.0
        ]
      ]
    },
    {
      "file_path": "/media/NFS/ttao/scannet/posed_images/scene0383_02/00185.jpg",
      "transform_matrix": [
        [
          -0.588682,
          0.442625,
          -0.676414,
          4.781473
        ],
        [
          0.806824,
          0.373354,
          -0.457866,
          1.36906
        ],
        [
          0.049879,
          -0.815285,
          -0.576908,
          1.4301
        ],
        [
          0.0,
          0.0,
          0.0,
          1.0
        ]
      ]
    },
    {
      "file_path": "/media/NFS/ttao/scannet/posed_images/scene0383_02/00190.jpg",
      "transform_matrix": [
        [
          -0.628357,
          0.412945,
          -0.659276,
          4.792936
        ],
        [
          0.776798,
          0.378675,
          -0.503181,
          1.399712
        ],
        [
          0.041865,
          -0.828301,
          -0.558717,
          1.42655
        ],
        [
          0.0,
          0.0,
          0.0,
          1.0
        ]
      ]
    },
    {
      "file_path": "/media/NFS/ttao/scannet/posed_images/scene0383_02/00194.jpg",
      "transform_matrix": [
        [
          -0.654131,
          0.406452,
          -0.637894,
          4.803291
        ],
        [
          0.755089,
          0.400186,
          -0.519319,
          1.424379
        ],
        [
          0.044198,
          -0.82137,
          -0.568681,
          1.429088
        ],
        [
          0.0,
          0.0,
          0.0,
          1.0
        ]
      ]
    },
    {
      "file_path": "/media/NFS/ttao/scannet/posed_images/scene0383_02/00200.jpg",
      "transform_matrix": [
        [
          -0.690373,
          0.353527,
          -0.631192,
          4.818794
        ],
        [
          0.720656,
          0.412711,
          -0.557068,
          1.476691
        ],
        [
          0.063561,
          -0.839457,
          -0.539696,
          1.435358
        ],
        [
          0.0,
          0.0,
          0.0,
          1.0
        ]
      ]
    },
    {
      "file_path": "/media/NFS/ttao/scannet/posed_images/scene0383_02/00208.jpg",
      "transform_matrix": [
        [
          -0.71751,
          0.280013,
          -0.637786,
          4.844698
        ],
        [
          0.691996,
          0.391064,
          -0.606804,
          1.510563
        ],
        [
          0.079502,
          -0.876733,
          -0.474361,
          1.465715
        ],
        [
          0.0,
          0.0,
          0.0,
          1.0
        ]
      ]
    },
    {
      "file_path": "/media/NFS/ttao/scannet/posed_images/scene0383_02/00210.jpg",
      "transform_matrix": [
        [
          -0.725869,
          0.263724,
          -0.635267,
          4.848925
        ],
        [
          0.683803,
          0.376511,
          -0.625023,
          1.528754
        ],
        [
          0.074351,
          -0.888082,
          -0.453632,
          1.465845
        ],
        [
          0.0,
          0.0,
          0.0,
          1.0
        ]
      ]
    },
    {
      "file_path": "/media/NFS/ttao/scannet/posed_images/scene0383_02/00216.jpg",
      "transform_matrix": [
        [
          -0.741542,
          0.219576,
          -0.633957,
          4.866385
        ],
        [
          0.666541,
          0.348732,
          -0.658869,
          1.548012
        ],
        [
          0.076409,
          -0.911138,
          -0.404956,
          1.489443
        ],
        [
          0.0,
          0.0,
          0.0,
          1.0
        ]
      ]
    },
    {
      "file_path": "/media/NFS/ttao/scannet/posed_images/scene0383_02/00223.jpg",
      "transform_matrix": [
        [
          -0.750295,
          0.184531,
          -0.634828,
          4.883727
        ],
        [
          0.659155,
          0.282484,
          -0.696935,
          1.570831
        ],
        [
          0.050722,
          -0.941356,
          -0.333581,
          1.510942
        ],
        [
          0.0,
          0.0,
          0.0,
          1.0
        ]
      ]
    },
    {
      "file_path": "/media/NFS/ttao/scannet/posed_images/scene0383_02/00231.jpg",
      "transform_matrix": [
        [
          -0.734988,
          0.163989,
          -0.657952,
          4.877699
        ],
        [
          0.675901,
          0.254919,
          -0.691502,
          1.588198
        ],
        [
          0.054326,
          -0.952955,
          -0.298202,
          1.532436
        ],
        [
          0.0,
          0.0,
          0.0,
          1.0
        ]
      ]
    },
    {
      "file_path": "/media/NFS/ttao/scannet/posed_images/scene0383_02/00233.jpg",
      "transform_matrix": [
        [
          -0.727872,
          0.164866,
          -0.665598,
          4.874385
        ],
        [
          0.68342,
          0.253721,
          -0.684516,
          1.590971
        ],
        [
          0.056022,
          -0.953124,
          -0.297349,
          1.532194
        ],
        [
          0.0,
          0.0,
          0.0,
          1.0
        ]
      ]
    },
    {
      "file_path": "/media/NFS/ttao/scannet/posed_images/scene0383_02/00238.jpg",
      "transform_matrix": [
        [
          -0.70999,
          0.182311,
          -0.680204,
          4.864231
        ],
        [
          0.702193,
          0.256371,
          -0.664228,
          1.591552
        ],
        [
          0.053288,
          -0.949229,
          -0.310039,
          1.528249
        ],
        [
          0.0,
          0.0,
          0.0,
          1.0
        ]
      ]
    },
    {
      "file_path": "/media/NFS/ttao/scannet/posed_images/scene0383_02/00247.jpg",
      "transform_matrix": [
        [
          -0.658068,
          0.242899,
          -0.712703,
          4.838468
        ],
        [
          0.750798,
          0.283329,
          -0.59668,
          1.562533
        ],
        [
          0.056996,
          -0.927753,
          -0.368818,
          1.494829
        ],
        [
          0.0,
          0.0,
          0.0,
          1.0
        ]
      ]
    },
    {
      "file_path": "/media/NFS/ttao/scannet/posed_images/scene0383_02/00249.jpg",
      "transform_matrix": [
        [
          -0.642978,
          0.259736,
          -0.720497,
          4.829489
        ],
        [
          0.763656,
          0.289141,
          -0.577259,
          1.548369
        ],
        [
          0.05839,
          -0.921377,
          -0.38426,
          1.490249
        ],
        [
          0.0,
          0.0,
          0.0,
          1.0
        ]
      ]
    },
    {
      "file_path": "/media/NFS/ttao/scannet/posed_images/scene0383_02/00254.jpg",
      "transform_matrix": [
        [
          -0.595602,
          0.292465,
          -0.748146,
          4.813345
        ],
        [
          0.801526,
          0.277879,
          -0.529471,
          1.496049
        ],
        [
          0.053042,
          -0.915012,
          -0.399923,
          1.485311
        ],
        [
          0.0,
          0.0,
          0.0,
          1.0
        ]
      ]
    },
    {
      "file_path": "/media/NFS/ttao/scannet/posed_images/scene0383_02/00264.jpg",
      "transform_matrix": [
        [
          -0.483132,
          0.368293,
          -0.79432,
          4.775646
        ],
        [
          0.874993,
          0.23538,
          -0.423065,
          1.372451
        ],
        [
          0.031155,
          -0.89942,
          -0.435973,
          1.478361
        ],
        [
          0.0,
          0.0,
          0.0,
          1.0
        ]
      ]
    },
    {
      "file_path": "/media/NFS/ttao/scannet/posed_images/scene0383_02/00265.jpg",
      "transform_matrix": [
        [
          -0.473306,
          0.373163,
          -0.797954,
          4.772642
        ],
        [
          0.88031,
          0.233473,
          -0.412971,
          1.360389
        ],
        [
          0.032195,
          -0.897909,
          -0.439003,
          1.477931
        ],
        [
          0.0,
          0.0,
          0.0,
          1.0
        ]
      ]
    },
    {
      "file_path": "/media/NFS/ttao/scannet/posed_images/scene0383_02/00273.jpg",
      "transform_matrix": [
        [
          -0.360423,
          0.412962,
          -0.836396,
          4.740056
        ],
        [
          0.93191,
          0.198338,
          -0.303655,
          1.265413
        ],
        [
          0.040491,
          -0.888889,
          -0.456329,
          1.466805
        ],
        [
          0.0,
          0.0,
          0.0,
          1.0
        ]
      ]
    },
    {
      "file_path": "/media/NFS/ttao/scannet/posed_images/scene0383_02/00278.jpg",
      "transform_matrix": [
        [
          -0.30348,
          0.419257,
          -0.855642,
          4.705206
        ],
        [
          0.952352,
          0.162123,
          -0.258343,
          1.227804
        ],
        [
          0.030408,
          -0.893274,
          -0.448482,
          1.464691
        ],
        [
          0.0,
          0.0,
          0.0,
          1.0
        ]
      ]
    },
    {
      "file_path": "/media/NFS/ttao/scannet/posed_images/scene0383_02/00285.jpg",
      "transform_matrix": [
        [
          -0.267679,
          0.424327,
          -0.86504,
          4.650129
        ],
        [
          0.963504,
          0.120666,
          -0.238958,
          1.20158
        ],
        [
          0.002985,
          -0.897433,
          -0.44114,
          1.463834
        ],
        [
          0.0,
          0.0,
          0.0,
          1.0
        ]
      ]
    },
    {
      "file_path": "/media/NFS/ttao/scannet/posed_images/scene0383_02/00290.jpg",
      "transform_matrix": [
        [
          -0.227229,
          0.429064,
          -0.874226,
          4.609978
        ],
        [
          0.973809,
          0.107435,
          -0.200384,
          1.192
        ],
        [
          0.007945,
          -0.896862,
          -0.442239,
          1.477198
        ],
        [
          0.0,
          0.0,
          0.0,
          1.0
        ]
      ]
    },
    {
      "file_path": "/media/NFS/ttao/scannet/posed_images/scene0383_02/00291.jpg",
      "transform_matrix": [
        [
          -0.216019,
          0.430837,
          -0.876194,
          4.605805
        ],
        [
          0.976384,
          0.098362,
          -0.192354,
          1.188877
        ],
        [
          0.003311,
          -0.897053,
          -0.44191,
          1.479852
        ],
        [
          0.0,
          0.0,
          0.0,
          1.0
        ]
      ]
    },
    {
      "file_path": "/media/NFS/ttao/scannet/posed_images/scene0383_02/00299.jpg",
      "transform_matrix": [
        [
          -0.078256,
          0.430471,
          -0.899206,
          4.588482
        ],
        [
          0.996898,
          0.041394,
          -0.066941,
          1.17378
        ],
        [
          0.008406,
          -0.901655,
          -0.432375,
          1.476653
        ],
        [
          0.0,
          0.0,
          0.0,
          1.0
        ]
      ]
    },
    {
      "file_path": "/media/NFS/ttao/scannet/posed_images/scene0383_02/00303.jpg",
      "transform_matrix": [
        [
          -0.000651,
          0.453119,
          -0.89145,
          4.591766
        ],
        [
          0.999985,
          0.005205,
          0.001915,
          1.162635
        ],
        [
          0.005508,
          -0.891435,
          -0.453115,
          1.474085
        ],
        [
          0.0,
          0.0,
          0.0,
          1.0
        ]
      ]
    },
    {
      "file_path": "/media/NFS/ttao/scannet/posed_images/scene0383_02/00309.jpg",
      "transform_matrix": [
        [
          0.119569,
          0.451443,
          -0.884252,
          4.59885
        ],
        [
          0.992824,
          -0.05618,
          0.105568,
          1.155535
        ],
        [
          -0.002019,
          -0.89053,
          -0.454921,
          1.473356
        ],
        [
          0.0,
          0.0,
          0.0,
          1.0
        ]
      ]
    },
    {
      "file_path": "/media/NFS/ttao/scannet/posed_images/scene0383_02/00317.jpg",
      "transform_matrix": [
        [
          0.277787,
          0.435796,
          -0.856105,
          4.605614
        ],
        [
          0.960589,
          -0.135458,
          0.242735,
          1.181812
        ],
        [
          -0.010183,
          -0.889794,
          -0.45625,
          1.47016
        ],
        [
          0.0,
          0.0,
          0.0,
          1.0
        ]
      ]
    },
    {
      "file_path": "/media/NFS/ttao/scannet/posed_images/scene0383_02/00319.jpg",
      "transform_matrix": [
        [
          0.314449,
          0.432055,
          -0.845252,
          4.606733
        ],
        [
          0.949233,
          -0.151455,
          0.275715,
          1.193653
        ],
        [
          -0.008894,
          -0.889039,
          -0.457745,
          1.468922
        ],
        [
          0.0,
          0.0,
          0.0,
          1.0
        ]
      ]
    },
    {
      "file_path": "/media/NFS/ttao/scannet/posed_images/scene0383_02/00325.jpg",
      "transform_matrix": [
        [
          0.423865,
          0.418017,
          -0.803492,
          4.609778
        ],
        [
          0.905725,
          -0.195229,
          0.376228,
          1.204136
        ],
        [
          0.000405,
          -0.887213,
          -0.461359,
          1.46484
        ],
        [
          0.0,
          0.0,
          0.0,
          1.0
        ]
      ]
    },
    {
      "file_path": "/media/NFS/ttao/scannet/posed_images/scene0383_02/00334.jpg",
      "transform_matrix": [
        [
          0.537291,
          0.38762,
          -0.749045,
          4.631195
        ],
        [
          0.843397,
          -0.246647,
          0.477334,
          1.228036
        ],
        [
          0.000274,
          -0.888209,
          -0.459439,
          1.459303
        ],
        [
          0.0,
          0.0,
          0.0,
          1.0
        ]
      ]
    },
    {
      "file_path": "/media/NFS/ttao/scannet/posed_images/scene0383_02/00338.jpg",
      "transform_matrix": [
        [
          0.578885,
          0.374653,
          -0.724242,
          4.643528
        ],
        [
          0.8154,
          -0.270245,
          0.511949,
          1.236153
        ],
        [
          -0.003919,
          -0.886906,
          -0.461933,
          1.454018
        ],
        [
          0.0,
          0.0,
          0.0,
          1.0
        ]
      ]
    },
    {
      "file_path": "/media/NFS/ttao/scannet/posed_images/scene0383_02/00345.jpg",
      "transform_matrix": [
        [
          0.650042,
          0.362206,
          -0.668021,
          4.660667
        ],
        [
          0.759731,
          -0.32824,
          0.561309,
          1.245639
        ],
        [
          -0.015962,
          -0.872391,
          -0.488548,
          1.448145
        ],
        [
          0.0,
          0.0,
          0.0,
          1.0
        ]
      ]
    },
    {
      "file_path": "/media/NFS/ttao/scannet/posed_images/scene0383_02/00350.jpg",
      "transform_matrix": [
        [
          0.700668,
          0.342361,
          -0.625982,
          4.671793
        ],
        [
          0.713251,
          -0.35868,
          0.602181,
          1.240712
        ],
        [
          -0.018363,
          -0.868411,
          -0.495505,
          1.439374
        ],
        [
          0.0,
          0.0,
          0.0,
          1.0
        ]
      ]
    },
    {
      "file_path": "/media/NFS/ttao/scannet/posed_images/scene0383_02/00355.jpg",
      "transform_matrix": [
        [
          0.741593,
          0.335091,
          -0.581166,
          4.683017
        ],
        [
          0.670694,
          -0.389037,
          0.631522,
          1.254193
        ],
        [
          -0.014478,
          -0.858117,
          -0.513251,
          1.440057
        ],
        [
          0.0,
          0.0,
          0.0,
          1.0
        ]
      ]
    },
    {
      "file_path": "/media/NFS/ttao/scannet/posed_images/scene0383_02/00358.jpg",
      "transform_matrix": [
        [
          0.7747,
          0.30497,
          -0.553925,
          4.688091
        ],
        [
          0.631667,
          -0.413306,
          0.655877,
          1.264822
        ],
        [
          -0.028918,
          -0.858004,
          -0.512828,
          1.441631
        ],
        [
          0.0,
          0.0,
          0.0,
          1.0
        ]
      ]
    },
    {
      "file_path": "/media/NFS/ttao/scannet/posed_images/scene0383_02/00363.jpg",
      "transform_matrix": [
        [
          0.816476,
          0.271562,
          -0.50953,
          4.690439
        ],
        [
          0.576174,
          -0.440218,
          0.688645,
          1.275408
        ],
        [
          -0.037294,
          -0.85584,
          -0.515894,
          1.442816
        ],
        [
          0.0,
          0.0,
          0.0,
          1.0
        ]
      ]
    },
    {
      "file_path": "/media/NFS/ttao/scannet/posed_images/scene0383_02/00368.jpg",
      "transform_matrix": [
        [
          0.851398,
          0.258485,
          -0.456407,
          4.698241
        ],
        [
          0.524046,
          -0.456208,
          0.719201,
          1.293846
        ],
        [
          -0.022314,
          -0.851504,
          -0.523873,
          1.438141
        ],
        [
          0.0,
          0.0,
          0.0,
          1.0
        ]
      ]
    },
    {
      "file_path": "/media/NFS/ttao/scannet/posed_images/scene0383_02/00377.jpg",
      "transform_matrix": [
        [
          0.911495,
          0.218429,
          -0.348519,
          4.717553
        ],
        [
          0.411212,
          -0.502509,
          0.760519,
          1.318866
        ],
        [
          -0.009015,
          -0.836525,
          -0.547855,
          1.420784
        ],
        [
          0.0,
          0.0,
          0.0,
          1.0
        ]
      ]
    },
    {
      "file_path": "/media/NFS/ttao/scannet/posed_images/scene0383_02/00379.jpg",
      "transform_matrix": [
        [
          0.918125,
          0.215768,
          -0.332402,
          4.721983
        ],
        [
          0.396257,
          -0.510974,
          0.762815,
          1.321893
        ],
        [
          -0.005257,
          -0.832076,
          -0.554637,
          1.416905
        ],
        [
          0.0,
          0.0,
          0.0,
          1.0
        ]
      ]
    },
    {
      "file_path": "/media/NFS/ttao/scannet/posed_images/scene0383_02/00384.jpg",
      "transform_matrix": [
        [
          0.930781,
          0.208301,
          -0.300429,
          4.72994
        ],
        [
          0.36557,
          -0.535476,
          0.76133,
          1.33059
        ],
        [
          -0.002287,
          -0.818459,
          -0.57456,
          1.415365
        ],
        [
          0.0,
          0.0,
          0.0,
          1.0
        ]
      ]
    },
    {
      "file_path": "/media/NFS/ttao/scannet/posed_images/scene0383_02/00394.jpg",
      "transform_matrix": [
        [
          0.954658,
          0.187261,
          -0.231433,
          4.756216
        ],
        [
          0.297448,
          -0.567675,
          0.767639,
          1.343856
        ],
        [
          0.01237,
          -0.801672,
          -0.597636,
          1.409499
        ],
        [
          0.0,
          0.0,
          0.0,
          1.0
        ]
      ]
    },
    {
      "file_path": "/media/NFS/ttao/scannet/posed_images/scene0383_02/00395.jpg",
      "transform_matrix": [
        [
          0.957201,
          0.185221,
          -0.222396,
          4.758928
        ],
        [
          0.288961,
          -0.568068,
          0.770585,
          1.344793
        ],
        [
          0.016392,
          -0.801868,
          -0.597277,
          1.408733
        ],
        [
          0.0,
          0.0,
          0.0,
          1.0
        ]
      ]
    },
    {
      "file_path": "/media/NFS/ttao/scannet/posed_images/scene0383_02/00400.jpg",
      "transform_matrix": [
        [
          0.970168,
          0.162031,
          -0.180334,
          4.769805
        ],
        [
          0.241328,
          -0.574461,
          0.782148,
          1.352465
        ],
        [
          0.023138,
          -0.802335,
          -0.596426,
          1.411567
        ],
        [
          0.0,
          0.0,
          0.0,
          1.0
        ]
      ]
    },
    {
      "file_path": "/media/NFS/ttao/scannet/posed_images/scene0383_02/00408.jpg",
      "transform_matrix": [
        [
          0.982599,
          0.128156,
          -0.134446,
          4.782902
        ],
        [
          0.183195,
          -0.549244,
          0.815335,
          1.364511
        ],
        [
          0.030646,
          -0.825777,
          -0.563164,
          1.42972
        ],
        [
          0.0,
          0.0,
          0.0,
          1.0
        ]
      ]
    },
    {
      "file_path": "/media/NFS/ttao/scannet/posed_images/scene0383_02/00413.jpg",
      "transform_matrix": [
        [
          0.986877,
          0.108073,
          -0.119976,
          4.784568
        ],
        [
          0.158565,
          -0.508195,
          0.846519,
          1.366969
        ],
        [
          0.030515,
          -0.854434,
          -0.518663,
          1.44936
        ],
        [
          0.0,
          0.0,
          0.0,
          1.0
        ]
      ]
    },
    {
      "file_path": "/media/NFS/ttao/scannet/posed_images/scene0383_02/00418.jpg",
      "transform_matrix": [
        [
          0.988528,
          0.09672,
          -0.116004,
          4.787941
        ],
        [
          0.147949,
          -0.46562,
          0.872531,
          1.371599
        ],
        [
          0.030378,
          -0.879684,
          -0.474588,
          1.472129
        ],
        [
          0.0,
          0.0,
