{
  "frames": [
    {
      "file_path": "/media/NFS/ttao/scannet/posed_images/scene0067_00/00000.jpg",
      "transform_matrix": [
        [
          -0.881415,
          -0.308012,
          0.3581,
          3.147524
        ],
        [
          -0.47008,
          0.646119,
          -0.601294,
          1.689608
        ],
        [
          -0.046169,
          -0.698325,
          -0.71429,
          1.273114
        ],
        [
          0.0,
          0.0,
          0.0,
          1.0
        ]
      ]
    },
    {
      "file_path": "/media/NFS/ttao/scannet/posed_images/scene0067_00/00004.jpg",
      "transform_matrix": [
        [
          -0.879671,
          -0.317176,
          0.354371,
          3.137942
        ],
        [
          -0.474219,
          0.641391,
          -0.603103,
          1.687445
        ],
        [
          -0.036001,
          -0.698582,
          -0.714624,
          1.270163
        ],
        [
          0.0,
          0.0,
          0.0,
          1.0
        ]
      ]
    },
    {
      "file_path": "/media/NFS/ttao/scannet/posed_images/scene0067_00/00006.jpg",
      "transform_matrix": [
        [
          -0.87767,
          -0.319428,
          0.357299,
          3.132057
        ],
        [
          -0.4778,
          0.64145,
          -0.600208,
          1.686564
        ],
        [
          -0.037466,
          -0.697501,
          -0.715603,
          1.267471
        ],
        [
          0.0,
          0.0,
          0.0,
          1.0
        ]
      ]
    },
    {
      "file_path": "/media/NFS/ttao/scannet/posed_images/scene0067_00/00011.jpg",
      "transform_matrix": [
        [
          -0.882218,
          -0.319488,
          0.345861,
          3.127027
        ],
        [
          -0.469251,
          0.656944,
          -0.590109,
          1.679671
        ],
        [
          -0.038679,
          -0.6829,
          -0.729487,
          1.26643
        ],
        [
          0.0,
          0.0,
          0.0,
          1.0
        ]
      ]
    },
    {
      "file_path": "/media/NFS/ttao/scannet/posed_images/scene0067_00/00014.jpg",
      "transform_matrix": [
        [
          -0.882737,
          -0.315553,
          0.348142,
          3.129174
        ],
        [
          -0.46871,
          0.643358,
          -0.605311,
          1.670814
        ],
        [
          -0.032972,
          -0.697508,
          -0.715818,
          1.288779
        ],
        [
          0.0,
          0.0,
          0.0,
          1.0
        ]
      ]
    },
    {
      "file_path": "/media/NFS/ttao/scannet/posed_images/scene0067_00/00018.jpg",
      "transform_matrix": [
        [
          -0.875533,
          -0.305183,
          0.374575,
          3.127693
        ],
        [
          -0.482724,
          0.58544,
          -0.651336,
          1.66274
        ],
        [
          -0.020514,
          -0.751082,
          -0.659891,
          1.325314
        ],
        [
          0.0,
          0.0,
          0.0,
          1.0
        ]
      ]
    },
    {
      "file_path": "/media/NFS/ttao/scannet/posed_images/scene0067_00/00020.jpg",
      "transform_matrix": [
        [
          -0.867779,
          -0.29312,
          0.401298,
          3.117754
        ],
        [
          -0.496792,
          0.532048,
          -0.685655,
          1.664204
        ],
        [
          -0.012531,
          -0.794358,
          -0.60732,
          1.339549
        ],
        [
          0.0,
          0.0,
          0.0,
          1.0
        ]
      ]
    },
    {
      "file_path": "/media/NFS/ttao/scannet/posed_images/scene0067_00/00024.jpg",
      "transform_matrix": [
        [
          -0.858194,
          -0.263236,
          0.440692,
          3.116103
        ],
        [
          -0.512888,
          0.475171,
          -0.714954,
          1.663292
        ],
        [
          -0.021202,
          -0.839595,
          -0.542799,
          1.376212
        ],
        [
          0.0,
          0.0,
          0.0,
          1.0
        ]
      ]
    },
    {
      "file_path": "/media/NFS/ttao/scannet/posed_images/scene0067_00/00027.jpg",
      "transform_matrix": [
        [
          -0.852631,
          -0.240951,
          0.463641,
          3.115543
        ],
        [
          -0.52183,
          0.438031,
          -0.731999,
          1.663048
        ],
        [
          -0.026713,
          -0.866066,
          -0.499214,
          1.40325
        ],
        [
          0.0,
          0.0,
          0.0,
          1.0
        ]
      ]
    },
    {
      "file_path": "/media/NFS/ttao/scannet/posed_images/scene0067_00/00033.jpg",
      "transform_matrix": [
        [
          -0.843353,
          -0.219517,
          0.490478,
          3.110776
        ],
        [
          -0.537192,
          0.367269,
          -0.759301,
          1.676216
        ],
        [
          -0.013458,
          -0.903839,
          -0.42766,
          1.428342
        ],
        [
          0.0,
          0.0,
          0.0,
          1.0
        ]
      ]
    },
    {
      "file_path": "/media/NFS/ttao/scannet/posed_images/scene0067_00/00034.jpg",
      "transform_matrix": [
        [
          -0.842085,
          -0.221171,
          0.491911,
          3.111318
        ],
        [
          -0.539229,
          0.364156,
          -0.759357,
          1.67824
        ],
        [
          -0.011185,
          -0.904695,
          -0.425912,
          1.429349
        ],
        [
          0.0,
          0.0,
          0.0,
          1.0
        ]
      ]
    },
    {
      "file_path": "/media/NFS/ttao/scannet/posed_images/scene0067_00/00037.jpg",
      "transform_matrix": [
        [
          -0.835925,
          -0.233166,
          0.496853,
          3.110525
        ],
        [
          -0.548502,
          0.386869,
          -0.741268,
          1.675028
        ],
        [
          -0.019378,
          -0.892169,
          -0.451285,
          1.422483
        ],
        [
          0.0,
          0.0,
          0.0,
          1.0
        ]
      ]
    },
    {
      "file_path": "/media/NFS/ttao/scannet/posed_images/scene0067_00/00044.jpg",
      "transform_matrix": [
        [
          -0.81082,
          -0.299173,
          0.503057,
          3.112241
        ],
        [
          -0.58515,
          0.433488,
          -0.685337,
          1.669305
        ],
        [
          -0.013034,
          -0.850049,
          -0.526542,
          1.373022
        ],
        [
          0.0,
          0.0,
          0.0,
          1.0
        ]
      ]
    },
    {
      "file_path": "/media/NFS/ttao/scannet/posed_images/scene0067_00/00045.jpg",
      "transform_matrix": [
        [
          -0.805835,
          -0.309583,
          0.504765,
          3.112223
        ],
        [
          -0.592022,
          0.43825,
          -0.676348,
          1.669163
        ],
        [
          -0.011827,
          -0.843857,
          -0.536437,
          1.366509
        ],
        [
          0.0,
          0.0,
          0.0,
          1.0
        ]
      ]
    },
    {
      "file_path": "/media/NFS/ttao/scannet/posed_images/scene0067_00/00050.jpg",
      "transform_matrix": [
        [
          -0.774784,
          -0.36423,
          0.516765,
          3.113285
        ],
        [
          -0.631818,
          0.475447,
          -0.612173,
          1.650102
        ],
        [
          -0.022722,
          -0.800803,
          -0.598496,
          1.330349
        ],
        [
          0.0,
          0.0,
          0.0,
          1.0
        ]
      ]
    },
    {
      "file_path": "/media/NFS/ttao/scannet/posed_images/scene0067_00/00053.jpg",
      "transform_matrix": [
        [
          -0.76031,
          -0.386468,
          0.522082,
          3.118701
        ],
        [
          -0.648525,
          0.497,
          -0.576547,
          1.638279
        ],
        [
          -0.036658,
          -0.776938,
          -0.628509,
          1.308857
        ],
        [
          0.0,
          0.0,
          0.0,
          1.0
        ]
      ]
    },
    {
      "file_path": "/media/NFS/ttao/scannet/posed_images/scene0067_00/00056.jpg",
      "transform_matrix": [
        [
          -0.750538,
          -0.39954,
          0.526366,
          3.123636
        ],
        [
          -0.659275,
          0.507288,
          -0.554991,
          1.618519
        ],
        [
          -0.045278,
          -0.763562,
          -0.644145,
          1.288301
        ],
        [
          0.0,
          0.0,
          0.0,
          1.0
        ]
      ]
    },
    {
      "file_path": "/media/NFS/ttao/scannet/posed_images/scene0067_00/00060.jpg",
      "transform_matrix": [
        [
          -0.748756,
          -0.416498,
          0.515649,
          3.125632
        ],
        [
          -0.661264,
          0.523071,
          -0.537705,
          1.58309
        ],
        [
          -0.045768,
          -0.74359,
          -0.667067,
          1.271225
        ],
        [
          0.0,
          0.0,
          0.0,
          1.0
        ]
      ]
    },
    {
      "file_path": "/media/NFS/ttao/scannet/posed_images/scene0067_00/00061.jpg",
      "transform_matrix": [
        [
          -0.744705,
          -0.419593,
          0.518996,
          3.122032
        ],
        [
          -0.665307,
          0.528193,
          -0.527617,
          1.575737
        ],
        [
          -0.052746,
          -0.73821,
          -0.672506,
          1.265405
        ],
        [
          0.0,
          0.0,
          0.0,
          1.0
        ]
      ]
    },
    {
      "file_path": "/media/NFS/ttao/scannet/posed_images/scene0067_00/00066.jpg",
      "transform_matrix": [
        [
          -0.710566,
          -0.457175,
          0.534871,
          3.121711
        ],
        [
          -0.698884,
          0.546717,
          -0.461154,
          1.552737
        ],
        [
          -0.081595,
          -0.701493,
          -0.70799,
          1.250404
        ],
        [
          0.0,
          0.0,
          0.0,
          1.0
        ]
      ]
    },
    {
      "file_path": "/media/NFS/ttao/scannet/posed_images/scene0067_00/00069.jpg",
      "transform_matrix": [
        [
          -0.677261,
          -0.478175,
          0.559165,
          3.123969
        ],
        [
          -0.730854,
          0.524712,
          -0.436498,
          1.541971
        ],
        [
          -0.084679,
          -0.704291,
          -0.704843,
          1.255964
        ],
        [
          0.0,
          0.0,
          0.0,
          1.0
        ]
      ]
    },
    {
      "file_path": "/media/NFS/ttao/scannet/posed_images/scene0067_00/00072.jpg",
      "transform_matrix": [
        [
          -0.62704,
          -0.490465,
          0.605198,
          3.118119
        ],
        [
          -0.774025,
          0.479831,
          -0.413094,
          1.532894
        ],
        [
          -0.087785,
          -0.727465,
          -0.680506,
          1.268283
        ],
        [
          0.0,
          0.0,
          0.0,
          1.0
        ]
      ]
    },
    {
      "file_path": "/media/NFS/ttao/scannet/posed_images/scene0067_00/00076.jpg",
      "transform_matrix": [
        [
          -0.54801,
          -0.495355,
          0.674024,
          3.113946
        ],
        [
          -0.833102,
          0.395484,
          -0.386696,
          1.528851
        ],
        [
          -0.075014,
          -0.773444,
          -0.62941,
          1.293382
        ],
        [
          0.0,
          0.0,
          0.0,
          1.0
        ]
      ]
    },
    {
      "file_path": "/media/NFS/ttao/scannet/posed_images/scene0067_00/00079.jpg",
      "transform_matrix": [
        [
          -0.49121,
          -0.490243,
          0.719982,
          3.11347
        ],
        [
          -0.868678,
          0.336561,
          -0.363491,
          1.523475
        ],
        [
          -0.064119,
          -0.803983,
          -0.591185,
          1.316956
        ],
        [
          0.0,
          0.0,
          0.0,
          1.0
        ]
      ]
    },
    {
      "file_path": "/media/NFS/ttao/scannet/posed_images/scene0067_00/00085.jpg",
      "transform_matrix": [
        [
          -0.401602,
          -0.472822,
          0.784318,
          3.1077
        ],
        [
          -0.914309,
          0.256077,
          -0.313788,
          1.515054
        ],
        [
          -0.05248,
          -0.843127,
          -0.535147,
          1.346974
        ],
        [
          0.0,
          0.0,
          0.0,
          1.0
        ]
      ]
    },
    {
      "file_path": "/media/NFS/ttao/scannet/posed_images/scene0067_00/00086.jpg",
      "transform_matrix": [
        [
          -0.394112,
          -0.468314,
          0.790796,
          3.108675
        ],
        [
          -0.917713,
          0.247142,
          -0.311005,
          1.514567
        ],
        [
          -0.049791,
          -0.848294,
          -0.52718,
          1.351309
        ],
        [
          0.0,
          0.0,
          0.0,
          1.0
        ]
      ]
    },
    {
      "file_path": "/media/NFS/ttao/scannet/posed_images/scene0067_00/00092.jpg",
      "transform_matrix": [
        [
          -0.326793,
          -0.414522,
          0.84934,
          3.119653
        ],
        [
          -0.944532,
          0.174295,
          -0.278354,
          1.512932
        ],
        [
          -0.032651,
          -0.893193,
          -0.448487,
          1.389592
        ],
        [
          0.0,
          0.0,
          0.0,
          1.0
        ]
      ]
    },
    {
      "file_path": "/media/NFS/ttao/scannet/posed_images/scene0067_00/00096.jpg",
      "transform_matrix": [
        [
          -0.314696,
          -0.400982,
          0.860337,
          3.131963
        ],
        [
          -0.94845,
          0.168689,
          -0.268304,
          1.513272
        ],
        [
          -0.037544,
          -0.900421,
          -0.433397,
          1.406952
        ],
        [
          0.0,
          0.0,
          0.0,
          1.0
        ]
      ]
    },
    {
      "file_path": "/media/NFS/ttao/scannet/posed_images/scene0067_00/00099.jpg",
      "transform_matrix": [
        [
          -0.309,
          -0.426339,
          0.85015,
          3.145978
        ],
        [
          -0.949967,
          0.181249,
          -0.254386,
          1.511433
        ],
        [
          -0.045634,
          -0.886219,
          -0.461013,
          1.401555
        ],
        [
          0.0,
          0.0,
          0.0,
          1.0
        ]
      ]
    },
    {
      "file_path": "/media/NFS/ttao/scannet/posed_images/scene0067_00/00100.jpg",
      "transform_matrix": [
        [
          -0.309072,
          -0.439697,
          0.843291,
          3.151798
        ],
        [
          -0.950049,
          0.183175,
          -0.252691,
          1.513567
        ],
        [
          -0.043362,
          -0.879268,
          -0.474349,
          1.392183
        ],
        [
          0.0,
          0.0,
          0.0,
          1.0
        ]
      ]
    },
    {
      "file_path": "/media/NFS/ttao/scannet/posed_images/scene0067_00/00104.jpg",
      "transform_matrix": [
        [
          -0.309981,
          -0.487317,
          0.816354,
          3.167253
        ],
        [
          -0.949733,
          0.198282,
          -0.242264,
          1.510351
        ],
        [
          -0.043809,
          -0.850415,
          -0.524285,
          1.373019
        ],
        [
          0.0,
          0.0,
          0.0,
          1.0
        ]
      ]
    },
    {
      "file_path": "/media/NFS/ttao/scannet/posed_images/scene0067_00/00107.jpg",
      "transform_matrix": [
        [
          -0.3055,
          -0.518535,
          0.798618,
          3.172711
        ],
        [
          -0.951313,
          0.202251,
          -0.232591,
          1.509485
        ],
        [
          -0.040914,
          -0.830792,
          -0.555077,
          1.356666
        ],
        [
          0.0,
          0.0,
          0.0,
          1.0
        ]
      ]
    },
    {
      "file_path": "/media/NFS/ttao/scannet/posed_images/scene0067_00/00111.jpg",
      "transform_matrix": [
        [
          -0.297979,
          -0.548776,
          0.781059,
          3.176085
        ],
        [
          -0.953099,
          0.216487,
          -0.211509,
          1.508695
        ],
        [
          -0.053018,
          -0.807452,
          -0.587546,
          1.340828
        ],
        [
          0.0,
          0.0,
          0.0,
          1.0
        ]
      ]
    },
    {
      "file_path": "/media/NFS/ttao/scannet/posed_images/scene0067_00/00113.jpg",
      "transform_matrix": [
        [
          -0.286345,
          -0.558077,
          0.778817,
          3.173753
        ],
        [
          -0.956532,
          0.213392,
          -0.198774,
          1.510568
        ],
        [
          -0.055262,
          -0.801881,
          -0.594922,
          1.333046
        ],
        [
          0.0,
          0.0,
          0.0,
          1.0
        ]
      ]
    },
    {
      "file_path": "/media/NFS/ttao/scannet/posed_images/scene0067_00/00120.jpg",
      "transform_matrix": [
        [
          -0.237682,
          -0.618567,
          0.74892,
          3.168634
        ],
        [
          -0.968862,
          0.206048,
          -0.1373,
          1.523816
        ],
        [
          -0.069384,
          -0.758234,
          -0.64828,
          1.297662
        ],
        [
          0.0,
          0.0,
          0.0,
          1.0
        ]
      ]
    },
    {
      "file_path": "/media/NFS/ttao/scannet/posed_images/scene0067_00/00123.jpg",
      "transform_matrix": [
        [
          -0.216161,
          -0.636397,
          0.740455,
          3.164177
        ],
        [
          -0.973672,
          0.196723,
          -0.115166,
          1.534446
        ],
        [
          -0.072373,
          -0.745855,
          -0.662165,
          1.283646
        ],
        [
          0.0,
          0.0,
          0.0,
          1.0
        ]
      ]
    },
    {
      "file_path": "/media/NFS/ttao/scannet/posed_images/scene0067_00/00127.jpg",
      "transform_matrix": [
        [
          -0.182059,
          -0.65223,
          0.735833,
          3.159958
        ],
        [
          -0.980585,
          0.175877,
          -0.086721,
          1.549196
        ],
        [
          -0.072854,
          -0.737335,
          -0.671587,
          1.272446
        ],
        [
          0.0,
          0.0,
          0.0,
          1.0
        ]
      ]
    },
    {
      "file_path": "/media/NFS/ttao/scannet/posed_images/scene0067_00/00130.jpg",
      "transform_matrix": [
        [
          -0.1582,
          -0.657414,
          0.736736,
          3.155997
        ],
        [
          -0.985141,
          0.155608,
          -0.072686,
          1.561435
        ],
        [
          -0.066858,
          -0.737287,
          -0.672263,
          1.268914
        ],
        [
          0.0,
          0.0,
          0.0,
          1.0
        ]
      ]
    },
    {
      "file_path": "/media/NFS/ttao/scannet/posed_images/scene0067_00/00131.jpg",
      "transform_matrix": [
        [
          -0.149818,
          -0.657866,
          0.738083,
          3.154641
        ],
        [
          -0.98644,
          0.150049,
          -0.066489,
          1.563873
        ],
        [
          -0.067008,
          -0.738036,
          -0.671426,
          1.268691
        ],
        [
          0.0,
          0.0,
          0.0,
          1.0
        ]
      ]
    },
    {
      "file_path": "/media/NFS/ttao/scannet/posed_images/scene0067_00/00134.jpg",
      "transform_matrix": [
        [
          -0.122464,
          -0.658515,
          0.742536,
          3.151235
        ],
        [
          -0.99,
          0.133838,
          -0.044583,
          1.572683
        ],
        [
          -0.070021,
          -0.740571,
          -0.66832,
          1.269463
        ],
        [
          0.0,
          0.0,
          0.0,
          1.0
        ]
      ]
    },
    {
      "file_path": "/media/NFS/ttao/scannet/posed_images/scene0067_00/00140.jpg",
      "transform_matrix": [
        [
          -0.06654,
          -0.647093,
          0.759502,
          3.140828
        ],
        [
          -0.994988,
          0.099977,
          -0.00199,
          1.593669
        ],
        [
          -0.074645,
          -0.755827,
          -0.650502,
          1.274535
        ],
        [
          0.0,
          0.0,
          0.0,
          1.0
        ]
      ]
    },
    {
      "file_path": "/media/NFS/ttao/scannet/posed_images/scene0067_00/00142.jpg",
      "transform_matrix": [
        [
          -0.051761,
          -0.645538,
          0.761972,
          3.139607
        ],
        [
          -0.995968,
          0.089351,
          0.008041,
          1.59945
        ],
        [
          -0.073274,
          -0.758484,
          -0.64756,
          1.27664
        ],
        [
          0.0,
          0.0,
          0.0,
          1.0
        ]
      ]
    },
    {
      "file_path": "/media/NFS/ttao/scannet/posed_images/scene0067_00/00145.jpg",
      "transform_matrix": [
        [
          -0.023878,
          -0.636222,
          0.771136,
          3.136539
        ],
        [
          -0.99705,
          0.071438,
          0.028066,
          1.609511
        ],
        [
          -0.072945,
          -0.768191,
          -0.636051,
          1.2824
        ],
        [
          0.0,
          0.0,
          0.0,
          1.0
        ]
      ]
    },
    {
      "file_path": "/media/NFS/ttao/scannet/posed_images/scene0067_00/00149.jpg",
      "transform_matrix": [
        [
          0.012187,
          -0.624895,
          0.780613,
          3.132847
        ],
        [
          -0.997118,
          0.050871,
          0.056291,
          1.618849
        ],
        [
          -0.074887,
          -0.779049,
          -0.622474,
          1.28808
        ],
        [
          0.0,
          0.0,
          0.0,
          1.0
        ]
      ]
    },
    {
      "file_path": "/media/NFS/ttao/scannet/posed_images/scene0067_00/00153.jpg",
      "transform_matrix": [
        [
          0.053199,
          -0.615973,
          0.785969,
          3.129664
        ],
        [
          -0.995503,
          0.029066,
          0.090162,
          1.633424
        ],
        [
          -0.078382,
          -0.787231,
          -0.611656,
          1.295464
        ],
        [
          0.0,
          0.0,
          0.0,
          1.0
        ]
      ]
    },
    {
      "file_path": "/media/NFS/ttao/scannet/posed_images/scene0067_00/00157.jpg",
      "transform_matrix": [
        [
          0.09534,
          -0.604666,
          0.790752,
          3.128161
        ],
        [
          -0.992267,
          0.005695,
          0.123992,
          1.649015
        ],
        [
          -0.079477,
          -0.796459,
          -0.599447,
          1.301453
        ],
        [
          0.0,
          0.0,
          0.0,
          1.0
        ]
      ]
    },
    {
      "file_path": "/media/NFS/ttao/scannet/posed_images/scene0067_00/00160.jpg",
      "transform_matrix": [
        [
          0.13316,
          -0.595565,
          0.792194,
          3.124352
        ],
        [
          -0.988133,
          -0.018036,
          0.152536,
          1.669373
        ],
        [
          -0.076557,
          -0.803105,
          -0.590899,
          1.306753
        ],
        [
          0.0,
          0.0,
          0.0,
          1.0
        ]
      ]
    },
    {
      "file_path": "/media/NFS/ttao/scannet/posed_images/scene0067_00/00164.jpg",
      "transform_matrix": [
        [
          0.203529,
          -0.575802,
          0.791851,
          3.119253
        ],
        [
          -0.976076,
          -0.056146,
          0.210053,
          1.694989
        ],
        [
          -0.07649,
          -0.815659,
          -0.573454,
          1.315687
        ],
        [
          0.0,
          0.0,
          0.0,
          1.0
        ]
      ]
    },
    {
      "file_path": "/media/NFS/ttao/scannet/posed_images/scene0067_00/00167.jpg",
      "transform_matrix": [
        [
          0.243522,
          -0.564467,
          0.788717,
          3.115662
        ],
        [
          -0.966961,
          -0.078087,
          0.242671,
          1.709785
        ],
        [
          -0.075391,
          -0.821754,
          -0.564833,
          1.324314
        ],
        [
          0.0,
          0.0,
          0.0,
          1.0
        ]
      ]
    },
    {
      "file_path": "/media/NFS/ttao/scannet/posed_images/scene0067_00/00170.jpg",
      "transform_matrix": [
        [
          0.273225,
          -0.543395,
          0.793769,
          3.109549
        ],
        [
          -0.960068,
          -0.102445,
          0.260336,
          1.728968
        ],
        [
          -0.060147,
          -0.833203,
          -0.549687,
          1.331913
        ],
        [
          0.0,
          0.0,
          0.0,
          1.0
        ]
      ]
    },
    {
      "file_path": "/media/NFS/ttao/scannet/posed_images/scene0067_00/00175.jpg",
      "transform_matrix": [
        [
          0.299349,
          -0.482239,
          0.823308,
          3.105098
        ],
        [
          -0.952672,
          -0.103148,
          0.285967,
          1.740416
        ],
        [
          -0.052982,
          -0.869946,
          -0.490293,
          1.351469
        ],
        [
          0.0,
          0.0,
          0.0,
          1.0
        ]
      ]
    },
    {
      "file_path": "/media/NFS/ttao/scannet/posed_images/scene0067_00/00177.jpg",
      "transform_matrix": [
        [
          0.30492,
          -0.444417,
          0.842329,
          3.105106
        ],
        [
          -0.951139,
          -0.097,
          0.293131,
          1.743888
        ],
        [
          -0.048566,
          -0.890553,
          -0.452279,
          1.367524
        ],
        [
          0.0,
          0.0,
          0.0,
          1.0
        ]
      ]
    },
    {
      "file_path": "/media/NFS/ttao/scannet/posed_images/scene0067_00/00180.jpg",
      "transform_matrix": [
        [
          0.304345,
          -0.409978,
          0.859821,
          3.105697
        ],
        [
          -0.951759,
          -0.093823,
          0.292151,
          1.74844
        ],
        [
          -0.039104,
          -0.907257,
          -0.418755,
          1.384798
        ],
        [
          0.0,
          0.0,
          0.0,
          1.0
        ]
      ]
    },
    {
      "file_path": "/media/NFS/ttao/scannet/posed_images/scene0067_00/00183.jpg",
      "transform_matrix": [
        [
          0.310673,
          -0.382787,
          0.870032,
          3.108603
        ],
        [
          -0.949591,
          -0.084612,
          0.301856,
          1.752466
        ],
        [
          -0.041931,
          -0.919954,
          -0.389778,
          1.396046
        ],
        [
          0.0,
          0.0,
          0.0,
          1.0
        ]
      ]
    },
    {
      "file_path": "/media/NFS/ttao/scannet/posed_images/scene0067_00/00187.jpg",
      "transform_matrix": [
        [
          0.334531,
          -0.350327,
          0.874849,
          3.11688
        ],
        [
          -0.94104,
          -0.074615,
          0.329963,
          1.76183
        ],
        [
          -0.050318,
          -0.933651,
          -0.354633,
          1.412812
        ],
        [
          0.0,
          0.0,
          0.0,
          1.0
        ]
      ]
    },
    {
      "file_path": "/media/NFS/ttao/scannet/posed_images/scene0067_00/00190.jpg",
      "transform_matrix": [
        [
          0.344358,
          -0.322709,
          0.881633,
          3.122942
        ],
        [
          -0.937685,
          -0.071678,
          0.340014,
          1.769792
        ],
        [
          -0.046532,
          -0.94378,
          -0.327282,
          1.429515
        ],
        [
          0.0,
          0.0,
          0.0,
          1.0
        ]
      ]
    },
    {
      "file_path": "/media/NFS/ttao/scannet/posed_images/scene0067_00/00196.jpg",
      "transform_matrix": [
        [
          0.383447,
          -0.271766,
          0.882673,
          3.143295
        ],
        [
          -0.922542,
          -0.067794,
          0.379894,
          1.777598
        ],
        [
          -0.043403,
          -0.959972,
          -0.276711,
          1.456974
        ],
        [
          0.0,
          0.0,
          0.0,
          1.0
        ]
      ]
    },
    {
      "file_path": "/media/NFS/ttao/scannet/posed_images/scene0067_00/00200.jpg",
      "transform_matrix": [
        [
          0.444984,
          -0.243392,
          0.861829,
          3.158067
        ],
        [
          -0.894309,
          -0.07037,
          0.441882,
          1.768316
        ],
        [
          -0.046903,
          -0.967372,
          -0.248981,
          1.475603
        ],
        [
          0.0,
          0.0,
          0.0,
          1.0
        ]
      ]
    },
    {
      "file_path": "/media/NFS/ttao/scannet/posed_images/scene0067_00/00201.jpg",
      "transform_matrix": [
        [
          0.462753,
          -0.235239,
          0.854706,
          3.160972
        ],
        [
          -0.88524,
          -0.0715,
          0.459606,
          1.764954
        ],
        [
          -0.047005,
          -0.969304,
          -0.24133,
          1.479918
        ],
        [
          0.0,
          0.0,
          0.0,
          1.0
        ]
      ]
    },
    {
      "file_path": "/media/NFS/ttao/scannet/posed_images/scene0067_00/00206.jpg",
      "transform_matrix": [
        [
          0.555959,
          -0.194168,
          0.808213,
          3.173275
        ],
        [
          -0.830528,
          -0.090381,
          0.549595,
          1.741928
        ],
        [
          -0.033667,
          -0.976796,
          -0.21151,
          1.489851
        ],
        [
          0.0,
          0.0,
          0.0,
          1.0
        ]
      ]
    },
    {
      "file_path": "/media/NFS/ttao/scannet/posed_images/scene0067_00/00208.jpg",
      "transform_matrix": [
        [
          0.592993,
          -0.200538,
          0.779835,
          3.178756
        ],
        [
          -0.804887,
          -0.120308,
          0.581105,
          1.729758
        ],
        [
          -0.022714,
          -0.972271,
          -0.232753,
          1.491454
        ],
        [
          0.0,
          0.0,
          0.0,
          1.0
        ]
      ]
    },
    {
      "file_path": "/media/NFS/ttao/scannet/posed_images/scene0067_00/00212.jpg",
      "transform_matrix": [
        [
          0.703487,
          -0.198528,
          0.682417,
          3.171763
        ],
        [
          -0.71066,
          -0.185331,
          0.678686,
          1.703666
        ],
        [
          -0.008265,
          -0.962413,
          -0.271464,
          1.487055
        ],
        [
          0.0,
          0.0,
          0.0,
          1.0
        ]
      ]
    },
    {
      "file_path": "/media/NFS/ttao/scannet/posed_images/scene0067_00/00214.jpg",
      "transform_matrix": [
        [
          0.73656,
          -0.228068,
          0.636761,
          3.168306
        ],
        [
          -0.676093,
          -0.221212,
          0.702826,
          1.699347
        ],
        [
          -0.019432,
          -0.948183,
          -0.317131,
          1.474361
        ],
        [
          0.0,
          0.0,
          0.0,
          1.0
        ]
      ]
    },
    {
      "file_path": "/media/NFS/ttao/scannet/posed_images/scene0067_00/00220.jpg",
      "transform_matrix": [
        [
          0.823589,
          -0.229115,
          0.518851,
          3.152524
        ],
        [
          -0.566751,
          -0.296615,
          0.768643,
          1.666664
        ],
        [
          -0.022209,
          -0.927106,
          -0.374141,
          1.419481
        ],
        [
          0.0,
          0.0,
          0.0,
          1.0
        ]
      ]
    },
    {
      "file_path": "/media/NFS/ttao/scannet/posed_images/scene0067_00/00224.jpg",
      "transform_matrix": [
        [
          0.839188,
          -0.234155,
          0.490851,
          3.129084
        ],
        [
          -0.543608,
          -0.334758,
          0.769693,
          1.654349
        ],
        [
          -0.015911,
          -0.912748,
          -0.408214,
          1.385367
        ],
        [
          0.0,
          0.0,
          0.0,
          1.0
        ]
      ]
    },
    {
      "file_path": "/media/NFS/ttao/scannet/posed_images/scene0067_00/00225.jpg",
      "transform_matrix": [
        [
          0.844512,
          -0.237565,
          0.479959,
          3.123909
        ],
        [
          -0.535159,
          -0.340779,
          0.772964,
          1.651593
        ],
        [
          -0.020069,
          -0.909633,
          -0.414927,
          1.380837
        ],
        [
          0.0,
          0.0,
          0.0,
          1.0
        ]
      ]
    },
    {
      "file_path": "/media/NFS/ttao/scannet/posed_images/scene0067_00/00231.jpg",
      "transform_matrix": [
        [
          0.861582,
          -0.262119,
          0.434707,
          3.093141
        ],
        [
          -0.50756,
          -0.431914,
          0.745542,
          1.63514
        ],
        [
          -0.007665,
          -0.862985,
          -0.505171,
          1.324482
        ],
        [
          0.0,
          0.0,
          0.0,
          1.0
        ]
      ]
    },
    {
      "file_path": "/media/NFS/ttao/scannet/posed_images/scene0067_00/00232.jpg",
      "transform_matrix": [
        [
          0.857185,
          -0.263401,
          0.442553,
          3.082372
        ],
        [
          -0.514967,
          -0.449178,
          0.730101,
          1.629842
        ],
        [
          0.006476,
          -0.853732,
          -0.520672,
          1.308843
        ],
        [
          0.0,
          0.0,
          0.0,
          1.0
        ]
      ]
    },
    {
      "file_path": "/media/NFS/ttao/scannet/posed_images/scene0067_00/00235.jpg",
      "transform_matrix": [
        [
          0.843447,
          -0.259963,
          0.470124,
          3.074457
        ],
        [
          -0.535773,
          -0.471083,
          0.700734,
          1.620803
        ],
        [
          0.039302,
          -0.842912,
          -0.536615,
          1.288478
        ],
        [
          0.0,
          0.0,
          0.0,
          1.0
        ]
      ]
    },
    {
      "file_path": "/media/NFS/ttao/scannet/posed_images/scene0067_00/00240.jpg",
      "transform_matrix": [
        [
          0.823085,
          -0.310189,
          0.475725,
          3.091013
        ],
        [
          -0.567129,
          -0.493087,
          0.65972,
          1.586298
        ],
        [
          0.029936,
          -0.812803,
          -0.581769,
          1.265134
        ],
        [
          0.0,
          0.0,
          0.0,
          1.0
        ]
      ]
    },
    {
      "file_path": "/media/NFS/ttao/scannet/posed_images/scene0067_00/00242.jpg",
      "transform_matrix": [
        [
          0.830025,
          -0.318353,
          0.457941,
          3.097226
        ],
        [
          -0.557538,
          -0.494914,
          0.666492,
          1.568942
        ],
        [
          0.014462,
          -0.808524,
          -0.588285,
          1.257734
        ],
        [
          0.0,
          0.0,
          0.0,
          1.0
        ]
      ]
    },
    {
      "file_path": "/media/NFS/ttao/scannet/posed_images/scene0067_00/00248.jpg",
      "transform_matrix": [
        [
          0.857462,
          -0.328149,
          0.39633,
          3.122369
        ],
        [
          -0.513698,
          -0.501688,
          0.696005,
          1.527176
        ],
        [
          -0.029559,
          -0.800392,
          -0.598748,
          1.249233
        ],
        [
          0.0,
          0.0,
          0.0,
          1.0
        ]
      ]
    },
    {
      "file_path": "/media/NFS/ttao/scannet/posed_images/scene0067_00/00252.jpg",
      "transform_matrix": [
        [
          0.885724,
          -0.294442,
          0.358881,
          3.147423
        ],
        [
          -0.462151,
          -0.486555,
          0.741404,
          1.487822
        ],
        [
          -0.043685,
          -0.822537,
          -0.567031,
          1.260185
        ],
        [
          0.0,
          0.0,
          0.0,
          1.0
        ]
      ]
    },
    {
      "file_path": "/media/NFS/ttao/scannet/posed_images/scene0067_00/00253.jpg",
      "transform_matrix": [
        [
          0.891047,
          -0.284543,
          0.353652,
          3.148296
        ],
        [
          -0.451902,
          -0.482894,
          0.750065,
          1.481137
        ],
        [
          -0.04265,
          -0.82816,
          -0.558867,
          1.262155
        ],
        [
          0.0,
          0.0,
          0.0,
          1.0
        ]
      ]
    },
    {
      "file_path": "/media/NFS/ttao/scannet/posed_images/scene0067_00/00258.jpg",
      "transform_matrix": [
        [
          0.921648,
          -0.232567,
          0.310608,
          3.156659
        ],
        [
          -0.3863,
          -0.474505,
          0.79096,
          1.448495
        ],
        [
          -0.036566,
          -0.848975,
          -0.527167,
          1.279016
        ],
        [
          0.0,
          0.0,
          0.0,
          1.0
        ]
      ]
    },
    {
      "file_path": "/media/NFS/ttao/scannet/posed_images/scene0067_00/00262.jpg",
      "transform_matrix": [
        [
          0.947501,
          -0.194698,
          0.253643,
          3.159622
        ],
        [
          -0.317008,
          -0.468259,
          0.824767,
          1.418285
        ],
        [
          -0.04181,
          -0.861874,
          -0.505396,
          1.291469
        ],
        [
          0.0,
          0.0,
          0.0,
          1.0
        ]
      ]
    },
    {
      "file_path": "/media/NFS/ttao/scannet/posed_images/scene0067_00/00263.jpg",
      "transform_matrix": [
        [
          0.9527,
          -0.188397,
          0.238474,
          3.158291
        ],
        [
          -0.300651,
          -0.469572,
          0.830127,
          1.412693
        ],
        [
          -0.044413,
          -0.862559,
          -0.504003,
          1.294422
        ],
        [
          0.0,
          0.0,
          0.0,
          1.0
        ]
      ]
    },
    {
      "file_path": "/media/NFS/ttao/scannet/posed_images/scene0067_00/00266.jpg",
      "transform_matrix": [
        [
          0.965424,
          -0.169578,
          0.197991,
          3.151582
        ],
        [
          -0.255035,
          -0.457121,
          0.852055,
          1.394011
        ],
