{
  "frames": [
    {
      "file_path": "/media/NFS/ttao/scannet/posed_images/scene0458_00/00000.jpg",
      "transform_matrix": [
        [
          -0.042442,
          0.543429,
          -0.838381,
          3.560386
        ],
        [
          0.99845,
          -0.007169,
          -0.055193,
          1.377036
        ],
        [
          -0.036004,
          -0.839424,
          -0.542283,
          1.343029
        ],
        [
          0.0,
          0.0,
          0.0,
          1.0
        ]
      ]
    },
    {
      "file_path": "/media/NFS/ttao/scannet/posed_images/scene0458_00/00006.jpg",
      "transform_matrix": [
        [
          -0.062105,
          0.54225,
          -0.837919,
          3.55985
        ],
        [
          0.997281,
          0.000355,
          -0.073687,
          1.373269
        ],
        [
          -0.039659,
          -0.840217,
          -0.540798,
          1.345485
        ],
        [
          0.0,
          0.0,
          0.0,
          1.0
        ]
      ]
    },
    {
      "file_path": "/media/NFS/ttao/scannet/posed_images/scene0458_00/00012.jpg",
      "transform_matrix": [
        [
          -0.089929,
          0.544747,
          -0.833765,
          3.554848
        ],
        [
          0.994841,
          0.009659,
          -0.100992,
          1.36755
        ],
        [
          -0.046962,
          -0.838545,
          -0.542804,
          1.359286
        ],
        [
          0.0,
          0.0,
          0.0,
          1.0
        ]
      ]
    },
    {
      "file_path": "/media/NFS/ttao/scannet/posed_images/scene0458_00/00024.jpg",
      "transform_matrix": [
        [
          -0.136371,
          0.535443,
          -0.833489,
          3.561233
        ],
        [
          0.989614,
          0.035008,
          -0.139425,
          1.361415
        ],
        [
          -0.045476,
          -0.843846,
          -0.534656,
          1.36142
        ],
        [
          0.0,
          0.0,
          0.0,
          1.0
        ]
      ]
    },
    {
      "file_path": "/media/NFS/ttao/scannet/posed_images/scene0458_00/00030.jpg",
      "transform_matrix": [
        [
          -0.140045,
          0.540944,
          -0.829317,
          3.559613
        ],
        [
          0.989206,
          0.039967,
          -0.140975,
          1.358403
        ],
        [
          -0.043115,
          -0.840109,
          -0.540702,
          1.362733
        ],
        [
          0.0,
          0.0,
          0.0,
          1.0
        ]
      ]
    },
    {
      "file_path": "/media/NFS/ttao/scannet/posed_images/scene0458_00/00032.jpg",
      "transform_matrix": [
        [
          -0.140385,
          0.540829,
          -0.829334,
          3.56141
        ],
        [
          0.989127,
          0.039545,
          -0.141645,
          1.361322
        ],
        [
          -0.043809,
          -0.840202,
          -0.5405,
          1.360213
        ],
        [
          0.0,
          0.0,
          0.0,
          1.0
        ]
      ]
    },
    {
      "file_path": "/media/NFS/ttao/scannet/posed_images/scene0458_00/00042.jpg",
      "transform_matrix": [
        [
          -0.128506,
          0.555333,
          -0.821639,
          3.560619
        ],
        [
          0.990567,
          0.03213,
          -0.13321,
          1.366601
        ],
        [
          -0.047576,
          -0.831007,
          -0.554224,
          1.357446
        ],
        [
          0.0,
          0.0,
          0.0,
          1.0
        ]
      ]
    },
    {
      "file_path": "/media/NFS/ttao/scannet/posed_images/scene0458_00/00048.jpg",
      "transform_matrix": [
        [
          -0.130396,
          0.552508,
          -0.823244,
          3.561606
        ],
        [
          0.990544,
          0.036872,
          -0.132149,
          1.364622
        ],
        [
          -0.042658,
          -0.832691,
          -0.552092,
          1.357907
        ],
        [
          0.0,
          0.0,
          0.0,
          1.0
        ]
      ]
    },
    {
      "file_path": "/media/NFS/ttao/scannet/posed_images/scene0458_00/00052.jpg",
      "transform_matrix": [
        [
          -0.137968,
          0.554946,
          -0.820366,
          3.562094
        ],
        [
          0.989289,
          0.037341,
          -0.141117,
          1.362746
        ],
        [
          -0.047679,
          -0.831048,
          -0.554154,
          1.359037
        ],
        [
          0.0,
          0.0,
          0.0,
          1.0
        ]
      ]
    },
    {
      "file_path": "/media/NFS/ttao/scannet/posed_images/scene0458_00/00062.jpg",
      "transform_matrix": [
        [
          -0.198998,
          0.531883,
          -0.823104,
          3.56877
        ],
        [
          0.978464,
          0.060834,
          -0.197248,
          1.357274
        ],
        [
          -0.05484,
          -0.84463,
          -0.532535,
          1.36583
        ],
        [
          0.0,
          0.0,
          0.0,
          1.0
        ]
      ]
    },
    {
      "file_path": "/media/NFS/ttao/scannet/posed_images/scene0458_00/00066.jpg",
      "transform_matrix": [
        [
          -0.231686,
          0.526899,
          -0.81774,
          3.570521
        ],
        [
          0.970963,
          0.073749,
          -0.227579,
          1.354996
        ],
        [
          -0.059603,
          -0.846722,
          -0.528686,
          1.368123
        ],
        [
          0.0,
          0.0,
          0.0,
          1.0
        ]
      ]
    },
    {
      "file_path": "/media/NFS/ttao/scannet/posed_images/scene0458_00/00071.jpg",
      "transform_matrix": [
        [
          -0.286406,
          0.513697,
          -0.808756,
          3.572003
        ],
        [
          0.956221,
          0.100298,
          -0.274921,
          1.353448
        ],
        [
          -0.060109,
          -0.852089,
          -0.519934,
          1.375985
        ],
        [
          0.0,
          0.0,
          0.0,
          1.0
        ]
      ]
    },
    {
      "file_path": "/media/NFS/ttao/scannet/posed_images/scene0458_00/00083.jpg",
      "transform_matrix": [
        [
          -0.470887,
          0.45911,
          -0.753315,
          3.592066
        ],
        [
          0.879415,
          0.176562,
          -0.442103,
          1.347683
        ],
        [
          -0.069967,
          -0.870657,
          -0.486889,
          1.393106
        ],
        [
          0.0,
          0.0,
          0.0,
          1.0
        ]
      ]
    },
    {
      "file_path": "/media/NFS/ttao/scannet/posed_images/scene0458_00/00085.jpg",
      "transform_matrix": [
        [
          -0.498172,
          0.449699,
          -0.741347,
          3.597161
        ],
        [
          0.864473,
          0.191367,
          -0.464828,
          1.344688
        ],
        [
          -0.067163,
          -0.872439,
          -0.484086,
          1.395349
        ],
        [
          0.0,
          0.0,
          0.0,
          1.0
        ]
      ]
    },
    {
      "file_path": "/media/NFS/ttao/scannet/posed_images/scene0458_00/00095.jpg",
      "transform_matrix": [
        [
          -0.576091,
          0.379007,
          -0.724205,
          3.615726
        ],
        [
          0.815846,
          0.212274,
          -0.537898,
          1.319066
        ],
        [
          -0.050138,
          -0.900718,
          -0.431501,
          1.410096
        ],
        [
          0.0,
          0.0,
          0.0,
          1.0
        ]
      ]
    },
    {
      "file_path": "/media/NFS/ttao/scannet/posed_images/scene0458_00/00103.jpg",
      "transform_matrix": [
        [
          -0.595073,
          0.325359,
          -0.734867,
          3.617302
        ],
        [
          0.802521,
          0.191654,
          -0.565004,
          1.294447
        ],
        [
          -0.042989,
          -0.925965,
          -0.375155,
          1.418767
        ],
        [
          0.0,
          0.0,
          0.0,
          1.0
        ]
      ]
    },
    {
      "file_path": "/media/NFS/ttao/scannet/posed_images/scene0458_00/00109.jpg",
      "transform_matrix": [
        [
          -0.597569,
          0.264049,
          -0.757093,
          3.618037
        ],
        [
          0.801308,
          0.162993,
          -0.575621,
          1.27771
        ],
        [
          -0.028591,
          -0.950637,
          -0.308984,
          1.434522
        ],
        [
          0.0,
          0.0,
          0.0,
          1.0
        ]
      ]
    },
    {
      "file_path": "/media/NFS/ttao/scannet/posed_images/scene0458_00/00115.jpg",
      "transform_matrix": [
        [
          -0.598093,
          0.219743,
          -0.770712,
          3.621634
        ],
        [
          0.801327,
          0.148827,
          -0.579418,
          1.261614
        ],
        [
          -0.01262,
          -0.964139,
          -0.265098,
          1.448294
        ],
        [
          0.0,
          0.0,
          0.0,
          1.0
        ]
      ]
    },
    {
      "file_path": "/media/NFS/ttao/scannet/posed_images/scene0458_00/00117.jpg",
      "transform_matrix": [
        [
          -0.602713,
          0.209453,
          -0.769977,
          3.619485
        ],
        [
          0.79785,
          0.142373,
          -0.585802,
          1.260542
        ],
        [
          -0.013074,
          -0.967398,
          -0.252923,
          1.451779
        ],
        [
          0.0,
          0.0,
          0.0,
          1.0
        ]
      ]
    },
    {
      "file_path": "/media/NFS/ttao/scannet/posed_images/scene0458_00/00129.jpg",
      "transform_matrix": [
        [
          -0.652879,
          0.109775,
          -0.749466,
          3.594231
        ],
        [
          0.757458,
          0.09131,
          -0.646467,
          1.278844
        ],
        [
          -0.002532,
          -0.989753,
          -0.142764,
          1.472149
        ],
        [
          0.0,
          0.0,
          0.0,
          1.0
        ]
      ]
    },
    {
      "file_path": "/media/NFS/ttao/scannet/posed_images/scene0458_00/00131.jpg",
      "transform_matrix": [
        [
          -0.65987,
          0.087025,
          -0.746323,
          3.587494
        ],
        [
          0.751376,
          0.073237,
          -0.655798,
          1.285344
        ],
        [
          -0.002412,
          -0.99351,
          -0.113716,
          1.478717
        ],
        [
          0.0,
          0.0,
          0.0,
          1.0
        ]
      ]
    },
    {
      "file_path": "/media/NFS/ttao/scannet/posed_images/scene0458_00/00139.jpg",
      "transform_matrix": [
        [
          -0.675897,
          0.031703,
          -0.736314,
          3.563823
        ],
        [
          0.736995,
          0.030753,
          -0.675198,
          1.300881
        ],
        [
          0.001238,
          -0.999024,
          -0.044151,
          1.493802
        ],
        [
          0.0,
          0.0,
          0.0,
          1.0
        ]
      ]
    },
    {
      "file_path": "/media/NFS/ttao/scannet/posed_images/scene0458_00/00147.jpg",
      "transform_matrix": [
        [
          -0.694218,
          -0.009789,
          -0.719698,
          3.535227
        ],
        [
          0.719718,
          -0.020816,
          -0.693954,
          1.316663
        ],
        [
          -0.008188,
          -0.999735,
          0.021496,
          1.503345
        ],
        [
          0.0,
          0.0,
          0.0,
          1.0
        ]
      ]
    },
    {
      "file_path": "/media/NFS/ttao/scannet/posed_images/scene0458_00/00151.jpg",
      "transform_matrix": [
        [
          -0.713975,
          -0.010147,
          -0.700098,
          3.516178
        ],
        [
          0.700099,
          -0.024765,
          -0.713616,
          1.327049
        ],
        [
          -0.010097,
          -0.999642,
          0.024786,
          1.501234
        ],
        [
          0.0,
          0.0,
          0.0,
          1.0
        ]
      ]
    },
    {
      "file_path": "/media/NFS/ttao/scannet/posed_images/scene0458_00/00157.jpg",
      "transform_matrix": [
        [
          -0.770247,
          -0.002982,
          -0.637739,
          3.50191
        ],
        [
          0.637515,
          -0.030513,
          -0.769834,
          1.335362
        ],
        [
          -0.017164,
          -0.99953,
          0.025403,
          1.501832
        ],
        [
          0.0,
          0.0,
          0.0,
          1.0
        ]
      ]
    },
    {
      "file_path": "/media/NFS/ttao/scannet/posed_images/scene0458_00/00167.jpg",
      "transform_matrix": [
        [
          -0.878188,
          0.009674,
          -0.478217,
          3.488294
        ],
        [
          0.478303,
          0.010673,
          -0.87813,
          1.328603
        ],
        [
          -0.003391,
          -0.999896,
          -0.014,
          1.495018
        ],
        [
          0.0,
          0.0,
          0.0,
          1.0
        ]
      ]
    },
    {
      "file_path": "/media/NFS/ttao/scannet/posed_images/scene0458_00/00175.jpg",
      "transform_matrix": [
        [
          -0.920562,
          0.02056,
          -0.390055,
          3.484231
        ],
        [
          0.390597,
          0.049271,
          -0.919242,
          1.292181
        ],
        [
          0.000319,
          -0.998574,
          -0.053388,
          1.491721
        ],
        [
          0.0,
          0.0,
          0.0,
          1.0
        ]
      ]
    },
    {
      "file_path": "/media/NFS/ttao/scannet/posed_images/scene0458_00/00183.jpg",
      "transform_matrix": [
        [
          -0.954756,
          0.004821,
          -0.297351,
          3.490133
        ],
        [
          0.297265,
          0.044544,
          -0.953755,
          1.245914
        ],
        [
          0.008647,
          -0.998996,
          -0.043961,
          1.493497
        ],
        [
          0.0,
          0.0,
          0.0,
          1.0
        ]
      ]
    },
    {
      "file_path": "/media/NFS/ttao/scannet/posed_images/scene0458_00/00185.jpg",
      "transform_matrix": [
        [
          -0.961945,
          -0.008515,
          -0.273112,
          3.490435
        ],
        [
          0.272282,
          0.05394,
          -0.960704,
          1.231619
        ],
        [
          0.022912,
          -0.998508,
          -0.049569,
          1.493886
        ],
        [
          0.0,
          0.0,
          0.0,
          1.0
        ]
      ]
    },
    {
      "file_path": "/media/NFS/ttao/scannet/posed_images/scene0458_00/00193.jpg",
      "transform_matrix": [
        [
          -0.982102,
          -0.016538,
          -0.18762,
          3.495097
        ],
        [
          0.185559,
          0.085831,
          -0.978877,
          1.178741
        ],
        [
          0.032292,
          -0.996172,
          -0.081226,
          1.486752
        ],
        [
          0.0,
          0.0,
          0.0,
          1.0
        ]
      ]
    },
    {
      "file_path": "/media/NFS/ttao/scannet/posed_images/scene0458_00/00200.jpg",
      "transform_matrix": [
        [
          -0.99416,
          -0.001656,
          -0.107904,
          3.497842
        ],
        [
          0.107097,
          0.10789,
          -0.988378,
          1.148525
        ],
        [
          0.013278,
          -0.994161,
          -0.107082,
          1.479339
        ],
        [
          0.0,
          0.0,
          0.0,
          1.0
        ]
      ]
    },
    {
      "file_path": "/media/NFS/ttao/scannet/posed_images/scene0458_00/00206.jpg",
      "transform_matrix": [
        [
          -0.999831,
          0.014433,
          -0.011373,
          3.481233
        ],
        [
          0.013112,
          0.12676,
          -0.991847,
          1.122837
        ],
        [
          -0.012873,
          -0.991828,
          -0.126928,
          1.482211
        ],
        [
          0.0,
          0.0,
          0.0,
          1.0
        ]
      ]
    },
    {
      "file_path": "/media/NFS/ttao/scannet/posed_images/scene0458_00/00210.jpg",
      "transform_matrix": [
        [
          -0.998077,
          0.0111,
          0.06098,
          3.476016
        ],
        [
          -0.058839,
          0.139613,
          -0.988457,
          1.106981
        ],
        [
          -0.019485,
          -0.990144,
          -0.138691,
          1.484791
        ],
        [
          0.0,
          0.0,
          0.0,
          1.0
        ]
      ]
    },
    {
      "file_path": "/media/NFS/ttao/scannet/posed_images/scene0458_00/00218.jpg",
      "transform_matrix": [
        [
          -0.962573,
          0.002097,
          0.271015,
          3.396306
        ],
        [
          -0.267582,
          0.151484,
          -0.951553,
          1.075628
        ],
        [
          -0.04305,
          -0.988458,
          -0.145253,
          1.488105
        ],
        [
          0.0,
          0.0,
          0.0,
          1.0
        ]
      ]
    },
    {
      "file_path": "/media/NFS/ttao/scannet/posed_images/scene0458_00/00228.jpg",
      "transform_matrix": [
        [
          -0.862397,
          -0.073258,
          0.500903,
          3.340025
        ],
        [
          -0.505556,
          0.175759,
          -0.844702,
          1.069473
        ],
        [
          -0.026157,
          -0.981704,
          -0.18861,
          1.486142
        ],
        [
          0.0,
          0.0,
          0.0,
          1.0
        ]
      ]
    },
    {
      "file_path": "/media/NFS/ttao/scannet/posed_images/scene0458_00/00234.jpg",
      "transform_matrix": [
        [
          -0.805653,
          -0.0874,
          0.585905,
          3.32718
        ],
        [
          -0.591797,
          0.162913,
          -0.789453,
          1.060152
        ],
        [
          -0.026453,
          -0.982762,
          -0.182974,
          1.476168
        ],
        [
          0.0,
          0.0,
          0.0,
          1.0
        ]
      ]
    },
    {
      "file_path": "/media/NFS/ttao/scannet/posed_images/scene0458_00/00242.jpg",
      "transform_matrix": [
        [
          -0.747797,
          -0.136617,
          0.64972,
          3.350413
        ],
        [
          -0.66389,
          0.164275,
          -0.729564,
          1.049948
        ],
        [
          -0.007062,
          -0.976908,
          -0.213543,
          1.471315
        ],
        [
          0.0,
          0.0,
          0.0,
          1.0
        ]
      ]
    },
    {
      "file_path": "/media/NFS/ttao/scannet/posed_images/scene0458_00/00244.jpg",
      "transform_matrix": [
        [
          -0.731518,
          -0.142233,
          0.666822,
          3.356189
        ],
        [
          -0.68179,
          0.162109,
          -0.713361,
          1.047935
        ],
        [
          -0.006634,
          -0.976468,
          -0.215559,
          1.471292
        ],
        [
          0.0,
          0.0,
          0.0,
          1.0
        ]
      ]
    },
    {
      "file_path": "/media/NFS/ttao/scannet/posed_images/scene0458_00/00250.jpg",
      "transform_matrix": [
        [
          -0.685515,
          -0.166014,
          0.708878,
          3.382676
        ],
        [
          -0.727963,
          0.172063,
          -0.663675,
          1.038064
        ],
        [
          -0.011792,
          -0.970996,
          -0.238804,
          1.477763
        ],
        [
          0.0,
          0.0,
          0.0,
          1.0
        ]
      ]
    },
    {
      "file_path": "/media/NFS/ttao/scannet/posed_images/scene0458_00/00256.jpg",
      "transform_matrix": [
        [
          -0.642749,
          -0.181445,
          0.744279,
          3.393479
        ],
        [
          -0.765532,
          0.188738,
          -0.615092,
          1.024939
        ],
        [
          -0.028868,
          -0.96512,
          -0.260213,
          1.471009
        ],
        [
          0.0,
          0.0,
          0.0,
          1.0
        ]
      ]
    },
    {
      "file_path": "/media/NFS/ttao/scannet/posed_images/scene0458_00/00268.jpg",
      "transform_matrix": [
        [
          -0.443086,
          -0.243374,
          0.862811,
          3.376125
        ],
        [
          -0.896033,
          0.150588,
          -0.41767,
          1.001444
        ],
        [
          -0.028279,
          -0.958171,
          -0.284795,
          1.46527
        ],
        [
          0.0,
          0.0,
          0.0,
          1.0
        ]
      ]
    },
    {
      "file_path": "/media/NFS/ttao/scannet/posed_images/scene0458_00/00274.jpg",
      "transform_matrix": [
        [
          -0.365126,
          -0.272508,
          0.890181,
          3.360861
        ],
        [
          -0.930803,
          0.124343,
          -0.343723,
          0.991892
        ],
        [
          -0.01702,
          -0.954085,
          -0.299052,
          1.459151
        ],
        [
          0.0,
          0.0,
          0.0,
          1.0
        ]
      ]
    },
    {
      "file_path": "/media/NFS/ttao/scannet/posed_images/scene0458_00/00280.jpg",
      "transform_matrix": [
        [
          -0.312801,
          -0.295077,
          0.90282,
          3.353514
        ],
        [
          -0.949735,
          0.109766,
          -0.29318,
          0.986528
        ],
        [
          -0.012588,
          -0.949147,
          -0.31458,
          1.458424
        ],
        [
          0.0,
          0.0,
          0.0,
          1.0
        ]
      ]
    },
    {
      "file_path": "/media/NFS/ttao/scannet/posed_images/scene0458_00/00284.jpg",
      "transform_matrix": [
        [
          -0.28202,
          -0.298316,
          0.911851,
          3.350435
        ],
        [
          -0.959195,
          0.107697,
          -0.261429,
          0.985718
        ],
        [
          -0.020215,
          -0.948372,
          -0.316517,
          1.459182
        ],
        [
          0.0,
          0.0,
          0.0,
          1.0
        ]
      ]
    },
    {
      "file_path": "/media/NFS/ttao/scannet/posed_images/scene0458_00/00290.jpg",
      "transform_matrix": [
        [
          -0.247419,
          -0.295624,
          0.922708,
          3.348021
        ],
        [
          -0.968577,
          0.100365,
          -0.227563,
          0.991367
        ],
        [
          -0.025335,
          -0.950018,
          -0.311167,
          1.452334
        ],
        [
          0.0,
          0.0,
          0.0,
          1.0
        ]
      ]
    },
    {
      "file_path": "/media/NFS/ttao/scannet/posed_images/scene0458_00/00300.jpg",
      "transform_matrix": [
        [
          -0.190094,
          -0.338024,
          0.92174,
          3.354955
        ],
        [
          -0.981687,
          0.077325,
          -0.1741,
          1.017222
        ],
        [
          -0.012424,
          -0.937956,
          -0.346533,
          1.447386
        ],
        [
          0.0,
          0.0,
          0.0,
          1.0
        ]
      ]
    },
    {
      "file_path": "/media/NFS/ttao/scannet/posed_images/scene0458_00/00308.jpg",
      "transform_matrix": [
        [
          -0.109642,
          -0.368802,
          0.923019,
          3.364588
        ],
        [
          -0.99374,
          0.060709,
          -0.093786,
          1.043886
        ],
        [
          -0.021447,
          -0.927523,
          -0.37315,
          1.439626
        ],
        [
          0.0,
          0.0,
          0.0,
          1.0
        ]
      ]
    },
    {
      "file_path": "/media/NFS/ttao/scannet/posed_images/scene0458_00/00310.jpg",
      "transform_matrix": [
        [
          -0.082858,
          -0.380752,
          0.920957,
          3.369496
        ],
        [
          -0.996543,
          0.037264,
          -0.074253,
          1.063375
        ],
        [
          -0.006047,
          -0.923926,
          -0.382523,
          1.435568
        ],
        [
          0.0,
          0.0,
          0.0,
          1.0
        ]
      ]
    },
    {
      "file_path": "/media/NFS/ttao/scannet/posed_images/scene0458_00/00316.jpg",
      "transform_matrix": [
        [
          -0.013777,
          -0.405538,
          0.913974,
          3.382816
        ],
        [
          -0.999765,
          0.020896,
          -0.005798,
          1.081284
        ],
        [
          -0.016747,
          -0.913839,
          -0.405731,
          1.432588
        ],
        [
          0.0,
          0.0,
          0.0,
          1.0
        ]
      ]
    },
    {
      "file_path": "/media/NFS/ttao/scannet/posed_images/scene0458_00/00324.jpg",
      "transform_matrix": [
        [
          0.071394,
          -0.431524,
          0.899273,
          3.407866
        ],
        [
          -0.997435,
          -0.026106,
          0.06666,
          1.126239
        ],
        [
          -0.005289,
          -0.901724,
          -0.43228,
          1.414095
        ],
        [
          0.0,
          0.0,
          0.0,
          1.0
        ]
      ]
    },
    {
      "file_path": "/media/NFS/ttao/scannet/posed_images/scene0458_00/00330.jpg",
      "transform_matrix": [
        [
          0.123122,
          -0.462434,
          0.878064,
          3.431598
        ],
        [
          -0.992383,
          -0.053563,
          0.110943,
          1.166167
        ],
        [
          -0.004272,
          -0.885035,
          -0.465506,
          1.398607
        ],
        [
          0.0,
          0.0,
          0.0,
          1.0
        ]
      ]
    },
    {
      "file_path": "/media/NFS/ttao/scannet/posed_images/scene0458_00/00339.jpg",
      "transform_matrix": [
        [
          0.23039,
          -0.499061,
          0.83538,
          3.461359
        ],
        [
          -0.970727,
          -0.057973,
          0.233085,
          1.138011
        ],
        [
          -0.067894,
          -0.864626,
          -0.497808,
          1.403643
        ],
        [
          0.0,
          0.0,
          0.0,
          1.0
        ]
      ]
    },
    {
      "file_path": "/media/NFS/ttao/scannet/posed_images/scene0458_00/00343.jpg",
      "transform_matrix": [
        [
          0.309879,
          -0.494046,
          0.812338,
          3.462408
        ],
        [
          -0.947478,
          -0.08936,
          0.307083,
          1.117818
        ],
        [
          -0.079123,
          -0.864832,
          -0.495788,
          1.394163
        ],
        [
          0.0,
          0.0,
          0.0,
          1.0
        ]
      ]
    },
    {
      "file_path": "/media/NFS/ttao/scannet/posed_images/scene0458_00/00349.jpg",
      "transform_matrix": [
        [
          0.427754,
          -0.476251,
          0.768252,
          3.460555
        ],
        [
          -0.899975,
          -0.145326,
          0.411006,
          1.084482
        ],
        [
          -0.084095,
          -0.867217,
          -0.490778,
          1.399619
        ],
        [
          0.0,
          0.0,
          0.0,
          1.0
        ]
      ]
    },
    {
      "file_path": "/media/NFS/ttao/scannet/posed_images/scene0458_00/00359.jpg",
      "transform_matrix": [
        [
          0.577075,
          -0.4552,
          0.678069,
          3.455918
        ],
        [
          -0.811161,
          -0.223012,
          0.540632,
          1.056894
        ],
        [
          -0.094878,
          -0.862009,
          -0.497935,
          1.408637
        ],
        [
          0.0,
          0.0,
          0.0,
          1.0
        ]
      ]
    },
    {
      "file_path": "/media/NFS/ttao/scannet/posed_images/scene0458_00/00363.jpg",
      "transform_matrix": [
        [
          0.616372,
          -0.443558,
          0.650648,
          3.445226
        ],
        [
          -0.77994,
          -0.229995,
          0.582062,
          1.053491
        ],
        [
          -0.108532,
          -0.866232,
          -0.487711,
          1.395859
        ],
        [
          0.0,
          0.0,
          0.0,
          1.0
        ]
      ]
    },
    {
      "file_path": "/media/NFS/ttao/scannet/posed_images/scene0458_00/00369.jpg",
      "transform_matrix": [
        [
          0.674892,
          -0.427187,
          0.601691,
          3.442802
        ],
        [
          -0.729497,
          -0.263425,
          0.631222,
          1.07106
        ],
        [
          -0.11115,
          -0.864938,
          -0.489415,
          1.396138
        ],
        [
          0.0,
          0.0,
          0.0,
          1.0
        ]
      ]
    },
    {
      "file_path": "/media/NFS/ttao/scannet/posed_images/scene0458_00/00381.jpg",
      "transform_matrix": [
        [
          0.813878,
          -0.31903,
          0.485615,
          3.455719
        ],
        [
          -0.576664,
          -0.341192,
          0.742325,
          1.149647
        ],
        [
          -0.071136,
          -0.884199,
          -0.461662,
          1.394482
        ],
        [
          0.0,
          0.0,
          0.0,
          1.0
        ]
      ]
    },
    {
      "file_path": "/media/NFS/ttao/scannet/posed_images/scene0458_00/00385.jpg",
      "transform_matrix": [
        [
          0.848955,
          -0.283399,
          0.446051,
          3.458303
        ],
        [
          -0.525642,
          -0.365701,
          0.76809,
          1.177885
        ],
        [
          -0.054555,
          -0.886537,
          -0.45943,
          1.394287
        ],
        [
          0.0,
          0.0,
          0.0,
          1.0
        ]
      ]
    },
    {
      "file_path": "/media/NFS/ttao/scannet/posed_images/scene0458_00/00393.jpg",
      "transform_matrix": [
        [
          0.912499,
          -0.202461,
          0.355465,
          3.460104
        ],
        [
          -0.408548,
          -0.406769,
          0.817084,
          1.217104
        ],
        [
          -0.020835,
          -0.890813,
          -0.453891,
          1.40045
        ],
        [
          0.0,
          0.0,
          0.0,
          1.0
        ]
      ]
    },
    {
      "file_path": "/media/NFS/ttao/scannet/posed_images/scene0458_00/00395.jpg",
      "transform_matrix": [
        [
          0.926036,
          -0.185926,
          0.328465,
          3.464017
        ],
        [
          -0.376971,
          -0.412448,
          0.829325,
          1.223876
        ],
        [
          -0.018719,
          -0.891806,
          -0.45203,
          1.399573
        ],
        [
          0.0,
          0.0,
          0.0,
          1.0
        ]
      ]
    },
    {
      "file_path": "/media/NFS/ttao/scannet/posed_images/scene0458_00/00407.jpg",
      "transform_matrix": [
        [
          0.990977,
          -0.069048,
          0.11488,
          3.532072
        ],
        [
          -0.13314,
          -0.408301,
          0.903086,
          1.236122
        ],
        [
          -0.01545,
          -0.910232,
          -0.413809,
          1.414624
        ],
        [
          0.0,
          0.0,
          0.0,
          1.0
        ]
      ]
    },
    {
      "file_path": "/media/NFS/ttao/scannet/posed_images/scene0458_00/00413.jpg",
      "transform_matrix": [
        [
          0.999062,
          -0.018193,
          0.039304,
          3.575388
        ],
        [
          -0.043228,
          -0.362664,
          0.930917,
          1.219945
        ],
        [
          -0.002682,
          -0.931742,
          -0.36311,
          1.437842
        ],
        [
          0.0,
          0.0,
          0.0,
          1.0
        ]
      ]
    },
    {
      "file_path": "/media/NFS/ttao/scannet/posed_images/scene0458_00/00421.jpg",
      "transform_matrix": [
        [
          0.99955,
          0.018028,
          -0.023986,
          3.604462
        ],
        [
          0.028503,
          -0.320628,
          0.946777,
          1.203549
        ],
        [
          0.009378,
          -0.947034,
          -0.320997,
          1.452261
        ],
        [
          0.0,
          0.0,
          0.0,
          1.0
        ]
      ]
    },
    {
      "file_path": "/media/NFS/ttao/scannet/posed_images/scene0458_00/00423.jpg",
      "transform_matrix": [
        [
          0.999274,
          0.018863,
          -0.033091,
          3.606816
        ],
        [
          0.037378,
          -0.318351,
          0.947236,
          1.200913
        ],
        [
          0.007333,
          -0.947785,
          -0.318825,
          1.454168
        ],
        [
          0.0,
          0.0,
          0.0,
          1.0
        ]
      ]
    },
    {
      "file_path": "/media/NFS/ttao/scannet/posed_images/scene0458_00/00429.jpg",
      "transform_matrix": [
        [
          0.998793,
          0.021353,
          -0.044236,
          3.599987
        ],
        [
          0.04883,
          -0.333957,
          0.941323,
          1.19204
        ],
        [
          0.005327,
          -0.942347,
          -0.334596,
          1.451942
        ],
        [
          0.0,
          0.0,
          0.0,
          1.0
        ]
      ]
    },
    {
      "file_path": "/media/NFS/ttao/scannet/posed_images/scene0458_00/00441.jpg",
      "transform_matrix": [
        [
          0.981256,
          0.052123,
          -0.185528,
          3.591132
        ],
        [
          0.191561,
          -0.368816,
          0.909549,
          1.157843
        ],
        [
          -0.021017,
          -0.92804,
          -0.371887,
          1.446024
        ],
        [
          0.0,
          0.0,
          0.0,
          1.0
        ]
      ]
    },
    {
      "file_path": "/media/NFS/ttao/scannet/posed_images/scene0458_00/00443.jpg",
      "transform_matrix": [
        [
          0.972115,
          0.066822,
          -0.224783,
          3.595063
        ],
        [
          0.233571,
          -0.361391,
          0.902686,
          1.148822
        ],
        [
          -0.020915,
          -0.930017,
          -0.366921,
          1.44762
        ],
        [
          0.0,
          0.0,
          0.0,
          1.0
        ]
      ]
    },
    {
      "file_path": "/media/NFS/ttao/scannet/posed_images/scene0458_00/00453.jpg",
      "transform_matrix": [
        [
          0.920087,
          0.112765,
          -0.375132,
          3.619598
        ],
        [
          0.390692,
          -0.333309,
          0.858059,
          1.110554
        ],
        [
          -0.028276,
          -0.93605,
          -0.35073,
          1.457361
        ],
        [
          0.0,
          0.0,
          0.0,
          1.0
        ]
      ]
    },
    {
      "file_path": "/media/NFS/ttao/scannet/posed_images/scene0458_00/00455.jpg",
      "transform_matrix": [
        [
          0.90874,
          0.117931,
          -0.400354,
          3.623358
        ],
        [
          0.416101,
          -0.330502,
          0.847129,
          1.103828
        ],
        [
          -0.032416,
          -0.936408,
          -0.349412,
          1.456666
        ],
        [
          0.0,
          0.0,
          0.0,
          1.0
        ]
      ]
    },
    {
      "file_path": "/media/NFS/ttao/scannet/posed_images/scene0458_00/00466.jpg",
      "transform_matrix": [
        [
          0.834116,
          0.158384,
          -0.528361,
          3.625901
        ],
        [
          0.55038,
          -0.302389,
          0.778231,
          1.075714
        ],
        [
          -0.036511,
          -0.939934,
          -0.339399,
          1.457178
        ],
        [
          0.0,
          0.0,
          0.0,
          1.0
        ]
      ]
    },
    {
      "file_path": "/media/NFS/ttao/scannet/posed_images/scene0458_00/00472.jpg",
      "transform_matrix": [
        [
          0.799654,
          0.206541,
          -0.563821,
          3.620224
        ],
        [
          0.599949,
          -0.31359,
          0.736018,
          1.072291
        ],
        [
          -0.024791,
          -0.926824,
          -0.374678,
          1.44986
        ],
        [
          0.0,
          0.0,
          0.0,
          1.0
        ]
      ]
    },
    {
      "file_path": "/media/NFS/ttao/scannet/posed_images/scene0458_00/00474.jpg",
      "transform_matrix": [
        [
          0.789099,
          0.219305,
          -0.573784,
          3.618033
        ],
        [
          0.61391,
          -0.313372,
          0.724509,
          1.070941
        ],
        [
          -0.020919,
          -0.923961,
          -0.381915,
          1.446279
        ],
        [
          0.0,
          0.0,
          0.0,
          1.0
        ]
      ]
    },
    {
      "file_path": "/media/NFS/ttao/scannet/posed_images/scene0458_00/00486.jpg",
      "transform_matrix": [
        [
          0.682025,
          0.335849,
          -0.649652,
          3.582225
        ],
        [
          0.731202,
          -0.29661,
          0.614301,
          1.059767
        ],
        [
          0.013619,
          -0.893995,
          -0.447869,
          1.416942
        ],
        [
          0.0,
          0.0,
          0.0,
          1.0
        ]
      ]
    },
    {
      "file_path": "/media/NFS/ttao/scannet/posed_images/scene0458_00/00492.jpg",
      "transform_matrix": [
        [
          0.60415,
          0.411491,
          -0.682405,
          3.557601
        ],
        [
          0.795911,
          -0.269603,
          0.542069,
          1.06177
        ],
        [
          0.039078,
          -0.870626,
          -0.490391,
          1.399625
        ],
        [
          0.0,
          0.0,
          0.0,
          1.0
        ]
      ]
    },
    {
      "file_path": "/media/NFS/ttao/scannet/posed_images/scene0458_00/00500.jpg",
      "transform_matrix": [
        [
          0.512962,
          0.455789,
          -0.727411,
          3.526512
        ],
        [
          0.857805,
          -0.240343,
          0.454319,
          1.055299
        ],
        [
          0.032245,
          -0.857025,
          -0.514265,
          1.379681
        ],
        [
          0.0,
          0.0,
          0.0,
          1.0
        ]
      ]
    },
    {
      "file_path": "/media/NFS/ttao/scannet/posed_images/scene0458_00/00502.jpg",
      "transform_matrix": [
        [
          0.494287,
          0.463603,
          -0.735359,
          3.515329
        ],
        [
          0.868737,
          -0.23303,
          0.437028,
          1.050526
        ],
        [
          0.031246,
          -0.854851,
          -0.517933,
          1.380782
        ],
        [
          0.0,
          0.0,
          0.0,
          1.0
        ]
      ]
    },
    {
      "file_path": "/media/NFS/ttao/scannet/posed_images/scene0458_00/00508.jpg",
      "transform_matrix": [
        [
          0.434609,
          0.489877,
          -0.755735,
          3.492963
        ],
        [
          0.900491,
          -0.22218,
          0.373835,
          1.04193
        ],
        [
          0.015224,
