{
  "frames": [
    {
      "file_path": "/media/NFS/ttao/scannet/posed_images/scene0456_01/00002.jpg",
      "transform_matrix": [
        [
          -0.152526,
          0.139772,
          -0.978366,
          4.481034
        ],
        [
          0.987302,
          -0.022913,
          -0.157193,
          0.784826
        ],
        [
          -0.044389,
          -0.989919,
          -0.134502,
          1.409154
        ],
        [
          0.0,
          0.0,
          0.0,
          1.0
        ]
      ]
    },
    {
      "file_path": "/media/NFS/ttao/scannet/posed_images/scene0456_01/00003.jpg",
      "transform_matrix": [
        [
          -0.151169,
          0.139392,
          -0.97863,
          4.485707
        ],
        [
          0.987483,
          -0.023783,
          -0.155925,
          0.788515
        ],
        [
          -0.04501,
          -0.989952,
          -0.134052,
          1.409602
        ],
        [
          0.0,
          0.0,
          0.0,
          1.0
        ]
      ]
    },
    {
      "file_path": "/media/NFS/ttao/scannet/posed_images/scene0456_01/00007.jpg",
      "transform_matrix": [
        [
          -0.14611,
          0.139947,
          -0.97932,
          4.506169
        ],
        [
          0.987468,
          -0.039058,
          -0.152908,
          0.808803
        ],
        [
          -0.05965,
          -0.989388,
          -0.132486,
          1.416099
        ],
        [
          0.0,
          0.0,
          0.0,
          1.0
        ]
      ]
    },
    {
      "file_path": "/media/NFS/ttao/scannet/posed_images/scene0456_01/00011.jpg",
      "transform_matrix": [
        [
          -0.167348,
          0.159141,
          -0.972969,
          4.519164
        ],
        [
          0.984148,
          -0.031819,
          -0.174475,
          0.827703
        ],
        [
          -0.058725,
          -0.986743,
          -0.151293,
          1.476624
        ],
        [
          0.0,
          0.0,
          0.0,
          1.0
        ]
      ]
    },
    {
      "file_path": "/media/NFS/ttao/scannet/posed_images/scene0456_01/00013.jpg",
      "transform_matrix": [
        [
          -0.172036,
          0.155181,
          -0.972791,
          4.529573
        ],
        [
          0.983073,
          -0.036136,
          -0.179619,
          0.83663
        ],
        [
          -0.063027,
          -0.987225,
          -0.146337,
          1.485461
        ],
        [
          0.0,
          0.0,
          0.0,
          1.0
        ]
      ]
    },
    {
      "file_path": "/media/NFS/ttao/scannet/posed_images/scene0456_01/00016.jpg",
      "transform_matrix": [
        [
          -0.178127,
          0.139,
          -0.974141,
          4.542457
        ],
        [
          0.981658,
          -0.043277,
          -0.185676,
          0.84824
        ],
        [
          -0.067967,
          -0.989346,
          -0.128742,
          1.494154
        ],
        [
          0.0,
          0.0,
          0.0,
          1.0
        ]
      ]
    },
    {
      "file_path": "/media/NFS/ttao/scannet/posed_images/scene0456_01/00023.jpg",
      "transform_matrix": [
        [
          -0.197043,
          0.110569,
          -0.97414,
          4.576775
        ],
        [
          0.977815,
          -0.049869,
          -0.203446,
          0.863523
        ],
        [
          -0.071074,
          -0.992617,
          -0.09829,
          1.506795
        ],
        [
          0.0,
          0.0,
          0.0,
          1.0
        ]
      ]
    },
    {
      "file_path": "/media/NFS/ttao/scannet/posed_images/scene0456_01/00025.jpg",
      "transform_matrix": [
        [
          -0.201856,
          0.112934,
          -0.972882,
          4.582529
        ],
        [
          0.976408,
          -0.054579,
          -0.208924,
          0.868435
        ],
        [
          -0.076693,
          -0.992102,
          -0.099252,
          1.511581
        ],
        [
          0.0,
          0.0,
          0.0,
          1.0
        ]
      ]
    },
    {
      "file_path": "/media/NFS/ttao/scannet/posed_images/scene0456_01/00027.jpg",
      "transform_matrix": [
        [
          -0.202249,
          0.11628,
          -0.972406,
          4.587622
        ],
        [
          0.97611,
          -0.056573,
          -0.209784,
          0.87189
        ],
        [
          -0.079406,
          -0.991604,
          -0.10206,
          1.515118
        ],
        [
          0.0,
          0.0,
          0.0,
          1.0
        ]
      ]
    },
    {
      "file_path": "/media/NFS/ttao/scannet/posed_images/scene0456_01/00030.jpg",
      "transform_matrix": [
        [
          -0.195296,
          0.124733,
          -0.97278,
          4.59437
        ],
        [
          0.97773,
          -0.052948,
          -0.203079,
          0.87416
        ],
        [
          -0.076837,
          -0.990777,
          -0.111615,
          1.517948
        ],
        [
          0.0,
          0.0,
          0.0,
          1.0
        ]
      ]
    },
    {
      "file_path": "/media/NFS/ttao/scannet/posed_images/scene0456_01/00036.jpg",
      "transform_matrix": [
        [
          -0.162161,
          0.11633,
          -0.979883,
          4.605144
        ],
        [
          0.983979,
          -0.055494,
          -0.169427,
          0.87291
        ],
        [
          -0.074087,
          -0.991659,
          -0.105468,
          1.526824
        ],
        [
          0.0,
          0.0,
          0.0,
          1.0
        ]
      ]
    },
    {
      "file_path": "/media/NFS/ttao/scannet/posed_images/scene0456_01/00038.jpg",
      "transform_matrix": [
        [
          -0.152221,
          0.109955,
          -0.982211,
          4.606984
        ],
        [
          0.985932,
          -0.05253,
          -0.158678,
          0.869003
        ],
        [
          -0.069043,
          -0.992547,
          -0.100411,
          1.529491
        ],
        [
          0.0,
          0.0,
          0.0,
          1.0
        ]
      ]
    },
    {
      "file_path": "/media/NFS/ttao/scannet/posed_images/scene0456_01/00043.jpg",
      "transform_matrix": [
        [
          -0.101971,
          0.110885,
          -0.988588,
          4.618425
        ],
        [
          0.993003,
          -0.048154,
          -0.107827,
          0.84797
        ],
        [
          -0.059561,
          -0.992666,
          -0.105199,
          1.518485
        ],
        [
          0.0,
          0.0,
          0.0,
          1.0
        ]
      ]
    },
    {
      "file_path": "/media/NFS/ttao/scannet/posed_images/scene0456_01/00044.jpg",
      "transform_matrix": [
        [
          -0.091562,
          0.115037,
          -0.989132,
          4.61854
        ],
        [
          0.993892,
          -0.050891,
          -0.097921,
          0.842456
        ],
        [
          -0.061603,
          -0.992057,
          -0.109674,
          1.515476
        ],
        [
          0.0,
          0.0,
          0.0,
          1.0
        ]
      ]
    },
    {
      "file_path": "/media/NFS/ttao/scannet/posed_images/scene0456_01/00047.jpg",
      "transform_matrix": [
        [
          -0.061894,
          0.137255,
          -0.9886,
          4.617102
        ],
        [
          0.99612,
          -0.053595,
          -0.069806,
          0.824961
        ],
        [
          -0.062565,
          -0.989085,
          -0.133405,
          1.509014
        ],
        [
          0.0,
          0.0,
          0.0,
          1.0
        ]
      ]
    },
    {
      "file_path": "/media/NFS/ttao/scannet/posed_images/scene0456_01/00053.jpg",
      "transform_matrix": [
        [
          0.013145,
          0.171766,
          -0.98505,
          4.620073
        ],
        [
          0.998259,
          -0.058902,
          0.00305,
          0.782648
        ],
        [
          -0.057498,
          -0.983375,
          -0.172241,
          1.490708
        ],
        [
          0.0,
          0.0,
          0.0,
          1.0
        ]
      ]
    },
    {
      "file_path": "/media/NFS/ttao/scannet/posed_images/scene0456_01/00054.jpg",
      "transform_matrix": [
        [
          0.026952,
          0.175287,
          -0.984148,
          4.622592
        ],
        [
          0.997776,
          -0.064754,
          0.015792,
          0.776556
        ],
        [
          -0.060959,
          -0.982386,
          -0.176643,
          1.483921
        ],
        [
          0.0,
          0.0,
          0.0,
          1.0
        ]
      ]
    },
    {
      "file_path": "/media/NFS/ttao/scannet/posed_images/scene0456_01/00060.jpg",
      "transform_matrix": [
        [
          0.11707,
          0.249502,
          -0.961272,
          4.609181
        ],
        [
          0.991557,
          -0.083708,
          0.099032,
          0.735121
        ],
        [
          -0.055758,
          -0.96475,
          -0.257195,
          1.456541
        ],
        [
          0.0,
          0.0,
          0.0,
          1.0
        ]
      ]
    },
    {
      "file_path": "/media/NFS/ttao/scannet/posed_images/scene0456_01/00062.jpg",
      "transform_matrix": [
        [
          0.140581,
          0.268583,
          -0.952943,
          4.608358
        ],
        [
          0.988725,
          -0.088232,
          0.120992,
          0.72766
        ],
        [
          -0.051584,
          -0.959207,
          -0.277959,
          1.441482
        ],
        [
          0.0,
          0.0,
          0.0,
          1.0
        ]
      ]
    },
    {
      "file_path": "/media/NFS/ttao/scannet/posed_images/scene0456_01/00067.jpg",
      "transform_matrix": [
        [
          0.219437,
          0.304955,
          -0.926741,
          4.603651
        ],
        [
          0.974771,
          -0.108299,
          0.195173,
          0.708447
        ],
        [
          -0.040846,
          -0.946189,
          -0.321027,
          1.415658
        ],
        [
          0.0,
          0.0,
          0.0,
          1.0
        ]
      ]
    },
    {
      "file_path": "/media/NFS/ttao/scannet/posed_images/scene0456_01/00070.jpg",
      "transform_matrix": [
        [
          0.25333,
          0.329556,
          -0.909515,
          4.593481
        ],
        [
          0.966008,
          -0.13623,
          0.219703,
          0.714664
        ],
        [
          -0.051499,
          -0.934256,
          -0.352864,
          1.410395
        ],
        [
          0.0,
          0.0,
          0.0,
          1.0
        ]
      ]
    },
    {
      "file_path": "/media/NFS/ttao/scannet/posed_images/scene0456_01/00071.jpg",
      "transform_matrix": [
        [
          0.265965,
          0.335668,
          -0.903653,
          4.591098
        ],
        [
          0.962587,
          -0.142909,
          0.230226,
          0.714244
        ],
        [
          -0.051861,
          -0.931077,
          -0.361118,
          1.406558
        ],
        [
          0.0,
          0.0,
          0.0,
          1.0
        ]
      ]
    },
    {
      "file_path": "/media/NFS/ttao/scannet/posed_images/scene0456_01/00077.jpg",
      "transform_matrix": [
        [
          0.353367,
          0.362129,
          -0.862551,
          4.583259
        ],
        [
          0.934695,
          -0.174562,
          0.309635,
          0.706781
        ],
        [
          -0.038441,
          -0.915637,
          -0.400164,
          1.382802
        ],
        [
          0.0,
          0.0,
          0.0,
          1.0
        ]
      ]
    },
    {
      "file_path": "/media/NFS/ttao/scannet/posed_images/scene0456_01/00078.jpg",
      "transform_matrix": [
        [
          0.367661,
          0.363787,
          -0.855853,
          4.583462
        ],
        [
          0.929083,
          -0.183635,
          0.321064,
          0.706459
        ],
        [
          -0.040365,
          -0.913202,
          -0.405504,
          1.380568
        ],
        [
          0.0,
          0.0,
          0.0,
          1.0
        ]
      ]
    },
    {
      "file_path": "/media/NFS/ttao/scannet/posed_images/scene0456_01/00082.jpg",
      "transform_matrix": [
        [
          0.420669,
          0.370135,
          -0.828274,
          4.579824
        ],
        [
          0.905918,
          -0.220162,
          0.361719,
          0.723067
        ],
        [
          -0.048469,
          -0.902513,
          -0.427928,
          1.373296
        ],
        [
          0.0,
          0.0,
          0.0,
          1.0
        ]
      ]
    },
    {
      "file_path": "/media/NFS/ttao/scannet/posed_images/scene0456_01/00087.jpg",
      "transform_matrix": [
        [
          0.49262,
          0.374585,
          -0.785501,
          4.57281
        ],
        [
          0.869239,
          -0.255172,
          0.423451,
          0.740175
        ],
        [
          -0.041819,
          -0.891388,
          -0.451307,
          1.365739
        ],
        [
          0.0,
          0.0,
          0.0,
          1.0
        ]
      ]
    },
    {
      "file_path": "/media/NFS/ttao/scannet/posed_images/scene0456_01/00090.jpg",
      "transform_matrix": [
        [
          0.5416,
          0.359988,
          -0.759656,
          4.56382
        ],
        [
          0.83853,
          -0.295281,
          0.457905,
          0.755719
        ],
        [
          -0.059471,
          -0.884996,
          -0.461785,
          1.365477
        ],
        [
          0.0,
          0.0,
          0.0,
          1.0
        ]
      ]
    },
    {
      "file_path": "/media/NFS/ttao/scannet/posed_images/scene0456_01/00094.jpg",
      "transform_matrix": [
        [
          0.597942,
          0.341512,
          -0.725144,
          4.566446
        ],
        [
          0.798385,
          -0.333944,
          0.501062,
          0.79527
        ],
        [
          -0.071039,
          -0.87855,
          -0.472338,
          1.363528
        ],
        [
          0.0,
          0.0,
          0.0,
          1.0
        ]
      ]
    },
    {
      "file_path": "/media/NFS/ttao/scannet/posed_images/scene0456_01/00096.jpg",
      "transform_matrix": [
        [
          0.631983,
          0.324395,
          -0.703822,
          4.565157
        ],
        [
          0.771147,
          -0.35347,
          0.52952,
          0.813405
        ],
        [
          -0.077006,
          -0.877398,
          -0.473543,
          1.365116
        ],
        [
          0.0,
          0.0,
          0.0,
          1.0
        ]
      ]
    },
    {
      "file_path": "/media/NFS/ttao/scannet/posed_images/scene0456_01/00098.jpg",
      "transform_matrix": [
        [
          0.666371,
          0.306511,
          -0.679706,
          4.570166
        ],
        [
          0.741488,
          -0.368265,
          0.560872,
          0.829413
        ],
        [
          -0.078398,
          -0.877743,
          -0.472675,
          1.365832
        ],
        [
          0.0,
          0.0,
          0.0,
          1.0
        ]
      ]
    },
    {
      "file_path": "/media/NFS/ttao/scannet/posed_images/scene0456_01/00105.jpg",
      "transform_matrix": [
        [
          0.81317,
          0.216484,
          -0.540268,
          4.574115
        ],
        [
          0.577592,
          -0.414524,
          0.703248,
          0.887622
        ],
        [
          -0.071712,
          -0.883914,
          -0.462118,
          1.362524
        ],
        [
          0.0,
          0.0,
          0.0,
          1.0
        ]
      ]
    },
    {
      "file_path": "/media/NFS/ttao/scannet/posed_images/scene0456_01/00106.jpg",
      "transform_matrix": [
        [
          0.830112,
          0.208007,
          -0.517347,
          4.576922
        ],
        [
          0.553299,
          -0.422251,
          0.718028,
          0.889823
        ],
        [
          -0.069095,
          -0.882291,
          -0.465605,
          1.364582
        ],
        [
          0.0,
          0.0,
          0.0,
          1.0
        ]
      ]
    },
    {
      "file_path": "/media/NFS/ttao/scannet/posed_images/scene0456_01/00111.jpg",
      "transform_matrix": [
        [
          0.881325,
          0.156743,
          -0.445755,
          4.633129
        ],
        [
          0.464893,
          -0.456355,
          0.758693,
          0.988997
        ],
        [
          -0.084503,
          -0.875884,
          -0.475065,
          1.369746
        ],
        [
          0.0,
          0.0,
          0.0,
          1.0
        ]
      ]
    },
    {
      "file_path": "/media/NFS/ttao/scannet/posed_images/scene0456_01/00115.jpg",
      "transform_matrix": [
        [
          0.915357,
          0.136427,
          -0.378826,
          4.638088
        ],
        [
          0.396229,
          -0.472473,
          0.787256,
          1.022975
        ],
        [
          -0.071582,
          -0.870722,
          -0.486538,
          1.366587
        ],
        [
          0.0,
          0.0,
          0.0,
          1.0
        ]
      ]
    },
    {
      "file_path": "/media/NFS/ttao/scannet/posed_images/scene0456_01/00118.jpg",
      "transform_matrix": [
        [
          0.933816,
          0.128021,
          -0.334062,
          4.641926
        ],
        [
          0.35285,
          -0.483652,
          0.800986,
          1.053551
        ],
        [
          -0.059026,
          -0.865847,
          -0.496814,
          1.363335
        ],
        [
          0.0,
          0.0,
          0.0,
          1.0
        ]
      ]
    },
    {
      "file_path": "/media/NFS/ttao/scannet/posed_images/scene0456_01/00119.jpg",
      "transform_matrix": [
        [
          0.93826,
          0.12598,
          -0.322175,
          4.645881
        ],
        [
          0.341551,
          -0.485084,
          0.805007,
          1.065375
        ],
        [
          -0.054867,
          -0.865345,
          -0.498164,
          1.362226
        ],
        [
          0.0,
          0.0,
          0.0,
          1.0
        ]
      ]
    },
    {
      "file_path": "/media/NFS/ttao/scannet/posed_images/scene0456_01/00123.jpg",
      "transform_matrix": [
        [
          0.953922,
          0.108695,
          -0.279675,
          4.663348
        ],
        [
          0.296869,
          -0.477337,
          0.827054,
          1.094536
        ],
        [
          -0.043602,
          -0.871972,
          -0.48761,
          1.341181
        ],
        [
          0.0,
          0.0,
          0.0,
          1.0
        ]
      ]
    },
    {
      "file_path": "/media/NFS/ttao/scannet/posed_images/scene0456_01/00126.jpg",
      "transform_matrix": [
        [
          0.965209,
          0.111596,
          -0.236469,
          4.665451
        ],
        [
          0.260623,
          -0.483715,
          0.835522,
          1.109071
        ],
        [
          -0.021142,
          -0.868082,
          -0.49597,
          1.335207
        ],
        [
          0.0,
          0.0,
          0.0,
          1.0
        ]
      ]
    },
    {
      "file_path": "/media/NFS/ttao/scannet/posed_images/scene0456_01/00129.jpg",
      "transform_matrix": [
        [
          0.979635,
          0.095017,
          -0.176882,
          4.657982
        ],
        [
          0.200639,
          -0.497083,
          0.844188,
          1.123528
        ],
        [
          -0.007713,
          -0.862485,
          -0.506024,
          1.340606
        ],
        [
          0.0,
          0.0,
          0.0,
          1.0
        ]
      ]
    },
    {
      "file_path": "/media/NFS/ttao/scannet/posed_images/scene0456_01/00135.jpg",
      "transform_matrix": [
        [
          0.997591,
          0.034698,
          -0.060077,
          4.631453
        ],
        [
          0.069367,
          -0.483594,
          0.87254,
          1.118107
        ],
        [
          0.001223,
          -0.874605,
          -0.484835,
          1.323386
        ],
        [
          0.0,
          0.0,
          0.0,
          1.0
        ]
      ]
    },
    {
      "file_path": "/media/NFS/ttao/scannet/posed_images/scene0456_01/00139.jpg",
      "transform_matrix": [
        [
          0.999779,
          0.006085,
          -0.02013,
          4.608779
        ],
        [
          0.020521,
          -0.491383,
          0.870702,
          1.125621
        ],
        [
          -0.004593,
          -0.870923,
          -0.491399,
          1.329588
        ],
        [
          0.0,
          0.0,
          0.0,
          1.0
        ]
      ]
    },
    {
      "file_path": "/media/NFS/ttao/scannet/posed_images/scene0456_01/00141.jpg",
      "transform_matrix": [
        [
          0.999722,
          -0.017621,
          0.015692,
          4.582796
        ],
        [
          -0.022269,
          -0.484757,
          0.874366,
          1.104451
        ],
        [
          -0.0078,
          -0.874472,
          -0.485014,
          1.321181
        ],
        [
          0.0,
          0.0,
          0.0,
          1.0
        ]
      ]
    },
    {
      "file_path": "/media/NFS/ttao/scannet/posed_images/scene0456_01/00143.jpg",
      "transform_matrix": [
        [
          0.998542,
          -0.036687,
          0.0396,
          4.571411
        ],
        [
          -0.0524,
          -0.482409,
          0.874377,
          1.107378
        ],
        [
          -0.012975,
          -0.875178,
          -0.483628,
          1.323206
        ],
        [
          0.0,
          0.0,
          0.0,
          1.0
        ]
      ]
    },
    {
      "file_path": "/media/NFS/ttao/scannet/posed_images/scene0456_01/00147.jpg",
      "transform_matrix": [
        [
          0.993043,
          -0.060219,
          0.101186,
          4.548616
        ],
        [
          -0.117663,
          -0.474578,
          0.872314,
          1.103512
        ],
        [
          -0.004509,
          -0.878151,
          -0.478362,
          1.31987
        ],
        [
          0.0,
          0.0,
          0.0,
          1.0
        ]
      ]
    },
    {
      "file_path": "/media/NFS/ttao/scannet/posed_images/scene0456_01/00151.jpg",
      "transform_matrix": [
        [
          0.980125,
          -0.092432,
          0.175531,
          4.523133
        ],
        [
          -0.198332,
          -0.476017,
          0.85678,
          1.096374
        ],
        [
          0.004361,
          -0.874565,
          -0.484889,
          1.319687
        ],
        [
          0.0,
          0.0,
          0.0,
          1.0
        ]
      ]
    },
    {
      "file_path": "/media/NFS/ttao/scannet/posed_images/scene0456_01/00154.jpg",
      "transform_matrix": [
        [
          0.970577,
          -0.10844,
          0.214991,
          4.511349
        ],
        [
          -0.240643,
          -0.468105,
          0.850276,
          1.095883
        ],
        [
          0.008434,
          -0.876994,
          -0.480428,
          1.324937
        ],
        [
          0.0,
          0.0,
          0.0,
          1.0
        ]
      ]
    },
    {
      "file_path": "/media/NFS/ttao/scannet/posed_images/scene0456_01/00159.jpg",
      "transform_matrix": [
        [
          0.955941,
          -0.123876,
          0.266143,
          4.503332
        ],
        [
          -0.29325,
          -0.444618,
          0.846357,
          1.101523
        ],
        [
          0.013488,
          -0.887113,
          -0.461355,
          1.326512
        ],
        [
          0.0,
          0.0,
          0.0,
          1.0
        ]
      ]
    },
    {
      "file_path": "/media/NFS/ttao/scannet/posed_images/scene0456_01/00160.jpg",
      "transform_matrix": [
        [
          0.952086,
          -0.125171,
          0.279042,
          4.486295
        ],
        [
          -0.305354,
          -0.439948,
          0.844515,
          1.10789
        ],
        [
          0.017055,
          -0.889257,
          -0.45709,
          1.328484
        ],
        [
          0.0,
          0.0,
          0.0,
          1.0
        ]
      ]
    },
    {
      "file_path": "/media/NFS/ttao/scannet/posed_images/scene0456_01/00166.jpg",
      "transform_matrix": [
        [
          0.941177,
          -0.120653,
          0.315641,
          4.500008
        ],
        [
          -0.336961,
          -0.40526,
          0.849837,
          1.121219
        ],
        [
          0.025381,
          -0.906205,
          -0.422076,
          1.340463
        ],
        [
          0.0,
          0.0,
          0.0,
          1.0
        ]
      ]
    },
    {
      "file_path": "/media/NFS/ttao/scannet/posed_images/scene0456_01/00167.jpg",
      "transform_matrix": [
        [
          0.940465,
          -0.12111,
          0.317581,
          4.50639
        ],
        [
          -0.339045,
          -0.400131,
          0.851437,
          1.123944
        ],
        [
          0.023956,
          -0.908421,
          -0.41737,
          1.344699
        ],
        [
          0.0,
          0.0,
          0.0,
          1.0
        ]
      ]
    },
    {
      "file_path": "/media/NFS/ttao/scannet/posed_images/scene0456_01/00172.jpg",
      "transform_matrix": [
        [
          0.93781,
          -0.100944,
          0.332149,
          4.510491
        ],
        [
          -0.345668,
          -0.359828,
          0.866624,
          1.148995
        ],
        [
          0.032036,
          -0.927542,
          -0.372344,
          1.360676
        ],
        [
          0.0,
          0.0,
          0.0,
          1.0
        ]
      ]
    },
    {
      "file_path": "/media/NFS/ttao/scannet/posed_images/scene0456_01/00173.jpg",
      "transform_matrix": [
        [
          0.939381,
          -0.098159,
          0.328524,
          4.522152
        ],
        [
          -0.341461,
          -0.354729,
          0.870386,
          1.153289
        ],
        [
          0.031101,
          -0.929802,
          -0.366743,
          1.365644
        ],
        [
          0.0,
          0.0,
          0.0,
          1.0
        ]
      ]
    },
    {
      "file_path": "/media/NFS/ttao/scannet/posed_images/scene0456_01/00180.jpg",
      "transform_matrix": [
        [
          0.951299,
          -0.060907,
          0.302193,
          4.588796
        ],
        [
          -0.305732,
          -0.311938,
          0.899568,
          1.166517
        ],
        [
          0.039475,
          -0.948148,
          -0.315367,
          1.372009
        ],
        [
          0.0,
          0.0,
          0.0,
          1.0
        ]
      ]
    },
    {
      "file_path": "/media/NFS/ttao/scannet/posed_images/scene0456_01/00183.jpg",
      "transform_matrix": [
        [
          0.955853,
          -0.044546,
          0.290447,
          4.613688
        ],
        [
          -0.289691,
          -0.308447,
          0.906057,
          1.176267
        ],
        [
          0.049226,
          -0.950198,
          -0.307734,
          1.376388
        ],
        [
          0.0,
          0.0,
          0.0,
          1.0
        ]
      ]
    },
    {
      "file_path": "/media/NFS/ttao/scannet/posed_images/scene0456_01/00184.jpg",
      "transform_matrix": [
        [
          0.957875,
          -0.040705,
          0.284286,
          4.624046
        ],
        [
          -0.282652,
          -0.308827,
          0.908149,
          1.179731
        ],
        [
          0.050829,
          -0.950247,
          -0.307323,
          1.378221
        ],
        [
          0.0,
          0.0,
          0.0,
          1.0
        ]
      ]
    },
    {
      "file_path": "/media/NFS/ttao/scannet/posed_images/scene0456_01/00188.jpg",
      "transform_matrix": [
        [
          0.96684,
          -0.017124,
          0.254807,
          4.649633
        ],
        [
          -0.247701,
          -0.30573,
          0.919333,
          1.195461
        ],
        [
          0.062159,
          -0.951964,
          -0.299834,
          1.382489
        ],
        [
          0.0,
          0.0,
          0.0,
          1.0
        ]
      ]
    },
    {
      "file_path": "/media/NFS/ttao/scannet/posed_images/scene0456_01/00193.jpg",
      "transform_matrix": [
        [
          0.983545,
          -0.007686,
          0.180497,
          4.688181
        ],
        [
          -0.173136,
          -0.325442,
          0.929576,
          1.214374
        ],
        [
          0.051597,
          -0.945531,
          -0.321418,
          1.376338
        ],
        [
          0.0,
          0.0,
          0.0,
          1.0
        ]
      ]
    },
    {
      "file_path": "/media/NFS/ttao/scannet/posed_images/scene0456_01/00194.jpg",
      "transform_matrix": [
        [
          0.985988,
          -0.007069,
          0.166664,
          4.691649
        ],
        [
          -0.159858,
          -0.325554,
          0.931912,
          1.220937
        ],
        [
          0.04767,
          -0.945497,
          -0.322123,
          1.370247
        ],
        [
          0.0,
          0.0,
          0.0,
          1.0
        ]
      ]
    },
    {
      "file_path": "/media/NFS/ttao/scannet/posed_images/scene0456_01/00200.jpg",
      "transform_matrix": [
        [
          0.995531,
          0.009156,
          0.093993,
          4.710474
        ],
        [
          -0.084368,
          -0.360975,
          0.928751,
          1.28513
        ],
        [
          0.042433,
          -0.932531,
          -0.358589,
          1.360634
        ],
        [
          0.0,
          0.0,
          0.0,
          1.0
        ]
      ]
    },
    {
      "file_path": "/media/NFS/ttao/scannet/posed_images/scene0456_01/00203.jpg",
      "transform_matrix": [
        [
          0.99637,
          0.033198,
          0.078382,
          4.709619
        ],
        [
          -0.060895,
          -0.365422,
          0.928848,
          1.320802
        ],
        [
          0.059478,
          -0.93025,
          -0.362074,
          1.345919
        ],
        [
          0.0,
          0.0,
          0.0,
          1.0
        ]
      ]
    },
    {
      "file_path": "/media/NFS/ttao/scannet/posed_images/scene0456_01/00204.jpg",
      "transform_matrix": [
        [
          0.996429,
          0.040692,
          0.073988,
          4.710876
        ],
        [
          -0.05391,
          -0.36783,
          0.928329,
          1.335852
        ],
        [
          0.06499,
          -0.929003,
          -0.364322,
          1.344309
        ],
        [
          0.0,
          0.0,
          0.0,
          1.0
        ]
      ]
    },
    {
      "file_path": "/media/NFS/ttao/scannet/posed_images/scene0456_01/00209.jpg",
      "transform_matrix": [
        [
          0.997724,
          0.05023,
          0.044981,
          4.70498
        ],
        [
          -0.023927,
          -0.359944,
          0.932667,
          1.414085
        ],
        [
          0.063038,
          -0.931621,
          -0.357923,
          1.339765
        ],
        [
          0.0,
          0.0,
          0.0,
          1.0
        ]
      ]
    },
    {
      "file_path": "/media/NFS/ttao/scannet/posed_images/scene0456_01/00213.jpg",
      "transform_matrix": [
        [
          0.998048,
          0.06237,
          0.003292,
          4.699532
        ],
        [
          0.018257,
          -0.341739,
          0.939618,
          1.483187
        ],
        [
          0.059729,
          -0.937723,
          -0.342211,
          1.352377
        ],
        [
          0.0,
          0.0,
          0.0,
          1.0
        ]
      ]
    },
    {
      "file_path": "/media/NFS/ttao/scannet/posed_images/scene0456_01/00215.jpg",
      "transform_matrix": [
        [
          0.997693,
          0.06437,
          -0.021571,
          4.702925
        ],
        [
          0.042864,
          -0.350882,
          0.935438,
          1.511787
        ],
        [
          0.052645,
          -0.934205,
          -0.352832,
          1.346928
        ],
        [
          0.0,
          0.0,
          0.0,
          1.0
        ]
      ]
    },
    {
      "file_path": "/media/NFS/ttao/scannet/posed_images/scene0456_01/00221.jpg",
      "transform_matrix": [
        [
          0.993592,
          0.08487,
          -0.074651,
          4.707451
        ],
        [
          0.102676,
          -0.401583,
          0.910049,
          1.62462
        ],
        [
          0.047257,
          -0.911882,
          -0.407724,
          1.330781
        ],
        [
          0.0,
          0.0,
          0.0,
          1.0
        ]
      ]
    },
    {
      "file_path": "/media/NFS/ttao/scannet/posed_images/scene0456_01/00223.jpg",
      "transform_matrix": [
        [
          0.991772,
          0.096603,
          -0.084002,
          4.713907
        ],
        [
          0.116943,
          -0.416678,
          0.901501,
          1.661458
        ],
        [
          0.052086,
          -0.903907,
          -0.424546,
          1.333664
        ],
        [
          0.0,
          0.0,
          0.0,
          1.0
        ]
      ]
    },
    {
      "file_path": "/media/NFS/ttao/scannet/posed_images/scene0456_01/00225.jpg",
      "transform_matrix": [
        [
          0.989649,
          0.102164,
          -0.100783,
          4.715873
        ],
        [
          0.134689,
          -0.418829,
          0.898021,
          1.699855
        ],
        [
          0.049535,
          -0.9023,
          -0.428254,
          1.332294
        ],
        [
          0.0,
          0.0,
          0.0,
          1.0
        ]
      ]
    },
    {
      "file_path": "/media/NFS/ttao/scannet/posed_images/scene0456_01/00231.jpg",
      "transform_matrix": [
        [
          0.958219,
          0.157321,
          -0.238887,
          4.74577
        ],
        [
          0.282656,
          -0.39278,
          0.875117,
          1.812981
        ],
        [
          0.043844,
          -0.906076,
          -0.420837,
          1.320063
        ],
        [
          0.0,
          0.0,
          0.0,
          1.0
        ]
      ]
    },
    {
      "file_path": "/media/NFS/ttao/scannet/posed_images/scene0456_01/00234.jpg",
      "transform_matrix": [
        [
          0.936366,
          0.192729,
          -0.293385,
          4.764455
        ],
        [
          0.347669,
          -0.393883,
          0.850872,
          1.867193
        ],
        [
          0.048429,
          -0.898728,
          -0.435824,
          1.323909
        ],
        [
          0.0,
          0.0,
          0.0,
          1.0
        ]
      ]
    },
    {
      "file_path": "/media/NFS/ttao/scannet/posed_images/scene0456_01/00236.jpg",
      "transform_matrix": [
        [
          0.921932,
          0.211865,
          -0.324275,
          4.770957
        ],
        [
          0.383062,
          -0.374434,
          0.84443,
          1.90068
        ],
        [
          0.057486,
          -0.902725,
          -0.426361,
          1.326676
        ],
        [
          0.0,
          0.0,
          0.0,
          1.0
        ]
      ]
    },
    {
      "file_path": "/media/NFS/ttao/scannet/posed_images/scene0456_01/00240.jpg",
      "transform_matrix": [
        [
          0.894374,
          0.261848,
          -0.36267,
          4.768613
        ],
        [
          0.441428,
          -0.385504,
          0.810264,
          1.974221
        ],
        [
          0.072356,
          -0.884772,
          -0.460372,
          1.333055
        ],
        [
          0.0,
          0.0,
          0.0,
          1.0
        ]
      ]
    },
    {
      "file_path": "/media/NFS/ttao/scannet/posed_images/scene0456_01/00243.jpg",
      "transform_matrix": [
        [
          0.871525,
          0.276623,
          -0.404874,
          4.770819
        ],
        [
          0.484924,
          -0.363725,
          0.795331,
          2.020591
        ],
        [
          0.072744,
          -0.889485,
          -0.451137,
          1.333253
        ],
        [
          0.0,
          0.0,
          0.0,
          1.0
        ]
      ]
    },
    {
      "file_path": "/media/NFS/ttao/scannet/posed_images/scene0456_01/00245.jpg",
      "transform_matrix": [
        [
          0.853284,
          0.291584,
          -0.432302,
          4.765405
        ],
        [
          0.51607,
          -0.35349,
          0.780203,
          2.051335
        ],
        [
          0.07468,
          -0.888833,
          -0.452105,
          1.329234
        ],
        [
          0.0,
          0.0,
          0.0,
          1.0
        ]
      ]
    },
    {
      "file_path": "/media/NFS/ttao/scannet/posed_images/scene0456_01/00251.jpg",
      "transform_matrix": [
        [
          0.755852,
          0.353018,
          -0.551422,
          4.756985
        ],
        [
          0.651646,
          -0.323793,
          0.685941,
          2.16206
        ],
        [
          0.063603,
          -0.877802,
          -0.474782,
          1.312497
        ],
        [
          0.0,
          0.0,
          0.0,
          1.0
        ]
      ]
    },
    {
      "file_path": "/media/NFS/ttao/scannet/posed_images/scene0456_01/00252.jpg",
      "transform_matrix": [
        [
          0.744128,
          0.370425,
          -0.555931,
          4.754732
        ],
        [
          0.663909,
          -0.317693,
          0.676976,
          2.182225
        ],
        [
          0.074154,
          -0.872844,
          -0.482333,
          1.31663
        ],
        [
          0.0,
          0.0,
          0.0,
          1.0
        ]
      ]
    },
    {
      "file_path": "/media/NFS/ttao/scannet/posed_images/scene0456_01/00259.jpg",
      "transform_matrix": [
        [
          0.720406,
          0.392273,
          -0.571959,
          4.72656
        ],
        [
          0.689006,
          -0.310512,
          0.654869,
          2.307898
        ],
        [
          0.079288,
          -0.865855,
          -0.493973,
          1.321934
        ],
        [
          0.0,
          0.0,
          0.0,
          1.0
        ]
      ]
    },
    {
      "file_path": "/media/NFS/ttao/scannet/posed_images/scene0456_01/00262.jpg",
      "transform_matrix": [
        [
          0.691547,
          0.407186,
          -0.596625,
          4.71525
        ],
        [
          0.719999,
          -0.322252,
          0.614618,
          2.35598
        ],
        [
          0.058,
          -0.854607,
          -0.516026,
          1.316193
        ],
        [
          0.0,
          0.0,
          0.0,
          1.0
        ]
      ]
    },
    {
      "file_path": "/media/NFS/ttao/scannet/posed_images/scene0456_01/00263.jpg",
      "transform_matrix": [
        [
          0.679476,
          0.410432,
          -0.608159,
          4.715857
        ],
        [
          0.731937,
          -0.321803,
          0.600592,
          2.37251
        ],
        [
          0.050795,
          -0.853222,
          -0.519068,
          1.311754
        ],
