{
  "frames": [
    {
      "file_path": "/media/NFS/ttao/scannet/posed_images/scene0248_02/00000.jpg",
      "transform_matrix": [
        [
          -0.908917,
          0.287826,
          -0.301705,
          5.315768
        ],
        [
          0.412337,
          0.512776,
          -0.75302,
          6.245749
        ],
        [
          -0.062032,
          -0.808837,
          -0.584752,
          1.442899
        ],
        [
          0.0,
          0.0,
          0.0,
          1.0
        ]
      ]
    },
    {
      "file_path": "/media/NFS/ttao/scannet/posed_images/scene0248_02/00004.jpg",
      "transform_matrix": [
        [
          -0.890937,
          0.300536,
          -0.340454,
          5.294096
        ],
        [
          0.449961,
          0.482893,
          -0.751232,
          6.19352
        ],
        [
          -0.06137,
          -0.822492,
          -0.565457,
          1.450062
        ],
        [
          0.0,
          0.0,
          0.0,
          1.0
        ]
      ]
    },
    {
      "file_path": "/media/NFS/ttao/scannet/posed_images/scene0248_02/00012.jpg",
      "transform_matrix": [
        [
          -0.87435,
          0.294564,
          -0.385675,
          5.331023
        ],
        [
          0.483616,
          0.462793,
          -0.742926,
          6.0384
        ],
        [
          -0.040352,
          -0.836095,
          -0.547098,
          1.450213
        ],
        [
          0.0,
          0.0,
          0.0,
          1.0
        ]
      ]
    },
    {
      "file_path": "/media/NFS/ttao/scannet/posed_images/scene0248_02/00018.jpg",
      "transform_matrix": [
        [
          -0.873184,
          0.268931,
          -0.40648,
          5.380257
        ],
        [
          0.487341,
          0.469823,
          -0.736047,
          5.946464
        ],
        [
          -0.006973,
          -0.840799,
          -0.541303,
          1.43899
        ],
        [
          0.0,
          0.0,
          0.0,
          1.0
        ]
      ]
    },
    {
      "file_path": "/media/NFS/ttao/scannet/posed_images/scene0248_02/00022.jpg",
      "transform_matrix": [
        [
          -0.874838,
          0.265516,
          -0.405167,
          5.406101
        ],
        [
          0.484378,
          0.489986,
          -0.724771,
          5.912171
        ],
        [
          0.006088,
          -0.830311,
          -0.557268,
          1.422666
        ],
        [
          0.0,
          0.0,
          0.0,
          1.0
        ]
      ]
    },
    {
      "file_path": "/media/NFS/ttao/scannet/posed_images/scene0248_02/00026.jpg",
      "transform_matrix": [
        [
          -0.875709,
          0.256953,
          -0.40879,
          5.423161
        ],
        [
          0.482163,
          0.510176,
          -0.712208,
          5.891113
        ],
        [
          0.025551,
          -0.82079,
          -0.570658,
          1.409106
        ],
        [
          0.0,
          0.0,
          0.0,
          1.0
        ]
      ]
    },
    {
      "file_path": "/media/NFS/ttao/scannet/posed_images/scene0248_02/00031.jpg",
      "transform_matrix": [
        [
          -0.87922,
          0.239005,
          -0.412126,
          5.448248
        ],
        [
          0.474001,
          0.525828,
          -0.706278,
          5.875747
        ],
        [
          0.047904,
          -0.816322,
          -0.575607,
          1.392596
        ],
        [
          0.0,
          0.0,
          0.0,
          1.0
        ]
      ]
    },
    {
      "file_path": "/media/NFS/ttao/scannet/posed_images/scene0248_02/00037.jpg",
      "transform_matrix": [
        [
          -0.891759,
          0.217046,
          -0.397059,
          5.47323
        ],
        [
          0.448302,
          0.54314,
          -0.709947,
          5.86484
        ],
        [
          0.061567,
          -0.811104,
          -0.581652,
          1.383804
        ],
        [
          0.0,
          0.0,
          0.0,
          1.0
        ]
      ]
    },
    {
      "file_path": "/media/NFS/ttao/scannet/posed_images/scene0248_02/00040.jpg",
      "transform_matrix": [
        [
          -0.897548,
          0.206027,
          -0.38982,
          5.472996
        ],
        [
          0.435531,
          0.552031,
          -0.711038,
          5.861132
        ],
        [
          0.0687,
          -0.807969,
          -0.585205,
          1.389086
        ],
        [
          0.0,
          0.0,
          0.0,
          1.0
        ]
      ]
    },
    {
      "file_path": "/media/NFS/ttao/scannet/posed_images/scene0248_02/00046.jpg",
      "transform_matrix": [
        [
          -0.883166,
          0.230456,
          -0.408544,
          5.440321
        ],
        [
          0.466179,
          0.527632,
          -0.710127,
          5.875105
        ],
        [
          0.051908,
          -0.817615,
          -0.57342,
          1.399196
        ],
        [
          0.0,
          0.0,
          0.0,
          1.0
        ]
      ]
    },
    {
      "file_path": "/media/NFS/ttao/scannet/posed_images/scene0248_02/00048.jpg",
      "transform_matrix": [
        [
          -0.872365,
          0.250574,
          -0.419752,
          5.420209
        ],
        [
          0.486819,
          0.523576,
          -0.699197,
          5.883569
        ],
        [
          0.044571,
          -0.814298,
          -0.578733,
          1.399143
        ],
        [
          0.0,
          0.0,
          0.0,
          1.0
        ]
      ]
    },
    {
      "file_path": "/media/NFS/ttao/scannet/posed_images/scene0248_02/00056.jpg",
      "transform_matrix": [
        [
          -0.816352,
          0.325856,
          -0.476851,
          5.318183
        ],
        [
          0.577152,
          0.491085,
          -0.65248,
          5.934578
        ],
        [
          0.02156,
          -0.807869,
          -0.588967,
          1.413991
        ],
        [
          0.0,
          0.0,
          0.0,
          1.0
        ]
      ]
    },
    {
      "file_path": "/media/NFS/ttao/scannet/posed_images/scene0248_02/00060.jpg",
      "transform_matrix": [
        [
          -0.810562,
          0.352316,
          -0.467827,
          5.26177
        ],
        [
          0.585631,
          0.480816,
          -0.652573,
          5.972147
        ],
        [
          -0.004973,
          -0.802925,
          -0.596059,
          1.42549
        ],
        [
          0.0,
          0.0,
          0.0,
          1.0
        ]
      ]
    },
    {
      "file_path": "/media/NFS/ttao/scannet/posed_images/scene0248_02/00066.jpg",
      "transform_matrix": [
        [
          -0.827998,
          0.339284,
          -0.446437,
          5.176363
        ],
        [
          0.560553,
          0.480755,
          -0.674281,
          6.046381
        ],
        [
          -0.014146,
          -0.808555,
          -0.588251,
          1.432046
        ],
        [
          0.0,
          0.0,
          0.0,
          1.0
        ]
      ]
    },
    {
      "file_path": "/media/NFS/ttao/scannet/posed_images/scene0248_02/00069.jpg",
      "transform_matrix": [
        [
          -0.843789,
          0.322916,
          -0.428655,
          5.132796
        ],
        [
          0.536317,
          0.478208,
          -0.695472,
          6.083982
        ],
        [
          -0.019593,
          -0.816726,
          -0.576692,
          1.436154
        ],
        [
          0.0,
          0.0,
          0.0,
          1.0
        ]
      ]
    },
    {
      "file_path": "/media/NFS/ttao/scannet/posed_images/scene0248_02/00072.jpg",
      "transform_matrix": [
        [
          -0.854512,
          0.316947,
          -0.411527,
          5.092412
        ],
        [
          0.518851,
          0.483367,
          -0.705088,
          6.109569
        ],
        [
          -0.024557,
          -0.816028,
          -0.577491,
          1.438676
        ],
        [
          0.0,
          0.0,
          0.0,
          1.0
        ]
      ]
    },
    {
      "file_path": "/media/NFS/ttao/scannet/posed_images/scene0248_02/00078.jpg",
      "transform_matrix": [
        [
          -0.854421,
          0.324853,
          -0.405506,
          5.015179
        ],
        [
          0.518708,
          0.488076,
          -0.701943,
          6.129211
        ],
        [
          -0.030111,
          -0.810094,
          -0.585526,
          1.430784
        ],
        [
          0.0,
          0.0,
          0.0,
          1.0
        ]
      ]
    },
    {
      "file_path": "/media/NFS/ttao/scannet/posed_images/scene0248_02/00084.jpg",
      "transform_matrix": [
        [
          -0.87219,
          0.320662,
          -0.369406,
          4.908307
        ],
        [
          0.486852,
          0.495656,
          -0.719236,
          6.1388
        ],
        [
          -0.047533,
          -0.807156,
          -0.588421,
          1.409413
        ],
        [
          0.0,
          0.0,
          0.0,
          1.0
        ]
      ]
    },
    {
      "file_path": "/media/NFS/ttao/scannet/posed_images/scene0248_02/00088.jpg",
      "transform_matrix": [
        [
          -0.887426,
          0.281807,
          -0.364773,
          4.822482
        ],
        [
          0.460329,
          0.500772,
          -0.733024,
          6.135174
        ],
        [
          -0.023904,
          -0.818421,
          -0.574122,
          1.404733
        ],
        [
          0.0,
          0.0,
          0.0,
          1.0
        ]
      ]
    },
    {
      "file_path": "/media/NFS/ttao/scannet/posed_images/scene0248_02/00095.jpg",
      "transform_matrix": [
        [
          -0.894849,
          0.236362,
          -0.378653,
          4.667223
        ],
        [
          0.445772,
          0.51707,
          -0.730703,
          6.121176
        ],
        [
          0.02308,
          -0.822661,
          -0.568063,
          1.425499
        ],
        [
          0.0,
          0.0,
          0.0,
          1.0
        ]
      ]
    },
    {
      "file_path": "/media/NFS/ttao/scannet/posed_images/scene0248_02/00100.jpg",
      "transform_matrix": [
        [
          -0.911935,
          0.237598,
          -0.334545,
          4.552917
        ],
        [
          0.410234,
          0.509965,
          -0.756071,
          6.12553
        ],
        [
          -0.009035,
          -0.82673,
          -0.562526,
          1.434001
        ],
        [
          0.0,
          0.0,
          0.0,
          1.0
        ]
      ]
    },
    {
      "file_path": "/media/NFS/ttao/scannet/posed_images/scene0248_02/00106.jpg",
      "transform_matrix": [
        [
          -0.948644,
          0.208532,
          -0.237886,
          4.420246
        ],
        [
          0.31274,
          0.504978,
          -0.804482,
          6.138036
        ],
        [
          -0.047633,
          -0.837563,
          -0.54426,
          1.426226
        ],
        [
          0.0,
          0.0,
          0.0,
          1.0
        ]
      ]
    },
    {
      "file_path": "/media/NFS/ttao/scannet/posed_images/scene0248_02/00109.jpg",
      "transform_matrix": [
        [
          -0.964163,
          0.183567,
          -0.191555,
          4.34118
        ],
        [
          0.260036,
          0.51057,
          -0.819573,
          6.144983
        ],
        [
          -0.052645,
          -0.840013,
          -0.540006,
          1.426118
        ],
        [
          0.0,
          0.0,
          0.0,
          1.0
        ]
      ]
    },
    {
      "file_path": "/media/NFS/ttao/scannet/posed_images/scene0248_02/00113.jpg",
      "transform_matrix": [
        [
          -0.971666,
          0.150536,
          -0.182221,
          4.257041
        ],
        [
          0.234877,
          0.52878,
          -0.815613,
          6.146068
        ],
        [
          -0.026424,
          -0.835303,
          -0.549155,
          1.428501
        ],
        [
          0.0,
          0.0,
          0.0,
          1.0
        ]
      ]
    },
    {
      "file_path": "/media/NFS/ttao/scannet/posed_images/scene0248_02/00118.jpg",
      "transform_matrix": [
        [
          -0.985974,
          0.127241,
          -0.108006,
          4.15727
        ],
        [
          0.158827,
          0.51649,
          -0.841434,
          6.145981
        ],
        [
          -0.051281,
          -0.846786,
          -0.529455,
          1.433903
        ],
        [
          0.0,
          0.0,
          0.0,
          1.0
        ]
      ]
    },
    {
      "file_path": "/media/NFS/ttao/scannet/posed_images/scene0248_02/00125.jpg",
      "transform_matrix": [
        [
          -0.995231,
          0.08967,
          -0.038401,
          4.042182
        ],
        [
          0.081135,
          0.542405,
          -0.83619,
          6.10677
        ],
        [
          -0.054152,
          -0.835318,
          -0.547094,
          1.410418
        ],
        [
          0.0,
          0.0,
          0.0,
          1.0
        ]
      ]
    },
    {
      "file_path": "/media/NFS/ttao/scannet/posed_images/scene0248_02/00129.jpg",
      "transform_matrix": [
        [
          -0.998261,
          0.056625,
          -0.016386,
          3.982378
        ],
        [
          0.045342,
          0.559934,
          -0.827295,
          6.064828
        ],
        [
          -0.03767,
          -0.8266,
          -0.561528,
          1.397414
        ],
        [
          0.0,
          0.0,
          0.0,
          1.0
        ]
      ]
    },
    {
      "file_path": "/media/NFS/ttao/scannet/posed_images/scene0248_02/00131.jpg",
      "transform_matrix": [
        [
          -0.999205,
          0.039853,
          0.001066,
          3.953223
        ],
        [
          0.021501,
          0.561207,
          -0.827396,
          6.045017
        ],
        [
          -0.033572,
          -0.826716,
          -0.561617,
          1.396602
        ],
        [
          0.0,
          0.0,
          0.0,
          1.0
        ]
      ]
    },
    {
      "file_path": "/media/NFS/ttao/scannet/posed_images/scene0248_02/00138.jpg",
      "transform_matrix": [
        [
          -0.997439,
          -0.022468,
          0.067905,
          3.863594
        ],
        [
          -0.069307,
          0.538212,
          -0.839955,
          6.002091
        ],
        [
          -0.017676,
          -0.84251,
          -0.538391,
          1.414188
        ],
        [
          0.0,
          0.0,
          0.0,
          1.0
        ]
      ]
    },
    {
      "file_path": "/media/NFS/ttao/scannet/posed_images/scene0248_02/00141.jpg",
      "transform_matrix": [
        [
          -0.991817,
          -0.049652,
          0.117615,
          3.821416
        ],
        [
          -0.126124,
          0.523845,
          -0.842425,
          5.995234
        ],
        [
          -0.019784,
          -0.850365,
          -0.52582,
          1.411749
        ],
        [
          0.0,
          0.0,
          0.0,
          1.0
        ]
      ]
    },
    {
      "file_path": "/media/NFS/ttao/scannet/posed_images/scene0248_02/00147.jpg",
      "transform_matrix": [
        [
          -0.958678,
          -0.129936,
          0.253085,
          3.748629
        ],
        [
          -0.283756,
          0.500656,
          -0.817818,
          6.006758
        ],
        [
          -0.020445,
          -0.855839,
          -0.516838,
          1.402504
        ],
        [
          0.0,
          0.0,
          0.0,
          1.0
        ]
      ]
    },
    {
      "file_path": "/media/NFS/ttao/scannet/posed_images/scene0248_02/00153.jpg",
      "transform_matrix": [
        [
          -0.895657,
          -0.219322,
          0.386906,
          3.627428
        ],
        [
          -0.444717,
          0.451541,
          -0.773523,
          6.036492
        ],
        [
          -0.005053,
          -0.864875,
          -0.501962,
          1.398904
        ],
        [
          0.0,
          0.0,
          0.0,
          1.0
        ]
      ]
    },
    {
      "file_path": "/media/NFS/ttao/scannet/posed_images/scene0248_02/00157.jpg",
      "transform_matrix": [
        [
          -0.881405,
          -0.248174,
          0.401914,
          3.547098
        ],
        [
          -0.472312,
          0.450792,
          -0.757435,
          6.036397
        ],
        [
          0.006796,
          -0.857436,
          -0.514546,
          1.40691
        ],
        [
          0.0,
          0.0,
          0.0,
          1.0
        ]
      ]
    },
    {
      "file_path": "/media/NFS/ttao/scannet/posed_images/scene0248_02/00163.jpg",
      "transform_matrix": [
        [
          -0.858997,
          -0.248705,
          0.447516,
          3.456828
        ],
        [
          -0.511642,
          0.448814,
          -0.732659,
          6.032469
        ],
        [
          -0.018635,
          -0.858319,
          -0.512777,
          1.414465
        ],
        [
          0.0,
          0.0,
          0.0,
          1.0
        ]
      ]
    },
    {
      "file_path": "/media/NFS/ttao/scannet/posed_images/scene0248_02/00167.jpg",
      "transform_matrix": [
        [
          -0.842715,
          -0.241689,
          0.481059,
          3.41335
        ],
        [
          -0.536779,
          0.445649,
          -0.716425,
          6.026518
        ],
        [
          -0.041232,
          -0.861965,
          -0.505289,
          1.418373
        ],
        [
          0.0,
          0.0,
          0.0,
          1.0
        ]
      ]
    },
    {
      "file_path": "/media/NFS/ttao/scannet/posed_images/scene0248_02/00172.jpg",
      "transform_matrix": [
        [
          -0.823065,
          -0.246005,
          0.511904,
          3.377375
        ],
        [
          -0.565749,
          0.434359,
          -0.7009,
          6.016867
        ],
        [
          -0.049925,
          -0.866495,
          -0.496683,
          1.419009
        ],
        [
          0.0,
          0.0,
          0.0,
          1.0
        ]
      ]
    },
    {
      "file_path": "/media/NFS/ttao/scannet/posed_images/scene0248_02/00178.jpg",
      "transform_matrix": [
        [
          -0.7969,
          -0.275708,
          0.537527,
          3.359455
        ],
        [
          -0.602864,
          0.420082,
          -0.678296,
          6.004253
        ],
        [
          -0.038794,
          -0.86459,
          -0.500978,
          1.41401
        ],
        [
          0.0,
          0.0,
          0.0,
          1.0
        ]
      ]
    },
    {
      "file_path": "/media/NFS/ttao/scannet/posed_images/scene0248_02/00181.jpg",
      "transform_matrix": [
        [
          -0.786037,
          -0.293951,
          0.543819,
          3.354819
        ],
        [
          -0.617643,
          0.410095,
          -0.671073,
          5.987208
        ],
        [
          -0.025755,
          -0.863374,
          -0.503906,
          1.414354
        ],
        [
          0.0,
          0.0,
          0.0,
          1.0
        ]
      ]
    },
    {
      "file_path": "/media/NFS/ttao/scannet/posed_images/scene0248_02/00187.jpg",
      "transform_matrix": [
        [
          -0.7803,
          -0.314344,
          0.540665,
          3.351053
        ],
        [
          -0.62539,
          0.398132,
          -0.671103,
          5.952465
        ],
        [
          -0.004299,
          -0.861788,
          -0.50725,
          1.399915
        ],
        [
          0.0,
          0.0,
          0.0,
          1.0
        ]
      ]
    },
    {
      "file_path": "/media/NFS/ttao/scannet/posed_images/scene0248_02/00190.jpg",
      "transform_matrix": [
        [
          -0.759255,
          -0.32722,
          0.562547,
          3.348923
        ],
        [
          -0.650793,
          0.380516,
          -0.657021,
          5.935306
        ],
        [
          0.000933,
          -0.864948,
          -0.501861,
          1.396675
        ],
        [
          0.0,
          0.0,
          0.0,
          1.0
        ]
      ]
    },
    {
      "file_path": "/media/NFS/ttao/scannet/posed_images/scene0248_02/00197.jpg",
      "transform_matrix": [
        [
          -0.70979,
          -0.356309,
          0.607653,
          3.320474
        ],
        [
          -0.703029,
          0.304263,
          -0.642787,
          5.866656
        ],
        [
          0.044145,
          -0.883441,
          -0.466458,
          1.387145
        ],
        [
          0.0,
          0.0,
          0.0,
          1.0
        ]
      ]
    },
    {
      "file_path": "/media/NFS/ttao/scannet/posed_images/scene0248_02/00200.jpg",
      "transform_matrix": [
        [
          -0.712173,
          -0.368061,
          0.59778,
          3.311587
        ],
        [
          -0.699311,
          0.297442,
          -0.649995,
          5.827388
        ],
        [
          0.061433,
          -0.880942,
          -0.469219,
          1.386073
        ],
        [
          0.0,
          0.0,
          0.0,
          1.0
        ]
      ]
    },
    {
      "file_path": "/media/NFS/ttao/scannet/posed_images/scene0248_02/00207.jpg",
      "transform_matrix": [
        [
          -0.69494,
          -0.372464,
          0.615084,
          3.282699
        ],
        [
          -0.718554,
          0.327382,
          -0.613597,
          5.755651
        ],
        [
          0.027175,
          -0.868384,
          -0.495146,
          1.384005
        ],
        [
          0.0,
          0.0,
          0.0,
          1.0
        ]
      ]
    },
    {
      "file_path": "/media/NFS/ttao/scannet/posed_images/scene0248_02/00212.jpg",
      "transform_matrix": [
        [
          -0.667608,
          -0.365875,
          0.64841,
          3.251022
        ],
        [
          -0.744393,
          0.343658,
          -0.572519,
          5.700696
        ],
        [
          -0.013361,
          -0.86489,
          -0.501784,
          1.390571
        ],
        [
          0.0,
          0.0,
          0.0,
          1.0
        ]
      ]
    },
    {
      "file_path": "/media/NFS/ttao/scannet/posed_images/scene0248_02/00214.jpg",
      "transform_matrix": [
        [
          -0.659362,
          -0.365931,
          0.656763,
          3.238414
        ],
        [
          -0.751531,
          0.345252,
          -0.56214,
          5.683404
        ],
        [
          -0.021044,
          -0.864231,
          -0.502654,
          1.388544
        ],
        [
          0.0,
          0.0,
          0.0,
          1.0
        ]
      ]
    },
    {
      "file_path": "/media/NFS/ttao/scannet/posed_images/scene0248_02/00222.jpg",
      "transform_matrix": [
        [
          -0.617293,
          -0.38184,
          0.687858,
          3.17971
        ],
        [
          -0.786471,
          0.322092,
          -0.526991,
          5.611752
        ],
        [
          -0.020327,
          -0.866288,
          -0.499131,
          1.389626
        ],
        [
          0.0,
          0.0,
          0.0,
          1.0
        ]
      ]
    },
    {
      "file_path": "/media/NFS/ttao/scannet/posed_images/scene0248_02/00228.jpg",
      "transform_matrix": [
        [
          -0.611845,
          -0.367876,
          0.700224,
          3.141814
        ],
        [
          -0.789945,
          0.329427,
          -0.51717,
          5.562874
        ],
        [
          -0.040419,
          -0.869566,
          -0.49216,
          1.390934
        ],
        [
          0.0,
          0.0,
          0.0,
          1.0
        ]
      ]
    },
    {
      "file_path": "/media/NFS/ttao/scannet/posed_images/scene0248_02/00229.jpg",
      "transform_matrix": [
        [
          -0.612157,
          -0.366439,
          0.700705,
          3.137541
        ],
        [
          -0.789559,
          0.331599,
          -0.516371,
          5.557472
        ],
        [
          -0.043134,
          -0.869347,
          -0.492315,
          1.389939
        ],
        [
          0.0,
          0.0,
          0.0,
          1.0
        ]
      ]
    },
    {
      "file_path": "/media/NFS/ttao/scannet/posed_images/scene0248_02/00234.jpg",
      "transform_matrix": [
        [
          -0.636491,
          -0.373367,
          0.674889,
          3.136044
        ],
        [
          -0.769757,
          0.36253,
          -0.5254,
          5.542996
        ],
        [
          -0.0485,
          -0.853914,
          -0.518149,
          1.390404
        ],
        [
          0.0,
          0.0,
          0.0,
          1.0
        ]
      ]
    },
    {
      "file_path": "/media/NFS/ttao/scannet/posed_images/scene0248_02/00242.jpg",
      "transform_matrix": [
        [
          -0.713174,
          -0.361392,
          0.600649,
          3.15964
        ],
        [
          -0.700548,
          0.397772,
          -0.592461,
          5.582039
        ],
        [
          -0.02481,
          -0.84331,
          -0.536853,
          1.382375
        ],
        [
          0.0,
          0.0,
          0.0,
          1.0
        ]
      ]
    },
    {
      "file_path": "/media/NFS/ttao/scannet/posed_images/scene0248_02/00247.jpg",
      "transform_matrix": [
        [
          -0.756954,
          -0.352968,
          0.549941,
          3.191574
        ],
        [
          -0.653445,
          0.416014,
          -0.63241,
          5.630383
        ],
        [
          -0.005563,
          -0.838061,
          -0.545548,
          1.373203
        ],
        [
          0.0,
          0.0,
          0.0,
          1.0
        ]
      ]
    },
    {
      "file_path": "/media/NFS/ttao/scannet/posed_images/scene0248_02/00248.jpg",
      "transform_matrix": [
        [
          -0.767721,
          -0.345649,
          0.539566,
          3.199358
        ],
        [
          -0.640765,
          0.420719,
          -0.642196,
          5.64452
        ],
        [
          -0.005031,
          -0.838762,
          -0.544475,
          1.370497
        ],
        [
          0.0,
          0.0,
          0.0,
          1.0
        ]
      ]
    },
    {
      "file_path": "/media/NFS/ttao/scannet/posed_images/scene0248_02/00254.jpg",
      "transform_matrix": [
        [
          -0.844048,
          -0.26493,
          0.466256,
          3.225779
        ],
        [
          -0.53389,
          0.496917,
          -0.684131,
          5.709268
        ],
        [
          -0.050444,
          -0.826369,
          -0.560865,
          1.358261
        ],
        [
          0.0,
          0.0,
          0.0,
          1.0
        ]
      ]
    },
    {
      "file_path": "/media/NFS/ttao/scannet/posed_images/scene0248_02/00261.jpg",
      "transform_matrix": [
        [
          -0.904608,
          -0.21582,
          0.367568,
          3.248091
        ],
        [
          -0.422569,
          0.567086,
          -0.707,
          5.770348
        ],
        [
          -0.055858,
          -0.79488,
          -0.60419,
          1.37086
        ],
        [
          0.0,
          0.0,
          0.0,
          1.0
        ]
      ]
    },
    {
      "file_path": "/media/NFS/ttao/scannet/posed_images/scene0248_02/00263.jpg",
      "transform_matrix": [
        [
          -0.915919,
          -0.201303,
          0.347231,
          3.249177
        ],
        [
          -0.397499,
          0.574706,
          -0.715337,
          5.784327
        ],
        [
          -0.055556,
          -0.793215,
          -0.606402,
          1.37171
        ],
        [
          0.0,
          0.0,
          0.0,
          1.0
        ]
      ]
    },
    {
      "file_path": "/media/NFS/ttao/scannet/posed_images/scene0248_02/00269.jpg",
      "transform_matrix": [
        [
          -0.942868,
          -0.165503,
          0.289153,
          3.237279
        ],
        [
          -0.329094,
          0.597946,
          -0.730861,
          5.813944
        ],
        [
          -0.051938,
          -0.784263,
          -0.61825,
          1.377223
        ],
        [
          0.0,
          0.0,
          0.0,
          1.0
        ]
      ]
    },
    {
      "file_path": "/media/NFS/ttao/scannet/posed_images/scene0248_02/00276.jpg",
      "transform_matrix": [
        [
          -0.959211,
          -0.106979,
          0.261666,
          3.203637
        ],
        [
          -0.273335,
          0.587143,
          -0.761939,
          5.841209
        ],
        [
          -0.072124,
          -0.802383,
          -0.592436,
          1.400332
        ],
        [
          0.0,
          0.0,
          0.0,
          1.0
        ]
      ]
    },
    {
      "file_path": "/media/NFS/ttao/scannet/posed_images/scene0248_02/00281.jpg",
      "transform_matrix": [
        [
          -0.961521,
          -0.100266,
          0.255782,
          3.183306
        ],
        [
          -0.26302,
          0.604895,
          -0.751613,
          5.85703
        ],
        [
          -0.07936,
          -0.789968,
          -0.607991,
          1.404166
        ],
        [
          0.0,
          0.0,
          0.0,
          1.0
        ]
      ]
    },
    {
      "file_path": "/media/NFS/ttao/scannet/posed_images/scene0248_02/00284.jpg",
      "transform_matrix": [
        [
          -0.964621,
          -0.089292,
          0.248059,
          3.177019
        ],
        [
          -0.251568,
          0.593209,
          -0.764733,
          5.866261
        ],
        [
          -0.078866,
          -0.800081,
          -0.594685,
          1.412099
        ],
        [
          0.0,
          0.0,
          0.0,
          1.0
        ]
      ]
    },
    {
      "file_path": "/media/NFS/ttao/scannet/posed_images/scene0248_02/00291.jpg",
      "transform_matrix": [
        [
          -0.983565,
          -0.069587,
          0.166608,
          3.183115
        ],
        [
          -0.176397,
          0.56727,
          -0.804419,
          5.896324
        ],
        [
          -0.038534,
          -0.820587,
          -0.570221,
          1.402203
        ],
        [
          0.0,
          0.0,
          0.0,
          1.0
        ]
      ]
    },
    {
      "file_path": "/media/NFS/ttao/scannet/posed_images/scene0248_02/00292.jpg",
      "transform_matrix": [
        [
          -0.984071,
          -0.072576,
          0.16229,
          3.186326
        ],
        [
          -0.174563,
          0.567313,
          -0.804788,
          5.895236
        ],
        [
          -0.033661,
          -0.820298,
          -0.570945,
          1.407269
        ],
        [
          0.0,
          0.0,
          0.0,
          1.0
        ]
      ]
    },
    {
      "file_path": "/media/NFS/ttao/scannet/posed_images/scene0248_02/00300.jpg",
      "transform_matrix": [
        [
          -0.988475,
          -0.065339,
          0.136559,
          3.232115
        ],
        [
          -0.150491,
          0.521999,
          -0.839565,
          5.903176
        ],
        [
          -0.016427,
          -0.85044,
          -0.525816,
          1.421409
        ],
        [
          0.0,
          0.0,
          0.0,
          1.0
        ]
      ]
    },
    {
      "file_path": "/media/NFS/ttao/scannet/posed_images/scene0248_02/00304.jpg",
      "transform_matrix": [
        [
          -0.989788,
          -0.054583,
          0.131681,
          3.265631
        ],
        [
          -0.140905,
          0.514358,
          -0.845921,
          5.900599
        ],
        [
          -0.021558,
          -0.855837,
          -0.516796,
          1.435271
        ],
        [
          0.0,
          0.0,
          0.0,
          1.0
        ]
      ]
    },
    {
      "file_path": "/media/NFS/ttao/scannet/posed_images/scene0248_02/00308.jpg",
      "transform_matrix": [
        [
          -0.993729,
          -0.043563,
          0.102975,
          3.296314
        ],
        [
          -0.110933,
          0.499243,
          -0.859331,
          5.901895
        ],
        [
          -0.013974,
          -0.865366,
          -0.500945,
          1.439114
        ],
        [
          0.0,
          0.0,
          0.0,
          1.0
        ]
      ]
    },
    {
      "file_path": "/media/NFS/ttao/scannet/posed_images/scene0248_02/00314.jpg",
      "transform_matrix": [
        [
          -0.998657,
          -0.004095,
          0.051647,
          3.344108
        ],
        [
          -0.046871,
          0.496124,
          -0.866986,
          5.889415
        ],
        [
          -0.022073,
          -0.868242,
          -0.495649,
          1.446791
        ],
        [
          0.0,
          0.0,
          0.0,
          1.0
        ]
      ]
    },
    {
      "file_path": "/media/NFS/ttao/scannet/posed_images/scene0248_02/00320.jpg",
      "transform_matrix": [
        [
          -0.999181,
          0.037951,
          -0.014014,
          3.369116
        ],
        [
          0.030534,
          0.480183,
          -0.876637,
          5.848661
        ],
        [
          -0.02654,
          -0.876347,
          -0.480949,
          1.444701
        ],
        [
          0.0,
          0.0,
          0.0,
          1.0
        ]
      ]
    },
    {
      "file_path": "/media/NFS/ttao/scannet/posed_images/scene0248_02/00322.jpg",
      "transform_matrix": [
        [
          -0.998272,
          0.047227,
          -0.034965,
          3.365276
        ],
        [
          0.053266,
          0.476014,
          -0.877823,
          5.828046
        ],
        [
          -0.024813,
          -0.878169,
          -0.477707,
          1.445492
        ],
        [
          0.0,
          0.0,
          0.0,
          1.0
        ]
      ]
    },
    {
      "file_path": "/media/NFS/ttao/scannet/posed_images/scene0248_02/00331.jpg",
      "transform_matrix": [
        [
          -0.993687,
          0.073263,
          -0.084967,
          3.33384
        ],
        [
          0.108519,
          0.435478,
          -0.893635,
          5.710302
        ],
        [
          -0.028469,
          -0.897213,
          -0.440679,
          1.436478
        ],
        [
          0.0,
          0.0,
          0.0,
          1.0
        ]
      ]
    },
    {
      "file_path": "/media/NFS/ttao/scannet/posed_images/scene0248_02/00333.jpg",
      "transform_matrix": [
        [
          -0.99438,
          0.072802,
          -0.076862,
          3.319903
        ],
        [
          0.101174,
          0.43974,
          -0.892408,
          5.680042
        ],
        [
          -0.03117,
          -0.895169,
          -0.444635,
          1.43884
        ],
        [
          0.0,
          0.0,
          0.0,
          1.0
        ]
      ]
    },
    {
      "file_path": "/media/NFS/ttao/scannet/posed_images/scene0248_02/00336.jpg",
      "transform_matrix": [
        [
          -0.994415,
          0.073943,
          -0.075302,
          3.304388
        ],
        [
          0.100581,
          0.447925,
          -0.888396,
          5.636952
        ],
        [
          -0.031961,
          -0.891008,
          -0.45286,
          1.437836
        ],
        [
          0.0,
          0.0,
          0.0,
          1.0
        ]
      ]
    },
    {
      "file_path": "/media/NFS/ttao/scannet/posed_images/scene0248_02/00342.jpg",
      "transform_matrix": [
        [
          -0.992423,
          0.083901,
          -0.089758,
          3.293105
        ],
        [
          0.118512,
          0.46095,
          -0.879477,
          5.545931
        ],
        [
          -0.032415,
          -0.883451,
          -0.467401,
          1.441898
        ],
        [
          0.0,
          0.0,
          0.0,
          1.0
        ]
      ]
    },
    {
      "file_path": "/media/NFS/ttao/scannet/posed_images/scene0248_02/00350.jpg",
      "transform_matrix": [
        [
          -0.984215,
          0.085694,
          -0.154844,
          3.309886
        ],
        [
          0.17682,
          0.439498,
          -0.880668,
          5.415951
        ],
        [
          -0.007414,
          -0.894146,
          -0.447713,
          1.421061
        ],
        [
          0.0,
          0.0,
          0.0,
          1.0
        ]
      ]
    },
    {
      "file_path": "/media/NFS/ttao/scannet/posed_images/scene0248_02/00354.jpg",
      "transform_matrix": [
        [
          -0.979549,
          0.07262,
          -0.187645,
          3.327822
        ],
        [
          0.200467,
          0.432171,
          -0.879228,
          5.337458
        ],
        [
          0.017245,
          -0.898863,
          -0.43789,
          1.419747
        ],
        [
          0.0,
          0.0,
          0.0,
          1.0
        ]
      ]
    },
    {
      "file_path": "/media/NFS/ttao/scannet/posed_images/scene0248_02/00358.jpg",
      "transform_matrix": [
        [
          -0.978758,
          0.066431,
          -0.193959,
          3.335056
        ],
        [
          0.202542,
          0.459946,
          -0.864539,
          5.258407
        ],
        [
          0.031778,
          -0.885458,
          -0.46363,
          1.429588
        ],
        [
          0.0,
          0.0,
          0.0,
          1.0
        ]
      ]
    },
    {
      "file_path": "/media/NFS/ttao/scannet/posed_images/scene0248_02/00364.jpg",
      "transform_matrix": [
        [
          -0.974413,
          0.082727,
          -0.208987,
          3.333737
        ],
        [
          0.223439,
          0.457381,
          -0.860743,
          5.167844
        ],
        [
          0.02438,
          -0.885415,
          -0.464162,
          1.429458
        ],
        [
          0.0,
          0.0,
          0.0,
          1.0
        ]
      ]
    },
    {
      "file_path": "/media/NFS/ttao/scannet/posed_images/scene0248_02/00366.jpg",
      "transform_matrix": [
        [
          -0.973714,
          0.087818,
          -0.210162,
          3.327657
        ],
        [
          0.226764,
          0.460452,
          -0.858232,
          5.13947
        ],
        [
          0.021401,
          -0.88333,
          -0.468263,
          1.430631
        ],
        [
          0.0,
          0.0,
          0.0,
          1.0
        ]
      ]
    },
    {
      "file_path": "/media/NFS/ttao/scannet/posed_images/scene0248_02/00372.jpg",
      "transform_matrix": [
        [
          -0.979849,
          0.083344,
          -0.181521,
          3.307044
        ],
        [
          0.199206,
          0.474239,
          -0.857563,
          5.061574
        ],
        [
          0.014612,
          -0.876442,
          -0.481285,
          1.426124
        ],
        [
          0.0,
          0.0,
          0.0,
          1.0
        ]
      ]
    },
    {
      "file_path": "/media/NFS/ttao/scannet/posed_images/scene0248_02/00378.jpg",
      "transform_matrix": [
        [
          -0.987916,
          0.061149,
          -0.142416,
          3.266659
        ],
        [
          0.154546,
          0.458038,
          -0.875395,
          4.985807
        ],
        [
