{
  "frames": [
    {
      "file_path": "/media/NFS/ttao/scannet/posed_images/scene0078_01/00001.jpg",
      "transform_matrix": [
        [
          0.999624,
          -0.025624,
          0.009776,
          3.604041
        ],
        [
          -0.016325,
          -0.269544,
          0.96285,
          2.068728
        ],
        [
          -0.022037,
          -0.962647,
          -0.269861,
          1.5447
        ],
        [
          0.0,
          0.0,
          0.0,
          1.0
        ]
      ]
    },
    {
      "file_path": "/media/NFS/ttao/scannet/posed_images/scene0078_01/00004.jpg",
      "transform_matrix": [
        [
          0.999609,
          -0.026069,
          0.010111,
          3.606017
        ],
        [
          -0.016692,
          -0.266244,
          0.963761,
          2.066912
        ],
        [
          -0.022432,
          -0.963553,
          -0.266575,
          1.547672
        ],
        [
          0.0,
          0.0,
          0.0,
          1.0
        ]
      ]
    },
    {
      "file_path": "/media/NFS/ttao/scannet/posed_images/scene0078_01/00005.jpg",
      "transform_matrix": [
        [
          0.999659,
          -0.024402,
          0.00927,
          3.607473
        ],
        [
          -0.015458,
          -0.267241,
          0.963506,
          2.065499
        ],
        [
          -0.021035,
          -0.963321,
          -0.267527,
          1.546451
        ],
        [
          0.0,
          0.0,
          0.0,
          1.0
        ]
      ]
    },
    {
      "file_path": "/media/NFS/ttao/scannet/posed_images/scene0078_01/00009.jpg",
      "transform_matrix": [
        [
          0.999511,
          -0.025037,
          0.018766,
          3.610214
        ],
        [
          -0.025056,
          -0.281244,
          0.959309,
          2.064671
        ],
        [
          -0.01874,
          -0.95931,
          -0.281733,
          1.545405
        ],
        [
          0.0,
          0.0,
          0.0,
          1.0
        ]
      ]
    },
    {
      "file_path": "/media/NFS/ttao/scannet/posed_images/scene0078_01/00013.jpg",
      "transform_matrix": [
        [
          0.997552,
          -0.059607,
          0.036566,
          3.613317
        ],
        [
          -0.052737,
          -0.297863,
          0.953151,
          2.060248
        ],
        [
          -0.045923,
          -0.952746,
          -0.300277,
          1.536495
        ],
        [
          0.0,
          0.0,
          0.0,
          1.0
        ]
      ]
    },
    {
      "file_path": "/media/NFS/ttao/scannet/posed_images/scene0078_01/00016.jpg",
      "transform_matrix": [
        [
          0.998027,
          -0.055957,
          0.028482,
          3.614862
        ],
        [
          -0.044754,
          -0.315807,
          0.947767,
          2.057954
        ],
        [
          -0.04404,
          -0.947172,
          -0.317688,
          1.536533
        ],
        [
          0.0,
          0.0,
          0.0,
          1.0
        ]
      ]
    },
    {
      "file_path": "/media/NFS/ttao/scannet/posed_images/scene0078_01/00017.jpg",
      "transform_matrix": [
        [
          0.998256,
          -0.052018,
          0.027909,
          3.615265
        ],
        [
          -0.043062,
          -0.31829,
          0.947015,
          2.057466
        ],
        [
          -0.040379,
          -0.946565,
          -0.319975,
          1.535256
        ],
        [
          0.0,
          0.0,
          0.0,
          1.0
        ]
      ]
    },
    {
      "file_path": "/media/NFS/ttao/scannet/posed_images/scene0078_01/00021.jpg",
      "transform_matrix": [
        [
          0.998687,
          -0.040177,
          0.031772,
          3.619196
        ],
        [
          -0.043137,
          -0.325234,
          0.944649,
          2.059438
        ],
        [
          -0.02762,
          -0.94478,
          -0.32654,
          1.536589
        ],
        [
          0.0,
          0.0,
          0.0,
          1.0
        ]
      ]
    },
    {
      "file_path": "/media/NFS/ttao/scannet/posed_images/scene0078_01/00024.jpg",
      "transform_matrix": [
        [
          0.998933,
          -0.034723,
          0.030445,
          3.616187
        ],
        [
          -0.040085,
          -0.324638,
          0.944988,
          2.059184
        ],
        [
          -0.022929,
          -0.945201,
          -0.325684,
          1.534617
        ],
        [
          0.0,
          0.0,
          0.0,
          1.0
        ]
      ]
    },
    {
      "file_path": "/media/NFS/ttao/scannet/posed_images/scene0078_01/00025.jpg",
      "transform_matrix": [
        [
          0.998969,
          -0.033275,
          0.030897,
          3.615364
        ],
        [
          -0.040023,
          -0.323866,
          0.945256,
          2.059335
        ],
        [
          -0.021447,
          -0.945517,
          -0.324864,
          1.533491
        ],
        [
          0.0,
          0.0,
          0.0,
          1.0
        ]
      ]
    },
    {
      "file_path": "/media/NFS/ttao/scannet/posed_images/scene0078_01/00028.jpg",
      "transform_matrix": [
        [
          0.999104,
          -0.028011,
          0.031739,
          3.618093
        ],
        [
          -0.039179,
          -0.327907,
          0.943897,
          2.057861
        ],
        [
          -0.016032,
          -0.944295,
          -0.328711,
          1.528795
        ],
        [
          0.0,
          0.0,
          0.0,
          1.0
        ]
      ]
    },
    {
      "file_path": "/media/NFS/ttao/scannet/posed_images/scene0078_01/00033.jpg",
      "transform_matrix": [
        [
          0.998667,
          -0.015306,
          0.049294,
          3.622441
        ],
        [
          -0.05149,
          -0.361952,
          0.930774,
          2.05733
        ],
        [
          0.003595,
          -0.932071,
          -0.362257,
          1.508729
        ],
        [
          0.0,
          0.0,
          0.0,
          1.0
        ]
      ]
    },
    {
      "file_path": "/media/NFS/ttao/scannet/posed_images/scene0078_01/00035.jpg",
      "transform_matrix": [
        [
          0.998104,
          -0.019255,
          0.058458,
          3.623328
        ],
        [
          -0.061467,
          -0.360569,
          0.930705,
          2.059189
        ],
        [
          0.003158,
          -0.932534,
          -0.361068,
          1.510203
        ],
        [
          0.0,
          0.0,
          0.0,
          1.0
        ]
      ]
    },
    {
      "file_path": "/media/NFS/ttao/scannet/posed_images/scene0078_01/00039.jpg",
      "transform_matrix": [
        [
          0.997013,
          -0.022881,
          0.073768,
          3.631792
        ],
        [
          -0.077124,
          -0.346041,
          0.935044,
          2.056561
        ],
        [
          0.004132,
          -0.93794,
          -0.346772,
          1.513138
        ],
        [
          0.0,
          0.0,
          0.0,
          1.0
        ]
      ]
    },
    {
      "file_path": "/media/NFS/ttao/scannet/posed_images/scene0078_01/00041.jpg",
      "transform_matrix": [
        [
          0.996088,
          -0.028502,
          0.083648,
          3.633643
        ],
        [
          -0.088348,
          -0.342541,
          0.93534,
          2.055157
        ],
        [
          0.001994,
          -0.93907,
          -0.343719,
          1.510059
        ],
        [
          0.0,
          0.0,
          0.0,
          1.0
        ]
      ]
    },
    {
      "file_path": "/media/NFS/ttao/scannet/posed_images/scene0078_01/00044.jpg",
      "transform_matrix": [
        [
          0.99522,
          -0.033429,
          0.091758,
          3.642157
        ],
        [
          -0.097657,
          -0.342026,
          0.934602,
          2.055432
        ],
        [
          0.000141,
          -0.939096,
          -0.343655,
          1.50463
        ],
        [
          0.0,
          0.0,
          0.0,
          1.0
        ]
      ]
    },
    {
      "file_path": "/media/NFS/ttao/scannet/posed_images/scene0078_01/00046.jpg",
      "transform_matrix": [
        [
          0.994885,
          -0.036445,
          0.094209,
          3.646507
        ],
        [
          -0.100994,
          -0.341199,
          0.93455,
          2.055174
        ],
        [
          -0.001915,
          -0.939284,
          -0.343134,
          1.50433
        ],
        [
          0.0,
          0.0,
          0.0,
          1.0
        ]
      ]
    },
    {
      "file_path": "/media/NFS/ttao/scannet/posed_images/scene0078_01/00048.jpg",
      "transform_matrix": [
        [
          0.994932,
          -0.041292,
          0.091683,
          3.653621
        ],
        [
          -0.100307,
          -0.343868,
          0.933645,
          2.056273
        ],
        [
          -0.007026,
          -0.93811,
          -0.346267,
          1.505665
        ],
        [
          0.0,
          0.0,
          0.0,
          1.0
        ]
      ]
    },
    {
      "file_path": "/media/NFS/ttao/scannet/posed_images/scene0078_01/00053.jpg",
      "transform_matrix": [
        [
          0.995302,
          -0.049997,
          0.082907,
          3.663587
        ],
        [
          -0.095264,
          -0.353005,
          0.930759,
          2.057231
        ],
        [
          -0.017269,
          -0.934285,
          -0.35611,
          1.491745
        ],
        [
          0.0,
          0.0,
          0.0,
          1.0
        ]
      ]
    },
    {
      "file_path": "/media/NFS/ttao/scannet/posed_images/scene0078_01/00054.jpg",
      "transform_matrix": [
        [
          0.995422,
          -0.048914,
          0.082113,
          3.664968
        ],
        [
          -0.09412,
          -0.352202,
          0.931179,
          2.057867
        ],
        [
          -0.016627,
          -0.934645,
          -0.355193,
          1.488028
        ],
        [
          0.0,
          0.0,
          0.0,
          1.0
        ]
      ]
    },
    {
      "file_path": "/media/NFS/ttao/scannet/posed_images/scene0078_01/00057.jpg",
      "transform_matrix": [
        [
          0.996032,
          -0.051827,
          0.072354,
          3.674874
        ],
        [
          -0.086028,
          -0.352313,
          0.93192,
          2.061022
        ],
        [
          -0.022808,
          -0.934446,
          -0.355374,
          1.48991
        ],
        [
          0.0,
          0.0,
          0.0,
          1.0
        ]
      ]
    },
    {
      "file_path": "/media/NFS/ttao/scannet/posed_images/scene0078_01/00061.jpg",
      "transform_matrix": [
        [
          0.997828,
          -0.046065,
          0.047087,
          3.683093
        ],
        [
          -0.06081,
          -0.36933,
          0.927307,
          2.0698
        ],
        [
          -0.025326,
          -0.928156,
          -0.371329,
          1.492142
        ],
        [
          0.0,
          0.0,
          0.0,
          1.0
        ]
      ]
    },
    {
      "file_path": "/media/NFS/ttao/scannet/posed_images/scene0078_01/00062.jpg",
      "transform_matrix": [
        [
          0.998182,
          -0.041439,
          0.043771,
          3.682844
        ],
        [
          -0.055952,
          -0.366964,
          0.928551,
          2.071405
        ],
        [
          -0.022416,
          -0.929312,
          -0.368616,
          1.48561
        ],
        [
          0.0,
          0.0,
          0.0,
          1.0
        ]
      ]
    },
    {
      "file_path": "/media/NFS/ttao/scannet/posed_images/scene0078_01/00065.jpg",
      "transform_matrix": [
        [
          0.999328,
          -0.029443,
          0.021827,
          3.685976
        ],
        [
          -0.031228,
          -0.372248,
          0.927608,
          2.077936
        ],
        [
          -0.019186,
          -0.927666,
          -0.372918,
          1.480974
        ],
        [
          0.0,
          0.0,
          0.0,
          1.0
        ]
      ]
    },
    {
      "file_path": "/media/NFS/ttao/scannet/posed_images/scene0078_01/00069.jpg",
      "transform_matrix": [
        [
          0.999522,
          -0.010883,
          -0.028955,
          3.678992
        ],
        [
          0.02219,
          -0.399896,
          0.916292,
          2.088508
        ],
        [
          -0.021551,
          -0.916496,
          -0.399463,
          1.474281
        ],
        [
          0.0,
          0.0,
          0.0,
          1.0
        ]
      ]
    },
    {
      "file_path": "/media/NFS/ttao/scannet/posed_images/scene0078_01/00071.jpg",
      "transform_matrix": [
        [
          0.998494,
          0.004424,
          -0.054687,
          3.680963
        ],
        [
          0.051791,
          -0.404987,
          0.912854,
          2.091727
        ],
        [
          -0.018109,
          -0.914312,
          -0.404606,
          1.461512
        ],
        [
          0.0,
          0.0,
          0.0,
          1.0
        ]
      ]
    },
    {
      "file_path": "/media/NFS/ttao/scannet/posed_images/scene0078_01/00075.jpg",
      "transform_matrix": [
        [
          0.995633,
          0.01342,
          -0.092384,
          3.669232
        ],
        [
          0.089516,
          -0.418069,
          0.903994,
          2.111331
        ],
        [
          -0.026491,
          -0.908316,
          -0.417444,
          1.447109
        ],
        [
          0.0,
          0.0,
          0.0,
          1.0
        ]
      ]
    },
    {
      "file_path": "/media/NFS/ttao/scannet/posed_images/scene0078_01/00077.jpg",
      "transform_matrix": [
        [
          0.994737,
          0.019764,
          -0.100534,
          3.66171
        ],
        [
          0.099511,
          -0.420021,
          0.902042,
          2.127331
        ],
        [
          -0.024398,
          -0.907299,
          -0.419777,
          1.44251
        ],
        [
          0.0,
          0.0,
          0.0,
          1.0
        ]
      ]
    },
    {
      "file_path": "/media/NFS/ttao/scannet/posed_images/scene0078_01/00080.jpg",
      "transform_matrix": [
        [
          0.995199,
          0.025541,
          -0.094483,
          3.66123
        ],
        [
          0.096462,
          -0.419348,
          0.902686,
          2.183387
        ],
        [
          -0.016566,
          -0.907466,
          -0.419798,
          1.472668
        ],
        [
          0.0,
          0.0,
          0.0,
          1.0
        ]
      ]
    },
    {
      "file_path": "/media/NFS/ttao/scannet/posed_images/scene0078_01/00082.jpg",
      "transform_matrix": [
        [
          0.996342,
          0.022184,
          -0.082522,
          3.651678
        ],
        [
          0.084438,
          -0.403953,
          0.910874,
          2.202189
        ],
        [
          -0.013128,
          -0.914511,
          -0.404349,
          1.47227
        ],
        [
          0.0,
          0.0,
          0.0,
          1.0
        ]
      ]
    },
    {
      "file_path": "/media/NFS/ttao/scannet/posed_images/scene0078_01/00086.jpg",
      "transform_matrix": [
        [
          0.99686,
          0.023189,
          -0.075718,
          3.636722
        ],
        [
          0.078862,
          -0.37755,
          0.922625,
          2.247469
        ],
        [
          -0.007192,
          -0.925699,
          -0.378193,
          1.484809
        ],
        [
          0.0,
          0.0,
          0.0,
          1.0
        ]
      ]
    },
    {
      "file_path": "/media/NFS/ttao/scannet/posed_images/scene0078_01/00090.jpg",
      "transform_matrix": [
        [
          0.997214,
          0.014135,
          -0.073248,
          3.618533
        ],
        [
          0.073585,
          -0.347744,
          0.934698,
          2.28633
        ],
        [
          -0.01226,
          -0.937483,
          -0.347815,
          1.490813
        ],
        [
          0.0,
          0.0,
          0.0,
          1.0
        ]
      ]
    },
    {
      "file_path": "/media/NFS/ttao/scannet/posed_images/scene0078_01/00091.jpg",
      "transform_matrix": [
        [
          0.997187,
          0.011802,
          -0.074017,
          3.607692
        ],
        [
          0.073587,
          -0.341766,
          0.9369,
          2.294035
        ],
        [
          -0.014239,
          -0.939711,
          -0.341673,
          1.486065
        ],
        [
          0.0,
          0.0,
          0.0,
          1.0
        ]
      ]
    },
    {
      "file_path": "/media/NFS/ttao/scannet/posed_images/scene0078_01/00095.jpg",
      "transform_matrix": [
        [
          0.996256,
          0.007719,
          -0.086108,
          3.588527
        ],
        [
          0.083668,
          -0.33689,
          0.937819,
          2.331432
        ],
        [
          -0.02177,
          -0.941513,
          -0.336274,
          1.478446
        ],
        [
          0.0,
          0.0,
          0.0,
          1.0
        ]
      ]
    },
    {
      "file_path": "/media/NFS/ttao/scannet/posed_images/scene0078_01/00099.jpg",
      "transform_matrix": [
        [
          0.994151,
          0.005354,
          -0.107865,
          3.573541
        ],
        [
          0.102413,
          -0.363763,
          0.925844,
          2.371807
        ],
        [
          -0.034281,
          -0.931476,
          -0.362183,
          1.472068
        ],
        [
          0.0,
          0.0,
          0.0,
          1.0
        ]
      ]
    },
    {
      "file_path": "/media/NFS/ttao/scannet/posed_images/scene0078_01/00101.jpg",
      "transform_matrix": [
        [
          0.990899,
          0.013433,
          -0.133937,
          3.580734
        ],
        [
          0.129191,
          -0.374368,
          0.918237,
          2.394642
        ],
        [
          -0.037807,
          -0.927183,
          -0.372696,
          1.478404
        ],
        [
          0.0,
          0.0,
          0.0,
          1.0
        ]
      ]
    },
    {
      "file_path": "/media/NFS/ttao/scannet/posed_images/scene0078_01/00103.jpg",
      "transform_matrix": [
        [
          0.986065,
          0.018421,
          -0.165337,
          3.578281
        ],
        [
          0.16019,
          -0.373297,
          0.913777,
          2.408361
        ],
        [
          -0.044887,
          -0.927529,
          -0.371046,
          1.47223
        ],
        [
          0.0,
          0.0,
          0.0,
          1.0
        ]
      ]
    },
    {
      "file_path": "/media/NFS/ttao/scannet/posed_images/scene0078_01/00107.jpg",
      "transform_matrix": [
        [
          0.971036,
          0.026028,
          -0.237512,
          3.566059
        ],
        [
          0.22898,
          -0.385301,
          0.89393,
          2.437722
        ],
        [
          -0.068246,
          -0.922424,
          -0.380101,
          1.469538
        ],
        [
          0.0,
          0.0,
          0.0,
          1.0
        ]
      ]
    },
    {
      "file_path": "/media/NFS/ttao/scannet/posed_images/scene0078_01/00108.jpg",
      "transform_matrix": [
        [
          0.965765,
          0.03075,
          -0.25759,
          3.568025
        ],
        [
          0.24949,
          -0.382169,
          0.889776,
          2.445315
        ],
        [
          -0.071083,
          -0.92358,
          -0.376758,
          1.466269
        ],
        [
          0.0,
          0.0,
          0.0,
          1.0
        ]
      ]
    },
    {
      "file_path": "/media/NFS/ttao/scannet/posed_images/scene0078_01/00113.jpg",
      "transform_matrix": [
        [
          0.931424,
          0.0798,
          -0.35508,
          3.575558
        ],
        [
          0.357944,
          -0.377184,
          0.854171,
          2.482026
        ],
        [
          -0.065768,
          -0.922694,
          -0.379882,
          1.477525
        ],
        [
          0.0,
          0.0,
          0.0,
          1.0
        ]
      ]
    },
    {
      "file_path": "/media/NFS/ttao/scannet/posed_images/scene0078_01/00116.jpg",
      "transform_matrix": [
        [
          0.911502,
          0.107371,
          -0.397034,
          3.587916
        ],
        [
          0.408303,
          -0.352461,
          0.842056,
          2.505503
        ],
        [
          -0.049527,
          -0.929646,
          -0.365109,
          1.482882
        ],
        [
          0.0,
          0.0,
          0.0,
          1.0
        ]
      ]
    },
    {
      "file_path": "/media/NFS/ttao/scannet/posed_images/scene0078_01/00119.jpg",
      "transform_matrix": [
        [
          0.876573,
          0.13698,
          -0.461364,
          3.597461
        ],
        [
          0.478003,
          -0.359289,
          0.801513,
          2.515844
        ],
        [
          -0.055972,
          -0.923118,
          -0.38042,
          1.479731
        ],
        [
          0.0,
          0.0,
          0.0,
          1.0
        ]
      ]
    },
    {
      "file_path": "/media/NFS/ttao/scannet/posed_images/scene0078_01/00121.jpg",
      "transform_matrix": [
        [
          0.85732,
          0.152277,
          -0.491746,
          3.609264
        ],
        [
          0.511389,
          -0.361462,
          0.779632,
          2.527535
        ],
        [
          -0.059028,
          -0.919868,
          -0.387762,
          1.487783
        ],
        [
          0.0,
          0.0,
          0.0,
          1.0
        ]
      ]
    },
    {
      "file_path": "/media/NFS/ttao/scannet/posed_images/scene0078_01/00123.jpg",
      "transform_matrix": [
        [
          0.840854,
          0.165886,
          -0.515215,
          3.61083
        ],
        [
          0.538032,
          -0.360004,
          0.76218,
          2.531867
        ],
        [
          -0.059044,
          -0.918085,
          -0.391962,
          1.4868
        ],
        [
          0.0,
          0.0,
          0.0,
          1.0
        ]
      ]
    },
    {
      "file_path": "/media/NFS/ttao/scannet/posed_images/scene0078_01/00127.jpg",
      "transform_matrix": [
        [
          0.809931,
          0.187918,
          -0.555607,
          3.611808
        ],
        [
          0.583018,
          -0.36139,
          0.727659,
          2.531114
        ],
        [
          -0.064051,
          -0.913282,
          -0.40226,
          1.482649
        ],
        [
          0.0,
          0.0,
          0.0,
          1.0
        ]
      ]
    },
    {
      "file_path": "/media/NFS/ttao/scannet/posed_images/scene0078_01/00130.jpg",
      "transform_matrix": [
        [
          0.783609,
          0.199173,
          -0.588461,
          3.617113
        ],
        [
          0.61695,
          -0.360784,
          0.699434,
          2.52599
        ],
        [
          -0.072999,
          -0.911134,
          -0.405593,
          1.485702
        ],
        [
          0.0,
          0.0,
          0.0,
          1.0
        ]
      ]
    },
    {
      "file_path": "/media/NFS/ttao/scannet/posed_images/scene0078_01/00131.jpg",
      "transform_matrix": [
        [
          0.774763,
          0.204796,
          -0.598165,
          3.617276
        ],
        [
          0.627664,
          -0.362902,
          0.688723,
          2.525518
        ],
        [
          -0.076027,
          -0.909044,
          -0.409706,
          1.488671
        ],
        [
          0.0,
          0.0,
          0.0,
          1.0
        ]
      ]
    },
    {
      "file_path": "/media/NFS/ttao/scannet/posed_images/scene0078_01/00136.jpg",
      "transform_matrix": [
        [
          0.742253,
          0.218792,
          -0.633396,
          3.618013
        ],
        [
          0.665759,
          -0.348422,
          0.659823,
          2.503987
        ],
        [
          -0.076325,
          -0.911445,
          -0.40428,
          1.484262
        ],
        [
          0.0,
          0.0,
          0.0,
          1.0
        ]
      ]
    },
    {
      "file_path": "/media/NFS/ttao/scannet/posed_images/scene0078_01/00138.jpg",
      "transform_matrix": [
        [
          0.722544,
          0.232368,
          -0.651102,
          3.613562
        ],
        [
          0.688054,
          -0.333214,
          0.644632,
          2.483425
        ],
        [
          -0.067165,
          -0.913769,
          -0.400643,
          1.482277
        ],
        [
          0.0,
          0.0,
          0.0,
          1.0
        ]
      ]
    },
    {
      "file_path": "/media/NFS/ttao/scannet/posed_images/scene0078_01/00140.jpg",
      "transform_matrix": [
        [
          0.707037,
          0.241322,
          -0.664727,
          3.610084
        ],
        [
          0.704339,
          -0.324422,
          0.631392,
          2.467701
        ],
        [
          -0.063284,
          -0.914611,
          -0.399351,
          1.485068
        ],
        [
          0.0,
          0.0,
          0.0,
          1.0
        ]
      ]
    },
    {
      "file_path": "/media/NFS/ttao/scannet/posed_images/scene0078_01/00143.jpg",
      "transform_matrix": [
        [
          0.682624,
          0.240985,
          -0.689892,
          3.603592
        ],
        [
          0.727663,
          -0.311115,
          0.611322,
          2.441901
        ],
        [
          -0.067316,
          -0.919312,
          -0.38773,
          1.489669
        ],
        [
          0.0,
          0.0,
          0.0,
          1.0
        ]
      ]
    },
    {
      "file_path": "/media/NFS/ttao/scannet/posed_images/scene0078_01/00145.jpg",
      "transform_matrix": [
        [
          0.666131,
          0.23897,
          -0.706514,
          3.601869
        ],
        [
          0.742473,
          -0.3023,
          0.597785,
          2.418512
        ],
        [
          -0.070727,
          -0.922772,
          -0.3788,
          1.487636
        ],
        [
          0.0,
          0.0,
          0.0,
          1.0
        ]
      ]
    },
    {
      "file_path": "/media/NFS/ttao/scannet/posed_images/scene0078_01/00150.jpg",
      "transform_matrix": [
        [
          0.628529,
          0.252083,
          -0.735802,
          3.589524
        ],
        [
          0.774038,
          -0.295485,
          0.559958,
          2.371374
        ],
        [
          -0.076262,
          -0.921489,
          -0.380843,
          1.484031
        ],
        [
          0.0,
          0.0,
          0.0,
          1.0
        ]
      ]
    },
    {
      "file_path": "/media/NFS/ttao/scannet/posed_images/scene0078_01/00151.jpg",
      "transform_matrix": [
        [
          0.621016,
          0.256625,
          -0.740597,
          3.586112
        ],
        [
          0.780019,
          -0.295017,
          0.551847,
          2.358469
        ],
        [
          -0.076871,
          -0.920385,
          -0.383382,
          1.479698
        ],
        [
          0.0,
          0.0,
          0.0,
          1.0
        ]
      ]
    },
    {
      "file_path": "/media/NFS/ttao/scannet/posed_images/scene0078_01/00156.jpg",
      "transform_matrix": [
        [
          0.583339,
          0.287793,
          -0.759534,
          3.560991
        ],
        [
          0.810285,
          -0.27085,
          0.51969,
          2.312975
        ],
        [
          -0.056157,
          -0.918594,
          -0.391191,
          1.472764
        ],
        [
          0.0,
          0.0,
          0.0,
          1.0
        ]
      ]
    },
    {
      "file_path": "/media/NFS/ttao/scannet/posed_images/scene0078_01/00158.jpg",
      "transform_matrix": [
        [
          0.562006,
          0.299542,
          -0.770988,
          3.554998
        ],
        [
          0.825602,
          -0.259825,
          0.50087,
          2.302203
        ],
        [
          -0.050291,
          -0.918022,
          -0.393327,
          1.46899
        ],
        [
          0.0,
          0.0,
          0.0,
          1.0
        ]
      ]
    },
    {
      "file_path": "/media/NFS/ttao/scannet/posed_images/scene0078_01/00160.jpg",
      "transform_matrix": [
        [
          0.546436,
          0.311171,
          -0.777547,
          3.543921
        ],
        [
          0.836331,
          -0.251799,
          0.486979,
          2.276042
        ],
        [
          -0.044252,
          -0.91639,
          -0.397834,
          1.470424
        ],
        [
          0.0,
          0.0,
          0.0,
          1.0
        ]
      ]
    },
    {
      "file_path": "/media/NFS/ttao/scannet/posed_images/scene0078_01/00163.jpg",
      "transform_matrix": [
        [
          0.529088,
          0.321238,
          -0.785413,
          3.530938
        ],
        [
          0.847688,
          -0.242208,
          0.471975,
          2.249825
        ],
        [
          -0.038617,
          -0.915501,
          -0.400458,
          1.463842
        ],
        [
          0.0,
          0.0,
          0.0,
          1.0
        ]
      ]
    },
    {
      "file_path": "/media/NFS/ttao/scannet/posed_images/scene0078_01/00167.jpg",
      "transform_matrix": [
        [
          0.507661,
          0.336808,
          -0.792995,
          3.517432
        ],
        [
          0.861403,
          -0.215788,
          0.459803,
          2.22837
        ],
        [
          -0.016253,
          -0.916513,
          -0.399675,
          1.457663
        ],
        [
          0.0,
          0.0,
          0.0,
          1.0
        ]
      ]
    },
    {
      "file_path": "/media/NFS/ttao/scannet/posed_images/scene0078_01/00168.jpg",
      "transform_matrix": [
        [
          0.504693,
          0.339577,
          -0.793708,
          3.515213
        ],
        [
          0.863195,
          -0.212742,
          0.457859,
          2.221858
        ],
        [
          -0.013376,
          -0.916203,
          -0.400491,
          1.454582
        ],
        [
          0.0,
          0.0,
          0.0,
          1.0
        ]
      ]
    },
    {
      "file_path": "/media/NFS/ttao/scannet/posed_images/scene0078_01/00173.jpg",
      "transform_matrix": [
        [
          0.474053,
          0.372032,
          -0.798039,
          3.509158
        ],
        [
          0.880479,
          -0.194646,
          0.432284,
          2.199621
        ],
        [
          0.005488,
          -0.907582,
          -0.419839,
          1.43629
        ],
        [
          0.0,
          0.0,
          0.0,
          1.0
        ]
      ]
    },
    {
      "file_path": "/media/NFS/ttao/scannet/posed_images/scene0078_01/00174.jpg",
      "transform_matrix": [
        [
          0.470317,
          0.377218,
          -0.797815,
          3.506228
        ],
        [
          0.882433,
          -0.190139,
          0.4303,
          2.196983
        ],
        [
          0.010622,
          -0.906396,
          -0.422295,
          1.434239
        ],
        [
          0.0,
          0.0,
          0.0,
          1.0
        ]
      ]
    },
    {
      "file_path": "/media/NFS/ttao/scannet/posed_images/scene0078_01/00179.jpg",
      "transform_matrix": [
        [
          0.430877,
          0.385984,
          -0.815697,
          3.503597
        ],
        [
          0.902274,
          -0.168528,
          0.396863,
          2.172781
        ],
        [
          0.015715,
          -0.906981,
          -0.420878,
          1.409498
        ],
        [
          0.0,
          0.0,
          0.0,
          1.0
        ]
      ]
    },
    {
      "file_path": "/media/NFS/ttao/scannet/posed_images/scene0078_01/00180.jpg",
      "transform_matrix": [
        [
          0.422681,
          0.390554,
          -0.817807,
          3.50302
        ],
        [
          0.906167,
          -0.167966,
          0.388135,
          2.171712
        ],
        [
          0.014223,
          -0.905127,
          -0.424903,
          1.409806
        ],
        [
          0.0,
          0.0,
          0.0,
          1.0
        ]
      ]
    },
    {
      "file_path": "/media/NFS/ttao/scannet/posed_images/scene0078_01/00183.jpg",
      "transform_matrix": [
        [
          0.401589,
          0.406199,
          -0.82081,
          3.505667
        ],
        [
          0.915617,
          -0.159191,
          0.369194,
          2.159153
        ],
        [
          0.019301,
          -0.899812,
          -0.435851,
          1.399128
        ],
        [
          0.0,
          0.0,
          0.0,
          1.0
        ]
      ]
    },
    {
      "file_path": "/media/NFS/ttao/scannet/posed_images/scene0078_01/00187.jpg",
      "transform_matrix": [
        [
          0.380553,
          0.425133,
          -0.821244,
          3.513258
        ],
        [
          0.924392,
          -0.14985,
          0.350777,
          2.153069
        ],
        [
          0.026063,
          -0.89264,
          -0.450016,
          1.388125
        ],
        [
          0.0,
          0.0,
          0.0,
          1.0
        ]
      ]
    },
    {
      "file_path": "/media/NFS/ttao/scannet/posed_images/scene0078_01/00188.jpg",
      "transform_matrix": [
        [
          0.380633,
          0.431119,
          -0.81808,
          3.51461
        ],
        [
          0.924307,
          -0.150737,
          0.350621,
          2.153044
        ],
        [
          0.027844,
          -0.889615,
          -0.455862,
          1.385367
        ],
        [
          0.0,
          0.0,
          0.0,
          1.0
        ]
      ]
    },
    {
      "file_path": "/media/NFS/ttao/scannet/posed_images/scene0078_01/00191.jpg",
      "transform_matrix": [
        [
          0.393798,
          0.438281,
          -0.807981,
          3.519063
        ],
        [
          0.918569,
          -0.155158,
          0.363533,
          2.166089
        ],
        [
          0.033965,
          -0.885345,
          -0.463693,
          1.381416
        ],
        [
          0.0,
          0.0,
          0.0,
          1.0
        ]
      ]
    },
    {
      "file_path": "/media/NFS/ttao/scannet/posed_images/scene0078_01/00195.jpg",
      "transform_matrix": [
        [
          0.417701,
          0.428533,
          -0.801178,
          3.533053
        ],
        [
          0.90826,
          -0.173355,
          0.380805,
          2.186987
        ],
        [
          0.0243,
          -0.88674,
          -0.46163,
          1.374062
        ],
        [
          0.0,
          0.0,
          0.0,
          1.0
        ]
      ]
    },
    {
      "file_path": "/media/NFS/ttao/scannet/posed_images/scene0078_01/00197.jpg",
      "transform_matrix": [
        [
          0.42709,
          0.421462,
          -0.799977,
          3.541836
        ],
        [
          0.904132,
          -0.187507,
          0.383909,
          2.198411
        ],
        [
          0.011801,
          -0.887249,
          -0.46114,
          1.375101
        ],
        [
          0.0,
          0.0,
          0.0,
          1.0
        ]
      ]
    },
    {
      "file_path": "/media/NFS/ttao/scannet/posed_images/scene0078_01/00200.jpg",
      "transform_matrix": [
        [
          0.43841,
          0.418364,
          -0.795467,
          3.557182
        ],
        [
          0.898773,
          -0.202309,
          0.388944,
          2.221356
        ],
        [
          0.00179,
          -0.885462,
          -0.464709,
          1.380143
        ],
        [
          0.0,
          0.0,
          0.0,
          1.0
        ]
      ]
    },
    {
      "file_path": "/media/NFS/ttao/scannet/posed_images/scene0078_01/00204.jpg",
      "transform_matrix": [
        [
          0.453257,
          0.425858,
          -0.783072,
          3.575686
        ],
        [
          0.891333,
          -0.207565,
          0.403041,
          2.254372
        ],
        [
          0.009099,
          -0.88066,
          -0.473662,
          1.379121
        ],
        [
          0.0,
          0.0,
          0.0,
          1.0
        ]
      ]
    },
    {
      "file_path": "/media/NFS/ttao/scannet/posed_images/scene0078_01/00206.jpg",
      "transform_matrix": [
        [
          0.466901,
          0.416946,
          -0.779846,
          3.591381
        ],
        [
          0.884262,
          -0.21099,
          0.416609,
          2.275278
        ],
        [
          0.009164,
          -0.884104,
          -0.467201,
          1.380943
        ],
        [
          0.0,
          0.0,
          0.0,
          1.0
        ]
      ]
    },
    {
      "file_path": "/media/NFS/ttao/scannet/posed_images/scene0078_01/00208.jpg",
      "transform_matrix": [
        [
          0.477222,
          0.404283,
          -0.780266,
          3.602874
        ],
        [
          0.878782,
          -0.218233,
          0.424401,
          2.290606
        ],
        [
          0.001299,
          -0.888217,
          -0.459422,
          1.382843
        ],
        [
          0.0,
          0.0,
          0.0,
          1.0
        ]
      ]
    },
    {
      "file_path": "/media/NFS/ttao/scannet/posed_images/scene0078_01/00213.jpg",
      "transform_matrix": [
        [
          0.496311,
          0.373952,
          -0.783477,
          3.633849
        ],
        [
          0.867581,
          -0.246167,
          0.432093,
          2.347062
        ],
        [
          -0.031284,
          -0.894182,
          -0.446609,
          1.394959
        ],
        [
          0.0,
          0.0,
          0.0,
          1.0
        ]
      ]
    },
    {
      "file_path": "/media/NFS/ttao/scannet/posed_images/scene0078_01/00216.jpg",
      "transform_matrix": [
        [
          0.499212,
          0.368,
          -0.784451,
          3.651188
        ],
        [
          0.865555,
          -0.253606,
          0.431854,
          2.369109
        ],
        [
          -0.040019,
          -0.894573,
          -0.445127,
          1.397777
        ],
        [
          0.0,
          0.0,
          0.0,
          1.0
        ]
      ]
    },
    {
      "file_path": "/media/NFS/ttao/scannet/posed_images/scene0078_01/00217.jpg",
      "transform_matrix": [
        [
          0.499721,
          0.367429,
          -0.784395,
          3.655686
        ],
        [
          0.865296,
          -0.252813,
          0.432838,
          2.37523
        ],
        [
          -0.039268,
          -0.895032,
          -0.444271,
          1.399275
        ],
        [
          0.0,
          0.0,
          0.0,
          1.0
        ]
      ]
    },
    {
      "file_path": "/media/NFS/ttao/scannet/posed_images/scene0078_01/00220.jpg",
      "transform_matrix": [
        [
          0.498376,
          0.367746,
          -0.785101,
          3.667911
        ],
        [
          0.866332,
          -0.24573,
          0.434839,
          2.394024
        ],
        [
          -0.033013,
          -0.896872,
          -0.441056,
          1.400232
        ],
