{
  "frames": [
    {
      "file_path": "/media/NFS/ttao/scannet/posed_images/scene0010_00/00005.jpg",
      "transform_matrix": [
        [
          -0.306645,
          -0.396652,
          0.865238,
          3.699982
        ],
        [
          -0.951823,
          0.128774,
          -0.278298,
          3.558095
        ],
        [
          -0.001032,
          -0.908892,
          -0.41703,
          1.347768
        ],
        [
          0.0,
          0.0,
          0.0,
          1.0
        ]
      ]
    },
    {
      "file_path": "/media/NFS/ttao/scannet/posed_images/scene0010_00/00013.jpg",
      "transform_matrix": [
        [
          -0.324993,
          -0.385066,
          0.863773,
          3.701241
        ],
        [
          -0.94571,
          0.1289,
          -0.298359,
          3.561463
        ],
        [
          0.003548,
          -0.913843,
          -0.406052,
          1.348467
        ],
        [
          0.0,
          0.0,
          0.0,
          1.0
        ]
      ]
    },
    {
      "file_path": "/media/NFS/ttao/scannet/posed_images/scene0010_00/00018.jpg",
      "transform_matrix": [
        [
          -0.347033,
          -0.372463,
          0.860721,
          3.699959
        ],
        [
          -0.937844,
          0.133829,
          -0.320216,
          3.559122
        ],
        [
          0.004079,
          -0.918347,
          -0.395755,
          1.350278
        ],
        [
          0.0,
          0.0,
          0.0,
          1.0
        ]
      ]
    },
    {
      "file_path": "/media/NFS/ttao/scannet/posed_images/scene0010_00/00030.jpg",
      "transform_matrix": [
        [
          -0.34081,
          -0.354117,
          0.87089,
          3.703956
        ],
        [
          -0.939988,
          0.112143,
          -0.322251,
          3.562933
        ],
        [
          0.01645,
          -0.928453,
          -0.371085,
          1.357204
        ],
        [
          0.0,
          0.0,
          0.0,
          1.0
        ]
      ]
    },
    {
      "file_path": "/media/NFS/ttao/scannet/posed_images/scene0010_00/00035.jpg",
      "transform_matrix": [
        [
          -0.336547,
          -0.352478,
          0.87321,
          3.705696
        ],
        [
          -0.941598,
          0.114748,
          -0.316586,
          3.560831
        ],
        [
          0.011391,
          -0.928759,
          -0.37051,
          1.357655
        ],
        [
          0.0,
          0.0,
          0.0,
          1.0
        ]
      ]
    },
    {
      "file_path": "/media/NFS/ttao/scannet/posed_images/scene0010_00/00045.jpg",
      "transform_matrix": [
        [
          -0.349668,
          -0.360808,
          0.86461,
          3.710083
        ],
        [
          -0.936475,
          0.107686,
          -0.333794,
          3.563018
        ],
        [
          0.027329,
          -0.926403,
          -0.375542,
          1.360353
        ],
        [
          0.0,
          0.0,
          0.0,
          1.0
        ]
      ]
    },
    {
      "file_path": "/media/NFS/ttao/scannet/posed_images/scene0010_00/00053.jpg",
      "transform_matrix": [
        [
          -0.336899,
          -0.356121,
          0.871595,
          3.712448
        ],
        [
          -0.941487,
          0.117501,
          -0.315905,
          3.561596
        ],
        [
          0.010087,
          -0.927023,
          -0.37487,
          1.35903
        ],
        [
          0.0,
          0.0,
          0.0,
          1.0
        ]
      ]
    },
    {
      "file_path": "/media/NFS/ttao/scannet/posed_images/scene0010_00/00063.jpg",
      "transform_matrix": [
        [
          -0.354705,
          -0.357527,
          0.863921,
          3.71217
        ],
        [
          -0.934655,
          0.111303,
          -0.337684,
          3.55849
        ],
        [
          0.024574,
          -0.927247,
          -0.373644,
          1.360883
        ],
        [
          0.0,
          0.0,
          0.0,
          1.0
        ]
      ]
    },
    {
      "file_path": "/media/NFS/ttao/scannet/posed_images/scene0010_00/00068.jpg",
      "transform_matrix": [
        [
          -0.362095,
          -0.346795,
          0.865229,
          3.714081
        ],
        [
          -0.931876,
          0.11254,
          -0.344879,
          3.561987
        ],
        [
          0.02223,
          -0.931165,
          -0.36392,
          1.36338
        ],
        [
          0.0,
          0.0,
          0.0,
          1.0
        ]
      ]
    },
    {
      "file_path": "/media/NFS/ttao/scannet/posed_images/scene0010_00/00080.jpg",
      "transform_matrix": [
        [
          -0.370372,
          -0.352357,
          0.859459,
          3.72577
        ],
        [
          -0.928433,
          0.111606,
          -0.35434,
          3.565905
        ],
        [
          0.028934,
          -0.929187,
          -0.368475,
          1.36341
        ],
        [
          0.0,
          0.0,
          0.0,
          1.0
        ]
      ]
    },
    {
      "file_path": "/media/NFS/ttao/scannet/posed_images/scene0010_00/00083.jpg",
      "transform_matrix": [
        [
          -0.369117,
          -0.348449,
          0.861589,
          3.727505
        ],
        [
          -0.92904,
          0.113158,
          -0.35225,
          3.563422
        ],
        [
          0.025245,
          -0.930472,
          -0.365492,
          1.363784
        ],
        [
          0.0,
          0.0,
          0.0,
          1.0
        ]
      ]
    },
    {
      "file_path": "/media/NFS/ttao/scannet/posed_images/scene0010_00/00090.jpg",
      "transform_matrix": [
        [
          -0.384264,
          -0.335531,
          0.860093,
          3.729394
        ],
        [
          -0.92321,
          0.134689,
          -0.359919,
          3.554513
        ],
        [
          0.004919,
          -0.932351,
          -0.361522,
          1.363394
        ],
        [
          0.0,
          0.0,
          0.0,
          1.0
        ]
      ]
    },
    {
      "file_path": "/media/NFS/ttao/scannet/posed_images/scene0010_00/00101.jpg",
      "transform_matrix": [
        [
          -0.415608,
          -0.343002,
          0.842389,
          3.734122
        ],
        [
          -0.909422,
          0.141574,
          -0.391034,
          3.552947
        ],
        [
          0.014865,
          -0.928605,
          -0.370773,
          1.365623
        ],
        [
          0.0,
          0.0,
          0.0,
          1.0
        ]
      ]
    },
    {
      "file_path": "/media/NFS/ttao/scannet/posed_images/scene0010_00/00111.jpg",
      "transform_matrix": [
        [
          -0.457161,
          -0.335966,
          0.823487,
          3.732338
        ],
        [
          -0.889345,
          0.16402,
          -0.426805,
          3.544129
        ],
        [
          0.008323,
          -0.927482,
          -0.373774,
          1.363327
        ],
        [
          0.0,
          0.0,
          0.0,
          1.0
        ]
      ]
    },
    {
      "file_path": "/media/NFS/ttao/scannet/posed_images/scene0010_00/00121.jpg",
      "transform_matrix": [
        [
          -0.487928,
          -0.313666,
          0.81458,
          3.728714
        ],
        [
          -0.872839,
          0.165853,
          -0.458961,
          3.535132
        ],
        [
          0.008859,
          -0.934937,
          -0.354704,
          1.362738
        ],
        [
          0.0,
          0.0,
          0.0,
          1.0
        ]
      ]
    },
    {
      "file_path": "/media/NFS/ttao/scannet/posed_images/scene0010_00/00123.jpg",
      "transform_matrix": [
        [
          -0.493627,
          -0.309991,
          0.812551,
          3.727421
        ],
        [
          -0.869655,
          0.169774,
          -0.463548,
          3.532416
        ],
        [
          0.005746,
          -0.935458,
          -0.35339,
          1.361336
        ],
        [
          0.0,
          0.0,
          0.0,
          1.0
        ]
      ]
    },
    {
      "file_path": "/media/NFS/ttao/scannet/posed_images/scene0010_00/00133.jpg",
      "transform_matrix": [
        [
          -0.526554,
          -0.303548,
          0.794103,
          3.726178
        ],
        [
          -0.850135,
          0.191846,
          -0.490373,
          3.515649
        ],
        [
          -0.003493,
          -0.933302,
          -0.359074,
          1.355901
        ],
        [
          0.0,
          0.0,
          0.0,
          1.0
        ]
      ]
    },
    {
      "file_path": "/media/NFS/ttao/scannet/posed_images/scene0010_00/00146.jpg",
      "transform_matrix": [
        [
          -0.578766,
          -0.286013,
          0.763693,
          3.724019
        ],
        [
          -0.815456,
          0.211919,
          -0.538629,
          3.487605
        ],
        [
          -0.007786,
          -0.934498,
          -0.355883,
          1.35296
        ],
        [
          0.0,
          0.0,
          0.0,
          1.0
        ]
      ]
    },
    {
      "file_path": "/media/NFS/ttao/scannet/posed_images/scene0010_00/00156.jpg",
      "transform_matrix": [
        [
          -0.599095,
          -0.275334,
          0.751849,
          3.716877
        ],
        [
          -0.800627,
          0.216623,
          -0.558634,
          3.450992
        ],
        [
          -0.009057,
          -0.936625,
          -0.350217,
          1.34297
        ],
        [
          0.0,
          0.0,
          0.0,
          1.0
        ]
      ]
    },
    {
      "file_path": "/media/NFS/ttao/scannet/posed_images/scene0010_00/00158.jpg",
      "transform_matrix": [
        [
          -0.595303,
          -0.281741,
          0.752487,
          3.715463
        ],
        [
          -0.803501,
          0.20952,
          -0.557213,
          3.443388
        ],
        [
          -0.000672,
          -0.936335,
          -0.351107,
          1.343147
        ],
        [
          0.0,
          0.0,
          0.0,
          1.0
        ]
      ]
    },
    {
      "file_path": "/media/NFS/ttao/scannet/posed_images/scene0010_00/00171.jpg",
      "transform_matrix": [
        [
          -0.556042,
          -0.271425,
          0.785586,
          3.709227
        ],
        [
          -0.831107,
          0.191601,
          -0.522063,
          3.403038
        ],
        [
          -0.008818,
          -0.943195,
          -0.332121,
          1.347098
        ],
        [
          0.0,
          0.0,
          0.0,
          1.0
        ]
      ]
    },
    {
      "file_path": "/media/NFS/ttao/scannet/posed_images/scene0010_00/00176.jpg",
      "transform_matrix": [
        [
          -0.55777,
          -0.293168,
          0.776495,
          3.71144
        ],
        [
          -0.829993,
          0.198962,
          -0.52108,
          3.387554
        ],
        [
          -0.001729,
          -0.935129,
          -0.354303,
          1.344629
        ],
        [
          0.0,
          0.0,
          0.0,
          1.0
        ]
      ]
    },
    {
      "file_path": "/media/NFS/ttao/scannet/posed_images/scene0010_00/00188.jpg",
      "transform_matrix": [
        [
          -0.564747,
          -0.319297,
          0.760993,
          3.721977
        ],
        [
          -0.825128,
          0.201698,
          -0.527714,
          3.373998
        ],
        [
          0.015007,
          -0.925941,
          -0.377369,
          1.34076
        ],
        [
          0.0,
          0.0,
          0.0,
          1.0
        ]
      ]
    },
    {
      "file_path": "/media/NFS/ttao/scannet/posed_images/scene0010_00/00191.jpg",
      "transform_matrix": [
        [
          -0.572347,
          -0.316383,
          0.756519,
          3.732409
        ],
        [
          -0.819873,
          0.203809,
          -0.535043,
          3.372627
        ],
        [
          0.015094,
          -0.926479,
          -0.376043,
          1.341825
        ],
        [
          0.0,
          0.0,
          0.0,
          1.0
        ]
      ]
    },
    {
      "file_path": "/media/NFS/ttao/scannet/posed_images/scene0010_00/00201.jpg",
      "transform_matrix": [
        [
          -0.669917,
          -0.288872,
          0.683932,
          3.792415
        ],
        [
          -0.742413,
          0.253493,
          -0.620132,
          3.382424
        ],
        [
          0.005767,
          -0.923198,
          -0.384282,
          1.338263
        ],
        [
          0.0,
          0.0,
          0.0,
          1.0
        ]
      ]
    },
    {
      "file_path": "/media/NFS/ttao/scannet/posed_images/scene0010_00/00209.jpg",
      "transform_matrix": [
        [
          -0.71733,
          -0.280167,
          0.637922,
          3.841031
        ],
        [
          -0.696733,
          0.287111,
          -0.657366,
          3.400394
        ],
        [
          0.001018,
          -0.91601,
          -0.401155,
          1.339905
        ],
        [
          0.0,
          0.0,
          0.0,
          1.0
        ]
      ]
    },
    {
      "file_path": "/media/NFS/ttao/scannet/posed_images/scene0010_00/00216.jpg",
      "transform_matrix": [
        [
          -0.776924,
          -0.248763,
          0.578365,
          3.843059
        ],
        [
          -0.629449,
          0.326603,
          -0.70507,
          3.395521
        ],
        [
          -0.013501,
          -0.911838,
          -0.410329,
          1.336933
        ],
        [
          0.0,
          0.0,
          0.0,
          1.0
        ]
      ]
    },
    {
      "file_path": "/media/NFS/ttao/scannet/posed_images/scene0010_00/00229.jpg",
      "transform_matrix": [
        [
          -0.863173,
          -0.174932,
          0.473635,
          3.807246
        ],
        [
          -0.504384,
          0.34144,
          -0.793105,
          3.361066
        ],
        [
          -0.022979,
          -0.923481,
          -0.382955,
          1.35072
        ],
        [
          0.0,
          0.0,
          0.0,
          1.0
        ]
      ]
    },
    {
      "file_path": "/media/NFS/ttao/scannet/posed_images/scene0010_00/00236.jpg",
      "transform_matrix": [
        [
          -0.873717,
          -0.169851,
          0.455818,
          3.76201
        ],
        [
          -0.486036,
          0.342791,
          -0.803905,
          3.330596
        ],
        [
          -0.019706,
          -0.923929,
          -0.382055,
          1.355022
        ],
        [
          0.0,
          0.0,
          0.0,
          1.0
        ]
      ]
    },
    {
      "file_path": "/media/NFS/ttao/scannet/posed_images/scene0010_00/00241.jpg",
      "transform_matrix": [
        [
          -0.883415,
          -0.163839,
          0.439015,
          3.739221
        ],
        [
          -0.468273,
          0.343177,
          -0.814217,
          3.3142
        ],
        [
          -0.017259,
          -0.924871,
          -0.37989,
          1.353346
        ],
        [
          0.0,
          0.0,
          0.0,
          1.0
        ]
      ]
    },
    {
      "file_path": "/media/NFS/ttao/scannet/posed_images/scene0010_00/00251.jpg",
      "transform_matrix": [
        [
          -0.909375,
          -0.148658,
          0.388507,
          3.700704
        ],
        [
          -0.415837,
          0.349077,
          -0.839776,
          3.275407
        ],
        [
          -0.01078,
          -0.925228,
          -0.37926,
          1.341555
        ],
        [
          0.0,
          0.0,
          0.0,
          1.0
        ]
      ]
    },
    {
      "file_path": "/media/NFS/ttao/scannet/posed_images/scene0010_00/00261.jpg",
      "transform_matrix": [
        [
          -0.947299,
          -0.10731,
          0.301842,
          3.697456
        ],
        [
          -0.320164,
          0.349255,
          -0.880634,
          3.228681
        ],
        [
          -0.010919,
          -0.930863,
          -0.365206,
          1.343287
        ],
        [
          0.0,
          0.0,
          0.0,
          1.0
        ]
      ]
    },
    {
      "file_path": "/media/NFS/ttao/scannet/posed_images/scene0010_00/00269.jpg",
      "transform_matrix": [
        [
          -0.973465,
          -0.057592,
          0.221472,
          3.736636
        ],
        [
          -0.227265,
          0.356575,
          -0.906204,
          3.194405
        ],
        [
          -0.026782,
          -0.93249,
          -0.360201,
          1.349944
        ],
        [
          0.0,
          0.0,
          0.0,
          1.0
        ]
      ]
    },
    {
      "file_path": "/media/NFS/ttao/scannet/posed_images/scene0010_00/00279.jpg",
      "transform_matrix": [
        [
          -0.99536,
          -0.013164,
          0.095319,
          3.782483
        ],
        [
          -0.093619,
          0.361428,
          -0.927688,
          3.138359
        ],
        [
          -0.022239,
          -0.932307,
          -0.360983,
          1.357632
        ],
        [
          0.0,
          0.0,
          0.0,
          1.0
        ]
      ]
    },
    {
      "file_path": "/media/NFS/ttao/scannet/posed_images/scene0010_00/00284.jpg",
      "transform_matrix": [
        [
          -0.999238,
          -0.00251,
          0.038959,
          3.793852
        ],
        [
          -0.037146,
          0.368137,
          -0.929029,
          3.1141
        ],
        [
          -0.01201,
          -0.929768,
          -0.36795,
          1.357078
        ],
        [
          0.0,
          0.0,
          0.0,
          1.0
        ]
      ]
    },
    {
      "file_path": "/media/NFS/ttao/scannet/posed_images/scene0010_00/00297.jpg",
      "transform_matrix": [
        [
          -0.999577,
          0.028887,
          -0.003317,
          3.757156
        ],
        [
          0.012226,
          0.31405,
          -0.949328,
          3.039222
        ],
        [
          -0.026382,
          -0.948967,
          -0.314271,
          1.376274
        ],
        [
          0.0,
          0.0,
          0.0,
          1.0
        ]
      ]
    },
    {
      "file_path": "/media/NFS/ttao/scannet/posed_images/scene0010_00/00299.jpg",
      "transform_matrix": [
        [
          -0.999628,
          0.027197,
          0.002072,
          3.75018
        ],
        [
          0.006625,
          0.315783,
          -0.948808,
          3.031334
        ],
        [
          -0.02646,
          -0.948442,
          -0.315845,
          1.374538
        ],
        [
          0.0,
          0.0,
          0.0,
          1.0
        ]
      ]
    },
    {
      "file_path": "/media/NFS/ttao/scannet/posed_images/scene0010_00/00314.jpg",
      "transform_matrix": [
        [
          -0.983177,
          0.075207,
          -0.166457,
          3.685288
        ],
        [
          0.181694,
          0.309188,
          -0.933483,
          2.926596
        ],
        [
          -0.018738,
          -0.948022,
          -0.317651,
          1.398749
        ],
        [
          0.0,
          0.0,
          0.0,
          1.0
        ]
      ]
    },
    {
      "file_path": "/media/NFS/ttao/scannet/posed_images/scene0010_00/00322.jpg",
      "transform_matrix": [
        [
          -0.951548,
          0.103944,
          -0.2894,
          3.675333
        ],
        [
          0.307006,
          0.26777,
          -0.913261,
          2.888248
        ],
        [
          -0.017435,
          -0.95786,
          -0.286707,
          1.408518
        ],
        [
          0.0,
          0.0,
          0.0,
          1.0
        ]
      ]
    },
    {
      "file_path": "/media/NFS/ttao/scannet/posed_images/scene0010_00/00327.jpg",
      "transform_matrix": [
        [
          -0.930544,
          0.107261,
          -0.350119,
          3.6877
        ],
        [
          0.366039,
          0.245918,
          -0.897519,
          2.863223
        ],
        [
          -0.010168,
          -0.963338,
          -0.268099,
          1.412378
        ],
        [
          0.0,
          0.0,
          0.0,
          1.0
        ]
      ]
    },
    {
      "file_path": "/media/NFS/ttao/scannet/posed_images/scene0010_00/00334.jpg",
      "transform_matrix": [
        [
          -0.918751,
          0.114772,
          -0.377788,
          3.686905
        ],
        [
          0.394504,
          0.227506,
          -0.890285,
          2.830683
        ],
        [
          -0.016231,
          -0.966989,
          -0.2543,
          1.430609
        ],
        [
          0.0,
          0.0,
          0.0,
          1.0
        ]
      ]
    },
    {
      "file_path": "/media/NFS/ttao/scannet/posed_images/scene0010_00/00344.jpg",
      "transform_matrix": [
        [
          -0.906491,
          0.110082,
          -0.407622,
          3.669308
        ],
        [
          0.421808,
          0.193254,
          -0.88585,
          2.811349
        ],
        [
          -0.018742,
          -0.974954,
          -0.221617,
          1.464257
        ],
        [
          0.0,
          0.0,
          0.0,
          1.0
        ]
      ]
    },
    {
      "file_path": "/media/NFS/ttao/scannet/posed_images/scene0010_00/00349.jpg",
      "transform_matrix": [
        [
          -0.889277,
          0.113105,
          -0.443164,
          3.664907
        ],
        [
          0.457231,
          0.195989,
          -0.867484,
          2.804755
        ],
        [
          -0.011262,
          -0.974061,
          -0.226003,
          1.461906
        ],
        [
          0.0,
          0.0,
          0.0,
          1.0
        ]
      ]
    },
    {
      "file_path": "/media/NFS/ttao/scannet/posed_images/scene0010_00/00364.jpg",
      "transform_matrix": [
        [
          -0.854756,
          0.143076,
          -0.49892,
          3.665287
        ],
        [
          0.518898,
          0.257293,
          -0.815197,
          2.790263
        ],
        [
          0.011733,
          -0.955683,
          -0.294165,
          1.38727
        ],
        [
          0.0,
          0.0,
          0.0,
          1.0
        ]
      ]
    },
    {
      "file_path": "/media/NFS/ttao/scannet/posed_images/scene0010_00/00372.jpg",
      "transform_matrix": [
        [
          -0.852666,
          0.185715,
          -0.488335,
          3.675507
        ],
        [
          0.522404,
          0.289858,
          -0.80192,
          2.781088
        ],
        [
          -0.007381,
          -0.938878,
          -0.34417,
          1.361919
        ],
        [
          0.0,
          0.0,
          0.0,
          1.0
        ]
      ]
    },
    {
      "file_path": "/media/NFS/ttao/scannet/posed_images/scene0010_00/00377.jpg",
      "transform_matrix": [
        [
          -0.85376,
          0.209773,
          -0.476539,
          3.67369
        ],
        [
          0.520164,
          0.303421,
          -0.798352,
          2.779849
        ],
        [
          -0.02288,
          -0.929479,
          -0.368165,
          1.358667
        ],
        [
          0.0,
          0.0,
          0.0,
          1.0
        ]
      ]
    },
    {
      "file_path": "/media/NFS/ttao/scannet/posed_images/scene0010_00/00384.jpg",
      "transform_matrix": [
        [
          -0.835046,
          0.227827,
          -0.500793,
          3.665959
        ],
        [
          0.549459,
          0.298748,
          -0.780285,
          2.789344
        ],
        [
          -0.028159,
          -0.926739,
          -0.37465,
          1.348667
        ],
        [
          0.0,
          0.0,
          0.0,
          1.0
        ]
      ]
    },
    {
      "file_path": "/media/NFS/ttao/scannet/posed_images/scene0010_00/00395.jpg",
      "transform_matrix": [
        [
          -0.813078,
          0.240477,
          -0.530166,
          3.679867
        ],
        [
          0.581425,
          0.289846,
          -0.76022,
          2.804507
        ],
        [
          -0.02915,
          -0.926369,
          -0.375486,
          1.346835
        ],
        [
          0.0,
          0.0,
          0.0,
          1.0
        ]
      ]
    },
    {
      "file_path": "/media/NFS/ttao/scannet/posed_images/scene0010_00/00405.jpg",
      "transform_matrix": [
        [
          -0.818881,
          0.246066,
          -0.518542,
          3.704326
        ],
        [
          0.57339,
          0.310324,
          -0.758237,
          2.850068
        ],
        [
          -0.02566,
          -0.918232,
          -0.39521,
          1.346372
        ],
        [
          0.0,
          0.0,
          0.0,
          1.0
        ]
      ]
    },
    {
      "file_path": "/media/NFS/ttao/scannet/posed_images/scene0010_00/00410.jpg",
      "transform_matrix": [
        [
          -0.80521,
          0.260615,
          -0.53265,
          3.732837
        ],
        [
          0.592363,
          0.312242,
          -0.742705,
          2.872004
        ],
        [
          -0.027245,
          -0.913556,
          -0.405799,
          1.352418
        ],
        [
          0.0,
          0.0,
          0.0,
          1.0
        ]
      ]
    },
    {
      "file_path": "/media/NFS/ttao/scannet/posed_images/scene0010_00/00420.jpg",
      "transform_matrix": [
        [
          -0.743585,
          0.273533,
          -0.610132,
          3.790448
        ],
        [
          0.668325,
          0.276009,
          -0.690768,
          2.912053
        ],
        [
          -0.020546,
          -0.921411,
          -0.388045,
          1.361081
        ],
        [
          0.0,
          0.0,
          0.0,
          1.0
        ]
      ]
    },
    {
      "file_path": "/media/NFS/ttao/scannet/posed_images/scene0010_00/00432.jpg",
      "transform_matrix": [
        [
          -0.610916,
          0.295758,
          -0.734376,
          3.826016
        ],
        [
          0.791604,
          0.214147,
          -0.572279,
          2.905001
        ],
        [
          -0.011991,
          -0.93095,
          -0.364949,
          1.364241
        ],
        [
          0.0,
          0.0,
          0.0,
          1.0
        ]
      ]
    },
    {
      "file_path": "/media/NFS/ttao/scannet/posed_images/scene0010_00/00440.jpg",
      "transform_matrix": [
        [
          -0.56241,
          0.281456,
          -0.777482,
          3.820616
        ],
        [
          0.826803,
          0.18058,
          -0.532716,
          2.900636
        ],
        [
          -0.009538,
          -0.942429,
          -0.334269,
          1.349788
        ],
        [
          0.0,
          0.0,
          0.0,
          1.0
        ]
      ]
    },
    {
      "file_path": "/media/NFS/ttao/scannet/posed_images/scene0010_00/00447.jpg",
      "transform_matrix": [
        [
          -0.5035,
          0.293812,
          -0.812504,
          3.811092
        ],
        [
          0.863933,
          0.159936,
          -0.477535,
          2.908094
        ],
        [
          -0.010357,
          -0.942388,
          -0.334361,
          1.348216
        ],
        [
          0.0,
          0.0,
          0.0,
          1.0
        ]
      ]
    },
    {
      "file_path": "/media/NFS/ttao/scannet/posed_images/scene0010_00/00452.jpg",
      "transform_matrix": [
        [
          -0.48361,
          0.288254,
          -0.826457,
          3.780041
        ],
        [
          0.875277,
          0.163124,
          -0.455282,
          2.93099
        ],
        [
          0.003578,
          -0.943557,
          -0.33119,
          1.346837
        ],
        [
          0.0,
          0.0,
          0.0,
          1.0
        ]
      ]
    },
    {
      "file_path": "/media/NFS/ttao/scannet/posed_images/scene0010_00/00465.jpg",
      "transform_matrix": [
        [
          -0.433536,
          0.309792,
          -0.846212,
          3.734502
        ],
        [
          0.901095,
          0.158044,
          -0.403795,
          2.993336
        ],
        [
          0.008646,
          -0.937577,
          -0.347669,
          1.340559
        ],
        [
          0.0,
          0.0,
          0.0,
          1.0
        ]
      ]
    },
    {
      "file_path": "/media/NFS/ttao/scannet/posed_images/scene0010_00/00467.jpg",
      "transform_matrix": [
        [
          -0.42347,
          0.312951,
          -0.850138,
          3.723412
        ],
        [
          0.90588,
          0.153891,
          -0.394587,
          3.005683
        ],
        [
          0.007342,
          -0.937219,
          -0.348664,
          1.339567
        ],
        [
          0.0,
          0.0,
          0.0,
          1.0
        ]
      ]
    },
    {
      "file_path": "/media/NFS/ttao/scannet/posed_images/scene0010_00/00480.jpg",
      "transform_matrix": [
        [
          -0.229311,
          0.330427,
          -0.915552,
          3.659173
        ],
        [
          0.972825,
          0.10879,
          -0.204393,
          3.007723
        ],
        [
          0.032066,
          -0.937541,
          -0.346394,
          1.340851
        ],
        [
          0.0,
          0.0,
          0.0,
          1.0
        ]
      ]
    },
    {
      "file_path": "/media/NFS/ttao/scannet/posed_images/scene0010_00/00485.jpg",
      "transform_matrix": [
        [
          -0.158824,
          0.330915,
          -0.930199,
          3.644515
        ],
        [
          0.987274,
          0.060952,
          -0.146886,
          2.980326
        ],
        [
          0.008091,
          -0.94169,
          -0.336384,
          1.339147
        ],
        [
          0.0,
          0.0,
          0.0,
          1.0
        ]
      ]
    },
    {
      "file_path": "/media/NFS/ttao/scannet/posed_images/scene0010_00/00493.jpg",
      "transform_matrix": [
        [
          -0.075149,
          0.345429,
          -0.935431,
          3.622553
        ],
        [
          0.997123,
          0.035394,
          -0.067035,
          2.934493
        ],
        [
          0.009952,
          -0.937777,
          -0.347095,
          1.336047
        ],
        [
          0.0,
          0.0,
          0.0,
          1.0
        ]
      ]
    },
    {
      "file_path": "/media/NFS/ttao/scannet/posed_images/scene0010_00/00500.jpg",
      "transform_matrix": [
        [
          -0.003186,
          0.349049,
          -0.937099,
          3.607718
        ],
        [
          0.999786,
          0.020256,
          0.004146,
          2.943434
        ],
        [
          0.020429,
          -0.936885,
          -0.349039,
          1.332334
        ],
        [
          0.0,
          0.0,
          0.0,
          1.0
        ]
      ]
    },
    {
      "file_path": "/media/NFS/ttao/scannet/posed_images/scene0010_00/00513.jpg",
      "transform_matrix": [
        [
          0.108076,
          0.363016,
          -0.925494,
          3.593851
        ],
        [
          0.994061,
          -0.027565,
          0.105271,
          3.024808
        ],
        [
          0.012704,
          -0.931375,
          -0.363839,
          1.333987
        ],
        [
          0.0,
          0.0,
          0.0,
          1.0
        ]
      ]
    },
    {
      "file_path": "/media/NFS/ttao/scannet/posed_images/scene0010_00/00523.jpg",
      "transform_matrix": [
        [
          0.178264,
          0.374407,
          -0.909967,
          3.596282
        ],
        [
          0.983982,
          -0.068402,
          0.16462,
          3.100579
        ],
        [
          -0.000608,
          -0.924738,
          -0.380604,
          1.320884
        ],
        [
          0.0,
          0.0,
          0.0,
          1.0
        ]
      ]
    },
    {
      "file_path": "/media/NFS/ttao/scannet/posed_images/scene0010_00/00528.jpg",
      "transform_matrix": [
        [
          0.196629,
          0.393956,
          -0.89785,
          3.595577
        ],
        [
          0.980463,
          -0.083979,
          0.177873,
          3.1199
        ],
        [
          -0.005326,
          -0.915284,
          -0.402773,
          1.310776
        ],
        [
          0.0,
          0.0,
          0.0,
          1.0
        ]
      ]
    },
    {
      "file_path": "/media/NFS/ttao/scannet/posed_images/scene0010_00/00538.jpg",
      "transform_matrix": [
        [
          0.325032,
          0.395262,
          -0.859141,
          3.586616
        ],
        [
          0.945619,
          -0.14793,
          0.289691,
          3.128981
        ],
        [
          -0.012589,
          -0.906579,
          -0.421849,
          1.302698
        ],
        [
          0.0,
          0.0,
          0.0,
          1.0
        ]
      ]
    },
    {
      "file_path": "/media/NFS/ttao/scannet/posed_images/scene0010_00/00548.jpg",
      "transform_matrix": [
        [
          0.446358,
          0.35174,
          -0.822826,
          3.571424
        ],
        [
          0.893478,
          -0.226152,
          0.388009,
          3.10141
        ],
        [
          -0.049606,
          -0.908369,
          -0.415217,
          1.305965
        ],
        [
          0.0,
          0.0,
          0.0,
          1.0
        ]
      ]
    },
    {
      "file_path": "/media/NFS/ttao/scannet/posed_images/scene0010_00/00550.jpg",
      "transform_matrix": [
        [
          0.471786,
          0.348723,
          -0.809821,
          3.569512
        ],
        [
          0.880473,
          -0.23502,
          0.411743,
          3.095541
        ],
        [
          -0.04674,
          -0.90728,
          -0.417921,
          1.305653
        ],
        [
          0.0,
          0.0,
          0.0,
          1.0
        ]
      ]
    },
    {
      "file_path": "/media/NFS/ttao/scannet/posed_images/scene0010_00/00563.jpg",
      "transform_matrix": [
        [
          0.61879,
          0.320675,
          -0.717124,
          3.556081
        ],
        [
          0.784887,
          -0.290045,
          0.547564,
          3.069381
        ],
        [
          -0.032408,
          -0.901688,
          -0.431171,
          1.297181
        ],
        [
          0.0,
          0.0,
          0.0,
          1.0
        ]
      ]
    },
    {
      "file_path": "/media/NFS/ttao/scannet/posed_images/scene0010_00/00573.jpg",
      "transform_matrix": [
        [
          0.644942,
          0.329123,
          -0.68973,
          3.554168
        ],
        [
          0.763982,
          -0.300682,
          0.570895,
          3.089073
        ],
        [
          -0.019495,
          -0.895136,
          -0.445367,
          1.288421
        ],
        [
          0.0,
          0.0,
          0.0,
          1.0
        ]
      ]
    },
    {
      "file_path": "/media/NFS/ttao/scannet/posed_images/scene0010_00/00575.jpg",
      "transform_matrix": [
        [
          0.650328,
          0.330675,
          -0.683906,
          3.550853
        ],
        [
          0.759466,
          -0.303039,
          0.575655,
          3.095759
        ],
        [
          -0.016895,
          -0.893768,
          -0.448211,
          1.28768
        ],
        [
          0.0,
          0.0,
          0.0,
          1.0
        ]
      ]
    },
    {
      "file_path": "/media/NFS/ttao/scannet/posed_images/scene0010_00/00586.jpg",
      "transform_matrix": [
        [
          0.691988,
          0.314016,
          -0.650036,
          3.539311
        ],
        [
          0.721575,
          -0.328276,
          0.609561,
          3.15936
        ],
        [
          -0.02198,
          -0.890859,
          -0.453749,
          1.296473
        ],
        [
          0.0,
          0.0,
          0.0,
          1.0
        ]
      ]
    },
    {
      "file_path": "/media/NFS/ttao/scannet/posed_images/scene0010_00/00598.jpg",
      "transform_matrix": [
        [
          0.705597,
          0.275811,
          -0.652734,
          3.544521
        ],
        [
          0.707777,
          -0.319062,
          0.630278,
          3.236853
        ],
        [
          -0.034425,
          -0.906713,
          -0.420342,
          1.296072
        ],
        [
          0.0,
          0.0,
          0.0,
          1.0
        ]
      ]
    },
    {
      "file_path": "/media/NFS/ttao/scannet/posed_images/scene0010_00/00608.jpg",
      "transform_matrix": [
        [
          0.74315,
          0.297776,
          -0.599214,
          3.528986
        ],
        [
          0.66819,
          -0.377558,
          0.641071,
          3.288248
        ],
        [
          -0.035343,
          -0.876801,
          -0.479553,
          1.291451
        ],
        [
          0.0,
          0.0,
          0.0,
          1.0
        ]
      ]
    },
    {
      "file_path": "/media/NFS/ttao/scannet/posed_images/scene0010_00/00613.jpg",
      "transform_matrix": [
        [
          0.770012,
          0.275618,
          -0.575426,
          3.503005
        ],
        [
          0.636029,
          -0.402942,
          0.658107,
          3.314443
        ],
        [
          -0.050477,
          -0.872738,
          -0.485572,
          1.287628
        ],
        [
          0.0,
          0.0,
          0.0,
          1.0
        ]
      ]
    },
    {
      "file_path": "/media/NFS/ttao/scannet/posed_images/scene0010_00/00621.jpg",
      "transform_matrix": [
        [
          0.835824,
          0.22196,
          -0.502128,
          3.423132
        ],
        [
          0.544649,
          -0.45013,
          0.707629,
          3.354539
        ],
        [
          -0.068958,
          -0.864937,
          -0.49712,
          1.272942
        ],
        [
          0.0,
          0.0,
          0.0,
          1.0
        ]
      ]
    },
    {
      "file_path": "/media/NFS/ttao/scannet/posed_images/scene0010_00/00628.jpg",
      "transform_matrix": [
        [
          0.86735,
          0.215681,
          -0.448538,
          3.366305
        ],
        [
          0.494398,
          -0.477003,
          0.726662,
          3.38567
        ],
        [
          -0.057227,
          -0.852027,
          -0.520361,
          1.269246
        ],
        [
          0.0,
          0.0,
          0.0,
          1.0
        ]
      ]
    },
    {
      "file_path": "/media/NFS/ttao/scannet/posed_images/scene0010_00/00636.jpg",
      "transform_matrix": [
        [
          0.894532,
          0.220119,
          -0.389051,
          3.352112
        ],
        [
          0.445789,
          -0.503425,
          0.740159,
          3.399591
        ],
        [
          -0.032935,
          -0.83553,
          -0.548456,
          1.263178
        ],
        [
          0.0,
          0.0,
          0.0,
          1.0
        ]
      ]
    },
    {
      "file_path": "/media/NFS/ttao/scannet/posed_images/scene0010_00/00646.jpg",
      "transform_matrix": [
        [
          0.910892,
          0.211228,
          -0.354483,
          3.380114
        ],
        [
          0.411741,
          -0.522052,
          0.746947,
          3.396892
        ],
        [
          -0.027283,
          -0.826344,
