{
  "frames": [
    {
      "file_path": "/media/NFS/ttao/scannet/posed_images/scene0608_01/00003.jpg",
      "transform_matrix": [
        [
          0.558527,
          0.272985,
          -0.78328,
          3.032908
        ],
        [
          0.825494,
          -0.275465,
          0.492624,
          3.885311
        ],
        [
          -0.081287,
          -0.921737,
          -0.379202,
          1.324013
        ],
        [
          0.0,
          0.0,
          0.0,
          1.0
        ]
      ]
    },
    {
      "file_path": "/media/NFS/ttao/scannet/posed_images/scene0608_01/00009.jpg",
      "transform_matrix": [
        [
          0.560945,
          0.286041,
          -0.776867,
          3.022991
        ],
        [
          0.82495,
          -0.271667,
          0.495636,
          3.880062
        ],
        [
          -0.069277,
          -0.9189,
          -0.38836,
          1.316446
        ],
        [
          0.0,
          0.0,
          0.0,
          1.0
        ]
      ]
    },
    {
      "file_path": "/media/NFS/ttao/scannet/posed_images/scene0608_01/00017.jpg",
      "transform_matrix": [
        [
          0.563716,
          0.308297,
          -0.766275,
          3.019439
        ],
        [
          0.82421,
          -0.270465,
          0.49752,
          3.881793
        ],
        [
          -0.053866,
          -0.912032,
          -0.406567,
          1.275662
        ],
        [
          0.0,
          0.0,
          0.0,
          1.0
        ]
      ]
    },
    {
      "file_path": "/media/NFS/ttao/scannet/posed_images/scene0608_01/00034.jpg",
      "transform_matrix": [
        [
          0.533943,
          0.447321,
          -0.717502,
          2.952185
        ],
        [
          0.844786,
          -0.317617,
          0.430648,
          3.822758
        ],
        [
          -0.035253,
          -0.836076,
          -0.54748,
          1.203163
        ],
        [
          0.0,
          0.0,
          0.0,
          1.0
        ]
      ]
    },
    {
      "file_path": "/media/NFS/ttao/scannet/posed_images/scene0608_01/00043.jpg",
      "transform_matrix": [
        [
          0.510772,
          0.481332,
          -0.712342,
          2.92925
        ],
        [
          0.85904,
          -0.318615,
          0.40067,
          3.810348
        ],
        [
          -0.034108,
          -0.816581,
          -0.576222,
          1.201809
        ],
        [
          0.0,
          0.0,
          0.0,
          1.0
        ]
      ]
    },
    {
      "file_path": "/media/NFS/ttao/scannet/posed_images/scene0608_01/00052.jpg",
      "transform_matrix": [
        [
          0.468753,
          0.483653,
          -0.739155,
          2.911255
        ],
        [
          0.881558,
          -0.30911,
          0.356801,
          3.815054
        ],
        [
          -0.055912,
          -0.818859,
          -0.571265,
          1.21021
        ],
        [
          0.0,
          0.0,
          0.0,
          1.0
        ]
      ]
    },
    {
      "file_path": "/media/NFS/ttao/scannet/posed_images/scene0608_01/00055.jpg",
      "transform_matrix": [
        [
          0.467745,
          0.479539,
          -0.742468,
          2.89874
        ],
        [
          0.88141,
          -0.315617,
          0.351428,
          3.822916
        ],
        [
          -0.065812,
          -0.818797,
          -0.570298,
          1.214067
        ],
        [
          0.0,
          0.0,
          0.0,
          1.0
        ]
      ]
    },
    {
      "file_path": "/media/NFS/ttao/scannet/posed_images/scene0608_01/00069.jpg",
      "transform_matrix": [
        [
          0.498793,
          0.403564,
          -0.767034,
          2.827981
        ],
        [
          0.862392,
          -0.319436,
          0.392736,
          3.87771
        ],
        [
          -0.086524,
          -0.857378,
          -0.507363,
          1.2497
        ],
        [
          0.0,
          0.0,
          0.0,
          1.0
        ]
      ]
    },
    {
      "file_path": "/media/NFS/ttao/scannet/posed_images/scene0608_01/00080.jpg",
      "transform_matrix": [
        [
          0.531373,
          0.359019,
          -0.767299,
          2.798119
        ],
        [
          0.842103,
          -0.322468,
          0.432294,
          3.927371
        ],
        [
          -0.092228,
          -0.875854,
          -0.473681,
          1.264494
        ],
        [
          0.0,
          0.0,
          0.0,
          1.0
        ]
      ]
    },
    {
      "file_path": "/media/NFS/ttao/scannet/posed_images/scene0608_01/00089.jpg",
      "transform_matrix": [
        [
          0.571065,
          0.328845,
          -0.752161,
          2.765458
        ],
        [
          0.816336,
          -0.324024,
          0.478125,
          3.927137
        ],
        [
          -0.086489,
          -0.887057,
          -0.453487,
          1.282004
        ],
        [
          0.0,
          0.0,
          0.0,
          1.0
        ]
      ]
    },
    {
      "file_path": "/media/NFS/ttao/scannet/posed_images/scene0608_01/00098.jpg",
      "transform_matrix": [
        [
          0.609675,
          0.293463,
          -0.736326,
          2.707984
        ],
        [
          0.790107,
          -0.29937,
          0.534891,
          3.903282
        ],
        [
          -0.063463,
          -0.907886,
          -0.414385,
          1.299265
        ],
        [
          0.0,
          0.0,
          0.0,
          1.0
        ]
      ]
    },
    {
      "file_path": "/media/NFS/ttao/scannet/posed_images/scene0608_01/00106.jpg",
      "transform_matrix": [
        [
          0.626587,
          0.273172,
          -0.729908,
          2.666372
        ],
        [
          0.777415,
          -0.28507,
          0.56068,
          3.885585
        ],
        [
          -0.054913,
          -0.918756,
          -0.390989,
          1.316409
        ],
        [
          0.0,
          0.0,
          0.0,
          1.0
        ]
      ]
    },
    {
      "file_path": "/media/NFS/ttao/scannet/posed_images/scene0608_01/00118.jpg",
      "transform_matrix": [
        [
          0.626846,
          0.201918,
          -0.752524,
          2.675359
        ],
        [
          0.77639,
          -0.242998,
          0.581524,
          3.89967
        ],
        [
          -0.065442,
          -0.948779,
          -0.30909,
          1.35098
        ],
        [
          0.0,
          0.0,
          0.0,
          1.0
        ]
      ]
    },
    {
      "file_path": "/media/NFS/ttao/scannet/posed_images/scene0608_01/00126.jpg",
      "transform_matrix": [
        [
          0.651508,
          0.170951,
          -0.73913,
          2.715975
        ],
        [
          0.755179,
          -0.239125,
          0.610348,
          3.915914
        ],
        [
          -0.072405,
          -0.955822,
          -0.28489,
          1.380895
        ],
        [
          0.0,
          0.0,
          0.0,
          1.0
        ]
      ]
    },
    {
      "file_path": "/media/NFS/ttao/scannet/posed_images/scene0608_01/00138.jpg",
      "transform_matrix": [
        [
          0.688569,
          0.112639,
          -0.71637,
          2.810706
        ],
        [
          0.717454,
          -0.249552,
          0.650372,
          3.939831
        ],
        [
          -0.105515,
          -0.961788,
          -0.252647,
          1.382543
        ],
        [
          0.0,
          0.0,
          0.0,
          1.0
        ]
      ]
    },
    {
      "file_path": "/media/NFS/ttao/scannet/posed_images/scene0608_01/00141.jpg",
      "transform_matrix": [
        [
          0.696436,
          0.10251,
          -0.71026,
          2.82905
        ],
        [
          0.708433,
          -0.256071,
          0.657686,
          3.947319
        ],
        [
          -0.114458,
          -0.961207,
          -0.250958,
          1.380975
        ],
        [
          0.0,
          0.0,
          0.0,
          1.0
        ]
      ]
    },
    {
      "file_path": "/media/NFS/ttao/scannet/posed_images/scene0608_01/00155.jpg",
      "transform_matrix": [
        [
          0.771469,
          0.025227,
          -0.635767,
          2.835406
        ],
        [
          0.626619,
          -0.203471,
          0.752295,
          3.946757
        ],
        [
          -0.110383,
          -0.978756,
          -0.172779,
          1.414356
        ],
        [
          0.0,
          0.0,
          0.0,
          1.0
        ]
      ]
    },
    {
      "file_path": "/media/NFS/ttao/scannet/posed_images/scene0608_01/00164.jpg",
      "transform_matrix": [
        [
          0.776153,
          -0.009521,
          -0.630473,
          2.83639
        ],
        [
          0.622713,
          -0.145531,
          0.768798,
          3.940665
        ],
        [
          -0.099073,
          -0.989308,
          -0.107026,
          1.44562
        ],
        [
          0.0,
          0.0,
          0.0,
          1.0
        ]
      ]
    },
    {
      "file_path": "/media/NFS/ttao/scannet/posed_images/scene0608_01/00178.jpg",
      "transform_matrix": [
        [
          0.808263,
          -0.052049,
          -0.586517,
          2.845173
        ],
        [
          0.581652,
          -0.084394,
          0.809048,
          3.930021
        ],
        [
          -0.091609,
          -0.995072,
          -0.037938,
          1.494916
        ],
        [
          0.0,
          0.0,
          0.0,
          1.0
        ]
      ]
    },
    {
      "file_path": "/media/NFS/ttao/scannet/posed_images/scene0608_01/00187.jpg",
      "transform_matrix": [
        [
          0.804924,
          -0.069171,
          -0.589333,
          2.848168
        ],
        [
          0.586688,
          -0.055951,
          0.807878,
          3.916028
        ],
        [
          -0.088856,
          -0.996035,
          -0.004455,
          1.506896
        ],
        [
          0.0,
          0.0,
          0.0,
          1.0
        ]
      ]
    },
    {
      "file_path": "/media/NFS/ttao/scannet/posed_images/scene0608_01/00190.jpg",
      "transform_matrix": [
        [
          0.803087,
          -0.072128,
          -0.59148,
          2.847657
        ],
        [
          0.588776,
          -0.056573,
          0.806314,
          3.910119
        ],
        [
          -0.09162,
          -0.99579,
          -0.002966,
          1.501756
        ],
        [
          0.0,
          0.0,
          0.0,
          1.0
        ]
      ]
    },
    {
      "file_path": "/media/NFS/ttao/scannet/posed_images/scene0608_01/00198.jpg",
      "transform_matrix": [
        [
          0.798947,
          -0.077839,
          -0.596343,
          2.849054
        ],
        [
          0.59453,
          -0.047241,
          0.802684,
          3.906026
        ],
        [
          -0.090652,
          -0.995846,
          0.008535,
          1.522183
        ],
        [
          0.0,
          0.0,
          0.0,
          1.0
        ]
      ]
    },
    {
      "file_path": "/media/NFS/ttao/scannet/posed_images/scene0608_01/00213.jpg",
      "transform_matrix": [
        [
          0.782165,
          -0.148655,
          -0.605078,
          2.874811
        ],
        [
          0.613274,
          0.012133,
          0.789778,
          3.894272
        ],
        [
          -0.110063,
          -0.988815,
          0.100656,
          1.548324
        ],
        [
          0.0,
          0.0,
          0.0,
          1.0
        ]
      ]
    },
    {
      "file_path": "/media/NFS/ttao/scannet/posed_images/scene0608_01/00218.jpg",
      "transform_matrix": [
        [
          0.771433,
          -0.15088,
          -0.618164,
          2.875235
        ],
        [
          0.627039,
          0.015014,
          0.778844,
          3.892002
        ],
        [
          -0.108231,
          -0.988438,
          0.10619,
          1.55182
        ],
        [
          0.0,
          0.0,
          0.0,
          1.0
        ]
      ]
    },
    {
      "file_path": "/media/NFS/ttao/scannet/posed_images/scene0608_01/00227.jpg",
      "transform_matrix": [
        [
          0.726139,
          -0.158839,
          -0.668948,
          2.876021
        ],
        [
          0.678641,
          0.009485,
          0.734408,
          3.888463
        ],
        [
          -0.110307,
          -0.987259,
          0.114682,
          1.543093
        ],
        [
          0.0,
          0.0,
          0.0,
          1.0
        ]
      ]
    },
    {
      "file_path": "/media/NFS/ttao/scannet/posed_images/scene0608_01/00241.jpg",
      "transform_matrix": [
        [
          0.625887,
          -0.180757,
          -0.758678,
          2.894406
        ],
        [
          0.772762,
          0.012291,
          0.634577,
          3.896516
        ],
        [
          -0.105379,
          -0.983451,
          0.147374,
          1.539602
        ],
        [
          0.0,
          0.0,
          0.0,
          1.0
        ]
      ]
    },
    {
      "file_path": "/media/NFS/ttao/scannet/posed_images/scene0608_01/00247.jpg",
      "transform_matrix": [
        [
          0.594139,
          -0.165754,
          -0.787099,
          2.888435
        ],
        [
          0.799634,
          0.015761,
          0.600281,
          3.891211
        ],
        [
          -0.087094,
          -0.986041,
          0.141907,
          1.535602
        ],
        [
          0.0,
          0.0,
          0.0,
          1.0
        ]
      ]
    },
    {
      "file_path": "/media/NFS/ttao/scannet/posed_images/scene0608_01/00264.jpg",
      "transform_matrix": [
        [
          0.462876,
          -0.115003,
          -0.878931,
          2.879039
        ],
        [
          0.885938,
          0.027209,
          0.463006,
          3.891315
        ],
        [
          -0.029332,
          -0.992992,
          0.11448,
          1.504469
        ],
        [
          0.0,
          0.0,
          0.0,
          1.0
        ]
      ]
    },
    {
      "file_path": "/media/NFS/ttao/scannet/posed_images/scene0608_01/00273.jpg",
      "transform_matrix": [
        [
          0.395342,
          -0.103408,
          -0.912695,
          2.874949
        ],
        [
          0.917821,
          0.005333,
          0.396958,
          3.885971
        ],
        [
          -0.036182,
          -0.994625,
          0.097018,
          1.508443
        ],
        [
          0.0,
          0.0,
          0.0,
          1.0
        ]
      ]
    },
    {
      "file_path": "/media/NFS/ttao/scannet/posed_images/scene0608_01/00279.jpg",
      "transform_matrix": [
        [
          0.371182,
          -0.111388,
          -0.921855,
          2.884616
        ],
        [
          0.928028,
          0.010872,
          0.372353,
          3.886463
        ],
        [
          -0.031454,
          -0.993717,
          0.107407,
          1.51961
        ],
        [
          0.0,
          0.0,
          0.0,
          1.0
        ]
      ]
    },
    {
      "file_path": "/media/NFS/ttao/scannet/posed_images/scene0608_01/00284.jpg",
      "transform_matrix": [
        [
          0.360107,
          -0.128477,
          -0.924022,
          2.888128
        ],
        [
          0.931908,
          0.003613,
          0.362677,
          3.881567
        ],
        [
          -0.043257,
          -0.991706,
          0.121029,
          1.532643
        ],
        [
          0.0,
          0.0,
          0.0,
          1.0
        ]
      ]
    },
    {
      "file_path": "/media/NFS/ttao/scannet/posed_images/scene0608_01/00299.jpg",
      "transform_matrix": [
        [
          0.183668,
          -0.087829,
          -0.979057,
          2.966045
        ],
        [
          0.982171,
          -0.024228,
          0.186425,
          3.983945
        ],
        [
          -0.040094,
          -0.995841,
          0.081813,
          1.539585
        ],
        [
          0.0,
          0.0,
          0.0,
          1.0
        ]
      ]
    },
    {
      "file_path": "/media/NFS/ttao/scannet/posed_images/scene0608_01/00310.jpg",
      "transform_matrix": [
        [
          0.078224,
          -0.060916,
          -0.995073,
          2.988865
        ],
        [
          0.996253,
          -0.032174,
          0.080286,
          4.026172
        ],
        [
          -0.036906,
          -0.997624,
          0.058171,
          1.517069
        ],
        [
          0.0,
          0.0,
          0.0,
          1.0
        ]
      ]
    },
    {
      "file_path": "/media/NFS/ttao/scannet/posed_images/scene0608_01/00319.jpg",
      "transform_matrix": [
        [
          0.039567,
          -0.075667,
          -0.996348,
          2.993474
        ],
        [
          0.998971,
          -0.01914,
          0.041125,
          4.003036
        ],
        [
          -0.022182,
          -0.99695,
          0.074831,
          1.526096
        ],
        [
          0.0,
          0.0,
          0.0,
          1.0
        ]
      ]
    },
    {
      "file_path": "/media/NFS/ttao/scannet/posed_images/scene0608_01/00330.jpg",
      "transform_matrix": [
        [
          -0.013662,
          -0.047959,
          -0.998756,
          2.987996
        ],
        [
          0.999323,
          -0.034795,
          -0.011999,
          3.919116
        ],
        [
          -0.034176,
          -0.998243,
          0.048402,
          1.481827
        ],
        [
          0.0,
          0.0,
          0.0,
          1.0
        ]
      ]
    },
    {
      "file_path": "/media/NFS/ttao/scannet/posed_images/scene0608_01/00336.jpg",
      "transform_matrix": [
        [
          -0.013923,
          -0.015557,
          -0.999782,
          2.978374
        ],
        [
          0.999347,
          -0.033551,
          -0.013395,
          3.89331
        ],
        [
          -0.033336,
          -0.999316,
          0.016014,
          1.465886
        ],
        [
          0.0,
          0.0,
          0.0,
          1.0
        ]
      ]
    },
    {
      "file_path": "/media/NFS/ttao/scannet/posed_images/scene0608_01/00342.jpg",
      "transform_matrix": [
        [
          -0.004419,
          -0.002636,
          -0.999987,
          2.979901
        ],
        [
          0.999568,
          -0.029071,
          -0.00434,
          3.86533
        ],
        [
          -0.029059,
          -0.999574,
          0.002763,
          1.447158
        ],
        [
          0.0,
          0.0,
          0.0,
          1.0
        ]
      ]
    },
    {
      "file_path": "/media/NFS/ttao/scannet/posed_images/scene0608_01/00359.jpg",
      "transform_matrix": [
        [
          0.005569,
          0.086959,
          -0.996196,
          2.942629
        ],
        [
          0.999881,
          -0.014797,
          0.004298,
          3.852481
        ],
        [
          -0.014367,
          -0.996102,
          -0.087031,
          1.39112
        ],
        [
          0.0,
          0.0,
          0.0,
          1.0
        ]
      ]
    },
    {
      "file_path": "/media/NFS/ttao/scannet/posed_images/scene0608_01/00368.jpg",
      "transform_matrix": [
        [
          -0.049693,
          0.068833,
          -0.99639,
          2.930663
        ],
        [
          0.997159,
          -0.053117,
          -0.053401,
          3.907334
        ],
        [
          -0.056601,
          -0.996213,
          -0.065998,
          1.39091
        ],
        [
          0.0,
          0.0,
          0.0,
          1.0
        ]
      ]
    },
    {
      "file_path": "/media/NFS/ttao/scannet/posed_images/scene0608_01/00373.jpg",
      "transform_matrix": [
        [
          -0.082702,
          0.075802,
          -0.993687,
          2.917782
        ],
        [
          0.994613,
          -0.056254,
          -0.08707,
          3.948898
        ],
        [
          -0.062499,
          -0.995535,
          -0.070741,
          1.385062
        ],
        [
          0.0,
          0.0,
          0.0,
          1.0
        ]
      ]
    },
    {
      "file_path": "/media/NFS/ttao/scannet/posed_images/scene0608_01/00385.jpg",
      "transform_matrix": [
        [
          -0.19236,
          0.08675,
          -0.977482,
          2.891414
        ],
        [
          0.979241,
          -0.047912,
          -0.196958,
          4.026899
        ],
        [
          -0.063919,
          -0.995077,
          -0.075733,
          1.387857
        ],
        [
          0.0,
          0.0,
          0.0,
          1.0
        ]
      ]
    },
    {
      "file_path": "/media/NFS/ttao/scannet/posed_images/scene0608_01/00391.jpg",
      "transform_matrix": [
        [
          -0.204515,
          0.115714,
          -0.972,
          2.881163
        ],
        [
          0.974648,
          -0.067978,
          -0.213165,
          4.036421
        ],
        [
          -0.09074,
          -0.990954,
          -0.098878,
          1.365178
        ],
        [
          0.0,
          0.0,
          0.0,
          1.0
        ]
      ]
    },
    {
      "file_path": "/media/NFS/ttao/scannet/posed_images/scene0608_01/00399.jpg",
      "transform_matrix": [
        [
          -0.232809,
          0.130716,
          -0.963698,
          2.873761
        ],
        [
          0.97006,
          -0.039264,
          -0.239672,
          4.047441
        ],
        [
          -0.069167,
          -0.990642,
          -0.117662,
          1.353994
        ],
        [
          0.0,
          0.0,
          0.0,
          1.0
        ]
      ]
    },
    {
      "file_path": "/media/NFS/ttao/scannet/posed_images/scene0608_01/00414.jpg",
      "transform_matrix": [
        [
          -0.311138,
          0.007757,
          -0.950333,
          2.925677
        ],
        [
          0.949538,
          -0.039171,
          -0.311197,
          4.046329
        ],
        [
          -0.039639,
          -0.999202,
          0.004822,
          1.397372
        ],
        [
          0.0,
          0.0,
          0.0,
          1.0
        ]
      ]
    },
    {
      "file_path": "/media/NFS/ttao/scannet/posed_images/scene0608_01/00425.jpg",
      "transform_matrix": [
        [
          -0.376015,
          -0.056801,
          -0.924871,
          2.999961
        ],
        [
          0.926096,
          -0.056378,
          -0.373051,
          3.986037
        ],
        [
          -0.030952,
          -0.996793,
          0.073802,
          1.448401
        ],
        [
          0.0,
          0.0,
          0.0,
          1.0
        ]
      ]
    },
    {
      "file_path": "/media/NFS/ttao/scannet/posed_images/scene0608_01/00428.jpg",
      "transform_matrix": [
        [
          -0.393812,
          -0.070553,
          -0.916479,
          3.004642
        ],
        [
          0.918696,
          -0.062916,
          -0.389921,
          3.983505
        ],
        [
          -0.030151,
          -0.995522,
          0.089594,
          1.442311
        ],
        [
          0.0,
          0.0,
          0.0,
          1.0
        ]
      ]
    },
    {
      "file_path": "/media/NFS/ttao/scannet/posed_images/scene0608_01/00440.jpg",
      "transform_matrix": [
        [
          -0.445982,
          -0.061126,
          -0.892952,
          3.068533
        ],
        [
          0.893791,
          -0.083145,
          -0.44071,
          3.921623
        ],
        [
          -0.047306,
          -0.994661,
          0.091715,
          1.461581
        ],
        [
          0.0,
          0.0,
          0.0,
          1.0
        ]
      ]
    },
    {
      "file_path": "/media/NFS/ttao/scannet/posed_images/scene0608_01/00448.jpg",
      "transform_matrix": [
        [
          -0.498839,
          -0.055345,
          -0.864926,
          3.077024
        ],
        [
          0.86581,
          -0.076899,
          -0.494428,
          3.921764
        ],
        [
          -0.039148,
          -0.995502,
          0.086278,
          1.472372
        ],
        [
          0.0,
          0.0,
          0.0,
          1.0
        ]
      ]
    },
    {
      "file_path": "/media/NFS/ttao/scannet/posed_images/scene0608_01/00460.jpg",
      "transform_matrix": [
        [
          -0.556832,
          -0.023585,
          -0.83029,
          3.096816
        ],
        [
          0.829929,
          -0.056708,
          -0.554979,
          3.903562
        ],
        [
          -0.033995,
          -0.998112,
          0.051151,
          1.458155
        ],
        [
          0.0,
          0.0,
          0.0,
          1.0
        ]
      ]
    },
    {
      "file_path": "/media/NFS/ttao/scannet/posed_images/scene0608_01/00468.jpg",
      "transform_matrix": [
        [
          -0.589209,
          0.014585,
          -0.807849,
          3.095511
        ],
        [
          0.807338,
          -0.029244,
          -0.589364,
          3.89658
        ],
        [
          -0.032221,
          -0.999466,
          0.005456,
          1.420663
        ],
        [
          0.0,
          0.0,
          0.0,
          1.0
        ]
      ]
    },
    {
      "file_path": "/media/NFS/ttao/scannet/posed_images/scene0608_01/00477.jpg",
      "transform_matrix": [
        [
          -0.608537,
          0.061548,
          -0.791135,
          3.099286
        ],
        [
          0.793065,
          0.013198,
          -0.608995,
          3.896954
        ],
        [
          -0.027041,
          -0.998017,
          -0.056843,
          1.404736
        ],
        [
          0.0,
          0.0,
          0.0,
          1.0
        ]
      ]
    },
    {
      "file_path": "/media/NFS/ttao/scannet/posed_images/scene0608_01/00494.jpg",
      "transform_matrix": [
        [
          -0.599151,
          0.164046,
          -0.78365,
          3.115064
        ],
        [
          0.798995,
          0.059871,
          -0.59835,
          3.885368
        ],
        [
          -0.051239,
          -0.984634,
          -0.166944,
          1.371951
        ],
        [
          0.0,
          0.0,
          0.0,
          1.0
        ]
      ]
    },
    {
      "file_path": "/media/NFS/ttao/scannet/posed_images/scene0608_01/00500.jpg",
      "transform_matrix": [
        [
          -0.623976,
          0.171633,
          -0.762362,
          3.101673
        ],
        [
          0.779208,
          0.062923,
          -0.623599,
          3.910171
        ],
        [
          -0.05906,
          -0.98315,
          -0.173,
          1.371231
        ],
        [
          0.0,
          0.0,
          0.0,
          1.0
        ]
      ]
    },
    {
      "file_path": "/media/NFS/ttao/scannet/posed_images/scene0608_01/00511.jpg",
      "transform_matrix": [
        [
          -0.664271,
          0.126489,
          -0.736713,
          3.071207
        ],
        [
          0.746102,
          0.052118,
          -0.663789,
          3.996918
        ],
        [
          -0.045565,
          -0.990598,
          -0.128994,
          1.39345
        ],
        [
          0.0,
          0.0,
          0.0,
          1.0
        ]
      ]
    },
    {
      "file_path": "/media/NFS/ttao/scannet/posed_images/scene0608_01/00520.jpg",
      "transform_matrix": [
        [
          -0.679101,
          0.113985,
          -0.725141,
          3.043956
        ],
        [
          0.733041,
          0.053663,
          -0.678064,
          4.088311
        ],
        [
          -0.038375,
          -0.992032,
          -0.119998,
          1.381037
        ],
        [
          0.0,
          0.0,
          0.0,
          1.0
        ]
      ]
    },
    {
      "file_path": "/media/NFS/ttao/scannet/posed_images/scene0608_01/00526.jpg",
      "transform_matrix": [
        [
          -0.684681,
          0.165242,
          -0.709865,
          3.032993
        ],
        [
          0.726554,
          0.0776,
          -0.682714,
          4.119269
        ],
        [
          -0.057727,
          -0.983195,
          -0.173188,
          1.369762
        ],
        [
          0.0,
          0.0,
          0.0,
          1.0
        ]
      ]
    },
    {
      "file_path": "/media/NFS/ttao/scannet/posed_images/scene0608_01/00540.jpg",
      "transform_matrix": [
        [
          -0.605508,
          0.294707,
          -0.739262,
          2.990265
        ],
        [
          0.791508,
          0.126216,
          -0.597984,
          4.134393
        ],
        [
          -0.082923,
          -0.947216,
          -0.309688,
          1.345627
        ],
        [
          0.0,
          0.0,
          0.0,
          1.0
        ]
      ]
    },
    {
      "file_path": "/media/NFS/ttao/scannet/posed_images/scene0608_01/00546.jpg",
      "transform_matrix": [
        [
          -0.594679,
          0.28718,
          -0.750923,
          3.003524
        ],
        [
          0.801843,
          0.144064,
          -0.579909,
          4.108468
        ],
        [
          -0.058357,
          -0.946981,
          -0.315945,
          1.331639
        ],
        [
          0.0,
          0.0,
          0.0,
          1.0
        ]
      ]
    },
    {
      "file_path": "/media/NFS/ttao/scannet/posed_images/scene0608_01/00554.jpg",
      "transform_matrix": [
        [
          -0.574551,
          0.285156,
          -0.767188,
          3.01767
        ],
        [
          0.818048,
          0.170004,
          -0.549452,
          4.066818
        ],
        [
          -0.026254,
          -0.943284,
          -0.330947,
          1.315198
        ],
        [
          0.0,
          0.0,
          0.0,
          1.0
        ]
      ]
    },
    {
      "file_path": "/media/NFS/ttao/scannet/posed_images/scene0608_01/00569.jpg",
      "transform_matrix": [
        [
          -0.521106,
          0.362831,
          -0.77253,
          3.02874
        ],
        [
          0.853427,
          0.232711,
          -0.466378,
          4.027118
        ],
        [
          0.01056,
          -0.90233,
          -0.430917,
          1.293556
        ],
        [
          0.0,
          0.0,
          0.0,
          1.0
        ]
      ]
    },
    {
      "file_path": "/media/NFS/ttao/scannet/posed_images/scene0608_01/00572.jpg",
      "transform_matrix": [
        [
          -0.52071,
          0.368384,
          -0.770165,
          3.024837
        ],
        [
          0.853659,
          0.236553,
          -0.464013,
          4.034783
        ],
        [
          0.01125,
          -0.899075,
          -0.43765,
          1.286608
        ],
        [
          0.0,
          0.0,
          0.0,
          1.0
        ]
      ]
    },
    {
      "file_path": "/media/NFS/ttao/scannet/posed_images/scene0608_01/00583.jpg",
      "transform_matrix": [
        [
          -0.506841,
          0.401082,
          -0.76305,
          3.027701
        ],
        [
          0.862038,
          0.233934,
          -0.449629,
          4.041327
        ],
        [
          -0.001835,
          -0.885668,
          -0.464315,
          1.282078
        ],
        [
          0.0,
          0.0,
          0.0,
          1.0
        ]
      ]
    },
    {
      "file_path": "/media/NFS/ttao/scannet/posed_images/scene0608_01/00595.jpg",
      "transform_matrix": [
        [
          -0.480252,
          0.452017,
          -0.751691,
          3.015258
        ],
        [
          0.876978,
          0.26345,
          -0.401876,
          4.052657
        ],
        [
          0.016379,
          -0.852218,
          -0.522931,
          1.273491
        ],
        [
          0.0,
          0.0,
          0.0,
          1.0
        ]
      ]
    },
    {
      "file_path": "/media/NFS/ttao/scannet/posed_images/scene0608_01/00600.jpg",
      "transform_matrix": [
        [
          -0.47674,
          0.449424,
          -0.755471,
          3.008073
        ],
        [
          0.878975,
          0.254489,
          -0.403284,
          4.060938
        ],
        [
          0.011014,
          -0.856302,
          -0.516358,
          1.276426
        ],
        [
          0.0,
          0.0,
          0.0,
          1.0
        ]
      ]
    },
    {
      "file_path": "/media/NFS/ttao/scannet/posed_images/scene0608_01/00612.jpg",
      "transform_matrix": [
        [
          -0.462082,
          0.445578,
          -0.766773,
          2.995145
        ],
        [
          0.886683,
          0.248271,
          -0.390071,
          4.065385
        ],
        [
          0.016561,
          -0.860129,
          -0.509808,
          1.280126
        ],
        [
          0.0,
          0.0,
          0.0,
          1.0
        ]
      ]
    },
    {
      "file_path": "/media/NFS/ttao/scannet/posed_images/scene0608_01/00626.jpg",
      "transform_matrix": [
        [
          -0.467033,
          0.446017,
          -0.763512,
          2.989851
        ],
        [
          0.884205,
          0.243275,
          -0.398747,
          4.074948
        ],
        [
          0.007896,
          -0.861328,
          -0.507988,
          1.274626
        ],
        [
          0.0,
          0.0,
          0.0,
          1.0
        ]
      ]
    },
    {
      "file_path": "/media/NFS/ttao/scannet/posed_images/scene0608_01/00629.jpg",
      "transform_matrix": [
        [
          -0.465123,
          0.452123,
          -0.761082,
          2.985206
        ],
        [
          0.885238,
          0.241102,
          -0.397772,
          4.075672
        ],
        [
          0.003657,
          -0.858752,
          -0.512379,
          1.27639
        ],
        [
          0.0,
          0.0,
          0.0,
          1.0
        ]
      ]
    },
    {
      "file_path": "/media/NFS/ttao/scannet/posed_images/scene0608_01/00644.jpg",
      "transform_matrix": [
        [
          -0.526555,
          0.434782,
          -0.730551,
          2.999529
        ],
        [
          0.84979,
          0.244462,
          -0.467008,
          4.054932
        ],
        [
          -0.024455,
          -0.86672,
          -0.498195,
          1.286917
        ],
        [
          0.0,
          0.0,
          0.0,
          1.0
        ]
      ]
    },
    {
      "file_path": "/media/NFS/ttao/scannet/posed_images/scene0608_01/00649.jpg",
      "transform_matrix": [
        [
          -0.56207,
          0.413412,
          -0.716358,
          2.990374
        ],
        [
          0.826559,
          0.249744,
          -0.504408,
          4.046549
        ],
        [
          -0.029622,
          -0.875625,
          -0.482083,
          1.306264
        ],
        [
          0.0,
          0.0,
          0.0,
          1.0
        ]
      ]
    },
    {
      "file_path": "/media/NFS/ttao/scannet/posed_images/scene0608_01/00658.jpg",
      "transform_matrix": [
        [
          -0.659833,
          0.354325,
          -0.662628,
          2.966727
        ],
        [
          0.75029,
          0.262481,
          -0.60677,
          4.100292
        ],
        [
          -0.041067,
          -0.897529,
          -0.43904,
          1.320646
        ],
        [
          0.0,
          0.0,
          0.0,
          1.0
        ]
      ]
    },
    {
      "file_path": "/media/NFS/ttao/scannet/posed_images/scene0608_01/00672.jpg",
      "transform_matrix": [
        [
          -0.770987,
          0.293902,
          -0.564978,
          2.868734
        ],
        [
          0.636163,
          0.314188,
          -0.704687,
          4.245085
        ],
        [
          -0.0296,
          -0.902722,
          -0.429204,
          1.321926
        ],
        [
          0.0,
          0.0,
          0.0,
          1.0
        ]
      ]
    },
    {
      "file_path": "/media/NFS/ttao/scannet/posed_images/scene0608_01/00678.jpg",
      "transform_matrix": [
        [
          -0.790632,
          0.267311,
          -0.550859,
          2.853341
        ],
        [
          0.61124,
          0.291884,
          -0.735656,
          4.258492
        ],
        [
          -0.035862,
          -0.91834,
          -0.394164,
          1.360896
        ],
        [
          0.0,
          0.0,
          0.0,
          1.0
        ]
      ]
    },
    {
      "file_path": "/media/NFS/ttao/scannet/posed_images/scene0608_01/00690.jpg",
      "transform_matrix": [
        [
          -0.797037,
          0.171377,
          -0.579105,
          2.90238
        ],
        [
          0.603413,
          0.186267,
          -0.77537,
          4.280503
        ],
        [
          -0.025012,
          -0.967437,
          -0.251872,
          1.367083
        ],
        [
          0.0,
          0.0,
          0.0,
          1.0
        ]
      ]
    },
    {
      "file_path": "/media/NFS/ttao/scannet/posed_images/scene0608_01/00701.jpg",
      "transform_matrix": [
        [
          -0.771495,
          0.138101,
          -0.621067,
          2.939773
        ],
        [
          0.636204,
          0.15776,
          -0.755219,
          4.271643
        ],
        [
          -0.006317,
          -0.977773,
          -0.209572,
          1.402689
        ],
        [
          0.0,
          0.0,
          0.0,
          1.0
        ]
      ]
    },
    {
      "file_path": "/media/NFS/ttao/scannet/posed_images/scene0608_01/00710.jpg",
      "transform_matrix": [
        [
          -0.763094,
          0.11595,
          -0.635801,
          2.977261
        ],
        [
          0.646091,
          0.112593,
          -0.75491,
          4.274314
        ],
        [
          -0.015945,
          -0.986853,
          -0.160833,
          1.3933
        ],
        [
          0.0,
          0.0,
          0.0,
          1.0
        ]
      ]
    },
    {
      "file_path": "/media/NFS/ttao/scannet/posed_images/scene0608_01/00724.jpg",
      "transform_matrix": [
        [
          -0.7364,
          0.082735,
          -0.671468,
          3.011669
        ],
        [
          0.676292,
          0.062808,
          -0.733952,
          4.272533
        ],
        [
          -0.01855,
          -0.994591,
          -0.102205,
          1.415336
        ],
        [
          0.0,
          0.0,
          0.0,
          1.0
        ]
      ]
    },
    {
      "file_path": "/media/NFS/ttao/scannet/posed_images/scene0608_01/00727.jpg",
      "transform_matrix": [
        [
          -0.736082,
          0.071708,
          -0.673083,
          3.017292
        ],
        [
          0.676623,
          0.049876,
          -0.734639,
          4.274887
        ],
        [
          -0.019109,
          -0.996178,
          -0.085232,
          1.423736
        ],
        [
          0.0,
          0.0,
          0.0,
          1.0
        ]
      ]
    },
    {
      "file_path": "/media/NFS/ttao/scannet/posed_images/scene0608_01/00741.jpg",
      "transform_matrix": [
        [
          -0.773734,
          0.011108,
          -0.633414,
          3.013607
        ],
        [
          0.633445,
          -0.000874,
          -0.773787,
          4.298558
        ],
        [
          -0.009149,
          -0.999938,
