{
  "frames": [
    {
      "file_path": "/media/NFS/ttao/scannet/posed_images/scene0268_00/00000.jpg",
      "transform_matrix": [
        [
          -0.120974,
          0.146357,
          -0.981807,
          1.854101
        ],
        [
          0.992401,
          -0.004589,
          -0.122963,
          3.978396
        ],
        [
          -0.022502,
          -0.989221,
          -0.144689,
          1.625917
        ],
        [
          0.0,
          0.0,
          0.0,
          1.0
        ]
      ]
    },
    {
      "file_path": "/media/NFS/ttao/scannet/posed_images/scene0268_00/00002.jpg",
      "transform_matrix": [
        [
          -0.121188,
          0.150217,
          -0.981198,
          1.853032
        ],
        [
          0.992354,
          -0.004977,
          -0.123328,
          3.977689
        ],
        [
          -0.02341,
          -0.988641,
          -0.148465,
          1.624851
        ],
        [
          0.0,
          0.0,
          0.0,
          1.0
        ]
      ]
    },
    {
      "file_path": "/media/NFS/ttao/scannet/posed_images/scene0268_00/00007.jpg",
      "transform_matrix": [
        [
          -0.117098,
          0.155813,
          -0.980821,
          1.850458
        ],
        [
          0.992855,
          -0.004444,
          -0.119241,
          3.977655
        ],
        [
          -0.022938,
          -0.987777,
          -0.15418,
          1.622929
        ],
        [
          0.0,
          0.0,
          0.0,
          1.0
        ]
      ]
    },
    {
      "file_path": "/media/NFS/ttao/scannet/posed_images/scene0268_00/00009.jpg",
      "transform_matrix": [
        [
          -0.117541,
          0.159333,
          -0.980203,
          1.849948
        ],
        [
          0.992894,
          0.000398,
          -0.118998,
          3.976061
        ],
        [
          -0.01857,
          -0.987225,
          -0.158247,
          1.622455
        ],
        [
          0.0,
          0.0,
          0.0,
          1.0
        ]
      ]
    },
    {
      "file_path": "/media/NFS/ttao/scannet/posed_images/scene0268_00/00011.jpg",
      "transform_matrix": [
        [
          -0.117977,
          0.183671,
          -0.975882,
          1.844751
        ],
        [
          0.992771,
          -1.5e-05,
          -0.120022,
          3.972497
        ],
        [
          -0.022059,
          -0.982988,
          -0.182342,
          1.636413
        ],
        [
          0.0,
          0.0,
          0.0,
          1.0
        ]
      ]
    },
    {
      "file_path": "/media/NFS/ttao/scannet/posed_images/scene0268_00/00013.jpg",
      "transform_matrix": [
        [
          -0.117779,
          0.198441,
          -0.97301,
          1.844689
        ],
        [
          0.992783,
          0.001267,
          -0.119914,
          3.970624
        ],
        [
          -0.022563,
          -0.980112,
          -0.197158,
          1.631293
        ],
        [
          0.0,
          0.0,
          0.0,
          1.0
        ]
      ]
    },
    {
      "file_path": "/media/NFS/ttao/scannet/posed_images/scene0268_00/00018.jpg",
      "transform_matrix": [
        [
          -0.111545,
          0.282302,
          -0.952819,
          1.846146
        ],
        [
          0.993353,
          0.004245,
          -0.115033,
          3.963216
        ],
        [
          -0.02843,
          -0.959316,
          -0.280899,
          1.605875
        ],
        [
          0.0,
          0.0,
          0.0,
          1.0
        ]
      ]
    },
    {
      "file_path": "/media/NFS/ttao/scannet/posed_images/scene0268_00/00019.jpg",
      "transform_matrix": [
        [
          -0.108193,
          0.30377,
          -0.946582,
          1.846067
        ],
        [
          0.993578,
          0.001319,
          -0.113141,
          3.963421
        ],
        [
          -0.033121,
          -0.952744,
          -0.301962,
          1.600579
        ],
        [
          0.0,
          0.0,
          0.0,
          1.0
        ]
      ]
    },
    {
      "file_path": "/media/NFS/ttao/scannet/posed_images/scene0268_00/00023.jpg",
      "transform_matrix": [
        [
          -0.093817,
          0.37638,
          -0.921703,
          1.845649
        ],
        [
          0.995091,
          0.006154,
          -0.098775,
          3.95072
        ],
        [
          -0.031505,
          -0.926445,
          -0.37511,
          1.560334
        ],
        [
          0.0,
          0.0,
          0.0,
          1.0
        ]
      ]
    },
    {
      "file_path": "/media/NFS/ttao/scannet/posed_images/scene0268_00/00024.jpg",
      "transform_matrix": [
        [
          -0.091943,
          0.385015,
          -0.918319,
          1.84761
        ],
        [
          0.995174,
          0.003772,
          -0.098056,
          3.949342
        ],
        [
          -0.034289,
          -0.922903,
          -0.383504,
          1.554651
        ],
        [
          0.0,
          0.0,
          0.0,
          1.0
        ]
      ]
    },
    {
      "file_path": "/media/NFS/ttao/scannet/posed_images/scene0268_00/00029.jpg",
      "transform_matrix": [
        [
          -0.085185,
          0.466134,
          -0.880603,
          1.858905
        ],
        [
          0.995538,
          0.00381,
          -0.094287,
          3.931647
        ],
        [
          -0.040595,
          -0.884706,
          -0.464379,
          1.513665
        ],
        [
          0.0,
          0.0,
          0.0,
          1.0
        ]
      ]
    },
    {
      "file_path": "/media/NFS/ttao/scannet/posed_images/scene0268_00/00030.jpg",
      "transform_matrix": [
        [
          -0.087201,
          0.49642,
          -0.863692,
          1.839751
        ],
        [
          0.994618,
          -0.005317,
          -0.103475,
          3.944078
        ],
        [
          -0.055959,
          -0.868066,
          -0.493284,
          1.523655
        ],
        [
          0.0,
          0.0,
          0.0,
          1.0
        ]
      ]
    },
    {
      "file_path": "/media/NFS/ttao/scannet/posed_images/scene0268_00/00034.jpg",
      "transform_matrix": [
        [
          -0.080854,
          0.534045,
          -0.841581,
          1.845619
        ],
        [
          0.994832,
          -0.00879,
          -0.101155,
          3.938645
        ],
        [
          -0.061419,
          -0.84541,
          -0.530575,
          1.504081
        ],
        [
          0.0,
          0.0,
          0.0,
          1.0
        ]
      ]
    },
    {
      "file_path": "/media/NFS/ttao/scannet/posed_images/scene0268_00/00036.jpg",
      "transform_matrix": [
        [
          -0.069624,
          0.552223,
          -0.830784,
          1.84713
        ],
        [
          0.995302,
          -0.017707,
          -0.095182,
          3.938059
        ],
        [
          -0.067272,
          -0.833508,
          -0.548396,
          1.495764
        ],
        [
          0.0,
          0.0,
          0.0,
          1.0
        ]
      ]
    },
    {
      "file_path": "/media/NFS/ttao/scannet/posed_images/scene0268_00/00040.jpg",
      "transform_matrix": [
        [
          -0.046378,
          0.586747,
          -0.808441,
          1.849338
        ],
        [
          0.996405,
          -0.03027,
          -0.079131,
          3.938449
        ],
        [
          -0.070902,
          -0.809204,
          -0.583234,
          1.476743
        ],
        [
          0.0,
          0.0,
          0.0,
          1.0
        ]
      ]
    },
    {
      "file_path": "/media/NFS/ttao/scannet/posed_images/scene0268_00/00042.jpg",
      "transform_matrix": [
        [
          -0.029735,
          0.600086,
          -0.799382,
          1.855482
        ],
        [
          0.99688,
          -0.040697,
          -0.067632,
          3.939481
        ],
        [
          -0.073118,
          -0.798899,
          -0.597004,
          1.464117
        ],
        [
          0.0,
          0.0,
          0.0,
          1.0
        ]
      ]
    },
    {
      "file_path": "/media/NFS/ttao/scannet/posed_images/scene0268_00/00044.jpg",
      "transform_matrix": [
        [
          -0.020397,
          0.611266,
          -0.791162,
          1.855964
        ],
        [
          0.997154,
          -0.04501,
          -0.060483,
          3.940191
        ],
        [
          -0.072582,
          -0.790144,
          -0.608608,
          1.461433
        ],
        [
          0.0,
          0.0,
          0.0,
          1.0
        ]
      ]
    },
    {
      "file_path": "/media/NFS/ttao/scannet/posed_images/scene0268_00/00047.jpg",
      "transform_matrix": [
        [
          -0.009685,
          0.622113,
          -0.782867,
          1.86071
        ],
        [
          0.998086,
          -0.041802,
          -0.045566,
          3.941196
        ],
        [
          -0.061073,
          -0.78181,
          -0.620518,
          1.44942
        ],
        [
          0.0,
          0.0,
          0.0,
          1.0
        ]
      ]
    },
    {
      "file_path": "/media/NFS/ttao/scannet/posed_images/scene0268_00/00050.jpg",
      "transform_matrix": [
        [
          0.001729,
          0.639839,
          -0.768507,
          1.861373
        ],
        [
          0.99829,
          -0.046004,
          -0.036057,
          3.94002
        ],
        [
          -0.058425,
          -0.767131,
          -0.638825,
          1.441611
        ],
        [
          0.0,
          0.0,
          0.0,
          1.0
        ]
      ]
    },
    {
      "file_path": "/media/NFS/ttao/scannet/posed_images/scene0268_00/00053.jpg",
      "transform_matrix": [
        [
          0.011204,
          0.650059,
          -0.759801,
          1.862845
        ],
        [
          0.998157,
          -0.052591,
          -0.030277,
          3.938445
        ],
        [
          -0.059641,
          -0.758062,
          -0.64945,
          1.435493
        ],
        [
          0.0,
          0.0,
          0.0,
          1.0
        ]
      ]
    },
    {
      "file_path": "/media/NFS/ttao/scannet/posed_images/scene0268_00/00055.jpg",
      "transform_matrix": [
        [
          0.013044,
          0.654645,
          -0.755824,
          1.862709
        ],
        [
          0.998116,
          -0.053846,
          -0.029412,
          3.939619
        ],
        [
          -0.059952,
          -0.754016,
          -0.654114,
          1.433673
        ],
        [
          0.0,
          0.0,
          0.0,
          1.0
        ]
      ]
    },
    {
      "file_path": "/media/NFS/ttao/scannet/posed_images/scene0268_00/00058.jpg",
      "transform_matrix": [
        [
          0.02143,
          0.65773,
          -0.752949,
          1.865787
        ],
        [
          0.997732,
          -0.062137,
          -0.025881,
          3.943558
        ],
        [
          -0.063809,
          -0.750687,
          -0.65757,
          1.429735
        ],
        [
          0.0,
          0.0,
          0.0,
          1.0
        ]
      ]
    },
    {
      "file_path": "/media/NFS/ttao/scannet/posed_images/scene0268_00/00062.jpg",
      "transform_matrix": [
        [
          0.043118,
          0.666536,
          -0.744225,
          1.868371
        ],
        [
          0.997431,
          -0.071376,
          -0.006137,
          3.946825
        ],
        [
          -0.05721,
          -0.742048,
          -0.667901,
          1.422516
        ],
        [
          0.0,
          0.0,
          0.0,
          1.0
        ]
      ]
    },
    {
      "file_path": "/media/NFS/ttao/scannet/posed_images/scene0268_00/00063.jpg",
      "transform_matrix": [
        [
          0.049264,
          0.668028,
          -0.742504,
          1.870059
        ],
        [
          0.99724,
          -0.074247,
          -0.000635,
          3.947114
        ],
        [
          -0.055552,
          -0.740423,
          -0.669842,
          1.419122
        ],
        [
          0.0,
          0.0,
          0.0,
          1.0
        ]
      ]
    },
    {
      "file_path": "/media/NFS/ttao/scannet/posed_images/scene0268_00/00067.jpg",
      "transform_matrix": [
        [
          0.08294,
          0.678659,
          -0.729755,
          1.872239
        ],
        [
          0.994452,
          -0.103903,
          0.016396,
          3.954866
        ],
        [
          -0.064697,
          -0.727066,
          -0.683512,
          1.414355
        ],
        [
          0.0,
          0.0,
          0.0,
          1.0
        ]
      ]
    },
    {
      "file_path": "/media/NFS/ttao/scannet/posed_images/scene0268_00/00071.jpg",
      "transform_matrix": [
        [
          0.11511,
          0.691517,
          -0.71313,
          1.877913
        ],
        [
          0.991111,
          -0.12816,
          0.035704,
          3.961119
        ],
        [
          -0.066704,
          -0.7109,
          -0.700122,
          1.404137
        ],
        [
          0.0,
          0.0,
          0.0,
          1.0
        ]
      ]
    },
    {
      "file_path": "/media/NFS/ttao/scannet/posed_images/scene0268_00/00073.jpg",
      "transform_matrix": [
        [
          0.130212,
          0.700263,
          -0.701909,
          1.878366
        ],
        [
          0.988967,
          -0.142164,
          0.041634,
          3.96421
        ],
        [
          -0.070631,
          -0.699586,
          -0.711049,
          1.400846
        ],
        [
          0.0,
          0.0,
          0.0,
          1.0
        ]
      ]
    },
    {
      "file_path": "/media/NFS/ttao/scannet/posed_images/scene0268_00/00074.jpg",
      "transform_matrix": [
        [
          0.138316,
          0.704285,
          -0.696313,
          1.878935
        ],
        [
          0.987748,
          -0.149397,
          0.045099,
          3.966928
        ],
        [
          -0.072264,
          -0.69402,
          -0.71632,
          1.398875
        ],
        [
          0.0,
          0.0,
          0.0,
          1.0
        ]
      ]
    },
    {
      "file_path": "/media/NFS/ttao/scannet/posed_images/scene0268_00/00079.jpg",
      "transform_matrix": [
        [
          0.19286,
          0.723953,
          -0.662342,
          1.88011
        ],
        [
          0.978122,
          -0.195497,
          0.071127,
          3.975189
        ],
        [
          -0.077993,
          -0.661569,
          -0.745817,
          1.384312
        ],
        [
          0.0,
          0.0,
          0.0,
          1.0
        ]
      ]
    },
    {
      "file_path": "/media/NFS/ttao/scannet/posed_images/scene0268_00/00081.jpg",
      "transform_matrix": [
        [
          0.208491,
          0.727805,
          -0.653324,
          1.885162
        ],
        [
          0.975164,
          -0.205746,
          0.081996,
          3.976891
        ],
        [
          -0.074741,
          -0.654193,
          -0.752625,
          1.372566
        ],
        [
          0.0,
          0.0,
          0.0,
          1.0
        ]
      ]
    },
    {
      "file_path": "/media/NFS/ttao/scannet/posed_images/scene0268_00/00084.jpg",
      "transform_matrix": [
        [
          0.232992,
          0.734524,
          -0.63733,
          1.888071
        ],
        [
          0.970005,
          -0.22225,
          0.098466,
          3.978703
        ],
        [
          -0.069322,
          -0.641155,
          -0.764274,
          1.362425
        ],
        [
          0.0,
          0.0,
          0.0,
          1.0
        ]
      ]
    },
    {
      "file_path": "/media/NFS/ttao/scannet/posed_images/scene0268_00/00085.jpg",
      "transform_matrix": [
        [
          0.2408,
          0.737253,
          -0.631247,
          1.887189
        ],
        [
          0.968227,
          -0.227679,
          0.103434,
          3.978488
        ],
        [
          -0.067465,
          -0.636097,
          -0.768654,
          1.360179
        ],
        [
          0.0,
          0.0,
          0.0,
          1.0
        ]
      ]
    },
    {
      "file_path": "/media/NFS/ttao/scannet/posed_images/scene0268_00/00088.jpg",
      "transform_matrix": [
        [
          0.263547,
          0.739599,
          -0.619302,
          1.888619
        ],
        [
          0.962702,
          -0.242397,
          0.1202,
          3.984272
        ],
        [
          -0.061217,
          -0.627882,
          -0.775897,
          1.351944
        ],
        [
          0.0,
          0.0,
          0.0,
          1.0
        ]
      ]
    },
    {
      "file_path": "/media/NFS/ttao/scannet/posed_images/scene0268_00/00092.jpg",
      "transform_matrix": [
        [
          0.30277,
          0.741453,
          -0.598813,
          1.888608
        ],
        [
          0.951744,
          -0.268275,
          0.149038,
          3.991872
        ],
        [
          -0.050142,
          -0.615041,
          -0.786899,
          1.339025
        ],
        [
          0.0,
          0.0,
          0.0,
          1.0
        ]
      ]
    },
    {
      "file_path": "/media/NFS/ttao/scannet/posed_images/scene0268_00/00096.jpg",
      "transform_matrix": [
        [
          0.335877,
          0.737245,
          -0.586222,
          1.88714
        ],
        [
          0.940674,
          -0.294376,
          0.168748,
          4.000214
        ],
        [
          -0.048161,
          -0.608122,
          -0.792381,
          1.336978
        ],
        [
          0.0,
          0.0,
          0.0,
          1.0
        ]
      ]
    },
    {
      "file_path": "/media/NFS/ttao/scannet/posed_images/scene0268_00/00097.jpg",
      "transform_matrix": [
        [
          0.342416,
          0.733692,
          -0.586896,
          1.887161
        ],
        [
          0.938424,
          -0.297621,
          0.175447,
          4.002751
        ],
        [
          -0.045948,
          -0.610834,
          -0.790425,
          1.336347
        ],
        [
          0.0,
          0.0,
          0.0,
          1.0
        ]
      ]
    },
    {
      "file_path": "/media/NFS/ttao/scannet/posed_images/scene0268_00/00100.jpg",
      "transform_matrix": [
        [
          0.373316,
          0.707806,
          -0.599705,
          1.877416
        ],
        [
          0.927063,
          -0.308661,
          0.212797,
          4.001881
        ],
        [
          -0.034486,
          -0.635405,
          -0.771409,
          1.346718
        ],
        [
          0.0,
          0.0,
          0.0,
          1.0
        ]
      ]
    },
    {
      "file_path": "/media/NFS/ttao/scannet/posed_images/scene0268_00/00104.jpg",
      "transform_matrix": [
        [
          0.393963,
          0.634772,
          -0.664724,
          1.866009
        ],
        [
          0.919018,
          -0.283177,
          0.274258,
          4.012008
        ],
        [
          -0.014143,
          -0.718941,
          -0.694927,
          1.378081
        ],
        [
          0.0,
          0.0,
          0.0,
          1.0
        ]
      ]
    },
    {
      "file_path": "/media/NFS/ttao/scannet/posed_images/scene0268_00/00106.jpg",
      "transform_matrix": [
        [
          0.400939,
          0.612518,
          -0.681226,
          1.860883
        ],
        [
          0.916077,
          -0.273792,
          0.292984,
          4.016043
        ],
        [
          -0.007056,
          -0.741525,
          -0.670889,
          1.392186
        ],
        [
          0.0,
          0.0,
          0.0,
          1.0
        ]
      ]
    },
    {
      "file_path": "/media/NFS/ttao/scannet/posed_images/scene0268_00/00109.jpg",
      "transform_matrix": [
        [
          0.410503,
          0.577592,
          -0.705603,
          1.85687
        ],
        [
          0.911779,
          -0.270249,
          0.309231,
          4.02527
        ],
        [
          -0.012079,
          -0.770294,
          -0.637574,
          1.410891
        ],
        [
          0.0,
          0.0,
          0.0,
          1.0
        ]
      ]
    },
    {
      "file_path": "/media/NFS/ttao/scannet/posed_images/scene0268_00/00112.jpg",
      "transform_matrix": [
        [
          0.419622,
          0.545326,
          -0.725629,
          1.864494
        ],
        [
          0.907556,
          -0.266222,
          0.324756,
          4.037449
        ],
        [
          -0.01608,
          -0.794824,
          -0.606627,
          1.41413
        ],
        [
          0.0,
          0.0,
          0.0,
          1.0
        ]
      ]
    },
    {
      "file_path": "/media/NFS/ttao/scannet/posed_images/scene0268_00/00115.jpg",
      "transform_matrix": [
        [
          0.43144,
          0.515342,
          -0.740461,
          1.861346
        ],
        [
          0.90189,
          -0.265788,
          0.340516,
          4.043852
        ],
        [
          -0.021324,
          -0.814726,
          -0.579453,
          1.427844
        ],
        [
          0.0,
          0.0,
          0.0,
          1.0
        ]
      ]
    },
    {
      "file_path": "/media/NFS/ttao/scannet/posed_images/scene0268_00/00118.jpg",
      "transform_matrix": [
        [
          0.436452,
          0.49526,
          -0.75115,
          1.857136
        ],
        [
          0.899562,
          -0.256193,
          0.353769,
          4.04671
        ],
        [
          -0.017231,
          -0.83011,
          -0.557333,
          1.440389
        ],
        [
          0.0,
          0.0,
          0.0,
          1.0
        ]
      ]
    },
    {
      "file_path": "/media/NFS/ttao/scannet/posed_images/scene0268_00/00119.jpg",
      "transform_matrix": [
        [
          0.437661,
          0.487761,
          -0.755342,
          1.856155
        ],
        [
          0.898997,
          -0.252387,
          0.357919,
          4.046404
        ],
        [
          -0.01606,
          -0.835697,
          -0.548955,
          1.443178
        ],
        [
          0.0,
          0.0,
          0.0,
          1.0
        ]
      ]
    },
    {
      "file_path": "/media/NFS/ttao/scannet/posed_images/scene0268_00/00123.jpg",
      "transform_matrix": [
        [
          0.440051,
          0.46389,
          -0.76887,
          1.855587
        ],
        [
          0.897935,
          -0.235114,
          0.372066,
          4.049316
        ],
        [
          -0.008174,
          -0.854124,
          -0.520006,
          1.459651
        ],
        [
          0.0,
          0.0,
          0.0,
          1.0
        ]
      ]
    },
    {
      "file_path": "/media/NFS/ttao/scannet/posed_images/scene0268_00/00126.jpg",
      "transform_matrix": [
        [
          0.44432,
          0.443087,
          -0.778623,
          1.851931
        ],
        [
          0.895868,
          -0.219757,
          0.38617,
          4.045919
        ],
        [
          -0.0,
          -0.869127,
          -0.49459,
          1.472723
        ],
        [
          0.0,
          0.0,
          0.0,
          1.0
        ]
      ]
    },
    {
      "file_path": "/media/NFS/ttao/scannet/posed_images/scene0268_00/00127.jpg",
      "transform_matrix": [
        [
          0.445568,
          0.435692,
          -0.782075,
          1.850782
        ],
        [
          0.895247,
          -0.215972,
          0.389728,
          4.044524
        ],
        [
          0.000896,
          -0.873801,
          -0.486282,
          1.477223
        ],
        [
          0.0,
          0.0,
          0.0,
          1.0
        ]
      ]
    },
    {
      "file_path": "/media/NFS/ttao/scannet/posed_images/scene0268_00/00132.jpg",
      "transform_matrix": [
        [
          0.452039,
          0.397915,
          -0.798326,
          1.845214
        ],
        [
          0.891995,
          -0.204217,
          0.403288,
          4.039124
        ],
        [
          -0.002557,
          -0.894404,
          -0.447252,
          1.505683
        ],
        [
          0.0,
          0.0,
          0.0,
          1.0
        ]
      ]
    },
    {
      "file_path": "/media/NFS/ttao/scannet/posed_images/scene0268_00/00134.jpg",
      "transform_matrix": [
        [
          0.458192,
          0.383754,
          -0.801744,
          1.839471
        ],
        [
          0.888853,
          -0.1986,
          0.412915,
          4.033425
        ],
        [
          -0.000769,
          -0.901827,
          -0.432098,
          1.515716
        ],
        [
          0.0,
          0.0,
          0.0,
          1.0
        ]
      ]
    },
    {
      "file_path": "/media/NFS/ttao/scannet/posed_images/scene0268_00/00135.jpg",
      "transform_matrix": [
        [
          0.461322,
          0.374479,
          -0.80433,
          1.838566
        ],
        [
          0.887231,
          -0.192991,
          0.419017,
          4.03106
        ],
        [
          0.001684,
          -0.906929,
          -0.421281,
          1.520253
        ],
        [
          0.0,
          0.0,
          0.0,
          1.0
        ]
      ]
    },
    {
      "file_path": "/media/NFS/ttao/scannet/posed_images/scene0268_00/00138.jpg",
      "transform_matrix": [
        [
          0.479855,
          0.348936,
          -0.804974,
          1.82584
        ],
        [
          0.877339,
          -0.186799,
          0.442021,
          4.022836
        ],
        [
          0.003869,
          -0.918341,
          -0.395772,
          1.538855
        ],
        [
          0.0,
          0.0,
          0.0,
          1.0
        ]
      ]
    },
    {
      "file_path": "/media/NFS/ttao/scannet/posed_images/scene0268_00/00142.jpg",
      "transform_matrix": [
        [
          0.500893,
          0.29793,
          -0.812615,
          1.820258
        ],
        [
          0.865506,
          -0.169854,
          0.471221,
          4.019813
        ],
        [
          0.002365,
          -0.939355,
          -0.342939,
          1.563282
        ],
        [
          0.0,
          0.0,
          0.0,
          1.0
        ]
      ]
    },
    {
      "file_path": "/media/NFS/ttao/scannet/posed_images/scene0268_00/00144.jpg",
      "transform_matrix": [
        [
          0.512912,
          0.274658,
          -0.813317,
          1.810141
        ],
        [
          0.858429,
          -0.158902,
          0.487699,
          4.011965
        ],
        [
          0.004713,
          -0.948321,
          -0.317277,
          1.574933
        ],
        [
          0.0,
          0.0,
          0.0,
          1.0
        ]
      ]
    },
    {
      "file_path": "/media/NFS/ttao/scannet/posed_images/scene0268_00/00148.jpg",
      "transform_matrix": [
        [
          0.548302,
          0.235928,
          -0.802311,
          1.794607
        ],
        [
          0.836002,
          -0.12987,
          0.533137,
          3.997169
        ],
        [
          0.021586,
          -0.963053,
          -0.268444,
          1.594896
        ],
        [
          0.0,
          0.0,
          0.0,
          1.0
        ]
      ]
    },
    {
      "file_path": "/media/NFS/ttao/scannet/posed_images/scene0268_00/00149.jpg",
      "transform_matrix": [
        [
          0.5566,
          0.231424,
          -0.797897,
          1.788048
        ],
        [
          0.830396,
          -0.125768,
          0.542793,
          3.991992
        ],
        [
          0.025266,
          -0.964689,
          -0.262176,
          1.601805
        ],
        [
          0.0,
          0.0,
          0.0,
          1.0
        ]
      ]
    },
    {
      "file_path": "/media/NFS/ttao/scannet/posed_images/scene0268_00/00154.jpg",
      "transform_matrix": [
        [
          0.572432,
          0.17772,
          -0.800461,
          1.777858
        ],
        [
          0.819919,
          -0.115343,
          0.560739,
          3.972578
        ],
        [
          0.007327,
          -0.977298,
          -0.211742,
          1.625967
        ],
        [
          0.0,
          0.0,
          0.0,
          1.0
        ]
      ]
    },
    {
      "file_path": "/media/NFS/ttao/scannet/posed_images/scene0268_00/00155.jpg",
      "transform_matrix": [
        [
          0.575923,
          0.17066,
          -0.799492,
          1.773659
        ],
        [
          0.817466,
          -0.110792,
          0.565221,
          3.967448
        ],
        [
          0.007883,
          -0.979082,
          -0.203316,
          1.628176
        ],
        [
          0.0,
          0.0,
          0.0,
          1.0
        ]
      ]
    },
    {
      "file_path": "/media/NFS/ttao/scannet/posed_images/scene0268_00/00159.jpg",
      "transform_matrix": [
        [
          0.603391,
          0.155359,
          -0.782166,
          1.756152
        ],
        [
          0.797291,
          -0.098194,
          0.595555,
          3.951777
        ],
        [
          0.015721,
          -0.982966,
          -0.183116,
          1.645727
        ],
        [
          0.0,
          0.0,
          0.0,
          1.0
        ]
      ]
    },
    {
      "file_path": "/media/NFS/ttao/scannet/posed_images/scene0268_00/00161.jpg",
      "transform_matrix": [
        [
          0.616708,
          0.135056,
          -0.77552,
          1.755387
        ],
        [
          0.787158,
          -0.09675,
          0.609115,
          3.946544
        ],
        [
          0.007233,
          -0.986103,
          -0.165977,
          1.651254
        ],
        [
          0.0,
          0.0,
          0.0,
          1.0
        ]
      ]
    },
    {
      "file_path": "/media/NFS/ttao/scannet/posed_images/scene0268_00/00165.jpg",
      "transform_matrix": [
        [
          0.63348,
          0.109633,
          -0.765953,
          1.749103
        ],
        [
          0.773696,
          -0.077092,
          0.628849,
          3.933581
        ],
        [
          0.009894,
          -0.990978,
          -0.133659,
          1.662584
        ],
        [
          0.0,
          0.0,
          0.0,
          1.0
        ]
      ]
    },
    {
      "file_path": "/media/NFS/ttao/scannet/posed_images/scene0268_00/00168.jpg",
      "transform_matrix": [
        [
          0.643348,
          0.093291,
          -0.759868,
          1.746412
        ],
        [
          0.765382,
          -0.056176,
          0.64112,
          3.923026
        ],
        [
          0.017124,
          -0.994053,
          -0.107544,
          1.672449
        ],
        [
          0.0,
          0.0,
          0.0,
          1.0
        ]
      ]
    },
    {
      "file_path": "/media/NFS/ttao/scannet/posed_images/scene0268_00/00170.jpg",
      "transform_matrix": [
        [
          0.64777,
          0.075999,
          -0.758036,
          1.751915
        ],
        [
          0.761689,
          -0.045066,
          0.646373,
          3.91782
        ],
        [
          0.014962,
          -0.996089,
          -0.08708,
          1.670735
        ],
        [
          0.0,
          0.0,
          0.0,
          1.0
        ]
      ]
    },
    {
      "file_path": "/media/NFS/ttao/scannet/posed_images/scene0268_00/00171.jpg",
      "transform_matrix": [
        [
          0.649659,
          0.070468,
          -0.756953,
          1.751951
        ],
        [
          0.760091,
          -0.041433,
          0.648495,
          3.91431
        ],
        [
          0.014335,
          -0.996653,
          -0.08048,
          1.672054
        ],
        [
          0.0,
          0.0,
          0.0,
          1.0
        ]
      ]
    },
    {
      "file_path": "/media/NFS/ttao/scannet/posed_images/scene0268_00/00174.jpg",
      "transform_matrix": [
        [
          0.657483,
          0.059051,
          -0.751152,
          1.7518
        ],
        [
          0.753244,
          -0.027159,
          0.65718,
          3.904969
        ],
        [
          0.018407,
          -0.997886,
          -0.062337,
          1.678356
        ],
        [
          0.0,
          0.0,
          0.0,
          1.0
        ]
      ]
    },
    {
      "file_path": "/media/NFS/ttao/scannet/posed_images/scene0268_00/00177.jpg",
      "transform_matrix": [
        [
          0.672716,
          0.047981,
          -0.738343,
          1.753885
        ],
        [
          0.739699,
          -0.02033,
          0.67263,
          3.901635
        ],
        [
          0.017262,
          -0.998641,
          -0.049168,
          1.682209
        ],
        [
          0.0,
          0.0,
          0.0,
          1.0
        ]
      ]
    },
    {
      "file_path": "/media/NFS/ttao/scannet/posed_images/scene0268_00/00182.jpg",
      "transform_matrix": [
        [
          0.707277,
          0.018472,
          -0.706695,
          1.766879
        ],
        [
          0.706897,
          -0.007898,
          0.707273,
          3.900265
        ],
        [
          0.007483,
          -0.999798,
          -0.018644,
          1.692983
        ],
        [
          0.0,
          0.0,
          0.0,
          1.0
        ]
      ]
    },
    {
      "file_path": "/media/NFS/ttao/scannet/posed_images/scene0268_00/00184.jpg",
      "transform_matrix": [
        [
          0.717607,
          0.014732,
          -0.696293,
          1.770305
        ],
        [
          0.696437,
          -0.009273,
          0.717558,
          3.901212
        ],
        [
          0.004114,
          -0.999849,
          -0.016915,
          1.69321
        ],
        [
          0.0,
          0.0,
          0.0,
          1.0
        ]
      ]
    },
    {
      "file_path": "/media/NFS/ttao/scannet/posed_images/scene0268_00/00186.jpg",
      "transform_matrix": [
        [
          0.725078,
          0.011815,
          -0.688565,
          1.772968
        ],
        [
          0.688666,
          -0.011888,
          0.724981,
          3.900932
        ],
        [
          0.00038,
          -0.99986,
          -0.016756,
          1.691607
        ],
        [
          0.0,
          0.0,
          0.0,
          1.0
        ]
      ]
    },
    {
      "file_path": "/media/NFS/ttao/scannet/posed_images/scene0268_00/00189.jpg",
      "transform_matrix": [
        [
          0.738225,
          0.01656,
          -0.674352,
          1.772137
        ],
        [
          0.674555,
          -0.017614,
          0.738014,
          3.902125
        ],
        [
          0.000344,
          -0.999708,
          -0.024174,
          1.682517
        ],
        [
          0.0,
          0.0,
          0.0,
          1.0
        ]
      ]
    },
    {
      "file_path": "/media/NFS/ttao/scannet/posed_images/scene0268_00/00192.jpg",
      "transform_matrix": [
        [
          0.763064,
          0.036285,
          -0.645303,
          1.778647
        ],
        [
          0.646071,
          -0.014986,
          0.76313,
          3.904256
        ],
        [
          0.018019,
          -0.999229,
          -0.034878,
          1.687387
        ],
        [
          0.0,
          0.0,
          0.0,
          1.0
        ]
      ]
    },
    {
      "file_path": "/media/NFS/ttao/scannet/posed_images/scene0268_00/00194.jpg",
      "transform_matrix": [
        [
          0.778132,
          0.029142,
          -0.627424,
          1.768403
        ],
        [
          0.628077,
          -0.027382,
          0.777669,
          3.904478
        ],
        [
          0.005483,
          -0.9992,
          -0.03961,
          1.676488
        ],
        [
          0.0,
          0.0,
          0.0,
          1.0
        ]
      ]
    },
    {
      "file_path": "/media/NFS/ttao/scannet/posed_images/scene0268_00/00197.jpg",
      "transform_matrix": [
        [
          0.803685,
          0.023338,
          -0.594597,
          1.735994
        ],
        [
          0.594976,
          -0.0478,
          0.802321,
          3.900658
        ],
        [
          -0.009697,
          -0.998584,
          -0.052302,
          1.667692
        ],
        [
          0.0,
          0.0,
          0.0,
          1.0
        ]
      ]
    },
    {
      "file_path": "/media/NFS/ttao/scannet/posed_images/scene0268_00/00200.jpg",
      "transform_matrix": [
        [
          0.829698,
          0.065206,
          -0.554391,
          1.79088
        ],
        [
          0.557887,
          -0.062951,
          0.827526,
          3.932281
        ],
        [
          0.01906,
          -0.995884,
          -0.088608,
          1.66382
        ],
        [
          0.0,
          0.0,
          0.0,
          1.0
        ]
      ]
    },
    {
      "file_path": "/media/NFS/ttao/scannet/posed_images/scene0268_00/00204.jpg",
      "transform_matrix": [
        [
          0.847863,
          0.081414,
          -0.523927,
          1.78604
        ],
        [
          0.529886,
          -0.095303,
          0.842697,
          3.940711
        ],
        [
          0.018676,
          -0.992113,
          -0.123944,
          1.65926
        ],
        [
          0.0,
          0.0,
          0.0,
          1.0
        ]
      ]
    },
    {
      "file_path": "/media/NFS/ttao/scannet/posed_images/scene0268_00/00207.jpg",
      "transform_matrix": [
        [
          0.854591,
          0.094448,
          -0.51064,
          1.785544
        ],
        [
          0.519036,
          -0.123968,
          0.845715,
          3.942751
        ],
        [
          0.016573,
          -0.987781,
          -0.154964,
          1.648325
        ],
        [
          0.0,
          0.0,
          0.0,
          1.0
        ]
      ]
    },
    {
      "file_path": "/media/NFS/ttao/scannet/posed_images/scene0268_00/00208.jpg",
      "transform_matrix": [
        [
          0.854776,
          0.098349,
          -0.509594,
          1.785681
        ],
        [
          0.518752,
          -0.131714,
          0.844718,
          3.942723
        ],
        [
          0.015957,
          -0.986397,
          -0.163605,
          1.645535
        ],
        [
          0.0,
          0.0,
          0.0,
          1.0
        ]
      ]
    },
    {
      "file_path": "/media/NFS/ttao/scannet/posed_images/scene0268_00/00212.jpg",
      "transform_matrix": [
        [
          0.854261,
          0.111095,
          -0.507834,
          1.793853
        ],
        [
          0.519821,
          -0.173298,
          0.836513,
          3.946421
        ],
        [
          0.004925,
          -0.978584,
          -0.205791,
          1.627999
        ],
        [
          0.0,
          0.0,
          0.0,
          1.0
        ]
      ]
    },
    {
      "file_path": "/media/NFS/ttao/scannet/posed_images/scene0268_00/00213.jpg",
      "transform_matrix": [
        [
          0.854815,
          0.112954,
          -0.50649,
          1.792911
        ],
        [
          0.518922,
          -0.179969,
          0.835662,
          3.945433
        ],
        [
          0.003239,
          -0.977166,
          -0.212455,
          1.622804
        ],
        [
