{
  "frames": [
    {
      "file_path": "/media/NFS/ttao/scannet/posed_images/scene0609_01/00000.jpg",
      "transform_matrix": [
        [
          -0.599872,
          -0.336127,
          0.726066,
          4.29386
        ],
        [
          -0.798885,
          0.201721,
          -0.566649,
          2.555588
        ],
        [
          0.044003,
          -0.91996,
          -0.389534,
          1.358035
        ],
        [
          0.0,
          0.0,
          0.0,
          1.0
        ]
      ]
    },
    {
      "file_path": "/media/NFS/ttao/scannet/posed_images/scene0609_01/00003.jpg",
      "transform_matrix": [
        [
          -0.582304,
          -0.335796,
          0.74038,
          4.298455
        ],
        [
          -0.811799,
          0.191282,
          -0.551719,
          2.561411
        ],
        [
          0.043644,
          -0.922308,
          -0.383983,
          1.358629
        ],
        [
          0.0,
          0.0,
          0.0,
          1.0
        ]
      ]
    },
    {
      "file_path": "/media/NFS/ttao/scannet/posed_images/scene0609_01/00009.jpg",
      "transform_matrix": [
        [
          -0.577827,
          -0.346001,
          0.739189,
          4.303762
        ],
        [
          -0.814352,
          0.184169,
          -0.550376,
          2.559223
        ],
        [
          0.054295,
          -0.919981,
          -0.388184,
          1.356278
        ],
        [
          0.0,
          0.0,
          0.0,
          1.0
        ]
      ]
    },
    {
      "file_path": "/media/NFS/ttao/scannet/posed_images/scene0609_01/00013.jpg",
      "transform_matrix": [
        [
          -0.5763,
          -0.342096,
          0.742192,
          4.309166
        ],
        [
          -0.815334,
          0.178717,
          -0.550718,
          2.564012
        ],
        [
          0.055756,
          -0.922513,
          -0.381917,
          1.36007
        ],
        [
          0.0,
          0.0,
          0.0,
          1.0
        ]
      ]
    },
    {
      "file_path": "/media/NFS/ttao/scannet/posed_images/scene0609_01/00014.jpg",
      "transform_matrix": [
        [
          -0.574578,
          -0.341867,
          0.743631,
          4.310109
        ],
        [
          -0.816638,
          0.179055,
          -0.548672,
          2.564506
        ],
        [
          0.054422,
          -0.922533,
          -0.382063,
          1.363692
        ],
        [
          0.0,
          0.0,
          0.0,
          1.0
        ]
      ]
    },
    {
      "file_path": "/media/NFS/ttao/scannet/posed_images/scene0609_01/00020.jpg",
      "transform_matrix": [
        [
          -0.55008,
          -0.32344,
          0.769934,
          4.307581
        ],
        [
          -0.833723,
          0.159531,
          -0.528636,
          2.56738
        ],
        [
          0.048153,
          -0.932704,
          -0.357414,
          1.374033
        ],
        [
          0.0,
          0.0,
          0.0,
          1.0
        ]
      ]
    },
    {
      "file_path": "/media/NFS/ttao/scannet/posed_images/scene0609_01/00023.jpg",
      "transform_matrix": [
        [
          -0.545479,
          -0.322556,
          0.77357,
          4.319089
        ],
        [
          -0.836828,
          0.158274,
          -0.524088,
          2.583735
        ],
        [
          0.046611,
          -0.933224,
          -0.356259,
          1.371477
        ],
        [
          0.0,
          0.0,
          0.0,
          1.0
        ]
      ]
    },
    {
      "file_path": "/media/NFS/ttao/scannet/posed_images/scene0609_01/00027.jpg",
      "transform_matrix": [
        [
          -0.529915,
          -0.326339,
          0.782747,
          4.341805
        ],
        [
          -0.846949,
          0.156632,
          -0.508078,
          2.598054
        ],
        [
          0.043202,
          -0.932185,
          -0.359395,
          1.371023
        ],
        [
          0.0,
          0.0,
          0.0,
          1.0
        ]
      ]
    },
    {
      "file_path": "/media/NFS/ttao/scannet/posed_images/scene0609_01/00030.jpg",
      "transform_matrix": [
        [
          -0.529239,
          -0.332101,
          0.780779,
          4.361087
        ],
        [
          -0.847129,
          0.15505,
          -0.508263,
          2.616185
        ],
        [
          0.047735,
          -0.930413,
          -0.363391,
          1.368055
        ],
        [
          0.0,
          0.0,
          0.0,
          1.0
        ]
      ]
    },
    {
      "file_path": "/media/NFS/ttao/scannet/posed_images/scene0609_01/00035.jpg",
      "transform_matrix": [
        [
          -0.534932,
          -0.339926,
          0.773497,
          4.386377
        ],
        [
          -0.843385,
          0.160127,
          -0.512895,
          2.619509
        ],
        [
          0.050488,
          -0.92672,
          -0.372346,
          1.357975
        ],
        [
          0.0,
          0.0,
          0.0,
          1.0
        ]
      ]
    },
    {
      "file_path": "/media/NFS/ttao/scannet/posed_images/scene0609_01/00037.jpg",
      "transform_matrix": [
        [
          -0.546932,
          -0.345135,
          0.762723,
          4.391802
        ],
        [
          -0.835217,
          0.162648,
          -0.525317,
          2.627205
        ],
        [
          0.05725,
          -0.924353,
          -0.37722,
          1.341417
        ],
        [
          0.0,
          0.0,
          0.0,
          1.0
        ]
      ]
    },
    {
      "file_path": "/media/NFS/ttao/scannet/posed_images/scene0609_01/00041.jpg",
      "transform_matrix": [
        [
          -0.559336,
          -0.370214,
          0.741677,
          4.399404
        ],
        [
          -0.827424,
          0.195232,
          -0.52655,
          2.624804
        ],
        [
          0.050136,
          -0.908199,
          -0.415524,
          1.320773
        ],
        [
          0.0,
          0.0,
          0.0,
          1.0
        ]
      ]
    },
    {
      "file_path": "/media/NFS/ttao/scannet/posed_images/scene0609_01/00043.jpg",
      "transform_matrix": [
        [
          -0.557525,
          -0.388957,
          0.733402,
          4.400684
        ],
        [
          -0.828482,
          0.204544,
          -0.521325,
          2.626023
        ],
        [
          0.05276,
          -0.898262,
          -0.436282,
          1.307625
        ],
        [
          0.0,
          0.0,
          0.0,
          1.0
        ]
      ]
    },
    {
      "file_path": "/media/NFS/ttao/scannet/posed_images/scene0609_01/00049.jpg",
      "transform_matrix": [
        [
          -0.555029,
          -0.459868,
          0.693155,
          4.398756
        ],
        [
          -0.829807,
          0.247987,
          -0.499924,
          2.616446
        ],
        [
          0.058005,
          -0.852657,
          -0.519242,
          1.276484
        ],
        [
          0.0,
          0.0,
          0.0,
          1.0
        ]
      ]
    },
    {
      "file_path": "/media/NFS/ttao/scannet/posed_images/scene0609_01/00053.jpg",
      "transform_matrix": [
        [
          -0.582566,
          -0.492881,
          0.646286,
          4.404827
        ],
        [
          -0.811036,
          0.300392,
          -0.501981,
          2.608767
        ],
        [
          0.053278,
          -0.816598,
          -0.574742,
          1.27319
        ],
        [
          0.0,
          0.0,
          0.0,
          1.0
        ]
      ]
    },
    {
      "file_path": "/media/NFS/ttao/scannet/posed_images/scene0609_01/00057.jpg",
      "transform_matrix": [
        [
          -0.609013,
          -0.492254,
          0.621923,
          4.392941
        ],
        [
          -0.791864,
          0.332534,
          -0.512224,
          2.58816
        ],
        [
          0.045333,
          -0.804429,
          -0.592316,
          1.281793
        ],
        [
          0.0,
          0.0,
          0.0,
          1.0
        ]
      ]
    },
    {
      "file_path": "/media/NFS/ttao/scannet/posed_images/scene0609_01/00059.jpg",
      "transform_matrix": [
        [
          -0.621081,
          -0.484228,
          0.616265,
          4.380857
        ],
        [
          -0.782727,
          0.343123,
          -0.519235,
          2.579678
        ],
        [
          0.039973,
          -0.804854,
          -0.592126,
          1.284087
        ],
        [
          0.0,
          0.0,
          0.0,
          1.0
        ]
      ]
    },
    {
      "file_path": "/media/NFS/ttao/scannet/posed_images/scene0609_01/00061.jpg",
      "transform_matrix": [
        [
          -0.634095,
          -0.471238,
          0.613073,
          4.371256
        ],
        [
          -0.772384,
          0.348362,
          -0.5311,
          2.576391
        ],
        [
          0.036703,
          -0.810295,
          -0.584871,
          1.282032
        ],
        [
          0.0,
          0.0,
          0.0,
          1.0
        ]
      ]
    },
    {
      "file_path": "/media/NFS/ttao/scannet/posed_images/scene0609_01/00066.jpg",
      "transform_matrix": [
        [
          -0.657904,
          -0.425412,
          0.62144,
          4.326242
        ],
        [
          -0.752881,
          0.35154,
          -0.556408,
          2.552072
        ],
        [
          0.018241,
          -0.833933,
          -0.551564,
          1.30006
        ],
        [
          0.0,
          0.0,
          0.0,
          1.0
        ]
      ]
    },
    {
      "file_path": "/media/NFS/ttao/scannet/posed_images/scene0609_01/00069.jpg",
      "transform_matrix": [
        [
          -0.671943,
          -0.408586,
          0.617697,
          4.30052
        ],
        [
          -0.740322,
          0.347609,
          -0.575405,
          2.53702
        ],
        [
          0.020385,
          -0.843934,
          -0.536059,
          1.303563
        ],
        [
          0.0,
          0.0,
          0.0,
          1.0
        ]
      ]
    },
    {
      "file_path": "/media/NFS/ttao/scannet/posed_images/scene0609_01/00072.jpg",
      "transform_matrix": [
        [
          -0.68618,
          -0.39358,
          0.611762,
          4.271427
        ],
        [
          -0.726959,
          0.340681,
          -0.596211,
          2.508376
        ],
        [
          0.026242,
          -0.853833,
          -0.519885,
          1.312536
        ],
        [
          0.0,
          0.0,
          0.0,
          1.0
        ]
      ]
    },
    {
      "file_path": "/media/NFS/ttao/scannet/posed_images/scene0609_01/00077.jpg",
      "transform_matrix": [
        [
          -0.714698,
          -0.365085,
          0.59659,
          4.242217
        ],
        [
          -0.698964,
          0.341592,
          -0.628302,
          2.472073
        ],
        [
          0.025594,
          -0.866042,
          -0.499317,
          1.318889
        ],
        [
          0.0,
          0.0,
          0.0,
          1.0
        ]
      ]
    },
    {
      "file_path": "/media/NFS/ttao/scannet/posed_images/scene0609_01/00080.jpg",
      "transform_matrix": [
        [
          -0.727011,
          -0.341031,
          0.595947,
          4.226486
        ],
        [
          -0.686507,
          0.344894,
          -0.640122,
          2.447283
        ],
        [
          0.012763,
          -0.874497,
          -0.484862,
          1.326708
        ],
        [
          0.0,
          0.0,
          0.0,
          1.0
        ]
      ]
    },
    {
      "file_path": "/media/NFS/ttao/scannet/posed_images/scene0609_01/00084.jpg",
      "transform_matrix": [
        [
          -0.752157,
          -0.309224,
          0.581928,
          4.221045
        ],
        [
          -0.65898,
          0.355941,
          -0.66261,
          2.417153
        ],
        [
          -0.002237,
          -0.881865,
          -0.471496,
          1.324628
        ],
        [
          0.0,
          0.0,
          0.0,
          1.0
        ]
      ]
    },
    {
      "file_path": "/media/NFS/ttao/scannet/posed_images/scene0609_01/00087.jpg",
      "transform_matrix": [
        [
          -0.771596,
          -0.290983,
          0.565658,
          4.229902
        ],
        [
          -0.636006,
          0.369197,
          -0.677635,
          2.391891
        ],
        [
          -0.011659,
          -0.882623,
          -0.469938,
          1.326182
        ],
        [
          0.0,
          0.0,
          0.0,
          1.0
        ]
      ]
    },
    {
      "file_path": "/media/NFS/ttao/scannet/posed_images/scene0609_01/00091.jpg",
      "transform_matrix": [
        [
          -0.79027,
          -0.275319,
          0.547424,
          4.246695
        ],
        [
          -0.612671,
          0.370204,
          -0.698272,
          2.357866
        ],
        [
          -0.010411,
          -0.887214,
          -0.461241,
          1.315681
        ],
        [
          0.0,
          0.0,
          0.0,
          1.0
        ]
      ]
    },
    {
      "file_path": "/media/NFS/ttao/scannet/posed_images/scene0609_01/00096.jpg",
      "transform_matrix": [
        [
          -0.80545,
          -0.271338,
          0.526902,
          4.290789
        ],
        [
          -0.592651,
          0.374488,
          -0.713108,
          2.30102
        ],
        [
          -0.003825,
          -0.886642,
          -0.46244,
          1.319186
        ],
        [
          0.0,
          0.0,
          0.0,
          1.0
        ]
      ]
    },
    {
      "file_path": "/media/NFS/ttao/scannet/posed_images/scene0609_01/00100.jpg",
      "transform_matrix": [
        [
          -0.819086,
          -0.268809,
          0.506794,
          4.318445
        ],
        [
          -0.573652,
          0.376618,
          -0.72738,
          2.25016
        ],
        [
          0.004659,
          -0.88651,
          -0.462686,
          1.333478
        ],
        [
          0.0,
          0.0,
          0.0,
          1.0
        ]
      ]
    },
    {
      "file_path": "/media/NFS/ttao/scannet/posed_images/scene0609_01/00104.jpg",
      "transform_matrix": [
        [
          -0.826026,
          -0.265043,
          0.497427,
          4.337181
        ],
        [
          -0.563617,
          0.381737,
          -0.732539,
          2.208042
        ],
        [
          0.004268,
          -0.885454,
          -0.464708,
          1.334664
        ],
        [
          0.0,
          0.0,
          0.0,
          1.0
        ]
      ]
    },
    {
      "file_path": "/media/NFS/ttao/scannet/posed_images/scene0609_01/00107.jpg",
      "transform_matrix": [
        [
          -0.829929,
          -0.262008,
          0.492514,
          4.353467
        ],
        [
          -0.557865,
          0.386161,
          -0.73462,
          2.179845
        ],
        [
          0.002287,
          -0.884438,
          -0.466652,
          1.337993
        ],
        [
          0.0,
          0.0,
          0.0,
          1.0
        ]
      ]
    },
    {
      "file_path": "/media/NFS/ttao/scannet/posed_images/scene0609_01/00108.jpg",
      "transform_matrix": [
        [
          -0.829775,
          -0.261087,
          0.493262,
          4.358789
        ],
        [
          -0.558098,
          0.387989,
          -0.733479,
          2.170095
        ],
        [
          0.000122,
          -0.883911,
          -0.467656,
          1.338145
        ],
        [
          0.0,
          0.0,
          0.0,
          1.0
        ]
      ]
    },
    {
      "file_path": "/media/NFS/ttao/scannet/posed_images/scene0609_01/00114.jpg",
      "transform_matrix": [
        [
          -0.813944,
          -0.266215,
          0.516357,
          4.374496
        ],
        [
          -0.580883,
          0.38576,
          -0.716774,
          2.107664
        ],
        [
          -0.008374,
          -0.883357,
          -0.468627,
          1.340902
        ],
        [
          0.0,
          0.0,
          0.0,
          1.0
        ]
      ]
    },
    {
      "file_path": "/media/NFS/ttao/scannet/posed_images/scene0609_01/00116.jpg",
      "transform_matrix": [
        [
          -0.80787,
          -0.268749,
          0.524519,
          4.378574
        ],
        [
          -0.589277,
          0.383369,
          -0.711182,
          2.084496
        ],
        [
          -0.009955,
          -0.88363,
          -0.46808,
          1.342631
        ],
        [
          0.0,
          0.0,
          0.0,
          1.0
        ]
      ]
    },
    {
      "file_path": "/media/NFS/ttao/scannet/posed_images/scene0609_01/00119.jpg",
      "transform_matrix": [
        [
          -0.798135,
          -0.275774,
          0.535658,
          4.38664
        ],
        [
          -0.602457,
          0.372783,
          -0.705746,
          2.048106
        ],
        [
          -0.005058,
          -0.885992,
          -0.463673,
          1.347665
        ],
        [
          0.0,
          0.0,
          0.0,
          1.0
        ]
      ]
    },
    {
      "file_path": "/media/NFS/ttao/scannet/posed_images/scene0609_01/00126.jpg",
      "transform_matrix": [
        [
          -0.762423,
          -0.27599,
          0.58527,
          4.416909
        ],
        [
          -0.646824,
          0.350451,
          -0.67735,
          1.995601
        ],
        [
          -0.018167,
          -0.894994,
          -0.445709,
          1.368476
        ],
        [
          0.0,
          0.0,
          0.0,
          1.0
        ]
      ]
    },
    {
      "file_path": "/media/NFS/ttao/scannet/posed_images/scene0609_01/00128.jpg",
      "transform_matrix": [
        [
          -0.754982,
          -0.280306,
          0.592816,
          4.427646
        ],
        [
          -0.655399,
          0.351928,
          -0.66828,
          1.986764
        ],
        [
          -0.021306,
          -0.893071,
          -0.449411,
          1.369584
        ],
        [
          0.0,
          0.0,
          0.0,
          1.0
        ]
      ]
    },
    {
      "file_path": "/media/NFS/ttao/scannet/posed_images/scene0609_01/00132.jpg",
      "transform_matrix": [
        [
          -0.73312,
          -0.289938,
          0.6152,
          4.455945
        ],
        [
          -0.679256,
          0.35718,
          -0.641119,
          1.981864
        ],
        [
          -0.033853,
          -0.887896,
          -0.458798,
          1.370262
        ],
        [
          0.0,
          0.0,
          0.0,
          1.0
        ]
      ]
    },
    {
      "file_path": "/media/NFS/ttao/scannet/posed_images/scene0609_01/00136.jpg",
      "transform_matrix": [
        [
          -0.712714,
          -0.303365,
          0.632463,
          4.491441
        ],
        [
          -0.700242,
          0.360717,
          -0.616072,
          1.997871
        ],
        [
          -0.041245,
          -0.88196,
          -0.469516,
          1.37007
        ],
        [
          0.0,
          0.0,
          0.0,
          1.0
        ]
      ]
    },
    {
      "file_path": "/media/NFS/ttao/scannet/posed_images/scene0609_01/00140.jpg",
      "transform_matrix": [
        [
          -0.699863,
          -0.314022,
          0.641546,
          4.532204
        ],
        [
          -0.71369,
          0.343838,
          -0.610264,
          2.038368
        ],
        [
          -0.028952,
          -0.884966,
          -0.464754,
          1.365936
        ],
        [
          0.0,
          0.0,
          0.0,
          1.0
        ]
      ]
    },
    {
      "file_path": "/media/NFS/ttao/scannet/posed_images/scene0609_01/00142.jpg",
      "transform_matrix": [
        [
          -0.70071,
          -0.319966,
          0.637673,
          4.562379
        ],
        [
          -0.713216,
          0.33684,
          -0.614704,
          2.066117
        ],
        [
          -0.018109,
          -0.885528,
          -0.464232,
          1.362366
        ],
        [
          0.0,
          0.0,
          0.0,
          1.0
        ]
      ]
    },
    {
      "file_path": "/media/NFS/ttao/scannet/posed_images/scene0609_01/00148.jpg",
      "transform_matrix": [
        [
          -0.749306,
          -0.299775,
          0.590487,
          4.663829
        ],
        [
          -0.662014,
          0.361517,
          -0.656538,
          2.145303
        ],
        [
          -0.016657,
          -0.882859,
          -0.469343,
          1.367978
        ],
        [
          0.0,
          0.0,
          0.0,
          1.0
        ]
      ]
    },
    {
      "file_path": "/media/NFS/ttao/scannet/posed_images/scene0609_01/00149.jpg",
      "transform_matrix": [
        [
          -0.754825,
          -0.291435,
          0.587627,
          4.679636
        ],
        [
          -0.655611,
          0.363029,
          -0.662106,
          2.158267
        ],
        [
          -0.020365,
          -0.885029,
          -0.465091,
          1.369774
        ],
        [
          0.0,
          0.0,
          0.0,
          1.0
        ]
      ]
    },
    {
      "file_path": "/media/NFS/ttao/scannet/posed_images/scene0609_01/00155.jpg",
      "transform_matrix": [
        [
          -0.777265,
          -0.274513,
          0.566129,
          4.759058
        ],
        [
          -0.627913,
          0.395388,
          -0.670369,
          2.239078
        ],
        [
          -0.039816,
          -0.876534,
          -0.479691,
          1.385342
        ],
        [
          0.0,
          0.0,
          0.0,
          1.0
        ]
      ]
    },
    {
      "file_path": "/media/NFS/ttao/scannet/posed_images/scene0609_01/00157.jpg",
      "transform_matrix": [
        [
          -0.777999,
          -0.273451,
          0.565634,
          4.777733
        ],
        [
          -0.627282,
          0.388448,
          -0.675,
          2.264354
        ],
        [
          -0.03514,
          -0.879961,
          -0.473743,
          1.389118
        ],
        [
          0.0,
          0.0,
          0.0,
          1.0
        ]
      ]
    },
    {
      "file_path": "/media/NFS/ttao/scannet/posed_images/scene0609_01/00162.jpg",
      "transform_matrix": [
        [
          -0.774301,
          -0.278832,
          0.568076,
          4.806556
        ],
        [
          -0.632572,
          0.366037,
          -0.682546,
          2.325679
        ],
        [
          -0.017621,
          -0.887845,
          -0.459804,
          1.385296
        ],
        [
          0.0,
          0.0,
          0.0,
          1.0
        ]
      ]
    },
    {
      "file_path": "/media/NFS/ttao/scannet/posed_images/scene0609_01/00166.jpg",
      "transform_matrix": [
        [
          -0.778147,
          -0.278093,
          0.563162,
          4.824668
        ],
        [
          -0.628031,
          0.355943,
          -0.692013,
          2.373636
        ],
        [
          -0.00801,
          -0.892171,
          -0.451627,
          1.381776
        ],
        [
          0.0,
          0.0,
          0.0,
          1.0
        ]
      ]
    },
    {
      "file_path": "/media/NFS/ttao/scannet/posed_images/scene0609_01/00170.jpg",
      "transform_matrix": [
        [
          -0.79138,
          -0.270065,
          0.548437,
          4.833575
        ],
        [
          -0.611317,
          0.344912,
          -0.712269,
          2.425913
        ],
        [
          0.003197,
          -0.898944,
          -0.438052,
          1.370995
        ],
        [
          0.0,
          0.0,
          0.0,
          1.0
        ]
      ]
    },
    {
      "file_path": "/media/NFS/ttao/scannet/posed_images/scene0609_01/00171.jpg",
      "transform_matrix": [
        [
          -0.798714,
          -0.269868,
          0.537799,
          4.839738
        ],
        [
          -0.601688,
          0.350241,
          -0.717846,
          2.440481
        ],
        [
          0.005364,
          -0.896941,
          -0.442118,
          1.367574
        ],
        [
          0.0,
          0.0,
          0.0,
          1.0
        ]
      ]
    },
    {
      "file_path": "/media/NFS/ttao/scannet/posed_images/scene0609_01/00174.jpg",
      "transform_matrix": [
        [
          -0.806036,
          -0.274296,
          0.524469,
          4.851239
        ],
        [
          -0.591808,
          0.360995,
          -0.720726,
          2.483252
        ],
        [
          0.008362,
          -0.891316,
          -0.453306,
          1.360847
        ],
        [
          0.0,
          0.0,
          0.0,
          1.0
        ]
      ]
    },
    {
      "file_path": "/media/NFS/ttao/scannet/posed_images/scene0609_01/00181.jpg",
      "transform_matrix": [
        [
          -0.772894,
          -0.335586,
          0.538533,
          4.88387
        ],
        [
          -0.633822,
          0.368053,
          -0.680299,
          2.572716
        ],
        [
          0.030091,
          -0.867133,
          -0.497168,
          1.334164
        ],
        [
          0.0,
          0.0,
          0.0,
          1.0
        ]
      ]
    },
    {
      "file_path": "/media/NFS/ttao/scannet/posed_images/scene0609_01/00182.jpg",
      "transform_matrix": [
        [
          -0.771107,
          -0.34346,
          0.536124,
          4.891251
        ],
        [
          -0.635776,
          0.36987,
          -0.677485,
          2.585766
        ],
        [
          0.034393,
          -0.863268,
          -0.503573,
          1.330822
        ],
        [
          0.0,
          0.0,
          0.0,
          1.0
        ]
      ]
    },
    {
      "file_path": "/media/NFS/ttao/scannet/posed_images/scene0609_01/00187.jpg",
      "transform_matrix": [
        [
          -0.761688,
          -0.376544,
          0.5273,
          4.919423
        ],
        [
          -0.644663,
          0.35861,
          -0.675137,
          2.636945
        ],
        [
          0.065123,
          -0.854174,
          -0.515892,
          1.317766
        ],
        [
          0.0,
          0.0,
          0.0,
          1.0
        ]
      ]
    },
    {
      "file_path": "/media/NFS/ttao/scannet/posed_images/scene0609_01/00189.jpg",
      "transform_matrix": [
        [
          -0.760612,
          -0.383,
          0.524195,
          4.938788
        ],
        [
          -0.644727,
          0.350929,
          -0.679099,
          2.660093
        ],
        [
          0.07614,
          -0.854493,
          -0.513852,
          1.312347
        ],
        [
          0.0,
          0.0,
          0.0,
          1.0
        ]
      ]
    },
    {
      "file_path": "/media/NFS/ttao/scannet/posed_images/scene0609_01/00193.jpg",
      "transform_matrix": [
        [
          -0.748286,
          -0.39873,
          0.530172,
          4.966906
        ],
        [
          -0.656148,
          0.327204,
          -0.680006,
          2.698075
        ],
        [
          0.097665,
          -0.85671,
          -0.506468,
          1.297657
        ],
        [
          0.0,
          0.0,
          0.0,
          1.0
        ]
      ]
    },
    {
      "file_path": "/media/NFS/ttao/scannet/posed_images/scene0609_01/00199.jpg",
      "transform_matrix": [
        [
          -0.731907,
          -0.420478,
          0.5362,
          5.024881
        ],
        [
          -0.672284,
          0.317282,
          -0.668854,
          2.762539
        ],
        [
          0.111112,
          -0.850018,
          -0.514902,
          1.277475
        ],
        [
          0.0,
          0.0,
          0.0,
          1.0
        ]
      ]
    },
    {
      "file_path": "/media/NFS/ttao/scannet/posed_images/scene0609_01/00200.jpg",
      "transform_matrix": [
        [
          -0.729866,
          -0.428039,
          0.532989,
          5.040961
        ],
        [
          -0.674693,
          0.32568,
          -0.662361,
          2.761173
        ],
        [
          0.109933,
          -0.843039,
          -0.526498,
          1.28319
        ],
        [
          0.0,
          0.0,
          0.0,
          1.0
        ]
      ]
    },
    {
      "file_path": "/media/NFS/ttao/scannet/posed_images/scene0609_01/00206.jpg",
      "transform_matrix": [
        [
          -0.753427,
          -0.428621,
          0.49863,
          5.085476
        ],
        [
          -0.650066,
          0.371601,
          -0.662817,
          2.788064
        ],
        [
          0.098806,
          -0.823527,
          -0.558606,
          1.272779
        ],
        [
          0.0,
          0.0,
          0.0,
          1.0
        ]
      ]
    },
    {
      "file_path": "/media/NFS/ttao/scannet/posed_images/scene0609_01/00208.jpg",
      "transform_matrix": [
        [
          -0.766904,
          -0.423619,
          0.482084,
          5.092756
        ],
        [
          -0.634477,
          0.387614,
          -0.668726,
          2.784529
        ],
        [
          0.096423,
          -0.81872,
          -0.566039,
          1.274782
        ],
        [
          0.0,
          0.0,
          0.0,
          1.0
        ]
      ]
    },
    {
      "file_path": "/media/NFS/ttao/scannet/posed_images/scene0609_01/00211.jpg",
      "transform_matrix": [
        [
          -0.790834,
          -0.413045,
          0.451636,
          5.100633
        ],
        [
          -0.603294,
          0.40186,
          -0.688872,
          2.789189
        ],
        [
          0.10304,
          -0.817253,
          -0.566992,
          1.266943
        ],
        [
          0.0,
          0.0,
          0.0,
          1.0
        ]
      ]
    },
    {
      "file_path": "/media/NFS/ttao/scannet/posed_images/scene0609_01/00217.jpg",
      "transform_matrix": [
        [
          -0.841692,
          -0.358712,
          0.403584,
          5.074764
        ],
        [
          -0.533992,
          0.442193,
          -0.720637,
          2.740983
        ],
        [
          0.080039,
          -0.822065,
          -0.56374,
          1.283067
        ],
        [
          0.0,
          0.0,
          0.0,
          1.0
        ]
      ]
    },
    {
      "file_path": "/media/NFS/ttao/scannet/posed_images/scene0609_01/00221.jpg",
      "transform_matrix": [
        [
          -0.889257,
          -0.29385,
          0.350533,
          5.02964
        ],
        [
          -0.455157,
          0.492548,
          -0.741774,
          2.701226
        ],
        [
          0.045316,
          -0.819175,
          -0.57175,
          1.284554
        ],
        [
          0.0,
          0.0,
          0.0,
          1.0
        ]
      ]
    },
    {
      "file_path": "/media/NFS/ttao/scannet/posed_images/scene0609_01/00222.jpg",
      "transform_matrix": [
        [
          -0.898384,
          -0.279806,
          0.338549,
          5.019186
        ],
        [
          -0.437542,
          0.503012,
          -0.745343,
          2.694194
        ],
        [
          0.038257,
          -0.817733,
          -0.574324,
          1.283409
        ],
        [
          0.0,
          0.0,
          0.0,
          1.0
        ]
      ]
    },
    {
      "file_path": "/media/NFS/ttao/scannet/posed_images/scene0609_01/00228.jpg",
      "transform_matrix": [
        [
          -0.929462,
          -0.22065,
          0.295659,
          4.982578
        ],
        [
          -0.36891,
          0.550536,
          -0.748876,
          2.656361
        ],
        [
          0.002469,
          -0.805123,
          -0.593102,
          1.300128
        ],
        [
          0.0,
          0.0,
          0.0,
          1.0
        ]
      ]
    },
    {
      "file_path": "/media/NFS/ttao/scannet/posed_images/scene0609_01/00232.jpg",
      "transform_matrix": [
        [
          -0.933629,
          -0.204408,
          0.294202,
          4.934911
        ],
        [
          -0.358199,
          0.545329,
          -0.757832,
          2.644538
        ],
        [
          -0.00553,
          -0.812916,
          -0.582354,
          1.30253
        ],
        [
          0.0,
          0.0,
          0.0,
          1.0
        ]
      ]
    },
    {
      "file_path": "/media/NFS/ttao/scannet/posed_images/scene0609_01/00234.jpg",
      "transform_matrix": [
        [
          -0.935731,
          -0.204661,
          0.287265,
          4.906332
        ],
        [
          -0.352706,
          0.548605,
          -0.758045,
          2.637856
        ],
        [
          -0.002452,
          -0.810646,
          -0.585532,
          1.29868
        ],
        [
          0.0,
          0.0,
          0.0,
          1.0
        ]
      ]
    },
    {
      "file_path": "/media/NFS/ttao/scannet/posed_images/scene0609_01/00237.jpg",
      "transform_matrix": [
        [
          -0.936883,
          -0.206392,
          0.282227,
          4.862644
        ],
        [
          -0.349634,
          0.547614,
          -0.760181,
          2.624868
        ],
        [
          0.002344,
          -0.810877,
          -0.585212,
          1.29658
        ],
        [
          0.0,
          0.0,
          0.0,
          1.0
        ]
      ]
    },
    {
      "file_path": "/media/NFS/ttao/scannet/posed_images/scene0609_01/00242.jpg",
      "transform_matrix": [
        [
          -0.942995,
          -0.216029,
          0.253164,
          4.7917
        ],
        [
          -0.331246,
          0.535647,
          -0.776761,
          2.607723
        ],
        [
          0.032197,
          -0.816341,
          -0.576671,
          1.295653
        ],
        [
          0.0,
          0.0,
          0.0,
          1.0
        ]
      ]
    },
    {
      "file_path": "/media/NFS/ttao/scannet/posed_images/scene0609_01/00244.jpg",
      "transform_matrix": [
        [
          -0.946064,
          -0.21859,
          0.239127,
          4.776098
        ],
        [
          -0.321312,
          0.53851,
          -0.778952,
          2.603837
        ],
        [
          0.041499,
          -0.813772,
          -0.5797,
          1.297311
        ],
        [
          0.0,
          0.0,
          0.0,
          1.0
        ]
      ]
    },
    {
      "file_path": "/media/NFS/ttao/scannet/posed_images/scene0609_01/00247.jpg",
      "transform_matrix": [
        [
          -0.953954,
          -0.20969,
          0.214482,
          4.758154
        ],
        [
          -0.295974,
          0.541951,
          -0.786567,
          2.603749
        ],
        [
          0.048697,
          -0.81383,
          -0.579059,
          1.298383
        ],
        [
          0.0,
          0.0,
          0.0,
          1.0
        ]
      ]
    },
    {
      "file_path": "/media/NFS/ttao/scannet/posed_images/scene0609_01/00251.jpg",
      "transform_matrix": [
        [
          -0.967567,
          -0.185129,
          0.171879,
          4.745171
        ],
        [
          -0.246906,
          0.5492,
          -0.798384,
          2.608925
        ],
        [
          0.053408,
          -0.814928,
          -0.577097,
          1.299401
        ],
        [
          0.0,
          0.0,
          0.0,
          1.0
        ]
      ]
    },
    {
      "file_path": "/media/NFS/ttao/scannet/posed_images/scene0609_01/00257.jpg",
      "transform_matrix": [
        [
          -0.99322,
          -0.089292,
          0.074436,
          4.727406
        ],
        [
          -0.111125,
          0.541264,
          -0.833477,
          2.610578
        ],
        [
          0.034134,
          -0.836098,
          -0.547517,
          1.30361
        ],
        [
          0.0,
          0.0,
          0.0,
          1.0
        ]
      ]
    },
    {
      "file_path": "/media/NFS/ttao/scannet/posed_images/scene0609_01/00261.jpg",
      "transform_matrix": [
        [
          -0.99961,
          -0.02768,
          -0.003699,
          4.713153
        ],
        [
          -0.012476,
          0.56115,
          -0.82762,
          2.604013
        ],
        [
          0.024984,
          -0.827251,
          -0.561276,
          1.308522
        ],
        [
          0.0,
          0.0,
          0.0,
          1.0
        ]
      ]
    },
    {
      "file_path": "/media/NFS/ttao/scannet/posed_images/scene0609_01/00265.jpg",
      "transform_matrix": [
        [
          -0.996656,
          0.023021,
          -0.078406,
          4.702967
        ],
        [
          0.077608,
          0.56706,
          -0.820012,
          2.598273
        ],
        [
          0.025583,
          -0.823355,
          -0.56695,
          1.307794
        ],
        [
          0.0,
          0.0,
          0.0,
          1.0
        ]
      ]
    },
    {
      "file_path": "/media/NFS/ttao/scannet/posed_images/scene0609_01/00268.jpg",
      "transform_matrix": [
        [
          -0.989857,
          0.058544,
          -0.129439,
          4.701455
        ],
        [
          0.139732,
          0.565599,
          -0.812756,
          2.595547
        ],
        [
          0.025629,
          -0.822599,
          -0.568043,
          1.306458
        ],
        [
          0.0,
          0.0,
          0.0,
          1.0
        ]
      ]
    },
    {
      "file_path": "/media/NFS/ttao/scannet/posed_images/scene0609_01/00272.jpg",
      "transform_matrix": [
        [
          -0.981418,
          0.099957,
          -0.16379,
          4.68667
        ],
        [
          0.191399,
          0.57048,
          -0.798698,
          2.587961
        ],
        [
          0.013604,
          -0.815206,
          -0.579011,
          1.305404
        ],
        [
          0.0,
          0.0,
          0.0,
          1.0
        ]
      ]
    },
    {
      "file_path": "/media/NFS/ttao/scannet/posed_images/scene0609_01/00276.jpg",
      "transform_matrix": [
        [
          -0.973451,
          0.128892,
          -0.189154,
          4.685192
        ],
        [
          0.228687,
          0.582804,
          -0.779771,
          2.583462
        ],
        [
          0.009733,
          -0.802326,
          -0.596807,
          1.297691
        ],
        [
          0.0,
          0.0,
          0.0,
          1.0
        ]
      ]
    },
    {
      "file_path": "/media/NFS/ttao/scannet/posed_images/scene0609_01/00279.jpg",
      "transform_matrix": [
        [
          -0.968844,
          0.147175,
          -0.199201,
          4.683806
        ],
        [
          0.247619,
          0.592264,
          -0.766751,
          2.577132
        ],
        [
          0.005134,
          -0.792189,
          -0.610255,
          1.298596
        ],
        [
          0.0,
          0.0,
          0.0,
          1.0
        ]
      ]
    },
    {
      "file_path": "/media/NFS/ttao/scannet/posed_images/scene0609_01/00283.jpg",
      "transform_matrix": [
        [
          -0.962702,
          0.160735,
          -0.217646,
          4.674234
        ],
        [
          0.270493,
          0.590328,
          -0.760492,
          2.579623
        ],
        [
