{
  "frames": [
    {
      "file_path": "/media/NFS/ttao/scannet/posed_images/scene0573_01/00000.jpg",
      "transform_matrix": [
        [
          0.083957,
          0.308249,
          -0.947594,
          5.623228
        ],
        [
          0.995468,
          -0.06856,
          0.065896,
          1.786425
        ],
        [
          -0.044655,
          -0.948832,
          -0.312609,
          1.43634
        ],
        [
          0.0,
          0.0,
          0.0,
          1.0
        ]
      ]
    },
    {
      "file_path": "/media/NFS/ttao/scannet/posed_images/scene0573_01/00002.jpg",
      "transform_matrix": [
        [
          0.092305,
          0.333784,
          -0.938119,
          5.620904
        ],
        [
          0.994966,
          -0.067841,
          0.07376,
          1.78608
        ],
        [
          -0.039023,
          -0.940205,
          -0.338366,
          1.434623
        ],
        [
          0.0,
          0.0,
          0.0,
          1.0
        ]
      ]
    },
    {
      "file_path": "/media/NFS/ttao/scannet/posed_images/scene0573_01/00005.jpg",
      "transform_matrix": [
        [
          0.116815,
          0.317847,
          -0.940918,
          5.62251
        ],
        [
          0.99223,
          -0.078209,
          0.096766,
          1.780742
        ],
        [
          -0.042832,
          -0.944911,
          -0.324514,
          1.434378
        ],
        [
          0.0,
          0.0,
          0.0,
          1.0
        ]
      ]
    },
    {
      "file_path": "/media/NFS/ttao/scannet/posed_images/scene0573_01/00007.jpg",
      "transform_matrix": [
        [
          0.121682,
          0.322761,
          -0.938626,
          5.62254
        ],
        [
          0.99177,
          -0.077482,
          0.101928,
          1.776237
        ],
        [
          -0.039828,
          -0.943304,
          -0.329532,
          1.425905
        ],
        [
          0.0,
          0.0,
          0.0,
          1.0
        ]
      ]
    },
    {
      "file_path": "/media/NFS/ttao/scannet/posed_images/scene0573_01/00012.jpg",
      "transform_matrix": [
        [
          0.137209,
          0.341712,
          -0.929735,
          5.616723
        ],
        [
          0.989952,
          -0.079688,
          0.116808,
          1.76198
        ],
        [
          -0.034174,
          -0.93642,
          -0.349213,
          1.420868
        ],
        [
          0.0,
          0.0,
          0.0,
          1.0
        ]
      ]
    },
    {
      "file_path": "/media/NFS/ttao/scannet/posed_images/scene0573_01/00014.jpg",
      "transform_matrix": [
        [
          0.136687,
          0.340722,
          -0.930175,
          5.618976
        ],
        [
          0.99001,
          -0.07977,
          0.11626,
          1.75915
        ],
        [
          -0.034587,
          -0.936774,
          -0.348222,
          1.421676
        ],
        [
          0.0,
          0.0,
          0.0,
          1.0
        ]
      ]
    },
    {
      "file_path": "/media/NFS/ttao/scannet/posed_images/scene0573_01/00015.jpg",
      "transform_matrix": [
        [
          0.136765,
          0.340947,
          -0.930081,
          5.61785
        ],
        [
          0.990081,
          -0.077523,
          0.11717,
          1.757036
        ],
        [
          -0.032154,
          -0.936881,
          -0.348167,
          1.420549
        ],
        [
          0.0,
          0.0,
          0.0,
          1.0
        ]
      ]
    },
    {
      "file_path": "/media/NFS/ttao/scannet/posed_images/scene0573_01/00019.jpg",
      "transform_matrix": [
        [
          0.14775,
          0.351739,
          -0.924365,
          5.612577
        ],
        [
          0.988606,
          -0.079719,
          0.127684,
          1.754889
        ],
        [
          -0.028778,
          -0.932698,
          -0.35951,
          1.419003
        ],
        [
          0.0,
          0.0,
          0.0,
          1.0
        ]
      ]
    },
    {
      "file_path": "/media/NFS/ttao/scannet/posed_images/scene0573_01/00021.jpg",
      "transform_matrix": [
        [
          0.157134,
          0.350247,
          -0.923383,
          5.614997
        ],
        [
          0.98679,
          -0.09302,
          0.132641,
          1.754656
        ],
        [
          -0.039436,
          -0.932027,
          -0.360237,
          1.422402
        ],
        [
          0.0,
          0.0,
          0.0,
          1.0
        ]
      ]
    },
    {
      "file_path": "/media/NFS/ttao/scannet/posed_images/scene0573_01/00023.jpg",
      "transform_matrix": [
        [
          0.169992,
          0.345929,
          -0.922733,
          5.614323
        ],
        [
          0.984425,
          -0.102223,
          0.143035,
          1.750582
        ],
        [
          -0.044845,
          -0.932676,
          -0.357918,
          1.420213
        ],
        [
          0.0,
          0.0,
          0.0,
          1.0
        ]
      ]
    },
    {
      "file_path": "/media/NFS/ttao/scannet/posed_images/scene0573_01/00027.jpg",
      "transform_matrix": [
        [
          0.189383,
          0.350944,
          -0.917046,
          5.611363
        ],
        [
          0.980893,
          -0.109973,
          0.160483,
          1.742682
        ],
        [
          -0.044529,
          -0.929917,
          -0.365065,
          1.419147
        ],
        [
          0.0,
          0.0,
          0.0,
          1.0
        ]
      ]
    },
    {
      "file_path": "/media/NFS/ttao/scannet/posed_images/scene0573_01/00029.jpg",
      "transform_matrix": [
        [
          0.194895,
          0.354599,
          -0.914481,
          5.60888
        ],
        [
          0.979876,
          -0.111391,
          0.165639,
          1.739204
        ],
        [
          -0.043129,
          -0.92836,
          -0.369172,
          1.41886
        ],
        [
          0.0,
          0.0,
          0.0,
          1.0
        ]
      ]
    },
    {
      "file_path": "/media/NFS/ttao/scannet/posed_images/scene0573_01/00031.jpg",
      "transform_matrix": [
        [
          0.204731,
          0.35475,
          -0.912271,
          5.611757
        ],
        [
          0.978147,
          -0.108669,
          0.177257,
          1.730003
        ],
        [
          -0.036253,
          -0.928625,
          -0.369246,
          1.410825
        ],
        [
          0.0,
          0.0,
          0.0,
          1.0
        ]
      ]
    },
    {
      "file_path": "/media/NFS/ttao/scannet/posed_images/scene0573_01/00036.jpg",
      "transform_matrix": [
        [
          0.222974,
          0.375268,
          -0.899698,
          5.601021
        ],
        [
          0.974408,
          -0.112771,
          0.194452,
          1.708014
        ],
        [
          -0.028488,
          -0.920031,
          -0.390809,
          1.408024
        ],
        [
          0.0,
          0.0,
          0.0,
          1.0
        ]
      ]
    },
    {
      "file_path": "/media/NFS/ttao/scannet/posed_images/scene0573_01/00038.jpg",
      "transform_matrix": [
        [
          0.231654,
          0.381923,
          -0.89469,
          5.595093
        ],
        [
          0.972388,
          -0.117603,
          0.20157,
          1.692081
        ],
        [
          -0.028234,
          -0.916681,
          -0.398621,
          1.403305
        ],
        [
          0.0,
          0.0,
          0.0,
          1.0
        ]
      ]
    },
    {
      "file_path": "/media/NFS/ttao/scannet/posed_images/scene0573_01/00041.jpg",
      "transform_matrix": [
        [
          0.248352,
          0.383828,
          -0.88938,
          5.588243
        ],
        [
          0.968203,
          -0.126854,
          0.215617,
          1.672826
        ],
        [
          -0.030061,
          -0.91465,
          -0.403128,
          1.400086
        ],
        [
          0.0,
          0.0,
          0.0,
          1.0
        ]
      ]
    },
    {
      "file_path": "/media/NFS/ttao/scannet/posed_images/scene0573_01/00043.jpg",
      "transform_matrix": [
        [
          0.25645,
          0.383882,
          -0.887056,
          5.580243
        ],
        [
          0.966013,
          -0.132591,
          0.221897,
          1.662987
        ],
        [
          -0.032433,
          -0.913813,
          -0.404838,
          1.399955
        ],
        [
          0.0,
          0.0,
          0.0,
          1.0
        ]
      ]
    },
    {
      "file_path": "/media/NFS/ttao/scannet/posed_images/scene0573_01/00045.jpg",
      "transform_matrix": [
        [
          0.261822,
          0.384335,
          -0.885288,
          5.57241
        ],
        [
          0.964467,
          -0.137843,
          0.225397,
          1.656244
        ],
        [
          -0.035403,
          -0.912845,
          -0.406769,
          1.396868
        ],
        [
          0.0,
          0.0,
          0.0,
          1.0
        ]
      ]
    },
    {
      "file_path": "/media/NFS/ttao/scannet/posed_images/scene0573_01/00048.jpg",
      "transform_matrix": [
        [
          0.278618,
          0.386476,
          -0.879209,
          5.550565
        ],
        [
          0.959624,
          -0.148869,
          0.238662,
          1.648058
        ],
        [
          -0.03865,
          -0.910206,
          -0.412349,
          1.396536
        ],
        [
          0.0,
          0.0,
          0.0,
          1.0
        ]
      ]
    },
    {
      "file_path": "/media/NFS/ttao/scannet/posed_images/scene0573_01/00050.jpg",
      "transform_matrix": [
        [
          0.285887,
          0.382424,
          -0.878647,
          5.534466
        ],
        [
          0.957228,
          -0.156587,
          0.243302,
          1.645185
        ],
        [
          -0.04454,
          -0.910622,
          -0.410833,
          1.400841
        ],
        [
          0.0,
          0.0,
          0.0,
          1.0
        ]
      ]
    },
    {
      "file_path": "/media/NFS/ttao/scannet/posed_images/scene0573_01/00053.jpg",
      "transform_matrix": [
        [
          0.294961,
          0.363831,
          -0.88353,
          5.50269
        ],
        [
          0.954178,
          -0.160943,
          0.252272,
          1.64137
        ],
        [
          -0.050414,
          -0.917455,
          -0.394632,
          1.401716
        ],
        [
          0.0,
          0.0,
          0.0,
          1.0
        ]
      ]
    },
    {
      "file_path": "/media/NFS/ttao/scannet/posed_images/scene0573_01/00057.jpg",
      "transform_matrix": [
        [
          0.316623,
          0.364772,
          -0.875609,
          5.437199
        ],
        [
          0.946886,
          -0.176216,
          0.268987,
          1.646614
        ],
        [
          -0.056178,
          -0.91427,
          -0.401192,
          1.395613
        ],
        [
          0.0,
          0.0,
          0.0,
          1.0
        ]
      ]
    },
    {
      "file_path": "/media/NFS/ttao/scannet/posed_images/scene0573_01/00058.jpg",
      "transform_matrix": [
        [
          0.323434,
          0.36586,
          -0.872661,
          5.417824
        ],
        [
          0.944395,
          -0.182531,
          0.273495,
          1.648245
        ],
        [
          -0.059227,
          -0.912595,
          -0.404553,
          1.394733
        ],
        [
          0.0,
          0.0,
          0.0,
          1.0
        ]
      ]
    },
    {
      "file_path": "/media/NFS/ttao/scannet/posed_images/scene0573_01/00061.jpg",
      "transform_matrix": [
        [
          0.354903,
          0.363897,
          -0.861175,
          5.327362
        ],
        [
          0.933467,
          -0.18897,
          0.304844,
          1.66001
        ],
        [
          -0.051804,
          -0.912069,
          -0.406752,
          1.386766
        ],
        [
          0.0,
          0.0,
          0.0,
          1.0
        ]
      ]
    },
    {
      "file_path": "/media/NFS/ttao/scannet/posed_images/scene0573_01/00063.jpg",
      "transform_matrix": [
        [
          0.374326,
          0.377193,
          -0.847116,
          5.279218
        ],
        [
          0.926038,
          -0.199639,
          0.320308,
          1.668445
        ],
        [
          -0.048299,
          -0.904362,
          -0.424025,
          1.384114
        ],
        [
          0.0,
          0.0,
          0.0,
          1.0
        ]
      ]
    },
    {
      "file_path": "/media/NFS/ttao/scannet/posed_images/scene0573_01/00067.jpg",
      "transform_matrix": [
        [
          0.421732,
          0.370479,
          -0.827579,
          5.177402
        ],
        [
          0.904243,
          -0.239269,
          0.353687,
          1.68565
        ],
        [
          -0.06698,
          -0.897494,
          -0.435911,
          1.394424
        ],
        [
          0.0,
          0.0,
          0.0,
          1.0
        ]
      ]
    },
    {
      "file_path": "/media/NFS/ttao/scannet/posed_images/scene0573_01/00068.jpg",
      "transform_matrix": [
        [
          0.429859,
          0.370592,
          -0.823336,
          5.156391
        ],
        [
          0.900196,
          -0.246377,
          0.35909,
          1.688005
        ],
        [
          -0.069775,
          -0.895522,
          -0.439512,
          1.392056
        ],
        [
          0.0,
          0.0,
          0.0,
          1.0
        ]
      ]
    },
    {
      "file_path": "/media/NFS/ttao/scannet/posed_images/scene0573_01/00071.jpg",
      "transform_matrix": [
        [
          0.466614,
          0.384174,
          -0.796669,
          5.0855
        ],
        [
          0.882306,
          -0.265024,
          0.388971,
          1.689328
        ],
        [
          -0.061704,
          -0.884405,
          -0.462623,
          1.387821
        ],
        [
          0.0,
          0.0,
          0.0,
          1.0
        ]
      ]
    },
    {
      "file_path": "/media/NFS/ttao/scannet/posed_images/scene0573_01/00075.jpg",
      "transform_matrix": [
        [
          0.507593,
          0.362574,
          -0.781594,
          4.967002
        ],
        [
          0.859466,
          -0.276834,
          0.429746,
          1.675264
        ],
        [
          -0.060557,
          -0.889889,
          -0.452139,
          1.393606
        ],
        [
          0.0,
          0.0,
          0.0,
          1.0
        ]
      ]
    },
    {
      "file_path": "/media/NFS/ttao/scannet/posed_images/scene0573_01/00076.jpg",
      "transform_matrix": [
        [
          0.512155,
          0.357709,
          -0.780859,
          4.945626
        ],
        [
          0.856565,
          -0.279616,
          0.433718,
          1.674624
        ],
        [
          -0.063196,
          -0.890988,
          -0.449608,
          1.392441
        ],
        [
          0.0,
          0.0,
          0.0,
          1.0
        ]
      ]
    },
    {
      "file_path": "/media/NFS/ttao/scannet/posed_images/scene0573_01/00079.jpg",
      "transform_matrix": [
        [
          0.550737,
          0.340099,
          -0.762248,
          4.87262
        ],
        [
          0.832081,
          -0.295701,
          0.469257,
          1.660748
        ],
        [
          -0.065803,
          -0.892689,
          -0.445843,
          1.390041
        ],
        [
          0.0,
          0.0,
          0.0,
          1.0
        ]
      ]
    },
    {
      "file_path": "/media/NFS/ttao/scannet/posed_images/scene0573_01/00082.jpg",
      "transform_matrix": [
        [
          0.59675,
          0.322502,
          -0.734767,
          4.805544
        ],
        [
          0.798965,
          -0.323777,
          0.506778,
          1.65023
        ],
        [
          -0.074463,
          -0.889473,
          -0.450881,
          1.393848
        ],
        [
          0.0,
          0.0,
          0.0,
          1.0
        ]
      ]
    },
    {
      "file_path": "/media/NFS/ttao/scannet/posed_images/scene0573_01/00086.jpg",
      "transform_matrix": [
        [
          0.654973,
          0.306762,
          -0.690585,
          4.712955
        ],
        [
          0.75272,
          -0.345294,
          0.560522,
          1.633308
        ],
        [
          -0.066508,
          -0.886944,
          -0.457064,
          1.404578
        ],
        [
          0.0,
          0.0,
          0.0,
          1.0
        ]
      ]
    },
    {
      "file_path": "/media/NFS/ttao/scannet/posed_images/scene0573_01/00088.jpg",
      "transform_matrix": [
        [
          0.677908,
          0.295329,
          -0.673218,
          4.65582
        ],
        [
          0.730404,
          -0.374437,
          0.571233,
          1.620826
        ],
        [
          -0.083376,
          -0.878964,
          -0.469543,
          1.403775
        ],
        [
          0.0,
          0.0,
          0.0,
          1.0
        ]
      ]
    },
    {
      "file_path": "/media/NFS/ttao/scannet/posed_images/scene0573_01/00090.jpg",
      "transform_matrix": [
        [
          0.698859,
          0.303391,
          -0.647726,
          4.614192
        ],
        [
          0.712589,
          -0.373502,
          0.593896,
          1.617405
        ],
        [
          -0.061744,
          -0.876613,
          -0.477219,
          1.403608
        ],
        [
          0.0,
          0.0,
          0.0,
          1.0
        ]
      ]
    },
    {
      "file_path": "/media/NFS/ttao/scannet/posed_images/scene0573_01/00093.jpg",
      "transform_matrix": [
        [
          0.722929,
          0.293949,
          -0.625273,
          4.555999
        ],
        [
          0.68881,
          -0.377329,
          0.619002,
          1.613984
        ],
        [
          -0.053979,
          -0.87819,
          -0.475257,
          1.406294
        ],
        [
          0.0,
          0.0,
          0.0,
          1.0
        ]
      ]
    },
    {
      "file_path": "/media/NFS/ttao/scannet/posed_images/scene0573_01/00095.jpg",
      "transform_matrix": [
        [
          0.74125,
          0.274258,
          -0.612643,
          4.519063
        ],
        [
          0.667714,
          -0.394575,
          0.631244,
          1.616615
        ],
        [
          -0.068609,
          -0.87698,
          -0.475605,
          1.403457
        ],
        [
          0.0,
          0.0,
          0.0,
          1.0
        ]
      ]
    },
    {
      "file_path": "/media/NFS/ttao/scannet/posed_images/scene0573_01/00097.jpg",
      "transform_matrix": [
        [
          0.762639,
          0.254855,
          -0.5945,
          4.47212
        ],
        [
          0.641968,
          -0.410645,
          0.647493,
          1.623202
        ],
        [
          -0.079111,
          -0.875454,
          -0.476783,
          1.401752
        ],
        [
          0.0,
          0.0,
          0.0,
          1.0
        ]
      ]
    },
    {
      "file_path": "/media/NFS/ttao/scannet/posed_images/scene0573_01/00100.jpg",
      "transform_matrix": [
        [
          0.794591,
          0.226754,
          -0.563212,
          4.402369
        ],
        [
          0.6003,
          -0.432312,
          0.672864,
          1.638117
        ],
        [
          -0.090909,
          -0.872748,
          -0.479632,
          1.399379
        ],
        [
          0.0,
          0.0,
          0.0,
          1.0
        ]
      ]
    },
    {
      "file_path": "/media/NFS/ttao/scannet/posed_images/scene0573_01/00104.jpg",
      "transform_matrix": [
        [
          0.841882,
          0.162826,
          -0.514513,
          4.307868
        ],
        [
          0.528317,
          -0.443133,
          0.724234,
          1.664953
        ],
        [
          -0.110074,
          -0.881545,
          -0.459089,
          1.40045
        ],
        [
          0.0,
          0.0,
          0.0,
          1.0
        ]
      ]
    },
    {
      "file_path": "/media/NFS/ttao/scannet/posed_images/scene0573_01/00105.jpg",
      "transform_matrix": [
        [
          0.854192,
          0.153981,
          -0.496635,
          4.283521
        ],
        [
          0.507876,
          -0.451787,
          0.733451,
          1.672078
        ],
        [
          -0.111436,
          -0.878737,
          -0.464116,
          1.399411
        ],
        [
          0.0,
          0.0,
          0.0,
          1.0
        ]
      ]
    },
    {
      "file_path": "/media/NFS/ttao/scannet/posed_images/scene0573_01/00109.jpg",
      "transform_matrix": [
        [
          0.895248,
          0.078852,
          -0.438535,
          4.175092
        ],
        [
          0.42169,
          -0.46781,
          0.776744,
          1.706393
        ],
        [
          -0.143903,
          -0.880305,
          -0.452058,
          1.414063
        ],
        [
          0.0,
          0.0,
          0.0,
          1.0
        ]
      ]
    },
    {
      "file_path": "/media/NFS/ttao/scannet/posed_images/scene0573_01/00112.jpg",
      "transform_matrix": [
        [
          0.921267,
          0.056828,
          -0.384758,
          4.120934
        ],
        [
          0.362988,
          -0.480888,
          0.798114,
          1.726835
        ],
        [
          -0.13967,
          -0.874939,
          -0.463654,
          1.41706
        ],
        [
          0.0,
          0.0,
          0.0,
          1.0
        ]
      ]
    },
    {
      "file_path": "/media/NFS/ttao/scannet/posed_images/scene0573_01/00115.jpg",
      "transform_matrix": [
        [
          0.945436,
          0.034056,
          -0.324022,
          4.063057
        ],
        [
          0.298897,
          -0.486437,
          0.820999,
          1.74404
        ],
        [
          -0.129656,
          -0.873052,
          -0.470074,
          1.414251
        ],
        [
          0.0,
          0.0,
          0.0,
          1.0
        ]
      ]
    },
    {
      "file_path": "/media/NFS/ttao/scannet/posed_images/scene0573_01/00118.jpg",
      "transform_matrix": [
        [
          0.9651,
          -0.00233,
          -0.26187,
          4.012675
        ],
        [
          0.228758,
          -0.479263,
          0.847335,
          1.755919
        ],
        [
          -0.127478,
          -0.877668,
          -0.462004,
          1.407291
        ],
        [
          0.0,
          0.0,
          0.0,
          1.0
        ]
      ]
    },
    {
      "file_path": "/media/NFS/ttao/scannet/posed_images/scene0573_01/00119.jpg",
      "transform_matrix": [
        [
          0.971064,
          -0.014385,
          -0.238384,
          3.996982
        ],
        [
          0.202615,
          -0.478756,
          0.854248,
          1.759281
        ],
        [
          -0.126416,
          -0.87783,
          -0.461988,
          1.404587
        ],
        [
          0.0,
          0.0,
          0.0,
          1.0
        ]
      ]
    },
    {
      "file_path": "/media/NFS/ttao/scannet/posed_images/scene0573_01/00122.jpg",
      "transform_matrix": [
        [
          0.984874,
          -0.046643,
          -0.166878,
          3.961391
        ],
        [
          0.125816,
          -0.469693,
          0.873818,
          1.773045
        ],
        [
          -0.119139,
          -0.881597,
          -0.45672,
          1.410209
        ],
        [
          0.0,
          0.0,
          0.0,
          1.0
        ]
      ]
    },
    {
      "file_path": "/media/NFS/ttao/scannet/posed_images/scene0573_01/00125.jpg",
      "transform_matrix": [
        [
          0.992117,
          -0.078862,
          -0.097391,
          3.927609
        ],
        [
          0.049489,
          -0.467431,
          0.882643,
          1.778506
        ],
        [
          -0.11513,
          -0.880505,
          -0.459843,
          1.410439
        ],
        [
          0.0,
          0.0,
          0.0,
          1.0
        ]
      ]
    },
    {
      "file_path": "/media/NFS/ttao/scannet/posed_images/scene0573_01/00127.jpg",
      "transform_matrix": [
        [
          0.992543,
          -0.10762,
          -0.057234,
          3.911674
        ],
        [
          0.000559,
          -0.465519,
          0.885038,
          1.784538
        ],
        [
          -0.121892,
          -0.87847,
          -0.461987,
          1.413105
        ],
        [
          0.0,
          0.0,
          0.0,
          1.0
        ]
      ]
    },
    {
      "file_path": "/media/NFS/ttao/scannet/posed_images/scene0573_01/00131.jpg",
      "transform_matrix": [
        [
          0.986741,
          -0.15997,
          0.027415,
          3.892133
        ],
        [
          -0.099048,
          -0.459713,
          0.882527,
          1.806902
        ],
        [
          -0.128575,
          -0.873541,
          -0.469462,
          1.415467
        ],
        [
          0.0,
          0.0,
          0.0,
          1.0
        ]
      ]
    },
    {
      "file_path": "/media/NFS/ttao/scannet/posed_images/scene0573_01/00132.jpg",
      "transform_matrix": [
        [
          0.98418,
          -0.168993,
          0.05321,
          3.889437
        ],
        [
          -0.126958,
          -0.463203,
          0.877111,
          1.818453
        ],
        [
          -0.123579,
          -0.869991,
          -0.47733,
          1.42066
        ],
        [
          0.0,
          0.0,
          0.0,
          1.0
        ]
      ]
    },
    {
      "file_path": "/media/NFS/ttao/scannet/posed_images/scene0573_01/00135.jpg",
      "transform_matrix": [
        [
          0.97328,
          -0.197656,
          0.116865,
          3.870985
        ],
        [
          -0.195251,
          -0.444558,
          0.874211,
          1.841609
        ],
        [
          -0.120839,
          -0.873671,
          -0.471273,
          1.413697
        ],
        [
          0.0,
          0.0,
          0.0,
          1.0
        ]
      ]
    },
    {
      "file_path": "/media/NFS/ttao/scannet/posed_images/scene0573_01/00138.jpg",
      "transform_matrix": [
        [
          0.954703,
          -0.229639,
          0.189229,
          3.845156
        ],
        [
          -0.273378,
          -0.425786,
          0.862537,
          1.888203
        ],
        [
          -0.117501,
          -0.875198,
          -0.469278,
          1.401427
        ],
        [
          0.0,
          0.0,
          0.0,
          1.0
        ]
      ]
    },
    {
      "file_path": "/media/NFS/ttao/scannet/posed_images/scene0573_01/00140.jpg",
      "transform_matrix": [
        [
          0.9444,
          -0.243783,
          0.220632,
          3.820801
        ],
        [
          -0.306651,
          -0.410933,
          0.858545,
          1.911707
        ],
        [
          -0.118634,
          -0.878467,
          -0.462841,
          1.388197
        ],
        [
          0.0,
          0.0,
          0.0,
          1.0
        ]
      ]
    },
    {
      "file_path": "/media/NFS/ttao/scannet/posed_images/scene0573_01/00142.jpg",
      "transform_matrix": [
        [
          0.932953,
          -0.273144,
          0.2345,
          3.804044
        ],
        [
          -0.333057,
          -0.407649,
          0.850233,
          1.938798
        ],
        [
          -0.136643,
          -0.871329,
          -0.47129,
          1.383966
        ],
        [
          0.0,
          0.0,
          0.0,
          1.0
        ]
      ]
    },
    {
      "file_path": "/media/NFS/ttao/scannet/posed_images/scene0573_01/00145.jpg",
      "transform_matrix": [
        [
          0.906543,
          -0.311792,
          0.284543,
          3.783543
        ],
        [
          -0.400757,
          -0.424045,
          0.812145,
          1.989844
        ],
        [
          -0.132561,
          -0.850278,
          -0.509368,
          1.381286
        ],
        [
          0.0,
          0.0,
          0.0,
          1.0
        ]
      ]
    },
    {
      "file_path": "/media/NFS/ttao/scannet/posed_images/scene0573_01/00149.jpg",
      "transform_matrix": [
        [
          0.881808,
          -0.340192,
          0.326625,
          3.75861
        ],
        [
          -0.449837,
          -0.39872,
          0.799168,
          2.040085
        ],
        [
          -0.141639,
          -0.851641,
          -0.504625,
          1.381347
        ],
        [
          0.0,
          0.0,
          0.0,
          1.0
        ]
      ]
    },
    {
      "file_path": "/media/NFS/ttao/scannet/posed_images/scene0573_01/00152.jpg",
      "transform_matrix": [
        [
          0.860445,
          -0.360126,
          0.360476,
          3.755872
        ],
        [
          -0.493294,
          -0.411505,
          0.766371,
          2.067417
        ],
        [
          -0.127653,
          -0.837241,
          -0.531725,
          1.383267
        ],
        [
          0.0,
          0.0,
          0.0,
          1.0
        ]
      ]
    },
    {
      "file_path": "/media/NFS/ttao/scannet/posed_images/scene0573_01/00155.jpg",
      "transform_matrix": [
        [
          0.840175,
          -0.352641,
          0.412007,
          3.739334
        ],
        [
          -0.533799,
          -0.403642,
          0.743056,
          2.080644
        ],
        [
          -0.095728,
          -0.844226,
          -0.527369,
          1.378677
        ],
        [
          0.0,
          0.0,
          0.0,
          1.0
        ]
      ]
    },
    {
      "file_path": "/media/NFS/ttao/scannet/posed_images/scene0573_01/00157.jpg",
      "transform_matrix": [
        [
          0.829616,
          -0.346069,
          0.438148,
          3.733585
        ],
        [
          -0.552148,
          -0.392013,
          0.735839,
          2.079146
        ],
        [
          -0.082891,
          -0.852386,
          -0.516301,
          1.377892
        ],
        [
          0.0,
          0.0,
          0.0,
          1.0
        ]
      ]
    },
    {
      "file_path": "/media/NFS/ttao/scannet/posed_images/scene0573_01/00158.jpg",
      "transform_matrix": [
        [
          0.820221,
          -0.350029,
          0.452457,
          3.730311
        ],
        [
          -0.566866,
          -0.391127,
          0.725039,
          2.080212
        ],
        [
          -0.076816,
          -0.851175,
          -0.51923,
          1.381446
        ],
        [
          0.0,
          0.0,
          0.0,
          1.0
        ]
      ]
    },
    {
      "file_path": "/media/NFS/ttao/scannet/posed_images/scene0573_01/00162.jpg",
      "transform_matrix": [
        [
          0.789576,
          -0.374994,
          0.485747,
          3.71279
        ],
        [
          -0.608469,
          -0.37575,
          0.698983,
          2.065447
        ],
        [
          -0.079595,
          -0.847462,
          -0.524855,
          1.387471
        ],
        [
          0.0,
          0.0,
          0.0,
          1.0
        ]
      ]
    },
    {
      "file_path": "/media/NFS/ttao/scannet/posed_images/scene0573_01/00164.jpg",
      "transform_matrix": [
        [
          0.763864,
          -0.386057,
          0.517177,
          3.699997
        ],
        [
          -0.64088,
          -0.359313,
          0.678356,
          2.051792
        ],
        [
          -0.076056,
          -0.84962,
          -0.521883,
          1.393899
        ],
        [
          0.0,
          0.0,
          0.0,
          1.0
        ]
      ]
    },
    {
      "file_path": "/media/NFS/ttao/scannet/posed_images/scene0573_01/00168.jpg",
      "transform_matrix": [
        [
          0.731181,
          -0.378707,
          0.567412,
          3.679522
        ],
        [
          -0.679145,
          -0.325677,
          0.657797,
          2.034225
        ],
        [
          -0.064319,
          -0.866323,
          -0.495326,
          1.397024
        ],
        [
          0.0,
          0.0,
          0.0,
          1.0
        ]
      ]
    },
    {
      "file_path": "/media/NFS/ttao/scannet/posed_images/scene0573_01/00171.jpg",
      "transform_matrix": [
        [
          0.711803,
          -0.383816,
          0.588236,
          3.67059
        ],
        [
          -0.699606,
          -0.313087,
          0.642283,
          2.018816
        ],
        [
          -0.06235,
          -0.868713,
          -0.491376,
          1.395635
        ],
        [
          0.0,
          0.0,
          0.0,
          1.0
        ]
      ]
    },
    {
      "file_path": "/media/NFS/ttao/scannet/posed_images/scene0573_01/00173.jpg",
      "transform_matrix": [
        [
          0.670518,
          -0.376772,
          0.639099,
          3.657302
        ],
        [
          -0.740025,
          -0.278583,
          0.612172,
          1.996509
        ],
        [
          -0.052607,
          -0.883422,
          -0.465616,
          1.393249
        ],
        [
          0.0,
          0.0,
          0.0,
          1.0
        ]
      ]
    },
    {
      "file_path": "/media/NFS/ttao/scannet/posed_images/scene0573_01/00174.jpg",
      "transform_matrix": [
        [
          0.661046,
          -0.378304,
          0.647999,
          3.652844
        ],
        [
          -0.748563,
          -0.273003,
          0.604254,
          1.991205
        ],
        [
          -0.051686,
          -0.884508,
          -0.463652,
          1.391917
        ],
        [
          0.0,
          0.0,
          0.0,
          1.0
        ]
      ]
    },
    {
      "file_path": "/media/NFS/ttao/scannet/posed_images/scene0573_01/00177.jpg",
      "transform_matrix": [
        [
          0.618542,
          -0.388426,
          0.683031,
          3.644915
        ],
        [
          -0.784549,
          -0.257216,
          0.564201,
          1.978111
        ],
        [
          -0.043464,
          -0.884853,
          -0.463838,
          1.394256
        ],
        [
          0.0,
          0.0,
          0.0,
          1.0
        ]
      ]
    },
    {
      "file_path": "/media/NFS/ttao/scannet/posed_images/scene0573_01/00179.jpg",
      "transform_matrix": [
        [
          0.595412,
          -0.391222,
          0.701733,
          3.640777
        ],
        [
          -0.802258,
          -0.242571,
          0.545472,
          1.972667
        ],
        [
          -0.043181,
          -0.887753,
          -0.458291,
          1.397212
        ],
        [
          0.0,
          0.0,
          0.0,
          1.0
        ]
      ]
    },
    {
      "file_path": "/media/NFS/ttao/scannet/posed_images/scene0573_01/00182.jpg",
      "transform_matrix": [
        [
          0.572368,
          -0.397132,
          0.717413,
          3.637131
        ],
        [
          -0.818181,
          -0.218402,
          0.531865,
          1.957343
        ],
        [
          -0.054536,
          -0.891396,
          -0.449932,
          1.398143
        ],
        [
          0.0,
          0.0,
          0.0,
          1.0
        ]
      ]
    },
    {
      "file_path": "/media/NFS/ttao/scannet/posed_images/scene0573_01/00185.jpg",
      "transform_matrix": [
        [
          0.552714,
          -0.396931,
          0.732771,
          3.633688
        ],
        [
          -0.831374,
          -0.201786,
          0.517783,
          1.948231
        ],
        [
          -0.057661,
          -0.895393,
          -0.441528,
          1.408037
        ],
        [
          0.0,
          0.0,
          0.0,
          1.0
        ]
      ]
    },
    {
      "file_path": "/media/NFS/ttao/scannet/posed_images/scene0573_01/00187.jpg",
      "transform_matrix": [
        [
          0.538884,
          -0.389521,
          0.746912,
          3.632991
        ],
        [
          -0.840539,
          -0.190047,
          0.507323,
          1.942991
        ],
        [
          -0.055665,
          -0.901197,
          -0.429821,
          1.414857
        ],
        [
          0.0,
          0.0,
          0.0,
          1.0
        ]
      ]
    },
    {
      "file_path": "/media/NFS/ttao/scannet/posed_images/scene0573_01/00191.jpg",
      "transform_matrix": [
        [
          0.510035,
          -0.382231,
          0.770561,
          3.633794
        ],
        [
          -0.857812,
          -0.159967,
          0.488436,
          1.928207
        ],
        [
          -0.063431,
          -0.910115,
          -0.409471,
          1.41881
        ],
        [
          0.0,
          0.0,
          0.0,
          1.0
        ]
      ]
    },
    {
      "file_path": "/media/NFS/ttao/scannet/posed_images/scene0573_01/00193.jpg",
      "transform_matrix": [
        [
          0.499308,
          -0.38697,
          0.775207,
          3.636919
        ],
        [
          -0.863815,
          -0.152943,
          0.480034,
          1.925089
        ],
        [
          -0.067196,
          -0.90932,
          -0.410636,
          1.422
        ],
        [
          0.0,
          0.0,
          0.0,
          1.0
        ]
      ]
    },
    {
      "file_path": "/media/NFS/ttao/scannet/posed_images/scene0573_01/00197.jpg",
      "transform_matrix": [
        [
          0.468463,
          -0.386839,
          0.79429,
          3.646421
        ],
        [
          -0.880973,
          -0.136823,
          0.452952,
          1.921734
        ],
        [
          -0.066542,
          -0.91194,
          -0.404892,
          1.426848
        ],
        [
          0.0,
          0.0,
          0.0,
          1.0
        ]
      ]
    },
    {
      "file_path": "/media/NFS/ttao/scannet/posed_images/scene0573_01/00200.jpg",
      "transform_matrix": [
        [
          0.445735,
          -0.389091,
          0.806181,
          3.663217
        ],
        [
          -0.892156,
          -0.119315,
          0.435685,
          1.916734
        ],
        [
          -0.073331,
          -0.91344,
          -0.400313,
          1.431417
        ],
        [
          0.0,
          0.0,
          0.0,
          1.0
        ]
      ]
    },
    {
      "file_path": "/media/NFS/ttao/scannet/posed_images/scene0573_01/00201.jpg",
      "transform_matrix": [
        [
          0.438087,
          -0.391908,
          0.809004,
          3.667391
        ],
        [
          -0.895735,
          -0.114476,
          0.429598,
          1.914733
        ],
        [
          -0.075751,
          -0.912855,
          -0.401196,
          1.433527
        ],
        [
          0.0,
          0.0,
          0.0,
          1.0
        ]
      ]
    },
    {
      "file_path": "/media/NFS/ttao/scannet/posed_images/scene0573_01/00203.jpg",
      "transform_matrix": [
        [
          0.422857,
          -0.392053,
          0.816998,
          3.680468
        ],
        [
          -0.903076,
          -0.107566,
          0.415791,
          1.914203
        ],
        [
          -0.075131,
          -0.913633,
          -0.399539,
