{
  "frames": [
    {
      "file_path": "/media/NFS/ttao/scannet/posed_images/scene0474_05/00000.jpg",
      "transform_matrix": [
        [
          -0.994869,
          0.101091,
          0.00404,
          4.240313
        ],
        [
          0.045393,
          0.481705,
          -0.875157,
          1.828552
        ],
        [
          -0.090417,
          -0.870483,
          -0.483822,
          1.483799
        ],
        [
          0.0,
          0.0,
          0.0,
          1.0
        ]
      ]
    },
    {
      "file_path": "/media/NFS/ttao/scannet/posed_images/scene0474_05/00012.jpg",
      "transform_matrix": [
        [
          -0.997442,
          0.071485,
          0.000222,
          4.255292
        ],
        [
          0.035777,
          0.501888,
          -0.864192,
          1.834253
        ],
        [
          -0.061889,
          -0.861974,
          -0.503162,
          1.467618
        ],
        [
          0.0,
          0.0,
          0.0,
          1.0
        ]
      ]
    },
    {
      "file_path": "/media/NFS/ttao/scannet/posed_images/scene0474_05/00018.jpg",
      "transform_matrix": [
        [
          -0.997529,
          0.069625,
          -0.009401,
          4.25284
        ],
        [
          0.043151,
          0.501573,
          -0.864039,
          1.824809
        ],
        [
          -0.055443,
          -0.862309,
          -0.503338,
          1.480109
        ],
        [
          0.0,
          0.0,
          0.0,
          1.0
        ]
      ]
    },
    {
      "file_path": "/media/NFS/ttao/scannet/posed_images/scene0474_05/00031.jpg",
      "transform_matrix": [
        [
          -0.99812,
          0.038619,
          -0.047598,
          4.245043
        ],
        [
          0.056947,
          0.297022,
          -0.953171,
          1.808116
        ],
        [
          -0.022673,
          -0.954089,
          -0.298663,
          1.57127
        ],
        [
          0.0,
          0.0,
          0.0,
          1.0
        ]
      ]
    },
    {
      "file_path": "/media/NFS/ttao/scannet/posed_images/scene0474_05/00043.jpg",
      "transform_matrix": [
        [
          -0.999032,
          0.031242,
          -0.030957,
          4.229958
        ],
        [
          0.034496,
          0.119977,
          -0.992177,
          1.822583
        ],
        [
          -0.027283,
          -0.992285,
          -0.120939,
          1.658158
        ],
        [
          0.0,
          0.0,
          0.0,
          1.0
        ]
      ]
    },
    {
      "file_path": "/media/NFS/ttao/scannet/posed_images/scene0474_05/00055.jpg",
      "transform_matrix": [
        [
          -0.997742,
          0.022459,
          -0.063299,
          4.221081
        ],
        [
          0.063717,
          0.018376,
          -0.997799,
          1.836991
        ],
        [
          -0.021246,
          -0.999579,
          -0.019765,
          1.711023
        ],
        [
          0.0,
          0.0,
          0.0,
          1.0
        ]
      ]
    },
    {
      "file_path": "/media/NFS/ttao/scannet/posed_images/scene0474_05/00062.jpg",
      "transform_matrix": [
        [
          -0.997627,
          0.007831,
          -0.068399,
          4.222175
        ],
        [
          0.068199,
          -0.023528,
          -0.997394,
          1.844935
        ],
        [
          -0.00942,
          -0.999693,
          0.022938,
          1.730391
        ],
        [
          0.0,
          0.0,
          0.0,
          1.0
        ]
      ]
    },
    {
      "file_path": "/media/NFS/ttao/scannet/posed_images/scene0474_05/00071.jpg",
      "transform_matrix": [
        [
          -0.993244,
          -0.022832,
          -0.113779,
          4.225029
        ],
        [
          0.115222,
          -0.077257,
          -0.990331,
          1.859953
        ],
        [
          0.013821,
          -0.99675,
          0.079365,
          1.752349
        ],
        [
          0.0,
          0.0,
          0.0,
          1.0
        ]
      ]
    },
    {
      "file_path": "/media/NFS/ttao/scannet/posed_images/scene0474_05/00083.jpg",
      "transform_matrix": [
        [
          -0.989055,
          -0.006677,
          -0.147399,
          4.211139
        ],
        [
          0.147289,
          -0.10398,
          -0.983613,
          1.876677
        ],
        [
          -0.008759,
          -0.994557,
          0.103825,
          1.772354
        ],
        [
          0.0,
          0.0,
          0.0,
          1.0
        ]
      ]
    },
    {
      "file_path": "/media/NFS/ttao/scannet/posed_images/scene0474_05/00099.jpg",
      "transform_matrix": [
        [
          -0.966227,
          0.060661,
          -0.250452,
          4.192535
        ],
        [
          0.254415,
          0.070021,
          -0.964557,
          1.841738
        ],
        [
          -0.040974,
          -0.995699,
          -0.083089,
          1.687675
        ],
        [
          0.0,
          0.0,
          0.0,
          1.0
        ]
      ]
    },
    {
      "file_path": "/media/NFS/ttao/scannet/posed_images/scene0474_05/00102.jpg",
      "transform_matrix": [
        [
          -0.966612,
          0.071078,
          -0.24619,
          4.189853
        ],
        [
          0.252332,
          0.09677,
          -0.96279,
          1.837397
        ],
        [
          -0.04461,
          -0.992766,
          -0.111474,
          1.667943
        ],
        [
          0.0,
          0.0,
          0.0,
          1.0
        ]
      ]
    },
    {
      "file_path": "/media/NFS/ttao/scannet/posed_images/scene0474_05/00117.jpg",
      "transform_matrix": [
        [
          -0.954413,
          0.110267,
          -0.277377,
          4.193296
        ],
        [
          0.293611,
          0.179471,
          -0.938927,
          1.827647
        ],
        [
          -0.053751,
          -0.977564,
          -0.203665,
          1.605641
        ],
        [
          0.0,
          0.0,
          0.0,
          1.0
        ]
      ]
    },
    {
      "file_path": "/media/NFS/ttao/scannet/posed_images/scene0474_05/00120.jpg",
      "transform_matrix": [
        [
          -0.950933,
          0.11534,
          -0.287095,
          4.194837
        ],
        [
          0.304526,
          0.184901,
          -0.934385,
          1.828723
        ],
        [
          -0.054688,
          -0.975965,
          -0.210952,
          1.59812
        ],
        [
          0.0,
          0.0,
          0.0,
          1.0
        ]
      ]
    },
    {
      "file_path": "/media/NFS/ttao/scannet/posed_images/scene0474_05/00139.jpg",
      "transform_matrix": [
        [
          -0.914548,
          0.184388,
          -0.360004,
          4.216098
        ],
        [
          0.400419,
          0.286971,
          -0.870237,
          1.846426
        ],
        [
          -0.057151,
          -0.940026,
          -0.336281,
          1.535543
        ],
        [
          0.0,
          0.0,
          0.0,
          1.0
        ]
      ]
    },
    {
      "file_path": "/media/NFS/ttao/scannet/posed_images/scene0474_05/00148.jpg",
      "transform_matrix": [
        [
          -0.907625,
          0.21062,
          -0.36312,
          4.225751
        ],
        [
          0.415179,
          0.322649,
          -0.850602,
          1.864651
        ],
        [
          -0.061994,
          -0.922787,
          -0.380289,
          1.513184
        ],
        [
          0.0,
          0.0,
          0.0,
          1.0
        ]
      ]
    },
    {
      "file_path": "/media/NFS/ttao/scannet/posed_images/scene0474_05/00160.jpg",
      "transform_matrix": [
        [
          -0.908966,
          0.227382,
          -0.349398,
          4.226628
        ],
        [
          0.410324,
          0.340042,
          -0.846171,
          1.908175
        ],
        [
          -0.073594,
          -0.912507,
          -0.402387,
          1.501907
        ],
        [
          0.0,
          0.0,
          0.0,
          1.0
        ]
      ]
    },
    {
      "file_path": "/media/NFS/ttao/scannet/posed_images/scene0474_05/00163.jpg",
      "transform_matrix": [
        [
          -0.902514,
          0.229496,
          -0.364417,
          4.224018
        ],
        [
          0.424654,
          0.333418,
          -0.841726,
          1.915933
        ],
        [
          -0.07167,
          -0.91442,
          -0.398371,
          1.499079
        ],
        [
          0.0,
          0.0,
          0.0,
          1.0
        ]
      ]
    },
    {
      "file_path": "/media/NFS/ttao/scannet/posed_images/scene0474_05/00176.jpg",
      "transform_matrix": [
        [
          -0.860943,
          0.180486,
          -0.475608,
          4.188256
        ],
        [
          0.506792,
          0.223363,
          -0.832629,
          1.963752
        ],
        [
          -0.044044,
          -0.95788,
          -0.283772,
          1.539085
        ],
        [
          0.0,
          0.0,
          0.0,
          1.0
        ]
      ]
    },
    {
      "file_path": "/media/NFS/ttao/scannet/posed_images/scene0474_05/00188.jpg",
      "transform_matrix": [
        [
          -0.889754,
          0.095084,
          -0.446427,
          4.182806
        ],
        [
          0.455299,
          0.115738,
          -0.882784,
          2.00189
        ],
        [
          -0.032269,
          -0.988718,
          -0.14627,
          1.604075
        ],
        [
          0.0,
          0.0,
          0.0,
          1.0
        ]
      ]
    },
    {
      "file_path": "/media/NFS/ttao/scannet/posed_images/scene0474_05/00194.jpg",
      "transform_matrix": [
        [
          -0.895586,
          0.069304,
          -0.439458,
          4.179
        ],
        [
          0.443847,
          0.071629,
          -0.893235,
          2.005749
        ],
        [
          -0.030427,
          -0.995021,
          -0.09491,
          1.64125
        ],
        [
          0.0,
          0.0,
          0.0,
          1.0
        ]
      ]
    },
    {
      "file_path": "/media/NFS/ttao/scannet/posed_images/scene0474_05/00203.jpg",
      "transform_matrix": [
        [
          -0.883482,
          0.032617,
          -0.467328,
          4.175334
        ],
        [
          0.46817,
          0.026074,
          -0.883254,
          1.999708
        ],
        [
          -0.016624,
          -0.999128,
          -0.038307,
          1.687298
        ],
        [
          0.0,
          0.0,
          0.0,
          1.0
        ]
      ]
    },
    {
      "file_path": "/media/NFS/ttao/scannet/posed_images/scene0474_05/00216.jpg",
      "transform_matrix": [
        [
          -0.847341,
          0.020929,
          -0.530636,
          4.161499
        ],
        [
          0.53022,
          -0.022468,
          -0.847562,
          2.000012
        ],
        [
          -0.029662,
          -0.999529,
          0.007941,
          1.723613
        ],
        [
          0.0,
          0.0,
          0.0,
          1.0
        ]
      ]
    },
    {
      "file_path": "/media/NFS/ttao/scannet/posed_images/scene0474_05/00225.jpg",
      "transform_matrix": [
        [
          -0.813256,
          0.026189,
          -0.581316,
          4.130044
        ],
        [
          0.581266,
          -0.010246,
          -0.813649,
          2.004275
        ],
        [
          -0.027264,
          -0.999605,
          -0.00689,
          1.721091
        ],
        [
          0.0,
          0.0,
          0.0,
          1.0
        ]
      ]
    },
    {
      "file_path": "/media/NFS/ttao/scannet/posed_images/scene0474_05/00240.jpg",
      "transform_matrix": [
        [
          -0.742726,
          0.044337,
          -0.668126,
          4.056926
        ],
        [
          0.669121,
          0.011576,
          -0.743063,
          2.011811
        ],
        [
          -0.025211,
          -0.99895,
          -0.038264,
          1.661196
        ],
        [
          0.0,
          0.0,
          0.0,
          1.0
        ]
      ]
    },
    {
      "file_path": "/media/NFS/ttao/scannet/posed_images/scene0474_05/00253.jpg",
      "transform_matrix": [
        [
          -Infinity,
          -Infinity,
          -Infinity,
          -Infinity
        ],
        [
          -Infinity,
          -Infinity,
          -Infinity,
          -Infinity
        ],
        [
          -Infinity,
          -Infinity,
          -Infinity,
          -Infinity
        ],
        [
          -Infinity,
          -Infinity,
          -Infinity,
          -Infinity
        ]
      ]
    },
    {
      "file_path": "/media/NFS/ttao/scannet/posed_images/scene0474_05/00256.jpg",
      "transform_matrix": [
        [
          -Infinity,
          -Infinity,
          -Infinity,
          -Infinity
        ],
        [
          -Infinity,
          -Infinity,
          -Infinity,
          -Infinity
        ],
        [
          -Infinity,
          -Infinity,
          -Infinity,
          -Infinity
        ],
        [
          -Infinity,
          -Infinity,
          -Infinity,
          -Infinity
        ]
      ]
    },
    {
      "file_path": "/media/NFS/ttao/scannet/posed_images/scene0474_05/00265.jpg",
      "transform_matrix": [
        [
          -Infinity,
          -Infinity,
          -Infinity,
          -Infinity
        ],
        [
          -Infinity,
          -Infinity,
          -Infinity,
          -Infinity
        ],
        [
          -Infinity,
          -Infinity,
          -Infinity,
          -Infinity
        ],
        [
          -Infinity,
          -Infinity,
          -Infinity,
          -Infinity
        ]
      ]
    },
    {
      "file_path": "/media/NFS/ttao/scannet/posed_images/scene0474_05/00274.jpg",
      "transform_matrix": [
        [
          -Infinity,
          -Infinity,
          -Infinity,
          -Infinity
        ],
        [
          -Infinity,
          -Infinity,
          -Infinity,
          -Infinity
        ],
        [
          -Infinity,
          -Infinity,
          -Infinity,
          -Infinity
        ],
        [
          -Infinity,
          -Infinity,
          -Infinity,
          -Infinity
        ]
      ]
    },
    {
      "file_path": "/media/NFS/ttao/scannet/posed_images/scene0474_05/00287.jpg",
      "transform_matrix": [
        [
          -Infinity,
          -Infinity,
          -Infinity,
          -Infinity
        ],
        [
          -Infinity,
          -Infinity,
          -Infinity,
          -Infinity
        ],
        [
          -Infinity,
          -Infinity,
          -Infinity,
          -Infinity
        ],
        [
          -Infinity,
          -Infinity,
          -Infinity,
          -Infinity
        ]
      ]
    },
    {
      "file_path": "/media/NFS/ttao/scannet/posed_images/scene0474_05/00302.jpg",
      "transform_matrix": [
        [
          -0.656592,
          0.211979,
          -0.723845,
          4.139126
        ],
        [
          0.752718,
          0.123116,
          -0.646729,
          2.034193
        ],
        [
          -0.047976,
          -0.969489,
          -0.240397,
          1.535771
        ],
        [
          0.0,
          0.0,
          0.0,
          1.0
        ]
      ]
    },
    {
      "file_path": "/media/NFS/ttao/scannet/posed_images/scene0474_05/00311.jpg",
      "transform_matrix": [
        [
          -0.672396,
          0.204828,
          -0.711287,
          4.189547
        ],
        [
          0.737987,
          0.111405,
          -0.665556,
          2.061738
        ],
        [
          -0.057083,
          -0.972437,
          -0.226069,
          1.532395
        ],
        [
          0.0,
          0.0,
          0.0,
          1.0
        ]
      ]
    },
    {
      "file_path": "/media/NFS/ttao/scannet/posed_images/scene0474_05/00318.jpg",
      "transform_matrix": [
        [
          -0.686215,
          0.210251,
          -0.69635,
          4.201606
        ],
        [
          0.726165,
          0.142265,
          -0.672641,
          2.101257
        ],
        [
          -0.042357,
          -0.967241,
          -0.250301,
          1.524725
        ],
        [
          0.0,
          0.0,
          0.0,
          1.0
        ]
      ]
    },
    {
      "file_path": "/media/NFS/ttao/scannet/posed_images/scene0474_05/00330.jpg",
      "transform_matrix": [
        [
          -0.690961,
          0.183417,
          -0.699236,
          4.200385
        ],
        [
          0.722657,
          0.150609,
          -0.674599,
          2.138606
        ],
        [
          -0.018421,
          -0.971429,
          -0.236613,
          1.563423
        ],
        [
          0.0,
          0.0,
          0.0,
          1.0
        ]
      ]
    },
    {
      "file_path": "/media/NFS/ttao/scannet/posed_images/scene0474_05/00336.jpg",
      "transform_matrix": [
        [
          -0.638609,
          0.19492,
          -0.744436,
          4.181477
        ],
        [
          0.769217,
          0.134013,
          -0.624777,
          2.142659
        ],
        [
          -0.022018,
          -0.971621,
          -0.235518,
          1.576612
        ],
        [
          0.0,
          0.0,
          0.0,
          1.0
        ]
      ]
    },
    {
      "file_path": "/media/NFS/ttao/scannet/posed_images/scene0474_05/00351.jpg",
      "transform_matrix": [
        [
          -0.562982,
          0.176592,
          -0.807383,
          3.994688
        ],
        [
          0.824459,
          0.051897,
          -0.563538,
          2.289315
        ],
        [
          -0.057616,
          -0.982915,
          -0.174809,
          1.551597
        ],
        [
          0.0,
          0.0,
          0.0,
          1.0
        ]
      ]
    },
    {
      "file_path": "/media/NFS/ttao/scannet/posed_images/scene0474_05/00361.jpg",
      "transform_matrix": [
        [
          -0.514198,
          0.177712,
          -0.839058,
          3.946221
        ],
        [
          0.855903,
          0.043532,
          -0.515301,
          2.296134
        ],
        [
          -0.05505,
          -0.983119,
          -0.174488,
          1.549157
        ],
        [
          0.0,
          0.0,
          0.0,
          1.0
        ]
      ]
    },
    {
      "file_path": "/media/NFS/ttao/scannet/posed_images/scene0474_05/00367.jpg",
      "transform_matrix": [
        [
          -0.509071,
          0.160768,
          -0.845577,
          3.932689
        ],
        [
          0.859627,
          0.04538,
          -0.508902,
          2.283273
        ],
        [
          -0.043443,
          -0.985949,
          -0.161302,
          1.552631
        ],
        [
          0.0,
          0.0,
          0.0,
          1.0
        ]
      ]
    },
    {
      "file_path": "/media/NFS/ttao/scannet/posed_images/scene0474_05/00379.jpg",
      "transform_matrix": [
        [
          -0.521887,
          0.141889,
          -0.841131,
          3.875605
        ],
        [
          0.852706,
          0.060285,
          -0.5189,
          2.262427
        ],
        [
          -0.022919,
          -0.988045,
          -0.152452,
          1.5498
        ],
        [
          0.0,
          0.0,
          0.0,
          1.0
        ]
      ]
    },
    {
      "file_path": "/media/NFS/ttao/scannet/posed_images/scene0474_05/00395.jpg",
      "transform_matrix": [
        [
          -Infinity,
          -Infinity,
          -Infinity,
          -Infinity
        ],
        [
          -Infinity,
          -Infinity,
          -Infinity,
          -Infinity
        ],
        [
          -Infinity,
          -Infinity,
          -Infinity,
          -Infinity
        ],
        [
          -Infinity,
          -Infinity,
          -Infinity,
          -Infinity
        ]
      ]
    },
    {
      "file_path": "/media/NFS/ttao/scannet/posed_images/scene0474_05/00398.jpg",
      "transform_matrix": [
        [
          -0.524821,
          0.014006,
          -0.851098,
          3.805794
        ],
        [
          0.849433,
          0.073242,
          -0.522589,
          2.24265
        ],
        [
          0.055017,
          -0.997216,
          -0.050336,
          1.452069
        ],
        [
          0.0,
          0.0,
          0.0,
          1.0
        ]
      ]
    },
    {
      "file_path": "/media/NFS/ttao/scannet/posed_images/scene0474_05/00413.jpg",
      "transform_matrix": [
        [
          -0.466081,
          0.03249,
          -0.884146,
          3.643429
        ],
        [
          0.884742,
          0.016852,
          -0.465776,
          2.154628
        ],
        [
          -0.000233,
          -0.99933,
          -0.0366,
          1.462685
        ],
        [
          0.0,
          0.0,
          0.0,
          1.0
        ]
      ]
    },
    {
      "file_path": "/media/NFS/ttao/scannet/posed_images/scene0474_05/00425.jpg",
      "transform_matrix": [
        [
          -0.367656,
          0.125995,
          -0.921387,
          3.483016
        ],
        [
          0.929297,
          0.012316,
          -0.369128,
          2.102542
        ],
        [
          -0.03516,
          -0.991955,
          -0.121615,
          1.51632
        ],
        [
          0.0,
          0.0,
          0.0,
          1.0
        ]
      ]
    },
    {
      "file_path": "/media/NFS/ttao/scannet/posed_images/scene0474_05/00432.jpg",
      "transform_matrix": [
        [
          -0.350474,
          0.130797,
          -0.927394,
          3.361624
        ],
        [
          0.934603,
          -0.015338,
          -0.355362,
          2.130148
        ],
        [
          -0.060705,
          -0.991291,
          -0.116867,
          1.531663
        ],
        [
          0.0,
          0.0,
          0.0,
          1.0
        ]
      ]
    },
    {
      "file_path": "/media/NFS/ttao/scannet/posed_images/scene0474_05/00441.jpg",
      "transform_matrix": [
        [
          -0.347902,
          0.105197,
          -0.93161,
          3.208803
        ],
        [
          0.933234,
          -0.056174,
          -0.354852,
          2.154723
        ],
        [
          -0.089662,
          -0.992864,
          -0.078631,
          1.562881
        ],
        [
          0.0,
          0.0,
          0.0,
          1.0
        ]
      ]
    },
    {
      "file_path": "/media/NFS/ttao/scannet/posed_images/scene0474_05/00453.jpg",
      "transform_matrix": [
        [
          -0.324027,
          0.145577,
          -0.93478,
          3.089992
        ],
        [
          0.944372,
          -0.009016,
          -0.328756,
          2.178453
        ],
        [
          -0.056288,
          -0.989306,
          -0.134557,
          1.505071
        ],
        [
          0.0,
          0.0,
          0.0,
          1.0
        ]
      ]
    },
    {
      "file_path": "/media/NFS/ttao/scannet/posed_images/scene0474_05/00459.jpg",
      "transform_matrix": [
        [
          -0.371313,
          0.113774,
          -0.921511,
          3.029521
        ],
        [
          0.927526,
          -0.000177,
          -0.373759,
          2.212055
        ],
        [
          -0.042687,
          -0.993507,
          -0.105463,
          1.503644
        ],
        [
          0.0,
          0.0,
          0.0,
          1.0
        ]
      ]
    },
    {
      "file_path": "/media/NFS/ttao/scannet/posed_images/scene0474_05/00472.jpg",
      "transform_matrix": [
        [
          -0.378892,
          0.128139,
          -0.916527,
          2.925932
        ],
        [
          0.925418,
          0.045484,
          -0.376209,
          2.325372
        ],
        [
          -0.006519,
          -0.990713,
          -0.135815,
          1.466012
        ],
        [
          0.0,
          0.0,
          0.0,
          1.0
        ]
      ]
    },
    {
      "file_path": "/media/NFS/ttao/scannet/posed_images/scene0474_05/00487.jpg",
      "transform_matrix": [
        [
          -0.48137,
          0.116946,
          -0.868681,
          2.850143
        ],
        [
          0.876421,
          0.078918,
          -0.475035,
          2.586352
        ],
        [
          0.013001,
          -0.989998,
          -0.140482,
          1.490337
        ],
        [
          0.0,
          0.0,
          0.0,
          1.0
        ]
      ]
    },
    {
      "file_path": "/media/NFS/ttao/scannet/posed_images/scene0474_05/00493.jpg",
      "transform_matrix": [
        [
          -0.525589,
          0.080694,
          -0.846903,
          2.844449
        ],
        [
          0.850578,
          0.069212,
          -0.521275,
          2.656497
        ],
        [
          0.016553,
          -0.994333,
          -0.105014,
          1.515075
        ],
        [
          0.0,
          0.0,
          0.0,
          1.0
        ]
      ]
    },
    {
      "file_path": "/media/NFS/ttao/scannet/posed_images/scene0474_05/00503.jpg",
      "transform_matrix": [
        [
          -Infinity,
          -Infinity,
          -Infinity,
          -Infinity
        ],
        [
          -Infinity,
          -Infinity,
          -Infinity,
          -Infinity
        ],
        [
          -Infinity,
          -Infinity,
          -Infinity,
          -Infinity
        ],
        [
          -Infinity,
          -Infinity,
          -Infinity,
          -Infinity
        ]
      ]
    },
    {
      "file_path": "/media/NFS/ttao/scannet/posed_images/scene0474_05/00515.jpg",
      "transform_matrix": [
        [
          -Infinity,
          -Infinity,
          -Infinity,
          -Infinity
        ],
        [
          -Infinity,
          -Infinity,
          -Infinity,
          -Infinity
        ],
        [
          -Infinity,
          -Infinity,
          -Infinity,
          -Infinity
        ],
        [
          -Infinity,
          -Infinity,
          -Infinity,
          -Infinity
        ]
      ]
    },
    {
      "file_path": "/media/NFS/ttao/scannet/posed_images/scene0474_05/00521.jpg",
      "transform_matrix": [
        [
          -Infinity,
          -Infinity,
          -Infinity,
          -Infinity
        ],
        [
          -Infinity,
          -Infinity,
          -Infinity,
          -Infinity
        ],
        [
          -Infinity,
          -Infinity,
          -Infinity,
          -Infinity
        ],
        [
          -Infinity,
          -Infinity,
          -Infinity,
          -Infinity
        ]
      ]
    },
    {
      "file_path": "/media/NFS/ttao/scannet/posed_images/scene0474_05/00540.jpg",
      "transform_matrix": [
        [
          -Infinity,
          -Infinity,
          -Infinity,
          -Infinity
        ],
        [
          -Infinity,
          -Infinity,
          -Infinity,
          -Infinity
        ],
        [
          -Infinity,
          -Infinity,
          -Infinity,
          -Infinity
        ],
        [
          -Infinity,
          -Infinity,
          -Infinity,
          -Infinity
        ]
      ]
    },
    {
      "file_path": "/media/NFS/ttao/scannet/posed_images/scene0474_05/00549.jpg",
      "transform_matrix": [
        [
          -Infinity,
          -Infinity,
          -Infinity,
          -Infinity
        ],
        [
          -Infinity,
          -Infinity,
          -Infinity,
          -Infinity
        ],
        [
          -Infinity,
          -Infinity,
          -Infinity,
          -Infinity
        ],
        [
          -Infinity,
          -Infinity,
          -Infinity,
          -Infinity
        ]
      ]
    },
    {
      "file_path": "/media/NFS/ttao/scannet/posed_images/scene0474_05/00561.jpg",
      "transform_matrix": [
        [
          -Infinity,
          -Infinity,
          -Infinity,
          -Infinity
        ],
        [
          -Infinity,
          -Infinity,
          -Infinity,
          -Infinity
        ],
        [
          -Infinity,
          -Infinity,
          -Infinity,
          -Infinity
        ],
        [
          -Infinity,
          -Infinity,
          -Infinity,
          -Infinity
        ]
      ]
    },
    {
      "file_path": "/media/NFS/ttao/scannet/posed_images/scene0474_05/00564.jpg",
      "transform_matrix": [
        [
          -Infinity,
          -Infinity,
          -Infinity,
          -Infinity
        ],
        [
          -Infinity,
          -Infinity,
          -Infinity,
          -Infinity
        ],
        [
          -Infinity,
          -Infinity,
          -Infinity,
          -Infinity
        ],
        [
          -Infinity,
          -Infinity,
          -Infinity,
          -Infinity
        ]
      ]
    },
    {
      "file_path": "/media/NFS/ttao/scannet/posed_images/scene0474_05/00573.jpg",
      "transform_matrix": [
        [
          -Infinity,
          -Infinity,
          -Infinity,
          -Infinity
        ],
        [
          -Infinity,
          -Infinity,
          -Infinity,
          -Infinity
        ],
        [
          -Infinity,
          -Infinity,
          -Infinity,
          -Infinity
        ],
        [
          -Infinity,
          -Infinity,
          -Infinity,
          -Infinity
        ]
      ]
    },
    {
      "file_path": "/media/NFS/ttao/scannet/posed_images/scene0474_05/00589.jpg",
      "transform_matrix": [
        [
          -Infinity,
          -Infinity,
          -Infinity,
          -Infinity
        ],
        [
          -Infinity,
          -Infinity,
          -Infinity,
          -Infinity
        ],
        [
          -Infinity,
          -Infinity,
          -Infinity,
          -Infinity
        ],
        [
          -Infinity,
          -Infinity,
          -Infinity,
          -Infinity
        ]
      ]
    },
    {
      "file_path": "/media/NFS/ttao/scannet/posed_images/scene0474_05/00601.jpg",
      "transform_matrix": [
        [
          -Infinity,
          -Infinity,
          -Infinity,
          -Infinity
        ],
        [
          -Infinity,
          -Infinity,
          -Infinity,
          -Infinity
        ],
        [
          -Infinity,
          -Infinity,
          -Infinity,
          -Infinity
        ],
        [
          -Infinity,
          -Infinity,
          -Infinity,
          -Infinity
        ]
      ]
    },
    {
      "file_path": "/media/NFS/ttao/scannet/posed_images/scene0474_05/00604.jpg",
      "transform_matrix": [
        [
          -Infinity,
          -Infinity,
          -Infinity,
          -Infinity
        ],
        [
          -Infinity,
          -Infinity,
          -Infinity,
          -Infinity
        ],
        [
          -Infinity,
          -Infinity,
          -Infinity,
          -Infinity
        ],
        [
          -Infinity,
          -Infinity,
          -Infinity,
          -Infinity
        ]
      ]
    },
    {
      "file_path": "/media/NFS/ttao/scannet/posed_images/scene0474_05/00623.jpg",
      "transform_matrix": [
        [
          -Infinity,
          -Infinity,
          -Infinity,
          -Infinity
        ],
        [
          -Infinity,
          -Infinity,
          -Infinity,
          -Infinity
        ],
        [
          -Infinity,
          -Infinity,
          -Infinity,
          -Infinity
        ],
        [
          -Infinity,
          -Infinity,
          -Infinity,
          -Infinity
        ]
      ]
    },
    {
      "file_path": "/media/NFS/ttao/scannet/posed_images/scene0474_05/00626.jpg",
      "transform_matrix": [
        [
          -Infinity,
          -Infinity,
          -Infinity,
          -Infinity
        ],
        [
          -Infinity,
          -Infinity,
          -Infinity,
          -Infinity
        ],
        [
          -Infinity,
          -Infinity,
          -Infinity,
          -Infinity
        ],
        [
          -Infinity,
          -Infinity,
          -Infinity,
          -Infinity
        ]
      ]
    },
    {
      "file_path": "/media/NFS/ttao/scannet/posed_images/scene0474_05/00641.jpg",
      "transform_matrix": [
        [
          -Infinity,
          -Infinity,
          -Infinity,
          -Infinity
        ],
        [
          -Infinity,
          -Infinity,
          -Infinity,
          -Infinity
        ],
        [
          -Infinity,
          -Infinity,
          -Infinity,
          -Infinity
        ],
        [
          -Infinity,
          -Infinity,
          -Infinity,
          -Infinity
        ]
      ]
    },
    {
      "file_path": "/media/NFS/ttao/scannet/posed_images/scene0474_05/00644.jpg",
      "transform_matrix": [
        [
          -Infinity,
          -Infinity,
          -Infinity,
          -Infinity
        ],
        [
          -Infinity,
          -Infinity,
          -Infinity,
          -Infinity
        ],
        [
          -Infinity,
          -Infinity,
          -Infinity,
          -Infinity
        ],
        [
          -Infinity,
          -Infinity,
          -Infinity,
          -Infinity
        ]
      ]
    },
    {
      "file_path": "/media/NFS/ttao/scannet/posed_images/scene0474_05/00663.jpg",
      "transform_matrix": [
        [
          -Infinity,
          -Infinity,
          -Infinity,
          -Infinity
        ],
        [
          -Infinity,
          -Infinity,
          -Infinity,
          -Infinity
        ],
        [
          -Infinity,
          -Infinity,
          -Infinity,
          -Infinity
        ],
        [
          -Infinity,
          -Infinity,
          -Infinity,
          -Infinity
        ]
      ]
    },
    {
      "file_path": "/media/NFS/ttao/scannet/posed_images/scene0474_05/00666.jpg",
      "transform_matrix": [
        [
          -Infinity,
          -Infinity,
          -Infinity,
          -Infinity
        ],
        [
          -Infinity,
          -Infinity,
          -Infinity,
          -Infinity
        ],
        [
          -Infinity,
          -Infinity,
          -Infinity,
          -Infinity
        ],
        [
          -Infinity,
          -Infinity,
          -Infinity,
          -Infinity
        ]
      ]
    },
    {
      "file_path": "/media/NFS/ttao/scannet/posed_images/scene0474_05/00684.jpg",
      "transform_matrix": [
        [
          -Infinity,
          -Infinity,
          -Infinity,
          -Infinity
        ],
        [
          -Infinity,
          -Infinity,
          -Infinity,
          -Infinity
        ],
        [
          -Infinity,
          -Infinity,
          -Infinity,
          -Infinity
        ],
        [
          -Infinity,
          -Infinity,
          -Infinity,
          -Infinity
        ]
      ]
    },
    {
      "file_path": "/media/NFS/ttao/scannet/posed_images/scene0474_05/00694.jpg",
      "transform_matrix": [
        [
          -Infinity,
          -Infinity,
          -Infinity,
          -Infinity
        ],
        [
          -Infinity,
          -Infinity,
          -Infinity,
          -Infinity
        ],
        [
          -Infinity,
          -Infinity,
          -Infinity,
          -Infinity
        ],
        [
          -Infinity,
          -Infinity,
          -Infinity,
          -Infinity
        ]
      ]
    },
    {
      "file_path": "/media/NFS/ttao/scannet/posed_images/scene0474_05/00700.jpg",
      "transform_matrix": [
        [
          -Infinity,
          -Infinity,
          -Infinity,
          -Infinity
        ],
        [
          -Infinity,
          -Infinity,
          -Infinity,
          -Infinity
        ],
        [
          -Infinity,
          -Infinity,
          -Infinity,
          -Infinity
        ],
        [
          -Infinity,
          -Infinity,
          -Infinity,
          -Infinity
        ]
      ]
    },
    {
      "file_path": "/media/NFS/ttao/scannet/posed_images/scene0474_05/00715.jpg",
      "transform_matrix": [
        [
          -Infinity,
          -Infinity,
          -Infinity,
          -Infinity
        ],
        [
          -Infinity,
          -Infinity,
          -Infinity,
          -Infinity
        ],
        [
          -Infinity,
          -Infinity,
          -Infinity,
          -Infinity
        ],
        [
          -Infinity,
          -Infinity,
          -Infinity,
          -Infinity
        ]
      ]
    },
    {
      "file_path": "/media/NFS/ttao/scannet/posed_images/scene0474_05/00721.jpg",
      "transform_matrix": [
        [
          -Infinity,
          -Infinity,
          -Infinity,
          -Infinity
        ],
        [
          -Infinity,
          -Infinity,
          -Infinity,
          -Infinity
        ],
        [
          -Infinity,
          -Infinity,
          -Infinity,
          -Infinity
        ],
        [
          -Infinity,
          -Infinity,
          -Infinity,
          -Infinity
        ]
      ]
    },
    {
      "file_path": "/media/NFS/ttao/scannet/posed_images/scene0474_05/00734.jpg",
      "transform_matrix": [
        [
          -Infinity,
          -Infinity,
          -Infinity,
          -Infinity
        ],
        [
          -Infinity,
          -Infinity,
          -Infinity,
          -Infinity
        ],
        [
          -Infinity,
          -Infinity,
          -Infinity,
          -Infinity
        ],
        [
          -Infinity,
          -Infinity,
          -Infinity,
          -Infinity
        ]
      ]
    },
    {
      "file_path": "/media/NFS/ttao/scannet/posed_images/scene0474_05/00740.jpg",
      "transform_matrix": [
        [
          -Infinity,
          -Infinity,
          -Infinity,
          -Infinity
        ],
        [
          -Infinity,
          -Infinity,
          -Infinity,
          -Infinity
        ],
        [
          -Infinity,
          -Infinity,
          -Infinity,
          -Infinity
        ],
        [
          -Infinity,
          -Infinity,
          -Infinity,
          -Infinity
        ]
      ]
    },
    {
      "file_path": "/media/NFS/ttao/scannet/posed_images/scene0474_05/00752.jpg",
      "transform_matrix": [
        [
          -Infinity,
          -Infinity,
          -Infinity,
          -Infinity
        ],
        [
          -Infinity,
          -Infinity,
          -Infinity,
          -Infinity
        ],
        [
          -Infinity,
          -Infinity,
          -Infinity,
          -Infinity
        ],
        [
          -Infinity,
          -Infinity,
          -Infinity,
          -Infinity
        ]
      ]
    },
    {
      "file_path": "/media/NFS/ttao/scannet/posed_images/scene0474_05/00758.jpg",
      "transform_matrix": [
        [
          -Infinity,
          -Infinity,
          -Infinity,
          -Infinity
        ],
        [
          -Infinity,
          -Infinity,
          -Infinity,
          -Infinity
        ],
        [
          -Infinity,
          -Infinity,
          -Infinity,
          -Infinity
        ],
        [
          -Infinity,
          -Infinity,
          -Infinity,
          -Infinity
        ]
      ]
    },
    {
      "file_path": "/media/NFS/ttao/scannet/posed_images/scene0474_05/00777.jpg",
      "transform_matrix": [
        [
          -Infinity,
          -Infinity,
          -Infinity,
          -Infinity
        ],
        [
          -Infinity,
          -Infinity,
          -Infinity,
          -Infinity
        ],
        [
          -Infinity,
