{
  "frames": [
    {
      "file_path": "/media/NFS/ttao/scannet/posed_images/scene0691_00/00001.jpg",
      "transform_matrix": [
        [
          -0.863873,
          0.028682,
          0.502892,
          2.992999
        ],
        [
          -0.498128,
          0.099572,
          -0.861368,
          6.750226
        ],
        [
          -0.074779,
          -0.994617,
          -0.07173,
          1.43549
        ],
        [
          0.0,
          0.0,
          0.0,
          1.0
        ]
      ]
    },
    {
      "file_path": "/media/NFS/ttao/scannet/posed_images/scene0691_00/00004.jpg",
      "transform_matrix": [
        [
          -0.862337,
          0.026542,
          0.505638,
          2.992371
        ],
        [
          -0.50028,
          0.109307,
          -0.858937,
          6.751583
        ],
        [
          -0.078068,
          -0.993654,
          -0.080981,
          1.430038
        ],
        [
          0.0,
          0.0,
          0.0,
          1.0
        ]
      ]
    },
    {
      "file_path": "/media/NFS/ttao/scannet/posed_images/scene0691_00/00008.jpg",
      "transform_matrix": [
        [
          -0.871392,
          0.010487,
          0.490476,
          2.999511
        ],
        [
          -0.486489,
          0.110499,
          -0.866671,
          6.755528
        ],
        [
          -0.063286,
          -0.993821,
          -0.091186,
          1.433072
        ],
        [
          0.0,
          0.0,
          0.0,
          1.0
        ]
      ]
    },
    {
      "file_path": "/media/NFS/ttao/scannet/posed_images/scene0691_00/00011.jpg",
      "transform_matrix": [
        [
          -0.858558,
          0.010396,
          0.512612,
          2.933146
        ],
        [
          -0.507464,
          0.12552,
          -0.852482,
          6.726623
        ],
        [
          -0.073205,
          -0.992037,
          -0.10249,
          1.454476
        ],
        [
          0.0,
          0.0,
          0.0,
          1.0
        ]
      ]
    },
    {
      "file_path": "/media/NFS/ttao/scannet/posed_images/scene0691_00/00015.jpg",
      "transform_matrix": [
        [
          -0.869499,
          0.007404,
          0.493879,
          2.943132
        ],
        [
          -0.488439,
          0.135848,
          -0.861959,
          6.732557
        ],
        [
          -0.073475,
          -0.990702,
          -0.114503,
          1.457402
        ],
        [
          0.0,
          0.0,
          0.0,
          1.0
        ]
      ]
    },
    {
      "file_path": "/media/NFS/ttao/scannet/posed_images/scene0691_00/00021.jpg",
      "transform_matrix": [
        [
          -0.892318,
          0.003619,
          0.451394,
          2.963491
        ],
        [
          -0.446875,
          0.134278,
          -0.884462,
          6.742906
        ],
        [
          -0.063813,
          -0.990937,
          -0.118202,
          1.461963
        ],
        [
          0.0,
          0.0,
          0.0,
          1.0
        ]
      ]
    },
    {
      "file_path": "/media/NFS/ttao/scannet/posed_images/scene0691_00/00022.jpg",
      "transform_matrix": [
        [
          -0.896527,
          0.003319,
          0.442976,
          2.969141
        ],
        [
          -0.438621,
          0.133426,
          -0.888712,
          6.744597
        ],
        [
          -0.062055,
          -0.991053,
          -0.118164,
          1.460237
        ],
        [
          0.0,
          0.0,
          0.0,
          1.0
        ]
      ]
    },
    {
      "file_path": "/media/NFS/ttao/scannet/posed_images/scene0691_00/00028.jpg",
      "transform_matrix": [
        [
          -0.915717,
          -0.000897,
          0.401822,
          2.986945
        ],
        [
          -0.397817,
          0.142872,
          -0.906272,
          6.749213
        ],
        [
          -0.056596,
          -0.989741,
          -0.131187,
          1.461214
        ],
        [
          0.0,
          0.0,
          0.0,
          1.0
        ]
      ]
    },
    {
      "file_path": "/media/NFS/ttao/scannet/posed_images/scene0691_00/00032.jpg",
      "transform_matrix": [
        [
          -0.922392,
          -0.009956,
          0.386127,
          2.977947
        ],
        [
          -0.383314,
          0.146731,
          -0.911888,
          6.732568
        ],
        [
          -0.047578,
          -0.989126,
          -0.13916,
          1.459793
        ],
        [
          0.0,
          0.0,
          0.0,
          1.0
        ]
      ]
    },
    {
      "file_path": "/media/NFS/ttao/scannet/posed_images/scene0691_00/00038.jpg",
      "transform_matrix": [
        [
          -0.937742,
          -0.0179,
          0.346872,
          3.013878
        ],
        [
          -0.345873,
          0.139609,
          -0.927837,
          6.739981
        ],
        [
          -0.031819,
          -0.990045,
          -0.137108,
          1.455597
        ],
        [
          0.0,
          0.0,
          0.0,
          1.0
        ]
      ]
    },
    {
      "file_path": "/media/NFS/ttao/scannet/posed_images/scene0691_00/00041.jpg",
      "transform_matrix": [
        [
          -0.941749,
          -0.017133,
          0.33588,
          3.02617
        ],
        [
          -0.334898,
          0.139401,
          -0.931885,
          6.73636
        ],
        [
          -0.030856,
          -0.990088,
          -0.137019,
          1.45141
        ],
        [
          0.0,
          0.0,
          0.0,
          1.0
        ]
      ]
    },
    {
      "file_path": "/media/NFS/ttao/scannet/posed_images/scene0691_00/00044.jpg",
      "transform_matrix": [
        [
          -0.946987,
          -0.008834,
          0.321149,
          3.049702
        ],
        [
          -0.318898,
          0.147114,
          -0.936302,
          6.736928
        ],
        [
          -0.038975,
          -0.98908,
          -0.142133,
          1.446837
        ],
        [
          0.0,
          0.0,
          0.0,
          1.0
        ]
      ]
    },
    {
      "file_path": "/media/NFS/ttao/scannet/posed_images/scene0691_00/00046.jpg",
      "transform_matrix": [
        [
          -0.950811,
          0.001625,
          0.309767,
          3.064271
        ],
        [
          -0.305645,
          0.157757,
          -0.938986,
          6.73611
        ],
        [
          -0.050394,
          -0.987477,
          -0.149501,
          1.440159
        ],
        [
          0.0,
          0.0,
          0.0,
          1.0
        ]
      ]
    },
    {
      "file_path": "/media/NFS/ttao/scannet/posed_images/scene0691_00/00051.jpg",
      "transform_matrix": [
        [
          -0.963417,
          -0.00358,
          0.267984,
          3.116668
        ],
        [
          -0.26315,
          0.202148,
          -0.943339,
          6.717107
        ],
        [
          -0.050795,
          -0.979348,
          -0.195695,
          1.429469
        ],
        [
          0.0,
          0.0,
          0.0,
          1.0
        ]
      ]
    },
    {
      "file_path": "/media/NFS/ttao/scannet/posed_images/scene0691_00/00057.jpg",
      "transform_matrix": [
        [
          -0.983234,
          -0.0228,
          0.180918,
          3.173585
        ],
        [
          -0.18087,
          0.248044,
          -0.951714,
          6.680168
        ],
        [
          -0.023176,
          -0.96848,
          -0.24801,
          1.408416
        ],
        [
          0.0,
          0.0,
          0.0,
          1.0
        ]
      ]
    },
    {
      "file_path": "/media/NFS/ttao/scannet/posed_images/scene0691_00/00061.jpg",
      "transform_matrix": [
        [
          -0.988676,
          -0.02975,
          0.14709,
          3.215858
        ],
        [
          -0.149691,
          0.264976,
          -0.952565,
          6.654853
        ],
        [
          -0.010636,
          -0.963796,
          -0.266428,
          1.38623
        ],
        [
          0.0,
          0.0,
          0.0,
          1.0
        ]
      ]
    },
    {
      "file_path": "/media/NFS/ttao/scannet/posed_images/scene0691_00/00062.jpg",
      "transform_matrix": [
        [
          -0.988742,
          -0.031213,
          0.146335,
          3.223087
        ],
        [
          -0.149295,
          0.270975,
          -0.950938,
          6.649258
        ],
        [
          -0.009971,
          -0.96208,
          -0.272584,
          1.379942
        ],
        [
          0.0,
          0.0,
          0.0,
          1.0
        ]
      ]
    },
    {
      "file_path": "/media/NFS/ttao/scannet/posed_images/scene0691_00/00068.jpg",
      "transform_matrix": [
        [
          -0.986298,
          -0.023701,
          0.163262,
          3.260583
        ],
        [
          -0.161726,
          0.334297,
          -0.928488,
          6.577793
        ],
        [
          -0.032571,
          -0.94217,
          -0.33355,
          1.366122
        ],
        [
          0.0,
          0.0,
          0.0,
          1.0
        ]
      ]
    },
    {
      "file_path": "/media/NFS/ttao/scannet/posed_images/scene0691_00/00070.jpg",
      "transform_matrix": [
        [
          -0.985352,
          -0.026542,
          0.168452,
          3.275401
        ],
        [
          -0.166984,
          0.350584,
          -0.921524,
          6.537675
        ],
        [
          -0.034597,
          -0.936155,
          -0.349881,
          1.373458
        ],
        [
          0.0,
          0.0,
          0.0,
          1.0
        ]
      ]
    },
    {
      "file_path": "/media/NFS/ttao/scannet/posed_images/scene0691_00/00077.jpg",
      "transform_matrix": [
        [
          -0.980785,
          -0.037039,
          0.191545,
          3.346557
        ],
        [
          -0.19266,
          0.338466,
          -0.921045,
          6.44109
        ],
        [
          -0.030717,
          -0.94025,
          -0.339098,
          1.373854
        ],
        [
          0.0,
          0.0,
          0.0,
          1.0
        ]
      ]
    },
    {
      "file_path": "/media/NFS/ttao/scannet/posed_images/scene0691_00/00080.jpg",
      "transform_matrix": [
        [
          -0.978041,
          -0.033553,
          0.205692,
          3.38373
        ],
        [
          -0.205225,
          0.326953,
          -0.922488,
          6.405584
        ],
        [
          -0.036299,
          -0.944445,
          -0.32666,
          1.375975
        ],
        [
          0.0,
          0.0,
          0.0,
          1.0
        ]
      ]
    },
    {
      "file_path": "/media/NFS/ttao/scannet/posed_images/scene0691_00/00083.jpg",
      "transform_matrix": [
        [
          -0.981773,
          -0.037887,
          0.186244,
          3.425047
        ],
        [
          -0.188615,
          0.314763,
          -0.930241,
          6.36808
        ],
        [
          -0.023379,
          -0.948414,
          -0.316171,
          1.365695
        ],
        [
          0.0,
          0.0,
          0.0,
          1.0
        ]
      ]
    },
    {
      "file_path": "/media/NFS/ttao/scannet/posed_images/scene0691_00/00088.jpg",
      "transform_matrix": [
        [
          -0.991533,
          -0.047861,
          0.120713,
          3.522422
        ],
        [
          -0.129785,
          0.334605,
          -0.933379,
          6.306159
        ],
        [
          0.004281,
          -0.941142,
          -0.337983,
          1.341766
        ],
        [
          0.0,
          0.0,
          0.0,
          1.0
        ]
      ]
    },
    {
      "file_path": "/media/NFS/ttao/scannet/posed_images/scene0691_00/00092.jpg",
      "transform_matrix": [
        [
          -0.995595,
          -0.031213,
          0.088412,
          3.607528
        ],
        [
          -0.09369,
          0.367647,
          -0.925234,
          6.255907
        ],
        [
          -0.003625,
          -0.929442,
          -0.368952,
          1.336232
        ],
        [
          0.0,
          0.0,
          0.0,
          1.0
        ]
      ]
    },
    {
      "file_path": "/media/NFS/ttao/scannet/posed_images/scene0691_00/00093.jpg",
      "transform_matrix": [
        [
          -0.99626,
          -0.022229,
          0.083502,
          3.62744
        ],
        [
          -0.085792,
          0.369845,
          -0.925124,
          6.242927
        ],
        [
          -0.010318,
          -0.928828,
          -0.370369,
          1.339678
        ],
        [
          0.0,
          0.0,
          0.0,
          1.0
        ]
      ]
    },
    {
      "file_path": "/media/NFS/ttao/scannet/posed_images/scene0691_00/00098.jpg",
      "transform_matrix": [
        [
          -0.998541,
          0.0273,
          0.046598,
          3.734264
        ],
        [
          -0.033501,
          0.363662,
          -0.930928,
          6.193277
        ],
        [
          -0.04236,
          -0.931131,
          -0.362217,
          1.35442
        ],
        [
          0.0,
          0.0,
          0.0,
          1.0
        ]
      ]
    },
    {
      "file_path": "/media/NFS/ttao/scannet/posed_images/scene0691_00/00103.jpg",
      "transform_matrix": [
        [
          -0.997303,
          0.07039,
          -0.020765,
          3.839712
        ],
        [
          0.044037,
          0.34763,
          -0.936597,
          6.140574
        ],
        [
          -0.058708,
          -0.934986,
          -0.349793,
          1.37287
        ],
        [
          0.0,
          0.0,
          0.0,
          1.0
        ]
      ]
    },
    {
      "file_path": "/media/NFS/ttao/scannet/posed_images/scene0691_00/00108.jpg",
      "transform_matrix": [
        [
          -0.995262,
          0.077257,
          -0.059038,
          3.917956
        ],
        [
          0.083539,
          0.368744,
          -0.925769,
          6.088473
        ],
        [
          -0.049752,
          -0.926315,
          -0.373451,
          1.374863
        ],
        [
          0.0,
          0.0,
          0.0,
          1.0
        ]
      ]
    },
    {
      "file_path": "/media/NFS/ttao/scannet/posed_images/scene0691_00/00110.jpg",
      "transform_matrix": [
        [
          -0.992436,
          0.088757,
          -0.084812,
          3.963426
        ],
        [
          0.112085,
          0.373292,
          -0.920918,
          6.060341
        ],
        [
          -0.050079,
          -0.923458,
          -0.380417,
          1.369292
        ],
        [
          0.0,
          0.0,
          0.0,
          1.0
        ]
      ]
    },
    {
      "file_path": "/media/NFS/ttao/scannet/posed_images/scene0691_00/00113.jpg",
      "transform_matrix": [
        [
          -0.989573,
          0.104985,
          -0.098608,
          4.004291
        ],
        [
          0.131749,
          0.383128,
          -0.914251,
          6.014938
        ],
        [
          -0.058203,
          -0.91771,
          -0.392964,
          1.36982
        ],
        [
          0.0,
          0.0,
          0.0,
          1.0
        ]
      ]
    },
    {
      "file_path": "/media/NFS/ttao/scannet/posed_images/scene0691_00/00117.jpg",
      "transform_matrix": [
        [
          -0.983328,
          0.12249,
          -0.134396,
          4.053944
        ],
        [
          0.17116,
          0.373902,
          -0.911538,
          5.943756
        ],
        [
          -0.061403,
          -0.919344,
          -0.388633,
          1.363769
        ],
        [
          0.0,
          0.0,
          0.0,
          1.0
        ]
      ]
    },
    {
      "file_path": "/media/NFS/ttao/scannet/posed_images/scene0691_00/00121.jpg",
      "transform_matrix": [
        [
          -0.968306,
          0.16668,
          -0.186013,
          4.131291
        ],
        [
          0.235496,
          0.361148,
          -0.902283,
          5.868052
        ],
        [
          -0.083214,
          -0.917491,
          -0.388954,
          1.361348
        ],
        [
          0.0,
          0.0,
          0.0,
          1.0
        ]
      ]
    },
    {
      "file_path": "/media/NFS/ttao/scannet/posed_images/scene0691_00/00127.jpg",
      "transform_matrix": [
        [
          -0.958471,
          0.201649,
          -0.201671,
          4.193516
        ],
        [
          0.265022,
          0.368579,
          -0.891018,
          5.765149
        ],
        [
          -0.105341,
          -0.907462,
          -0.406714,
          1.374493
        ],
        [
          0.0,
          0.0,
          0.0,
          1.0
        ]
      ]
    },
    {
      "file_path": "/media/NFS/ttao/scannet/posed_images/scene0691_00/00130.jpg",
      "transform_matrix": [
        [
          -0.949535,
          0.21227,
          -0.230923,
          4.231347
        ],
        [
          0.298729,
          0.387543,
          -0.872107,
          5.714322
        ],
        [
          -0.09563,
          -0.89708,
          -0.431397,
          1.380406
        ],
        [
          0.0,
          0.0,
          0.0,
          1.0
        ]
      ]
    },
    {
      "file_path": "/media/NFS/ttao/scannet/posed_images/scene0691_00/00136.jpg",
      "transform_matrix": [
        [
          -0.940893,
          0.211252,
          -0.264751,
          4.29638
        ],
        [
          0.326202,
          0.354771,
          -0.876202,
          5.649262
        ],
        [
          -0.091173,
          -0.910775,
          -0.402713,
          1.376722
        ],
        [
          0.0,
          0.0,
          0.0,
          1.0
        ]
      ]
    },
    {
      "file_path": "/media/NFS/ttao/scannet/posed_images/scene0691_00/00137.jpg",
      "transform_matrix": [
        [
          -0.936854,
          0.212019,
          -0.278122,
          4.305179
        ],
        [
          0.338635,
          0.351327,
          -0.872866,
          5.635808
        ],
        [
          -0.087353,
          -0.911931,
          -0.400939,
          1.376129
        ],
        [
          0.0,
          0.0,
          0.0,
          1.0
        ]
      ]
    },
    {
      "file_path": "/media/NFS/ttao/scannet/posed_images/scene0691_00/00141.jpg",
      "transform_matrix": [
        [
          -0.906784,
          0.210544,
          -0.36526,
          4.362584
        ],
        [
          0.417248,
          0.324063,
          -0.849051,
          5.573706
        ],
        [
          -0.060396,
          -0.92231,
          -0.381704,
          1.369231
        ],
        [
          0.0,
          0.0,
          0.0,
          1.0
        ]
      ]
    },
    {
      "file_path": "/media/NFS/ttao/scannet/posed_images/scene0691_00/00147.jpg",
      "transform_matrix": [
        [
          -0.851853,
          0.262275,
          -0.453385,
          4.40529
        ],
        [
          0.518524,
          0.299948,
          -0.800727,
          5.503066
        ],
        [
          -0.074019,
          -0.917193,
          -0.391508,
          1.378601
        ],
        [
          0.0,
          0.0,
          0.0,
          1.0
        ]
      ]
    },
    {
      "file_path": "/media/NFS/ttao/scannet/posed_images/scene0691_00/00149.jpg",
      "transform_matrix": [
        [
          -0.829217,
          0.294892,
          -0.474803,
          4.420411
        ],
        [
          0.550718,
          0.286016,
          -0.784159,
          5.481726
        ],
        [
          -0.095441,
          -0.91172,
          -0.399572,
          1.383599
        ],
        [
          0.0,
          0.0,
          0.0,
          1.0
        ]
      ]
    },
    {
      "file_path": "/media/NFS/ttao/scannet/posed_images/scene0691_00/00156.jpg",
      "transform_matrix": [
        [
          -0.782516,
          0.284702,
          -0.553727,
          4.44785
        ],
        [
          0.620109,
          0.276404,
          -0.734211,
          5.39075
        ],
        [
          -0.055979,
          -0.917903,
          -0.392837,
          1.369143
        ],
        [
          0.0,
          0.0,
          0.0,
          1.0
        ]
      ]
    },
    {
      "file_path": "/media/NFS/ttao/scannet/posed_images/scene0691_00/00157.jpg",
      "transform_matrix": [
        [
          -0.779604,
          0.289097,
          -0.555554,
          4.448721
        ],
        [
          0.623686,
          0.277854,
          -0.730625,
          5.376105
        ],
        [
          -0.056858,
          -0.91609,
          -0.396922,
          1.366905
        ],
        [
          0.0,
          0.0,
          0.0,
          1.0
        ]
      ]
    },
    {
      "file_path": "/media/NFS/ttao/scannet/posed_images/scene0691_00/00160.jpg",
      "transform_matrix": [
        [
          -0.756294,
          0.285503,
          -0.588649,
          4.456503
        ],
        [
          0.653113,
          0.276864,
          -0.704834,
          5.296507
        ],
        [
          -0.038257,
          -0.917515,
          -0.395856,
          1.344916
        ],
        [
          0.0,
          0.0,
          0.0,
          1.0
        ]
      ]
    },
    {
      "file_path": "/media/NFS/ttao/scannet/posed_images/scene0691_00/00165.jpg",
      "transform_matrix": [
        [
          -0.722597,
          0.294688,
          -0.625309,
          4.451204
        ],
        [
          0.690927,
          0.279446,
          -0.66673,
          5.180811
        ],
        [
          -0.021738,
          -0.913821,
          -0.405535,
          1.331643
        ],
        [
          0.0,
          0.0,
          0.0,
          1.0
        ]
      ]
    },
    {
      "file_path": "/media/NFS/ttao/scannet/posed_images/scene0691_00/00171.jpg",
      "transform_matrix": [
        [
          -0.703788,
          0.284013,
          -0.651168,
          4.435752
        ],
        [
          0.710293,
          0.298,
          -0.637715,
          5.064048
        ],
        [
          0.012929,
          -0.911336,
          -0.411461,
          1.320337
        ],
        [
          0.0,
          0.0,
          0.0,
          1.0
        ]
      ]
    },
    {
      "file_path": "/media/NFS/ttao/scannet/posed_images/scene0691_00/00172.jpg",
      "transform_matrix": [
        [
          -0.697042,
          0.28949,
          -0.655994,
          4.440247
        ],
        [
          0.716939,
          0.296019,
          -0.631167,
          5.047264
        ],
        [
          0.01147,
          -0.910258,
          -0.413884,
          1.312106
        ],
        [
          0.0,
          0.0,
          0.0,
          1.0
        ]
      ]
    },
    {
      "file_path": "/media/NFS/ttao/scannet/posed_images/scene0691_00/00179.jpg",
      "transform_matrix": [
        [
          -0.677601,
          0.341344,
          -0.651415,
          4.422812
        ],
        [
          0.735421,
          0.310045,
          -0.602518,
          4.93841
        ],
        [
          -0.003698,
          -0.887331,
          -0.461118,
          1.311485
        ],
        [
          0.0,
          0.0,
          0.0,
          1.0
        ]
      ]
    },
    {
      "file_path": "/media/NFS/ttao/scannet/posed_images/scene0691_00/00182.jpg",
      "transform_matrix": [
        [
          -0.660494,
          0.368971,
          -0.653917,
          4.408997
        ],
        [
          0.750811,
          0.318118,
          -0.578864,
          4.886266
        ],
        [
          -0.005562,
          -0.873305,
          -0.487143,
          1.305578
        ],
        [
          0.0,
          0.0,
          0.0,
          1.0
        ]
      ]
    },
    {
      "file_path": "/media/NFS/ttao/scannet/posed_images/scene0691_00/00184.jpg",
      "transform_matrix": [
        [
          -0.645146,
          0.386259,
          -0.659234,
          4.407232
        ],
        [
          0.764027,
          0.318241,
          -0.561235,
          4.852602
        ],
        [
          -0.006987,
          -0.865752,
          -0.500425,
          1.30314
        ],
        [
          0.0,
          0.0,
          0.0,
          1.0
        ]
      ]
    },
    {
      "file_path": "/media/NFS/ttao/scannet/posed_images/scene0691_00/00189.jpg",
      "transform_matrix": [
        [
          -0.584272,
          0.385961,
          -0.713905,
          4.394182
        ],
        [
          0.811558,
          0.277076,
          -0.514396,
          4.762094
        ],
        [
          -0.000731,
          -0.879922,
          -0.475117,
          1.315976
        ],
        [
          0.0,
          0.0,
          0.0,
          1.0
        ]
      ]
    },
    {
      "file_path": "/media/NFS/ttao/scannet/posed_images/scene0691_00/00195.jpg",
      "transform_matrix": [
        [
          -0.515193,
          0.394915,
          -0.76067,
          4.384124
        ],
        [
          0.857019,
          0.227305,
          -0.46244,
          4.664765
        ],
        [
          -0.009721,
          -0.890154,
          -0.455556,
          1.325471
        ],
        [
          0.0,
          0.0,
          0.0,
          1.0
        ]
      ]
    },
    {
      "file_path": "/media/NFS/ttao/scannet/posed_images/scene0691_00/00196.jpg",
      "transform_matrix": [
        [
          -0.508699,
          0.406641,
          -0.75886,
          4.375445
        ],
        [
          0.860873,
          0.22894,
          -0.454405,
          4.652213
        ],
        [
          -0.011047,
          -0.884438,
          -0.466528,
          1.328865
        ],
        [
          0.0,
          0.0,
          0.0,
          1.0
        ]
      ]
    },
    {
      "file_path": "/media/NFS/ttao/scannet/posed_images/scene0691_00/00200.jpg",
      "transform_matrix": [
        [
          -0.443577,
          0.406205,
          -0.798898,
          4.35887
        ],
        [
          0.895831,
          0.227758,
          -0.381593,
          4.588859
        ],
        [
          0.026951,
          -0.884943,
          -0.464919,
          1.323802
        ],
        [
          0.0,
          0.0,
          0.0,
          1.0
        ]
      ]
    },
    {
      "file_path": "/media/NFS/ttao/scannet/posed_images/scene0691_00/00206.jpg",
      "transform_matrix": [
        [
          -0.388213,
          0.415741,
          -0.822466,
          4.295684
        ],
        [
          0.920604,
          0.215796,
          -0.325454,
          4.503998
        ],
        [
          0.04218,
          -0.883511,
          -0.466507,
          1.306431
        ],
        [
          0.0,
          0.0,
          0.0,
          1.0
        ]
      ]
    },
    {
      "file_path": "/media/NFS/ttao/scannet/posed_images/scene0691_00/00210.jpg",
      "transform_matrix": [
        [
          -0.376092,
          0.42145,
          -0.825188,
          4.250197
        ],
        [
          0.926144,
          0.198363,
          -0.320794,
          4.458498
        ],
        [
          0.028488,
          -0.884891,
          -0.464926,
          1.301606
        ],
        [
          0.0,
          0.0,
          0.0,
          1.0
        ]
      ]
    },
    {
      "file_path": "/media/NFS/ttao/scannet/posed_images/scene0691_00/00212.jpg",
      "transform_matrix": [
        [
          -0.377028,
          0.411851,
          -0.829596,
          4.227628
        ],
        [
          0.925826,
          0.193118,
          -0.324889,
          4.429782
        ],
        [
          0.026404,
          -0.890553,
          -0.454113,
          1.293011
        ],
        [
          0.0,
          0.0,
          0.0,
          1.0
        ]
      ]
    },
    {
      "file_path": "/media/NFS/ttao/scannet/posed_images/scene0691_00/00218.jpg",
      "transform_matrix": [
        [
          -0.390528,
          0.404381,
          -0.827021,
          4.145072
        ],
        [
          0.920561,
          0.1643,
          -0.354362,
          4.347348
        ],
        [
          -0.007418,
          -0.899712,
          -0.436421,
          1.303364
        ],
        [
          0.0,
          0.0,
          0.0,
          1.0
        ]
      ]
    },
    {
      "file_path": "/media/NFS/ttao/scannet/posed_images/scene0691_00/00222.jpg",
      "transform_matrix": [
        [
          -0.384823,
          0.413082,
          -0.825393,
          4.080088
        ],
        [
          0.922734,
          0.151126,
          -0.354573,
          4.309038
        ],
        [
          -0.02173,
          -0.898067,
          -0.439322,
          1.308519
        ],
        [
          0.0,
          0.0,
          0.0,
          1.0
        ]
      ]
    },
    {
      "file_path": "/media/NFS/ttao/scannet/posed_images/scene0691_00/00226.jpg",
      "transform_matrix": [
        [
          -0.367118,
          0.401698,
          -0.838966,
          4.027386
        ],
        [
          0.929346,
          0.120351,
          -0.349043,
          4.263988
        ],
        [
          -0.039239,
          -0.90783,
          -0.417499,
          1.318083
        ],
        [
          0.0,
          0.0,
          0.0,
          1.0
        ]
      ]
    },
    {
      "file_path": "/media/NFS/ttao/scannet/posed_images/scene0691_00/00228.jpg",
      "transform_matrix": [
        [
          -0.352652,
          0.401113,
          -0.845426,
          3.998282
        ],
        [
          0.934366,
          0.101739,
          -0.341481,
          4.243218
        ],
        [
          -0.050959,
          -0.910361,
          -0.410665,
          1.321272
        ],
        [
          0.0,
          0.0,
          0.0,
          1.0
        ]
      ]
    },
    {
      "file_path": "/media/NFS/ttao/scannet/posed_images/scene0691_00/00232.jpg",
      "transform_matrix": [
        [
          -0.323486,
          0.370663,
          -0.870612,
          3.95085
        ],
        [
          0.944813,
          0.07615,
          -0.318636,
          4.186036
        ],
        [
          -0.051809,
          -0.925641,
          -0.374841,
          1.322967
        ],
        [
          0.0,
          0.0,
          0.0,
          1.0
        ]
      ]
    },
    {
      "file_path": "/media/NFS/ttao/scannet/posed_images/scene0691_00/00236.jpg",
      "transform_matrix": [
        [
          -0.294663,
          0.345354,
          -0.891013,
          3.904445
        ],
        [
          0.954177,
          0.055444,
          -0.294062,
          4.134948
        ],
        [
          -0.052154,
          -0.936834,
          -0.345866,
          1.319632
        ],
        [
          0.0,
          0.0,
          0.0,
          1.0
        ]
      ]
    },
    {
      "file_path": "/media/NFS/ttao/scannet/posed_images/scene0691_00/00241.jpg",
      "transform_matrix": [
        [
          -0.226589,
          0.30077,
          -0.926388,
          3.853027
        ],
        [
          0.972393,
          0.015401,
          -0.232842,
          4.027855
        ],
        [
          -0.055764,
          -0.953573,
          -0.295956,
          1.318797
        ],
        [
          0.0,
          0.0,
          0.0,
          1.0
        ]
      ]
    },
    {
      "file_path": "/media/NFS/ttao/scannet/posed_images/scene0691_00/00243.jpg",
      "transform_matrix": [
        [
          -0.234693,
          0.335733,
          -0.912252,
          3.817657
        ],
        [
          0.968713,
          0.002853,
          -0.248168,
          4.020257
        ],
        [
          -0.080715,
          -0.941953,
          -0.325898,
          1.336804
        ],
        [
          0.0,
          0.0,
          0.0,
          1.0
        ]
      ]
    },
    {
      "file_path": "/media/NFS/ttao/scannet/posed_images/scene0691_00/00249.jpg",
      "transform_matrix": [
        [
          -0.216603,
          0.329195,
          -0.919083,
          3.744785
        ],
        [
          0.971363,
          -0.021498,
          -0.236624,
          3.969032
        ],
        [
          -0.097654,
          -0.944017,
          -0.315112,
          1.351783
        ],
        [
          0.0,
          0.0,
          0.0,
          1.0
        ]
      ]
    },
    {
      "file_path": "/media/NFS/ttao/scannet/posed_images/scene0691_00/00251.jpg",
      "transform_matrix": [
        [
          -0.213096,
          0.336883,
          -0.917115,
          3.705419
        ],
        [
          0.971422,
          -0.027383,
          -0.235774,
          3.969691
        ],
        [
          -0.104541,
          -0.941148,
          -0.32142,
          1.358572
        ],
        [
          0.0,
          0.0,
          0.0,
          1.0
        ]
      ]
    },
    {
      "file_path": "/media/NFS/ttao/scannet/posed_images/scene0691_00/00255.jpg",
      "transform_matrix": [
        [
          -0.185606,
          0.324447,
          -0.927515,
          3.649568
        ],
        [
          0.977434,
          -0.035929,
          -0.208163,
          3.912507
        ],
        [
          -0.100862,
          -0.945221,
          -0.310457,
          1.346138
        ],
        [
          0.0,
          0.0,
          0.0,
          1.0
        ]
      ]
    },
    {
      "file_path": "/media/NFS/ttao/scannet/posed_images/scene0691_00/00261.jpg",
      "transform_matrix": [
        [
          -0.138081,
          0.328472,
          -0.934366,
          3.533639
        ],
        [
          0.984475,
          -0.057702,
          -0.165771,
          3.868977
        ],
        [
          -0.108366,
          -0.94275,
          -0.315405,
          1.339523
        ],
        [
          0.0,
          0.0,
          0.0,
          1.0
        ]
      ]
    },
    {
      "file_path": "/media/NFS/ttao/scannet/posed_images/scene0691_00/00265.jpg",
      "transform_matrix": [
        [
          -0.084627,
          0.339761,
          -0.936696,
          3.464895
        ],
        [
          0.990227,
          -0.075913,
          -0.116999,
          3.828133
        ],
        [
          -0.110859,
          -0.937443,
          -0.330016,
          1.338181
        ],
        [
          0.0,
          0.0,
          0.0,
          1.0
        ]
      ]
    },
    {
      "file_path": "/media/NFS/ttao/scannet/posed_images/scene0691_00/00266.jpg",
      "transform_matrix": [
        [
          -0.071966,
          0.351786,
          -0.93331,
          3.448576
        ],
        [
          0.990833,
          -0.082047,
          -0.107327,
          3.817137
        ],
        [
          -0.114332,
          -0.932478,
          -0.342657,
          1.338844
        ],
        [
          0.0,
          0.0,
          0.0,
          1.0
        ]
      ]
    },
    {
      "file_path": "/media/NFS/ttao/scannet/posed_images/scene0691_00/00271.jpg",
      "transform_matrix": [
        [
          0.008136,
          0.342361,
          -0.939533,
          3.359849
        ],
        [
          0.995108,
          -0.095282,
          -0.026104,
          3.783799
        ],
        [
          -0.098458,
          -0.934725,
          -0.341461,
          1.342235
        ],
        [
          0.0,
          0.0,
          0.0,
          1.0
        ]
      ]
    },
    {
      "file_path": "/media/NFS/ttao/scannet/posed_images/scene0691_00/00275.jpg",
      "transform_matrix": [
        [
          0.088375,
          0.33918,
          -0.936561,
          3.306242
        ],
        [
          0.992138,
          -0.113614,
          0.052473,
          3.759851
        ],
        [
          -0.088608,
          -0.933836,
          -0.346554,
          1.342766
        ],
        [
          0.0,
          0.0,
          0.0,
          1.0
        ]
      ]
    },
    {
      "file_path": "/media/NFS/ttao/scannet/posed_images/scene0691_00/00281.jpg",
      "transform_matrix": [
        [
          0.21845,
          0.350269,
          -0.910819,
          3.249238
        ],
        [
          0.973389,
          -0.144438,
          0.177911,
          3.716127
        ],
        [
          -0.06924,
          -0.925445,
          -0.372501,
          1.327759
        ],
        [
          0.0,
          0.0,
          0.0,
          1.0
        ]
      ]
    },
    {
      "file_path": "/media/NFS/ttao/scannet/posed_images/scene0691_00/00284.jpg",
      "transform_matrix": [
        [
          0.269377,
          0.353396,
          -0.89585,
          3.222754
        ],
        [
          0.959859,
          -0.174012,
          0.219979,
          3.699862
        ],
        [
          -0.078149,
          -0.919147,
          -0.386085,
          1.328702
        ],
        [
          0.0,
          0.0,
          0.0,
          1.0
        ]
      ]
    },
    {
      "file_path": "/media/NFS/ttao/scannet/posed_images/scene0691_00/00286.jpg",
      "transform_matrix": [
        [
          0.301486,
          0.359298,
          -0.883182,
          3.210156
        ],
        [
          0.949956,
          -0.19265,
          0.245906,
          3.692674
        ],
        [
          -0.081792,
          -0.913121,
          -0.399399,
          1.329175
        ],
        [
          0.0,
          0.0,
          0.0,
          1.0
        ]
      ]
    },
    {
      "file_path": "/media/NFS/ttao/scannet/posed_images/scene0691_00/00292.jpg",
      "transform_matrix": [
        [
          0.390996,
          0.335284,
          -0.85715,
          3.202346
        ],
        [
          0.918184,
          -0.20657,
          0.338034,
          3.724285
        ],
        [
          -0.063724,
          -0.919192,
          -0.38862,
          1.329116
        ],
        [
          0.0,
          0.0,
          0.0,
          1.0
        ]
      ]
    },
    {
      "file_path": "/media/NFS/ttao/scannet/posed_images/scene0691_00/00297.jpg",
      "transform_matrix": [
        [
          0.469182,
          0.304988,
          -0.828764,
          3.200672
        ],
        [
          0.881797,
          -0.212784,
          0.4209,
          3.74479
        ],
        [
          -0.047978,
          -0.928281,
          -0.368772,
          1.335397
        ],
        [
          0.0,
          0.0,
          0.0,
          1.0
        ]
      ]
    },
    {
      "file_path": "/media/NFS/ttao/scannet/posed_images/scene0691_00/00301.jpg",
      "transform_matrix": [
        [
          0.499828,
          0.297139,
          -0.813561,
          3.213459
        ],
        [
          0.863906,
          -0.238228,
          0.44375,
          3.795471
        ],
        [
          -0.061957,
          -0.924638,
          -0.375773,
          1.333346
        ],
        [
          0.0,
          0.0,
          0.0,
          1.0
        ]
      ]
    },
    {
      "file_path": "/media/NFS/ttao/scannet/posed_images/scene0691_00/00303.jpg",
      "transform_matrix": [
        [
          0.518388,
          0.295951,
          -0.802301,
          3.215898
        ],
        [
          0.852741,
          -0.249209,
          0.459051,
          3.810611
        ],
        [
