{
  "frames": [
    {
      "file_path": "/media/NFS/ttao/scannet/posed_images/scene0453_00/00000.jpg",
      "transform_matrix": [
        [
          -0.894577,
          -0.179154,
          0.409434,
          2.68823
        ],
        [
          -0.446747,
          0.383575,
          -0.808262,
          7.30633
        ],
        [
          -0.012245,
          -0.905966,
          -0.423174,
          1.376433
        ],
        [
          0.0,
          0.0,
          0.0,
          1.0
        ]
      ]
    },
    {
      "file_path": "/media/NFS/ttao/scannet/posed_images/scene0453_00/00002.jpg",
      "transform_matrix": [
        [
          -0.901994,
          -0.170311,
          0.396738,
          2.676481
        ],
        [
          -0.431555,
          0.383195,
          -0.816653,
          7.302595
        ],
        [
          -0.012943,
          -0.90783,
          -0.419138,
          1.375003
        ],
        [
          0.0,
          0.0,
          0.0,
          1.0
        ]
      ]
    },
    {
      "file_path": "/media/NFS/ttao/scannet/posed_images/scene0453_00/00004.jpg",
      "transform_matrix": [
        [
          -0.909751,
          -0.169156,
          0.379129,
          2.679415
        ],
        [
          -0.415078,
          0.388092,
          -0.822858,
          7.300662
        ],
        [
          -0.007946,
          -0.905964,
          -0.42328,
          1.378808
        ],
        [
          0.0,
          0.0,
          0.0,
          1.0
        ]
      ]
    },
    {
      "file_path": "/media/NFS/ttao/scannet/posed_images/scene0453_00/00008.jpg",
      "transform_matrix": [
        [
          -0.919841,
          -0.148109,
          0.363258,
          2.678054
        ],
        [
          -0.392038,
          0.380366,
          -0.837632,
          7.300729
        ],
        [
          -0.01411,
          -0.912899,
          -0.407941,
          1.383834
        ],
        [
          0.0,
          0.0,
          0.0,
          1.0
        ]
      ]
    },
    {
      "file_path": "/media/NFS/ttao/scannet/posed_images/scene0453_00/00011.jpg",
      "transform_matrix": [
        [
          -0.922995,
          -0.141357,
          0.357909,
          2.684856
        ],
        [
          -0.384618,
          0.368479,
          -0.846341,
          7.304113
        ],
        [
          -0.012245,
          -0.918826,
          -0.394473,
          1.387475
        ],
        [
          0.0,
          0.0,
          0.0,
          1.0
        ]
      ]
    },
    {
      "file_path": "/media/NFS/ttao/scannet/posed_images/scene0453_00/00013.jpg",
      "transform_matrix": [
        [
          -0.924166,
          -0.136255,
          0.356865,
          2.685172
        ],
        [
          -0.381724,
          0.364409,
          -0.849407,
          7.30665
        ],
        [
          -0.014309,
          -0.921217,
          -0.388786,
          1.388705
        ],
        [
          0.0,
          0.0,
          0.0,
          1.0
        ]
      ]
    },
    {
      "file_path": "/media/NFS/ttao/scannet/posed_images/scene0453_00/00014.jpg",
      "transform_matrix": [
        [
          -0.924327,
          -0.135021,
          0.356915,
          2.687353
        ],
        [
          -0.381336,
          0.361619,
          -0.850773,
          7.308488
        ],
        [
          -0.014195,
          -0.922497,
          -0.385743,
          1.387689
        ],
        [
          0.0,
          0.0,
          0.0,
          1.0
        ]
      ]
    },
    {
      "file_path": "/media/NFS/ttao/scannet/posed_images/scene0453_00/00018.jpg",
      "transform_matrix": [
        [
          -0.925805,
          -0.133916,
          0.353485,
          2.693255
        ],
        [
          -0.377889,
          0.350699,
          -0.856861,
          7.316577
        ],
        [
          -0.009219,
          -0.926864,
          -0.375285,
          1.388189
        ],
        [
          0.0,
          0.0,
          0.0,
          1.0
        ]
      ]
    },
    {
      "file_path": "/media/NFS/ttao/scannet/posed_images/scene0453_00/00020.jpg",
      "transform_matrix": [
        [
          -0.928371,
          -0.133334,
          0.346915,
          2.70193
        ],
        [
          -0.371605,
          0.348389,
          -0.860543,
          7.324692
        ],
        [
          -0.006122,
          -0.927819,
          -0.372982,
          1.386933
        ],
        [
          0.0,
          0.0,
          0.0,
          1.0
        ]
      ]
    },
    {
      "file_path": "/media/NFS/ttao/scannet/posed_images/scene0453_00/00021.jpg",
      "transform_matrix": [
        [
          -0.928961,
          -0.132019,
          0.345836,
          2.705611
        ],
        [
          -0.370102,
          0.35006,
          -0.860513,
          7.324918
        ],
        [
          -0.007459,
          -0.927377,
          -0.374053,
          1.390587
        ],
        [
          0.0,
          0.0,
          0.0,
          1.0
        ]
      ]
    },
    {
      "file_path": "/media/NFS/ttao/scannet/posed_images/scene0453_00/00024.jpg",
      "transform_matrix": [
        [
          -0.931204,
          -0.120532,
          0.343994,
          2.713038
        ],
        [
          -0.364077,
          0.353008,
          -0.861878,
          7.328846
        ],
        [
          -0.017549,
          -0.927824,
          -0.372605,
          1.392033
        ],
        [
          0.0,
          0.0,
          0.0,
          1.0
        ]
      ]
    },
    {
      "file_path": "/media/NFS/ttao/scannet/posed_images/scene0453_00/00026.jpg",
      "transform_matrix": [
        [
          -0.9333,
          -0.118988,
          0.33881,
          2.71701
        ],
        [
          -0.358725,
          0.351839,
          -0.864596,
          7.331732
        ],
        [
          -0.01633,
          -0.928467,
          -0.371055,
          1.387157
        ],
        [
          0.0,
          0.0,
          0.0,
          1.0
        ]
      ]
    },
    {
      "file_path": "/media/NFS/ttao/scannet/posed_images/scene0453_00/00029.jpg",
      "transform_matrix": [
        [
          -0.940596,
          -0.124143,
          0.316017,
          2.740139
        ],
        [
          -0.339488,
          0.357879,
          -0.869868,
          7.3324
        ],
        [
          -0.005108,
          -0.925479,
          -0.378765,
          1.38574
        ],
        [
          0.0,
          0.0,
          0.0,
          1.0
        ]
      ]
    },
    {
      "file_path": "/media/NFS/ttao/scannet/posed_images/scene0453_00/00031.jpg",
      "transform_matrix": [
        [
          -0.945702,
          -0.135424,
          0.29548,
          2.774398
        ],
        [
          -0.324526,
          0.342497,
          -0.881691,
          7.33768
        ],
        [
          0.018201,
          -0.929708,
          -0.367848,
          1.377069
        ],
        [
          0.0,
          0.0,
          0.0,
          1.0
        ]
      ]
    },
    {
      "file_path": "/media/NFS/ttao/scannet/posed_images/scene0453_00/00033.jpg",
      "transform_matrix": [
        [
          -0.948553,
          -0.131065,
          0.288215,
          2.786546
        ],
        [
          -0.316382,
          0.357294,
          -0.878774,
          7.336305
        ],
        [
          0.012199,
          -0.92475,
          -0.380379,
          1.366991
        ],
        [
          0.0,
          0.0,
          0.0,
          1.0
        ]
      ]
    },
    {
      "file_path": "/media/NFS/ttao/scannet/posed_images/scene0453_00/00037.jpg",
      "transform_matrix": [
        [
          -0.952607,
          -0.136417,
          0.2719,
          2.842764
        ],
        [
          -0.303988,
          0.39335,
          -0.867679,
          7.319495
        ],
        [
          0.011415,
          -0.909212,
          -0.416177,
          1.365561
        ],
        [
          0.0,
          0.0,
          0.0,
          1.0
        ]
      ]
    },
    {
      "file_path": "/media/NFS/ttao/scannet/posed_images/scene0453_00/00039.jpg",
      "transform_matrix": [
        [
          -0.956738,
          -0.128384,
          0.261095,
          2.863604
        ],
        [
          -0.29078,
          0.391081,
          -0.873214,
          7.306994
        ],
        [
          0.009997,
          -0.911358,
          -0.411493,
          1.360877
        ],
        [
          0.0,
          0.0,
          0.0,
          1.0
        ]
      ]
    },
    {
      "file_path": "/media/NFS/ttao/scannet/posed_images/scene0453_00/00040.jpg",
      "transform_matrix": [
        [
          -0.958445,
          -0.126123,
          0.255883,
          2.880117
        ],
        [
          -0.285153,
          0.3971,
          -0.872352,
          7.291773
        ],
        [
          0.008413,
          -0.909068,
          -0.416563,
          1.36341
        ],
        [
          0.0,
          0.0,
          0.0,
          1.0
        ]
      ]
    },
    {
      "file_path": "/media/NFS/ttao/scannet/posed_images/scene0453_00/00043.jpg",
      "transform_matrix": [
        [
          -0.959762,
          -0.124253,
          0.251829,
          2.920321
        ],
        [
          -0.28077,
          0.40873,
          -0.868394,
          7.261198
        ],
        [
          0.004971,
          -0.904158,
          -0.42717,
          1.361684
        ],
        [
          0.0,
          0.0,
          0.0,
          1.0
        ]
      ]
    },
    {
      "file_path": "/media/NFS/ttao/scannet/posed_images/scene0453_00/00047.jpg",
      "transform_matrix": [
        [
          -0.969139,
          -0.096624,
          0.226788,
          2.989275
        ],
        [
          -0.246492,
          0.39208,
          -0.886293,
          7.207808
        ],
        [
          -0.003282,
          -0.914843,
          -0.403797,
          1.359368
        ],
        [
          0.0,
          0.0,
          0.0,
          1.0
        ]
      ]
    },
    {
      "file_path": "/media/NFS/ttao/scannet/posed_images/scene0453_00/00048.jpg",
      "transform_matrix": [
        [
          -0.970013,
          -0.089217,
          0.226088,
          3.006946
        ],
        [
          -0.242836,
          0.395177,
          -0.885927,
          7.194589
        ],
        [
          -0.010305,
          -0.914262,
          -0.404991,
          1.359669
        ],
        [
          0.0,
          0.0,
          0.0,
          1.0
        ]
      ]
    },
    {
      "file_path": "/media/NFS/ttao/scannet/posed_images/scene0453_00/00050.jpg",
      "transform_matrix": [
        [
          -0.971925,
          -0.085933,
          0.219036,
          3.038333
        ],
        [
          -0.234918,
          0.406773,
          -0.882808,
          7.1703
        ],
        [
          -0.013235,
          -0.909479,
          -0.41554,
          1.357515
        ],
        [
          0.0,
          0.0,
          0.0,
          1.0
        ]
      ]
    },
    {
      "file_path": "/media/NFS/ttao/scannet/posed_images/scene0453_00/00054.jpg",
      "transform_matrix": [
        [
          -0.980446,
          -0.062011,
          0.186764,
          3.102239
        ],
        [
          -0.195717,
          0.406212,
          -0.892573,
          7.112503
        ],
        [
          -0.020516,
          -0.911672,
          -0.410405,
          1.36961
        ],
        [
          0.0,
          0.0,
          0.0,
          1.0
        ]
      ]
    },
    {
      "file_path": "/media/NFS/ttao/scannet/posed_images/scene0453_00/00055.jpg",
      "transform_matrix": [
        [
          -0.980498,
          -0.058919,
          0.18749,
          3.113094
        ],
        [
          -0.1952,
          0.402741,
          -0.894258,
          7.101876
        ],
        [
          -0.022822,
          -0.913416,
          -0.406387,
          1.366337
        ],
        [
          0.0,
          0.0,
          0.0,
          1.0
        ]
      ]
    },
    {
      "file_path": "/media/NFS/ttao/scannet/posed_images/scene0453_00/00059.jpg",
      "transform_matrix": [
        [
          -0.989819,
          -0.045583,
          0.134837,
          3.148652
        ],
        [
          -0.141572,
          0.413181,
          -0.899577,
          7.051435
        ],
        [
          -0.014707,
          -0.909508,
          -0.415427,
          1.369952
        ],
        [
          0.0,
          0.0,
          0.0,
          1.0
        ]
      ]
    },
    {
      "file_path": "/media/NFS/ttao/scannet/posed_images/scene0453_00/00061.jpg",
      "transform_matrix": [
        [
          -0.993533,
          -0.041008,
          0.105875,
          3.19299
        ],
        [
          -0.113278,
          0.421243,
          -0.899846,
          7.028419
        ],
        [
          -0.007698,
          -0.906021,
          -0.423164,
          1.381492
        ],
        [
          0.0,
          0.0,
          0.0,
          1.0
        ]
      ]
    },
    {
      "file_path": "/media/NFS/ttao/scannet/posed_images/scene0453_00/00062.jpg",
      "transform_matrix": [
        [
          -0.994546,
          -0.036459,
          0.097713,
          3.202416
        ],
        [
          -0.103979,
          0.419377,
          -0.901838,
          7.019668
        ],
        [
          -0.008099,
          -0.90708,
          -0.420881,
          1.386567
        ],
        [
          0.0,
          0.0,
          0.0,
          1.0
        ]
      ]
    },
    {
      "file_path": "/media/NFS/ttao/scannet/posed_images/scene0453_00/00066.jpg",
      "transform_matrix": [
        [
          -0.999372,
          -0.01424,
          0.032444,
          3.255496
        ],
        [
          -0.035431,
          0.405897,
          -0.913231,
          6.992383
        ],
        [
          -0.000165,
          -0.913808,
          -0.406147,
          1.388672
        ],
        [
          0.0,
          0.0,
          0.0,
          1.0
        ]
      ]
    },
    {
      "file_path": "/media/NFS/ttao/scannet/posed_images/scene0453_00/00068.jpg",
      "transform_matrix": [
        [
          -0.99992,
          0.00403,
          0.011989,
          3.288658
        ],
        [
          -0.009233,
          0.415267,
          -0.909653,
          6.98284
        ],
        [
          -0.008645,
          -0.909691,
          -0.415197,
          1.392689
        ],
        [
          0.0,
          0.0,
          0.0,
          1.0
        ]
      ]
    },
    {
      "file_path": "/media/NFS/ttao/scannet/posed_images/scene0453_00/00069.jpg",
      "transform_matrix": [
        [
          -0.999903,
          0.013437,
          0.003519,
          3.3017
        ],
        [
          0.002394,
          0.416319,
          -0.909216,
          6.979545
        ],
        [
          -0.013682,
          -0.90912,
          -0.416311,
          1.396658
        ],
        [
          0.0,
          0.0,
          0.0,
          1.0
        ]
      ]
    },
    {
      "file_path": "/media/NFS/ttao/scannet/posed_images/scene0453_00/00073.jpg",
      "transform_matrix": [
        [
          -0.994969,
          0.050092,
          -0.086757,
          3.396611
        ],
        [
          0.099653,
          0.406213,
          -0.908328,
          6.965889
        ],
        [
          -0.010258,
          -0.912405,
          -0.409161,
          1.410135
        ],
        [
          0.0,
          0.0,
          0.0,
          1.0
        ]
      ]
    },
    {
      "file_path": "/media/NFS/ttao/scannet/posed_images/scene0453_00/00075.jpg",
      "transform_matrix": [
        [
          -0.992096,
          0.07035,
          -0.103903,
          3.428763
        ],
        [
          0.123197,
          0.38891,
          -0.913001,
          6.965499
        ],
        [
          -0.023821,
          -0.918586,
          -0.394503,
          1.4183
        ],
        [
          0.0,
          0.0,
          0.0,
          1.0
        ]
      ]
    },
    {
      "file_path": "/media/NFS/ttao/scannet/posed_images/scene0453_00/00078.jpg",
      "transform_matrix": [
        [
          -0.987107,
          0.091097,
          -0.131605,
          3.468168
        ],
        [
          0.155687,
          0.355626,
          -0.92157,
          6.970665
        ],
        [
          -0.03715,
          -0.930178,
          -0.365224,
          1.420002
        ],
        [
          0.0,
          0.0,
          0.0,
          1.0
        ]
      ]
    },
    {
      "file_path": "/media/NFS/ttao/scannet/posed_images/scene0453_00/00079.jpg",
      "transform_matrix": [
        [
          -0.985176,
          0.094827,
          -0.142951,
          3.481004
        ],
        [
          0.167515,
          0.352278,
          -0.920782,
          6.970995
        ],
        [
          -0.036957,
          -0.931079,
          -0.362941,
          1.41794
        ],
        [
          0.0,
          0.0,
          0.0,
          1.0
        ]
      ]
    },
    {
      "file_path": "/media/NFS/ttao/scannet/posed_images/scene0453_00/00082.jpg",
      "transform_matrix": [
        [
          -0.980812,
          0.092252,
          -0.171749,
          3.524664
        ],
        [
          0.193696,
          0.36108,
          -0.912197,
          6.968124
        ],
        [
          -0.022137,
          -0.927961,
          -0.37202,
          1.419849
        ],
        [
          0.0,
          0.0,
          0.0,
          1.0
        ]
      ]
    },
    {
      "file_path": "/media/NFS/ttao/scannet/posed_images/scene0453_00/00084.jpg",
      "transform_matrix": [
        [
          -0.979774,
          0.085247,
          -0.181038,
          3.547445
        ],
        [
          0.19963,
          0.354123,
          -0.913643,
          6.963402
        ],
        [
          -0.013775,
          -0.931305,
          -0.363979,
          1.421419
        ],
        [
          0.0,
          0.0,
          0.0,
          1.0
        ]
      ]
    },
    {
      "file_path": "/media/NFS/ttao/scannet/posed_images/scene0453_00/00086.jpg",
      "transform_matrix": [
        [
          -0.97811,
          0.089811,
          -0.187707,
          3.571231
        ],
        [
          0.207409,
          0.348043,
          -0.914247,
          6.95397
        ],
        [
          -0.016779,
          -0.933167,
          -0.359052,
          1.423029
        ],
        [
          0.0,
          0.0,
          0.0,
          1.0
        ]
      ]
    },
    {
      "file_path": "/media/NFS/ttao/scannet/posed_images/scene0453_00/00090.jpg",
      "transform_matrix": [
        [
          -0.976298,
          0.091927,
          -0.195935,
          3.632111
        ],
        [
          0.215718,
          0.340051,
          -0.915331,
          6.918721
        ],
        [
          -0.017516,
          -0.935903,
          -0.351822,
          1.428752
        ],
        [
          0.0,
          0.0,
          0.0,
          1.0
        ]
      ]
    },
    {
      "file_path": "/media/NFS/ttao/scannet/posed_images/scene0453_00/00092.jpg",
      "transform_matrix": [
        [
          -0.976108,
          0.104318,
          -0.190606,
          3.648395
        ],
        [
          0.215102,
          0.339871,
          -0.915543,
          6.898469
        ],
        [
          -0.030727,
          -0.934669,
          -0.35419,
          1.433217
        ],
        [
          0.0,
          0.0,
          0.0,
          1.0
        ]
      ]
    },
    {
      "file_path": "/media/NFS/ttao/scannet/posed_images/scene0453_00/00093.jpg",
      "transform_matrix": [
        [
          -0.975504,
          0.110347,
          -0.190302,
          3.661208
        ],
        [
          0.216982,
          0.340332,
          -0.914928,
          6.887303
        ],
        [
          -0.036194,
          -0.933808,
          -0.355939,
          1.434373
        ],
        [
          0.0,
          0.0,
          0.0,
          1.0
        ]
      ]
    },
    {
      "file_path": "/media/NFS/ttao/scannet/posed_images/scene0453_00/00096.jpg",
      "transform_matrix": [
        [
          -0.97414,
          0.129121,
          -0.185414,
          3.696635
        ],
        [
          0.218858,
          0.335333,
          -0.916326,
          6.852934
        ],
        [
          -0.056141,
          -0.933209,
          -0.35492,
          1.441607
        ],
        [
          0.0,
          0.0,
          0.0,
          1.0
        ]
      ]
    },
    {
      "file_path": "/media/NFS/ttao/scannet/posed_images/scene0453_00/00100.jpg",
      "transform_matrix": [
        [
          -0.974326,
          0.161661,
          -0.156701,
          3.745982
        ],
        [
          0.203226,
          0.331954,
          -0.921143,
          6.804289
        ],
        [
          -0.096895,
          -0.92934,
          -0.356285,
          1.455942
        ],
        [
          0.0,
          0.0,
          0.0,
          1.0
        ]
      ]
    },
    {
      "file_path": "/media/NFS/ttao/scannet/posed_images/scene0453_00/00101.jpg",
      "transform_matrix": [
        [
          -0.974587,
          0.163609,
          -0.153011,
          3.757121
        ],
        [
          0.200422,
          0.331751,
          -0.921831,
          6.793828
        ],
        [
          -0.100058,
          -0.929071,
          -0.356111,
          1.458204
        ],
        [
          0.0,
          0.0,
          0.0,
          1.0
        ]
      ]
    },
    {
      "file_path": "/media/NFS/ttao/scannet/posed_images/scene0453_00/00105.jpg",
      "transform_matrix": [
        [
          -0.974178,
          0.169244,
          -0.149444,
          3.796493
        ],
        [
          0.19569,
          0.302773,
          -0.932756,
          6.756132
        ],
        [
          -0.112616,
          -0.937915,
          -0.328075,
          1.469351
        ],
        [
          0.0,
          0.0,
          0.0,
          1.0
        ]
      ]
    },
    {
      "file_path": "/media/NFS/ttao/scannet/posed_images/scene0453_00/00106.jpg",
      "transform_matrix": [
        [
          -0.973095,
          0.171774,
          -0.153554,
          3.804375
        ],
        [
          0.200396,
          0.302129,
          -0.931965,
          6.749228
        ],
        [
          -0.113695,
          -0.937663,
          -0.328423,
          1.473386
        ],
        [
          0.0,
          0.0,
          0.0,
          1.0
        ]
      ]
    },
    {
      "file_path": "/media/NFS/ttao/scannet/posed_images/scene0453_00/00109.jpg",
      "transform_matrix": [
        [
          -0.969685,
          0.17371,
          -0.171857,
          3.827359
        ],
        [
          0.216936,
          0.288283,
          -0.932647,
          6.731666
        ],
        [
          -0.112467,
          -0.941657,
          -0.317228,
          1.489591
        ],
        [
          0.0,
          0.0,
          0.0,
          1.0
        ]
      ]
    },
    {
      "file_path": "/media/NFS/ttao/scannet/posed_images/scene0453_00/00110.jpg",
      "transform_matrix": [
        [
          -0.969571,
          0.16872,
          -0.177382,
          3.837962
        ],
        [
          0.219571,
          0.278918,
          -0.934876,
          6.732262
        ],
        [
          -0.108257,
          -0.945377,
          -0.307477,
          1.483649
        ],
        [
          0.0,
          0.0,
          0.0,
          1.0
        ]
      ]
    },
    {
      "file_path": "/media/NFS/ttao/scannet/posed_images/scene0453_00/00113.jpg",
      "transform_matrix": [
        [
          -0.966299,
          0.165404,
          -0.197249,
          3.858953
        ],
        [
          0.235085,
          0.254814,
          -0.937979,
          6.729635
        ],
        [
          -0.104884,
          -0.952739,
          -0.285111,
          1.4911
        ],
        [
          0.0,
          0.0,
          0.0,
          1.0
        ]
      ]
    },
    {
      "file_path": "/media/NFS/ttao/scannet/posed_images/scene0453_00/00116.jpg",
      "transform_matrix": [
        [
          -0.959923,
          0.164643,
          -0.226804,
          3.87714
        ],
        [
          0.261472,
          0.234772,
          -0.936223,
          6.737189
        ],
        [
          -0.100896,
          -0.958005,
          -0.268413,
          1.488445
        ],
        [
          0.0,
          0.0,
          0.0,
          1.0
        ]
      ]
    },
    {
      "file_path": "/media/NFS/ttao/scannet/posed_images/scene0453_00/00119.jpg",
      "transform_matrix": [
        [
          -0.955831,
          0.15124,
          -0.252017,
          3.896404
        ],
        [
          0.282892,
          0.240774,
          -0.928439,
          6.750677
        ],
        [
          -0.079738,
          -0.958725,
          -0.272924,
          1.484787
        ],
        [
          0.0,
          0.0,
          0.0,
          1.0
        ]
      ]
    },
    {
      "file_path": "/media/NFS/ttao/scannet/posed_images/scene0453_00/00120.jpg",
      "transform_matrix": [
        [
          -0.953579,
          0.146874,
          -0.262895,
          3.9078
        ],
        [
          0.29225,
          0.240781,
          -0.925535,
          6.757731
        ],
        [
          -0.072637,
          -0.959402,
          -0.272528,
          1.485456
        ],
        [
          0.0,
          0.0,
          0.0,
          1.0
        ]
      ]
    },
    {
      "file_path": "/media/NFS/ttao/scannet/posed_images/scene0453_00/00122.jpg",
      "transform_matrix": [
        [
          -0.950541,
          0.142864,
          -0.275791,
          3.923504
        ],
        [
          0.303866,
          0.243871,
          -0.920974,
          6.768392
        ],
        [
          -0.064317,
          -0.959227,
          -0.275221,
          1.477121
        ],
        [
          0.0,
          0.0,
          0.0,
          1.0
        ]
      ]
    },
    {
      "file_path": "/media/NFS/ttao/scannet/posed_images/scene0453_00/00125.jpg",
      "transform_matrix": [
        [
          -0.94269,
          0.141238,
          -0.302303,
          3.946952
        ],
        [
          0.329368,
          0.248892,
          -0.910807,
          6.778628
        ],
        [
          -0.0534,
          -0.958178,
          -0.281148,
          1.472853
        ],
        [
          0.0,
          0.0,
          0.0,
          1.0
        ]
      ]
    },
    {
      "file_path": "/media/NFS/ttao/scannet/posed_images/scene0453_00/00129.jpg",
      "transform_matrix": [
        [
          -0.93112,
          0.152753,
          -0.331182,
          3.973243
        ],
        [
          0.360622,
          0.24999,
          -0.898586,
          6.796445
        ],
        [
          -0.054469,
          -0.956123,
          -0.287856,
          1.457826
        ],
        [
          0.0,
          0.0,
          0.0,
          1.0
        ]
      ]
    },
    {
      "file_path": "/media/NFS/ttao/scannet/posed_images/scene0453_00/00130.jpg",
      "transform_matrix": [
        [
          -0.927399,
          0.154717,
          -0.340579,
          3.978773
        ],
        [
          0.370326,
          0.251164,
          -0.894302,
          6.803439
        ],
        [
          -0.052823,
          -0.9555,
          -0.290225,
          1.452556
        ],
        [
          0.0,
          0.0,
          0.0,
          1.0
        ]
      ]
    },
    {
      "file_path": "/media/NFS/ttao/scannet/posed_images/scene0453_00/00133.jpg",
      "transform_matrix": [
        [
          -0.91452,
          0.154014,
          -0.374075,
          3.997367
        ],
        [
          0.403017,
          0.26669,
          -0.875474,
          6.804518
        ],
        [
          -0.035073,
          -0.951397,
          -0.305964,
          1.434526
        ],
        [
          0.0,
          0.0,
          0.0,
          1.0
        ]
      ]
    },
    {
      "file_path": "/media/NFS/ttao/scannet/posed_images/scene0453_00/00136.jpg",
      "transform_matrix": [
        [
          -0.903198,
          0.144138,
          -0.404299,
          4.008802
        ],
        [
          0.429205,
          0.294561,
          -0.853825,
          6.797115
        ],
        [
          -0.003978,
          -0.9447,
          -0.327912,
          1.426656
        ],
        [
          0.0,
          0.0,
          0.0,
          1.0
        ]
      ]
    },
    {
      "file_path": "/media/NFS/ttao/scannet/posed_images/scene0453_00/00138.jpg",
      "transform_matrix": [
        [
          -0.895254,
          0.148456,
          -0.420097,
          4.013188
        ],
        [
          0.445557,
          0.298981,
          -0.843854,
          6.78382
        ],
        [
          0.000325,
          -0.942641,
          -0.333809,
          1.425886
        ],
        [
          0.0,
          0.0,
          0.0,
          1.0
        ]
      ]
    },
    {
      "file_path": "/media/NFS/ttao/scannet/posed_images/scene0453_00/00141.jpg",
      "transform_matrix": [
        [
          -0.885695,
          0.155758,
          -0.43736,
          4.02626
        ],
        [
          0.464267,
          0.295856,
          -0.834821,
          6.752596
        ],
        [
          -0.000635,
          -0.942448,
          -0.334351,
          1.424186
        ],
        [
          0.0,
          0.0,
          0.0,
          1.0
        ]
      ]
    },
    {
      "file_path": "/media/NFS/ttao/scannet/posed_images/scene0453_00/00142.jpg",
      "transform_matrix": [
        [
          -0.883805,
          0.156682,
          -0.440839,
          4.026541
        ],
        [
          0.467853,
          0.293421,
          -0.833677,
          6.741378
        ],
        [
          -0.001271,
          -0.943056,
          -0.332631,
          1.421882
        ],
        [
          0.0,
          0.0,
          0.0,
          1.0
        ]
      ]
    },
    {
      "file_path": "/media/NFS/ttao/scannet/posed_images/scene0453_00/00145.jpg",
      "transform_matrix": [
        [
          -0.876232,
          0.179899,
          -0.447051,
          4.023297
        ],
        [
          0.481288,
          0.28036,
          -0.830518,
          6.702183
        ],
        [
          -0.024074,
          -0.942886,
          -0.332243,
          1.415347
        ],
        [
          0.0,
          0.0,
          0.0,
          1.0
        ]
      ]
    },
    {
      "file_path": "/media/NFS/ttao/scannet/posed_images/scene0453_00/00147.jpg",
      "transform_matrix": [
        [
          -0.871804,
          0.190861,
          -0.451142,
          4.019447
        ],
        [
          0.489032,
          0.285766,
          -0.824127,
          6.666564
        ],
        [
          -0.028372,
          -0.939101,
          -0.342469,
          1.40603
        ],
        [
          0.0,
          0.0,
          0.0,
          1.0
        ]
      ]
    },
    {
      "file_path": "/media/NFS/ttao/scannet/posed_images/scene0453_00/00150.jpg",
      "transform_matrix": [
        [
          -0.856429,
          0.211811,
          -0.470813,
          4.012441
        ],
        [
          0.514979,
          0.286196,
          -0.808015,
          6.604112
        ],
        [
          -0.036402,
          -0.934467,
          -0.354185,
          1.412955
        ],
        [
          0.0,
          0.0,
          0.0,
          1.0
        ]
      ]
    },
    {
      "file_path": "/media/NFS/ttao/scannet/posed_images/scene0453_00/00151.jpg",
      "transform_matrix": [
        [
          -0.857666,
          0.2136,
          -0.467743,
          4.007412
        ],
        [
          0.512819,
          0.288517,
          -0.808563,
          6.587978
        ],
        [
          -0.037757,
          -0.933345,
          -0.356989,
          1.408604
        ],
        [
          0.0,
          0.0,
          0.0,
          1.0
        ]
      ]
    },
    {
      "file_path": "/media/NFS/ttao/scannet/posed_images/scene0453_00/00155.jpg",
      "transform_matrix": [
        [
          -0.868079,
          0.233352,
          -0.438162,
          4.001413
        ],
        [
          0.493661,
          0.312757,
          -0.811469,
          6.505824
        ],
        [
          -0.05232,
          -0.920722,
          -0.386695,
          1.415178
        ],
        [
          0.0,
          0.0,
          0.0,
          1.0
        ]
      ]
    },
    {
      "file_path": "/media/NFS/ttao/scannet/posed_images/scene0453_00/00158.jpg",
      "transform_matrix": [
        [
          -0.880594,
          0.218719,
          -0.420376,
          4.008995
        ],
        [
          0.471425,
          0.314317,
          -0.823992,
          6.457213
        ],
        [
          -0.048092,
          -0.923778,
          -0.379895,
          1.40807
        ],
        [
          0.0,
          0.0,
          0.0,
          1.0
        ]
      ]
    },
    {
      "file_path": "/media/NFS/ttao/scannet/posed_images/scene0453_00/00160.jpg",
      "transform_matrix": [
        [
          -0.880884,
          0.213532,
          -0.42243,
          4.025801
        ],
        [
          0.471676,
          0.321402,
          -0.82111,
          6.409254
        ],
        [
          -0.039564,
          -0.922553,
          -0.383836,
          1.407921
        ],
        [
          0.0,
          0.0,
          0.0,
          1.0
        ]
      ]
    },
    {
      "file_path": "/media/NFS/ttao/scannet/posed_images/scene0453_00/00162.jpg",
      "transform_matrix": [
        [
          -0.885085,
          0.203567,
          -0.418551,
          4.032863
        ],
        [
          0.464116,
          0.318532,
          -0.826519,
          6.380471
        ],
        [
          -0.03493,
          -0.925796,
          -0.376407,
          1.40115
        ],
        [
          0.0,
          0.0,
          0.0,
          1.0
        ]
      ]
    },
    {
      "file_path": "/media/NFS/ttao/scannet/posed_images/scene0453_00/00165.jpg",
      "transform_matrix": [
        [
          -0.885567,
          0.19836,
          -0.420029,
          4.051408
        ],
        [
          0.463811,
          0.327931,
          -0.823007,
          6.323223
        ],
        [
          -0.025511,
          -0.923642,
          -0.382406,
          1.391745
        ],
        [
          0.0,
          0.0,
          0.0,
          1.0
        ]
      ]
    },
    {
      "file_path": "/media/NFS/ttao/scannet/posed_images/scene0453_00/00166.jpg",
      "transform_matrix": [
        [
          -0.883837,
          0.193433,
          -0.42593,
          4.056691
        ],
        [
          0.467404,
          0.327934,
          -0.820971,
          6.305794
        ],
        [
          -0.019126,
          -0.924685,
          -0.380251,
          1.387713
        ],
        [
          0.0,
          0.0,
          0.0,
          1.0
        ]
      ]
    },
    {
      "file_path": "/media/NFS/ttao/scannet/posed_images/scene0453_00/00169.jpg",
      "transform_matrix": [
        [
          -0.869552,
          0.195805,
          -0.453364,
          4.080788
        ],
        [
          0.493709,
          0.323493,
          -0.807219,
          6.242634
        ],
        [
          -0.011397,
          -0.92575,
          -0.377965,
          1.384833
        ],
        [
          0.0,
          0.0,
          0.0,
          1.0
        ]
      ]
    },
    {
      "file_path": "/media/NFS/ttao/scannet/posed_images/scene0453_00/00171.jpg",
      "transform_matrix": [
        [
          -0.86951,
          0.199832,
          -0.451686,
          4.089595
        ],
        [
          0.493735,
          0.326939,
          -0.805814,
          6.215608
        ],
        [
          -0.013353,
          -0.923676,
          -0.382941,
          1.387053
        ],
        [
          0.0,
          0.0,
          0.0,
          1.0
        ]
      ]
    },
    {
      "file_path": "/media/NFS/ttao/scannet/posed_images/scene0453_00/00174.jpg",
      "transform_matrix": [
        [
          -0.850756,
          0.209428,
          -0.482031,
          4.116547
        ],
        [
          0.525554,
          0.33436,
          -0.782302,
          6.154579
        ],
        [
          -0.002664,
          -0.918882,
          -0.394525,
          1.388836
        ],
        [
          0.0,
          0.0,
          0.0,
          1.0
        ]
      ]
    },
    {
      "file_path": "/media/NFS/ttao/scannet/posed_images/scene0453_00/00176.jpg",
      "transform_matrix": [
        [
          -0.838662,
          0.21987,
          -0.4983,
          4.134997
        ],
        [
          0.54452,
          0.318397,
          -0.775964,
          6.108971
        ],
        [
          -0.011954,
          -0.922107,
          -0.386751,
          1.403214
        ],
        [
          0.0,
          0.0,
          0.0,
          1.0
        ]
      ]
    },
    {
      "file_path": "/media/NFS/ttao/scannet/posed_images/scene0453_00/00178.jpg",
      "transform_matrix": [
        [
          -0.844976,
          0.220881,
          -0.487058,
          4.155867
        ],
        [
          0.534129,
          0.302831,
          -0.789303,
          6.075922
        ],
        [
          -0.026846,
          -0.927095,
          -0.373864,
          1.388722
        ],
        [
          0.0,
          0.0,
          0.0,
          1.0
        ]
      ]
    },
    {
      "file_path": "/media/NFS/ttao/scannet/posed_images/scene0453_00/00182.jpg",
      "transform_matrix": [
        [
          -0.83774,
          0.229184,
          -0.495647,
          4.189342
        ],
        [
          0.546062,
          0.347181,
          -0.762418,
          5.992754
        ],
        [
          -0.002655,
          -0.909362,
          -0.415997,
          1.381722
        ],
        [
          0.0,
          0.0,
          0.0,
          1.0
        ]
      ]
    },
    {
      "file_path": "/media/NFS/ttao/scannet/posed_images/scene0453_00/00184.jpg",
      "transform_matrix": [
        [
          -0.833847,
          0.231906,
          -0.500917,
          4.199191
        ],
        [
          0.551986,
          0.355551,
          -0.754251,
          5.949322
        ],
        [
          0.003186,
          -0.90543,
          -0.424484,
          1.375359
        ],
        [
          0.0,
          0.0,
          0.0,
          1.0
        ]
      ]
    },
    {
      "file_path": "/media/NFS/ttao/scannet/posed_images/scene0453_00/00185.jpg",
      "transform_matrix": [
        [
          -0.832888,
          0.22974,
          -0.503504,
          4.198311
        ],
        [
          0.553402,
          0.356554,
          -0.752739,
          5.932579
        ],
        [
