{
  "frames": [
    {
      "file_path": "/media/NFS/ttao/scannet/posed_images/scene0486_00/00006.jpg",
      "transform_matrix": [
        [
          0.811183,
          -0.181752,
          0.555832,
          6.946645
        ],
        [
          -0.583879,
          -0.198615,
          0.78717,
          4.147534
        ],
        [
          -0.032673,
          -0.963078,
          -0.267234,
          1.355129
        ],
        [
          0.0,
          0.0,
          0.0,
          1.0
        ]
      ]
    },
    {
      "file_path": "/media/NFS/ttao/scannet/posed_images/scene0486_00/00009.jpg",
      "transform_matrix": [
        [
          0.811968,
          -0.189058,
          0.552236,
          6.94773
        ],
        [
          -0.582547,
          -0.203001,
          0.787039,
          4.144511
        ],
        [
          -0.036692,
          -0.960754,
          -0.274966,
          1.348989
        ],
        [
          0.0,
          0.0,
          0.0,
          1.0
        ]
      ]
    },
    {
      "file_path": "/media/NFS/ttao/scannet/posed_images/scene0486_00/00024.jpg",
      "transform_matrix": [
        [
          0.796621,
          -0.251715,
          0.549577,
          6.94827
        ],
        [
          -0.603262,
          -0.273402,
          0.749217,
          4.139565
        ],
        [
          -0.038334,
          -0.928381,
          -0.369648,
          1.306903
        ],
        [
          0.0,
          0.0,
          0.0,
          1.0
        ]
      ]
    },
    {
      "file_path": "/media/NFS/ttao/scannet/posed_images/scene0486_00/00027.jpg",
      "transform_matrix": [
        [
          0.794497,
          -0.259807,
          0.548886,
          6.945106
        ],
        [
          -0.605717,
          -0.27447,
          0.746842,
          4.137132
        ],
        [
          -0.043382,
          -0.925833,
          -0.375435,
          1.30152
        ],
        [
          0.0,
          0.0,
          0.0,
          1.0
        ]
      ]
    },
    {
      "file_path": "/media/NFS/ttao/scannet/posed_images/scene0486_00/00044.jpg",
      "transform_matrix": [
        [
          0.826785,
          -0.276418,
          0.489918,
          6.899601
        ],
        [
          -0.561795,
          -0.361592,
          0.744068,
          4.108548
        ],
        [
          -0.028523,
          -0.890418,
          -0.454249,
          1.258119
        ],
        [
          0.0,
          0.0,
          0.0,
          1.0
        ]
      ]
    },
    {
      "file_path": "/media/NFS/ttao/scannet/posed_images/scene0486_00/00047.jpg",
      "transform_matrix": [
        [
          0.827,
          -0.283351,
          0.485574,
          6.890961
        ],
        [
          -0.561561,
          -0.375124,
          0.737517,
          4.106272
        ],
        [
          -0.026826,
          -0.882606,
          -0.469347,
          1.250522
        ],
        [
          0.0,
          0.0,
          0.0,
          1.0
        ]
      ]
    },
    {
      "file_path": "/media/NFS/ttao/scannet/posed_images/scene0486_00/00056.jpg",
      "transform_matrix": [
        [
          0.81445,
          -0.279041,
          0.508731,
          6.864468
        ],
        [
          -0.580232,
          -0.39424,
          0.712675,
          4.118857
        ],
        [
          0.001697,
          -0.87562,
          -0.482997,
          1.250888
        ],
        [
          0.0,
          0.0,
          0.0,
          1.0
        ]
      ]
    },
    {
      "file_path": "/media/NFS/ttao/scannet/posed_images/scene0486_00/00074.jpg",
      "transform_matrix": [
        [
          0.812668,
          -0.234649,
          0.533396,
          6.763429
        ],
        [
          -0.582705,
          -0.335276,
          0.740301,
          4.168239
        ],
        [
          0.005124,
          -0.912431,
          -0.409199,
          1.310155
        ],
        [
          0.0,
          0.0,
          0.0,
          1.0
        ]
      ]
    },
    {
      "file_path": "/media/NFS/ttao/scannet/posed_images/scene0486_00/00083.jpg",
      "transform_matrix": [
        [
          0.781618,
          -0.200959,
          0.590499,
          6.715618
        ],
        [
          -0.623639,
          -0.233303,
          0.746086,
          4.175984
        ],
        [
          -0.012167,
          -0.951412,
          -0.307679,
          1.341926
        ],
        [
          0.0,
          0.0,
          0.0,
          1.0
        ]
      ]
    },
    {
      "file_path": "/media/NFS/ttao/scannet/posed_images/scene0486_00/00095.jpg",
      "transform_matrix": [
        [
          0.76777,
          -0.161579,
          0.620017,
          6.692516
        ],
        [
          -0.640367,
          -0.161157,
          0.750972,
          4.205531
        ],
        [
          -0.021421,
          -0.973613,
          -0.227201,
          1.370154
        ],
        [
          0.0,
          0.0,
          0.0,
          1.0
        ]
      ]
    },
    {
      "file_path": "/media/NFS/ttao/scannet/posed_images/scene0486_00/00104.jpg",
      "transform_matrix": [
        [
          0.758854,
          -0.183383,
          0.62491,
          6.701902
        ],
        [
          -0.647755,
          -0.113095,
          0.753407,
          4.250969
        ],
        [
          -0.067488,
          -0.976515,
          -0.20461,
          1.372076
        ],
        [
          0.0,
          0.0,
          0.0,
          1.0
        ]
      ]
    },
    {
      "file_path": "/media/NFS/ttao/scannet/posed_images/scene0486_00/00110.jpg",
      "transform_matrix": [
        [
          0.750573,
          -0.176466,
          0.636789,
          6.686752
        ],
        [
          -0.658213,
          -0.114677,
          0.744046,
          4.287589
        ],
        [
          -0.058274,
          -0.977604,
          -0.202226,
          1.372415
        ],
        [
          0.0,
          0.0,
          0.0,
          1.0
        ]
      ]
    },
    {
      "file_path": "/media/NFS/ttao/scannet/posed_images/scene0486_00/00116.jpg",
      "transform_matrix": [
        [
          0.713354,
          -0.181504,
          0.676891,
          6.647019
        ],
        [
          -0.699229,
          -0.119622,
          0.704819,
          4.338305
        ],
        [
          -0.046956,
          -0.976088,
          -0.212246,
          1.359134
        ],
        [
          0.0,
          0.0,
          0.0,
          1.0
        ]
      ]
    },
    {
      "file_path": "/media/NFS/ttao/scannet/posed_images/scene0486_00/00133.jpg",
      "transform_matrix": [
        [
          0.656636,
          -0.226504,
          0.719392,
          6.49133
        ],
        [
          -0.754208,
          -0.196614,
          0.626509,
          4.468723
        ],
        [
          -0.000465,
          -0.95396,
          -0.299935,
          1.356589
        ],
        [
          0.0,
          0.0,
          0.0,
          1.0
        ]
      ]
    },
    {
      "file_path": "/media/NFS/ttao/scannet/posed_images/scene0486_00/00142.jpg",
      "transform_matrix": [
        [
          0.669209,
          -0.227258,
          0.70747,
          6.470048
        ],
        [
          -0.743005,
          -0.217754,
          0.632873,
          4.466346
        ],
        [
          0.010229,
          -0.949177,
          -0.314577,
          1.356152
        ],
        [
          0.0,
          0.0,
          0.0,
          1.0
        ]
      ]
    },
    {
      "file_path": "/media/NFS/ttao/scannet/posed_images/scene0486_00/00145.jpg",
      "transform_matrix": [
        [
          0.679063,
          -0.226429,
          0.698286,
          6.468383
        ],
        [
          -0.734074,
          -0.213466,
          0.644646,
          4.455999
        ],
        [
          0.003094,
          -0.950349,
          -0.311172,
          1.356525
        ],
        [
          0.0,
          0.0,
          0.0,
          1.0
        ]
      ]
    },
    {
      "file_path": "/media/NFS/ttao/scannet/posed_images/scene0486_00/00160.jpg",
      "transform_matrix": [
        [
          0.736,
          -0.207382,
          0.644436,
          6.46738
        ],
        [
          -0.67641,
          -0.186152,
          0.712613,
          4.399575
        ],
        [
          -0.02782,
          -0.960386,
          -0.277283,
          1.382332
        ],
        [
          0.0,
          0.0,
          0.0,
          1.0
        ]
      ]
    },
    {
      "file_path": "/media/NFS/ttao/scannet/posed_images/scene0486_00/00166.jpg",
      "transform_matrix": [
        [
          0.742122,
          -0.16745,
          0.649011,
          6.445312
        ],
        [
          -0.670258,
          -0.18101,
          0.719715,
          4.409916
        ],
        [
          -0.003039,
          -0.969121,
          -0.246566,
          1.400272
        ],
        [
          0.0,
          0.0,
          0.0,
          1.0
        ]
      ]
    },
    {
      "file_path": "/media/NFS/ttao/scannet/posed_images/scene0486_00/00181.jpg",
      "transform_matrix": [
        [
          0.749028,
          -0.255828,
          0.611154,
          6.328942
        ],
        [
          -0.662325,
          -0.26574,
          0.700505,
          4.434116
        ],
        [
          -0.016801,
          -0.929481,
          -0.368488,
          1.340477
        ],
        [
          0.0,
          0.0,
          0.0,
          1.0
        ]
      ]
    },
    {
      "file_path": "/media/NFS/ttao/scannet/posed_images/scene0486_00/00193.jpg",
      "transform_matrix": [
        [
          0.714917,
          -0.308137,
          0.62765,
          6.311872
        ],
        [
          -0.698938,
          -0.289928,
          0.653779,
          4.381284
        ],
        [
          -0.01948,
          -0.906087,
          -0.422644,
          1.314773
        ],
        [
          0.0,
          0.0,
          0.0,
          1.0
        ]
      ]
    },
    {
      "file_path": "/media/NFS/ttao/scannet/posed_images/scene0486_00/00196.jpg",
      "transform_matrix": [
        [
          0.71715,
          -0.311711,
          0.623324,
          6.322127
        ],
        [
          -0.696344,
          -0.284152,
          0.659062,
          4.36131
        ],
        [
          -0.028318,
          -0.906694,
          -0.420838,
          1.310285
        ],
        [
          0.0,
          0.0,
          0.0,
          1.0
        ]
      ]
    },
    {
      "file_path": "/media/NFS/ttao/scannet/posed_images/scene0486_00/00210.jpg",
      "transform_matrix": [
        [
          0.757483,
          -0.307255,
          0.576033,
          6.428797
        ],
        [
          -0.651397,
          -0.296754,
          0.698298,
          4.271264
        ],
        [
          -0.043615,
          -0.904175,
          -0.424931,
          1.279128
        ],
        [
          0.0,
          0.0,
          0.0,
          1.0
        ]
      ]
    },
    {
      "file_path": "/media/NFS/ttao/scannet/posed_images/scene0486_00/00219.jpg",
      "transform_matrix": [
        [
          0.797561,
          -0.300136,
          0.523274,
          6.445187
        ],
        [
          -0.602021,
          -0.340915,
          0.722044,
          4.267308
        ],
        [
          -0.03832,
          -0.890896,
          -0.452588,
          1.25577
        ],
        [
          0.0,
          0.0,
          0.0,
          1.0
        ]
      ]
    },
    {
      "file_path": "/media/NFS/ttao/scannet/posed_images/scene0486_00/00228.jpg",
      "transform_matrix": [
        [
          0.843714,
          -0.245499,
          0.477365,
          6.426523
        ],
        [
          -0.536545,
          -0.358656,
          0.763862,
          4.282828
        ],
        [
          -0.016317,
          -0.900609,
          -0.434324,
          1.277586
        ],
        [
          0.0,
          0.0,
          0.0,
          1.0
        ]
      ]
    },
    {
      "file_path": "/media/NFS/ttao/scannet/posed_images/scene0486_00/00234.jpg",
      "transform_matrix": [
        [
          0.861538,
          -0.231526,
          0.451828,
          6.404908
        ],
        [
          -0.507663,
          -0.383153,
          0.771668,
          4.297256
        ],
        [
          -0.005542,
          -0.894198,
          -0.447638,
          1.273096
        ],
        [
          0.0,
          0.0,
          0.0,
          1.0
        ]
      ]
    },
    {
      "file_path": "/media/NFS/ttao/scannet/posed_images/scene0486_00/00246.jpg",
      "transform_matrix": [
        [
          0.901059,
          -0.185811,
          0.391877,
          6.355816
        ],
        [
          -0.433561,
          -0.363246,
          0.824668,
          4.305253
        ],
        [
          -0.010884,
          -0.912977,
          -0.407866,
          1.267863
        ],
        [
          0.0,
          0.0,
          0.0,
          1.0
        ]
      ]
    },
    {
      "file_path": "/media/NFS/ttao/scannet/posed_images/scene0486_00/00255.jpg",
      "transform_matrix": [
        [
          0.916544,
          -0.151462,
          0.370145,
          6.316972
        ],
        [
          -0.399053,
          -0.284933,
          0.871533,
          4.298139
        ],
        [
          -0.026537,
          -0.946505,
          -0.321595,
          1.239319
        ],
        [
          0.0,
          0.0,
          0.0,
          1.0
        ]
      ]
    },
    {
      "file_path": "/media/NFS/ttao/scannet/posed_images/scene0486_00/00273.jpg",
      "transform_matrix": [
        [
          0.933986,
          -0.099972,
          0.34304,
          6.272095
        ],
        [
          -0.357247,
          -0.279431,
          0.891231,
          4.307869
        ],
        [
          0.006758,
          -0.954947,
          -0.296699,
          1.262071
        ],
        [
          0.0,
          0.0,
          0.0,
          1.0
        ]
      ]
    },
    {
      "file_path": "/media/NFS/ttao/scannet/posed_images/scene0486_00/00282.jpg",
      "transform_matrix": [
        [
          0.935373,
          -0.081459,
          0.344153,
          6.260362
        ],
        [
          -0.353647,
          -0.206403,
          0.912322,
          4.314901
        ],
        [
          -0.003283,
          -0.975071,
          -0.221871,
          1.30632
        ],
        [
          0.0,
          0.0,
          0.0,
          1.0
        ]
      ]
    },
    {
      "file_path": "/media/NFS/ttao/scannet/posed_images/scene0486_00/00290.jpg",
      "transform_matrix": [
        [
          0.926087,
          -0.089043,
          0.366652,
          6.24859
        ],
        [
          -0.377225,
          -0.198023,
          0.904703,
          4.333459
        ],
        [
          -0.007953,
          -0.976145,
          -0.216976,
          1.324835
        ],
        [
          0.0,
          0.0,
          0.0,
          1.0
        ]
      ]
    },
    {
      "file_path": "/media/NFS/ttao/scannet/posed_images/scene0486_00/00296.jpg",
      "transform_matrix": [
        [
          0.903614,
          -0.086927,
          0.419434,
          6.220463
        ],
        [
          -0.428137,
          -0.213924,
          0.878029,
          4.368563
        ],
        [
          0.013403,
          -0.972975,
          -0.230522,
          1.321012
        ],
        [
          0.0,
          0.0,
          0.0,
          1.0
        ]
      ]
    },
    {
      "file_path": "/media/NFS/ttao/scannet/posed_images/scene0486_00/00308.jpg",
      "transform_matrix": [
        [
          0.851015,
          -0.126416,
          0.509699,
          6.111843
        ],
        [
          -0.525141,
          -0.203227,
          0.826393,
          4.4529
        ],
        [
          -0.000885,
          -0.970937,
          -0.239335,
          1.329516
        ],
        [
          0.0,
          0.0,
          0.0,
          1.0
        ]
      ]
    },
    {
      "file_path": "/media/NFS/ttao/scannet/posed_images/scene0486_00/00314.jpg",
      "transform_matrix": [
        [
          0.84303,
          -0.145588,
          0.517789,
          6.07439
        ],
        [
          -0.537736,
          -0.206825,
          0.817352,
          4.479319
        ],
        [
          -0.011905,
          -0.967485,
          -0.252647,
          1.335559
        ],
        [
          0.0,
          0.0,
          0.0,
          1.0
        ]
      ]
    },
    {
      "file_path": "/media/NFS/ttao/scannet/posed_images/scene0486_00/00323.jpg",
      "transform_matrix": [
        [
          0.832633,
          -0.159981,
          0.530216,
          6.050078
        ],
        [
          -0.553818,
          -0.245492,
          0.795625,
          4.518842
        ],
        [
          0.002879,
          -0.956107,
          -0.293005,
          1.327435
        ],
        [
          0.0,
          0.0,
          0.0,
          1.0
        ]
      ]
    },
    {
      "file_path": "/media/NFS/ttao/scannet/posed_images/scene0486_00/00338.jpg",
      "transform_matrix": [
        [
          0.829551,
          -0.209819,
          0.517515,
          6.064
        ],
        [
          -0.558123,
          -0.280723,
          0.780828,
          4.536548
        ],
        [
          -0.018554,
          -0.936574,
          -0.349979,
          1.32052
        ],
        [
          0.0,
          0.0,
          0.0,
          1.0
        ]
      ]
    },
    {
      "file_path": "/media/NFS/ttao/scannet/posed_images/scene0486_00/00350.jpg",
      "transform_matrix": [
        [
          0.822869,
          -0.252491,
          0.509054,
          6.090252
        ],
        [
          -0.56823,
          -0.363431,
          0.738263,
          4.507932
        ],
        [
          -0.001399,
          -0.896753,
          -0.442529,
          1.305701
        ],
        [
          0.0,
          0.0,
          0.0,
          1.0
        ]
      ]
    },
    {
      "file_path": "/media/NFS/ttao/scannet/posed_images/scene0486_00/00359.jpg",
      "transform_matrix": [
        [
          0.84598,
          -0.274988,
          0.456837,
          6.130356
        ],
        [
          -0.531318,
          -0.362534,
          0.765683,
          4.454812
        ],
        [
          -0.044935,
          -0.890478,
          -0.452802,
          1.282603
        ],
        [
          0.0,
          0.0,
          0.0,
          1.0
        ]
      ]
    },
    {
      "file_path": "/media/NFS/ttao/scannet/posed_images/scene0486_00/00370.jpg",
      "transform_matrix": [
        [
          0.900886,
          -0.20183,
          0.384278,
          6.169277
        ],
        [
          -0.433936,
          -0.439629,
          0.786401,
          4.375241
        ],
        [
          0.010221,
          -0.875209,
          -0.483637,
          1.215822
        ],
        [
          0.0,
          0.0,
          0.0,
          1.0
        ]
      ]
    },
    {
      "file_path": "/media/NFS/ttao/scannet/posed_images/scene0486_00/00376.jpg",
      "transform_matrix": [
        [
          0.921603,
          -0.173914,
          0.34699,
          6.154622
        ],
        [
          -0.387924,
          -0.44217,
          0.808703,
          4.357058
        ],
        [
          0.012784,
          -0.879909,
          -0.47497,
          1.208568
        ],
        [
          0.0,
          0.0,
          0.0,
          1.0
        ]
      ]
    },
    {
      "file_path": "/media/NFS/ttao/scannet/posed_images/scene0486_00/00391.jpg",
      "transform_matrix": [
        [
          0.937398,
          -0.150599,
          0.314015,
          6.105165
        ],
        [
          -0.348233,
          -0.393939,
          0.850615,
          4.360715
        ],
        [
          -0.004399,
          -0.906715,
          -0.421721,
          1.233556
        ],
        [
          0.0,
          0.0,
          0.0,
          1.0
        ]
      ]
    },
    {
      "file_path": "/media/NFS/ttao/scannet/posed_images/scene0486_00/00394.jpg",
      "transform_matrix": [
        [
          0.936755,
          -0.151508,
          0.315492,
          6.090854
        ],
        [
          -0.349949,
          -0.392546,
          0.850555,
          4.369799
        ],
        [
          -0.005021,
          -0.907168,
          -0.420739,
          1.236416
        ],
        [
          0.0,
          0.0,
          0.0,
          1.0
        ]
      ]
    },
    {
      "file_path": "/media/NFS/ttao/scannet/posed_images/scene0486_00/00403.jpg",
      "transform_matrix": [
        [
          0.936437,
          -0.152976,
          0.315729,
          6.044508
        ],
        [
          -0.350798,
          -0.395053,
          0.849043,
          4.40723
        ],
        [
          -0.005153,
          -0.905832,
          -0.423606,
          1.251014
        ],
        [
          0.0,
          0.0,
          0.0,
          1.0
        ]
      ]
    },
    {
      "file_path": "/media/NFS/ttao/scannet/posed_images/scene0486_00/00418.jpg",
      "transform_matrix": [
        [
          0.945029,
          -0.121769,
          0.303467,
          6.000789
        ],
        [
          -0.326977,
          -0.358873,
          0.874241,
          4.455639
        ],
        [
          0.002451,
          -0.92541,
          -0.378961,
          1.283488
        ],
        [
          0.0,
          0.0,
          0.0,
          1.0
        ]
      ]
    },
    {
      "file_path": "/media/NFS/ttao/scannet/posed_images/scene0486_00/00430.jpg",
      "transform_matrix": [
        [
          0.952416,
          -0.114427,
          0.282507,
          5.965193
        ],
        [
          -0.304721,
          -0.378696,
          0.873919,
          4.501201
        ],
        [
          0.006985,
          -0.918421,
          -0.395544,
          1.316581
        ],
        [
          0.0,
          0.0,
          0.0,
          1.0
        ]
      ]
    },
    {
      "file_path": "/media/NFS/ttao/scannet/posed_images/scene0486_00/00433.jpg",
      "transform_matrix": [
        [
          0.957901,
          -0.106788,
          0.266499,
          5.955619
        ],
        [
          -0.286967,
          -0.384225,
          0.877509,
          4.508204
        ],
        [
          0.008688,
          -0.917043,
          -0.398694,
          1.314495
        ],
        [
          0.0,
          0.0,
          0.0,
          1.0
        ]
      ]
    },
    {
      "file_path": "/media/NFS/ttao/scannet/posed_images/scene0486_00/00442.jpg",
      "transform_matrix": [
        [
          0.978513,
          -0.108453,
          0.175356,
          5.932133
        ],
        [
          -0.204142,
          -0.390231,
          0.8978,
          4.512358
        ],
        [
          -0.02894,
          -0.914307,
          -0.403986,
          1.287988
        ],
        [
          0.0,
          0.0,
          0.0,
          1.0
        ]
      ]
    },
    {
      "file_path": "/media/NFS/ttao/scannet/posed_images/scene0486_00/00453.jpg",
      "transform_matrix": [
        [
          0.98029,
          -0.107091,
          0.166021,
          5.894827
        ],
        [
          -0.19501,
          -0.389821,
          0.900006,
          4.510991
        ],
        [
          -0.031664,
          -0.914643,
          -0.403022,
          1.25753
        ],
        [
          0.0,
          0.0,
          0.0,
          1.0
        ]
      ]
    },
    {
      "file_path": "/media/NFS/ttao/scannet/posed_images/scene0486_00/00462.jpg",
      "transform_matrix": [
        [
          0.979115,
          -0.088385,
          0.183087,
          5.811791
        ],
        [
          -0.203303,
          -0.422631,
          0.883205,
          4.528531
        ],
        [
          -0.000684,
          -0.901982,
          -0.431774,
          1.23558
        ],
        [
          0.0,
          0.0,
          0.0,
          1.0
        ]
      ]
    },
    {
      "file_path": "/media/NFS/ttao/scannet/posed_images/scene0486_00/00477.jpg",
      "transform_matrix": [
        [
          0.980702,
          -0.10924,
          0.162142,
          5.680683
        ],
        [
          -0.194158,
          -0.446891,
          0.873264,
          4.573056
        ],
        [
          -0.022936,
          -0.887893,
          -0.459477,
          1.224923
        ],
        [
          0.0,
          0.0,
          0.0,
          1.0
        ]
      ]
    },
    {
      "file_path": "/media/NFS/ttao/scannet/posed_images/scene0486_00/00486.jpg",
      "transform_matrix": [
        [
          0.968485,
          -0.137332,
          0.207789,
          5.682327
        ],
        [
          -0.247707,
          -0.443897,
          0.86116,
          4.618413
        ],
        [
          -0.026028,
          -0.885492,
          -0.463926,
          1.240732
        ],
        [
          0.0,
          0.0,
          0.0,
          1.0
        ]
      ]
    },
    {
      "file_path": "/media/NFS/ttao/scannet/posed_images/scene0486_00/00498.jpg",
      "transform_matrix": [
        [
          0.965529,
          -0.145963,
          0.215521,
          5.714287
        ],
        [
          -0.255068,
          -0.365416,
          0.895216,
          4.703771
        ],
        [
          -0.051914,
          -0.919329,
          -0.39005,
          1.317768
        ],
        [
          0.0,
          0.0,
          0.0,
          1.0
        ]
      ]
    },
    {
      "file_path": "/media/NFS/ttao/scannet/posed_images/scene0486_00/00507.jpg",
      "transform_matrix": [
        [
          0.963849,
          -0.149764,
          0.220378,
          5.747469
        ],
        [
          -0.260521,
          -0.356194,
          0.89736,
          4.782125
        ],
        [
          -0.055896,
          -0.922332,
          -0.382334,
          1.366167
        ],
        [
          0.0,
          0.0,
          0.0,
          1.0
        ]
      ]
    },
    {
      "file_path": "/media/NFS/ttao/scannet/posed_images/scene0486_00/00516.jpg",
      "transform_matrix": [
        [
          0.970417,
          -0.140347,
          0.196451,
          5.760421
        ],
        [
          -0.233671,
          -0.341302,
          0.910445,
          4.817184
        ],
        [
          -0.06073,
          -0.929417,
          -0.364,
          1.410566
        ],
        [
          0.0,
          0.0,
          0.0,
          1.0
        ]
      ]
    },
    {
      "file_path": "/media/NFS/ttao/scannet/posed_images/scene0486_00/00528.jpg",
      "transform_matrix": [
        [
          0.973973,
          -0.152949,
          0.167283,
          5.767586
        ],
        [
          -0.215206,
          -0.3923,
          0.894308,
          4.837683
        ],
        [
          -0.071159,
          -0.907032,
          -0.415005,
          1.426858
        ],
        [
          0.0,
          0.0,
          0.0,
          1.0
        ]
      ]
    },
    {
      "file_path": "/media/NFS/ttao/scannet/posed_images/scene0486_00/00536.jpg",
      "transform_matrix": [
        [
          0.972259,
          -0.15507,
          0.175115,
          5.77422
        ],
        [
          -0.224326,
          -0.406106,
          0.885865,
          4.844836
        ],
        [
          -0.066256,
          -0.900573,
          -0.429626,
          1.437338
        ],
        [
          0.0,
          0.0,
          0.0,
          1.0
        ]
      ]
    },
    {
      "file_path": "/media/NFS/ttao/scannet/posed_images/scene0486_00/00545.jpg",
      "transform_matrix": [
        [
          0.97563,
          -0.13418,
          0.173617,
          5.77327
        ],
        [
          -0.213006,
          -0.389168,
          0.896201,
          4.834649
        ],
        [
          -0.052685,
          -0.911342,
          -0.408265,
          1.439096
        ],
        [
          0.0,
          0.0,
          0.0,
          1.0
        ]
      ]
    },
    {
      "file_path": "/media/NFS/ttao/scannet/posed_images/scene0486_00/00557.jpg",
      "transform_matrix": [
        [
          0.989942,
          -0.072295,
          0.121607,
          5.714769
        ],
        [
          -0.139816,
          -0.368756,
          0.918951,
          4.774063
        ],
        [
          -0.021592,
          -0.926711,
          -0.375155,
          1.423018
        ],
        [
          0.0,
          0.0,
          0.0,
          1.0
        ]
      ]
    },
    {
      "file_path": "/media/NFS/ttao/scannet/posed_images/scene0486_00/00569.jpg",
      "transform_matrix": [
        [
          0.996748,
          -0.023944,
          0.07694,
          5.614214
        ],
        [
          -0.080534,
          -0.328348,
          0.941117,
          4.689272
        ],
        [
          0.002729,
          -0.944253,
          -0.329208,
          1.418788
        ],
        [
          0.0,
          0.0,
          0.0,
          1.0
        ]
      ]
    },
    {
      "file_path": "/media/NFS/ttao/scannet/posed_images/scene0486_00/00575.jpg",
      "transform_matrix": [
        [
          0.99656,
          -0.012867,
          0.081868,
          5.567144
        ],
        [
          -0.081436,
          -0.335244,
          0.938605,
          4.686894
        ],
        [
          0.015369,
          -0.942044,
          -0.335139,
          1.41332
        ],
        [
          0.0,
          0.0,
          0.0,
          1.0
        ]
      ]
    },
    {
      "file_path": "/media/NFS/ttao/scannet/posed_images/scene0486_00/00581.jpg",
      "transform_matrix": [
        [
          0.994521,
          -0.055965,
          0.088292,
          5.532341
        ],
        [
          -0.100996,
          -0.296492,
          0.94968,
          4.699385
        ],
        [
          -0.026971,
          -0.953394,
          -0.300519,
          1.384467
        ],
        [
          0.0,
          0.0,
          0.0,
          1.0
        ]
      ]
    },
    {
      "file_path": "/media/NFS/ttao/scannet/posed_images/scene0486_00/00590.jpg",
      "transform_matrix": [
        [
          0.989319,
          -0.086992,
          0.116966,
          5.469532
        ],
        [
          -0.13765,
          -0.293465,
          0.946008,
          4.749787
        ],
        [
          -0.047969,
          -0.952004,
          -0.302305,
          1.350844
        ],
        [
          0.0,
          0.0,
          0.0,
          1.0
        ]
      ]
    },
    {
      "file_path": "/media/NFS/ttao/scannet/posed_images/scene0486_00/00608.jpg",
      "transform_matrix": [
        [
          0.980437,
          -0.070703,
          0.183695,
          5.290424
        ],
        [
          -0.196663,
          -0.390524,
          0.899341,
          4.797913
        ],
        [
          0.008151,
          -0.917874,
          -0.396789,
          1.302505
        ],
        [
          0.0,
          0.0,
          0.0,
          1.0
        ]
      ]
    },
    {
      "file_path": "/media/NFS/ttao/scannet/posed_images/scene0486_00/00617.jpg",
      "transform_matrix": [
        [
          0.976035,
          -0.077037,
          0.203521,
          5.184181
        ],
        [
          -0.217097,
          -0.409074,
          0.8863,
          4.791288
        ],
        [
          0.014977,
          -0.909244,
          -0.415995,
          1.262803
        ],
        [
          0.0,
          0.0,
          0.0,
          1.0
        ]
      ]
    },
    {
      "file_path": "/media/NFS/ttao/scannet/posed_images/scene0486_00/00625.jpg",
      "transform_matrix": [
        [
          0.983912,
          -0.071739,
          0.163618,
          5.118199
        ],
        [
          -0.178621,
          -0.412587,
          0.893234,
          4.780483
        ],
        [
          0.003427,
          -0.908089,
          -0.418763,
          1.234284
        ],
        [
          0.0,
          0.0,
          0.0,
          1.0
        ]
      ]
    },
    {
      "file_path": "/media/NFS/ttao/scannet/posed_images/scene0486_00/00634.jpg",
      "transform_matrix": [
        [
          0.984013,
          -0.056344,
          0.16895,
          5.093015
        ],
        [
          -0.17736,
          -0.396281,
          0.900836,
          4.782452
        ],
        [
          0.016195,
          -0.916399,
          -0.399938,
          1.233016
        ],
        [
          0.0,
          0.0,
          0.0,
          1.0
        ]
      ]
    },
    {
      "file_path": "/media/NFS/ttao/scannet/posed_images/scene0486_00/00643.jpg",
      "transform_matrix": [
        [
          0.986329,
          -0.064604,
          0.151596,
          5.10443
        ],
        [
          -0.164482,
          -0.329962,
          0.929554,
          4.796771
        ],
        [
          -0.010032,
          -0.941781,
          -0.336078,
          1.294481
        ],
        [
          0.0,
          0.0,
          0.0,
          1.0
        ]
      ]
    },
    {
      "file_path": "/media/NFS/ttao/scannet/posed_images/scene0486_00/00655.jpg",
      "transform_matrix": [
        [
          0.980482,
          -0.093064,
          0.173187,
          5.117642
        ],
        [
          -0.19281,
          -0.28284,
          0.939588,
          4.821404
        ],
        [
          -0.038458,
          -0.954642,
          -0.295263,
          1.324974
        ],
        [
          0.0,
          0.0,
          0.0,
          1.0
        ]
      ]
    },
    {
      "file_path": "/media/NFS/ttao/scannet/posed_images/scene0486_00/00667.jpg",
      "transform_matrix": [
        [
          0.984363,
          -0.1129,
          0.135218,
          5.117076
        ],
        [
          -0.165082,
          -0.323388,
          0.931755,
          4.85074
        ],
        [
          -0.061467,
          -0.939507,
          -0.336969,
          1.333085
        ],
        [
          0.0,
          0.0,
          0.0,
          1.0
        ]
      ]
    },
    {
      "file_path": "/media/NFS/ttao/scannet/posed_images/scene0486_00/00676.jpg",
      "transform_matrix": [
        [
          0.980712,
          -0.118559,
          0.155396,
          5.090475
        ],
        [
          -0.184895,
          -0.304884,
          0.93427,
          4.86082
        ],
        [
          -0.063388,
          -0.944981,
          -0.320924,
          1.36199
        ],
        [
          0.0,
          0.0,
          0.0,
          1.0
        ]
      ]
    },
    {
      "file_path": "/media/NFS/ttao/scannet/posed_images/scene0486_00/00679.jpg",
      "transform_matrix": [
        [
          0.977784,
          -0.133762,
          0.161388,
          5.096241
        ],
        [
          -0.195675,
          -0.306379,
          0.931581,
          4.861991
        ],
        [
          -0.075165,
          -0.942465,
          -0.325747,
          1.369961
        ],
        [
          0.0,
          0.0,
          0.0,
          1.0
        ]
      ]
    },
    {
      "file_path": "/media/NFS/ttao/scannet/posed_images/scene0486_00/00691.jpg",
      "transform_matrix": [
        [
          0.986139,
          -0.142007,
          0.085819,
          5.243096
        ],
        [
          -0.125537,
          -0.300356,
          0.94553,
          4.830827
        ],
        [
          -0.108495,
          -0.943197,
          -0.31402,
          1.362853
        ],
        [
          0.0,
          0.0,
          0.0,
          1.0
        ]
      ]
    },
    {
      "file_path": "/media/NFS/ttao/scannet/posed_images/scene0486_00/00700.jpg",
      "transform_matrix": [
        [
          0.997017,
          -0.073445,
          -0.023714,
          5.3592
        ],
        [
          -0.005984,
          -0.3799,
          0.925008,
          4.840642
        ],
        [
          -0.076946,
          -0.922107,
          -0.379206,
          1.392336
        ],
        [
          0.0,
          0.0,
          0.0,
          1.0
        ]
      ]
    },
    {
      "file_path": "/media/NFS/ttao/scannet/posed_images/scene0486_00/00717.jpg",
      "transform_matrix": [
        [
          0.998465,
          -0.055247,
          -0.003906,
          5.347677
        ],
        [
          -0.017345,
          -0.378902,
          0.925274,
          4.899668
        ],
        [
          -0.052598,
          -0.923786,
          -0.379279,
          1.467436
        ],
        [
          0.0,
          0.0,
          0.0,
          1.0
        ]
      ]
    },
    {
      "file_path": "/media/NFS/ttao/scannet/posed_images/scene0486_00/00720.jpg",
      "transform_matrix": [
        [
          0.998603,
          -0.051205,
          0.013017,
          5.328713
        ],
        [
          -0.032098,
          -0.392289,
          0.919282,
          4.913477
        ],
        [
          -0.041965,
          -0.918416,
          -0.393385,
          1.485211
        ],
        [
          0.0,
          0.0,
          0.0,
          1.0
        ]
      ]
    },
    {
      "file_path": "/media/NFS/ttao/scannet/posed_images/scene0486_00/00732.jpg",
      "transform_matrix": [
        [
          0.994974,
          -0.081655,
          0.057968,
          5.243503
        ],
        [
          -0.084721,
          -0.377788,
          0.922008,
          4.948525
        ],
        [
          -0.053387,
          -0.922285,
          -0.382806,
          1.516156
        ],
        [
          0.0,
          0.0,
          0.0,
          1.0
        ]
      ]
    },
    {
      "file_path": "/media/NFS/ttao/scannet/posed_images/scene0486_00/00747.jpg",
      "transform_matrix": [
        [
          0.9917,
          -0.095354,
          0.086246,
          5.18121
        ],
        [
          -0.116113,
          -0.376148,
          0.919256,
          4.969732
        ],
        [
          -0.055213,
          -0.92164,
          -0.384097,
          1.533525
        ],
        [
          0.0,
          0.0,
          0.0,
          1.0
        ]
      ]
    },
    {
      "file_path": "/media/NFS/ttao/scannet/posed_images/scene0486_00/00756.jpg",
      "transform_matrix": [
        [
          0.990681,
          -0.107274,
          0.08392,
          5.17028
        ],
        [
          -0.116867,
          -0.353096,
          0.928259,
          4.97997
        ],
        [
          -0.069947,
          -0.929417,
          -0.362342,
          1.552743
        ],
        [
          0.0,
          0.0,
          0.0,
          1.0
        ]
      ]
    },
    {
      "file_path": "/media/NFS/ttao/scannet/posed_images/scene0486_00/00765.jpg",
      "transform_matrix": [
        [
          0.990514,
          -0.11655,
          0.072792,
          5.179008
        ],
        [
          -0.108614,
          -0.339555,
          0.934294,
          4.977929
        ],
        [
          -0.084175,
          -0.933338,
