{
  "frames": [
    {
      "file_path": "/media/NFS/ttao/scannet/posed_images/scene0040_01/00000.jpg",
      "transform_matrix": [
        [
          0.751287,
          0.204209,
          -0.627588,
          3.437059
        ],
        [
          0.655499,
          -0.341451,
          0.673596,
          4.239483
        ],
        [
          -0.076736,
          -0.917448,
          -0.390386,
          1.339208
        ],
        [
          0.0,
          0.0,
          0.0,
          1.0
        ]
      ]
    },
    {
      "file_path": "/media/NFS/ttao/scannet/posed_images/scene0040_01/00013.jpg",
      "transform_matrix": [
        [
          0.730618,
          0.229167,
          -0.64318,
          3.426308
        ],
        [
          0.679424,
          -0.337389,
          0.651576,
          4.240787
        ],
        [
          -0.067683,
          -0.913045,
          -0.402204,
          1.324891
        ],
        [
          0.0,
          0.0,
          0.0,
          1.0
        ]
      ]
    },
    {
      "file_path": "/media/NFS/ttao/scannet/posed_images/scene0040_01/00020.jpg",
      "transform_matrix": [
        [
          0.723511,
          0.211759,
          -0.657031,
          3.414403
        ],
        [
          0.68701,
          -0.313874,
          0.655362,
          4.240839
        ],
        [
          -0.067446,
          -0.925549,
          -0.372572,
          1.354126
        ],
        [
          0.0,
          0.0,
          0.0,
          1.0
        ]
      ]
    },
    {
      "file_path": "/media/NFS/ttao/scannet/posed_images/scene0040_01/00039.jpg",
      "transform_matrix": [
        [
          0.698081,
          0.043731,
          -0.714682,
          3.402425
        ],
        [
          0.713401,
          -0.127761,
          0.689011,
          4.243397
        ],
        [
          -0.061178,
          -0.99084,
          -0.120386,
          1.487522
        ],
        [
          0.0,
          0.0,
          0.0,
          1.0
        ]
      ]
    },
    {
      "file_path": "/media/NFS/ttao/scannet/posed_images/scene0040_01/00046.jpg",
      "transform_matrix": [
        [
          0.719855,
          -0.019837,
          -0.693841,
          3.399837
        ],
        [
          0.691843,
          -0.060475,
          0.719511,
          4.237824
        ],
        [
          -0.056233,
          -0.997972,
          -0.029809,
          1.538893
        ],
        [
          0.0,
          0.0,
          0.0,
          1.0
        ]
      ]
    },
    {
      "file_path": "/media/NFS/ttao/scannet/posed_images/scene0040_01/00052.jpg",
      "transform_matrix": [
        [
          0.708938,
          -0.045094,
          -0.703828,
          3.39876
        ],
        [
          0.704314,
          -0.006691,
          0.709857,
          4.227604
        ],
        [
          -0.03672,
          -0.99896,
          0.027017,
          1.578528
        ],
        [
          0.0,
          0.0,
          0.0,
          1.0
        ]
      ]
    },
    {
      "file_path": "/media/NFS/ttao/scannet/posed_images/scene0040_01/00062.jpg",
      "transform_matrix": [
        [
          0.675836,
          -0.10733,
          -0.729196,
          3.417795
        ],
        [
          0.736356,
          0.055312,
          0.67433,
          4.240974
        ],
        [
          -0.032043,
          -0.992684,
          0.116415,
          1.62223
        ],
        [
          0.0,
          0.0,
          0.0,
          1.0
        ]
      ]
    },
    {
      "file_path": "/media/NFS/ttao/scannet/posed_images/scene0040_01/00075.jpg",
      "transform_matrix": [
        [
          0.715915,
          -0.141756,
          -0.683645,
          3.436249
        ],
        [
          0.696572,
          0.078443,
          0.713186,
          4.275374
        ],
        [
          -0.047471,
          -0.986789,
          0.154902,
          1.660718
        ],
        [
          0.0,
          0.0,
          0.0,
          1.0
        ]
      ]
    },
    {
      "file_path": "/media/NFS/ttao/scannet/posed_images/scene0040_01/00084.jpg",
      "transform_matrix": [
        [
          0.742174,
          -0.144285,
          -0.654492,
          3.445829
        ],
        [
          0.667842,
          0.077244,
          0.740284,
          4.298147
        ],
        [
          -0.056257,
          -0.986517,
          0.153688,
          1.65628
        ],
        [
          0.0,
          0.0,
          0.0,
          1.0
        ]
      ]
    },
    {
      "file_path": "/media/NFS/ttao/scannet/posed_images/scene0040_01/00101.jpg",
      "transform_matrix": [
        [
          0.839235,
          -0.070456,
          -0.539185,
          3.429706
        ],
        [
          0.53365,
          -0.083679,
          0.841555,
          4.389854
        ],
        [
          -0.104411,
          -0.993999,
          -0.032627,
          1.603238
        ],
        [
          0.0,
          0.0,
          0.0,
          1.0
        ]
      ]
    },
    {
      "file_path": "/media/NFS/ttao/scannet/posed_images/scene0040_01/00107.jpg",
      "transform_matrix": [
        [
          0.844503,
          -0.030481,
          -0.534683,
          3.414563
        ],
        [
          0.523045,
          -0.167548,
          0.835674,
          4.424813
        ],
        [
          -0.115057,
          -0.985392,
          -0.125552,
          1.565656
        ],
        [
          0.0,
          0.0,
          0.0,
          1.0
        ]
      ]
    },
    {
      "file_path": "/media/NFS/ttao/scannet/posed_images/scene0040_01/00124.jpg",
      "transform_matrix": [
        [
          0.761624,
          0.085777,
          -0.642318,
          3.396753
        ],
        [
          0.6401,
          -0.254076,
          0.725064,
          4.449128
        ],
        [
          -0.101004,
          -0.963373,
          -0.248416,
          1.44127
        ],
        [
          0.0,
          0.0,
          0.0,
          1.0
        ]
      ]
    },
    {
      "file_path": "/media/NFS/ttao/scannet/posed_images/scene0040_01/00127.jpg",
      "transform_matrix": [
        [
          0.757939,
          0.103864,
          -0.644004,
          3.396876
        ],
        [
          0.646191,
          -0.254624,
          0.719447,
          4.449834
        ],
        [
          -0.089254,
          -0.961446,
          -0.260105,
          1.425914
        ],
        [
          0.0,
          0.0,
          0.0,
          1.0
        ]
      ]
    },
    {
      "file_path": "/media/NFS/ttao/scannet/posed_images/scene0040_01/00140.jpg",
      "transform_matrix": [
        [
          0.791113,
          0.150179,
          -0.592947,
          3.399178
        ],
        [
          0.602902,
          -0.355003,
          0.71448,
          4.445498
        ],
        [
          -0.103198,
          -0.922724,
          -0.371391,
          1.355152
        ],
        [
          0.0,
          0.0,
          0.0,
          1.0
        ]
      ]
    },
    {
      "file_path": "/media/NFS/ttao/scannet/posed_images/scene0040_01/00153.jpg",
      "transform_matrix": [
        [
          0.812682,
          0.160647,
          -0.560126,
          3.39746
        ],
        [
          0.567045,
          -0.439404,
          0.696696,
          4.421546
        ],
        [
          -0.134199,
          -0.883808,
          -0.44819,
          1.322666
        ],
        [
          0.0,
          0.0,
          0.0,
          1.0
        ]
      ]
    },
    {
      "file_path": "/media/NFS/ttao/scannet/posed_images/scene0040_01/00169.jpg",
      "transform_matrix": [
        [
          0.854509,
          0.09951,
          -0.509816,
          3.333737
        ],
        [
          0.513841,
          -0.305611,
          0.801604,
          4.405155
        ],
        [
          -0.076038,
          -0.946942,
          -0.31228,
          1.405706
        ],
        [
          0.0,
          0.0,
          0.0,
          1.0
        ]
      ]
    },
    {
      "file_path": "/media/NFS/ttao/scannet/posed_images/scene0040_01/00176.jpg",
      "transform_matrix": [
        [
          0.865646,
          0.049334,
          -0.498219,
          3.274332
        ],
        [
          0.494277,
          -0.242562,
          0.834778,
          4.398954
        ],
        [
          -0.079666,
          -0.968881,
          -0.234357,
          1.446051
        ],
        [
          0.0,
          0.0,
          0.0,
          1.0
        ]
      ]
    },
    {
      "file_path": "/media/NFS/ttao/scannet/posed_images/scene0040_01/00182.jpg",
      "transform_matrix": [
        [
          0.879589,
          0.019959,
          -0.475315,
          3.22685
        ],
        [
          0.468851,
          -0.205716,
          0.858988,
          4.387889
        ],
        [
          -0.080635,
          -0.978408,
          -0.190304,
          1.47854
        ],
        [
          0.0,
          0.0,
          0.0,
          1.0
        ]
      ]
    },
    {
      "file_path": "/media/NFS/ttao/scannet/posed_images/scene0040_01/00202.jpg",
      "transform_matrix": [
        [
          0.879815,
          -0.005227,
          -0.475288,
          3.143443
        ],
        [
          0.472274,
          -0.103346,
          0.875372,
          4.280831
        ],
        [
          -0.053695,
          -0.994632,
          -0.088457,
          1.523383
        ],
        [
          0.0,
          0.0,
          0.0,
          1.0
        ]
      ]
    },
    {
      "file_path": "/media/NFS/ttao/scannet/posed_images/scene0040_01/00208.jpg",
      "transform_matrix": [
        [
          0.883831,
          -0.033624,
          -0.466596,
          3.119421
        ],
        [
          0.459231,
          -0.127729,
          0.879086,
          4.237917
        ],
        [
          -0.089156,
          -0.991239,
          -0.097449,
          1.523056
        ],
        [
          0.0,
          0.0,
          0.0,
          1.0
        ]
      ]
    },
    {
      "file_path": "/media/NFS/ttao/scannet/posed_images/scene0040_01/00218.jpg",
      "transform_matrix": [
        [
          0.930298,
          -0.019264,
          -0.366297,
          3.073131
        ],
        [
          0.358434,
          -0.164363,
          0.918972,
          4.184253
        ],
        [
          -0.077909,
          -0.986212,
          -0.146001,
          1.53301
        ],
        [
          0.0,
          0.0,
          0.0,
          1.0
        ]
      ]
    },
    {
      "file_path": "/media/NFS/ttao/scannet/posed_images/scene0040_01/00228.jpg",
      "transform_matrix": [
        [
          0.965747,
          0.003807,
          -0.259459,
          3.03684
        ],
        [
          0.254948,
          -0.200133,
          0.946017,
          4.161774
        ],
        [
          -0.048324,
          -0.979761,
          -0.194248,
          1.549082
        ],
        [
          0.0,
          0.0,
          0.0,
          1.0
        ]
      ]
    },
    {
      "file_path": "/media/NFS/ttao/scannet/posed_images/scene0040_01/00244.jpg",
      "transform_matrix": [
        [
          0.997442,
          -0.071076,
          0.007577,
          2.985154
        ],
        [
          -0.018716,
          -0.1574,
          0.987357,
          4.168276
        ],
        [
          -0.068985,
          -0.984974,
          -0.158328,
          1.583246
        ],
        [
          0.0,
          0.0,
          0.0,
          1.0
        ]
      ]
    },
    {
      "file_path": "/media/NFS/ttao/scannet/posed_images/scene0040_01/00250.jpg",
      "transform_matrix": [
        [
          0.9917,
          -0.112091,
          0.062981,
          2.950233
        ],
        [
          -0.081275,
          -0.166957,
          0.982609,
          4.168025
        ],
        [
          -0.099627,
          -0.979572,
          -0.174681,
          1.595771
        ],
        [
          0.0,
          0.0,
          0.0,
          1.0
        ]
      ]
    },
    {
      "file_path": "/media/NFS/ttao/scannet/posed_images/scene0040_01/00263.jpg",
      "transform_matrix": [
        [
          0.976642,
          -0.140825,
          0.16229,
          2.919505
        ],
        [
          -0.188402,
          -0.198073,
          0.96191,
          4.159036
        ],
        [
          -0.103316,
          -0.970018,
          -0.219978,
          1.57457
        ],
        [
          0.0,
          0.0,
          0.0,
          1.0
        ]
      ]
    },
    {
      "file_path": "/media/NFS/ttao/scannet/posed_images/scene0040_01/00270.jpg",
      "transform_matrix": [
        [
          0.978621,
          -0.155773,
          0.134293,
          2.908644
        ],
        [
          -0.168459,
          -0.232515,
          0.957893,
          4.13749
        ],
        [
          -0.117989,
          -0.960037,
          -0.253786,
          1.54272
        ],
        [
          0.0,
          0.0,
          0.0,
          1.0
        ]
      ]
    },
    {
      "file_path": "/media/NFS/ttao/scannet/posed_images/scene0040_01/00286.jpg",
      "transform_matrix": [
        [
          0.972451,
          -0.196194,
          0.125883,
          2.894433
        ],
        [
          -0.193099,
          -0.375481,
          0.906491,
          4.056855
        ],
        [
          -0.130582,
          -0.905827,
          -0.403022,
          1.458636
        ],
        [
          0.0,
          0.0,
          0.0,
          1.0
        ]
      ]
    },
    {
      "file_path": "/media/NFS/ttao/scannet/posed_images/scene0040_01/00299.jpg",
      "transform_matrix": [
        [
          0.953682,
          -0.215408,
          0.209976,
          2.879026
        ],
        [
          -0.283661,
          -0.411614,
          0.866089,
          4.038251
        ],
        [
          -0.100134,
          -0.885536,
          -0.453652,
          1.446508
        ],
        [
          0.0,
          0.0,
          0.0,
          1.0
        ]
      ]
    },
    {
      "file_path": "/media/NFS/ttao/scannet/posed_images/scene0040_01/00302.jpg",
      "transform_matrix": [
        [
          0.94938,
          -0.222373,
          0.221872,
          2.881975
        ],
        [
          -0.297541,
          -0.410096,
          0.862143,
          4.031276
        ],
        [
          -0.100729,
          -0.884518,
          -0.455502,
          1.439203
        ],
        [
          0.0,
          0.0,
          0.0,
          1.0
        ]
      ]
    },
    {
      "file_path": "/media/NFS/ttao/scannet/posed_images/scene0040_01/00318.jpg",
      "transform_matrix": [
        [
          0.908886,
          -0.252649,
          0.331805,
          2.893474
        ],
        [
          -0.407256,
          -0.366324,
          0.836629,
          4.033702
        ],
        [
          -0.089826,
          -0.89553,
          -0.43584,
          1.461909
        ],
        [
          0.0,
          0.0,
          0.0,
          1.0
        ]
      ]
    },
    {
      "file_path": "/media/NFS/ttao/scannet/posed_images/scene0040_01/00322.jpg",
      "transform_matrix": [
        [
          0.904293,
          -0.254143,
          0.343024,
          2.90678
        ],
        [
          -0.417395,
          -0.357622,
          0.835397,
          4.023865
        ],
        [
          -0.089637,
          -0.89862,
          -0.429473,
          1.459187
        ],
        [
          0.0,
          0.0,
          0.0,
          1.0
        ]
      ]
    },
    {
      "file_path": "/media/NFS/ttao/scannet/posed_images/scene0040_01/00341.jpg",
      "transform_matrix": [
        [
          0.8683,
          -0.265641,
          0.418916,
          2.955815
        ],
        [
          -0.488733,
          -0.313718,
          0.814077,
          4.024329
        ],
        [
          -0.08483,
          -0.911601,
          -0.402228,
          1.506561
        ],
        [
          0.0,
          0.0,
          0.0,
          1.0
        ]
      ]
    },
    {
      "file_path": "/media/NFS/ttao/scannet/posed_images/scene0040_01/00344.jpg",
      "transform_matrix": [
        [
          0.856321,
          -0.273656,
          0.437981,
          2.959746
        ],
        [
          -0.509587,
          -0.309985,
          0.802639,
          4.031836
        ],
        [
          -0.08388,
          -0.910506,
          -0.404898,
          1.518983
        ],
        [
          0.0,
          0.0,
          0.0,
          1.0
        ]
      ]
    },
    {
      "file_path": "/media/NFS/ttao/scannet/posed_images/scene0040_01/00361.jpg",
      "transform_matrix": [
        [
          0.762045,
          -0.279608,
          0.584044,
          2.988965
        ],
        [
          -0.645874,
          -0.263861,
          0.716397,
          4.051227
        ],
        [
          -0.046204,
          -0.923145,
          -0.381665,
          1.552021
        ],
        [
          0.0,
          0.0,
          0.0,
          1.0
        ]
      ]
    },
    {
      "file_path": "/media/NFS/ttao/scannet/posed_images/scene0040_01/00374.jpg",
      "transform_matrix": [
        [
          0.73654,
          -0.257745,
          0.625362,
          3.001971
        ],
        [
          -0.674995,
          -0.220639,
          0.70406,
          4.039165
        ],
        [
          -0.043488,
          -0.940684,
          -0.336486,
          1.577673
        ],
        [
          0.0,
          0.0,
          0.0,
          1.0
        ]
      ]
    },
    {
      "file_path": "/media/NFS/ttao/scannet/posed_images/scene0040_01/00380.jpg",
      "transform_matrix": [
        [
          0.733493,
          -0.222963,
          0.642086,
          3.011219
        ],
        [
          -0.678517,
          -0.18457,
          0.711019,
          4.022712
        ],
        [
          -0.040021,
          -0.957194,
          -0.286665,
          1.597025
        ],
        [
          0.0,
          0.0,
          0.0,
          1.0
        ]
      ]
    },
    {
      "file_path": "/media/NFS/ttao/scannet/posed_images/scene0040_01/00393.jpg",
      "transform_matrix": [
        [
          0.726683,
          -0.182167,
          0.66238,
          3.01611
        ],
        [
          -0.685789,
          -0.135802,
          0.715018,
          3.999185
        ],
        [
          -0.0403,
          -0.973845,
          -0.223613,
          1.644755
        ],
        [
          0.0,
          0.0,
          0.0,
          1.0
        ]
      ]
    },
    {
      "file_path": "/media/NFS/ttao/scannet/posed_images/scene0040_01/00400.jpg",
      "transform_matrix": [
        [
          0.713134,
          -0.182291,
          0.676912,
          3.000715
        ],
        [
          -0.700735,
          -0.157465,
          0.695827,
          4.021877
        ],
        [
          -0.020253,
          -0.970554,
          -0.240032,
          1.638563
        ],
        [
          0.0,
          0.0,
          0.0,
          1.0
        ]
      ]
    },
    {
      "file_path": "/media/NFS/ttao/scannet/posed_images/scene0040_01/00410.jpg",
      "transform_matrix": [
        [
          0.662731,
          -0.197922,
          0.722229,
          2.94998
        ],
        [
          -0.748857,
          -0.175242,
          0.639142,
          4.093352
        ],
        [
          6.5e-05,
          -0.964426,
          -0.264353,
          1.635687
        ],
        [
          0.0,
          0.0,
          0.0,
          1.0
        ]
      ]
    },
    {
      "file_path": "/media/NFS/ttao/scannet/posed_images/scene0040_01/00422.jpg",
      "transform_matrix": [
        [
          0.644751,
          -0.322102,
          0.693215,
          2.829125
        ],
        [
          -0.762938,
          -0.215247,
          0.609585,
          4.242633
        ],
        [
          -0.047136,
          -0.921911,
          -0.384524,
          1.560609
        ],
        [
          0.0,
          0.0,
          0.0,
          1.0
        ]
      ]
    },
    {
      "file_path": "/media/NFS/ttao/scannet/posed_images/scene0040_01/00439.jpg",
      "transform_matrix": [
        [
          0.621081,
          -0.432996,
          0.653279,
          2.729686
        ],
        [
          -0.782698,
          -0.299571,
          0.545565,
          4.345641
        ],
        [
          -0.040525,
          -0.85016,
          -0.524963,
          1.488369
        ],
        [
          0.0,
          0.0,
          0.0,
          1.0
        ]
      ]
    },
    {
      "file_path": "/media/NFS/ttao/scannet/posed_images/scene0040_01/00442.jpg",
      "transform_matrix": [
        [
          0.615745,
          -0.44318,
          0.651498,
          2.720037
        ],
        [
          -0.786626,
          -0.29792,
          0.540799,
          4.358211
        ],
        [
          -0.045577,
          -0.845479,
          -0.53206,
          1.481208
        ],
        [
          0.0,
          0.0,
          0.0,
          1.0
        ]
      ]
    },
    {
      "file_path": "/media/NFS/ttao/scannet/posed_images/scene0040_01/00452.jpg",
      "transform_matrix": [
        [
          0.592028,
          -0.471751,
          0.653417,
          2.731519
        ],
        [
          -0.804724,
          -0.301933,
          0.511132,
          4.35865
        ],
        [
          -0.043839,
          -0.828425,
          -0.558382,
          1.482242
        ],
        [
          0.0,
          0.0,
          0.0,
          1.0
        ]
      ]
    },
    {
      "file_path": "/media/NFS/ttao/scannet/posed_images/scene0040_01/00471.jpg",
      "transform_matrix": [
        [
          0.401882,
          -0.496914,
          0.769134,
          2.791092
        ],
        [
          -0.914805,
          -0.180935,
          0.361101,
          4.312091
        ],
        [
          -0.040273,
          -0.848728,
          -0.527294,
          1.509828
        ],
        [
          0.0,
          0.0,
          0.0,
          1.0
        ]
      ]
    },
    {
      "file_path": "/media/NFS/ttao/scannet/posed_images/scene0040_01/00481.jpg",
      "transform_matrix": [
        [
          0.351108,
          -0.49663,
          0.793777,
          2.802318
        ],
        [
          -0.934846,
          -0.138136,
          0.327081,
          4.283566
        ],
        [
          -0.052789,
          -0.8569,
          -0.512773,
          1.515428
        ],
        [
          0.0,
          0.0,
          0.0,
          1.0
        ]
      ]
    },
    {
      "file_path": "/media/NFS/ttao/scannet/posed_images/scene0040_01/00484.jpg",
      "transform_matrix": [
        [
          0.336574,
          -0.500283,
          0.797768,
          2.80693
        ],
        [
          -0.940319,
          -0.133409,
          0.313054,
          4.285309
        ],
        [
          -0.050186,
          -0.855522,
          -0.515328,
          1.518624
        ],
        [
          0.0,
          0.0,
          0.0,
          1.0
        ]
      ]
    },
    {
      "file_path": "/media/NFS/ttao/scannet/posed_images/scene0040_01/00500.jpg",
      "transform_matrix": [
        [
          0.289628,
          -0.397708,
          0.8706,
          2.817811
        ],
        [
          -0.956195,
          -0.07983,
          0.281636,
          4.312292
        ],
        [
          -0.042508,
          -0.914033,
          -0.403407,
          1.579069
        ],
        [
          0.0,
          0.0,
          0.0,
          1.0
        ]
      ]
    },
    {
      "file_path": "/media/NFS/ttao/scannet/posed_images/scene0040_01/00510.jpg",
      "transform_matrix": [
        [
          0.305448,
          -0.334408,
          0.891556,
          2.822964
        ],
        [
          -0.952091,
          -0.09258,
          0.291462,
          4.335567
        ],
        [
          -0.014927,
          -0.93787,
          -0.346665,
          1.604931
        ],
        [
          0.0,
          0.0,
          0.0,
          1.0
        ]
      ]
    },
    {
      "file_path": "/media/NFS/ttao/scannet/posed_images/scene0040_01/00520.jpg",
      "transform_matrix": [
        [
          0.321997,
          -0.278047,
          0.90499,
          2.851612
        ],
        [
          -0.946681,
          -0.105283,
          0.304484,
          4.311804
        ],
        [
          0.010619,
          -0.95478,
          -0.297123,
          1.627903
        ],
        [
          0.0,
          0.0,
          0.0,
          1.0
        ]
      ]
    },
    {
      "file_path": "/media/NFS/ttao/scannet/posed_images/scene0040_01/00536.jpg",
      "transform_matrix": [
        [
          0.299156,
          -0.223761,
          0.927597,
          2.901309
        ],
        [
          -0.954101,
          -0.084441,
          0.287334,
          4.26345
        ],
        [
          0.014033,
          -0.970979,
          -0.238752,
          1.670066
        ],
        [
          0.0,
          0.0,
          0.0,
          1.0
        ]
      ]
    },
    {
      "file_path": "/media/NFS/ttao/scannet/posed_images/scene0040_01/00546.jpg",
      "transform_matrix": [
        [
          0.272211,
          -0.21359,
          0.938233,
          2.901823
        ],
        [
          -0.962106,
          -0.076538,
          0.261713,
          4.254235
        ],
        [
          0.015911,
          -0.973921,
          -0.22633,
          1.681343
        ],
        [
          0.0,
          0.0,
          0.0,
          1.0
        ]
      ]
    },
    {
      "file_path": "/media/NFS/ttao/scannet/posed_images/scene0040_01/00549.jpg",
      "transform_matrix": [
        [
          0.289286,
          -0.214814,
          0.932828,
          2.899621
        ],
        [
          -0.957216,
          -0.072233,
          0.280216,
          4.2431
        ],
        [
          0.007186,
          -0.97398,
          -0.226519,
          1.679838
        ],
        [
          0.0,
          0.0,
          0.0,
          1.0
        ]
      ]
    },
    {
      "file_path": "/media/NFS/ttao/scannet/posed_images/scene0040_01/00569.jpg",
      "transform_matrix": [
        [
          0.239923,
          -0.428724,
          0.870995,
          2.912457
        ],
        [
          -0.970473,
          -0.08291,
          0.226515,
          4.271114
        ],
        [
          -0.024898,
          -0.899623,
          -0.435957,
          1.59052
        ],
        [
          0.0,
          0.0,
          0.0,
          1.0
        ]
      ]
    },
    {
      "file_path": "/media/NFS/ttao/scannet/posed_images/scene0040_01/00572.jpg",
      "transform_matrix": [
        [
          0.238982,
          -0.450263,
          0.86032,
          2.917989
        ],
        [
          -0.970657,
          -0.086428,
          0.224398,
          4.26073
        ],
        [
          -0.026683,
          -0.888703,
          -0.457706,
          1.570686
        ],
        [
          0.0,
          0.0,
          0.0,
          1.0
        ]
      ]
    },
    {
      "file_path": "/media/NFS/ttao/scannet/posed_images/scene0040_01/00592.jpg",
      "transform_matrix": [
        [
          0.202778,
          -0.522332,
          0.828281,
          2.930461
        ],
        [
          -0.979149,
          -0.118699,
          0.164858,
          4.297538
        ],
        [
          0.012206,
          -0.84444,
          -0.535511,
          1.521255
        ],
        [
          0.0,
          0.0,
          0.0,
          1.0
        ]
      ]
    },
    {
      "file_path": "/media/NFS/ttao/scannet/posed_images/scene0040_01/00601.jpg",
      "transform_matrix": [
        [
          0.094081,
          -0.494456,
          0.864096,
          2.958473
        ],
        [
          -0.994863,
          -0.07927,
          0.062958,
          4.348441
        ],
        [
          0.037367,
          -0.86558,
          -0.499374,
          1.529558
        ],
        [
          0.0,
          0.0,
          0.0,
          1.0
        ]
      ]
    },
    {
      "file_path": "/media/NFS/ttao/scannet/posed_images/scene0040_01/00608.jpg",
      "transform_matrix": [
        [
          -0.028088,
          -0.495681,
          0.86805,
          2.983514
        ],
        [
          -0.998057,
          -0.034415,
          -0.051947,
          4.43852
        ],
        [
          0.055623,
          -0.867823,
          -0.493751,
          1.52811
        ],
        [
          0.0,
          0.0,
          0.0,
          1.0
        ]
      ]
    },
    {
      "file_path": "/media/NFS/ttao/scannet/posed_images/scene0040_01/00624.jpg",
      "transform_matrix": [
        [
          -0.008498,
          -0.42258,
          0.906286,
          3.020246
        ],
        [
          -0.9977,
          -0.057371,
          -0.036106,
          4.501332
        ],
        [
          0.067252,
          -0.904508,
          -0.42112,
          1.581425
        ],
        [
          0.0,
          0.0,
          0.0,
          1.0
        ]
      ]
    },
    {
      "file_path": "/media/NFS/ttao/scannet/posed_images/scene0040_01/00627.jpg",
      "transform_matrix": [
        [
          -0.000558,
          -0.398621,
          0.917115,
          3.03041
        ],
        [
          -0.998319,
          -0.052922,
          -0.02361,
          4.494581
        ],
        [
          0.057947,
          -0.915587,
          -0.397922,
          1.593349
        ],
        [
          0.0,
          0.0,
          0.0,
          1.0
        ]
      ]
    },
    {
      "file_path": "/media/NFS/ttao/scannet/posed_images/scene0040_01/00644.jpg",
      "transform_matrix": [
        [
          -0.026201,
          -0.261832,
          0.964758,
          3.14912
        ],
        [
          -0.998476,
          -0.040041,
          -0.037984,
          4.464438
        ],
        [
          0.048576,
          -0.964283,
          -0.260384,
          1.633151
        ],
        [
          0.0,
          0.0,
          0.0,
          1.0
        ]
      ]
    },
    {
      "file_path": "/media/NFS/ttao/scannet/posed_images/scene0040_01/00647.jpg",
      "transform_matrix": [
        [
          -0.038877,
          -0.265923,
          0.96321,
          3.176552
        ],
        [
          -0.997711,
          -0.043036,
          -0.052151,
          4.457216
        ],
        [
          0.055321,
          -0.963033,
          -0.263642,
          1.631068
        ],
        [
          0.0,
          0.0,
          0.0,
          1.0
        ]
      ]
    },
    {
      "file_path": "/media/NFS/ttao/scannet/posed_images/scene0040_01/00666.jpg",
      "transform_matrix": [
        [
          -0.274195,
          -0.282758,
          0.919165,
          3.346905
        ],
        [
          -0.958471,
          0.002404,
          -0.285181,
          4.466251
        ],
        [
          0.078428,
          -0.959188,
          -0.271674,
          1.616513
        ],
        [
          0.0,
          0.0,
          0.0,
          1.0
        ]
      ]
    },
    {
      "file_path": "/media/NFS/ttao/scannet/posed_images/scene0040_01/00670.jpg",
      "transform_matrix": [
        [
          -0.331816,
          -0.270581,
          0.903705,
          3.37078
        ],
        [
          -0.94074,
          0.023788,
          -0.338292,
          4.481213
        ],
        [
          0.070038,
          -0.962403,
          -0.26244,
          1.605633
        ],
        [
          0.0,
          0.0,
          0.0,
          1.0
        ]
      ]
    },
    {
      "file_path": "/media/NFS/ttao/scannet/posed_images/scene0040_01/00686.jpg",
      "transform_matrix": [
        [
          -0.413708,
          -0.302912,
          0.858539,
          3.423247
        ],
        [
          -0.90599,
          0.044177,
          -0.420987,
          4.553473
        ],
        [
          0.089594,
          -0.951994,
          -0.292712,
          1.572005
        ],
        [
          0.0,
          0.0,
          0.0,
          1.0
        ]
      ]
    },
    {
      "file_path": "/media/NFS/ttao/scannet/posed_images/scene0040_01/00692.jpg",
      "transform_matrix": [
        [
          -0.459863,
          -0.301894,
          0.835097,
          3.403119
        ],
        [
          -0.882386,
          0.049863,
          -0.467877,
          4.580245
        ],
        [
          0.099609,
          -0.952036,
          -0.289317,
          1.561987
        ],
        [
          0.0,
          0.0,
          0.0,
          1.0
        ]
      ]
    },
    {
      "file_path": "/media/NFS/ttao/scannet/posed_images/scene0040_01/00702.jpg",
      "transform_matrix": [
        [
          -0.5476,
          -0.326125,
          0.770569,
          3.350638
        ],
        [
          -0.832028,
          0.114627,
          -0.542761,
          4.63369
        ],
        [
          0.08868,
          -0.938351,
          -0.334115,
          1.553827
        ],
        [
          0.0,
          0.0,
          0.0,
          1.0
        ]
      ]
    },
    {
      "file_path": "/media/NFS/ttao/scannet/posed_images/scene0040_01/00722.jpg",
      "transform_matrix": [
        [
          -0.5917,
          -0.432506,
          0.680316,
          3.303483
        ],
        [
          -0.804591,
          0.264249,
          -0.531794,
          4.729187
        ],
        [
          0.050231,
          -0.862039,
          -0.504346,
          1.480161
        ],
        [
          0.0,
          0.0,
          0.0,
          1.0
        ]
      ]
    },
    {
      "file_path": "/media/NFS/ttao/scannet/posed_images/scene0040_01/00728.jpg",
      "transform_matrix": [
        [
          -0.623033,
          -0.44595,
          0.642618,
          3.336994
        ],
        [
          -0.779243,
          0.282561,
          -0.559409,
          4.782834
        ],
        [
          0.06789,
          -0.849287,
          -0.523549,
          1.456942
        ],
        [
          0.0,
          0.0,
          0.0,
          1.0
        ]
      ]
    },
    {
      "file_path": "/media/NFS/ttao/scannet/posed_images/scene0040_01/00741.jpg",
      "transform_matrix": [
        [
          -0.69394,
          -0.422779,
          0.582842,
          3.400018
        ],
        [
          -0.719166,
          0.367267,
          -0.589843,
          4.920112
        ],
        [
          0.035315,
          -0.828476,
          -0.55891,
          1.420334
        ],
        [
          0.0,
          0.0,
          0.0,
          1.0
        ]
      ]
    },
    {
      "file_path": "/media/NFS/ttao/scannet/posed_images/scene0040_01/00744.jpg",
      "transform_matrix": [
        [
          -0.718067,
          -0.415917,
          0.558026,
          3.40743
        ],
        [
          -0.694264,
          0.371896,
          -0.61619,
          4.941928
        ],
        [
          0.048756,
          -0.829883,
          -0.555803,
          1.420946
        ],
        [
          0.0,
          0.0,
          0.0,
          1.0
        ]
      ]
    },
    {
      "file_path": "/media/NFS/ttao/scannet/posed_images/scene0040_01/00764.jpg",
      "transform_matrix": [
        [
          -0.866157,
          -0.298056,
          0.401167,
          3.400948
        ],
        [
          -0.494116,
          0.390292,
          -0.776866,
          5.103856
        ],
        [
          0.074977,
          -0.871111,
          -0.485328,
          1.442598
        ],
        [
          0.0,
          0.0,
          0.0,
          1.0
        ]
      ]
    },
    {
      "file_path": "/media/NFS/ttao/scannet/posed_images/scene0040_01/00770.jpg",
      "transform_matrix": [
        [
          -0.882228,
          -0.293997,
          0.367748,
          3.417118
        ],
        [
          -0.464748,
          0.418734,
          -0.780173,
          5.150222
        ],
        [
          0.07538,
          -0.859201,
          -0.506054,
          1.447977
        ],
        [
          0.0,
          0.0,
          0.0,
          1.0
        ]
      ]
    },
    {
      "file_path": "/media/NFS/ttao/scannet/posed_images/scene0040_01/00777.jpg",
      "transform_matrix": [
        [
          -0.904552,
          -0.294473,
          0.308335,
          3.454606
        ],
        [
          -0.413583,
          0.430283,
          -0.802375,
          5.181893
        ],
        [
          0.103607,
          -0.853312,
          -0.511003,
          1.449185
        ],
        [
          0.0,
          0.0,
          0.0,
          1.0
        ]
      ]
    },
    {
      "file_path": "/media/NFS/ttao/scannet/posed_images/scene0040_01/00790.jpg",
      "transform_matrix": [
        [
          -0.961154,
          -0.207917,
          0.181531,
          3.551399
        ],
        [
          -0.258938,
          0.451508,
          -0.853868,
          5.208389
        ],
        [
          0.095571,
          -0.867704,
          -0.487807,
          1.457308
        ],
        [
          0.0,
          0.0,
          0.0,
          1.0
        ]
      ]
    },
    {
      "file_path": "/media/NFS/ttao/scannet/posed_images/scene0040_01/00800.jpg",
      "transform_matrix": [
        [
          -0.978152,
          -0.178329,
          0.106851,
          3.602285
        ],
        [
          -0.180818,
          0.476177,
          -0.860558,
          5.2175
        ],
        [
          0.102583,
          -0.861077,
          -0.498019,
          1.453526
        ],
        [
          0.0,
          0.0,
          0.0,
          1.0
        ]
      ]
    },
    {
      "file_path": "/media/NFS/ttao/scannet/posed_images/scene0040_01/00809.jpg",
      "transform_matrix": [
        [
          -0.980933,
          -0.169488,
          0.095103,
          3.624671
        ],
        [
          -0.163763,
          0.457332,
          -0.874088,
          5.213946
        ],
        [
          0.104654,
          -0.872996,
          -0.476367,
          1.458072
        ],
        [
          0.0,
          0.0,
          0.0,
          1.0
        ]
      ]
    },
    {
      "file_path": "/media/NFS/ttao/scannet/posed_images/scene0040_01/00829.jpg",
      "transform_matrix": [
        [
          -0.930215,
          -0.194947,
          0.310961,
          3.624082
        ],
        [
          -0.36134,
          0.338019,
          -0.869009,
          5.111455
        ],
        [
          0.0643,
          -0.920727,
          -0.384872,
          1.499822
        ],
        [
          0.0,
          0.0,
          0.0,
          1.0
        ]
      ]
    },
    {
      "file_path": "/media/NFS/ttao/scannet/posed_images/scene0040_01/00835.jpg",
      "transform_matrix": [
        [
          -0.906623,
          -0.208696,
          0.366717,
          3.611692
        ],
        [
          -0.416678,
          0.305965,
          -0.856017,
          5.067599
        ],
        [
          0.066444,
          -0.928887,
