{
  "frames": [
    {
      "file_path": "/media/NFS/ttao/scannet/posed_images/scene0041_01/00002.jpg",
      "transform_matrix": [
        [
          -0.098093,
          -0.391025,
          0.915138,
          2.965645
        ],
        [
          -0.988649,
          -0.066869,
          -0.134545,
          2.29279
        ],
        [
          0.113804,
          -0.917948,
          -0.380027,
          1.533201
        ],
        [
          0.0,
          0.0,
          0.0,
          1.0
        ]
      ]
    },
    {
      "file_path": "/media/NFS/ttao/scannet/posed_images/scene0041_01/00007.jpg",
      "transform_matrix": [
        [
          -0.078363,
          -0.398029,
          0.91402,
          2.97219
        ],
        [
          -0.989282,
          -0.082263,
          -0.120639,
          2.287756
        ],
        [
          0.123207,
          -0.913677,
          -0.387316,
          1.533763
        ],
        [
          0.0,
          0.0,
          0.0,
          1.0
        ]
      ]
    },
    {
      "file_path": "/media/NFS/ttao/scannet/posed_images/scene0041_01/00014.jpg",
      "transform_matrix": [
        [
          -0.068557,
          -0.389286,
          0.918562,
          2.968251
        ],
        [
          -0.989261,
          -0.092606,
          -0.11308,
          2.33909
        ],
        [
          0.129085,
          -0.91645,
          -0.378757,
          1.520308
        ],
        [
          0.0,
          0.0,
          0.0,
          1.0
        ]
      ]
    },
    {
      "file_path": "/media/NFS/ttao/scannet/posed_images/scene0041_01/00020.jpg",
      "transform_matrix": [
        [
          -0.050308,
          -0.382281,
          0.922676,
          2.973014
        ],
        [
          -0.990996,
          -0.095673,
          -0.093672,
          2.363636
        ],
        [
          0.124085,
          -0.91908,
          -0.374025,
          1.527573
        ],
        [
          0.0,
          0.0,
          0.0,
          1.0
        ]
      ]
    },
    {
      "file_path": "/media/NFS/ttao/scannet/posed_images/scene0041_01/00032.jpg",
      "transform_matrix": [
        [
          -0.081436,
          -0.321575,
          0.943376,
          3.002289
        ],
        [
          -0.98411,
          -0.1239,
          -0.127186,
          2.422056
        ],
        [
          0.157784,
          -0.938743,
          -0.306375,
          1.534805
        ],
        [
          0.0,
          0.0,
          0.0,
          1.0
        ]
      ]
    },
    {
      "file_path": "/media/NFS/ttao/scannet/posed_images/scene0041_01/00041.jpg",
      "transform_matrix": [
        [
          -0.061464,
          -0.248071,
          0.96679,
          3.035851
        ],
        [
          -0.986368,
          -0.133037,
          -0.096845,
          2.403884
        ],
        [
          0.152643,
          -0.959563,
          -0.236513,
          1.55847
        ],
        [
          0.0,
          0.0,
          0.0,
          1.0
        ]
      ]
    },
    {
      "file_path": "/media/NFS/ttao/scannet/posed_images/scene0041_01/00048.jpg",
      "transform_matrix": [
        [
          -0.058125,
          -0.197262,
          0.978626,
          3.061327
        ],
        [
          -0.984627,
          -0.150411,
          -0.088799,
          2.369241
        ],
        [
          0.164713,
          -0.968744,
          -0.185487,
          1.575071
        ],
        [
          0.0,
          0.0,
          0.0,
          1.0
        ]
      ]
    },
    {
      "file_path": "/media/NFS/ttao/scannet/posed_images/scene0041_01/00052.jpg",
      "transform_matrix": [
        [
          -0.046415,
          -0.212718,
          0.976011,
          3.068139
        ],
        [
          -0.986711,
          -0.142547,
          -0.077991,
          2.347784
        ],
        [
          0.155718,
          -0.96666,
          -0.203274,
          1.559185
        ],
        [
          0.0,
          0.0,
          0.0,
          1.0
        ]
      ]
    },
    {
      "file_path": "/media/NFS/ttao/scannet/posed_images/scene0041_01/00059.jpg",
      "transform_matrix": [
        [
          -0.003483,
          -0.324322,
          0.94594,
          3.099062
        ],
        [
          -0.989253,
          -0.137153,
          -0.050666,
          2.292705
        ],
        [
          0.14617,
          -0.935951,
          -0.320358,
          1.52024
        ],
        [
          0.0,
          0.0,
          0.0,
          1.0
        ]
      ]
    },
    {
      "file_path": "/media/NFS/ttao/scannet/posed_images/scene0041_01/00070.jpg",
      "transform_matrix": [
        [
          0.069469,
          -0.445677,
          0.892494,
          3.13422
        ],
        [
          -0.988007,
          -0.154408,
          -0.000202,
          2.246258
        ],
        [
          0.137898,
          -0.881777,
          -0.451058,
          1.491282
        ],
        [
          0.0,
          0.0,
          0.0,
          1.0
        ]
      ]
    },
    {
      "file_path": "/media/NFS/ttao/scannet/posed_images/scene0041_01/00079.jpg",
      "transform_matrix": [
        [
          0.140964,
          -0.440156,
          0.886787,
          3.159647
        ],
        [
          -0.978248,
          -0.199618,
          0.056422,
          2.314684
        ],
        [
          0.152184,
          -0.875451,
          -0.458721,
          1.476854
        ],
        [
          0.0,
          0.0,
          0.0,
          1.0
        ]
      ]
    },
    {
      "file_path": "/media/NFS/ttao/scannet/posed_images/scene0041_01/00086.jpg",
      "transform_matrix": [
        [
          0.241668,
          -0.427806,
          0.870964,
          3.181658
        ],
        [
          -0.960661,
          -0.232063,
          0.15257,
          2.397286
        ],
        [
          0.136848,
          -0.873573,
          -0.467059,
          1.476799
        ],
        [
          0.0,
          0.0,
          0.0,
          1.0
        ]
      ]
    },
    {
      "file_path": "/media/NFS/ttao/scannet/posed_images/scene0041_01/00095.jpg",
      "transform_matrix": [
        [
          0.354447,
          -0.401066,
          0.844697,
          3.217013
        ],
        [
          -0.927078,
          -0.268626,
          0.261471,
          2.515959
        ],
        [
          0.12204,
          -0.875778,
          -0.467033,
          1.474231
        ],
        [
          0.0,
          0.0,
          0.0,
          1.0
        ]
      ]
    },
    {
      "file_path": "/media/NFS/ttao/scannet/posed_images/scene0041_01/00100.jpg",
      "transform_matrix": [
        [
          0.385707,
          -0.401416,
          0.830719,
          3.229088
        ],
        [
          -0.915024,
          -0.28174,
          0.288709,
          2.57984
        ],
        [
          0.118154,
          -0.871486,
          -0.475975,
          1.471121
        ],
        [
          0.0,
          0.0,
          0.0,
          1.0
        ]
      ]
    },
    {
      "file_path": "/media/NFS/ttao/scannet/posed_images/scene0041_01/00109.jpg",
      "transform_matrix": [
        [
          0.468744,
          -0.389244,
          0.792949,
          3.263916
        ],
        [
          -0.875092,
          -0.326966,
          0.356801,
          2.658859
        ],
        [
          0.120385,
          -0.861152,
          -0.493888,
          1.453562
        ],
        [
          0.0,
          0.0,
          0.0,
          1.0
        ]
      ]
    },
    {
      "file_path": "/media/NFS/ttao/scannet/posed_images/scene0041_01/00118.jpg",
      "transform_matrix": [
        [
          0.60076,
          -0.35591,
          0.715831,
          3.325312
        ],
        [
          -0.794068,
          -0.369196,
          0.482857,
          2.733785
        ],
        [
          0.092429,
          -0.8585,
          -0.504415,
          1.447683
        ],
        [
          0.0,
          0.0,
          0.0,
          1.0
        ]
      ]
    },
    {
      "file_path": "/media/NFS/ttao/scannet/posed_images/scene0041_01/00125.jpg",
      "transform_matrix": [
        [
          0.747417,
          -0.272093,
          0.60608,
          3.430404
        ],
        [
          -0.661171,
          -0.393845,
          0.638544,
          2.733521
        ],
        [
          0.064959,
          -0.877982,
          -0.474267,
          1.445581
        ],
        [
          0.0,
          0.0,
          0.0,
          1.0
        ]
      ]
    },
    {
      "file_path": "/media/NFS/ttao/scannet/posed_images/scene0041_01/00129.jpg",
      "transform_matrix": [
        [
          0.794162,
          -0.247984,
          0.554807,
          3.464489
        ],
        [
          -0.60409,
          -0.421596,
          0.676264,
          2.753636
        ],
        [
          0.066202,
          -0.872216,
          -0.48462,
          1.435991
        ],
        [
          0.0,
          0.0,
          0.0,
          1.0
        ]
      ]
    },
    {
      "file_path": "/media/NFS/ttao/scannet/posed_images/scene0041_01/00134.jpg",
      "transform_matrix": [
        [
          0.800751,
          -0.232339,
          0.552101,
          3.468377
        ],
        [
          -0.593839,
          -0.428615,
          0.680914,
          2.820855
        ],
        [
          0.078436,
          -0.873102,
          -0.481186,
          1.434026
        ],
        [
          0.0,
          0.0,
          0.0,
          1.0
        ]
      ]
    },
    {
      "file_path": "/media/NFS/ttao/scannet/posed_images/scene0041_01/00143.jpg",
      "transform_matrix": [
        [
          0.752835,
          -0.231041,
          0.616327,
          3.497435
        ],
        [
          -0.652078,
          -0.389303,
          0.650567,
          2.946391
        ],
        [
          0.089631,
          -0.891663,
          -0.443738,
          1.420771
        ],
        [
          0.0,
          0.0,
          0.0,
          1.0
        ]
      ]
    },
    {
      "file_path": "/media/NFS/ttao/scannet/posed_images/scene0041_01/00154.jpg",
      "transform_matrix": [
        [
          0.618628,
          -0.348725,
          0.704053,
          3.520196
        ],
        [
          -0.782155,
          -0.358183,
          0.509842,
          3.114047
        ],
        [
          0.074385,
          -0.866081,
          -0.494339,
          1.405821
        ],
        [
          0.0,
          0.0,
          0.0,
          1.0
        ]
      ]
    },
    {
      "file_path": "/media/NFS/ttao/scannet/posed_images/scene0041_01/00156.jpg",
      "transform_matrix": [
        [
          0.616769,
          -0.357114,
          0.701473,
          3.528397
        ],
        [
          -0.78338,
          -0.365521,
          0.502702,
          3.136962
        ],
        [
          0.076881,
          -0.859572,
          -0.505198,
          1.410365
        ],
        [
          0.0,
          0.0,
          0.0,
          1.0
        ]
      ]
    },
    {
      "file_path": "/media/NFS/ttao/scannet/posed_images/scene0041_01/00170.jpg",
      "transform_matrix": [
        [
          0.777986,
          -0.258853,
          0.57248,
          3.533252
        ],
        [
          -0.626191,
          -0.393729,
          0.67295,
          3.280395
        ],
        [
          0.051207,
          -0.882028,
          -0.468407,
          1.438501
        ],
        [
          0.0,
          0.0,
          0.0,
          1.0
        ]
      ]
    },
    {
      "file_path": "/media/NFS/ttao/scannet/posed_images/scene0041_01/00175.jpg",
      "transform_matrix": [
        [
          0.839359,
          -0.209399,
          0.501626,
          3.55044
        ],
        [
          -0.542084,
          -0.390815,
          0.743915,
          3.299262
        ],
        [
          0.040268,
          -0.896335,
          -0.441546,
          1.443534
        ],
        [
          0.0,
          0.0,
          0.0,
          1.0
        ]
      ]
    },
    {
      "file_path": "/media/NFS/ttao/scannet/posed_images/scene0041_01/00186.jpg",
      "transform_matrix": [
        [
          0.923603,
          -0.132788,
          0.359617,
          3.613646
        ],
        [
          -0.381483,
          -0.410822,
          0.828068,
          3.350966
        ],
        [
          0.037781,
          -0.901994,
          -0.430093,
          1.456713
        ],
        [
          0.0,
          0.0,
          0.0,
          1.0
        ]
      ]
    },
    {
      "file_path": "/media/NFS/ttao/scannet/posed_images/scene0041_01/00193.jpg",
      "transform_matrix": [
        [
          0.955447,
          -0.097533,
          0.278581,
          3.637299
        ],
        [
          -0.293405,
          -0.416656,
          0.860414,
          3.393282
        ],
        [
          0.032154,
          -0.903817,
          -0.426709,
          1.452275
        ],
        [
          0.0,
          0.0,
          0.0,
          1.0
        ]
      ]
    },
    {
      "file_path": "/media/NFS/ttao/scannet/posed_images/scene0041_01/00197.jpg",
      "transform_matrix": [
        [
          0.967664,
          -0.081803,
          0.238611,
          3.648745
        ],
        [
          -0.250569,
          -0.420563,
          0.871976,
          3.436155
        ],
        [
          0.02902,
          -0.903568,
          -0.427461,
          1.4456
        ],
        [
          0.0,
          0.0,
          0.0,
          1.0
        ]
      ]
    },
    {
      "file_path": "/media/NFS/ttao/scannet/posed_images/scene0041_01/00206.jpg",
      "transform_matrix": [
        [
          0.978741,
          -0.02341,
          0.203757,
          3.629357
        ],
        [
          -0.197834,
          -0.369802,
          0.907804,
          3.528629
        ],
        [
          0.054098,
          -0.928816,
          -0.366572,
          1.446612
        ],
        [
          0.0,
          0.0,
          0.0,
          1.0
        ]
      ]
    },
    {
      "file_path": "/media/NFS/ttao/scannet/posed_images/scene0041_01/00211.jpg",
      "transform_matrix": [
        [
          0.984836,
          -0.025466,
          0.171609,
          3.636438
        ],
        [
          -0.16909,
          -0.362198,
          0.916636,
          3.586679
        ],
        [
          0.038813,
          -0.931753,
          -0.361012,
          1.44782
        ],
        [
          0.0,
          0.0,
          0.0,
          1.0
        ]
      ]
    },
    {
      "file_path": "/media/NFS/ttao/scannet/posed_images/scene0041_01/00218.jpg",
      "transform_matrix": [
        [
          0.9932,
          -0.043505,
          0.107989,
          3.67728
        ],
        [
          -0.11635,
          -0.40352,
          0.907543,
          3.661972
        ],
        [
          0.004093,
          -0.913936,
          -0.405838,
          1.441559
        ],
        [
          0.0,
          0.0,
          0.0,
          1.0
        ]
      ]
    },
    {
      "file_path": "/media/NFS/ttao/scannet/posed_images/scene0041_01/00229.jpg",
      "transform_matrix": [
        [
          0.998897,
          0.020484,
          -0.042249,
          3.792057
        ],
        [
          0.04694,
          -0.414733,
          0.908732,
          3.74692
        ],
        [
          0.001093,
          -0.909713,
          -0.415237,
          1.401041
        ],
        [
          0.0,
          0.0,
          0.0,
          1.0
        ]
      ]
    },
    {
      "file_path": "/media/NFS/ttao/scannet/posed_images/scene0041_01/00234.jpg",
      "transform_matrix": [
        [
          0.993774,
          0.063696,
          -0.091413,
          3.832338
        ],
        [
          0.109488,
          -0.406328,
          0.907144,
          3.785387
        ],
        [
          0.020638,
          -0.911504,
          -0.410772,
          1.400174
        ],
        [
          0.0,
          0.0,
          0.0,
          1.0
        ]
      ]
    },
    {
      "file_path": "/media/NFS/ttao/scannet/posed_images/scene0041_01/00240.jpg",
      "transform_matrix": [
        [
          0.980459,
          0.089247,
          -0.175315,
          3.914731
        ],
        [
          0.19632,
          -0.386778,
          0.901034,
          3.790268
        ],
        [
          0.012607,
          -0.917844,
          -0.396741,
          1.363232
        ],
        [
          0.0,
          0.0,
          0.0,
          1.0
        ]
      ]
    },
    {
      "file_path": "/media/NFS/ttao/scannet/posed_images/scene0041_01/00254.jpg",
      "transform_matrix": [
        [
          0.933276,
          0.163684,
          -0.319692,
          3.926504
        ],
        [
          0.358511,
          -0.37109,
          0.856599,
          3.907721
        ],
        [
          0.021578,
          -0.914057,
          -0.405012,
          1.354014
        ],
        [
          0.0,
          0.0,
          0.0,
          1.0
        ]
      ]
    },
    {
      "file_path": "/media/NFS/ttao/scannet/posed_images/scene0041_01/00261.jpg",
      "transform_matrix": [
        [
          0.905852,
          0.225011,
          -0.35889,
          3.913566
        ],
        [
          0.420636,
          -0.377854,
          0.824799,
          3.996562
        ],
        [
          0.049981,
          -0.898107,
          -0.436927,
          1.345361
        ],
        [
          0.0,
          0.0,
          0.0,
          1.0
        ]
      ]
    },
    {
      "file_path": "/media/NFS/ttao/scannet/posed_images/scene0041_01/00268.jpg",
      "transform_matrix": [
        [
          0.89065,
          0.215216,
          -0.400531,
          3.910763
        ],
        [
          0.453727,
          -0.36336,
          0.813696,
          4.080708
        ],
        [
          0.029583,
          -0.90645,
          -0.421276,
          1.339043
        ],
        [
          0.0,
          0.0,
          0.0,
          1.0
        ]
      ]
    },
    {
      "file_path": "/media/NFS/ttao/scannet/posed_images/scene0041_01/00270.jpg",
      "transform_matrix": [
        [
          0.880975,
          0.229246,
          -0.413919,
          3.909966
        ],
        [
          0.472679,
          -0.386887,
          0.791766,
          4.123908
        ],
        [
          0.02137,
          -0.893177,
          -0.449198,
          1.367506
        ],
        [
          0.0,
          0.0,
          0.0,
          1.0
        ]
      ]
    },
    {
      "file_path": "/media/NFS/ttao/scannet/posed_images/scene0041_01/00279.jpg",
      "transform_matrix": [
        [
          0.810443,
          0.251418,
          -0.529123,
          3.95608
        ],
        [
          0.585719,
          -0.331195,
          0.739759,
          4.224862
        ],
        [
          0.010746,
          -0.90945,
          -0.415675,
          1.341992
        ],
        [
          0.0,
          0.0,
          0.0,
          1.0
        ]
      ]
    },
    {
      "file_path": "/media/NFS/ttao/scannet/posed_images/scene0041_01/00290.jpg",
      "transform_matrix": [
        [
          0.724854,
          0.276479,
          -0.630988,
          3.815567
        ],
        [
          0.688688,
          -0.313632,
          0.653714,
          4.077357
        ],
        [
          -0.01716,
          -0.908402,
          -0.417746,
          1.348477
        ],
        [
          0.0,
          0.0,
          0.0,
          1.0
        ]
      ]
    },
    {
      "file_path": "/media/NFS/ttao/scannet/posed_images/scene0041_01/00299.jpg",
      "transform_matrix": [
        [
          0.650126,
          0.291089,
          -0.701857,
          3.762516
        ],
        [
          0.759707,
          -0.265365,
          0.593655,
          4.11922
        ],
        [
          -0.013442,
          -0.919157,
          -0.393663,
          1.335488
        ],
        [
          0.0,
          0.0,
          0.0,
          1.0
        ]
      ]
    },
    {
      "file_path": "/media/NFS/ttao/scannet/posed_images/scene0041_01/00304.jpg",
      "transform_matrix": [
        [
          0.63278,
          0.304976,
          -0.711744,
          3.692432
        ],
        [
          0.774246,
          -0.235503,
          0.587437,
          4.131868
        ],
        [
          0.011537,
          -0.922783,
          -0.385148,
          1.356533
        ],
        [
          0.0,
          0.0,
          0.0,
          1.0
        ]
      ]
    },
    {
      "file_path": "/media/NFS/ttao/scannet/posed_images/scene0041_01/00311.jpg",
      "transform_matrix": [
        [
          0.572608,
          0.307099,
          -0.760139,
          3.619468
        ],
        [
          0.819699,
          -0.230984,
          0.524157,
          4.148181
        ],
        [
          -0.014612,
          -0.923221,
          -0.383991,
          1.356365
        ],
        [
          0.0,
          0.0,
          0.0,
          1.0
        ]
      ]
    },
    {
      "file_path": "/media/NFS/ttao/scannet/posed_images/scene0041_01/00322.jpg",
      "transform_matrix": [
        [
          0.429145,
          0.312925,
          -0.847297,
          3.560467
        ],
        [
          0.901281,
          -0.21003,
          0.378919,
          4.175839
        ],
        [
          -0.059385,
          -0.926264,
          -0.372167,
          1.355204
        ],
        [
          0.0,
          0.0,
          0.0,
          1.0
        ]
      ]
    },
    {
      "file_path": "/media/NFS/ttao/scannet/posed_images/scene0041_01/00324.jpg",
      "transform_matrix": [
        [
          0.404638,
          0.327929,
          -0.853657,
          3.561788
        ],
        [
          0.912768,
          -0.201871,
          0.355109,
          4.180883
        ],
        [
          -0.055878,
          -0.922882,
          -0.381008,
          1.342212
        ],
        [
          0.0,
          0.0,
          0.0,
          1.0
        ]
      ]
    },
    {
      "file_path": "/media/NFS/ttao/scannet/posed_images/scene0041_01/00333.jpg",
      "transform_matrix": [
        [
          0.292787,
          0.323304,
          -0.899861,
          3.562055
        ],
        [
          0.955377,
          -0.137413,
          0.26148,
          4.258693
        ],
        [
          -0.039115,
          -0.936265,
          -0.34911,
          1.395179
        ],
        [
          0.0,
          0.0,
          0.0,
          1.0
        ]
      ]
    },
    {
      "file_path": "/media/NFS/ttao/scannet/posed_images/scene0041_01/00345.jpg",
      "transform_matrix": [
        [
          0.29628,
          0.242021,
          -0.923929,
          3.587051
        ],
        [
          0.955097,
          -0.077973,
          0.28585,
          4.326302
        ],
        [
          -0.00286,
          -0.967133,
          -0.254256,
          1.427401
        ],
        [
          0.0,
          0.0,
          0.0,
          1.0
        ]
      ]
    },
    {
      "file_path": "/media/NFS/ttao/scannet/posed_images/scene0041_01/00351.jpg",
      "transform_matrix": [
        [
          0.273357,
          0.225104,
          -0.935203,
          3.595327
        ],
        [
          0.961772,
          -0.047355,
          0.269725,
          4.338221
        ],
        [
          0.016429,
          -0.973183,
          -0.229444,
          1.4373
        ],
        [
          0.0,
          0.0,
          0.0,
          1.0
        ]
      ]
    },
    {
      "file_path": "/media/NFS/ttao/scannet/posed_images/scene0041_01/00354.jpg",
      "transform_matrix": [
        [
          0.261387,
          0.228584,
          -0.937777,
          3.602344
        ],
        [
          0.965116,
          -0.046686,
          0.257628,
          4.347936
        ],
        [
          0.015109,
          -0.972404,
          -0.232813,
          1.440269
        ],
        [
          0.0,
          0.0,
          0.0,
          1.0
        ]
      ]
    },
    {
      "file_path": "/media/NFS/ttao/scannet/posed_images/scene0041_01/00367.jpg",
      "transform_matrix": [
        [
          0.19043,
          0.302545,
          -0.933918,
          3.619909
        ],
        [
          0.981414,
          -0.081684,
          0.173653,
          4.381351
        ],
        [
          -0.023749,
          -0.949628,
          -0.312477,
          1.395146
        ],
        [
          0.0,
          0.0,
          0.0,
          1.0
        ]
      ]
    },
    {
      "file_path": "/media/NFS/ttao/scannet/posed_images/scene0041_01/00374.jpg",
      "transform_matrix": [
        [
          0.208522,
          0.341043,
          -0.916629,
          3.612728
        ],
        [
          0.977763,
          -0.094094,
          0.18742,
          4.384349
        ],
        [
          -0.022331,
          -0.935327,
          -0.35308,
          1.374149
        ],
        [
          0.0,
          0.0,
          0.0,
          1.0
        ]
      ]
    },
    {
      "file_path": "/media/NFS/ttao/scannet/posed_images/scene0041_01/00379.jpg",
      "transform_matrix": [
        [
          0.210403,
          0.369116,
          -0.905253,
          3.60731
        ],
        [
          0.977583,
          -0.086851,
          0.191801,
          4.368167
        ],
        [
          -0.007825,
          -0.925317,
          -0.379115,
          1.368682
        ],
        [
          0.0,
          0.0,
          0.0,
          1.0
        ]
      ]
    },
    {
      "file_path": "/media/NFS/ttao/scannet/posed_images/scene0041_01/00385.jpg",
      "transform_matrix": [
        [
          0.189508,
          0.353711,
          -0.915956,
          3.60585
        ],
        [
          0.98179,
          -0.080828,
          0.171916,
          4.33692
        ],
        [
          -0.013226,
          -0.931856,
          -0.362587,
          1.36028
        ],
        [
          0.0,
          0.0,
          0.0,
          1.0
        ]
      ]
    },
    {
      "file_path": "/media/NFS/ttao/scannet/posed_images/scene0041_01/00392.jpg",
      "transform_matrix": [
        [
          0.103758,
          0.362923,
          -0.926024,
          3.600495
        ],
        [
          0.994296,
          -0.060946,
          0.087522,
          4.288133
        ],
        [
          -0.024674,
          -0.929824,
          -0.367177,
          1.358899
        ],
        [
          0.0,
          0.0,
          0.0,
          1.0
        ]
      ]
    },
    {
      "file_path": "/media/NFS/ttao/scannet/posed_images/scene0041_01/00399.jpg",
      "transform_matrix": [
        [
          -0.033414,
          0.390985,
          -0.91979,
          3.588508
        ],
        [
          0.998786,
          -0.020254,
          -0.044894,
          4.257395
        ],
        [
          -0.036182,
          -0.920174,
          -0.389834,
          1.350253
        ],
        [
          0.0,
          0.0,
          0.0,
          1.0
        ]
      ]
    },
    {
      "file_path": "/media/NFS/ttao/scannet/posed_images/scene0041_01/00413.jpg",
      "transform_matrix": [
        [
          -0.221695,
          0.360701,
          -0.905951,
          3.587923
        ],
        [
          0.974547,
          0.050215,
          -0.218488,
          4.251943
        ],
        [
          -0.033316,
          -0.931329,
          -0.362653,
          1.326228
        ],
        [
          0.0,
          0.0,
          0.0,
          1.0
        ]
      ]
    },
    {
      "file_path": "/media/NFS/ttao/scannet/posed_images/scene0041_01/00415.jpg",
      "transform_matrix": [
        [
          -0.225238,
          0.360268,
          -0.905248,
          3.584693
        ],
        [
          0.973991,
          0.059698,
          -0.218584,
          4.250395
        ],
        [
          -0.024707,
          -0.930937,
          -0.364344,
          1.324631
        ],
        [
          0.0,
          0.0,
          0.0,
          1.0
        ]
      ]
    },
    {
      "file_path": "/media/NFS/ttao/scannet/posed_images/scene0041_01/00426.jpg",
      "transform_matrix": [
        [
          -0.263357,
          0.311194,
          -0.913128,
          3.568204
        ],
        [
          0.964576,
          0.069837,
          -0.254395,
          4.231149
        ],
        [
          -0.015396,
          -0.947777,
          -0.318562,
          1.337435
        ],
        [
          0.0,
          0.0,
          0.0,
          1.0
        ]
      ]
    },
    {
      "file_path": "/media/NFS/ttao/scannet/posed_images/scene0041_01/00428.jpg",
      "transform_matrix": [
        [
          -0.275961,
          0.311849,
          -0.909174,
          3.563128
        ],
        [
          0.960999,
          0.071696,
          -0.267099,
          4.22218
        ],
        [
          -0.018111,
          -0.947423,
          -0.319471,
          1.345187
        ],
        [
          0.0,
          0.0,
          0.0,
          1.0
        ]
      ]
    },
    {
      "file_path": "/media/NFS/ttao/scannet/posed_images/scene0041_01/00442.jpg",
      "transform_matrix": [
        [
          -0.401424,
          0.227955,
          -0.887071,
          3.493175
        ],
        [
          0.914023,
          0.037862,
          -0.403891,
          4.199099
        ],
        [
          -0.058483,
          -0.972935,
          -0.223555,
          1.331261
        ],
        [
          0.0,
          0.0,
          0.0,
          1.0
        ]
      ]
    },
    {
      "file_path": "/media/NFS/ttao/scannet/posed_images/scene0041_01/00444.jpg",
      "transform_matrix": [
        [
          -0.413513,
          0.226215,
          -0.881949,
          3.480458
        ],
        [
          0.908872,
          0.044686,
          -0.414674,
          4.194246
        ],
        [
          -0.054395,
          -0.973052,
          -0.224079,
          1.339392
        ],
        [
          0.0,
          0.0,
          0.0,
          1.0
        ]
      ]
    },
    {
      "file_path": "/media/NFS/ttao/scannet/posed_images/scene0041_01/00458.jpg",
      "transform_matrix": [
        [
          -0.565486,
          0.089134,
          -0.819927,
          3.395762
        ],
        [
          0.823252,
          0.000946,
          -0.567676,
          4.228868
        ],
        [
          -0.049824,
          -0.996019,
          -0.073915,
          1.365446
        ],
        [
          0.0,
          0.0,
          0.0,
          1.0
        ]
      ]
    },
    {
      "file_path": "/media/NFS/ttao/scannet/posed_images/scene0041_01/00460.jpg",
      "transform_matrix": [
        [
          -0.572469,
          0.09064,
          -0.814901,
          3.382643
        ],
        [
          0.817993,
          -0.005073,
          -0.575206,
          4.232121
        ],
        [
          -0.05627,
          -0.995871,
          -0.071239,
          1.351971
        ],
        [
          0.0,
          0.0,
          0.0,
          1.0
        ]
      ]
    },
    {
      "file_path": "/media/NFS/ttao/scannet/posed_images/scene0041_01/00472.jpg",
      "transform_matrix": [
        [
          -0.633462,
          0.054829,
          -0.771829,
          3.337405
        ],
        [
          0.773165,
          0.005273,
          -0.634183,
          4.257331
        ],
        [
          -0.030702,
          -0.998482,
          -0.045732,
          1.372442
        ],
        [
          0.0,
          0.0,
          0.0,
          1.0
        ]
      ]
    },
    {
      "file_path": "/media/NFS/ttao/scannet/posed_images/scene0041_01/00476.jpg",
      "transform_matrix": [
        [
          -0.64188,
          0.047846,
          -0.765311,
          3.335045
        ],
        [
          0.766665,
          0.020993,
          -0.641703,
          4.254979
        ],
        [
          -0.014637,
          -0.998634,
          -0.050157,
          1.387525
        ],
        [
          0.0,
          0.0,
          0.0,
          1.0
        ]
      ]
    },
    {
      "file_path": "/media/NFS/ttao/scannet/posed_images/scene0041_01/00487.jpg",
      "transform_matrix": [
        [
          -0.691688,
          0.034511,
          -0.721371,
          3.321398
        ],
        [
          0.722193,
          0.029964,
          -0.691042,
          4.26828
        ],
        [
          -0.002233,
          -0.998955,
          -0.04565,
          1.394854
        ],
        [
          0.0,
          0.0,
          0.0,
          1.0
        ]
      ]
    },
    {
      "file_path": "/media/NFS/ttao/scannet/posed_images/scene0041_01/00490.jpg",
      "transform_matrix": [
        [
          -0.704362,
          0.037915,
          -0.708827,
          3.318209
        ],
        [
          0.709821,
          0.030261,
          -0.703731,
          4.27368
        ],
        [
          -0.005232,
          -0.998823,
          -0.048227,
          1.398359
        ],
        [
          0.0,
          0.0,
          0.0,
          1.0
        ]
      ]
    },
    {
      "file_path": "/media/NFS/ttao/scannet/posed_images/scene0041_01/00501.jpg",
      "transform_matrix": [
        [
          -0.763999,
          0.077569,
          -0.640538,
          3.294658
        ],
        [
          0.645095,
          0.072414,
          -0.760664,
          4.267678
        ],
        [
          -0.01262,
          -0.994354,
          -0.105363,
          1.397354
        ],
        [
          0.0,
          0.0,
          0.0,
          1.0
        ]
      ]
    },
    {
      "file_path": "/media/NFS/ttao/scannet/posed_images/scene0041_01/00508.jpg",
      "transform_matrix": [
        [
          -0.763655,
          0.088044,
          -0.639594,
          3.292362
        ],
        [
          0.645574,
          0.091633,
          -0.758181,
          4.25242
        ],
        [
          -0.008145,
          -0.991893,
          -0.126815,
          1.388452
        ],
        [
          0.0,
          0.0,
          0.0,
          1.0
        ]
      ]
    },
    {
      "file_path": "/media/NFS/ttao/scannet/posed_images/scene0041_01/00512.jpg",
      "transform_matrix": [
        [
          -0.765289,
          0.104504,
          -0.635147,
          3.284188
        ],
        [
          0.643576,
          0.105858,
          -0.758027,
          4.245588
        ],
        [
          -0.011981,
          -0.988875,
          -0.148268,
          1.383408
        ],
        [
          0.0,
          0.0,
          0.0,
          1.0
        ]
      ]
    },
    {
      "file_path": "/media/NFS/ttao/scannet/posed_images/scene0041_01/00526.jpg",
      "transform_matrix": [
        [
          -0.765825,
          0.172114,
          -0.619588,
          3.313704
        ],
        [
          0.64124,
          0.132175,
          -0.755871,
          4.169076
        ],
        [
          -0.048202,
          -0.976169,
          -0.211589,
          1.361663
        ],
        [
          0.0,
          0.0,
          0.0,
          1.0
        ]
      ]
    },
    {
      "file_path": "/media/NFS/ttao/scannet/posed_images/scene0041_01/00530.jpg",
      "transform_matrix": [
        [
          -0.765055,
          0.176818,
          -0.619214,
          3.324521
        ],
        [
          0.641834,
          0.131213,
          -0.755534,
          4.154217
        ],
        [
          -0.052343,
          -0.975458,
          -0.213873,
          1.355851
        ],
        [
          0.0,
          0.0,
          0.0,
          1.0
        ]
      ]
    },
    {
      "file_path": "/media/NFS/ttao/scannet/posed_images/scene0041_01/00540.jpg",
      "transform_matrix": [
        [
          -0.735731,
          0.176797,
          -0.653791,
          3.360556
        ],
        [
          0.673626,
          0.090975,
          -0.733452,
          4.098362
        ],
        [
          -0.070194,
          -0.980034,
          -0.186028,
          1.357181
        ],
        [
          0.0,
          0.0,
          0.0,
          1.0
        ]
      ]
    },
    {
      "file_path": "/media/NFS/ttao/scannet/posed_images/scene0041_01/00549.jpg",
      "transform_matrix": [
        [
          -0.718436,
          0.162385,
          -0.676373,
          3.383992
        ],
        [
          0.692894,
          0.081481,
          -0.716421,
          4.039394
        ],
        [
          -0.061225,
          -0.983358,
          -0.171054,
          1.363959
        ],
        [
          0.0,
          0.0,
          0.0,
          1.0
        ]
      ]
    },
    {
      "file_path": "/media/NFS/ttao/scannet/posed_images/scene0041_01/00551.jpg",
      "transform_matrix": [
        [
          -0.714887,
          0.164183,
          -0.679691,
          3.379329
        ],
        [
          0.697027,
          0.090056,
          -0.711367,
          4.021671
        ],
        [
          -0.055584,
          -0.982311,
          -0.17882,
          1.377235
        ],
        [
          0.0,
          0.0,
          0.0,
          1.0
        ]
      ]
    },
    {
      "file_path": "/media/NFS/ttao/scannet/posed_images/scene0041_01/00560.jpg",
      "transform_matrix": [
        [
          -0.722589,
          0.131143,
          -0.678724,
          3.350565
        ],
        [
          0.691013,
          0.109832,
          -0.71445,
          3.969431
        ],
        [
          -0.019149,
          -0.985261,
          -0.169985,
          1.3953
        ],
        [
          0.0,
          0.0,
          0.0,
          1.0
        ]
      ]
    },
    {
      "file_path": "/media/NFS/ttao/scannet/posed_images/scene0041_01/00564.jpg",
      "transform_matrix": [
        [
          -0.726667,
          0.111961,
          -0.677805,
          3.326838
        ],
        [
          0.686956,
          0.108568,
          -0.718544,
          3.952034
        ],
        [
          -0.006861,
          -0.987764,
          -0.155805,
          1.391776
        ],
        [
          0.0,
          0.0,
          0.0,
          1.0
        ]
      ]
    },
    {
      "file_path": "/media/NFS/ttao/scannet/posed_images/scene0041_01/00574.jpg",
      "transform_matrix": [
        [
          -0.796564,
          0.065164,
          -0.601032,
          3.231065
        ],
        [
          0.604511,
          0.097738,
          -0.790578,
          3.926747
        ],
        [
          0.007227,
          -0.993077,
          -0.117247,
          1.420703
        ],
        [
          0.0,
          0.0,
          0.0,
          1.0
        ]
      ]
    },
    {
      "file_path": "/media/NFS/ttao/scannet/posed_images/scene0041_01/00585.jpg",
      "transform_matrix": [
        [
          -0.838992,
          0.067298,
          -0.539966,
          3.179433
        ],
        [
          0.544115,
          0.093594,
          -0.833774,
          3.876613
        ],
        [
          -0.005574,
          -0.993333,
