{
  "frames": [
    {
      "file_path": "/media/NFS/ttao/scannet/posed_images/scene0501_00/00000.jpg",
      "transform_matrix": [
        [
          0.414293,
          0.723928,
          -0.551624,
          1.656822
        ],
        [
          0.909298,
          -0.303101,
          0.285145,
          1.519727
        ],
        [
          0.039227,
          -0.619724,
          -0.783839,
          1.449955
        ],
        [
          0.0,
          0.0,
          0.0,
          1.0
        ]
      ]
    },
    {
      "file_path": "/media/NFS/ttao/scannet/posed_images/scene0501_00/00006.jpg",
      "transform_matrix": [
        [
          0.4141,
          0.724544,
          -0.55096,
          1.656351
        ],
        [
          0.909382,
          -0.303172,
          0.284801,
          1.519746
        ],
        [
          0.039316,
          -0.618969,
          -0.784431,
          1.448616
        ],
        [
          0.0,
          0.0,
          0.0,
          1.0
        ]
      ]
    },
    {
      "file_path": "/media/NFS/ttao/scannet/posed_images/scene0501_00/00012.jpg",
      "transform_matrix": [
        [
          0.400342,
          0.730342,
          -0.553468,
          1.65572
        ],
        [
          0.915708,
          -0.295956,
          0.271826,
          1.536272
        ],
        [
          0.034724,
          -0.615638,
          -0.787263,
          1.446495
        ],
        [
          0.0,
          0.0,
          0.0,
          1.0
        ]
      ]
    },
    {
      "file_path": "/media/NFS/ttao/scannet/posed_images/scene0501_00/00023.jpg",
      "transform_matrix": [
        [
          0.423503,
          0.710219,
          -0.562348,
          1.628895
        ],
        [
          0.905591,
          -0.315829,
          0.283122,
          1.542259
        ],
        [
          0.023473,
          -0.62916,
          -0.776922,
          1.453313
        ],
        [
          0.0,
          0.0,
          0.0,
          1.0
        ]
      ]
    },
    {
      "file_path": "/media/NFS/ttao/scannet/posed_images/scene0501_00/00025.jpg",
      "transform_matrix": [
        [
          0.428834,
          0.70968,
          -0.558977,
          1.620986
        ],
        [
          0.903029,
          -0.319425,
          0.287239,
          1.543251
        ],
        [
          0.025297,
          -0.62795,
          -0.777842,
          1.454136
        ],
        [
          0.0,
          0.0,
          0.0,
          1.0
        ]
      ]
    },
    {
      "file_path": "/media/NFS/ttao/scannet/posed_images/scene0501_00/00035.jpg",
      "transform_matrix": [
        [
          0.454106,
          0.701026,
          -0.549864,
          1.575254
        ],
        [
          0.890513,
          -0.337847,
          0.304709,
          1.551121
        ],
        [
          0.027839,
          -0.628031,
          -0.777691,
          1.456314
        ],
        [
          0.0,
          0.0,
          0.0,
          1.0
        ]
      ]
    },
    {
      "file_path": "/media/NFS/ttao/scannet/posed_images/scene0501_00/00042.jpg",
      "transform_matrix": [
        [
          0.494957,
          0.686144,
          -0.533127,
          1.54027
        ],
        [
          0.86829,
          -0.367245,
          0.333473,
          1.557038
        ],
        [
          0.033022,
          -0.627963,
          -0.777542,
          1.455991
        ],
        [
          0.0,
          0.0,
          0.0,
          1.0
        ]
      ]
    },
    {
      "file_path": "/media/NFS/ttao/scannet/posed_images/scene0501_00/00046.jpg",
      "transform_matrix": [
        [
          0.523083,
          0.671821,
          -0.524443,
          1.522207
        ],
        [
          0.851646,
          -0.38826,
          0.352069,
          1.563268
        ],
        [
          0.032907,
          -0.630801,
          -0.775247,
          1.457048
        ],
        [
          0.0,
          0.0,
          0.0,
          1.0
        ]
      ]
    },
    {
      "file_path": "/media/NFS/ttao/scannet/posed_images/scene0501_00/00054.jpg",
      "transform_matrix": [
        [
          0.593088,
          0.631909,
          -0.498936,
          1.489357
        ],
        [
          0.804581,
          -0.44211,
          0.39647,
          1.569421
        ],
        [
          0.029948,
          -0.636576,
          -0.770632,
          1.457585
        ],
        [
          0.0,
          0.0,
          0.0,
          1.0
        ]
      ]
    },
    {
      "file_path": "/media/NFS/ttao/scannet/posed_images/scene0501_00/00062.jpg",
      "transform_matrix": [
        [
          0.633631,
          0.60904,
          -0.477055,
          1.476509
        ],
        [
          0.773162,
          -0.476948,
          0.418021,
          1.584216
        ],
        [
          0.027061,
          -0.633712,
          -0.773096,
          1.452865
        ],
        [
          0.0,
          0.0,
          0.0,
          1.0
        ]
      ]
    },
    {
      "file_path": "/media/NFS/ttao/scannet/posed_images/scene0501_00/00064.jpg",
      "transform_matrix": [
        [
          0.641746,
          0.603341,
          -0.473436,
          1.474707
        ],
        [
          0.766566,
          -0.485963,
          0.419782,
          1.591042
        ],
        [
          0.023199,
          -0.632314,
          -0.774365,
          1.452608
        ],
        [
          0.0,
          0.0,
          0.0,
          1.0
        ]
      ]
    },
    {
      "file_path": "/media/NFS/ttao/scannet/posed_images/scene0501_00/00071.jpg",
      "transform_matrix": [
        [
          0.671183,
          0.586758,
          -0.45302,
          1.470757
        ],
        [
          0.741012,
          -0.514267,
          0.431778,
          1.62621
        ],
        [
          0.020376,
          -0.625495,
          -0.779962,
          1.451714
        ],
        [
          0.0,
          0.0,
          0.0,
          1.0
        ]
      ]
    },
    {
      "file_path": "/media/NFS/ttao/scannet/posed_images/scene0501_00/00079.jpg",
      "transform_matrix": [
        [
          0.687869,
          0.569618,
          -0.449857,
          1.471009
        ],
        [
          0.725797,
          -0.533496,
          0.434281,
          1.693799
        ],
        [
          0.007378,
          -0.625233,
          -0.780403,
          1.45518
        ],
        [
          0.0,
          0.0,
          0.0,
          1.0
        ]
      ]
    },
    {
      "file_path": "/media/NFS/ttao/scannet/posed_images/scene0501_00/00085.jpg",
      "transform_matrix": [
        [
          0.692517,
          0.558129,
          -0.457068,
          1.471849
        ],
        [
          0.72139,
          -0.532288,
          0.443019,
          1.756593
        ],
        [
          0.00397,
          -0.636523,
          -0.771248,
          1.457675
        ],
        [
          0.0,
          0.0,
          0.0,
          1.0
        ]
      ]
    },
    {
      "file_path": "/media/NFS/ttao/scannet/posed_images/scene0501_00/00093.jpg",
      "transform_matrix": [
        [
          0.687321,
          0.560959,
          -0.461427,
          1.475232
        ],
        [
          0.72612,
          -0.514547,
          0.45606,
          1.821498
        ],
        [
          0.018405,
          -0.648511,
          -0.760983,
          1.461634
        ],
        [
          0.0,
          0.0,
          0.0,
          1.0
        ]
      ]
    },
    {
      "file_path": "/media/NFS/ttao/scannet/posed_images/scene0501_00/00098.jpg",
      "transform_matrix": [
        [
          0.680185,
          0.569362,
          -0.461709,
          1.472117
        ],
        [
          0.73278,
          -0.511311,
          0.448994,
          1.850478
        ],
        [
          0.019563,
          -0.64373,
          -0.765003,
          1.463582
        ],
        [
          0.0,
          0.0,
          0.0,
          1.0
        ]
      ]
    },
    {
      "file_path": "/media/NFS/ttao/scannet/posed_images/scene0501_00/00102.jpg",
      "transform_matrix": [
        [
          0.685,
          0.5615,
          -0.464213,
          1.469186
        ],
        [
          0.728379,
          -0.51429,
          0.452736,
          1.866268
        ],
        [
          0.015471,
          -0.648247,
          -0.761273,
          1.462155
        ],
        [
          0.0,
          0.0,
          0.0,
          1.0
        ]
      ]
    },
    {
      "file_path": "/media/NFS/ttao/scannet/posed_images/scene0501_00/00108.jpg",
      "transform_matrix": [
        [
          0.702011,
          0.545344,
          -0.458018,
          1.456247
        ],
        [
          0.712066,
          -0.526655,
          0.464324,
          1.903824
        ],
        [
          0.011999,
          -0.6521,
          -0.758038,
          1.46583
        ],
        [
          0.0,
          0.0,
          0.0,
          1.0
        ]
      ]
    },
    {
      "file_path": "/media/NFS/ttao/scannet/posed_images/scene0501_00/00120.jpg",
      "transform_matrix": [
        [
          0.776317,
          0.477146,
          -0.411902,
          1.400458
        ],
        [
          0.63024,
          -0.575729,
          0.520898,
          1.981689
        ],
        [
          0.011401,
          -0.663978,
          -0.747665,
          1.471756
        ],
        [
          0.0,
          0.0,
          0.0,
          1.0
        ]
      ]
    },
    {
      "file_path": "/media/NFS/ttao/scannet/posed_images/scene0501_00/00121.jpg",
      "transform_matrix": [
        [
          0.780419,
          0.471689,
          -0.410434,
          1.398527
        ],
        [
          0.625203,
          -0.580076,
          0.522143,
          1.99232
        ],
        [
          0.008206,
          -0.664095,
          -0.747603,
          1.473793
        ],
        [
          0.0,
          0.0,
          0.0,
          1.0
        ]
      ]
    },
    {
      "file_path": "/media/NFS/ttao/scannet/posed_images/scene0501_00/00131.jpg",
      "transform_matrix": [
        [
          0.845423,
          0.398374,
          -0.35575,
          1.36786
        ],
        [
          0.534097,
          -0.630044,
          0.563725,
          2.048441
        ],
        [
          0.000436,
          -0.666591,
          -0.745424,
          1.473967
        ],
        [
          0.0,
          0.0,
          0.0,
          1.0
        ]
      ]
    },
    {
      "file_path": "/media/NFS/ttao/scannet/posed_images/scene0501_00/00139.jpg",
      "transform_matrix": [
        [
          0.87478,
          0.355125,
          -0.329616,
          1.35614
        ],
        [
          0.484489,
          -0.648907,
          0.586677,
          2.077396
        ],
        [
          -0.005546,
          -0.672908,
          -0.739705,
          1.480444
        ],
        [
          0.0,
          0.0,
          0.0,
          1.0
        ]
      ]
    },
    {
      "file_path": "/media/NFS/ttao/scannet/posed_images/scene0501_00/00143.jpg",
      "transform_matrix": [
        [
          0.884264,
          0.337646,
          -0.322603,
          1.3538
        ],
        [
          0.466882,
          -0.653869,
          0.595379,
          2.087563
        ],
        [
          -0.009913,
          -0.67709,
          -0.735834,
          1.483308
        ],
        [
          0.0,
          0.0,
          0.0,
          1.0
        ]
      ]
    },
    {
      "file_path": "/media/NFS/ttao/scannet/posed_images/scene0501_00/00148.jpg",
      "transform_matrix": [
        [
          0.897951,
          0.313416,
          -0.308955,
          1.352237
        ],
        [
          0.439879,
          -0.661128,
          0.607796,
          2.101546
        ],
        [
          -0.013766,
          -0.681674,
          -0.731526,
          1.485535
        ],
        [
          0.0,
          0.0,
          0.0,
          1.0
        ]
      ]
    },
    {
      "file_path": "/media/NFS/ttao/scannet/posed_images/scene0501_00/00152.jpg",
      "transform_matrix": [
        [
          0.907477,
          0.292958,
          -0.301099,
          1.356062
        ],
        [
          0.419575,
          -0.667894,
          0.614715,
          2.112243
        ],
        [
          -0.021017,
          -0.684173,
          -0.729017,
          1.48581
        ],
        [
          0.0,
          0.0,
          0.0,
          1.0
        ]
      ]
    },
    {
      "file_path": "/media/NFS/ttao/scannet/posed_images/scene0501_00/00164.jpg",
      "transform_matrix": [
        [
          0.940994,
          0.233285,
          -0.245169,
          1.371849
        ],
        [
          0.337789,
          -0.691732,
          0.638283,
          2.140294
        ],
        [
          -0.020689,
          -0.683436,
          -0.729717,
          1.482717
        ],
        [
          0.0,
          0.0,
          0.0,
          1.0
        ]
      ]
    },
    {
      "file_path": "/media/NFS/ttao/scannet/posed_images/scene0501_00/00166.jpg",
      "transform_matrix": [
        [
          0.94608,
          0.222493,
          -0.235434,
          1.377014
        ],
        [
          0.323252,
          -0.695528,
          0.641676,
          2.144391
        ],
        [
          -0.020983,
          -0.683182,
          -0.729947,
          1.482018
        ],
        [
          0.0,
          0.0,
          0.0,
          1.0
        ]
      ]
    },
    {
      "file_path": "/media/NFS/ttao/scannet/posed_images/scene0501_00/00177.jpg",
      "transform_matrix": [
        [
          0.972985,
          0.147188,
          -0.177864,
          1.416449
        ],
        [
          0.228925,
          -0.714828,
          0.660768,
          2.170237
        ],
        [
          -0.029885,
          -0.683635,
          -0.729212,
          1.481816
        ],
        [
          0.0,
          0.0,
          0.0,
          1.0
        ]
      ]
    },
    {
      "file_path": "/media/NFS/ttao/scannet/posed_images/scene0501_00/00181.jpg",
      "transform_matrix": [
        [
          0.981322,
          0.118057,
          -0.151886,
          1.426052
        ],
        [
          0.190089,
          -0.716374,
          0.671323,
          2.175567
        ],
        [
          -0.029553,
          -0.687656,
          -0.725435,
          1.482141
        ],
        [
          0.0,
          0.0,
          0.0,
          1.0
        ]
      ]
    },
    {
      "file_path": "/media/NFS/ttao/scannet/posed_images/scene0501_00/00185.jpg",
      "transform_matrix": [
        [
          0.988031,
          0.086719,
          -0.127572,
          1.439269
        ],
        [
          0.150687,
          -0.719451,
          0.678,
          2.180133
        ],
        [
          -0.032987,
          -0.689109,
          -0.723907,
          1.48193
        ],
        [
          0.0,
          0.0,
          0.0,
          1.0
        ]
      ]
    },
    {
      "file_path": "/media/NFS/ttao/scannet/posed_images/scene0501_00/00191.jpg",
      "transform_matrix": [
        [
          0.994746,
          0.03897,
          -0.094661,
          1.462257
        ],
        [
          0.093607,
          -0.720579,
          0.687026,
          2.186007
        ],
        [
          -0.041438,
          -0.692277,
          -0.720441,
          1.483937
        ],
        [
          0.0,
          0.0,
          0.0,
          1.0
        ]
      ]
    },
    {
      "file_path": "/media/NFS/ttao/scannet/posed_images/scene0501_00/00202.jpg",
      "transform_matrix": [
        [
          0.998503,
          -0.031981,
          -0.044378,
          1.497684
        ],
        [
          0.009259,
          -0.700774,
          0.713323,
          2.190829
        ],
        [
          -0.053912,
          -0.712666,
          -0.699429,
          1.496956
        ],
        [
          0.0,
          0.0,
          0.0,
          1.0
        ]
      ]
    },
    {
      "file_path": "/media/NFS/ttao/scannet/posed_images/scene0501_00/00204.jpg",
      "transform_matrix": [
        [
          0.99829,
          -0.04855,
          -0.032567,
          1.504773
        ],
        [
          -0.009575,
          -0.68533,
          0.72817,
          2.190157
        ],
        [
          -0.057672,
          -0.726613,
          -0.684623,
          1.502776
        ],
        [
          0.0,
          0.0,
          0.0,
          1.0
        ]
      ]
    },
    {
      "file_path": "/media/NFS/ttao/scannet/posed_images/scene0501_00/00212.jpg",
      "transform_matrix": [
        [
          0.996661,
          -0.081528,
          -0.004397,
          1.527576
        ],
        [
          -0.049239,
          -0.643145,
          0.76416,
          2.186346
        ],
        [
          -0.065129,
          -0.761392,
          -0.645012,
          1.522233
        ],
        [
          0.0,
          0.0,
          0.0,
          1.0
        ]
      ]
    },
    {
      "file_path": "/media/NFS/ttao/scannet/posed_images/scene0501_00/00218.jpg",
      "transform_matrix": [
        [
          0.995227,
          -0.09682,
          0.012223,
          1.533442
        ],
        [
          -0.069779,
          -0.618456,
          0.782716,
          2.182627
        ],
        [
          -0.068224,
          -0.779832,
          -0.62226,
          1.535271
        ],
        [
          0.0,
          0.0,
          0.0,
          1.0
        ]
      ]
    },
    {
      "file_path": "/media/NFS/ttao/scannet/posed_images/scene0501_00/00228.jpg",
      "transform_matrix": [
        [
          0.992859,
          -0.113949,
          0.035297,
          1.543048
        ],
        [
          -0.094246,
          -0.5679,
          0.817684,
          2.179292
        ],
        [
          -0.073129,
          -0.815172,
          -0.574584,
          1.553792
        ],
        [
          0.0,
          0.0,
          0.0,
          1.0
        ]
      ]
    },
    {
      "file_path": "/media/NFS/ttao/scannet/posed_images/scene0501_00/00231.jpg",
      "transform_matrix": [
        [
          0.99172,
          -0.119204,
          0.047766,
          1.547168
        ],
        [
          -0.106349,
          -0.553885,
          0.825773,
          2.181108
        ],
        [
          -0.071979,
          -0.824016,
          -0.561976,
          1.561976
        ],
        [
          0.0,
          0.0,
          0.0,
          1.0
        ]
      ]
    },
    {
      "file_path": "/media/NFS/ttao/scannet/posed_images/scene0501_00/00241.jpg",
      "transform_matrix": [
        [
          0.983672,
          -0.150819,
          0.098201,
          1.566696
        ],
        [
          -0.161515,
          -0.499091,
          0.851365,
          2.186073
        ],
        [
          -0.07939,
          -0.853324,
          -0.515301,
          1.582475
        ],
        [
          0.0,
          0.0,
          0.0,
          1.0
        ]
      ]
    },
    {
      "file_path": "/media/NFS/ttao/scannet/posed_images/scene0501_00/00247.jpg",
      "transform_matrix": [
        [
          0.976754,
          -0.169734,
          0.130929,
          1.576406
        ],
        [
          -0.196532,
          -0.465169,
          0.86313,
          2.188639
        ],
        [
          -0.085598,
          -0.868797,
          -0.487714,
          1.599049
        ],
        [
          0.0,
          0.0,
          0.0,
          1.0
        ]
      ]
    },
    {
      "file_path": "/media/NFS/ttao/scannet/posed_images/scene0501_00/00254.jpg",
      "transform_matrix": [
        [
          0.969509,
          -0.182603,
          0.163424,
          1.589991
        ],
        [
          -0.228857,
          -0.436253,
          0.870234,
          2.19168
        ],
        [
          -0.087613,
          -0.881101,
          -0.464742,
          1.601761
        ],
        [
          0.0,
          0.0,
          0.0,
          1.0
        ]
      ]
    },
    {
      "file_path": "/media/NFS/ttao/scannet/posed_images/scene0501_00/00260.jpg",
      "transform_matrix": [
        [
          0.964439,
          -0.192937,
          0.180643,
          1.604214
        ],
        [
          -0.245618,
          -0.401832,
          0.882158,
          2.19467
        ],
        [
          -0.097613,
          -0.895157,
          -0.434931,
          1.610687
        ],
        [
          0.0,
          0.0,
          0.0,
          1.0
        ]
      ]
    },
    {
      "file_path": "/media/NFS/ttao/scannet/posed_images/scene0501_00/00266.jpg",
      "transform_matrix": [
        [
          0.961794,
          -0.191061,
          0.196084,
          1.622125
        ],
        [
          -0.255607,
          -0.370096,
          0.893137,
          2.203616
        ],
        [
          -0.098074,
          -0.909134,
          -0.404793,
          1.628989
        ],
        [
          0.0,
          0.0,
          0.0,
          1.0
        ]
      ]
    },
    {
      "file_path": "/media/NFS/ttao/scannet/posed_images/scene0501_00/00268.jpg",
      "transform_matrix": [
        [
          0.961149,
          -0.192551,
          0.197777,
          1.629568
        ],
        [
          -0.256282,
          -0.356375,
          0.898508,
          2.206667
        ],
        [
          -0.102526,
          -0.914287,
          -0.391877,
          1.633528
        ],
        [
          0.0,
          0.0,
          0.0,
          1.0
        ]
      ]
    },
    {
      "file_path": "/media/NFS/ttao/scannet/posed_images/scene0501_00/00280.jpg",
      "transform_matrix": [
        [
          0.965508,
          -0.145449,
          0.215959,
          1.666063
        ],
        [
          -0.245305,
          -0.230072,
          0.94175,
          2.235926
        ],
        [
          -0.087291,
          -0.962243,
          -0.257815,
          1.664942
        ],
        [
          0.0,
          0.0,
          0.0,
          1.0
        ]
      ]
    },
    {
      "file_path": "/media/NFS/ttao/scannet/posed_images/scene0501_00/00283.jpg",
      "transform_matrix": [
        [
          0.966515,
          -0.142518,
          0.213393,
          1.673186
        ],
        [
          -0.24017,
          -0.209541,
          0.947846,
          2.244291
        ],
        [
          -0.090371,
          -0.967358,
          -0.236753,
          1.683726
        ],
        [
          0.0,
          0.0,
          0.0,
          1.0
        ]
      ]
    },
    {
      "file_path": "/media/NFS/ttao/scannet/posed_images/scene0501_00/00287.jpg",
      "transform_matrix": [
        [
          0.966622,
          -0.131188,
          0.220071,
          1.674448
        ],
        [
          -0.242469,
          -0.19092,
          0.951188,
          2.251065
        ],
        [
          -0.082768,
          -0.9728,
          -0.216356,
          1.698935
        ],
        [
          0.0,
          0.0,
          0.0,
          1.0
        ]
      ]
    },
    {
      "file_path": "/media/NFS/ttao/scannet/posed_images/scene0501_00/00299.jpg",
      "transform_matrix": [
        [
          0.946935,
          -0.094637,
          0.307177,
          1.635535
        ],
        [
          -0.316914,
          -0.115356,
          0.941413,
          2.245446
        ],
        [
          -0.053658,
          -0.988806,
          -0.139227,
          1.689787
        ],
        [
          0.0,
          0.0,
          0.0,
          1.0
        ]
      ]
    },
    {
      "file_path": "/media/NFS/ttao/scannet/posed_images/scene0501_00/00301.jpg",
      "transform_matrix": [
        [
          0.936764,
          -0.11354,
          0.33103,
          1.63611
        ],
        [
          -0.342855,
          -0.108111,
          0.933147,
          2.253836
        ],
        [
          -0.070161,
          -0.987634,
          -0.140203,
          1.72491
        ],
        [
          0.0,
          0.0,
          0.0,
          1.0
        ]
      ]
    },
    {
      "file_path": "/media/NFS/ttao/scannet/posed_images/scene0501_00/00312.jpg",
      "transform_matrix": [
        [
          0.90242,
          -0.102819,
          0.418409,
          1.594437
        ],
        [
          -0.425018,
          -0.053106,
          0.903626,
          2.246278
        ],
        [
          -0.070689,
          -0.993281,
          -0.091624,
          1.744985
        ],
        [
          0.0,
          0.0,
          0.0,
          1.0
        ]
      ]
    },
    {
      "file_path": "/media/NFS/ttao/scannet/posed_images/scene0501_00/00318.jpg",
      "transform_matrix": [
        [
          0.889809,
          -0.078427,
          0.449543,
          1.570897
        ],
        [
          -0.452789,
          -0.029185,
          0.89114,
          2.240132
        ],
        [
          -0.05677,
          -0.996493,
          -0.06148,
          1.754219
        ],
        [
          0.0,
          0.0,
          0.0,
          1.0
        ]
      ]
    },
    {
      "file_path": "/media/NFS/ttao/scannet/posed_images/scene0501_00/00320.jpg",
      "transform_matrix": [
        [
          0.885369,
          -0.070866,
          0.459456,
          1.563604
        ],
        [
          -0.461858,
          -0.021416,
          0.886695,
          2.23679
        ],
        [
          -0.052997,
          -0.997256,
          -0.051691,
          1.754987
        ],
        [
          0.0,
          0.0,
          0.0,
          1.0
        ]
      ]
    },
    {
      "file_path": "/media/NFS/ttao/scannet/posed_images/scene0501_00/00328.jpg",
      "transform_matrix": [
        [
          0.865038,
          -0.052252,
          0.498978,
          1.550563
        ],
        [
          -0.499851,
          -0.004285,
          0.866101,
          2.225751
        ],
        [
          -0.043118,
          -0.998625,
          -0.029825,
          1.7702
        ],
        [
          0.0,
          0.0,
          0.0,
          1.0
        ]
      ]
    },
    {
      "file_path": "/media/NFS/ttao/scannet/posed_images/scene0501_00/00334.jpg",
      "transform_matrix": [
        [
          0.832773,
          -0.039573,
          0.552198,
          1.553307
        ],
        [
          -0.552273,
          0.010016,
          0.833603,
          2.215777
        ],
        [
          -0.038519,
          -0.999166,
          -0.013514,
          1.786695
        ],
        [
          0.0,
          0.0,
          0.0,
          1.0
        ]
      ]
    },
    {
      "file_path": "/media/NFS/ttao/scannet/posed_images/scene0501_00/00343.jpg",
      "transform_matrix": [
        [
          0.781721,
          -0.02879,
          0.622963,
          1.566415
        ],
        [
          -0.623034,
          0.007506,
          0.782158,
          2.20744
        ],
        [
          -0.027195,
          -0.999557,
          -0.01207,
          1.79469
        ],
        [
          0.0,
          0.0,
          0.0,
          1.0
        ]
      ]
    },
    {
      "file_path": "/media/NFS/ttao/scannet/posed_images/scene0501_00/00349.jpg",
      "transform_matrix": [
        [
          0.750502,
          -0.01894,
          0.660597,
          1.568474
        ],
        [
          -0.660423,
          0.015202,
          0.75074,
          2.202446
        ],
        [
          -0.024262,
          -0.999705,
          -0.001099,
          1.792887
        ],
        [
          0.0,
          0.0,
          0.0,
          1.0
        ]
      ]
    },
    {
      "file_path": "/media/NFS/ttao/scannet/posed_images/scene0501_00/00353.jpg",
      "transform_matrix": [
        [
          0.730936,
          -0.01958,
          0.682165,
          1.571522
        ],
        [
          -0.682,
          0.015157,
          0.731195,
          2.196512
        ],
        [
          -0.024656,
          -0.999693,
          -0.002275,
          1.791241
        ],
        [
          0.0,
          0.0,
          0.0,
          1.0
        ]
      ]
    },
    {
      "file_path": "/media/NFS/ttao/scannet/posed_images/scene0501_00/00359.jpg",
      "transform_matrix": [
        [
          0.694995,
          -0.02397,
          0.718615,
          1.577777
        ],
        [
          -0.718523,
          0.013781,
          0.695367,
          2.187856
        ],
        [
          -0.026572,
          -0.999618,
          -0.007646,
          1.782974
        ],
        [
          0.0,
          0.0,
          0.0,
          1.0
        ]
      ]
    },
    {
      "file_path": "/media/NFS/ttao/scannet/posed_images/scene0501_00/00370.jpg",
      "transform_matrix": [
        [
          0.662239,
          -0.055567,
          0.747229,
          1.592049
        ],
        [
          -0.748889,
          -0.016351,
          0.662494,
          2.189293
        ],
        [
          -0.024595,
          -0.998321,
          -0.052442,
          1.753868
        ],
        [
          0.0,
          0.0,
          0.0,
          1.0
        ]
      ]
    },
    {
      "file_path": "/media/NFS/ttao/scannet/posed_images/scene0501_00/00376.jpg",
      "transform_matrix": [
        [
          0.657959,
          -0.071056,
          0.749694,
          1.602721
        ],
        [
          -0.752592,
          -0.027175,
          0.657927,
          2.193286
        ],
        [
          -0.026377,
          -0.997102,
          -0.071356,
          1.731287
        ],
        [
          0.0,
          0.0,
          0.0,
          1.0
        ]
      ]
    },
    {
      "file_path": "/media/NFS/ttao/scannet/posed_images/scene0501_00/00378.jpg",
      "transform_matrix": [
        [
          0.655902,
          -0.078171,
          0.750788,
          1.60694
        ],
        [
          -0.754363,
          -0.032292,
          0.655663,
          2.197965
        ],
        [
          -0.027009,
          -0.996417,
          -0.08015,
          1.727475
        ],
        [
          0.0,
          0.0,
          0.0,
          1.0
        ]
      ]
    },
    {
      "file_path": "/media/NFS/ttao/scannet/posed_images/scene0501_00/00389.jpg",
      "transform_matrix": [
        [
          0.642616,
          -0.135169,
          0.754171,
          1.651188
        ],
        [
          -0.765234,
          -0.064115,
          0.640551,
          2.238451
        ],
        [
          -0.038229,
          -0.988746,
          -0.144638,
          1.695432
        ],
        [
          0.0,
          0.0,
          0.0,
          1.0
        ]
      ]
    },
    {
      "file_path": "/media/NFS/ttao/scannet/posed_images/scene0501_00/00395.jpg",
      "transform_matrix": [
        [
          0.640384,
          -0.158636,
          0.751494,
          1.682241
        ],
        [
          -0.767183,
          -0.085492,
          0.635706,
          2.283611
        ],
        [
          -0.036599,
          -0.983629,
          -0.176451,
          1.680707
        ],
        [
          0.0,
          0.0,
          0.0,
          1.0
        ]
      ]
    },
    {
      "file_path": "/media/NFS/ttao/scannet/posed_images/scene0501_00/00399.jpg",
      "transform_matrix": [
        [
          0.638464,
          -0.15123,
          0.754648,
          1.705758
        ],
        [
          -0.769032,
          -0.086025,
          0.633395,
          2.317467
        ],
        [
          -0.03087,
          -0.984748,
          -0.171225,
          1.679616
        ],
        [
          0.0,
          0.0,
          0.0,
          1.0
        ]
      ]
    },
    {
      "file_path": "/media/NFS/ttao/scannet/posed_images/scene0501_00/00403.jpg",
      "transform_matrix": [
        [
          0.624645,
          -0.140888,
          0.768094,
          1.732835
        ],
        [
          -0.780315,
          -0.07424,
          0.620965,
          2.348363
        ],
        [
          -0.030463,
          -0.987238,
          -0.156311,
          1.687122
        ],
        [
          0.0,
          0.0,
          0.0,
          1.0
        ]
      ]
    },
    {
      "file_path": "/media/NFS/ttao/scannet/posed_images/scene0501_00/00413.jpg",
      "transform_matrix": [
        [
          0.597396,
          -0.139517,
          0.789717,
          1.757707
        ],
        [
          -0.801885,
          -0.091732,
          0.590395,
          2.42969
        ],
        [
          -0.009927,
          -0.985962,
          -0.166677,
          1.687212
        ],
        [
          0.0,
          0.0,
          0.0,
          1.0
        ]
      ]
    },
    {
      "file_path": "/media/NFS/ttao/scannet/posed_images/scene0501_00/00420.jpg",
      "transform_matrix": [
        [
          0.545644,
          -0.146254,
          0.825156,
          1.749549
        ],
        [
          -0.837981,
          -0.086008,
          0.53888,
          2.483785
        ],
        [
          -0.007843,
          -0.985501,
          -0.169488,
          1.697452
        ],
        [
          0.0,
          0.0,
          0.0,
          1.0
        ]
      ]
    },
    {
      "file_path": "/media/NFS/ttao/scannet/posed_images/scene0501_00/00422.jpg",
      "transform_matrix": [
        [
          0.527106,
          -0.151869,
          0.836119,
          1.745056
        ],
        [
          -0.849727,
          -0.081347,
          0.52091,
          2.501678
        ],
        [
          -0.011095,
          -0.985047,
          -0.171926,
          1.697704
        ],
        [
          0.0,
          0.0,
          0.0,
          1.0
        ]
      ]
    },
    {
      "file_path": "/media/NFS/ttao/scannet/posed_images/scene0501_00/00434.jpg",
      "transform_matrix": [
        [
          0.367175,
          -0.162103,
          0.915917,
          1.72023
        ],
        [
          -0.929362,
          -0.023368,
          0.368429,
          2.596855
        ],
        [
          -0.03832,
          -0.986497,
          -0.159233,
          1.718767
        ],
        [
          0.0,
          0.0,
          0.0,
          1.0
        ]
      ]
    },
    {
      "file_path": "/media/NFS/ttao/scannet/posed_images/scene0501_00/00436.jpg",
      "transform_matrix": [
        [
          0.347295,
          -0.160314,
          0.92395,
          1.719206
        ],
        [
          -0.937168,
          -0.024466,
          0.348019,
          2.607931
        ],
        [
          -0.033187,
          -0.986763,
          -0.158739,
          1.71842
        ],
        [
          0.0,
          0.0,
          0.0,
          1.0
        ]
      ]
    },
    {
      "file_path": "/media/NFS/ttao/scannet/posed_images/scene0501_00/00445.jpg",
      "transform_matrix": [
        [
          0.24342,
          -0.138608,
          0.959966,
          1.743058
        ],
        [
          -0.969652,
          -0.011468,
          0.24422,
          2.642452
        ],
        [
          -0.022841,
          -0.990281,
          -0.137193,
          1.723708
        ],
        [
          0.0,
          0.0,
          0.0,
          1.0
        ]
      ]
    },
    {
      "file_path": "/media/NFS/ttao/scannet/posed_images/scene0501_00/00453.jpg",
      "transform_matrix": [
        [
          0.179253,
          -0.118688,
          0.976618,
          1.767312
        ],
        [
          -0.983783,
          -0.015261,
          0.178714,
          2.661505
        ],
        [
          -0.006307,
          -0.992814,
          -0.119499,
          1.723736
        ],
        [
          0.0,
          0.0,
          0.0,
          1.0
        ]
      ]
    },
    {
      "file_path": "/media/NFS/ttao/scannet/posed_images/scene0501_00/00459.jpg",
      "transform_matrix": [
        [
          0.106397,
          -0.118883,
          0.987191,
          1.775946
        ],
        [
          -0.9943,
          -0.019674,
          0.104794,
          2.678409
        ],
        [
          0.006964,
          -0.992713,
          -0.120299,
          1.724685
        ],
        [
          0.0,
          0.0,
          0.0,
          1.0
        ]
      ]
    },
    {
      "file_path": "/media/NFS/ttao/scannet/posed_images/scene0501_00/00463.jpg",
      "transform_matrix": [
        [
          0.061058,
          -0.115722,
          0.991403,
          1.771503
        ],
        [
          -0.998128,
          -0.003487,
          0.061065,
          2.70157
        ],
        [
          -0.00361,
          -0.993276,
          -0.115718,
          1.724604
        ],
        [
          0.0,
          0.0,
          0.0,
          1.0
        ]
      ]
    },
    {
      "file_path": "/media/NFS/ttao/scannet/posed_images/scene0501_00/00472.jpg",
      "transform_matrix": [
        [
          -0.037525,
          -0.134462,
          0.990208,
          1.756869
        ],
        [
          -0.999123,
          0.02347,
          -0.034676,
          2.746735
        ],
        [
          -0.018577,
          -0.990641,
          -0.135225,
          1.724761
        ],
        [
          0.0,
          0.0,
          0.0,
          1.0
        ]
      ]
    },
    {
      "file_path": "/media/NFS/ttao/scannet/posed_images/scene0501_00/00474.jpg",
      "transform_matrix": [
        [
          -0.056688,
          -0.133607,
          0.989412,
          1.750962
        ],
        [
          -0.998161,
          0.028918,
          -0.053284,
          2.756287
        ],
        [
          -0.021493,
          -0.990612,
          -0.135001,
          1.724182
        ],
        [
          0.0,
          0.0,
          0.0,
          1.0
        ]
      ]
    },
    {
      "file_path": "/media/NFS/ttao/scannet/posed_images/scene0501_00/00480.jpg",
      "transform_matrix": [
        [
          -0.116039,
          -0.166754,
          0.979147,
          1.732887
        ],
        [
          -0.993197,
          0.029186,
          -0.112733,
          2.7901
        ],
        [
          -0.009779,
          -0.985566,
          -0.169006,
          1.71563
        ],
        [
          0.0,
          0.0,
          0.0,
          1.0
        ]
      ]
    },
    {
      "file_path": "/media/NFS/ttao/scannet/posed_images/scene0501_00/00488.jpg",
      "transform_matrix": [
        [
          -0.15073,
          -0.195198,
          0.969112,
          1.709303
        ],
        [
          -0.98833,
          0.051586,
          -0.143329,
          2.800394
        ],
        [
          -0.022015,
          -0.979406,
          -0.200695,
          1.682736
        ],
        [
          0.0,
          0.0,
          0.0,
          1.0
        ]
      ]
    },
    {
      "file_path": "/media/NFS/ttao/scannet/posed_images/scene0501_00/00494.jpg",
      "transform_matrix": [
        [
          -0.17965,
          -0.228134,
          0.956912,
          1.694559
        ],
        [
          -0.983679,
          0.051634,
          -0.172365,
          2.805903
        ],
        [
          -0.010087,
          -0.97226,
          -0.233687,
          1.654393
