{
  "frames": [
    {
      "file_path": "/media/NFS/ttao/scannet/posed_images/scene0142_00/00005.jpg",
      "transform_matrix": [
        [
          0.768991,
          0.035887,
          -0.638252,
          3.061202
        ],
        [
          0.6392,
          -0.056861,
          0.766936,
          3.992994
        ],
        [
          -0.008769,
          -0.997737,
          -0.066664,
          1.488784
        ],
        [
          0.0,
          0.0,
          0.0,
          1.0
        ]
      ]
    },
    {
      "file_path": "/media/NFS/ttao/scannet/posed_images/scene0142_00/00007.jpg",
      "transform_matrix": [
        [
          0.769323,
          0.034354,
          -0.637936,
          3.060313
        ],
        [
          0.638782,
          -0.057075,
          0.767268,
          3.99313
        ],
        [
          -0.010051,
          -0.997779,
          -0.065854,
          1.488456
        ],
        [
          0.0,
          0.0,
          0.0,
          1.0
        ]
      ]
    },
    {
      "file_path": "/media/NFS/ttao/scannet/posed_images/scene0142_00/00019.jpg",
      "transform_matrix": [
        [
          0.762273,
          0.008103,
          -0.647206,
          3.051157
        ],
        [
          0.646698,
          -0.051048,
          0.761036,
          3.996164
        ],
        [
          -0.026872,
          -0.998663,
          -0.044152,
          1.483735
        ],
        [
          0.0,
          0.0,
          0.0,
          1.0
        ]
      ]
    },
    {
      "file_path": "/media/NFS/ttao/scannet/posed_images/scene0142_00/00022.jpg",
      "transform_matrix": [
        [
          0.758061,
          0.007188,
          -0.652144,
          3.054267
        ],
        [
          0.651757,
          -0.04454,
          0.757119,
          4.003948
        ],
        [
          -0.023605,
          -0.998982,
          -0.038449,
          1.474889
        ],
        [
          0.0,
          0.0,
          0.0,
          1.0
        ]
      ]
    },
    {
      "file_path": "/media/NFS/ttao/scannet/posed_images/scene0142_00/00037.jpg",
      "transform_matrix": [
        [
          0.769718,
          0.005069,
          -0.638364,
          3.015601
        ],
        [
          0.638343,
          -0.01748,
          0.769554,
          4.017555
        ],
        [
          -0.007258,
          -0.999835,
          -0.01669,
          1.494322
        ],
        [
          0.0,
          0.0,
          0.0,
          1.0
        ]
      ]
    },
    {
      "file_path": "/media/NFS/ttao/scannet/posed_images/scene0142_00/00044.jpg",
      "transform_matrix": [
        [
          0.7864,
          -0.016105,
          -0.617507,
          2.940005
        ],
        [
          0.617528,
          -0.004228,
          0.786537,
          4.011659
        ],
        [
          -0.015277,
          -0.999862,
          0.006621,
          1.51212
        ],
        [
          0.0,
          0.0,
          0.0,
          1.0
        ]
      ]
    },
    {
      "file_path": "/media/NFS/ttao/scannet/posed_images/scene0142_00/00049.jpg",
      "transform_matrix": [
        [
          0.791737,
          -0.03259,
          -0.609992,
          2.881018
        ],
        [
          0.60983,
          -0.015855,
          0.792374,
          4.010734
        ],
        [
          -0.035495,
          -0.999343,
          0.007321,
          1.530708
        ],
        [
          0.0,
          0.0,
          0.0,
          1.0
        ]
      ]
    },
    {
      "file_path": "/media/NFS/ttao/scannet/posed_images/scene0142_00/00061.jpg",
      "transform_matrix": [
        [
          0.823273,
          -0.02182,
          -0.567227,
          2.7752
        ],
        [
          0.563063,
          -0.095333,
          0.820897,
          3.999425
        ],
        [
          -0.071988,
          -0.995206,
          -0.066199,
          1.480755
        ],
        [
          0.0,
          0.0,
          0.0,
          1.0
        ]
      ]
    },
    {
      "file_path": "/media/NFS/ttao/scannet/posed_images/scene0142_00/00068.jpg",
      "transform_matrix": [
        [
          0.791659,
          0.004655,
          -0.610945,
          2.747224
        ],
        [
          0.607706,
          -0.109122,
          0.78663,
          4.015653
        ],
        [
          -0.063006,
          -0.994018,
          -0.089216,
          1.452921
        ],
        [
          0.0,
          0.0,
          0.0,
          1.0
        ]
      ]
    },
    {
      "file_path": "/media/NFS/ttao/scannet/posed_images/scene0142_00/00073.jpg",
      "transform_matrix": [
        [
          0.779931,
          0.019241,
          -0.62557,
          2.719683
        ],
        [
          0.623084,
          -0.118013,
          0.773201,
          4.036401
        ],
        [
          -0.058948,
          -0.992826,
          -0.10403,
          1.446805
        ],
        [
          0.0,
          0.0,
          0.0,
          1.0
        ]
      ]
    },
    {
      "file_path": "/media/NFS/ttao/scannet/posed_images/scene0142_00/00085.jpg",
      "transform_matrix": [
        [
          0.749505,
          0.004647,
          -0.661982,
          2.627543
        ],
        [
          0.658745,
          -0.104247,
          0.745109,
          4.033356
        ],
        [
          -0.065547,
          -0.994541,
          -0.081195,
          1.403322
        ],
        [
          0.0,
          0.0,
          0.0,
          1.0
        ]
      ]
    },
    {
      "file_path": "/media/NFS/ttao/scannet/posed_images/scene0142_00/00088.jpg",
      "transform_matrix": [
        [
          0.749428,
          -0.000962,
          -0.662085,
          2.597872
        ],
        [
          0.659088,
          -0.093964,
          0.746173,
          4.015282
        ],
        [
          -0.06293,
          -0.995575,
          -0.069785,
          1.385974
        ],
        [
          0.0,
          0.0,
          0.0,
          1.0
        ]
      ]
    },
    {
      "file_path": "/media/NFS/ttao/scannet/posed_images/scene0142_00/00095.jpg",
      "transform_matrix": [
        [
          0.786045,
          -0.009088,
          -0.618102,
          2.509176
        ],
        [
          0.612211,
          -0.127049,
          0.780421,
          3.955397
        ],
        [
          -0.085622,
          -0.991855,
          -0.094303,
          1.343946
        ],
        [
          0.0,
          0.0,
          0.0,
          1.0
        ]
      ]
    },
    {
      "file_path": "/media/NFS/ttao/scannet/posed_images/scene0142_00/00110.jpg",
      "transform_matrix": [
        [
          0.862805,
          0.076682,
          -0.499688,
          2.31793
        ],
        [
          0.500316,
          -0.271223,
          0.822266,
          3.93786
        ],
        [
          -0.072473,
          -0.959457,
          -0.272378,
          1.349672
        ],
        [
          0.0,
          0.0,
          0.0,
          1.0
        ]
      ]
    },
    {
      "file_path": "/media/NFS/ttao/scannet/posed_images/scene0142_00/00117.jpg",
      "transform_matrix": [
        [
          0.882783,
          0.059256,
          -0.466029,
          2.24133
        ],
        [
          0.46388,
          -0.266691,
          0.844802,
          3.989438
        ],
        [
          -0.074226,
          -0.961959,
          -0.262918,
          1.370469
        ],
        [
          0.0,
          0.0,
          0.0,
          1.0
        ]
      ]
    },
    {
      "file_path": "/media/NFS/ttao/scannet/posed_images/scene0142_00/00127.jpg",
      "transform_matrix": [
        [
          0.931425,
          0.023526,
          -0.363172,
          2.107742
        ],
        [
          0.354688,
          -0.282187,
          0.891385,
          4.07196
        ],
        [
          -0.081512,
          -0.959071,
          -0.27118,
          1.39529
        ],
        [
          0.0,
          0.0,
          0.0,
          1.0
        ]
      ]
    },
    {
      "file_path": "/media/NFS/ttao/scannet/posed_images/scene0142_00/00129.jpg",
      "transform_matrix": [
        [
          0.938598,
          0.013689,
          -0.344743,
          2.084723
        ],
        [
          0.333386,
          -0.293222,
          0.896033,
          4.084924
        ],
        [
          -0.08882,
          -0.955947,
          -0.279781,
          1.399513
        ],
        [
          0.0,
          0.0,
          0.0,
          1.0
        ]
      ]
    },
    {
      "file_path": "/media/NFS/ttao/scannet/posed_images/scene0142_00/00141.jpg",
      "transform_matrix": [
        [
          0.986029,
          -0.056918,
          -0.156548,
          1.909334
        ],
        [
          0.127689,
          -0.345246,
          0.929786,
          4.1139
        ],
        [
          -0.106969,
          -0.936785,
          -0.333154,
          1.440346
        ],
        [
          0.0,
          0.0,
          0.0,
          1.0
        ]
      ]
    },
    {
      "file_path": "/media/NFS/ttao/scannet/posed_images/scene0142_00/00144.jpg",
      "transform_matrix": [
        [
          0.988287,
          -0.070884,
          -0.135146,
          1.847621
        ],
        [
          0.103559,
          -0.338956,
          0.935085,
          4.095019
        ],
        [
          -0.112091,
          -0.938128,
          -0.327645,
          1.442782
        ],
        [
          0.0,
          0.0,
          0.0,
          1.0
        ]
      ]
    },
    {
      "file_path": "/media/NFS/ttao/scannet/posed_images/scene0142_00/00156.jpg",
      "transform_matrix": [
        [
          0.996879,
          -0.042162,
          -0.06675,
          1.558422
        ],
        [
          0.044966,
          -0.391732,
          0.91898,
          4.008709
        ],
        [
          -0.064894,
          -0.919113,
          -0.388614,
          1.419603
        ],
        [
          0.0,
          0.0,
          0.0,
          1.0
        ]
      ]
    },
    {
      "file_path": "/media/NFS/ttao/scannet/posed_images/scene0142_00/00166.jpg",
      "transform_matrix": [
        [
          0.999421,
          -0.026589,
          -0.021241,
          1.47682
        ],
        [
          0.007783,
          -0.42903,
          0.903256,
          3.979801
        ],
        [
          -0.03313,
          -0.902899,
          -0.428575,
          1.385581
        ],
        [
          0.0,
          0.0,
          0.0,
          1.0
        ]
      ]
    },
    {
      "file_path": "/media/NFS/ttao/scannet/posed_images/scene0142_00/00173.jpg",
      "transform_matrix": [
        [
          0.998581,
          -0.012903,
          0.051659,
          1.422446
        ],
        [
          -0.052268,
          -0.422648,
          0.904785,
          3.978164
        ],
        [
          0.010159,
          -0.906202,
          -0.422723,
          1.364047
        ],
        [
          0.0,
          0.0,
          0.0,
          1.0
        ]
      ]
    },
    {
      "file_path": "/media/NFS/ttao/scannet/posed_images/scene0142_00/00178.jpg",
      "transform_matrix": [
        [
          0.998282,
          0.008972,
          0.057903,
          1.394073
        ],
        [
          -0.048784,
          -0.420116,
          0.906158,
          3.97928
        ],
        [
          0.032456,
          -0.907426,
          -0.418956,
          1.354977
        ],
        [
          0.0,
          0.0,
          0.0,
          1.0
        ]
      ]
    },
    {
      "file_path": "/media/NFS/ttao/scannet/posed_images/scene0142_00/00185.jpg",
      "transform_matrix": [
        [
          0.997848,
          -0.001471,
          0.065545,
          1.374221
        ],
        [
          -0.060566,
          -0.403464,
          0.912989,
          3.983028
        ],
        [
          0.025102,
          -0.914995,
          -0.402685,
          1.368361
        ],
        [
          0.0,
          0.0,
          0.0,
          1.0
        ]
      ]
    },
    {
      "file_path": "/media/NFS/ttao/scannet/posed_images/scene0142_00/00200.jpg",
      "transform_matrix": [
        [
          0.982188,
          -0.130764,
          0.134938,
          1.461323
        ],
        [
          -0.173178,
          -0.351285,
          0.920113,
          4.012794
        ],
        [
          -0.072916,
          -0.927092,
          -0.367673,
          1.490721
        ],
        [
          0.0,
          0.0,
          0.0,
          1.0
        ]
      ]
    },
    {
      "file_path": "/media/NFS/ttao/scannet/posed_images/scene0142_00/00204.jpg",
      "transform_matrix": [
        [
          0.976576,
          -0.150906,
          0.153382,
          1.506341
        ],
        [
          -0.195194,
          -0.32136,
          0.926621,
          4.019539
        ],
        [
          -0.090542,
          -0.934856,
          -0.343288,
          1.527429
        ],
        [
          0.0,
          0.0,
          0.0,
          1.0
        ]
      ]
    },
    {
      "file_path": "/media/NFS/ttao/scannet/posed_images/scene0142_00/00212.jpg",
      "transform_matrix": [
        [
          0.967907,
          -0.18908,
          0.165545,
          1.565974
        ],
        [
          -0.21038,
          -0.249307,
          0.945297,
          4.022042
        ],
        [
          -0.137466,
          -0.949787,
          -0.281085,
          1.566911
        ],
        [
          0.0,
          0.0,
          0.0,
          1.0
        ]
      ]
    },
    {
      "file_path": "/media/NFS/ttao/scannet/posed_images/scene0142_00/00219.jpg",
      "transform_matrix": [
        [
          0.973872,
          -0.182418,
          0.135266,
          1.642753
        ],
        [
          -0.171873,
          -0.202735,
          0.964032,
          4.032169
        ],
        [
          -0.148433,
          -0.962093,
          -0.228791,
          1.581917
        ],
        [
          0.0,
          0.0,
          0.0,
          1.0
        ]
      ]
    },
    {
      "file_path": "/media/NFS/ttao/scannet/posed_images/scene0142_00/00229.jpg",
      "transform_matrix": [
        [
          0.984246,
          -0.162677,
          0.069244,
          1.774406
        ],
        [
          -0.08925,
          -0.119078,
          0.988865,
          4.047153
        ],
        [
          -0.152621,
          -0.979468,
          -0.131721,
          1.607842
        ],
        [
          0.0,
          0.0,
          0.0,
          1.0
        ]
      ]
    },
    {
      "file_path": "/media/NFS/ttao/scannet/posed_images/scene0142_00/00236.jpg",
      "transform_matrix": [
        [
          0.983811,
          -0.174149,
          0.042272,
          1.853916
        ],
        [
          -0.058434,
          -0.088746,
          0.994339,
          4.057901
        ],
        [
          -0.169411,
          -0.980712,
          -0.097486,
          1.626532
        ],
        [
          0.0,
          0.0,
          0.0,
          1.0
        ]
      ]
    },
    {
      "file_path": "/media/NFS/ttao/scannet/posed_images/scene0142_00/00246.jpg",
      "transform_matrix": [
        [
          0.981514,
          -0.17752,
          0.07153,
          1.948521
        ],
        [
          -0.082907,
          -0.057511,
          0.994896,
          4.101902
        ],
        [
          -0.1725,
          -0.982435,
          -0.071166,
          1.620587
        ],
        [
          0.0,
          0.0,
          0.0,
          1.0
        ]
      ]
    },
    {
      "file_path": "/media/NFS/ttao/scannet/posed_images/scene0142_00/00251.jpg",
      "transform_matrix": [
        [
          0.980252,
          -0.171727,
          0.098058,
          1.993104
        ],
        [
          -0.106561,
          -0.040997,
          0.993461,
          4.135681
        ],
        [
          -0.166584,
          -0.984291,
          -0.058487,
          1.617402
        ],
        [
          0.0,
          0.0,
          0.0,
          1.0
        ]
      ]
    },
    {
      "file_path": "/media/NFS/ttao/scannet/posed_images/scene0142_00/00263.jpg",
      "transform_matrix": [
        [
          0.98789,
          -0.134712,
          0.076974,
          2.132037
        ],
        [
          -0.070212,
          0.054254,
          0.996056,
          4.195689
        ],
        [
          -0.138357,
          -0.989399,
          0.044138,
          1.651909
        ],
        [
          0.0,
          0.0,
          0.0,
          1.0
        ]
      ]
    },
    {
      "file_path": "/media/NFS/ttao/scannet/posed_images/scene0142_00/00273.jpg",
      "transform_matrix": [
        [
          0.988244,
          -0.148864,
          0.03484,
          2.277689
        ],
        [
          -0.022033,
          0.086829,
          0.99598,
          4.190932
        ],
        [
          -0.151291,
          -0.985038,
          0.082528,
          1.667726
        ],
        [
          0.0,
          0.0,
          0.0,
          1.0
        ]
      ]
    },
    {
      "file_path": "/media/NFS/ttao/scannet/posed_images/scene0142_00/00275.jpg",
      "transform_matrix": [
        [
          0.988842,
          -0.147335,
          0.021999,
          2.312449
        ],
        [
          -0.008435,
          0.092062,
          0.995718,
          4.183125
        ],
        [
          -0.148729,
          -0.984793,
          0.089792,
          1.658682
        ],
        [
          0.0,
          0.0,
          0.0,
          1.0
        ]
      ]
    },
    {
      "file_path": "/media/NFS/ttao/scannet/posed_images/scene0142_00/00282.jpg",
      "transform_matrix": [
        [
          0.9904,
          -0.138231,
          -0.000412,
          2.443138
        ],
        [
          0.007436,
          0.050303,
          0.998706,
          4.151717
        ],
        [
          -0.138031,
          -0.989122,
          0.050847,
          1.640935
        ],
        [
          0.0,
          0.0,
          0.0,
          1.0
        ]
      ]
    },
    {
      "file_path": "/media/NFS/ttao/scannet/posed_images/scene0142_00/00290.jpg",
      "transform_matrix": [
        [
          0.989968,
          -0.138131,
          0.029723,
          2.530694
        ],
        [
          -0.024497,
          0.039374,
          0.998924,
          4.137702
        ],
        [
          -0.139153,
          -0.989631,
          0.035595,
          1.616687
        ],
        [
          0.0,
          0.0,
          0.0,
          1.0
        ]
      ]
    },
    {
      "file_path": "/media/NFS/ttao/scannet/posed_images/scene0142_00/00302.jpg",
      "transform_matrix": [
        [
          0.985712,
          -0.159474,
          0.054226,
          2.636732
        ],
        [
          -0.065366,
          -0.065453,
          0.995713,
          4.215948
        ],
        [
          -0.155241,
          -0.98503,
          -0.074942,
          1.540636
        ],
        [
          0.0,
          0.0,
          0.0,
          1.0
        ]
      ]
    },
    {
      "file_path": "/media/NFS/ttao/scannet/posed_images/scene0142_00/00312.jpg",
      "transform_matrix": [
        [
          0.988399,
          -0.124224,
          0.087386,
          2.704813
        ],
        [
          -0.108346,
          -0.173486,
          0.978858,
          4.288373
        ],
        [
          -0.106438,
          -0.97697,
          -0.184933,
          1.497219
        ],
        [
          0.0,
          0.0,
          0.0,
          1.0
        ]
      ]
    },
    {
      "file_path": "/media/NFS/ttao/scannet/posed_images/scene0142_00/00316.jpg",
      "transform_matrix": [
        [
          0.988367,
          -0.128165,
          0.081884,
          2.730991
        ],
        [
          -0.10571,
          -0.191819,
          0.975721,
          4.289289
        ],
        [
          -0.109346,
          -0.973026,
          -0.203136,
          1.482887
        ],
        [
          0.0,
          0.0,
          0.0,
          1.0
        ]
      ]
    },
    {
      "file_path": "/media/NFS/ttao/scannet/posed_images/scene0142_00/00329.jpg",
      "transform_matrix": [
        [
          0.996102,
          -0.069295,
          -0.054574,
          2.820558
        ],
        [
          0.03129,
          -0.300874,
          0.95315,
          4.193764
        ],
        [
          -0.082468,
          -0.951143,
          -0.297534,
          1.427062
        ],
        [
          0.0,
          0.0,
          0.0,
          1.0
        ]
      ]
    },
    {
      "file_path": "/media/NFS/ttao/scannet/posed_images/scene0142_00/00336.jpg",
      "transform_matrix": [
        [
          0.985591,
          -0.039857,
          -0.164381,
          2.842243
        ],
        [
          0.138201,
          -0.370558,
          0.91847,
          4.136831
        ],
        [
          -0.09752,
          -0.927954,
          -0.359711,
          1.4173
        ],
        [
          0.0,
          0.0,
          0.0,
          1.0
        ]
      ]
    },
    {
      "file_path": "/media/NFS/ttao/scannet/posed_images/scene0142_00/00343.jpg",
      "transform_matrix": [
        [
          0.982817,
          -0.018009,
          -0.183704,
          2.811375
        ],
        [
          0.162938,
          -0.383009,
          0.909261,
          4.081186
        ],
        [
          -0.086735,
          -0.923569,
          -0.373493,
          1.42604
        ],
        [
          0.0,
          0.0,
          0.0,
          1.0
        ]
      ]
    },
    {
      "file_path": "/media/NFS/ttao/scannet/posed_images/scene0142_00/00350.jpg",
      "transform_matrix": [
        [
          0.982109,
          -0.003921,
          -0.188274,
          2.76892
        ],
        [
          0.174747,
          -0.353652,
          0.918909,
          4.017237
        ],
        [
          -0.070187,
          -0.935369,
          -0.34664,
          1.409013
        ],
        [
          0.0,
          0.0,
          0.0,
          1.0
        ]
      ]
    },
    {
      "file_path": "/media/NFS/ttao/scannet/posed_images/scene0142_00/00360.jpg",
      "transform_matrix": [
        [
          0.994051,
          -0.006267,
          -0.108734,
          2.663653
        ],
        [
          0.100039,
          -0.342211,
          0.934283,
          3.952241
        ],
        [
          -0.043065,
          -0.939602,
          -0.339548,
          1.404667
        ],
        [
          0.0,
          0.0,
          0.0,
          1.0
        ]
      ]
    },
    {
      "file_path": "/media/NFS/ttao/scannet/posed_images/scene0142_00/00365.jpg",
      "transform_matrix": [
        [
          0.998348,
          0.00599,
          -0.057146,
          2.622834
        ],
        [
          0.055949,
          -0.327799,
          0.943089,
          3.938648
        ],
        [
          -0.013083,
          -0.944729,
          -0.327593,
          1.404039
        ],
        [
          0.0,
          0.0,
          0.0,
          1.0
        ]
      ]
    },
    {
      "file_path": "/media/NFS/ttao/scannet/posed_images/scene0142_00/00372.jpg",
      "transform_matrix": [
        [
          0.999491,
          -0.028447,
          0.01444,
          2.572186
        ],
        [
          -0.02223,
          -0.296406,
          0.954803,
          3.942671
        ],
        [
          -0.022881,
          -0.954638,
          -0.296888,
          1.407305
        ],
        [
          0.0,
          0.0,
          0.0,
          1.0
        ]
      ]
    },
    {
      "file_path": "/media/NFS/ttao/scannet/posed_images/scene0142_00/00382.jpg",
      "transform_matrix": [
        [
          0.979756,
          -0.113933,
          0.16461,
          2.553153
        ],
        [
          -0.191206,
          -0.288967,
          0.93805,
          4.016154
        ],
        [
          -0.059308,
          -0.950535,
          -0.304902,
          1.388057
        ],
        [
          0.0,
          0.0,
          0.0,
          1.0
        ]
      ]
    },
    {
      "file_path": "/media/NFS/ttao/scannet/posed_images/scene0142_00/00394.jpg",
      "transform_matrix": [
        [
          0.933246,
          -0.209801,
          0.291607,
          2.572304
        ],
        [
          -0.340835,
          -0.260648,
          0.903269,
          4.124393
        ],
        [
          -0.1135,
          -0.942362,
          -0.314756,
          1.392719
        ],
        [
          0.0,
          0.0,
          0.0,
          1.0
        ]
      ]
    },
    {
      "file_path": "/media/NFS/ttao/scannet/posed_images/scene0142_00/00402.jpg",
      "transform_matrix": [
        [
          0.903453,
          -0.224685,
          0.365089,
          2.52757
        ],
        [
          -0.415751,
          -0.251584,
          0.873989,
          4.188673
        ],
        [
          -0.104522,
          -0.941394,
          -0.320707,
          1.400777
        ],
        [
          0.0,
          0.0,
          0.0,
          1.0
        ]
      ]
    },
    {
      "file_path": "/media/NFS/ttao/scannet/posed_images/scene0142_00/00404.jpg",
      "transform_matrix": [
        [
          0.891523,
          -0.239992,
          0.384175,
          2.511181
        ],
        [
          -0.438364,
          -0.243435,
          0.865203,
          4.206317
        ],
        [
          -0.11412,
          -0.939757,
          -0.322232,
          1.404907
        ],
        [
          0.0,
          0.0,
          0.0,
          1.0
        ]
      ]
    },
    {
      "file_path": "/media/NFS/ttao/scannet/posed_images/scene0142_00/00419.jpg",
      "transform_matrix": [
        [
          0.872478,
          -0.248262,
          0.42089,
          2.416134
        ],
        [
          -0.471079,
          -0.198403,
          0.859489,
          4.299669
        ],
        [
          -0.129872,
          -0.948158,
          -0.290053,
          1.438747
        ],
        [
          0.0,
          0.0,
          0.0,
          1.0
        ]
      ]
    },
    {
      "file_path": "/media/NFS/ttao/scannet/posed_images/scene0142_00/00424.jpg",
      "transform_matrix": [
        [
          0.876969,
          -0.25072,
          0.409957,
          2.42727
        ],
        [
          -0.461322,
          -0.200359,
          0.864314,
          4.326353
        ],
        [
          -0.134562,
          -0.947099,
          -0.291371,
          1.445575
        ],
        [
          0.0,
          0.0,
          0.0,
          1.0
        ]
      ]
    },
    {
      "file_path": "/media/NFS/ttao/scannet/posed_images/scene0142_00/00428.jpg",
      "transform_matrix": [
        [
          0.867878,
          -0.267889,
          0.418357,
          2.45853
        ],
        [
          -0.473026,
          -0.188356,
          0.860679,
          4.342358
        ],
        [
          -0.151767,
          -0.944858,
          -0.290188,
          1.444441
        ],
        [
          0.0,
          0.0,
          0.0,
          1.0
        ]
      ]
    },
    {
      "file_path": "/media/NFS/ttao/scannet/posed_images/scene0142_00/00441.jpg",
      "transform_matrix": [
        [
          0.952322,
          -0.20444,
          0.226468,
          2.678572
        ],
        [
          -0.262313,
          -0.169583,
          0.949965,
          4.359081
        ],
        [
          -0.155806,
          -0.964078,
          -0.215125,
          1.46175
        ],
        [
          0.0,
          0.0,
          0.0,
          1.0
        ]
      ]
    },
    {
      "file_path": "/media/NFS/ttao/scannet/posed_images/scene0142_00/00445.jpg",
      "transform_matrix": [
        [
          0.963089,
          -0.207955,
          0.170923,
          2.745447
        ],
        [
          -0.208326,
          -0.173699,
          0.962512,
          4.38131
        ],
        [
          -0.17047,
          -0.962592,
          -0.210611,
          1.467275
        ],
        [
          0.0,
          0.0,
          0.0,
          1.0
        ]
      ]
    },
    {
      "file_path": "/media/NFS/ttao/scannet/posed_images/scene0142_00/00455.jpg",
      "transform_matrix": [
        [
          0.985629,
          -0.138331,
          0.096951,
          2.895969
        ],
        [
          -0.117927,
          -0.152541,
          0.981236,
          4.486325
        ],
        [
          -0.120946,
          -0.978568,
          -0.166662,
          1.452229
        ],
        [
          0.0,
          0.0,
          0.0,
          1.0
        ]
      ]
    },
    {
      "file_path": "/media/NFS/ttao/scannet/posed_images/scene0142_00/00462.jpg",
      "transform_matrix": [
        [
          0.994896,
          -0.100783,
          0.004938,
          3.011489
        ],
        [
          -0.019978,
          -0.148775,
          0.988669,
          4.569464
        ],
        [
          -0.098906,
          -0.983722,
          -0.15003,
          1.46606
        ],
        [
          0.0,
          0.0,
          0.0,
          1.0
        ]
      ]
    },
    {
      "file_path": "/media/NFS/ttao/scannet/posed_images/scene0142_00/00470.jpg",
      "transform_matrix": [
        [
          0.987409,
          -0.116152,
          -0.107385,
          3.129912
        ],
        [
          0.089884,
          -0.146638,
          0.985098,
          4.644962
        ],
        [
          -0.130168,
          -0.982347,
          -0.134352,
          1.473177
        ],
        [
          0.0,
          0.0,
          0.0,
          1.0
        ]
      ]
    },
    {
      "file_path": "/media/NFS/ttao/scannet/posed_images/scene0142_00/00477.jpg",
      "transform_matrix": [
        [
          0.9789,
          -0.105631,
          -0.174919,
          3.247958
        ],
        [
          0.157453,
          -0.155694,
          0.975176,
          4.732055
        ],
        [
          -0.130242,
          -0.982141,
          -0.135777,
          1.459974
        ],
        [
          0.0,
          0.0,
          0.0,
          1.0
        ]
      ]
    },
    {
      "file_path": "/media/NFS/ttao/scannet/posed_images/scene0142_00/00487.jpg",
      "transform_matrix": [
        [
          0.964678,
          -0.038007,
          -0.260675,
          3.388537
        ],
        [
          0.248072,
          -0.201879,
          0.947473,
          4.868222
        ],
        [
          -0.088635,
          -0.978673,
          -0.18532,
          1.477512
        ],
        [
          0.0,
          0.0,
          0.0,
          1.0
        ]
      ]
    },
    {
      "file_path": "/media/NFS/ttao/scannet/posed_images/scene0142_00/00499.jpg",
      "transform_matrix": [
        [
          0.977782,
          -0.007884,
          -0.209474,
          3.405362
        ],
        [
          0.202577,
          -0.221359,
          0.95392,
          4.888323
        ],
        [
          -0.05389,
          -0.975161,
          -0.214844,
          1.486763
        ],
        [
          0.0,
          0.0,
          0.0,
          1.0
        ]
      ]
    },
    {
      "file_path": "/media/NFS/ttao/scannet/posed_images/scene0142_00/00501.jpg",
      "transform_matrix": [
        [
          0.978693,
          -0.006458,
          -0.205226,
          3.394522
        ],
        [
          0.198678,
          -0.222536,
          0.954466,
          4.881809
        ],
        [
          -0.051834,
          -0.974903,
          -0.216512,
          1.492411
        ],
        [
          0.0,
          0.0,
          0.0,
          1.0
        ]
      ]
    },
    {
      "file_path": "/media/NFS/ttao/scannet/posed_images/scene0142_00/00511.jpg",
      "transform_matrix": [
        [
          0.9964,
          -0.002098,
          -0.084758,
          3.248691
        ],
        [
          0.082408,
          -0.211065,
          0.973992,
          4.78334
        ],
        [
          -0.019932,
          -0.97747,
          -0.210132,
          1.460549
        ],
        [
          0.0,
          0.0,
          0.0,
          1.0
        ]
      ]
    },
    {
      "file_path": "/media/NFS/ttao/scannet/posed_images/scene0142_00/00523.jpg",
      "transform_matrix": [
        [
          0.995717,
          -0.050138,
          0.077675,
          3.048335
        ],
        [
          -0.087624,
          -0.243888,
          0.965837,
          4.660656
        ],
        [
          -0.029481,
          -0.968507,
          -0.247237,
          1.460903
        ],
        [
          0.0,
          0.0,
          0.0,
          1.0
        ]
      ]
    },
    {
      "file_path": "/media/NFS/ttao/scannet/posed_images/scene0142_00/00526.jpg",
      "transform_matrix": [
        [
          0.993442,
          -0.051484,
          0.10209,
          3.012969
        ],
        [
          -0.111509,
          -0.238904,
          0.964619,
          4.629261
        ],
        [
          -0.025272,
          -0.969678,
          -0.243078,
          1.461045
        ],
        [
          0.0,
          0.0,
          0.0,
          1.0
        ]
      ]
    },
    {
      "file_path": "/media/NFS/ttao/scannet/posed_images/scene0142_00/00540.jpg",
      "transform_matrix": [
        [
          0.944999,
          -0.170785,
          0.278944,
          2.853042
        ],
        [
          -0.317802,
          -0.277824,
          0.906541,
          4.463028
        ],
        [
          -0.077326,
          -0.945329,
          -0.316819,
          1.430344
        ],
        [
          0.0,
          0.0,
          0.0,
          1.0
        ]
      ]
    },
    {
      "file_path": "/media/NFS/ttao/scannet/posed_images/scene0142_00/00548.jpg",
      "transform_matrix": [
        [
          0.897773,
          -0.195127,
          0.394879,
          2.765884
        ],
        [
          -0.436579,
          -0.275484,
          0.856451,
          4.445301
        ],
        [
          -0.058333,
          -0.941294,
          -0.33251,
          1.44375
        ],
        [
          0.0,
          0.0,
          0.0,
          1.0
        ]
      ]
    },
    {
      "file_path": "/media/NFS/ttao/scannet/posed_images/scene0142_00/00550.jpg",
      "transform_matrix": [
        [
          0.889795,
          -0.19221,
          0.413909,
          2.740021
        ],
        [
          -0.45346,
          -0.270263,
          0.849313,
          4.445902
        ],
        [
          -0.051382,
          -0.943405,
          -0.327638,
          1.443267
        ],
        [
          0.0,
          0.0,
          0.0,
          1.0
        ]
      ]
    },
    {
      "file_path": "/media/NFS/ttao/scannet/posed_images/scene0142_00/00565.jpg",
      "transform_matrix": [
        [
          0.718415,
          -0.32119,
          0.617023,
          2.464936
        ],
        [
          -0.690027,
          -0.216855,
          0.690534,
          4.526461
        ],
        [
          -0.087988,
          -0.921852,
          -0.377421,
          1.457141
        ],
        [
          0.0,
          0.0,
          0.0,
          1.0
        ]
      ]
    },
    {
      "file_path": "/media/NFS/ttao/scannet/posed_images/scene0142_00/00567.jpg",
      "transform_matrix": [
        [
          0.704904,
          -0.32279,
          0.631598,
          2.434898
        ],
        [
          -0.704306,
          -0.21303,
          0.677179,
          4.529951
        ],
        [
          -0.084037,
          -0.922185,
          -0.377509,
          1.4584
        ],
        [
          0.0,
          0.0,
          0.0,
          1.0
        ]
      ]
    },
    {
      "file_path": "/media/NFS/ttao/scannet/posed_images/scene0142_00/00574.jpg",
      "transform_matrix": [
        [
          0.640391,
          -0.345458,
          0.685972,
          2.326524
        ],
        [
          -0.761844,
          -0.172414,
          0.624393,
          4.520516
        ],
        [
          -0.097431,
          -0.92246,
          -0.373598,
          1.454051
        ],
        [
          0.0,
          0.0,
          0.0,
          1.0
        ]
      ]
    },
    {
      "file_path": "/media/NFS/ttao/scannet/posed_images/scene0142_00/00584.jpg",
      "transform_matrix": [
        [
          0.518567,
          -0.401481,
          0.754918,
          2.221401
        ],
        [
          -0.845645,
          -0.11031,
          0.522223,
          4.501475
        ],
        [
          -0.126388,
          -0.9092,
          -0.396714,
          1.467264
        ],
        [
          0.0,
          0.0,
          0.0,
          1.0
        ]
      ]
    },
    {
      "file_path": "/media/NFS/ttao/scannet/posed_images/scene0142_00/00594.jpg",
      "transform_matrix": [
        [
          0.491143,
          -0.349753,
          0.797779,
          2.199006
        ],
        [
          -0.865669,
          -0.094064,
          0.491701,
          4.462898
        ],
        [
          -0.096932,
          -0.932108,
          -0.348969,
          1.472377
        ],
        [
          0.0,
          0.0,
          0.0,
          1.0
        ]
      ]
    },
    {
      "file_path": "/media/NFS/ttao/scannet/posed_images/scene0142_00/00599.jpg",
      "transform_matrix": [
        [
          0.430659,
          -0.34932,
          0.832171,
          2.152514
        ],
        [
          -0.897192,
          -0.065713,
          0.436725,
          4.538388
        ],
        [
          -0.097873,
          -0.934696,
          -0.341707,
          1.478034
        ],
        [
          0.0,
          0.0,
          0.0,
          1.0
        ]
      ]
    },
    {
      "file_path": "/media/NFS/ttao/scannet/posed_images/scene0142_00/00611.jpg",
      "transform_matrix": [
        [
          0.336679,
          -0.31206,
          0.888406,
          2.20651
        ],
        [
          -0.938678,
          -0.036715,
          0.342834,
          4.536303
        ],
        [
          -0.074367,
          -0.949353,
          -0.305286,
          1.4892
        ],
        [
          0.0,
          0.0,
          0.0,
          1.0
        ]
      ]
    },
    {
      "file_path": "/media/NFS/ttao/scannet/posed_images/scene0142_00/00616.jpg",
      "transform_matrix": [
        [
          0.277949,
          -0.309874,
          0.909243,
          2.228995
        ],
        [
          -0.958241,
          -0.023205,
          0.285019,
          4.586528
        ],
        [
          -0.067221,
          -0.950495,
          -0.303383,
          1.482492
        ],
        [
          0.0,
          0.0,
          0.0,
          1.0
        ]
      ]
    },
    {
      "file_path": "/media/NFS/ttao/scannet/posed_images/scene0142_00/00626.jpg",
      "transform_matrix": [
        [
          0.16974,
          -0.293875,
          0.940652,
          2.318257
        ],
        [
          -0.980376,
          0.046752,
          0.191515,
          4.686855
        ],
        [
          -0.100259,
          -0.9547,
