{
  "frames": [
    {
      "file_path": "/media/NFS/ttao/scannet/posed_images/scene0621_00/00000.jpg",
      "transform_matrix": [
        [
          0.988246,
          -0.039257,
          0.147748,
          7.072866
        ],
        [
          -0.1484,
          -0.478467,
          0.865475,
          3.805604
        ],
        [
          0.036716,
          -0.877228,
          -0.478669,
          1.312594
        ],
        [
          0.0,
          0.0,
          0.0,
          1.0
        ]
      ]
    },
    {
      "file_path": "/media/NFS/ttao/scannet/posed_images/scene0621_00/00013.jpg",
      "transform_matrix": [
        [
          0.996119,
          0.007787,
          0.087673,
          7.138997
        ],
        [
          -0.07381,
          -0.468749,
          0.880242,
          3.764724
        ],
        [
          0.047951,
          -0.883297,
          -0.466355,
          1.326534
        ],
        [
          0.0,
          0.0,
          0.0,
          1.0
        ]
      ]
    },
    {
      "file_path": "/media/NFS/ttao/scannet/posed_images/scene0621_00/00019.jpg",
      "transform_matrix": [
        [
          0.998408,
          0.015048,
          0.054355,
          7.146747
        ],
        [
          -0.04183,
          -0.448856,
          0.892624,
          3.755518
        ],
        [
          0.03783,
          -0.893477,
          -0.447512,
          1.334832
        ],
        [
          0.0,
          0.0,
          0.0,
          1.0
        ]
      ]
    },
    {
      "file_path": "/media/NFS/ttao/scannet/posed_images/scene0621_00/00032.jpg",
      "transform_matrix": [
        [
          0.992465,
          -0.006225,
          0.122375,
          7.164907
        ],
        [
          -0.112735,
          -0.437719,
          0.892017,
          3.755684
        ],
        [
          0.048012,
          -0.89909,
          -0.435122,
          1.346499
        ],
        [
          0.0,
          0.0,
          0.0,
          1.0
        ]
      ]
    },
    {
      "file_path": "/media/NFS/ttao/scannet/posed_images/scene0621_00/00037.jpg",
      "transform_matrix": [
        [
          0.990056,
          -0.013758,
          0.140002,
          7.166877
        ],
        [
          -0.132496,
          -0.425604,
          0.895157,
          3.756756
        ],
        [
          0.04727,
          -0.904805,
          -0.423194,
          1.348692
        ],
        [
          0.0,
          0.0,
          0.0,
          1.0
        ]
      ]
    },
    {
      "file_path": "/media/NFS/ttao/scannet/posed_images/scene0621_00/00043.jpg",
      "transform_matrix": [
        [
          0.993376,
          0.000282,
          0.114908,
          7.152598
        ],
        [
          -0.103745,
          -0.427764,
          0.897917,
          3.765159
        ],
        [
          0.049407,
          -0.90389,
          -0.424901,
          1.358265
        ],
        [
          0.0,
          0.0,
          0.0,
          1.0
        ]
      ]
    },
    {
      "file_path": "/media/NFS/ttao/scannet/posed_images/scene0621_00/00059.jpg",
      "transform_matrix": [
        [
          0.984204,
          0.12762,
          -0.122702,
          7.067447
        ],
        [
          0.16618,
          -0.426974,
          0.888863,
          3.778042
        ],
        [
          0.061046,
          -0.895213,
          -0.441438,
          1.351194
        ],
        [
          0.0,
          0.0,
          0.0,
          1.0
        ]
      ]
    },
    {
      "file_path": "/media/NFS/ttao/scannet/posed_images/scene0621_00/00067.jpg",
      "transform_matrix": [
        [
          0.958322,
          0.192842,
          -0.210788,
          7.007872
        ],
        [
          0.274568,
          -0.417808,
          0.866054,
          3.785892
        ],
        [
          0.078943,
          -0.887834,
          -0.453343,
          1.360304
        ],
        [
          0.0,
          0.0,
          0.0,
          1.0
        ]
      ]
    },
    {
      "file_path": "/media/NFS/ttao/scannet/posed_images/scene0621_00/00072.jpg",
      "transform_matrix": [
        [
          0.931702,
          0.232527,
          -0.27904,
          6.989282
        ],
        [
          0.353906,
          -0.408257,
          0.841473,
          3.790174
        ],
        [
          0.081745,
          -0.882756,
          -0.462666,
          1.361467
        ],
        [
          0.0,
          0.0,
          0.0,
          1.0
        ]
      ]
    },
    {
      "file_path": "/media/NFS/ttao/scannet/posed_images/scene0621_00/00086.jpg",
      "transform_matrix": [
        [
          0.871536,
          0.291566,
          -0.394225,
          6.857864
        ],
        [
          0.485161,
          -0.396341,
          0.779444,
          3.793941
        ],
        [
          0.071012,
          -0.870576,
          -0.486882,
          1.335026
        ],
        [
          0.0,
          0.0,
          0.0,
          1.0
        ]
      ]
    },
    {
      "file_path": "/media/NFS/ttao/scannet/posed_images/scene0621_00/00088.jpg",
      "transform_matrix": [
        [
          0.866747,
          0.302815,
          -0.396298,
          6.845066
        ],
        [
          0.493063,
          -0.400619,
          0.772265,
          3.798198
        ],
        [
          0.075089,
          -0.864758,
          -0.496543,
          1.332036
        ],
        [
          0.0,
          0.0,
          0.0,
          1.0
        ]
      ]
    },
    {
      "file_path": "/media/NFS/ttao/scannet/posed_images/scene0621_00/00096.jpg",
      "transform_matrix": [
        [
          0.850076,
          0.314395,
          -0.422525,
          6.793575
        ],
        [
          0.521495,
          -0.390389,
          0.75871,
          3.823114
        ],
        [
          0.073585,
          -0.865305,
          -0.495815,
          1.334816
        ],
        [
          0.0,
          0.0,
          0.0,
          1.0
        ]
      ]
    },
    {
      "file_path": "/media/NFS/ttao/scannet/posed_images/scene0621_00/00107.jpg",
      "transform_matrix": [
        [
          0.806902,
          0.334601,
          -0.486778,
          6.776907
        ],
        [
          0.586823,
          -0.359993,
          0.725289,
          3.871332
        ],
        [
          0.067446,
          -0.870889,
          -0.48683,
          1.341336
        ],
        [
          0.0,
          0.0,
          0.0,
          1.0
        ]
      ]
    },
    {
      "file_path": "/media/NFS/ttao/scannet/posed_images/scene0621_00/00115.jpg",
      "transform_matrix": [
        [
          0.776723,
          0.349934,
          -0.523686,
          6.770506
        ],
        [
          0.626825,
          -0.348182,
          0.697037,
          3.896555
        ],
        [
          0.061579,
          -0.869664,
          -0.489788,
          1.336125
        ],
        [
          0.0,
          0.0,
          0.0,
          1.0
        ]
      ]
    },
    {
      "file_path": "/media/NFS/ttao/scannet/posed_images/scene0621_00/00128.jpg",
      "transform_matrix": [
        [
          0.67326,
          0.381396,
          -0.633449,
          6.736891
        ],
        [
          0.73851,
          -0.3047,
          0.601466,
          3.916688
        ],
        [
          0.036384,
          -0.872751,
          -0.486807,
          1.325851
        ],
        [
          0.0,
          0.0,
          0.0,
          1.0
        ]
      ]
    },
    {
      "file_path": "/media/NFS/ttao/scannet/posed_images/scene0621_00/00139.jpg",
      "transform_matrix": [
        [
          0.624777,
          0.418002,
          -0.659491,
          6.613651
        ],
        [
          0.776201,
          -0.240931,
          0.582635,
          3.905491
        ],
        [
          0.084651,
          -0.875915,
          -0.474982,
          1.330754
        ],
        [
          0.0,
          0.0,
          0.0,
          1.0
        ]
      ]
    },
    {
      "file_path": "/media/NFS/ttao/scannet/posed_images/scene0621_00/00144.jpg",
      "transform_matrix": [
        [
          0.617079,
          0.399056,
          -0.678209,
          6.55279
        ],
        [
          0.782977,
          -0.225411,
          0.579773,
          3.883203
        ],
        [
          0.078486,
          -0.888788,
          -0.451549,
          1.321258
        ],
        [
          0.0,
          0.0,
          0.0,
          1.0
        ]
      ]
    },
    {
      "file_path": "/media/NFS/ttao/scannet/posed_images/scene0621_00/00155.jpg",
      "transform_matrix": [
        [
          0.557726,
          0.449229,
          -0.697951,
          6.452612
        ],
        [
          0.825877,
          -0.216385,
          0.520677,
          3.892864
        ],
        [
          0.082876,
          -0.866817,
          -0.491691,
          1.317119
        ],
        [
          0.0,
          0.0,
          0.0,
          1.0
        ]
      ]
    },
    {
      "file_path": "/media/NFS/ttao/scannet/posed_images/scene0621_00/00166.jpg",
      "transform_matrix": [
        [
          0.434564,
          0.48159,
          -0.761069,
          6.353403
        ],
        [
          0.898859,
          -0.178769,
          0.400119,
          3.958635
        ],
        [
          0.056637,
          -0.85797,
          -0.510568,
          1.309912
        ],
        [
          0.0,
          0.0,
          0.0,
          1.0
        ]
      ]
    },
    {
      "file_path": "/media/NFS/ttao/scannet/posed_images/scene0621_00/00171.jpg",
      "transform_matrix": [
        [
          0.343134,
          0.495445,
          -0.797994,
          6.313968
        ],
        [
          0.937515,
          -0.128501,
          0.323346,
          3.989285
        ],
        [
          0.057657,
          -0.859082,
          -0.50858,
          1.31062
        ],
        [
          0.0,
          0.0,
          0.0,
          1.0
        ]
      ]
    },
    {
      "file_path": "/media/NFS/ttao/scannet/posed_images/scene0621_00/00182.jpg",
      "transform_matrix": [
        [
          0.193727,
          0.523427,
          -0.829756,
          6.237266
        ],
        [
          0.980896,
          -0.088072,
          0.173456,
          4.025084
        ],
        [
          0.017713,
          -0.847507,
          -0.530489,
          1.317052
        ],
        [
          0.0,
          0.0,
          0.0,
          1.0
        ]
      ]
    },
    {
      "file_path": "/media/NFS/ttao/scannet/posed_images/scene0621_00/00190.jpg",
      "transform_matrix": [
        [
          0.159268,
          0.536708,
          -0.8286,
          6.174019
        ],
        [
          0.987216,
          -0.081272,
          0.137114,
          4.006071
        ],
        [
          0.006249,
          -0.839845,
          -0.54279,
          1.306066
        ],
        [
          0.0,
          0.0,
          0.0,
          1.0
        ]
      ]
    },
    {
      "file_path": "/media/NFS/ttao/scannet/posed_images/scene0621_00/00195.jpg",
      "transform_matrix": [
        [
          0.162127,
          0.527039,
          -0.834233,
          6.116366
        ],
        [
          0.986721,
          -0.07811,
          0.142415,
          3.979302
        ],
        [
          0.009897,
          -0.846244,
          -0.532704,
          1.301064
        ],
        [
          0.0,
          0.0,
          0.0,
          1.0
        ]
      ]
    },
    {
      "file_path": "/media/NFS/ttao/scannet/posed_images/scene0621_00/00209.jpg",
      "transform_matrix": [
        [
          0.133629,
          0.47414,
          -0.87025,
          5.951978
        ],
        [
          0.991032,
          -0.063646,
          0.117499,
          3.834211
        ],
        [
          0.000323,
          -0.878146,
          -0.478393,
          1.310033
        ],
        [
          0.0,
          0.0,
          0.0,
          1.0
        ]
      ]
    },
    {
      "file_path": "/media/NFS/ttao/scannet/posed_images/scene0621_00/00217.jpg",
      "transform_matrix": [
        [
          0.113839,
          0.477575,
          -0.871185,
          5.867222
        ],
        [
          0.993176,
          -0.032323,
          0.11206,
          3.792727
        ],
        [
          0.025358,
          -0.877996,
          -0.477995,
          1.306176
        ],
        [
          0.0,
          0.0,
          0.0,
          1.0
        ]
      ]
    },
    {
      "file_path": "/media/NFS/ttao/scannet/posed_images/scene0621_00/00225.jpg",
      "transform_matrix": [
        [
          0.088319,
          0.4512,
          -0.888042,
          5.756691
        ],
        [
          0.996089,
          -0.037449,
          0.080037,
          3.761909
        ],
        [
          0.002856,
          -0.891637,
          -0.452742,
          1.298275
        ],
        [
          0.0,
          0.0,
          0.0,
          1.0
        ]
      ]
    },
    {
      "file_path": "/media/NFS/ttao/scannet/posed_images/scene0621_00/00235.jpg",
      "transform_matrix": [
        [
          0.012609,
          0.376691,
          -0.926253,
          5.592222
        ],
        [
          0.999787,
          -0.019914,
          0.005512,
          3.747987
        ],
        [
          -0.016369,
          -0.926125,
          -0.376862,
          1.344636
        ],
        [
          0.0,
          0.0,
          0.0,
          1.0
        ]
      ]
    },
    {
      "file_path": "/media/NFS/ttao/scannet/posed_images/scene0621_00/00243.jpg",
      "transform_matrix": [
        [
          -0.009012,
          0.385423,
          -0.922696,
          5.51227
        ],
        [
          0.999601,
          -0.02122,
          -0.018627,
          3.735259
        ],
        [
          -0.026759,
          -0.922496,
          -0.385078,
          1.333587
        ],
        [
          0.0,
          0.0,
          0.0,
          1.0
        ]
      ]
    },
    {
      "file_path": "/media/NFS/ttao/scannet/posed_images/scene0621_00/00254.jpg",
      "transform_matrix": [
        [
          0.044172,
          0.346663,
          -0.936949,
          5.379426
        ],
        [
          0.998953,
          -0.004125,
          0.045568,
          3.675566
        ],
        [
          0.011932,
          -0.937981,
          -0.346482,
          1.332026
        ],
        [
          0.0,
          0.0,
          0.0,
          1.0
        ]
      ]
    },
    {
      "file_path": "/media/NFS/ttao/scannet/posed_images/scene0621_00/00259.jpg",
      "transform_matrix": [
        [
          0.082478,
          0.347157,
          -0.934173,
          5.316797
        ],
        [
          0.996433,
          -0.011906,
          0.08355,
          3.630616
        ],
        [
          0.017883,
          -0.937732,
          -0.3469,
          1.333305
        ],
        [
          0.0,
          0.0,
          0.0,
          1.0
        ]
      ]
    },
    {
      "file_path": "/media/NFS/ttao/scannet/posed_images/scene0621_00/00273.jpg",
      "transform_matrix": [
        [
          0.135128,
          0.372336,
          -0.918209,
          5.174944
        ],
        [
          0.990256,
          -0.019243,
          0.137927,
          3.56367
        ],
        [
          0.033686,
          -0.927899,
          -0.371308,
          1.325357
        ],
        [
          0.0,
          0.0,
          0.0,
          1.0
        ]
      ]
    },
    {
      "file_path": "/media/NFS/ttao/scannet/posed_images/scene0621_00/00276.jpg",
      "transform_matrix": [
        [
          0.13027,
          0.372735,
          -0.918749,
          5.139229
        ],
        [
          0.990968,
          -0.019187,
          0.132726,
          3.555853
        ],
        [
          0.031844,
          -0.927739,
          -0.371867,
          1.326371
        ],
        [
          0.0,
          0.0,
          0.0,
          1.0
        ]
      ]
    },
    {
      "file_path": "/media/NFS/ttao/scannet/posed_images/scene0621_00/00289.jpg",
      "transform_matrix": [
        [
          0.100719,
          0.280453,
          -0.954569,
          4.954604
        ],
        [
          0.994898,
          -0.033993,
          0.094987,
          3.55143
        ],
        [
          -0.00581,
          -0.959266,
          -0.282446,
          1.365256
        ],
        [
          0.0,
          0.0,
          0.0,
          1.0
        ]
      ]
    },
    {
      "file_path": "/media/NFS/ttao/scannet/posed_images/scene0621_00/00300.jpg",
      "transform_matrix": [
        [
          0.054521,
          0.200584,
          -0.978158,
          4.829925
        ],
        [
          0.998078,
          0.017946,
          0.059311,
          3.552712
        ],
        [
          0.029451,
          -0.979512,
          -0.19922,
          1.37306
        ],
        [
          0.0,
          0.0,
          0.0,
          1.0
        ]
      ]
    },
    {
      "file_path": "/media/NFS/ttao/scannet/posed_images/scene0621_00/00302.jpg",
      "transform_matrix": [
        [
          0.059289,
          0.196225,
          -0.978765,
          4.810513
        ],
        [
          0.997605,
          0.023347,
          0.065111,
          3.540092
        ],
        [
          0.035627,
          -0.980281,
          -0.194371,
          1.36696
        ],
        [
          0.0,
          0.0,
          0.0,
          1.0
        ]
      ]
    },
    {
      "file_path": "/media/NFS/ttao/scannet/posed_images/scene0621_00/00310.jpg",
      "transform_matrix": [
        [
          0.101232,
          0.195936,
          -0.975378,
          4.72051
        ],
        [
          0.993191,
          0.036917,
          0.110496,
          3.510215
        ],
        [
          0.057658,
          -0.979922,
          -0.190864,
          1.363995
        ],
        [
          0.0,
          0.0,
          0.0,
          1.0
        ]
      ]
    },
    {
      "file_path": "/media/NFS/ttao/scannet/posed_images/scene0621_00/00324.jpg",
      "transform_matrix": [
        [
          0.166691,
          0.257504,
          -0.951791,
          4.572255
        ],
        [
          0.985534,
          -0.01353,
          0.16894,
          3.433266
        ],
        [
          0.030626,
          -0.966182,
          -0.256034,
          1.346606
        ],
        [
          0.0,
          0.0,
          0.0,
          1.0
        ]
      ]
    },
    {
      "file_path": "/media/NFS/ttao/scannet/posed_images/scene0621_00/00332.jpg",
      "transform_matrix": [
        [
          0.114095,
          0.328355,
          -0.937638,
          4.518542
        ],
        [
          0.993324,
          -0.021514,
          0.113338,
          3.436047
        ],
        [
          0.017043,
          -0.944309,
          -0.328618,
          1.336843
        ],
        [
          0.0,
          0.0,
          0.0,
          1.0
        ]
      ]
    },
    {
      "file_path": "/media/NFS/ttao/scannet/posed_images/scene0621_00/00340.jpg",
      "transform_matrix": [
        [
          0.062424,
          0.332483,
          -0.941041,
          4.455896
        ],
        [
          0.998018,
          -0.013318,
          0.061498,
          3.457454
        ],
        [
          0.007914,
          -0.943015,
          -0.332656,
          1.320943
        ],
        [
          0.0,
          0.0,
          0.0,
          1.0
        ]
      ]
    },
    {
      "file_path": "/media/NFS/ttao/scannet/posed_images/scene0621_00/00350.jpg",
      "transform_matrix": [
        [
          -0.084961,
          0.342037,
          -0.935838,
          4.345212
        ],
        [
          0.996163,
          0.009343,
          -0.087023,
          3.497232
        ],
        [
          -0.021021,
          -0.93964,
          -0.341519,
          1.314711
        ],
        [
          0.0,
          0.0,
          0.0,
          1.0
        ]
      ]
    },
    {
      "file_path": "/media/NFS/ttao/scannet/posed_images/scene0621_00/00358.jpg",
      "transform_matrix": [
        [
          -0.193749,
          0.387928,
          -0.901096,
          4.268726
        ],
        [
          0.98105,
          0.075085,
          -0.178616,
          3.541582
        ],
        [
          -0.001631,
          -0.918626,
          -0.395124,
          1.304328
        ],
        [
          0.0,
          0.0,
          0.0,
          1.0
        ]
      ]
    },
    {
      "file_path": "/media/NFS/ttao/scannet/posed_images/scene0621_00/00366.jpg",
      "transform_matrix": [
        [
          -0.248198,
          0.391991,
          -0.885856,
          4.155415
        ],
        [
          0.968537,
          0.117689,
          -0.219286,
          3.542999
        ],
        [
          0.018297,
          -0.91241,
          -0.408868,
          1.298432
        ],
        [
          0.0,
          0.0,
          0.0,
          1.0
        ]
      ]
    },
    {
      "file_path": "/media/NFS/ttao/scannet/posed_images/scene0621_00/00380.jpg",
      "transform_matrix": [
        [
          -0.141271,
          0.420166,
          -0.896384,
          3.90691
        ],
        [
          0.985559,
          0.145085,
          -0.087319,
          3.61648
        ],
        [
          0.093363,
          -0.895774,
          -0.434594,
          1.303659
        ],
        [
          0.0,
          0.0,
          0.0,
          1.0
        ]
      ]
    },
    {
      "file_path": "/media/NFS/ttao/scannet/posed_images/scene0621_00/00388.jpg",
      "transform_matrix": [
        [
          -0.128901,
          0.44276,
          -0.887326,
          3.793078
        ],
        [
          0.98332,
          0.172857,
          -0.056593,
          3.676298
        ],
        [
          0.128323,
          -0.87982,
          -0.457656,
          1.30971
        ],
        [
          0.0,
          0.0,
          0.0,
          1.0
        ]
      ]
    },
    {
      "file_path": "/media/NFS/ttao/scannet/posed_images/scene0621_00/00391.jpg",
      "transform_matrix": [
        [
          -0.163802,
          0.433006,
          -0.886383,
          3.751326
        ],
        [
          0.980334,
          0.1717,
          -0.097287,
          3.707504
        ],
        [
          0.110066,
          -0.884887,
          -0.452616,
          1.314418
        ],
        [
          0.0,
          0.0,
          0.0,
          1.0
        ]
      ]
    },
    {
      "file_path": "/media/NFS/ttao/scannet/posed_images/scene0621_00/00404.jpg",
      "transform_matrix": [
        [
          -0.276502,
          0.393178,
          -0.876902,
          3.596569
        ],
        [
          0.9567,
          0.198969,
          -0.212452,
          3.762874
        ],
        [
          0.090945,
          -0.897676,
          -0.431169,
          1.330778
        ],
        [
          0.0,
          0.0,
          0.0,
          1.0
        ]
      ]
    },
    {
      "file_path": "/media/NFS/ttao/scannet/posed_images/scene0621_00/00415.jpg",
      "transform_matrix": [
        [
          -0.363494,
          0.349604,
          -0.86351,
          3.422004
        ],
        [
          0.922427,
          0.264797,
          -0.281089,
          3.775504
        ],
        [
          0.130385,
          -0.898699,
          -0.418736,
          1.317768
        ],
        [
          0.0,
          0.0,
          0.0,
          1.0
        ]
      ]
    },
    {
      "file_path": "/media/NFS/ttao/scannet/posed_images/scene0621_00/00423.jpg",
      "transform_matrix": [
        [
          -0.451351,
          0.302133,
          -0.839642,
          3.277972
        ],
        [
          0.886586,
          0.258571,
          -0.383543,
          3.774814
        ],
        [
          0.101226,
          -0.917527,
          -0.384573,
          1.320954
        ],
        [
          0.0,
          0.0,
          0.0,
          1.0
        ]
      ]
    },
    {
      "file_path": "/media/NFS/ttao/scannet/posed_images/scene0621_00/00428.jpg",
      "transform_matrix": [
        [
          -0.524363,
          0.285908,
          -0.80206,
          3.198375
        ],
        [
          0.848845,
          0.249776,
          -0.465913,
          3.794933
        ],
        [
          0.067127,
          -0.925132,
          -0.373665,
          1.323023
        ],
        [
          0.0,
          0.0,
          0.0,
          1.0
        ]
      ]
    },
    {
      "file_path": "/media/NFS/ttao/scannet/posed_images/scene0621_00/00436.jpg",
      "transform_matrix": [
        [
          -0.586546,
          0.307465,
          -0.749285,
          3.097619
        ],
        [
          0.808139,
          0.283422,
          -0.516317,
          3.778073
        ],
        [
          0.053614,
          -0.90837,
          -0.414715,
          1.31163
        ],
        [
          0.0,
          0.0,
          0.0,
          1.0
        ]
      ]
    },
    {
      "file_path": "/media/NFS/ttao/scannet/posed_images/scene0621_00/00447.jpg",
      "transform_matrix": [
        [
          -0.721608,
          0.237093,
          -0.650437,
          2.931544
        ],
        [
          0.690473,
          0.314717,
          -0.651306,
          3.82968
        ],
        [
          0.050283,
          -0.919097,
          -0.390809,
          1.303308
        ],
        [
          0.0,
          0.0,
          0.0,
          1.0
        ]
      ]
    },
    {
      "file_path": "/media/NFS/ttao/scannet/posed_images/scene0621_00/00455.jpg",
      "transform_matrix": [
        [
          -0.774103,
          0.238522,
          -0.586406,
          2.824567
        ],
        [
          0.632639,
          0.325249,
          -0.702838,
          3.82372
        ],
        [
          0.023085,
          -0.915052,
          -0.402674,
          1.313865
        ],
        [
          0.0,
          0.0,
          0.0,
          1.0
        ]
      ]
    },
    {
      "file_path": "/media/NFS/ttao/scannet/posed_images/scene0621_00/00468.jpg",
      "transform_matrix": [
        [
          -0.78374,
          0.213281,
          -0.583321,
          2.667984
        ],
        [
          0.613249,
          0.414497,
          -0.672398,
          3.743992
        ],
        [
          0.098375,
          -0.884705,
          -0.455652,
          1.286943
        ],
        [
          0.0,
          0.0,
          0.0,
          1.0
        ]
      ]
    },
    {
      "file_path": "/media/NFS/ttao/scannet/posed_images/scene0621_00/00476.jpg",
      "transform_matrix": [
        [
          -0.800295,
          0.251888,
          -0.544132,
          2.581431
        ],
        [
          0.598651,
          0.386856,
          -0.701398,
          3.69698
        ],
        [
          0.033827,
          -0.887071,
          -0.460393,
          1.288115
        ],
        [
          0.0,
          0.0,
          0.0,
          1.0
        ]
      ]
    },
    {
      "file_path": "/media/NFS/ttao/scannet/posed_images/scene0621_00/00479.jpg",
      "transform_matrix": [
        [
          -0.815497,
          0.242258,
          -0.525619,
          2.55965
        ],
        [
          0.57782,
          0.392559,
          -0.715557,
          3.693765
        ],
        [
          0.032987,
          -0.887248,
          -0.460112,
          1.287566
        ],
        [
          0.0,
          0.0,
          0.0,
          1.0
        ]
      ]
    },
    {
      "file_path": "/media/NFS/ttao/scannet/posed_images/scene0621_00/00495.jpg",
      "transform_matrix": [
        [
          -0.898973,
          0.145177,
          -0.413245,
          2.542558
        ],
        [
          0.433875,
          0.424408,
          -0.794752,
          3.697481
        ],
        [
          0.060005,
          -0.893757,
          -0.44452,
          1.300411
        ],
        [
          0.0,
          0.0,
          0.0,
          1.0
        ]
      ]
    },
    {
      "file_path": "/media/NFS/ttao/scannet/posed_images/scene0621_00/00500.jpg",
      "transform_matrix": [
        [
          -0.927965,
          0.076684,
          -0.364692,
          2.555757
        ],
        [
          0.361103,
          0.426912,
          -0.829066,
          3.710334
        ],
        [
          0.092116,
          -0.901036,
          -0.42385,
          1.284052
        ],
        [
          0.0,
          0.0,
          0.0,
          1.0
        ]
      ]
    },
    {
      "file_path": "/media/NFS/ttao/scannet/posed_images/scene0621_00/00514.jpg",
      "transform_matrix": [
        [
          -0.970751,
          0.016576,
          -0.239517,
          2.559179
        ],
        [
          0.225463,
          0.405826,
          -0.885704,
          3.738094
        ],
        [
          0.082521,
          -0.9138,
          -0.397694,
          1.277919
        ],
        [
          0.0,
          0.0,
          0.0,
          1.0
        ]
      ]
    },
    {
      "file_path": "/media/NFS/ttao/scannet/posed_images/scene0621_00/00519.jpg",
      "transform_matrix": [
        [
          -0.978985,
          0.0111,
          -0.203629,
          2.557563
        ],
        [
          0.191183,
          0.397462,
          -0.897481,
          3.739098
        ],
        [
          0.070973,
          -0.917551,
          -0.391232,
          1.27964
        ],
        [
          0.0,
          0.0,
          0.0,
          1.0
        ]
      ]
    },
    {
      "file_path": "/media/NFS/ttao/scannet/posed_images/scene0621_00/00530.jpg",
      "transform_matrix": [
        [
          -0.999183,
          -0.011999,
          -0.03858,
          2.557156
        ],
        [
          0.030695,
          0.395434,
          -0.917982,
          3.709223
        ],
        [
          0.026271,
          -0.918416,
          -0.394742,
          1.292252
        ],
        [
          0.0,
          0.0,
          0.0,
          1.0
        ]
      ]
    },
    {
      "file_path": "/media/NFS/ttao/scannet/posed_images/scene0621_00/00538.jpg",
      "transform_matrix": [
        [
          -0.999281,
          -0.028499,
          0.025018,
          2.538909
        ],
        [
          -0.034575,
          0.413668,
          -0.909771,
          3.67248
        ],
        [
          0.015579,
          -0.909982,
          -0.414356,
          1.276768
        ],
        [
          0.0,
          0.0,
          0.0,
          1.0
        ]
      ]
    },
    {
      "file_path": "/media/NFS/ttao/scannet/posed_images/scene0621_00/00546.jpg",
      "transform_matrix": [
        [
          -0.994333,
          -0.056239,
          0.090226,
          2.549777
        ],
        [
          -0.105656,
          0.428136,
          -0.897517,
          3.547031
        ],
        [
          0.011847,
          -0.901963,
          -0.431651,
          1.276397
        ],
        [
          0.0,
          0.0,
          0.0,
          1.0
        ]
      ]
    },
    {
      "file_path": "/media/NFS/ttao/scannet/posed_images/scene0621_00/00556.jpg",
      "transform_matrix": [
        [
          -0.986428,
          -0.088865,
          0.138063,
          2.586539
        ],
        [
          -0.162069,
          0.392249,
          -0.905469,
          3.407342
        ],
        [
          0.026309,
          -0.915556,
          -0.401328,
          1.292481
        ],
        [
          0.0,
          0.0,
          0.0,
          1.0
        ]
      ]
    },
    {
      "file_path": "/media/NFS/ttao/scannet/posed_images/scene0621_00/00562.jpg",
      "transform_matrix": [
        [
          -0.975883,
          -0.116273,
          0.184749,
          2.599641
        ],
        [
          -0.216422,
          0.404786,
          -0.888431,
          3.347191
        ],
        [
          0.028517,
          -0.906989,
          -0.420188,
          1.295424
        ],
        [
          0.0,
          0.0,
          0.0,
          1.0
        ]
      ]
    },
    {
      "file_path": "/media/NFS/ttao/scannet/posed_images/scene0621_00/00575.jpg",
      "transform_matrix": [
        [
          -0.936141,
          -0.179218,
          0.302524,
          2.55816
        ],
        [
          -0.350235,
          0.398847,
          -0.8475,
          3.216337
        ],
        [
          0.031227,
          -0.899334,
          -0.436145,
          1.286378
        ],
        [
          0.0,
          0.0,
          0.0,
          1.0
        ]
      ]
    },
    {
      "file_path": "/media/NFS/ttao/scannet/posed_images/scene0621_00/00583.jpg",
      "transform_matrix": [
        [
          -0.890332,
          -0.229918,
          0.392998,
          2.48943
        ],
        [
          -0.453147,
          0.363375,
          -0.814012,
          3.147525
        ],
        [
          0.04435,
          -0.902827,
          -0.427711,
          1.2943
        ],
        [
          0.0,
          0.0,
          0.0,
          1.0
        ]
      ]
    },
    {
      "file_path": "/media/NFS/ttao/scannet/posed_images/scene0621_00/00586.jpg",
      "transform_matrix": [
        [
          -0.882124,
          -0.259507,
          0.393082,
          2.474357
        ],
        [
          -0.464407,
          0.339863,
          -0.817814,
          3.124303
        ],
        [
          0.078635,
          -0.903963,
          -0.420318,
          1.30569
        ],
        [
          0.0,
          0.0,
          0.0,
          1.0
        ]
      ]
    },
    {
      "file_path": "/media/NFS/ttao/scannet/posed_images/scene0621_00/00602.jpg",
      "transform_matrix": [
        [
          -0.743209,
          -0.337384,
          0.577765,
          2.465098
        ],
        [
          -0.667113,
          0.307861,
          -0.678367,
          2.96732
        ],
        [
          0.050999,
          -0.889603,
          -0.453878,
          1.299508
        ],
        [
          0.0,
          0.0,
          0.0,
          1.0
        ]
      ]
    },
    {
      "file_path": "/media/NFS/ttao/scannet/posed_images/scene0621_00/00610.jpg",
      "transform_matrix": [
        [
          -0.687529,
          -0.352467,
          0.634878,
          2.483969
        ],
        [
          -0.722933,
          0.249942,
          -0.644125,
          2.840195
        ],
        [
          0.06835,
          -0.901829,
          -0.426653,
          1.296094
        ],
        [
          0.0,
          0.0,
          0.0,
          1.0
        ]
      ]
    },
    {
      "file_path": "/media/NFS/ttao/scannet/posed_images/scene0621_00/00621.jpg",
      "transform_matrix": [
        [
          -0.616043,
          -0.381052,
          0.689413,
          2.525474
        ],
        [
          -0.784405,
          0.21664,
          -0.581185,
          2.685198
        ],
        [
          0.072107,
          -0.898814,
          -0.432359,
          1.295064
        ],
        [
          0.0,
          0.0,
          0.0,
          1.0
        ]
      ]
    },
    {
      "file_path": "/media/NFS/ttao/scannet/posed_images/scene0621_00/00629.jpg",
      "transform_matrix": [
        [
          -0.54028,
          -0.382863,
          0.749342,
          2.53763
        ],
        [
          -0.840232,
          0.196881,
          -0.505221,
          2.550977
        ],
        [
          0.045899,
          -0.902582,
          -0.428064,
          1.298502
        ],
        [
          0.0,
          0.0,
          0.0,
          1.0
        ]
      ]
    },
    {
      "file_path": "/media/NFS/ttao/scannet/posed_images/scene0621_00/00631.jpg",
      "transform_matrix": [
        [
          -0.525375,
          -0.389524,
          0.756473,
          2.532837
        ],
        [
          -0.849866,
          0.197027,
          -0.488783,
          2.523964
        ],
        [
          0.041347,
          -0.899695,
          -0.434556,
          1.292291
        ],
        [
          0.0,
          0.0,
          0.0,
          1.0
        ]
      ]
    },
    {
      "file_path": "/media/NFS/ttao/scannet/posed_images/scene0621_00/00642.jpg",
      "transform_matrix": [
        [
          -0.404847,
          -0.408855,
          0.817886,
          2.572247
        ],
        [
          -0.914157,
          0.161017,
          -0.37201,
          2.379529
        ],
        [
          0.020404,
          -0.898282,
          -0.438945,
          1.302108
        ],
        [
          0.0,
          0.0,
          0.0,
          1.0
        ]
      ]
    },
    {
      "file_path": "/media/NFS/ttao/scannet/posed_images/scene0621_00/00655.jpg",
      "transform_matrix": [
        [
          -0.340245,
          -0.403128,
          0.849542,
          2.718727
        ],
        [
          -0.939607,
          0.11015,
          -0.324048,
          2.18546
        ],
        [
          0.037056,
          -0.90849,
          -0.416259,
          1.307322
        ],
        [
          0.0,
          0.0,
          0.0,
          1.0
        ]
      ]
    },
    {
      "file_path": "/media/NFS/ttao/scannet/posed_images/scene0621_00/00661.jpg",
      "transform_matrix": [
        [
          -0.271339,
          -0.38256,
          0.883189,
          2.761795
        ],
        [
          -0.962223,
          0.086448,
          -0.258175,
          2.096129
        ],
        [
          0.022417,
          -0.919878,
          -0.391564,
          1.305901
        ],
        [
          0.0,
          0.0,
          0.0,
          1.0
        ]
      ]
    },
    {
      "file_path": "/media/NFS/ttao/scannet/posed_images/scene0621_00/00666.jpg",
      "transform_matrix": [
        [
          -0.216478,
          -0.41918,
          0.881717,
          2.804199
        ],
        [
          -0.975782,
          0.063826,
          -0.209229,
          2.046355
        ],
        [
          0.031428,
          -0.905657,
          -0.422845,
          1.297952
        ],
        [
          0.0,
          0.0,
          0.0,
          1.0
        ]
      ]
    },
    {
      "file_path": "/media/NFS/ttao/scannet/posed_images/scene0621_00/00682.jpg",
      "transform_matrix": [
        [
          0.095343,
          -0.402279,
          0.910539,
          2.838924
        ],
        [
          -0.995377,
          -0.049214,
          0.082484,
          1.855709
        ],
        [
          0.01163,
          -0.914193,
          -0.405112,
          1.331097
        ],
        [
          0.0,
          0.0,
          0.0,
          1.0
        ]
      ]
    },
    {
      "file_path": "/media/NFS/ttao/scannet/posed_images/scene0621_00/00685.jpg",
      "transform_matrix": [
        [
          0.10173,
          -0.387965,
          0.916043,
          2.849594
        ],
        [
          -0.994772,
          -0.031372,
          0.097186,
          1.832635
        ],
        [
          -0.008966,
          -0.92114,
          -0.389127,
          1.33659
        ],
        [
