{
  "frames": [
    {
      "file_path": "/media/NFS/ttao/scannet/posed_images/scene0061_01/00000.jpg",
      "transform_matrix": [
        [
          -0.562304,
          0.283337,
          -0.776875,
          2.769078
        ],
        [
          0.826913,
          0.198858,
          -0.525995,
          1.910975
        ],
        [
          0.005454,
          -0.938177,
          -0.346114,
          1.350886
        ],
        [
          0.0,
          0.0,
          0.0,
          1.0
        ]
      ]
    },
    {
      "file_path": "/media/NFS/ttao/scannet/posed_images/scene0061_01/00009.jpg",
      "transform_matrix": [
        [
          -0.588559,
          0.2424,
          -0.771259,
          2.761857
        ],
        [
          0.80821,
          0.199846,
          -0.553948,
          1.932781
        ],
        [
          0.019856,
          -0.94937,
          -0.313532,
          1.354829
        ],
        [
          0.0,
          0.0,
          0.0,
          1.0
        ]
      ]
    },
    {
      "file_path": "/media/NFS/ttao/scannet/posed_images/scene0061_01/00013.jpg",
      "transform_matrix": [
        [
          -0.595963,
          0.262985,
          -0.758727,
          2.749885
        ],
        [
          0.803009,
          0.192792,
          -0.563922,
          1.93953
        ],
        [
          -0.002027,
          -0.945341,
          -0.326076,
          1.350535
        ],
        [
          0.0,
          0.0,
          0.0,
          1.0
        ]
      ]
    },
    {
      "file_path": "/media/NFS/ttao/scannet/posed_images/scene0061_01/00019.jpg",
      "transform_matrix": [
        [
          -0.580502,
          0.291491,
          -0.760297,
          2.756664
        ],
        [
          0.814237,
          0.214615,
          -0.539405,
          1.943928
        ],
        [
          0.00594,
          -0.932187,
          -0.361927,
          1.325156
        ],
        [
          0.0,
          0.0,
          0.0,
          1.0
        ]
      ]
    },
    {
      "file_path": "/media/NFS/ttao/scannet/posed_images/scene0061_01/00028.jpg",
      "transform_matrix": [
        [
          -0.556245,
          0.329055,
          -0.763095,
          2.801223
        ],
        [
          0.830755,
          0.243293,
          -0.500654,
          1.934625
        ],
        [
          0.020914,
          -0.912432,
          -0.408695,
          1.296938
        ],
        [
          0.0,
          0.0,
          0.0,
          1.0
        ]
      ]
    },
    {
      "file_path": "/media/NFS/ttao/scannet/posed_images/scene0061_01/00032.jpg",
      "transform_matrix": [
        [
          -0.544715,
          0.338802,
          -0.767137,
          2.83208
        ],
        [
          0.838043,
          0.253897,
          -0.48293,
          1.940319
        ],
        [
          0.031156,
          -0.905952,
          -0.422232,
          1.285018
        ],
        [
          0.0,
          0.0,
          0.0,
          1.0
        ]
      ]
    },
    {
      "file_path": "/media/NFS/ttao/scannet/posed_images/scene0061_01/00039.jpg",
      "transform_matrix": [
        [
          -0.518594,
          0.358321,
          -0.776316,
          2.885621
        ],
        [
          0.853949,
          0.262508,
          -0.44929,
          1.951715
        ],
        [
          0.042799,
          -0.895933,
          -0.442123,
          1.274746
        ],
        [
          0.0,
          0.0,
          0.0,
          1.0
        ]
      ]
    },
    {
      "file_path": "/media/NFS/ttao/scannet/posed_images/scene0061_01/00047.jpg",
      "transform_matrix": [
        [
          -0.506955,
          0.377296,
          -0.775012,
          2.926756
        ],
        [
          0.860844,
          0.267598,
          -0.432826,
          1.980275
        ],
        [
          0.044088,
          -0.886588,
          -0.460454,
          1.275775
        ],
        [
          0.0,
          0.0,
          0.0,
          1.0
        ]
      ]
    },
    {
      "file_path": "/media/NFS/ttao/scannet/posed_images/scene0061_01/00049.jpg",
      "transform_matrix": [
        [
          -0.513106,
          0.374624,
          -0.772256,
          2.934759
        ],
        [
          0.857049,
          0.272678,
          -0.437167,
          1.991417
        ],
        [
          0.046804,
          -0.886174,
          -0.460984,
          1.280189
        ],
        [
          0.0,
          0.0,
          0.0,
          1.0
        ]
      ]
    },
    {
      "file_path": "/media/NFS/ttao/scannet/posed_images/scene0061_01/00054.jpg",
      "transform_matrix": [
        [
          -0.527213,
          0.361224,
          -0.769132,
          2.954188
        ],
        [
          0.848103,
          0.279733,
          -0.449968,
          2.043843
        ],
        [
          0.052612,
          -0.889532,
          -0.453834,
          1.2832
        ],
        [
          0.0,
          0.0,
          0.0,
          1.0
        ]
      ]
    },
    {
      "file_path": "/media/NFS/ttao/scannet/posed_images/scene0061_01/00065.jpg",
      "transform_matrix": [
        [
          -0.532881,
          0.367508,
          -0.762218,
          2.989096
        ],
        [
          0.844086,
          0.294342,
          -0.448198,
          2.171222
        ],
        [
          0.059636,
          -0.882214,
          -0.467058,
          1.278142
        ],
        [
          0.0,
          0.0,
          0.0,
          1.0
        ]
      ]
    },
    {
      "file_path": "/media/NFS/ttao/scannet/posed_images/scene0061_01/00071.jpg",
      "transform_matrix": [
        [
          -0.529455,
          0.36158,
          -0.767423,
          3.012448
        ],
        [
          0.845743,
          0.295685,
          -0.444173,
          2.198392
        ],
        [
          0.066311,
          -0.884212,
          -0.462355,
          1.279293
        ],
        [
          0.0,
          0.0,
          0.0,
          1.0
        ]
      ]
    },
    {
      "file_path": "/media/NFS/ttao/scannet/posed_images/scene0061_01/00078.jpg",
      "transform_matrix": [
        [
          -0.505848,
          0.375877,
          -0.776424,
          3.043014
        ],
        [
          0.859656,
          0.294242,
          -0.417627,
          2.190711
        ],
        [
          0.07148,
          -0.878714,
          -0.471967,
          1.276063
        ],
        [
          0.0,
          0.0,
          0.0,
          1.0
        ]
      ]
    },
    {
      "file_path": "/media/NFS/ttao/scannet/posed_images/scene0061_01/00082.jpg",
      "transform_matrix": [
        [
          -0.471102,
          0.379554,
          -0.796242,
          3.07008
        ],
        [
          0.879104,
          0.276096,
          -0.388519,
          2.154902
        ],
        [
          0.072376,
          -0.883012,
          -0.463736,
          1.288939
        ],
        [
          0.0,
          0.0,
          0.0,
          1.0
        ]
      ]
    },
    {
      "file_path": "/media/NFS/ttao/scannet/posed_images/scene0061_01/00086.jpg",
      "transform_matrix": [
        [
          -0.437638,
          0.385733,
          -0.812209,
          3.110205
        ],
        [
          0.897936,
          0.234448,
          -0.372486,
          2.098279
        ],
        [
          0.046741,
          -0.892325,
          -0.448967,
          1.292672
        ],
        [
          0.0,
          0.0,
          0.0,
          1.0
        ]
      ]
    },
    {
      "file_path": "/media/NFS/ttao/scannet/posed_images/scene0061_01/00092.jpg",
      "transform_matrix": [
        [
          -0.426847,
          0.383621,
          -0.818924,
          3.191901
        ],
        [
          0.903983,
          0.205852,
          -0.374752,
          1.993227
        ],
        [
          0.024814,
          -0.900256,
          -0.434654,
          1.281864
        ],
        [
          0.0,
          0.0,
          0.0,
          1.0
        ]
      ]
    },
    {
      "file_path": "/media/NFS/ttao/scannet/posed_images/scene0061_01/00101.jpg",
      "transform_matrix": [
        [
          -0.410577,
          0.396859,
          -0.820932,
          3.249387
        ],
        [
          0.911189,
          0.212212,
          -0.35313,
          1.853247
        ],
        [
          0.034069,
          -0.893011,
          -0.448743,
          1.275618
        ],
        [
          0.0,
          0.0,
          0.0,
          1.0
        ]
      ]
    },
    {
      "file_path": "/media/NFS/ttao/scannet/posed_images/scene0061_01/00107.jpg",
      "transform_matrix": [
        [
          -0.399437,
          0.407221,
          -0.821353,
          3.255283
        ],
        [
          0.916761,
          0.178108,
          -0.35753,
          1.74942
        ],
        [
          0.000696,
          -0.895795,
          -0.444468,
          1.271254
        ],
        [
          0.0,
          0.0,
          0.0,
          1.0
        ]
      ]
    },
    {
      "file_path": "/media/NFS/ttao/scannet/posed_images/scene0061_01/00110.jpg",
      "transform_matrix": [
        [
          -0.352087,
          0.405847,
          -0.843399,
          3.239616
        ],
        [
          0.935797,
          0.135471,
          -0.325471,
          1.694717
        ],
        [
          -0.017835,
          -0.903845,
          -0.427489,
          1.26511
        ],
        [
          0.0,
          0.0,
          0.0,
          1.0
        ]
      ]
    },
    {
      "file_path": "/media/NFS/ttao/scannet/posed_images/scene0061_01/00120.jpg",
      "transform_matrix": [
        [
          -0.225546,
          0.420508,
          -0.878807,
          3.202976
        ],
        [
          0.973352,
          0.058916,
          -0.22162,
          1.494344
        ],
        [
          -0.041417,
          -0.905374,
          -0.422591,
          1.268893
        ],
        [
          0.0,
          0.0,
          0.0,
          1.0
        ]
      ]
    },
    {
      "file_path": "/media/NFS/ttao/scannet/posed_images/scene0061_01/00123.jpg",
      "transform_matrix": [
        [
          -0.188247,
          0.410074,
          -0.892414,
          3.197844
        ],
        [
          0.98139,
          0.043475,
          -0.187039,
          1.441698
        ],
        [
          -0.037902,
          -0.911016,
          -0.410626,
          1.27228
        ],
        [
          0.0,
          0.0,
          0.0,
          1.0
        ]
      ]
    },
    {
      "file_path": "/media/NFS/ttao/scannet/posed_images/scene0061_01/00131.jpg",
      "transform_matrix": [
        [
          -0.021338,
          0.365652,
          -0.930507,
          3.188084
        ],
        [
          0.999735,
          0.015813,
          -0.016712,
          1.261307
        ],
        [
          0.008604,
          -0.930617,
          -0.365893,
          1.252719
        ],
        [
          0.0,
          0.0,
          0.0,
          1.0
        ]
      ]
    },
    {
      "file_path": "/media/NFS/ttao/scannet/posed_images/scene0061_01/00138.jpg",
      "transform_matrix": [
        [
          0.08991,
          0.385785,
          -0.918197,
          3.173138
        ],
        [
          0.99562,
          -0.01108,
          0.092836,
          1.100694
        ],
        [
          0.025641,
          -0.922522,
          -0.385092,
          1.257437
        ],
        [
          0.0,
          0.0,
          0.0,
          1.0
        ]
      ]
    },
    {
      "file_path": "/media/NFS/ttao/scannet/posed_images/scene0061_01/00144.jpg",
      "transform_matrix": [
        [
          0.160723,
          0.401997,
          -0.901425,
          3.141443
        ],
        [
          0.985405,
          -0.013463,
          0.169692,
          1.006629
        ],
        [
          0.05608,
          -0.915542,
          -0.398294,
          1.251445
        ],
        [
          0.0,
          0.0,
          0.0,
          1.0
        ]
      ]
    },
    {
      "file_path": "/media/NFS/ttao/scannet/posed_images/scene0061_01/00148.jpg",
      "transform_matrix": [
        [
          0.20346,
          0.410608,
          -0.888822,
          3.11049
        ],
        [
          0.975962,
          -0.012629,
          0.217574,
          0.947198
        ],
        [
          0.078113,
          -0.911725,
          -0.403307,
          1.2366
        ],
        [
          0.0,
          0.0,
          0.0,
          1.0
        ]
      ]
    },
    {
      "file_path": "/media/NFS/ttao/scannet/posed_images/scene0061_01/00155.jpg",
      "transform_matrix": [
        [
          0.257574,
          0.429465,
          -0.865572,
          3.030444
        ],
        [
          0.963745,
          -0.049609,
          0.262174,
          0.87965
        ],
        [
          0.069654,
          -0.90172,
          -0.426673,
          1.221334
        ],
        [
          0.0,
          0.0,
          0.0,
          1.0
        ]
      ]
    },
    {
      "file_path": "/media/NFS/ttao/scannet/posed_images/scene0061_01/00163.jpg",
      "transform_matrix": [
        [
          0.386556,
          0.407012,
          -0.827596,
          2.916441
        ],
        [
          0.91985,
          -0.105242,
          0.377889,
          0.824148
        ],
        [
          0.066708,
          -0.90734,
          -0.415072,
          1.243961
        ],
        [
          0.0,
          0.0,
          0.0,
          1.0
        ]
      ]
    },
    {
      "file_path": "/media/NFS/ttao/scannet/posed_images/scene0061_01/00168.jpg",
      "transform_matrix": [
        [
          0.456102,
          0.383261,
          -0.80317,
          2.859438
        ],
        [
          0.885605,
          -0.106627,
          0.452034,
          0.746647
        ],
        [
          0.087607,
          -0.917465,
          -0.38805,
          1.236881
        ],
        [
          0.0,
          0.0,
          0.0,
          1.0
        ]
      ]
    },
    {
      "file_path": "/media/NFS/ttao/scannet/posed_images/scene0061_01/00174.jpg",
      "transform_matrix": [
        [
          0.503935,
          0.389797,
          -0.770784,
          2.797074
        ],
        [
          0.858762,
          -0.130422,
          0.495499,
          0.667953
        ],
        [
          0.092616,
          -0.911619,
          -0.400467,
          1.229764
        ],
        [
          0.0,
          0.0,
          0.0,
          1.0
        ]
      ]
    },
    {
      "file_path": "/media/NFS/ttao/scannet/posed_images/scene0061_01/00183.jpg",
      "transform_matrix": [
        [
          0.545124,
          0.409914,
          -0.731307,
          2.728666
        ],
        [
          0.831378,
          -0.152008,
          0.534513,
          0.570067
        ],
        [
          0.10794,
          -0.899369,
          -0.423657,
          1.234611
        ],
        [
          0.0,
          0.0,
          0.0,
          1.0
        ]
      ]
    },
    {
      "file_path": "/media/NFS/ttao/scannet/posed_images/scene0061_01/00185.jpg",
      "transform_matrix": [
        [
          0.550882,
          0.408477,
          -0.727788,
          2.722027
        ],
        [
          0.827577,
          -0.1546,
          0.539644,
          0.555948
        ],
        [
          0.107916,
          -0.899581,
          -0.423212,
          1.229393
        ],
        [
          0.0,
          0.0,
          0.0,
          1.0
        ]
      ]
    },
    {
      "file_path": "/media/NFS/ttao/scannet/posed_images/scene0061_01/00193.jpg",
      "transform_matrix": [
        [
          0.559774,
          0.432987,
          -0.706524,
          2.699193
        ],
        [
          0.821245,
          -0.176182,
          0.542695,
          0.515122
        ],
        [
          0.110503,
          -0.884015,
          -0.45421,
          1.215627
        ],
        [
          0.0,
          0.0,
          0.0,
          1.0
        ]
      ]
    },
    {
      "file_path": "/media/NFS/ttao/scannet/posed_images/scene0061_01/00200.jpg",
      "transform_matrix": [
        [
          0.515416,
          0.464617,
          -0.720054,
          2.703775
        ],
        [
          0.848442,
          -0.158636,
          0.504957,
          0.503598
        ],
        [
          0.120385,
          -0.871187,
          -0.475964,
          1.209578
        ],
        [
          0.0,
          0.0,
          0.0,
          1.0
        ]
      ]
    },
    {
      "file_path": "/media/NFS/ttao/scannet/posed_images/scene0061_01/00204.jpg",
      "transform_matrix": [
        [
          0.507022,
          0.466529,
          -0.724762,
          2.704742
        ],
        [
          0.854663,
          -0.163131,
          0.49289,
          0.501121
        ],
        [
          0.111717,
          -0.869333,
          -0.481436,
          1.211056
        ],
        [
          0.0,
          0.0,
          0.0,
          1.0
        ]
      ]
    },
    {
      "file_path": "/media/NFS/ttao/scannet/posed_images/scene0061_01/00213.jpg",
      "transform_matrix": [
        [
          0.520968,
          0.434712,
          -0.734587,
          2.705822
        ],
        [
          0.851269,
          -0.201368,
          0.484554,
          0.541272
        ],
        [
          0.06272,
          -0.877768,
          -0.474963,
          1.235795
        ],
        [
          0.0,
          0.0,
          0.0,
          1.0
        ]
      ]
    },
    {
      "file_path": "/media/NFS/ttao/scannet/posed_images/scene0061_01/00217.jpg",
      "transform_matrix": [
        [
          0.542399,
          0.42087,
          -0.727099,
          2.708226
        ],
        [
          0.839296,
          -0.233102,
          0.491168,
          0.583827
        ],
        [
          0.037229,
          -0.87666,
          -0.479669,
          1.246844
        ],
        [
          0.0,
          0.0,
          0.0,
          1.0
        ]
      ]
    },
    {
      "file_path": "/media/NFS/ttao/scannet/posed_images/scene0061_01/00228.jpg",
      "transform_matrix": [
        [
          0.575334,
          0.379903,
          -0.724337,
          2.762892
        ],
        [
          0.817858,
          -0.277989,
          0.503816,
          0.718098
        ],
        [
          -0.009957,
          -0.882268,
          -0.470643,
          1.264203
        ],
        [
          0.0,
          0.0,
          0.0,
          1.0
        ]
      ]
    },
    {
      "file_path": "/media/NFS/ttao/scannet/posed_images/scene0061_01/00232.jpg",
      "transform_matrix": [
        [
          0.579777,
          0.37348,
          -0.724135,
          2.796584
        ],
        [
          0.81475,
          -0.272805,
          0.511625,
          0.771484
        ],
        [
          -0.006466,
          -0.886617,
          -0.462458,
          1.263694
        ],
        [
          0.0,
          0.0,
          0.0,
          1.0
        ]
      ]
    },
    {
      "file_path": "/media/NFS/ttao/scannet/posed_images/scene0061_01/00237.jpg",
      "transform_matrix": [
        [
          0.583913,
          0.352108,
          -0.731482,
          2.823701
        ],
        [
          0.811792,
          -0.260186,
          0.522778,
          0.824583
        ],
        [
          -0.006247,
          -0.899068,
          -0.437765,
          1.282875
        ],
        [
          0.0,
          0.0,
          0.0,
          1.0
        ]
      ]
    },
    {
      "file_path": "/media/NFS/ttao/scannet/posed_images/scene0061_01/00245.jpg",
      "transform_matrix": [
        [
          0.547481,
          0.328393,
          -0.76969,
          2.865516
        ],
        [
          0.836411,
          -0.243424,
          0.491081,
          0.877999
        ],
        [
          -0.026093,
          -0.912635,
          -0.407941,
          1.299374
        ],
        [
          0.0,
          0.0,
          0.0,
          1.0
        ]
      ]
    },
    {
      "file_path": "/media/NFS/ttao/scannet/posed_images/scene0061_01/00249.jpg",
      "transform_matrix": [
        [
          0.555868,
          0.327814,
          -0.763904,
          2.884
        ],
        [
          0.831057,
          -0.239982,
          0.50175,
          0.887576
        ],
        [
          -0.018843,
          -0.913754,
          -0.405831,
          1.294568
        ],
        [
          0.0,
          0.0,
          0.0,
          1.0
        ]
      ]
    },
    {
      "file_path": "/media/NFS/ttao/scannet/posed_images/scene0061_01/00254.jpg",
      "transform_matrix": [
        [
          0.599685,
          0.34023,
          -0.724308,
          2.902146
        ],
        [
          0.800175,
          -0.266156,
          0.537477,
          0.882617
        ],
        [
          -0.009913,
          -0.901889,
          -0.431853,
          1.284839
        ],
        [
          0.0,
          0.0,
          0.0,
          1.0
        ]
      ]
    },
    {
      "file_path": "/media/NFS/ttao/scannet/posed_images/scene0061_01/00260.jpg",
      "transform_matrix": [
        [
          0.64948,
          0.350429,
          -0.674815,
          2.919404
        ],
        [
          0.760329,
          -0.309479,
          0.571072,
          0.851723
        ],
        [
          -0.008721,
          -0.883981,
          -0.467441,
          1.272944
        ],
        [
          0.0,
          0.0,
          0.0,
          1.0
        ]
      ]
    },
    {
      "file_path": "/media/NFS/ttao/scannet/posed_images/scene0061_01/00267.jpg",
      "transform_matrix": [
        [
          0.713051,
          0.344493,
          -0.610642,
          2.949324
        ],
        [
          0.701112,
          -0.351021,
          0.620666,
          0.814595
        ],
        [
          -0.000533,
          -0.870695,
          -0.491824,
          1.25209
        ],
        [
          0.0,
          0.0,
          0.0,
          1.0
        ]
      ]
    },
    {
      "file_path": "/media/NFS/ttao/scannet/posed_images/scene0061_01/00277.jpg",
      "transform_matrix": [
        [
          0.784994,
          0.320473,
          -0.530171,
          2.999529
        ],
        [
          0.619334,
          -0.425987,
          0.659515,
          0.797189
        ],
        [
          -0.014489,
          -0.846069,
          -0.532877,
          1.23041
        ],
        [
          0.0,
          0.0,
          0.0,
          1.0
        ]
      ]
    },
    {
      "file_path": "/media/NFS/ttao/scannet/posed_images/scene0061_01/00282.jpg",
      "transform_matrix": [
        [
          0.782321,
          0.314884,
          -0.537422,
          3.049366
        ],
        [
          0.622326,
          -0.431371,
          0.653169,
          0.796832
        ],
        [
          -0.026156,
          -0.845439,
          -0.533431,
          1.218319
        ],
        [
          0.0,
          0.0,
          0.0,
          1.0
        ]
      ]
    },
    {
      "file_path": "/media/NFS/ttao/scannet/posed_images/scene0061_01/00286.jpg",
      "transform_matrix": [
        [
          0.785565,
          0.31273,
          -0.533936,
          3.086926
        ],
        [
          0.618289,
          -0.431041,
          0.657208,
          0.807997
        ],
        [
          -0.02462,
          -0.846406,
          -0.531968,
          1.221111
        ],
        [
          0.0,
          0.0,
          0.0,
          1.0
        ]
      ]
    },
    {
      "file_path": "/media/NFS/ttao/scannet/posed_images/scene0061_01/00293.jpg",
      "transform_matrix": [
        [
          0.811638,
          0.314382,
          -0.49235,
          3.193875
        ],
        [
          0.584157,
          -0.433787,
          0.685995,
          0.851542
        ],
        [
          0.002089,
          -0.844389,
          -0.535726,
          1.226663
        ],
        [
          0.0,
          0.0,
          0.0,
          1.0
        ]
      ]
    },
    {
      "file_path": "/media/NFS/ttao/scannet/posed_images/scene0061_01/00303.jpg",
      "transform_matrix": [
        [
          0.840554,
          0.239571,
          -0.485875,
          3.348085
        ],
        [
          0.541408,
          -0.402301,
          0.738263,
          0.909453
        ],
        [
          -0.018601,
          -0.883606,
          -0.467862,
          1.271332
        ],
        [
          0.0,
          0.0,
          0.0,
          1.0
        ]
      ]
    },
    {
      "file_path": "/media/NFS/ttao/scannet/posed_images/scene0061_01/00307.jpg",
      "transform_matrix": [
        [
          0.82426,
          0.22296,
          -0.520465,
          3.381461
        ],
        [
          0.564612,
          -0.392686,
          0.725956,
          0.922783
        ],
        [
          -0.04252,
          -0.892237,
          -0.449561,
          1.273992
        ],
        [
          0.0,
          0.0,
          0.0,
          1.0
        ]
      ]
    },
    {
      "file_path": "/media/NFS/ttao/scannet/posed_images/scene0061_01/00314.jpg",
      "transform_matrix": [
        [
          0.794449,
          0.183381,
          -0.578984,
          3.428225
        ],
        [
          0.602305,
          -0.360283,
          0.712337,
          0.970618
        ],
        [
          -0.077969,
          -0.914641,
          -0.396678,
          1.287507
        ],
        [
          0.0,
          0.0,
          0.0,
          1.0
        ]
      ]
    },
    {
      "file_path": "/media/NFS/ttao/scannet/posed_images/scene0061_01/00321.jpg",
      "transform_matrix": [
        [
          0.777503,
          0.196926,
          -0.597251,
          3.430444
        ],
        [
          0.628119,
          -0.289853,
          0.722117,
          1.020807
        ],
        [
          -0.030911,
          -0.936593,
          -0.349054,
          1.278262
        ],
        [
          0.0,
          0.0,
          0.0,
          1.0
        ]
      ]
    },
    {
      "file_path": "/media/NFS/ttao/scannet/posed_images/scene0061_01/00325.jpg",
      "transform_matrix": [
        [
          0.78999,
          0.213381,
          -0.574791,
          3.449845
        ],
        [
          0.612999,
          -0.293515,
          0.73354,
          1.073277
        ],
        [
          -0.012187,
          -0.931836,
          -0.362676,
          1.274816
        ],
        [
          0.0,
          0.0,
          0.0,
          1.0
        ]
      ]
    },
    {
      "file_path": "/media/NFS/ttao/scannet/posed_images/scene0061_01/00333.jpg",
      "transform_matrix": [
        [
          0.854646,
          0.186264,
          -0.48465,
          3.481854
        ],
        [
          0.518835,
          -0.341902,
          0.783526,
          1.145108
        ],
        [
          -0.01976,
          -0.921091,
          -0.388846,
          1.297061
        ],
        [
          0.0,
          0.0,
          0.0,
          1.0
        ]
      ]
    },
    {
      "file_path": "/media/NFS/ttao/scannet/posed_images/scene0061_01/00338.jpg",
      "transform_matrix": [
        [
          0.851371,
          0.178274,
          -0.493343,
          3.535012
        ],
        [
          0.523474,
          -0.349371,
          0.77712,
          1.175734
        ],
        [
          -0.03382,
          -0.919869,
          -0.390766,
          1.295408
        ],
        [
          0.0,
          0.0,
          0.0,
          1.0
        ]
      ]
    },
    {
      "file_path": "/media/NFS/ttao/scannet/posed_images/scene0061_01/00342.jpg",
      "transform_matrix": [
        [
          0.836894,
          0.195738,
          -0.511171,
          3.588955
        ],
        [
          0.546811,
          -0.340989,
          0.764673,
          1.191796
        ],
        [
          -0.024628,
          -0.919464,
          -0.392403,
          1.294339
        ],
        [
          0.0,
          0.0,
          0.0,
          1.0
        ]
      ]
    },
    {
      "file_path": "/media/NFS/ttao/scannet/posed_images/scene0061_01/00348.jpg",
      "transform_matrix": [
        [
          0.814807,
          0.222169,
          -0.535472,
          3.691595
        ],
        [
          0.579481,
          -0.339313,
          0.740992,
          1.213866
        ],
        [
          -0.017068,
          -0.914061,
          -0.405217,
          1.284274
        ],
        [
          0.0,
          0.0,
          0.0,
          1.0
        ]
      ]
    },
    {
      "file_path": "/media/NFS/ttao/scannet/posed_images/scene0061_01/00357.jpg",
      "transform_matrix": [
        [
          0.792894,
          0.239137,
          -0.560476,
          3.797288
        ],
        [
          0.608562,
          -0.357816,
          0.708252,
          1.255999
        ],
        [
          -0.031178,
          -0.902653,
          -0.429239,
          1.285369
        ],
        [
          0.0,
          0.0,
          0.0,
          1.0
        ]
      ]
    },
    {
      "file_path": "/media/NFS/ttao/scannet/posed_images/scene0061_01/00363.jpg",
      "transform_matrix": [
        [
          0.756144,
          0.242976,
          -0.607626,
          3.854032
        ],
        [
          0.653107,
          -0.338649,
          0.677324,
          1.305297
        ],
        [
          -0.041199,
          -0.908999,
          -0.414756,
          1.273314
        ],
        [
          0.0,
          0.0,
          0.0,
          1.0
        ]
      ]
    },
    {
      "file_path": "/media/NFS/ttao/scannet/posed_images/scene0061_01/00368.jpg",
      "transform_matrix": [
        [
          0.735715,
          0.265165,
          -0.623227,
          3.860182
        ],
        [
          0.677038,
          -0.313086,
          0.66603,
          1.359781
        ],
        [
          -0.018516,
          -0.911957,
          -0.409869,
          1.261672
        ],
        [
          0.0,
          0.0,
          0.0,
          1.0
        ]
      ]
    },
    {
      "file_path": "/media/NFS/ttao/scannet/posed_images/scene0061_01/00378.jpg",
      "transform_matrix": [
        [
          0.722975,
          0.307553,
          -0.618643,
          3.857666
        ],
        [
          0.690841,
          -0.312962,
          0.651762,
          1.495006
        ],
        [
          0.00684,
          -0.898591,
          -0.438734,
          1.256143
        ],
        [
          0.0,
          0.0,
          0.0,
          1.0
        ]
      ]
    },
    {
      "file_path": "/media/NFS/ttao/scannet/posed_images/scene0061_01/00379.jpg",
      "transform_matrix": [
        [
          0.718586,
          0.308012,
          -0.623508,
          3.85863
        ],
        [
          0.695438,
          -0.318137,
          0.644326,
          1.5078
        ],
        [
          9.9e-05,
          -0.896615,
          -0.442812,
          1.258916
        ],
        [
          0.0,
          0.0,
          0.0,
          1.0
        ]
      ]
    },
    {
      "file_path": "/media/NFS/ttao/scannet/posed_images/scene0061_01/00389.jpg",
      "transform_matrix": [
        [
          0.586424,
          0.364323,
          -0.723447,
          3.856287
        ],
        [
          0.810003,
          -0.2624,
          0.524443,
          1.594761
        ],
        [
          0.001234,
          -0.893541,
          -0.448981,
          1.268335
        ],
        [
          0.0,
          0.0,
          0.0,
          1.0
        ]
      ]
    },
    {
      "file_path": "/media/NFS/ttao/scannet/posed_images/scene0061_01/00392.jpg",
      "transform_matrix": [
        [
          0.543758,
          0.382077,
          -0.747224,
          3.862119
        ],
        [
          0.839241,
          -0.246071,
          0.484896,
          1.636216
        ],
        [
          0.001397,
          -0.890767,
          -0.454458,
          1.270334
        ],
        [
          0.0,
          0.0,
          0.0,
          1.0
        ]
      ]
    },
    {
      "file_path": "/media/NFS/ttao/scannet/posed_images/scene0061_01/00400.jpg",
      "transform_matrix": [
        [
          0.500845,
          0.389215,
          -0.773088,
          3.888492
        ],
        [
          0.86551,
          -0.218123,
          0.450905,
          1.739966
        ],
        [
          0.006871,
          -0.894949,
          -0.446115,
          1.267309
        ],
        [
          0.0,
          0.0,
          0.0,
          1.0
        ]
      ]
    },
    {
      "file_path": "/media/NFS/ttao/scannet/posed_images/scene0061_01/00404.jpg",
      "transform_matrix": [
        [
          0.508817,
          0.386706,
          -0.769132,
          3.894752
        ],
        [
          0.860861,
          -0.223489,
          0.457134,
          1.788545
        ],
        [
          0.004884,
          -0.894713,
          -0.446615,
          1.27478
        ],
        [
          0.0,
          0.0,
          0.0,
          1.0
        ]
      ]
    },
    {
      "file_path": "/media/NFS/ttao/scannet/posed_images/scene0061_01/00409.jpg",
      "transform_matrix": [
        [
          0.527184,
          0.381487,
          -0.759306,
          3.903935
        ],
        [
          0.849716,
          -0.244806,
          0.466961,
          1.838923
        ],
        [
          -0.007744,
          -0.891369,
          -0.453213,
          1.275135
        ],
        [
          0.0,
          0.0,
          0.0,
          1.0
        ]
      ]
    },
    {
      "file_path": "/media/NFS/ttao/scannet/posed_images/scene0061_01/00417.jpg",
      "transform_matrix": [
        [
          0.653103,
          0.362761,
          -0.664727,
          3.885945
        ],
        [
          0.757269,
          -0.311443,
          0.574062,
          1.873929
        ],
        [
          0.001223,
          -0.878298,
          -0.478112,
          1.266542
        ],
        [
          0.0,
          0.0,
          0.0,
          1.0
        ]
      ]
    },
    {
      "file_path": "/media/NFS/ttao/scannet/posed_images/scene0061_01/00422.jpg",
      "transform_matrix": [
        [
          0.702055,
          0.360247,
          -0.614281,
          3.876327
        ],
        [
          0.712065,
          -0.344089,
          0.612018,
          1.873737
        ],
        [
          0.00911,
          -0.867078,
          -0.498089,
          1.260899
        ],
        [
          0.0,
          0.0,
          0.0,
          1.0
        ]
      ]
    },
    {
      "file_path": "/media/NFS/ttao/scannet/posed_images/scene0061_01/00434.jpg",
      "transform_matrix": [
        [
          0.860893,
          0.277902,
          -0.426186,
          3.797325
        ],
        [
          0.507347,
          -0.405922,
          0.760149,
          1.778154
        ],
        [
          0.038249,
          -0.870631,
          -0.490447,
          1.266201
        ],
        [
          0.0,
          0.0,
          0.0,
          1.0
        ]
      ]
    },
    {
      "file_path": "/media/NFS/ttao/scannet/posed_images/scene0061_01/00439.jpg",
      "transform_matrix": [
        [
          0.909096,
          0.209202,
          -0.360248,
          3.740761
        ],
        [
          0.416465,
          -0.435586,
          0.798011,
          1.695784
        ],
        [
          0.010027,
          -0.875499,
          -0.483116,
          1.270767
        ],
        [
          0.0,
          0.0,
          0.0,
          1.0
        ]
      ]
    },
    {
      "file_path": "/media/NFS/ttao/scannet/posed_images/scene0061_01/00445.jpg",
      "transform_matrix": [
        [
          0.936255,
          0.172052,
          -0.306309,
          3.699663
        ],
        [
          0.351145,
          -0.485922,
          0.80036,
          1.621852
        ],
        [
          -0.011139,
          -0.8569,
          -0.515362,
          1.281646
        ],
        [
          0.0,
          0.0,
          0.0,
          1.0
        ]
      ]
    },
    {
      "file_path": "/media/NFS/ttao/scannet/posed_images/scene0061_01/00452.jpg",
      "transform_matrix": [
        [
          0.948161,
          0.134349,
          -0.287996,
          3.655739
        ],
        [
          0.316373,
          -0.484572,
          0.815535,
          1.524679
        ],
        [
          -0.029989,
          -0.864373,
          -0.501956,
          1.285788
        ],
        [
          0.0,
          0.0,
          0.0,
          1.0
        ]
      ]
    },
    {
      "file_path": "/media/NFS/ttao/scannet/posed_images/scene0061_01/00458.jpg",
      "transform_matrix": [
        [
          0.972399,
          0.104854,
          -0.208438,
          3.605909
        ],
        [
          0.233202,
          -0.465735,
          0.853644,
          1.432302
        ],
        [
          -0.007569,
          -0.87869,
          -0.477332,
          1.275339
        ],
        [
          0.0,
          0.0,
          0.0,
          1.0
        ]
      ]
    },
    {
      "file_path": "/media/NFS/ttao/scannet/posed_images/scene0061_01/00464.jpg",
      "transform_matrix": [
        [
          0.987591,
          0.062958,
          -0.143875,
          3.563972
        ],
        [
          0.155993,
          -0.499222,
          0.852317,
          1.374571
        ],
        [
          -0.018166,
          -0.864184,
          -0.502849,
          1.286991
        ],
        [
          0.0,
          0.0,
          0.0,
          1.0
        ]
      ]
    },
    {
      "file_path": "/media/NFS/ttao/scannet/posed_images/scene0061_01/00467.jpg",
      "transform_matrix": [
        [
          0.991318,
          0.059417,
          -0.117293,
          3.535928
        ],
        [
          0.131266,
          -0.498535,
          0.856874,
          1.352015
        ],
        [
          -0.007562,
          -0.864831,
          -0.502006,
          1.293998
        ],
        [
          0.0,
          0.0,
          0.0,
          1.0
        ]
      ]
    },
    {
      "file_path": "/media/NFS/ttao/scannet/posed_images/scene0061_01/00475.jpg",
      "transform_matrix": [
        [
          0.998782,
          0.04617,
          -0.017396,
          3.445419
        ],
        [
          0.037367,
          -0.477642,
          0.87776,
          1.313773
        ],
        [
          0.032218,
          -0.877341,
          -0.478785,
          1.289572
        ],
        [
          0.0,
          0.0,
          0.0,
          1.0
        ]
      ]
    },
    {
      "file_path": "/media/NFS/ttao/scannet/posed_images/scene0061_01/00482.jpg",
      "transform_matrix": [
        [
          0.996843,
          -0.023216,
          0.075935,
          3.36501
        ],
        [
          -0.077765,
          -0.478782,
          0.874483,
          1.312587
        ],
        [
          0.016054,
          -0.877627,
          -0.479076,
          1.302612
        ],
        [
