{
  "frames": [
    {
      "file_path": "/media/NFS/ttao/scannet/posed_images/scene0216_00/00001.jpg",
      "transform_matrix": [
        [
          -0.877056,
          -0.128136,
          0.462984,
          1.564336
        ],
        [
          -0.480317,
          0.250523,
          -0.840556,
          3.553352
        ],
        [
          -0.008283,
          -0.959593,
          -0.281268,
          1.558639
        ],
        [
          0.0,
          0.0,
          0.0,
          1.0
        ]
      ]
    },
    {
      "file_path": "/media/NFS/ttao/scannet/posed_images/scene0216_00/00004.jpg",
      "transform_matrix": [
        [
          -0.884581,
          -0.128056,
          0.448463,
          1.547725
        ],
        [
          -0.466309,
          0.260445,
          -0.845414,
          3.554815
        ],
        [
          -0.00854,
          -0.956959,
          -0.290098,
          1.559048
        ],
        [
          0.0,
          0.0,
          0.0,
          1.0
        ]
      ]
    },
    {
      "file_path": "/media/NFS/ttao/scannet/posed_images/scene0216_00/00007.jpg",
      "transform_matrix": [
        [
          -0.883364,
          -0.121998,
          0.452531,
          1.5411
        ],
        [
          -0.46844,
          0.261227,
          -0.843994,
          3.555713
        ],
        [
          -0.015248,
          -0.957537,
          -0.287907,
          1.556754
        ],
        [
          0.0,
          0.0,
          0.0,
          1.0
        ]
      ]
    },
    {
      "file_path": "/media/NFS/ttao/scannet/posed_images/scene0216_00/00008.jpg",
      "transform_matrix": [
        [
          -0.882954,
          -0.12243,
          0.453214,
          1.537367
        ],
        [
          -0.46922,
          0.260966,
          -0.843641,
          3.558441
        ],
        [
          -0.014987,
          -0.957553,
          -0.287868,
          1.555706
        ],
        [
          0.0,
          0.0,
          0.0,
          1.0
        ]
      ]
    },
    {
      "file_path": "/media/NFS/ttao/scannet/posed_images/scene0216_00/00012.jpg",
      "transform_matrix": [
        [
          -0.887384,
          -0.133688,
          0.441223,
          1.528531
        ],
        [
          -0.460998,
          0.268901,
          -0.84568,
          3.566868
        ],
        [
          -0.005588,
          -0.953845,
          -0.300248,
          1.539647
        ],
        [
          0.0,
          0.0,
          0.0,
          1.0
        ]
      ]
    },
    {
      "file_path": "/media/NFS/ttao/scannet/posed_images/scene0216_00/00016.jpg",
      "transform_matrix": [
        [
          -0.890729,
          -0.145233,
          0.430708,
          1.525182
        ],
        [
          -0.454513,
          0.29377,
          -0.840903,
          3.558073
        ],
        [
          -0.004402,
          -0.944779,
          -0.32768,
          1.536253
        ],
        [
          0.0,
          0.0,
          0.0,
          1.0
        ]
      ]
    },
    {
      "file_path": "/media/NFS/ttao/scannet/posed_images/scene0216_00/00019.jpg",
      "transform_matrix": [
        [
          -0.890645,
          -0.142365,
          0.431837,
          1.519232
        ],
        [
          -0.45463,
          0.295366,
          -0.84028,
          3.556737
        ],
        [
          -0.007924,
          -0.944718,
          -0.32779,
          1.529618
        ],
        [
          0.0,
          0.0,
          0.0,
          1.0
        ]
      ]
    },
    {
      "file_path": "/media/NFS/ttao/scannet/posed_images/scene0216_00/00020.jpg",
      "transform_matrix": [
        [
          -0.890011,
          -0.143509,
          0.432766,
          1.507256
        ],
        [
          -0.455841,
          0.299857,
          -0.83803,
          3.555784
        ],
        [
          -0.009503,
          -0.943128,
          -0.332293,
          1.541526
        ],
        [
          0.0,
          0.0,
          0.0,
          1.0
        ]
      ]
    },
    {
      "file_path": "/media/NFS/ttao/scannet/posed_images/scene0216_00/00022.jpg",
      "transform_matrix": [
        [
          -0.890582,
          -0.140855,
          0.432463,
          1.497706
        ],
        [
          -0.454714,
          0.296626,
          -0.839791,
          3.549867
        ],
        [
          -0.009991,
          -0.944549,
          -0.328219,
          1.543849
        ],
        [
          0.0,
          0.0,
          0.0,
          1.0
        ]
      ]
    },
    {
      "file_path": "/media/NFS/ttao/scannet/posed_images/scene0216_00/00026.jpg",
      "transform_matrix": [
        [
          -0.89959,
          -0.127819,
          0.417612,
          1.486715
        ],
        [
          -0.436665,
          0.280358,
          -0.854823,
          3.545164
        ],
        [
          -0.007818,
          -0.951347,
          -0.308021,
          1.548628
        ],
        [
          0.0,
          0.0,
          0.0,
          1.0
        ]
      ]
    },
    {
      "file_path": "/media/NFS/ttao/scannet/posed_images/scene0216_00/00030.jpg",
      "transform_matrix": [
        [
          -0.923745,
          -0.122522,
          0.362884,
          1.521916
        ],
        [
          -0.382808,
          0.264612,
          -0.885121,
          3.567799
        ],
        [
          0.012423,
          -0.95654,
          -0.291336,
          1.553004
        ],
        [
          0.0,
          0.0,
          0.0,
          1.0
        ]
      ]
    },
    {
      "file_path": "/media/NFS/ttao/scannet/posed_images/scene0216_00/00031.jpg",
      "transform_matrix": [
        [
          -0.928373,
          -0.122731,
          0.350802,
          1.529834
        ],
        [
          -0.371264,
          0.263186,
          -0.890447,
          3.556851
        ],
        [
          0.016959,
          -0.956907,
          -0.2899,
          1.556776
        ],
        [
          0.0,
          0.0,
          0.0,
          1.0
        ]
      ]
    },
    {
      "file_path": "/media/NFS/ttao/scannet/posed_images/scene0216_00/00036.jpg",
      "transform_matrix": [
        [
          -0.946678,
          -0.102947,
          0.305292,
          1.506365
        ],
        [
          -0.321598,
          0.244913,
          -0.914655,
          3.550309
        ],
        [
          0.019391,
          -0.964064,
          -0.264961,
          1.564428
        ],
        [
          0.0,
          0.0,
          0.0,
          1.0
        ]
      ]
    },
    {
      "file_path": "/media/NFS/ttao/scannet/posed_images/scene0216_00/00039.jpg",
      "transform_matrix": [
        [
          -0.952967,
          -0.081345,
          0.291954,
          1.463984
        ],
        [
          -0.302981,
          0.231739,
          -0.924392,
          3.544615
        ],
        [
          0.007537,
          -0.969371,
          -0.245485,
          1.568219
        ],
        [
          0.0,
          0.0,
          0.0,
          1.0
        ]
      ]
    },
    {
      "file_path": "/media/NFS/ttao/scannet/posed_images/scene0216_00/00041.jpg",
      "transform_matrix": [
        [
          -0.958051,
          -0.076951,
          0.276074,
          1.447018
        ],
        [
          -0.28644,
          0.225133,
          -0.931272,
          3.545851
        ],
        [
          0.009509,
          -0.971285,
          -0.23773,
          1.571302
        ],
        [
          0.0,
          0.0,
          0.0,
          1.0
        ]
      ]
    },
    {
      "file_path": "/media/NFS/ttao/scannet/posed_images/scene0216_00/00044.jpg",
      "transform_matrix": [
        [
          -0.966212,
          -0.0691,
          0.248316,
          1.441714
        ],
        [
          -0.257469,
          0.213662,
          -0.942369,
          3.550024
        ],
        [
          0.012062,
          -0.974461,
          -0.224234,
          1.57134
        ],
        [
          0.0,
          0.0,
          0.0,
          1.0
        ]
      ]
    },
    {
      "file_path": "/media/NFS/ttao/scannet/posed_images/scene0216_00/00047.jpg",
      "transform_matrix": [
        [
          -0.976251,
          -0.058384,
          0.20863,
          1.433465
        ],
        [
          -0.216247,
          0.204179,
          -0.954751,
          3.544519
        ],
        [
          0.013144,
          -0.977191,
          -0.211955,
          1.575647
        ],
        [
          0.0,
          0.0,
          0.0,
          1.0
        ]
      ]
    },
    {
      "file_path": "/media/NFS/ttao/scannet/posed_images/scene0216_00/00048.jpg",
      "transform_matrix": [
        [
          -0.978347,
          -0.05474,
          0.199604,
          1.432404
        ],
        [
          -0.206634,
          0.202986,
          -0.957131,
          3.544567
        ],
        [
          0.011877,
          -0.97765,
          -0.209901,
          1.577866
        ],
        [
          0.0,
          0.0,
          0.0,
          1.0
        ]
      ]
    },
    {
      "file_path": "/media/NFS/ttao/scannet/posed_images/scene0216_00/00051.jpg",
      "transform_matrix": [
        [
          -0.982816,
          -0.039423,
          0.180331,
          1.407103
        ],
        [
          -0.184559,
          0.191966,
          -0.963892,
          3.53725
        ],
        [
          0.003382,
          -0.980609,
          -0.195943,
          1.576408
        ],
        [
          0.0,
          0.0,
          0.0,
          1.0
        ]
      ]
    },
    {
      "file_path": "/media/NFS/ttao/scannet/posed_images/scene0216_00/00055.jpg",
      "transform_matrix": [
        [
          -0.988002,
          -0.025665,
          0.152294,
          1.397927
        ],
        [
          -0.154425,
          0.178478,
          -0.97175,
          3.537583
        ],
        [
          -0.002242,
          -0.983609,
          -0.1803,
          1.577802
        ],
        [
          0.0,
          0.0,
          0.0,
          1.0
        ]
      ]
    },
    {
      "file_path": "/media/NFS/ttao/scannet/posed_images/scene0216_00/00057.jpg",
      "transform_matrix": [
        [
          -0.989761,
          -0.023231,
          0.14083,
          1.389638
        ],
        [
          -0.142719,
          0.175442,
          -0.97409,
          3.537179
        ],
        [
          -0.002078,
          -0.984216,
          -0.176962,
          1.580599
        ],
        [
          0.0,
          0.0,
          0.0,
          1.0
        ]
      ]
    },
    {
      "file_path": "/media/NFS/ttao/scannet/posed_images/scene0216_00/00061.jpg",
      "transform_matrix": [
        [
          -0.992648,
          -0.015922,
          0.119983,
          1.397651
        ],
        [
          -0.120983,
          0.15955,
          -0.979748,
          3.526238
        ],
        [
          -0.003544,
          -0.987061,
          -0.160304,
          1.590882
        ],
        [
          0.0,
          0.0,
          0.0,
          1.0
        ]
      ]
    },
    {
      "file_path": "/media/NFS/ttao/scannet/posed_images/scene0216_00/00063.jpg",
      "transform_matrix": [
        [
          -0.992878,
          -0.009982,
          0.118715,
          1.39098
        ],
        [
          -0.118835,
          0.153618,
          -0.980959,
          3.532821
        ],
        [
          -0.008445,
          -0.98808,
          -0.15371,
          1.590967
        ],
        [
          0.0,
          0.0,
          0.0,
          1.0
        ]
      ]
    },
    {
      "file_path": "/media/NFS/ttao/scannet/posed_images/scene0216_00/00066.jpg",
      "transform_matrix": [
        [
          -0.992952,
          -0.002062,
          0.118498,
          1.391143
        ],
        [
          -0.117259,
          0.162323,
          -0.979746,
          3.537702
        ],
        [
          -0.017215,
          -0.986736,
          -0.161421,
          1.584548
        ],
        [
          0.0,
          0.0,
          0.0,
          1.0
        ]
      ]
    },
    {
      "file_path": "/media/NFS/ttao/scannet/posed_images/scene0216_00/00068.jpg",
      "transform_matrix": [
        [
          -0.992859,
          -0.00263,
          0.119268,
          1.387229
        ],
        [
          -0.117958,
          0.171039,
          -0.978178,
          3.543085
        ],
        [
          -0.017827,
          -0.985261,
          -0.170128,
          1.572359
        ],
        [
          0.0,
          0.0,
          0.0,
          1.0
        ]
      ]
    },
    {
      "file_path": "/media/NFS/ttao/scannet/posed_images/scene0216_00/00071.jpg",
      "transform_matrix": [
        [
          -0.993157,
          -0.016415,
          0.115629,
          1.400262
        ],
        [
          -0.116587,
          0.19753,
          -0.97334,
          3.537868
        ],
        [
          -0.006863,
          -0.98016,
          -0.198092,
          1.558201
        ],
        [
          0.0,
          0.0,
          0.0,
          1.0
        ]
      ]
    },
    {
      "file_path": "/media/NFS/ttao/scannet/posed_images/scene0216_00/00076.jpg",
      "transform_matrix": [
        [
          -0.989197,
          -0.03781,
          0.141637,
          1.400905
        ],
        [
          -0.146576,
          0.238787,
          -0.959946,
          3.540526
        ],
        [
          0.002474,
          -0.970336,
          -0.241749,
          1.533813
        ],
        [
          0.0,
          0.0,
          0.0,
          1.0
        ]
      ]
    },
    {
      "file_path": "/media/NFS/ttao/scannet/posed_images/scene0216_00/00077.jpg",
      "transform_matrix": [
        [
          -0.988401,
          -0.042675,
          0.145748,
          1.401294
        ],
        [
          -0.151796,
          0.248272,
          -0.956723,
          3.535606
        ],
        [
          0.004643,
          -0.96775,
          -0.25187,
          1.53402
        ],
        [
          0.0,
          0.0,
          0.0,
          1.0
        ]
      ]
    },
    {
      "file_path": "/media/NFS/ttao/scannet/posed_images/scene0216_00/00080.jpg",
      "transform_matrix": [
        [
          -0.986359,
          -0.055366,
          0.15502,
          1.394665
        ],
        [
          -0.164265,
          0.270114,
          -0.948713,
          3.537759
        ],
        [
          0.010654,
          -0.961235,
          -0.275524,
          1.521449
        ],
        [
          0.0,
          0.0,
          0.0,
          1.0
        ]
      ]
    },
    {
      "file_path": "/media/NFS/ttao/scannet/posed_images/scene0216_00/00084.jpg",
      "transform_matrix": [
        [
          -0.983671,
          -0.067825,
          0.166709,
          1.395745
        ],
        [
          -0.179654,
          0.314515,
          -0.932097,
          3.537662
        ],
        [
          0.010787,
          -0.946826,
          -0.321564,
          1.504381
        ],
        [
          0.0,
          0.0,
          0.0,
          1.0
        ]
      ]
    },
    {
      "file_path": "/media/NFS/ttao/scannet/posed_images/scene0216_00/00086.jpg",
      "transform_matrix": [
        [
          -0.982588,
          -0.078484,
          0.168409,
          1.389184
        ],
        [
          -0.184937,
          0.325904,
          -0.927138,
          3.536377
        ],
        [
          0.01788,
          -0.94214,
          -0.334743,
          1.501226
        ],
        [
          0.0,
          0.0,
          0.0,
          1.0
        ]
      ]
    },
    {
      "file_path": "/media/NFS/ttao/scannet/posed_images/scene0216_00/00088.jpg",
      "transform_matrix": [
        [
          -0.982487,
          -0.084797,
          0.165921,
          1.392581
        ],
        [
          -0.184954,
          0.335628,
          -0.923659,
          3.541496
        ],
        [
          0.022635,
          -0.93817,
          -0.345434,
          1.494314
        ],
        [
          0.0,
          0.0,
          0.0,
          1.0
        ]
      ]
    },
    {
      "file_path": "/media/NFS/ttao/scannet/posed_images/scene0216_00/00092.jpg",
      "transform_matrix": [
        [
          -0.981341,
          -0.08472,
          0.172604,
          1.404835
        ],
        [
          -0.191563,
          0.353624,
          -0.915562,
          3.549658
        ],
        [
          0.016529,
          -0.931543,
          -0.363255,
          1.48853
        ],
        [
          0.0,
          0.0,
          0.0,
          1.0
        ]
      ]
    },
    {
      "file_path": "/media/NFS/ttao/scannet/posed_images/scene0216_00/00094.jpg",
      "transform_matrix": [
        [
          -0.980764,
          -0.086793,
          0.17484,
          1.404604
        ],
        [
          -0.194621,
          0.365982,
          -0.910044,
          3.549354
        ],
        [
          0.014997,
          -0.926566,
          -0.375834,
          1.485643
        ],
        [
          0.0,
          0.0,
          0.0,
          1.0
        ]
      ]
    },
    {
      "file_path": "/media/NFS/ttao/scannet/posed_images/scene0216_00/00097.jpg",
      "transform_matrix": [
        [
          -0.982591,
          -0.091936,
          0.161443,
          1.39908
        ],
        [
          -0.184683,
          0.388854,
          -0.902599,
          3.549049
        ],
        [
          0.020204,
          -0.916701,
          -0.399063,
          1.480037
        ],
        [
          0.0,
          0.0,
          0.0,
          1.0
        ]
      ]
    },
    {
      "file_path": "/media/NFS/ttao/scannet/posed_images/scene0216_00/00101.jpg",
      "transform_matrix": [
        [
          -0.985697,
          -0.09174,
          0.141373,
          1.416067
        ],
        [
          -0.166716,
          0.408042,
          -0.897612,
          3.546504
        ],
        [
          0.024661,
          -0.908342,
          -0.4175,
          1.473545
        ],
        [
          0.0,
          0.0,
          0.0,
          1.0
        ]
      ]
    },
    {
      "file_path": "/media/NFS/ttao/scannet/posed_images/scene0216_00/00102.jpg",
      "transform_matrix": [
        [
          -0.984908,
          -0.093118,
          0.145892,
          1.409162
        ],
        [
          -0.171471,
          0.410433,
          -0.895624,
          3.545051
        ],
        [
          0.02352,
          -0.907124,
          -0.420206,
          1.472593
        ],
        [
          0.0,
          0.0,
          0.0,
          1.0
        ]
      ]
    },
    {
      "file_path": "/media/NFS/ttao/scannet/posed_images/scene0216_00/00105.jpg",
      "transform_matrix": [
        [
          -0.986088,
          -0.094859,
          0.136498,
          1.428758
        ],
        [
          -0.163941,
          0.419405,
          -0.892873,
          3.549264
        ],
        [
          0.027449,
          -0.90283,
          -0.429122,
          1.46368
        ],
        [
          0.0,
          0.0,
          0.0,
          1.0
        ]
      ]
    },
    {
      "file_path": "/media/NFS/ttao/scannet/posed_images/scene0216_00/00109.jpg",
      "transform_matrix": [
        [
          -0.987179,
          -0.093324,
          0.12949,
          1.429329
        ],
        [
          -0.157453,
          0.436296,
          -0.88592,
          3.548898
        ],
        [
          0.026181,
          -0.894951,
          -0.445397,
          1.456885
        ],
        [
          0.0,
          0.0,
          0.0,
          1.0
        ]
      ]
    },
    {
      "file_path": "/media/NFS/ttao/scannet/posed_images/scene0216_00/00113.jpg",
      "transform_matrix": [
        [
          -0.98987,
          -0.086636,
          0.112482,
          1.440069
        ],
        [
          -0.140106,
          0.467809,
          -0.872654,
          3.541338
        ],
        [
          0.022983,
          -0.879573,
          -0.475208,
          1.445966
        ],
        [
          0.0,
          0.0,
          0.0,
          1.0
        ]
      ]
    },
    {
      "file_path": "/media/NFS/ttao/scannet/posed_images/scene0216_00/00115.jpg",
      "transform_matrix": [
        [
          -0.991537,
          -0.076962,
          0.10455,
          1.438572
        ],
        [
          -0.128734,
          0.478817,
          -0.868425,
          3.536712
        ],
        [
          0.016775,
          -0.874535,
          -0.484673,
          1.438651
        ],
        [
          0.0,
          0.0,
          0.0,
          1.0
        ]
      ]
    },
    {
      "file_path": "/media/NFS/ttao/scannet/posed_images/scene0216_00/00117.jpg",
      "transform_matrix": [
        [
          -0.994068,
          -0.065137,
          0.087104,
          1.445272
        ],
        [
          -0.107894,
          0.489359,
          -0.865382,
          3.53143
        ],
        [
          0.013743,
          -0.869646,
          -0.493484,
          1.435779
        ],
        [
          0.0,
          0.0,
          0.0,
          1.0
        ]
      ]
    },
    {
      "file_path": "/media/NFS/ttao/scannet/posed_images/scene0216_00/00121.jpg",
      "transform_matrix": [
        [
          -0.997505,
          -0.051057,
          0.048764,
          1.426469
        ],
        [
          -0.068213,
          0.518756,
          -0.852197,
          3.518021
        ],
        [
          0.018215,
          -0.853396,
          -0.520945,
          1.448797
        ],
        [
          0.0,
          0.0,
          0.0,
          1.0
        ]
      ]
    },
    {
      "file_path": "/media/NFS/ttao/scannet/posed_images/scene0216_00/00123.jpg",
      "transform_matrix": [
        [
          -0.998923,
          -0.038228,
          0.02631,
          1.429449
        ],
        [
          -0.042466,
          0.524335,
          -0.850453,
          3.511816
        ],
        [
          0.018716,
          -0.850654,
          -0.525393,
          1.448096
        ],
        [
          0.0,
          0.0,
          0.0,
          1.0
        ]
      ]
    },
    {
      "file_path": "/media/NFS/ttao/scannet/posed_images/scene0216_00/00125.jpg",
      "transform_matrix": [
        [
          -0.999684,
          -0.024807,
          0.004054,
          1.436872
        ],
        [
          -0.016533,
          0.527437,
          -0.849433,
          3.506826
        ],
        [
          0.018934,
          -0.849232,
          -0.527681,
          1.450134
        ],
        [
          0.0,
          0.0,
          0.0,
          1.0
        ]
      ]
    },
    {
      "file_path": "/media/NFS/ttao/scannet/posed_images/scene0216_00/00130.jpg",
      "transform_matrix": [
        [
          -0.997458,
          0.027277,
          -0.065823,
          1.471413
        ],
        [
          0.070319,
          0.525786,
          -0.847705,
          3.508036
        ],
        [
          0.011486,
          -0.850179,
          -0.526368,
          1.44463
        ],
        [
          0.0,
          0.0,
          0.0,
          1.0
        ]
      ]
    },
    {
      "file_path": "/media/NFS/ttao/scannet/posed_images/scene0216_00/00132.jpg",
      "transform_matrix": [
        [
          -0.995263,
          0.048828,
          -0.084071,
          1.471748
        ],
        [
          0.097188,
          0.522482,
          -0.847093,
          3.510517
        ],
        [
          0.002564,
          -0.851251,
          -0.524753,
          1.440783
        ],
        [
          0.0,
          0.0,
          0.0,
          1.0
        ]
      ]
    },
    {
      "file_path": "/media/NFS/ttao/scannet/posed_images/scene0216_00/00136.jpg",
      "transform_matrix": [
        [
          -0.98671,
          0.084556,
          -0.138756,
          1.476541
        ],
        [
          0.162485,
          0.520153,
          -0.838475,
          3.506669
        ],
        [
          0.001276,
          -0.849877,
          -0.526979,
          1.443946
        ],
        [
          0.0,
          0.0,
          0.0,
          1.0
        ]
      ]
    },
    {
      "file_path": "/media/NFS/ttao/scannet/posed_images/scene0216_00/00139.jpg",
      "transform_matrix": [
        [
          -0.976157,
          0.114166,
          -0.184616,
          1.493292
        ],
        [
          0.217063,
          0.516346,
          -0.828415,
          3.512596
        ],
        [
          0.000749,
          -0.848736,
          -0.528816,
          1.438862
        ],
        [
          0.0,
          0.0,
          0.0,
          1.0
        ]
      ]
    },
    {
      "file_path": "/media/NFS/ttao/scannet/posed_images/scene0216_00/00140.jpg",
      "transform_matrix": [
        [
          -0.971409,
          0.121043,
          -0.204237,
          1.513861
        ],
        [
          0.237346,
          0.51538,
          -0.823438,
          3.510313
        ],
        [
          0.005589,
          -0.84837,
          -0.529374,
          1.438411
        ],
        [
          0.0,
          0.0,
          0.0,
          1.0
        ]
      ]
    },
    {
      "file_path": "/media/NFS/ttao/scannet/posed_images/scene0216_00/00144.jpg",
      "transform_matrix": [
        [
          -0.95986,
          0.143522,
          -0.240978,
          1.491965
        ],
        [
          0.280414,
          0.509611,
          -0.813428,
          3.520365
        ],
        [
          0.00606,
          -0.84835,
          -0.529401,
          1.439295
        ],
        [
          0.0,
          0.0,
          0.0,
          1.0
        ]
      ]
    },
    {
      "file_path": "/media/NFS/ttao/scannet/posed_images/scene0216_00/00145.jpg",
      "transform_matrix": [
        [
          -0.954955,
          0.151216,
          -0.255333,
          1.493379
        ],
        [
          0.296664,
          0.507336,
          -0.809074,
          3.525502
        ],
        [
          0.007195,
          -0.848377,
          -0.529343,
          1.438483
        ],
        [
          0.0,
          0.0,
          0.0,
          1.0
        ]
      ]
    },
    {
      "file_path": "/media/NFS/ttao/scannet/posed_images/scene0216_00/00150.jpg",
      "transform_matrix": [
        [
          -0.924949,
          0.184731,
          -0.332181,
          1.519483
        ],
        [
          0.379318,
          0.504355,
          -0.775721,
          3.533166
        ],
        [
          0.024237,
          -0.843505,
          -0.536575,
          1.42899
        ],
        [
          0.0,
          0.0,
          0.0,
          1.0
        ]
      ]
    },
    {
      "file_path": "/media/NFS/ttao/scannet/posed_images/scene0216_00/00153.jpg",
      "transform_matrix": [
        [
          -0.909825,
          0.202313,
          -0.362337,
          1.524187
        ],
        [
          0.413424,
          0.517714,
          -0.749035,
          3.532975
        ],
        [
          0.036047,
          -0.831289,
          -0.55467,
          1.427533
        ],
        [
          0.0,
          0.0,
          0.0,
          1.0
        ]
      ]
    },
    {
      "file_path": "/media/NFS/ttao/scannet/posed_images/scene0216_00/00156.jpg",
      "transform_matrix": [
        [
          -0.90358,
          0.215375,
          -0.370347,
          1.519365
        ],
        [
          0.426511,
          0.533717,
          -0.730229,
          3.533105
        ],
        [
          0.040387,
          -0.817777,
          -0.574116,
          1.422632
        ],
        [
          0.0,
          0.0,
          0.0,
          1.0
        ]
      ]
    },
    {
      "file_path": "/media/NFS/ttao/scannet/posed_images/scene0216_00/00157.jpg",
      "transform_matrix": [
        [
          -0.902283,
          0.217256,
          -0.372404,
          1.520894
        ],
        [
          0.429062,
          0.537236,
          -0.726143,
          3.529778
        ],
        [
          0.04231,
          -0.814971,
          -0.577955,
          1.42283
        ],
        [
          0.0,
          0.0,
          0.0,
          1.0
        ]
      ]
    },
    {
      "file_path": "/media/NFS/ttao/scannet/posed_images/scene0216_00/00162.jpg",
      "transform_matrix": [
        [
          -0.888,
          0.235875,
          -0.394739,
          1.492422
        ],
        [
          0.456982,
          0.548273,
          -0.700403,
          3.566417
        ],
        [
          0.051218,
          -0.802346,
          -0.594657,
          1.388883
        ],
        [
          0.0,
          0.0,
          0.0,
          1.0
        ]
      ]
    },
    {
      "file_path": "/media/NFS/ttao/scannet/posed_images/scene0216_00/00163.jpg",
      "transform_matrix": [
        [
          -0.88194,
          0.242424,
          -0.404244,
          1.488511
        ],
        [
          0.468053,
          0.551839,
          -0.690217,
          3.565889
        ],
        [
          0.055753,
          -0.797937,
          -0.600156,
          1.385239
        ],
        [
          0.0,
          0.0,
          0.0,
          1.0
        ]
      ]
    },
    {
      "file_path": "/media/NFS/ttao/scannet/posed_images/scene0216_00/00165.jpg",
      "transform_matrix": [
        [
          -0.871452,
          0.256678,
          -0.417956,
          1.472933
        ],
        [
          0.486813,
          0.556644,
          -0.673172,
          3.564787
        ],
        [
          0.059865,
          -0.790104,
          -0.610043,
          1.379443
        ],
        [
          0.0,
          0.0,
          0.0,
          1.0
        ]
      ]
    },
    {
      "file_path": "/media/NFS/ttao/scannet/posed_images/scene0216_00/00168.jpg",
      "transform_matrix": [
        [
          -0.860996,
          0.274642,
          -0.428086,
          1.455064
        ],
        [
          0.50549,
          0.555178,
          -0.660498,
          3.563524
        ],
        [
          0.056264,
          -0.785079,
          -0.616835,
          1.378297
        ],
        [
          0.0,
          0.0,
          0.0,
          1.0
        ]
      ]
    },
    {
      "file_path": "/media/NFS/ttao/scannet/posed_images/scene0216_00/00173.jpg",
      "transform_matrix": [
        [
          -0.85737,
          0.266091,
          -0.440582,
          1.431792
        ],
        [
          0.510341,
          0.550668,
          -0.660542,
          3.576495
        ],
        [
          0.06685,
          -0.791176,
          -0.607924,
          1.388406
        ],
        [
          0.0,
          0.0,
          0.0,
          1.0
        ]
      ]
    },
    {
      "file_path": "/media/NFS/ttao/scannet/posed_images/scene0216_00/00175.jpg",
      "transform_matrix": [
        [
          -0.855912,
          0.266382,
          -0.443232,
          1.427098
        ],
        [
          0.513277,
          0.541944,
          -0.665465,
          3.575165
        ],
        [
          0.062939,
          -0.79708,
          -0.600585,
          1.390828
        ],
        [
          0.0,
          0.0,
          0.0,
          1.0
        ]
      ]
    },
    {
      "file_path": "/media/NFS/ttao/scannet/posed_images/scene0216_00/00179.jpg",
      "transform_matrix": [
        [
          -0.858353,
          0.259786,
          -0.442427,
          1.42326
        ],
        [
          0.510719,
          0.51491,
          -0.688501,
          3.569949
        ],
        [
          0.048947,
          -0.816933,
          -0.574652,
          1.411035
        ],
        [
          0.0,
          0.0,
          0.0,
          1.0
        ]
      ]
    },
    {
      "file_path": "/media/NFS/ttao/scannet/posed_images/scene0216_00/00180.jpg",
      "transform_matrix": [
        [
          -0.853845,
          0.255664,
          -0.453415,
          1.440965
        ],
        [
          0.517758,
          0.506897,
          -0.68919,
          3.565833
        ],
        [
          0.053633,
          -0.82322,
          -0.565183,
          1.414547
        ],
        [
          0.0,
          0.0,
          0.0,
          1.0
        ]
      ]
    },
    {
      "file_path": "/media/NFS/ttao/scannet/posed_images/scene0216_00/00184.jpg",
      "transform_matrix": [
        [
          -0.854322,
          0.227108,
          -0.4675,
          1.43766
        ],
        [
          0.516733,
          0.467842,
          -0.717016,
          3.568551
        ],
        [
          0.055876,
          -0.854134,
          -0.517042,
          1.443559
        ],
        [
          0.0,
          0.0,
          0.0,
          1.0
        ]
      ]
    },
    {
      "file_path": "/media/NFS/ttao/scannet/posed_images/scene0216_00/00187.jpg",
      "transform_matrix": [
        [
          -0.854557,
          0.199135,
          -0.479665,
          1.439246
        ],
        [
          0.516062,
          0.429469,
          -0.741105,
          3.569588
        ],
        [
          0.058422,
          -0.880853,
          -0.469771,
          1.466967
        ],
        [
          0.0,
          0.0,
          0.0,
          1.0
        ]
      ]
    },
    {
      "file_path": "/media/NFS/ttao/scannet/posed_images/scene0216_00/00189.jpg",
      "transform_matrix": [
        [
          -0.853131,
          0.182249,
          -0.488828,
          1.446072
        ],
        [
          0.518254,
          0.40354,
          -0.754035,
          3.573267
        ],
        [
          0.05984,
          -0.896627,
          -0.438724,
          1.48797
        ],
        [
          0.0,
          0.0,
          0.0,
          1.0
        ]
      ]
    },
    {
      "file_path": "/media/NFS/ttao/scannet/posed_images/scene0216_00/00192.jpg",
      "transform_matrix": [
        [
          -0.844686,
          0.158158,
          -0.511363,
          1.464577
        ],
        [
          0.531875,
          0.355314,
          -0.768675,
          3.579225
        ],
        [
          0.060123,
          -0.92127,
          -0.384249,
          1.496501
        ],
        [
          0.0,
          0.0,
          0.0,
          1.0
        ]
      ]
    },
    {
      "file_path": "/media/NFS/ttao/scannet/posed_images/scene0216_00/00196.jpg",
      "transform_matrix": [
        [
          -0.834618,
          0.135282,
          -0.533959,
          1.459664
        ],
        [
          0.546908,
          0.318988,
          -0.774041,
          3.583456
        ],
        [
          0.065613,
          -0.938054,
          -0.340219,
          1.523328
        ],
        [
          0.0,
          0.0,
          0.0,
          1.0
        ]
      ]
    },
    {
      "file_path": "/media/NFS/ttao/scannet/posed_images/scene0216_00/00197.jpg",
      "transform_matrix": [
        [
          -0.831192,
          0.135254,
          -0.539284,
          1.459005
        ],
        [
          0.552109,
          0.315138,
          -0.771922,
          3.582824
        ],
        [
          0.065543,
          -0.939359,
          -0.336615,
          1.529379
        ],
        [
          0.0,
          0.0,
          0.0,
          1.0
        ]
      ]
    },
    {
      "file_path": "/media/NFS/ttao/scannet/posed_images/scene0216_00/00202.jpg",
      "transform_matrix": [
        [
          -0.820125,
          0.121282,
          -0.559183,
          1.460444
        ],
        [
          0.569952,
          0.259407,
          -0.779656,
          3.584142
        ],
        [
          0.050498,
          -0.958123,
          -0.281871,
          1.539473
        ],
        [
          0.0,
          0.0,
          0.0,
          1.0
        ]
      ]
    },
    {
      "file_path": "/media/NFS/ttao/scannet/posed_images/scene0216_00/00203.jpg",
      "transform_matrix": [
        [
          -0.820344,
          0.119938,
          -0.559152,
          1.460553
        ],
        [
          0.569876,
          0.253037,
          -0.781801,
          3.584112
        ],
        [
          0.047718,
          -0.959993,
          -0.275927,
          1.540246
        ],
        [
          0.0,
          0.0,
          0.0,
          1.0
        ]
      ]
    },
    {
      "file_path": "/media/NFS/ttao/scannet/posed_images/scene0216_00/00205.jpg",
      "transform_matrix": [
        [
          -0.823249,
          0.11676,
          -0.555543,
          1.458844
        ],
        [
          0.565979,
          0.244535,
          -0.787319,
          3.583451
        ],
        [
          0.043922,
          -0.962585,
          -0.267396,
          1.546911
        ],
        [
          0.0,
          0.0,
          0.0,
          1.0
        ]
      ]
    },
    {
      "file_path": "/media/NFS/ttao/scannet/posed_images/scene0216_00/00210.jpg",
      "transform_matrix": [
        [
          -0.84304,
          0.108183,
          -0.526859,
          1.470095
        ],
        [
          0.537187,
          0.218001,
          -0.814804,
          3.57782
        ],
        [
          0.026707,
          -0.969934,
          -0.241898,
          1.55418
        ],
        [
          0.0,
          0.0,
          0.0,
          1.0
        ]
      ]
    },
    {
      "file_path": "/media/NFS/ttao/scannet/posed_images/scene0216_00/00213.jpg",
      "transform_matrix": [
        [
          -0.862951,
          0.101635,
          -0.494962,
          1.472786
        ],
        [
          0.505064,
          0.202688,
          -0.838945,
          3.566252
        ],
        [
          0.015056,
          -0.973955,
          -0.226242,
          1.565036
        ],
        [
          0.0,
          0.0,
          0.0,
          1.0
        ]
      ]
    },
    {
      "file_path": "/media/NFS/ttao/scannet/posed_images/scene0216_00/00216.jpg",
      "transform_matrix": [
        [
          -0.882775,
          0.093218,
          -0.460455,
          1.473388
        ],
        [
          0.469638,
          0.200519,
          -0.859786,
          3.557715
        ],
        [
          0.012183,
          -0.975245,
          -0.220792,
          1.561754
        ],
        [
          0.0,
          0.0,
          0.0,
          1.0
        ]
      ]
    },
    {
      "file_path": "/media/NFS/ttao/scannet/posed_images/scene0216_00/00217.jpg",
      "transform_matrix": [
        [
          -0.888571,
          0.088643,
          -0.450093,
          1.476593
        ],
        [
          0.458535,
          0.200831,
          -0.865686,
          3.553115
        ],
        [
          0.013655,
          -0.975607,
          -0.219098,
          1.558351
        ],
        [
          0.0,
          0.0,
          0.0,
          1.0
        ]
      ]
    },
    {
      "file_path": "/media/NFS/ttao/scannet/posed_images/scene0216_00/00220.jpg",
      "transform_matrix": [
        [
          -0.915394,
          0.06922,
          -0.396564,
          1.4538
        ],
        [
          0.402156,
          0.201358,
          -0.893155,
          3.556841
        ],
        [
          0.018027,
