{
  "frames": [
    {
      "file_path": "/media/NFS/ttao/scannet/posed_images/scene0696_02/00000.jpg",
      "transform_matrix": [
        [
          0.594775,
          -0.270659,
          0.756958,
          3.868218
        ],
        [
          -0.803514,
          -0.229013,
          0.54947,
          1.829861
        ],
        [
          0.024634,
          -0.935038,
          -0.35369,
          1.542812
        ],
        [
          0.0,
          0.0,
          0.0,
          1.0
        ]
      ]
    },
    {
      "file_path": "/media/NFS/ttao/scannet/posed_images/scene0696_02/00005.jpg",
      "transform_matrix": [
        [
          0.563923,
          -0.280051,
          0.776893,
          3.890232
        ],
        [
          -0.825275,
          -0.225523,
          0.517746,
          1.817399
        ],
        [
          0.030212,
          -0.933119,
          -0.358296,
          1.544785
        ],
        [
          0.0,
          0.0,
          0.0,
          1.0
        ]
      ]
    },
    {
      "file_path": "/media/NFS/ttao/scannet/posed_images/scene0696_02/00009.jpg",
      "transform_matrix": [
        [
          0.539554,
          -0.286224,
          0.791806,
          3.906883
        ],
        [
          -0.841405,
          -0.217167,
          0.494849,
          1.805344
        ],
        [
          0.030317,
          -0.933228,
          -0.358004,
          1.540112
        ],
        [
          0.0,
          0.0,
          0.0,
          1.0
        ]
      ]
    },
    {
      "file_path": "/media/NFS/ttao/scannet/posed_images/scene0696_02/00016.jpg",
      "transform_matrix": [
        [
          0.488047,
          -0.288987,
          0.823587,
          3.947858
        ],
        [
          -0.872257,
          -0.19528,
          0.448367,
          1.775871
        ],
        [
          0.031258,
          -0.937205,
          -0.347377,
          1.547716
        ],
        [
          0.0,
          0.0,
          0.0,
          1.0
        ]
      ]
    },
    {
      "file_path": "/media/NFS/ttao/scannet/posed_images/scene0696_02/00023.jpg",
      "transform_matrix": [
        [
          0.427734,
          -0.271327,
          0.862221,
          3.985243
        ],
        [
          -0.90342,
          -0.159549,
          0.397964,
          1.757483
        ],
        [
          0.029588,
          -0.949171,
          -0.313367,
          1.574983
        ],
        [
          0.0,
          0.0,
          0.0,
          1.0
        ]
      ]
    },
    {
      "file_path": "/media/NFS/ttao/scannet/posed_images/scene0696_02/00027.jpg",
      "transform_matrix": [
        [
          0.412521,
          -0.247465,
          0.876691,
          3.999274
        ],
        [
          -0.910869,
          -0.124737,
          0.393394,
          1.747109
        ],
        [
          0.012004,
          -0.960834,
          -0.276865,
          1.594043
        ],
        [
          0.0,
          0.0,
          0.0,
          1.0
        ]
      ]
    },
    {
      "file_path": "/media/NFS/ttao/scannet/posed_images/scene0696_02/00031.jpg",
      "transform_matrix": [
        [
          0.407576,
          -0.219559,
          0.886383,
          4.007543
        ],
        [
          -0.913154,
          -0.104008,
          0.394122,
          1.743506
        ],
        [
          0.005658,
          -0.970039,
          -0.242883,
          1.612605
        ],
        [
          0.0,
          0.0,
          0.0,
          1.0
        ]
      ]
    },
    {
      "file_path": "/media/NFS/ttao/scannet/posed_images/scene0696_02/00039.jpg",
      "transform_matrix": [
        [
          0.439089,
          -0.157935,
          0.884453,
          4.008147
        ],
        [
          -0.898391,
          -0.066521,
          0.43413,
          1.744802
        ],
        [
          -0.00973,
          -0.985206,
          -0.171097,
          1.643358
        ],
        [
          0.0,
          0.0,
          0.0,
          1.0
        ]
      ]
    },
    {
      "file_path": "/media/NFS/ttao/scannet/posed_images/scene0696_02/00044.jpg",
      "transform_matrix": [
        [
          0.468044,
          -0.145444,
          0.871654,
          4.008471
        ],
        [
          -0.883293,
          -0.046858,
          0.466475,
          1.743247
        ],
        [
          -0.027002,
          -0.988256,
          -0.150402,
          1.65358
        ],
        [
          0.0,
          0.0,
          0.0,
          1.0
        ]
      ]
    },
    {
      "file_path": "/media/NFS/ttao/scannet/posed_images/scene0696_02/00050.jpg",
      "transform_matrix": [
        [
          0.487673,
          -0.133528,
          0.862754,
          4.021733
        ],
        [
          -0.872234,
          -0.032438,
          0.488011,
          1.737822
        ],
        [
          -0.037177,
          -0.990514,
          -0.132287,
          1.653224
        ],
        [
          0.0,
          0.0,
          0.0,
          1.0
        ]
      ]
    },
    {
      "file_path": "/media/NFS/ttao/scannet/posed_images/scene0696_02/00052.jpg",
      "transform_matrix": [
        [
          0.496419,
          -0.134981,
          0.857524,
          4.02944
        ],
        [
          -0.867438,
          -0.039049,
          0.496011,
          1.732256
        ],
        [
          -0.033467,
          -0.990078,
          -0.136473,
          1.649862
        ],
        [
          0.0,
          0.0,
          0.0,
          1.0
        ]
      ]
    },
    {
      "file_path": "/media/NFS/ttao/scannet/posed_images/scene0696_02/00059.jpg",
      "transform_matrix": [
        [
          0.525343,
          -0.149973,
          0.837569,
          4.053549
        ],
        [
          -0.850847,
          -0.082668,
          0.518869,
          1.738116
        ],
        [
          -0.008576,
          -0.985228,
          -0.171033,
          1.618002
        ],
        [
          0.0,
          0.0,
          0.0,
          1.0
        ]
      ]
    },
    {
      "file_path": "/media/NFS/ttao/scannet/posed_images/scene0696_02/00063.jpg",
      "transform_matrix": [
        [
          0.532317,
          -0.179684,
          0.827256,
          4.070535
        ],
        [
          -0.846519,
          -0.105345,
          0.521831,
          1.739588
        ],
        [
          -0.006617,
          -0.978068,
          -0.208183,
          1.601029
        ],
        [
          0.0,
          0.0,
          0.0,
          1.0
        ]
      ]
    },
    {
      "file_path": "/media/NFS/ttao/scannet/posed_images/scene0696_02/00067.jpg",
      "transform_matrix": [
        [
          0.535085,
          -0.204579,
          0.819653,
          4.090284
        ],
        [
          -0.844793,
          -0.133178,
          0.518256,
          1.743731
        ],
        [
          0.003136,
          -0.969748,
          -0.244089,
          1.57923
        ],
        [
          0.0,
          0.0,
          0.0,
          1.0
        ]
      ]
    },
    {
      "file_path": "/media/NFS/ttao/scannet/posed_images/scene0696_02/00075.jpg",
      "transform_matrix": [
        [
          0.567179,
          -0.292109,
          0.770052,
          4.119421
        ],
        [
          -0.823471,
          -0.184932,
          0.536373,
          1.761041
        ],
        [
          -0.014272,
          -0.938335,
          -0.345433,
          1.547679
        ],
        [
          0.0,
          0.0,
          0.0,
          1.0
        ]
      ]
    },
    {
      "file_path": "/media/NFS/ttao/scannet/posed_images/scene0696_02/00077.jpg",
      "transform_matrix": [
        [
          0.572601,
          -0.302847,
          0.761847,
          4.129308
        ],
        [
          -0.819787,
          -0.201563,
          0.536023,
          1.77044
        ],
        [
          -0.008773,
          -0.93148,
          -0.363686,
          1.54233
        ],
        [
          0.0,
          0.0,
          0.0,
          1.0
        ]
      ]
    },
    {
      "file_path": "/media/NFS/ttao/scannet/posed_images/scene0696_02/00086.jpg",
      "transform_matrix": [
        [
          0.605129,
          -0.364674,
          0.707695,
          4.178567
        ],
        [
          -0.795747,
          -0.249569,
          0.551817,
          1.839777
        ],
        [
          -0.024615,
          -0.897067,
          -0.441209,
          1.521195
        ],
        [
          0.0,
          0.0,
          0.0,
          1.0
        ]
      ]
    },
    {
      "file_path": "/media/NFS/ttao/scannet/posed_images/scene0696_02/00089.jpg",
      "transform_matrix": [
        [
          0.611335,
          -0.339317,
          0.714936,
          4.197251
        ],
        [
          -0.791371,
          -0.260756,
          0.552936,
          1.866997
        ],
        [
          -0.001196,
          -0.903809,
          -0.427935,
          1.513536
        ],
        [
          0.0,
          0.0,
          0.0,
          1.0
        ]
      ]
    },
    {
      "file_path": "/media/NFS/ttao/scannet/posed_images/scene0696_02/00092.jpg",
      "transform_matrix": [
        [
          0.612815,
          -0.341194,
          0.712773,
          4.221813
        ],
        [
          -0.790115,
          -0.27971,
          0.545418,
          1.90415
        ],
        [
          0.013277,
          -0.897413,
          -0.440993,
          1.507602
        ],
        [
          0.0,
          0.0,
          0.0,
          1.0
        ]
      ]
    },
    {
      "file_path": "/media/NFS/ttao/scannet/posed_images/scene0696_02/00100.jpg",
      "transform_matrix": [
        [
          0.619161,
          -0.324252,
          0.715193,
          4.286805
        ],
        [
          -0.783688,
          -0.312842,
          0.536623,
          1.979332
        ],
        [
          0.049741,
          -0.892743,
          -0.447812,
          1.494264
        ],
        [
          0.0,
          0.0,
          0.0,
          1.0
        ]
      ]
    },
    {
      "file_path": "/media/NFS/ttao/scannet/posed_images/scene0696_02/00103.jpg",
      "transform_matrix": [
        [
          0.617442,
          -0.322728,
          0.717364,
          4.315721
        ],
        [
          -0.78431,
          -0.322368,
          0.530035,
          2.011193
        ],
        [
          0.060198,
          -0.889902,
          -0.452162,
          1.501002
        ],
        [
          0.0,
          0.0,
          0.0,
          1.0
        ]
      ]
    },
    {
      "file_path": "/media/NFS/ttao/scannet/posed_images/scene0696_02/00110.jpg",
      "transform_matrix": [
        [
          0.666572,
          -0.266965,
          0.695996,
          4.385474
        ],
        [
          -0.7434,
          -0.307097,
          0.594178,
          2.054587
        ],
        [
          0.055114,
          -0.913467,
          -0.403164,
          1.517454
        ],
        [
          0.0,
          0.0,
          0.0,
          1.0
        ]
      ]
    },
    {
      "file_path": "/media/NFS/ttao/scannet/posed_images/scene0696_02/00117.jpg",
      "transform_matrix": [
        [
          0.745882,
          -0.199766,
          0.635417,
          4.475539
        ],
        [
          -0.663185,
          -0.311558,
          0.680527,
          2.107501
        ],
        [
          0.062023,
          -0.928992,
          -0.364867,
          1.52254
        ],
        [
          0.0,
          0.0,
          0.0,
          1.0
        ]
      ]
    },
    {
      "file_path": "/media/NFS/ttao/scannet/posed_images/scene0696_02/00122.jpg",
      "transform_matrix": [
        [
          0.814426,
          -0.159114,
          0.558026,
          4.543871
        ],
        [
          -0.576692,
          -0.328541,
          0.747989,
          2.135705
        ],
        [
          0.064319,
          -0.930991,
          -0.359332,
          1.531411
        ],
        [
          0.0,
          0.0,
          0.0,
          1.0
        ]
      ]
    },
    {
      "file_path": "/media/NFS/ttao/scannet/posed_images/scene0696_02/00125.jpg",
      "transform_matrix": [
        [
          0.84598,
          -0.138089,
          0.515023,
          4.57927
        ],
        [
          -0.528821,
          -0.341014,
          0.777211,
          2.153605
        ],
        [
          0.068306,
          -0.929861,
          -0.361515,
          1.535354
        ],
        [
          0.0,
          0.0,
          0.0,
          1.0
        ]
      ]
    },
    {
      "file_path": "/media/NFS/ttao/scannet/posed_images/scene0696_02/00130.jpg",
      "transform_matrix": [
        [
          0.883313,
          -0.132046,
          0.449801,
          4.628466
        ],
        [
          -0.467128,
          -0.328483,
          0.820908,
          2.183615
        ],
        [
          0.039354,
          -0.935234,
          -0.351836,
          1.535825
        ],
        [
          0.0,
          0.0,
          0.0,
          1.0
        ]
      ]
    },
    {
      "file_path": "/media/NFS/ttao/scannet/posed_images/scene0696_02/00138.jpg",
      "transform_matrix": [
        [
          0.914443,
          -0.115027,
          0.388025,
          4.677681
        ],
        [
          -0.403891,
          -0.320534,
          0.856814,
          2.249576
        ],
        [
          0.025818,
          -0.940227,
          -0.339568,
          1.545821
        ],
        [
          0.0,
          0.0,
          0.0,
          1.0
        ]
      ]
    },
    {
      "file_path": "/media/NFS/ttao/scannet/posed_images/scene0696_02/00144.jpg",
      "transform_matrix": [
        [
          0.921169,
          -0.075918,
          0.381687,
          4.710879
        ],
        [
          -0.386586,
          -0.291219,
          0.875067,
          2.328455
        ],
        [
          0.044721,
          -0.953639,
          -0.297611,
          1.569103
        ],
        [
          0.0,
          0.0,
          0.0,
          1.0
        ]
      ]
    },
    {
      "file_path": "/media/NFS/ttao/scannet/posed_images/scene0696_02/00146.jpg",
      "transform_matrix": [
        [
          0.918495,
          -0.064555,
          0.390128,
          4.714391
        ],
        [
          -0.391828,
          -0.281491,
          0.875919,
          2.360496
        ],
        [
          0.053272,
          -0.95739,
          -0.283842,
          1.576913
        ],
        [
          0.0,
          0.0,
          0.0,
          1.0
        ]
      ]
    },
    {
      "file_path": "/media/NFS/ttao/scannet/posed_images/scene0696_02/00150.jpg",
      "transform_matrix": [
        [
          0.918803,
          -0.046596,
          0.391957,
          4.724108
        ],
        [
          -0.390642,
          -0.249664,
          0.88604,
          2.413226
        ],
        [
          0.056572,
          -0.967211,
          -0.247594,
          1.594137
        ],
        [
          0.0,
          0.0,
          0.0,
          1.0
        ]
      ]
    },
    {
      "file_path": "/media/NFS/ttao/scannet/posed_images/scene0696_02/00160.jpg",
      "transform_matrix": [
        [
          0.932198,
          -0.027373,
          0.360912,
          4.759692
        ],
        [
          -0.359551,
          -0.184622,
          0.914679,
          2.523949
        ],
        [
          0.041595,
          -0.982428,
          -0.181947,
          1.609763
        ],
        [
          0.0,
          0.0,
          0.0,
          1.0
        ]
      ]
    },
    {
      "file_path": "/media/NFS/ttao/scannet/posed_images/scene0696_02/00164.jpg",
      "transform_matrix": [
        [
          0.932729,
          -0.024381,
          0.359753,
          4.772352
        ],
        [
          -0.357794,
          -0.186324,
          0.915023,
          2.55766
        ],
        [
          0.044722,
          -0.982186,
          -0.182513,
          1.604644
        ],
        [
          0.0,
          0.0,
          0.0,
          1.0
        ]
      ]
    },
    {
      "file_path": "/media/NFS/ttao/scannet/posed_images/scene0696_02/00166.jpg",
      "transform_matrix": [
        [
          0.934737,
          -0.026962,
          0.354315,
          4.777879
        ],
        [
          -0.352944,
          -0.186031,
          0.916964,
          2.575949
        ],
        [
          0.04119,
          -0.982174,
          -0.183407,
          1.600406
        ],
        [
          0.0,
          0.0,
          0.0,
          1.0
        ]
      ]
    },
    {
      "file_path": "/media/NFS/ttao/scannet/posed_images/scene0696_02/00174.jpg",
      "transform_matrix": [
        [
          0.972401,
          -0.007805,
          0.233182,
          4.813111
        ],
        [
          -0.229654,
          -0.208323,
          0.950716,
          2.675139
        ],
        [
          0.041157,
          -0.978029,
          -0.204366,
          1.605884
        ],
        [
          0.0,
          0.0,
          0.0,
          1.0
        ]
      ]
    },
    {
      "file_path": "/media/NFS/ttao/scannet/posed_images/scene0696_02/00177.jpg",
      "transform_matrix": [
        [
          0.981302,
          0.012109,
          0.192091,
          4.838531
        ],
        [
          -0.183932,
          -0.234988,
          0.954437,
          2.712072
        ],
        [
          0.056697,
          -0.971923,
          -0.228367,
          1.601514
        ],
        [
          0.0,
          0.0,
          0.0,
          1.0
        ]
      ]
    },
    {
      "file_path": "/media/NFS/ttao/scannet/posed_images/scene0696_02/00185.jpg",
      "transform_matrix": [
        [
          0.998638,
          0.039109,
          0.034525,
          4.903059
        ],
        [
          -0.024167,
          -0.239692,
          0.970548,
          2.801979
        ],
        [
          0.046232,
          -0.970061,
          -0.238421,
          1.59278
        ],
        [
          0.0,
          0.0,
          0.0,
          1.0
        ]
      ]
    },
    {
      "file_path": "/media/NFS/ttao/scannet/posed_images/scene0696_02/00191.jpg",
      "transform_matrix": [
        [
          0.998288,
          0.047195,
          -0.034545,
          4.961055
        ],
        [
          0.045291,
          -0.250102,
          0.96716,
          2.881514
        ],
        [
          0.037006,
          -0.967069,
          -0.251811,
          1.602349
        ],
        [
          0.0,
          0.0,
          0.0,
          1.0
        ]
      ]
    },
    {
      "file_path": "/media/NFS/ttao/scannet/posed_images/scene0696_02/00192.jpg",
      "transform_matrix": [
        [
          0.998146,
          0.047665,
          -0.037843,
          4.962497
        ],
        [
          0.048682,
          -0.252119,
          0.966471,
          2.892021
        ],
        [
          0.036526,
          -0.966522,
          -0.253972,
          1.601125
        ],
        [
          0.0,
          0.0,
          0.0,
          1.0
        ]
      ]
    },
    {
      "file_path": "/media/NFS/ttao/scannet/posed_images/scene0696_02/00197.jpg",
      "transform_matrix": [
        [
          0.996258,
          0.051326,
          -0.069537,
          4.968468
        ],
        [
          0.080185,
          -0.24869,
          0.965258,
          2.950554
        ],
        [
          0.03225,
          -0.967223,
          -0.251875,
          1.603035
        ],
        [
          0.0,
          0.0,
          0.0,
          1.0
        ]
      ]
    },
    {
      "file_path": "/media/NFS/ttao/scannet/posed_images/scene0696_02/00207.jpg",
      "transform_matrix": [
        [
          0.980364,
          0.09074,
          -0.175079,
          4.982071
        ],
        [
          0.18745,
          -0.153142,
          0.970263,
          3.078149
        ],
        [
          0.06123,
          -0.984029,
          -0.167145,
          1.616584
        ],
        [
          0.0,
          0.0,
          0.0,
          1.0
        ]
      ]
    },
    {
      "file_path": "/media/NFS/ttao/scannet/posed_images/scene0696_02/00211.jpg",
      "transform_matrix": [
        [
          0.966713,
          0.11133,
          -0.230373,
          4.966193
        ],
        [
          0.243131,
          -0.119214,
          0.96264,
          3.132718
        ],
        [
          0.079707,
          -0.986607,
          -0.142313,
          1.646553
        ],
        [
          0.0,
          0.0,
          0.0,
          1.0
        ]
      ]
    },
    {
      "file_path": "/media/NFS/ttao/scannet/posed_images/scene0696_02/00213.jpg",
      "transform_matrix": [
        [
          0.961393,
          0.108714,
          -0.252794,
          4.965915
        ],
        [
          0.26359,
          -0.100024,
          0.959435,
          3.15607
        ],
        [
          0.079019,
          -0.989028,
          -0.124818,
          1.653056
        ],
        [
          0.0,
          0.0,
          0.0,
          1.0
        ]
      ]
    },
    {
      "file_path": "/media/NFS/ttao/scannet/posed_images/scene0696_02/00222.jpg",
      "transform_matrix": [
        [
          0.921946,
          0.109297,
          -0.371577,
          4.994236
        ],
        [
          0.374461,
          -0.006398,
          0.927221,
          3.251616
        ],
        [
          0.098965,
          -0.993989,
          -0.046826,
          1.66609
        ],
        [
          0.0,
          0.0,
          0.0,
          1.0
        ]
      ]
    },
    {
      "file_path": "/media/NFS/ttao/scannet/posed_images/scene0696_02/00227.jpg",
      "transform_matrix": [
        [
          0.891076,
          0.099824,
          -0.44274,
          5.007509
        ],
        [
          0.442726,
          0.023518,
          0.896349,
          3.293777
        ],
        [
          0.09989,
          -0.994727,
          -0.023239,
          1.669652
        ],
        [
          0.0,
          0.0,
          0.0,
          1.0
        ]
      ]
    },
    {
      "file_path": "/media/NFS/ttao/scannet/posed_images/scene0696_02/00232.jpg",
      "transform_matrix": [
        [
          0.843237,
          0.088364,
          -0.530228,
          5.04838
        ],
        [
          0.528081,
          0.048066,
          0.847833,
          3.36424
        ],
        [
          0.100404,
          -0.994928,
          -0.006132,
          1.682556
        ],
        [
          0.0,
          0.0,
          0.0,
          1.0
        ]
      ]
    },
    {
      "file_path": "/media/NFS/ttao/scannet/posed_images/scene0696_02/00233.jpg",
      "transform_matrix": [
        [
          0.833828,
          0.092636,
          -0.544196,
          5.052116
        ],
        [
          0.542732,
          0.042548,
          0.838827,
          3.374484
        ],
        [
          0.10086,
          -0.994791,
          -0.014799,
          1.685712
        ],
        [
          0.0,
          0.0,
          0.0,
          1.0
        ]
      ]
    },
    {
      "file_path": "/media/NFS/ttao/scannet/posed_images/scene0696_02/00239.jpg",
      "transform_matrix": [
        [
          0.766562,
          0.121105,
          -0.630647,
          5.069604
        ],
        [
          0.633602,
          0.017251,
          0.773467,
          3.426769
        ],
        [
          0.10455,
          -0.99249,
          -0.063508,
          1.667428
        ],
        [
          0.0,
          0.0,
          0.0,
          1.0
        ]
      ]
    },
    {
      "file_path": "/media/NFS/ttao/scannet/posed_images/scene0696_02/00247.jpg",
      "transform_matrix": [
        [
          0.693334,
          0.165225,
          -0.70142,
          5.115574
        ],
        [
          0.712931,
          -0.015495,
          0.701063,
          3.509984
        ],
        [
          0.104965,
          -0.986134,
          -0.128537,
          1.640309
        ],
        [
          0.0,
          0.0,
          0.0,
          1.0
        ]
      ]
    },
    {
      "file_path": "/media/NFS/ttao/scannet/posed_images/scene0696_02/00249.jpg",
      "transform_matrix": [
        [
          0.680907,
          0.17,
          -0.712366,
          5.115775
        ],
        [
          0.726413,
          -0.032971,
          0.686467,
          3.520331
        ],
        [
          0.093212,
          -0.984892,
          -0.145941,
          1.632032
        ],
        [
          0.0,
          0.0,
          0.0,
          1.0
        ]
      ]
    },
    {
      "file_path": "/media/NFS/ttao/scannet/posed_images/scene0696_02/00255.jpg",
      "transform_matrix": [
        [
          0.64068,
          0.185513,
          -0.745059,
          5.129136
        ],
        [
          0.764948,
          -0.070549,
          0.640217,
          3.591302
        ],
        [
          0.066205,
          -0.980106,
          -0.187107,
          1.614011
        ],
        [
          0.0,
          0.0,
          0.0,
          1.0
        ]
      ]
    },
    {
      "file_path": "/media/NFS/ttao/scannet/posed_images/scene0696_02/00260.jpg",
      "transform_matrix": [
        [
          0.60548,
          0.227549,
          -0.762637,
          5.127726
        ],
        [
          0.79322,
          -0.094545,
          0.601551,
          3.656558
        ],
        [
          0.064779,
          -0.969166,
          -0.237742,
          1.586284
        ],
        [
          0.0,
          0.0,
          0.0,
          1.0
        ]
      ]
    },
    {
      "file_path": "/media/NFS/ttao/scannet/posed_images/scene0696_02/00268.jpg",
      "transform_matrix": [
        [
          0.49652,
          0.299553,
          -0.8147,
          5.119057
        ],
        [
          0.865015,
          -0.092657,
          0.493116,
          3.72029
        ],
        [
          0.072227,
          -0.94957,
          -0.305124,
          1.55078
        ],
        [
          0.0,
          0.0,
          0.0,
          1.0
        ]
      ]
    },
    {
      "file_path": "/media/NFS/ttao/scannet/posed_images/scene0696_02/00274.jpg",
      "transform_matrix": [
        [
          0.399619,
          0.325009,
          -0.857131,
          5.147444
        ],
        [
          0.91422,
          -0.07283,
          0.39862,
          3.801144
        ],
        [
          0.06713,
          -0.942903,
          -0.326234,
          1.535301
        ],
        [
          0.0,
          0.0,
          0.0,
          1.0
        ]
      ]
    },
    {
      "file_path": "/media/NFS/ttao/scannet/posed_images/scene0696_02/00279.jpg",
      "transform_matrix": [
        [
          0.360936,
          0.336766,
          -0.869663,
          5.175391
        ],
        [
          0.931624,
          -0.087744,
          0.352673,
          3.836336
        ],
        [
          0.042461,
          -0.937491,
          -0.34541,
          1.514843
        ],
        [
          0.0,
          0.0,
          0.0,
          1.0
        ]
      ]
    },
    {
      "file_path": "/media/NFS/ttao/scannet/posed_images/scene0696_02/00282.jpg",
      "transform_matrix": [
        [
          0.332211,
          0.339999,
          -0.879793,
          5.18871
        ],
        [
          0.942566,
          -0.085342,
          0.322933,
          3.844986
        ],
        [
          0.034714,
          -0.936545,
          -0.348824,
          1.503423
        ],
        [
          0.0,
          0.0,
          0.0,
          1.0
        ]
      ]
    },
    {
      "file_path": "/media/NFS/ttao/scannet/posed_images/scene0696_02/00290.jpg",
      "transform_matrix": [
        [
          0.270431,
          0.365084,
          -0.890831,
          5.290978
        ],
        [
          0.962536,
          -0.08352,
          0.25797,
          3.933663
        ],
        [
          0.019778,
          -0.927221,
          -0.373993,
          1.464507
        ],
        [
          0.0,
          0.0,
          0.0,
          1.0
        ]
      ]
    },
    {
      "file_path": "/media/NFS/ttao/scannet/posed_images/scene0696_02/00291.jpg",
      "transform_matrix": [
        [
          0.262177,
          0.366255,
          -0.892816,
          5.298864
        ],
        [
          0.964793,
          -0.079398,
          0.250742,
          3.938427
        ],
        [
          0.020948,
          -0.927121,
          -0.374176,
          1.460217
        ],
        [
          0.0,
          0.0,
          0.0,
          1.0
        ]
      ]
    },
    {
      "file_path": "/media/NFS/ttao/scannet/posed_images/scene0696_02/00300.jpg",
      "transform_matrix": [
        [
          0.153274,
          0.389598,
          -0.908141,
          5.391446
        ],
        [
          0.987751,
          -0.033213,
          0.152462,
          4.014512
        ],
        [
          0.029237,
          -0.920386,
          -0.389917,
          1.405486
        ],
        [
          0.0,
          0.0,
          0.0,
          1.0
        ]
      ]
    },
    {
      "file_path": "/media/NFS/ttao/scannet/posed_images/scene0696_02/00304.jpg",
      "transform_matrix": [
        [
          0.12068,
          0.384016,
          -0.915406,
          5.408712
        ],
        [
          0.992597,
          -0.033981,
          0.116601,
          4.050452
        ],
        [
          0.013671,
          -0.922701,
          -0.385274,
          1.363747
        ],
        [
          0.0,
          0.0,
          0.0,
          1.0
        ]
      ]
    },
    {
      "file_path": "/media/NFS/ttao/scannet/posed_images/scene0696_02/00308.jpg",
      "transform_matrix": [
        [
          0.110874,
          0.382762,
          -0.917169,
          5.414421
        ],
        [
          0.993818,
          -0.048041,
          0.100091,
          4.081649
        ],
        [
          -0.005751,
          -0.922597,
          -0.385723,
          1.300007
        ],
        [
          0.0,
          0.0,
          0.0,
          1.0
        ]
      ]
    },
    {
      "file_path": "/media/NFS/ttao/scannet/posed_images/scene0696_02/00315.jpg",
      "transform_matrix": [
        [
          0.109929,
          0.334657,
          -0.935906,
          5.422345
        ],
        [
          0.993881,
          -0.047166,
          0.099874,
          4.117529
        ],
        [
          -0.010719,
          -0.941159,
          -0.337794,
          1.17587
        ],
        [
          0.0,
          0.0,
          0.0,
          1.0
        ]
      ]
    },
    {
      "file_path": "/media/NFS/ttao/scannet/posed_images/scene0696_02/00319.jpg",
      "transform_matrix": [
        [
          0.099179,
          0.319068,
          -0.942528,
          5.426766
        ],
        [
          0.994951,
          -0.046432,
          0.088977,
          4.131145
        ],
        [
          -0.015374,
          -0.946594,
          -0.322062,
          1.105344
        ],
        [
          0.0,
          0.0,
          0.0,
          1.0
        ]
      ]
    },
    {
      "file_path": "/media/NFS/ttao/scannet/posed_images/scene0696_02/00322.jpg",
      "transform_matrix": [
        [
          0.089363,
          0.30396,
          -0.948485,
          5.436814
        ],
        [
          0.995658,
          -0.052207,
          0.077077,
          4.14089
        ],
        [
          -0.02609,
          -0.951254,
          -0.307305,
          1.045288
        ],
        [
          0.0,
          0.0,
          0.0,
          1.0
        ]
      ]
    },
    {
      "file_path": "/media/NFS/ttao/scannet/posed_images/scene0696_02/00329.jpg",
      "transform_matrix": [
        [
          0.047022,
          0.314904,
          -0.947958,
          5.452067
        ],
        [
          0.998828,
          -0.025756,
          0.040989,
          4.15617
        ],
        [
          -0.011508,
          -0.948774,
          -0.315746,
          0.931809
        ],
        [
          0.0,
          0.0,
          0.0,
          1.0
        ]
      ]
    },
    {
      "file_path": "/media/NFS/ttao/scannet/posed_images/scene0696_02/00335.jpg",
      "transform_matrix": [
        [
          0.05873,
          0.300888,
          -0.951849,
          5.457161
        ],
        [
          0.998016,
          -0.039391,
          0.049127,
          4.169236
        ],
        [
          -0.022713,
          -0.952846,
          -0.302605,
          0.860345
        ],
        [
          0.0,
          0.0,
          0.0,
          1.0
        ]
      ]
    },
    {
      "file_path": "/media/NFS/ttao/scannet/posed_images/scene0696_02/00340.jpg",
      "transform_matrix": [
        [
          0.083342,
          0.303612,
          -0.949144,
          5.455642
        ],
        [
          0.996257,
          -0.047311,
          0.072345,
          4.177807
        ],
        [
          -0.02294,
          -0.951621,
          -0.306419,
          0.830455
        ],
        [
          0.0,
          0.0,
          0.0,
          1.0
        ]
      ]
    },
    {
      "file_path": "/media/NFS/ttao/scannet/posed_images/scene0696_02/00346.jpg",
      "transform_matrix": [
        [
          0.117377,
          0.302041,
          -0.946041,
          5.448318
        ],
        [
          0.992899,
          -0.054265,
          0.105866,
          4.183054
        ],
        [
          -0.019362,
          -0.951749,
          -0.306266,
          0.859364
        ],
        [
          0.0,
          0.0,
          0.0,
          1.0
        ]
      ]
    },
    {
      "file_path": "/media/NFS/ttao/scannet/posed_images/scene0696_02/00352.jpg",
      "transform_matrix": [
        [
          0.142977,
          0.295915,
          -0.944453,
          5.433875
        ],
        [
          0.989498,
          -0.063211,
          0.129991,
          4.184076
        ],
        [
          -0.021234,
          -0.953121,
          -0.301845,
          0.954312
        ],
        [
          0.0,
          0.0,
          0.0,
          1.0
        ]
      ]
    },
    {
      "file_path": "/media/NFS/ttao/scannet/posed_images/scene0696_02/00354.jpg",
      "transform_matrix": [
        [
          0.151172,
          0.296217,
          -0.943081,
          5.424454
        ],
        [
          0.988255,
          -0.066856,
          0.137414,
          4.182505
        ],
        [
          -0.022346,
          -0.952778,
          -0.302845,
          0.988603
        ],
        [
          0.0,
          0.0,
          0.0,
          1.0
        ]
      ]
    },
    {
      "file_path": "/media/NFS/ttao/scannet/posed_images/scene0696_02/00360.jpg",
      "transform_matrix": [
        [
          0.15466,
          0.291976,
          -0.943838,
          5.392555
        ],
        [
          0.987938,
          -0.053113,
          0.145456,
          4.166887
        ],
        [
          -0.00766,
          -0.95495,
          -0.296669,
          1.1098
        ],
        [
          0.0,
          0.0,
          0.0,
          1.0
        ]
      ]
    },
    {
      "file_path": "/media/NFS/ttao/scannet/posed_images/scene0696_02/00366.jpg",
      "transform_matrix": [
        [
          0.135646,
          0.302665,
          -0.943395,
          5.360435
        ],
        [
          0.990746,
          -0.045897,
          0.127729,
          4.140617
        ],
        [
          -0.00464,
          -0.951992,
          -0.30609,
          1.224286
        ],
        [
          0.0,
          0.0,
          0.0,
          1.0
        ]
      ]
    },
    {
      "file_path": "/media/NFS/ttao/scannet/posed_images/scene0696_02/00371.jpg",
      "transform_matrix": [
        [
          0.107039,
          0.366432,
          -0.924267,
          5.323464
        ],
        [
          0.994248,
          -0.036109,
          0.100828,
          4.118471
        ],
        [
          0.003573,
          -0.929744,
          -0.36819,
          1.290702
        ],
        [
          0.0,
          0.0,
          0.0,
          1.0
        ]
      ]
    },
    {
      "file_path": "/media/NFS/ttao/scannet/posed_images/scene0696_02/00377.jpg",
      "transform_matrix": [
        [
          0.064469,
          0.380228,
          -0.922643,
          5.272325
        ],
        [
          0.997445,
          0.003958,
          0.071327,
          4.087563
        ],
        [
          0.030773,
          -0.924884,
          -0.379001,
          1.348643
        ],
        [
          0.0,
          0.0,
          0.0,
          1.0
        ]
      ]
    },
    {
      "file_path": "/media/NFS/ttao/scannet/posed_images/scene0696_02/00380.jpg",
      "transform_matrix": [
        [
          0.045138,
          0.385736,
          -0.921504,
          5.244298
        ],
        [
          0.997679,
          0.029662,
          0.061286,
          4.082685
        ],
        [
          0.050974,
          -0.922132,
          -0.383502,
          1.379888
        ],
        [
          0.0,
          0.0,
          0.0,
          1.0
        ]
      ]
    },
    {
      "file_path": "/media/NFS/ttao/scannet/posed_images/scene0696_02/00388.jpg",
      "transform_matrix": [
        [
          -0.055518,
          0.343936,
          -0.93735,
          5.174466
        ],
        [
          0.9957,
          0.088803,
          -0.02639,
          4.064238
        ],
        [
          0.074163,
          -0.934785,
          -0.347387,
          1.447095
        ],
        [
          0.0,
          0.0,
          0.0,
          1.0
        ]
      ]
    },
    {
      "file_path": "/media/NFS/ttao/scannet/posed_images/scene0696_02/00391.jpg",
      "transform_matrix": [
        [
          -0.093199,
          0.334334,
          -0.937835,
          5.142746
        ],
        [
          0.992796,
          0.102445,
          -0.06214,
          4.066092
        ],
        [
          0.075301,
          -0.93687,
          -0.341473,
          1.468436
        ],
        [
          0.0,
          0.0,
          0.0,
          1.0
        ]
      ]
    },
    {
      "file_path": "/media/NFS/ttao/scannet/posed_images/scene0696_02/00398.jpg",
      "transform_matrix": [
        [
          -0.185594,
          0.316754,
          -0.930173,
          5.078224
        ],
        [
          0.9783,
          0.148299,
          -0.144696,
          4.102711
        ],
        [
          0.092111,
          -0.936843,
          -0.337404,
          1.514494
        ],
        [
          0.0,
          0.0,
          0.0,
          1.0
        ]
      ]
    },
    {
      "file_path": "/media/NFS/ttao/scannet/posed_images/scene0696_02/00402.jpg",
      "transform_matrix": [
        [
          -0.234522,
          0.290766,
          -0.927607,
          5.034978
        ],
        [
          0.96831,
          0.154166,
          -0.196488,
          4.135149
        ],
        [
          0.085873,
          -0.944292,
          -0.317707,
          1.519841
        ],
        [
