{
  "frames": [
    {
      "file_path": "/media/NFS/ttao/scannet/posed_images/scene0406_01/00001.jpg",
      "transform_matrix": [
        [
          -0.958531,
          0.155093,
          -0.239093,
          1.63701
        ],
        [
          0.284892,
          0.543442,
          -0.789625,
          1.324762
        ],
        [
          0.007468,
          -0.824995,
          -0.565091,
          1.284337
        ],
        [
          0.0,
          0.0,
          0.0,
          1.0
        ]
      ]
    },
    {
      "file_path": "/media/NFS/ttao/scannet/posed_images/scene0406_01/00006.jpg",
      "transform_matrix": [
        [
          -0.956683,
          0.158018,
          -0.244517,
          1.634956
        ],
        [
          0.290956,
          0.548191,
          -0.784112,
          1.322586
        ],
        [
          0.010138,
          -0.82129,
          -0.570422,
          1.281396
        ],
        [
          0.0,
          0.0,
          0.0,
          1.0
        ]
      ]
    },
    {
      "file_path": "/media/NFS/ttao/scannet/posed_images/scene0406_01/00007.jpg",
      "transform_matrix": [
        [
          -0.95644,
          0.159414,
          -0.244559,
          1.634603
        ],
        [
          0.291783,
          0.548473,
          -0.783608,
          1.322201
        ],
        [
          0.009216,
          -0.820832,
          -0.571096,
          1.280847
        ],
        [
          0.0,
          0.0,
          0.0,
          1.0
        ]
      ]
    },
    {
      "file_path": "/media/NFS/ttao/scannet/posed_images/scene0406_01/00011.jpg",
      "transform_matrix": [
        [
          -0.954175,
          0.175214,
          -0.24259,
          1.628734
        ],
        [
          0.299249,
          0.559206,
          -0.773136,
          1.314063
        ],
        [
          0.000193,
          -0.810302,
          -0.586013,
          1.285323
        ],
        [
          0.0,
          0.0,
          0.0,
          1.0
        ]
      ]
    },
    {
      "file_path": "/media/NFS/ttao/scannet/posed_images/scene0406_01/00016.jpg",
      "transform_matrix": [
        [
          -0.9486,
          0.205862,
          -0.240374,
          1.628262
        ],
        [
          0.316134,
          0.580921,
          -0.75006,
          1.312643
        ],
        [
          -0.014771,
          -0.787497,
          -0.616141,
          1.265567
        ],
        [
          0.0,
          0.0,
          0.0,
          1.0
        ]
      ]
    },
    {
      "file_path": "/media/NFS/ttao/scannet/posed_images/scene0406_01/00022.jpg",
      "transform_matrix": [
        [
          -0.936616,
          0.239431,
          -0.255779,
          1.638909
        ],
        [
          0.349657,
          0.592662,
          -0.725598,
          1.317761
        ],
        [
          -0.02214,
          -0.769041,
          -0.638816,
          1.24495
        ],
        [
          0.0,
          0.0,
          0.0,
          1.0
        ]
      ]
    },
    {
      "file_path": "/media/NFS/ttao/scannet/posed_images/scene0406_01/00023.jpg",
      "transform_matrix": [
        [
          -0.934347,
          0.238956,
          -0.26438,
          1.641781
        ],
        [
          0.35593,
          0.589079,
          -0.725465,
          1.319274
        ],
        [
          -0.017613,
          -0.771937,
          -0.635455,
          1.240605
        ],
        [
          0.0,
          0.0,
          0.0,
          1.0
        ]
      ]
    },
    {
      "file_path": "/media/NFS/ttao/scannet/posed_images/scene0406_01/00029.jpg",
      "transform_matrix": [
        [
          -0.910194,
          0.269989,
          -0.314092,
          1.667053
        ],
        [
          0.414089,
          0.577064,
          -0.703937,
          1.323167
        ],
        [
          -0.008804,
          -0.770781,
          -0.63704,
          1.21619
        ],
        [
          0.0,
          0.0,
          0.0,
          1.0
        ]
      ]
    },
    {
      "file_path": "/media/NFS/ttao/scannet/posed_images/scene0406_01/00034.jpg",
      "transform_matrix": [
        [
          -0.874182,
          0.323052,
          -0.362553,
          1.686395
        ],
        [
          0.485594,
          0.584981,
          -0.649612,
          1.317703
        ],
        [
          0.002228,
          -0.743932,
          -0.668251,
          1.196888
        ],
        [
          0.0,
          0.0,
          0.0,
          1.0
        ]
      ]
    },
    {
      "file_path": "/media/NFS/ttao/scannet/posed_images/scene0406_01/00036.jpg",
      "transform_matrix": [
        [
          -0.865875,
          0.348584,
          -0.358819,
          1.695524
        ],
        [
          0.499872,
          0.574584,
          -0.648059,
          1.318966
        ],
        [
          -0.019731,
          -0.740501,
          -0.671765,
          1.190143
        ],
        [
          0.0,
          0.0,
          0.0,
          1.0
        ]
      ]
    },
    {
      "file_path": "/media/NFS/ttao/scannet/posed_images/scene0406_01/00043.jpg",
      "transform_matrix": [
        [
          -0.851791,
          0.410207,
          -0.325857,
          1.723312
        ],
        [
          0.519779,
          0.58404,
          -0.62348,
          1.320484
        ],
        [
          -0.065442,
          -0.700448,
          -0.710697,
          1.161356
        ],
        [
          0.0,
          0.0,
          0.0,
          1.0
        ]
      ]
    },
    {
      "file_path": "/media/NFS/ttao/scannet/posed_images/scene0406_01/00047.jpg",
      "transform_matrix": [
        [
          -0.838402,
          0.436256,
          -0.326745,
          1.732119
        ],
        [
          0.541101,
          0.594137,
          -0.595156,
          1.32126
        ],
        [
          -0.065509,
          -0.675783,
          -0.734184,
          1.144376
        ],
        [
          0.0,
          0.0,
          0.0,
          1.0
        ]
      ]
    },
    {
      "file_path": "/media/NFS/ttao/scannet/posed_images/scene0406_01/00052.jpg",
      "transform_matrix": [
        [
          -0.824043,
          0.45548,
          -0.336886,
          1.737585
        ],
        [
          0.56372,
          0.600097,
          -0.567542,
          1.318682
        ],
        [
          -0.056339,
          -0.657588,
          -0.751269,
          1.135367
        ],
        [
          0.0,
          0.0,
          0.0,
          1.0
        ]
      ]
    },
    {
      "file_path": "/media/NFS/ttao/scannet/posed_images/scene0406_01/00053.jpg",
      "transform_matrix": [
        [
          -0.824329,
          0.45393,
          -0.338275,
          1.737328
        ],
        [
          0.563477,
          0.60032,
          -0.567548,
          1.318938
        ],
        [
          -0.054554,
          -0.658456,
          -0.75064,
          1.135371
        ],
        [
          0.0,
          0.0,
          0.0,
          1.0
        ]
      ]
    },
    {
      "file_path": "/media/NFS/ttao/scannet/posed_images/scene0406_01/00059.jpg",
      "transform_matrix": [
        [
          -0.82055,
          0.440805,
          -0.363854,
          1.728542
        ],
        [
          0.569986,
          0.583609,
          -0.578375,
          1.325824
        ],
        [
          -0.042602,
          -0.681976,
          -0.730132,
          1.138011
        ],
        [
          0.0,
          0.0,
          0.0,
          1.0
        ]
      ]
    },
    {
      "file_path": "/media/NFS/ttao/scannet/posed_images/scene0406_01/00064.jpg",
      "transform_matrix": [
        [
          -0.79696,
          0.455972,
          -0.396163,
          1.709821
        ],
        [
          0.602794,
          0.558396,
          -0.569941,
          1.330908
        ],
        [
          -0.038661,
          -0.693025,
          -0.719877,
          1.135255
        ],
        [
          0.0,
          0.0,
          0.0,
          1.0
        ]
      ]
    },
    {
      "file_path": "/media/NFS/ttao/scannet/posed_images/scene0406_01/00066.jpg",
      "transform_matrix": [
        [
          -0.787479,
          0.473535,
          -0.394515,
          1.698103
        ],
        [
          0.614616,
          0.555454,
          -0.560105,
          1.333777
        ],
        [
          -0.046095,
          -0.683546,
          -0.72845,
          1.135232
        ],
        [
          0.0,
          0.0,
          0.0,
          1.0
        ]
      ]
    },
    {
      "file_path": "/media/NFS/ttao/scannet/posed_images/scene0406_01/00069.jpg",
      "transform_matrix": [
        [
          -0.770885,
          0.488789,
          -0.408439,
          1.682362
        ],
        [
          0.635013,
          0.539432,
          -0.552966,
          1.337643
        ],
        [
          -0.049958,
          -0.685637,
          -0.726227,
          1.138326
        ],
        [
          0.0,
          0.0,
          0.0,
          1.0
        ]
      ]
    },
    {
      "file_path": "/media/NFS/ttao/scannet/posed_images/scene0406_01/00075.jpg",
      "transform_matrix": [
        [
          -0.730729,
          0.512666,
          -0.450787,
          1.666457
        ],
        [
          0.680166,
          0.490266,
          -0.544989,
          1.344887
        ],
        [
          -0.058392,
          -0.70485,
          -0.70695,
          1.142762
        ],
        [
          0.0,
          0.0,
          0.0,
          1.0
        ]
      ]
    },
    {
      "file_path": "/media/NFS/ttao/scannet/posed_images/scene0406_01/00080.jpg",
      "transform_matrix": [
        [
          -0.703629,
          0.53,
          -0.473294,
          1.653429
        ],
        [
          0.707424,
          0.459907,
          -0.536692,
          1.347124
        ],
        [
          -0.066775,
          -0.712451,
          -0.698538,
          1.147269
        ],
        [
          0.0,
          0.0,
          0.0,
          1.0
        ]
      ]
    },
    {
      "file_path": "/media/NFS/ttao/scannet/posed_images/scene0406_01/00084.jpg",
      "transform_matrix": [
        [
          -0.678686,
          0.557535,
          -0.478059,
          1.643949
        ],
        [
          0.731761,
          0.457918,
          -0.504813,
          1.347011
        ],
        [
          -0.062539,
          -0.692435,
          -0.718765,
          1.145002
        ],
        [
          0.0,
          0.0,
          0.0,
          1.0
        ]
      ]
    },
    {
      "file_path": "/media/NFS/ttao/scannet/posed_images/scene0406_01/00088.jpg",
      "transform_matrix": [
        [
          -0.659135,
          0.566621,
          -0.49445,
          1.637868
        ],
        [
          0.74932,
          0.439135,
          -0.495662,
          1.348173
        ],
        [
          -0.063722,
          -0.69721,
          -0.71403,
          1.147321
        ],
        [
          0.0,
          0.0,
          0.0,
          1.0
        ]
      ]
    },
    {
      "file_path": "/media/NFS/ttao/scannet/posed_images/scene0406_01/00090.jpg",
      "transform_matrix": [
        [
          -0.651637,
          0.570605,
          -0.499779,
          1.63736
        ],
        [
          0.755557,
          0.429979,
          -0.494219,
          1.350927
        ],
        [
          -0.067109,
          -0.699663,
          -0.711315,
          1.145593
        ],
        [
          0.0,
          0.0,
          0.0,
          1.0
        ]
      ]
    },
    {
      "file_path": "/media/NFS/ttao/scannet/posed_images/scene0406_01/00096.jpg",
      "transform_matrix": [
        [
          -0.642229,
          0.571586,
          -0.510717,
          1.631772
        ],
        [
          0.762491,
          0.408226,
          -0.501956,
          1.34511
        ],
        [
          -0.078423,
          -0.711788,
          -0.698003,
          1.16363
        ],
        [
          0.0,
          0.0,
          0.0,
          1.0
        ]
      ]
    },
    {
      "file_path": "/media/NFS/ttao/scannet/posed_images/scene0406_01/00100.jpg",
      "transform_matrix": [
        [
          -0.646343,
          0.563218,
          -0.514807,
          1.630363
        ],
        [
          0.75803,
          0.396704,
          -0.517702,
          1.343395
        ],
        [
          -0.087353,
          -0.724852,
          -0.683344,
          1.178871
        ],
        [
          0.0,
          0.0,
          0.0,
          1.0
        ]
      ]
    },
    {
      "file_path": "/media/NFS/ttao/scannet/posed_images/scene0406_01/00103.jpg",
      "transform_matrix": [
        [
          -0.645241,
          0.549447,
          -0.530821,
          1.628241
        ],
        [
          0.758918,
          0.381136,
          -0.527995,
          1.341642
        ],
        [
          -0.08779,
          -0.743534,
          -0.66291,
          1.193631
        ],
        [
          0.0,
          0.0,
          0.0,
          1.0
        ]
      ]
    },
    {
      "file_path": "/media/NFS/ttao/scannet/posed_images/scene0406_01/00106.jpg",
      "transform_matrix": [
        [
          -0.640301,
          0.550227,
          -0.535971,
          1.625532
        ],
        [
          0.761286,
          0.361677,
          -0.538176,
          1.338666
        ],
        [
          -0.102271,
          -0.752622,
          -0.650462,
          1.209192
        ],
        [
          0.0,
          0.0,
          0.0,
          1.0
        ]
      ]
    },
    {
      "file_path": "/media/NFS/ttao/scannet/posed_images/scene0406_01/00109.jpg",
      "transform_matrix": [
        [
          -0.638826,
          0.550946,
          -0.536991,
          1.620954
        ],
        [
          0.759918,
          0.342901,
          -0.552217,
          1.337574
        ],
        [
          -0.120107,
          -0.76084,
          -0.637728,
          1.227319
        ],
        [
          0.0,
          0.0,
          0.0,
          1.0
        ]
      ]
    },
    {
      "file_path": "/media/NFS/ttao/scannet/posed_images/scene0406_01/00117.jpg",
      "transform_matrix": [
        [
          -0.710009,
          0.453676,
          -0.538577,
          1.618471
        ],
        [
          0.698745,
          0.358943,
          -0.618801,
          1.334963
        ],
        [
          -0.087417,
          -0.815683,
          -0.571856,
          1.271093
        ],
        [
          0.0,
          0.0,
          0.0,
          1.0
        ]
      ]
    },
    {
      "file_path": "/media/NFS/ttao/scannet/posed_images/scene0406_01/00120.jpg",
      "transform_matrix": [
        [
          -0.72998,
          0.417276,
          -0.541305,
          1.622411
        ],
        [
          0.6794,
          0.35672,
          -0.641223,
          1.335538
        ],
        [
          -0.074473,
          -0.835842,
          -0.543896,
          1.280718
        ],
        [
          0.0,
          0.0,
          0.0,
          1.0
        ]
      ]
    },
    {
      "file_path": "/media/NFS/ttao/scannet/posed_images/scene0406_01/00123.jpg",
      "transform_matrix": [
        [
          -0.749351,
          0.389733,
          -0.535334,
          1.624731
        ],
        [
          0.659072,
          0.360824,
          -0.659871,
          1.334573
        ],
        [
          -0.064012,
          -0.847298,
          -0.527246,
          1.289181
        ],
        [
          0.0,
          0.0,
          0.0,
          1.0
        ]
      ]
    },
    {
      "file_path": "/media/NFS/ttao/scannet/posed_images/scene0406_01/00128.jpg",
      "transform_matrix": [
        [
          -0.785426,
          0.336698,
          -0.519366,
          1.633907
        ],
        [
          0.617352,
          0.365786,
          -0.696475,
          1.329612
        ],
        [
          -0.044525,
          -0.867661,
          -0.495159,
          1.299038
        ],
        [
          0.0,
          0.0,
          0.0,
          1.0
        ]
      ]
    },
    {
      "file_path": "/media/NFS/ttao/scannet/posed_images/scene0406_01/00130.jpg",
      "transform_matrix": [
        [
          -0.805349,
          0.317438,
          -0.500645,
          1.634317
        ],
        [
          0.590463,
          0.354619,
          -0.724982,
          1.336858
        ],
        [
          -0.052599,
          -0.879476,
          -0.473028,
          1.299567
        ],
        [
          0.0,
          0.0,
          0.0,
          1.0
        ]
      ]
    },
    {
      "file_path": "/media/NFS/ttao/scannet/posed_images/scene0406_01/00135.jpg",
      "transform_matrix": [
        [
          -0.827903,
          0.283212,
          -0.484115,
          1.633507
        ],
        [
          0.559381,
          0.354065,
          -0.749487,
          1.329758
        ],
        [
          -0.040856,
          -0.891307,
          -0.451555,
          1.321149
        ],
        [
          0.0,
          0.0,
          0.0,
          1.0
        ]
      ]
    },
    {
      "file_path": "/media/NFS/ttao/scannet/posed_images/scene0406_01/00141.jpg",
      "transform_matrix": [
        [
          -0.826679,
          0.262379,
          -0.497755,
          1.627049
        ],
        [
          0.560932,
          0.31474,
          -0.765698,
          1.335774
        ],
        [
          -0.04424,
          -0.912193,
          -0.407366,
          1.326648
        ],
        [
          0.0,
          0.0,
          0.0,
          1.0
        ]
      ]
    },
    {
      "file_path": "/media/NFS/ttao/scannet/posed_images/scene0406_01/00143.jpg",
      "transform_matrix": [
        [
          -0.825011,
          0.2527,
          -0.50547,
          1.623421
        ],
        [
          0.56411,
          0.314901,
          -0.763293,
          1.335069
        ],
        [
          -0.033711,
          -0.914866,
          -0.402348,
          1.330536
        ],
        [
          0.0,
          0.0,
          0.0,
          1.0
        ]
      ]
    },
    {
      "file_path": "/media/NFS/ttao/scannet/posed_images/scene0406_01/00146.jpg",
      "transform_matrix": [
        [
          -0.821465,
          0.242733,
          -0.516019,
          1.619784
        ],
        [
          0.569532,
          0.303568,
          -0.763858,
          1.335047
        ],
        [
          -0.028767,
          -0.921372,
          -0.387615,
          1.338717
        ],
        [
          0.0,
          0.0,
          0.0,
          1.0
        ]
      ]
    },
    {
      "file_path": "/media/NFS/ttao/scannet/posed_images/scene0406_01/00154.jpg",
      "transform_matrix": [
        [
          -0.817439,
          0.220784,
          -0.532023,
          1.611328
        ],
        [
          0.574787,
          0.252365,
          -0.778416,
          1.33798
        ],
        [
          -0.037598,
          -0.942107,
          -0.333197,
          1.369161
        ],
        [
          0.0,
          0.0,
          0.0,
          1.0
        ]
      ]
    },
    {
      "file_path": "/media/NFS/ttao/scannet/posed_images/scene0406_01/00155.jpg",
      "transform_matrix": [
        [
          -0.817269,
          0.222565,
          -0.531541,
          1.610977
        ],
        [
          0.574712,
          0.247321,
          -0.780089,
          1.337898
        ],
        [
          -0.042159,
          -0.943026,
          -0.330039,
          1.372475
        ],
        [
          0.0,
          0.0,
          0.0,
          1.0
        ]
      ]
    },
    {
      "file_path": "/media/NFS/ttao/scannet/posed_images/scene0406_01/00159.jpg",
      "transform_matrix": [
        [
          -0.820641,
          0.220875,
          -0.527033,
          1.607406
        ],
        [
          0.567795,
          0.21109,
          -0.795644,
          1.343461
        ],
        [
          -0.064486,
          -0.952184,
          -0.298641,
          1.387376
        ],
        [
          0.0,
          0.0,
          0.0,
          1.0
        ]
      ]
    },
    {
      "file_path": "/media/NFS/ttao/scannet/posed_images/scene0406_01/00166.jpg",
      "transform_matrix": [
        [
          -0.825292,
          0.211949,
          -0.523422,
          1.600979
        ],
        [
          0.554548,
          0.129169,
          -0.822065,
          1.362212
        ],
        [
          -0.106626,
          -0.968707,
          -0.224138,
          1.404686
        ],
        [
          0.0,
          0.0,
          0.0,
          1.0
        ]
      ]
    },
    {
      "file_path": "/media/NFS/ttao/scannet/posed_images/scene0406_01/00168.jpg",
      "transform_matrix": [
        [
          -0.824594,
          0.203104,
          -0.528009,
          1.6017
        ],
        [
          0.556028,
          0.118896,
          -0.822616,
          1.363487
        ],
        [
          -0.104299,
          -0.971912,
          -0.210972,
          1.411618
        ],
        [
          0.0,
          0.0,
          0.0,
          1.0
        ]
      ]
    },
    {
      "file_path": "/media/NFS/ttao/scannet/posed_images/scene0406_01/00171.jpg",
      "transform_matrix": [
        [
          -0.825628,
          0.165425,
          -0.539419,
          1.610765
        ],
        [
          0.558173,
          0.099937,
          -0.823684,
          1.364592
        ],
        [
          -0.08235,
          -0.981146,
          -0.174846,
          1.424279
        ],
        [
          0.0,
          0.0,
          0.0,
          1.0
        ]
      ]
    },
    {
      "file_path": "/media/NFS/ttao/scannet/posed_images/scene0406_01/00177.jpg",
      "transform_matrix": [
        [
          -0.83662,
          0.146727,
          -0.527767,
          1.612579
        ],
        [
          0.537441,
          0.033525,
          -0.842635,
          1.373086
        ],
        [
          -0.105944,
          -0.988609,
          -0.106905,
          1.464511
        ],
        [
          0.0,
          0.0,
          0.0,
          1.0
        ]
      ]
    },
    {
      "file_path": "/media/NFS/ttao/scannet/posed_images/scene0406_01/00179.jpg",
      "transform_matrix": [
        [
          -0.835208,
          0.141742,
          -0.531354,
          1.614248
        ],
        [
          0.538337,
          0.01334,
          -0.842624,
          1.375639
        ],
        [
          -0.112347,
          -0.989814,
          -0.087447,
          1.476069
        ],
        [
          0.0,
          0.0,
          0.0,
          1.0
        ]
      ]
    },
    {
      "file_path": "/media/NFS/ttao/scannet/posed_images/scene0406_01/00187.jpg",
      "transform_matrix": [
        [
          -0.822089,
          0.072203,
          -0.564763,
          1.629209
        ],
        [
          0.561744,
          -0.058837,
          -0.825216,
          1.372916
        ],
        [
          -0.092812,
          -0.995653,
          0.007809,
          1.45613
        ],
        [
          0.0,
          0.0,
          0.0,
          1.0
        ]
      ]
    },
    {
      "file_path": "/media/NFS/ttao/scannet/posed_images/scene0406_01/00188.jpg",
      "transform_matrix": [
        [
          -0.821133,
          0.067102,
          -0.566779,
          1.629914
        ],
        [
          0.563311,
          -0.064385,
          -0.823732,
          1.373606
        ],
        [
          -0.091766,
          -0.995667,
          0.015069,
          1.459819
        ],
        [
          0.0,
          0.0,
          0.0,
          1.0
        ]
      ]
    },
    {
      "file_path": "/media/NFS/ttao/scannet/posed_images/scene0406_01/00193.jpg",
      "transform_matrix": [
        [
          -0.812339,
          0.014244,
          -0.583011,
          1.637772
        ],
        [
          0.580123,
          -0.08258,
          -0.810332,
          1.372792
        ],
        [
          -0.059688,
          -0.996483,
          0.058819,
          1.458561
        ],
        [
          0.0,
          0.0,
          0.0,
          1.0
        ]
      ]
    },
    {
      "file_path": "/media/NFS/ttao/scannet/posed_images/scene0406_01/00197.jpg",
      "transform_matrix": [
        [
          -0.814816,
          0.012551,
          -0.579583,
          1.636928
        ],
        [
          0.577048,
          -0.078306,
          -0.812948,
          1.372548
        ],
        [
          -0.055588,
          -0.99685,
          0.056562,
          1.473745
        ],
        [
          0.0,
          0.0,
          0.0,
          1.0
        ]
      ]
    },
    {
      "file_path": "/media/NFS/ttao/scannet/posed_images/scene0406_01/00200.jpg",
      "transform_matrix": [
        [
          -0.813255,
          0.002682,
          -0.581901,
          1.629714
        ],
        [
          0.578933,
          -0.097253,
          -0.809555,
          1.371243
        ],
        [
          -0.058763,
          -0.995256,
          0.077539,
          1.466401
        ],
        [
          0.0,
          0.0,
          0.0,
          1.0
        ]
      ]
    },
    {
      "file_path": "/media/NFS/ttao/scannet/posed_images/scene0406_01/00204.jpg",
      "transform_matrix": [
        [
          -0.809446,
          -0.009239,
          -0.587122,
          1.628699
        ],
        [
          0.584568,
          -0.107143,
          -0.804239,
          1.373502
        ],
        [
          -0.055476,
          -0.994201,
          0.092127,
          1.482889
        ],
        [
          0.0,
          0.0,
          0.0,
          1.0
        ]
      ]
    },
    {
      "file_path": "/media/NFS/ttao/scannet/posed_images/scene0406_01/00211.jpg",
      "transform_matrix": [
        [
          -0.776938,
          -0.04529,
          -0.627946,
          1.623811
        ],
        [
          0.627959,
          -0.12722,
          -0.767778,
          1.373314
        ],
        [
          -0.045115,
          -0.99084,
          0.127282,
          1.50625
        ],
        [
          0.0,
          0.0,
          0.0,
          1.0
        ]
      ]
    },
    {
      "file_path": "/media/NFS/ttao/scannet/posed_images/scene0406_01/00215.jpg",
      "transform_matrix": [
        [
          -0.761181,
          -0.051273,
          -0.64651,
          1.622998
        ],
        [
          0.647084,
          -0.126801,
          -0.7518,
          1.360338
        ],
        [
          -0.043431,
          -0.990602,
          0.129696,
          1.51324
        ],
        [
          0.0,
          0.0,
          0.0,
          1.0
        ]
      ]
    },
    {
      "file_path": "/media/NFS/ttao/scannet/posed_images/scene0406_01/00218.jpg",
      "transform_matrix": [
        [
          -0.752893,
          -0.053764,
          -0.655943,
          1.622778
        ],
        [
          0.657071,
          -0.118264,
          -0.744494,
          1.345661
        ],
        [
          -0.037548,
          -0.991526,
          0.124367,
          1.519143
        ],
        [
          0.0,
          0.0,
          0.0,
          1.0
        ]
      ]
    },
    {
      "file_path": "/media/NFS/ttao/scannet/posed_images/scene0406_01/00224.jpg",
      "transform_matrix": [
        [
          -0.717116,
          -0.064682,
          -0.693946,
          1.624413
        ],
        [
          0.696256,
          -0.111017,
          -0.709156,
          1.308685
        ],
        [
          -0.03117,
          -0.991712,
          0.124647,
          1.525146
        ],
        [
          0.0,
          0.0,
          0.0,
          1.0
        ]
      ]
    },
    {
      "file_path": "/media/NFS/ttao/scannet/posed_images/scene0406_01/00225.jpg",
      "transform_matrix": [
        [
          -0.710813,
          -0.065563,
          -0.700319,
          1.625509
        ],
        [
          0.702744,
          -0.108564,
          -0.703111,
          1.302507
        ],
        [
          -0.029931,
          -0.991925,
          0.123242,
          1.526937
        ],
        [
          0.0,
          0.0,
          0.0,
          1.0
        ]
      ]
    },
    {
      "file_path": "/media/NFS/ttao/scannet/posed_images/scene0406_01/00229.jpg",
      "transform_matrix": [
        [
          -0.673357,
          -0.074295,
          -0.735575,
          1.627238
        ],
        [
          0.739055,
          -0.09418,
          -0.66703,
          1.279917
        ],
        [
          -0.01972,
          -0.992779,
          0.118324,
          1.534904
        ],
        [
          0.0,
          0.0,
          0.0,
          1.0
        ]
      ]
    },
    {
      "file_path": "/media/NFS/ttao/scannet/posed_images/scene0406_01/00236.jpg",
      "transform_matrix": [
        [
          -0.61822,
          -0.110315,
          -0.778225,
          1.625495
        ],
        [
          0.785988,
          -0.093308,
          -0.61116,
          1.258321
        ],
        [
          -0.005195,
          -0.989507,
          0.144391,
          1.546677
        ],
        [
          0.0,
          0.0,
          0.0,
          1.0
        ]
      ]
    },
    {
      "file_path": "/media/NFS/ttao/scannet/posed_images/scene0406_01/00240.jpg",
      "transform_matrix": [
        [
          -0.596369,
          -0.131113,
          -0.79193,
          1.618966
        ],
        [
          0.802709,
          -0.099041,
          -0.588089,
          1.248827
        ],
        [
          -0.001327,
          -0.986408,
          0.164311,
          1.54809
        ],
        [
          0.0,
          0.0,
          0.0,
          1.0
        ]
      ]
    },
    {
      "file_path": "/media/NFS/ttao/scannet/posed_images/scene0406_01/00241.jpg",
      "transform_matrix": [
        [
          -0.594121,
          -0.132358,
          -0.793412,
          1.617033
        ],
        [
          0.804373,
          -0.100466,
          -0.585569,
          1.246946
        ],
        [
          -0.002206,
          -0.986097,
          0.166154,
          1.550553
        ],
        [
          0.0,
          0.0,
          0.0,
          1.0
        ]
      ]
    },
    {
      "file_path": "/media/NFS/ttao/scannet/posed_images/scene0406_01/00247.jpg",
      "transform_matrix": [
        [
          -0.593569,
          -0.151582,
          -0.790379,
          1.603346
        ],
        [
          0.804663,
          -0.094842,
          -0.586108,
          1.235388
        ],
        [
          0.013882,
          -0.983884,
          0.178267,
          1.551946
        ],
        [
          0.0,
          0.0,
          0.0,
          1.0
        ]
      ]
    },
    {
      "file_path": "/media/NFS/ttao/scannet/posed_images/scene0406_01/00252.jpg",
      "transform_matrix": [
        [
          -0.57376,
          -0.15723,
          -0.80379,
          1.588759
        ],
        [
          0.818944,
          -0.096431,
          -0.565714,
          1.224071
        ],
        [
          0.011437,
          -0.982843,
          0.184091,
          1.554045
        ],
        [
          0.0,
          0.0,
          0.0,
          1.0
        ]
      ]
    },
    {
      "file_path": "/media/NFS/ttao/scannet/posed_images/scene0406_01/00253.jpg",
      "transform_matrix": [
        [
          -0.570169,
          -0.158733,
          -0.806047,
          1.586103
        ],
        [
          0.82144,
          -0.095844,
          -0.562183,
          1.221415
        ],
        [
          0.011982,
          -0.982659,
          0.185037,
          1.55492
        ],
        [
          0.0,
          0.0,
          0.0,
          1.0
        ]
      ]
    },
    {
      "file_path": "/media/NFS/ttao/scannet/posed_images/scene0406_01/00259.jpg",
      "transform_matrix": [
        [
          -0.525191,
          -0.174968,
          -0.832803,
          1.576941
        ],
        [
          0.85073,
          -0.084006,
          -0.518847,
          1.195412
        ],
        [
          0.020821,
          -0.980984,
          0.192969,
          1.555159
        ],
        [
          0.0,
          0.0,
          0.0,
          1.0
        ]
      ]
    },
    {
      "file_path": "/media/NFS/ttao/scannet/posed_images/scene0406_01/00262.jpg",
      "transform_matrix": [
        [
          -0.498529,
          -0.163624,
          -0.851291,
          1.577404
        ],
        [
          0.866775,
          -0.079309,
          -0.492352,
          1.178054
        ],
        [
          0.013046,
          -0.98333,
          0.181363,
          1.553219
        ],
        [
          0.0,
          0.0,
          0.0,
          1.0
        ]
      ]
    },
    {
      "file_path": "/media/NFS/ttao/scannet/posed_images/scene0406_01/00267.jpg",
      "transform_matrix": [
        [
          -0.448799,
          -0.127907,
          -0.884432,
          1.579871
        ],
        [
          0.893605,
          -0.071996,
          -0.443042,
          1.141605
        ],
        [
          -0.007007,
          -0.98917,
          0.14661,
          1.543997
        ],
        [
          0.0,
          0.0,
          0.0,
          1.0
        ]
      ]
    },
    {
      "file_path": "/media/NFS/ttao/scannet/posed_images/scene0406_01/00273.jpg",
      "transform_matrix": [
        [
          -0.414224,
          -0.068487,
          -0.907595,
          1.599533
        ],
        [
          0.9098,
          -0.059778,
          -0.41072,
          1.093388
        ],
        [
          -0.026125,
          -0.99586,
          0.087071,
          1.529814
        ],
        [
          0.0,
          0.0,
          0.0,
          1.0
        ]
      ]
    },
    {
      "file_path": "/media/NFS/ttao/scannet/posed_images/scene0406_01/00277.jpg",
      "transform_matrix": [
        [
          -0.380299,
          -0.021317,
          -0.924618,
          1.613215
        ],
        [
          0.923732,
          -0.058201,
          -0.378592,
          1.065693
        ],
        [
          -0.045743,
          -0.998077,
          0.041825,
          1.523548
        ],
        [
          0.0,
          0.0,
          0.0,
          1.0
        ]
      ]
    },
    {
      "file_path": "/media/NFS/ttao/scannet/posed_images/scene0406_01/00280.jpg",
      "transform_matrix": [
        [
          -0.363118,
          0.0005,
          -0.931743,
          1.623047
        ],
        [
          0.931278,
          -0.031397,
          -0.362954,
          1.055302
        ],
        [
          -0.029435,
          -0.999507,
          0.010935,
          1.523995
        ],
        [
          0.0,
          0.0,
          0.0,
          1.0
        ]
      ]
    },
    {
      "file_path": "/media/NFS/ttao/scannet/posed_images/scene0406_01/00283.jpg",
      "transform_matrix": [
        [
          -0.358425,
          0.006085,
          -0.933539,
          1.6395
        ],
        [
          0.933187,
          -0.025891,
          -0.358459,
          1.035269
        ],
        [
          -0.026352,
          -0.999646,
          0.003601,
          1.508822
        ],
        [
          0.0,
          0.0,
          0.0,
          1.0
        ]
      ]
    },
    {
      "file_path": "/media/NFS/ttao/scannet/posed_images/scene0406_01/00288.jpg",
      "transform_matrix": [
        [
          -0.329316,
          0.002978,
          -0.944215,
          1.655396
        ],
        [
          0.944219,
          0.002168,
          -0.329311,
          1.018392
        ],
        [
          0.001067,
          -0.999993,
          -0.003526,
          1.489609
        ],
        [
          0.0,
          0.0,
          0.0,
          1.0
        ]
      ]
    },
    {
      "file_path": "/media/NFS/ttao/scannet/posed_images/scene0406_01/00293.jpg",
      "transform_matrix": [
        [
          -0.336563,
          0.016956,
          -0.941509,
          1.673732
        ],
        [
          0.941527,
          0.022928,
          -0.336156,
          1.0094
        ],
        [
          0.015887,
          -0.999593,
          -0.023681,
          1.461424
        ],
        [
          0.0,
          0.0,
          0.0,
          1.0
        ]
      ]
    },
    {
      "file_path": "/media/NFS/ttao/scannet/posed_images/scene0406_01/00295.jpg",
      "transform_matrix": [
        [
          -0.335702,
          0.029028,
          -0.941521,
          1.680619
        ],
        [
          0.941781,
          0.030294,
          -0.334861,
          1.010102
        ],
        [
          0.018803,
          -0.99912,
          -0.037508,
          1.44705
        ],
        [
          0.0,
          0.0,
          0.0,
          1.0
        ]
      ]
    },
    {
      "file_path": "/media/NFS/ttao/scannet/posed_images/scene0406_01/00300.jpg",
      "transform_matrix": [
        [
          -0.34954,
          0.061923,
          -0.934873,
          1.696851
        ],
        [
          0.935846,
          0.070884,
          -0.345208,
          1.014882
        ],
        [
          0.044891,
          -0.995561,
          -0.082727,
          1.432099
        ],
        [
          0.0,
          0.0,
          0.0,
          1.0
        ]
      ]
    },
    {
      "file_path": "/media/NFS/ttao/scannet/posed_images/scene0406_01/00305.jpg",
      "transform_matrix": [
        [
          -0.348489,
          0.094272,
          -0.93256,
          1.705006
        ],
        [
          0.936447,
          0.077777,
          -0.342079,
          1.043869
        ],
        [
          0.040283,
          -0.992504,
          -0.115385,
          1.415112
        ],
        [
          0.0,
          0.0,
          0.0,
          1.0
        ]
      ]
    },
    {
      "file_path": "/media/NFS/ttao/scannet/posed_images/scene0406_01/00310.jpg",
      "transform_matrix": [
        [
          -0.370256,
          0.129247,
          -0.919894,
          1.707435
        ],
        [
          0.928471,
          0.082603,
          -0.362103,
          1.083826
        ],
        [
          0.029186,
          -0.988166,
          -0.150587,
          1.422471
        ],
        [
          0.0,
          0.0,
          0.0,
          1.0
        ]
      ]
    },
    {
      "file_path": "/media/NFS/ttao/scannet/posed_images/scene0406_01/00311.jpg",
      "transform_matrix": [
        [
          -0.378173,
          0.133463,
          -0.916064,
          1.706937
        ],
        [
          0.92535,
          0.083041,
          -0.369908,
          1.094732
        ],
        [
          0.026702,
          -0.987569,
          -0.154904,
          1.419054
        ],
        [
          0.0,
          0.0,
          0.0,
          1.0
        ]
      ]
    },
    {
      "file_path": "/media/NFS/ttao/scannet/posed_images/scene0406_01/00316.jpg",
      "transform_matrix": [
        [
          -0.417499,
          0.167003,
          -0.893199,
          1.700059
        ],
        [
          0.908405,
          0.100782,
          -0.405763,
          1.148375
        ],
        [
          0.022255,
