{
  "frames": [
    {
      "file_path": "/media/NFS/ttao/scannet/posed_images/scene0241_02/00000.jpg",
      "transform_matrix": [
        [
          -0.980738,
          -0.099445,
          0.168122,
          1.226757
        ],
        [
          -0.193549,
          0.37874,
          -0.905039,
          2.732021
        ],
        [
          0.026327,
          -0.920145,
          -0.390692,
          1.377719
        ],
        [
          0.0,
          0.0,
          0.0,
          1.0
        ]
      ]
    },
    {
      "file_path": "/media/NFS/ttao/scannet/posed_images/scene0241_02/00005.jpg",
      "transform_matrix": [
        [
          -0.9814,
          -0.099829,
          0.163976,
          1.226082
        ],
        [
          -0.189886,
          0.379144,
          -0.905645,
          2.731166
        ],
        [
          0.028239,
          -0.919937,
          -0.391048,
          1.371556
        ],
        [
          0.0,
          0.0,
          0.0,
          1.0
        ]
      ]
    },
    {
      "file_path": "/media/NFS/ttao/scannet/posed_images/scene0241_02/00013.jpg",
      "transform_matrix": [
        [
          -0.98262,
          -0.098778,
          0.157165,
          1.214125
        ],
        [
          -0.183048,
          0.374927,
          -0.908803,
          2.737067
        ],
        [
          0.030844,
          -0.921777,
          -0.386492,
          1.379061
        ],
        [
          0.0,
          0.0,
          0.0,
          1.0
        ]
      ]
    },
    {
      "file_path": "/media/NFS/ttao/scannet/posed_images/scene0241_02/00015.jpg",
      "transform_matrix": [
        [
          -0.983278,
          -0.092774,
          0.156713,
          1.21044
        ],
        [
          -0.180385,
          0.377804,
          -0.908144,
          2.741587
        ],
        [
          0.025045,
          -0.921226,
          -0.388221,
          1.367784
        ],
        [
          0.0,
          0.0,
          0.0,
          1.0
        ]
      ]
    },
    {
      "file_path": "/media/NFS/ttao/scannet/posed_images/scene0241_02/00024.jpg",
      "transform_matrix": [
        [
          -0.986974,
          -0.068298,
          0.145667,
          1.206304
        ],
        [
          -0.160794,
          0.449065,
          -0.878912,
          2.750628
        ],
        [
          -0.005386,
          -0.890885,
          -0.454197,
          1.31875
        ],
        [
          0.0,
          0.0,
          0.0,
          1.0
        ]
      ]
    },
    {
      "file_path": "/media/NFS/ttao/scannet/posed_images/scene0241_02/00026.jpg",
      "transform_matrix": [
        [
          -0.985866,
          -0.065642,
          0.154139,
          1.20599
        ],
        [
          -0.167061,
          0.454256,
          -0.875067,
          2.754086
        ],
        [
          -0.012577,
          -0.888449,
          -0.458802,
          1.313107
        ],
        [
          0.0,
          0.0,
          0.0,
          1.0
        ]
      ]
    },
    {
      "file_path": "/media/NFS/ttao/scannet/posed_images/scene0241_02/00034.jpg",
      "transform_matrix": [
        [
          -0.97786,
          -0.096953,
          0.185447,
          1.191957
        ],
        [
          -0.20907,
          0.490556,
          -0.845958,
          2.781138
        ],
        [
          -0.008954,
          -0.865999,
          -0.499965,
          1.286641
        ],
        [
          0.0,
          0.0,
          0.0,
          1.0
        ]
      ]
    },
    {
      "file_path": "/media/NFS/ttao/scannet/posed_images/scene0241_02/00041.jpg",
      "transform_matrix": [
        [
          -0.968095,
          -0.102624,
          0.228605,
          1.160791
        ],
        [
          -0.248176,
          0.518813,
          -0.818072,
          2.797155
        ],
        [
          -0.034649,
          -0.848706,
          -0.527729,
          1.30246
        ],
        [
          0.0,
          0.0,
          0.0,
          1.0
        ]
      ]
    },
    {
      "file_path": "/media/NFS/ttao/scannet/posed_images/scene0241_02/00042.jpg",
      "transform_matrix": [
        [
          -0.968335,
          -0.097882,
          0.229667,
          1.161653
        ],
        [
          -0.246506,
          0.520516,
          -0.817495,
          2.79808
        ],
        [
          -0.039527,
          -0.848223,
          -0.528162,
          1.310344
        ],
        [
          0.0,
          0.0,
          0.0,
          1.0
        ]
      ]
    },
    {
      "file_path": "/media/NFS/ttao/scannet/posed_images/scene0241_02/00047.jpg",
      "transform_matrix": [
        [
          -0.970527,
          -0.085494,
          0.22532,
          1.178589
        ],
        [
          -0.237736,
          0.492877,
          -0.836991,
          2.80405
        ],
        [
          -0.039497,
          -0.865888,
          -0.498675,
          1.332419
        ],
        [
          0.0,
          0.0,
          0.0,
          1.0
        ]
      ]
    },
    {
      "file_path": "/media/NFS/ttao/scannet/posed_images/scene0241_02/00057.jpg",
      "transform_matrix": [
        [
          -0.97579,
          -0.089267,
          0.199666,
          1.28897
        ],
        [
          -0.218549,
          0.433207,
          -0.874396,
          2.805935
        ],
        [
          -0.008442,
          -0.896863,
          -0.442228,
          1.375779
        ],
        [
          0.0,
          0.0,
          0.0,
          1.0
        ]
      ]
    },
    {
      "file_path": "/media/NFS/ttao/scannet/posed_images/scene0241_02/00058.jpg",
      "transform_matrix": [
        [
          -0.977292,
          -0.08774,
          0.192881,
          1.304638
        ],
        [
          -0.211812,
          0.430626,
          -0.877324,
          2.806285
        ],
        [
          -0.006083,
          -0.898255,
          -0.439431,
          1.376006
        ],
        [
          0.0,
          0.0,
          0.0,
          1.0
        ]
      ]
    },
    {
      "file_path": "/media/NFS/ttao/scannet/posed_images/scene0241_02/00065.jpg",
      "transform_matrix": [
        [
          -0.989082,
          -0.051557,
          0.138054,
          1.397823
        ],
        [
          -0.146731,
          0.431483,
          -0.890108,
          2.811623
        ],
        [
          -0.013676,
          -0.900646,
          -0.434337,
          1.361307
        ],
        [
          0.0,
          0.0,
          0.0,
          1.0
        ]
      ]
    },
    {
      "file_path": "/media/NFS/ttao/scannet/posed_images/scene0241_02/00070.jpg",
      "transform_matrix": [
        [
          -0.99403,
          -0.013201,
          0.108311,
          1.461087
        ],
        [
          -0.103786,
          0.42076,
          -0.901215,
          2.795511
        ],
        [
          -0.033677,
          -0.907076,
          -0.419618,
          1.376172
        ],
        [
          0.0,
          0.0,
          0.0,
          1.0
        ]
      ]
    },
    {
      "file_path": "/media/NFS/ttao/scannet/posed_images/scene0241_02/00075.jpg",
      "transform_matrix": [
        [
          -0.997558,
          -0.011761,
          0.068853,
          1.503635
        ],
        [
          -0.067731,
          0.403812,
          -0.912331,
          2.764456
        ],
        [
          -0.017074,
          -0.914766,
          -0.403622,
          1.401187
        ],
        [
          0.0,
          0.0,
          0.0,
          1.0
        ]
      ]
    },
    {
      "file_path": "/media/NFS/ttao/scannet/posed_images/scene0241_02/00081.jpg",
      "transform_matrix": [
        [
          -0.999644,
          -0.007719,
          0.025559,
          1.569758
        ],
        [
          -0.026652,
          0.345267,
          -0.938126,
          2.72629
        ],
        [
          -0.001584,
          -0.938473,
          -0.345349,
          1.42714
        ],
        [
          0.0,
          0.0,
          0.0,
          1.0
        ]
      ]
    },
    {
      "file_path": "/media/NFS/ttao/scannet/posed_images/scene0241_02/00088.jpg",
      "transform_matrix": [
        [
          -0.999627,
          0.02195,
          -0.016288,
          1.64425
        ],
        [
          0.022206,
          0.304701,
          -0.952189,
          2.675481
        ],
        [
          -0.015938,
          -0.952195,
          -0.305075,
          1.435235
        ],
        [
          0.0,
          0.0,
          0.0,
          1.0
        ]
      ]
    },
    {
      "file_path": "/media/NFS/ttao/scannet/posed_images/scene0241_02/00094.jpg",
      "transform_matrix": [
        [
          -0.999687,
          -0.000255,
          -0.025041,
          1.726228
        ],
        [
          0.023976,
          0.278944,
          -0.960008,
          2.644725
        ],
        [
          0.007229,
          -0.960307,
          -0.27885,
          1.460734
        ],
        [
          0.0,
          0.0,
          0.0,
          1.0
        ]
      ]
    },
    {
      "file_path": "/media/NFS/ttao/scannet/posed_images/scene0241_02/00101.jpg",
      "transform_matrix": [
        [
          -0.99844,
          0.006681,
          -0.055432,
          1.820225
        ],
        [
          0.055591,
          0.211309,
          -0.975837,
          2.638473
        ],
        [
          0.005193,
          -0.977396,
          -0.211351,
          1.468777
        ],
        [
          0.0,
          0.0,
          0.0,
          1.0
        ]
      ]
    },
    {
      "file_path": "/media/NFS/ttao/scannet/posed_images/scene0241_02/00102.jpg",
      "transform_matrix": [
        [
          -0.998297,
          0.009036,
          -0.057644,
          1.831362
        ],
        [
          0.058254,
          0.210326,
          -0.975894,
          2.637173
        ],
        [
          0.003305,
          -0.977589,
          -0.210494,
          1.468943
        ],
        [
          0.0,
          0.0,
          0.0,
          1.0
        ]
      ]
    },
    {
      "file_path": "/media/NFS/ttao/scannet/posed_images/scene0241_02/00110.jpg",
      "transform_matrix": [
        [
          -0.999073,
          -0.003779,
          -0.042886,
          1.950157
        ],
        [
          0.041671,
          0.165339,
          -0.985356,
          2.62921
        ],
        [
          0.010815,
          -0.986229,
          -0.165028,
          1.495109
        ],
        [
          0.0,
          0.0,
          0.0,
          1.0
        ]
      ]
    },
    {
      "file_path": "/media/NFS/ttao/scannet/posed_images/scene0241_02/00117.jpg",
      "transform_matrix": [
        [
          -0.998314,
          -0.004911,
          -0.057843,
          2.033494
        ],
        [
          0.056288,
          0.161807,
          -0.985216,
          2.610083
        ],
        [
          0.014198,
          -0.98681,
          -0.161257,
          1.511694
        ],
        [
          0.0,
          0.0,
          0.0,
          1.0
        ]
      ]
    },
    {
      "file_path": "/media/NFS/ttao/scannet/posed_images/scene0241_02/00118.jpg",
      "transform_matrix": [
        [
          -0.998152,
          -0.005592,
          -0.060517,
          2.039004
        ],
        [
          0.058817,
          0.161788,
          -0.985071,
          2.60709
        ],
        [
          0.0153,
          -0.98681,
          -0.16116,
          1.511592
        ],
        [
          0.0,
          0.0,
          0.0,
          1.0
        ]
      ]
    },
    {
      "file_path": "/media/NFS/ttao/scannet/posed_images/scene0241_02/00127.jpg",
      "transform_matrix": [
        [
          -0.993981,
          0.020278,
          -0.107659,
          2.080945
        ],
        [
          0.109548,
          0.192329,
          -0.975197,
          2.547761
        ],
        [
          0.000931,
          -0.981121,
          -0.193393,
          1.458992
        ],
        [
          0.0,
          0.0,
          0.0,
          1.0
        ]
      ]
    },
    {
      "file_path": "/media/NFS/ttao/scannet/posed_images/scene0241_02/00130.jpg",
      "transform_matrix": [
        [
          -0.992215,
          0.043529,
          -0.116686,
          2.101923
        ],
        [
          0.122963,
          0.193779,
          -0.973309,
          2.507868
        ],
        [
          -0.019756,
          -0.980079,
          -0.197623,
          1.452871
        ],
        [
          0.0,
          0.0,
          0.0,
          1.0
        ]
      ]
    },
    {
      "file_path": "/media/NFS/ttao/scannet/posed_images/scene0241_02/00136.jpg",
      "transform_matrix": [
        [
          -0.98727,
          0.066653,
          -0.144415,
          2.114263
        ],
        [
          0.15585,
          0.224053,
          -0.962035,
          2.447157
        ],
        [
          -0.031766,
          -0.972295,
          -0.231588,
          1.42715
        ],
        [
          0.0,
          0.0,
          0.0,
          1.0
        ]
      ]
    },
    {
      "file_path": "/media/NFS/ttao/scannet/posed_images/scene0241_02/00139.jpg",
      "transform_matrix": [
        [
          -0.982636,
          0.075694,
          -0.169404,
          2.126925
        ],
        [
          0.182999,
          0.244608,
          -0.952196,
          2.41831
        ],
        [
          -0.030638,
          -0.966663,
          -0.254213,
          1.40926
        ],
        [
          0.0,
          0.0,
          0.0,
          1.0
        ]
      ]
    },
    {
      "file_path": "/media/NFS/ttao/scannet/posed_images/scene0241_02/00146.jpg",
      "transform_matrix": [
        [
          -0.971266,
          0.095952,
          -0.217798,
          2.177449
        ],
        [
          0.236588,
          0.289843,
          -0.927371,
          2.353451
        ],
        [
          -0.025856,
          -0.952252,
          -0.304216,
          1.3895
        ],
        [
          0.0,
          0.0,
          0.0,
          1.0
        ]
      ]
    },
    {
      "file_path": "/media/NFS/ttao/scannet/posed_images/scene0241_02/00152.jpg",
      "transform_matrix": [
        [
          -0.946366,
          0.134624,
          -0.293715,
          2.224845
        ],
        [
          0.321395,
          0.299068,
          -0.898478,
          2.300197
        ],
        [
          -0.033116,
          -0.944688,
          -0.326295,
          1.382237
        ],
        [
          0.0,
          0.0,
          0.0,
          1.0
        ]
      ]
    },
    {
      "file_path": "/media/NFS/ttao/scannet/posed_images/scene0241_02/00156.jpg",
      "transform_matrix": [
        [
          -0.925426,
          0.163749,
          -0.34172,
          2.259825
        ],
        [
          0.377054,
          0.308371,
          -0.873348,
          2.27341
        ],
        [
          -0.037633,
          -0.937066,
          -0.347117,
          1.371571
        ],
        [
          0.0,
          0.0,
          0.0,
          1.0
        ]
      ]
    },
    {
      "file_path": "/media/NFS/ttao/scannet/posed_images/scene0241_02/00162.jpg",
      "transform_matrix": [
        [
          -0.8915,
          0.203452,
          -0.404766,
          2.308127
        ],
        [
          0.451543,
          0.326962,
          -0.830183,
          2.214722
        ],
        [
          -0.03656,
          -0.922877,
          -0.383354,
          1.370493
        ],
        [
          0.0,
          0.0,
          0.0,
          1.0
        ]
      ]
    },
    {
      "file_path": "/media/NFS/ttao/scannet/posed_images/scene0241_02/00167.jpg",
      "transform_matrix": [
        [
          -0.876312,
          0.207164,
          -0.434925,
          2.332917
        ],
        [
          0.481567,
          0.352313,
          -0.802476,
          2.180837
        ],
        [
          -0.013015,
          -0.912666,
          -0.4085,
          1.342483
        ],
        [
          0.0,
          0.0,
          0.0,
          1.0
        ]
      ]
    },
    {
      "file_path": "/media/NFS/ttao/scannet/posed_images/scene0241_02/00172.jpg",
      "transform_matrix": [
        [
          -0.8616,
          0.228035,
          -0.453482,
          2.354375
        ],
        [
          0.507562,
          0.396045,
          -0.765199,
          2.141705
        ],
        [
          0.005107,
          -0.889465,
          -0.456974,
          1.306787
        ],
        [
          0.0,
          0.0,
          0.0,
          1.0
        ]
      ]
    },
    {
      "file_path": "/media/NFS/ttao/scannet/posed_images/scene0241_02/00177.jpg",
      "transform_matrix": [
        [
          -0.851189,
          0.261395,
          -0.455138,
          2.363079
        ],
        [
          0.52485,
          0.429298,
          -0.735008,
          2.100894
        ],
        [
          0.003262,
          -0.864509,
          -0.502607,
          1.276652
        ],
        [
          0.0,
          0.0,
          0.0,
          1.0
        ]
      ]
    },
    {
      "file_path": "/media/NFS/ttao/scannet/posed_images/scene0241_02/00185.jpg",
      "transform_matrix": [
        [
          -0.836329,
          0.333742,
          -0.434937,
          2.371207
        ],
        [
          0.547875,
          0.480325,
          -0.684924,
          2.022916
        ],
        [
          -0.019677,
          -0.811113,
          -0.584559,
          1.254043
        ],
        [
          0.0,
          0.0,
          0.0,
          1.0
        ]
      ]
    },
    {
      "file_path": "/media/NFS/ttao/scannet/posed_images/scene0241_02/00191.jpg",
      "transform_matrix": [
        [
          -0.837009,
          0.33584,
          -0.432003,
          2.379694
        ],
        [
          0.547113,
          0.526765,
          -0.650527,
          1.98201
        ],
        [
          0.009091,
          -0.780852,
          -0.62465,
          1.248848
        ],
        [
          0.0,
          0.0,
          0.0,
          1.0
        ]
      ]
    },
    {
      "file_path": "/media/NFS/ttao/scannet/posed_images/scene0241_02/00193.jpg",
      "transform_matrix": [
        [
          -0.825512,
          0.337422,
          -0.452411,
          2.381239
        ],
        [
          0.564014,
          0.522221,
          -0.639666,
          1.969894
        ],
        [
          0.020421,
          -0.783219,
          -0.621411,
          1.247378
        ],
        [
          0.0,
          0.0,
          0.0,
          1.0
        ]
      ]
    },
    {
      "file_path": "/media/NFS/ttao/scannet/posed_images/scene0241_02/00200.jpg",
      "transform_matrix": [
        [
          -0.790381,
          0.36428,
          -0.492542,
          2.412235
        ],
        [
          0.610519,
          0.534827,
          -0.584146,
          1.93057
        ],
        [
          0.050632,
          -0.762404,
          -0.645118,
          1.221912
        ],
        [
          0.0,
          0.0,
          0.0,
          1.0
        ]
      ]
    },
    {
      "file_path": "/media/NFS/ttao/scannet/posed_images/scene0241_02/00208.jpg",
      "transform_matrix": [
        [
          -0.721984,
          0.415652,
          -0.553149,
          2.45105
        ],
        [
          0.690357,
          0.486276,
          -0.53567,
          1.867258
        ],
        [
          0.046331,
          -0.768615,
          -0.638032,
          1.240855
        ],
        [
          0.0,
          0.0,
          0.0,
          1.0
        ]
      ]
    },
    {
      "file_path": "/media/NFS/ttao/scannet/posed_images/scene0241_02/00214.jpg",
      "transform_matrix": [
        [
          -0.675854,
          0.424828,
          -0.602281,
          2.485554
        ],
        [
          0.735769,
          0.436765,
          -0.517571,
          1.811024
        ],
        [
          0.043176,
          -0.792942,
          -0.607765,
          1.261939
        ],
        [
          0.0,
          0.0,
          0.0,
          1.0
        ]
      ]
    },
    {
      "file_path": "/media/NFS/ttao/scannet/posed_images/scene0241_02/00216.jpg",
      "transform_matrix": [
        [
          -0.666461,
          0.423167,
          -0.613807,
          2.490208
        ],
        [
          0.74348,
          0.438397,
          -0.50502,
          1.795788
        ],
        [
          0.055383,
          -0.79293,
          -0.606791,
          1.265707
        ],
        [
          0.0,
          0.0,
          0.0,
          1.0
        ]
      ]
    },
    {
      "file_path": "/media/NFS/ttao/scannet/posed_images/scene0241_02/00224.jpg",
      "transform_matrix": [
        [
          -0.654818,
          0.408505,
          -0.635875,
          2.506554
        ],
        [
          0.753921,
          0.412134,
          -0.511613,
          1.753937
        ],
        [
          0.053069,
          -0.814413,
          -0.577853,
          1.275692
        ],
        [
          0.0,
          0.0,
          0.0,
          1.0
        ]
      ]
    },
    {
      "file_path": "/media/NFS/ttao/scannet/posed_images/scene0241_02/00225.jpg",
      "transform_matrix": [
        [
          -0.65739,
          0.407755,
          -0.633699,
          2.506715
        ],
        [
          0.751935,
          0.409991,
          -0.516237,
          1.749772
        ],
        [
          0.049313,
          -0.81587,
          -0.576129,
          1.275275
        ],
        [
          0.0,
          0.0,
          0.0,
          1.0
        ]
      ]
    },
    {
      "file_path": "/media/NFS/ttao/scannet/posed_images/scene0241_02/00232.jpg",
      "transform_matrix": [
        [
          -0.665467,
          0.40815,
          -0.624954,
          2.499372
        ],
        [
          0.745318,
          0.40896,
          -0.526547,
          1.759024
        ],
        [
          0.040671,
          -0.816189,
          -0.576351,
          1.28188
        ],
        [
          0.0,
          0.0,
          0.0,
          1.0
        ]
      ]
    },
    {
      "file_path": "/media/NFS/ttao/scannet/posed_images/scene0241_02/00238.jpg",
      "transform_matrix": [
        [
          -0.694227,
          0.393912,
          -0.602397,
          2.480627
        ],
        [
          0.718657,
          0.425595,
          -0.54991,
          1.807563
        ],
        [
          0.03976,
          -0.814679,
          -0.578547,
          1.274273
        ],
        [
          0.0,
          0.0,
          0.0,
          1.0
        ]
      ]
    },
    {
      "file_path": "/media/NFS/ttao/scannet/posed_images/scene0241_02/00245.jpg",
      "transform_matrix": [
        [
          -0.715979,
          0.427055,
          -0.552266,
          2.431208
        ],
        [
          0.698039,
          0.450077,
          -0.556931,
          1.909606
        ],
        [
          0.010722,
          -0.784254,
          -0.620347,
          1.240568
        ],
        [
          0.0,
          0.0,
          0.0,
          1.0
        ]
      ]
    },
    {
      "file_path": "/media/NFS/ttao/scannet/posed_images/scene0241_02/00251.jpg",
      "transform_matrix": [
        [
          -0.741215,
          0.449136,
          -0.498877,
          2.414722
        ],
        [
          0.671233,
          0.503409,
          -0.544082,
          1.975231
        ],
        [
          0.006772,
          -0.738144,
          -0.674609,
          1.213512
        ],
        [
          0.0,
          0.0,
          0.0,
          1.0
        ]
      ]
    },
    {
      "file_path": "/media/NFS/ttao/scannet/posed_images/scene0241_02/00253.jpg",
      "transform_matrix": [
        [
          -0.747768,
          0.4573,
          -0.481373,
          2.416264
        ],
        [
          0.663952,
          0.518562,
          -0.538759,
          1.987041
        ],
        [
          0.003247,
          -0.722475,
          -0.691389,
          1.210911
        ],
        [
          0.0,
          0.0,
          0.0,
          1.0
        ]
      ]
    },
    {
      "file_path": "/media/NFS/ttao/scannet/posed_images/scene0241_02/00261.jpg",
      "transform_matrix": [
        [
          -0.761653,
          0.475928,
          -0.439747,
          2.440028
        ],
        [
          0.647871,
          0.546564,
          -0.530595,
          2.017991
        ],
        [
          -0.012176,
          -0.689029,
          -0.724632,
          1.214579
        ],
        [
          0.0,
          0.0,
          0.0,
          1.0
        ]
      ]
    },
    {
      "file_path": "/media/NFS/ttao/scannet/posed_images/scene0241_02/00264.jpg",
      "transform_matrix": [
        [
          -0.754092,
          0.473528,
          -0.4551,
          2.447929
        ],
        [
          0.656767,
          0.54223,
          -0.524065,
          2.025258
        ],
        [
          -0.001391,
          -0.694088,
          -0.719889,
          1.215403
        ],
        [
          0.0,
          0.0,
          0.0,
          1.0
        ]
      ]
    },
    {
      "file_path": "/media/NFS/ttao/scannet/posed_images/scene0241_02/00272.jpg",
      "transform_matrix": [
        [
          -0.687335,
          0.515505,
          -0.511689,
          2.451122
        ],
        [
          0.726301,
          0.480397,
          -0.491636,
          2.031914
        ],
        [
          -0.007627,
          -0.709558,
          -0.704605,
          1.228966
        ],
        [
          0.0,
          0.0,
          0.0,
          1.0
        ]
      ]
    },
    {
      "file_path": "/media/NFS/ttao/scannet/posed_images/scene0241_02/00274.jpg",
      "transform_matrix": [
        [
          -0.667881,
          0.525465,
          -0.527088,
          2.453069
        ],
        [
          0.744202,
          0.462056,
          -0.482356,
          2.033335
        ],
        [
          -0.009917,
          -0.714416,
          -0.69965,
          1.228948
        ],
        [
          0.0,
          0.0,
          0.0,
          1.0
        ]
      ]
    },
    {
      "file_path": "/media/NFS/ttao/scannet/posed_images/scene0241_02/00281.jpg",
      "transform_matrix": [
        [
          -0.614082,
          0.542765,
          -0.572983,
          2.444165
        ],
        [
          0.789198,
          0.414585,
          -0.453085,
          2.035634
        ],
        [
          -0.008369,
          -0.730429,
          -0.682938,
          1.242309
        ],
        [
          0.0,
          0.0,
          0.0,
          1.0
        ]
      ]
    },
    {
      "file_path": "/media/NFS/ttao/scannet/posed_images/scene0241_02/00285.jpg",
      "transform_matrix": [
        [
          -0.583222,
          0.552045,
          -0.595902,
          2.44103
        ],
        [
          0.812152,
          0.381667,
          -0.441292,
          2.040667
        ],
        [
          -0.016177,
          -0.741334,
          -0.670941,
          1.245026
        ],
        [
          0.0,
          0.0,
          0.0,
          1.0
        ]
      ]
    },
    {
      "file_path": "/media/NFS/ttao/scannet/posed_images/scene0241_02/00295.jpg",
      "transform_matrix": [
        [
          -0.525169,
          0.534657,
          -0.662072,
          2.417297
        ],
        [
          0.850957,
          0.322314,
          -0.414711,
          2.045858
        ],
        [
          -0.008333,
          -0.781188,
          -0.62424,
          1.268721
        ],
        [
          0.0,
          0.0,
          0.0,
          1.0
        ]
      ]
    },
    {
      "file_path": "/media/NFS/ttao/scannet/posed_images/scene0241_02/00300.jpg",
      "transform_matrix": [
        [
          -0.500269,
          0.529465,
          -0.685126,
          2.392905
        ],
        [
          0.865696,
          0.289981,
          -0.408021,
          2.058276
        ],
        [
          -0.01736,
          -0.797231,
          -0.603425,
          1.28245
        ],
        [
          0.0,
          0.0,
          0.0,
          1.0
        ]
      ]
    },
    {
      "file_path": "/media/NFS/ttao/scannet/posed_images/scene0241_02/00305.jpg",
      "transform_matrix": [
        [
          -0.468195,
          0.524115,
          -0.711405,
          2.371559
        ],
        [
          0.883313,
          0.256207,
          -0.392576,
          2.07934
        ],
        [
          -0.023488,
          -0.812195,
          -0.582912,
          1.289596
        ],
        [
          0.0,
          0.0,
          0.0,
          1.0
        ]
      ]
    },
    {
      "file_path": "/media/NFS/ttao/scannet/posed_images/scene0241_02/00311.jpg",
      "transform_matrix": [
        [
          -0.466274,
          0.504964,
          -0.726361,
          2.358972
        ],
        [
          0.88398,
          0.234245,
          -0.404608,
          2.092193
        ],
        [
          -0.034166,
          -0.830747,
          -0.5556,
          1.309688
        ],
        [
          0.0,
          0.0,
          0.0,
          1.0
        ]
      ]
    },
    {
      "file_path": "/media/NFS/ttao/scannet/posed_images/scene0241_02/00316.jpg",
      "transform_matrix": [
        [
          -0.476831,
          0.487902,
          -0.731153,
          2.351055
        ],
        [
          0.878329,
          0.232088,
          -0.41794,
          2.106486
        ],
        [
          -0.034222,
          -0.841479,
          -0.539205,
          1.320362
        ],
        [
          0.0,
          0.0,
          0.0,
          1.0
        ]
      ]
    },
    {
      "file_path": "/media/NFS/ttao/scannet/posed_images/scene0241_02/00318.jpg",
      "transform_matrix": [
        [
          -0.477877,
          0.485226,
          -0.732249,
          2.345582
        ],
        [
          0.87773,
          0.230579,
          -0.420027,
          2.118275
        ],
        [
          -0.034966,
          -0.843439,
          -0.536086,
          1.318922
        ],
        [
          0.0,
          0.0,
          0.0,
          1.0
        ]
      ]
    },
    {
      "file_path": "/media/NFS/ttao/scannet/posed_images/scene0241_02/00323.jpg",
      "transform_matrix": [
        [
          -0.485833,
          0.484426,
          -0.727528,
          2.324335
        ],
        [
          0.872802,
          0.2244,
          -0.433429,
          2.15548
        ],
        [
          -0.046707,
          -0.845563,
          -0.531829,
          1.316994
        ],
        [
          0.0,
          0.0,
          0.0,
          1.0
        ]
      ]
    },
    {
      "file_path": "/media/NFS/ttao/scannet/posed_images/scene0241_02/00331.jpg",
      "transform_matrix": [
        [
          -0.510228,
          0.482888,
          -0.711679,
          2.257598
        ],
        [
          0.859192,
          0.249477,
          -0.446711,
          2.259381
        ],
        [
          -0.038165,
          -0.839393,
          -0.542184,
          1.290114
        ],
        [
          0.0,
          0.0,
          0.0,
          1.0
        ]
      ]
    },
    {
      "file_path": "/media/NFS/ttao/scannet/posed_images/scene0241_02/00337.jpg",
      "transform_matrix": [
        [
          -0.491546,
          0.516849,
          -0.700892,
          2.204871
        ],
        [
          0.869929,
          0.254383,
          -0.422508,
          2.326226
        ],
        [
          -0.040078,
          -0.817408,
          -0.574663,
          1.282606
        ],
        [
          0.0,
          0.0,
          0.0,
          1.0
        ]
      ]
    },
    {
      "file_path": "/media/NFS/ttao/scannet/posed_images/scene0241_02/00339.jpg",
      "transform_matrix": [
        [
          -0.487462,
          0.527477,
          -0.695808,
          2.194347
        ],
        [
          0.871802,
          0.249864,
          -0.421342,
          2.340411
        ],
        [
          -0.048391,
          -0.811995,
          -0.581655,
          1.282393
        ],
        [
          0.0,
          0.0,
          0.0,
          1.0
        ]
      ]
    },
    {
      "file_path": "/media/NFS/ttao/scannet/posed_images/scene0241_02/00349.jpg",
      "transform_matrix": [
        [
          -0.469031,
          0.579823,
          -0.666195,
          2.158888
        ],
        [
          0.880234,
          0.24532,
          -0.406209,
          2.377498
        ],
        [
          -0.072098,
          -0.776932,
          -0.625443,
          1.271695
        ],
        [
          0.0,
          0.0,
          0.0,
          1.0
        ]
      ]
    },
    {
      "file_path": "/media/NFS/ttao/scannet/posed_images/scene0241_02/00352.jpg",
      "transform_matrix": [
        [
          -0.464373,
          0.585961,
          -0.664084,
          2.158433
        ],
        [
          0.882532,
          0.243401,
          -0.402359,
          2.382254
        ],
        [
          -0.074128,
          -0.77292,
          -0.630158,
          1.268304
        ],
        [
          0.0,
          0.0,
          0.0,
          1.0
        ]
      ]
    },
    {
      "file_path": "/media/NFS/ttao/scannet/posed_images/scene0241_02/00355.jpg",
      "transform_matrix": [
        [
          -0.455832,
          0.592493,
          -0.664206,
          2.154602
        ],
        [
          0.887016,
          0.240676,
          -0.394052,
          2.382086
        ],
        [
          -0.073615,
          -0.768783,
          -0.635259,
          1.26767
        ],
        [
          0.0,
          0.0,
          0.0,
          1.0
        ]
      ]
    },
    {
      "file_path": "/media/NFS/ttao/scannet/posed_images/scene0241_02/00365.jpg",
      "transform_matrix": [
        [
          -0.373559,
          0.58821,
          -0.717261,
          2.127007
        ],
        [
          0.926187,
          0.193756,
          -0.323475,
          2.383929
        ],
        [
          -0.051297,
          -0.785155,
          -0.617171,
          1.289082
        ],
        [
          0.0,
          0.0,
          0.0,
          1.0
        ]
      ]
    },
    {
      "file_path": "/media/NFS/ttao/scannet/posed_images/scene0241_02/00370.jpg",
      "transform_matrix": [
        [
          -0.301977,
          0.572233,
          -0.76247,
          2.118266
        ],
        [
          0.952637,
          0.150969,
          -0.26399,
          2.380318
        ],
        [
          -0.035954,
          -0.806076,
          -0.590719,
          1.293211
        ],
        [
          0.0,
          0.0,
          0.0,
          1.0
        ]
      ]
    },
    {
      "file_path": "/media/NFS/ttao/scannet/posed_images/scene0241_02/00376.jpg",
      "transform_matrix": [
        [
          -0.228716,
          0.553716,
          -0.800679,
          2.112339
        ],
        [
          0.97323,
          0.110924,
          -0.201295,
          2.327854
        ],
        [
          -0.022646,
          -0.825284,
          -0.564263,
          1.31169
        ],
        [
          0.0,
          0.0,
          0.0,
          1.0
        ]
      ]
    },
    {
      "file_path": "/media/NFS/ttao/scannet/posed_images/scene0241_02/00380.jpg",
      "transform_matrix": [
        [
          -0.186496,
          0.533594,
          -0.824922,
          2.132274
        ],
        [
          0.982154,
          0.08045,
          -0.170005,
          2.266195
        ],
        [
          -0.024349,
          -0.841906,
          -0.539075,
          1.301847
        ],
        [
          0.0,
          0.0,
          0.0,
          1.0
        ]
      ]
    },
    {
      "file_path": "/media/NFS/ttao/scannet/posed_images/scene0241_02/00386.jpg",
      "transform_matrix": [
        [
          -0.160572,
          0.532056,
          -0.831344,
          2.132035
        ],
        [
          0.986603,
          0.061925,
          -0.150929,
          2.176244
        ],
        [
          -0.028822,
          -0.844442,
          -0.534871,
          1.339132
        ],
        [
          0.0,
          0.0,
          0.0,
          1.0
        ]
      ]
    },
    {
      "file_path": "/media/NFS/ttao/scannet/posed_images/scene0241_02/00393.jpg",
      "transform_matrix": [
        [
          -0.110095,
          0.481551,
          -0.869476,
          2.151703
        ],
        [
          0.993878,
          0.061478,
          -0.091798,
          2.11945
        ],
        [
          0.009248,
          -0.874259,
          -0.485371,
          1.380775
        ],
        [
          0.0,
          0.0,
          0.0,
          1.0
        ]
      ]
    },
    {
      "file_path": "/media/NFS/ttao/scannet/posed_images/scene0241_02/00397.jpg",
      "transform_matrix": [
        [
          -0.070894,
          0.454234,
          -0.888057,
          2.165877
        ],
        [
          0.997118,
          0.05637,
          -0.050767,
          2.113976
        ],
        [
          0.027,
          -0.889097,
          -0.456921,
          1.394201
        ],
        [
          0.0,
          0.0,
          0.0,
          1.0
        ]
      ]
    },
    {
      "file_path": "/media/NFS/ttao/scannet/posed_images/scene0241_02/00402.jpg",
      "transform_matrix": [
        [
          -0.046035,
          0.414082,
          -0.909075,
          2.211763
        ],
        [
          0.9987,
          0.039005,
          -0.032807,
          2.101065
        ],
        [
          0.021874,
          -0.909404,
          -0.415339,
          1.379415
        ],
        [
          0.0,
          0.0,
          0.0,
          1.0
        ]
      ]
    },
    {
      "file_path": "/media/NFS/ttao/scannet/posed_images/scene0241_02/00404.jpg",
      "transform_matrix": [
        [
          -0.045355,
          0.406195,
          -0.91266,
          2.224368
        ],
        [
          0.998769,
          0.036824,
          -0.033245,
          2.098758
        ],
        [
          0.020104,
          -0.913044,
          -0.407365,
          1.383472
        ],
        [
          0.0,
          0.0,
          0.0,
          1.0
        ]
      ]
    },
    {
      "file_path": "/media/NFS/ttao/scannet/posed_images/scene0241_02/00410.jpg",
      "transform_matrix": [
        [
          -0.002618,
          0.372369,
          -0.928081,
          2.258996
        ],
        [
          0.999977,
          -0.004833,
          -0.00476,
          2.112267
        ],
        [
          -0.006258,
          -0.928072,
          -0.372348,
          1.383672
        ],
        [
          0.0,
          0.0,
          0.0,
          1.0
        ]
      ]
    },
    {
      "file_path": "/media/NFS/ttao/scannet/posed_images/scene0241_02/00417.jpg",
      "transform_matrix": [
        [
          0.00865,
          0.358573,
          -0.933462,
          2.254507
        ],
        [
          0.999924,
          -0.011272,
          0.004936,
          2.123121
        ],
        [
          -0.008752,
