{
  "frames": [
    {
      "file_path": "/media/NFS/ttao/scannet/posed_images/scene0200_01/00000.jpg",
      "transform_matrix": [
        [
          -0.931261,
          0.168814,
          -0.322886,
          2.917226
        ],
        [
          0.364251,
          0.452376,
          -0.81405,
          2.521577
        ],
        [
          0.008643,
          -0.875704,
          -0.48277,
          1.468766
        ],
        [
          0.0,
          0.0,
          0.0,
          1.0
        ]
      ]
    },
    {
      "file_path": "/media/NFS/ttao/scannet/posed_images/scene0200_01/00002.jpg",
      "transform_matrix": [
        [
          -0.934089,
          0.16811,
          -0.314987,
          2.934023
        ],
        [
          0.356976,
          0.456466,
          -0.81499,
          2.567899
        ],
        [
          0.006773,
          -0.873715,
          -0.486391,
          1.474079
        ],
        [
          0.0,
          0.0,
          0.0,
          1.0
        ]
      ]
    },
    {
      "file_path": "/media/NFS/ttao/scannet/posed_images/scene0200_01/00006.jpg",
      "transform_matrix": [
        [
          -0.936943,
          0.167886,
          -0.306516,
          2.954777
        ],
        [
          0.349476,
          0.455138,
          -0.818973,
          2.61957
        ],
        [
          0.002013,
          -0.874451,
          -0.48511,
          1.476436
        ],
        [
          0.0,
          0.0,
          0.0,
          1.0
        ]
      ]
    },
    {
      "file_path": "/media/NFS/ttao/scannet/posed_images/scene0200_01/00010.jpg",
      "transform_matrix": [
        [
          -0.938212,
          0.173441,
          -0.299459,
          2.963526
        ],
        [
          0.34603,
          0.458828,
          -0.818376,
          2.658172
        ],
        [
          -0.00454,
          -0.871433,
          -0.490494,
          1.490759
        ],
        [
          0.0,
          0.0,
          0.0,
          1.0
        ]
      ]
    },
    {
      "file_path": "/media/NFS/ttao/scannet/posed_images/scene0200_01/00013.jpg",
      "transform_matrix": [
        [
          -0.934219,
          0.179857,
          -0.308037,
          2.968306
        ],
        [
          0.356637,
          0.45467,
          -0.816141,
          2.674582
        ],
        [
          -0.006734,
          -0.872311,
          -0.488905,
          1.50004
        ],
        [
          0.0,
          0.0,
          0.0,
          1.0
        ]
      ]
    },
    {
      "file_path": "/media/NFS/ttao/scannet/posed_images/scene0200_01/00014.jpg",
      "transform_matrix": [
        [
          -0.931761,
          0.181813,
          -0.314271,
          2.973499
        ],
        [
          0.363027,
          0.452712,
          -0.81441,
          2.680564
        ],
        [
          -0.005796,
          -0.872924,
          -0.487822,
          1.500473
        ],
        [
          0.0,
          0.0,
          0.0,
          1.0
        ]
      ]
    },
    {
      "file_path": "/media/NFS/ttao/scannet/posed_images/scene0200_01/00019.jpg",
      "transform_matrix": [
        [
          -0.921457,
          0.196234,
          -0.335276,
          2.995704
        ],
        [
          0.388467,
          0.457911,
          -0.799632,
          2.693585
        ],
        [
          -0.003388,
          -0.86707,
          -0.498175,
          1.498049
        ],
        [
          0.0,
          0.0,
          0.0,
          1.0
        ]
      ]
    },
    {
      "file_path": "/media/NFS/ttao/scannet/posed_images/scene0200_01/00022.jpg",
      "transform_matrix": [
        [
          -0.91854,
          0.204093,
          -0.338572,
          3.015207
        ],
        [
          0.395325,
          0.470495,
          -0.788893,
          2.711514
        ],
        [
          -0.001712,
          -0.858476,
          -0.512852,
          1.486939
        ],
        [
          0.0,
          0.0,
          0.0,
          1.0
        ]
      ]
    },
    {
      "file_path": "/media/NFS/ttao/scannet/posed_images/scene0200_01/00024.jpg",
      "transform_matrix": [
        [
          -0.91557,
          0.209538,
          -0.343258,
          3.025723
        ],
        [
          0.402133,
          0.486756,
          -0.775473,
          2.721633
        ],
        [
          0.004592,
          -0.848035,
          -0.529921,
          1.477043
        ],
        [
          0.0,
          0.0,
          0.0,
          1.0
        ]
      ]
    },
    {
      "file_path": "/media/NFS/ttao/scannet/posed_images/scene0200_01/00026.jpg",
      "transform_matrix": [
        [
          -0.911526,
          0.222813,
          -0.345651,
          3.039205
        ],
        [
          0.411134,
          0.513002,
          -0.753524,
          2.723413
        ],
        [
          0.009425,
          -0.828965,
          -0.55922,
          1.472345
        ],
        [
          0.0,
          0.0,
          0.0,
          1.0
        ]
      ]
    },
    {
      "file_path": "/media/NFS/ttao/scannet/posed_images/scene0200_01/00029.jpg",
      "transform_matrix": [
        [
          -0.907764,
          0.237541,
          -0.345744,
          3.054689
        ],
        [
          0.419307,
          0.537574,
          -0.731571,
          2.733178
        ],
        [
          0.012085,
          -0.809067,
          -0.587593,
          1.464921
        ],
        [
          0.0,
          0.0,
          0.0,
          1.0
        ]
      ]
    },
    {
      "file_path": "/media/NFS/ttao/scannet/posed_images/scene0200_01/00034.jpg",
      "transform_matrix": [
        [
          -0.893929,
          0.260787,
          -0.364528,
          3.072475
        ],
        [
          0.447914,
          0.549253,
          -0.705474,
          2.768114
        ],
        [
          0.01624,
          -0.793921,
          -0.607804,
          1.446535
        ],
        [
          0.0,
          0.0,
          0.0,
          1.0
        ]
      ]
    },
    {
      "file_path": "/media/NFS/ttao/scannet/posed_images/scene0200_01/00035.jpg",
      "transform_matrix": [
        [
          -0.89065,
          0.268232,
          -0.367143,
          3.072364
        ],
        [
          0.454396,
          0.554108,
          -0.697487,
          2.772308
        ],
        [
          0.016349,
          -0.788045,
          -0.6154,
          1.446416
        ],
        [
          0.0,
          0.0,
          0.0,
          1.0
        ]
      ]
    },
    {
      "file_path": "/media/NFS/ttao/scannet/posed_images/scene0200_01/00039.jpg",
      "transform_matrix": [
        [
          -0.88634,
          0.280977,
          -0.368042,
          3.079482
        ],
        [
          0.462464,
          0.576682,
          -0.673473,
          2.791553
        ],
        [
          0.023013,
          -0.767131,
          -0.641077,
          1.438075
        ],
        [
          0.0,
          0.0,
          0.0,
          1.0
        ]
      ]
    },
    {
      "file_path": "/media/NFS/ttao/scannet/posed_images/scene0200_01/00040.jpg",
      "transform_matrix": [
        [
          -0.887817,
          0.28788,
          -0.359035,
          3.077088
        ],
        [
          0.459953,
          0.580478,
          -0.671929,
          2.799234
        ],
        [
          0.014977,
          -0.761689,
          -0.64777,
          1.436526
        ],
        [
          0.0,
          0.0,
          0.0,
          1.0
        ]
      ]
    },
    {
      "file_path": "/media/NFS/ttao/scannet/posed_images/scene0200_01/00043.jpg",
      "transform_matrix": [
        [
          -0.893035,
          0.29755,
          -0.337569,
          3.067663
        ],
        [
          0.449977,
          0.595622,
          -0.665399,
          2.823398
        ],
        [
          0.003074,
          -0.746122,
          -0.665802,
          1.432484
        ],
        [
          0.0,
          0.0,
          0.0,
          1.0
        ]
      ]
    },
    {
      "file_path": "/media/NFS/ttao/scannet/posed_images/scene0200_01/00048.jpg",
      "transform_matrix": [
        [
          -0.877903,
          0.318168,
          -0.357847,
          3.040148
        ],
        [
          0.478796,
          0.593201,
          -0.6472,
          2.849185
        ],
        [
          0.006357,
          -0.739515,
          -0.67311,
          1.43752
        ],
        [
          0.0,
          0.0,
          0.0,
          1.0
        ]
      ]
    },
    {
      "file_path": "/media/NFS/ttao/scannet/posed_images/scene0200_01/00049.jpg",
      "transform_matrix": [
        [
          -0.8738,
          0.32274,
          -0.363748,
          3.033024
        ],
        [
          0.486253,
          0.588594,
          -0.645845,
          2.856673
        ],
        [
          0.00566,
          -0.741212,
          -0.671247,
          1.435999
        ],
        [
          0.0,
          0.0,
          0.0,
          1.0
        ]
      ]
    },
    {
      "file_path": "/media/NFS/ttao/scannet/posed_images/scene0200_01/00054.jpg",
      "transform_matrix": [
        [
          -0.837705,
          0.355359,
          -0.414693,
          2.994518
        ],
        [
          0.546051,
          0.557328,
          -0.62547,
          2.880075
        ],
        [
          0.008854,
          -0.750403,
          -0.660921,
          1.447261
        ],
        [
          0.0,
          0.0,
          0.0,
          1.0
        ]
      ]
    },
    {
      "file_path": "/media/NFS/ttao/scannet/posed_images/scene0200_01/00055.jpg",
      "transform_matrix": [
        [
          -0.827119,
          0.362324,
          -0.429646,
          2.989888
        ],
        [
          0.561934,
          0.547054,
          -0.620454,
          2.884734
        ],
        [
          0.010234,
          -0.754621,
          -0.656081,
          1.448052
        ],
        [
          0.0,
          0.0,
          0.0,
          1.0
        ]
      ]
    },
    {
      "file_path": "/media/NFS/ttao/scannet/posed_images/scene0200_01/00060.jpg",
      "transform_matrix": [
        [
          -0.762746,
          0.407842,
          -0.50188,
          2.965583
        ],
        [
          0.646593,
          0.494958,
          -0.580461,
          2.89982
        ],
        [
          0.011674,
          -0.767256,
          -0.641235,
          1.449094
        ],
        [
          0.0,
          0.0,
          0.0,
          1.0
        ]
      ]
    },
    {
      "file_path": "/media/NFS/ttao/scannet/posed_images/scene0200_01/00063.jpg",
      "transform_matrix": [
        [
          -0.72201,
          0.433085,
          -0.539572,
          2.945671
        ],
        [
          0.691824,
          0.461997,
          -0.554922,
          2.905016
        ],
        [
          0.008952,
          -0.773949,
          -0.633185,
          1.457775
        ],
        [
          0.0,
          0.0,
          0.0,
          1.0
        ]
      ]
    },
    {
      "file_path": "/media/NFS/ttao/scannet/posed_images/scene0200_01/00066.jpg",
      "transform_matrix": [
        [
          -0.681454,
          0.447488,
          -0.579115,
          2.930302
        ],
        [
          0.731826,
          0.424388,
          -0.533222,
          2.909507
        ],
        [
          0.007159,
          -0.787178,
          -0.616684,
          1.463044
        ],
        [
          0.0,
          0.0,
          0.0,
          1.0
        ]
      ]
    },
    {
      "file_path": "/media/NFS/ttao/scannet/posed_images/scene0200_01/00068.jpg",
      "transform_matrix": [
        [
          -0.658904,
          0.447436,
          -0.604687,
          2.918874
        ],
        [
          0.752197,
          0.399074,
          -0.524347,
          2.912215
        ],
        [
          0.006703,
          -0.800338,
          -0.599511,
          1.466394
        ],
        [
          0.0,
          0.0,
          0.0,
          1.0
        ]
      ]
    },
    {
      "file_path": "/media/NFS/ttao/scannet/posed_images/scene0200_01/00070.jpg",
      "transform_matrix": [
        [
          -0.636679,
          0.447116,
          -0.628273,
          2.909863
        ],
        [
          0.771119,
          0.373236,
          -0.51582,
          2.911273
        ],
        [
          0.003863,
          -0.812885,
          -0.582411,
          1.468754
        ],
        [
          0.0,
          0.0,
          0.0,
          1.0
        ]
      ]
    },
    {
      "file_path": "/media/NFS/ttao/scannet/posed_images/scene0200_01/00075.jpg",
      "transform_matrix": [
        [
          -0.598287,
          0.448461,
          -0.66403,
          2.899802
        ],
        [
          0.801208,
          0.323592,
          -0.503343,
          2.899272
        ],
        [
          -0.010855,
          -0.83317,
          -0.552911,
          1.476502
        ],
        [
          0.0,
          0.0,
          0.0,
          1.0
        ]
      ]
    },
    {
      "file_path": "/media/NFS/ttao/scannet/posed_images/scene0200_01/00078.jpg",
      "transform_matrix": [
        [
          -0.576062,
          0.445911,
          -0.685067,
          2.894321
        ],
        [
          0.817385,
          0.308133,
          -0.486761,
          2.888591
        ],
        [
          -0.00596,
          -0.840368,
          -0.541984,
          1.474489
        ],
        [
          0.0,
          0.0,
          0.0,
          1.0
        ]
      ]
    },
    {
      "file_path": "/media/NFS/ttao/scannet/posed_images/scene0200_01/00079.jpg",
      "transform_matrix": [
        [
          -0.574479,
          0.445664,
          -0.686555,
          2.891795
        ],
        [
          0.818496,
          0.306373,
          -0.486004,
          2.885187
        ],
        [
          -0.006252,
          -0.841142,
          -0.540779,
          1.472948
        ],
        [
          0.0,
          0.0,
          0.0,
          1.0
        ]
      ]
    },
    {
      "file_path": "/media/NFS/ttao/scannet/posed_images/scene0200_01/00081.jpg",
      "transform_matrix": [
        [
          -0.565405,
          0.444187,
          -0.694993,
          2.880615
        ],
        [
          0.824778,
          0.296689,
          -0.48137,
          2.870686
        ],
        [
          -0.007621,
          -0.845384,
          -0.534105,
          1.472983
        ],
        [
          0.0,
          0.0,
          0.0,
          1.0
        ]
      ]
    },
    {
      "file_path": "/media/NFS/ttao/scannet/posed_images/scene0200_01/00086.jpg",
      "transform_matrix": [
        [
          -0.535609,
          0.445513,
          -0.717385,
          2.85004
        ],
        [
          0.844398,
          0.27175,
          -0.461675,
          2.835779
        ],
        [
          -0.010733,
          -0.853036,
          -0.521742,
          1.463651
        ],
        [
          0.0,
          0.0,
          0.0,
          1.0
        ]
      ]
    },
    {
      "file_path": "/media/NFS/ttao/scannet/posed_images/scene0200_01/00088.jpg",
      "transform_matrix": [
        [
          -0.526287,
          0.439914,
          -0.727666,
          2.818763
        ],
        [
          0.850275,
          0.26481,
          -0.454872,
          2.819338
        ],
        [
          -0.007411,
          -0.858109,
          -0.513414,
          1.469024
        ],
        [
          0.0,
          0.0,
          0.0,
          1.0
        ]
      ]
    },
    {
      "file_path": "/media/NFS/ttao/scannet/posed_images/scene0200_01/00090.jpg",
      "transform_matrix": [
        [
          -0.503113,
          0.427025,
          -0.75135,
          2.795229
        ],
        [
          0.864199,
          0.242419,
          -0.440901,
          2.788692
        ],
        [
          -0.006135,
          -0.871139,
          -0.490999,
          1.468585
        ],
        [
          0.0,
          0.0,
          0.0,
          1.0
        ]
      ]
    },
    {
      "file_path": "/media/NFS/ttao/scannet/posed_images/scene0200_01/00093.jpg",
      "transform_matrix": [
        [
          -0.488027,
          0.407781,
          -0.771716,
          2.754332
        ],
        [
          0.872734,
          0.214922,
          -0.438343,
          2.758433
        ],
        [
          -0.012889,
          -0.887425,
          -0.460772,
          1.467575
        ],
        [
          0.0,
          0.0,
          0.0,
          1.0
        ]
      ]
    },
    {
      "file_path": "/media/NFS/ttao/scannet/posed_images/scene0200_01/00097.jpg",
      "transform_matrix": [
        [
          -0.475623,
          0.375537,
          -0.795459,
          2.701573
        ],
        [
          0.879434,
          0.183007,
          -0.439437,
          2.737575
        ],
        [
          -0.01945,
          -0.90856,
          -0.417302,
          1.465345
        ],
        [
          0.0,
          0.0,
          0.0,
          1.0
        ]
      ]
    },
    {
      "file_path": "/media/NFS/ttao/scannet/posed_images/scene0200_01/00100.jpg",
      "transform_matrix": [
        [
          -0.455298,
          0.375706,
          -0.807186,
          2.674204
        ],
        [
          0.890147,
          0.173234,
          -0.421461,
          2.704416
        ],
        [
          -0.018513,
          -0.910404,
          -0.413306,
          1.464008
        ],
        [
          0.0,
          0.0,
          0.0,
          1.0
        ]
      ]
    },
    {
      "file_path": "/media/NFS/ttao/scannet/posed_images/scene0200_01/00104.jpg",
      "transform_matrix": [
        [
          -0.429909,
          0.400983,
          -0.808944,
          2.630917
        ],
        [
          0.902869,
          0.188724,
          -0.386277,
          2.675803
        ],
        [
          -0.002223,
          -0.896435,
          -0.44317,
          1.462995
        ],
        [
          0.0,
          0.0,
          0.0,
          1.0
        ]
      ]
    },
    {
      "file_path": "/media/NFS/ttao/scannet/posed_images/scene0200_01/00107.jpg",
      "transform_matrix": [
        [
          -0.405764,
          0.410587,
          -0.816562,
          2.604864
        ],
        [
          0.913971,
          0.178707,
          -0.36431,
          2.649127
        ],
        [
          -0.003656,
          -0.894137,
          -0.447778,
          1.46745
        ],
        [
          0.0,
          0.0,
          0.0,
          1.0
        ]
      ]
    },
    {
      "file_path": "/media/NFS/ttao/scannet/posed_images/scene0200_01/00108.jpg",
      "transform_matrix": [
        [
          -0.398605,
          0.411823,
          -0.819461,
          2.600017
        ],
        [
          0.917102,
          0.17299,
          -0.359163,
          2.637974
        ],
        [
          -0.006153,
          -0.894693,
          -0.446639,
          1.463941
        ],
        [
          0.0,
          0.0,
          0.0,
          1.0
        ]
      ]
    },
    {
      "file_path": "/media/NFS/ttao/scannet/posed_images/scene0200_01/00111.jpg",
      "transform_matrix": [
        [
          -0.371349,
          0.418258,
          -0.828951,
          2.576778
        ],
        [
          0.928434,
          0.157157,
          -0.33662,
          2.623025
        ],
        [
          -0.010518,
          -0.894629,
          -0.446685,
          1.456383
        ],
        [
          0.0,
          0.0,
          0.0,
          1.0
        ]
      ]
    },
    {
      "file_path": "/media/NFS/ttao/scannet/posed_images/scene0200_01/00116.jpg",
      "transform_matrix": [
        [
          -0.25575,
          0.428996,
          -0.866345,
          2.53528
        ],
        [
          0.966288,
          0.085959,
          -0.242688,
          2.572308
        ],
        [
          -0.029642,
          -0.899207,
          -0.436518,
          1.455852
        ],
        [
          0.0,
          0.0,
          0.0,
          1.0
        ]
      ]
    },
    {
      "file_path": "/media/NFS/ttao/scannet/posed_images/scene0200_01/00118.jpg",
      "transform_matrix": [
        [
          -0.211393,
          0.433778,
          -0.875871,
          2.518496
        ],
        [
          0.976444,
          0.054073,
          -0.208887,
          2.5745
        ],
        [
          -0.043249,
          -0.899396,
          -0.43499,
          1.456578
        ],
        [
          0.0,
          0.0,
          0.0,
          1.0
        ]
      ]
    },
    {
      "file_path": "/media/NFS/ttao/scannet/posed_images/scene0200_01/00121.jpg",
      "transform_matrix": [
        [
          -0.136977,
          0.43452,
          -0.890185,
          2.508773
        ],
        [
          0.988942,
          0.008416,
          -0.148065,
          2.54801
        ],
        [
          -0.056845,
          -0.900623,
          -0.430868,
          1.450924
        ],
        [
          0.0,
          0.0,
          0.0,
          1.0
        ]
      ]
    },
    {
      "file_path": "/media/NFS/ttao/scannet/posed_images/scene0200_01/00122.jpg",
      "transform_matrix": [
        [
          -0.111459,
          0.436993,
          -0.892532,
          2.501978
        ],
        [
          0.992109,
          -0.002965,
          -0.125346,
          2.541769
        ],
        [
          -0.057421,
          -0.89946,
          -0.433214,
          1.446993
        ],
        [
          0.0,
          0.0,
          0.0,
          1.0
        ]
      ]
    },
    {
      "file_path": "/media/NFS/ttao/scannet/posed_images/scene0200_01/00127.jpg",
      "transform_matrix": [
        [
          -0.003198,
          0.458575,
          -0.88865,
          2.486471
        ],
        [
          0.998472,
          -0.047567,
          -0.02814,
          2.538996
        ],
        [
          -0.055175,
          -0.887382,
          -0.457722,
          1.436976
        ],
        [
          0.0,
          0.0,
          0.0,
          1.0
        ]
      ]
    },
    {
      "file_path": "/media/NFS/ttao/scannet/posed_images/scene0200_01/00130.jpg",
      "transform_matrix": [
        [
          0.04148,
          0.459758,
          -0.887075,
          2.481274
        ],
        [
          0.998018,
          -0.061121,
          0.014989,
          2.530037
        ],
        [
          -0.047327,
          -0.885938,
          -0.461382,
          1.444259
        ],
        [
          0.0,
          0.0,
          0.0,
          1.0
        ]
      ]
    },
    {
      "file_path": "/media/NFS/ttao/scannet/posed_images/scene0200_01/00132.jpg",
      "transform_matrix": [
        [
          0.057734,
          0.456276,
          -0.887963,
          2.482182
        ],
        [
          0.997535,
          -0.061914,
          0.033044,
          2.547953
        ],
        [
          -0.0399,
          -0.887682,
          -0.458726,
          1.437411
        ],
        [
          0.0,
          0.0,
          0.0,
          1.0
        ]
      ]
    },
    {
      "file_path": "/media/NFS/ttao/scannet/posed_images/scene0200_01/00135.jpg",
      "transform_matrix": [
        [
          0.089082,
          0.460414,
          -0.883223,
          2.488628
        ],
        [
          0.995788,
          -0.06047,
          0.068913,
          2.561232
        ],
        [
          -0.02168,
          -0.885642,
          -0.463862,
          1.423611
        ],
        [
          0.0,
          0.0,
          0.0,
          1.0
        ]
      ]
    },
    {
      "file_path": "/media/NFS/ttao/scannet/posed_images/scene0200_01/00137.jpg",
      "transform_matrix": [
        [
          0.111795,
          0.466262,
          -0.877554,
          2.485185
        ],
        [
          0.993635,
          -0.064766,
          0.092171,
          2.566557
        ],
        [
          -0.01386,
          -0.882273,
          -0.470535,
          1.422572
        ],
        [
          0.0,
          0.0,
          0.0,
          1.0
        ]
      ]
    },
    {
      "file_path": "/media/NFS/ttao/scannet/posed_images/scene0200_01/00140.jpg",
      "transform_matrix": [
        [
          0.15901,
          0.463549,
          -0.871687,
          2.472019
        ],
        [
          0.987275,
          -0.076328,
          0.139505,
          2.580749
        ],
        [
          -0.001867,
          -0.882778,
          -0.469787,
          1.44374
        ],
        [
          0.0,
          0.0,
          0.0,
          1.0
        ]
      ]
    },
    {
      "file_path": "/media/NFS/ttao/scannet/posed_images/scene0200_01/00144.jpg",
      "transform_matrix": [
        [
          0.218211,
          0.459154,
          -0.86114,
          2.47281
        ],
        [
          0.9759,
          -0.104567,
          0.191536,
          2.607607
        ],
        [
          -0.002102,
          -0.882181,
          -0.470905,
          1.432845
        ],
        [
          0.0,
          0.0,
          0.0,
          1.0
        ]
      ]
    },
    {
      "file_path": "/media/NFS/ttao/scannet/posed_images/scene0200_01/00148.jpg",
      "transform_matrix": [
        [
          0.25856,
          0.459012,
          -0.849973,
          2.468372
        ],
        [
          0.965956,
          -0.130766,
          0.223225,
          2.61813
        ],
        [
          -0.008685,
          -0.878754,
          -0.477196,
          1.430828
        ],
        [
          0.0,
          0.0,
          0.0,
          1.0
        ]
      ]
    },
    {
      "file_path": "/media/NFS/ttao/scannet/posed_images/scene0200_01/00149.jpg",
      "transform_matrix": [
        [
          0.278396,
          0.455044,
          -0.845831,
          2.468065
        ],
        [
          0.960438,
          -0.138626,
          0.241539,
          2.616136
        ],
        [
          -0.007343,
          -0.879612,
          -0.475635,
          1.428013
        ],
        [
          0.0,
          0.0,
          0.0,
          1.0
        ]
      ]
    },
    {
      "file_path": "/media/NFS/ttao/scannet/posed_images/scene0200_01/00154.jpg",
      "transform_matrix": [
        [
          0.381065,
          0.429428,
          -0.818768,
          2.462875
        ],
        [
          0.92444,
          -0.16343,
          0.34453,
          2.624585
        ],
        [
          0.01414,
          -0.888191,
          -0.459258,
          1.435473
        ],
        [
          0.0,
          0.0,
          0.0,
          1.0
        ]
      ]
    },
    {
      "file_path": "/media/NFS/ttao/scannet/posed_images/scene0200_01/00157.jpg",
      "transform_matrix": [
        [
          0.443702,
          0.409399,
          -0.797196,
          2.458682
        ],
        [
          0.896081,
          -0.189805,
          0.401265,
          2.615507
        ],
        [
          0.012966,
          -0.892394,
          -0.451071,
          1.43683
        ],
        [
          0.0,
          0.0,
          0.0,
          1.0
        ]
      ]
    },
    {
      "file_path": "/media/NFS/ttao/scannet/posed_images/scene0200_01/00159.jpg",
      "transform_matrix": [
        [
          0.48012,
          0.396852,
          -0.7823,
          2.460336
        ],
        [
          0.87716,
          -0.208353,
          0.432643,
          2.609474
        ],
        [
          0.008701,
          -0.893923,
          -0.448137,
          1.426579
        ],
        [
          0.0,
          0.0,
          0.0,
          1.0
        ]
      ]
    },
    {
      "file_path": "/media/NFS/ttao/scannet/posed_images/scene0200_01/00160.jpg",
      "transform_matrix": [
        [
          0.500951,
          0.394389,
          -0.770393,
          2.448287
        ],
        [
          0.865372,
          -0.214456,
          0.452924,
          2.588591
        ],
        [
          0.013413,
          -0.893569,
          -0.448725,
          1.43443
        ],
        [
          0.0,
          0.0,
          0.0,
          1.0
        ]
      ]
    },
    {
      "file_path": "/media/NFS/ttao/scannet/posed_images/scene0200_01/00163.jpg",
      "transform_matrix": [
        [
          0.538931,
          0.379464,
          -0.752038,
          2.459334
        ],
        [
          0.842332,
          -0.236961,
          0.484072,
          2.597306
        ],
        [
          0.005484,
          -0.894347,
          -0.44734,
          1.439955
        ],
        [
          0.0,
          0.0,
          0.0,
          1.0
        ]
      ]
    },
    {
      "file_path": "/media/NFS/ttao/scannet/posed_images/scene0200_01/00166.jpg",
      "transform_matrix": [
        [
          0.581257,
          0.367057,
          -0.726229,
          2.465566
        ],
        [
          0.813718,
          -0.260056,
          0.519841,
          2.595443
        ],
        [
          0.001951,
          -0.893107,
          -0.449841,
          1.43848
        ],
        [
          0.0,
          0.0,
          0.0,
          1.0
        ]
      ]
    },
    {
      "file_path": "/media/NFS/ttao/scannet/posed_images/scene0200_01/00171.jpg",
      "transform_matrix": [
        [
          0.634888,
          0.334974,
          -0.696211,
          2.462801
        ],
        [
          0.772605,
          -0.274833,
          0.57232,
          2.578361
        ],
        [
          0.000371,
          -0.901255,
          -0.43329,
          1.448769
        ],
        [
          0.0,
          0.0,
          0.0,
          1.0
        ]
      ]
    },
    {
      "file_path": "/media/NFS/ttao/scannet/posed_images/scene0200_01/00174.jpg",
      "transform_matrix": [
        [
          0.668526,
          0.324685,
          -0.669069,
          2.47493
        ],
        [
          0.743601,
          -0.278013,
          0.608084,
          2.578811
        ],
        [
          0.011426,
          -0.90404,
          -0.427295,
          1.447875
        ],
        [
          0.0,
          0.0,
          0.0,
          1.0
        ]
      ]
    },
    {
      "file_path": "/media/NFS/ttao/scannet/posed_images/scene0200_01/00177.jpg",
      "transform_matrix": [
        [
          0.700763,
          0.312814,
          -0.641154,
          2.484662
        ],
        [
          0.71311,
          -0.281756,
          0.641941,
          2.584238
        ],
        [
          0.020159,
          -0.907062,
          -0.420515,
          1.451994
        ],
        [
          0.0,
          0.0,
          0.0,
          1.0
        ]
      ]
    },
    {
      "file_path": "/media/NFS/ttao/scannet/posed_images/scene0200_01/00178.jpg",
      "transform_matrix": [
        [
          0.711238,
          0.310031,
          -0.63089,
          2.489458
        ],
        [
          0.702507,
          -0.281556,
          0.653614,
          2.585175
        ],
        [
          0.02501,
          -0.908079,
          -0.418052,
          1.45243
        ],
        [
          0.0,
          0.0,
          0.0,
          1.0
        ]
      ]
    },
    {
      "file_path": "/media/NFS/ttao/scannet/posed_images/scene0200_01/00181.jpg",
      "transform_matrix": [
        [
          0.744728,
          0.296474,
          -0.597899,
          2.507878
        ],
        [
          0.666634,
          -0.288469,
          0.687302,
          2.591283
        ],
        [
          0.031292,
          -0.910433,
          -0.412471,
          1.450275
        ],
        [
          0.0,
          0.0,
          0.0,
          1.0
        ]
      ]
    },
    {
      "file_path": "/media/NFS/ttao/scannet/posed_images/scene0200_01/00186.jpg",
      "transform_matrix": [
        [
          0.793115,
          0.274333,
          -0.543792,
          2.53115
        ],
        [
          0.608269,
          -0.310927,
          0.730297,
          2.603006
        ],
        [
          0.031265,
          -0.909981,
          -0.413469,
          1.450932
        ],
        [
          0.0,
          0.0,
          0.0,
          1.0
        ]
      ]
    },
    {
      "file_path": "/media/NFS/ttao/scannet/posed_images/scene0200_01/00189.jpg",
      "transform_matrix": [
        [
          0.821624,
          0.26129,
          -0.506618,
          2.545365
        ],
        [
          0.569109,
          -0.325492,
          0.755096,
          2.613083
        ],
        [
          0.032399,
          -0.908726,
          -0.416134,
          1.451514
        ],
        [
          0.0,
          0.0,
          0.0,
          1.0
        ]
      ]
    },
    {
      "file_path": "/media/NFS/ttao/scannet/posed_images/scene0200_01/00190.jpg",
      "transform_matrix": [
        [
          0.830255,
          0.258931,
          -0.493589,
          2.549607
        ],
        [
          0.556253,
          -0.328555,
          0.763305,
          2.613405
        ],
        [
          0.035472,
          -0.908298,
          -0.416816,
          1.448929
        ],
        [
          0.0,
          0.0,
          0.0,
          1.0
        ]
      ]
    },
    {
      "file_path": "/media/NFS/ttao/scannet/posed_images/scene0200_01/00193.jpg",
      "transform_matrix": [
        [
          0.850427,
          0.248151,
          -0.463892,
          2.564934
        ],
        [
          0.524894,
          -0.340706,
          0.780004,
          2.62254
        ],
        [
          0.035508,
          -0.90683,
          -0.419998,
          1.447817
        ],
        [
          0.0,
          0.0,
          0.0,
          1.0
        ]
      ]
    },
    {
      "file_path": "/media/NFS/ttao/scannet/posed_images/scene0200_01/00196.jpg",
      "transform_matrix": [
        [
          0.869916,
          0.236958,
          -0.432547,
          2.577386
        ],
        [
          0.49194,
          -0.354247,
          0.795302,
          2.632905
        ],
        [
          0.035225,
          -0.904633,
          -0.424734,
          1.445171
        ],
        [
          0.0,
          0.0,
          0.0,
          1.0
        ]
      ]
    },
    {
      "file_path": "/media/NFS/ttao/scannet/posed_images/scene0200_01/00200.jpg",
      "transform_matrix": [
        [
          0.889075,
          0.225249,
          -0.398509,
          2.586912
        ],
        [
          0.456674,
          -0.376449,
          0.806062,
          2.649406
        ],
        [
          0.031546,
          -0.898637,
          -0.437557,
          1.444631
        ],
        [
          0.0,
          0.0,
          0.0,
          1.0
        ]
      ]
    },
    {
      "file_path": "/media/NFS/ttao/scannet/posed_images/scene0200_01/00202.jpg",
      "transform_matrix": [
        [
          0.893231,
          0.222236,
          -0.390833,
          2.5928
        ],
        [
          0.44856,
          -0.381435,
          0.808271,
          2.653988
        ],
        [
          0.030549,
          -0.897284,
          -0.440395,
          1.441432
        ],
        [
          0.0,
          0.0,
          0.0,
          1.0
        ]
      ]
    },
    {
      "file_path": "/media/NFS/ttao/scannet/posed_images/scene0200_01/00206.jpg",
      "transform_matrix": [
        [
          0.899926,
          0.223997,
          -0.374111,
          2.617588
        ],
        [
          0.434886,
          -0.398614,
          0.807454,
          2.671153
        ],
        [
          0.031741,
          -0.889344,
          -0.456136,
          1.438313
        ],
        [
          0.0,
          0.0,
          0.0,
          1.0
        ]
      ]
    },
    {
      "file_path": "/media/NFS/ttao/scannet/posed_images/scene0200_01/00207.jpg",
      "transform_matrix": [
        [
          0.906695,
          0.220043,
          -0.359841,
          2.615271
        ],
        [
          0.420477,
          -0.404344,
          0.812222,
          2.672729
        ],
        [
          0.033224,
          -0.887743,
          -0.45914,
          1.435939
        ],
        [
          0.0,
          0.0,
          0.0,
          1.0
        ]
      ]
    },
    {
      "file_path": "/media/NFS/ttao/scannet/posed_images/scene0200_01/00210.jpg",
      "transform_matrix": [
        [
          0.921029,
          0.218244,
          -0.322606,
          2.619516
        ],
        [
          0.387412,
          -0.427815,
          0.816631,
          2.6864
        ],
        [
          0.040209,
          -0.877122,
          -0.478581,
          1.436613
        ],
        [
          0.0,
          0.0,
          0.0,
          1.0
        ]
      ]
    },
    {
      "file_path": "/media/NFS/ttao/scannet/posed_images/scene0200_01/00213.jpg",
      "transform_matrix": [
        [
          0.925267,
          0.224011,
          -0.306105,
          2.625181
        ],
        [
          0.376331,
          -0.441065,
          0.814761,
          2.691274
        ],
        [
          0.047504,
          -0.869069,
          -0.492406,
          1.428728
        ],
        [
          0.0,
          0.0,
          0.0,
          1.0
        ]
      ]
    },
    {
      "file_path": "/media/NFS/ttao/scannet/posed_images/scene0200_01/00218.jpg",
      "transform_matrix": [
        [
          0.9333,
          0.219497,
          -0.284204,
          2.636653
        ],
        [
          0.356298,
          -0.467395,
          0.809069,
          2.7016
        ],
        [
          0.044753,
          -0.856366,
          -0.514426,
          1.420807
        ],
        [
          0.0,
          0.0,
          0.0,
          1.0
        ]
      ]
    },
    {
      "file_path": "/media/NFS/ttao/scannet/posed_images/scene0200_01/00219.jpg",
      "transform_matrix": [
        [
          0.934446,
          0.220244,
          -0.279825,
          2.639503
        ],
        [
          0.353249,
          -0.474008,
          0.806555,
          2.703257
        ],
        [
          0.045,
          -0.852531,
          -0.520736,
          1.41843
        ],
        [
          0.0,
          0.0,
          0.0,
          1.0
        ]
      ]
    },
    {
      "file_path": "/media/NFS/ttao/scannet/posed_images/scene0200_01/00224.jpg",
      "transform_matrix": [
        [
          0.937185,
          0.227728,
          -0.264242,
          2.646295
        ],
        [
          0.345938,
          -0.509365,
          0.787956,
          2.70495
        ],
        [
          0.044844,
          -0.829872,
          -0.556149,
          1.396704
        ],
        [
          0.0,
          0.0,
          0.0,
          1.0
        ]
      ]
    },
    {
      "file_path": "/media/NFS/ttao/scannet/posed_images/scene0200_01/00226.jpg",
      "transform_matrix": [
        [
          0.938162,
          0.22451,
          -0.263529,
          2.648738
        ],
        [
          0.343546,
          -0.509733,
          0.788764,
          2.703673
        ],
        [
          0.042756,
          -0.830523,
          -0.555342,
          1.391625
        ],
        [
