{
  "frames": [
    {
      "file_path": "/media/NFS/ttao/scannet/posed_images/scene0505_00/00000.jpg",
      "transform_matrix": [
        [
          -0.688438,
          0.34833,
          -0.636176,
          2.107393
        ],
        [
          0.722564,
          0.253334,
          -0.643213,
          4.693974
        ],
        [
          -0.062886,
          -0.90249,
          -0.426096,
          1.309573
        ],
        [
          0.0,
          0.0,
          0.0,
          1.0
        ]
      ]
    },
    {
      "file_path": "/media/NFS/ttao/scannet/posed_images/scene0505_00/00016.jpg",
      "transform_matrix": [
        [
          -0.698384,
          0.317002,
          -0.641693,
          2.100953
        ],
        [
          0.715208,
          0.275076,
          -0.642504,
          4.697198
        ],
        [
          -0.02716,
          -0.907658,
          -0.418831,
          1.34191
        ],
        [
          0.0,
          0.0,
          0.0,
          1.0
        ]
      ]
    },
    {
      "file_path": "/media/NFS/ttao/scannet/posed_images/scene0505_00/00027.jpg",
      "transform_matrix": [
        [
          -0.676265,
          0.345803,
          -0.65045,
          2.109212
        ],
        [
          0.73542,
          0.265738,
          -0.623331,
          4.733984
        ],
        [
          -0.042701,
          -0.899891,
          -0.434019,
          1.293092
        ],
        [
          0.0,
          0.0,
          0.0,
          1.0
        ]
      ]
    },
    {
      "file_path": "/media/NFS/ttao/scannet/posed_images/scene0505_00/00039.jpg",
      "transform_matrix": [
        [
          -0.690514,
          0.393319,
          -0.607034,
          2.110665
        ],
        [
          0.719892,
          0.292098,
          -0.62963,
          4.764178
        ],
        [
          -0.070332,
          -0.871768,
          -0.484845,
          1.265598
        ],
        [
          0.0,
          0.0,
          0.0,
          1.0
        ]
      ]
    },
    {
      "file_path": "/media/NFS/ttao/scannet/posed_images/scene0505_00/00054.jpg",
      "transform_matrix": [
        [
          -0.700322,
          0.409001,
          -0.585037,
          2.062052
        ],
        [
          0.710029,
          0.314689,
          -0.629944,
          4.79628
        ],
        [
          -0.073543,
          -0.856557,
          -0.510786,
          1.23587
        ],
        [
          0.0,
          0.0,
          0.0,
          1.0
        ]
      ]
    },
    {
      "file_path": "/media/NFS/ttao/scannet/posed_images/scene0505_00/00062.jpg",
      "transform_matrix": [
        [
          -0.794952,
          0.368851,
          -0.481664,
          1.961074
        ],
        [
          0.599197,
          0.353119,
          -0.718519,
          4.837307
        ],
        [
          -0.094942,
          -0.8598,
          -0.501727,
          1.203485
        ],
        [
          0.0,
          0.0,
          0.0,
          1.0
        ]
      ]
    },
    {
      "file_path": "/media/NFS/ttao/scannet/posed_images/scene0505_00/00074.jpg",
      "transform_matrix": [
        [
          -0.897082,
          0.295926,
          -0.328135,
          1.779439
        ],
        [
          0.433337,
          0.443998,
          -0.784274,
          4.900087
        ],
        [
          -0.086396,
          -0.84575,
          -0.526538,
          1.173362
        ],
        [
          0.0,
          0.0,
          0.0,
          1.0
        ]
      ]
    },
    {
      "file_path": "/media/NFS/ttao/scannet/posed_images/scene0505_00/00089.jpg",
      "transform_matrix": [
        [
          -0.894957,
          0.341826,
          -0.286717,
          1.673969
        ],
        [
          0.429221,
          0.484303,
          -0.762378,
          4.905013
        ],
        [
          -0.121743,
          -0.805361,
          -0.580149,
          1.136694
        ],
        [
          0.0,
          0.0,
          0.0,
          1.0
        ]
      ]
    },
    {
      "file_path": "/media/NFS/ttao/scannet/posed_images/scene0505_00/00101.jpg",
      "transform_matrix": [
        [
          -0.928208,
          0.216252,
          -0.302763,
          1.711093
        ],
        [
          0.371909,
          0.515923,
          -0.771691,
          4.862895
        ],
        [
          -0.010677,
          -0.82889,
          -0.55931,
          1.215391
        ],
        [
          0.0,
          0.0,
          0.0,
          1.0
        ]
      ]
    },
    {
      "file_path": "/media/NFS/ttao/scannet/posed_images/scene0505_00/00124.jpg",
      "transform_matrix": [
        [
          -0.943187,
          0.155431,
          -0.293665,
          1.83244
        ],
        [
          0.332207,
          0.457238,
          -0.824968,
          4.831257
        ],
        [
          0.00605,
          -0.875656,
          -0.482897,
          1.2849
        ],
        [
          0.0,
          0.0,
          0.0,
          1.0
        ]
      ]
    },
    {
      "file_path": "/media/NFS/ttao/scannet/posed_images/scene0505_00/00128.jpg",
      "transform_matrix": [
        [
          -0.938983,
          0.15758,
          -0.305745,
          1.875463
        ],
        [
          0.343576,
          0.471894,
          -0.811955,
          4.814814
        ],
        [
          0.016331,
          -0.867459,
          -0.497241,
          1.286829
        ],
        [
          0.0,
          0.0,
          0.0,
          1.0
        ]
      ]
    },
    {
      "file_path": "/media/NFS/ttao/scannet/posed_images/scene0505_00/00144.jpg",
      "transform_matrix": [
        [
          -0.953848,
          0.130015,
          -0.270686,
          2.023897
        ],
        [
          0.300045,
          0.449157,
          -0.841565,
          4.796451
        ],
        [
          0.012165,
          -0.883943,
          -0.467437,
          1.286597
        ],
        [
          0.0,
          0.0,
          0.0,
          1.0
        ]
      ]
    },
    {
      "file_path": "/media/NFS/ttao/scannet/posed_images/scene0505_00/00151.jpg",
      "transform_matrix": [
        [
          -0.949381,
          0.129056,
          -0.28639,
          2.096118
        ],
        [
          0.313929,
          0.422086,
          -0.850466,
          4.774563
        ],
        [
          0.011123,
          -0.897323,
          -0.441235,
          1.293125
        ],
        [
          0.0,
          0.0,
          0.0,
          1.0
        ]
      ]
    },
    {
      "file_path": "/media/NFS/ttao/scannet/posed_images/scene0505_00/00171.jpg",
      "transform_matrix": [
        [
          -0.955649,
          0.113757,
          -0.27165,
          2.353576
        ],
        [
          0.294386,
          0.395465,
          -0.870025,
          4.687416
        ],
        [
          0.008457,
          -0.911409,
          -0.411415,
          1.231662
        ],
        [
          0.0,
          0.0,
          0.0,
          1.0
        ]
      ]
    },
    {
      "file_path": "/media/NFS/ttao/scannet/posed_images/scene0505_00/00182.jpg",
      "transform_matrix": [
        [
          -0.962816,
          0.080511,
          -0.257881,
          2.409225
        ],
        [
          0.266539,
          0.438781,
          -0.858154,
          4.661805
        ],
        [
          0.044062,
          -0.89498,
          -0.443925,
          1.203122
        ],
        [
          0.0,
          0.0,
          0.0,
          1.0
        ]
      ]
    },
    {
      "file_path": "/media/NFS/ttao/scannet/posed_images/scene0505_00/00190.jpg",
      "transform_matrix": [
        [
          -0.965058,
          0.075908,
          -0.2508,
          2.431951
        ],
        [
          0.257251,
          0.456527,
          -0.851707,
          4.635617
        ],
        [
          0.049845,
          -0.886466,
          -0.460102,
          1.189845
        ],
        [
          0.0,
          0.0,
          0.0,
          1.0
        ]
      ]
    },
    {
      "file_path": "/media/NFS/ttao/scannet/posed_images/scene0505_00/00206.jpg",
      "transform_matrix": [
        [
          -0.936946,
          0.19676,
          -0.288821,
          2.486564
        ],
        [
          0.347321,
          0.432675,
          -0.831962,
          4.534551
        ],
        [
          -0.038732,
          -0.879817,
          -0.473732,
          1.204183
        ],
        [
          0.0,
          0.0,
          0.0,
          1.0
        ]
      ]
    },
    {
      "file_path": "/media/NFS/ttao/scannet/posed_images/scene0505_00/00225.jpg",
      "transform_matrix": [
        [
          -0.79104,
          0.298513,
          -0.533991,
          2.674908
        ],
        [
          0.61102,
          0.342472,
          -0.7137,
          4.428181
        ],
        [
          -0.030172,
          -0.890844,
          -0.453306,
          1.188006
        ],
        [
          0.0,
          0.0,
          0.0,
          1.0
        ]
      ]
    },
    {
      "file_path": "/media/NFS/ttao/scannet/posed_images/scene0505_00/00233.jpg",
      "transform_matrix": [
        [
          -0.805809,
          0.307847,
          -0.505867,
          2.708483
        ],
        [
          0.59097,
          0.363582,
          -0.720113,
          4.395561
        ],
        [
          -0.037761,
          -0.879226,
          -0.474906,
          1.164322
        ],
        [
          0.0,
          0.0,
          0.0,
          1.0
        ]
      ]
    },
    {
      "file_path": "/media/NFS/ttao/scannet/posed_images/scene0505_00/00252.jpg",
      "transform_matrix": [
        [
          -0.810559,
          0.318859,
          -0.491247,
          2.599085
        ],
        [
          0.575081,
          0.274646,
          -0.770617,
          4.467511
        ],
        [
          -0.110799,
          -0.907138,
          -0.405986,
          1.255231
        ],
        [
          0.0,
          0.0,
          0.0,
          1.0
        ]
      ]
    },
    {
      "file_path": "/media/NFS/ttao/scannet/posed_images/scene0505_00/00260.jpg",
      "transform_matrix": [
        [
          -0.862607,
          0.289319,
          -0.414975,
          2.509188
        ],
        [
          0.494214,
          0.306845,
          -0.813388,
          4.533842
        ],
        [
          -0.107995,
          -0.90672,
          -0.407672,
          1.278789
        ],
        [
          0.0,
          0.0,
          0.0,
          1.0
        ]
      ]
    },
    {
      "file_path": "/media/NFS/ttao/scannet/posed_images/scene0505_00/00275.jpg",
      "transform_matrix": [
        [
          -0.884748,
          0.261604,
          -0.385727,
          2.383848
        ],
        [
          0.461178,
          0.371792,
          -0.805658,
          4.592904
        ],
        [
          -0.067354,
          -0.890693,
          -0.449588,
          1.281906
        ],
        [
          0.0,
          0.0,
          0.0,
          1.0
        ]
      ]
    },
    {
      "file_path": "/media/NFS/ttao/scannet/posed_images/scene0505_00/00287.jpg",
      "transform_matrix": [
        [
          -0.912097,
          0.237774,
          -0.333982,
          2.288454
        ],
        [
          0.403781,
          0.379918,
          -0.83224,
          4.585893
        ],
        [
          -0.070999,
          -0.893939,
          -0.44253,
          1.287166
        ],
        [
          0.0,
          0.0,
          0.0,
          1.0
        ]
      ]
    },
    {
      "file_path": "/media/NFS/ttao/scannet/posed_images/scene0505_00/00299.jpg",
      "transform_matrix": [
        [
          -0.952141,
          0.188142,
          -0.240896,
          2.099356
        ],
        [
          0.299019,
          0.409941,
          -0.861705,
          4.58163
        ],
        [
          -0.06337,
          -0.892497,
          -0.44658,
          1.28517
        ],
        [
          0.0,
          0.0,
          0.0,
          1.0
        ]
      ]
    },
    {
      "file_path": "/media/NFS/ttao/scannet/posed_images/scene0505_00/00318.jpg",
      "transform_matrix": [
        [
          -0.995383,
          0.092698,
          -0.024883,
          1.838459
        ],
        [
          0.069326,
          0.515084,
          -0.854331,
          4.608706
        ],
        [
          -0.066378,
          -0.852112,
          -0.519133,
          1.288161
        ],
        [
          0.0,
          0.0,
          0.0,
          1.0
        ]
      ]
    },
    {
      "file_path": "/media/NFS/ttao/scannet/posed_images/scene0505_00/00322.jpg",
      "transform_matrix": [
        [
          -0.996339,
          0.085406,
          -0.003733,
          1.805462
        ],
        [
          0.048605,
          0.530025,
          -0.846588,
          4.598059
        ],
        [
          -0.070326,
          -0.84367,
          -0.532236,
          1.290739
        ],
        [
          0.0,
          0.0,
          0.0,
          1.0
        ]
      ]
    },
    {
      "file_path": "/media/NFS/ttao/scannet/posed_images/scene0505_00/00334.jpg",
      "transform_matrix": [
        [
          -0.999554,
          0.028733,
          0.008201,
          1.775498
        ],
        [
          0.008725,
          0.543157,
          -0.839586,
          4.515198
        ],
        [
          -0.028578,
          -0.839139,
          -0.543165,
          1.284516
        ],
        [
          0.0,
          0.0,
          0.0,
          1.0
        ]
      ]
    },
    {
      "file_path": "/media/NFS/ttao/scannet/posed_images/scene0505_00/00353.jpg",
      "transform_matrix": [
        [
          -0.999848,
          0.01695,
          -0.003986,
          1.788948
        ],
        [
          0.012002,
          0.505044,
          -0.86301,
          4.361547
        ],
        [
          -0.012615,
          -0.862927,
          -0.505171,
          1.324066
        ],
        [
          0.0,
          0.0,
          0.0,
          1.0
        ]
      ]
    },
    {
      "file_path": "/media/NFS/ttao/scannet/posed_images/scene0505_00/00361.jpg",
      "transform_matrix": [
        [
          -0.99866,
          0.016371,
          -0.049096,
          1.806099
        ],
        [
          0.050776,
          0.493464,
          -0.868282,
          4.371671
        ],
        [
          0.010012,
          -0.869612,
          -0.493635,
          1.327026
        ],
        [
          0.0,
          0.0,
          0.0,
          1.0
        ]
      ]
    },
    {
      "file_path": "/media/NFS/ttao/scannet/posed_images/scene0505_00/00380.jpg",
      "transform_matrix": [
        [
          -0.971196,
          0.102283,
          -0.215214,
          1.879279
        ],
        [
          0.237214,
          0.329549,
          -0.913853,
          4.528708
        ],
        [
          -0.022548,
          -0.938582,
          -0.344319,
          1.369299
        ],
        [
          0.0,
          0.0,
          0.0,
          1.0
        ]
      ]
    },
    {
      "file_path": "/media/NFS/ttao/scannet/posed_images/scene0505_00/00384.jpg",
      "transform_matrix": [
        [
          -0.968912,
          0.113665,
          -0.219748,
          1.903947
        ],
        [
          0.245088,
          0.31973,
          -0.915262,
          4.545343
        ],
        [
          -0.033773,
          -0.940666,
          -0.337648,
          1.372685
        ],
        [
          0.0,
          0.0,
          0.0,
          1.0
        ]
      ]
    },
    {
      "file_path": "/media/NFS/ttao/scannet/posed_images/scene0505_00/00400.jpg",
      "transform_matrix": [
        [
          -0.914141,
          0.148484,
          -0.377225,
          1.930331
        ],
        [
          0.404324,
          0.266277,
          -0.874997,
          4.554649
        ],
        [
          -0.029477,
          -0.952391,
          -0.30345,
          1.382579
        ],
        [
          0.0,
          0.0,
          0.0,
          1.0
        ]
      ]
    },
    {
      "file_path": "/media/NFS/ttao/scannet/posed_images/scene0505_00/00415.jpg",
      "transform_matrix": [
        [
          -0.775926,
          0.208452,
          -0.595388,
          2.014733
        ],
        [
          0.630049,
          0.209308,
          -0.747816,
          4.48058
        ],
        [
          -0.031264,
          -0.955373,
          -0.293742,
          1.397788
        ],
        [
          0.0,
          0.0,
          0.0,
          1.0
        ]
      ]
    },
    {
      "file_path": "/media/NFS/ttao/scannet/posed_images/scene0505_00/00431.jpg",
      "transform_matrix": [
        [
          -0.665931,
          0.167498,
          -0.726967,
          2.171841
        ],
        [
          0.74593,
          0.164094,
          -0.645493,
          4.493103
        ],
        [
          0.011172,
          -0.97212,
          -0.234217,
          1.416534
        ],
        [
          0.0,
          0.0,
          0.0,
          1.0
        ]
      ]
    },
    {
      "file_path": "/media/NFS/ttao/scannet/posed_images/scene0505_00/00438.jpg",
      "transform_matrix": [
        [
          -0.636175,
          0.152045,
          -0.756415,
          2.24683
        ],
        [
          0.771491,
          0.113773,
          -0.625985,
          4.509354
        ],
        [
          -0.009118,
          -0.981803,
          -0.189681,
          1.445915
        ],
        [
          0.0,
          0.0,
          0.0,
          1.0
        ]
      ]
    },
    {
      "file_path": "/media/NFS/ttao/scannet/posed_images/scene0505_00/00454.jpg",
      "transform_matrix": [
        [
          -0.560501,
          0.163453,
          -0.811863,
          2.31753
        ],
        [
          0.827995,
          0.091383,
          -0.553239,
          4.501377
        ],
        [
          -0.016239,
          -0.98231,
          -0.186558,
          1.422859
        ],
        [
          0.0,
          0.0,
          0.0,
          1.0
        ]
      ]
    },
    {
      "file_path": "/media/NFS/ttao/scannet/posed_images/scene0505_00/00462.jpg",
      "transform_matrix": [
        [
          -0.486694,
          0.194961,
          -0.851539,
          2.317737
        ],
        [
          0.873431,
          0.091083,
          -0.478353,
          4.443416
        ],
        [
          -0.015699,
          -0.976573,
          -0.214615,
          1.376318
        ],
        [
          0.0,
          0.0,
          0.0,
          1.0
        ]
      ]
    },
    {
      "file_path": "/media/NFS/ttao/scannet/posed_images/scene0505_00/00481.jpg",
      "transform_matrix": [
        [
          -0.312539,
          0.380957,
          -0.870168,
          2.299908
        ],
        [
          0.948268,
          0.071367,
          -0.309346,
          4.311226
        ],
        [
          -0.055746,
          -0.921835,
          -0.383554,
          1.312246
        ],
        [
          0.0,
          0.0,
          0.0,
          1.0
        ]
      ]
    },
    {
      "file_path": "/media/NFS/ttao/scannet/posed_images/scene0505_00/00497.jpg",
      "transform_matrix": [
        [
          -0.210108,
          0.451646,
          -0.867105,
          2.392772
        ],
        [
          0.976523,
          0.053843,
          -0.208575,
          4.334
        ],
        [
          -0.047515,
          -0.890571,
          -0.452356,
          1.314088
        ],
        [
          0.0,
          0.0,
          0.0,
          1.0
        ]
      ]
    },
    {
      "file_path": "/media/NFS/ttao/scannet/posed_images/scene0505_00/00512.jpg",
      "transform_matrix": [
        [
          -0.028574,
          0.460916,
          -0.886983,
          2.444562
        ],
        [
          0.999579,
          0.017609,
          -0.02305,
          4.257084
        ],
        [
          0.004994,
          -0.887269,
          -0.461226,
          1.327424
        ],
        [
          0.0,
          0.0,
          0.0,
          1.0
        ]
      ]
    },
    {
      "file_path": "/media/NFS/ttao/scannet/posed_images/scene0505_00/00524.jpg",
      "transform_matrix": [
        [
          0.100469,
          0.436138,
          -0.894254,
          2.401747
        ],
        [
          0.994748,
          -0.06169,
          0.081673,
          4.090692
        ],
        [
          -0.019546,
          -0.897763,
          -0.440046,
          1.310715
        ],
        [
          0.0,
          0.0,
          0.0,
          1.0
        ]
      ]
    },
    {
      "file_path": "/media/NFS/ttao/scannet/posed_images/scene0505_00/00535.jpg",
      "transform_matrix": [
        [
          0.226437,
          0.43685,
          -0.870568,
          2.372157
        ],
        [
          0.97351,
          -0.07241,
          0.216877,
          4.020337
        ],
        [
          0.031705,
          -0.896616,
          -0.441674,
          1.325742
        ],
        [
          0.0,
          0.0,
          0.0,
          1.0
        ]
      ]
    },
    {
      "file_path": "/media/NFS/ttao/scannet/posed_images/scene0505_00/00543.jpg",
      "transform_matrix": [
        [
          0.27794,
          0.410949,
          -0.868257,
          2.393195
        ],
        [
          0.960544,
          -0.128508,
          0.246659,
          4.010067
        ],
        [
          -0.010214,
          -0.902556,
          -0.430452,
          1.337294
        ],
        [
          0.0,
          0.0,
          0.0,
          1.0
        ]
      ]
    },
    {
      "file_path": "/media/NFS/ttao/scannet/posed_images/scene0505_00/00559.jpg",
      "transform_matrix": [
        [
          0.457581,
          0.357366,
          -0.814192,
          2.378814
        ],
        [
          0.889102,
          -0.172767,
          0.42385,
          3.865787
        ],
        [
          0.010804,
          -0.917846,
          -0.396789,
          1.343691
        ],
        [
          0.0,
          0.0,
          0.0,
          1.0
        ]
      ]
    },
    {
      "file_path": "/media/NFS/ttao/scannet/posed_images/scene0505_00/00570.jpg",
      "transform_matrix": [
        [
          0.557339,
          0.318079,
          -0.766942,
          2.333716
        ],
        [
          0.830284,
          -0.214994,
          0.514204,
          3.731725
        ],
        [
          -0.00133,
          -0.923365,
          -0.38392,
          1.338616
        ],
        [
          0.0,
          0.0,
          0.0,
          1.0
        ]
      ]
    },
    {
      "file_path": "/media/NFS/ttao/scannet/posed_images/scene0505_00/00578.jpg",
      "transform_matrix": [
        [
          0.636645,
          0.300723,
          -0.710105,
          2.353712
        ],
        [
          0.771117,
          -0.238894,
          0.590176,
          3.689224
        ],
        [
          0.00784,
          -0.923307,
          -0.383983,
          1.352631
        ],
        [
          0.0,
          0.0,
          0.0,
          1.0
        ]
      ]
    },
    {
      "file_path": "/media/NFS/ttao/scannet/posed_images/scene0505_00/00601.jpg",
      "transform_matrix": [
        [
          0.765609,
          0.238725,
          -0.597372,
          2.441913
        ],
        [
          0.641335,
          -0.355877,
          0.679736,
          3.645506
        ],
        [
          -0.050321,
          -0.903528,
          -0.425565,
          1.3393
        ],
        [
          0.0,
          0.0,
          0.0,
          1.0
        ]
      ]
    },
    {
      "file_path": "/media/NFS/ttao/scannet/posed_images/scene0505_00/00613.jpg",
      "transform_matrix": [
        [
          0.842708,
          0.254979,
          -0.474162,
          2.390235
        ],
        [
          0.538058,
          -0.368852,
          0.757919,
          3.622442
        ],
        [
          0.018358,
          -0.893831,
          -0.448028,
          1.28762
        ],
        [
          0.0,
          0.0,
          0.0,
          1.0
        ]
      ]
    },
    {
      "file_path": "/media/NFS/ttao/scannet/posed_images/scene0505_00/00617.jpg",
      "transform_matrix": [
        [
          0.830995,
          0.278267,
          -0.481679,
          2.382988
        ],
        [
          0.555675,
          -0.37487,
          0.74209,
          3.628488
        ],
        [
          0.025933,
          -0.88433,
          -0.466141,
          1.308399
        ],
        [
          0.0,
          0.0,
          0.0,
          1.0
        ]
      ]
    },
    {
      "file_path": "/media/NFS/ttao/scannet/posed_images/scene0505_00/00636.jpg",
      "transform_matrix": [
        [
          0.714946,
          0.192498,
          -0.672158,
          2.483768
        ],
        [
          0.699078,
          -0.213232,
          0.682512,
          3.619931
        ],
        [
          -0.011943,
          -0.95785,
          -0.287021,
          1.399284
        ],
        [
          0.0,
          0.0,
          0.0,
          1.0
        ]
      ]
    },
    {
      "file_path": "/media/NFS/ttao/scannet/posed_images/scene0505_00/00652.jpg",
      "transform_matrix": [
        [
          0.680452,
          0.075683,
          -0.728874,
          2.554379
        ],
        [
          0.732737,
          -0.058032,
          0.678033,
          3.609347
        ],
        [
          0.009017,
          -0.995442,
          -0.094944,
          1.440982
        ],
        [
          0.0,
          0.0,
          0.0,
          1.0
        ]
      ]
    },
    {
      "file_path": "/media/NFS/ttao/scannet/posed_images/scene0505_00/00656.jpg",
      "transform_matrix": [
        [
          0.685135,
          0.063798,
          -0.725617,
          2.552401
        ],
        [
          0.728084,
          -0.029933,
          0.684834,
          3.598641
        ],
        [
          0.021971,
          -0.997514,
          -0.066959,
          1.441826
        ],
        [
          0.0,
          0.0,
          0.0,
          1.0
        ]
      ]
    },
    {
      "file_path": "/media/NFS/ttao/scannet/posed_images/scene0505_00/00679.jpg",
      "transform_matrix": [
        [
          0.722545,
          -0.009364,
          -0.691261,
          2.563898
        ],
        [
          0.68747,
          0.115166,
          0.717023,
          3.541486
        ],
        [
          0.072895,
          -0.993302,
          0.08965,
          1.500263
        ],
        [
          0.0,
          0.0,
          0.0,
          1.0
        ]
      ]
    },
    {
      "file_path": "/media/NFS/ttao/scannet/posed_images/scene0505_00/00687.jpg",
      "transform_matrix": [
        [
          0.722933,
          -0.062851,
          -0.688054,
          2.558802
        ],
        [
          0.687533,
          0.163902,
          0.707414,
          3.534925
        ],
        [
          0.068312,
          -0.984472,
          0.161702,
          1.521803
        ],
        [
          0.0,
          0.0,
          0.0,
          1.0
        ]
      ]
    },
    {
      "file_path": "/media/NFS/ttao/scannet/posed_images/scene0505_00/00698.jpg",
      "transform_matrix": [
        [
          0.751462,
          -0.084788,
          -0.654307,
          2.513003
        ],
        [
          0.656199,
          0.199193,
          0.727823,
          3.521518
        ],
        [
          0.068622,
          -0.976285,
          0.205324,
          1.518587
        ],
        [
          0.0,
          0.0,
          0.0,
          1.0
        ]
      ]
    },
    {
      "file_path": "/media/NFS/ttao/scannet/posed_images/scene0505_00/00718.jpg",
      "transform_matrix": [
        [
          0.886688,
          -0.009144,
          -0.462279,
          2.524562
        ],
        [
          0.459645,
          0.125797,
          0.879148,
          3.545057
        ],
        [
          0.050114,
          -0.992014,
          0.115746,
          1.491762
        ],
        [
          0.0,
          0.0,
          0.0,
          1.0
        ]
      ]
    },
    {
      "file_path": "/media/NFS/ttao/scannet/posed_images/scene0505_00/00722.jpg",
      "transform_matrix": [
        [
          0.884896,
          0.006004,
          -0.46575,
          2.55187
        ],
        [
          0.464178,
          0.071731,
          0.882833,
          3.559785
        ],
        [
          0.038709,
          -0.997406,
          0.060688,
          1.462745
        ],
        [
          0.0,
          0.0,
          0.0,
          1.0
        ]
      ]
    },
    {
      "file_path": "/media/NFS/ttao/scannet/posed_images/scene0505_00/00741.jpg",
      "transform_matrix": [
        [
          0.863363,
          0.130813,
          -0.487332,
          2.531118
        ],
        [
          0.503268,
          -0.153567,
          0.850375,
          3.598062
        ],
        [
          0.036402,
          -0.979441,
          -0.198418,
          1.398208
        ],
        [
          0.0,
          0.0,
          0.0,
          1.0
        ]
      ]
    },
    {
      "file_path": "/media/NFS/ttao/scannet/posed_images/scene0505_00/00753.jpg",
      "transform_matrix": [
        [
          0.931681,
          0.120252,
          -0.342796,
          2.492981
        ],
        [
          0.360714,
          -0.194362,
          0.9122,
          3.606991
        ],
        [
          0.043067,
          -0.973531,
          -0.22446,
          1.375063
        ],
        [
          0.0,
          0.0,
          0.0,
          1.0
        ]
      ]
    },
    {
      "file_path": "/media/NFS/ttao/scannet/posed_images/scene0505_00/00768.jpg",
      "transform_matrix": [
        [
          0.981415,
          -0.022726,
          -0.190547,
          2.532295
        ],
        [
          0.186763,
          -0.115038,
          0.975646,
          3.612071
        ],
        [
          -0.044092,
          -0.993101,
          -0.108656,
          1.385189
        ],
        [
          0.0,
          0.0,
          0.0,
          1.0
        ]
      ]
    },
    {
      "file_path": "/media/NFS/ttao/scannet/posed_images/scene0505_00/00784.jpg",
      "transform_matrix": [
        [
          0.979845,
          0.011675,
          -0.199419,
          2.567562
        ],
        [
          0.199487,
          -0.005071,
          0.979887,
          3.663727
        ],
        [
          0.010429,
          -0.999919,
          -0.007298,
          1.462815
        ],
        [
          0.0,
          0.0,
          0.0,
          1.0
        ]
      ]
    },
    {
      "file_path": "/media/NFS/ttao/scannet/posed_images/scene0505_00/00792.jpg",
      "transform_matrix": [
        [
          0.98412,
          0.011732,
          -0.177119,
          2.555692
        ],
        [
          0.176756,
          0.02691,
          0.983887,
          3.68343
        ],
        [
          0.01631,
          -0.999569,
          0.024409,
          1.504444
        ],
        [
          0.0,
          0.0,
          0.0,
          1.0
        ]
      ]
    },
    {
      "file_path": "/media/NFS/ttao/scannet/posed_images/scene0505_00/00799.jpg",
      "transform_matrix": [
        [
          0.985661,
          -0.024005,
          -0.167025,
          2.523574
        ],
        [
          0.168366,
          0.074001,
          0.982943,
          3.692408
        ],
        [
          -0.011235,
          -0.996969,
          0.076982,
          1.536174
        ],
        [
          0.0,
          0.0,
          0.0,
          1.0
        ]
      ]
    },
    {
      "file_path": "/media/NFS/ttao/scannet/posed_images/scene0505_00/00815.jpg",
      "transform_matrix": [
        [
          0.99926,
          -0.015389,
          -0.035255,
          2.443269
        ],
        [
          0.036925,
          0.12683,
          0.991237,
          3.72863
        ],
        [
          -0.010783,
          -0.991805,
          0.127305,
          1.540359
        ],
        [
          0.0,
          0.0,
          0.0,
          1.0
        ]
      ]
    },
    {
      "file_path": "/media/NFS/ttao/scannet/posed_images/scene0505_00/00834.jpg",
      "transform_matrix": [
        [
          0.989388,
          -0.074428,
          0.124783,
          2.511827
        ],
        [
          -0.124927,
          0.002738,
          0.992162,
          3.818718
        ],
        [
          -0.074186,
          -0.997223,
          -0.006589,
          1.486338
        ],
        [
          0.0,
          0.0,
          0.0,
          1.0
        ]
      ]
    },
    {
      "file_path": "/media/NFS/ttao/scannet/posed_images/scene0505_00/00842.jpg",
      "transform_matrix": [
        [
          0.986403,
          -0.096629,
          0.132938,
          2.534834
        ],
        [
          -0.141331,
          -0.085919,
          0.986227,
          3.880584
        ],
        [
          -0.083876,
          -0.991605,
          -0.098407,
          1.436713
        ],
        [
          0.0,
          0.0,
          0.0,
          1.0
        ]
      ]
    },
    {
      "file_path": "/media/NFS/ttao/scannet/posed_images/scene0505_00/00861.jpg",
      "transform_matrix": [
        [
          0.958658,
          -0.158008,
          0.236661,
          2.4087
        ],
        [
          -0.269195,
          -0.233966,
          0.934234,
          3.98849
        ],
        [
          -0.092246,
          -0.959319,
          -0.266829,
          1.328068
        ],
        [
          0.0,
          0.0,
          0.0,
          1.0
        ]
      ]
    },
    {
      "file_path": "/media/NFS/ttao/scannet/posed_images/scene0505_00/00873.jpg",
      "transform_matrix": [
        [
          0.927622,
          -0.208403,
          0.309978,
          2.281976
        ],
        [
          -0.356863,
          -0.249409,
          0.900247,
          4.050719
        ],
        [
          -0.110303,
          -0.945708,
          -0.305728,
          1.323071
        ],
        [
          0.0,
          0.0,
          0.0,
          1.0
        ]
      ]
    },
    {
      "file_path": "/media/NFS/ttao/scannet/posed_images/scene0505_00/00881.jpg",
      "transform_matrix": [
        [
          0.907344,
          -0.220145,
          0.358138,
          2.247584
        ],
        [
          -0.408485,
          -0.260405,
          0.874831,
          4.104447
        ],
        [
          -0.099329,
          -0.940067,
          -0.326203,
          1.315294
        ],
        [
          0.0,
          0.0,
          0.0,
          1.0
        ]
      ]
    },
    {
      "file_path": "/media/NFS/ttao/scannet/posed_images/scene0505_00/00900.jpg",
      "transform_matrix": [
        [
          0.862707,
          -0.231713,
          0.449495,
          2.233146
        ],
        [
          -0.494979,
          -0.204822,
          0.844419,
          4.265227
        ],
        [
          -0.103597,
          -0.950977,
          -0.291395,
          1.35842
        ],
        [
          0.0,
          0.0,
          0.0,
          1.0
        ]
      ]
    },
    {
      "file_path": "/media/NFS/ttao/scannet/posed_images/scene0505_00/00912.jpg",
      "transform_matrix": [
        [
          0.785438,
          -0.244989,
          0.56839,
          2.165914
        ],
        [
          -0.6129,
          -0.179874,
          0.769415,
          4.382882
        ],
        [
          -0.08626,
          -0.952694,
          -0.291434,
          1.382203
        ],
        [
          0.0,
          0.0,
          0.0,
          1.0
        ]
      ]
    },
    {
      "file_path": "/media/NFS/ttao/scannet/posed_images/scene0505_00/00923.jpg",
      "transform_matrix": [
        [
          0.709684,
          -0.287555,
          0.643165,
          2.146915
        ],
        [
          -0.696276,
          -0.147021,
          0.702556,
          4.429871
        ],
        [
          -0.107464,
          -0.946413,
          -0.304556,
          1.371039
        ],
        [
          0.0,
          0.0,
          0.0,
          1.0
        ]
      ]
    },
    {
      "file_path": "/media/NFS/ttao/scannet/posed_images/scene0505_00/00939.jpg",
      "transform_matrix": [
        [
          0.693389,
          -0.349296,
          0.630242,
          2.2248
        ],
        [
          -0.710873,
          -0.188639,
          0.67755,
          4.398399
        ],
        [
          -0.117777,
          -0.917828,
          -0.379105,
          1.328163
        ],
        [
          0.0,
          0.0,
          0.0,
          1.0
        ]
      ]
    },
    {
      "file_path": "/media/NFS/ttao/scannet/posed_images/scene0505_00/00951.jpg",
      "transform_matrix": [
        [
          0.66536,
          -0.360886,
          0.653497,
          2.305803
        ],
        [
          -0.737006,
          -0.178214,
          0.651968,
          4.342937
        ],
        [
          -0.118824,
          -0.915424,
          -0.384551,
          1.333259
        ],
        [
          0.0,
          0.0,
          0.0,
          1.0
        ]
      ]
    },
    {
      "file_path": "/media/NFS/ttao/scannet/posed_images/scene0505_00/00954.jpg",
      "transform_matrix": [
        [
          0.648771,
          -0.371416,
          0.664188,
          2.314436
        ],
        [
          -0.751084,
          -0.172202,
          0.637354,
          4.334363
        ],
        [
          -0.122349,
          -0.912358,
          -0.390684,
          1.335716
        ],
        [
          0.0,
          0.0,
          0.0,
          1.0
        ]
      ]
    },
    {
      "file_path": "/media/NFS/ttao/scannet/posed_images/scene0505_00/00970.jpg",
      "transform_matrix": [
        [
          0.476936,
          -0.359083,
          0.802242,
          2.368953
        ],
        [
          -0.874433,
          -0.101554,
          0.474398,
          4.231246
        ],
        [
          -0.088877,
          -0.927764,
          -0.362428,
          1.33739
        ],
        [
          0.0,
          0.0,
          0.0,
          1.0
        ]
      ]
    },
    {
      "file_path": "/media/NFS/ttao/scannet/posed_images/scene0505_00/00982.jpg",
      "transform_matrix": [
        [
          0.392046,
          -0.358634,
          0.847161,
          2.477405
        ],
        [
          -0.913015,
          -0.038862,
          0.40607,
          4.146911
        ],
        [
          -0.112708,
          -0.932669,
          -0.342674,
          1.365728
        ],
        [
          0.0,
          0.0,
          0.0,
          1.0
        ]
      ]
    },
    {
      "file_path": "/media/NFS/ttao/scannet/posed_images/scene0505_00/00993.jpg",
      "transform_matrix": [
        [
          0.512115,
          -0.306376,
          0.802417,
          2.490756
        ],
        [
          -0.850214,
          -0.048161,
          0.52423,
          4.155602
        ],
        [
          -0.121966,
          -0.950692,
          -0.285149,
          1.375907
