{
  "frames": [
    {
      "file_path": "/media/NFS/ttao/scannet/posed_images/scene0437_01/00000.jpg",
      "transform_matrix": [
        [
          0.360964,
          0.616449,
          -0.699783,
          4.390073
        ],
        [
          0.924318,
          -0.336147,
          0.180668,
          0.806842
        ],
        [
          -0.123857,
          -0.712037,
          -0.691132,
          1.291548
        ],
        [
          0.0,
          0.0,
          0.0,
          1.0
        ]
      ]
    },
    {
      "file_path": "/media/NFS/ttao/scannet/posed_images/scene0437_01/00001.jpg",
      "transform_matrix": [
        [
          0.366844,
          0.616584,
          -0.696599,
          4.389871
        ],
        [
          0.921641,
          -0.34271,
          0.182011,
          0.806393
        ],
        [
          -0.126507,
          -0.708784,
          -0.69399,
          1.291117
        ],
        [
          0.0,
          0.0,
          0.0,
          1.0
        ]
      ]
    },
    {
      "file_path": "/media/NFS/ttao/scannet/posed_images/scene0437_01/00002.jpg",
      "transform_matrix": [
        [
          0.367605,
          0.616085,
          -0.696639,
          4.3897
        ],
        [
          0.9212,
          -0.343929,
          0.181943,
          0.807414
        ],
        [
          -0.127502,
          -0.708627,
          -0.693968,
          1.291888
        ],
        [
          0.0,
          0.0,
          0.0,
          1.0
        ]
      ]
    },
    {
      "file_path": "/media/NFS/ttao/scannet/posed_images/scene0437_01/00004.jpg",
      "transform_matrix": [
        [
          0.370428,
          0.615997,
          -0.69522,
          4.388796
        ],
        [
          0.919819,
          -0.347451,
          0.182241,
          0.807039
        ],
        [
          -0.129295,
          -0.706984,
          -0.695311,
          1.293751
        ],
        [
          0.0,
          0.0,
          0.0,
          1.0
        ]
      ]
    },
    {
      "file_path": "/media/NFS/ttao/scannet/posed_images/scene0437_01/00005.jpg",
      "transform_matrix": [
        [
          0.371148,
          0.613912,
          -0.696679,
          4.387033
        ],
        [
          0.919331,
          -0.348533,
          0.182638,
          0.80795
        ],
        [
          -0.130692,
          -0.708264,
          -0.693745,
          1.296798
        ],
        [
          0.0,
          0.0,
          0.0,
          1.0
        ]
      ]
    },
    {
      "file_path": "/media/NFS/ttao/scannet/posed_images/scene0437_01/00006.jpg",
      "transform_matrix": [
        [
          0.371721,
          0.610545,
          -0.699328,
          4.386101
        ],
        [
          0.919556,
          -0.345564,
          0.187088,
          0.805687
        ],
        [
          -0.127437,
          -0.712616,
          -0.689883,
          1.297972
        ],
        [
          0.0,
          0.0,
          0.0,
          1.0
        ]
      ]
    },
    {
      "file_path": "/media/NFS/ttao/scannet/posed_images/scene0437_01/00008.jpg",
      "transform_matrix": [
        [
          0.376037,
          0.605139,
          -0.701714,
          4.384112
        ],
        [
          0.918105,
          -0.345666,
          0.193905,
          0.807039
        ],
        [
          -0.125219,
          -0.717162,
          -0.685564,
          1.302184
        ],
        [
          0.0,
          0.0,
          0.0,
          1.0
        ]
      ]
    },
    {
      "file_path": "/media/NFS/ttao/scannet/posed_images/scene0437_01/00009.jpg",
      "transform_matrix": [
        [
          0.379477,
          0.60095,
          -0.70346,
          4.384107
        ],
        [
          0.917157,
          -0.344387,
          0.200552,
          0.807111
        ],
        [
          -0.121741,
          -0.721288,
          -0.681853,
          1.30342
        ],
        [
          0.0,
          0.0,
          0.0,
          1.0
        ]
      ]
    },
    {
      "file_path": "/media/NFS/ttao/scannet/posed_images/scene0437_01/00011.jpg",
      "transform_matrix": [
        [
          0.383039,
          0.595969,
          -0.705763,
          4.387497
        ],
        [
          0.916038,
          -0.343478,
          0.207118,
          0.810056
        ],
        [
          -0.118978,
          -0.72584,
          -0.677496,
          1.306842
        ],
        [
          0.0,
          0.0,
          0.0,
          1.0
        ]
      ]
    },
    {
      "file_path": "/media/NFS/ttao/scannet/posed_images/scene0437_01/00012.jpg",
      "transform_matrix": [
        [
          0.384813,
          0.592442,
          -0.707766,
          4.386332
        ],
        [
          0.915335,
          -0.343536,
          0.210109,
          0.811276
        ],
        [
          -0.118665,
          -0.728695,
          -0.674479,
          1.3096
        ],
        [
          0.0,
          0.0,
          0.0,
          1.0
        ]
      ]
    },
    {
      "file_path": "/media/NFS/ttao/scannet/posed_images/scene0437_01/00013.jpg",
      "transform_matrix": [
        [
          0.385877,
          0.589142,
          -0.709938,
          4.38492
        ],
        [
          0.915011,
          -0.342587,
          0.213045,
          0.813215
        ],
        [
          -0.117702,
          -0.73181,
          -0.671268,
          1.312583
        ],
        [
          0.0,
          0.0,
          0.0,
          1.0
        ]
      ]
    },
    {
      "file_path": "/media/NFS/ttao/scannet/posed_images/scene0437_01/00014.jpg",
      "transform_matrix": [
        [
          0.38478,
          0.586061,
          -0.713076,
          4.38514
        ],
        [
          0.915778,
          -0.33891,
          0.215617,
          0.81679
        ],
        [
          -0.115304,
          -0.735984,
          -0.667108,
          1.316305
        ],
        [
          0.0,
          0.0,
          0.0,
          1.0
        ]
      ]
    },
    {
      "file_path": "/media/NFS/ttao/scannet/posed_images/scene0437_01/00016.jpg",
      "transform_matrix": [
        [
          0.386492,
          0.574232,
          -0.721721,
          4.385647
        ],
        [
          0.915642,
          -0.332708,
          0.225623,
          0.821691
        ],
        [
          -0.110563,
          -0.74804,
          -0.65438,
          1.323278
        ],
        [
          0.0,
          0.0,
          0.0,
          1.0
        ]
      ]
    },
    {
      "file_path": "/media/NFS/ttao/scannet/posed_images/scene0437_01/00017.jpg",
      "transform_matrix": [
        [
          0.386479,
          0.568677,
          -0.726113,
          4.387416
        ],
        [
          0.91578,
          -0.330048,
          0.228945,
          0.826299
        ],
        [
          -0.109456,
          -0.753442,
          -0.64834,
          1.327431
        ],
        [
          0.0,
          0.0,
          0.0,
          1.0
        ]
      ]
    },
    {
      "file_path": "/media/NFS/ttao/scannet/posed_images/scene0437_01/00018.jpg",
      "transform_matrix": [
        [
          0.385517,
          0.561523,
          -0.732167,
          4.388361
        ],
        [
          0.916229,
          -0.326786,
          0.23181,
          0.831573
        ],
        [
          -0.109095,
          -0.760199,
          -0.640465,
          1.332808
        ],
        [
          0.0,
          0.0,
          0.0,
          1.0
        ]
      ]
    },
    {
      "file_path": "/media/NFS/ttao/scannet/posed_images/scene0437_01/00020.jpg",
      "transform_matrix": [
        [
          0.387722,
          0.538115,
          -0.748401,
          4.396311
        ],
        [
          0.915588,
          -0.318746,
          0.245152,
          0.847602
        ],
        [
          -0.10663,
          -0.780278,
          -0.616277,
          1.345327
        ],
        [
          0.0,
          0.0,
          0.0,
          1.0
        ]
      ]
    },
    {
      "file_path": "/media/NFS/ttao/scannet/posed_images/scene0437_01/00021.jpg",
      "transform_matrix": [
        [
          0.39133,
          0.521462,
          -0.758247,
          4.398834
        ],
        [
          0.91423,
          -0.314396,
          0.255615,
          0.854327
        ],
        [
          -0.105096,
          -0.793242,
          -0.599769,
          1.350281
        ],
        [
          0.0,
          0.0,
          0.0,
          1.0
        ]
      ]
    },
    {
      "file_path": "/media/NFS/ttao/scannet/posed_images/scene0437_01/00023.jpg",
      "transform_matrix": [
        [
          0.401756,
          0.482846,
          -0.778108,
          4.405637
        ],
        [
          0.910332,
          -0.302845,
          0.282099,
          0.862238
        ],
        [
          -0.099436,
          -0.821672,
          -0.56122,
          1.361051
        ],
        [
          0.0,
          0.0,
          0.0,
          1.0
        ]
      ]
    },
    {
      "file_path": "/media/NFS/ttao/scannet/posed_images/scene0437_01/00024.jpg",
      "transform_matrix": [
        [
          0.40814,
          0.461987,
          -0.787394,
          4.408399
        ],
        [
          0.908019,
          -0.294676,
          0.29777,
          0.866696
        ],
        [
          -0.094461,
          -0.836501,
          -0.539762,
          1.365229
        ],
        [
          0.0,
          0.0,
          0.0,
          1.0
        ]
      ]
    },
    {
      "file_path": "/media/NFS/ttao/scannet/posed_images/scene0437_01/00025.jpg",
      "transform_matrix": [
        [
          0.413377,
          0.441972,
          -0.796103,
          4.412339
        ],
        [
          0.906011,
          -0.286926,
          0.311155,
          0.874467
        ],
        [
          -0.090901,
          -0.849902,
          -0.519041,
          1.371094
        ],
        [
          0.0,
          0.0,
          0.0,
          1.0
        ]
      ]
    },
    {
      "file_path": "/media/NFS/ttao/scannet/posed_images/scene0437_01/00027.jpg",
      "transform_matrix": [
        [
          0.42631,
          0.404018,
          -0.809339,
          4.421418
        ],
        [
          0.900531,
          -0.274086,
          0.337522,
          0.879033
        ],
        [
          -0.085463,
          -0.872723,
          -0.480676,
          1.369884
        ],
        [
          0.0,
          0.0,
          0.0,
          1.0
        ]
      ]
    },
    {
      "file_path": "/media/NFS/ttao/scannet/posed_images/scene0437_01/00028.jpg",
      "transform_matrix": [
        [
          0.432227,
          0.392966,
          -0.811638,
          4.424754
        ],
        [
          0.897794,
          -0.271895,
          0.346467,
          0.881375
        ],
        [
          -0.084531,
          -0.878437,
          -0.470323,
          1.370505
        ],
        [
          0.0,
          0.0,
          0.0,
          1.0
        ]
      ]
    },
    {
      "file_path": "/media/NFS/ttao/scannet/posed_images/scene0437_01/00029.jpg",
      "transform_matrix": [
        [
          0.435906,
          0.385016,
          -0.813479,
          4.430593
        ],
        [
          0.895764,
          -0.273122,
          0.350731,
          0.891165
        ],
        [
          -0.087142,
          -0.881571,
          -0.463939,
          1.374046
        ],
        [
          0.0,
          0.0,
          0.0,
          1.0
        ]
      ]
    },
    {
      "file_path": "/media/NFS/ttao/scannet/posed_images/scene0437_01/00031.jpg",
      "transform_matrix": [
        [
          0.438102,
          0.366554,
          -0.820795,
          4.450224
        ],
        [
          0.893725,
          -0.275682,
          0.353913,
          0.920394
        ],
        [
          -0.09655,
          -0.888616,
          -0.448375,
          1.37928
        ],
        [
          0.0,
          0.0,
          0.0,
          1.0
        ]
      ]
    },
    {
      "file_path": "/media/NFS/ttao/scannet/posed_images/scene0437_01/00032.jpg",
      "transform_matrix": [
        [
          0.443069,
          0.358953,
          -0.821488,
          4.453711
        ],
        [
          0.890664,
          -0.28053,
          0.357801,
          0.931192
        ],
        [
          -0.102018,
          -0.8902,
          -0.444001,
          1.385118
        ],
        [
          0.0,
          0.0,
          0.0,
          1.0
        ]
      ]
    },
    {
      "file_path": "/media/NFS/ttao/scannet/posed_images/scene0437_01/00033.jpg",
      "transform_matrix": [
        [
          0.44961,
          0.348618,
          -0.822384,
          4.455742
        ],
        [
          0.88708,
          -0.282077,
          0.365405,
          0.937989
        ],
        [
          -0.104589,
          -0.893811,
          -0.436077,
          1.38582
        ],
        [
          0.0,
          0.0,
          0.0,
          1.0
        ]
      ]
    },
    {
      "file_path": "/media/NFS/ttao/scannet/posed_images/scene0437_01/00035.jpg",
      "transform_matrix": [
        [
          0.463883,
          0.336483,
          -0.819507,
          4.471231
        ],
        [
          0.879556,
          -0.285407,
          0.380689,
          0.953087
        ],
        [
          -0.105798,
          -0.897397,
          -0.428351,
          1.381055
        ],
        [
          0.0,
          0.0,
          0.0,
          1.0
        ]
      ]
    },
    {
      "file_path": "/media/NFS/ttao/scannet/posed_images/scene0437_01/00036.jpg",
      "transform_matrix": [
        [
          0.473528,
          0.332194,
          -0.815732,
          4.474886
        ],
        [
          0.874459,
          -0.288063,
          0.39031,
          0.960968
        ],
        [
          -0.105323,
          -0.898146,
          -0.426896,
          1.379762
        ],
        [
          0.0,
          0.0,
          0.0,
          1.0
        ]
      ]
    },
    {
      "file_path": "/media/NFS/ttao/scannet/posed_images/scene0437_01/00037.jpg",
      "transform_matrix": [
        [
          0.482598,
          0.328485,
          -0.811909,
          4.484376
        ],
        [
          0.869474,
          -0.291261,
          0.398976,
          0.971159
        ],
        [
          -0.10542,
          -0.898479,
          -0.426171,
          1.377945
        ],
        [
          0.0,
          0.0,
          0.0,
          1.0
        ]
      ]
    },
    {
      "file_path": "/media/NFS/ttao/scannet/posed_images/scene0437_01/00038.jpg",
      "transform_matrix": [
        [
          0.494625,
          0.324088,
          -0.80642,
          4.491206
        ],
        [
          0.862872,
          -0.294062,
          0.411072,
          0.975951
        ],
        [
          -0.103914,
          -0.899163,
          -0.425097,
          1.371049
        ],
        [
          0.0,
          0.0,
          0.0,
          1.0
        ]
      ]
    },
    {
      "file_path": "/media/NFS/ttao/scannet/posed_images/scene0437_01/00040.jpg",
      "transform_matrix": [
        [
          0.51296,
          0.321414,
          -0.795968,
          4.516873
        ],
        [
          0.85144,
          -0.308448,
          0.424158,
          1.010406
        ],
        [
          -0.109185,
          -0.895295,
          -0.431887,
          1.366007
        ],
        [
          0.0,
          0.0,
          0.0,
          1.0
        ]
      ]
    },
    {
      "file_path": "/media/NFS/ttao/scannet/posed_images/scene0437_01/00041.jpg",
      "transform_matrix": [
        [
          0.526685,
          0.319724,
          -0.787642,
          4.5196
        ],
        [
          0.842975,
          -0.315825,
          0.435485,
          1.021638
        ],
        [
          -0.109522,
          -0.893326,
          -0.435859,
          1.365858
        ],
        [
          0.0,
          0.0,
          0.0,
          1.0
        ]
      ]
    },
    {
      "file_path": "/media/NFS/ttao/scannet/posed_images/scene0437_01/00042.jpg",
      "transform_matrix": [
        [
          0.539265,
          0.317119,
          -0.780147,
          4.527267
        ],
        [
          0.834842,
          -0.322972,
          0.445789,
          1.030179
        ],
        [
          -0.110598,
          -0.891698,
          -0.438911,
          1.36379
        ],
        [
          0.0,
          0.0,
          0.0,
          1.0
        ]
      ]
    },
    {
      "file_path": "/media/NFS/ttao/scannet/posed_images/scene0437_01/00044.jpg",
      "transform_matrix": [
        [
          0.568586,
          0.311548,
          -0.761346,
          4.537245
        ],
        [
          0.815173,
          -0.337664,
          0.470612,
          1.04205
        ],
        [
          -0.110461,
          -0.888213,
          -0.445956,
          1.357993
        ],
        [
          0.0,
          0.0,
          0.0,
          1.0
        ]
      ]
    },
    {
      "file_path": "/media/NFS/ttao/scannet/posed_images/scene0437_01/00045.jpg",
      "transform_matrix": [
        [
          0.581958,
          0.309701,
          -0.751937,
          4.542073
        ],
        [
          0.805759,
          -0.344552,
          0.481702,
          1.049949
        ],
        [
          -0.109898,
          -0.886211,
          -0.450059,
          1.354766
        ],
        [
          0.0,
          0.0,
          0.0,
          1.0
        ]
      ]
    },
    {
      "file_path": "/media/NFS/ttao/scannet/posed_images/scene0437_01/00046.jpg",
      "transform_matrix": [
        [
          0.595493,
          0.307641,
          -0.742122,
          4.545596
        ],
        [
          0.795635,
          -0.353652,
          0.491829,
          1.057719
        ],
        [
          -0.111146,
          -0.883339,
          -0.455368,
          1.355144
        ],
        [
          0.0,
          0.0,
          0.0,
          1.0
        ]
      ]
    },
    {
      "file_path": "/media/NFS/ttao/scannet/posed_images/scene0437_01/00048.jpg",
      "transform_matrix": [
        [
          0.621271,
          0.303101,
          -0.722601,
          4.551212
        ],
        [
          0.775669,
          -0.368719,
          0.512234,
          1.069334
        ],
        [
          -0.111178,
          -0.878735,
          -0.464181,
          1.352154
        ],
        [
          0.0,
          0.0,
          0.0,
          1.0
        ]
      ]
    },
    {
      "file_path": "/media/NFS/ttao/scannet/posed_images/scene0437_01/00049.jpg",
      "transform_matrix": [
        [
          0.63427,
          0.300056,
          -0.712508,
          4.55471
        ],
        [
          0.76503,
          -0.376502,
          0.52247,
          1.073667
        ],
        [
          -0.11149,
          -0.876478,
          -0.468356,
          1.350403
        ],
        [
          0.0,
          0.0,
          0.0,
          1.0
        ]
      ]
    },
    {
      "file_path": "/media/NFS/ttao/scannet/posed_images/scene0437_01/00051.jpg",
      "transform_matrix": [
        [
          0.653732,
          0.292298,
          -0.697995,
          4.568926
        ],
        [
          0.747645,
          -0.391955,
          0.536095,
          1.093497
        ],
        [
          -0.116883,
          -0.872315,
          -0.474768,
          1.341875
        ],
        [
          0.0,
          0.0,
          0.0,
          1.0
        ]
      ]
    },
    {
      "file_path": "/media/NFS/ttao/scannet/posed_images/scene0437_01/00052.jpg",
      "transform_matrix": [
        [
          0.66481,
          0.292512,
          -0.687361,
          4.572662
        ],
        [
          0.738108,
          -0.398872,
          0.544149,
          1.0984
        ],
        [
          -0.114999,
          -0.869102,
          -0.481079,
          1.338622
        ],
        [
          0.0,
          0.0,
          0.0,
          1.0
        ]
      ]
    },
    {
      "file_path": "/media/NFS/ttao/scannet/posed_images/scene0437_01/00053.jpg",
      "transform_matrix": [
        [
          0.677592,
          0.291575,
          -0.675168,
          4.573443
        ],
        [
          0.726433,
          -0.408571,
          0.552598,
          1.100729
        ],
        [
          -0.114731,
          -0.864901,
          -0.488655,
          1.337326
        ],
        [
          0.0,
          0.0,
          0.0,
          1.0
        ]
      ]
    },
    {
      "file_path": "/media/NFS/ttao/scannet/posed_images/scene0437_01/00055.jpg",
      "transform_matrix": [
        [
          0.696521,
          0.292192,
          -0.65535,
          4.578796
        ],
        [
          0.708808,
          -0.422211,
          0.565092,
          1.10816
        ],
        [
          -0.111581,
          -0.858115,
          -0.501187,
          1.335092
        ],
        [
          0.0,
          0.0,
          0.0,
          1.0
        ]
      ]
    },
    {
      "file_path": "/media/NFS/ttao/scannet/posed_images/scene0437_01/00056.jpg",
      "transform_matrix": [
        [
          0.706078,
          0.292886,
          -0.644726,
          4.577667
        ],
        [
          0.699744,
          -0.428309,
          0.57176,
          1.108359
        ],
        [
          -0.108682,
          -0.854851,
          -0.507364,
          1.334026
        ],
        [
          0.0,
          0.0,
          0.0,
          1.0
        ]
      ]
    },
    {
      "file_path": "/media/NFS/ttao/scannet/posed_images/scene0437_01/00057.jpg",
      "transform_matrix": [
        [
          0.713636,
          0.29392,
          -0.635873,
          4.57974
        ],
        [
          0.692362,
          -0.434038,
          0.576408,
          1.108924
        ],
        [
          -0.106575,
          -0.8516,
          -0.513244,
          1.330912
        ],
        [
          0.0,
          0.0,
          0.0,
          1.0
        ]
      ]
    },
    {
      "file_path": "/media/NFS/ttao/scannet/posed_images/scene0437_01/00058.jpg",
      "transform_matrix": [
        [
          0.718504,
          0.297046,
          -0.628901,
          4.581656
        ],
        [
          0.687431,
          -0.440819,
          0.577163,
          1.112687
        ],
        [
          -0.105787,
          -0.84702,
          -0.520928,
          1.328924
        ],
        [
          0.0,
          0.0,
          0.0,
          1.0
        ]
      ]
    },
    {
      "file_path": "/media/NFS/ttao/scannet/posed_images/scene0437_01/00060.jpg",
      "transform_matrix": [
        [
          0.723351,
          0.304616,
          -0.619654,
          4.582864
        ],
        [
          0.681744,
          -0.457385,
          0.570986,
          1.13018
        ],
        [
          -0.109489,
          -0.835469,
          -0.53852,
          1.329082
        ],
        [
          0.0,
          0.0,
          0.0,
          1.0
        ]
      ]
    },
    {
      "file_path": "/media/NFS/ttao/scannet/posed_images/scene0437_01/00061.jpg",
      "transform_matrix": [
        [
          0.726535,
          0.307521,
          -0.614473,
          4.581953
        ],
        [
          0.678166,
          -0.464884,
          0.569187,
          1.130866
        ],
        [
          -0.110622,
          -0.830249,
          -0.546305,
          1.328224
        ],
        [
          0.0,
          0.0,
          0.0,
          1.0
        ]
      ]
    },
    {
      "file_path": "/media/NFS/ttao/scannet/posed_images/scene0437_01/00062.jpg",
      "transform_matrix": [
        [
          0.728591,
          0.309341,
          -0.611117,
          4.582113
        ],
        [
          0.675703,
          -0.470716,
          0.56732,
          1.131606
        ],
        [
          -0.112167,
          -0.826278,
          -0.551982,
          1.326857
        ],
        [
          0.0,
          0.0,
          0.0,
          1.0
        ]
      ]
    },
    {
      "file_path": "/media/NFS/ttao/scannet/posed_images/scene0437_01/00064.jpg",
      "transform_matrix": [
        [
          0.729395,
          0.31531,
          -0.607093,
          4.583747
        ],
        [
          0.674771,
          -0.477611,
          0.562647,
          1.130848
        ],
        [
          -0.112546,
          -0.820041,
          -0.56113,
          1.32307
        ],
        [
          0.0,
          0.0,
          0.0,
          1.0
        ]
      ]
    },
    {
      "file_path": "/media/NFS/ttao/scannet/posed_images/scene0437_01/00065.jpg",
      "transform_matrix": [
        [
          0.729519,
          0.3197,
          -0.604643,
          4.584208
        ],
        [
          0.674722,
          -0.481201,
          0.559639,
          1.131742
        ],
        [
          -0.112038,
          -0.816234,
          -0.566754,
          1.32164
        ],
        [
          0.0,
          0.0,
          0.0,
          1.0
        ]
      ]
    },
    {
      "file_path": "/media/NFS/ttao/scannet/posed_images/scene0437_01/00067.jpg",
      "transform_matrix": [
        [
          0.730755,
          0.32917,
          -0.598033,
          4.58586
        ],
        [
          0.673654,
          -0.489406,
          0.55378,
          1.129697
        ],
        [
          -0.110393,
          -0.807545,
          -0.579383,
          1.315157
        ],
        [
          0.0,
          0.0,
          0.0,
          1.0
        ]
      ]
    },
    {
      "file_path": "/media/NFS/ttao/scannet/posed_images/scene0437_01/00068.jpg",
      "transform_matrix": [
        [
          0.73209,
          0.335649,
          -0.592777,
          4.586548
        ],
        [
          0.672452,
          -0.495156,
          0.550118,
          1.130491
        ],
        [
          -0.10887,
          -0.801349,
          -0.588206,
          1.312477
        ],
        [
          0.0,
          0.0,
          0.0,
          1.0
        ]
      ]
    },
    {
      "file_path": "/media/NFS/ttao/scannet/posed_images/scene0437_01/00070.jpg",
      "transform_matrix": [
        [
          0.743262,
          0.341018,
          -0.575558,
          4.572501
        ],
        [
          0.66011,
          -0.513623,
          0.548129,
          1.117075
        ],
        [
          -0.108698,
          -0.787336,
          -0.606867,
          1.310773
        ],
        [
          0.0,
          0.0,
          0.0,
          1.0
        ]
      ]
    },
    {
      "file_path": "/media/NFS/ttao/scannet/posed_images/scene0437_01/00071.jpg",
      "transform_matrix": [
        [
          0.743685,
          0.344628,
          -0.572856,
          4.575571
        ],
        [
          0.659345,
          -0.519661,
          0.543339,
          1.116436
        ],
        [
          -0.110441,
          -0.781783,
          -0.613692,
          1.306088
        ],
        [
          0.0,
          0.0,
          0.0,
          1.0
        ]
      ]
    },
    {
      "file_path": "/media/NFS/ttao/scannet/posed_images/scene0437_01/00072.jpg",
      "transform_matrix": [
        [
          0.74544,
          0.348761,
          -0.568053,
          4.576277
        ],
        [
          0.657019,
          -0.528201,
          0.537894,
          1.115414
        ],
        [
          -0.11245,
          -0.77419,
          -0.622885,
          1.300732
        ],
        [
          0.0,
          0.0,
          0.0,
          1.0
        ]
      ]
    },
    {
      "file_path": "/media/NFS/ttao/scannet/posed_images/scene0437_01/00074.jpg",
      "transform_matrix": [
        [
          0.755145,
          0.357402,
          -0.549564,
          4.571717
        ],
        [
          0.645679,
          -0.550477,
          0.529219,
          1.113749
        ],
        [
          -0.113379,
          -0.754479,
          -0.646457,
          1.296075
        ],
        [
          0.0,
          0.0,
          0.0,
          1.0
        ]
      ]
    },
    {
      "file_path": "/media/NFS/ttao/scannet/posed_images/scene0437_01/00075.jpg",
      "transform_matrix": [
        [
          0.760193,
          0.359385,
          -0.541248,
          4.572462
        ],
        [
          0.639855,
          -0.558592,
          0.527787,
          1.110567
        ],
        [
          -0.112659,
          -0.747541,
          -0.654592,
          1.292247
        ],
        [
          0.0,
          0.0,
          0.0,
          1.0
        ]
      ]
    },
    {
      "file_path": "/media/NFS/ttao/scannet/posed_images/scene0437_01/00076.jpg",
      "transform_matrix": [
        [
          0.766958,
          0.361667,
          -0.530068,
          4.572918
        ],
        [
          0.632143,
          -0.56784,
          0.527213,
          1.105129
        ],
        [
          -0.110318,
          -0.739429,
          -0.664135,
          1.287188
        ],
        [
          0.0,
          0.0,
          0.0,
          1.0
        ]
      ]
    },
    {
      "file_path": "/media/NFS/ttao/scannet/posed_images/scene0437_01/00078.jpg",
      "transform_matrix": [
        [
          0.779848,
          0.369505,
          -0.505275,
          4.573025
        ],
        [
          0.617186,
          -0.588617,
          0.522121,
          1.098714
        ],
        [
          -0.104487,
          -0.719024,
          -0.687086,
          1.282207
        ],
        [
          0.0,
          0.0,
          0.0,
          1.0
        ]
      ]
    },
    {
      "file_path": "/media/NFS/ttao/scannet/posed_images/scene0437_01/00079.jpg",
      "transform_matrix": [
        [
          0.78483,
          0.372923,
          -0.494945,
          4.57207
        ],
        [
          0.611239,
          -0.597444,
          0.519084,
          1.096926
        ],
        [
          -0.102124,
          -0.709922,
          -0.696837,
          1.281183
        ],
        [
          0.0,
          0.0,
          0.0,
          1.0
        ]
      ]
    },
    {
      "file_path": "/media/NFS/ttao/scannet/posed_images/scene0437_01/00080.jpg",
      "transform_matrix": [
        [
          0.797442,
          0.367926,
          -0.478243,
          4.559502
        ],
        [
          0.595267,
          -0.609354,
          0.52378,
          1.084499
        ],
        [
          -0.098707,
          -0.702367,
          -0.704938,
          1.281658
        ],
        [
          0.0,
          0.0,
          0.0,
          1.0
        ]
      ]
    },
    {
      "file_path": "/media/NFS/ttao/scannet/posed_images/scene0437_01/00081.jpg",
      "transform_matrix": [
        [
          0.804099,
          0.371915,
          -0.463792,
          4.552415
        ],
        [
          0.588178,
          -0.611124,
          0.529693,
          1.072451
        ],
        [
          -0.086434,
          -0.698718,
          -0.710157,
          1.277732
        ],
        [
          0.0,
          0.0,
          0.0,
          1.0
        ]
      ]
    },
    {
      "file_path": "/media/NFS/ttao/scannet/posed_images/scene0437_01/00083.jpg",
      "transform_matrix": [
        [
          0.817299,
          0.373627,
          -0.438663,
          4.557703
        ],
        [
          0.571074,
          -0.626674,
          0.530239,
          1.065453
        ],
        [
          -0.076787,
          -0.683873,
          -0.725549,
          1.272781
        ],
        [
          0.0,
          0.0,
          0.0,
          1.0
        ]
      ]
    },
    {
      "file_path": "/media/NFS/ttao/scannet/posed_images/scene0437_01/00084.jpg",
      "transform_matrix": [
        [
          0.825334,
          0.373136,
          -0.423784,
          4.560855
        ],
        [
          0.560326,
          -0.633884,
          0.533129,
          1.06184
        ],
        [
          -0.0697,
          -0.677467,
          -0.732244,
          1.270599
        ],
        [
          0.0,
          0.0,
          0.0,
          1.0
        ]
      ]
    },
    {
      "file_path": "/media/NFS/ttao/scannet/posed_images/scene0437_01/00086.jpg",
      "transform_matrix": [
        [
          0.842781,
          0.367216,
          -0.393538,
          4.567142
        ],
        [
          0.535256,
          -0.64885,
          0.540827,
          1.057087
        ],
        [
          -0.056746,
          -0.666443,
          -0.743393,
          1.268721
        ],
        [
          0.0,
          0.0,
          0.0,
          1.0
        ]
      ]
    },
    {
      "file_path": "/media/NFS/ttao/scannet/posed_images/scene0437_01/00087.jpg",
      "transform_matrix": [
        [
          0.851194,
          0.36124,
          -0.380755,
          4.571468
        ],
        [
          0.522323,
          -0.654151,
          0.547051,
          1.051888
        ],
        [
          -0.051455,
          -0.664524,
          -0.745494,
          1.266451
        ],
        [
          0.0,
          0.0,
          0.0,
          1.0
        ]
      ]
    },
    {
      "file_path": "/media/NFS/ttao/scannet/posed_images/scene0437_01/00088.jpg",
      "transform_matrix": [
        [
          0.85824,
          0.356234,
          -0.369488,
          4.576886
        ],
        [
          0.510992,
          -0.6605,
          0.550115,
          1.047531
        ],
        [
          -0.048078,
          -0.660936,
          -0.748901,
          1.264478
        ],
        [
          0.0,
          0.0,
          0.0,
          1.0
        ]
      ]
    },
    {
      "file_path": "/media/NFS/ttao/scannet/posed_images/scene0437_01/00089.jpg",
      "transform_matrix": [
        [
          0.865024,
          0.351195,
          -0.358322,
          4.581104
        ],
        [
          0.499656,
          -0.667849,
          0.551653,
          1.04716
        ],
        [
          -0.045568,
          -0.656231,
          -0.753183,
          1.265242
        ],
        [
          0.0,
          0.0,
          0.0,
          1.0
        ]
      ]
    },
    {
      "file_path": "/media/NFS/ttao/scannet/posed_images/scene0437_01/00091.jpg",
      "transform_matrix": [
        [
          0.878308,
          0.343033,
          -0.33302,
          4.58704
        ],
        [
          0.476908,
          -0.677671,
          0.559751,
          1.040241
        ],
        [
          -0.033665,
          -0.650454,
          -0.758799,
          1.263858
        ],
        [
          0.0,
          0.0,
          0.0,
          1.0
        ]
      ]
    },
    {
      "file_path": "/media/NFS/ttao/scannet/posed_images/scene0437_01/00092.jpg",
      "transform_matrix": [
        [
          0.882767,
          0.3406,
          -0.323595,
          4.59319
        ],
        [
          0.468863,
          -0.682424,
          0.560772,
          1.037322
        ],
        [
          -0.02983,
          -0.646753,
          -0.762116,
          1.26372
        ],
        [
          0.0,
          0.0,
          0.0,
          1.0
        ]
      ]
    },
    {
      "file_path": "/media/NFS/ttao/scannet/posed_images/scene0437_01/00093.jpg",
      "transform_matrix": [
        [
          0.886377,
          0.33756,
          -0.316841,
          4.601596
        ],
        [
          0.462129,
          -0.686181,
          0.561776,
          1.035
        ],
        [
          -0.027777,
          -0.644367,
          -0.764212,
          1.264595
        ],
        [
          0.0,
          0.0,
          0.0,
          1.0
        ]
      ]
    },
    {
      "file_path": "/media/NFS/ttao/scannet/posed_images/scene0437_01/00095.jpg",
      "transform_matrix": [
        [
          0.894015,
          0.327992,
          -0.305218,
          4.618424
        ],
        [
          0.44744,
          -0.688769,
          0.570433,
          1.030778
        ],
        [
          -0.023127,
          -0.646543,
          -0.762527,
          1.268289
        ],
        [
          0.0,
          0.0,
          0.0,
          1.0
        ]
      ]
    },
    {
      "file_path": "/media/NFS/ttao/scannet/posed_images/scene0437_01/00096.jpg",
      "transform_matrix": [
        [
          0.897845,
          0.320167,
          -0.302269,
          4.628481
        ],
        [
          0.439698,
          -0.688139,
          0.577174,
          1.026713
        ],
        [
          -0.02321,
          -0.651121,
          -0.758619,
          1.270185
        ],
        [
          0.0,
          0.0,
          0.0,
          1.0
        ]
      ]
    },
    {
      "file_path": "/media/NFS/ttao/scannet/posed_images/scene0437_01/00098.jpg",
      "transform_matrix": [
        [
          0.905286,
          0.302506,
          -0.29824,
          4.650671
        ],
        [
          0.424019,
          -0.686085,
          0.591181,
          1.016048
        ],
        [
          -0.025783,
          -0.661648,
          -0.749372,
          1.272138
        ],
        [
          0.0,
          0.0,
          0.0,
          1.0
        ]
      ]
    },
    {
      "file_path": "/media/NFS/ttao/scannet/posed_images/scene0437_01/00099.jpg",
      "transform_matrix": [
        [
          0.907973,
          0.295449,
          -0.297143,
          4.663396
        ],
        [
          0.418102,
          -0.685892,
          0.595603,
          1.010033
        ],
        [
          -0.027838,
          -0.665028,
          -0.7463,
          1.273027
        ],
        [
          0.0,
          0.0,
          0.0,
          1.0
        ]
      ]
    },
    {
      "file_path": "/media/NFS/ttao/scannet/posed_images/scene0437_01/00100.jpg",
      "transform_matrix": [
        [
          0.911108,
          0.291933,
          -0.29096,
          4.67036
        ],
        [
          0.41148,
          -0.685022,
          0.601189,
          1.005059
        ],
        [
          -0.023807,
          -0.667473,
          -0.744254,
          1.272991
        ],
        [
          0.0,
          0.0,
          0.0,
          1.0
        ]
      ]
    },
    {
      "file_path": "/media/NFS/ttao/scannet/posed_images/scene0437_01/00102.jpg",
      "transform_matrix": [
        [
          0.913944,
          0.28344,
          -0.290461,
          4.697085
        ],
        [
          0.404919,
          -0.685029,
          0.60562,
          0.992632
        ],
        [
          -0.027318,
          -0.671117,
          -0.740848,
          1.275571
        ],
        [
          0.0,
          0.0,
          0.0,
          1.0
        ]
      ]
    },
    {
      "file_path": "/media/NFS/ttao/scannet/posed_images/scene0437_01/00103.jpg",
      "transform_matrix": [
        [
          0.91343,
          0.282023,
          -0.293442,
          4.711416
        ],
        [
          0.405994,
          -0.681955,
          0.608364,
          0.98452
        ],
        [
          -0.028542,
          -0.674834,
          -0.737418,
          1.276254
        ],
        [
          0.0,
