{
  "frames": [
    {
      "file_path": "/media/NFS/ttao/scannet/posed_images/scene0260_00/00000.jpg",
      "transform_matrix": [
        [
          0.99411,
          -0.055957,
          0.092817,
          3.273962
        ],
        [
          -0.105421,
          -0.698004,
          0.708291,
          1.960496
        ],
        [
          0.025153,
          -0.713904,
          -0.699792,
          1.239299
        ],
        [
          0.0,
          0.0,
          0.0,
          1.0
        ]
      ]
    },
    {
      "file_path": "/media/NFS/ttao/scannet/posed_images/scene0260_00/00008.jpg",
      "transform_matrix": [
        [
          0.993669,
          -0.059533,
          0.095276,
          3.279696
        ],
        [
          -0.109768,
          -0.695106,
          0.710477,
          1.952105
        ],
        [
          0.02393,
          -0.716437,
          -0.697241,
          1.240219
        ],
        [
          0.0,
          0.0,
          0.0,
          1.0
        ]
      ]
    },
    {
      "file_path": "/media/NFS/ttao/scannet/posed_images/scene0260_00/00009.jpg",
      "transform_matrix": [
        [
          0.994221,
          -0.055976,
          0.091602,
          3.28008
        ],
        [
          -0.104707,
          -0.693873,
          0.712445,
          1.948305
        ],
        [
          0.023681,
          -0.717919,
          -0.695724,
          1.239438
        ],
        [
          0.0,
          0.0,
          0.0,
          1.0
        ]
      ]
    },
    {
      "file_path": "/media/NFS/ttao/scannet/posed_images/scene0260_00/00014.jpg",
      "transform_matrix": [
        [
          0.996178,
          -0.061128,
          0.062393,
          3.286905
        ],
        [
          -0.08734,
          -0.705821,
          0.702985,
          1.938678
        ],
        [
          0.001066,
          -0.705748,
          -0.708462,
          1.237201
        ],
        [
          0.0,
          0.0,
          0.0,
          1.0
        ]
      ]
    },
    {
      "file_path": "/media/NFS/ttao/scannet/posed_images/scene0260_00/00020.jpg",
      "transform_matrix": [
        [
          0.994731,
          -0.075691,
          0.069151,
          3.296394
        ],
        [
          -0.101869,
          -0.653609,
          0.749946,
          1.926794
        ],
        [
          -0.011567,
          -0.753038,
          -0.657875,
          1.24644
        ],
        [
          0.0,
          0.0,
          0.0,
          1.0
        ]
      ]
    },
    {
      "file_path": "/media/NFS/ttao/scannet/posed_images/scene0260_00/00028.jpg",
      "transform_matrix": [
        [
          0.979097,
          -0.127132,
          0.158765,
          3.264085
        ],
        [
          -0.203377,
          -0.602155,
          0.772041,
          1.902704
        ],
        [
          -0.00255,
          -0.788192,
          -0.615424,
          1.233031
        ],
        [
          0.0,
          0.0,
          0.0,
          1.0
        ]
      ]
    },
    {
      "file_path": "/media/NFS/ttao/scannet/posed_images/scene0260_00/00029.jpg",
      "transform_matrix": [
        [
          0.976244,
          -0.13168,
          0.172068,
          3.255394
        ],
        [
          -0.216659,
          -0.602105,
          0.768458,
          1.900589
        ],
        [
          0.002412,
          -0.787483,
          -0.616331,
          1.229458
        ],
        [
          0.0,
          0.0,
          0.0,
          1.0
        ]
      ]
    },
    {
      "file_path": "/media/NFS/ttao/scannet/posed_images/scene0260_00/00037.jpg",
      "transform_matrix": [
        [
          0.960838,
          -0.170798,
          0.218216,
          3.204655
        ],
        [
          -0.276573,
          -0.640075,
          0.716807,
          1.878476
        ],
        [
          0.017246,
          -0.749088,
          -0.662246,
          1.207991
        ],
        [
          0.0,
          0.0,
          0.0,
          1.0
        ]
      ]
    },
    {
      "file_path": "/media/NFS/ttao/scannet/posed_images/scene0260_00/00043.jpg",
      "transform_matrix": [
        [
          0.951064,
          -0.191196,
          0.242738,
          3.178144
        ],
        [
          -0.308829,
          -0.613895,
          0.726469,
          1.860989
        ],
        [
          0.010118,
          -0.765883,
          -0.6429,
          1.206098
        ],
        [
          0.0,
          0.0,
          0.0,
          1.0
        ]
      ]
    },
    {
      "file_path": "/media/NFS/ttao/scannet/posed_images/scene0260_00/00046.jpg",
      "transform_matrix": [
        [
          0.948942,
          -0.188926,
          0.25262,
          3.165954
        ],
        [
          -0.315213,
          -0.599089,
          0.736026,
          1.851281
        ],
        [
          0.012288,
          -0.778074,
          -0.628052,
          1.197935
        ],
        [
          0.0,
          0.0,
          0.0,
          1.0
        ]
      ]
    },
    {
      "file_path": "/media/NFS/ttao/scannet/posed_images/scene0260_00/00054.jpg",
      "transform_matrix": [
        [
          0.959226,
          -0.158769,
          0.233833,
          3.142028
        ],
        [
          -0.281581,
          -0.608346,
          0.742043,
          1.816288
        ],
        [
          0.024438,
          -0.777629,
          -0.628248,
          1.162156
        ],
        [
          0.0,
          0.0,
          0.0,
          1.0
        ]
      ]
    },
    {
      "file_path": "/media/NFS/ttao/scannet/posed_images/scene0260_00/00057.jpg",
      "transform_matrix": [
        [
          0.962758,
          -0.14013,
          0.231217,
          3.141975
        ],
        [
          -0.267663,
          -0.614623,
          0.742021,
          1.804896
        ],
        [
          0.038132,
          -0.776274,
          -0.629241,
          1.148375
        ],
        [
          0.0,
          0.0,
          0.0,
          1.0
        ]
      ]
    },
    {
      "file_path": "/media/NFS/ttao/scannet/posed_images/scene0260_00/00065.jpg",
      "transform_matrix": [
        [
          0.954596,
          -0.160642,
          0.250882,
          3.157945
        ],
        [
          -0.297009,
          -0.578472,
          0.759708,
          1.778393
        ],
        [
          0.023087,
          -0.799727,
          -0.599919,
          1.122336
        ],
        [
          0.0,
          0.0,
          0.0,
          1.0
        ]
      ]
    },
    {
      "file_path": "/media/NFS/ttao/scannet/posed_images/scene0260_00/00069.jpg",
      "transform_matrix": [
        [
          0.947192,
          -0.179794,
          0.265521,
          3.160722
        ],
        [
          -0.320294,
          -0.570383,
          0.756357,
          1.770191
        ],
        [
          0.015461,
          -0.80146,
          -0.597849,
          1.108864
        ],
        [
          0.0,
          0.0,
          0.0,
          1.0
        ]
      ]
    },
    {
      "file_path": "/media/NFS/ttao/scannet/posed_images/scene0260_00/00071.jpg",
      "transform_matrix": [
        [
          0.946341,
          -0.18227,
          0.266864,
          3.15838
        ],
        [
          -0.322917,
          -0.565961,
          0.75856,
          1.76718
        ],
        [
          0.012772,
          -0.804031,
          -0.59445,
          1.10219
        ],
        [
          0.0,
          0.0,
          0.0,
          1.0
        ]
      ]
    },
    {
      "file_path": "/media/NFS/ttao/scannet/posed_images/scene0260_00/00079.jpg",
      "transform_matrix": [
        [
          0.956092,
          -0.16249,
          0.243894,
          3.151886
        ],
        [
          -0.29171,
          -0.6076,
          0.738734,
          1.767786
        ],
        [
          0.028153,
          -0.777444,
          -0.628322,
          1.083649
        ],
        [
          0.0,
          0.0,
          0.0,
          1.0
        ]
      ]
    },
    {
      "file_path": "/media/NFS/ttao/scannet/posed_images/scene0260_00/00085.jpg",
      "transform_matrix": [
        [
          0.955101,
          -0.176965,
          0.237626,
          3.15448
        ],
        [
          -0.295873,
          -0.611809,
          0.733587,
          1.770428
        ],
        [
          0.015562,
          -0.770956,
          -0.636698,
          1.085985
        ],
        [
          0.0,
          0.0,
          0.0,
          1.0
        ]
      ]
    },
    {
      "file_path": "/media/NFS/ttao/scannet/posed_images/scene0260_00/00086.jpg",
      "transform_matrix": [
        [
          0.954065,
          -0.180828,
          0.238875,
          3.155684
        ],
        [
          -0.29929,
          -0.611526,
          0.732436,
          1.771751
        ],
        [
          0.013633,
          -0.770284,
          -0.637555,
          1.08726
        ],
        [
          0.0,
          0.0,
          0.0,
          1.0
        ]
      ]
    },
    {
      "file_path": "/media/NFS/ttao/scannet/posed_images/scene0260_00/00096.jpg",
      "transform_matrix": [
        [
          0.93916,
          -0.223045,
          0.261207,
          3.180794
        ],
        [
          -0.343215,
          -0.579549,
          0.739139,
          1.799527
        ],
        [
          -0.013479,
          -0.78382,
          -0.620842,
          1.160018
        ],
        [
          0.0,
          0.0,
          0.0,
          1.0
        ]
      ]
    },
    {
      "file_path": "/media/NFS/ttao/scannet/posed_images/scene0260_00/00100.jpg",
      "transform_matrix": [
        [
          0.950278,
          -0.189765,
          0.246901,
          3.179403
        ],
        [
          -0.3114,
          -0.582115,
          0.751114,
          1.806674
        ],
        [
          0.00119,
          -0.790652,
          -0.612264,
          1.188051
        ],
        [
          0.0,
          0.0,
          0.0,
          1.0
        ]
      ]
    },
    {
      "file_path": "/media/NFS/ttao/scannet/posed_images/scene0260_00/00102.jpg",
      "transform_matrix": [
        [
          0.955026,
          -0.172243,
          0.241365,
          3.179861
        ],
        [
          -0.296297,
          -0.586006,
          0.754192,
          1.810541
        ],
        [
          0.011537,
          -0.791788,
          -0.610686,
          1.202932
        ],
        [
          0.0,
          0.0,
          0.0,
          1.0
        ]
      ]
    },
    {
      "file_path": "/media/NFS/ttao/scannet/posed_images/scene0260_00/00108.jpg",
      "transform_matrix": [
        [
          0.965351,
          -0.147744,
          0.215102,
          3.184853
        ],
        [
          -0.260832,
          -0.571577,
          0.777989,
          1.818616
        ],
        [
          0.008004,
          -0.807138,
          -0.590309,
          1.2402
        ],
        [
          0.0,
          0.0,
          0.0,
          1.0
        ]
      ]
    },
    {
      "file_path": "/media/NFS/ttao/scannet/posed_images/scene0260_00/00116.jpg",
      "transform_matrix": [
        [
          0.979712,
          -0.099792,
          0.173796,
          3.194152
        ],
        [
          -0.199463,
          -0.569675,
          0.797299,
          1.832701
        ],
        [
          0.019443,
          -0.815789,
          -0.578022,
          1.275356
        ],
        [
          0.0,
          0.0,
          0.0,
          1.0
        ]
      ]
    },
    {
      "file_path": "/media/NFS/ttao/scannet/posed_images/scene0260_00/00119.jpg",
      "transform_matrix": [
        [
          0.981809,
          -0.091049,
          0.166618,
          3.20064
        ],
        [
          -0.188725,
          -0.564304,
          0.803707,
          1.840558
        ],
        [
          0.020846,
          -0.820531,
          -0.571221,
          1.291755
        ],
        [
          0.0,
          0.0,
          0.0,
          1.0
        ]
      ]
    },
    {
      "file_path": "/media/NFS/ttao/scannet/posed_images/scene0260_00/00126.jpg",
      "transform_matrix": [
        [
          0.984825,
          -0.063674,
          0.161449,
          3.206675
        ],
        [
          -0.170215,
          -0.535933,
          0.826924,
          1.845569
        ],
        [
          0.033872,
          -0.841856,
          -0.538638,
          1.317477
        ],
        [
          0.0,
          0.0,
          0.0,
          1.0
        ]
      ]
    },
    {
      "file_path": "/media/NFS/ttao/scannet/posed_images/scene0260_00/00128.jpg",
      "transform_matrix": [
        [
          0.985401,
          -0.058951,
          0.159717,
          3.207646
        ],
        [
          -0.166151,
          -0.5376,
          0.826668,
          1.845205
        ],
        [
          0.037131,
          -0.841137,
          -0.539546,
          1.31915
        ],
        [
          0.0,
          0.0,
          0.0,
          1.0
        ]
      ]
    },
    {
      "file_path": "/media/NFS/ttao/scannet/posed_images/scene0260_00/00134.jpg",
      "transform_matrix": [
        [
          0.988616,
          -0.056067,
          0.139628,
          3.212163
        ],
        [
          -0.148181,
          -0.523865,
          0.838813,
          1.840993
        ],
        [
          0.026116,
          -0.849954,
          -0.526209,
          1.324829
        ],
        [
          0.0,
          0.0,
          0.0,
          1.0
        ]
      ]
    },
    {
      "file_path": "/media/NFS/ttao/scannet/posed_images/scene0260_00/00137.jpg",
      "transform_matrix": [
        [
          0.988483,
          -0.056201,
          0.140511,
          3.216674
        ],
        [
          -0.149458,
          -0.508277,
          0.848126,
          1.839799
        ],
        [
          0.023753,
          -0.859358,
          -0.510822,
          1.335261
        ],
        [
          0.0,
          0.0,
          0.0,
          1.0
        ]
      ]
    },
    {
      "file_path": "/media/NFS/ttao/scannet/posed_images/scene0260_00/00146.jpg",
      "transform_matrix": [
        [
          0.986147,
          -0.04866,
          0.158577,
          3.227317
        ],
        [
          -0.165366,
          -0.363216,
          0.916912,
          1.820513
        ],
        [
          0.012981,
          -0.930433,
          -0.366231,
          1.368565
        ],
        [
          0.0,
          0.0,
          0.0,
          1.0
        ]
      ]
    },
    {
      "file_path": "/media/NFS/ttao/scannet/posed_images/scene0260_00/00151.jpg",
      "transform_matrix": [
        [
          0.986026,
          -0.054767,
          0.157333,
          3.222735
        ],
        [
          -0.166573,
          -0.338683,
          0.926038,
          1.811702
        ],
        [
          0.002569,
          -0.939305,
          -0.343073,
          1.372894
        ],
        [
          0.0,
          0.0,
          0.0,
          1.0
        ]
      ]
    },
    {
      "file_path": "/media/NFS/ttao/scannet/posed_images/scene0260_00/00153.jpg",
      "transform_matrix": [
        [
          0.986002,
          -0.054987,
          0.157409,
          3.221973
        ],
        [
          -0.166726,
          -0.335575,
          0.927142,
          1.810953
        ],
        [
          0.001842,
          -0.940407,
          -0.340045,
          1.372677
        ],
        [
          0.0,
          0.0,
          0.0,
          1.0
        ]
      ]
    },
    {
      "file_path": "/media/NFS/ttao/scannet/posed_images/scene0260_00/00160.jpg",
      "transform_matrix": [
        [
          0.986272,
          -0.056796,
          0.155054,
          3.2244
        ],
        [
          -0.165003,
          -0.302263,
          0.938835,
          1.80547
        ],
        [
          -0.006455,
          -0.951531,
          -0.307485,
          1.390549
        ],
        [
          0.0,
          0.0,
          0.0,
          1.0
        ]
      ]
    },
    {
      "file_path": "/media/NFS/ttao/scannet/posed_images/scene0260_00/00165.jpg",
      "transform_matrix": [
        [
          0.985487,
          -0.063507,
          0.157425,
          3.228643
        ],
        [
          -0.169327,
          -0.302191,
          0.938088,
          1.806858
        ],
        [
          -0.012003,
          -0.95113,
          -0.308558,
          1.402418
        ],
        [
          0.0,
          0.0,
          0.0,
          1.0
        ]
      ]
    },
    {
      "file_path": "/media/NFS/ttao/scannet/posed_images/scene0260_00/00173.jpg",
      "transform_matrix": [
        [
          0.986856,
          -0.065451,
          0.147753,
          3.233174
        ],
        [
          -0.159338,
          -0.241613,
          0.957201,
          1.810226
        ],
        [
          -0.026951,
          -0.968163,
          -0.248867,
          1.448777
        ],
        [
          0.0,
          0.0,
          0.0,
          1.0
        ]
      ]
    },
    {
      "file_path": "/media/NFS/ttao/scannet/posed_images/scene0260_00/00174.jpg",
      "transform_matrix": [
        [
          0.986906,
          -0.06484,
          0.147692,
          3.233927
        ],
        [
          -0.158891,
          -0.233192,
          0.959362,
          1.810753
        ],
        [
          -0.027765,
          -0.970266,
          -0.240441,
          1.454433
        ],
        [
          0.0,
          0.0,
          0.0,
          1.0
        ]
      ]
    },
    {
      "file_path": "/media/NFS/ttao/scannet/posed_images/scene0260_00/00180.jpg",
      "transform_matrix": [
        [
          0.985722,
          -0.058563,
          0.157871,
          3.235389
        ],
        [
          -0.166229,
          -0.188967,
          0.967812,
          1.808727
        ],
        [
          -0.026845,
          -0.980235,
          -0.196004,
          1.478372
        ],
        [
          0.0,
          0.0,
          0.0,
          1.0
        ]
      ]
    },
    {
      "file_path": "/media/NFS/ttao/scannet/posed_images/scene0260_00/00188.jpg",
      "transform_matrix": [
        [
          0.987872,
          -0.056436,
          0.144651,
          3.240653
        ],
        [
          -0.15197,
          -0.160368,
          0.975288,
          1.807825
        ],
        [
          -0.031844,
          -0.985443,
          -0.166999,
          1.505068
        ],
        [
          0.0,
          0.0,
          0.0,
          1.0
        ]
      ]
    },
    {
      "file_path": "/media/NFS/ttao/scannet/posed_images/scene0260_00/00190.jpg",
      "transform_matrix": [
        [
          0.987847,
          -0.054438,
          0.145586,
          3.240936
        ],
        [
          -0.152303,
          -0.152061,
          0.976566,
          1.805936
        ],
        [
          -0.031024,
          -0.986871,
          -0.158504,
          1.506497
        ],
        [
          0.0,
          0.0,
          0.0,
          1.0
        ]
      ]
    },
    {
      "file_path": "/media/NFS/ttao/scannet/posed_images/scene0260_00/00194.jpg",
      "transform_matrix": [
        [
          0.987176,
          -0.057543,
          0.148903,
          3.242555
        ],
        [
          -0.155465,
          -0.134747,
          0.978608,
          1.805821
        ],
        [
          -0.036248,
          -0.989208,
          -0.141965,
          1.512528
        ],
        [
          0.0,
          0.0,
          0.0,
          1.0
        ]
      ]
    },
    {
      "file_path": "/media/NFS/ttao/scannet/posed_images/scene0260_00/00200.jpg",
      "transform_matrix": [
        [
          0.989987,
          -0.066533,
          0.124495,
          3.244552
        ],
        [
          -0.131112,
          -0.106633,
          0.985616,
          1.803818
        ],
        [
          -0.0523,
          -0.99207,
          -0.114288,
          1.517919
        ],
        [
          0.0,
          0.0,
          0.0,
          1.0
        ]
      ]
    },
    {
      "file_path": "/media/NFS/ttao/scannet/posed_images/scene0260_00/00205.jpg",
      "transform_matrix": [
        [
          0.995047,
          -0.067821,
          0.072679,
          3.256123
        ],
        [
          -0.078935,
          -0.094645,
          0.992377,
          1.807903
        ],
        [
          -0.060425,
          -0.993198,
          -0.09953,
          1.522716
        ],
        [
          0.0,
          0.0,
          0.0,
          1.0
        ]
      ]
    },
    {
      "file_path": "/media/NFS/ttao/scannet/posed_images/scene0260_00/00210.jpg",
      "transform_matrix": [
        [
          0.997878,
          -0.064152,
          0.011146,
          3.278564
        ],
        [
          -0.015996,
          -0.075584,
          0.997011,
          1.813039
        ],
        [
          -0.063118,
          -0.995073,
          -0.076449,
          1.527309
        ],
        [
          0.0,
          0.0,
          0.0,
          1.0
        ]
      ]
    },
    {
      "file_path": "/media/NFS/ttao/scannet/posed_images/scene0260_00/00217.jpg",
      "transform_matrix": [
        [
          0.996787,
          -0.026893,
          -0.075442,
          3.328034
        ],
        [
          0.074002,
          -0.051015,
          0.995952,
          1.824594
        ],
        [
          -0.030632,
          -0.998335,
          -0.048861,
          1.533981
        ],
        [
          0.0,
          0.0,
          0.0,
          1.0
        ]
      ]
    },
    {
      "file_path": "/media/NFS/ttao/scannet/posed_images/scene0260_00/00220.jpg",
      "transform_matrix": [
        [
          0.994949,
          -0.023481,
          -0.097595,
          3.347026
        ],
        [
          0.096894,
          -0.02935,
          0.994862,
          1.824637
        ],
        [
          -0.026225,
          -0.999293,
          -0.026927,
          1.541236
        ],
        [
          0.0,
          0.0,
          0.0,
          1.0
        ]
      ]
    },
    {
      "file_path": "/media/NFS/ttao/scannet/posed_images/scene0260_00/00228.jpg",
      "transform_matrix": [
        [
          0.98763,
          -0.035782,
          -0.152669,
          3.382186
        ],
        [
          0.152127,
          -0.017409,
          0.988207,
          1.818992
        ],
        [
          -0.038017,
          -0.999208,
          -0.01175,
          1.557136
        ],
        [
          0.0,
          0.0,
          0.0,
          1.0
        ]
      ]
    },
    {
      "file_path": "/media/NFS/ttao/scannet/posed_images/scene0260_00/00230.jpg",
      "transform_matrix": [
        [
          0.987263,
          -0.03567,
          -0.155048,
          3.384711
        ],
        [
          0.154402,
          -0.020212,
          0.987801,
          1.817719
        ],
        [
          -0.038368,
          -0.999159,
          -0.014447,
          1.558938
        ],
        [
          0.0,
          0.0,
          0.0,
          1.0
        ]
      ]
    },
    {
      "file_path": "/media/NFS/ttao/scannet/posed_images/scene0260_00/00236.jpg",
      "transform_matrix": [
        [
          0.986468,
          -0.025983,
          -0.16188,
          3.376983
        ],
        [
          0.160392,
          -0.051708,
          0.985698,
          1.816244
        ],
        [
          -0.033982,
          -0.998324,
          -0.046841,
          1.544029
        ],
        [
          0.0,
          0.0,
          0.0,
          1.0
        ]
      ]
    },
    {
      "file_path": "/media/NFS/ttao/scannet/posed_images/scene0260_00/00240.jpg",
      "transform_matrix": [
        [
          0.989125,
          -0.021063,
          -0.14556,
          3.365441
        ],
        [
          0.143745,
          -0.070972,
          0.987066,
          1.819571
        ],
        [
          -0.031121,
          -0.997256,
          -0.067173,
          1.534508
        ],
        [
          0.0,
          0.0,
          0.0,
          1.0
        ]
      ]
    },
    {
      "file_path": "/media/NFS/ttao/scannet/posed_images/scene0260_00/00250.jpg",
      "transform_matrix": [
        [
          0.988047,
          -0.000937,
          -0.154149,
          3.330421
        ],
        [
          0.153611,
          -0.077733,
          0.985069,
          1.812061
        ],
        [
          -0.012906,
          -0.996974,
          -0.07666,
          1.526753
        ],
        [
          0.0,
          0.0,
          0.0,
          1.0
        ]
      ]
    },
    {
      "file_path": "/media/NFS/ttao/scannet/posed_images/scene0260_00/00253.jpg",
      "transform_matrix": [
        [
          0.989175,
          0.00883,
          -0.146477,
          3.322673
        ],
        [
          0.146685,
          -0.087555,
          0.985301,
          1.811705
        ],
        [
          -0.004125,
          -0.99612,
          -0.087902,
          1.522672
        ],
        [
          0.0,
          0.0,
          0.0,
          1.0
        ]
      ]
    },
    {
      "file_path": "/media/NFS/ttao/scannet/posed_images/scene0260_00/00256.jpg",
      "transform_matrix": [
        [
          0.990283,
          0.015043,
          -0.138253,
          3.318158
        ],
        [
          0.139035,
          -0.085013,
          0.986632,
          1.811067
        ],
        [
          0.003089,
          -0.996266,
          -0.086278,
          1.52169
        ],
        [
          0.0,
          0.0,
          0.0,
          1.0
        ]
      ]
    },
    {
      "file_path": "/media/NFS/ttao/scannet/posed_images/scene0260_00/00260.jpg",
      "transform_matrix": [
        [
          0.991266,
          0.015927,
          -0.130916,
          3.313814
        ],
        [
          0.131826,
          -0.0908,
          0.987106,
          1.810517
        ],
        [
          0.003835,
          -0.995742,
          -0.092106,
          1.51514
        ],
        [
          0.0,
          0.0,
          0.0,
          1.0
        ]
      ]
    },
    {
      "file_path": "/media/NFS/ttao/scannet/posed_images/scene0260_00/00270.jpg",
      "transform_matrix": [
        [
          0.986811,
          0.022563,
          -0.160299,
          3.326328
        ],
        [
          0.161613,
          -0.194162,
          0.967565,
          1.825217
        ],
        [
          -0.009293,
          -0.98071,
          -0.195248,
          1.471745
        ],
        [
          0.0,
          0.0,
          0.0,
          1.0
        ]
      ]
    },
    {
      "file_path": "/media/NFS/ttao/scannet/posed_images/scene0260_00/00271.jpg",
      "transform_matrix": [
        [
          0.986321,
          0.028136,
          -0.162416,
          3.329305
        ],
        [
          0.164701,
          -0.207947,
          0.964174,
          1.827077
        ],
        [
          -0.006646,
          -0.977735,
          -0.209736,
          1.469553
        ],
        [
          0.0,
          0.0,
          0.0,
          1.0
        ]
      ]
    },
    {
      "file_path": "/media/NFS/ttao/scannet/posed_images/scene0260_00/00277.jpg",
      "transform_matrix": [
        [
          0.984893,
          0.042791,
          -0.167794,
          3.367575
        ],
        [
          0.173156,
          -0.252967,
          0.951853,
          1.840081
        ],
        [
          -0.001715,
          -0.966528,
          -0.256555,
          1.452687
        ],
        [
          0.0,
          0.0,
          0.0,
          1.0
        ]
      ]
    },
    {
      "file_path": "/media/NFS/ttao/scannet/posed_images/scene0260_00/00282.jpg",
      "transform_matrix": [
        [
          0.981108,
          0.0562,
          -0.18512,
          3.405022
        ],
        [
          0.193431,
          -0.267695,
          0.943888,
          1.849815
        ],
        [
          0.003492,
          -0.961863,
          -0.273508,
          1.445313
        ],
        [
          0.0,
          0.0,
          0.0,
          1.0
        ]
      ]
    },
    {
      "file_path": "/media/NFS/ttao/scannet/posed_images/scene0260_00/00287.jpg",
      "transform_matrix": [
        [
          0.976967,
          0.081226,
          -0.197326,
          3.439914
        ],
        [
          0.212409,
          -0.281599,
          0.935727,
          1.856444
        ],
        [
          0.020439,
          -0.956088,
          -0.292366,
          1.431323
        ],
        [
          0.0,
          0.0,
          0.0,
          1.0
        ]
      ]
    },
    {
      "file_path": "/media/NFS/ttao/scannet/posed_images/scene0260_00/00296.jpg",
      "transform_matrix": [
        [
          0.951903,
          0.125816,
          -0.279376,
          3.466113
        ],
        [
          0.306285,
          -0.365875,
          0.87882,
          1.861733
        ],
        [
          0.008353,
          -0.92212,
          -0.386813,
          1.397147
        ],
        [
          0.0,
          0.0,
          0.0,
          1.0
        ]
      ]
    },
    {
      "file_path": "/media/NFS/ttao/scannet/posed_images/scene0260_00/00300.jpg",
      "transform_matrix": [
        [
          0.939514,
          0.156133,
          -0.304856,
          3.466035
        ],
        [
          0.342109,
          -0.384625,
          0.857336,
          1.861795
        ],
        [
          0.016603,
          -0.909773,
          -0.414775,
          1.386796
        ],
        [
          0.0,
          0.0,
          0.0,
          1.0
        ]
      ]
    },
    {
      "file_path": "/media/NFS/ttao/scannet/posed_images/scene0260_00/00304.jpg",
      "transform_matrix": [
        [
          0.932173,
          0.161691,
          -0.323897,
          3.462513
        ],
        [
          0.361964,
          -0.401672,
          0.841214,
          1.862108
        ],
        [
          0.005917,
          -0.901396,
          -0.432955,
          1.379126
        ],
        [
          0.0,
          0.0,
          0.0,
          1.0
        ]
      ]
    },
    {
      "file_path": "/media/NFS/ttao/scannet/posed_images/scene0260_00/00307.jpg",
      "transform_matrix": [
        [
          0.933518,
          0.166167,
          -0.317699,
          3.457263
        ],
        [
          0.358489,
          -0.419035,
          0.834203,
          1.864281
        ],
        [
          0.00549,
          -0.892635,
          -0.450746,
          1.371576
        ],
        [
          0.0,
          0.0,
          0.0,
          1.0
        ]
      ]
    },
    {
      "file_path": "/media/NFS/ttao/scannet/posed_images/scene0260_00/00313.jpg",
      "transform_matrix": [
        [
          0.956699,
          0.159148,
          -0.243719,
          3.445105
        ],
        [
          0.290511,
          -0.469755,
          0.833626,
          1.87825
        ],
        [
          0.018182,
          -0.868333,
          -0.495649,
          1.349963
        ],
        [
          0.0,
          0.0,
          0.0,
          1.0
        ]
      ]
    },
    {
      "file_path": "/media/NFS/ttao/scannet/posed_images/scene0260_00/00319.jpg",
      "transform_matrix": [
        [
          0.953677,
          0.198159,
          -0.226346,
          3.432305
        ],
        [
          0.298267,
          -0.524795,
          0.797263,
          1.887753
        ],
        [
          0.039199,
          -0.827843,
          -0.559589,
          1.323696
        ],
        [
          0.0,
          0.0,
          0.0,
          1.0
        ]
      ]
    },
    {
      "file_path": "/media/NFS/ttao/scannet/posed_images/scene0260_00/00327.jpg",
      "transform_matrix": [
        [
          0.938173,
          0.227952,
          -0.260518,
          3.423101
        ],
        [
          0.344275,
          -0.535829,
          0.770949,
          1.87893
        ],
        [
          0.036146,
          -0.812973,
          -0.581178,
          1.292151
        ],
        [
          0.0,
          0.0,
          0.0,
          1.0
        ]
      ]
    },
    {
      "file_path": "/media/NFS/ttao/scannet/posed_images/scene0260_00/00328.jpg",
      "transform_matrix": [
        [
          0.939205,
          0.22878,
          -0.256033,
          3.422115
        ],
        [
          0.341088,
          -0.536102,
          0.772175,
          1.879263
        ],
        [
          0.039398,
          -0.81256,
          -0.581544,
          1.290941
        ],
        [
          0.0,
          0.0,
          0.0,
          1.0
        ]
      ]
    },
    {
      "file_path": "/media/NFS/ttao/scannet/posed_images/scene0260_00/00336.jpg",
      "transform_matrix": [
        [
          0.947161,
          0.233106,
          -0.220334,
          3.416785
        ],
        [
          0.312077,
          -0.510984,
          0.800939,
          1.881086
        ],
        [
          0.074116,
          -0.82738,
          -0.556731,
          1.282954
        ],
        [
          0.0,
          0.0,
          0.0,
          1.0
        ]
      ]
    },
    {
      "file_path": "/media/NFS/ttao/scannet/posed_images/scene0260_00/00337.jpg",
      "transform_matrix": [
        [
          0.945834,
          0.235623,
          -0.223336,
          3.416084
        ],
        [
          0.315905,
          -0.509379,
          0.800461,
          1.880883
        ],
        [
          0.074844,
          -0.827656,
          -0.556223,
          1.282842
        ],
        [
          0.0,
          0.0,
          0.0,
          1.0
        ]
      ]
    },
    {
      "file_path": "/media/NFS/ttao/scannet/posed_images/scene0260_00/00347.jpg",
      "transform_matrix": [
        [
          0.926346,
          0.250128,
          -0.281635,
          3.401118
        ],
        [
          0.373413,
          -0.511652,
          0.773805,
          1.877482
        ],
        [
          0.049451,
          -0.821978,
          -0.567368,
          1.284283
        ],
        [
          0.0,
          0.0,
          0.0,
          1.0
        ]
      ]
    },
    {
      "file_path": "/media/NFS/ttao/scannet/posed_images/scene0260_00/00348.jpg",
      "transform_matrix": [
        [
          0.923419,
          0.252882,
          -0.2887,
          3.40123
        ],
        [
          0.380933,
          -0.512249,
          0.769735,
          1.878589
        ],
        [
          0.046766,
          -0.820763,
          -0.569351,
          1.285061
        ],
        [
          0.0,
          0.0,
          0.0,
          1.0
        ]
      ]
    },
    {
      "file_path": "/media/NFS/ttao/scannet/posed_images/scene0260_00/00353.jpg",
      "transform_matrix": [
        [
          0.895433,
          0.27501,
          -0.350098,
          3.404774
        ],
        [
          0.443733,
          -0.487634,
          0.751873,
          1.881804
        ],
        [
          0.036053,
          -0.828603,
          -0.558675,
          1.287663
        ],
        [
          0.0,
          0.0,
          0.0,
          1.0
        ]
      ]
    },
    {
      "file_path": "/media/NFS/ttao/scannet/posed_images/scene0260_00/00362.jpg",
      "transform_matrix": [
        [
          0.830261,
          0.299766,
          -0.469901,
          3.422358
        ],
        [
          0.556204,
          -0.390981,
          0.733328,
          1.908299
        ],
        [
          0.036105,
          -0.870215,
          -0.491347,
          1.314994
        ],
        [
          0.0,
          0.0,
          0.0,
          1.0
        ]
      ]
    },
    {
      "file_path": "/media/NFS/ttao/scannet/posed_images/scene0260_00/00367.jpg",
      "transform_matrix": [
        [
          0.795451,
          0.31347,
          -0.518646,
          3.43921
        ],
        [
          0.604514,
          -0.350179,
          0.715498,
          1.927323
        ],
        [
          0.042668,
          -0.882673,
          -0.468047,
          1.329314
        ],
        [
          0.0,
          0.0,
          0.0,
          1.0
        ]
      ]
    },
    {
      "file_path": "/media/NFS/ttao/scannet/posed_images/scene0260_00/00373.jpg",
      "transform_matrix": [
        [
          0.768417,
          0.318308,
          -0.555171,
          3.451106
        ],
        [
          0.638252,
          -0.318066,
          0.701048,
          1.940085
        ],
        [
          0.046568,
          -0.893036,
          -0.447569,
          1.348595
        ],
        [
          0.0,
          0.0,
          0.0,
          1.0
        ]
      ]
    },
    {
      "file_path": "/media/NFS/ttao/scannet/posed_images/scene0260_00/00374.jpg",
      "transform_matrix": [
        [
          0.763055,
          0.319782,
          -0.561682,
          3.451936
        ],
        [
          0.644807,
          -0.31694,
          0.695538,
          1.94052
        ],
        [
          0.044401,
          -0.89291,
          -0.44804,
          1.351222
        ],
        [
          0.0,
          0.0,
          0.0,
          1.0
        ]
      ]
    },
    {
      "file_path": "/media/NFS/ttao/scannet/posed_images/scene0260_00/00381.jpg",
      "transform_matrix": [
        [
          0.724064,
          0.323317,
          -0.60926,
          3.450998
        ],
        [
          0.687955,
          -0.275147,
          0.671574,
          1.929606
        ],
        [
          0.049495,
          -0.905406,
          -0.421652,
          1.362599
        ],
        [
          0.0,
          0.0,
          0.0,
          1.0
        ]
      ]
    },
    {
      "file_path": "/media/NFS/ttao/scannet/posed_images/scene0260_00/00385.jpg",
      "transform_matrix": [
        [
          0.723907,
          0.317188,
          -0.612658,
          3.449698
        ],
        [
          0.688182,
          -0.269408,
          0.673666,
          1.927811
        ],
        [
          0.048624,
          -0.909292,
          -0.413309,
          1.370643
        ],
        [
          0.0,
          0.0,
          0.0,
          1.0
        ]
      ]
    },
    {
      "file_path": "/media/NFS/ttao/scannet/posed_images/scene0260_00/00393.jpg",
      "transform_matrix": [
        [
          0.732249,
          0.347332,
          -0.585809,
          3.431888
        ],
        [
          0.67727,
          -0.281045,
          0.67994,
          1.917753
        ],
        [
          0.071526,
          -0.894636,
          -0.441033,
          1.358501
        ],
        [
          0.0,
          0.0,
          0.0,
          1.0
        ]
      ]
    },
    {
      "file_path": "/media/NFS/ttao/scannet/posed_images/scene0260_00/00394.jpg",
      "transform_matrix": [
        [
          0.732203,
          0.352525,
          -0.582756,
          3.428705
        ],
        [
          0.676771,
          -0.280417,
          0.680696,
          1.917191
        ],
        [
          0.076548,
          -0.8928,
          -0.443901,
          1.356463
