{
  "frames": [
    {
      "file_path": "/media/NFS/ttao/scannet/posed_images/scene0515_01/00000.jpg",
      "transform_matrix": [
        [
          0.993289,
          0.027798,
          -0.112274,
          2.471957
        ],
        [
          0.113842,
          -0.406541,
          0.906512,
          1.783249
        ],
        [
          -0.020445,
          -0.91321,
          -0.406977,
          1.541131
        ],
        [
          0.0,
          0.0,
          0.0,
          1.0
        ]
      ]
    },
    {
      "file_path": "/media/NFS/ttao/scannet/posed_images/scene0515_01/00007.jpg",
      "transform_matrix": [
        [
          0.99596,
          0.053655,
          -0.072002,
          2.413411
        ],
        [
          0.087522,
          -0.400782,
          0.911983,
          1.822893
        ],
        [
          0.020075,
          -0.914601,
          -0.403859,
          1.535208
        ],
        [
          0.0,
          0.0,
          0.0,
          1.0
        ]
      ]
    },
    {
      "file_path": "/media/NFS/ttao/scannet/posed_images/scene0515_01/00014.jpg",
      "transform_matrix": [
        [
          0.991577,
          0.090142,
          -0.092998,
          2.332021
        ],
        [
          0.122678,
          -0.423482,
          0.897559,
          1.864551
        ],
        [
          0.041525,
          -0.901408,
          -0.430974,
          1.534094
        ],
        [
          0.0,
          0.0,
          0.0,
          1.0
        ]
      ]
    },
    {
      "file_path": "/media/NFS/ttao/scannet/posed_images/scene0515_01/00021.jpg",
      "transform_matrix": [
        [
          0.981913,
          0.149286,
          -0.116452,
          2.244557
        ],
        [
          0.173376,
          -0.461811,
          0.869869,
          1.889084
        ],
        [
          0.07608,
          -0.874325,
          -0.479341,
          1.515254
        ],
        [
          0.0,
          0.0,
          0.0,
          1.0
        ]
      ]
    },
    {
      "file_path": "/media/NFS/ttao/scannet/posed_images/scene0515_01/00035.jpg",
      "transform_matrix": [
        [
          0.936116,
          0.231982,
          -0.264332,
          2.086745
        ],
        [
          0.345643,
          -0.46806,
          0.813296,
          1.944838
        ],
        [
          0.064947,
          -0.852704,
          -0.518341,
          1.531723
        ],
        [
          0.0,
          0.0,
          0.0,
          1.0
        ]
      ]
    },
    {
      "file_path": "/media/NFS/ttao/scannet/posed_images/scene0515_01/00038.jpg",
      "transform_matrix": [
        [
          0.919256,
          0.255323,
          -0.299632,
          2.06283
        ],
        [
          0.387608,
          -0.454084,
          0.802226,
          1.96642
        ],
        [
          0.068768,
          -0.853591,
          -0.516385,
          1.531063
        ],
        [
          0.0,
          0.0,
          0.0,
          1.0
        ]
      ]
    },
    {
      "file_path": "/media/NFS/ttao/scannet/posed_images/scene0515_01/00047.jpg",
      "transform_matrix": [
        [
          0.853267,
          0.295361,
          -0.429765,
          2.004272
        ],
        [
          0.519553,
          -0.410819,
          0.749195,
          2.076035
        ],
        [
          0.044727,
          -0.862549,
          -0.503993,
          1.523364
        ],
        [
          0.0,
          0.0,
          0.0,
          1.0
        ]
      ]
    },
    {
      "file_path": "/media/NFS/ttao/scannet/posed_images/scene0515_01/00054.jpg",
      "transform_matrix": [
        [
          0.791535,
          0.301769,
          -0.53142,
          1.946491
        ],
        [
          0.610621,
          -0.355282,
          0.707755,
          2.156623
        ],
        [
          0.024775,
          -0.884709,
          -0.465485,
          1.543908
        ],
        [
          0.0,
          0.0,
          0.0,
          1.0
        ]
      ]
    },
    {
      "file_path": "/media/NFS/ttao/scannet/posed_images/scene0515_01/00066.jpg",
      "transform_matrix": [
        [
          0.726549,
          0.186454,
          -0.661333,
          1.87685
        ],
        [
          0.687047,
          -0.210655,
          0.695407,
          2.192992
        ],
        [
          -0.009651,
          -0.959614,
          -0.281154,
          1.630322
        ],
        [
          0.0,
          0.0,
          0.0,
          1.0
        ]
      ]
    },
    {
      "file_path": "/media/NFS/ttao/scannet/posed_images/scene0515_01/00075.jpg",
      "transform_matrix": [
        [
          0.705823,
          0.124782,
          -0.697311,
          1.884087
        ],
        [
          0.708084,
          -0.15308,
          0.689335,
          2.19756
        ],
        [
          -0.020728,
          -0.980304,
          -0.196403,
          1.683415
        ],
        [
          0.0,
          0.0,
          0.0,
          1.0
        ]
      ]
    },
    {
      "file_path": "/media/NFS/ttao/scannet/posed_images/scene0515_01/00082.jpg",
      "transform_matrix": [
        [
          0.707798,
          0.098999,
          -0.699443,
          1.90081
        ],
        [
          0.7064,
          -0.105615,
          0.699889,
          2.197779
        ],
        [
          -0.004583,
          -0.989467,
          -0.144687,
          1.702163
        ],
        [
          0.0,
          0.0,
          0.0,
          1.0
        ]
      ]
    },
    {
      "file_path": "/media/NFS/ttao/scannet/posed_images/scene0515_01/00089.jpg",
      "transform_matrix": [
        [
          0.740368,
          0.087151,
          -0.666528,
          1.923823
        ],
        [
          0.672089,
          -0.07784,
          0.736368,
          2.2145
        ],
        [
          0.012293,
          -0.993149,
          -0.116203,
          1.716501
        ],
        [
          0.0,
          0.0,
          0.0,
          1.0
        ]
      ]
    },
    {
      "file_path": "/media/NFS/ttao/scannet/posed_images/scene0515_01/00094.jpg",
      "transform_matrix": [
        [
          0.781007,
          0.116145,
          -0.613627,
          1.944413
        ],
        [
          0.622537,
          -0.066513,
          0.779758,
          2.248633
        ],
        [
          0.049751,
          -0.991003,
          -0.124252,
          1.702209
        ],
        [
          0.0,
          0.0,
          0.0,
          1.0
        ]
      ]
    },
    {
      "file_path": "/media/NFS/ttao/scannet/posed_images/scene0515_01/00103.jpg",
      "transform_matrix": [
        [
          0.861232,
          0.150286,
          -0.485483,
          1.959443
        ],
        [
          0.500388,
          -0.083776,
          0.861739,
          2.321773
        ],
        [
          0.088836,
          -0.985087,
          -0.147352,
          1.68248
        ],
        [
          0.0,
          0.0,
          0.0,
          1.0
        ]
      ]
    },
    {
      "file_path": "/media/NFS/ttao/scannet/posed_images/scene0515_01/00113.jpg",
      "transform_matrix": [
        [
          0.947695,
          0.14397,
          -0.284864,
          1.939038
        ],
        [
          0.307465,
          -0.172224,
          0.935844,
          2.436925
        ],
        [
          0.085673,
          -0.97448,
          -0.207482,
          1.659699
        ],
        [
          0.0,
          0.0,
          0.0,
          1.0
        ]
      ]
    },
    {
      "file_path": "/media/NFS/ttao/scannet/posed_images/scene0515_01/00115.jpg",
      "transform_matrix": [
        [
          0.959382,
          0.138665,
          -0.24568,
          1.955265
        ],
        [
          0.26909,
          -0.188275,
          0.944533,
          2.476065
        ],
        [
          0.084718,
          -0.972278,
          -0.217942,
          1.661263
        ],
        [
          0.0,
          0.0,
          0.0,
          1.0
        ]
      ]
    },
    {
      "file_path": "/media/NFS/ttao/scannet/posed_images/scene0515_01/00129.jpg",
      "transform_matrix": [
        [
          0.998977,
          0.03507,
          0.028555,
          1.868806
        ],
        [
          -0.019138,
          -0.244268,
          0.969519,
          2.640185
        ],
        [
          0.040977,
          -0.969073,
          -0.243347,
          1.646417
        ],
        [
          0.0,
          0.0,
          0.0,
          1.0
        ]
      ]
    },
    {
      "file_path": "/media/NFS/ttao/scannet/posed_images/scene0515_01/00134.jpg",
      "transform_matrix": [
        [
          0.996413,
          -0.006273,
          0.084395,
          1.838138
        ],
        [
          -0.083243,
          -0.252303,
          0.964061,
          2.667079
        ],
        [
          0.015246,
          -0.967628,
          -0.25192,
          1.616953
        ],
        [
          0.0,
          0.0,
          0.0,
          1.0
        ]
      ]
    },
    {
      "file_path": "/media/NFS/ttao/scannet/posed_images/scene0515_01/00138.jpg",
      "transform_matrix": [
        [
          0.992656,
          -0.01666,
          0.119821,
          1.83524
        ],
        [
          -0.119754,
          -0.275672,
          0.953763,
          2.695032
        ],
        [
          0.017142,
          -0.961107,
          -0.275643,
          1.600786
        ],
        [
          0.0,
          0.0,
          0.0,
          1.0
        ]
      ]
    },
    {
      "file_path": "/media/NFS/ttao/scannet/posed_images/scene0515_01/00153.jpg",
      "transform_matrix": [
        [
          0.947683,
          -0.067167,
          0.312066,
          1.836743
        ],
        [
          -0.317357,
          -0.3035,
          0.898428,
          2.805449
        ],
        [
          0.034368,
          -0.950461,
          -0.308938,
          1.585119
        ],
        [
          0.0,
          0.0,
          0.0,
          1.0
        ]
      ]
    },
    {
      "file_path": "/media/NFS/ttao/scannet/posed_images/scene0515_01/00160.jpg",
      "transform_matrix": [
        [
          0.923734,
          -0.074387,
          0.375742,
          1.833734
        ],
        [
          -0.380147,
          -0.298275,
          0.875512,
          2.839273
        ],
        [
          0.046947,
          -0.951577,
          -0.303805,
          1.578218
        ],
        [
          0.0,
          0.0,
          0.0,
          1.0
        ]
      ]
    },
    {
      "file_path": "/media/NFS/ttao/scannet/posed_images/scene0515_01/00169.jpg",
      "transform_matrix": [
        [
          0.887879,
          -0.088452,
          0.451495,
          1.898586
        ],
        [
          -0.456474,
          -0.291938,
          0.840478,
          2.845967
        ],
        [
          0.057467,
          -0.952338,
          -0.299582,
          1.584563
        ],
        [
          0.0,
          0.0,
          0.0,
          1.0
        ]
      ]
    },
    {
      "file_path": "/media/NFS/ttao/scannet/posed_images/scene0515_01/00176.jpg",
      "transform_matrix": [
        [
          0.843802,
          -0.113269,
          0.524565,
          1.936591
        ],
        [
          -0.534287,
          -0.269026,
          0.80135,
          2.850722
        ],
        [
          0.050354,
          -0.956449,
          -0.287523,
          1.594545
        ],
        [
          0.0,
          0.0,
          0.0,
          1.0
        ]
      ]
    },
    {
      "file_path": "/media/NFS/ttao/scannet/posed_images/scene0515_01/00181.jpg",
      "transform_matrix": [
        [
          0.816719,
          -0.113701,
          0.565723,
          1.955486
        ],
        [
          -0.574936,
          -0.243908,
          0.780998,
          2.849413
        ],
        [
          0.049185,
          -0.96311,
          -0.264575,
          1.609799
        ],
        [
          0.0,
          0.0,
          0.0,
          1.0
        ]
      ]
    },
    {
      "file_path": "/media/NFS/ttao/scannet/posed_images/scene0515_01/00188.jpg",
      "transform_matrix": [
        [
          0.802108,
          -0.089815,
          0.590386,
          1.971303
        ],
        [
          -0.594032,
          -0.221359,
          0.773386,
          2.83197
        ],
        [
          0.061226,
          -0.971048,
          -0.230907,
          1.62257
        ],
        [
          0.0,
          0.0,
          0.0,
          1.0
        ]
      ]
    },
    {
      "file_path": "/media/NFS/ttao/scannet/posed_images/scene0515_01/00197.jpg",
      "transform_matrix": [
        [
          0.802553,
          -0.043474,
          0.594995,
          1.978921
        ],
        [
          -0.593554,
          -0.158533,
          0.789025,
          2.810576
        ],
        [
          0.060024,
          -0.986396,
          -0.153035,
          1.661807
        ],
        [
          0.0,
          0.0,
          0.0,
          1.0
        ]
      ]
    },
    {
      "file_path": "/media/NFS/ttao/scannet/posed_images/scene0515_01/00202.jpg",
      "transform_matrix": [
        [
          0.790137,
          0.004046,
          0.612917,
          1.980341
        ],
        [
          -0.60745,
          -0.128249,
          0.783937,
          2.79751
        ],
        [
          0.081777,
          -0.991734,
          -0.098877,
          1.688062
        ],
        [
          0.0,
          0.0,
          0.0,
          1.0
        ]
      ]
    },
    {
      "file_path": "/media/NFS/ttao/scannet/posed_images/scene0515_01/00209.jpg",
      "transform_matrix": [
        [
          0.777437,
          0.083102,
          0.623447,
          1.977381
        ],
        [
          -0.621623,
          -0.049457,
          0.781754,
          2.763597
        ],
        [
          0.095799,
          -0.995313,
          0.013209,
          1.740023
        ],
        [
          0.0,
          0.0,
          0.0,
          1.0
        ]
      ]
    },
    {
      "file_path": "/media/NFS/ttao/scannet/posed_images/scene0515_01/00223.jpg",
      "transform_matrix": [
        [
          0.69807,
          0.078639,
          0.711698,
          2.000643
        ],
        [
          -0.700015,
          -0.134087,
          0.701427,
          2.681366
        ],
        [
          0.150589,
          -0.987844,
          -0.038554,
          1.748785
        ],
        [
          0.0,
          0.0,
          0.0,
          1.0
        ]
      ]
    },
    {
      "file_path": "/media/NFS/ttao/scannet/posed_images/scene0515_01/00228.jpg",
      "transform_matrix": [
        [
          0.677883,
          0.028013,
          0.734636,
          2.00656
        ],
        [
          -0.72075,
          -0.171625,
          0.671614,
          2.658631
        ],
        [
          0.144896,
          -0.984764,
          -0.096151,
          1.719386
        ],
        [
          0.0,
          0.0,
          0.0,
          1.0
        ]
      ]
    },
    {
      "file_path": "/media/NFS/ttao/scannet/posed_images/scene0515_01/00237.jpg",
      "transform_matrix": [
        [
          0.647424,
          -0.085209,
          0.757351,
          2.021038
        ],
        [
          -0.754614,
          -0.210881,
          0.621358,
          2.582729
        ],
        [
          0.106766,
          -0.973791,
          -0.20083,
          1.664943
        ],
        [
          0.0,
          0.0,
          0.0,
          1.0
        ]
      ]
    },
    {
      "file_path": "/media/NFS/ttao/scannet/posed_images/scene0515_01/00242.jpg",
      "transform_matrix": [
        [
          0.658334,
          -0.113799,
          0.744074,
          2.025049
        ],
        [
          -0.745434,
          -0.235828,
          0.623469,
          2.52882
        ],
        [
          0.104523,
          -0.965109,
          -0.240084,
          1.624609
        ],
        [
          0.0,
          0.0,
          0.0,
          1.0
        ]
      ]
    },
    {
      "file_path": "/media/NFS/ttao/scannet/posed_images/scene0515_01/00251.jpg",
      "transform_matrix": [
        [
          0.719859,
          -0.193502,
          0.666604,
          2.048381
        ],
        [
          -0.688326,
          -0.322835,
          0.649604,
          2.403788
        ],
        [
          0.089503,
          -0.926463,
          -0.365588,
          1.574245
        ],
        [
          0.0,
          0.0,
          0.0,
          1.0
        ]
      ]
    },
    {
      "file_path": "/media/NFS/ttao/scannet/posed_images/scene0515_01/00256.jpg",
      "transform_matrix": [
        [
          0.725541,
          -0.226216,
          0.649936,
          2.057862
        ],
        [
          -0.682633,
          -0.356234,
          0.638051,
          2.351401
        ],
        [
          0.087192,
          -0.9066,
          -0.412885,
          1.561726
        ],
        [
          0.0,
          0.0,
          0.0,
          1.0
        ]
      ]
    },
    {
      "file_path": "/media/NFS/ttao/scannet/posed_images/scene0515_01/00270.jpg",
      "transform_matrix": [
        [
          0.617581,
          -0.38861,
          0.683795,
          2.11788
        ],
        [
          -0.785313,
          -0.352577,
          0.508895,
          2.230999
        ],
        [
          0.043328,
          -0.851276,
          -0.522925,
          1.511698
        ],
        [
          0.0,
          0.0,
          0.0,
          1.0
        ]
      ]
    },
    {
      "file_path": "/media/NFS/ttao/scannet/posed_images/scene0515_01/00272.jpg",
      "transform_matrix": [
        [
          0.593526,
          -0.408815,
          0.693251,
          2.129653
        ],
        [
          -0.803842,
          -0.343453,
          0.485672,
          2.216687
        ],
        [
          0.039549,
          -0.845523,
          -0.532472,
          1.501988
        ],
        [
          0.0,
          0.0,
          0.0,
          1.0
        ]
      ]
    },
    {
      "file_path": "/media/NFS/ttao/scannet/posed_images/scene0515_01/00286.jpg",
      "transform_matrix": [
        [
          0.391152,
          -0.517604,
          0.760977,
          2.222276
        ],
        [
          -0.919946,
          -0.243656,
          0.307133,
          2.121721
        ],
        [
          0.026444,
          -0.820194,
          -0.571474,
          1.472464
        ],
        [
          0.0,
          0.0,
          0.0,
          1.0
        ]
      ]
    },
    {
      "file_path": "/media/NFS/ttao/scannet/posed_images/scene0515_01/00293.jpg",
      "transform_matrix": [
        [
          0.300762,
          -0.546279,
          0.781743,
          2.266793
        ],
        [
          -0.953482,
          -0.189749,
          0.23424,
          2.081352
        ],
        [
          0.020375,
          -0.815828,
          -0.577936,
          1.471408
        ],
        [
          0.0,
          0.0,
          0.0,
          1.0
        ]
      ]
    },
    {
      "file_path": "/media/NFS/ttao/scannet/posed_images/scene0515_01/00300.jpg",
      "transform_matrix": [
        [
          0.225759,
          -0.561138,
          0.79634,
          2.309171
        ],
        [
          -0.974162,
          -0.135434,
          0.180738,
          2.044553
        ],
        [
          0.006432,
          -0.816567,
          -0.577214,
          1.470482
        ],
        [
          0.0,
          0.0,
          0.0,
          1.0
        ]
      ]
    },
    {
      "file_path": "/media/NFS/ttao/scannet/posed_images/scene0515_01/00310.jpg",
      "transform_matrix": [
        [
          0.109567,
          -0.550607,
          0.827543,
          2.386923
        ],
        [
          -0.99398,
          -0.061024,
          0.091,
          2.001147
        ],
        [
          0.000395,
          -0.832531,
          -0.553978,
          1.490432
        ],
        [
          0.0,
          0.0,
          0.0,
          1.0
        ]
      ]
    },
    {
      "file_path": "/media/NFS/ttao/scannet/posed_images/scene0515_01/00314.jpg",
      "transform_matrix": [
        [
          0.050476,
          -0.538597,
          0.84105,
          2.422223
        ],
        [
          -0.998722,
          -0.024952,
          0.04396,
          1.992237
        ],
        [
          -0.002691,
          -0.842194,
          -0.539168,
          1.495808
        ],
        [
          0.0,
          0.0,
          0.0,
          1.0
        ]
      ]
    },
    {
      "file_path": "/media/NFS/ttao/scannet/posed_images/scene0515_01/00319.jpg",
      "transform_matrix": [
        [
          -0.034977,
          -0.522492,
          0.851926,
          2.4832
        ],
        [
          -0.999365,
          0.012481,
          -0.033376,
          1.985043
        ],
        [
          0.006805,
          -0.852553,
          -0.522597,
          1.502402
        ],
        [
          0.0,
          0.0,
          0.0,
          1.0
        ]
      ]
    },
    {
      "file_path": "/media/NFS/ttao/scannet/posed_images/scene0515_01/00333.jpg",
      "transform_matrix": [
        [
          -0.258765,
          -0.440753,
          0.859522,
          2.70345
        ],
        [
          -0.965938,
          0.116186,
          -0.231223,
          2.000629
        ],
        [
          0.002048,
          -0.890077,
          -0.455805,
          1.540352
        ],
        [
          0.0,
          0.0,
          0.0,
          1.0
        ]
      ]
    },
    {
      "file_path": "/media/NFS/ttao/scannet/posed_images/scene0515_01/00336.jpg",
      "transform_matrix": [
        [
          -0.292508,
          -0.416049,
          0.861012,
          2.752883
        ],
        [
          -0.956247,
          0.13253,
          -0.260822,
          2.004827
        ],
        [
          -0.005595,
          -0.899633,
          -0.436612,
          1.551062
        ],
        [
          0.0,
          0.0,
          0.0,
          1.0
        ]
      ]
    },
    {
      "file_path": "/media/NFS/ttao/scannet/posed_images/scene0515_01/00343.jpg",
      "transform_matrix": [
        [
          -0.369611,
          -0.408493,
          0.834579,
          2.851762
        ],
        [
          -0.929059,
          0.147555,
          -0.339231,
          1.99849
        ],
        [
          0.015427,
          -0.900756,
          -0.434052,
          1.569945
        ],
        [
          0.0,
          0.0,
          0.0,
          1.0
        ]
      ]
    },
    {
      "file_path": "/media/NFS/ttao/scannet/posed_images/scene0515_01/00354.jpg",
      "transform_matrix": [
        [
          -0.512824,
          -0.365856,
          0.776634,
          2.981993
        ],
        [
          -0.857891,
          0.184487,
          -0.479571,
          1.952101
        ],
        [
          0.032175,
          -0.912203,
          -0.408474,
          1.573417
        ],
        [
          0.0,
          0.0,
          0.0,
          1.0
        ]
      ]
    },
    {
      "file_path": "/media/NFS/ttao/scannet/posed_images/scene0515_01/00359.jpg",
      "transform_matrix": [
        [
          -0.575951,
          -0.354735,
          0.736508,
          3.027193
        ],
        [
          -0.817232,
          0.227481,
          -0.529513,
          1.924158
        ],
        [
          0.020296,
          -0.906871,
          -0.420918,
          1.573723
        ],
        [
          0.0,
          0.0,
          0.0,
          1.0
        ]
      ]
    },
    {
      "file_path": "/media/NFS/ttao/scannet/posed_images/scene0515_01/00371.jpg",
      "transform_matrix": [
        [
          -0.785511,
          -0.311417,
          0.534783,
          3.114415
        ],
        [
          -0.618617,
          0.371536,
          -0.692296,
          1.8957
        ],
        [
          0.016902,
          -0.874632,
          -0.484493,
          1.548517
        ],
        [
          0.0,
          0.0,
          0.0,
          1.0
        ]
      ]
    },
    {
      "file_path": "/media/NFS/ttao/scannet/posed_images/scene0515_01/00373.jpg",
      "transform_matrix": [
        [
          -0.822984,
          -0.291097,
          0.487812,
          3.125079
        ],
        [
          -0.567885,
          0.399969,
          -0.719396,
          1.897535
        ],
        [
          0.014304,
          -0.869073,
          -0.494477,
          1.543872
        ],
        [
          0.0,
          0.0,
          0.0,
          1.0
        ]
      ]
    },
    {
      "file_path": "/media/NFS/ttao/scannet/posed_images/scene0515_01/00385.jpg",
      "transform_matrix": [
        [
          -0.966103,
          -0.147924,
          0.211574,
          3.171877
        ],
        [
          -0.25815,
          0.559197,
          -0.787818,
          1.945907
        ],
        [
          -0.001774,
          -0.815731,
          -0.578428,
          1.529278
        ],
        [
          0.0,
          0.0,
          0.0,
          1.0
        ]
      ]
    },
    {
      "file_path": "/media/NFS/ttao/scannet/posed_images/scene0515_01/00394.jpg",
      "transform_matrix": [
        [
          -0.996147,
          -0.059163,
          0.064748,
          3.154157
        ],
        [
          -0.087107,
          0.581108,
          -0.809151,
          1.976545
        ],
        [
          0.010246,
          -0.811673,
          -0.584022,
          1.525491
        ],
        [
          0.0,
          0.0,
          0.0,
          1.0
        ]
      ]
    },
    {
      "file_path": "/media/NFS/ttao/scannet/posed_images/scene0515_01/00397.jpg",
      "transform_matrix": [
        [
          -0.999112,
          -0.040265,
          0.012452,
          3.128899
        ],
        [
          -0.034139,
          0.599923,
          -0.799329,
          1.97918
        ],
        [
          0.024715,
          -0.799044,
          -0.600765,
          1.521927
        ],
        [
          0.0,
          0.0,
          0.0,
          1.0
        ]
      ]
    },
    {
      "file_path": "/media/NFS/ttao/scannet/posed_images/scene0515_01/00408.jpg",
      "transform_matrix": [
        [
          -0.980449,
          0.109053,
          -0.163793,
          3.008499
        ],
        [
          0.195905,
          0.619171,
          -0.760427,
          1.998238
        ],
        [
          0.018489,
          -0.777647,
          -0.628429,
          1.505499
        ],
        [
          0.0,
          0.0,
          0.0,
          1.0
        ]
      ]
    },
    {
      "file_path": "/media/NFS/ttao/scannet/posed_images/scene0515_01/00413.jpg",
      "transform_matrix": [
        [
          -0.954958,
          0.16961,
          -0.243489,
          2.986704
        ],
        [
          0.295774,
          0.610196,
          -0.734968,
          2.00943
        ],
        [
          0.023918,
          -0.773882,
          -0.632878,
          1.498986
        ],
        [
          0.0,
          0.0,
          0.0,
          1.0
        ]
      ]
    },
    {
      "file_path": "/media/NFS/ttao/scannet/posed_images/scene0515_01/00420.jpg",
      "transform_matrix": [
        [
          -0.907873,
          0.252902,
          -0.334376,
          2.946451
        ],
        [
          0.418564,
          0.592231,
          -0.688525,
          2.013916
        ],
        [
          0.023899,
          -0.765051,
          -0.643526,
          1.50405
        ],
        [
          0.0,
          0.0,
          0.0,
          1.0
        ]
      ]
    },
    {
      "file_path": "/media/NFS/ttao/scannet/posed_images/scene0515_01/00430.jpg",
      "transform_matrix": [
        [
          -0.81375,
          0.359981,
          -0.456316,
          2.883966
        ],
        [
          0.580662,
          0.537753,
          -0.611272,
          2.023392
        ],
        [
          0.02534,
          -0.762388,
          -0.646624,
          1.505958
        ],
        [
          0.0,
          0.0,
          0.0,
          1.0
        ]
      ]
    },
    {
      "file_path": "/media/NFS/ttao/scannet/posed_images/scene0515_01/00437.jpg",
      "transform_matrix": [
        [
          -0.690332,
          0.445062,
          -0.570405,
          2.809053
        ],
        [
          0.723477,
          0.42991,
          -0.540147,
          2.027254
        ],
        [
          0.004824,
          -0.785555,
          -0.618773,
          1.507272
        ],
        [
          0.0,
          0.0,
          0.0,
          1.0
        ]
      ]
    },
    {
      "file_path": "/media/NFS/ttao/scannet/posed_images/scene0515_01/00444.jpg",
      "transform_matrix": [
        [
          -0.599311,
          0.481213,
          -0.639735,
          2.729716
        ],
        [
          0.80047,
          0.351654,
          -0.485373,
          1.998047
        ],
        [
          -0.008602,
          -0.802978,
          -0.595947,
          1.521243
        ],
        [
          0.0,
          0.0,
          0.0,
          1.0
        ]
      ]
    },
    {
      "file_path": "/media/NFS/ttao/scannet/posed_images/scene0515_01/00458.jpg",
      "transform_matrix": [
        [
          -0.411148,
          0.490508,
          -0.768348,
          2.534072
        ],
        [
          0.911563,
          0.224232,
          -0.344635,
          1.943878
        ],
        [
          0.003242,
          -0.842094,
          -0.539321,
          1.535259
        ],
        [
          0.0,
          0.0,
          0.0,
          1.0
        ]
      ]
    },
    {
      "file_path": "/media/NFS/ttao/scannet/posed_images/scene0515_01/00462.jpg",
      "transform_matrix": [
        [
          -0.380953,
          0.50742,
          -0.772916,
          2.492149
        ],
        [
          0.924542,
          0.200145,
          -0.324291,
          1.94712
        ],
        [
          -0.009857,
          -0.838133,
          -0.545377,
          1.53275
        ],
        [
          0.0,
          0.0,
          0.0,
          1.0
        ]
      ]
    },
    {
      "file_path": "/media/NFS/ttao/scannet/posed_images/scene0515_01/00467.jpg",
      "transform_matrix": [
        [
          -0.318585,
          0.532088,
          -0.784465,
          2.432417
        ],
        [
          0.947762,
          0.164999,
          -0.272987,
          1.945692
        ],
        [
          -0.015817,
          -0.830456,
          -0.556859,
          1.52588
        ],
        [
          0.0,
          0.0,
          0.0,
          1.0
        ]
      ]
    },
    {
      "file_path": "/media/NFS/ttao/scannet/posed_images/scene0515_01/00481.jpg",
      "transform_matrix": [
        [
          -0.110007,
          0.60751,
          -0.786658,
          2.26955
        ],
        [
          0.99366,
          0.048731,
          -0.101322,
          1.895822
        ],
        [
          -0.02322,
          -0.792816,
          -0.609019,
          1.499993
        ],
        [
          0.0,
          0.0,
          0.0,
          1.0
        ]
      ]
    },
    {
      "file_path": "/media/NFS/ttao/scannet/posed_images/scene0515_01/00486.jpg",
      "transform_matrix": [
        [
          -0.007024,
          0.615081,
          -0.788433,
          2.200901
        ],
        [
          0.999737,
          -0.012881,
          -0.018955,
          1.853094
        ],
        [
          -0.021815,
          -0.788359,
          -0.614829,
          1.497667
        ],
        [
          0.0,
          0.0,
          0.0,
          1.0
        ]
      ]
    },
    {
      "file_path": "/media/NFS/ttao/scannet/posed_images/scene0515_01/00498.jpg",
      "transform_matrix": [
        [
          0.225555,
          0.541146,
          -0.810115,
          2.063138
        ],
        [
          0.974082,
          -0.13981,
          0.177816,
          1.787498
        ],
        [
          -0.017037,
          -0.829225,
          -0.558655,
          1.525308
        ],
        [
          0.0,
          0.0,
          0.0,
          1.0
        ]
      ]
    },
    {
      "file_path": "/media/NFS/ttao/scannet/posed_images/scene0515_01/00500.jpg",
      "transform_matrix": [
        [
          0.270167,
          0.520621,
          -0.809915,
          2.046464
        ],
        [
          0.962704,
          -0.158746,
          0.21909,
          1.765686
        ],
        [
          -0.014508,
          -0.8389,
          -0.544092,
          1.531692
        ],
        [
          0.0,
          0.0,
          0.0,
          1.0
        ]
      ]
    },
    {
      "file_path": "/media/NFS/ttao/scannet/posed_images/scene0515_01/00507.jpg",
      "transform_matrix": [
        [
          0.370345,
          0.505879,
          -0.779058,
          2.026893
        ],
        [
          0.928361,
          -0.173165,
          0.328876,
          1.805121
        ],
        [
          0.031466,
          -0.845045,
          -0.533769,
          1.527137
        ],
        [
          0.0,
          0.0,
          0.0,
          1.0
        ]
      ]
    },
    {
      "file_path": "/media/NFS/ttao/scannet/posed_images/scene0515_01/00514.jpg",
      "transform_matrix": [
        [
          0.509381,
          0.488101,
          -0.708723,
          2.030906
        ],
        [
          0.859674,
          -0.25167,
          0.444548,
          1.806188
        ],
        [
          0.03862,
          -0.835715,
          -0.547804,
          1.520686
        ],
        [
          0.0,
          0.0,
          0.0,
          1.0
        ]
      ]
    },
    {
      "file_path": "/media/NFS/ttao/scannet/posed_images/scene0515_01/00523.jpg",
      "transform_matrix": [
        [
          0.633853,
          0.435995,
          -0.638857,
          2.113759
        ],
        [
          0.773106,
          -0.332394,
          0.540205,
          1.854944
        ],
        [
          0.023175,
          -0.836315,
          -0.547759,
          1.507882
        ],
        [
          0.0,
          0.0,
          0.0,
          1.0
        ]
      ]
    },
    {
      "file_path": "/media/NFS/ttao/scannet/posed_images/scene0515_01/00530.jpg",
      "transform_matrix": [
        [
          0.699394,
          0.417246,
          -0.580305,
          2.203038
        ],
        [
          0.714679,
          -0.397973,
          0.575197,
          1.89243
        ],
        [
          0.009052,
          -0.817021,
          -0.576537,
          1.487301
        ],
        [
          0.0,
          0.0,
          0.0,
          1.0
        ]
      ]
    },
    {
      "file_path": "/media/NFS/ttao/scannet/posed_images/scene0515_01/00545.jpg",
      "transform_matrix": [
        [
          0.807552,
          0.383458,
          -0.448129,
          2.376942
        ],
        [
          0.589759,
          -0.516392,
          0.620906,
          1.951792
        ],
        [
          0.006682,
          -0.765702,
          -0.643161,
          1.444072
        ],
        [
          0.0,
          0.0,
          0.0,
          1.0
        ]
      ]
    },
    {
      "file_path": "/media/NFS/ttao/scannet/posed_images/scene0515_01/00547.jpg",
      "transform_matrix": [
        [
          0.824664,
          0.367428,
          -0.430031,
          2.3931
        ],
        [
          0.565573,
          -0.525522,
          0.635573,
          1.952829
        ],
        [
          0.007536,
          -0.767348,
          -0.641186,
          1.433849
        ],
        [
          0.0,
          0.0,
          0.0,
          1.0
        ]
      ]
    },
    {
      "file_path": "/media/NFS/ttao/scannet/posed_images/scene0515_01/00559.jpg",
      "transform_matrix": [
        [
          0.883584,
          0.308456,
          -0.352326,
          2.438068
        ],
        [
          0.468177,
          -0.566707,
          0.677978,
          1.97599
        ],
        [
          0.009461,
          -0.764001,
          -0.645146,
          1.424212
        ],
        [
          0.0,
          0.0,
          0.0,
          1.0
        ]
      ]
    },
    {
      "file_path": "/media/NFS/ttao/scannet/posed_images/scene0515_01/00561.jpg",
      "transform_matrix": [
        [
          0.88971,
          0.303051,
          -0.341433,
          2.434323
        ],
        [
          0.45635,
          -0.569619,
          0.683578,
          1.981161
        ],
        [
          0.012672,
          -0.763999,
          -0.645093,
          1.436316
        ],
        [
          0.0,
          0.0,
          0.0,
          1.0
        ]
      ]
    },
    {
      "file_path": "/media/NFS/ttao/scannet/posed_images/scene0515_01/00575.jpg",
      "transform_matrix": [
        [
          0.895648,
          0.210669,
          -0.391706,
          2.430161
        ],
        [
          0.443971,
          -0.476029,
          0.759135,
          1.973257
        ],
        [
          -0.026538,
          -0.853824,
          -0.519885,
          1.502694
        ],
        [
          0.0,
          0.0,
          0.0,
          1.0
        ]
      ]
    },
    {
      "file_path": "/media/NFS/ttao/scannet/posed_images/scene0515_01/00577.jpg",
      "transform_matrix": [
        [
          0.892991,
          0.196663,
          -0.404835,
          2.424512
        ],
        [
          0.448821,
          -0.456236,
          0.768381,
          1.97013
        ],
        [
          -0.033588,
          -0.867855,
          -0.495681,
          1.515906
        ],
        [
          0.0,
          0.0,
          0.0,
          1.0
        ]
      ]
    },
    {
      "file_path": "/media/NFS/ttao/scannet/posed_images/scene0515_01/00591.jpg",
      "transform_matrix": [
        [
          0.874474,
          0.145229,
          -0.462821,
          2.415908
        ],
        [
          0.483707,
          -0.332604,
          0.809569,
          1.943325
        ],
        [
          -0.036363,
          -0.931817,
          -0.361102,
          1.573128
        ],
        [
          0.0,
          0.0,
          0.0,
          1.0
        ]
      ]
    },
    {
      "file_path": "/media/NFS/ttao/scannet/posed_images/scene0515_01/00596.jpg",
      "transform_matrix": [
        [
          0.857511,
          0.13465,
          -0.496533,
          2.381637
        ],
        [
          0.512622,
          -0.30529,
          0.802507,
          1.920685
        ],
        [
          -0.043529,
          -0.942691,
          -0.330814,
          1.587098
        ],
        [
          0.0,
          0.0,
          0.0,
          1.0
        ]
      ]
    },
    {
      "file_path": "/media/NFS/ttao/scannet/posed_images/scene0515_01/00603.jpg",
      "transform_matrix": [
        [
          0.806578,
          0.125426,
          -0.577668,
          2.334235
        ],
        [
          0.590052,
          -0.229775,
          0.773978,
          1.911435
        ],
        [
          -0.035657,
          -0.965128,
          -0.259339,
          1.631858
        ],
