{
  "frames": [
    {
      "file_path": "/media/NFS/ttao/scannet/posed_images/scene0669_00/00001.jpg",
      "transform_matrix": [
        [
          0.503475,
          -0.08087,
          0.860217,
          2.877594
        ],
        [
          -0.861996,
          -0.114949,
          0.49371,
          6.388166
        ],
        [
          0.058954,
          -0.990074,
          -0.127584,
          1.790693
        ],
        [
          0.0,
          0.0,
          0.0,
          1.0
        ]
      ]
    },
    {
      "file_path": "/media/NFS/ttao/scannet/posed_images/scene0669_00/00006.jpg",
      "transform_matrix": [
        [
          0.475073,
          -0.019762,
          0.879724,
          2.8791
        ],
        [
          -0.877932,
          -0.078259,
          0.472347,
          6.403465
        ],
        [
          0.059512,
          -0.996737,
          -0.054528,
          1.812792
        ],
        [
          0.0,
          0.0,
          0.0,
          1.0
        ]
      ]
    },
    {
      "file_path": "/media/NFS/ttao/scannet/posed_images/scene0669_00/00010.jpg",
      "transform_matrix": [
        [
          0.478816,
          0.043746,
          0.876824,
          2.860679
        ],
        [
          -0.875654,
          -0.04783,
          0.480564,
          6.422565
        ],
        [
          0.062962,
          -0.997897,
          0.015405,
          1.836473
        ],
        [
          0.0,
          0.0,
          0.0,
          1.0
        ]
      ]
    },
    {
      "file_path": "/media/NFS/ttao/scannet/posed_images/scene0669_00/00013.jpg",
      "transform_matrix": [
        [
          0.489261,
          0.083702,
          0.868111,
          2.849472
        ],
        [
          -0.870772,
          -0.008794,
          0.491608,
          6.423362
        ],
        [
          0.048783,
          -0.996452,
          0.068583,
          1.838406
        ],
        [
          0.0,
          0.0,
          0.0,
          1.0
        ]
      ]
    },
    {
      "file_path": "/media/NFS/ttao/scannet/posed_images/scene0669_00/00016.jpg",
      "transform_matrix": [
        [
          0.514057,
          0.123635,
          0.848799,
          2.836869
        ],
        [
          -0.857083,
          0.034856,
          0.513998,
          6.423439
        ],
        [
          0.033962,
          -0.991715,
          0.123884,
          1.849311
        ],
        [
          0.0,
          0.0,
          0.0,
          1.0
        ]
      ]
    },
    {
      "file_path": "/media/NFS/ttao/scannet/posed_images/scene0669_00/00020.jpg",
      "transform_matrix": [
        [
          0.549917,
          0.159503,
          0.819847,
          2.817715
        ],
        [
          -0.835084,
          0.087377,
          0.543138,
          6.439715
        ],
        [
          0.014996,
          -0.983323,
          0.181249,
          1.840202
        ],
        [
          0.0,
          0.0,
          0.0,
          1.0
        ]
      ]
    },
    {
      "file_path": "/media/NFS/ttao/scannet/posed_images/scene0669_00/00025.jpg",
      "transform_matrix": [
        [
          0.618135,
          0.174313,
          0.766501,
          2.788054
        ],
        [
          -0.785983,
          0.151715,
          0.599344,
          6.450129
        ],
        [
          -0.011816,
          -0.972933,
          0.230787,
          1.860282
        ],
        [
          0.0,
          0.0,
          0.0,
          1.0
        ]
      ]
    },
    {
      "file_path": "/media/NFS/ttao/scannet/posed_images/scene0669_00/00030.jpg",
      "transform_matrix": [
        [
          0.727346,
          0.169371,
          0.665042,
          2.783031
        ],
        [
          -0.686269,
          0.181526,
          0.704332,
          6.443809
        ],
        [
          -0.001429,
          -0.968691,
          0.248266,
          1.835794
        ],
        [
          0.0,
          0.0,
          0.0,
          1.0
        ]
      ]
    },
    {
      "file_path": "/media/NFS/ttao/scannet/posed_images/scene0669_00/00035.jpg",
      "transform_matrix": [
        [
          0.80165,
          0.16572,
          0.574364,
          2.759548
        ],
        [
          -0.597774,
          0.214527,
          0.772428,
          6.453988
        ],
        [
          0.00479,
          -0.962556,
          0.271039,
          1.833088
        ],
        [
          0.0,
          0.0,
          0.0,
          1.0
        ]
      ]
    },
    {
      "file_path": "/media/NFS/ttao/scannet/posed_images/scene0669_00/00037.jpg",
      "transform_matrix": [
        [
          0.822906,
          0.158431,
          0.545642,
          2.75384
        ],
        [
          -0.568141,
          0.218511,
          0.793391,
          6.458608
        ],
        [
          0.006469,
          -0.962887,
          0.269825,
          1.832914
        ],
        [
          0.0,
          0.0,
          0.0,
          1.0
        ]
      ]
    },
    {
      "file_path": "/media/NFS/ttao/scannet/posed_images/scene0669_00/00044.jpg",
      "transform_matrix": [
        [
          0.776471,
          0.142275,
          0.613881,
          2.78801
        ],
        [
          -0.6297,
          0.138283,
          0.764431,
          6.463238
        ],
        [
          0.02387,
          -0.98012,
          0.196963,
          1.808
        ],
        [
          0.0,
          0.0,
          0.0,
          1.0
        ]
      ]
    },
    {
      "file_path": "/media/NFS/ttao/scannet/posed_images/scene0669_00/00045.jpg",
      "transform_matrix": [
        [
          0.760883,
          0.139436,
          0.63373,
          2.792681
        ],
        [
          -0.648359,
          0.123919,
          0.751182,
          6.464487
        ],
        [
          0.02621,
          -0.982447,
          0.184692,
          1.807336
        ],
        [
          0.0,
          0.0,
          0.0,
          1.0
        ]
      ]
    },
    {
      "file_path": "/media/NFS/ttao/scannet/posed_images/scene0669_00/00053.jpg",
      "transform_matrix": [
        [
          0.622127,
          0.072325,
          0.779568,
          2.815123
        ],
        [
          -0.782288,
          0.017529,
          0.622671,
          6.482755
        ],
        [
          0.031369,
          -0.997227,
          0.067484,
          1.826424
        ],
        [
          0.0,
          0.0,
          0.0,
          1.0
        ]
      ]
    },
    {
      "file_path": "/media/NFS/ttao/scannet/posed_images/scene0669_00/00054.jpg",
      "transform_matrix": [
        [
          0.607037,
          0.06588,
          0.791938,
          2.819828
        ],
        [
          -0.794062,
          0.011184,
          0.607734,
          6.482429
        ],
        [
          0.031181,
          -0.997765,
          0.059102,
          1.827174
        ],
        [
          0.0,
          0.0,
          0.0,
          1.0
        ]
      ]
    },
    {
      "file_path": "/media/NFS/ttao/scannet/posed_images/scene0669_00/00061.jpg",
      "transform_matrix": [
        [
          0.538733,
          -0.023272,
          0.842155,
          2.851696
        ],
        [
          -0.84207,
          -0.045922,
          0.53741,
          6.488656
        ],
        [
          0.026167,
          -0.998674,
          -0.044336,
          1.798184
        ],
        [
          0.0,
          0.0,
          0.0,
          1.0
        ]
      ]
    },
    {
      "file_path": "/media/NFS/ttao/scannet/posed_images/scene0669_00/00063.jpg",
      "transform_matrix": [
        [
          0.531245,
          -0.059941,
          0.845095,
          2.85774
        ],
        [
          -0.846806,
          -0.068691,
          0.527448,
          6.495919
        ],
        [
          0.026434,
          -0.995835,
          -0.08725,
          1.789597
        ],
        [
          0.0,
          0.0,
          0.0,
          1.0
        ]
      ]
    },
    {
      "file_path": "/media/NFS/ttao/scannet/posed_images/scene0669_00/00067.jpg",
      "transform_matrix": [
        [
          0.531085,
          -0.11311,
          0.839735,
          2.864596
        ],
        [
          -0.846787,
          -0.105962,
          0.521272,
          6.502273
        ],
        [
          0.030019,
          -0.987916,
          -0.152055,
          1.752936
        ],
        [
          0.0,
          0.0,
          0.0,
          1.0
        ]
      ]
    },
    {
      "file_path": "/media/NFS/ttao/scannet/posed_images/scene0669_00/00071.jpg",
      "transform_matrix": [
        [
          0.526287,
          -0.193778,
          0.827932,
          2.877683
        ],
        [
          -0.850306,
          -0.118355,
          0.512808,
          6.499236
        ],
        [
          -0.001381,
          -0.97388,
          -0.227059,
          1.693552
        ],
        [
          0.0,
          0.0,
          0.0,
          1.0
        ]
      ]
    },
    {
      "file_path": "/media/NFS/ttao/scannet/posed_images/scene0669_00/00078.jpg",
      "transform_matrix": [
        [
          0.566788,
          -0.279083,
          0.775154,
          2.885811
        ],
        [
          -0.823828,
          -0.183214,
          0.536414,
          6.509986
        ],
        [
          -0.007685,
          -0.942627,
          -0.33376,
          1.618066
        ],
        [
          0.0,
          0.0,
          0.0,
          1.0
        ]
      ]
    },
    {
      "file_path": "/media/NFS/ttao/scannet/posed_images/scene0669_00/00080.jpg",
      "transform_matrix": [
        [
          0.572296,
          -0.305462,
          0.761032,
          2.888948
        ],
        [
          -0.820001,
          -0.203315,
          0.535034,
          6.508592
        ],
        [
          -0.008703,
          -0.930245,
          -0.366835,
          1.575145
        ],
        [
          0.0,
          0.0,
          0.0,
          1.0
        ]
      ]
    },
    {
      "file_path": "/media/NFS/ttao/scannet/posed_images/scene0669_00/00086.jpg",
      "transform_matrix": [
        [
          0.574693,
          -0.387318,
          0.720911,
          2.895417
        ],
        [
          -0.8183,
          -0.28336,
          0.500091,
          6.512282
        ],
        [
          0.010583,
          -0.877321,
          -0.479787,
          1.507229
        ],
        [
          0.0,
          0.0,
          0.0,
          1.0
        ]
      ]
    },
    {
      "file_path": "/media/NFS/ttao/scannet/posed_images/scene0669_00/00087.jpg",
      "transform_matrix": [
        [
          0.576946,
          -0.402234,
          0.710874,
          2.897074
        ],
        [
          -0.816741,
          -0.292874,
          0.497151,
          6.513247
        ],
        [
          0.008225,
          -0.867428,
          -0.497494,
          1.497539
        ],
        [
          0.0,
          0.0,
          0.0,
          1.0
        ]
      ]
    },
    {
      "file_path": "/media/NFS/ttao/scannet/posed_images/scene0669_00/00095.jpg",
      "transform_matrix": [
        [
          0.632253,
          -0.467617,
          0.617729,
          2.895163
        ],
        [
          -0.774708,
          -0.372233,
          0.511145,
          6.515165
        ],
        [
          -0.009081,
          -0.801733,
          -0.597613,
          1.410895
        ],
        [
          0.0,
          0.0,
          0.0,
          1.0
        ]
      ]
    },
    {
      "file_path": "/media/NFS/ttao/scannet/posed_images/scene0669_00/00097.jpg",
      "transform_matrix": [
        [
          0.645214,
          -0.473264,
          0.599767,
          2.895632
        ],
        [
          -0.763852,
          -0.384048,
          0.518688,
          6.518276
        ],
        [
          -0.015137,
          -0.792798,
          -0.609296,
          1.406994
        ],
        [
          0.0,
          0.0,
          0.0,
          1.0
        ]
      ]
    },
    {
      "file_path": "/media/NFS/ttao/scannet/posed_images/scene0669_00/00101.jpg",
      "transform_matrix": [
        [
          0.679252,
          -0.462985,
          0.56944,
          2.900224
        ],
        [
          -0.733116,
          -0.392069,
          0.555719,
          6.521233
        ],
        [
          -0.034029,
          -0.794938,
          -0.605735,
          1.427483
        ],
        [
          0.0,
          0.0,
          0.0,
          1.0
        ]
      ]
    },
    {
      "file_path": "/media/NFS/ttao/scannet/posed_images/scene0669_00/00105.jpg",
      "transform_matrix": [
        [
          0.714422,
          -0.421723,
          0.558347,
          2.902651
        ],
        [
          -0.698056,
          -0.374645,
          0.610212,
          6.526181
        ],
        [
          -0.048158,
          -0.825706,
          -0.562041,
          1.458911
        ],
        [
          0.0,
          0.0,
          0.0,
          1.0
        ]
      ]
    },
    {
      "file_path": "/media/NFS/ttao/scannet/posed_images/scene0669_00/00109.jpg",
      "transform_matrix": [
        [
          0.754485,
          -0.363609,
          0.546389,
          2.903139
        ],
        [
          -0.65494,
          -0.363212,
          0.662669,
          6.533501
        ],
        [
          -0.042498,
          -0.857826,
          -0.51218,
          1.489956
        ],
        [
          0.0,
          0.0,
          0.0,
          1.0
        ]
      ]
    },
    {
      "file_path": "/media/NFS/ttao/scannet/posed_images/scene0669_00/00115.jpg",
      "transform_matrix": [
        [
          0.793859,
          -0.291086,
          0.533907,
          2.917277
        ],
        [
          -0.606559,
          -0.316539,
          0.729307,
          6.549717
        ],
        [
          -0.043289,
          -0.902813,
          -0.427848,
          1.55382
        ],
        [
          0.0,
          0.0,
          0.0,
          1.0
        ]
      ]
    },
    {
      "file_path": "/media/NFS/ttao/scannet/posed_images/scene0669_00/00119.jpg",
      "transform_matrix": [
        [
          0.809692,
          -0.245073,
          0.533234,
          2.936861
        ],
        [
          -0.585576,
          -0.277419,
          0.761669,
          6.568461
        ],
        [
          -0.038735,
          -0.928966,
          -0.368133,
          1.602307
        ],
        [
          0.0,
          0.0,
          0.0,
          1.0
        ]
      ]
    },
    {
      "file_path": "/media/NFS/ttao/scannet/posed_images/scene0669_00/00122.jpg",
      "transform_matrix": [
        [
          0.826809,
          -0.200956,
          0.525361,
          2.949524
        ],
        [
          -0.561001,
          -0.226846,
          0.796127,
          6.583244
        ],
        [
          -0.040811,
          -0.952973,
          -0.300294,
          1.627872
        ],
        [
          0.0,
          0.0,
          0.0,
          1.0
        ]
      ]
    },
    {
      "file_path": "/media/NFS/ttao/scannet/posed_images/scene0669_00/00127.jpg",
      "transform_matrix": [
        [
          0.837989,
          -0.143322,
          0.526529,
          2.980189
        ],
        [
          -0.543129,
          -0.125755,
          0.830179,
          6.615529
        ],
        [
          -0.05277,
          -0.981654,
          -0.183224,
          1.676323
        ],
        [
          0.0,
          0.0,
          0.0,
          1.0
        ]
      ]
    },
    {
      "file_path": "/media/NFS/ttao/scannet/posed_images/scene0669_00/00131.jpg",
      "transform_matrix": [
        [
          0.84638,
          -0.097897,
          0.523505,
          2.996429
        ],
        [
          -0.529239,
          -0.044682,
          0.847295,
          6.60084
        ],
        [
          -0.059557,
          -0.994193,
          -0.089629,
          1.665024
        ],
        [
          0.0,
          0.0,
          0.0,
          1.0
        ]
      ]
    },
    {
      "file_path": "/media/NFS/ttao/scannet/posed_images/scene0669_00/00134.jpg",
      "transform_matrix": [
        [
          0.844556,
          -0.062381,
          0.531822,
          3.002929
        ],
        [
          -0.531851,
          0.017507,
          0.846657,
          6.613288
        ],
        [
          -0.062126,
          -0.997899,
          -0.018392,
          1.707668
        ],
        [
          0.0,
          0.0,
          0.0,
          1.0
        ]
      ]
    },
    {
      "file_path": "/media/NFS/ttao/scannet/posed_images/scene0669_00/00138.jpg",
      "transform_matrix": [
        [
          0.85795,
          -0.014173,
          0.513537,
          3.00971
        ],
        [
          -0.509152,
          0.109729,
          0.853653,
          6.603103
        ],
        [
          -0.068449,
          -0.99386,
          0.086926,
          1.701713
        ],
        [
          0.0,
          0.0,
          0.0,
          1.0
        ]
      ]
    },
    {
      "file_path": "/media/NFS/ttao/scannet/posed_images/scene0669_00/00145.jpg",
      "transform_matrix": [
        [
          0.901217,
          0.053174,
          0.430093,
          3.015998
        ],
        [
          -0.432501,
          0.173104,
          0.88486,
          6.576095
        ],
        [
          -0.027399,
          -0.983467,
          0.179002,
          1.716275
        ],
        [
          0.0,
          0.0,
          0.0,
          1.0
        ]
      ]
    },
    {
      "file_path": "/media/NFS/ttao/scannet/posed_images/scene0669_00/00146.jpg",
      "transform_matrix": [
        [
          0.908968,
          0.049633,
          0.413901,
          3.019325
        ],
        [
          -0.416033,
          0.170736,
          0.893177,
          6.570348
        ],
        [
          -0.026336,
          -0.984066,
          0.175843,
          1.719863
        ],
        [
          0.0,
          0.0,
          0.0,
          1.0
        ]
      ]
    },
    {
      "file_path": "/media/NFS/ttao/scannet/posed_images/scene0669_00/00154.jpg",
      "transform_matrix": [
        [
          0.956533,
          -0.027456,
          0.290329,
          3.049662
        ],
        [
          -0.286528,
          0.096841,
          0.953165,
          6.570189
        ],
        [
          -0.054286,
          -0.994921,
          0.084765,
          1.624424
        ],
        [
          0.0,
          0.0,
          0.0,
          1.0
        ]
      ]
    },
    {
      "file_path": "/media/NFS/ttao/scannet/posed_images/scene0669_00/00158.jpg",
      "transform_matrix": [
        [
          0.967387,
          -0.064435,
          0.244969,
          3.080827
        ],
        [
          -0.247734,
          -0.039032,
          0.968041,
          6.577467
        ],
        [
          -0.052815,
          -0.997158,
          -0.053722,
          1.57287
        ],
        [
          0.0,
          0.0,
          0.0,
          1.0
        ]
      ]
    },
    {
      "file_path": "/media/NFS/ttao/scannet/posed_images/scene0669_00/00160.jpg",
      "transform_matrix": [
        [
          0.971102,
          -0.076847,
          0.225955,
          3.104977
        ],
        [
          -0.234833,
          -0.138671,
          0.962093,
          6.59351
        ],
        [
          -0.042601,
          -0.987352,
          -0.152709,
          1.631996
        ],
        [
          0.0,
          0.0,
          0.0,
          1.0
        ]
      ]
    },
    {
      "file_path": "/media/NFS/ttao/scannet/posed_images/scene0669_00/00167.jpg",
      "transform_matrix": [
        [
          0.965173,
          -0.125258,
          0.229674,
          3.114004
        ],
        [
          -0.255388,
          -0.260791,
          0.931002,
          6.584612
        ],
        [
          -0.056718,
          -0.957235,
          -0.283698,
          1.573855
        ],
        [
          0.0,
          0.0,
          0.0,
          1.0
        ]
      ]
    },
    {
      "file_path": "/media/NFS/ttao/scannet/posed_images/scene0669_00/00170.jpg",
      "transform_matrix": [
        [
          0.962367,
          -0.15144,
          0.225642,
          3.115741
        ],
        [
          -0.263546,
          -0.317613,
          0.91086,
          6.589328
        ],
        [
          -0.066274,
          -0.936049,
          -0.345571,
          1.547396
        ],
        [
          0.0,
          0.0,
          0.0,
          1.0
        ]
      ]
    },
    {
      "file_path": "/media/NFS/ttao/scannet/posed_images/scene0669_00/00174.jpg",
      "transform_matrix": [
        [
          0.96445,
          -0.174976,
          0.198039,
          3.105521
        ],
        [
          -0.253121,
          -0.396328,
          0.882527,
          6.582417
        ],
        [
          -0.075933,
          -0.901281,
          -0.426529,
          1.503014
        ],
        [
          0.0,
          0.0,
          0.0,
          1.0
        ]
      ]
    },
    {
      "file_path": "/media/NFS/ttao/scannet/posed_images/scene0669_00/00175.jpg",
      "transform_matrix": [
        [
          0.965322,
          -0.177175,
          0.191735,
          3.101149
        ],
        [
          -0.249359,
          -0.408339,
          0.878111,
          6.576
        ],
        [
          -0.077287,
          -0.895471,
          -0.438359,
          1.485877
        ],
        [
          0.0,
          0.0,
          0.0,
          1.0
        ]
      ]
    },
    {
      "file_path": "/media/NFS/ttao/scannet/posed_images/scene0669_00/00182.jpg",
      "transform_matrix": [
        [
          0.982689,
          -0.157983,
          0.096761,
          3.081995
        ],
        [
          -0.166667,
          -0.525841,
          0.834094,
          6.575179
        ],
        [
          -0.080892,
          -0.835782,
          -0.543069,
          1.428474
        ],
        [
          0.0,
          0.0,
          0.0,
          1.0
        ]
      ]
    },
    {
      "file_path": "/media/NFS/ttao/scannet/posed_images/scene0669_00/00186.jpg",
      "transform_matrix": [
        [
          0.99144,
          -0.12952,
          0.016442,
          3.06358
        ],
        [
          -0.084387,
          -0.539617,
          0.83767,
          6.569441
        ],
        [
          -0.099623,
          -0.831888,
          -0.545928,
          1.425938
        ],
        [
          0.0,
          0.0,
          0.0,
          1.0
        ]
      ]
    },
    {
      "file_path": "/media/NFS/ttao/scannet/posed_images/scene0669_00/00189.jpg",
      "transform_matrix": [
        [
          0.992967,
          -0.109734,
          -0.044428,
          3.061706
        ],
        [
          -0.019836,
          -0.524184,
          0.851374,
          6.570996
        ],
        [
          -0.116714,
          -0.844505,
          -0.522674,
          1.445884
        ],
        [
          0.0,
          0.0,
          0.0,
          1.0
        ]
      ]
    },
    {
      "file_path": "/media/NFS/ttao/scannet/posed_images/scene0669_00/00196.jpg",
      "transform_matrix": [
        [
          0.991732,
          -0.080887,
          -0.099619,
          3.069223
        ],
        [
          0.04185,
          -0.529995,
          0.846967,
          6.587678
        ],
        [
          -0.121306,
          -0.844134,
          -0.522228,
          1.460964
        ],
        [
          0.0,
          0.0,
          0.0,
          1.0
        ]
      ]
    },
    {
      "file_path": "/media/NFS/ttao/scannet/posed_images/scene0669_00/00197.jpg",
      "transform_matrix": [
        [
          0.991811,
          -0.076068,
          -0.102591,
          3.071098
        ],
        [
          0.043716,
          -0.552549,
          0.832333,
          6.590513
        ],
        [
          -0.12,
          -0.830002,
          -0.544699,
          1.450757
        ],
        [
          0.0,
          0.0,
          0.0,
          1.0
        ]
      ]
    },
    {
      "file_path": "/media/NFS/ttao/scannet/posed_images/scene0669_00/00204.jpg",
      "transform_matrix": [
        [
          0.992315,
          -0.064643,
          -0.105504,
          3.091412
        ],
        [
          0.035615,
          -0.667366,
          0.743878,
          6.589089
        ],
        [
          -0.118497,
          -0.741919,
          -0.659935,
          1.340156
        ],
        [
          0.0,
          0.0,
          0.0,
          1.0
        ]
      ]
    },
    {
      "file_path": "/media/NFS/ttao/scannet/posed_images/scene0669_00/00207.jpg",
      "transform_matrix": [
        [
          0.991858,
          -0.060652,
          -0.111972,
          3.102841
        ],
        [
          0.034384,
          -0.719077,
          0.694079,
          6.594025
        ],
        [
          -0.122614,
          -0.692279,
          -0.711137,
          1.317608
        ],
        [
          0.0,
          0.0,
          0.0,
          1.0
        ]
      ]
    },
    {
      "file_path": "/media/NFS/ttao/scannet/posed_images/scene0669_00/00209.jpg",
      "transform_matrix": [
        [
          0.991273,
          -0.064544,
          -0.114941,
          3.103446
        ],
        [
          0.03409,
          -0.716761,
          0.696485,
          6.596041
        ],
        [
          -0.127339,
          -0.694325,
          -0.708306,
          1.32787
        ],
        [
          0.0,
          0.0,
          0.0,
          1.0
        ]
      ]
    },
    {
      "file_path": "/media/NFS/ttao/scannet/posed_images/scene0669_00/00215.jpg",
      "transform_matrix": [
        [
          0.982759,
          -0.06725,
          -0.172225,
          3.09602
        ],
        [
          0.094641,
          -0.617236,
          0.781065,
          6.595632
        ],
        [
          -0.15883,
          -0.783898,
          -0.60023,
          1.429199
        ],
        [
          0.0,
          0.0,
          0.0,
          1.0
        ]
      ]
    },
    {
      "file_path": "/media/NFS/ttao/scannet/posed_images/scene0669_00/00220.jpg",
      "transform_matrix": [
        [
          0.968889,
          -0.047012,
          -0.24299,
          3.083909
        ],
        [
          0.194038,
          -0.465165,
          0.863696,
          6.563184
        ],
        [
          -0.153634,
          -0.883974,
          -0.441572,
          1.503032
        ],
        [
          0.0,
          0.0,
          0.0,
          1.0
        ]
      ]
    },
    {
      "file_path": "/media/NFS/ttao/scannet/posed_images/scene0669_00/00225.jpg",
      "transform_matrix": [
        [
          0.95147,
          -0.037307,
          -0.305472,
          3.077331
        ],
        [
          0.277988,
          -0.321622,
          0.905142,
          6.54225
        ],
        [
          -0.132015,
          -0.946133,
          -0.295643,
          1.60397
        ],
        [
          0.0,
          0.0,
          0.0,
          1.0
        ]
      ]
    },
    {
      "file_path": "/media/NFS/ttao/scannet/posed_images/scene0669_00/00226.jpg",
      "transform_matrix": [
        [
          0.948492,
          -0.039872,
          -0.31428,
          3.077399
        ],
        [
          0.289859,
          -0.291107,
          0.911723,
          6.538034
        ],
        [
          -0.127842,
          -0.955859,
          -0.264556,
          1.618982
        ],
        [
          0.0,
          0.0,
          0.0,
          1.0
        ]
      ]
    },
    {
      "file_path": "/media/NFS/ttao/scannet/posed_images/scene0669_00/00233.jpg",
      "transform_matrix": [
        [
          0.918961,
          -0.064672,
          -0.389009,
          3.06971
        ],
        [
          0.379275,
          -0.125185,
          0.916776,
          6.488413
        ],
        [
          -0.107988,
          -0.990023,
          -0.090511,
          1.665978
        ],
        [
          0.0,
          0.0,
          0.0,
          1.0
        ]
      ]
    },
    {
      "file_path": "/media/NFS/ttao/scannet/posed_images/scene0669_00/00237.jpg",
      "transform_matrix": [
        [
          0.898763,
          -0.073901,
          -0.432161,
          3.072991
        ],
        [
          0.428272,
          -0.063009,
          0.90145,
          6.469816
        ],
        [
          -0.093848,
          -0.995273,
          -0.02498,
          1.704124
        ],
        [
          0.0,
          0.0,
          0.0,
          1.0
        ]
      ]
    },
    {
      "file_path": "/media/NFS/ttao/scannet/posed_images/scene0669_00/00240.jpg",
      "transform_matrix": [
        [
          0.883099,
          -0.08029,
          -0.462266,
          3.08114
        ],
        [
          0.460237,
          -0.043283,
          0.88674,
          6.45509
        ],
        [
          -0.091205,
          -0.995831,
          -0.001271,
          1.728505
        ],
        [
          0.0,
          0.0,
          0.0,
          1.0
        ]
      ]
    },
    {
      "file_path": "/media/NFS/ttao/scannet/posed_images/scene0669_00/00246.jpg",
      "transform_matrix": [
        [
          0.849216,
          -0.113441,
          -0.515717,
          3.097777
        ],
        [
          0.522556,
          0.040073,
          0.851663,
          6.424874
        ],
        [
          -0.075948,
          -0.992736,
          0.09331,
          1.767538
        ],
        [
          0.0,
          0.0,
          0.0,
          1.0
        ]
      ]
    },
    {
      "file_path": "/media/NFS/ttao/scannet/posed_images/scene0669_00/00250.jpg",
      "transform_matrix": [
        [
          0.830426,
          -0.143773,
          -0.538258,
          3.107938
        ],
        [
          0.552885,
          0.093645,
          0.827979,
          6.40478
        ],
        [
          -0.068636,
          -0.98517,
          0.157255,
          1.772967
        ],
        [
          0.0,
          0.0,
          0.0,
          1.0
        ]
      ]
    },
    {
      "file_path": "/media/NFS/ttao/scannet/posed_images/scene0669_00/00254.jpg",
      "transform_matrix": [
        [
          0.818498,
          -0.163539,
          -0.550741,
          3.123605
        ],
        [
          0.571164,
          0.128339,
          0.810741,
          6.392005
        ],
        [
          -0.061906,
          -0.978153,
          0.198453,
          1.782819
        ],
        [
          0.0,
          0.0,
          0.0,
          1.0
        ]
      ]
    },
    {
      "file_path": "/media/NFS/ttao/scannet/posed_images/scene0669_00/00259.jpg",
      "transform_matrix": [
        [
          0.817897,
          -0.184462,
          -0.544994,
          3.142297
        ],
        [
          0.572036,
          0.158952,
          0.80468,
          6.389977
        ],
        [
          -0.061805,
          -0.969901,
          0.235525,
          1.793462
        ],
        [
          0.0,
          0.0,
          0.0,
          1.0
        ]
      ]
    },
    {
      "file_path": "/media/NFS/ttao/scannet/posed_images/scene0669_00/00260.jpg",
      "transform_matrix": [
        [
          0.815952,
          -0.19313,
          -0.544906,
          3.145112
        ],
        [
          0.574748,
          0.169342,
          0.800617,
          6.389764
        ],
        [
          -0.062348,
          -0.966449,
          0.249177,
          1.79567
        ],
        [
          0.0,
          0.0,
          0.0,
          1.0
        ]
      ]
    },
    {
      "file_path": "/media/NFS/ttao/scannet/posed_images/scene0669_00/00268.jpg",
      "transform_matrix": [
        [
          0.831765,
          -0.242859,
          -0.499185,
          3.151551
        ],
        [
          0.553274,
          0.289252,
          0.781166,
          6.405105
        ],
        [
          -0.045323,
          -0.925933,
          0.374958,
          1.821884
        ],
        [
          0.0,
          0.0,
          0.0,
          1.0
        ]
      ]
    },
    {
      "file_path": "/media/NFS/ttao/scannet/posed_images/scene0669_00/00270.jpg",
      "transform_matrix": [
        [
          0.832181,
          -0.248446,
          -0.495731,
          3.143184
        ],
        [
          0.552899,
          0.303818,
          0.775885,
          6.410552
        ],
        [
          -0.042153,
          -0.919766,
          0.390197,
          1.82205
        ],
        [
          0.0,
          0.0,
          0.0,
          1.0
        ]
      ]
    },
    {
      "file_path": "/media/NFS/ttao/scannet/posed_images/scene0669_00/00273.jpg",
      "transform_matrix": [
        [
          0.831611,
          -0.240296,
          -0.50068,
          3.134188
        ],
        [
          0.554757,
          0.317487,
          0.769056,
          6.426192
        ],
        [
          -0.025842,
          -0.917311,
          0.397332,
          1.820685
        ],
        [
          0.0,
          0.0,
          0.0,
          1.0
        ]
      ]
    },
    {
      "file_path": "/media/NFS/ttao/scannet/posed_images/scene0669_00/00280.jpg",
      "transform_matrix": [
        [
          0.784038,
          -0.182492,
          -0.59328,
          3.120235
        ],
        [
          0.619966,
          0.183377,
          0.762899,
          6.51438
        ],
        [
          -0.030429,
          -0.965955,
          0.256914,
          1.772889
        ],
        [
          0.0,
          0.0,
          0.0,
          1.0
        ]
      ]
    },
    {
      "file_path": "/media/NFS/ttao/scannet/posed_images/scene0669_00/00281.jpg",
      "transform_matrix": [
        [
          0.771038,
          -0.163228,
          -0.615514,
          3.120118
        ],
        [
          0.636536,
          0.170312,
          0.752207,
          6.529311
        ],
        [
          -0.017952,
          -0.971777,
          0.235217,
          1.75587
        ],
        [
          0.0,
          0.0,
          0.0,
          1.0
        ]
      ]
    },
    {
      "file_path": "/media/NFS/ttao/scannet/posed_images/scene0669_00/00285.jpg",
      "transform_matrix": [
        [
          0.715168,
          -0.084342,
          -0.693845,
          3.133784
        ],
        [
          0.698945,
          0.090921,
          0.709372,
          6.599205
        ],
        [
          0.003255,
          -0.99228,
          0.123974,
          1.712221
        ],
        [
          0.0,
          0.0,
          0.0,
          1.0
        ]
      ]
    },
    {
      "file_path": "/media/NFS/ttao/scannet/posed_images/scene0669_00/00289.jpg",
      "transform_matrix": [
        [
          0.659928,
          -0.014421,
          -0.75119,
          3.161587
        ],
        [
          0.751067,
          0.03902,
          0.659071,
          6.669002
        ],
        [
          0.019807,
          -0.999134,
          0.036581,
          1.672572
        ],
        [
          0.0,
          0.0,
          0.0,
          1.0
        ]
      ]
    },
    {
      "file_path": "/media/NFS/ttao/scannet/posed_images/scene0669_00/00295.jpg",
      "transform_matrix": [
        [
          0.573259,
          0.117134,
          -0.810958,
          3.215897
        ],
        [
          0.819352,
          -0.089124,
          0.56632,
          6.770151
        ],
        [
          -0.00594,
          -0.989109,
          -0.147065,
          1.622707
        ],
        [
          0.0,
          0.0,
          0.0,
          1.0
        ]
      ]
    },
    {
      "file_path": "/media/NFS/ttao/scannet/posed_images/scene0669_00/00300.jpg",
      "transform_matrix": [
        [
          0.497623,
          0.216435,
          -0.839956,
          3.272229
        ],
        [
          0.864547,
          -0.202146,
          0.460104,
          6.859701
        ],
        [
          -0.070211,
          -0.95514,
          -0.287711,
          1.568596
        ],
        [
          0.0,
          0.0,
          0.0,
          1.0
        ]
      ]
    },
    {
      "file_path": "/media/NFS/ttao/scannet/posed_images/scene0669_00/00303.jpg",
      "transform_matrix": [
        [
          0.470381,
          0.266712,
          -0.841193,
          3.296721
        ],
        [
          0.878431,
          -0.232531,
          0.417477,
          6.904416
        ],
        [
          -0.084257,
          -0.935304,
          -0.343667,
          1.510785
        ],
        [
          0.0,
          0.0,
          0.0,
          1.0
        ]
      ]
    },
    {
      "file_path": "/media/NFS/ttao/scannet/posed_images/scene0669_00/00307.jpg",
      "transform_matrix": [
        [
          0.4463,
          0.379483,
          -0.810437,
          3.300459
        ],
        [
          0.890792,
          -0.274893,
          0.361833,
          6.955657
        ],
        [
          -0.085474,
          -0.883417,
          -0.460725,
          1.427437
        ],
        [
          0.0,
          0.0,
          0.0,
          1.0
        ]
      ]
    },
    {
      "file_path": "/media/NFS/ttao/scannet/posed_images/scene0669_00/00310.jpg",
      "transform_matrix": [
        [
          0.451089,
          0.495825,
          -0.742075,
          3.279531
        ],
        [
          0.890165,
          -0.309791,
          0.334119,
          6.975893
        ],
        [
          -0.064224,
          -0.811287,
          -0.581109,
          1.364541
        ],
        [
          0.0,
          0.0,
          0.0,
          1.0
        ]
      ]
    },
    {
      "file_path": "/media/NFS/ttao/scannet/posed_images/scene0669_00/00318.jpg",
      "transform_matrix": [
        [
          0.469707,
          0.597742,
          -0.649676,
          3.255625
        ],
        [
          0.882009,
          -0.349307,
          0.316297,
          7.062778
        ],
        [
          -0.037872,
          -0.721588,
          -0.691286,
          1.247188
        ],
        [
          0.0,
          0.0,
          0.0,
          1.0
        ]
      ]
    },
    {
      "file_path": "/media/NFS/ttao/scannet/posed_images/scene0669_00/00322.jpg",
      "transform_matrix": [
        [
          0.432939,
          0.653014,
          -0.621398,
          3.247352
        ],
        [
          0.900632,
          -0.34223,
          0.267844,
          7.093088
        ],
        [
          -0.037755,
          -0.675612,
          -0.73629,
          1.202063
        ],
        [
          0.0,
          0.0,
          0.0,
          1.0
        ]
      ]
    },
    {
      "file_path": "/media/NFS/ttao/scannet/posed_images/scene0669_00/00323.jpg",
      "transform_matrix": [
        [
          0.427131,
          0.664125,
          -0.613593,
          3.244442
        ],
        [
          0.903417,
          -0.341506,
          0.259251,
          7.098331
        ],
        [
          -0.037371,
          -0.665064,
          -0.74585,
          1.19377
        ],
        [
