{
  "frames": [
    {
      "file_path": "/media/NFS/ttao/scannet/posed_images/scene0353_01/00000.jpg",
      "transform_matrix": [
        [
          -0.912488,
          -0.103807,
          0.395714,
          3.365001
        ],
        [
          -0.409007,
          0.210495,
          -0.887922,
          2.864378
        ],
        [
          0.008877,
          -0.972068,
          -0.234532,
          1.434166
        ],
        [
          0.0,
          0.0,
          0.0,
          1.0
        ]
      ]
    },
    {
      "file_path": "/media/NFS/ttao/scannet/posed_images/scene0353_01/00009.jpg",
      "transform_matrix": [
        [
          -0.924029,
          -0.11746,
          0.363831,
          3.322417
        ],
        [
          -0.380359,
          0.186131,
          -0.905915,
          2.887414
        ],
        [
          0.038688,
          -0.975479,
          -0.216668,
          1.449849
        ],
        [
          0.0,
          0.0,
          0.0,
          1.0
        ]
      ]
    },
    {
      "file_path": "/media/NFS/ttao/scannet/posed_images/scene0353_01/00019.jpg",
      "transform_matrix": [
        [
          -0.921104,
          -0.096591,
          0.377145,
          3.29402
        ],
        [
          -0.386991,
          0.121427,
          -0.914053,
          2.904425
        ],
        [
          0.042494,
          -0.98789,
          -0.149226,
          1.494182
        ],
        [
          0.0,
          0.0,
          0.0,
          1.0
        ]
      ]
    },
    {
      "file_path": "/media/NFS/ttao/scannet/posed_images/scene0353_01/00026.jpg",
      "transform_matrix": [
        [
          -0.914019,
          -0.077913,
          0.398119,
          3.26316
        ],
        [
          -0.404174,
          0.090658,
          -0.910178,
          2.903978
        ],
        [
          0.034822,
          -0.99283,
          -0.114354,
          1.524446
        ],
        [
          0.0,
          0.0,
          0.0,
          1.0
        ]
      ]
    },
    {
      "file_path": "/media/NFS/ttao/scannet/posed_images/scene0353_01/00035.jpg",
      "transform_matrix": [
        [
          -0.908135,
          -0.112582,
          0.403258,
          3.256403
        ],
        [
          -0.418564,
          0.221632,
          -0.880729,
          2.901158
        ],
        [
          0.00978,
          -0.96861,
          -0.248394,
          1.420226
        ],
        [
          0.0,
          0.0,
          0.0,
          1.0
        ]
      ]
    },
    {
      "file_path": "/media/NFS/ttao/scannet/posed_images/scene0353_01/00040.jpg",
      "transform_matrix": [
        [
          -0.920982,
          -0.12108,
          0.370314,
          3.280291
        ],
        [
          -0.38956,
          0.300783,
          -0.870501,
          2.923109
        ],
        [
          -0.005984,
          -0.945975,
          -0.324184,
          1.362944
        ],
        [
          0.0,
          0.0,
          0.0,
          1.0
        ]
      ]
    },
    {
      "file_path": "/media/NFS/ttao/scannet/posed_images/scene0353_01/00044.jpg",
      "transform_matrix": [
        [
          -0.923083,
          -0.147655,
          0.355128,
          3.279607
        ],
        [
          -0.384596,
          0.35887,
          -0.850469,
          2.937793
        ],
        [
          -0.001869,
          -0.921634,
          -0.388055,
          1.321209
        ],
        [
          0.0,
          0.0,
          0.0,
          1.0
        ]
      ]
    },
    {
      "file_path": "/media/NFS/ttao/scannet/posed_images/scene0353_01/00056.jpg",
      "transform_matrix": [
        [
          -0.943663,
          -0.206681,
          0.258424,
          3.318092
        ],
        [
          -0.328506,
          0.491197,
          -0.806727,
          3.004673
        ],
        [
          0.039798,
          -0.846173,
          -0.531421,
          1.266905
        ],
        [
          0.0,
          0.0,
          0.0,
          1.0
        ]
      ]
    },
    {
      "file_path": "/media/NFS/ttao/scannet/posed_images/scene0353_01/00063.jpg",
      "transform_matrix": [
        [
          -0.973495,
          -0.15173,
          0.17113,
          3.318648
        ],
        [
          -0.223324,
          0.469231,
          -0.85437,
          3.027473
        ],
        [
          0.049334,
          -0.869943,
          -0.490679,
          1.30387
        ],
        [
          0.0,
          0.0,
          0.0,
          1.0
        ]
      ]
    },
    {
      "file_path": "/media/NFS/ttao/scannet/posed_images/scene0353_01/00075.jpg",
      "transform_matrix": [
        [
          -0.996543,
          -0.065293,
          0.051365,
          3.325604
        ],
        [
          -0.067653,
          0.278988,
          -0.957909,
          3.035306
        ],
        [
          0.048214,
          -0.958073,
          -0.28244,
          1.408106
        ],
        [
          0.0,
          0.0,
          0.0,
          1.0
        ]
      ]
    },
    {
      "file_path": "/media/NFS/ttao/scannet/posed_images/scene0353_01/00082.jpg",
      "transform_matrix": [
        [
          -0.998702,
          -0.048463,
          0.015681,
          3.322023
        ],
        [
          -0.024699,
          0.191509,
          -0.98118,
          3.012413
        ],
        [
          0.044548,
          -0.980294,
          -0.192457,
          1.455698
        ],
        [
          0.0,
          0.0,
          0.0,
          1.0
        ]
      ]
    },
    {
      "file_path": "/media/NFS/ttao/scannet/posed_images/scene0353_01/00084.jpg",
      "transform_matrix": [
        [
          -0.998633,
          -0.049217,
          0.017599,
          3.321847
        ],
        [
          -0.025554,
          0.166008,
          -0.985793,
          3.004595
        ],
        [
          0.045597,
          -0.984895,
          -0.167039,
          1.463173
        ],
        [
          0.0,
          0.0,
          0.0,
          1.0
        ]
      ]
    },
    {
      "file_path": "/media/NFS/ttao/scannet/posed_images/scene0353_01/00096.jpg",
      "transform_matrix": [
        [
          -0.997916,
          -0.053898,
          -0.035489,
          3.336575
        ],
        [
          0.033001,
          0.046373,
          -0.998379,
          2.937044
        ],
        [
          0.055456,
          -0.997469,
          -0.044497,
          1.519938
        ],
        [
          0.0,
          0.0,
          0.0,
          1.0
        ]
      ]
    },
    {
      "file_path": "/media/NFS/ttao/scannet/posed_images/scene0353_01/00100.jpg",
      "transform_matrix": [
        [
          -0.99677,
          -0.061508,
          -0.05163,
          3.340608
        ],
        [
          0.050932,
          0.012856,
          -0.998619,
          2.919121
        ],
        [
          0.062086,
          -0.998024,
          -0.009681,
          1.542799
        ],
        [
          0.0,
          0.0,
          0.0,
          1.0
        ]
      ]
    },
    {
      "file_path": "/media/NFS/ttao/scannet/posed_images/scene0353_01/00110.jpg",
      "transform_matrix": [
        [
          -0.982973,
          -0.094355,
          -0.157676,
          3.354557
        ],
        [
          0.160028,
          -0.017846,
          -0.986951,
          2.898196
        ],
        [
          0.09031,
          -0.995379,
          0.032641,
          1.566324
        ],
        [
          0.0,
          0.0,
          0.0,
          1.0
        ]
      ]
    },
    {
      "file_path": "/media/NFS/ttao/scannet/posed_images/scene0353_01/00121.jpg",
      "transform_matrix": [
        [
          -0.910805,
          -0.048458,
          -0.409984,
          3.426561
        ],
        [
          0.412019,
          -0.0442,
          -0.910102,
          2.884724
        ],
        [
          0.02598,
          -0.997847,
          0.060224,
          1.581563
        ],
        [
          0.0,
          0.0,
          0.0,
          1.0
        ]
      ]
    },
    {
      "file_path": "/media/NFS/ttao/scannet/posed_images/scene0353_01/00124.jpg",
      "transform_matrix": [
        [
          -0.891762,
          -0.026683,
          -0.451717,
          3.441029
        ],
        [
          0.452271,
          -0.020507,
          -0.891644,
          2.876164
        ],
        [
          0.014528,
          -0.999434,
          0.030356,
          1.574239
        ],
        [
          0.0,
          0.0,
          0.0,
          1.0
        ]
      ]
    },
    {
      "file_path": "/media/NFS/ttao/scannet/posed_images/scene0353_01/00135.jpg",
      "transform_matrix": [
        [
          -0.844444,
          0.050634,
          -0.533245,
          3.458603
        ],
        [
          0.535367,
          0.111768,
          -0.837192,
          2.860795
        ],
        [
          0.017209,
          -0.992444,
          -0.12149,
          1.482527
        ],
        [
          0.0,
          0.0,
          0.0,
          1.0
        ]
      ]
    },
    {
      "file_path": "/media/NFS/ttao/scannet/posed_images/scene0353_01/00138.jpg",
      "transform_matrix": [
        [
          -0.842513,
          0.065848,
          -0.534637,
          3.462004
        ],
        [
          0.538085,
          0.149361,
          -0.829551,
          2.855471
        ],
        [
          0.025229,
          -0.986588,
          -0.16127,
          1.454941
        ],
        [
          0.0,
          0.0,
          0.0,
          1.0
        ]
      ]
    },
    {
      "file_path": "/media/NFS/ttao/scannet/posed_images/scene0353_01/00152.jpg",
      "transform_matrix": [
        [
          -0.843982,
          0.140688,
          -0.517591,
          3.447442
        ],
        [
          0.535539,
          0.274761,
          -0.798564,
          2.879957
        ],
        [
          0.029865,
          -0.951164,
          -0.307238,
          1.372374
        ],
        [
          0.0,
          0.0,
          0.0,
          1.0
        ]
      ]
    },
    {
      "file_path": "/media/NFS/ttao/scannet/posed_images/scene0353_01/00154.jpg",
      "transform_matrix": [
        [
          -0.848008,
          0.145558,
          -0.509602,
          3.448052
        ],
        [
          0.529029,
          0.29015,
          -0.797459,
          2.890668
        ],
        [
          0.031784,
          -0.945846,
          -0.323055,
          1.362982
        ],
        [
          0.0,
          0.0,
          0.0,
          1.0
        ]
      ]
    },
    {
      "file_path": "/media/NFS/ttao/scannet/posed_images/scene0353_01/00168.jpg",
      "transform_matrix": [
        [
          -0.903238,
          0.164348,
          -0.396422,
          3.481878
        ],
        [
          0.427531,
          0.424502,
          -0.798132,
          2.963661
        ],
        [
          0.03711,
          -0.890386,
          -0.45369,
          1.284513
        ],
        [
          0.0,
          0.0,
          0.0,
          1.0
        ]
      ]
    },
    {
      "file_path": "/media/NFS/ttao/scannet/posed_images/scene0353_01/00171.jpg",
      "transform_matrix": [
        [
          -0.905914,
          0.170376,
          -0.387675,
          3.498412
        ],
        [
          0.421462,
          0.451643,
          -0.786377,
          2.968117
        ],
        [
          0.041112,
          -0.87578,
          -0.480956,
          1.272945
        ],
        [
          0.0,
          0.0,
          0.0,
          1.0
        ]
      ]
    },
    {
      "file_path": "/media/NFS/ttao/scannet/posed_images/scene0353_01/00182.jpg",
      "transform_matrix": [
        [
          -0.967765,
          0.11276,
          -0.225203,
          3.566422
        ],
        [
          0.249143,
          0.559497,
          -0.790501,
          2.9917
        ],
        [
          0.036864,
          -0.821126,
          -0.569555,
          1.240648
        ],
        [
          0.0,
          0.0,
          0.0,
          1.0
        ]
      ]
    },
    {
      "file_path": "/media/NFS/ttao/scannet/posed_images/scene0353_01/00192.jpg",
      "transform_matrix": [
        [
          -0.990588,
          0.065691,
          -0.120082,
          3.590378
        ],
        [
          0.135971,
          0.572955,
          -0.808229,
          2.996293
        ],
        [
          0.015709,
          -0.81695,
          -0.576495,
          1.251487
        ],
        [
          0.0,
          0.0,
          0.0,
          1.0
        ]
      ]
    },
    {
      "file_path": "/media/NFS/ttao/scannet/posed_images/scene0353_01/00199.jpg",
      "transform_matrix": [
        [
          -0.975772,
          0.113699,
          -0.186927,
          3.567668
        ],
        [
          0.218636,
          0.538828,
          -0.81355,
          3.005442
        ],
        [
          0.008222,
          -0.834708,
          -0.550632,
          1.26272
        ],
        [
          0.0,
          0.0,
          0.0,
          1.0
        ]
      ]
    },
    {
      "file_path": "/media/NFS/ttao/scannet/posed_images/scene0353_01/00201.jpg",
      "transform_matrix": [
        [
          -0.968057,
          0.129773,
          -0.214533,
          3.561042
        ],
        [
          0.250505,
          0.53675,
          -0.805696,
          3.012659
        ],
        [
          0.010593,
          -0.833702,
          -0.552113,
          1.258703
        ],
        [
          0.0,
          0.0,
          0.0,
          1.0
        ]
      ]
    },
    {
      "file_path": "/media/NFS/ttao/scannet/posed_images/scene0353_01/00208.jpg",
      "transform_matrix": [
        [
          -0.933841,
          0.192567,
          -0.301426,
          3.528537
        ],
        [
          0.357519,
          0.528299,
          -0.770117,
          3.034931
        ],
        [
          0.010944,
          -0.826933,
          -0.562194,
          1.259885
        ],
        [
          0.0,
          0.0,
          0.0,
          1.0
        ]
      ]
    },
    {
      "file_path": "/media/NFS/ttao/scannet/posed_images/scene0353_01/00217.jpg",
      "transform_matrix": [
        [
          -0.87225,
          0.288963,
          -0.394564,
          3.503174
        ],
        [
          0.489022,
          0.525461,
          -0.696238,
          3.060784
        ],
        [
          0.006141,
          -0.800244,
          -0.599643,
          1.257133
        ],
        [
          0.0,
          0.0,
          0.0,
          1.0
        ]
      ]
    },
    {
      "file_path": "/media/NFS/ttao/scannet/posed_images/scene0353_01/00227.jpg",
      "transform_matrix": [
        [
          -0.76647,
          0.385042,
          -0.514069,
          3.473812
        ],
        [
          0.642255,
          0.452319,
          -0.618802,
          3.090148
        ],
        [
          -0.005741,
          -0.804457,
          -0.593984,
          1.264829
        ],
        [
          0.0,
          0.0,
          0.0,
          1.0
        ]
      ]
    },
    {
      "file_path": "/media/NFS/ttao/scannet/posed_images/scene0353_01/00236.jpg",
      "transform_matrix": [
        [
          -0.699665,
          0.419813,
          -0.578123,
          3.466288
        ],
        [
          0.714463,
          0.414966,
          -0.563334,
          3.099907
        ],
        [
          0.003406,
          -0.807193,
          -0.590278,
          1.262423
        ],
        [
          0.0,
          0.0,
          0.0,
          1.0
        ]
      ]
    },
    {
      "file_path": "/media/NFS/ttao/scannet/posed_images/scene0353_01/00243.jpg",
      "transform_matrix": [
        [
          -0.680679,
          0.427161,
          -0.595154,
          3.469818
        ],
        [
          0.732415,
          0.414114,
          -0.540442,
          3.102318
        ],
        [
          0.015606,
          -0.803768,
          -0.594738,
          1.25747
        ],
        [
          0.0,
          0.0,
          0.0,
          1.0
        ]
      ]
    },
    {
      "file_path": "/media/NFS/ttao/scannet/posed_images/scene0353_01/00250.jpg",
      "transform_matrix": [
        [
          -0.660362,
          0.431593,
          -0.614532,
          3.474408
        ],
        [
          0.750547,
          0.40605,
          -0.521346,
          3.104366
        ],
        [
          0.024522,
          -0.805513,
          -0.592071,
          1.256585
        ],
        [
          0.0,
          0.0,
          0.0,
          1.0
        ]
      ]
    },
    {
      "file_path": "/media/NFS/ttao/scannet/posed_images/scene0353_01/00257.jpg",
      "transform_matrix": [
        [
          -0.656303,
          0.452291,
          -0.603903,
          3.476685
        ],
        [
          0.75437,
          0.408084,
          -0.514192,
          3.116405
        ],
        [
          0.013878,
          -0.793032,
          -0.609022,
          1.256509
        ],
        [
          0.0,
          0.0,
          0.0,
          1.0
        ]
      ]
    },
    {
      "file_path": "/media/NFS/ttao/scannet/posed_images/scene0353_01/00269.jpg",
      "transform_matrix": [
        [
          -0.591084,
          0.410566,
          -0.694302,
          3.468574
        ],
        [
          0.805859,
          0.337727,
          -0.486346,
          3.131071
        ],
        [
          0.034807,
          -0.846981,
          -0.530483,
          1.306053
        ],
        [
          0.0,
          0.0,
          0.0,
          1.0
        ]
      ]
    },
    {
      "file_path": "/media/NFS/ttao/scannet/posed_images/scene0353_01/00276.jpg",
      "transform_matrix": [
        [
          -0.597799,
          0.354432,
          -0.719037,
          3.462539
        ],
        [
          0.801564,
          0.277083,
          -0.52983,
          3.137831
        ],
        [
          0.011445,
          -0.893086,
          -0.44974,
          1.347117
        ],
        [
          0.0,
          0.0,
          0.0,
          1.0
        ]
      ]
    },
    {
      "file_path": "/media/NFS/ttao/scannet/posed_images/scene0353_01/00283.jpg",
      "transform_matrix": [
        [
          -0.635264,
          0.304623,
          -0.709679,
          3.452508
        ],
        [
          0.772272,
          0.257722,
          -0.580668,
          3.147647
        ],
        [
          0.006015,
          -0.916943,
          -0.398973,
          1.378787
        ],
        [
          0.0,
          0.0,
          0.0,
          1.0
        ]
      ]
    },
    {
      "file_path": "/media/NFS/ttao/scannet/posed_images/scene0353_01/00287.jpg",
      "transform_matrix": [
        [
          -0.682078,
          0.267323,
          -0.680668,
          3.44238
        ],
        [
          0.731199,
          0.263118,
          -0.629378,
          3.152932
        ],
        [
          0.010849,
          -0.926988,
          -0.374933,
          1.389418
        ],
        [
          0.0,
          0.0,
          0.0,
          1.0
        ]
      ]
    },
    {
      "file_path": "/media/NFS/ttao/scannet/posed_images/scene0353_01/00299.jpg",
      "transform_matrix": [
        [
          -0.792637,
          0.127232,
          -0.596269,
          3.437785
        ],
        [
          0.608778,
          0.218727,
          -0.762593,
          3.16809
        ],
        [
          0.033394,
          -0.967456,
          -0.250827,
          1.461911
        ],
        [
          0.0,
          0.0,
          0.0,
          1.0
        ]
      ]
    },
    {
      "file_path": "/media/NFS/ttao/scannet/posed_images/scene0353_01/00304.jpg",
      "transform_matrix": [
        [
          -0.802076,
          0.088339,
          -0.590653,
          3.44178
        ],
        [
          0.59688,
          0.152044,
          -0.787792,
          3.182874
        ],
        [
          0.020212,
          -0.984418,
          -0.174678,
          1.477253
        ],
        [
          0.0,
          0.0,
          0.0,
          1.0
        ]
      ]
    },
    {
      "file_path": "/media/NFS/ttao/scannet/posed_images/scene0353_01/00315.jpg",
      "transform_matrix": [
        [
          -0.788258,
          0.013297,
          -0.615201,
          3.457039
        ],
        [
          0.6141,
          0.080547,
          -0.785107,
          3.190375
        ],
        [
          0.039113,
          -0.996662,
          -0.071658,
          1.517037
        ],
        [
          0.0,
          0.0,
          0.0,
          1.0
        ]
      ]
    },
    {
      "file_path": "/media/NFS/ttao/scannet/posed_images/scene0353_01/00320.jpg",
      "transform_matrix": [
        [
          -0.792255,
          -0.025611,
          -0.609652,
          3.461835
        ],
        [
          0.608636,
          0.038091,
          -0.792535,
          3.19979
        ],
        [
          0.04352,
          -0.998946,
          -0.01459,
          1.544186
        ],
        [
          0.0,
          0.0,
          0.0,
          1.0
        ]
      ]
    },
    {
      "file_path": "/media/NFS/ttao/scannet/posed_images/scene0353_01/00329.jpg",
      "transform_matrix": [
        [
          -0.765618,
          -0.062825,
          -0.64022,
          3.466443
        ],
        [
          0.642588,
          -0.02803,
          -0.765699,
          3.206706
        ],
        [
          0.03016,
          -0.997631,
          0.061831,
          1.581979
        ],
        [
          0.0,
          0.0,
          0.0,
          1.0
        ]
      ]
    },
    {
      "file_path": "/media/NFS/ttao/scannet/posed_images/scene0353_01/00336.jpg",
      "transform_matrix": [
        [
          -0.752645,
          -0.056605,
          -0.655988,
          3.444835
        ],
        [
          0.658181,
          -0.037521,
          -0.751924,
          3.21496
        ],
        [
          0.017949,
          -0.997691,
          0.065496,
          1.593419
        ],
        [
          0.0,
          0.0,
          0.0,
          1.0
        ]
      ]
    },
    {
      "file_path": "/media/NFS/ttao/scannet/posed_images/scene0353_01/00346.jpg",
      "transform_matrix": [
        [
          -0.698645,
          -0.004671,
          -0.715453,
          3.406544
        ],
        [
          0.715333,
          -0.023983,
          -0.698372,
          3.216861
        ],
        [
          -0.013896,
          -0.999701,
          0.020097,
          1.591392
        ],
        [
          0.0,
          0.0,
          0.0,
          1.0
        ]
      ]
    },
    {
      "file_path": "/media/NFS/ttao/scannet/posed_images/scene0353_01/00350.jpg",
      "transform_matrix": [
        [
          -0.682672,
          0.025935,
          -0.730264,
          3.390077
        ],
        [
          0.72988,
          -0.023835,
          -0.68316,
          3.216376
        ],
        [
          -0.035124,
          -0.99938,
          -0.002658,
          1.573429
        ],
        [
          0.0,
          0.0,
          0.0,
          1.0
        ]
      ]
    },
    {
      "file_path": "/media/NFS/ttao/scannet/posed_images/scene0353_01/00362.jpg",
      "transform_matrix": [
        [
          -0.585559,
          0.095093,
          -0.805033,
          3.348984
        ],
        [
          0.80991,
          0.026784,
          -0.585943,
          3.191225
        ],
        [
          -0.034157,
          -0.995108,
          -0.0927,
          1.532628
        ],
        [
          0.0,
          0.0,
          0.0,
          1.0
        ]
      ]
    },
    {
      "file_path": "/media/NFS/ttao/scannet/posed_images/scene0353_01/00369.jpg",
      "transform_matrix": [
        [
          -0.50062,
          0.111954,
          -0.858398,
          3.332618
        ],
        [
          0.865658,
          0.06005,
          -0.497022,
          3.14065
        ],
        [
          -0.004096,
          -0.991897,
          -0.126976,
          1.500356
        ],
        [
          0.0,
          0.0,
          0.0,
          1.0
        ]
      ]
    },
    {
      "file_path": "/media/NFS/ttao/scannet/posed_images/scene0353_01/00374.jpg",
      "transform_matrix": [
        [
          -0.422927,
          0.134088,
          -0.896188,
          3.300988
        ],
        [
          0.90592,
          0.03963,
          -0.42159,
          3.107538
        ],
        [
          -0.021014,
          -0.990177,
          -0.138233,
          1.481171
        ],
        [
          0.0,
          0.0,
          0.0,
          1.0
        ]
      ]
    },
    {
      "file_path": "/media/NFS/ttao/scannet/posed_images/scene0353_01/00381.jpg",
      "transform_matrix": [
        [
          -0.268202,
          0.11605,
          -0.956347,
          3.26419
        ],
        [
          0.963235,
          0.016118,
          -0.268178,
          3.061669
        ],
        [
          -0.015708,
          -0.993113,
          -0.116107,
          1.473623
        ],
        [
          0.0,
          0.0,
          0.0,
          1.0
        ]
      ]
    },
    {
      "file_path": "/media/NFS/ttao/scannet/posed_images/scene0353_01/00388.jpg",
      "transform_matrix": [
        [
          -0.11285,
          0.0748,
          -0.990793,
          3.242439
        ],
        [
          0.993532,
          0.021141,
          -0.111566,
          3.026973
        ],
        [
          0.012601,
          -0.996974,
          -0.076701,
          1.481375
        ],
        [
          0.0,
          0.0,
          0.0,
          1.0
        ]
      ]
    },
    {
      "file_path": "/media/NFS/ttao/scannet/posed_images/scene0353_01/00399.jpg",
      "transform_matrix": [
        [
          -0.032009,
          0.017814,
          -0.999329,
          3.212425
        ],
        [
          0.999239,
          0.022864,
          -0.031598,
          3.012372
        ],
        [
          0.022285,
          -0.99958,
          -0.018532,
          1.502122
        ],
        [
          0.0,
          0.0,
          0.0,
          1.0
        ]
      ]
    },
    {
      "file_path": "/media/NFS/ttao/scannet/posed_images/scene0353_01/00406.jpg",
      "transform_matrix": [
        [
          -0.019096,
          0.08248,
          -0.99641,
          3.200311
        ],
        [
          0.999627,
          0.021041,
          -0.017416,
          3.008669
        ],
        [
          0.019529,
          -0.996371,
          -0.082851,
          1.469393
        ],
        [
          0.0,
          0.0,
          0.0,
          1.0
        ]
      ]
    },
    {
      "file_path": "/media/NFS/ttao/scannet/posed_images/scene0353_01/00413.jpg",
      "transform_matrix": [
        [
          0.000326,
          0.15942,
          -0.987211,
          3.201235
        ],
        [
          0.999773,
          0.020985,
          0.003719,
          2.984688
        ],
        [
          0.02131,
          -0.986988,
          -0.159377,
          1.407043
        ],
        [
          0.0,
          0.0,
          0.0,
          1.0
        ]
      ]
    },
    {
      "file_path": "/media/NFS/ttao/scannet/posed_images/scene0353_01/00425.jpg",
      "transform_matrix": [
        [
          0.101878,
          0.346134,
          -0.932637,
          3.212893
        ],
        [
          0.994644,
          -0.051887,
          0.089395,
          2.907812
        ],
        [
          -0.017449,
          -0.936749,
          -0.349566,
          1.343712
        ],
        [
          0.0,
          0.0,
          0.0,
          1.0
        ]
      ]
    },
    {
      "file_path": "/media/NFS/ttao/scannet/posed_images/scene0353_01/00432.jpg",
      "transform_matrix": [
        [
          0.123713,
          0.417266,
          -0.900325,
          3.230457
        ],
        [
          0.991369,
          -0.091639,
          0.093752,
          2.879652
        ],
        [
          -0.043385,
          -0.904153,
          -0.425001,
          1.315877
        ],
        [
          0.0,
          0.0,
          0.0,
          1.0
        ]
      ]
    },
    {
      "file_path": "/media/NFS/ttao/scannet/posed_images/scene0353_01/00439.jpg",
      "transform_matrix": [
        [
          0.12496,
          0.466548,
          -0.875624,
          3.260675
        ],
        [
          0.992027,
          -0.073283,
          0.102526,
          2.87268
        ],
        [
          -0.016335,
          -0.881455,
          -0.471986,
          1.297365
        ],
        [
          0.0,
          0.0,
          0.0,
          1.0
        ]
      ]
    },
    {
      "file_path": "/media/NFS/ttao/scannet/posed_images/scene0353_01/00442.jpg",
      "transform_matrix": [
        [
          0.118596,
          0.474311,
          -0.872332,
          3.274638
        ],
        [
          0.992815,
          -0.070709,
          0.09653,
          2.882447
        ],
        [
          -0.015896,
          -0.877513,
          -0.479289,
          1.289907
        ],
        [
          0.0,
          0.0,
          0.0,
          1.0
        ]
      ]
    },
    {
      "file_path": "/media/NFS/ttao/scannet/posed_images/scene0353_01/00451.jpg",
      "transform_matrix": [
        [
          0.083148,
          0.565877,
          -0.820287,
          3.322581
        ],
        [
          0.996536,
          -0.04607,
          0.069232,
          2.927258
        ],
        [
          0.001386,
          -0.823202,
          -0.567747,
          1.246093
        ],
        [
          0.0,
          0.0,
          0.0,
          1.0
        ]
      ]
    },
    {
      "file_path": "/media/NFS/ttao/scannet/posed_images/scene0353_01/00460.jpg",
      "transform_matrix": [
        [
          0.127398,
          0.658793,
          -0.741459,
          3.347889
        ],
        [
          0.990655,
          -0.047807,
          0.127739,
          2.945731
        ],
        [
          0.048706,
          -0.750804,
          -0.658727,
          1.211832
        ],
        [
          0.0,
          0.0,
          0.0,
          1.0
        ]
      ]
    },
    {
      "file_path": "/media/NFS/ttao/scannet/posed_images/scene0353_01/00465.jpg",
      "transform_matrix": [
        [
          0.132126,
          0.654761,
          -0.744198,
          3.343643
        ],
        [
          0.991046,
          -0.072692,
          0.111996,
          2.94327
        ],
        [
          0.019233,
          -0.752332,
          -0.658503,
          1.220239
        ],
        [
          0.0,
          0.0,
          0.0,
          1.0
        ]
      ]
    },
    {
      "file_path": "/media/NFS/ttao/scannet/posed_images/scene0353_01/00479.jpg",
      "transform_matrix": [
        [
          0.212711,
          0.587253,
          -0.780953,
          3.307102
        ],
        [
          0.976969,
          -0.113982,
          0.180389,
          2.94338
        ],
        [
          0.016919,
          -0.801337,
          -0.597973,
          1.2496
        ],
        [
          0.0,
          0.0,
          0.0,
          1.0
        ]
      ]
    },
    {
      "file_path": "/media/NFS/ttao/scannet/posed_images/scene0353_01/00484.jpg",
      "transform_matrix": [
        [
          0.241375,
          0.570054,
          -0.785351,
          3.29762
        ],
        [
          0.970261,
          -0.126573,
          0.206332,
          2.949452
        ],
        [
          0.018216,
          -0.811799,
          -0.583653,
          1.250918
        ],
        [
          0.0,
          0.0,
          0.0,
          1.0
        ]
      ]
    },
    {
      "file_path": "/media/NFS/ttao/scannet/posed_images/scene0353_01/00495.jpg",
      "transform_matrix": [
        [
          0.289744,
          0.506901,
          -0.81185,
          3.280285
        ],
        [
          0.957056,
          -0.144956,
          0.251061,
          2.964274
        ],
        [
          0.009581,
          -0.849729,
          -0.527133,
          1.280245
        ],
        [
          0.0,
          0.0,
          0.0,
          1.0
        ]
      ]
    },
    {
      "file_path": "/media/NFS/ttao/scannet/posed_images/scene0353_01/00502.jpg",
      "transform_matrix": [
        [
          0.335906,
          0.459617,
          -0.822143,
          3.269609
        ],
        [
          0.941886,
          -0.160021,
          0.29537,
          2.979871
        ],
        [
          0.004196,
          -0.873582,
          -0.486659,
          1.304082
        ],
        [
          0.0,
          0.0,
          0.0,
          1.0
        ]
      ]
    },
    {
      "file_path": "/media/NFS/ttao/scannet/posed_images/scene0353_01/00509.jpg",
      "transform_matrix": [
        [
          0.378229,
          0.420687,
          -0.8246,
          3.258916
        ],
        [
          0.925711,
          -0.173223,
          0.336233,
          2.981711
        ],
        [
          -0.001391,
          -0.890515,
          -0.454953,
          1.316486
        ],
        [
          0.0,
          0.0,
          0.0,
          1.0
        ]
      ]
    },
    {
      "file_path": "/media/NFS/ttao/scannet/posed_images/scene0353_01/00514.jpg",
      "transform_matrix": [
        [
          0.376476,
          0.403796,
          -0.833795,
          3.258794
        ],
        [
          0.926415,
          -0.168611,
          0.33664,
          2.992077
        ],
        [
          -0.004653,
          -0.899177,
          -0.437561,
          1.320644
        ],
        [
          0.0,
          0.0,
          0.0,
          1.0
        ]
      ]
    },
    {
      "file_path": "/media/NFS/ttao/scannet/posed_images/scene0353_01/00523.jpg",
      "transform_matrix": [
        [
          0.380778,
          0.355173,
          -0.853733,
          3.254481
        ],
        [
          0.924666,
          -0.145351,
          0.351945,
          3.026926
        ],
        [
          0.00091,
          -0.923431,
          -0.383763,
          1.351453
        ],
        [
          0.0,
          0.0,
          0.0,
          1.0
        ]
      ]
    },
    {
      "file_path": "/media/NFS/ttao/scannet/posed_images/scene0353_01/00530.jpg",
      "transform_matrix": [
        [
          0.355938,
          0.312045,
          -0.880872,
          3.230094
        ],
        [
          0.93439,
          -0.103781,
          0.3408,
          3.091925
        ],
        [
          0.014927,
          -0.944382,
          -0.328511,
          1.36888
        ],
        [
          0.0,
          0.0,
          0.0,
          1.0
        ]
      ]
    },
    {
      "file_path": "/media/NFS/ttao/scannet/posed_images/scene0353_01/00542.jpg",
      "transform_matrix": [
        [
          0.250758,
          0.234915,
          -0.939114,
          3.179496
        ],
        [
          0.967429,
          -0.026085,
          0.251794,
          3.24844
        ],
        [
          0.034653,
          -0.971666,
          -0.233804,
          1.425741
        ],
        [
          0.0,
          0.0,
          0.0,
          1.0
        ]
      ]
    },
    {
      "file_path": "/media/NFS/ttao/scannet/posed_images/scene0353_01/00547.jpg",
      "transform_matrix": [
        [
          0.233593,
          0.19604,
          -0.952367,
          3.167122
        ],
        [
          0.97214,
          -0.02751,
          0.23278,
          3.29105
        ],
        [
          0.019435,
          -0.98021,
          -0.197005,
          1.448564
        ],
        [
          0.0,
          0.0,
          0.0,
          1.0
        ]
      ]
    },
    {
      "file_path": "/media/NFS/ttao/scannet/posed_images/scene0353_01/00556.jpg",
      "transform_matrix": [
        [
          0.228701,
          0.133969,
          -0.964235,
          3.149293
        ],
        [
          0.973411,
          -0.018313,
          0.228334,
          3.33702
        ],
        [
          0.012932,
          -0.990816,
          -0.134595,
          1.494856
        ],
        [
          0.0,
          0.0,
          0.0,
          1.0
        ]
      ]
    },
    {
      "file_path": "/media/NFS/ttao/scannet/posed_images/scene0353_01/00565.jpg",
      "transform_matrix": [
        [
          0.234995,
          0.075864,
          -0.969031,
          3.138785
        ],
        [
          0.971967,
          -0.010647,
          0.234874,
          3.357916
        ],
        [
          0.007501,
          -0.997061,
          -0.07624,
          1.54084
        ],
        [
          0.0,
          0.0,
          0.0,
          1.0
        ]
      ]
    },
    {
      "file_path": "/media/NFS/ttao/scannet/posed_images/scene0353_01/00570.jpg",
      "transform_matrix": [
        [
          0.236852,
          0.080731,
          -0.968186,
          3.131614
        ],
        [
          0.971296,
          0.002911,
          0.237855,
          3.366169
        ],
        [
          0.02202,
          -0.996732,
          -0.077724,
          1.55463
        ],
        [
          0.0,
          0.0,
          0.0,
          1.0
        ]
      ]
    },
    {
      "file_path": "/media/NFS/ttao/scannet/posed_images/scene0353_01/00577.jpg",
      "transform_matrix": [
        [
          0.271305,
          0.076775,
          -0.959427,
          3.122772
        ],
        [
          0.962363,
          -0.00521,
          0.271718,
          3.377244
        ],
        [
          0.015863,
          -0.997035,
          -0.075298,
          1.572784
        ],
        [
          0.0,
          0.0,
          0.0,
          1.0
        ]
      ]
    },
    {
      "file_path": "/media/NFS/ttao/scannet/posed_images/scene0353_01/00589.jpg",
      "transform_matrix": [
        [
          0.241729,
          0.047235,
          -0.969193,
          3.131642
        ],
        [
          0.96994,
          0.017065,
          0.242747,
          3.380367
        ],
        [
          0.028005,
          -0.998738,
          -0.04169,
          1.60158
        ],
        [
          0.0,
          0.0,
          0.0,
          1.0
        ]
      ]
    },
    {
      "file_path": "/media/NFS/ttao/scannet/posed_images/scene0353_01/00593.jpg",
      "transform_matrix": [
        [
          0.234576,
          0.056728,
          -0.970441,
          3.13372
        ],
        [
          0.971642,
          0.016887,
          0.235853,
          3.38365
        ],
        [
          0.029767,
          -0.998247,
          -0.051158,
          1.610728
        ],
        [
          0.0,
          0.0,
          0.0,
          1.0
        ]
      ]
    },
    {
      "file_path": "/media/NFS/ttao/scannet/posed_images/scene0353_01/00603.jpg",
      "transform_matrix": [
        [
          0.220863,
          0.101091,
          -0.970051,
          3.123811
        ],
        [
          0.974139,
          0.025755,
          0.224477,
          3.402564
        ],
        [
          0.047676,
          -0.994544,
          -0.092789,
          1.647982
        ],
        [
