{
  "frames": [
    {
      "file_path": "/media/NFS/ttao/scannet/posed_images/scene0064_00/00000.jpg",
      "transform_matrix": [
        [
          0.999403,
          0.004498,
          0.03425,
          2.393484
        ],
        [
          -0.034232,
          -0.004158,
          0.999405,
          5.775056
        ],
        [
          0.004638,
          -0.999981,
          -0.004001,
          1.371464
        ],
        [
          0.0,
          0.0,
          0.0,
          1.0
        ]
      ]
    },
    {
      "file_path": "/media/NFS/ttao/scannet/posed_images/scene0064_00/00004.jpg",
      "transform_matrix": [
        [
          0.994982,
          0.000179,
          0.100051,
          2.304385
        ],
        [
          -0.099963,
          0.043922,
          0.994021,
          5.780403
        ],
        [
          -0.004216,
          -0.999035,
          0.043719,
          1.335008
        ],
        [
          0.0,
          0.0,
          0.0,
          1.0
        ]
      ]
    },
    {
      "file_path": "/media/NFS/ttao/scannet/posed_images/scene0064_00/00010.jpg",
      "transform_matrix": [
        [
          0.987054,
          0.003401,
          0.160355,
          2.208927
        ],
        [
          -0.160315,
          0.051675,
          0.985712,
          5.783521
        ],
        [
          -0.004934,
          -0.998658,
          0.051551,
          1.385086
        ],
        [
          0.0,
          0.0,
          0.0,
          1.0
        ]
      ]
    },
    {
      "file_path": "/media/NFS/ttao/scannet/posed_images/scene0064_00/00012.jpg",
      "transform_matrix": [
        [
          0.984364,
          0.010508,
          0.175831,
          2.189705
        ],
        [
          -0.176144,
          0.057878,
          0.982661,
          5.789366
        ],
        [
          0.000149,
          -0.998268,
          0.058824,
          1.360284
        ],
        [
          0.0,
          0.0,
          0.0,
          1.0
        ]
      ]
    },
    {
      "file_path": "/media/NFS/ttao/scannet/posed_images/scene0064_00/00018.jpg",
      "transform_matrix": [
        [
          0.978414,
          0.010112,
          0.206409,
          2.163383
        ],
        [
          -0.206649,
          0.039791,
          0.977606,
          5.798119
        ],
        [
          0.001672,
          -0.999157,
          0.041022,
          1.372004
        ],
        [
          0.0,
          0.0,
          0.0,
          1.0
        ]
      ]
    },
    {
      "file_path": "/media/NFS/ttao/scannet/posed_images/scene0064_00/00019.jpg",
      "transform_matrix": [
        [
          0.977417,
          0.010741,
          0.211049,
          2.158734
        ],
        [
          -0.211309,
          0.03862,
          0.976656,
          5.796843
        ],
        [
          0.00234,
          -0.999196,
          0.040018,
          1.374202
        ],
        [
          0.0,
          0.0,
          0.0,
          1.0
        ]
      ]
    },
    {
      "file_path": "/media/NFS/ttao/scannet/posed_images/scene0064_00/00023.jpg",
      "transform_matrix": [
        [
          0.969418,
          0.008261,
          0.245278,
          2.120913
        ],
        [
          -0.245414,
          0.027288,
          0.969035,
          5.800786
        ],
        [
          0.001312,
          -0.999594,
          0.028481,
          1.375665
        ],
        [
          0.0,
          0.0,
          0.0,
          1.0
        ]
      ]
    },
    {
      "file_path": "/media/NFS/ttao/scannet/posed_images/scene0064_00/00030.jpg",
      "transform_matrix": [
        [
          0.96465,
          -0.014461,
          0.26314,
          2.184067
        ],
        [
          -0.263387,
          -0.01931,
          0.964497,
          5.777438
        ],
        [
          -0.008866,
          -0.999709,
          -0.022437,
          1.381732
        ],
        [
          0.0,
          0.0,
          0.0,
          1.0
        ]
      ]
    },
    {
      "file_path": "/media/NFS/ttao/scannet/posed_images/scene0064_00/00033.jpg",
      "transform_matrix": [
        [
          0.962227,
          -0.020374,
          0.271485,
          2.192271
        ],
        [
          -0.272035,
          -0.032444,
          0.961741,
          5.779123
        ],
        [
          -0.010787,
          -0.999266,
          -0.036761,
          1.379203
        ],
        [
          0.0,
          0.0,
          0.0,
          1.0
        ]
      ]
    },
    {
      "file_path": "/media/NFS/ttao/scannet/posed_images/scene0064_00/00039.jpg",
      "transform_matrix": [
        [
          0.954398,
          -0.029356,
          0.297091,
          2.164654
        ],
        [
          -0.29849,
          -0.076013,
          0.951381,
          5.78858
        ],
        [
          -0.005346,
          -0.996675,
          -0.081309,
          1.35054
        ],
        [
          0.0,
          0.0,
          0.0,
          1.0
        ]
      ]
    },
    {
      "file_path": "/media/NFS/ttao/scannet/posed_images/scene0064_00/00040.jpg",
      "transform_matrix": [
        [
          0.94866,
          -0.035583,
          0.314289,
          2.1069
        ],
        [
          -0.316254,
          -0.09049,
          0.944349,
          5.812678
        ],
        [
          -0.005163,
          -0.995262,
          -0.097098,
          1.368694
        ],
        [
          0.0,
          0.0,
          0.0,
          1.0
        ]
      ]
    },
    {
      "file_path": "/media/NFS/ttao/scannet/posed_images/scene0064_00/00045.jpg",
      "transform_matrix": [
        [
          0.943465,
          -0.042735,
          0.328705,
          2.100179
        ],
        [
          -0.331469,
          -0.124661,
          0.935194,
          5.818511
        ],
        [
          0.001011,
          -0.991279,
          -0.131779,
          1.379625
        ],
        [
          0.0,
          0.0,
          0.0,
          1.0
        ]
      ]
    },
    {
      "file_path": "/media/NFS/ttao/scannet/posed_images/scene0064_00/00049.jpg",
      "transform_matrix": [
        [
          0.942833,
          -0.037743,
          0.33112,
          2.093883
        ],
        [
          -0.333233,
          -0.120344,
          0.935133,
          5.815103
        ],
        [
          0.004553,
          -0.992015,
          -0.126041,
          1.377698
        ],
        [
          0.0,
          0.0,
          0.0,
          1.0
        ]
      ]
    },
    {
      "file_path": "/media/NFS/ttao/scannet/posed_images/scene0064_00/00052.jpg",
      "transform_matrix": [
        [
          0.940982,
          -0.033987,
          0.336746,
          2.087016
        ],
        [
          -0.338324,
          -0.122299,
          0.933049,
          5.817705
        ],
        [
          0.009473,
          -0.991911,
          -0.126579,
          1.376192
        ],
        [
          0.0,
          0.0,
          0.0,
          1.0
        ]
      ]
    },
    {
      "file_path": "/media/NFS/ttao/scannet/posed_images/scene0064_00/00057.jpg",
      "transform_matrix": [
        [
          0.935887,
          -0.047887,
          0.34903,
          2.083778
        ],
        [
          -0.352291,
          -0.120348,
          0.928121,
          5.814187
        ],
        [
          -0.00244,
          -0.991576,
          -0.129502,
          1.370763
        ],
        [
          0.0,
          0.0,
          0.0,
          1.0
        ]
      ]
    },
    {
      "file_path": "/media/NFS/ttao/scannet/posed_images/scene0064_00/00059.jpg",
      "transform_matrix": [
        [
          0.933465,
          -0.04719,
          0.355551,
          2.073653
        ],
        [
          -0.358668,
          -0.124579,
          0.925115,
          5.814473
        ],
        [
          0.000637,
          -0.991087,
          -0.133216,
          1.366754
        ],
        [
          0.0,
          0.0,
          0.0,
          1.0
        ]
      ]
    },
    {
      "file_path": "/media/NFS/ttao/scannet/posed_images/scene0064_00/00066.jpg",
      "transform_matrix": [
        [
          0.91866,
          -0.063666,
          0.389885,
          2.036324
        ],
        [
          -0.394956,
          -0.126621,
          0.909932,
          5.822958
        ],
        [
          -0.008564,
          -0.989906,
          -0.141467,
          1.37639
        ],
        [
          0.0,
          0.0,
          0.0,
          1.0
        ]
      ]
    },
    {
      "file_path": "/media/NFS/ttao/scannet/posed_images/scene0064_00/00070.jpg",
      "transform_matrix": [
        [
          0.897362,
          -0.070218,
          0.435673,
          1.937947
        ],
        [
          -0.441197,
          -0.121956,
          0.889085,
          5.877795
        ],
        [
          -0.009296,
          -0.990049,
          -0.140418,
          1.380937
        ],
        [
          0.0,
          0.0,
          0.0,
          1.0
        ]
      ]
    },
    {
      "file_path": "/media/NFS/ttao/scannet/posed_images/scene0064_00/00071.jpg",
      "transform_matrix": [
        [
          0.895186,
          -0.072796,
          0.439707,
          1.937789
        ],
        [
          -0.44554,
          -0.120418,
          0.887127,
          5.87616
        ],
        [
          -0.01163,
          -0.990051,
          -0.14023,
          1.376015
        ],
        [
          0.0,
          0.0,
          0.0,
          1.0
        ]
      ]
    },
    {
      "file_path": "/media/NFS/ttao/scannet/posed_images/scene0064_00/00078.jpg",
      "transform_matrix": [
        [
          0.869516,
          -0.108977,
          0.481732,
          1.909956
        ],
        [
          -0.49331,
          -0.143816,
          0.857882,
          5.884297
        ],
        [
          -0.024209,
          -0.983586,
          -0.17881,
          1.35855
        ],
        [
          0.0,
          0.0,
          0.0,
          1.0
        ]
      ]
    },
    {
      "file_path": "/media/NFS/ttao/scannet/posed_images/scene0064_00/00082.jpg",
      "transform_matrix": [
        [
          0.851408,
          -0.128911,
          0.508416,
          1.905155
        ],
        [
          -0.523713,
          -0.15572,
          0.837542,
          5.896423
        ],
        [
          -0.028798,
          -0.979354,
          -0.200094,
          1.363255
        ],
        [
          0.0,
          0.0,
          0.0,
          1.0
        ]
      ]
    },
    {
      "file_path": "/media/NFS/ttao/scannet/posed_images/scene0064_00/00087.jpg",
      "transform_matrix": [
        [
          0.829934,
          -0.152133,
          0.536717,
          1.898116
        ],
        [
          -0.556766,
          -0.165625,
          0.81399,
          5.898052
        ],
        [
          -0.034941,
          -0.974384,
          -0.22216,
          1.357427
        ],
        [
          0.0,
          0.0,
          0.0,
          1.0
        ]
      ]
    },
    {
      "file_path": "/media/NFS/ttao/scannet/posed_images/scene0064_00/00088.jpg",
      "transform_matrix": [
        [
          0.825707,
          -0.156322,
          0.542007,
          1.898197
        ],
        [
          -0.562979,
          -0.167834,
          0.80925,
          5.902326
        ],
        [
          -0.035537,
          -0.973342,
          -0.226588,
          1.357386
        ],
        [
          0.0,
          0.0,
          0.0,
          1.0
        ]
      ]
    },
    {
      "file_path": "/media/NFS/ttao/scannet/posed_images/scene0064_00/00094.jpg",
      "transform_matrix": [
        [
          0.805726,
          -0.179812,
          0.564334,
          1.902636
        ],
        [
          -0.590961,
          -0.18032,
          0.786288,
          5.900925
        ],
        [
          -0.039623,
          -0.967033,
          -0.251551,
          1.347654
        ],
        [
          0.0,
          0.0,
          0.0,
          1.0
        ]
      ]
    },
    {
      "file_path": "/media/NFS/ttao/scannet/posed_images/scene0064_00/00099.jpg",
      "transform_matrix": [
        [
          0.779106,
          -0.206627,
          0.59186,
          1.921685
        ],
        [
          -0.624878,
          -0.180348,
          0.759607,
          5.911294
        ],
        [
          -0.050215,
          -0.961655,
          -0.269627,
          1.348738
        ],
        [
          0.0,
          0.0,
          0.0,
          1.0
        ]
      ]
    },
    {
      "file_path": "/media/NFS/ttao/scannet/posed_images/scene0064_00/00100.jpg",
      "transform_matrix": [
        [
          0.770407,
          -0.208191,
          0.602602,
          1.91969
        ],
        [
          -0.635776,
          -0.180367,
          0.750504,
          5.922389
        ],
        [
          -0.047559,
          -0.961314,
          -0.271319,
          1.350479
        ],
        [
          0.0,
          0.0,
          0.0,
          1.0
        ]
      ]
    },
    {
      "file_path": "/media/NFS/ttao/scannet/posed_images/scene0064_00/00106.jpg",
      "transform_matrix": [
        [
          0.737028,
          -0.243732,
          0.630384,
          1.947219
        ],
        [
          -0.672835,
          -0.176428,
          0.718447,
          5.935333
        ],
        [
          -0.06389,
          -0.95366,
          -0.294024,
          1.356908
        ],
        [
          0.0,
          0.0,
          0.0,
          1.0
        ]
      ]
    },
    {
      "file_path": "/media/NFS/ttao/scannet/posed_images/scene0064_00/00107.jpg",
      "transform_matrix": [
        [
          0.733534,
          -0.246819,
          0.633253,
          1.954152
        ],
        [
          -0.676365,
          -0.173563,
          0.715825,
          5.932519
        ],
        [
          -0.06677,
          -0.953392,
          -0.294254,
          1.360539
        ],
        [
          0.0,
          0.0,
          0.0,
          1.0
        ]
      ]
    },
    {
      "file_path": "/media/NFS/ttao/scannet/posed_images/scene0064_00/00114.jpg",
      "transform_matrix": [
        [
          0.700057,
          -0.255176,
          0.666938,
          1.998747
        ],
        [
          -0.708959,
          -0.13663,
          0.691889,
          5.944114
        ],
        [
          -0.085429,
          -0.957193,
          -0.276558,
          1.379642
        ],
        [
          0.0,
          0.0,
          0.0,
          1.0
        ]
      ]
    },
    {
      "file_path": "/media/NFS/ttao/scannet/posed_images/scene0064_00/00118.jpg",
      "transform_matrix": [
        [
          0.686246,
          -0.254263,
          0.681481,
          2.018149
        ],
        [
          -0.721445,
          -0.118598,
          0.68224,
          5.947593
        ],
        [
          -0.092646,
          -0.959836,
          -0.264824,
          1.381379
        ],
        [
          0.0,
          0.0,
          0.0,
          1.0
        ]
      ]
    },
    {
      "file_path": "/media/NFS/ttao/scannet/posed_images/scene0064_00/00119.jpg",
      "transform_matrix": [
        [
          0.68365,
          -0.255327,
          0.683689,
          2.023371
        ],
        [
          -0.723877,
          -0.118025,
          0.679759,
          5.947779
        ],
        [
          -0.092869,
          -0.959624,
          -0.265513,
          1.383242
        ],
        [
          0.0,
          0.0,
          0.0,
          1.0
        ]
      ]
    },
    {
      "file_path": "/media/NFS/ttao/scannet/posed_images/scene0064_00/00124.jpg",
      "transform_matrix": [
        [
          0.657925,
          -0.25101,
          0.71002,
          2.047849
        ],
        [
          -0.747522,
          -0.103307,
          0.656154,
          5.949641
        ],
        [
          -0.091352,
          -0.962456,
          -0.255604,
          1.388395
        ],
        [
          0.0,
          0.0,
          0.0,
          1.0
        ]
      ]
    },
    {
      "file_path": "/media/NFS/ttao/scannet/posed_images/scene0064_00/00130.jpg",
      "transform_matrix": [
        [
          0.60701,
          -0.261028,
          0.750602,
          2.058431
        ],
        [
          -0.789482,
          -0.090067,
          0.60713,
          5.935593
        ],
        [
          -0.090873,
          -0.96112,
          -0.260748,
          1.40076
        ],
        [
          0.0,
          0.0,
          0.0,
          1.0
        ]
      ]
    },
    {
      "file_path": "/media/NFS/ttao/scannet/posed_images/scene0064_00/00131.jpg",
      "transform_matrix": [
        [
          0.59606,
          -0.261889,
          0.75903,
          2.055589
        ],
        [
          -0.797775,
          -0.086111,
          0.596775,
          5.935276
        ],
        [
          -0.090928,
          -0.961249,
          -0.260256,
          1.395991
        ],
        [
          0.0,
          0.0,
          0.0,
          1.0
        ]
      ]
    },
    {
      "file_path": "/media/NFS/ttao/scannet/posed_images/scene0064_00/00136.jpg",
      "transform_matrix": [
        [
          0.500776,
          -0.28984,
          0.815608,
          2.021729
        ],
        [
          -0.859034,
          -0.050783,
          0.509393,
          5.956657
        ],
        [
          -0.106223,
          -0.955727,
          -0.274413,
          1.397069
        ],
        [
          0.0,
          0.0,
          0.0,
          1.0
        ]
      ]
    },
    {
      "file_path": "/media/NFS/ttao/scannet/posed_images/scene0064_00/00141.jpg",
      "transform_matrix": [
        [
          0.41844,
          -0.306041,
          0.85513,
          1.999797
        ],
        [
          -0.902073,
          -0.03047,
          0.430506,
          5.966802
        ],
        [
          -0.105697,
          -0.951531,
          -0.288821,
          1.388212
        ],
        [
          0.0,
          0.0,
          0.0,
          1.0
        ]
      ]
    },
    {
      "file_path": "/media/NFS/ttao/scannet/posed_images/scene0064_00/00145.jpg",
      "transform_matrix": [
        [
          0.37244,
          -0.320443,
          0.870979,
          1.961177
        ],
        [
          -0.921479,
          -0.016146,
          0.388093,
          5.993127
        ],
        [
          -0.110299,
          -0.94713,
          -0.301295,
          1.383065
        ],
        [
          0.0,
          0.0,
          0.0,
          1.0
        ]
      ]
    },
    {
      "file_path": "/media/NFS/ttao/scannet/posed_images/scene0064_00/00148.jpg",
      "transform_matrix": [
        [
          0.332478,
          -0.329045,
          0.883849,
          1.926316
        ],
        [
          -0.937349,
          -0.011851,
          0.348191,
          6.010788
        ],
        [
          -0.104096,
          -0.94424,
          -0.31237,
          1.369165
        ],
        [
          0.0,
          0.0,
          0.0,
          1.0
        ]
      ]
    },
    {
      "file_path": "/media/NFS/ttao/scannet/posed_images/scene0064_00/00152.jpg",
      "transform_matrix": [
        [
          0.293318,
          -0.363414,
          0.884248,
          1.891305
        ],
        [
          -0.951011,
          -0.016404,
          0.308723,
          6.009811
        ],
        [
          -0.097689,
          -0.931484,
          -0.350422,
          1.362661
        ],
        [
          0.0,
          0.0,
          0.0,
          1.0
        ]
      ]
    },
    {
      "file_path": "/media/NFS/ttao/scannet/posed_images/scene0064_00/00159.jpg",
      "transform_matrix": [
        [
          0.220255,
          -0.412481,
          0.883938,
          1.848079
        ],
        [
          -0.969311,
          0.008895,
          0.245678,
          6.018613
        ],
        [
          -0.1092,
          -0.910923,
          -0.397863,
          1.351929
        ],
        [
          0.0,
          0.0,
          0.0,
          1.0
        ]
      ]
    },
    {
      "file_path": "/media/NFS/ttao/scannet/posed_images/scene0064_00/00160.jpg",
      "transform_matrix": [
        [
          0.208575,
          -0.416375,
          0.884946,
          1.840415
        ],
        [
          -0.971286,
          0.017709,
          0.237257,
          6.03324
        ],
        [
          -0.114459,
          -0.909021,
          -0.400725,
          1.350672
        ],
        [
          0.0,
          0.0,
          0.0,
          1.0
        ]
      ]
    },
    {
      "file_path": "/media/NFS/ttao/scannet/posed_images/scene0064_00/00165.jpg",
      "transform_matrix": [
        [
          0.17815,
          -0.434016,
          0.883116,
          1.818819
        ],
        [
          -0.975925,
          0.036834,
          0.214975,
          6.02823
        ],
        [
          -0.125831,
          -0.900152,
          -0.417005,
          1.341274
        ],
        [
          0.0,
          0.0,
          0.0,
          1.0
        ]
      ]
    },
    {
      "file_path": "/media/NFS/ttao/scannet/posed_images/scene0064_00/00171.jpg",
      "transform_matrix": [
        [
          0.126462,
          -0.472808,
          0.872044,
          1.820537
        ],
        [
          -0.982086,
          0.064122,
          0.177186,
          6.0069
        ],
        [
          -0.139692,
          -0.87883,
          -0.456229,
          1.347193
        ],
        [
          0.0,
          0.0,
          0.0,
          1.0
        ]
      ]
    },
    {
      "file_path": "/media/NFS/ttao/scannet/posed_images/scene0064_00/00172.jpg",
      "transform_matrix": [
        [
          0.115897,
          -0.473254,
          0.873269,
          1.821877
        ],
        [
          -0.983245,
          0.069883,
          0.168364,
          6.002192
        ],
        [
          -0.140706,
          -0.87815,
          -0.457225,
          1.348679
        ],
        [
          0.0,
          0.0,
          0.0,
          1.0
        ]
      ]
    },
    {
      "file_path": "/media/NFS/ttao/scannet/posed_images/scene0064_00/00178.jpg",
      "transform_matrix": [
        [
          0.070301,
          -0.447149,
          0.891693,
          1.820324
        ],
        [
          -0.987182,
          0.097211,
          0.126578,
          5.970693
        ],
        [
          -0.143282,
          -0.889161,
          -0.434583,
          1.353857
        ],
        [
          0.0,
          0.0,
          0.0,
          1.0
        ]
      ]
    },
    {
      "file_path": "/media/NFS/ttao/scannet/posed_images/scene0064_00/00183.jpg",
      "transform_matrix": [
        [
          0.055643,
          -0.42903,
          0.901575,
          1.802949
        ],
        [
          -0.987275,
          0.111081,
          0.113792,
          5.939084
        ],
        [
          -0.148968,
          -0.896435,
          -0.417389,
          1.359097
        ],
        [
          0.0,
          0.0,
          0.0,
          1.0
        ]
      ]
    },
    {
      "file_path": "/media/NFS/ttao/scannet/posed_images/scene0064_00/00184.jpg",
      "transform_matrix": [
        [
          0.051666,
          -0.432759,
          0.900028,
          1.801924
        ],
        [
          -0.987611,
          0.111578,
          0.110343,
          5.927083
        ],
        [
          -0.148176,
          -0.894578,
          -0.421632,
          1.361168
        ],
        [
          0.0,
          0.0,
          0.0,
          1.0
        ]
      ]
    },
    {
      "file_path": "/media/NFS/ttao/scannet/posed_images/scene0064_00/00190.jpg",
      "transform_matrix": [
        [
          0.001875,
          -0.417049,
          0.908882,
          1.78966
        ],
        [
          -0.986814,
          0.146332,
          0.069182,
          5.846339
        ],
        [
          -0.16185,
          -0.897027,
          -0.411275,
          1.369577
        ],
        [
          0.0,
          0.0,
          0.0,
          1.0
        ]
      ]
    },
    {
      "file_path": "/media/NFS/ttao/scannet/posed_images/scene0064_00/00194.jpg",
      "transform_matrix": [
        [
          -0.061557,
          -0.409166,
          0.910381,
          1.789284
        ],
        [
          -0.983908,
          0.178164,
          0.013546,
          5.802236
        ],
        [
          -0.16774,
          -0.894897,
          -0.413549,
          1.371162
        ],
        [
          0.0,
          0.0,
          0.0,
          1.0
        ]
      ]
    },
    {
      "file_path": "/media/NFS/ttao/scannet/posed_images/scene0064_00/00196.jpg",
      "transform_matrix": [
        [
          -0.079451,
          -0.403,
          0.911745,
          1.784566
        ],
        [
          -0.981684,
          0.190513,
          -0.001337,
          5.781453
        ],
        [
          -0.17316,
          -0.895151,
          -0.410755,
          1.369645
        ],
        [
          0.0,
          0.0,
          0.0,
          1.0
        ]
      ]
    },
    {
      "file_path": "/media/NFS/ttao/scannet/posed_images/scene0064_00/00200.jpg",
      "transform_matrix": [
        [
          -0.105969,
          -0.387334,
          0.915829,
          1.779468
        ],
        [
          -0.978551,
          0.20425,
          -0.026842,
          5.734024
        ],
        [
          -0.176661,
          -0.89903,
          -0.40067,
          1.367
        ],
        [
          0.0,
          0.0,
          0.0,
          1.0
        ]
      ]
    },
    {
      "file_path": "/media/NFS/ttao/scannet/posed_images/scene0064_00/00205.jpg",
      "transform_matrix": [
        [
          -0.150949,
          -0.365677,
          0.91842,
          1.769287
        ],
        [
          -0.972579,
          0.221223,
          -0.071768,
          5.689439
        ],
        [
          -0.176931,
          -0.904069,
          -0.389043,
          1.361273
        ],
        [
          0.0,
          0.0,
          0.0,
          1.0
        ]
      ]
    },
    {
      "file_path": "/media/NFS/ttao/scannet/posed_images/scene0064_00/00208.jpg",
      "transform_matrix": [
        [
          -0.176393,
          -0.357515,
          0.917098,
          1.765269
        ],
        [
          -0.969312,
          0.225168,
          -0.098658,
          5.667868
        ],
        [
          -0.171229,
          -0.906357,
          -0.386262,
          1.355068
        ],
        [
          0.0,
          0.0,
          0.0,
          1.0
        ]
      ]
    },
    {
      "file_path": "/media/NFS/ttao/scannet/posed_images/scene0064_00/00214.jpg",
      "transform_matrix": [
        [
          -0.225784,
          -0.359544,
          0.9054,
          1.76783
        ],
        [
          -0.95701,
          0.255574,
          -0.137163,
          5.630327
        ],
        [
          -0.182081,
          -0.897446,
          -0.401792,
          1.355724
        ],
        [
          0.0,
          0.0,
          0.0,
          1.0
        ]
      ]
    },
    {
      "file_path": "/media/NFS/ttao/scannet/posed_images/scene0064_00/00218.jpg",
      "transform_matrix": [
        [
          -0.251219,
          -0.351406,
          0.901889,
          1.779867
        ],
        [
          -0.94867,
          0.274345,
          -0.157355,
          5.618679
        ],
        [
          -0.192133,
          -0.895125,
          -0.402289,
          1.357856
        ],
        [
          0.0,
          0.0,
          0.0,
          1.0
        ]
      ]
    },
    {
      "file_path": "/media/NFS/ttao/scannet/posed_images/scene0064_00/00221.jpg",
      "transform_matrix": [
        [
          -0.257566,
          -0.341362,
          0.903953,
          1.77607
        ],
        [
          -0.943865,
          0.289133,
          -0.159753,
          5.557737
        ],
        [
          -0.206829,
          -0.894357,
          -0.396671,
          1.352375
        ],
        [
          0.0,
          0.0,
          0.0,
          1.0
        ]
      ]
    },
    {
      "file_path": "/media/NFS/ttao/scannet/posed_images/scene0064_00/00225.jpg",
      "transform_matrix": [
        [
          -0.294034,
          -0.317064,
          0.901673,
          1.805274
        ],
        [
          -0.932017,
          0.304229,
          -0.19695,
          5.548486
        ],
        [
          -0.211869,
          -0.898285,
          -0.384963,
          1.354396
        ],
        [
          0.0,
          0.0,
          0.0,
          1.0
        ]
      ]
    },
    {
      "file_path": "/media/NFS/ttao/scannet/posed_images/scene0064_00/00231.jpg",
      "transform_matrix": [
        [
          -0.359984,
          -0.282121,
          0.88928,
          1.861999
        ],
        [
          -0.911217,
          0.310898,
          -0.270233,
          5.528826
        ],
        [
          -0.200237,
          -0.907607,
          -0.368992,
          1.384067
        ],
        [
          0.0,
          0.0,
          0.0,
          1.0
        ]
      ]
    },
    {
      "file_path": "/media/NFS/ttao/scannet/posed_images/scene0064_00/00235.jpg",
      "transform_matrix": [
        [
          -0.397392,
          -0.256579,
          0.881049,
          1.914961
        ],
        [
          -0.897363,
          0.30942,
          -0.314641,
          5.530069
        ],
        [
          -0.191884,
          -0.915657,
          -0.353205,
          1.395827
        ],
        [
          0.0,
          0.0,
          0.0,
          1.0
        ]
      ]
    },
    {
      "file_path": "/media/NFS/ttao/scannet/posed_images/scene0064_00/00239.jpg",
      "transform_matrix": [
        [
          -0.45398,
          -0.22643,
          0.861761,
          1.959681
        ],
        [
          -0.872804,
          0.307536,
          -0.378991,
          5.51992
        ],
        [
          -0.179207,
          -0.924203,
          -0.337244,
          1.399889
        ],
        [
          0.0,
          0.0,
          0.0,
          1.0
        ]
      ]
    },
    {
      "file_path": "/media/NFS/ttao/scannet/posed_images/scene0064_00/00243.jpg",
      "transform_matrix": [
        [
          -0.529551,
          -0.216052,
          0.820303,
          1.996896
        ],
        [
          -0.826236,
          0.350383,
          -0.441096,
          5.48136
        ],
        [
          -0.19212,
          -0.911347,
          -0.364055,
          1.42811
        ],
        [
          0.0,
          0.0,
          0.0,
          1.0
        ]
      ]
    },
    {
      "file_path": "/media/NFS/ttao/scannet/posed_images/scene0064_00/00245.jpg",
      "transform_matrix": [
        [
          -0.566214,
          -0.202219,
          0.799067,
          2.011243
        ],
        [
          -0.801432,
          0.36163,
          -0.476372,
          5.486031
        ],
        [
          -0.192635,
          -0.910127,
          -0.366825,
          1.417975
        ],
        [
          0.0,
          0.0,
          0.0,
          1.0
        ]
      ]
    },
    {
      "file_path": "/media/NFS/ttao/scannet/posed_images/scene0064_00/00251.jpg",
      "transform_matrix": [
        [
          -0.658579,
          -0.215076,
          0.721121,
          2.043759
        ],
        [
          -0.732692,
          0.401759,
          -0.549321,
          5.428518
        ],
        [
          -0.171571,
          -0.89013,
          -0.422174,
          1.413935
        ],
        [
          0.0,
          0.0,
          0.0,
          1.0
        ]
      ]
    },
    {
      "file_path": "/media/NFS/ttao/scannet/posed_images/scene0064_00/00252.jpg",
      "transform_matrix": [
        [
          -0.672621,
          -0.210671,
          0.709365,
          2.051268
        ],
        [
          -0.720509,
          0.404947,
          -0.562925,
          5.429338
        ],
        [
          -0.168663,
          -0.889739,
          -0.424166,
          1.410836
        ],
        [
          0.0,
          0.0,
          0.0,
          1.0
        ]
      ]
    },
    {
      "file_path": "/media/NFS/ttao/scannet/posed_images/scene0064_00/00259.jpg",
      "transform_matrix": [
        [
          -0.753539,
          -0.186457,
          0.630408,
          2.09105
        ],
        [
          -0.638906,
          0.433587,
          -0.635454,
          5.379286
        ],
        [
          -0.154851,
          -0.88161,
          -0.445853,
          1.414613
        ],
        [
          0.0,
          0.0,
          0.0,
          1.0
        ]
      ]
    },
    {
      "file_path": "/media/NFS/ttao/scannet/posed_images/scene0064_00/00260.jpg",
      "transform_matrix": [
        [
          -0.756225,
          -0.186662,
          0.627121,
          2.083664
        ],
        [
          -0.636325,
          0.432986,
          -0.638446,
          5.351846
        ],
        [
          -0.152361,
          -0.881862,
          -0.446213,
          1.413432
        ],
        [
          0.0,
          0.0,
          0.0,
          1.0
        ]
      ]
    },
    {
      "file_path": "/media/NFS/ttao/scannet/posed_images/scene0064_00/00265.jpg",
      "transform_matrix": [
        [
          -0.786161,
          -0.165908,
          0.595336,
          2.091981
        ],
        [
          -0.598989,
          0.441766,
          -0.667874,
          5.3036
        ],
        [
          -0.152194,
          -0.881656,
          -0.446677,
          1.414046
        ],
        [
          0.0,
          0.0,
          0.0,
          1.0
        ]
      ]
    },
    {
      "file_path": "/media/NFS/ttao/scannet/posed_images/scene0064_00/00269.jpg",
      "transform_matrix": [
        [
          -0.805795,
          -0.152152,
          0.572315,
          2.092647
        ],
        [
          -0.57097,
          0.45603,
          -0.682664,
          5.255568
        ],
        [
          -0.157124,
          -0.876862,
          -0.454341,
          1.423374
        ],
        [
          0.0,
          0.0,
          0.0,
          1.0
        ]
      ]
    },
    {
      "file_path": "/media/NFS/ttao/scannet/posed_images/scene0064_00/00272.jpg",
      "transform_matrix": [
        [
          -0.814399,
          -0.130346,
          0.565478,
          2.075186
        ],
        [
          -0.555098,
          0.459064,
          -0.693633,
          5.210859
        ],
        [
          -0.169178,
          -0.878789,
          -0.446216,
          1.425782
        ],
        [
          0.0,
          0.0,
          0.0,
          1.0
        ]
      ]
    },
    {
      "file_path": "/media/NFS/ttao/scannet/posed_images/scene0064_00/00277.jpg",
      "transform_matrix": [
        [
          -0.840146,
          -0.117474,
          0.529486,
          2.053658
        ],
        [
          -0.516255,
          0.472452,
          -0.714332,
          5.156234
        ],
        [
          -0.166242,
          -0.873492,
          -0.457575,
          1.413784
        ],
        [
          0.0,
          0.0,
          0.0,
          1.0
        ]
      ]
    },
    {
      "file_path": "/media/NFS/ttao/scannet/posed_images/scene0064_00/00281.jpg",
      "transform_matrix": [
        [
          -0.865158,
          -0.101787,
          0.491062,
          2.027829
        ],
        [
          -0.470918,
          0.501595,
          -0.725699,
          5.114397
        ],
        [
          -0.172447,
          -0.859094,
          -0.481892,
          1.402003
        ],
        [
          0.0,
          0.0,
          0.0,
          1.0
        ]
      ]
    },
    {
      "file_path": "/media/NFS/ttao/scannet/posed_images/scene0064_00/00287.jpg",
      "transform_matrix": [
        [
          -0.899789,
          -0.079157,
          0.429086,
          2.024205
        ],
        [
          -0.407177,
          0.505741,
          -0.760548,
          5.057221
        ],
        [
          -0.156804,
          -0.859046,
          -0.487291,
          1.402733
        ],
        [
          0.0,
          0.0,
          0.0,
          1.0
        ]
      ]
    },
    {
      "file_path": "/media/NFS/ttao/scannet/posed_images/scene0064_00/00290.jpg",
      "transform_matrix": [
        [
          -0.909491,
          -0.078746,
          0.408198,
          2.034791
        ],
        [
          -0.388194,
          0.512239,
          -0.766105,
          5.026356
        ],
        [
          -0.148767,
          -0.855226,
          -0.496445,
          1.399177
        ],
        [
          0.0,
          0.0,
          0.0,
          1.0
        ]
      ]
    },
    {
      "file_path": "/media/NFS/ttao/scannet/posed_images/scene0064_00/00295.jpg",
      "transform_matrix": [
        [
          -0.916342,
          -0.087065,
          0.390817,
          2.035398
        ],
        [
          -0.378732,
          0.505194,
          -0.775462,
          4.971657
        ],
        [
          -0.129922,
          -0.858603,
          -0.495904,
          1.384329
        ],
        [
          0.0,
          0.0,
          0.0,
          1.0
        ]
      ]
    },
    {
      "file_path": "/media/NFS/ttao/scannet/posed_images/scene0064_00/00296.jpg",
      "transform_matrix": [
        [
          -0.916315,
          -0.093335,
          0.38943,
          2.035532
        ],
        [
          -0.3803,
          0.507465,
          -0.773209,
          4.957654
        ],
        [
          -0.125455,
          -0.856603,
          -0.500493,
          1.383226
        ],
        [
          0.0,
          0.0,
          0.0,
          1.0
        ]
      ]
    },
    {
      "file_path": "/media/NFS/ttao/scannet/posed_images/scene0064_00/00300.jpg",
      "transform_matrix": [
        [
          -0.916743,
          -0.137584,
          0.375037,
          2.032962
        ],
        [
          -0.39254,
          0.484454,
          -0.781803,
          4.897161
        ],
        [
          -0.074125,
          -0.86393,
          -0.498127,
          1.370453
        ],
        [
          0.0,
          0.0,
          0.0,
          1.0
        ]
      ]
    },
    {
      "file_path": "/media/NFS/ttao/scannet/posed_images/scene0064_00/00305.jpg",
      "transform_matrix": [
        [
          -0.915101,
          -0.16489,
          0.36797,
          2.027898
        ],
        [
          -0.40113,
          0.465173,
          -0.789119,
          4.824589
        ],
        [
          -0.041052,
          -0.869727,
          -0.491822,
          1.375701
        ],
        [
          0.0,
          0.0,
          0.0,
          1.0
        ]
      ]
    },
    {
      "file_path": "/media/NFS/ttao/scannet/posed_images/scene0064_00/00308.jpg",
      "transform_matrix": [
        [
          -0.919654,
          -0.162325,
          0.357613,
          2.017785
        ],
        [
          -0.391941,
          0.437039,
          -0.809555,
          4.780972
        ],
        [
          -0.02488,
          -0.884674,
