{
  "frames": [
    {
      "file_path": "/media/NFS/ttao/scannet/posed_images/scene0592_00/00002.jpg",
      "transform_matrix": [
        [
          0.847789,
          -0.248923,
          0.468286,
          3.338915
        ],
        [
          -0.527135,
          -0.298692,
          0.795557,
          6.581121
        ],
        [
          -0.058159,
          -0.921315,
          -0.384444,
          1.660518
        ],
        [
          0.0,
          0.0,
          0.0,
          1.0
        ]
      ]
    },
    {
      "file_path": "/media/NFS/ttao/scannet/posed_images/scene0592_00/00010.jpg",
      "transform_matrix": [
        [
          0.841284,
          -0.24689,
          0.480922,
          3.3349
        ],
        [
          -0.537529,
          -0.287456,
          0.792737,
          6.583671
        ],
        [
          -0.057475,
          -0.925427,
          -0.374542,
          1.660781
        ],
        [
          0.0,
          0.0,
          0.0,
          1.0
        ]
      ]
    },
    {
      "file_path": "/media/NFS/ttao/scannet/posed_images/scene0592_00/00016.jpg",
      "transform_matrix": [
        [
          0.839662,
          -0.241333,
          0.486545,
          3.34071
        ],
        [
          -0.54006,
          -0.27622,
          0.795008,
          6.581596
        ],
        [
          -0.057469,
          -0.930302,
          -0.362266,
          1.680586
        ],
        [
          0.0,
          0.0,
          0.0,
          1.0
        ]
      ]
    },
    {
      "file_path": "/media/NFS/ttao/scannet/posed_images/scene0592_00/00024.jpg",
      "transform_matrix": [
        [
          0.832259,
          -0.218997,
          0.5093,
          3.341311
        ],
        [
          -0.551847,
          -0.239403,
          0.798844,
          6.56789
        ],
        [
          -0.053016,
          -0.9459,
          -0.320098,
          1.692124
        ],
        [
          0.0,
          0.0,
          0.0,
          1.0
        ]
      ]
    },
    {
      "file_path": "/media/NFS/ttao/scannet/posed_images/scene0592_00/00026.jpg",
      "transform_matrix": [
        [
          0.829431,
          -0.218701,
          0.514018,
          3.343034
        ],
        [
          -0.556094,
          -0.236047,
          0.796895,
          6.56718
        ],
        [
          -0.052949,
          -0.946811,
          -0.317403,
          1.693581
        ],
        [
          0.0,
          0.0,
          0.0,
          1.0
        ]
      ]
    },
    {
      "file_path": "/media/NFS/ttao/scannet/posed_images/scene0592_00/00032.jpg",
      "transform_matrix": [
        [
          0.818731,
          -0.214659,
          0.532543,
          3.349908
        ],
        [
          -0.572115,
          -0.226438,
          0.788296,
          6.553457
        ],
        [
          -0.048626,
          -0.950078,
          -0.308201,
          1.686548
        ],
        [
          0.0,
          0.0,
          0.0,
          1.0
        ]
      ]
    },
    {
      "file_path": "/media/NFS/ttao/scannet/posed_images/scene0592_00/00037.jpg",
      "transform_matrix": [
        [
          0.801391,
          -0.21021,
          0.559987,
          3.359057
        ],
        [
          -0.596633,
          -0.214479,
          0.773323,
          6.548524
        ],
        [
          -0.042455,
          -0.95384,
          -0.2973,
          1.691761
        ],
        [
          0.0,
          0.0,
          0.0,
          1.0
        ]
      ]
    },
    {
      "file_path": "/media/NFS/ttao/scannet/posed_images/scene0592_00/00045.jpg",
      "transform_matrix": [
        [
          0.767301,
          -0.232539,
          0.597641,
          3.363813
        ],
        [
          -0.640174,
          -0.22286,
          0.735195,
          6.530424
        ],
        [
          -0.037771,
          -0.94671,
          -0.319866,
          1.665602
        ],
        [
          0.0,
          0.0,
          0.0,
          1.0
        ]
      ]
    },
    {
      "file_path": "/media/NFS/ttao/scannet/posed_images/scene0592_00/00051.jpg",
      "transform_matrix": [
        [
          0.738711,
          -0.259513,
          0.62206,
          3.382704
        ],
        [
          -0.67326,
          -0.240228,
          0.699294,
          6.513071
        ],
        [
          -0.03204,
          -0.935384,
          -0.352179,
          1.652972
        ],
        [
          0.0,
          0.0,
          0.0,
          1.0
        ]
      ]
    },
    {
      "file_path": "/media/NFS/ttao/scannet/posed_images/scene0592_00/00061.jpg",
      "transform_matrix": [
        [
          0.644336,
          -0.321649,
          0.69381,
          3.408232
        ],
        [
          -0.764249,
          -0.238252,
          0.599299,
          6.492935
        ],
        [
          -0.027463,
          -0.916394,
          -0.399334,
          1.639594
        ],
        [
          0.0,
          0.0,
          0.0,
          1.0
        ]
      ]
    },
    {
      "file_path": "/media/NFS/ttao/scannet/posed_images/scene0592_00/00069.jpg",
      "transform_matrix": [
        [
          0.598527,
          -0.346054,
          0.722504,
          3.42422
        ],
        [
          -0.800926,
          -0.239563,
          0.548751,
          6.477839
        ],
        [
          -0.016812,
          -0.907115,
          -0.420548,
          1.630906
        ],
        [
          0.0,
          0.0,
          0.0,
          1.0
        ]
      ]
    },
    {
      "file_path": "/media/NFS/ttao/scannet/posed_images/scene0592_00/00071.jpg",
      "transform_matrix": [
        [
          0.585081,
          -0.353537,
          0.729858,
          3.42904
        ],
        [
          -0.810767,
          -0.234619,
          0.536294,
          6.476406
        ],
        [
          -0.018361,
          -0.90552,
          -0.423907,
          1.632231
        ],
        [
          0.0,
          0.0,
          0.0,
          1.0
        ]
      ]
    },
    {
      "file_path": "/media/NFS/ttao/scannet/posed_images/scene0592_00/00077.jpg",
      "transform_matrix": [
        [
          0.535829,
          -0.376364,
          0.755802,
          3.447515
        ],
        [
          -0.844109,
          -0.218468,
          0.489645,
          6.474871
        ],
        [
          -0.019166,
          -0.900345,
          -0.434754,
          1.626115
        ],
        [
          0.0,
          0.0,
          0.0,
          1.0
        ]
      ]
    },
    {
      "file_path": "/media/NFS/ttao/scannet/posed_images/scene0592_00/00089.jpg",
      "transform_matrix": [
        [
          0.384653,
          -0.406857,
          0.828559,
          3.491121
        ],
        [
          -0.922831,
          -0.14944,
          0.355037,
          6.48038
        ],
        [
          -0.020629,
          -0.901185,
          -0.432943,
          1.639349
        ],
        [
          0.0,
          0.0,
          0.0,
          1.0
        ]
      ]
    },
    {
      "file_path": "/media/NFS/ttao/scannet/posed_images/scene0592_00/00095.jpg",
      "transform_matrix": [
        [
          0.313311,
          -0.40837,
          0.857362,
          3.502519
        ],
        [
          -0.949503,
          -0.118802,
          0.290396,
          6.479458
        ],
        [
          -0.016733,
          -0.905053,
          -0.42497,
          1.63796
        ],
        [
          0.0,
          0.0,
          0.0,
          1.0
        ]
      ]
    },
    {
      "file_path": "/media/NFS/ttao/scannet/posed_images/scene0592_00/00101.jpg",
      "transform_matrix": [
        [
          0.251344,
          -0.412817,
          0.875448,
          3.51535
        ],
        [
          -0.967744,
          -0.091044,
          0.234911,
          6.468945
        ],
        [
          -0.017271,
          -0.906252,
          -0.422384,
          1.640483
        ],
        [
          0.0,
          0.0,
          0.0,
          1.0
        ]
      ]
    },
    {
      "file_path": "/media/NFS/ttao/scannet/posed_images/scene0592_00/00109.jpg",
      "transform_matrix": [
        [
          0.155639,
          -0.415337,
          0.896254,
          3.534828
        ],
        [
          -0.987681,
          -0.05053,
          0.148099,
          6.456702
        ],
        [
          -0.016223,
          -0.908263,
          -0.418085,
          1.643161
        ],
        [
          0.0,
          0.0,
          0.0,
          1.0
        ]
      ]
    },
    {
      "file_path": "/media/NFS/ttao/scannet/posed_images/scene0592_00/00114.jpg",
      "transform_matrix": [
        [
          0.073695,
          -0.413888,
          0.90734,
          3.538312
        ],
        [
          -0.997237,
          -0.02202,
          0.070952,
          6.448116
        ],
        [
          -0.009387,
          -0.910062,
          -0.414367,
          1.640827
        ],
        [
          0.0,
          0.0,
          0.0,
          1.0
        ]
      ]
    },
    {
      "file_path": "/media/NFS/ttao/scannet/posed_images/scene0592_00/00116.jpg",
      "transform_matrix": [
        [
          0.048329,
          -0.412542,
          0.909655,
          3.539015
        ],
        [
          -0.99882,
          -0.015642,
          0.045973,
          6.442368
        ],
        [
          -0.004737,
          -0.910804,
          -0.412812,
          1.63816
        ],
        [
          0.0,
          0.0,
          0.0,
          1.0
        ]
      ]
    },
    {
      "file_path": "/media/NFS/ttao/scannet/posed_images/scene0592_00/00128.jpg",
      "transform_matrix": [
        [
          -0.113655,
          -0.407915,
          0.905918,
          3.548142
        ],
        [
          -0.993335,
          0.029062,
          -0.111535,
          6.406853
        ],
        [
          0.019169,
          -0.912557,
          -0.4085,
          1.62948
        ],
        [
          0.0,
          0.0,
          0.0,
          1.0
        ]
      ]
    },
    {
      "file_path": "/media/NFS/ttao/scannet/posed_images/scene0592_00/00134.jpg",
      "transform_matrix": [
        [
          -0.195528,
          -0.398654,
          0.896016,
          3.5453
        ],
        [
          -0.980275,
          0.052599,
          -0.190512,
          6.403991
        ],
        [
          0.028818,
          -0.915592,
          -0.401075,
          1.621456
        ],
        [
          0.0,
          0.0,
          0.0,
          1.0
        ]
      ]
    },
    {
      "file_path": "/media/NFS/ttao/scannet/posed_images/scene0592_00/00138.jpg",
      "transform_matrix": [
        [
          -0.237641,
          -0.395201,
          0.887324,
          3.545045
        ],
        [
          -0.971042,
          0.073532,
          -0.227312,
          6.379012
        ],
        [
          0.024587,
          -0.915647,
          -0.401231,
          1.621658
        ],
        [
          0.0,
          0.0,
          0.0,
          1.0
        ]
      ]
    },
    {
      "file_path": "/media/NFS/ttao/scannet/posed_images/scene0592_00/00146.jpg",
      "transform_matrix": [
        [
          -0.321384,
          -0.382003,
          0.866479,
          3.554435
        ],
        [
          -0.946617,
          0.105382,
          -0.304648,
          6.342061
        ],
        [
          0.025065,
          -0.918133,
          -0.395478,
          1.622572
        ],
        [
          0.0,
          0.0,
          0.0,
          1.0
        ]
      ]
    },
    {
      "file_path": "/media/NFS/ttao/scannet/posed_images/scene0592_00/00152.jpg",
      "transform_matrix": [
        [
          -0.395137,
          -0.380365,
          0.836175,
          3.558884
        ],
        [
          -0.917856,
          0.126299,
          -0.376284,
          6.315186
        ],
        [
          0.037517,
          -0.916172,
          -0.399026,
          1.621209
        ],
        [
          0.0,
          0.0,
          0.0,
          1.0
        ]
      ]
    },
    {
      "file_path": "/media/NFS/ttao/scannet/posed_images/scene0592_00/00160.jpg",
      "transform_matrix": [
        [
          -0.508064,
          -0.374119,
          0.775826,
          3.561402
        ],
        [
          -0.860196,
          0.174402,
          -0.479216,
          6.274531
        ],
        [
          0.043978,
          -0.910834,
          -0.410423,
          1.613169
        ],
        [
          0.0,
          0.0,
          0.0,
          1.0
        ]
      ]
    },
    {
      "file_path": "/media/NFS/ttao/scannet/posed_images/scene0592_00/00166.jpg",
      "transform_matrix": [
        [
          -0.583538,
          -0.346565,
          0.734423,
          3.546503
        ],
        [
          -0.811672,
          0.220006,
          -0.541098,
          6.232575
        ],
        [
          0.025948,
          -0.911861,
          -0.409678,
          1.608504
        ],
        [
          0.0,
          0.0,
          0.0,
          1.0
        ]
      ]
    },
    {
      "file_path": "/media/NFS/ttao/scannet/posed_images/scene0592_00/00172.jpg",
      "transform_matrix": [
        [
          -0.661244,
          -0.317109,
          0.679852,
          3.538703
        ],
        [
          -0.750028,
          0.261764,
          -0.607402,
          6.209429
        ],
        [
          0.014652,
          -0.911549,
          -0.41093,
          1.597939
        ],
        [
          0.0,
          0.0,
          0.0,
          1.0
        ]
      ]
    },
    {
      "file_path": "/media/NFS/ttao/scannet/posed_images/scene0592_00/00180.jpg",
      "transform_matrix": [
        [
          -0.73969,
          -0.296026,
          0.60434,
          3.520258
        ],
        [
          -0.672586,
          0.295788,
          -0.678334,
          6.16792
        ],
        [
          0.022048,
          -0.908228,
          -0.417895,
          1.588969
        ],
        [
          0.0,
          0.0,
          0.0,
          1.0
        ]
      ]
    },
    {
      "file_path": "/media/NFS/ttao/scannet/posed_images/scene0592_00/00185.jpg",
      "transform_matrix": [
        [
          -0.778802,
          -0.271995,
          0.565231,
          3.502344
        ],
        [
          -0.627119,
          0.31786,
          -0.711117,
          6.146836
        ],
        [
          0.013756,
          -0.908287,
          -0.418123,
          1.588101
        ],
        [
          0.0,
          0.0,
          0.0,
          1.0
        ]
      ]
    },
    {
      "file_path": "/media/NFS/ttao/scannet/posed_images/scene0592_00/00193.jpg",
      "transform_matrix": [
        [
          -0.847456,
          -0.230438,
          0.478243,
          3.473564
        ],
        [
          -0.530735,
          0.347788,
          -0.772893,
          6.106927
        ],
        [
          0.011776,
          -0.908814,
          -0.417037,
          1.581679
        ],
        [
          0.0,
          0.0,
          0.0,
          1.0
        ]
      ]
    },
    {
      "file_path": "/media/NFS/ttao/scannet/posed_images/scene0592_00/00201.jpg",
      "transform_matrix": [
        [
          -0.903238,
          -0.18926,
          0.385152,
          3.421897
        ],
        [
          -0.428953,
          0.37171,
          -0.823305,
          6.055614
        ],
        [
          0.012654,
          -0.908852,
          -0.416927,
          1.577101
        ],
        [
          0.0,
          0.0,
          0.0,
          1.0
        ]
      ]
    },
    {
      "file_path": "/media/NFS/ttao/scannet/posed_images/scene0592_00/00203.jpg",
      "transform_matrix": [
        [
          -0.91606,
          -0.177931,
          0.359409,
          3.409501
        ],
        [
          -0.400874,
          0.380364,
          -0.833441,
          6.044156
        ],
        [
          0.011589,
          -0.907559,
          -0.419764,
          1.574083
        ],
        [
          0.0,
          0.0,
          0.0,
          1.0
        ]
      ]
    },
    {
      "file_path": "/media/NFS/ttao/scannet/posed_images/scene0592_00/00209.jpg",
      "transform_matrix": [
        [
          -0.949769,
          -0.138933,
          0.280421,
          3.380574
        ],
        [
          -0.312901,
          0.405461,
          -0.858892,
          6.010292
        ],
        [
          0.005628,
          -0.903493,
          -0.428566,
          1.567912
        ],
        [
          0.0,
          0.0,
          0.0,
          1.0
        ]
      ]
    },
    {
      "file_path": "/media/NFS/ttao/scannet/posed_images/scene0592_00/00215.jpg",
      "transform_matrix": [
        [
          -0.975798,
          -0.088174,
          0.200111,
          3.341741
        ],
        [
          -0.218615,
          0.414993,
          -0.88317,
          5.977584
        ],
        [
          -0.005172,
          -0.905542,
          -0.424225,
          1.567576
        ],
        [
          0.0,
          0.0,
          0.0,
          1.0
        ]
      ]
    },
    {
      "file_path": "/media/NFS/ttao/scannet/posed_images/scene0592_00/00223.jpg",
      "transform_matrix": [
        [
          -0.995803,
          -0.05569,
          0.072634,
          3.291111
        ],
        [
          -0.089411,
          0.422273,
          -0.902048,
          5.940133
        ],
        [
          0.019564,
          -0.904757,
          -0.42548,
          1.568759
        ],
        [
          0.0,
          0.0,
          0.0,
          1.0
        ]
      ]
    },
    {
      "file_path": "/media/NFS/ttao/scannet/posed_images/scene0592_00/00233.jpg",
      "transform_matrix": [
        [
          -0.998076,
          -0.004466,
          -0.061837,
          3.248968
        ],
        [
          0.055022,
          0.395821,
          -0.916678,
          5.914813
        ],
        [
          0.02857,
          -0.918317,
          -0.394814,
          1.570856
        ],
        [
          0.0,
          0.0,
          0.0,
          1.0
        ]
      ]
    },
    {
      "file_path": "/media/NFS/ttao/scannet/posed_images/scene0592_00/00241.jpg",
      "transform_matrix": [
        [
          -0.988534,
          0.031345,
          -0.14771,
          3.21794
        ],
        [
          0.148239,
          0.387621,
          -0.909822,
          5.896268
        ],
        [
          0.028738,
          -0.921286,
          -0.387823,
          1.567992
        ],
        [
          0.0,
          0.0,
          0.0,
          1.0
        ]
      ]
    },
    {
      "file_path": "/media/NFS/ttao/scannet/posed_images/scene0592_00/00247.jpg",
      "transform_matrix": [
        [
          -0.973378,
          0.04745,
          -0.22424,
          3.190628
        ],
        [
          0.223895,
          0.406217,
          -0.885923,
          5.888036
        ],
        [
          0.049053,
          -0.912544,
          -0.406026,
          1.562564
        ],
        [
          0.0,
          0.0,
          0.0,
          1.0
        ]
      ]
    },
    {
      "file_path": "/media/NFS/ttao/scannet/posed_images/scene0592_00/00251.jpg",
      "transform_matrix": [
        [
          -0.959476,
          0.072968,
          -0.27218,
          3.164871
        ],
        [
          0.277689,
          0.409052,
          -0.869233,
          5.882729
        ],
        [
          0.04791,
          -0.909589,
          -0.412738,
          1.569445
        ],
        [
          0.0,
          0.0,
          0.0,
          1.0
        ]
      ]
    },
    {
      "file_path": "/media/NFS/ttao/scannet/posed_images/scene0592_00/00258.jpg",
      "transform_matrix": [
        [
          -0.923768,
          0.125664,
          -0.361748,
          3.11542
        ],
        [
          0.380924,
          0.398618,
          -0.834267,
          5.883842
        ],
        [
          0.039362,
          -0.908467,
          -0.416099,
          1.564231
        ],
        [
          0.0,
          0.0,
          0.0,
          1.0
        ]
      ]
    },
    {
      "file_path": "/media/NFS/ttao/scannet/posed_images/scene0592_00/00262.jpg",
      "transform_matrix": [
        [
          -0.893635,
          0.135643,
          -0.427806,
          3.113033
        ],
        [
          0.445307,
          0.386596,
          -0.807617,
          5.876232
        ],
        [
          0.05584,
          -0.91222,
          -0.405878,
          1.548142
        ],
        [
          0.0,
          0.0,
          0.0,
          1.0
        ]
      ]
    },
    {
      "file_path": "/media/NFS/ttao/scannet/posed_images/scene0592_00/00270.jpg",
      "transform_matrix": [
        [
          -0.830541,
          0.186936,
          -0.524649,
          3.04503
        ],
        [
          0.55551,
          0.345914,
          -0.756144,
          5.885958
        ],
        [
          0.040133,
          -0.919455,
          -0.391141,
          1.566835
        ],
        [
          0.0,
          0.0,
          0.0,
          1.0
        ]
      ]
    },
    {
      "file_path": "/media/NFS/ttao/scannet/posed_images/scene0592_00/00276.jpg",
      "transform_matrix": [
        [
          -0.781465,
          0.202755,
          -0.590087,
          2.997539
        ],
        [
          0.622829,
          0.310128,
          -0.718265,
          5.918097
        ],
        [
          0.037371,
          -0.928822,
          -0.368636,
          1.559138
        ],
        [
          0.0,
          0.0,
          0.0,
          1.0
        ]
      ]
    },
    {
      "file_path": "/media/NFS/ttao/scannet/posed_images/scene0592_00/00282.jpg",
      "transform_matrix": [
        [
          -0.73276,
          0.20032,
          -0.650334,
          3.011179
        ],
        [
          0.677946,
          0.297416,
          -0.67226,
          5.91389
        ],
        [
          0.058753,
          -0.933496,
          -0.353741,
          1.552569
        ],
        [
          0.0,
          0.0,
          0.0,
          1.0
        ]
      ]
    },
    {
      "file_path": "/media/NFS/ttao/scannet/posed_images/scene0592_00/00290.jpg",
      "transform_matrix": [
        [
          -0.656918,
          0.174578,
          -0.733472,
          2.961942
        ],
        [
          0.750663,
          0.242341,
          -0.614634,
          5.922611
        ],
        [
          0.070449,
          -0.954355,
          -0.290248,
          1.563791
        ],
        [
          0.0,
          0.0,
          0.0,
          1.0
        ]
      ]
    },
    {
      "file_path": "/media/NFS/ttao/scannet/posed_images/scene0592_00/00300.jpg",
      "transform_matrix": [
        [
          -0.555399,
          0.20233,
          -0.806594,
          2.897291
        ],
        [
          0.830503,
          0.184407,
          -0.525604,
          5.8879
        ],
        [
          0.042396,
          -0.961799,
          -0.270455,
          1.59095
        ],
        [
          0.0,
          0.0,
          0.0,
          1.0
        ]
      ]
    },
    {
      "file_path": "/media/NFS/ttao/scannet/posed_images/scene0592_00/00302.jpg",
      "transform_matrix": [
        [
          -0.53286,
          0.217276,
          -0.817833,
          2.890573
        ],
        [
          0.844891,
          0.190406,
          -0.499904,
          5.874687
        ],
        [
          0.047103,
          -0.957359,
          -0.285035,
          1.592009
        ],
        [
          0.0,
          0.0,
          0.0,
          1.0
        ]
      ]
    },
    {
      "file_path": "/media/NFS/ttao/scannet/posed_images/scene0592_00/00308.jpg",
      "transform_matrix": [
        [
          -0.482601,
          0.210404,
          -0.850192,
          2.893203
        ],
        [
          0.874511,
          0.169222,
          -0.454527,
          5.870759
        ],
        [
          0.048237,
          -0.962857,
          -0.265667,
          1.606631
        ],
        [
          0.0,
          0.0,
          0.0,
          1.0
        ]
      ]
    },
    {
      "file_path": "/media/NFS/ttao/scannet/posed_images/scene0592_00/00320.jpg",
      "transform_matrix": [
        [
          -0.392197,
          0.134397,
          -0.91001,
          2.962893
        ],
        [
          0.917065,
          0.134479,
          -0.375376,
          5.877191
        ],
        [
          0.071928,
          -0.98176,
          -0.175994,
          1.653226
        ],
        [
          0.0,
          0.0,
          0.0,
          1.0
        ]
      ]
    },
    {
      "file_path": "/media/NFS/ttao/scannet/posed_images/scene0592_00/00326.jpg",
      "transform_matrix": [
        [
          -0.354785,
          0.111938,
          -0.928223,
          2.997511
        ],
        [
          0.932005,
          0.121049,
          -0.341633,
          5.887115
        ],
        [
          0.074119,
          -0.986315,
          -0.147273,
          1.666782
        ],
        [
          0.0,
          0.0,
          0.0,
          1.0
        ]
      ]
    },
    {
      "file_path": "/media/NFS/ttao/scannet/posed_images/scene0592_00/00328.jpg",
      "transform_matrix": [
        [
          -0.33977,
          0.112105,
          -0.933803,
          3.004738
        ],
        [
          0.93761,
          0.118259,
          -0.326958,
          5.887894
        ],
        [
          0.073777,
          -0.986634,
          -0.145292,
          1.667027
        ],
        [
          0.0,
          0.0,
          0.0,
          1.0
        ]
      ]
    },
    {
      "file_path": "/media/NFS/ttao/scannet/posed_images/scene0592_00/00333.jpg",
      "transform_matrix": [
        [
          -0.308316,
          0.11184,
          -0.944687,
          3.02136
        ],
        [
          0.948549,
          0.111392,
          -0.296389,
          5.904597
        ],
        [
          0.072083,
          -0.987463,
          -0.140429,
          1.657696
        ],
        [
          0.0,
          0.0,
          0.0,
          1.0
        ]
      ]
    },
    {
      "file_path": "/media/NFS/ttao/scannet/posed_images/scene0592_00/00341.jpg",
      "transform_matrix": [
        [
          -0.270163,
          0.156433,
          -0.950022,
          3.030246
        ],
        [
          0.961256,
          0.099944,
          -0.256901,
          5.91881
        ],
        [
          0.054761,
          -0.982619,
          -0.177373,
          1.650329
        ],
        [
          0.0,
          0.0,
          0.0,
          1.0
        ]
      ]
    },
    {
      "file_path": "/media/NFS/ttao/scannet/posed_images/scene0592_00/00351.jpg",
      "transform_matrix": [
        [
          -0.243197,
          0.27059,
          -0.93147,
          3.026032
        ],
        [
          0.969083,
          0.109002,
          -0.221353,
          5.92413
        ],
        [
          0.041636,
          -0.956504,
          -0.288733,
          1.61139
        ],
        [
          0.0,
          0.0,
          0.0,
          1.0
        ]
      ]
    },
    {
      "file_path": "/media/NFS/ttao/scannet/posed_images/scene0592_00/00353.jpg",
      "transform_matrix": [
        [
          -0.242163,
          0.285134,
          -0.927392,
          3.026947
        ],
        [
          0.969376,
          0.111317,
          -0.218901,
          5.926632
        ],
        [
          0.040818,
          -0.952002,
          -0.303359,
          1.595857
        ],
        [
          0.0,
          0.0,
          0.0,
          1.0
        ]
      ]
    },
    {
      "file_path": "/media/NFS/ttao/scannet/posed_images/scene0592_00/00363.jpg",
      "transform_matrix": [
        [
          -0.251048,
          0.381829,
          -0.889484,
          3.025932
        ],
        [
          0.967175,
          0.136292,
          -0.214469,
          5.922497
        ],
        [
          0.039339,
          -0.914129,
          -0.403512,
          1.539014
        ],
        [
          0.0,
          0.0,
          0.0,
          1.0
        ]
      ]
    },
    {
      "file_path": "/media/NFS/ttao/scannet/posed_images/scene0592_00/00367.jpg",
      "transform_matrix": [
        [
          -0.263129,
          0.412024,
          -0.872352,
          3.02308
        ],
        [
          0.96376,
          0.153426,
          -0.218236,
          5.916556
        ],
        [
          0.043923,
          -0.898163,
          -0.437463,
          1.522194
        ],
        [
          0.0,
          0.0,
          0.0,
          1.0
        ]
      ]
    },
    {
      "file_path": "/media/NFS/ttao/scannet/posed_images/scene0592_00/00379.jpg",
      "transform_matrix": [
        [
          -0.314408,
          0.467499,
          -0.826192,
          3.001375
        ],
        [
          0.94777,
          0.203794,
          -0.245359,
          5.890446
        ],
        [
          0.053668,
          -0.860182,
          -0.507155,
          1.478122
        ],
        [
          0.0,
          0.0,
          0.0,
          1.0
        ]
      ]
    },
    {
      "file_path": "/media/NFS/ttao/scannet/posed_images/scene0592_00/00385.jpg",
      "transform_matrix": [
        [
          -0.374577,
          0.471227,
          -0.798522,
          2.983615
        ],
        [
          0.926909,
          0.21172,
          -0.309861,
          5.856177
        ],
        [
          0.023048,
          -0.856224,
          -0.51609,
          1.469911
        ],
        [
          0.0,
          0.0,
          0.0,
          1.0
        ]
      ]
    },
    {
      "file_path": "/media/NFS/ttao/scannet/posed_images/scene0592_00/00389.jpg",
      "transform_matrix": [
        [
          -0.406483,
          0.452288,
          -0.793856,
          2.957821
        ],
        [
          0.913417,
          0.22111,
          -0.341729,
          5.823874
        ],
        [
          0.02097,
          -0.864029,
          -0.503005,
          1.46733
        ],
        [
          0.0,
          0.0,
          0.0,
          1.0
        ]
      ]
    },
    {
      "file_path": "/media/NFS/ttao/scannet/posed_images/scene0592_00/00399.jpg",
      "transform_matrix": [
        [
          -0.457918,
          0.384275,
          -0.801651,
          2.861012
        ],
        [
          0.88593,
          0.272061,
          -0.375646,
          5.751169
        ],
        [
          0.073746,
          -0.882222,
          -0.465023,
          1.492248
        ],
        [
          0.0,
          0.0,
          0.0,
          1.0
        ]
      ]
    },
    {
      "file_path": "/media/NFS/ttao/scannet/posed_images/scene0592_00/00401.jpg",
      "transform_matrix": [
        [
          -0.467629,
          0.374639,
          -0.800606,
          2.836247
        ],
        [
          0.880504,
          0.277042,
          -0.384657,
          5.743693
        ],
        [
          0.077694,
          -0.884813,
          -0.459424,
          1.503704
        ],
        [
          0.0,
          0.0,
          0.0,
          1.0
        ]
      ]
    },
    {
      "file_path": "/media/NFS/ttao/scannet/posed_images/scene0592_00/00406.jpg",
      "transform_matrix": [
        [
          -0.490654,
          0.324231,
          -0.808785,
          2.805188
        ],
        [
          0.866023,
          0.283983,
          -0.411532,
          5.71187
        ],
        [
          0.09625,
          -0.902346,
          -0.420129,
          1.520467
        ],
        [
          0.0,
          0.0,
          0.0,
          1.0
        ]
      ]
    },
    {
      "file_path": "/media/NFS/ttao/scannet/posed_images/scene0592_00/00412.jpg",
      "transform_matrix": [
        [
          -0.484701,
          0.308851,
          -0.818338,
          2.779886
        ],
        [
          0.871654,
          0.248315,
          -0.422564,
          5.662169
        ],
        [
          0.072696,
          -0.918124,
          -0.389569,
          1.546449
        ],
        [
          0.0,
          0.0,
          0.0,
          1.0
        ]
      ]
    },
    {
      "file_path": "/media/NFS/ttao/scannet/posed_images/scene0592_00/00422.jpg",
      "transform_matrix": [
        [
          -0.435433,
          0.254961,
          -0.863362,
          2.760444
        ],
        [
          0.89851,
          0.182197,
          -0.399355,
          5.565855
        ],
        [
          0.055482,
          -0.949631,
          -0.30842,
          1.581505
        ],
        [
          0.0,
          0.0,
          0.0,
          1.0
        ]
      ]
    },
    {
      "file_path": "/media/NFS/ttao/scannet/posed_images/scene0592_00/00430.jpg",
      "transform_matrix": [
        [
          -0.452518,
          0.239641,
          -0.858953,
          2.781859
        ],
        [
          0.89163,
          0.137753,
          -0.431301,
          5.464277
        ],
        [
          0.014965,
          -0.961039,
          -0.276007,
          1.593876
        ],
        [
          0.0,
          0.0,
          0.0,
          1.0
        ]
      ]
    },
    {
      "file_path": "/media/NFS/ttao/scannet/posed_images/scene0592_00/00436.jpg",
      "transform_matrix": [
        [
          -0.487664,
          0.224862,
          -0.843576,
          2.805691
        ],
        [
          0.872781,
          0.148688,
          -0.464914,
          5.380626
        ],
        [
          0.020889,
          -0.962979,
          -0.268765,
          1.597194
        ],
        [
          0.0,
          0.0,
          0.0,
          1.0
        ]
      ]
    },
    {
      "file_path": "/media/NFS/ttao/scannet/posed_images/scene0592_00/00444.jpg",
      "transform_matrix": [
        [
          -0.595967,
          0.202329,
          -0.777101,
          2.835824
        ],
        [
          0.802006,
          0.198319,
          -0.563432,
          5.325624
        ],
        [
          0.040115,
          -0.959027,
          -0.28046,
          1.542838
        ],
        [
          0.0,
          0.0,
          0.0,
          1.0
        ]
      ]
    },
    {
      "file_path": "/media/NFS/ttao/scannet/posed_images/scene0592_00/00446.jpg",
      "transform_matrix": [
        [
          -0.623586,
          0.193261,
          -0.75749,
          2.842039
        ],
        [
          0.780608,
          0.206411,
          -0.589955,
          5.304399
        ],
        [
          0.042339,
          -0.95919,
          -0.279576,
          1.536155
        ],
        [
          0.0,
          0.0,
          0.0,
          1.0
        ]
      ]
    },
    {
      "file_path": "/media/NFS/ttao/scannet/posed_images/scene0592_00/00456.jpg",
      "transform_matrix": [
        [
          -0.782726,
          0.140006,
          -0.606414,
          2.799745
        ],
        [
          0.618831,
          0.278775,
          -0.734392,
          5.273356
        ],
        [
          0.066234,
          -0.950096,
          -0.304845,
          1.530406
        ],
        [
          0.0,
          0.0,
          0.0,
          1.0
        ]
      ]
    },
    {
      "file_path": "/media/NFS/ttao/scannet/posed_images/scene0592_00/00462.jpg",
      "transform_matrix": [
        [
          -0.861039,
          0.118576,
          -0.494522,
          2.723649
        ],
        [
          0.505832,
          0.299907,
          -0.808821,
          5.307996
        ],
        [
          0.052404,
          -0.946571,
          -0.318211,
          1.516193
        ],
        [
          0.0,
          0.0,
          0.0,
          1.0
        ]
      ]
    },
    {
      "file_path": "/media/NFS/ttao/scannet/posed_images/scene0592_00/00468.jpg",
      "transform_matrix": [
        [
          -0.90052,
          0.102693,
          -0.422515,
          2.717621
        ],
        [
          0.432042,
          0.3209,
          -0.84283,
          5.289083
        ],
        [
          0.049032,
          -0.941529,
          -0.333344,
          1.509959
        ],
        [
          0.0,
          0.0,
          0.0,
          1.0
        ]
      ]
    },
    {
      "file_path": "/media/NFS/ttao/scannet/posed_images/scene0592_00/00472.jpg",
      "transform_matrix": [
        [
          -0.923473,
          0.102401,
          -0.369744,
          2.691499
        ],
        [
          0.381827,
          0.339448,
          -0.859641,
          5.267229
        ],
        [
          0.037481,
          -0.935034,
          -0.352571,
          1.524044
        ],
        [
          0.0,
          0.0,
          0.0,
          1.0
        ]
      ]
    },
    {
      "file_path": "/media/NFS/ttao/scannet/posed_images/scene0592_00/00481.jpg",
      "transform_matrix": [
        [
          -0.962857,
          0.075748,
          -0.259168,
          2.701657
        ],
        [
          0.268213,
          0.378913,
          -0.885713,
          5.18662
        ],
        [
          0.031112,
          -0.922327,
          -0.385156,
          1.511942
        ],
        [
          0.0,
          0.0,
          0.0,
          1.0
        ]
      ]
    },
    {
      "file_path": "/media/NFS/ttao/scannet/posed_images/scene0592_00/00489.jpg",
      "transform_matrix": [
        [
          -0.98219,
          0.051577,
          -0.180673,
          2.72927
        ],
        [
          0.187343,
          0.342186,
          -0.920767,
          5.084622
        ],
        [
          0.014333,
          -0.938216,
          -0.345754,
          1.523186
        ],
        [
          0.0,
          0.0,
          0.0,
          1.0
        ]
      ]
    },
    {
      "file_path": "/media/NFS/ttao/scannet/posed_images/scene0592_00/00497.jpg",
      "transform_matrix": [
        [
          -0.991208,
          0.043114,
          -0.125088,
          2.761933
        ],
        [
          0.132289,
          0.339868,
          -0.931123,
          5.00149
        ],
        [
          0.002369,
          -0.939485,
          -0.342583,
          1.532745
        ],
        [
          0.0,
          0.0,
          0.0,
          1.0
        ]
      ]
    },
    {
      "file_path": "/media/NFS/ttao/scannet/posed_images/scene0592_00/00499.jpg",
      "transform_matrix": [
        [
          -0.994675,
          0.035061,
          -0.096917,
          2.776362
        ],
        [
          0.103063,
          0.34333,
          -0.933543,
          4.987613
        ],
        [
          0.000543,
          -0.93856,
          -0.345115,
          1.540399
        ],
        [
          0.0,
          0.0,
          0.0,
          1.0
        ]
      ]
    },
    {
      "file_path": "/media/NFS/ttao/scannet/posed_images/scene0592_00/00509.jpg",
      "transform_matrix": [
        [
          -0.994185,
          -0.042794,
          0.098815,
          2.798256
        ],
        [
          -0.107568,
          0.352301,
          -0.929685,
          4.951699
        ],
        [
          0.004972,
          -0.934908,
          -0.354856,
