{
  "frames": [
    {
      "file_path": "/media/NFS/ttao/scannet/posed_images/scene0387_00/00000.jpg",
      "transform_matrix": [
        [
          -0.003673,
          -0.442968,
          0.89653,
          4.618622
        ],
        [
          -0.998739,
          0.046516,
          0.018891,
          3.972075
        ],
        [
          -0.050072,
          -0.89533,
          -0.44258,
          1.477254
        ],
        [
          0.0,
          0.0,
          0.0,
          1.0
        ]
      ]
    },
    {
      "file_path": "/media/NFS/ttao/scannet/posed_images/scene0387_00/00002.jpg",
      "transform_matrix": [
        [
          -0.006191,
          -0.446754,
          0.894636,
          4.619477
        ],
        [
          -0.998469,
          0.051942,
          0.019029,
          3.973381
        ],
        [
          -0.054971,
          -0.893148,
          -0.446391,
          1.46694
        ],
        [
          0.0,
          0.0,
          0.0,
          1.0
        ]
      ]
    },
    {
      "file_path": "/media/NFS/ttao/scannet/posed_images/scene0387_00/00005.jpg",
      "transform_matrix": [
        [
          -0.005405,
          -0.448101,
          0.893966,
          4.62628
        ],
        [
          -0.998242,
          0.055181,
          0.021624,
          3.965011
        ],
        [
          -0.059019,
          -0.892278,
          -0.447612,
          1.467414
        ],
        [
          0.0,
          0.0,
          0.0,
          1.0
        ]
      ]
    },
    {
      "file_path": "/media/NFS/ttao/scannet/posed_images/scene0387_00/00009.jpg",
      "transform_matrix": [
        [
          -0.017469,
          -0.449127,
          0.893297,
          4.623803
        ],
        [
          -0.998067,
          0.06113,
          0.011217,
          3.957538
        ],
        [
          -0.059645,
          -0.891374,
          -0.449327,
          1.465121
        ],
        [
          0.0,
          0.0,
          0.0,
          1.0
        ]
      ]
    },
    {
      "file_path": "/media/NFS/ttao/scannet/posed_images/scene0387_00/00011.jpg",
      "transform_matrix": [
        [
          -0.025186,
          -0.462917,
          0.886044,
          4.627456
        ],
        [
          -0.997594,
          0.068899,
          0.00764,
          3.950883
        ],
        [
          -0.064584,
          -0.88372,
          -0.463539,
          1.474279
        ],
        [
          0.0,
          0.0,
          0.0,
          1.0
        ]
      ]
    },
    {
      "file_path": "/media/NFS/ttao/scannet/posed_images/scene0387_00/00016.jpg",
      "transform_matrix": [
        [
          -0.044185,
          -0.483202,
          0.874393,
          4.623951
        ],
        [
          -0.997687,
          0.066593,
          -0.013615,
          3.967833
        ],
        [
          -0.05165,
          -0.872973,
          -0.485026,
          1.466987
        ],
        [
          0.0,
          0.0,
          0.0,
          1.0
        ]
      ]
    },
    {
      "file_path": "/media/NFS/ttao/scannet/posed_images/scene0387_00/00017.jpg",
      "transform_matrix": [
        [
          -0.048633,
          -0.483833,
          0.873808,
          4.617226
        ],
        [
          -0.997431,
          0.069599,
          -0.016976,
          3.970171
        ],
        [
          -0.052603,
          -0.872388,
          -0.485975,
          1.46151
        ],
        [
          0.0,
          0.0,
          0.0,
          1.0
        ]
      ]
    },
    {
      "file_path": "/media/NFS/ttao/scannet/posed_images/scene0387_00/00019.jpg",
      "transform_matrix": [
        [
          -0.054324,
          -0.491395,
          0.869241,
          4.60484
        ],
        [
          -0.997174,
          0.071948,
          -0.021647,
          3.970421
        ],
        [
          -0.051903,
          -0.86796,
          -0.493915,
          1.457477
        ],
        [
          0.0,
          0.0,
          0.0,
          1.0
        ]
      ]
    },
    {
      "file_path": "/media/NFS/ttao/scannet/posed_images/scene0387_00/00022.jpg",
      "transform_matrix": [
        [
          -0.070738,
          -0.504539,
          0.860486,
          4.586233
        ],
        [
          -0.996291,
          0.078103,
          -0.036107,
          3.980312
        ],
        [
          -0.04899,
          -0.859849,
          -0.508193,
          1.448149
        ],
        [
          0.0,
          0.0,
          0.0,
          1.0
        ]
      ]
    },
    {
      "file_path": "/media/NFS/ttao/scannet/posed_images/scene0387_00/00027.jpg",
      "transform_matrix": [
        [
          -0.106617,
          -0.522693,
          0.845828,
          4.551976
        ],
        [
          -0.993584,
          0.08828,
          -0.070688,
          4.000442
        ],
        [
          -0.037721,
          -0.847938,
          -0.528751,
          1.442015
        ],
        [
          0.0,
          0.0,
          0.0,
          1.0
        ]
      ]
    },
    {
      "file_path": "/media/NFS/ttao/scannet/posed_images/scene0387_00/00030.jpg",
      "transform_matrix": [
        [
          -0.133601,
          -0.521544,
          0.8427,
          4.52047
        ],
        [
          -0.990705,
          0.092234,
          -0.099983,
          4.02454
        ],
        [
          -0.025581,
          -0.848225,
          -0.529019,
          1.440264
        ],
        [
          0.0,
          0.0,
          0.0,
          1.0
        ]
      ]
    },
    {
      "file_path": "/media/NFS/ttao/scannet/posed_images/scene0387_00/00033.jpg",
      "transform_matrix": [
        [
          -0.159673,
          -0.517728,
          0.840513,
          4.487551
        ],
        [
          -0.987118,
          0.092515,
          -0.130538,
          4.050864
        ],
        [
          -0.010177,
          -0.850529,
          -0.52583,
          1.444622
        ],
        [
          0.0,
          0.0,
          0.0,
          1.0
        ]
      ]
    },
    {
      "file_path": "/media/NFS/ttao/scannet/posed_images/scene0387_00/00035.jpg",
      "transform_matrix": [
        [
          -0.180251,
          -0.507766,
          0.842427,
          4.45802
        ],
        [
          -0.983604,
          0.097969,
          -0.151408,
          4.065713
        ],
        [
          -0.005652,
          -0.855906,
          -0.5171,
          1.443546
        ],
        [
          0.0,
          0.0,
          0.0,
          1.0
        ]
      ]
    },
    {
      "file_path": "/media/NFS/ttao/scannet/posed_images/scene0387_00/00038.jpg",
      "transform_matrix": [
        [
          -0.210983,
          -0.500195,
          0.839816,
          4.423938
        ],
        [
          -0.97746,
          0.1147,
          -0.177246,
          4.103056
        ],
        [
          -0.007669,
          -0.858282,
          -0.513121,
          1.44814
        ],
        [
          0.0,
          0.0,
          0.0,
          1.0
        ]
      ]
    },
    {
      "file_path": "/media/NFS/ttao/scannet/posed_images/scene0387_00/00040.jpg",
      "transform_matrix": [
        [
          -0.223086,
          -0.493791,
          0.840478,
          4.397699
        ],
        [
          -0.974754,
          0.121258,
          -0.187486,
          4.112116
        ],
        [
          -0.009335,
          -0.861085,
          -0.508375,
          1.449351
        ],
        [
          0.0,
          0.0,
          0.0,
          1.0
        ]
      ]
    },
    {
      "file_path": "/media/NFS/ttao/scannet/posed_images/scene0387_00/00042.jpg",
      "transform_matrix": [
        [
          -0.241474,
          -0.489143,
          0.83811,
          4.382969
        ],
        [
          -0.970341,
          0.131813,
          -0.202643,
          4.112733
        ],
        [
          -0.011352,
          -0.862186,
          -0.506465,
          1.463741
        ],
        [
          0.0,
          0.0,
          0.0,
          1.0
        ]
      ]
    },
    {
      "file_path": "/media/NFS/ttao/scannet/posed_images/scene0387_00/00047.jpg",
      "transform_matrix": [
        [
          -0.285772,
          -0.464324,
          0.838294,
          4.337778
        ],
        [
          -0.958297,
          0.137221,
          -0.250675,
          4.127357
        ],
        [
          0.001363,
          -0.874971,
          -0.484174,
          1.4839
        ],
        [
          0.0,
          0.0,
          0.0,
          1.0
        ]
      ]
    },
    {
      "file_path": "/media/NFS/ttao/scannet/posed_images/scene0387_00/00050.jpg",
      "transform_matrix": [
        [
          -0.296482,
          -0.445804,
          0.844605,
          4.286695
        ],
        [
          -0.955014,
          0.132008,
          -0.265562,
          4.136954
        ],
        [
          0.006894,
          -0.885343,
          -0.464886,
          1.476861
        ],
        [
          0.0,
          0.0,
          0.0,
          1.0
        ]
      ]
    },
    {
      "file_path": "/media/NFS/ttao/scannet/posed_images/scene0387_00/00051.jpg",
      "transform_matrix": [
        [
          -0.300108,
          -0.442914,
          0.844844,
          4.274214
        ],
        [
          -0.953857,
          0.130437,
          -0.270449,
          4.138564
        ],
        [
          0.009587,
          -0.887025,
          -0.461622,
          1.475453
        ],
        [
          0.0,
          0.0,
          0.0,
          1.0
        ]
      ]
    },
    {
      "file_path": "/media/NFS/ttao/scannet/posed_images/scene0387_00/00054.jpg",
      "transform_matrix": [
        [
          -0.313291,
          -0.441901,
          0.840579,
          4.242497
        ],
        [
          -0.949545,
          0.13217,
          -0.28442,
          4.148865
        ],
        [
          0.014587,
          -0.887274,
          -0.461012,
          1.484205
        ],
        [
          0.0,
          0.0,
          0.0,
          1.0
        ]
      ]
    },
    {
      "file_path": "/media/NFS/ttao/scannet/posed_images/scene0387_00/00058.jpg",
      "transform_matrix": [
        [
          -0.315553,
          -0.438754,
          0.84138,
          4.182334
        ],
        [
          -0.948829,
          0.134452,
          -0.285738,
          4.159403
        ],
        [
          0.012243,
          -0.888492,
          -0.458729,
          1.486602
        ],
        [
          0.0,
          0.0,
          0.0,
          1.0
        ]
      ]
    },
    {
      "file_path": "/media/NFS/ttao/scannet/posed_images/scene0387_00/00061.jpg",
      "transform_matrix": [
        [
          -0.321555,
          -0.43661,
          0.840223,
          4.094375
        ],
        [
          -0.946764,
          0.133742,
          -0.292832,
          4.166444
        ],
        [
          0.015481,
          -0.889654,
          -0.456372,
          1.47207
        ],
        [
          0.0,
          0.0,
          0.0,
          1.0
        ]
      ]
    },
    {
      "file_path": "/media/NFS/ttao/scannet/posed_images/scene0387_00/00064.jpg",
      "transform_matrix": [
        [
          -0.343787,
          -0.43218,
          0.833685,
          4.042867
        ],
        [
          -0.938893,
          0.142086,
          -0.313515,
          4.165884
        ],
        [
          0.01704,
          -0.890523,
          -0.454618,
          1.473682
        ],
        [
          0.0,
          0.0,
          0.0,
          1.0
        ]
      ]
    },
    {
      "file_path": "/media/NFS/ttao/scannet/posed_images/scene0387_00/00065.jpg",
      "transform_matrix": [
        [
          -0.355557,
          -0.430681,
          0.829514,
          4.027525
        ],
        [
          -0.934507,
          0.148016,
          -0.323711,
          4.172065
        ],
        [
          0.016635,
          -0.890284,
          -0.455102,
          1.47726
        ],
        [
          0.0,
          0.0,
          0.0,
          1.0
        ]
      ]
    },
    {
      "file_path": "/media/NFS/ttao/scannet/posed_images/scene0387_00/00068.jpg",
      "transform_matrix": [
        [
          -0.388102,
          -0.426746,
          0.816863,
          3.965969
        ],
        [
          -0.921566,
          0.170409,
          -0.348823,
          4.163706
        ],
        [
          0.009658,
          -0.888172,
          -0.45941,
          1.476035
        ],
        [
          0.0,
          0.0,
          0.0,
          1.0
        ]
      ]
    },
    {
      "file_path": "/media/NFS/ttao/scannet/posed_images/scene0387_00/00070.jpg",
      "transform_matrix": [
        [
          -0.415401,
          -0.426123,
          0.803655,
          3.931729
        ],
        [
          -0.909627,
          0.190254,
          -0.369298,
          4.167975
        ],
        [
          0.004467,
          -0.884434,
          -0.466645,
          1.467868
        ],
        [
          0.0,
          0.0,
          0.0,
          1.0
        ]
      ]
    },
    {
      "file_path": "/media/NFS/ttao/scannet/posed_images/scene0387_00/00074.jpg",
      "transform_matrix": [
        [
          -0.454528,
          -0.432767,
          0.778535,
          3.889097
        ],
        [
          -0.890722,
          0.224983,
          -0.394964,
          4.169913
        ],
        [
          -0.00423,
          -0.872981,
          -0.487736,
          1.464748
        ],
        [
          0.0,
          0.0,
          0.0,
          1.0
        ]
      ]
    },
    {
      "file_path": "/media/NFS/ttao/scannet/posed_images/scene0387_00/00076.jpg",
      "transform_matrix": [
        [
          -0.473529,
          -0.4361,
          0.765236,
          3.87238
        ],
        [
          -0.880757,
          0.240446,
          -0.407986,
          4.17567
        ],
        [
          -0.006075,
          -0.867181,
          -0.497957,
          1.465916
        ],
        [
          0.0,
          0.0,
          0.0,
          1.0
        ]
      ]
    },
    {
      "file_path": "/media/NFS/ttao/scannet/posed_images/scene0387_00/00081.jpg",
      "transform_matrix": [
        [
          -0.525123,
          -0.434253,
          0.731895,
          3.818951
        ],
        [
          -0.851011,
          0.273179,
          -0.448502,
          4.213519
        ],
        [
          -0.005175,
          -0.858369,
          -0.513007,
          1.449523
        ],
        [
          0.0,
          0.0,
          0.0,
          1.0
        ]
      ]
    },
    {
      "file_path": "/media/NFS/ttao/scannet/posed_images/scene0387_00/00084.jpg",
      "transform_matrix": [
        [
          -0.549572,
          -0.428121,
          0.717414,
          3.793495
        ],
        [
          -0.835437,
          0.28554,
          -0.469587,
          4.24183
        ],
        [
          -0.00381,
          -0.857426,
          -0.514593,
          1.447577
        ],
        [
          0.0,
          0.0,
          0.0,
          1.0
        ]
      ]
    },
    {
      "file_path": "/media/NFS/ttao/scannet/posed_images/scene0387_00/00085.jpg",
      "transform_matrix": [
        [
          -0.556688,
          -0.424374,
          0.714146,
          3.779507
        ],
        [
          -0.830714,
          0.288112,
          -0.476347,
          4.255532
        ],
        [
          -0.003605,
          -0.858428,
          -0.512922,
          1.443146
        ],
        [
          0.0,
          0.0,
          0.0,
          1.0
        ]
      ]
    },
    {
      "file_path": "/media/NFS/ttao/scannet/posed_images/scene0387_00/00089.jpg",
      "transform_matrix": [
        [
          -0.587102,
          -0.419586,
          0.692285,
          3.749995
        ],
        [
          -0.809511,
          0.302556,
          -0.503142,
          4.308528
        ],
        [
          0.001657,
          -0.855808,
          -0.517291,
          1.445093
        ],
        [
          0.0,
          0.0,
          0.0,
          1.0
        ]
      ]
    },
    {
      "file_path": "/media/NFS/ttao/scannet/posed_images/scene0387_00/00092.jpg",
      "transform_matrix": [
        [
          -0.604989,
          -0.41574,
          0.679079,
          3.717809
        ],
        [
          -0.796228,
          0.312762,
          -0.517881,
          4.344742
        ],
        [
          0.002914,
          -0.854014,
          -0.520242,
          1.449607
        ],
        [
          0.0,
          0.0,
          0.0,
          1.0
        ]
      ]
    },
    {
      "file_path": "/media/NFS/ttao/scannet/posed_images/scene0387_00/00094.jpg",
      "transform_matrix": [
        [
          -0.62769,
          -0.406741,
          0.663752,
          3.693446
        ],
        [
          -0.778421,
          0.319075,
          -0.540604,
          4.352052
        ],
        [
          0.008099,
          -0.85601,
          -0.516896,
          1.465379
        ],
        [
          0.0,
          0.0,
          0.0,
          1.0
        ]
      ]
    },
    {
      "file_path": "/media/NFS/ttao/scannet/posed_images/scene0387_00/00096.jpg",
      "transform_matrix": [
        [
          -0.648817,
          -0.390431,
          0.653146,
          3.67875
        ],
        [
          -0.760917,
          0.325635,
          -0.561219,
          4.364641
        ],
        [
          0.00643,
          -0.861118,
          -0.508364,
          1.473328
        ],
        [
          0.0,
          0.0,
          0.0,
          1.0
        ]
      ]
    },
    {
      "file_path": "/media/NFS/ttao/scannet/posed_images/scene0387_00/00100.jpg",
      "transform_matrix": [
        [
          -0.685078,
          -0.361106,
          0.632669,
          3.636756
        ],
        [
          -0.728455,
          0.33394,
          -0.598196,
          4.37888
        ],
        [
          0.004739,
          -0.870681,
          -0.491824,
          1.478384
        ],
        [
          0.0,
          0.0,
          0.0,
          1.0
        ]
      ]
    },
    {
      "file_path": "/media/NFS/ttao/scannet/posed_images/scene0387_00/00103.jpg",
      "transform_matrix": [
        [
          -0.704281,
          -0.336068,
          0.625337,
          3.599625
        ],
        [
          -0.709867,
          0.344197,
          -0.614505,
          4.374855
        ],
        [
          -0.008723,
          -0.876691,
          -0.480975,
          1.482623
        ],
        [
          0.0,
          0.0,
          0.0,
          1.0
        ]
      ]
    },
    {
      "file_path": "/media/NFS/ttao/scannet/posed_images/scene0387_00/00106.jpg",
      "transform_matrix": [
        [
          -0.72527,
          -0.30708,
          0.616186,
          3.564784
        ],
        [
          -0.687948,
          0.357902,
          -0.631374,
          4.377238
        ],
        [
          -0.026652,
          -0.881821,
          -0.470831,
          1.486636
        ],
        [
          0.0,
          0.0,
          0.0,
          1.0
        ]
      ]
    },
    {
      "file_path": "/media/NFS/ttao/scannet/posed_images/scene0387_00/00107.jpg",
      "transform_matrix": [
        [
          -0.730913,
          -0.303056,
          0.611492,
          3.550753
        ],
        [
          -0.681758,
          0.365168,
          -0.633924,
          4.374635
        ],
        [
          -0.031183,
          -0.880232,
          -0.473517,
          1.48745
        ],
        [
          0.0,
          0.0,
          0.0,
          1.0
        ]
      ]
    },
    {
      "file_path": "/media/NFS/ttao/scannet/posed_images/scene0387_00/00110.jpg",
      "transform_matrix": [
        [
          -0.752352,
          -0.290997,
          0.591004,
          3.513692
        ],
        [
          -0.657647,
          0.383935,
          -0.648147,
          4.350414
        ],
        [
          -0.038298,
          -0.876307,
          -0.480228,
          1.481419
        ],
        [
          0.0,
          0.0,
          0.0,
          1.0
        ]
      ]
    },
    {
      "file_path": "/media/NFS/ttao/scannet/posed_images/scene0387_00/00115.jpg",
      "transform_matrix": [
        [
          -0.777341,
          -0.287082,
          0.559754,
          3.501731
        ],
        [
          -0.627487,
          0.417117,
          -0.657475,
          4.349281
        ],
        [
          -0.044733,
          -0.862321,
          -0.504383,
          1.486228
        ],
        [
          0.0,
          0.0,
          0.0,
          1.0
        ]
      ]
    },
    {
      "file_path": "/media/NFS/ttao/scannet/posed_images/scene0387_00/00116.jpg",
      "transform_matrix": [
        [
          -0.78021,
          -0.284281,
          0.557186,
          3.501547
        ],
        [
          -0.623759,
          0.420332,
          -0.658973,
          4.347859
        ],
        [
          -0.04687,
          -0.861687,
          -0.505271,
          1.488206
        ],
        [
          0.0,
          0.0,
          0.0,
          1.0
        ]
      ]
    },
    {
      "file_path": "/media/NFS/ttao/scannet/posed_images/scene0387_00/00119.jpg",
      "transform_matrix": [
        [
          -0.794242,
          -0.268315,
          0.545148,
          3.477268
        ],
        [
          -0.605715,
          0.420298,
          -0.675618,
          4.349088
        ],
        [
          -0.047847,
          -0.866808,
          -0.496341,
          1.491192
        ],
        [
          0.0,
          0.0,
          0.0,
          1.0
        ]
      ]
    },
    {
      "file_path": "/media/NFS/ttao/scannet/posed_images/scene0387_00/00121.jpg",
      "transform_matrix": [
        [
          -0.811155,
          -0.254385,
          0.526607,
          3.473541
        ],
        [
          -0.583145,
          0.420129,
          -0.695294,
          4.36389
        ],
        [
          -0.044371,
          -0.87108,
          -0.489133,
          1.493301
        ],
        [
          0.0,
          0.0,
          0.0,
          1.0
        ]
      ]
    },
    {
      "file_path": "/media/NFS/ttao/scannet/posed_images/scene0387_00/00124.jpg",
      "transform_matrix": [
        [
          -0.834372,
          -0.247929,
          0.492295,
          3.476065
        ],
        [
          -0.550631,
          0.415516,
          -0.723983,
          4.391141
        ],
        [
          -0.025061,
          -0.875144,
          -0.483213,
          1.494264
        ],
        [
          0.0,
          0.0,
          0.0,
          1.0
        ]
      ]
    },
    {
      "file_path": "/media/NFS/ttao/scannet/posed_images/scene0387_00/00129.jpg",
      "transform_matrix": [
        [
          -0.876091,
          -0.222897,
          0.427529,
          3.524449
        ],
        [
          -0.482139,
          0.409742,
          -0.774373,
          4.477626
        ],
        [
          -0.002571,
          -0.88455,
          -0.466438,
          1.492476
        ],
        [
          0.0,
          0.0,
          0.0,
          1.0
        ]
      ]
    },
    {
      "file_path": "/media/NFS/ttao/scannet/posed_images/scene0387_00/00130.jpg",
      "transform_matrix": [
        [
          -0.883526,
          -0.213031,
          0.417132,
          3.528613
        ],
        [
          -0.468362,
          0.409888,
          -0.782706,
          4.505465
        ],
        [
          -0.004237,
          -0.88691,
          -0.461923,
          1.483257
        ],
        [
          0.0,
          0.0,
          0.0,
          1.0
        ]
      ]
    },
    {
      "file_path": "/media/NFS/ttao/scannet/posed_images/scene0387_00/00133.jpg",
      "transform_matrix": [
        [
          -0.901302,
          -0.191927,
          0.388353,
          3.569421
        ],
        [
          -0.433,
          0.42573,
          -0.794522,
          4.558772
        ],
        [
          -0.012843,
          -0.884261,
          -0.466815,
          1.487361
        ],
        [
          0.0,
          0.0,
          0.0,
          1.0
        ]
      ]
    },
    {
      "file_path": "/media/NFS/ttao/scannet/posed_images/scene0387_00/00137.jpg",
      "transform_matrix": [
        [
          -0.907858,
          -0.187922,
          0.374804,
          3.593314
        ],
        [
          -0.418903,
          0.444251,
          -0.791935,
          4.598456
        ],
        [
          -0.017685,
          -0.875972,
          -0.482038,
          1.500065
        ],
        [
          0.0,
          0.0,
          0.0,
          1.0
        ]
      ]
    },
    {
      "file_path": "/media/NFS/ttao/scannet/posed_images/scene0387_00/00140.jpg",
      "transform_matrix": [
        [
          -0.920284,
          -0.174209,
          0.350326,
          3.600673
        ],
        [
          -0.391007,
          0.441117,
          -0.807793,
          4.628288
        ],
        [
          -0.01381,
          -0.880379,
          -0.47407,
          1.497169
        ],
        [
          0.0,
          0.0,
          0.0,
          1.0
        ]
      ]
    },
    {
      "file_path": "/media/NFS/ttao/scannet/posed_images/scene0387_00/00143.jpg",
      "transform_matrix": [
        [
          -0.924799,
          -0.168654,
          0.341032,
          3.602512
        ],
        [
          -0.380249,
          0.439315,
          -0.813888,
          4.650581
        ],
        [
          -0.012555,
          -0.88236,
          -0.470408,
          1.505236
        ],
        [
          0.0,
          0.0,
          0.0,
          1.0
        ]
      ]
    },
    {
      "file_path": "/media/NFS/ttao/scannet/posed_images/scene0387_00/00144.jpg",
      "transform_matrix": [
        [
          -0.926507,
          -0.166527,
          0.337421,
          3.600681
        ],
        [
          -0.376094,
          0.437785,
          -0.816638,
          4.657716
        ],
        [
          -0.011725,
          -0.883523,
          -0.468241,
          1.506083
        ],
        [
          0.0,
          0.0,
          0.0,
          1.0
        ]
      ]
    },
    {
      "file_path": "/media/NFS/ttao/scannet/posed_images/scene0387_00/00147.jpg",
      "transform_matrix": [
        [
          -0.934411,
          -0.154944,
          0.320732,
          3.58951
        ],
        [
          -0.355934,
          0.440778,
          -0.82403,
          4.664198
        ],
        [
          -0.013694,
          -0.884142,
          -0.467018,
          1.513462
        ],
        [
          0.0,
          0.0,
          0.0,
          1.0
        ]
      ]
    },
    {
      "file_path": "/media/NFS/ttao/scannet/posed_images/scene0387_00/00150.jpg",
      "transform_matrix": [
        [
          -0.944851,
          -0.136844,
          0.297541,
          3.586333
        ],
        [
          -0.327291,
          0.42706,
          -0.842912,
          4.682081
        ],
        [
          -0.011721,
          -0.893808,
          -0.448296,
          1.51462
        ],
        [
          0.0,
          0.0,
          0.0,
          1.0
        ]
      ]
    },
    {
      "file_path": "/media/NFS/ttao/scannet/posed_images/scene0387_00/00154.jpg",
      "transform_matrix": [
        [
          -0.962286,
          -0.109561,
          0.249003,
          3.55177
        ],
        [
          -0.271874,
          0.41935,
          -0.866158,
          4.697702
        ],
        [
          -0.009522,
          -0.901189,
          -0.433321,
          1.529374
        ],
        [
          0.0,
          0.0,
          0.0,
          1.0
        ]
      ]
    },
    {
      "file_path": "/media/NFS/ttao/scannet/posed_images/scene0387_00/00156.jpg",
      "transform_matrix": [
        [
          -0.967351,
          -0.098095,
          0.233684,
          3.537429
        ],
        [
          -0.253144,
          0.418429,
          -0.872259,
          4.707696
        ],
        [
          -0.012216,
          -0.902937,
          -0.4296,
          1.534728
        ],
        [
          0.0,
          0.0,
          0.0,
          1.0
        ]
      ]
    },
    {
      "file_path": "/media/NFS/ttao/scannet/posed_images/scene0387_00/00160.jpg",
      "transform_matrix": [
        [
          -0.974021,
          -0.088176,
          0.208588,
          3.523983
        ],
        [
          -0.226385,
          0.402782,
          -0.886858,
          4.731312
        ],
        [
          -0.005816,
          -0.911039,
          -0.41228,
          1.535123
        ],
        [
          0.0,
          0.0,
          0.0,
          1.0
        ]
      ]
    },
    {
      "file_path": "/media/NFS/ttao/scannet/posed_images/scene0387_00/00163.jpg",
      "transform_matrix": [
        [
          -0.975069,
          -0.074901,
          0.208878,
          3.513384
        ],
        [
          -0.221112,
          0.407259,
          -0.886143,
          4.734782
        ],
        [
          -0.018694,
          -0.910236,
          -0.413667,
          1.552153
        ],
        [
          0.0,
          0.0,
          0.0,
          1.0
        ]
      ]
    },
    {
      "file_path": "/media/NFS/ttao/scannet/posed_images/scene0387_00/00164.jpg",
      "transform_matrix": [
        [
          -0.975425,
          -0.072875,
          0.207931,
          3.506786
        ],
        [
          -0.219507,
          0.403011,
          -0.888482,
          4.740512
        ],
        [
          -0.019051,
          -0.912289,
          -0.409103,
          1.546945
        ],
        [
          0.0,
          0.0,
          0.0,
          1.0
        ]
      ]
    },
    {
      "file_path": "/media/NFS/ttao/scannet/posed_images/scene0387_00/00167.jpg",
      "transform_matrix": [
        [
          -0.977988,
          -0.060092,
          0.199823,
          3.499197
        ],
        [
          -0.206988,
          0.400502,
          -0.892611,
          4.739926
        ],
        [
          -0.026391,
          -0.914323,
          -0.404124,
          1.551431
        ],
        [
          0.0,
          0.0,
          0.0,
          1.0
        ]
      ]
    },
    {
      "file_path": "/media/NFS/ttao/scannet/posed_images/scene0387_00/00171.jpg",
      "transform_matrix": [
        [
          -0.983622,
          -0.042355,
          0.175199,
          3.497914
        ],
        [
          -0.177554,
          0.395042,
          -0.901342,
          4.749254
        ],
        [
          -0.031035,
          -0.917686,
          -0.396092,
          1.552445
        ],
        [
          0.0,
          0.0,
          0.0,
          1.0
        ]
      ]
    },
    {
      "file_path": "/media/NFS/ttao/scannet/posed_images/scene0387_00/00174.jpg",
      "transform_matrix": [
        [
          -0.98829,
          -0.039421,
          0.147411,
          3.520042
        ],
        [
          -0.150744,
          0.402057,
          -0.903121,
          4.727388
        ],
        [
          -0.023666,
          -0.914766,
          -0.403291,
          1.553468
        ],
        [
          0.0,
          0.0,
          0.0,
          1.0
        ]
      ]
    },
    {
      "file_path": "/media/NFS/ttao/scannet/posed_images/scene0387_00/00175.jpg",
      "transform_matrix": [
        [
          -0.98921,
          -0.038052,
          0.14148,
          3.529634
        ],
        [
          -0.144814,
          0.400361,
          -0.904843,
          4.725144
        ],
        [
          -0.022212,
          -0.915567,
          -0.401551,
          1.550343
        ],
        [
          0.0,
          0.0,
          0.0,
          1.0
        ]
      ]
    },
    {
      "file_path": "/media/NFS/ttao/scannet/posed_images/scene0387_00/00179.jpg",
      "transform_matrix": [
        [
          -0.991973,
          -0.027842,
          0.123343,
          3.553512
        ],
        [
          -0.124164,
          0.398989,
          -0.908511,
          4.704759
        ],
        [
          -0.023918,
          -0.916533,
          -0.399243,
          1.552939
        ],
        [
          0.0,
          0.0,
          0.0,
          1.0
        ]
      ]
    },
    {
      "file_path": "/media/NFS/ttao/scannet/posed_images/scene0387_00/00181.jpg",
      "transform_matrix": [
        [
          -0.993371,
          -0.029702,
          0.111051,
          3.567671
        ],
        [
          -0.113626,
          0.400144,
          -0.909381,
          4.709982
        ],
        [
          -0.017426,
          -0.915971,
          -0.400866,
          1.540665
        ],
        [
          0.0,
          0.0,
          0.0,
          1.0
        ]
      ]
    },
    {
      "file_path": "/media/NFS/ttao/scannet/posed_images/scene0387_00/00186.jpg",
      "transform_matrix": [
        [
          -0.997296,
          -0.027596,
          0.06811,
          3.629129
        ],
        [
          -0.073397,
          0.419992,
          -0.904555,
          4.678341
        ],
        [
          -0.003644,
          -0.907108,
          -0.420882,
          1.530749
        ],
        [
          0.0,
          0.0,
          0.0,
          1.0
        ]
      ]
    },
    {
      "file_path": "/media/NFS/ttao/scannet/posed_images/scene0387_00/00187.jpg",
      "transform_matrix": [
        [
          -0.997678,
          -0.02876,
          0.061744,
          3.644663
        ],
        [
          -0.068114,
          0.421977,
          -0.904045,
          4.671591
        ],
        [
          -5.5e-05,
          -0.90615,
          -0.422956,
          1.528073
        ],
        [
          0.0,
          0.0,
          0.0,
          1.0
        ]
      ]
    },
    {
      "file_path": "/media/NFS/ttao/scannet/posed_images/scene0387_00/00191.jpg",
      "transform_matrix": [
        [
          -0.997106,
          -0.037654,
          0.066047,
          3.681391
        ],
        [
          -0.075871,
          0.437307,
          -0.896106,
          4.644734
        ],
        [
          0.004859,
          -0.898524,
          -0.438898,
          1.52868
        ],
        [
          0.0,
          0.0,
          0.0,
          1.0
        ]
      ]
    },
    {
      "file_path": "/media/NFS/ttao/scannet/posed_images/scene0387_00/00194.jpg",
      "transform_matrix": [
        [
          -0.996382,
          -0.045726,
          0.071635,
          3.711246
        ],
        [
          -0.084492,
          0.442414,
          -0.892822,
          4.621118
        ],
        [
          0.009133,
          -0.895644,
          -0.444677,
          1.521939
        ],
        [
          0.0,
          0.0,
          0.0,
          1.0
        ]
      ]
    },
    {
      "file_path": "/media/NFS/ttao/scannet/posed_images/scene0387_00/00195.jpg",
      "transform_matrix": [
        [
          -0.996193,
          -0.04793,
          0.072821,
          3.71309
        ],
        [
          -0.086525,
          0.441455,
          -0.893102,
          4.609313
        ],
        [
          0.010659,
          -0.896002,
          -0.443922,
          1.519475
        ],
        [
          0.0,
          0.0,
          0.0,
          1.0
        ]
      ]
    },
    {
      "file_path": "/media/NFS/ttao/scannet/posed_images/scene0387_00/00200.jpg",
      "transform_matrix": [
        [
          -0.998029,
          -0.048495,
          0.03983,
          3.764775
        ],
        [
          -0.057189,
          0.441546,
          -0.895414,
          4.567799
        ],
        [
          0.025837,
          -0.895927,
          -0.443449,
          1.506193
        ],
        [
          0.0,
          0.0,
          0.0,
          1.0
        ]
      ]
    },
    {
      "file_path": "/media/NFS/ttao/scannet/posed_images/scene0387_00/00201.jpg",
      "transform_matrix": [
        [
          -0.998451,
          -0.044883,
          0.032877,
          3.768767
        ],
        [
          -0.049464,
          0.44562,
          -0.893855,
          4.550718
        ],
        [
          0.025468,
          -0.894097,
          -0.447149,
          1.510713
        ],
        [
          0.0,
          0.0,
          0.0,
          1.0
        ]
      ]
    },
    {
      "file_path": "/media/NFS/ttao/scannet/posed_images/scene0387_00/00204.jpg",
      "transform_matrix": [
        [
          -0.999934,
          -0.011331,
          -0.001638,
          3.803245
        ],
        [
          -0.003456,
          0.435108,
          -0.900372,
          4.488935
        ],
        [
          0.010915,
          -0.900307,
          -0.435118,
          1.505486
        ],
        [
          0.0,
          0.0,
          0.0,
          1.0
        ]
      ]
    },
    {
      "file_path": "/media/NFS/ttao/scannet/posed_images/scene0387_00/00206.jpg",
      "transform_matrix": [
        [
          -0.999856,
          0.006201,
          -0.015788,
          3.805382
        ],
        [
          0.016924,
          0.42743,
          -0.90389,
          4.470986
        ],
        [
          0.001143,
          -0.904027,
          -0.427474,
          1.499361
        ],
        [
          0.0,
          0.0,
          0.0,
          1.0
        ]
      ]
    },
    {
      "file_path": "/media/NFS/ttao/scannet/posed_images/scene0387_00/00209.jpg",
      "transform_matrix": [
        [
          -0.998105,
          0.029738,
          -0.053877,
          3.828415
        ],
        [
          0.061487,
          0.446077,
          -0.89288,
          4.425285
        ],
        [
          -0.002519,
          -0.8945,
          -0.44706,
          1.493619
        ],
        [
          0.0,
          0.0,
          0.0,
          1.0
        ]
      ]
    },
    {
      "file_path": "/media/NFS/ttao/scannet/posed_images/scene0387_00/00212.jpg",
      "transform_matrix": [
        [
          -0.994297,
          0.059049,
          -0.088805,
          3.847512
        ],
        [
          0.105932,
          0.450731,
          -0.886352,
          4.383402
        ],
        [
          -0.012311,
          -0.890705,
          -0.454416,
          1.482885
        ],
        [
          0.0,
          0.0,
          0.0,
          1.0
        ]
      ]
    },
    {
      "file_path": "/media/NFS/ttao/scannet/posed_images/scene0387_00/00215.jpg",
      "transform_matrix": [
        [
          -0.987467,
          0.080121,
          -0.135974,
          3.866759
        ],
        [
          0.157692,
          0.465654,
          -0.870804,
          4.347896
        ],
        [
          -0.006453,
          -0.881333,
          -0.472452,
          1.483114
        ],
        [
          0.0,
          0.0,
          0.0,
          1.0
        ]
      ]
    },
    {
      "file_path": "/media/NFS/ttao/scannet/posed_images/scene0387_00/00220.jpg",
      "transform_matrix": [
        [
          -0.958665,
          0.135158,
          -0.250386,
          3.922623
        ],
        [
          0.284511,
          0.466934,
          -0.837273,
