{
  "frames": [
    {
      "file_path": "/media/NFS/ttao/scannet/posed_images/scene0147_00/00000.jpg",
      "transform_matrix": [
        [
          0.484778,
          0.389748,
          -0.782998,
          2.948564
        ],
        [
          0.874059,
          -0.248441,
          0.417491,
          2.712566
        ],
        [
          -0.031813,
          -0.886777,
          -0.461102,
          1.480667
        ],
        [
          0.0,
          0.0,
          0.0,
          1.0
        ]
      ]
    },
    {
      "file_path": "/media/NFS/ttao/scannet/posed_images/scene0147_00/00006.jpg",
      "transform_matrix": [
        [
          0.475029,
          0.391963,
          -0.787853,
          2.94696
        ],
        [
          0.879285,
          -0.24676,
          0.407393,
          2.720321
        ],
        [
          -0.034727,
          -0.88627,
          -0.461865,
          1.480534
        ],
        [
          0.0,
          0.0,
          0.0,
          1.0
        ]
      ]
    },
    {
      "file_path": "/media/NFS/ttao/scannet/posed_images/scene0147_00/00015.jpg",
      "transform_matrix": [
        [
          0.457448,
          0.400347,
          -0.794017,
          2.936861
        ],
        [
          0.888429,
          -0.243809,
          0.388911,
          2.74954
        ],
        [
          -0.037889,
          -0.883334,
          -0.46721,
          1.484839
        ],
        [
          0.0,
          0.0,
          0.0,
          1.0
        ]
      ]
    },
    {
      "file_path": "/media/NFS/ttao/scannet/posed_images/scene0147_00/00017.jpg",
      "transform_matrix": [
        [
          0.455485,
          0.402981,
          -0.793814,
          2.933123
        ],
        [
          0.889421,
          -0.244309,
          0.38632,
          2.75884
        ],
        [
          -0.038256,
          -0.881998,
          -0.469699,
          1.480828
        ],
        [
          0.0,
          0.0,
          0.0,
          1.0
        ]
      ]
    },
    {
      "file_path": "/media/NFS/ttao/scannet/posed_images/scene0147_00/00024.jpg",
      "transform_matrix": [
        [
          0.462511,
          0.414739,
          -0.78363,
          2.875593
        ],
        [
          0.885743,
          -0.255316,
          0.387652,
          2.800369
        ],
        [
          -0.039299,
          -0.873388,
          -0.485438,
          1.473244
        ],
        [
          0.0,
          0.0,
          0.0,
          1.0
        ]
      ]
    },
    {
      "file_path": "/media/NFS/ttao/scannet/posed_images/scene0147_00/00030.jpg",
      "transform_matrix": [
        [
          0.49342,
          0.412913,
          -0.765532,
          2.793866
        ],
        [
          0.86957,
          -0.254049,
          0.423447,
          2.829177
        ],
        [
          -0.019635,
          -0.874621,
          -0.48441,
          1.470318
        ],
        [
          0.0,
          0.0,
          0.0,
          1.0
        ]
      ]
    },
    {
      "file_path": "/media/NFS/ttao/scannet/posed_images/scene0147_00/00041.jpg",
      "transform_matrix": [
        [
          0.519435,
          0.422324,
          -0.742852,
          2.646443
        ],
        [
          0.853545,
          -0.29774,
          0.427566,
          2.857234
        ],
        [
          -0.040605,
          -0.85615,
          -0.515129,
          1.467383
        ],
        [
          0.0,
          0.0,
          0.0,
          1.0
        ]
      ]
    },
    {
      "file_path": "/media/NFS/ttao/scannet/posed_images/scene0147_00/00047.jpg",
      "transform_matrix": [
        [
          0.524241,
          0.426984,
          -0.736787,
          2.573724
        ],
        [
          0.850824,
          -0.298846,
          0.432192,
          2.879554
        ],
        [
          -0.035647,
          -0.853449,
          -0.519956,
          1.447252
        ],
        [
          0.0,
          0.0,
          0.0,
          1.0
        ]
      ]
    },
    {
      "file_path": "/media/NFS/ttao/scannet/posed_images/scene0147_00/00049.jpg",
      "transform_matrix": [
        [
          0.521931,
          0.431658,
          -0.735703,
          2.544532
        ],
        [
          0.852278,
          -0.299098,
          0.429143,
          2.896074
        ],
        [
          -0.034804,
          -0.851006,
          -0.524001,
          1.448426
        ],
        [
          0.0,
          0.0,
          0.0,
          1.0
        ]
      ]
    },
    {
      "file_path": "/media/NFS/ttao/scannet/posed_images/scene0147_00/00058.jpg",
      "transform_matrix": [
        [
          0.528642,
          0.446303,
          -0.722046,
          2.42642
        ],
        [
          0.847567,
          -0.324186,
          0.420159,
          2.980863
        ],
        [
          -0.046559,
          -0.834096,
          -0.549651,
          1.451453
        ],
        [
          0.0,
          0.0,
          0.0,
          1.0
        ]
      ]
    },
    {
      "file_path": "/media/NFS/ttao/scannet/posed_images/scene0147_00/00064.jpg",
      "transform_matrix": [
        [
          0.550332,
          0.46246,
          -0.695172,
          2.358605
        ],
        [
          0.834125,
          -0.34143,
          0.433199,
          3.026737
        ],
        [
          -0.037015,
          -0.818264,
          -0.573649,
          1.446827
        ],
        [
          0.0,
          0.0,
          0.0,
          1.0
        ]
      ]
    },
    {
      "file_path": "/media/NFS/ttao/scannet/posed_images/scene0147_00/00069.jpg",
      "transform_matrix": [
        [
          0.596168,
          0.450075,
          -0.664842,
          2.29604
        ],
        [
          0.801672,
          -0.378741,
          0.462469,
          3.060103
        ],
        [
          -0.043657,
          -0.808695,
          -0.586606,
          1.437844
        ],
        [
          0.0,
          0.0,
          0.0,
          1.0
        ]
      ]
    },
    {
      "file_path": "/media/NFS/ttao/scannet/posed_images/scene0147_00/00077.jpg",
      "transform_matrix": [
        [
          0.663551,
          0.423427,
          -0.616773,
          2.164528
        ],
        [
          0.746669,
          -0.426335,
          0.510612,
          3.09627
        ],
        [
          -0.046745,
          -0.799342,
          -0.599055,
          1.438248
        ],
        [
          0.0,
          0.0,
          0.0,
          1.0
        ]
      ]
    },
    {
      "file_path": "/media/NFS/ttao/scannet/posed_images/scene0147_00/00084.jpg",
      "transform_matrix": [
        [
          0.700926,
          0.429808,
          -0.569181,
          2.073707
        ],
        [
          0.713058,
          -0.439975,
          0.545866,
          3.134174
        ],
        [
          -0.015808,
          -0.788471,
          -0.614869,
          1.429837
        ],
        [
          0.0,
          0.0,
          0.0,
          1.0
        ]
      ]
    },
    {
      "file_path": "/media/NFS/ttao/scannet/posed_images/scene0147_00/00086.jpg",
      "transform_matrix": [
        [
          0.706608,
          0.442052,
          -0.552534,
          2.053423
        ],
        [
          0.707601,
          -0.444031,
          0.54967,
          3.146193
        ],
        [
          -0.002359,
          -0.779376,
          -0.626552,
          1.422729
        ],
        [
          0.0,
          0.0,
          0.0,
          1.0
        ]
      ]
    },
    {
      "file_path": "/media/NFS/ttao/scannet/posed_images/scene0147_00/00097.jpg",
      "transform_matrix": [
        [
          0.714564,
          0.430278,
          -0.551596,
          1.959215
        ],
        [
          0.698676,
          -0.478779,
          0.531623,
          3.212792
        ],
        [
          -0.035347,
          -0.765266,
          -0.642743,
          1.416909
        ],
        [
          0.0,
          0.0,
          0.0,
          1.0
        ]
      ]
    },
    {
      "file_path": "/media/NFS/ttao/scannet/posed_images/scene0147_00/00101.jpg",
      "transform_matrix": [
        [
          0.729995,
          0.438339,
          -0.524371,
          1.947471
        ],
        [
          0.68239,
          -0.510215,
          0.523474,
          3.249853
        ],
        [
          -0.038083,
          -0.739959,
          -0.671573,
          1.406384
        ],
        [
          0.0,
          0.0,
          0.0,
          1.0
        ]
      ]
    },
    {
      "file_path": "/media/NFS/ttao/scannet/posed_images/scene0147_00/00108.jpg",
      "transform_matrix": [
        [
          0.801906,
          0.392732,
          -0.45023,
          1.944029
        ],
        [
          0.596897,
          -0.559038,
          0.575491,
          3.34281
        ],
        [
          -0.025682,
          -0.730231,
          -0.682717,
          1.388685
        ],
        [
          0.0,
          0.0,
          0.0,
          1.0
        ]
      ]
    },
    {
      "file_path": "/media/NFS/ttao/scannet/posed_images/scene0147_00/00116.jpg",
      "transform_matrix": [
        [
          0.902915,
          0.291007,
          -0.31632,
          1.900845
        ],
        [
          0.429816,
          -0.613515,
          0.662463,
          3.435091
        ],
        [
          -0.001286,
          -0.734108,
          -0.679032,
          1.390804
        ],
        [
          0.0,
          0.0,
          0.0,
          1.0
        ]
      ]
    },
    {
      "file_path": "/media/NFS/ttao/scannet/posed_images/scene0147_00/00121.jpg",
      "transform_matrix": [
        [
          0.946203,
          0.213676,
          -0.242985,
          1.88541
        ],
        [
          0.323569,
          -0.627973,
          0.70778,
          3.49135
        ],
        [
          -0.001352,
          -0.748326,
          -0.663329,
          1.401897
        ],
        [
          0.0,
          0.0,
          0.0,
          1.0
        ]
      ]
    },
    {
      "file_path": "/media/NFS/ttao/scannet/posed_images/scene0147_00/00125.jpg",
      "transform_matrix": [
        [
          0.972364,
          0.151011,
          -0.178053,
          1.886258
        ],
        [
          0.233465,
          -0.632687,
          0.738378,
          3.530629
        ],
        [
          -0.001149,
          -0.759542,
          -0.650458,
          1.411821
        ],
        [
          0.0,
          0.0,
          0.0,
          1.0
        ]
      ]
    },
    {
      "file_path": "/media/NFS/ttao/scannet/posed_images/scene0147_00/00129.jpg",
      "transform_matrix": [
        [
          0.987606,
          0.089195,
          -0.129141,
          1.90068
        ],
        [
          0.156112,
          -0.643146,
          0.749661,
          3.565224
        ],
        [
          -0.01619,
          -0.760531,
          -0.6491,
          1.417699
        ],
        [
          0.0,
          0.0,
          0.0,
          1.0
        ]
      ]
    },
    {
      "file_path": "/media/NFS/ttao/scannet/posed_images/scene0147_00/00136.jpg",
      "transform_matrix": [
        [
          0.996108,
          0.015107,
          -0.086841,
          1.910605
        ],
        [
          0.076783,
          -0.632542,
          0.77071,
          3.634342
        ],
        [
          -0.043287,
          -0.774378,
          -0.63124,
          1.448334
        ],
        [
          0.0,
          0.0,
          0.0,
          1.0
        ]
      ]
    },
    {
      "file_path": "/media/NFS/ttao/scannet/posed_images/scene0147_00/00142.jpg",
      "transform_matrix": [
        [
          0.995612,
          0.018566,
          -0.091718,
          1.905361
        ],
        [
          0.084928,
          -0.59083,
          0.802314,
          3.666706
        ],
        [
          -0.039294,
          -0.806583,
          -0.589814,
          1.481967
        ],
        [
          0.0,
          0.0,
          0.0,
          1.0
        ]
      ]
    },
    {
      "file_path": "/media/NFS/ttao/scannet/posed_images/scene0147_00/00148.jpg",
      "transform_matrix": [
        [
          0.997118,
          -0.000836,
          -0.075865,
          1.910269
        ],
        [
          0.06104,
          -0.58503,
          0.808711,
          3.691476
        ],
        [
          -0.045059,
          -0.811011,
          -0.583293,
          1.497948
        ],
        [
          0.0,
          0.0,
          0.0,
          1.0
        ]
      ]
    },
    {
      "file_path": "/media/NFS/ttao/scannet/posed_images/scene0147_00/00157.jpg",
      "transform_matrix": [
        [
          0.990389,
          -0.083508,
          0.110257,
          1.952273
        ],
        [
          -0.138226,
          -0.569445,
          0.810325,
          3.741071
        ],
        [
          -0.004883,
          -0.817777,
          -0.575515,
          1.49079
        ],
        [
          0.0,
          0.0,
          0.0,
          1.0
        ]
      ]
    },
    {
      "file_path": "/media/NFS/ttao/scannet/posed_images/scene0147_00/00164.jpg",
      "transform_matrix": [
        [
          0.929782,
          -0.204485,
          0.306089,
          1.957374
        ],
        [
          -0.368043,
          -0.532185,
          0.762445,
          3.789108
        ],
        [
          0.006987,
          -0.821563,
          -0.570076,
          1.482389
        ],
        [
          0.0,
          0.0,
          0.0,
          1.0
        ]
      ]
    },
    {
      "file_path": "/media/NFS/ttao/scannet/posed_images/scene0147_00/00166.jpg",
      "transform_matrix": [
        [
          0.903922,
          -0.243585,
          0.351554,
          1.95306
        ],
        [
          -0.427696,
          -0.514368,
          0.743305,
          3.799728
        ],
        [
          -0.00023,
          -0.822248,
          -0.569129,
          1.482723
        ],
        [
          0.0,
          0.0,
          0.0,
          1.0
        ]
      ]
    },
    {
      "file_path": "/media/NFS/ttao/scannet/posed_images/scene0147_00/00174.jpg",
      "transform_matrix": [
        [
          0.751386,
          -0.404076,
          0.521672,
          1.892828
        ],
        [
          -0.659569,
          -0.436338,
          0.612028,
          3.813636
        ],
        [
          -0.019681,
          -0.803948,
          -0.594374,
          1.459515
        ],
        [
          0.0,
          0.0,
          0.0,
          1.0
        ]
      ]
    },
    {
      "file_path": "/media/NFS/ttao/scannet/posed_images/scene0147_00/00183.jpg",
      "transform_matrix": [
        [
          0.611355,
          -0.51255,
          0.60294,
          1.8694
        ],
        [
          -0.789941,
          -0.349708,
          0.503684,
          3.79896
        ],
        [
          -0.04731,
          -0.784217,
          -0.61868,
          1.451817
        ],
        [
          0.0,
          0.0,
          0.0,
          1.0
        ]
      ]
    },
    {
      "file_path": "/media/NFS/ttao/scannet/posed_images/scene0147_00/00191.jpg",
      "transform_matrix": [
        [
          0.493129,
          -0.566508,
          0.660221,
          1.894693
        ],
        [
          -0.868945,
          -0.284171,
          0.405193,
          3.753441
        ],
        [
          -0.041929,
          -0.773509,
          -0.632397,
          1.434368
        ],
        [
          0.0,
          0.0,
          0.0,
          1.0
        ]
      ]
    },
    {
      "file_path": "/media/NFS/ttao/scannet/posed_images/scene0147_00/00196.jpg",
      "transform_matrix": [
        [
          0.412108,
          -0.600733,
          0.685045,
          1.915074
        ],
        [
          -0.91036,
          -0.24048,
          0.33677,
          3.718512
        ],
        [
          -0.037569,
          -0.762424,
          -0.645987,
          1.427947
        ],
        [
          0.0,
          0.0,
          0.0,
          1.0
        ]
      ]
    },
    {
      "file_path": "/media/NFS/ttao/scannet/posed_images/scene0147_00/00200.jpg",
      "transform_matrix": [
        [
          0.350574,
          -0.617564,
          0.704069,
          1.924155
        ],
        [
          -0.935812,
          -0.201461,
          0.289257,
          3.70134
        ],
        [
          -0.036792,
          -0.760282,
          -0.648551,
          1.427157
        ],
        [
          0.0,
          0.0,
          0.0,
          1.0
        ]
      ]
    },
    {
      "file_path": "/media/NFS/ttao/scannet/posed_images/scene0147_00/00209.jpg",
      "transform_matrix": [
        [
          0.243264,
          -0.644405,
          0.724959,
          1.932599
        ],
        [
          -0.96916,
          -0.131127,
          0.20865,
          3.664373
        ],
        [
          -0.039394,
          -0.753358,
          -0.65643,
          1.418983
        ],
        [
          0.0,
          0.0,
          0.0,
          1.0
        ]
      ]
    },
    {
      "file_path": "/media/NFS/ttao/scannet/posed_images/scene0147_00/00213.jpg",
      "transform_matrix": [
        [
          0.199974,
          -0.654909,
          0.728769,
          1.934854
        ],
        [
          -0.979262,
          -0.108919,
          0.170829,
          3.651535
        ],
        [
          -0.032501,
          -0.747817,
          -0.663109,
          1.412528
        ],
        [
          0.0,
          0.0,
          0.0,
          1.0
        ]
      ]
    },
    {
      "file_path": "/media/NFS/ttao/scannet/posed_images/scene0147_00/00217.jpg",
      "transform_matrix": [
        [
          0.160577,
          -0.663935,
          0.730345,
          1.939926
        ],
        [
          -0.986579,
          -0.085758,
          0.138954,
          3.63756
        ],
        [
          -0.029624,
          -0.742856,
          -0.668795,
          1.408272
        ],
        [
          0.0,
          0.0,
          0.0,
          1.0
        ]
      ]
    },
    {
      "file_path": "/media/NFS/ttao/scannet/posed_images/scene0147_00/00228.jpg",
      "transform_matrix": [
        [
          0.149392,
          -0.660842,
          0.735507,
          1.943653
        ],
        [
          -0.987484,
          -0.061663,
          0.145169,
          3.631939
        ],
        [
          -0.05058,
          -0.747988,
          -0.661782,
          1.415263
        ],
        [
          0.0,
          0.0,
          0.0,
          1.0
        ]
      ]
    },
    {
      "file_path": "/media/NFS/ttao/scannet/posed_images/scene0147_00/00234.jpg",
      "transform_matrix": [
        [
          0.185311,
          -0.661137,
          0.72702,
          1.937097
        ],
        [
          -0.981493,
          -0.088174,
          0.169991,
          3.645498
        ],
        [
          -0.048283,
          -0.745066,
          -0.665241,
          1.414324
        ],
        [
          0.0,
          0.0,
          0.0,
          1.0
        ]
      ]
    },
    {
      "file_path": "/media/NFS/ttao/scannet/posed_images/scene0147_00/00239.jpg",
      "transform_matrix": [
        [
          0.226384,
          -0.659953,
          0.716388,
          1.928627
        ],
        [
          -0.972902,
          -0.117693,
          0.199023,
          3.66254
        ],
        [
          -0.047032,
          -0.742031,
          -0.668714,
          1.412701
        ],
        [
          0.0,
          0.0,
          0.0,
          1.0
        ]
      ]
    },
    {
      "file_path": "/media/NFS/ttao/scannet/posed_images/scene0147_00/00241.jpg",
      "transform_matrix": [
        [
          0.2461,
          -0.657963,
          0.711702,
          1.924772
        ],
        [
          -0.968026,
          -0.130037,
          0.214515,
          3.66446
        ],
        [
          -0.048595,
          -0.741738,
          -0.668928,
          1.412709
        ],
        [
          0.0,
          0.0,
          0.0,
          1.0
        ]
      ]
    },
    {
      "file_path": "/media/NFS/ttao/scannet/posed_images/scene0147_00/00248.jpg",
      "transform_matrix": [
        [
          0.307043,
          -0.652787,
          0.692527,
          1.906655
        ],
        [
          -0.950489,
          -0.173711,
          0.257672,
          3.688738
        ],
        [
          -0.047906,
          -0.737356,
          -0.673803,
          1.409098
        ],
        [
          0.0,
          0.0,
          0.0,
          1.0
        ]
      ]
    },
    {
      "file_path": "/media/NFS/ttao/scannet/posed_images/scene0147_00/00254.jpg",
      "transform_matrix": [
        [
          0.343869,
          -0.653722,
          0.674093,
          1.890661
        ],
        [
          -0.937693,
          -0.200931,
          0.283477,
          3.704586
        ],
        [
          -0.049869,
          -0.729571,
          -0.682085,
          1.404204
        ],
        [
          0.0,
          0.0,
          0.0,
          1.0
        ]
      ]
    },
    {
      "file_path": "/media/NFS/ttao/scannet/posed_images/scene0147_00/00265.jpg",
      "transform_matrix": [
        [
          0.350205,
          -0.669851,
          0.654718,
          1.879028
        ],
        [
          -0.935764,
          -0.21942,
          0.276045,
          3.703137
        ],
        [
          -0.041251,
          -0.709334,
          -0.703665,
          1.385754
        ],
        [
          0.0,
          0.0,
          0.0,
          1.0
        ]
      ]
    },
    {
      "file_path": "/media/NFS/ttao/scannet/posed_images/scene0147_00/00267.jpg",
      "transform_matrix": [
        [
          0.336593,
          -0.677653,
          0.653828,
          1.881544
        ],
        [
          -0.940934,
          -0.214969,
          0.261594,
          3.697705
        ],
        [
          -0.036717,
          -0.70326,
          -0.709984,
          1.381752
        ],
        [
          0.0,
          0.0,
          0.0,
          1.0
        ]
      ]
    },
    {
      "file_path": "/media/NFS/ttao/scannet/posed_images/scene0147_00/00276.jpg",
      "transform_matrix": [
        [
          0.291636,
          -0.685681,
          0.666926,
          1.887562
        ],
        [
          -0.956249,
          -0.192112,
          0.220638,
          3.678467
        ],
        [
          -0.023163,
          -0.702093,
          -0.711708,
          1.390706
        ],
        [
          0.0,
          0.0,
          0.0,
          1.0
        ]
      ]
    },
    {
      "file_path": "/media/NFS/ttao/scannet/posed_images/scene0147_00/00284.jpg",
      "transform_matrix": [
        [
          0.293283,
          -0.620851,
          0.727,
          1.869576
        ],
        [
          -0.955829,
          -0.174989,
          0.236157,
          3.678567
        ],
        [
          -0.019401,
          -0.764148,
          -0.644749,
          1.438202
        ],
        [
          0.0,
          0.0,
          0.0,
          1.0
        ]
      ]
    },
    {
      "file_path": "/media/NFS/ttao/scannet/posed_images/scene0147_00/00290.jpg",
      "transform_matrix": [
        [
          0.325026,
          -0.564028,
          0.759098,
          1.849817
        ],
        [
          -0.945478,
          -0.176211,
          0.2739,
          3.697994
        ],
        [
          -0.020726,
          -0.806735,
          -0.59055,
          1.466219
        ],
        [
          0.0,
          0.0,
          0.0,
          1.0
        ]
      ]
    },
    {
      "file_path": "/media/NFS/ttao/scannet/posed_images/scene0147_00/00291.jpg",
      "transform_matrix": [
        [
          0.328578,
          -0.554552,
          0.764531,
          1.846823
        ],
        [
          -0.944259,
          -0.175502,
          0.278521,
          3.706063
        ],
        [
          -0.020278,
          -0.813432,
          -0.581307,
          1.470947
        ],
        [
          0.0,
          0.0,
          0.0,
          1.0
        ]
      ]
    },
    {
      "file_path": "/media/NFS/ttao/scannet/posed_images/scene0147_00/00301.jpg",
      "transform_matrix": [
        [
          0.387602,
          -0.486799,
          0.78281,
          1.83114
        ],
        [
          -0.921366,
          -0.177744,
          0.345676,
          3.74057
        ],
        [
          -0.029135,
          -0.855239,
          -0.517414,
          1.492312
        ],
        [
          0.0,
          0.0,
          0.0,
          1.0
        ]
      ]
    },
    {
      "file_path": "/media/NFS/ttao/scannet/posed_images/scene0147_00/00308.jpg",
      "transform_matrix": [
        [
          0.403482,
          -0.491674,
          0.771659,
          1.830979
        ],
        [
          -0.914433,
          -0.187338,
          0.35877,
          3.744926
        ],
        [
          -0.031837,
          -0.850389,
          -0.525191,
          1.48646
        ],
        [
          0.0,
          0.0,
          0.0,
          1.0
        ]
      ]
    },
    {
      "file_path": "/media/NFS/ttao/scannet/posed_images/scene0147_00/00314.jpg",
      "transform_matrix": [
        [
          0.409211,
          -0.4932,
          0.767659,
          1.834474
        ],
        [
          -0.911738,
          -0.188025,
          0.365214,
          3.745276
        ],
        [
          -0.035784,
          -0.849353,
          -0.526611,
          1.487699
        ],
        [
          0.0,
          0.0,
          0.0,
          1.0
        ]
      ]
    },
    {
      "file_path": "/media/NFS/ttao/scannet/posed_images/scene0147_00/00319.jpg",
      "transform_matrix": [
        [
          0.410482,
          -0.491581,
          0.768018,
          1.836387
        ],
        [
          -0.911365,
          -0.193182,
          0.363447,
          3.746606
        ],
        [
          -0.030296,
          -0.849134,
          -0.527308,
          1.483687
        ],
        [
          0.0,
          0.0,
          0.0,
          1.0
        ]
      ]
    },
    {
      "file_path": "/media/NFS/ttao/scannet/posed_images/scene0147_00/00323.jpg",
      "transform_matrix": [
        [
          0.406241,
          -0.494581,
          0.768347,
          1.845544
        ],
        [
          -0.913326,
          -0.193684,
          0.358222,
          3.746535
        ],
        [
          -0.028353,
          -0.847276,
          -0.530396,
          1.484311
        ],
        [
          0.0,
          0.0,
          0.0,
          1.0
        ]
      ]
    },
    {
      "file_path": "/media/NFS/ttao/scannet/posed_images/scene0147_00/00329.jpg",
      "transform_matrix": [
        [
          0.391996,
          -0.499674,
          0.772441,
          1.87672
        ],
        [
          -0.919128,
          -0.176864,
          0.352028,
          3.732146
        ],
        [
          -0.039283,
          -0.847965,
          -0.528594,
          1.484905
        ],
        [
          0.0,
          0.0,
          0.0,
          1.0
        ]
      ]
    },
    {
      "file_path": "/media/NFS/ttao/scannet/posed_images/scene0147_00/00340.jpg",
      "transform_matrix": [
        [
          0.300608,
          -0.54391,
          0.783452,
          1.984148
        ],
        [
          -0.952258,
          -0.125268,
          0.278411,
          3.647172
        ],
        [
          -0.053289,
          -0.829741,
          -0.555599,
          1.471377
        ],
        [
          0.0,
          0.0,
          0.0,
          1.0
        ]
      ]
    },
    {
      "file_path": "/media/NFS/ttao/scannet/posed_images/scene0147_00/00346.jpg",
      "transform_matrix": [
        [
          0.22545,
          -0.565112,
          0.793612,
          2.066899
        ],
        [
          -0.973455,
          -0.097666,
          0.206994,
          3.566996
        ],
        [
          -0.039466,
          -0.819213,
          -0.57213,
          1.460216
        ],
        [
          0.0,
          0.0,
          0.0,
          1.0
        ]
      ]
    },
    {
      "file_path": "/media/NFS/ttao/scannet/posed_images/scene0147_00/00347.jpg",
      "transform_matrix": [
        [
          0.213371,
          -0.568412,
          0.794595,
          2.080654
        ],
        [
          -0.976328,
          -0.094548,
          0.194537,
          3.552853
        ],
        [
          -0.035449,
          -0.817294,
          -0.57513,
          1.458123
        ],
        [
          0.0,
          0.0,
          0.0,
          1.0
        ]
      ]
    },
    {
      "file_path": "/media/NFS/ttao/scannet/posed_images/scene0147_00/00353.jpg",
      "transform_matrix": [
        [
          0.184876,
          -0.581261,
          0.792437,
          2.160499
        ],
        [
          -0.982758,
          -0.107023,
          0.150775,
          3.483389
        ],
        [
          -0.002831,
          -0.806648,
          -0.591025,
          1.457088
        ],
        [
          0.0,
          0.0,
          0.0,
          1.0
        ]
      ]
    },
    {
      "file_path": "/media/NFS/ttao/scannet/posed_images/scene0147_00/00362.jpg",
      "transform_matrix": [
        [
          0.076301,
          -0.62378,
          0.777867,
          2.257803
        ],
        [
          -0.99682,
          -0.065716,
          0.04508,
          3.415513
        ],
        [
          0.022999,
          -0.778833,
          -0.62681,
          1.428791
        ],
        [
          0.0,
          0.0,
          0.0,
          1.0
        ]
      ]
    },
    {
      "file_path": "/media/NFS/ttao/scannet/posed_images/scene0147_00/00366.jpg",
      "transform_matrix": [
        [
          0.016224,
          -0.645517,
          0.763573,
          2.31065
        ],
        [
          -0.999661,
          -0.026024,
          -0.00076,
          3.394846
        ],
        [
          0.020362,
          -0.763302,
          -0.645721,
          1.420427
        ],
        [
          0.0,
          0.0,
          0.0,
          1.0
        ]
      ]
    },
    {
      "file_path": "/media/NFS/ttao/scannet/posed_images/scene0147_00/00372.jpg",
      "transform_matrix": [
        [
          -0.086166,
          -0.649537,
          0.755431,
          2.384742
        ],
        [
          -0.995862,
          0.034181,
          -0.084201,
          3.354278
        ],
        [
          0.02887,
          -0.759561,
          -0.649795,
          1.426023
        ],
        [
          0.0,
          0.0,
          0.0,
          1.0
        ]
      ]
    },
    {
      "file_path": "/media/NFS/ttao/scannet/posed_images/scene0147_00/00379.jpg",
      "transform_matrix": [
        [
          -0.191624,
          -0.642639,
          0.741818,
          2.43297
        ],
        [
          -0.981467,
          0.124534,
          -0.145646,
          3.303868
        ],
        [
          0.001216,
          -0.75598,
          -0.654594,
          1.42234
        ],
        [
          0.0,
          0.0,
          0.0,
          1.0
        ]
      ]
    },
    {
      "file_path": "/media/NFS/ttao/scannet/posed_images/scene0147_00/00389.jpg",
      "transform_matrix": [
        [
          -0.157953,
          -0.627387,
          0.76252,
          2.495649
        ],
        [
          -0.987352,
          0.11106,
          -0.113148,
          3.215981
        ],
        [
          -0.013697,
          -0.770747,
          -0.636994,
          1.418144
        ],
        [
          0.0,
          0.0,
          0.0,
          1.0
        ]
      ]
    },
    {
      "file_path": "/media/NFS/ttao/scannet/posed_images/scene0147_00/00396.jpg",
      "transform_matrix": [
        [
          -0.045217,
          -0.619887,
          0.783387,
          2.54857
        ],
        [
          -0.998887,
          0.038591,
          -0.027119,
          3.113275
        ],
        [
          -0.013421,
          -0.783742,
          -0.620942,
          1.415533
        ],
        [
          0.0,
          0.0,
          0.0,
          1.0
        ]
      ]
    },
    {
      "file_path": "/media/NFS/ttao/scannet/posed_images/scene0147_00/00400.jpg",
      "transform_matrix": [
        [
          -0.016599,
          -0.631468,
          0.775224,
          2.567339
        ],
        [
          -0.999617,
          0.027661,
          0.001128,
          3.038455
        ],
        [
          -0.022156,
          -0.774909,
          -0.631685,
          1.414716
        ],
        [
          0.0,
          0.0,
          0.0,
          1.0
        ]
      ]
    },
    {
      "file_path": "/media/NFS/ttao/scannet/posed_images/scene0147_00/00403.jpg",
      "transform_matrix": [
        [
          -0.072724,
          -0.631103,
          0.772282,
          2.588933
        ],
        [
          -0.996895,
          0.069439,
          -0.03713,
          2.983963
        ],
        [
          -0.030193,
          -0.772584,
          -0.634194,
          1.423391
        ],
        [
          0.0,
          0.0,
          0.0,
          1.0
        ]
      ]
    },
    {
      "file_path": "/media/NFS/ttao/scannet/posed_images/scene0147_00/00415.jpg",
      "transform_matrix": [
        [
          -0.429774,
          -0.522424,
          0.736456,
          2.602501
        ],
        [
          -0.900757,
          0.3047,
          -0.309509,
          2.758632
        ],
        [
          -0.062704,
          -0.796387,
          -0.601529,
          1.432381
        ],
        [
          0.0,
          0.0,
          0.0,
          1.0
        ]
      ]
    },
    {
      "file_path": "/media/NFS/ttao/scannet/posed_images/scene0147_00/00420.jpg",
      "transform_matrix": [
        [
          -0.524402,
          -0.461909,
          0.715292,
          2.597608
        ],
        [
          -0.84908,
          0.346589,
          -0.398671,
          2.724924
        ],
        [
          -0.063763,
          -0.816404,
          -0.57395,
          1.441798
        ],
        [
          0.0,
          0.0,
          0.0,
          1.0
        ]
      ]
    },
    {
      "file_path": "/media/NFS/ttao/scannet/posed_images/scene0147_00/00422.jpg",
      "transform_matrix": [
        [
          -0.544208,
          -0.450846,
          0.707514,
          2.597297
        ],
        [
          -0.835982,
          0.362307,
          -0.412151,
          2.704506
        ],
        [
          -0.07052,
          -0.815764,
          -0.57407,
          1.454396
        ],
        [
          0.0,
          0.0,
          0.0,
          1.0
        ]
      ]
    },
    {
      "file_path": "/media/NFS/ttao/scannet/posed_images/scene0147_00/00428.jpg",
      "transform_matrix": [
        [
          -0.568487,
          -0.411931,
          0.712134,
          2.621523
        ],
        [
          -0.819782,
          0.356381,
          -0.448274,
          2.671367
        ],
        [
          -0.069133,
          -0.838633,
          -0.540292,
          1.477425
        ],
        [
          0.0,
          0.0,
          0.0,
          1.0
        ]
      ]
    },
    {
      "file_path": "/media/NFS/ttao/scannet/posed_images/scene0147_00/00435.jpg",
      "transform_matrix": [
        [
          -0.573082,
          -0.377475,
          0.727386,
          2.688556
        ],
        [
          -0.81698,
          0.332697,
          -0.471017,
          2.63493
        ],
        [
          -0.064202,
          -0.864191,
          -0.499052,
          1.494004
        ],
        [
          0.0,
          0.0,
          0.0,
          1.0
        ]
      ]
    },
    {
      "file_path": "/media/NFS/ttao/scannet/posed_images/scene0147_00/00441.jpg",
      "transform_matrix": [
        [
          -0.551468,
          -0.372611,
          0.746354,
          2.749058
        ],
        [
          -0.831983,
          0.310801,
          -0.459573,
          2.598103
        ],
        [
          -0.060725,
          -0.874393,
          -0.481403,
          1.498399
        ],
        [
          0.0,
          0.0,
          0.0,
          1.0
        ]
      ]
    },
    {
      "file_path": "/media/NFS/ttao/scannet/posed_images/scene0147_00/00446.jpg",
      "transform_matrix": [
        [
          -0.563929,
          -0.351478,
          0.747293,
          2.788208
        ],
        [
          -0.824114,
          0.297708,
          -0.481878,
          2.566388
        ],
        [
          -0.053106,
          -0.8876,
          -0.457544,
          1.506599
        ],
        [
          0.0,
          0.0,
          0.0,
          1.0
        ]
      ]
    },
    {
      "file_path": "/media/NFS/ttao/scannet/posed_images/scene0147_00/00456.jpg",
      "transform_matrix": [
        [
          -0.600201,
          -0.310255,
          0.737225,
          2.835896
        ],
        [
          -0.797992,
          0.295065,
          -0.525497,
          2.542324
        ],
        [
          -0.054491,
          -0.903703,
          -0.424679,
          1.534991
        ],
        [
          0.0,
          0.0,
          0.0,
          1.0
        ]
      ]
    },
    {
      "file_path": "/media/NFS/ttao/scannet/posed_images/scene0147_00/00463.jpg",
      "transform_matrix": [
        [
          -0.655761,
          -0.276179,
          0.702639,
          2.8481
        ],
        [
          -0.75296,
          0.307094,
          -0.582018,
          2.565879
        ],
        [
          -0.055036,
          -0.910724,
          -0.409332,
          1.537026
        ],
        [
          0.0,
          0.0,
          0.0,
          1.0
        ]
      ]
    },
    {
      "file_path": "/media/NFS/ttao/scannet/posed_images/scene0147_00/00471.jpg",
      "transform_matrix": [
        [
          -0.727458,
          -0.263131,
          0.633693,
          2.84927
        ],
        [
          -0.684891,
          0.334426,
          -0.647366,
          2.589285
        ],
        [
          -0.041581,
          -0.904943,
          -0.423497,
          1.526442
        ],
        [
          0.0,
          0.0,
          0.0,
          1.0
        ]
      ]
    },
    {
      "file_path": "/media/NFS/ttao/scannet/posed_images/scene0147_00/00476.jpg",
      "transform_matrix": [
        [
          -0.769227,
          -0.244242,
          0.590453,
          2.842807
        ],
        [
          -0.636912,
          0.36728,
          -0.677826,
          2.60541
        ],
        [
          -0.051308,
          -0.897469,
          -0.438083,
          1.511127
        ],
        [
          0.0,
          0.0,
          0.0,
          1.0
        ]
      ]
    },
    {
      "file_path": "/media/NFS/ttao/scannet/posed_images/scene0147_00/00482.jpg",
      "transform_matrix": [
        [
          -0.813645,
          -0.25411,
          0.522886,
          2.815658
        ],
        [
          -0.580459,
          0.405199,
          -0.706316,
          2.606842
        ],
        [
          -0.032391,
          -0.878204,
