{
  "frames": [
    {
      "file_path": "/media/NFS/ttao/scannet/posed_images/scene0086_00/00001.jpg",
      "transform_matrix": [
        [
          -0.253329,
          -0.437174,
          0.862962,
          1.469363
        ],
        [
          -0.967015,
          0.138948,
          -0.213484,
          3.879031
        ],
        [
          -0.026577,
          -0.888579,
          -0.457953,
          1.438972
        ],
        [
          0.0,
          0.0,
          0.0,
          1.0
        ]
      ]
    },
    {
      "file_path": "/media/NFS/ttao/scannet/posed_images/scene0086_00/00004.jpg",
      "transform_matrix": [
        [
          -0.255547,
          -0.436424,
          0.862688,
          1.471235
        ],
        [
          -0.966448,
          0.139272,
          -0.215827,
          3.880077
        ],
        [
          -0.025956,
          -0.888897,
          -0.457372,
          1.436326
        ],
        [
          0.0,
          0.0,
          0.0,
          1.0
        ]
      ]
    },
    {
      "file_path": "/media/NFS/ttao/scannet/posed_images/scene0086_00/00010.jpg",
      "transform_matrix": [
        [
          -0.256215,
          -0.422205,
          0.869538,
          1.472398
        ],
        [
          -0.966162,
          0.139549,
          -0.216928,
          3.873422
        ],
        [
          -0.029755,
          -0.895695,
          -0.443673,
          1.433421
        ],
        [
          0.0,
          0.0,
          0.0,
          1.0
        ]
      ]
    },
    {
      "file_path": "/media/NFS/ttao/scannet/posed_images/scene0086_00/00013.jpg",
      "transform_matrix": [
        [
          -0.260803,
          -0.419508,
          0.86948,
          1.468059
        ],
        [
          -0.96492,
          0.141431,
          -0.221193,
          3.883923
        ],
        [
          -0.030179,
          -0.896666,
          -0.441677,
          1.410841
        ],
        [
          0.0,
          0.0,
          0.0,
          1.0
        ]
      ]
    },
    {
      "file_path": "/media/NFS/ttao/scannet/posed_images/scene0086_00/00019.jpg",
      "transform_matrix": [
        [
          -0.25677,
          -0.452434,
          0.854033,
          1.46133
        ],
        [
          -0.964463,
          0.176907,
          -0.196252,
          3.904189
        ],
        [
          -0.062293,
          -0.874075,
          -0.481781,
          1.373814
        ],
        [
          0.0,
          0.0,
          0.0,
          1.0
        ]
      ]
    },
    {
      "file_path": "/media/NFS/ttao/scannet/posed_images/scene0086_00/00023.jpg",
      "transform_matrix": [
        [
          -0.259664,
          -0.475136,
          0.840726,
          1.468191
        ],
        [
          -0.964908,
          0.162895,
          -0.205958,
          3.921429
        ],
        [
          -0.039092,
          -0.864703,
          -0.50076,
          1.367988
        ],
        [
          0.0,
          0.0,
          0.0,
          1.0
        ]
      ]
    },
    {
      "file_path": "/media/NFS/ttao/scannet/posed_images/scene0086_00/00029.jpg",
      "transform_matrix": [
        [
          -0.287156,
          -0.449331,
          0.845957,
          1.49062
        ],
        [
          -0.957803,
          0.146121,
          -0.24751,
          3.915849
        ],
        [
          -0.012398,
          -0.881334,
          -0.47233,
          1.397823
        ],
        [
          0.0,
          0.0,
          0.0,
          1.0
        ]
      ]
    },
    {
      "file_path": "/media/NFS/ttao/scannet/posed_images/scene0086_00/00033.jpg",
      "transform_matrix": [
        [
          -0.306684,
          -0.422976,
          0.852664,
          1.514911
        ],
        [
          -0.951698,
          0.150109,
          -0.267841,
          3.901564
        ],
        [
          -0.014702,
          -0.893621,
          -0.448581,
          1.429731
        ],
        [
          0.0,
          0.0,
          0.0,
          1.0
        ]
      ]
    },
    {
      "file_path": "/media/NFS/ttao/scannet/posed_images/scene0086_00/00040.jpg",
      "transform_matrix": [
        [
          -0.330938,
          -0.333387,
          0.882798,
          1.551982
        ],
        [
          -0.943633,
          0.122984,
          -0.307299,
          3.903003
        ],
        [
          -0.006121,
          -0.934734,
          -0.355295,
          1.473453
        ],
        [
          0.0,
          0.0,
          0.0,
          1.0
        ]
      ]
    },
    {
      "file_path": "/media/NFS/ttao/scannet/posed_images/scene0086_00/00041.jpg",
      "transform_matrix": [
        [
          -0.340637,
          -0.337288,
          0.877612,
          1.567803
        ],
        [
          -0.940184,
          0.126638,
          -0.316254,
          3.907612
        ],
        [
          -0.004471,
          -0.932845,
          -0.36025,
          1.491739
        ],
        [
          0.0,
          0.0,
          0.0,
          1.0
        ]
      ]
    },
    {
      "file_path": "/media/NFS/ttao/scannet/posed_images/scene0086_00/00050.jpg",
      "transform_matrix": [
        [
          -0.433318,
          -0.252415,
          0.865172,
          1.630716
        ],
        [
          -0.901178,
          0.132755,
          -0.41262,
          3.915638
        ],
        [
          -0.010704,
          -0.958469,
          -0.284996,
          1.523998
        ],
        [
          0.0,
          0.0,
          0.0,
          1.0
        ]
      ]
    },
    {
      "file_path": "/media/NFS/ttao/scannet/posed_images/scene0086_00/00053.jpg",
      "transform_matrix": [
        [
          -0.451592,
          -0.218554,
          0.865043,
          1.660381
        ],
        [
          -0.89213,
          0.124753,
          -0.434214,
          3.935807
        ],
        [
          -0.013018,
          -0.967818,
          -0.251316,
          1.5459
        ],
        [
          0.0,
          0.0,
          0.0,
          1.0
        ]
      ]
    },
    {
      "file_path": "/media/NFS/ttao/scannet/posed_images/scene0086_00/00060.jpg",
      "transform_matrix": [
        [
          -0.530784,
          -0.216261,
          0.819451,
          1.697637
        ],
        [
          -0.846869,
          0.09783,
          -0.522725,
          3.966419
        ],
        [
          0.032878,
          -0.971422,
          -0.235071,
          1.573117
        ],
        [
          0.0,
          0.0,
          0.0,
          1.0
        ]
      ]
    },
    {
      "file_path": "/media/NFS/ttao/scannet/posed_images/scene0086_00/00063.jpg",
      "transform_matrix": [
        [
          -0.559201,
          -0.222684,
          0.798565,
          1.717574
        ],
        [
          -0.828456,
          0.114179,
          -0.548292,
          3.987155
        ],
        [
          0.030916,
          -0.968181,
          -0.248333,
          1.582113
        ],
        [
          0.0,
          0.0,
          0.0,
          1.0
        ]
      ]
    },
    {
      "file_path": "/media/NFS/ttao/scannet/posed_images/scene0086_00/00069.jpg",
      "transform_matrix": [
        [
          -0.661633,
          -0.191497,
          0.724963,
          1.741405
        ],
        [
          -0.749493,
          0.140015,
          -0.647036,
          4.042589
        ],
        [
          0.022399,
          -0.971455,
          -0.236164,
          1.607647
        ],
        [
          0.0,
          0.0,
          0.0,
          1.0
        ]
      ]
    },
    {
      "file_path": "/media/NFS/ttao/scannet/posed_images/scene0086_00/00074.jpg",
      "transform_matrix": [
        [
          -0.740352,
          -0.149855,
          0.655303,
          1.754033
        ],
        [
          -0.672214,
          0.161078,
          -0.722622,
          4.128959
        ],
        [
          0.002734,
          -0.975499,
          -0.219989,
          1.617517
        ],
        [
          0.0,
          0.0,
          0.0,
          1.0
        ]
      ]
    },
    {
      "file_path": "/media/NFS/ttao/scannet/posed_images/scene0086_00/00076.jpg",
      "transform_matrix": [
        [
          -0.753902,
          -0.146168,
          0.640521,
          1.760098
        ],
        [
          -0.656987,
          0.168286,
          -0.734879,
          4.154815
        ],
        [
          -0.000375,
          -0.974841,
          -0.222902,
          1.622518
        ],
        [
          0.0,
          0.0,
          0.0,
          1.0
        ]
      ]
    },
    {
      "file_path": "/media/NFS/ttao/scannet/posed_images/scene0086_00/00080.jpg",
      "transform_matrix": [
        [
          -0.778919,
          -0.159899,
          0.606397,
          1.75556
        ],
        [
          -0.627109,
          0.191685,
          -0.754978,
          4.181679
        ],
        [
          0.004483,
          -0.968343,
          -0.249581,
          1.622219
        ],
        [
          0.0,
          0.0,
          0.0,
          1.0
        ]
      ]
    },
    {
      "file_path": "/media/NFS/ttao/scannet/posed_images/scene0086_00/00089.jpg",
      "transform_matrix": [
        [
          -0.800067,
          -0.187899,
          0.569726,
          1.731066
        ],
        [
          -0.599911,
          0.251485,
          -0.759515,
          4.226534
        ],
        [
          -0.000565,
          -0.949447,
          -0.313927,
          1.546938
        ],
        [
          0.0,
          0.0,
          0.0,
          1.0
        ]
      ]
    },
    {
      "file_path": "/media/NFS/ttao/scannet/posed_images/scene0086_00/00090.jpg",
      "transform_matrix": [
        [
          -0.798195,
          -0.201855,
          0.567572,
          1.730448
        ],
        [
          -0.602398,
          0.268283,
          -0.751758,
          4.219538
        ],
        [
          -0.000524,
          -0.941955,
          -0.33574,
          1.566761
        ],
        [
          0.0,
          0.0,
          0.0,
          1.0
        ]
      ]
    },
    {
      "file_path": "/media/NFS/ttao/scannet/posed_images/scene0086_00/00097.jpg",
      "transform_matrix": [
        [
          -0.790869,
          -0.217565,
          0.572007,
          1.710865
        ],
        [
          -0.611834,
          0.301908,
          -0.731102,
          4.22747
        ],
        [
          -0.013631,
          -0.928179,
          -0.371883,
          1.523445
        ],
        [
          0.0,
          0.0,
          0.0,
          1.0
        ]
      ]
    },
    {
      "file_path": "/media/NFS/ttao/scannet/posed_images/scene0086_00/00103.jpg",
      "transform_matrix": [
        [
          -0.814692,
          -0.225474,
          0.534265,
          1.720032
        ],
        [
          -0.579833,
          0.33017,
          -0.744837,
          4.237316
        ],
        [
          -0.008457,
          -0.916597,
          -0.399724,
          1.502206
        ],
        [
          0.0,
          0.0,
          0.0,
          1.0
        ]
      ]
    },
    {
      "file_path": "/media/NFS/ttao/scannet/posed_images/scene0086_00/00104.jpg",
      "transform_matrix": [
        [
          -0.816319,
          -0.223169,
          0.532746,
          1.724982
        ],
        [
          -0.577516,
          0.331188,
          -0.746184,
          4.242385
        ],
        [
          -0.009914,
          -0.916793,
          -0.399239,
          1.499734
        ],
        [
          0.0,
          0.0,
          0.0,
          1.0
        ]
      ]
    },
    {
      "file_path": "/media/NFS/ttao/scannet/posed_images/scene0086_00/00111.jpg",
      "transform_matrix": [
        [
          -0.825041,
          -0.19379,
          0.530804,
          1.773508
        ],
        [
          -0.563649,
          0.348881,
          -0.748721,
          4.267571
        ],
        [
          -0.040093,
          -0.916912,
          -0.397071,
          1.490058
        ],
        [
          0.0,
          0.0,
          0.0,
          1.0
        ]
      ]
    },
    {
      "file_path": "/media/NFS/ttao/scannet/posed_images/scene0086_00/00114.jpg",
      "transform_matrix": [
        [
          -0.822381,
          -0.187664,
          0.537095,
          1.782993
        ],
        [
          -0.566029,
          0.3652,
          -0.739081,
          4.265769
        ],
        [
          -0.057448,
          -0.911818,
          -0.406557,
          1.479839
        ],
        [
          0.0,
          0.0,
          0.0,
          1.0
        ]
      ]
    },
    {
      "file_path": "/media/NFS/ttao/scannet/posed_images/scene0086_00/00119.jpg",
      "transform_matrix": [
        [
          -0.817438,
          -0.180339,
          0.547059,
          1.760288
        ],
        [
          -0.572538,
          0.358594,
          -0.7373,
          4.231419
        ],
        [
          -0.063208,
          -0.915909,
          -0.396379,
          1.471287
        ],
        [
          0.0,
          0.0,
          0.0,
          1.0
        ]
      ]
    },
    {
      "file_path": "/media/NFS/ttao/scannet/posed_images/scene0086_00/00123.jpg",
      "transform_matrix": [
        [
          -0.811605,
          -0.181544,
          0.555283,
          1.722756
        ],
        [
          -0.580224,
          0.361289,
          -0.729939,
          4.183433
        ],
        [
          -0.068101,
          -0.914611,
          -0.39856,
          1.457017
        ],
        [
          0.0,
          0.0,
          0.0,
          1.0
        ]
      ]
    },
    {
      "file_path": "/media/NFS/ttao/scannet/posed_images/scene0086_00/00127.jpg",
      "transform_matrix": [
        [
          -0.784791,
          -0.197233,
          0.587539,
          1.673286
        ],
        [
          -0.61608,
          0.351438,
          -0.704937,
          4.116039
        ],
        [
          -0.067447,
          -0.9152,
          -0.397317,
          1.445823
        ],
        [
          0.0,
          0.0,
          0.0,
          1.0
        ]
      ]
    },
    {
      "file_path": "/media/NFS/ttao/scannet/posed_images/scene0086_00/00134.jpg",
      "transform_matrix": [
        [
          -0.735947,
          -0.248101,
          0.629943,
          1.577181
        ],
        [
          -0.67475,
          0.345229,
          -0.652326,
          3.978901
        ],
        [
          -0.055631,
          -0.905131,
          -0.421476,
          1.414881
        ],
        [
          0.0,
          0.0,
          0.0,
          1.0
        ]
      ]
    },
    {
      "file_path": "/media/NFS/ttao/scannet/posed_images/scene0086_00/00137.jpg",
      "transform_matrix": [
        [
          -0.737537,
          -0.262871,
          0.622043,
          1.543131
        ],
        [
          -0.673786,
          0.348218,
          -0.651733,
          3.921385
        ],
        [
          -0.045285,
          -0.899802,
          -0.433942,
          1.408643
        ],
        [
          0.0,
          0.0,
          0.0,
          1.0
        ]
      ]
    },
    {
      "file_path": "/media/NFS/ttao/scannet/posed_images/scene0086_00/00144.jpg",
      "transform_matrix": [
        [
          -0.74341,
          -0.275969,
          0.609248,
          1.494991
        ],
        [
          -0.668544,
          0.333563,
          -0.66467,
          3.832527
        ],
        [
          -0.019794,
          -0.901431,
          -0.432471,
          1.43547
        ],
        [
          0.0,
          0.0,
          0.0,
          1.0
        ]
      ]
    },
    {
      "file_path": "/media/NFS/ttao/scannet/posed_images/scene0086_00/00147.jpg",
      "transform_matrix": [
        [
          -0.746234,
          -0.275,
          0.606225,
          1.483991
        ],
        [
          -0.665379,
          0.335679,
          -0.666776,
          3.813008
        ],
        [
          -0.020134,
          -0.900941,
          -0.433475,
          1.437367
        ],
        [
          0.0,
          0.0,
          0.0,
          1.0
        ]
      ]
    },
    {
      "file_path": "/media/NFS/ttao/scannet/posed_images/scene0086_00/00151.jpg",
      "transform_matrix": [
        [
          -0.754807,
          -0.266557,
          0.599345,
          1.478875
        ],
        [
          -0.655643,
          0.334443,
          -0.676964,
          3.800981
        ],
        [
          -0.019997,
          -0.903933,
          -0.427206,
          1.444171
        ],
        [
          0.0,
          0.0,
          0.0,
          1.0
        ]
      ]
    },
    {
      "file_path": "/media/NFS/ttao/scannet/posed_images/scene0086_00/00159.jpg",
      "transform_matrix": [
        [
          -0.798607,
          -0.226245,
          0.557709,
          1.462689
        ],
        [
          -0.600658,
          0.357959,
          -0.714895,
          3.776622
        ],
        [
          -0.037896,
          -0.905913,
          -0.421764,
          1.467852
        ],
        [
          0.0,
          0.0,
          0.0,
          1.0
        ]
      ]
    },
    {
      "file_path": "/media/NFS/ttao/scannet/posed_images/scene0086_00/00161.jpg",
      "transform_matrix": [
        [
          -0.812095,
          -0.209514,
          0.544615,
          1.463909
        ],
        [
          -0.581724,
          0.363962,
          -0.727412,
          3.788651
        ],
        [
          -0.045816,
          -0.907544,
          -0.417451,
          1.454015
        ],
        [
          0.0,
          0.0,
          0.0,
          1.0
        ]
      ]
    },
    {
      "file_path": "/media/NFS/ttao/scannet/posed_images/scene0086_00/00167.jpg",
      "transform_matrix": [
        [
          -0.854439,
          -0.194986,
          0.481574,
          1.47072
        ],
        [
          -0.517384,
          0.4039,
          -0.754439,
          3.802351
        ],
        [
          -0.047403,
          -0.893781,
          -0.445991,
          1.463499
        ],
        [
          0.0,
          0.0,
          0.0,
          1.0
        ]
      ]
    },
    {
      "file_path": "/media/NFS/ttao/scannet/posed_images/scene0086_00/00174.jpg",
      "transform_matrix": [
        [
          -0.912041,
          -0.172611,
          0.372003,
          1.524655
        ],
        [
          -0.409619,
          0.4273,
          -0.805994,
          3.887836
        ],
        [
          -0.019833,
          -0.887479,
          -0.46042,
          1.469276
        ],
        [
          0.0,
          0.0,
          0.0,
          1.0
        ]
      ]
    },
    {
      "file_path": "/media/NFS/ttao/scannet/posed_images/scene0086_00/00177.jpg",
      "transform_matrix": [
        [
          -0.92271,
          -0.168303,
          0.346816,
          1.559106
        ],
        [
          -0.385366,
          0.426068,
          -0.818511,
          3.933152
        ],
        [
          -0.010009,
          -0.888899,
          -0.457995,
          1.47297
        ],
        [
          0.0,
          0.0,
          0.0,
          1.0
        ]
      ]
    },
    {
      "file_path": "/media/NFS/ttao/scannet/posed_images/scene0086_00/00181.jpg",
      "transform_matrix": [
        [
          -0.934404,
          -0.16869,
          0.313739,
          1.628559
        ],
        [
          -0.356062,
          0.416584,
          -0.836467,
          4.013839
        ],
        [
          0.010405,
          -0.893309,
          -0.449322,
          1.481879
        ],
        [
          0.0,
          0.0,
          0.0,
          1.0
        ]
      ]
    },
    {
      "file_path": "/media/NFS/ttao/scannet/posed_images/scene0086_00/00186.jpg",
      "transform_matrix": [
        [
          -0.948106,
          -0.160715,
          0.274346,
          1.722968
        ],
        [
          -0.317482,
          0.431518,
          -0.844392,
          4.131897
        ],
        [
          0.017321,
          -0.887673,
          -0.460149,
          1.485824
        ],
        [
          0.0,
          0.0,
          0.0,
          1.0
        ]
      ]
    },
    {
      "file_path": "/media/NFS/ttao/scannet/posed_images/scene0086_00/00191.jpg",
      "transform_matrix": [
        [
          -0.964231,
          -0.140286,
          0.224895,
          1.768306
        ],
        [
          -0.264703,
          0.465505,
          -0.844534,
          4.200818
        ],
        [
          0.013787,
          -0.873856,
          -0.485989,
          1.483348
        ],
        [
          0.0,
          0.0,
          0.0,
          1.0
        ]
      ]
    },
    {
      "file_path": "/media/NFS/ttao/scannet/posed_images/scene0086_00/00194.jpg",
      "transform_matrix": [
        [
          -0.970214,
          -0.118985,
          0.211013,
          1.770912
        ],
        [
          -0.242155,
          0.452269,
          -0.858379,
          4.231199
        ],
        [
          0.0067,
          -0.883909,
          -0.46761,
          1.487558
        ],
        [
          0.0,
          0.0,
          0.0,
          1.0
        ]
      ]
    },
    {
      "file_path": "/media/NFS/ttao/scannet/posed_images/scene0086_00/00200.jpg",
      "transform_matrix": [
        [
          -0.977867,
          -0.109181,
          0.178483,
          1.812371
        ],
        [
          -0.208907,
          0.462191,
          -0.861822,
          4.266769
        ],
        [
          0.011602,
          -0.880033,
          -0.47477,
          1.482715
        ],
        [
          0.0,
          0.0,
          0.0,
          1.0
        ]
      ]
    },
    {
      "file_path": "/media/NFS/ttao/scannet/posed_images/scene0086_00/00206.jpg",
      "transform_matrix": [
        [
          -0.984837,
          -0.097364,
          0.143582,
          1.845375
        ],
        [
          -0.172381,
          0.456191,
          -0.873026,
          4.269277
        ],
        [
          0.0195,
          -0.88454,
          -0.466057,
          1.48402
        ],
        [
          0.0,
          0.0,
          0.0,
          1.0
        ]
      ]
    },
    {
      "file_path": "/media/NFS/ttao/scannet/posed_images/scene0086_00/00208.jpg",
      "transform_matrix": [
        [
          -0.987472,
          -0.086669,
          0.131862,
          1.861816
        ],
        [
          -0.157086,
          0.460804,
          -0.873489,
          4.267022
        ],
        [
          0.014942,
          -0.88326,
          -0.468646,
          1.480421
        ],
        [
          0.0,
          0.0,
          0.0,
          1.0
        ]
      ]
    },
    {
      "file_path": "/media/NFS/ttao/scannet/posed_images/scene0086_00/00217.jpg",
      "transform_matrix": [
        [
          -0.998161,
          -0.034151,
          0.050079,
          1.909606
        ],
        [
          -0.060167,
          0.45794,
          -0.886945,
          4.262886
        ],
        [
          0.007357,
          -0.888327,
          -0.459153,
          1.48063
        ],
        [
          0.0,
          0.0,
          0.0,
          1.0
        ]
      ]
    },
    {
      "file_path": "/media/NFS/ttao/scannet/posed_images/scene0086_00/00218.jpg",
      "transform_matrix": [
        [
          -0.998624,
          -0.029456,
          0.043384,
          1.914746
        ],
        [
          -0.052067,
          0.458672,
          -0.887079,
          4.265793
        ],
        [
          0.006231,
          -0.888118,
          -0.459574,
          1.480322
        ],
        [
          0.0,
          0.0,
          0.0,
          1.0
        ]
      ]
    },
    {
      "file_path": "/media/NFS/ttao/scannet/posed_images/scene0086_00/00226.jpg",
      "transform_matrix": [
        [
          -0.999354,
          0.017362,
          -0.03147,
          2.015864
        ],
        [
          0.035934,
          0.465412,
          -0.884364,
          4.326478
        ],
        [
          -0.000708,
          -0.884924,
          -0.465736,
          1.474959
        ],
        [
          0.0,
          0.0,
          0.0,
          1.0
        ]
      ]
    },
    {
      "file_path": "/media/NFS/ttao/scannet/posed_images/scene0086_00/00230.jpg",
      "transform_matrix": [
        [
          -0.996593,
          0.049273,
          -0.066139,
          2.062501
        ],
        [
          0.081551,
          0.468955,
          -0.879449,
          4.372535
        ],
        [
          -0.012317,
          -0.881847,
          -0.471376,
          1.465936
        ],
        [
          0.0,
          0.0,
          0.0,
          1.0
        ]
      ]
    },
    {
      "file_path": "/media/NFS/ttao/scannet/posed_images/scene0086_00/00233.jpg",
      "transform_matrix": [
        [
          -0.994727,
          0.062722,
          -0.081137,
          2.082376
        ],
        [
          0.10115,
          0.469573,
          -0.877081,
          4.404627
        ],
        [
          -0.016913,
          -0.880663,
          -0.473442,
          1.470123
        ],
        [
          0.0,
          0.0,
          0.0,
          1.0
        ]
      ]
    },
    {
      "file_path": "/media/NFS/ttao/scannet/posed_images/scene0086_00/00240.jpg",
      "transform_matrix": [
        [
          -0.988901,
          0.054298,
          -0.138297,
          2.121295
        ],
        [
          0.147607,
          0.465112,
          -0.872859,
          4.473959
        ],
        [
          0.016929,
          -0.883585,
          -0.467965,
          1.477395
        ],
        [
          0.0,
          0.0,
          0.0,
          1.0
        ]
      ]
    },
    {
      "file_path": "/media/NFS/ttao/scannet/posed_images/scene0086_00/00241.jpg",
      "transform_matrix": [
        [
          -0.988773,
          0.0563,
          -0.138413,
          2.125976
        ],
        [
          0.148621,
          0.466477,
          -0.871959,
          4.478957
        ],
        [
          0.015475,
          -0.88274,
          -0.469607,
          1.48082
        ],
        [
          0.0,
          0.0,
          0.0,
          1.0
        ]
      ]
    },
    {
      "file_path": "/media/NFS/ttao/scannet/posed_images/scene0086_00/00248.jpg",
      "transform_matrix": [
        [
          -0.99326,
          0.054835,
          -0.10212,
          2.136765
        ],
        [
          0.115884,
          0.450794,
          -0.885074,
          4.546806
        ],
        [
          -0.002498,
          -0.890942,
          -0.45411,
          1.486236
        ],
        [
          0.0,
          0.0,
          0.0,
          1.0
        ]
      ]
    },
    {
      "file_path": "/media/NFS/ttao/scannet/posed_images/scene0086_00/00253.jpg",
      "transform_matrix": [
        [
          -0.993999,
          0.051237,
          -0.096643,
          2.121845
        ],
        [
          0.109384,
          0.460743,
          -0.880768,
          4.601582
        ],
        [
          -0.0006,
          -0.886054,
          -0.463582,
          1.481062
        ],
        [
          0.0,
          0.0,
          0.0,
          1.0
        ]
      ]
    },
    {
      "file_path": "/media/NFS/ttao/scannet/posed_images/scene0086_00/00258.jpg",
      "transform_matrix": [
        [
          -0.991712,
          0.06257,
          -0.112214,
          2.110754
        ],
        [
          0.128455,
          0.46578,
          -0.875527,
          4.651363
        ],
        [
          -0.002515,
          -0.882685,
          -0.469957,
          1.475605
        ],
        [
          0.0,
          0.0,
          0.0,
          1.0
        ]
      ]
    },
    {
      "file_path": "/media/NFS/ttao/scannet/posed_images/scene0086_00/00264.jpg",
      "transform_matrix": [
        [
          -0.984222,
          0.083087,
          -0.156216,
          2.098183
        ],
        [
          0.176934,
          0.467666,
          -0.866016,
          4.699695
        ],
        [
          0.001102,
          -0.879992,
          -0.474988,
          1.477641
        ],
        [
          0.0,
          0.0,
          0.0,
          1.0
        ]
      ]
    },
    {
      "file_path": "/media/NFS/ttao/scannet/posed_images/scene0086_00/00268.jpg",
      "transform_matrix": [
        [
          -0.980995,
          0.085082,
          -0.174387,
          2.105884
        ],
        [
          0.193785,
          0.475282,
          -0.858228,
          4.711238
        ],
        [
          0.009863,
          -0.87571,
          -0.482737,
          1.47567
        ],
        [
          0.0,
          0.0,
          0.0,
          1.0
        ]
      ]
    },
    {
      "file_path": "/media/NFS/ttao/scannet/posed_images/scene0086_00/00273.jpg",
      "transform_matrix": [
        [
          -0.969507,
          0.112569,
          -0.217681,
          2.126618
        ],
        [
          0.244961,
          0.470931,
          -0.847477,
          4.695123
        ],
        [
          0.007113,
          -0.874958,
          -0.484146,
          1.471473
        ],
        [
          0.0,
          0.0,
          0.0,
          1.0
        ]
      ]
    },
    {
      "file_path": "/media/NFS/ttao/scannet/posed_images/scene0086_00/00276.jpg",
      "transform_matrix": [
        [
          -0.960195,
          0.129413,
          -0.247543,
          2.131725
        ],
        [
          0.279294,
          0.459075,
          -0.843354,
          4.681429
        ],
        [
          0.0045,
          -0.878921,
          -0.476946,
          1.469876
        ],
        [
          0.0,
          0.0,
          0.0,
          1.0
        ]
      ]
    },
    {
      "file_path": "/media/NFS/ttao/scannet/posed_images/scene0086_00/00283.jpg",
      "transform_matrix": [
        [
          -0.937741,
          0.182638,
          -0.29544,
          2.118061
        ],
        [
          0.346691,
          0.440382,
          -0.828172,
          4.625871
        ],
        [
          -0.021149,
          -0.879037,
          -0.476284,
          1.480842
        ],
        [
          0.0,
          0.0,
          0.0,
          1.0
        ]
      ]
    },
    {
      "file_path": "/media/NFS/ttao/scannet/posed_images/scene0086_00/00284.jpg",
      "transform_matrix": [
        [
          -0.934898,
          0.187041,
          -0.301631,
          2.121766
        ],
        [
          0.354232,
          0.438988,
          -0.825718,
          4.617978
        ],
        [
          -0.022031,
          -0.878809,
          -0.476665,
          1.476951
        ],
        [
          0.0,
          0.0,
          0.0,
          1.0
        ]
      ]
    },
    {
      "file_path": "/media/NFS/ttao/scannet/posed_images/scene0086_00/00290.jpg",
      "transform_matrix": [
        [
          -0.906893,
          0.209566,
          -0.36555,
          2.124208
        ],
        [
          0.420864,
          0.408442,
          -0.809968,
          4.58138
        ],
        [
          -0.020435,
          -0.888402,
          -0.458612,
          1.458183
        ],
        [
          0.0,
          0.0,
          0.0,
          1.0
        ]
      ]
    },
    {
      "file_path": "/media/NFS/ttao/scannet/posed_images/scene0086_00/00297.jpg",
      "transform_matrix": [
        [
          -0.870972,
          0.237255,
          -0.430254,
          2.08394
        ],
        [
          0.491312,
          0.412392,
          -0.767167,
          4.510119
        ],
        [
          -0.004581,
          -0.87957,
          -0.475748,
          1.47583
        ],
        [
          0.0,
          0.0,
          0.0,
          1.0
        ]
      ]
    },
    {
      "file_path": "/media/NFS/ttao/scannet/posed_images/scene0086_00/00301.jpg",
      "transform_matrix": [
        [
          -0.845357,
          0.255128,
          -0.469342,
          2.093331
        ],
        [
          0.534173,
          0.394491,
          -0.747688,
          4.465796
        ],
        [
          -0.005605,
          -0.882772,
          -0.469768,
          1.460624
        ],
        [
          0.0,
          0.0,
          0.0,
          1.0
        ]
      ]
    },
    {
      "file_path": "/media/NFS/ttao/scannet/posed_images/scene0086_00/00307.jpg",
      "transform_matrix": [
        [
          -0.822825,
          0.273937,
          -0.497914,
          2.055092
        ],
        [
          0.568286,
          0.391561,
          -0.723693,
          4.420512
        ],
        [
          -0.003282,
          -0.87843,
          -0.47786,
          1.461613
        ],
        [
          0.0,
          0.0,
          0.0,
          1.0
        ]
      ]
    },
    {
      "file_path": "/media/NFS/ttao/scannet/posed_images/scene0086_00/00308.jpg",
      "transform_matrix": [
        [
          -0.82133,
          0.273895,
          -0.500399,
          2.055039
        ],
        [
          0.570448,
          0.39037,
          -0.722635,
          4.412457
        ],
        [
          -0.002585,
          -0.878973,
          -0.476865,
          1.463855
        ],
        [
          0.0,
          0.0,
          0.0,
          1.0
        ]
      ]
    },
    {
      "file_path": "/media/NFS/ttao/scannet/posed_images/scene0086_00/00313.jpg",
      "transform_matrix": [
        [
          -0.803881,
          0.281503,
          -0.523958,
          2.071963
        ],
        [
          0.594783,
          0.384933,
          -0.705734,
          4.369051
        ],
        [
          0.003023,
          -0.878967,
          -0.476873,
          1.446538
        ],
        [
          0.0,
          0.0,
          0.0,
          1.0
        ]
      ]
    },
    {
      "file_path": "/media/NFS/ttao/scannet/posed_images/scene0086_00/00318.jpg",
      "transform_matrix": [
        [
          -0.767146,
          0.305686,
          -0.563953,
          2.064742
        ],
        [
          0.641461,
          0.370785,
          -0.6716,
          4.330472
        ],
        [
          0.003807,
          -0.876969,
          -0.480532,
          1.452319
        ],
        [
          0.0,
          0.0,
          0.0,
          1.0
        ]
      ]
    },
    {
      "file_path": "/media/NFS/ttao/scannet/posed_images/scene0086_00/00326.jpg",
      "transform_matrix": [
        [
          -0.633216,
          0.340038,
          -0.695278,
          2.113516
        ],
        [
          0.773828,
          0.295635,
          -0.560169,
          4.250309
        ],
        [
          0.01507,
          -0.892734,
          -0.450332,
          1.467211
        ],
        [
          0.0,
          0.0,
          0.0,
          1.0
        ]
      ]
    },
    {
      "file_path": "/media/NFS/ttao/scannet/posed_images/scene0086_00/00330.jpg",
      "transform_matrix": [
        [
          -0.53972,
          0.338645,
          -0.770728,
          2.216599
        ],
        [
          0.841566,
          0.240565,
          -0.483626,
          4.163555
        ],
        [
          0.021633,
          -0.909642,
          -0.41483,
          1.433089
        ],
        [
          0.0,
          0.0,
          0.0,
          1.0
        ]
      ]
    },
    {
      "file_path": "/media/NFS/ttao/scannet/posed_images/scene0086_00/00333.jpg",
      "transform_matrix": [
        [
          -0.487636,
          0.378556,
          -0.786706,
          2.253493
        ],
        [
          0.872978,
          0.222722,
          -0.43394,
          4.117582
        ],
        [
          0.010946,
          -0.898382,
          -0.439078,
          1.42894
        ],
        [
          0.0,
          0.0,
          0.0,
          1.0
        ]
      ]
    },
    {
      "file_path": "/media/NFS/ttao/scannet/posed_images/scene0086_00/00340.jpg",
      "transform_matrix": [
        [
          -0.346017,
          0.36995,
          -0.862211,
          2.338937
        ],
        [
          0.937427,
          0.174286,
          -0.301421,
          4.011719
        ],
        [
          0.038761,
          -0.912557,
          -0.407108,
          1.456878
        ],
        [
          0.0,
          0.0,
          0.0,
          1.0
        ]
      ]
    },
    {
      "file_path": "/media/NFS/ttao/scannet/posed_images/scene0086_00/00346.jpg",
      "transform_matrix": [
        [
          -0.292654,
          0.372286,
          -0.88077,
          2.350023
        ],
        [
          0.955257,
          0.155113,
          -0.251841,
          3.974916
        ],
        [
          0.042862,
          -0.915065,
          -0.401023,
          1.465789
        ],
        [
          0.0,
          0.0,
          0.0,
          1.0
        ]
      ]
    },
    {
      "file_path": "/media/NFS/ttao/scannet/posed_images/scene0086_00/00348.jpg",
      "transform_matrix": [
        [
          -0.281714,
          0.368494,
          -0.885917,
          2.355489
        ],
        [
          0.958769,
          0.14409,
          -0.244947,
          3.96748
        ],
        [
          0.03739,
          -0.918395,
          -0.393893,
          1.455234
        ],
        [
          0.0,
          0.0,
          0.0,
          1.0
        ]
      ]
    },
    {
      "file_path": "/media/NFS/ttao/scannet/posed_images/scene0086_00/00354.jpg",
      "transform_matrix": [
        [
          -0.211783,
          0.370194,
          -0.904492,
          2.356784
        ],
        [
          0.977049,
          0.058523,
          -0.204819,
          3.912742
        ],
        [
          -0.022889,
          -0.927109,
          -0.374092,
          1.432073
        ],
        [
          0.0,
          0.0,
          0.0,
          1.0
        ]
      ]
    },
    {
      "file_path": "/media/NFS/ttao/scannet/posed_images/scene0086_00/00358.jpg",
      "transform_matrix": [
        [
          -0.155429,
          0.40248,
          -0.902137,
          2.345786
        ],
        [
          0.986506,
          0.015667,
          -0.162975,
          3.867481
        ],
        [
          -0.051461,
          -0.915295,
          -0.399484,
          1.428153
        ],
        [
          0.0,
          0.0,
          0.0,
          1.0
        ]
      ]
    },
    {
      "file_path": "/media/NFS/ttao/scannet/posed_images/scene0086_00/00361.jpg",
      "transform_matrix": [
        [
          -0.091728,
          0.401519,
          -0.911246,
          2.350622
        ],
        [
          0.993464,
          -0.025526,
          -0.111252,
          3.836504
        ],
        [
          -0.06793,
          -0.915495,
          -0.396553,
          1.40172
        ],
        [
          0.0,
          0.0,
          0.0,
          1.0
        ]
      ]
    },
    {
      "file_path": "/media/NFS/ttao/scannet/posed_images/scene0086_00/00367.jpg",
      "transform_matrix": [
        [
          0.033003,
          0.422255,
          -0.905876,
          2.333151
        ],
        [
          0.995651,
          -0.0929,
          -0.007029,
          3.798325
        ],
        [
