{
  "frames": [
    {
      "file_path": "/media/NFS/ttao/scannet/posed_images/scene0336_01/00004.jpg",
      "transform_matrix": [
        [
          -0.825464,
          -0.295895,
          0.480682,
          2.242892
        ],
        [
          -0.564455,
          0.433337,
          -0.702574,
          2.627323
        ],
        [
          -0.000409,
          -0.851273,
          -0.524723,
          1.258505
        ],
        [
          0.0,
          0.0,
          0.0,
          1.0
        ]
      ]
    },
    {
      "file_path": "/media/NFS/ttao/scannet/posed_images/scene0336_01/00006.jpg",
      "transform_matrix": [
        [
          -0.824446,
          -0.294784,
          0.483106,
          2.23732
        ],
        [
          -0.565941,
          0.430186,
          -0.703314,
          2.630599
        ],
        [
          -0.0005,
          -0.853254,
          -0.521495,
          1.254481
        ],
        [
          0.0,
          0.0,
          0.0,
          1.0
        ]
      ]
    },
    {
      "file_path": "/media/NFS/ttao/scannet/posed_images/scene0336_01/00012.jpg",
      "transform_matrix": [
        [
          -0.817703,
          -0.30099,
          0.490679,
          2.229842
        ],
        [
          -0.575505,
          0.44591,
          -0.685535,
          2.649766
        ],
        [
          -0.01246,
          -0.842953,
          -0.537844,
          1.232217
        ],
        [
          0.0,
          0.0,
          0.0,
          1.0
        ]
      ]
    },
    {
      "file_path": "/media/NFS/ttao/scannet/posed_images/scene0336_01/00024.jpg",
      "transform_matrix": [
        [
          -0.828802,
          -0.355737,
          0.431901,
          2.229199
        ],
        [
          -0.558387,
          0.575404,
          -0.597591,
          2.690099
        ],
        [
          -0.035932,
          -0.736453,
          -0.675534,
          1.161067
        ],
        [
          0.0,
          0.0,
          0.0,
          1.0
        ]
      ]
    },
    {
      "file_path": "/media/NFS/ttao/scannet/posed_images/scene0336_01/00030.jpg",
      "transform_matrix": [
        [
          -0.836249,
          -0.348979,
          0.422968,
          2.245737
        ],
        [
          -0.546285,
          0.597082,
          -0.587423,
          2.734293
        ],
        [
          -0.047548,
          -0.722293,
          -0.689951,
          1.149011
        ],
        [
          0.0,
          0.0,
          0.0,
          1.0
        ]
      ]
    },
    {
      "file_path": "/media/NFS/ttao/scannet/posed_images/scene0336_01/00032.jpg",
      "transform_matrix": [
        [
          -0.843959,
          -0.343879,
          0.41168,
          2.256988
        ],
        [
          -0.535282,
          0.589624,
          -0.604829,
          2.749387
        ],
        [
          -0.034748,
          -0.730815,
          -0.68169,
          1.155532
        ],
        [
          0.0,
          0.0,
          0.0,
          1.0
        ]
      ]
    },
    {
      "file_path": "/media/NFS/ttao/scannet/posed_images/scene0336_01/00042.jpg",
      "transform_matrix": [
        [
          -0.883715,
          -0.277751,
          0.3767,
          2.241313
        ],
        [
          -0.467997,
          0.515456,
          -0.717833,
          2.718658
        ],
        [
          0.005207,
          -0.810654,
          -0.585502,
          1.23291
        ],
        [
          0.0,
          0.0,
          0.0,
          1.0
        ]
      ]
    },
    {
      "file_path": "/media/NFS/ttao/scannet/posed_images/scene0336_01/00050.jpg",
      "transform_matrix": [
        [
          -0.884141,
          -0.238268,
          0.401899,
          2.161707
        ],
        [
          -0.467131,
          0.433985,
          -0.770355,
          2.652789
        ],
        [
          0.009133,
          -0.868842,
          -0.495006,
          1.279142
        ],
        [
          0.0,
          0.0,
          0.0,
          1.0
        ]
      ]
    },
    {
      "file_path": "/media/NFS/ttao/scannet/posed_images/scene0336_01/00054.jpg",
      "transform_matrix": [
        [
          -0.883147,
          -0.217941,
          0.415394,
          2.115452
        ],
        [
          -0.469057,
          0.398877,
          -0.787961,
          2.610859
        ],
        [
          0.006038,
          -0.890729,
          -0.454494,
          1.295632
        ],
        [
          0.0,
          0.0,
          0.0,
          1.0
        ]
      ]
    },
    {
      "file_path": "/media/NFS/ttao/scannet/posed_images/scene0336_01/00058.jpg",
      "transform_matrix": [
        [
          -0.887502,
          -0.189576,
          0.42,
          2.085408
        ],
        [
          -0.460634,
          0.389653,
          -0.797488,
          2.577768
        ],
        [
          -0.01247,
          -0.901239,
          -0.433144,
          1.31049
        ],
        [
          0.0,
          0.0,
          0.0,
          1.0
        ]
      ]
    },
    {
      "file_path": "/media/NFS/ttao/scannet/posed_images/scene0336_01/00069.jpg",
      "transform_matrix": [
        [
          -0.885796,
          -0.173595,
          0.430385,
          2.075647
        ],
        [
          -0.464071,
          0.335651,
          -0.819742,
          2.53467
        ],
        [
          -0.002156,
          -0.925853,
          -0.377878,
          1.325013
        ],
        [
          0.0,
          0.0,
          0.0,
          1.0
        ]
      ]
    },
    {
      "file_path": "/media/NFS/ttao/scannet/posed_images/scene0336_01/00071.jpg",
      "transform_matrix": [
        [
          -0.885393,
          -0.180234,
          0.428479,
          2.078248
        ],
        [
          -0.464814,
          0.332994,
          -0.820404,
          2.528898
        ],
        [
          0.005183,
          -0.925543,
          -0.378606,
          1.319345
        ],
        [
          0.0,
          0.0,
          0.0,
          1.0
        ]
      ]
    },
    {
      "file_path": "/media/NFS/ttao/scannet/posed_images/scene0336_01/00083.jpg",
      "transform_matrix": [
        [
          -0.947386,
          -0.16471,
          0.274462,
          2.120927
        ],
        [
          -0.317529,
          0.375307,
          -0.870816,
          2.479465
        ],
        [
          0.040425,
          -0.912149,
          -0.407861,
          1.305835
        ],
        [
          0.0,
          0.0,
          0.0,
          1.0
        ]
      ]
    },
    {
      "file_path": "/media/NFS/ttao/scannet/posed_images/scene0336_01/00087.jpg",
      "transform_matrix": [
        [
          -0.960529,
          -0.155125,
          0.23091,
          2.150662
        ],
        [
          -0.274388,
          0.391767,
          -0.878197,
          2.469794
        ],
        [
          0.045767,
          -0.906893,
          -0.418868,
          1.301818
        ],
        [
          0.0,
          0.0,
          0.0,
          1.0
        ]
      ]
    },
    {
      "file_path": "/media/NFS/ttao/scannet/posed_images/scene0336_01/00091.jpg",
      "transform_matrix": [
        [
          -0.971227,
          -0.150734,
          0.184385,
          2.176199
        ],
        [
          -0.230981,
          0.407573,
          -0.883478,
          2.459968
        ],
        [
          0.05802,
          -0.900646,
          -0.430663,
          1.305072
        ],
        [
          0.0,
          0.0,
          0.0,
          1.0
        ]
      ]
    },
    {
      "file_path": "/media/NFS/ttao/scannet/posed_images/scene0336_01/00101.jpg",
      "transform_matrix": [
        [
          -0.985213,
          -0.122372,
          0.119917,
          2.189406
        ],
        [
          -0.160849,
          0.419536,
          -0.893374,
          2.45671
        ],
        [
          0.059014,
          -0.899452,
          -0.433016,
          1.306269
        ],
        [
          0.0,
          0.0,
          0.0,
          1.0
        ]
      ]
    },
    {
      "file_path": "/media/NFS/ttao/scannet/posed_images/scene0336_01/00109.jpg",
      "transform_matrix": [
        [
          -0.990303,
          -0.103168,
          0.093037,
          2.151724
        ],
        [
          -0.128675,
          0.42872,
          -0.894227,
          2.461112
        ],
        [
          0.052369,
          -0.897527,
          -0.437838,
          1.304337
        ],
        [
          0.0,
          0.0,
          0.0,
          1.0
        ]
      ]
    },
    {
      "file_path": "/media/NFS/ttao/scannet/posed_images/scene0336_01/00113.jpg",
      "transform_matrix": [
        [
          -0.990123,
          -0.094088,
          0.103939,
          2.118441
        ],
        [
          -0.134226,
          0.422062,
          -0.896576,
          2.460074
        ],
        [
          0.040488,
          -0.901672,
          -0.430522,
          1.302167
        ],
        [
          0.0,
          0.0,
          0.0,
          1.0
        ]
      ]
    },
    {
      "file_path": "/media/NFS/ttao/scannet/posed_images/scene0336_01/00117.jpg",
      "transform_matrix": [
        [
          -0.990485,
          -0.08005,
          0.111943,
          2.083932
        ],
        [
          -0.135364,
          0.420009,
          -0.897368,
          2.457869
        ],
        [
          0.024817,
          -0.903983,
          -0.426848,
          1.300414
        ],
        [
          0.0,
          0.0,
          0.0,
          1.0
        ]
      ]
    },
    {
      "file_path": "/media/NFS/ttao/scannet/posed_images/scene0336_01/00125.jpg",
      "transform_matrix": [
        [
          -0.997303,
          -0.021091,
          0.070298,
          2.04142
        ],
        [
          -0.072021,
          0.465592,
          -0.882064,
          2.444043
        ],
        [
          -0.014126,
          -0.884748,
          -0.465855,
          1.288161
        ],
        [
          0.0,
          0.0,
          0.0,
          1.0
        ]
      ]
    },
    {
      "file_path": "/media/NFS/ttao/scannet/posed_images/scene0336_01/00135.jpg",
      "transform_matrix": [
        [
          -0.981852,
          -0.077835,
          0.172941,
          2.06775
        ],
        [
          -0.189649,
          0.404199,
          -0.894794,
          2.445382
        ],
        [
          -0.000257,
          -0.911353,
          -0.411625,
          1.29412
        ],
        [
          0.0,
          0.0,
          0.0,
          1.0
        ]
      ]
    },
    {
      "file_path": "/media/NFS/ttao/scannet/posed_images/scene0336_01/00143.jpg",
      "transform_matrix": [
        [
          -0.948248,
          -0.132234,
          0.288686,
          2.120297
        ],
        [
          -0.317523,
          0.388615,
          -0.864961,
          2.40893
        ],
        [
          0.00219,
          -0.911862,
          -0.410491,
          1.287296
        ],
        [
          0.0,
          0.0,
          0.0,
          1.0
        ]
      ]
    },
    {
      "file_path": "/media/NFS/ttao/scannet/posed_images/scene0336_01/00149.jpg",
      "transform_matrix": [
        [
          -0.910001,
          -0.160226,
          0.382394,
          2.155254
        ],
        [
          -0.414461,
          0.37586,
          -0.828825,
          2.356415
        ],
        [
          -0.010927,
          -0.91272,
          -0.40844,
          1.280678
        ],
        [
          0.0,
          0.0,
          0.0,
          1.0
        ]
      ]
    },
    {
      "file_path": "/media/NFS/ttao/scannet/posed_images/scene0336_01/00153.jpg",
      "transform_matrix": [
        [
          -0.885701,
          -0.19982,
          0.419053,
          2.177708
        ],
        [
          -0.464255,
          0.382687,
          -0.79876,
          2.316502
        ],
        [
          -0.000758,
          -0.90201,
          -0.431714,
          1.282526
        ],
        [
          0.0,
          0.0,
          0.0,
          1.0
        ]
      ]
    },
    {
      "file_path": "/media/NFS/ttao/scannet/posed_images/scene0336_01/00161.jpg",
      "transform_matrix": [
        [
          -0.842251,
          -0.252025,
          0.476546,
          2.205889
        ],
        [
          -0.538641,
          0.357537,
          -0.762911,
          2.257316
        ],
        [
          0.02189,
          -0.89925,
          -0.436887,
          1.291993
        ],
        [
          0.0,
          0.0,
          0.0,
          1.0
        ]
      ]
    },
    {
      "file_path": "/media/NFS/ttao/scannet/posed_images/scene0336_01/00165.jpg",
      "transform_matrix": [
        [
          -0.815288,
          -0.273662,
          0.510309,
          2.216776
        ],
        [
          -0.578293,
          0.339563,
          -0.741805,
          2.224245
        ],
        [
          0.029722,
          -0.899892,
          -0.435098,
          1.294149
        ],
        [
          0.0,
          0.0,
          0.0,
          1.0
        ]
      ]
    },
    {
      "file_path": "/media/NFS/ttao/scannet/posed_images/scene0336_01/00171.jpg",
      "transform_matrix": [
        [
          -0.736727,
          -0.275938,
          0.617326,
          2.189256
        ],
        [
          -0.676186,
          0.297539,
          -0.673975,
          2.164263
        ],
        [
          0.002297,
          -0.913963,
          -0.40579,
          1.285004
        ],
        [
          0.0,
          0.0,
          0.0,
          1.0
        ]
      ]
    },
    {
      "file_path": "/media/NFS/ttao/scannet/posed_images/scene0336_01/00179.jpg",
      "transform_matrix": [
        [
          -0.568173,
          -0.254851,
          0.782452,
          2.065026
        ],
        [
          -0.822651,
          0.19972,
          -0.532313,
          2.029505
        ],
        [
          -0.02061,
          -0.946131,
          -0.323129,
          1.287514
        ],
        [
          0.0,
          0.0,
          0.0,
          1.0
        ]
      ]
    },
    {
      "file_path": "/media/NFS/ttao/scannet/posed_images/scene0336_01/00185.jpg",
      "transform_matrix": [
        [
          -0.491636,
          -0.260037,
          0.831068,
          1.970934
        ],
        [
          -0.870347,
          0.177528,
          -0.459325,
          1.924481
        ],
        [
          -0.028096,
          -0.949139,
          -0.313602,
          1.299955
        ],
        [
          0.0,
          0.0,
          0.0,
          1.0
        ]
      ]
    },
    {
      "file_path": "/media/NFS/ttao/scannet/posed_images/scene0336_01/00190.jpg",
      "transform_matrix": [
        [
          -0.444468,
          -0.244859,
          0.86168,
          1.925502
        ],
        [
          -0.893846,
          0.184648,
          -0.408589,
          1.876306
        ],
        [
          -0.05906,
          -0.951814,
          -0.300936,
          1.307437
        ],
        [
          0.0,
          0.0,
          0.0,
          1.0
        ]
      ]
    },
    {
      "file_path": "/media/NFS/ttao/scannet/posed_images/scene0336_01/00198.jpg",
      "transform_matrix": [
        [
          -0.414768,
          -0.263777,
          0.870856,
          1.900105
        ],
        [
          -0.909534,
          0.148319,
          -0.388264,
          1.825203
        ],
        [
          -0.026749,
          -0.953112,
          -0.301432,
          1.304946
        ],
        [
          0.0,
          0.0,
          0.0,
          1.0
        ]
      ]
    },
    {
      "file_path": "/media/NFS/ttao/scannet/posed_images/scene0336_01/00208.jpg",
      "transform_matrix": [
        [
          -0.430589,
          -0.322355,
          0.843018,
          1.90309
        ],
        [
          -0.902414,
          0.137657,
          -0.408289,
          1.736776
        ],
        [
          0.015566,
          -0.936556,
          -0.350171,
          1.293249
        ],
        [
          0.0,
          0.0,
          0.0,
          1.0
        ]
      ]
    },
    {
      "file_path": "/media/NFS/ttao/scannet/posed_images/scene0336_01/00212.jpg",
      "transform_matrix": [
        [
          -0.42145,
          -0.344604,
          0.838826,
          1.900677
        ],
        [
          -0.906545,
          0.136025,
          -0.399592,
          1.699855
        ],
        [
          0.0236,
          -0.928841,
          -0.369726,
          1.296802
        ],
        [
          0.0,
          0.0,
          0.0,
          1.0
        ]
      ]
    },
    {
      "file_path": "/media/NFS/ttao/scannet/posed_images/scene0336_01/00216.jpg",
      "transform_matrix": [
        [
          -0.417364,
          -0.362493,
          0.83331,
          1.892539
        ],
        [
          -0.908579,
          0.149233,
          -0.390145,
          1.668775
        ],
        [
          0.017068,
          -0.919961,
          -0.391638,
          1.301193
        ],
        [
          0.0,
          0.0,
          0.0,
          1.0
        ]
      ]
    },
    {
      "file_path": "/media/NFS/ttao/scannet/posed_images/scene0336_01/00226.jpg",
      "transform_matrix": [
        [
          -0.322747,
          -0.343768,
          0.881849,
          1.817116
        ],
        [
          -0.945561,
          0.075933,
          -0.316463,
          1.58103
        ],
        [
          0.041829,
          -0.93598,
          -0.34956,
          1.314958
        ],
        [
          0.0,
          0.0,
          0.0,
          1.0
        ]
      ]
    },
    {
      "file_path": "/media/NFS/ttao/scannet/posed_images/scene0336_01/00230.jpg",
      "transform_matrix": [
        [
          -0.268316,
          -0.352345,
          0.896582,
          1.769123
        ],
        [
          -0.962362,
          0.056315,
          -0.265871,
          1.522048
        ],
        [
          0.043188,
          -0.934174,
          -0.354194,
          1.311075
        ],
        [
          0.0,
          0.0,
          0.0,
          1.0
        ]
      ]
    },
    {
      "file_path": "/media/NFS/ttao/scannet/posed_images/scene0336_01/00236.jpg",
      "transform_matrix": [
        [
          -0.265181,
          -0.342911,
          0.901161,
          1.727602
        ],
        [
          -0.963504,
          0.058777,
          -0.26116,
          1.464073
        ],
        [
          0.036588,
          -0.937527,
          -0.345983,
          1.321437
        ],
        [
          0.0,
          0.0,
          0.0,
          1.0
        ]
      ]
    },
    {
      "file_path": "/media/NFS/ttao/scannet/posed_images/scene0336_01/00246.jpg",
      "transform_matrix": [
        [
          -0.269367,
          -0.339844,
          0.901081,
          1.712607
        ],
        [
          -0.962672,
          0.069223,
          -0.261671,
          1.401608
        ],
        [
          0.026553,
          -0.937931,
          -0.345805,
          1.340176
        ],
        [
          0.0,
          0.0,
          0.0,
          1.0
        ]
      ]
    },
    {
      "file_path": "/media/NFS/ttao/scannet/posed_images/scene0336_01/00250.jpg",
      "transform_matrix": [
        [
          -0.250453,
          -0.310054,
          0.917137,
          1.709678
        ],
        [
          -0.967986,
          0.063907,
          -0.242734,
          1.398672
        ],
        [
          0.01665,
          -0.948569,
          -0.316133,
          1.349082
        ],
        [
          0.0,
          0.0,
          0.0,
          1.0
        ]
      ]
    },
    {
      "file_path": "/media/NFS/ttao/scannet/posed_images/scene0336_01/00260.jpg",
      "transform_matrix": [
        [
          -0.180261,
          -0.245031,
          0.95261,
          1.706015
        ],
        [
          -0.982792,
          0.005164,
          -0.184643,
          1.444974
        ],
        [
          0.040324,
          -0.969502,
          -0.241745,
          1.372036
        ],
        [
          0.0,
          0.0,
          0.0,
          1.0
        ]
      ]
    },
    {
      "file_path": "/media/NFS/ttao/scannet/posed_images/scene0336_01/00266.jpg",
      "transform_matrix": [
        [
          -0.203561,
          -0.21555,
          0.95504,
          1.721542
        ],
        [
          -0.976298,
          -0.028556,
          -0.214537,
          1.512814
        ],
        [
          0.073516,
          -0.976075,
          -0.204628,
          1.398847
        ],
        [
          0.0,
          0.0,
          0.0,
          1.0
        ]
      ]
    },
    {
      "file_path": "/media/NFS/ttao/scannet/posed_images/scene0336_01/00272.jpg",
      "transform_matrix": [
        [
          -0.243371,
          -0.165452,
          0.955717,
          1.736374
        ],
        [
          -0.96752,
          -0.028051,
          -0.251233,
          1.578281
        ],
        [
          0.068376,
          -0.985819,
          -0.153252,
          1.415684
        ],
        [
          0.0,
          0.0,
          0.0,
          1.0
        ]
      ]
    },
    {
      "file_path": "/media/NFS/ttao/scannet/posed_images/scene0336_01/00282.jpg",
      "transform_matrix": [
        [
          -0.295333,
          -0.090738,
          0.951076,
          1.755399
        ],
        [
          -0.953677,
          -0.031669,
          -0.299162,
          1.664138
        ],
        [
          0.057265,
          -0.995371,
          -0.077181,
          1.445678
        ],
        [
          0.0,
          0.0,
          0.0,
          1.0
        ]
      ]
    },
    {
      "file_path": "/media/NFS/ttao/scannet/posed_images/scene0336_01/00286.jpg",
      "transform_matrix": [
        [
          -0.315005,
          -0.049986,
          0.947773,
          1.758888
        ],
        [
          -0.947256,
          -0.045499,
          -0.317233,
          1.683931
        ],
        [
          0.05898,
          -0.997713,
          -0.033017,
          1.465467
        ],
        [
          0.0,
          0.0,
          0.0,
          1.0
        ]
      ]
    },
    {
      "file_path": "/media/NFS/ttao/scannet/posed_images/scene0336_01/00294.jpg",
      "transform_matrix": [
        [
          -0.349052,
          0.03847,
          0.936313,
          1.774927
        ],
        [
          -0.932431,
          -0.113913,
          -0.342924,
          1.721548
        ],
        [
          0.093466,
          -0.992746,
          0.075632,
          1.491979
        ],
        [
          0.0,
          0.0,
          0.0,
          1.0
        ]
      ]
    },
    {
      "file_path": "/media/NFS/ttao/scannet/posed_images/scene0336_01/00300.jpg",
      "transform_matrix": [
        [
          -0.350515,
          0.096673,
          0.931554,
          1.810316
        ],
        [
          -0.93245,
          -0.129077,
          -0.337457,
          1.739556
        ],
        [
          0.08762,
          -0.986911,
          0.135386,
          1.484357
        ],
        [
          0.0,
          0.0,
          0.0,
          1.0
        ]
      ]
    },
    {
      "file_path": "/media/NFS/ttao/scannet/posed_images/scene0336_01/00304.jpg",
      "transform_matrix": [
        [
          -0.364641,
          0.133139,
          0.921581,
          1.827141
        ],
        [
          -0.928175,
          -0.130996,
          -0.348326,
          1.764319
        ],
        [
          0.074348,
          -0.982402,
          0.171343,
          1.548566
        ],
        [
          0.0,
          0.0,
          0.0,
          1.0
        ]
      ]
    },
    {
      "file_path": "/media/NFS/ttao/scannet/posed_images/scene0336_01/00311.jpg",
      "transform_matrix": [
        [
          -0.364473,
          0.217143,
          0.905543,
          1.859074
        ],
        [
          -0.929246,
          -0.148003,
          -0.338523,
          1.781019
        ],
        [
          0.060516,
          -0.964854,
          0.255722,
          1.568294
        ],
        [
          0.0,
          0.0,
          0.0,
          1.0
        ]
      ]
    },
    {
      "file_path": "/media/NFS/ttao/scannet/posed_images/scene0336_01/00317.jpg",
      "transform_matrix": [
        [
          -0.407631,
          0.23478,
          0.882448,
          1.886608
        ],
        [
          -0.910628,
          -0.176243,
          -0.373758,
          1.809646
        ],
        [
          0.067775,
          -0.955938,
          0.285639,
          1.587316
        ],
        [
          0.0,
          0.0,
          0.0,
          1.0
        ]
      ]
    },
    {
      "file_path": "/media/NFS/ttao/scannet/posed_images/scene0336_01/00323.jpg",
      "transform_matrix": [
        [
          -0.480382,
          0.226476,
          0.847315,
          1.915875
        ],
        [
          -0.874541,
          -0.196852,
          -0.443201,
          1.84047
        ],
        [
          0.066422,
          -0.953917,
          0.292627,
          1.597816
        ],
        [
          0.0,
          0.0,
          0.0,
          1.0
        ]
      ]
    },
    {
      "file_path": "/media/NFS/ttao/scannet/posed_images/scene0336_01/00329.jpg",
      "transform_matrix": [
        [
          -0.565201,
          0.191601,
          0.802395,
          1.956582
        ],
        [
          -0.823311,
          -0.192363,
          -0.534,
          1.883333
        ],
        [
          0.052037,
          -0.962437,
          0.266471,
          1.584234
        ],
        [
          0.0,
          0.0,
          0.0,
          1.0
        ]
      ]
    },
    {
      "file_path": "/media/NFS/ttao/scannet/posed_images/scene0336_01/00341.jpg",
      "transform_matrix": [
        [
          -0.757007,
          0.068117,
          0.649846,
          2.082136
        ],
        [
          -0.653307,
          -0.096307,
          -0.750943,
          1.98312
        ],
        [
          0.011433,
          -0.993018,
          0.117407,
          1.539355
        ],
        [
          0.0,
          0.0,
          0.0,
          1.0
        ]
      ]
    },
    {
      "file_path": "/media/NFS/ttao/scannet/posed_images/scene0336_01/00343.jpg",
      "transform_matrix": [
        [
          -0.766559,
          0.040232,
          0.640912,
          2.097174
        ],
        [
          -0.641884,
          -0.077979,
          -0.762826,
          1.991508
        ],
        [
          0.019288,
          -0.996143,
          0.085599,
          1.529126
        ],
        [
          0.0,
          0.0,
          0.0,
          1.0
        ]
      ]
    },
    {
      "file_path": "/media/NFS/ttao/scannet/posed_images/scene0336_01/00351.jpg",
      "transform_matrix": [
        [
          -0.748936,
          -0.047068,
          0.660968,
          2.125001
        ],
        [
          -0.660714,
          -0.022998,
          -0.750286,
          1.991073
        ],
        [
          0.050516,
          -0.998627,
          -0.013875,
          1.442609
        ],
        [
          0.0,
          0.0,
          0.0,
          1.0
        ]
      ]
    },
    {
      "file_path": "/media/NFS/ttao/scannet/posed_images/scene0336_01/00355.jpg",
      "transform_matrix": [
        [
          -0.732872,
          -0.071269,
          0.676623,
          2.126517
        ],
        [
          -0.679106,
          0.016114,
          -0.733863,
          1.984265
        ],
        [
          0.041399,
          -0.997327,
          -0.060209,
          1.401299
        ],
        [
          0.0,
          0.0,
          0.0,
          1.0
        ]
      ]
    },
    {
      "file_path": "/media/NFS/ttao/scannet/posed_images/scene0336_01/00367.jpg",
      "transform_matrix": [
        [
          -0.681892,
          -0.1864,
          0.707303,
          2.12522
        ],
        [
          -0.730591,
          0.126634,
          -0.67097,
          1.975912
        ],
        [
          0.035501,
          -0.974279,
          -0.222533,
          1.350817
        ],
        [
          0.0,
          0.0,
          0.0,
          1.0
        ]
      ]
    },
    {
      "file_path": "/media/NFS/ttao/scannet/posed_images/scene0336_01/00371.jpg",
      "transform_matrix": [
        [
          -0.690764,
          -0.206776,
          0.692885,
          2.130564
        ],
        [
          -0.721844,
          0.141186,
          -0.677501,
          1.987192
        ],
        [
          0.042265,
          -0.968148,
          -0.246786,
          1.346648
        ],
        [
          0.0,
          0.0,
          0.0,
          1.0
        ]
      ]
    },
    {
      "file_path": "/media/NFS/ttao/scannet/posed_images/scene0336_01/00379.jpg",
      "transform_matrix": [
        [
          -0.731624,
          -0.232869,
          0.640701,
          2.165747
        ],
        [
          -0.680438,
          0.192107,
          -0.707177,
          2.039461
        ],
        [
          0.041596,
          -0.953345,
          -0.299002,
          1.318572
        ],
        [
          0.0,
          0.0,
          0.0,
          1.0
        ]
      ]
    },
    {
      "file_path": "/media/NFS/ttao/scannet/posed_images/scene0336_01/00385.jpg",
      "transform_matrix": [
        [
          -0.807849,
          -0.224316,
          0.545034,
          2.217887
        ],
        [
          -0.588009,
          0.243475,
          -0.77134,
          2.092423
        ],
        [
          0.040322,
          -0.943612,
          -0.32859,
          1.308074
        ],
        [
          0.0,
          0.0,
          0.0,
          1.0
        ]
      ]
    },
    {
      "file_path": "/media/NFS/ttao/scannet/posed_images/scene0336_01/00393.jpg",
      "transform_matrix": [
        [
          -0.864211,
          -0.223448,
          0.450788,
          2.258806
        ],
        [
          -0.501598,
          0.312798,
          -0.806571,
          2.139725
        ],
        [
          0.039221,
          -0.923162,
          -0.382405,
          1.303989
        ],
        [
          0.0,
          0.0,
          0.0,
          1.0
        ]
      ]
    },
    {
      "file_path": "/media/NFS/ttao/scannet/posed_images/scene0336_01/00401.jpg",
      "transform_matrix": [
        [
          -0.903568,
          -0.198064,
          0.379914,
          2.257076
        ],
        [
          -0.427221,
          0.349548,
          -0.833846,
          2.160863
        ],
        [
          0.032357,
          -0.915744,
          -0.400458,
          1.302051
        ],
        [
          0.0,
          0.0,
          0.0,
          1.0
        ]
      ]
    },
    {
      "file_path": "/media/NFS/ttao/scannet/posed_images/scene0336_01/00403.jpg",
      "transform_matrix": [
        [
          -0.91161,
          -0.188481,
          0.365298,
          2.251322
        ],
        [
          -0.409983,
          0.352683,
          -0.841148,
          2.164098
        ],
        [
          0.029706,
          -0.916564,
          -0.398783,
          1.303171
        ],
        [
          0.0,
          0.0,
          0.0,
          1.0
        ]
      ]
    },
    {
      "file_path": "/media/NFS/ttao/scannet/posed_images/scene0336_01/00411.jpg",
      "transform_matrix": [
        [
          -0.949694,
          -0.128023,
          0.285817,
          2.215967
        ],
        [
          -0.313062,
          0.36301,
          -0.87762,
          2.184366
        ],
        [
          0.008601,
          -0.922948,
          -0.384828,
          1.30703
        ],
        [
          0.0,
          0.0,
          0.0,
          1.0
        ]
      ]
    },
    {
      "file_path": "/media/NFS/ttao/scannet/posed_images/scene0336_01/00421.jpg",
      "transform_matrix": [
        [
          -0.971851,
          -0.055385,
          0.228992,
          2.190474
        ],
        [
          -0.230678,
          0.421255,
          -0.877116,
          2.200859
        ],
        [
          -0.047885,
          -0.90525,
          -0.422173,
          1.303071
        ],
        [
          0.0,
          0.0,
          0.0,
          1.0
        ]
      ]
    },
    {
      "file_path": "/media/NFS/ttao/scannet/posed_images/scene0336_01/00423.jpg",
      "transform_matrix": [
        [
          -0.976741,
          -0.05044,
          0.208403,
          2.19011
        ],
        [
          -0.209808,
          0.425338,
          -0.88038,
          2.203552
        ],
        [
          -0.044235,
          -0.903628,
          -0.426028,
          1.302784
        ],
        [
          0.0,
          0.0,
          0.0,
          1.0
        ]
      ]
    },
    {
      "file_path": "/media/NFS/ttao/scannet/posed_images/scene0336_01/00429.jpg",
      "transform_matrix": [
        [
          -0.99076,
          -0.021617,
          0.133892,
          2.191392
        ],
        [
          -0.130139,
          0.4295,
          -0.893641,
          2.192097
        ],
        [
          -0.038189,
          -0.902808,
          -0.428344,
          1.308913
        ],
        [
          0.0,
          0.0,
          0.0,
          1.0
        ]
      ]
    },
    {
      "file_path": "/media/NFS/ttao/scannet/posed_images/scene0336_01/00440.jpg",
      "transform_matrix": [
        [
          -0.999601,
          0.025891,
          -0.01125,
          2.30536
        ],
        [
          0.020775,
          0.404862,
          -0.914142,
          2.165564
        ],
        [
          -0.019113,
          -0.914011,
          -0.405238,
          1.313297
        ],
        [
          0.0,
          0.0,
          0.0,
          1.0
        ]
      ]
    },
    {
      "file_path": "/media/NFS/ttao/scannet/posed_images/scene0336_01/00442.jpg",
      "transform_matrix": [
        [
          -0.99775,
          0.039879,
          -0.053891,
          2.335954
        ],
        [
          0.065537,
          0.410849,
          -0.909345,
          2.153017
        ],
        [
          -0.014123,
          -0.910831,
          -0.412538,
          1.311198
        ],
        [
          0.0,
          0.0,
          0.0,
          1.0
        ]
      ]
    },
    {
      "file_path": "/media/NFS/ttao/scannet/posed_images/scene0336_01/00450.jpg",
      "transform_matrix": [
        [
          -0.962433,
          0.099668,
          -0.252563,
          2.444763
        ],
        [
          0.270587,
          0.429024,
          -0.861813,
          2.101484
        ],
        [
          0.02246,
          -0.897778,
          -0.439876,
          1.302089
        ],
        [
          0.0,
          0.0,
          0.0,
          1.0
        ]
      ]
    },
    {
      "file_path": "/media/NFS/ttao/scannet/posed_images/scene0336_01/00460.jpg",
      "transform_matrix": [
        [
          -0.927456,
          0.094013,
          -0.361921,
          2.509627
        ],
        [
          0.363065,
          0.458045,
          -0.811405,
          2.05726
        ],
        [
          0.089494,
          -0.883944,
          -0.458949,
          1.273041
        ],
        [
          0.0,
          0.0,
          0.0,
          1.0
        ]
      ]
    },
    {
      "file_path": "/media/NFS/ttao/scannet/posed_images/scene0336_01/00464.jpg",
      "transform_matrix": [
        [
          -0.903878,
          0.100985,
          -0.4157,
          2.511281
        ],
        [
          0.412432,
          0.463753,
          -0.784113,
          2.047473
        ],
        [
          0.113598,
          -0.88019,
          -0.460826,
          1.26683
        ],
        [
          0.0,
          0.0,
          0.0,
          1.0
        ]
      ]
    },
    {
      "file_path": "/media/NFS/ttao/scannet/posed_images/scene0336_01/00468.jpg",
      "transform_matrix": [
        [
          -0.874366,
          0.112662,
          -0.472007,
          2.509762
        ],
        [
          0.467499,
          0.456355,
          -0.75709,
          2.036732
        ],
        [
          0.130107,
          -0.882637,
          -0.451691,
          1.265704
        ],
        [
          0.0,
          0.0,
          0.0,
          1.0
        ]
      ]
    },
    {
      "file_path": "/media/NFS/ttao/scannet/posed_images/scene0336_01/00480.jpg",
      "transform_matrix": [
        [
          -0.792495,
          0.114757,
          -0.598984,
          2.511763
        ],
        [
          0.583883,
          0.426444,
          -0.690815,
          2.021021
        ],
        [
          0.176157,
          -0.897205,
          -0.40496,
          1.279693
        ],
        [
          0.0,
          0.0,
          0.0,
          1.0
        ]
      ]
    },
    {
      "file_path": "/media/NFS/ttao/scannet/posed_images/scene0336_01/00486.jpg",
      "transform_matrix": [
        [
          -0.739879,
          0.120513,
          -0.661857,
          2.511492
        ],
        [
          0.639045,
          0.433356,
          -0.635471,
          2.012709
        ],
        [
          0.210238,
          -0.893129,
          -0.397645,
          1.279436
        ],
        [
          0.0,
          0.0,
          0.0,
          1.0
        ]
      ]
    },
    {
      "file_path": "/media/NFS/ttao/scannet/posed_images/scene0336_01/00488.jpg",
      "transform_matrix": [
        [
          -0.722931,
          0.121088,
          -0.680227,
          2.514441
        ],
        [
          0.657141,
          0.424579,
          -0.622816,
          2.006611
        ],
        [
          0.213394,
          -0.897257,
          -0.386513,
          1.283044
        ],
        [
          0.0,
          0.0,
          0.0,
          1.0
        ]
      ]
    },
    {
      "file_path": "/media/NFS/ttao/scannet/posed_images/scene0336_01/00500.jpg",
      "transform_matrix": [
        [
          -0.727314,
          0.136658,
          -0.672562,
          2.555092
        ],
        [
          0.671998,
          0.340855,
          -0.657447,
          1.944156
        ],
        [
          0.139401,
          -0.930131,
          -0.339742,
          1.255753
        ],
        [
          0.0,
          0.0,
          0.0,
          1.0
        ]
      ]
    },
    {
      "file_path": "/media/NFS/ttao/scannet/posed_images/scene0336_01/00504.jpg",
      "transform_matrix": [
        [
          -0.71366,
          0.127681,
          -0.688757,
          2.566188
        ],
        [
          0.685843,
          0.327389,
          -0.64995,
          1.909205
        ],
        [
          0.142506,
          -0.936223,
          -0.321214,
          1.23864
        ],
        [
          0.0,
          0.0,
          0.0,
          1.0
        ]
      ]
    },
    {
      "file_path": "/media/NFS/ttao/scannet/posed_images/scene0336_01/00512.jpg",
      "transform_matrix": [
        [
          -0.714334,
          0.129406,
          -0.687736,
          2.586182
        ],
        [
          0.683559,
          0.339551,
          -0.646105,
          1.861559
        ],
        [
