{
  "frames": [
    {
      "file_path": "/media/NFS/ttao/scannet/posed_images/scene0346_01/00000.jpg",
      "transform_matrix": [
        [
          0.992742,
          0.061752,
          -0.103195,
          2.206997
        ],
        [
          0.120005,
          -0.564573,
          0.816612,
          3.283976
        ],
        [
          -0.007833,
          -0.82307,
          -0.567886,
          1.360735
        ],
        [
          0.0,
          0.0,
          0.0,
          1.0
        ]
      ]
    },
    {
      "file_path": "/media/NFS/ttao/scannet/posed_images/scene0346_01/00001.jpg",
      "transform_matrix": [
        [
          0.992114,
          0.046929,
          -0.116221,
          2.201977
        ],
        [
          0.123517,
          -0.523553,
          0.842992,
          3.290375
        ],
        [
          -0.021287,
          -0.8507,
          -0.525221,
          1.368881
        ],
        [
          0.0,
          0.0,
          0.0,
          1.0
        ]
      ]
    },
    {
      "file_path": "/media/NFS/ttao/scannet/posed_images/scene0346_01/00003.jpg",
      "transform_matrix": [
        [
          0.992412,
          0.036328,
          -0.117465,
          2.198582
        ],
        [
          0.119956,
          -0.495755,
          0.860138,
          3.290548
        ],
        [
          -0.026987,
          -0.867702,
          -0.496351,
          1.373773
        ],
        [
          0.0,
          0.0,
          0.0,
          1.0
        ]
      ]
    },
    {
      "file_path": "/media/NFS/ttao/scannet/posed_images/scene0346_01/00005.jpg",
      "transform_matrix": [
        [
          0.990805,
          0.034246,
          -0.13089,
          2.188818
        ],
        [
          0.131191,
          -0.479682,
          0.86758,
          3.290617
        ],
        [
          -0.033075,
          -0.876774,
          -0.479764,
          1.382739
        ],
        [
          0.0,
          0.0,
          0.0,
          1.0
        ]
      ]
    },
    {
      "file_path": "/media/NFS/ttao/scannet/posed_images/scene0346_01/00006.jpg",
      "transform_matrix": [
        [
          0.989792,
          0.043825,
          -0.135614,
          2.184463
        ],
        [
          0.139796,
          -0.483678,
          0.86401,
          3.289907
        ],
        [
          -0.027728,
          -0.874148,
          -0.484867,
          1.382706
        ],
        [
          0.0,
          0.0,
          0.0,
          1.0
        ]
      ]
    },
    {
      "file_path": "/media/NFS/ttao/scannet/posed_images/scene0346_01/00009.jpg",
      "transform_matrix": [
        [
          0.984976,
          0.072768,
          -0.156609,
          2.169731
        ],
        [
          0.171908,
          -0.499339,
          0.849181,
          3.285367
        ],
        [
          -0.016408,
          -0.863346,
          -0.504347,
          1.377404
        ],
        [
          0.0,
          0.0,
          0.0,
          1.0
        ]
      ]
    },
    {
      "file_path": "/media/NFS/ttao/scannet/posed_images/scene0346_01/00011.jpg",
      "transform_matrix": [
        [
          0.982028,
          0.078226,
          -0.171762,
          2.168537
        ],
        [
          0.187737,
          -0.498392,
          0.846381,
          3.281131
        ],
        [
          -0.019396,
          -0.863416,
          -0.50412,
          1.375077
        ],
        [
          0.0,
          0.0,
          0.0,
          1.0
        ]
      ]
    },
    {
      "file_path": "/media/NFS/ttao/scannet/posed_images/scene0346_01/00012.jpg",
      "transform_matrix": [
        [
          0.979852,
          0.083644,
          -0.181367,
          2.165459
        ],
        [
          0.198702,
          -0.500048,
          0.842894,
          3.277866
        ],
        [
          -0.020189,
          -0.861949,
          -0.506593,
          1.375571
        ],
        [
          0.0,
          0.0,
          0.0,
          1.0
        ]
      ]
    },
    {
      "file_path": "/media/NFS/ttao/scannet/posed_images/scene0346_01/00014.jpg",
      "transform_matrix": [
        [
          0.973801,
          0.103567,
          -0.202447,
          2.160021
        ],
        [
          0.226858,
          -0.50388,
          0.833451,
          3.269637
        ],
        [
          -0.015691,
          -0.857542,
          -0.514174,
          1.373628
        ],
        [
          0.0,
          0.0,
          0.0,
          1.0
        ]
      ]
    },
    {
      "file_path": "/media/NFS/ttao/scannet/posed_images/scene0346_01/00016.jpg",
      "transform_matrix": [
        [
          0.968214,
          0.120141,
          -0.219381,
          2.154136
        ],
        [
          0.249855,
          -0.505235,
          0.82602,
          3.261235
        ],
        [
          -0.0116,
          -0.854578,
          -0.519194,
          1.371085
        ],
        [
          0.0,
          0.0,
          0.0,
          1.0
        ]
      ]
    },
    {
      "file_path": "/media/NFS/ttao/scannet/posed_images/scene0346_01/00017.jpg",
      "transform_matrix": [
        [
          0.965207,
          0.126151,
          -0.229046,
          2.153165
        ],
        [
          0.261209,
          -0.505606,
          0.822272,
          3.257704
        ],
        [
          -0.012076,
          -0.853492,
          -0.520966,
          1.370913
        ],
        [
          0.0,
          0.0,
          0.0,
          1.0
        ]
      ]
    },
    {
      "file_path": "/media/NFS/ttao/scannet/posed_images/scene0346_01/00019.jpg",
      "transform_matrix": [
        [
          0.956566,
          0.14881,
          -0.250672,
          2.149141
        ],
        [
          0.291503,
          -0.496156,
          0.817836,
          3.245731
        ],
        [
          -0.002671,
          -0.855386,
          -0.517984,
          1.365833
        ],
        [
          0.0,
          0.0,
          0.0,
          1.0
        ]
      ]
    },
    {
      "file_path": "/media/NFS/ttao/scannet/posed_images/scene0346_01/00020.jpg",
      "transform_matrix": [
        [
          0.951892,
          0.16086,
          -0.260815,
          2.148905
        ],
        [
          0.306408,
          -0.48891,
          0.81675,
          3.241406
        ],
        [
          0.003867,
          -0.857375,
          -0.514678,
          1.365842
        ],
        [
          0.0,
          0.0,
          0.0,
          1.0
        ]
      ]
    },
    {
      "file_path": "/media/NFS/ttao/scannet/posed_images/scene0346_01/00023.jpg",
      "transform_matrix": [
        [
          0.947947,
          0.156159,
          -0.277507,
          2.142653
        ],
        [
          0.318419,
          -0.471359,
          0.822454,
          3.229669
        ],
        [
          -0.002372,
          -0.868006,
          -0.496548,
          1.370987
        ],
        [
          0.0,
          0.0,
          0.0,
          1.0
        ]
      ]
    },
    {
      "file_path": "/media/NFS/ttao/scannet/posed_images/scene0346_01/00024.jpg",
      "transform_matrix": [
        [
          0.945069,
          0.159834,
          -0.285126,
          2.141915
        ],
        [
          0.326849,
          -0.471839,
          0.818863,
          3.226763
        ],
        [
          -0.003651,
          -0.867076,
          -0.498162,
          1.371883
        ],
        [
          0.0,
          0.0,
          0.0,
          1.0
        ]
      ]
    },
    {
      "file_path": "/media/NFS/ttao/scannet/posed_images/scene0346_01/00025.jpg",
      "transform_matrix": [
        [
          0.941356,
          0.161236,
          -0.296396,
          2.144987
        ],
        [
          0.337357,
          -0.465852,
          0.818029,
          3.222867
        ],
        [
          -0.006181,
          -0.870049,
          -0.492927,
          1.369743
        ],
        [
          0.0,
          0.0,
          0.0,
          1.0
        ]
      ]
    },
    {
      "file_path": "/media/NFS/ttao/scannet/posed_images/scene0346_01/00027.jpg",
      "transform_matrix": [
        [
          0.937017,
          0.162616,
          -0.309121,
          2.143018
        ],
        [
          0.349225,
          -0.45246,
          0.820562,
          3.216367
        ],
        [
          -0.006428,
          -0.876833,
          -0.480752,
          1.373713
        ],
        [
          0.0,
          0.0,
          0.0,
          1.0
        ]
      ]
    },
    {
      "file_path": "/media/NFS/ttao/scannet/posed_images/scene0346_01/00029.jpg",
      "transform_matrix": [
        [
          0.934154,
          0.1614,
          -0.318286,
          2.145005
        ],
        [
          0.356752,
          -0.445234,
          0.821276,
          3.210999
        ],
        [
          -0.009157,
          -0.880748,
          -0.473497,
          1.374815
        ],
        [
          0.0,
          0.0,
          0.0,
          1.0
        ]
      ]
    },
    {
      "file_path": "/media/NFS/ttao/scannet/posed_images/scene0346_01/00031.jpg",
      "transform_matrix": [
        [
          0.929384,
          0.167345,
          -0.328999,
          2.144109
        ],
        [
          0.368998,
          -0.44359,
          0.816742,
          3.20595
        ],
        [
          -0.009263,
          -0.880468,
          -0.474016,
          1.377918
        ],
        [
          0.0,
          0.0,
          0.0,
          1.0
        ]
      ]
    },
    {
      "file_path": "/media/NFS/ttao/scannet/posed_images/scene0346_01/00032.jpg",
      "transform_matrix": [
        [
          0.925301,
          0.171393,
          -0.338292,
          2.14228
        ],
        [
          0.37901,
          -0.44848,
          0.809455,
          3.20331
        ],
        [
          -0.012982,
          -0.877206,
          -0.479939,
          1.379567
        ],
        [
          0.0,
          0.0,
          0.0,
          1.0
        ]
      ]
    },
    {
      "file_path": "/media/NFS/ttao/scannet/posed_images/scene0346_01/00034.jpg",
      "transform_matrix": [
        [
          0.914851,
          0.179985,
          -0.361461,
          2.142605
        ],
        [
          0.403333,
          -0.450001,
          0.796757,
          3.196712
        ],
        [
          -0.019254,
          -0.874703,
          -0.484277,
          1.377756
        ],
        [
          0.0,
          0.0,
          0.0,
          1.0
        ]
      ]
    },
    {
      "file_path": "/media/NFS/ttao/scannet/posed_images/scene0346_01/00036.jpg",
      "transform_matrix": [
        [
          0.904282,
          0.193663,
          -0.380485,
          2.140612
        ],
        [
          0.426345,
          -0.45649,
          0.780927,
          3.190901
        ],
        [
          -0.022451,
          -0.868396,
          -0.495363,
          1.376741
        ],
        [
          0.0,
          0.0,
          0.0,
          1.0
        ]
      ]
    },
    {
      "file_path": "/media/NFS/ttao/scannet/posed_images/scene0346_01/00037.jpg",
      "transform_matrix": [
        [
          0.899279,
          0.200582,
          -0.388669,
          2.137988
        ],
        [
          0.436674,
          -0.462012,
          0.77192,
          3.188591
        ],
        [
          -0.024736,
          -0.863894,
          -0.503067,
          1.376509
        ],
        [
          0.0,
          0.0,
          0.0,
          1.0
        ]
      ]
    },
    {
      "file_path": "/media/NFS/ttao/scannet/posed_images/scene0346_01/00039.jpg",
      "transform_matrix": [
        [
          0.885788,
          0.210172,
          -0.413773,
          2.134992
        ],
        [
          0.462744,
          -0.467859,
          0.752978,
          3.181383
        ],
        [
          -0.035332,
          -0.85845,
          -0.51168,
          1.371882
        ],
        [
          0.0,
          0.0,
          0.0,
          1.0
        ]
      ]
    },
    {
      "file_path": "/media/NFS/ttao/scannet/posed_images/scene0346_01/00041.jpg",
      "transform_matrix": [
        [
          0.872269,
          0.224734,
          -0.434329,
          2.126561
        ],
        [
          0.487351,
          -0.472951,
          0.734035,
          3.169868
        ],
        [
          -0.040454,
          -0.851946,
          -0.522064,
          1.367343
        ],
        [
          0.0,
          0.0,
          0.0,
          1.0
        ]
      ]
    },
    {
      "file_path": "/media/NFS/ttao/scannet/posed_images/scene0346_01/00043.jpg",
      "transform_matrix": [
        [
          0.856393,
          0.246442,
          -0.453715,
          2.124319
        ],
        [
          0.514657,
          -0.477997,
          0.711791,
          3.163936
        ],
        [
          -0.041459,
          -0.843081,
          -0.536186,
          1.363199
        ],
        [
          0.0,
          0.0,
          0.0,
          1.0
        ]
      ]
    },
    {
      "file_path": "/media/NFS/ttao/scannet/posed_images/scene0346_01/00045.jpg",
      "transform_matrix": [
        [
          0.842894,
          0.270337,
          -0.465239,
          2.122641
        ],
        [
          0.537024,
          -0.476792,
          0.695898,
          3.158812
        ],
        [
          -0.033695,
          -0.836413,
          -0.547063,
          1.360144
        ],
        [
          0.0,
          0.0,
          0.0,
          1.0
        ]
      ]
    },
    {
      "file_path": "/media/NFS/ttao/scannet/posed_images/scene0346_01/00046.jpg",
      "transform_matrix": [
        [
          0.835355,
          0.283175,
          -0.471162,
          2.119181
        ],
        [
          0.548878,
          -0.476827,
          0.686563,
          3.156778
        ],
        [
          -0.030245,
          -0.832135,
          -0.553748,
          1.360049
        ],
        [
          0.0,
          0.0,
          0.0,
          1.0
        ]
      ]
    },
    {
      "file_path": "/media/NFS/ttao/scannet/posed_images/scene0346_01/00048.jpg",
      "transform_matrix": [
        [
          0.811957,
          0.307375,
          -0.496231,
          2.120374
        ],
        [
          0.583156,
          -0.464386,
          0.666538,
          3.153345
        ],
        [
          -0.025566,
          -0.830582,
          -0.55631,
          1.356369
        ],
        [
          0.0,
          0.0,
          0.0,
          1.0
        ]
      ]
    },
    {
      "file_path": "/media/NFS/ttao/scannet/posed_images/scene0346_01/00050.jpg",
      "transform_matrix": [
        [
          0.786078,
          0.335596,
          -0.519092,
          2.11796
        ],
        [
          0.617757,
          -0.455562,
          0.640967,
          3.152716
        ],
        [
          -0.021372,
          -0.824523,
          -0.565424,
          1.360557
        ],
        [
          0.0,
          0.0,
          0.0,
          1.0
        ]
      ]
    },
    {
      "file_path": "/media/NFS/ttao/scannet/posed_images/scene0346_01/00051.jpg",
      "transform_matrix": [
        [
          0.774217,
          0.345957,
          -0.530002,
          2.114157
        ],
        [
          0.632591,
          -0.449967,
          0.630363,
          3.149105
        ],
        [
          -0.020405,
          -0.823313,
          -0.567221,
          1.358251
        ],
        [
          0.0,
          0.0,
          0.0,
          1.0
        ]
      ]
    },
    {
      "file_path": "/media/NFS/ttao/scannet/posed_images/scene0346_01/00053.jpg",
      "transform_matrix": [
        [
          0.749828,
          0.362809,
          -0.553287,
          2.108642
        ],
        [
          0.661253,
          -0.439255,
          0.608111,
          3.146378
        ],
        [
          -0.022406,
          -0.821842,
          -0.569274,
          1.356145
        ],
        [
          0.0,
          0.0,
          0.0,
          1.0
        ]
      ]
    },
    {
      "file_path": "/media/NFS/ttao/scannet/posed_images/scene0346_01/00055.jpg",
      "transform_matrix": [
        [
          0.726935,
          0.378582,
          -0.572924,
          2.102451
        ],
        [
          0.686289,
          -0.429618,
          0.586887,
          3.143185
        ],
        [
          -0.023953,
          -0.81982,
          -0.572121,
          1.352132
        ],
        [
          0.0,
          0.0,
          0.0,
          1.0
        ]
      ]
    },
    {
      "file_path": "/media/NFS/ttao/scannet/posed_images/scene0346_01/00057.jpg",
      "transform_matrix": [
        [
          0.702645,
          0.402991,
          -0.586419,
          2.094776
        ],
        [
          0.711281,
          -0.420037,
          0.563603,
          3.142675
        ],
        [
          -0.019191,
          -0.813122,
          -0.581777,
          1.347282
        ],
        [
          0.0,
          0.0,
          0.0,
          1.0
        ]
      ]
    },
    {
      "file_path": "/media/NFS/ttao/scannet/posed_images/scene0346_01/00059.jpg",
      "transform_matrix": [
        [
          0.67488,
          0.429734,
          -0.599888,
          2.08726
        ],
        [
          0.737681,
          -0.413881,
          0.533412,
          3.14701
        ],
        [
          -0.019057,
          -0.802515,
          -0.596327,
          1.346044
        ],
        [
          0.0,
          0.0,
          0.0,
          1.0
        ]
      ]
    },
    {
      "file_path": "/media/NFS/ttao/scannet/posed_images/scene0346_01/00060.jpg",
      "transform_matrix": [
        [
          0.655113,
          0.437659,
          -0.615859,
          2.09386
        ],
        [
          0.755045,
          -0.408474,
          0.51289,
          3.156839
        ],
        [
          -0.027091,
          -0.801002,
          -0.598049,
          1.344886
        ],
        [
          0.0,
          0.0,
          0.0,
          1.0
        ]
      ]
    },
    {
      "file_path": "/media/NFS/ttao/scannet/posed_images/scene0346_01/00062.jpg",
      "transform_matrix": [
        [
          0.624645,
          0.449544,
          -0.638536,
          2.081813
        ],
        [
          0.780486,
          -0.38629,
          0.49155,
          3.156063
        ],
        [
          -0.025687,
          -0.805413,
          -0.592157,
          1.339156
        ],
        [
          0.0,
          0.0,
          0.0,
          1.0
        ]
      ]
    },
    {
      "file_path": "/media/NFS/ttao/scannet/posed_images/scene0346_01/00064.jpg",
      "transform_matrix": [
        [
          0.593825,
          0.464167,
          -0.657207,
          2.069234
        ],
        [
          0.804365,
          -0.361951,
          0.471156,
          3.162737
        ],
        [
          -0.019181,
          -0.808419,
          -0.588295,
          1.338083
        ],
        [
          0.0,
          0.0,
          0.0,
          1.0
        ]
      ]
    },
    {
      "file_path": "/media/NFS/ttao/scannet/posed_images/scene0346_01/00066.jpg",
      "transform_matrix": [
        [
          0.566529,
          0.48358,
          -0.66723,
          2.056553
        ],
        [
          0.824019,
          -0.338491,
          0.454331,
          3.171302
        ],
        [
          -0.006145,
          -0.807202,
          -0.590244,
          1.332736
        ],
        [
          0.0,
          0.0,
          0.0,
          1.0
        ]
      ]
    },
    {
      "file_path": "/media/NFS/ttao/scannet/posed_images/scene0346_01/00068.jpg",
      "transform_matrix": [
        [
          0.543681,
          0.497803,
          -0.675724,
          2.040038
        ],
        [
          0.839289,
          -0.32036,
          0.439276,
          3.184177
        ],
        [
          0.002198,
          -0.805954,
          -0.591974,
          1.331941
        ],
        [
          0.0,
          0.0,
          0.0,
          1.0
        ]
      ]
    },
    {
      "file_path": "/media/NFS/ttao/scannet/posed_images/scene0346_01/00069.jpg",
      "transform_matrix": [
        [
          0.532531,
          0.502264,
          -0.681279,
          2.032819
        ],
        [
          0.846404,
          -0.312954,
          0.430882,
          3.193299
        ],
        [
          0.003207,
          -0.806096,
          -0.591777,
          1.331101
        ],
        [
          0.0,
          0.0,
          0.0,
          1.0
        ]
      ]
    },
    {
      "file_path": "/media/NFS/ttao/scannet/posed_images/scene0346_01/00070.jpg",
      "transform_matrix": [
        [
          0.519167,
          0.510688,
          -0.68532,
          2.025773
        ],
        [
          0.854673,
          -0.309611,
          0.416744,
          3.211023
        ],
        [
          0.000643,
          -0.802084,
          -0.597211,
          1.337126
        ],
        [
          0.0,
          0.0,
          0.0,
          1.0
        ]
      ]
    },
    {
      "file_path": "/media/NFS/ttao/scannet/posed_images/scene0346_01/00072.jpg",
      "transform_matrix": [
        [
          0.497861,
          0.52417,
          -0.690927,
          2.010159
        ],
        [
          0.867217,
          -0.29328,
          0.402394,
          3.229997
        ],
        [
          0.008288,
          -0.799521,
          -0.600582,
          1.334711
        ],
        [
          0.0,
          0.0,
          0.0,
          1.0
        ]
      ]
    },
    {
      "file_path": "/media/NFS/ttao/scannet/posed_images/scene0346_01/00074.jpg",
      "transform_matrix": [
        [
          0.47823,
          0.534154,
          -0.697119,
          1.991563
        ],
        [
          0.878128,
          -0.278456,
          0.389042,
          3.250257
        ],
        [
          0.013691,
          -0.798212,
          -0.602222,
          1.337574
        ],
        [
          0.0,
          0.0,
          0.0,
          1.0
        ]
      ]
    },
    {
      "file_path": "/media/NFS/ttao/scannet/posed_images/scene0346_01/00075.jpg",
      "transform_matrix": [
        [
          0.469752,
          0.533336,
          -0.703481,
          1.984007
        ],
        [
          0.882689,
          -0.271216,
          0.3838,
          3.259246
        ],
        [
          0.013899,
          -0.801246,
          -0.598174,
          1.33765
        ],
        [
          0.0,
          0.0,
          0.0,
          1.0
        ]
      ]
    },
    {
      "file_path": "/media/NFS/ttao/scannet/posed_images/scene0346_01/00077.jpg",
      "transform_matrix": [
        [
          0.451736,
          0.519413,
          -0.725358,
          1.9698
        ],
        [
          0.892104,
          -0.254615,
          0.373257,
          3.27911
        ],
        [
          0.009188,
          -0.815709,
          -0.57839,
          1.339075
        ],
        [
          0.0,
          0.0,
          0.0,
          1.0
        ]
      ]
    },
    {
      "file_path": "/media/NFS/ttao/scannet/posed_images/scene0346_01/00080.jpg",
      "transform_matrix": [
        [
          0.416958,
          0.517381,
          -0.747304,
          1.945341
        ],
        [
          0.908909,
          -0.242348,
          0.33934,
          3.312675
        ],
        [
          -0.00554,
          -0.820722,
          -0.571301,
          1.344436
        ],
        [
          0.0,
          0.0,
          0.0,
          1.0
        ]
      ]
    },
    {
      "file_path": "/media/NFS/ttao/scannet/posed_images/scene0346_01/00081.jpg",
      "transform_matrix": [
        [
          0.402325,
          0.511973,
          -0.758959,
          1.93804
        ],
        [
          0.915427,
          -0.235231,
          0.326589,
          3.323477
        ],
        [
          -0.011326,
          -0.826166,
          -0.563313,
          1.346754
        ],
        [
          0.0,
          0.0,
          0.0,
          1.0
        ]
      ]
    },
    {
      "file_path": "/media/NFS/ttao/scannet/posed_images/scene0346_01/00082.jpg",
      "transform_matrix": [
        [
          0.389939,
          0.502318,
          -0.771767,
          1.93453
        ],
        [
          0.920682,
          -0.228235,
          0.316628,
          3.332815
        ],
        [
          -0.017096,
          -0.834018,
          -0.551473,
          1.344939
        ],
        [
          0.0,
          0.0,
          0.0,
          1.0
        ]
      ]
    },
    {
      "file_path": "/media/NFS/ttao/scannet/posed_images/scene0346_01/00084.jpg",
      "transform_matrix": [
        [
          0.365301,
          0.49665,
          -0.787333,
          1.914393
        ],
        [
          0.930571,
          -0.216952,
          0.294905,
          3.357485
        ],
        [
          -0.024349,
          -0.840399,
          -0.541421,
          1.347922
        ],
        [
          0.0,
          0.0,
          0.0,
          1.0
        ]
      ]
    },
    {
      "file_path": "/media/NFS/ttao/scannet/posed_images/scene0346_01/00086.jpg",
      "transform_matrix": [
        [
          0.349995,
          0.508661,
          -0.786617,
          1.905246
        ],
        [
          0.936218,
          -0.218278,
          0.27541,
          3.372256
        ],
        [
          -0.031611,
          -0.832838,
          -0.552614,
          1.348553
        ],
        [
          0.0,
          0.0,
          0.0,
          1.0
        ]
      ]
    },
    {
      "file_path": "/media/NFS/ttao/scannet/posed_images/scene0346_01/00088.jpg",
      "transform_matrix": [
        [
          0.332201,
          0.517233,
          -0.788741,
          1.89611
        ],
        [
          0.942518,
          -0.21402,
          0.256621,
          3.386459
        ],
        [
          -0.036074,
          -0.828653,
          -0.5586,
          1.349461
        ],
        [
          0.0,
          0.0,
          0.0,
          1.0
        ]
      ]
    },
    {
      "file_path": "/media/NFS/ttao/scannet/posed_images/scene0346_01/00089.jpg",
      "transform_matrix": [
        [
          0.325552,
          0.514811,
          -0.793086,
          1.893051
        ],
        [
          0.944699,
          -0.212121,
          0.250095,
          3.393826
        ],
        [
          -0.039479,
          -0.830647,
          -0.555399,
          1.349101
        ],
        [
          0.0,
          0.0,
          0.0,
          1.0
        ]
      ]
    },
    {
      "file_path": "/media/NFS/ttao/scannet/posed_images/scene0346_01/00091.jpg",
      "transform_matrix": [
        [
          0.303343,
          0.512775,
          -0.803147,
          1.886768
        ],
        [
          0.951619,
          -0.206393,
          0.227648,
          3.417819
        ],
        [
          -0.049031,
          -0.833345,
          -0.550575,
          1.34966
        ],
        [
          0.0,
          0.0,
          0.0,
          1.0
        ]
      ]
    },
    {
      "file_path": "/media/NFS/ttao/scannet/posed_images/scene0346_01/00093.jpg",
      "transform_matrix": [
        [
          0.275865,
          0.51726,
          -0.810149,
          1.880761
        ],
        [
          0.959843,
          -0.19296,
          0.203638,
          3.432388
        ],
        [
          -0.050993,
          -0.833792,
          -0.549719,
          1.3492
        ],
        [
          0.0,
          0.0,
          0.0,
          1.0
        ]
      ]
    },
    {
      "file_path": "/media/NFS/ttao/scannet/posed_images/scene0346_01/00094.jpg",
      "transform_matrix": [
        [
          0.257128,
          0.523015,
          -0.812613,
          1.877826
        ],
        [
          0.964853,
          -0.186145,
          0.185493,
          3.439934
        ],
        [
          -0.054248,
          -0.831749,
          -0.552496,
          1.349177
        ],
        [
          0.0,
          0.0,
          0.0,
          1.0
        ]
      ]
    },
    {
      "file_path": "/media/NFS/ttao/scannet/posed_images/scene0346_01/00096.jpg",
      "transform_matrix": [
        [
          0.204487,
          0.539965,
          -0.81647,
          1.875757
        ],
        [
          0.976485,
          -0.1707,
          0.131672,
          3.457386
        ],
        [
          -0.068273,
          -0.824196,
          -0.562174,
          1.34944
        ],
        [
          0.0,
          0.0,
          0.0,
          1.0
        ]
      ]
    },
    {
      "file_path": "/media/NFS/ttao/scannet/posed_images/scene0346_01/00098.jpg",
      "transform_matrix": [
        [
          0.162688,
          0.543755,
          -0.823324,
          1.874285
        ],
        [
          0.983172,
          -0.159616,
          0.088858,
          3.465219
        ],
        [
          -0.083099,
          -0.823926,
          -0.560572,
          1.351145
        ],
        [
          0.0,
          0.0,
          0.0,
          1.0
        ]
      ]
    },
    {
      "file_path": "/media/NFS/ttao/scannet/posed_images/scene0346_01/00100.jpg",
      "transform_matrix": [
        [
          0.107058,
          0.546337,
          -0.830695,
          1.873547
        ],
        [
          0.990554,
          -0.130614,
          0.041758,
          3.485723
        ],
        [
          -0.085686,
          -0.827319,
          -0.555159,
          1.356824
        ],
        [
          0.0,
          0.0,
          0.0,
          1.0
        ]
      ]
    },
    {
      "file_path": "/media/NFS/ttao/scannet/posed_images/scene0346_01/00102.jpg",
      "transform_matrix": [
        [
          0.047254,
          0.564494,
          -0.824084,
          1.870947
        ],
        [
          0.997047,
          -0.076649,
          0.004668,
          3.493937
        ],
        [
          -0.06053,
          -0.821871,
          -0.566449,
          1.359546
        ],
        [
          0.0,
          0.0,
          0.0,
          1.0
        ]
      ]
    },
    {
      "file_path": "/media/NFS/ttao/scannet/posed_images/scene0346_01/00103.jpg",
      "transform_matrix": [
        [
          0.023861,
          0.570985,
          -0.820613,
          1.87225
        ],
        [
          0.998313,
          -0.057064,
          -0.010678,
          3.495345
        ],
        [
          -0.052925,
          -0.818975,
          -0.571384,
          1.357233
        ],
        [
          0.0,
          0.0,
          0.0,
          1.0
        ]
      ]
    },
    {
      "file_path": "/media/NFS/ttao/scannet/posed_images/scene0346_01/00105.jpg",
      "transform_matrix": [
        [
          -0.018502,
          0.576874,
          -0.816624,
          1.872171
        ],
        [
          0.998228,
          -0.035548,
          -0.047728,
          3.492815
        ],
        [
          -0.056562,
          -0.816059,
          -0.575194,
          1.357972
        ],
        [
          0.0,
          0.0,
          0.0,
          1.0
        ]
      ]
    },
    {
      "file_path": "/media/NFS/ttao/scannet/posed_images/scene0346_01/00107.jpg",
      "transform_matrix": [
        [
          -0.065456,
          0.579187,
          -0.812562,
          1.870633
        ],
        [
          0.99584,
          -0.01381,
          -0.090064,
          3.493288
        ],
        [
          -0.063385,
          -0.815078,
          -0.575874,
          1.357242
        ],
        [
          0.0,
          0.0,
          0.0,
          1.0
        ]
      ]
    },
    {
      "file_path": "/media/NFS/ttao/scannet/posed_images/scene0346_01/00108.jpg",
      "transform_matrix": [
        [
          -0.090638,
          0.58477,
          -0.80612,
          1.868988
        ],
        [
          0.993643,
          -0.001173,
          -0.112573,
          3.491264
        ],
        [
          -0.066775,
          -0.811199,
          -0.580946,
          1.356118
        ],
        [
          0.0,
          0.0,
          0.0,
          1.0
        ]
      ]
    },
    {
      "file_path": "/media/NFS/ttao/scannet/posed_images/scene0346_01/00110.jpg",
      "transform_matrix": [
        [
          -0.149081,
          0.58424,
          -0.797771,
          1.865439
        ],
        [
          0.985813,
          0.024894,
          -0.16599,
          3.48985
        ],
        [
          -0.077118,
          -0.811199,
          -0.579663,
          1.350796
        ],
        [
          0.0,
          0.0,
          0.0,
          1.0
        ]
      ]
    },
    {
      "file_path": "/media/NFS/ttao/scannet/posed_images/scene0346_01/00112.jpg",
      "transform_matrix": [
        [
          -0.2051,
          0.574428,
          -0.792444,
          1.855289
        ],
        [
          0.974987,
          0.049069,
          -0.216777,
          3.481271
        ],
        [
          -0.085638,
          -0.817083,
          -0.570124,
          1.352115
        ],
        [
          0.0,
          0.0,
          0.0,
          1.0
        ]
      ]
    },
    {
      "file_path": "/media/NFS/ttao/scannet/posed_images/scene0346_01/00113.jpg",
      "transform_matrix": [
        [
          -0.231241,
          0.571163,
          -0.787592,
          1.85097
        ],
        [
          0.969389,
          0.066583,
          -0.236332,
          3.470021
        ],
        [
          -0.082544,
          -0.818132,
          -0.569075,
          1.352646
        ],
        [
          0.0,
          0.0,
          0.0,
          1.0
        ]
      ]
    },
    {
      "file_path": "/media/NFS/ttao/scannet/posed_images/scene0346_01/00115.jpg",
      "transform_matrix": [
        [
          -0.279388,
          0.569662,
          -0.772935,
          1.84385
        ],
        [
          0.956956,
          0.09931,
          -0.272712,
          3.456818
        ],
        [
          -0.078593,
          -0.815857,
          -0.572888,
          1.345669
        ],
        [
          0.0,
          0.0,
          0.0,
          1.0
        ]
      ]
    },
    {
      "file_path": "/media/NFS/ttao/scannet/posed_images/scene0346_01/00117.jpg",
      "transform_matrix": [
        [
          -0.319507,
          0.571899,
          -0.755544,
          1.826097
        ],
        [
          0.944605,
          0.12905,
          -0.301776,
          3.444359
        ],
        [
          -0.075083,
          -0.81011,
          -0.581451,
          1.345134
        ],
        [
          0.0,
          0.0,
          0.0,
          1.0
        ]
      ]
    },
    {
      "file_path": "/media/NFS/ttao/scannet/posed_images/scene0346_01/00119.jpg",
      "transform_matrix": [
        [
          -0.363995,
          0.563279,
          -0.741771,
          1.810598
        ],
        [
          0.928684,
          0.1587,
          -0.335203,
          3.43856
        ],
        [
          -0.071094,
          -0.810883,
          -0.580874,
          1.338197
        ],
        [
          0.0,
          0.0,
          0.0,
          1.0
        ]
      ]
    },
    {
      "file_path": "/media/NFS/ttao/scannet/posed_images/scene0346_01/00121.jpg",
      "transform_matrix": [
        [
          -0.41185,
          0.552485,
          -0.724665,
          1.786126
        ],
        [
          0.909059,
          0.193962,
          -0.36877,
          3.436637
        ],
        [
          -0.063182,
          -0.810641,
          -0.582124,
          1.331466
        ],
        [
          0.0,
          0.0,
          0.0,
          1.0
        ]
      ]
    },
    {
      "file_path": "/media/NFS/ttao/scannet/posed_images/scene0346_01/00122.jpg",
      "transform_matrix": [
        [
          -0.428148,
          0.548807,
          -0.717984,
          1.774008
        ],
        [
          0.902025,
          0.211048,
          -0.376576,
          3.433776
        ],
        [
          -0.055138,
          -0.80887,
          -0.585397,
          1.330399
        ],
        [
          0.0,
          0.0,
          0.0,
          1.0
        ]
      ]
    },
    {
      "file_path": "/media/NFS/ttao/scannet/posed_images/scene0346_01/00125.jpg",
      "transform_matrix": [
        [
          -0.471283,
          0.539054,
          -0.698078,
          1.734945
        ],
        [
          0.881244,
          0.25544,
          -0.397692,
          3.41873
        ],
        [
          -0.03606,
          -0.802603,
          -0.595423,
          1.329119
        ],
        [
          0.0,
          0.0,
          0.0,
          1.0
        ]
      ]
    },
    {
      "file_path": "/media/NFS/ttao/scannet/posed_images/scene0346_01/00126.jpg",
      "transform_matrix": [
        [
          -0.486054,
          0.536109,
          -0.690173,
          1.72166
        ],
        [
          0.873369,
          0.269715,
          -0.405562,
          3.415293
        ],
        [
          -0.031276,
          -0.799901,
          -0.599317,
          1.327101
        ],
        [
          0.0,
          0.0,
          0.0,
          1.0
        ]
      ]
    },
    {
      "file_path": "/media/NFS/ttao/scannet/posed_images/scene0346_01/00127.jpg",
      "transform_matrix": [
        [
          -0.5028,
          0.526583,
          -0.685495,
          1.708527
        ],
        [
          0.864022,
          0.282631,
          -0.416636,
          3.414313
        ],
        [
          -0.025651,
          -0.801767,
          -0.597086,
          1.324439
        ],
        [
          0.0,
          0.0,
          0.0,
          1.0
        ]
      ]
    },
    {
      "file_path": "/media/NFS/ttao/scannet/posed_images/scene0346_01/00130.jpg",
      "transform_matrix": [
        [
          -0.548671,
          0.503722,
          -0.667252,
          1.658219
        ],
        [
          0.835928,
          0.317566,
          -0.447634,
          3.407867
        ],
        [
          -0.013587,
          -0.803378,
          -0.595314,
          1.328639
        ],
        [
          0.0,
          0.0,
          0.0,
          1.0
        ]
      ]
    },
    {
      "file_path": "/media/NFS/ttao/scannet/posed_images/scene0346_01/00131.jpg",
      "transform_matrix": [
        [
          -0.563404,
          0.495899,
          -0.660802,
          1.642049
        ],
        [
          0.826072,
          0.32509,
          -0.46035,
          3.402394
        ],
        [
          -0.013467,
          -0.805233,
          -0.592805,
          1.331535
        ],
        [
          0.0,
          0.0,
          0.0,
          1.0
        ]
      ]
    },
    {
      "file_path": "/media/NFS/ttao/scannet/posed_images/scene0346_01/00133.jpg",
      "transform_matrix": [
        [
          -0.590341,
          0.474194,
          -0.653175,
          1.616124
        ],
        [
          0.806867,
          0.325106,
          -0.493226,
          3.394516
        ],
        [
          -0.021534,
          -0.818197,
          -0.574535,
          1.334145
