{
  "frames": [
    {
      "file_path": "/media/NFS/ttao/scannet/posed_images/scene0509_00/00002.jpg",
      "transform_matrix": [
        [
          0.167233,
          -0.759949,
          0.628101,
          0.980652
        ],
        [
          -0.985898,
          -0.132849,
          0.101762,
          3.796793
        ],
        [
          0.006109,
          -0.636262,
          -0.771449,
          1.179408
        ],
        [
          0.0,
          0.0,
          0.0,
          1.0
        ]
      ]
    },
    {
      "file_path": "/media/NFS/ttao/scannet/posed_images/scene0509_00/00003.jpg",
      "transform_matrix": [
        [
          0.167408,
          -0.759844,
          0.628181,
          0.979674
        ],
        [
          -0.985868,
          -0.133063,
          0.101778,
          3.796303
        ],
        [
          0.006252,
          -0.636342,
          -0.771382,
          1.179221
        ],
        [
          0.0,
          0.0,
          0.0,
          1.0
        ]
      ]
    },
    {
      "file_path": "/media/NFS/ttao/scannet/posed_images/scene0509_00/00007.jpg",
      "transform_matrix": [
        [
          0.165934,
          -0.760523,
          0.62775,
          0.978521
        ],
        [
          -0.986131,
          -0.130139,
          0.103002,
          3.794137
        ],
        [
          0.003359,
          -0.636136,
          -0.77157,
          1.179525
        ],
        [
          0.0,
          0.0,
          0.0,
          1.0
        ]
      ]
    },
    {
      "file_path": "/media/NFS/ttao/scannet/posed_images/scene0509_00/00014.jpg",
      "transform_matrix": [
        [
          0.150267,
          -0.759611,
          0.632781,
          0.978286
        ],
        [
          -0.988606,
          -0.121198,
          0.089274,
          3.793401
        ],
        [
          0.008879,
          -0.638986,
          -0.769168,
          1.182428
        ],
        [
          0.0,
          0.0,
          0.0,
          1.0
        ]
      ]
    },
    {
      "file_path": "/media/NFS/ttao/scannet/posed_images/scene0509_00/00015.jpg",
      "transform_matrix": [
        [
          0.1495,
          -0.759844,
          0.632683,
          0.978291
        ],
        [
          -0.988729,
          -0.120113,
          0.089378,
          3.793568
        ],
        [
          0.00808,
          -0.638914,
          -0.769236,
          1.182725
        ],
        [
          0.0,
          0.0,
          0.0,
          1.0
        ]
      ]
    },
    {
      "file_path": "/media/NFS/ttao/scannet/posed_images/scene0509_00/00020.jpg",
      "transform_matrix": [
        [
          0.158743,
          -0.765604,
          0.623419,
          0.97824
        ],
        [
          -0.987306,
          -0.126446,
          0.096115,
          3.798821
        ],
        [
          0.005243,
          -0.630763,
          -0.775958,
          1.182769
        ],
        [
          0.0,
          0.0,
          0.0,
          1.0
        ]
      ]
    },
    {
      "file_path": "/media/NFS/ttao/scannet/posed_images/scene0509_00/00024.jpg",
      "transform_matrix": [
        [
          0.222566,
          -0.741041,
          0.633501,
          0.971096
        ],
        [
          -0.974894,
          -0.173737,
          0.139277,
          3.801028
        ],
        [
          0.006852,
          -0.648594,
          -0.761104,
          1.191361
        ],
        [
          0.0,
          0.0,
          0.0,
          1.0
        ]
      ]
    },
    {
      "file_path": "/media/NFS/ttao/scannet/posed_images/scene0509_00/00029.jpg",
      "transform_matrix": [
        [
          0.337176,
          -0.684716,
          0.646124,
          0.955608
        ],
        [
          -0.94144,
          -0.243944,
          0.23277,
          3.781497
        ],
        [
          -0.001763,
          -0.686771,
          -0.726872,
          1.20886
        ],
        [
          0.0,
          0.0,
          0.0,
          1.0
        ]
      ]
    },
    {
      "file_path": "/media/NFS/ttao/scannet/posed_images/scene0509_00/00032.jpg",
      "transform_matrix": [
        [
          0.411868,
          -0.645178,
          0.643514,
          0.950121
        ],
        [
          -0.911204,
          -0.29816,
          0.284266,
          3.750913
        ],
        [
          0.008468,
          -0.703452,
          -0.710692,
          1.212394
        ],
        [
          0.0,
          0.0,
          0.0,
          1.0
        ]
      ]
    },
    {
      "file_path": "/media/NFS/ttao/scannet/posed_images/scene0509_00/00035.jpg",
      "transform_matrix": [
        [
          0.480066,
          -0.612025,
          0.62846,
          0.938275
        ],
        [
          -0.876593,
          -0.362025,
          0.317053,
          3.729819
        ],
        [
          0.033474,
          -0.70311,
          -0.710293,
          1.212664
        ],
        [
          0.0,
          0.0,
          0.0,
          1.0
        ]
      ]
    },
    {
      "file_path": "/media/NFS/ttao/scannet/posed_images/scene0509_00/00041.jpg",
      "transform_matrix": [
        [
          0.606481,
          -0.565207,
          0.559215,
          0.910339
        ],
        [
          -0.794579,
          -0.456241,
          0.40061,
          3.692682
        ],
        [
          0.02871,
          -0.687303,
          -0.725803,
          1.212205
        ],
        [
          0.0,
          0.0,
          0.0,
          1.0
        ]
      ]
    },
    {
      "file_path": "/media/NFS/ttao/scannet/posed_images/scene0509_00/00042.jpg",
      "transform_matrix": [
        [
          0.620775,
          -0.556534,
          0.552184,
          0.905941
        ],
        [
          -0.783527,
          -0.464592,
          0.412602,
          3.690099
        ],
        [
          0.026913,
          -0.688784,
          -0.724467,
          1.213121
        ],
        [
          0.0,
          0.0,
          0.0,
          1.0
        ]
      ]
    },
    {
      "file_path": "/media/NFS/ttao/scannet/posed_images/scene0509_00/00047.jpg",
      "transform_matrix": [
        [
          0.669555,
          -0.517386,
          0.532924,
          0.883017
        ],
        [
          -0.742369,
          -0.489502,
          0.457467,
          3.694782
        ],
        [
          0.02418,
          -0.701926,
          -0.711839,
          1.223178
        ],
        [
          0.0,
          0.0,
          0.0,
          1.0
        ]
      ]
    },
    {
      "file_path": "/media/NFS/ttao/scannet/posed_images/scene0509_00/00050.jpg",
      "transform_matrix": [
        [
          0.679407,
          -0.502508,
          0.534688,
          0.880278
        ],
        [
          -0.733359,
          -0.489153,
          0.472137,
          3.69342
        ],
        [
          0.024291,
          -0.712892,
          -0.700853,
          1.227372
        ],
        [
          0.0,
          0.0,
          0.0,
          1.0
        ]
      ]
    },
    {
      "file_path": "/media/NFS/ttao/scannet/posed_images/scene0509_00/00053.jpg",
      "transform_matrix": [
        [
          0.673562,
          -0.496256,
          0.547762,
          0.8838
        ],
        [
          -0.738876,
          -0.471524,
          0.48138,
          3.699174
        ],
        [
          0.019396,
          -0.728968,
          -0.684273,
          1.237957
        ],
        [
          0.0,
          0.0,
          0.0,
          1.0
        ]
      ]
    },
    {
      "file_path": "/media/NFS/ttao/scannet/posed_images/scene0509_00/00058.jpg",
      "transform_matrix": [
        [
          0.671445,
          -0.474907,
          0.56888,
          0.886959
        ],
        [
          -0.740866,
          -0.447449,
          0.500905,
          3.714816
        ],
        [
          0.016662,
          -0.757795,
          -0.65228,
          1.257677
        ],
        [
          0.0,
          0.0,
          0.0,
          1.0
        ]
      ]
    },
    {
      "file_path": "/media/NFS/ttao/scannet/posed_images/scene0509_00/00064.jpg",
      "transform_matrix": [
        [
          0.681857,
          -0.420319,
          0.598667,
          0.882468
        ],
        [
          -0.730944,
          -0.422993,
          0.535535,
          3.728978
        ],
        [
          0.028137,
          -0.80275,
          -0.595651,
          1.281779
        ],
        [
          0.0,
          0.0,
          0.0,
          1.0
        ]
      ]
    },
    {
      "file_path": "/media/NFS/ttao/scannet/posed_images/scene0509_00/00067.jpg",
      "transform_matrix": [
        [
          0.684928,
          -0.39499,
          0.612255,
          0.881942
        ],
        [
          -0.727616,
          -0.414703,
          0.54644,
          3.733073
        ],
        [
          0.038066,
          -0.819759,
          -0.571443,
          1.293712
        ],
        [
          0.0,
          0.0,
          0.0,
          1.0
        ]
      ]
    },
    {
      "file_path": "/media/NFS/ttao/scannet/posed_images/scene0509_00/00071.jpg",
      "transform_matrix": [
        [
          0.688496,
          -0.382242,
          0.616332,
          0.873391
        ],
        [
          -0.723796,
          -0.415768,
          0.550687,
          3.741394
        ],
        [
          0.045756,
          -0.825244,
          -0.56292,
          1.295724
        ],
        [
          0.0,
          0.0,
          0.0,
          1.0
        ]
      ]
    },
    {
      "file_path": "/media/NFS/ttao/scannet/posed_images/scene0509_00/00073.jpg",
      "transform_matrix": [
        [
          0.697061,
          -0.378052,
          0.609248,
          0.868923
        ],
        [
          -0.71592,
          -0.413864,
          0.562295,
          3.743299
        ],
        [
          0.03957,
          -0.828126,
          -0.559143,
          1.29757
        ],
        [
          0.0,
          0.0,
          0.0,
          1.0
        ]
      ]
    },
    {
      "file_path": "/media/NFS/ttao/scannet/posed_images/scene0509_00/00079.jpg",
      "transform_matrix": [
        [
          0.721004,
          -0.343668,
          0.601702,
          0.852583
        ],
        [
          -0.692379,
          -0.391946,
          0.605796,
          3.747966
        ],
        [
          0.027642,
          -0.853387,
          -0.520544,
          1.311937
        ],
        [
          0.0,
          0.0,
          0.0,
          1.0
        ]
      ]
    },
    {
      "file_path": "/media/NFS/ttao/scannet/posed_images/scene0509_00/00082.jpg",
      "transform_matrix": [
        [
          0.735371,
          -0.330244,
          0.59175,
          0.844844
        ],
        [
          -0.677334,
          -0.385461,
          0.626608,
          3.742372
        ],
        [
          0.021163,
          -0.861602,
          -0.507143,
          1.318053
        ],
        [
          0.0,
          0.0,
          0.0,
          1.0
        ]
      ]
    },
    {
      "file_path": "/media/NFS/ttao/scannet/posed_images/scene0509_00/00086.jpg",
      "transform_matrix": [
        [
          0.76022,
          -0.316146,
          0.567554,
          0.831632
        ],
        [
          -0.649657,
          -0.374298,
          0.661699,
          3.735887
        ],
        [
          0.003241,
          -0.871753,
          -0.489935,
          1.32535
        ],
        [
          0.0,
          0.0,
          0.0,
          1.0
        ]
      ]
    },
    {
      "file_path": "/media/NFS/ttao/scannet/posed_images/scene0509_00/00090.jpg",
      "transform_matrix": [
        [
          0.792067,
          -0.289976,
          0.537163,
          0.832578
        ],
        [
          -0.610423,
          -0.370842,
          0.6999,
          3.704788
        ],
        [
          -0.003751,
          -0.882264,
          -0.47074,
          1.333721
        ],
        [
          0.0,
          0.0,
          0.0,
          1.0
        ]
      ]
    },
    {
      "file_path": "/media/NFS/ttao/scannet/posed_images/scene0509_00/00091.jpg",
      "transform_matrix": [
        [
          0.795664,
          -0.288076,
          0.532852,
          0.833405
        ],
        [
          -0.605721,
          -0.371783,
          0.703476,
          3.698758
        ],
        [
          -0.004549,
          -0.88249,
          -0.470308,
          1.336486
        ],
        [
          0.0,
          0.0,
          0.0,
          1.0
        ]
      ]
    },
    {
      "file_path": "/media/NFS/ttao/scannet/posed_images/scene0509_00/00097.jpg",
      "transform_matrix": [
        [
          0.813313,
          -0.26548,
          0.517727,
          0.835603
        ],
        [
          -0.581826,
          -0.371992,
          0.723257,
          3.651989
        ],
        [
          0.00058,
          -0.889462,
          -0.457009,
          1.35266
        ],
        [
          0.0,
          0.0,
          0.0,
          1.0
        ]
      ]
    },
    {
      "file_path": "/media/NFS/ttao/scannet/posed_images/scene0509_00/00100.jpg",
      "transform_matrix": [
        [
          0.828177,
          -0.244308,
          0.504417,
          0.836707
        ],
        [
          -0.560456,
          -0.366526,
          0.742662,
          3.61931
        ],
        [
          0.003444,
          -0.89776,
          -0.440472,
          1.360179
        ],
        [
          0.0,
          0.0,
          0.0,
          1.0
        ]
      ]
    },
    {
      "file_path": "/media/NFS/ttao/scannet/posed_images/scene0509_00/00107.jpg",
      "transform_matrix": [
        [
          0.847023,
          -0.175507,
          0.501746,
          0.820565
        ],
        [
          -0.531552,
          -0.28311,
          0.798312,
          3.566451
        ],
        [
          0.00194,
          -0.942892,
          -0.333092,
          1.380279
        ],
        [
          0.0,
          0.0,
          0.0,
          1.0
        ]
      ]
    },
    {
      "file_path": "/media/NFS/ttao/scannet/posed_images/scene0509_00/00110.jpg",
      "transform_matrix": [
        [
          0.855775,
          -0.16304,
          0.490986,
          0.822779
        ],
        [
          -0.517215,
          -0.248106,
          0.819104,
          3.544778
        ],
        [
          -0.01173,
          -0.954914,
          -0.29665,
          1.395947
        ],
        [
          0.0,
          0.0,
          0.0,
          1.0
        ]
      ]
    },
    {
      "file_path": "/media/NFS/ttao/scannet/posed_images/scene0509_00/00113.jpg",
      "transform_matrix": [
        [
          0.858785,
          -0.148234,
          0.490423,
          0.819087
        ],
        [
          -0.512207,
          -0.226908,
          0.828346,
          3.534169
        ],
        [
          -0.011508,
          -0.962569,
          -0.270791,
          1.400954
        ],
        [
          0.0,
          0.0,
          0.0,
          1.0
        ]
      ]
    },
    {
      "file_path": "/media/NFS/ttao/scannet/posed_images/scene0509_00/00118.jpg",
      "transform_matrix": [
        [
          0.858115,
          -0.13115,
          0.496425,
          0.816129
        ],
        [
          -0.513342,
          -0.198631,
          0.83488,
          3.519717
        ],
        [
          -0.010889,
          -0.97126,
          -0.237773,
          1.408903
        ],
        [
          0.0,
          0.0,
          0.0,
          1.0
        ]
      ]
    },
    {
      "file_path": "/media/NFS/ttao/scannet/posed_images/scene0509_00/00122.jpg",
      "transform_matrix": [
        [
          0.861395,
          -0.121904,
          0.49309,
          0.816384
        ],
        [
          -0.507794,
          -0.183732,
          0.841658,
          3.508905
        ],
        [
          -0.012005,
          -0.975388,
          -0.220168,
          1.41002
        ],
        [
          0.0,
          0.0,
          0.0,
          1.0
        ]
      ]
    },
    {
      "file_path": "/media/NFS/ttao/scannet/posed_images/scene0509_00/00124.jpg",
      "transform_matrix": [
        [
          0.864794,
          -0.117741,
          0.488127,
          0.815952
        ],
        [
          -0.502015,
          -0.182226,
          0.845444,
          3.5073
        ],
        [
          -0.010594,
          -0.976182,
          -0.216695,
          1.409446
        ],
        [
          0.0,
          0.0,
          0.0,
          1.0
        ]
      ]
    },
    {
      "file_path": "/media/NFS/ttao/scannet/posed_images/scene0509_00/00126.jpg",
      "transform_matrix": [
        [
          0.868971,
          -0.117271,
          0.480767,
          0.814449
        ],
        [
          -0.494777,
          -0.187797,
          0.848485,
          3.508629
        ],
        [
          -0.009216,
          -0.975182,
          -0.221214,
          1.407682
        ],
        [
          0.0,
          0.0,
          0.0,
          1.0
        ]
      ]
    },
    {
      "file_path": "/media/NFS/ttao/scannet/posed_images/scene0509_00/00131.jpg",
      "transform_matrix": [
        [
          0.901097,
          -0.098498,
          0.422282,
          0.806574
        ],
        [
          -0.433598,
          -0.213878,
          0.875356,
          3.504796
        ],
        [
          0.004096,
          -0.971882,
          -0.235433,
          1.389269
        ],
        [
          0.0,
          0.0,
          0.0,
          1.0
        ]
      ]
    },
    {
      "file_path": "/media/NFS/ttao/scannet/posed_images/scene0509_00/00134.jpg",
      "transform_matrix": [
        [
          0.921479,
          -0.093923,
          0.376902,
          0.801752
        ],
        [
          -0.388325,
          -0.245098,
          0.88833,
          3.511598
        ],
        [
          0.008943,
          -0.964938,
          -0.262326,
          1.379694
        ],
        [
          0.0,
          0.0,
          0.0,
          1.0
        ]
      ]
    },
    {
      "file_path": "/media/NFS/ttao/scannet/posed_images/scene0509_00/00139.jpg",
      "transform_matrix": [
        [
          0.954694,
          -0.103004,
          0.279196,
          0.837235
        ],
        [
          -0.297509,
          -0.308425,
          0.903528,
          3.514786
        ],
        [
          -0.006956,
          -0.945655,
          -0.325096,
          1.366362
        ],
        [
          0.0,
          0.0,
          0.0,
          1.0
        ]
      ]
    },
    {
      "file_path": "/media/NFS/ttao/scannet/posed_images/scene0509_00/00142.jpg",
      "transform_matrix": [
        [
          0.967004,
          -0.084778,
          0.240241,
          0.793309
        ],
        [
          -0.254499,
          -0.364206,
          0.89587,
          3.514384
        ],
        [
          0.011547,
          -0.927452,
          -0.373765,
          1.344543
        ],
        [
          0.0,
          0.0,
          0.0,
          1.0
        ]
      ]
    },
    {
      "file_path": "/media/NFS/ttao/scannet/posed_images/scene0509_00/00146.jpg",
      "transform_matrix": [
        [
          0.977974,
          -0.068285,
          0.19724,
          0.790411
        ],
        [
          -0.207725,
          -0.410817,
          0.887738,
          3.514234
        ],
        [
          0.020411,
          -0.909157,
          -0.415953,
          1.328724
        ],
        [
          0.0,
          0.0,
          0.0,
          1.0
        ]
      ]
    },
    {
      "file_path": "/media/NFS/ttao/scannet/posed_images/scene0509_00/00151.jpg",
      "transform_matrix": [
        [
          0.979631,
          -0.070188,
          0.18814,
          0.791173
        ],
        [
          -0.199319,
          -0.453697,
          0.86858,
          3.522044
        ],
        [
          0.024395,
          -0.888388,
          -0.458445,
          1.324199
        ],
        [
          0.0,
          0.0,
          0.0,
          1.0
        ]
      ]
    },
    {
      "file_path": "/media/NFS/ttao/scannet/posed_images/scene0509_00/00156.jpg",
      "transform_matrix": [
        [
          0.978763,
          -0.073588,
          0.191332,
          0.794032
        ],
        [
          -0.202797,
          -0.483896,
          0.851303,
          3.517234
        ],
        [
          0.02994,
          -0.872026,
          -0.488543,
          1.307229
        ],
        [
          0.0,
          0.0,
          0.0,
          1.0
        ]
      ]
    },
    {
      "file_path": "/media/NFS/ttao/scannet/posed_images/scene0509_00/00159.jpg",
      "transform_matrix": [
        [
          0.979411,
          -0.065046,
          0.191111,
          0.796403
        ],
        [
          -0.197843,
          -0.497562,
          0.844564,
          3.515239
        ],
        [
          0.040154,
          -0.864986,
          -0.500187,
          1.300562
        ],
        [
          0.0,
          0.0,
          0.0,
          1.0
        ]
      ]
    },
    {
      "file_path": "/media/NFS/ttao/scannet/posed_images/scene0509_00/00162.jpg",
      "transform_matrix": [
        [
          0.978848,
          -0.065245,
          0.193905,
          0.80356
        ],
        [
          -0.19963,
          -0.511991,
          0.835472,
          3.52339
        ],
        [
          0.044767,
          -0.856509,
          -0.514187,
          1.303854
        ],
        [
          0.0,
          0.0,
          0.0,
          1.0
        ]
      ]
    },
    {
      "file_path": "/media/NFS/ttao/scannet/posed_images/scene0509_00/00167.jpg",
      "transform_matrix": [
        [
          0.979872,
          -0.063812,
          0.189155,
          0.813627
        ],
        [
          -0.193985,
          -0.52808,
          0.826741,
          3.531305
        ],
        [
          0.047133,
          -0.846794,
          -0.529829,
          1.298738
        ],
        [
          0.0,
          0.0,
          0.0,
          1.0
        ]
      ]
    },
    {
      "file_path": "/media/NFS/ttao/scannet/posed_images/scene0509_00/00169.jpg",
      "transform_matrix": [
        [
          0.978832,
          -0.066906,
          0.193419,
          0.819038
        ],
        [
          -0.198975,
          -0.532363,
          0.822799,
          3.539918
        ],
        [
          0.047919,
          -0.843868,
          -0.534407,
          1.299151
        ],
        [
          0.0,
          0.0,
          0.0,
          1.0
        ]
      ]
    },
    {
      "file_path": "/media/NFS/ttao/scannet/posed_images/scene0509_00/00176.jpg",
      "transform_matrix": [
        [
          0.976538,
          -0.049044,
          0.209685,
          0.841444
        ],
        [
          -0.203271,
          -0.531387,
          0.82238,
          3.572219
        ],
        [
          0.071092,
          -0.845709,
          -0.528889,
          1.295875
        ],
        [
          0.0,
          0.0,
          0.0,
          1.0
        ]
      ]
    },
    {
      "file_path": "/media/NFS/ttao/scannet/posed_images/scene0509_00/00179.jpg",
      "transform_matrix": [
        [
          0.976305,
          -0.032006,
          0.214019,
          0.849563
        ],
        [
          -0.197081,
          -0.539972,
          0.818284,
          3.587554
        ],
        [
          0.089374,
          -0.841074,
          -0.533485,
          1.289755
        ],
        [
          0.0,
          0.0,
          0.0,
          1.0
        ]
      ]
    },
    {
      "file_path": "/media/NFS/ttao/scannet/posed_images/scene0509_00/00181.jpg",
      "transform_matrix": [
        [
          0.979208,
          -0.023982,
          0.201439,
          0.856555
        ],
        [
          -0.180361,
          -0.557447,
          0.810384,
          3.600605
        ],
        [
          0.092857,
          -0.829866,
          -0.550182,
          1.289964
        ],
        [
          0.0,
          0.0,
          0.0,
          1.0
        ]
      ]
    },
    {
      "file_path": "/media/NFS/ttao/scannet/posed_images/scene0509_00/00188.jpg",
      "transform_matrix": [
        [
          0.995878,
          0.002715,
          0.090659,
          0.896704
        ],
        [
          -0.070917,
          -0.599826,
          0.796981,
          3.634112
        ],
        [
          0.056544,
          -0.800126,
          -0.597161,
          1.271152
        ],
        [
          0.0,
          0.0,
          0.0,
          1.0
        ]
      ]
    },
    {
      "file_path": "/media/NFS/ttao/scannet/posed_images/scene0509_00/00189.jpg",
      "transform_matrix": [
        [
          0.997046,
          0.011459,
          0.07594,
          0.903975
        ],
        [
          -0.053688,
          -0.603072,
          0.795878,
          3.637165
        ],
        [
          0.054917,
          -0.797605,
          -0.600675,
          1.271562
        ],
        [
          0.0,
          0.0,
          0.0,
          1.0
        ]
      ]
    },
    {
      "file_path": "/media/NFS/ttao/scannet/posed_images/scene0509_00/00192.jpg",
      "transform_matrix": [
        [
          0.998773,
          0.043953,
          0.022829,
          0.928632
        ],
        [
          0.008751,
          -0.610288,
          0.792131,
          3.64038
        ],
        [
          0.048749,
          -0.790959,
          -0.609924,
          1.270472
        ],
        [
          0.0,
          0.0,
          0.0,
          1.0
        ]
      ]
    },
    {
      "file_path": "/media/NFS/ttao/scannet/posed_images/scene0509_00/00198.jpg",
      "transform_matrix": [
        [
          0.98744,
          0.147853,
          -0.055693,
          0.99513
        ],
        [
          0.134202,
          -0.598886,
          0.789509,
          3.626692
        ],
        [
          0.083377,
          -0.787067,
          -0.611206,
          1.267506
        ],
        [
          0.0,
          0.0,
          0.0,
          1.0
        ]
      ]
    },
    {
      "file_path": "/media/NFS/ttao/scannet/posed_images/scene0509_00/00200.jpg",
      "transform_matrix": [
        [
          0.984681,
          0.161114,
          -0.06668,
          1.021172
        ],
        [
          0.152943,
          -0.614391,
          0.774036,
          3.625556
        ],
        [
          0.08374,
          -0.772376,
          -0.629621,
          1.277615
        ],
        [
          0.0,
          0.0,
          0.0,
          1.0
        ]
      ]
    },
    {
      "file_path": "/media/NFS/ttao/scannet/posed_images/scene0509_00/00206.jpg",
      "transform_matrix": [
        [
          0.977301,
          0.199891,
          -0.070194,
          1.103758
        ],
        [
          0.180937,
          -0.615165,
          0.767355,
          3.601556
        ],
        [
          0.110207,
          -0.762637,
          -0.637369,
          1.281291
        ],
        [
          0.0,
          0.0,
          0.0,
          1.0
        ]
      ]
    },
    {
      "file_path": "/media/NFS/ttao/scannet/posed_images/scene0509_00/00208.jpg",
      "transform_matrix": [
        [
          0.973801,
          0.209464,
          -0.088523,
          1.120178
        ],
        [
          0.201524,
          -0.614559,
          0.762696,
          3.595708
        ],
        [
          0.105355,
          -0.760554,
          -0.64067,
          1.282183
        ],
        [
          0.0,
          0.0,
          0.0,
          1.0
        ]
      ]
    },
    {
      "file_path": "/media/NFS/ttao/scannet/posed_images/scene0509_00/00212.jpg",
      "transform_matrix": [
        [
          0.966729,
          0.226239,
          -0.119376,
          1.135195
        ],
        [
          0.235032,
          -0.601384,
          0.763608,
          3.580455
        ],
        [
          0.100967,
          -0.76626,
          -0.634548,
          1.275351
        ],
        [
          0.0,
          0.0,
          0.0,
          1.0
        ]
      ]
    },
    {
      "file_path": "/media/NFS/ttao/scannet/posed_images/scene0509_00/00218.jpg",
      "transform_matrix": [
        [
          0.963327,
          0.231272,
          -0.136068,
          1.144243
        ],
        [
          0.250972,
          -0.59715,
          0.761856,
          3.586313
        ],
        [
          0.094943,
          -0.768066,
          -0.633294,
          1.260375
        ],
        [
          0.0,
          0.0,
          0.0,
          1.0
        ]
      ]
    },
    {
      "file_path": "/media/NFS/ttao/scannet/posed_images/scene0509_00/00222.jpg",
      "transform_matrix": [
        [
          0.963945,
          0.227135,
          -0.138634,
          1.149099
        ],
        [
          0.254048,
          -0.630506,
          0.733431,
          3.606442
        ],
        [
          0.079179,
          -0.742207,
          -0.665477,
          1.254994
        ],
        [
          0.0,
          0.0,
          0.0,
          1.0
        ]
      ]
    },
    {
      "file_path": "/media/NFS/ttao/scannet/posed_images/scene0509_00/00225.jpg",
      "transform_matrix": [
        [
          0.962321,
          0.233747,
          -0.138929,
          1.148966
        ],
        [
          0.260503,
          -0.64604,
          0.717475,
          3.615435
        ],
        [
          0.077954,
          -0.726632,
          -0.68259,
          1.251923
        ],
        [
          0.0,
          0.0,
          0.0,
          1.0
        ]
      ]
    },
    {
      "file_path": "/media/NFS/ttao/scannet/posed_images/scene0509_00/00229.jpg",
      "transform_matrix": [
        [
          0.960647,
          0.231918,
          -0.152874,
          1.157389
        ],
        [
          0.270231,
          -0.652945,
          0.707557,
          3.624896
        ],
        [
          0.064277,
          -0.721024,
          -0.689922,
          1.250081
        ],
        [
          0.0,
          0.0,
          0.0,
          1.0
        ]
      ]
    },
    {
      "file_path": "/media/NFS/ttao/scannet/posed_images/scene0509_00/00230.jpg",
      "transform_matrix": [
        [
          0.958462,
          0.235133,
          -0.161443,
          1.160448
        ],
        [
          0.278587,
          -0.65039,
          0.70667,
          3.625882
        ],
        [
          0.061161,
          -0.722292,
          -0.688879,
          1.248817
        ],
        [
          0.0,
          0.0,
          0.0,
          1.0
        ]
      ]
    },
    {
      "file_path": "/media/NFS/ttao/scannet/posed_images/scene0509_00/00237.jpg",
      "transform_matrix": [
        [
          0.931854,
          0.285709,
          -0.22365,
          1.19386
        ],
        [
          0.35582,
          -0.598966,
          0.717379,
          3.635361
        ],
        [
          0.071002,
          -0.748071,
          -0.659809,
          1.248782
        ],
        [
          0.0,
          0.0,
          0.0,
          1.0
        ]
      ]
    },
    {
      "file_path": "/media/NFS/ttao/scannet/posed_images/scene0509_00/00239.jpg",
      "transform_matrix": [
        [
          0.919666,
          0.301216,
          -0.251958,
          1.214542
        ],
        [
          0.387524,
          -0.592277,
          0.706423,
          3.638312
        ],
        [
          0.063557,
          -0.747313,
          -0.661426,
          1.250612
        ],
        [
          0.0,
          0.0,
          0.0,
          1.0
        ]
      ]
    },
    {
      "file_path": "/media/NFS/ttao/scannet/posed_images/scene0509_00/00243.jpg",
      "transform_matrix": [
        [
          0.87426,
          0.373356,
          -0.310281,
          1.267472
        ],
        [
          0.479047,
          -0.559969,
          0.67598,
          3.631782
        ],
        [
          0.078634,
          -0.739622,
          -0.668414,
          1.244008
        ],
        [
          0.0,
          0.0,
          0.0,
          1.0
        ]
      ]
    },
    {
      "file_path": "/media/NFS/ttao/scannet/posed_images/scene0509_00/00249.jpg",
      "transform_matrix": [
        [
          0.776987,
          0.508613,
          -0.370951,
          1.350843
        ],
        [
          0.620095,
          -0.516796,
          0.590258,
          3.610477
        ],
        [
          0.108507,
          -0.688647,
          -0.716932,
          1.242103
        ],
        [
          0.0,
          0.0,
          0.0,
          1.0
        ]
      ]
    },
    {
      "file_path": "/media/NFS/ttao/scannet/posed_images/scene0509_00/00252.jpg",
      "transform_matrix": [
        [
          0.753846,
          0.534558,
          -0.382052,
          1.381119
        ],
        [
          0.644556,
          -0.488788,
          0.587907,
          3.5955
        ],
        [
          0.127527,
          -0.689445,
          -0.713023,
          1.241729
        ],
        [
          0.0,
          0.0,
          0.0,
          1.0
        ]
      ]
    },
    {
      "file_path": "/media/NFS/ttao/scannet/posed_images/scene0509_00/00254.jpg",
      "transform_matrix": [
        [
          0.741086,
          0.543051,
          -0.394826,
          1.399268
        ],
        [
          0.659176,
          -0.476738,
          0.581557,
          3.589322
        ],
        [
          0.127586,
          -0.691243,
          -0.71127,
          1.243335
        ],
        [
          0.0,
          0.0,
          0.0,
          1.0
        ]
      ]
    },
    {
      "file_path": "/media/NFS/ttao/scannet/posed_images/scene0509_00/00261.jpg",
      "transform_matrix": [
        [
          0.695067,
          0.56325,
          -0.446802,
          1.435418
        ],
        [
          0.711631,
          -0.450584,
          0.539032,
          3.572239
        ],
        [
          0.102288,
          -0.692621,
          -0.714012,
          1.243125
        ],
        [
          0.0,
          0.0,
          0.0,
          1.0
        ]
      ]
    },
    {
      "file_path": "/media/NFS/ttao/scannet/posed_images/scene0509_00/00262.jpg",
      "transform_matrix": [
        [
          0.690154,
          0.565781,
          -0.451199,
          1.438627
        ],
        [
          0.716373,
          -0.445867,
          0.536668,
          3.571001
        ],
        [
          0.102462,
          -0.69361,
          -0.713027,
          1.243705
        ],
        [
          0.0,
          0.0,
          0.0,
          1.0
        ]
      ]
    },
    {
      "file_path": "/media/NFS/ttao/scannet/posed_images/scene0509_00/00269.jpg",
      "transform_matrix": [
        [
          0.676449,
          0.571106,
          -0.465033,
          1.451227
        ],
        [
          0.726486,
          -0.413706,
          0.548694,
          3.557061
        ],
        [
          0.120975,
          -0.709003,
          -0.694751,
          1.245245
        ],
        [
          0.0,
          0.0,
          0.0,
          1.0
        ]
      ]
    },
    {
      "file_path": "/media/NFS/ttao/scannet/posed_images/scene0509_00/00270.jpg",
      "transform_matrix": [
        [
          0.6748,
          0.569995,
          -0.468775,
          1.454938
        ],
        [
          0.727972,
          -0.409743,
          0.549697,
          3.554504
        ],
        [
          0.121248,
          -0.712191,
          -0.691435,
          1.244798
        ],
        [
          0.0,
          0.0,
          0.0,
          1.0
        ]
      ]
    },
    {
      "file_path": "/media/NFS/ttao/scannet/posed_images/scene0509_00/00273.jpg",
      "transform_matrix": [
        [
          0.665357,
          0.570465,
          -0.481528,
          1.458221
        ],
        [
          0.737743,
          -0.403811,
          0.540991,
          3.54605
        ],
        [
          0.11417,
          -0.715196,
          -0.689535,
          1.248622
        ],
        [
          0.0,
          0.0,
          0.0,
          1.0
        ]
      ]
    },
    {
      "file_path": "/media/NFS/ttao/scannet/posed_images/scene0509_00/00279.jpg",
      "transform_matrix": [
        [
          0.633161,
          0.578643,
          -0.514081,
          1.46041
        ],
        [
          0.767219,
          -0.381329,
          0.515716,
          3.525345
        ],
        [
          0.102381,
          -0.720944,
          -0.685389,
          1.250011
        ],
        [
          0.0,
          0.0,
          0.0,
          1.0
        ]
      ]
    },
    {
      "file_path": "/media/NFS/ttao/scannet/posed_images/scene0509_00/00283.jpg",
      "transform_matrix": [
        [
          0.602533,
          0.595757,
          -0.531063,
          1.464445
        ],
        [
          0.792678,
          -0.369331,
          0.485032,
          3.524792
        ],
        [
          0.092823,
          -0.713209,
          -0.694778,
          1.253285
        ],
        [
          0.0,
          0.0,
          0.0,
          1.0
        ]
      ]
    },
    {
      "file_path": "/media/NFS/ttao/scannet/posed_images/scene0509_00/00286.jpg",
      "transform_matrix": [
        [
          0.579299,
          0.608098,
          -0.542798,
          1.469097
        ],
        [
          0.810123,
          -0.355945,
          0.465836,
          3.525422
        ],
        [
          0.090068,
          -0.709592,
          -0.698833,
          1.253677
        ],
        [
          0.0,
          0.0,
          0.0,
          1.0
        ]
      ]
    },
    {
      "file_path": "/media/NFS/ttao/scannet/posed_images/scene0509_00/00292.jpg",
      "transform_matrix": [
        [
          0.521556,
          0.614718,
          -0.591693,
          1.493649
        ],
        [
          0.848306,
          -0.299306,
          0.436797,
          3.530912
        ],
        [
          0.09141,
          -0.729751,
          -0.677575,
          1.254068
        ],
        [
          0.0,
          0.0,
          0.0,
          1.0
        ]
      ]
    },
    {
      "file_path": "/media/NFS/ttao/scannet/posed_images/scene0509_00/00295.jpg",
      "transform_matrix": [
        [
          0.49482,
          0.621634,
          -0.607226,
          1.509831
        ],
        [
          0.863823,
          -0.27574,
          0.421635,
          3.540354
        ],
        [
          0.094666,
          -0.73317,
          -0.673424,
          1.257837
        ],
        [
          0.0,
          0.0,
          0.0,
          1.0
        ]
      ]
    },
    {
      "file_path": "/media/NFS/ttao/scannet/posed_images/scene0509_00/00296.jpg",
      "transform_matrix": [
        [
          0.485843,
          0.623662,
          -0.612374,
          1.514686
        ],
        [
          0.869141,
          -0.2706,
          0.413967,
          3.543551
        ],
        [
          0.092467,
          -0.733363,
          -0.67352,
          1.260194
        ],
        [
          0.0,
