{
  "frames": [
    {
      "file_path": "/media/NFS/ttao/scannet/posed_images/scene0389_00/00000.jpg",
      "transform_matrix": [
        [
          -0.254467,
          0.051723,
          -0.965697,
          2.544475
        ],
        [
          0.965344,
          0.073423,
          -0.250442,
          2.403034
        ],
        [
          0.057951,
          -0.995959,
          -0.068614,
          1.714274
        ],
        [
          0.0,
          0.0,
          0.0,
          1.0
        ]
      ]
    },
    {
      "file_path": "/media/NFS/ttao/scannet/posed_images/scene0389_00/00004.jpg",
      "transform_matrix": [
        [
          -0.25245,
          0.062753,
          -0.965573,
          2.544016
        ],
        [
          0.965852,
          0.076468,
          -0.247553,
          2.402854
        ],
        [
          0.0583,
          -0.995095,
          -0.079915,
          1.715107
        ],
        [
          0.0,
          0.0,
          0.0,
          1.0
        ]
      ]
    },
    {
      "file_path": "/media/NFS/ttao/scannet/posed_images/scene0389_00/00010.jpg",
      "transform_matrix": [
        [
          -0.26154,
          0.045978,
          -0.964097,
          2.538202
        ],
        [
          0.963291,
          0.075106,
          -0.25774,
          2.429318
        ],
        [
          0.060559,
          -0.996115,
          -0.063933,
          1.706886
        ],
        [
          0.0,
          0.0,
          0.0,
          1.0
        ]
      ]
    },
    {
      "file_path": "/media/NFS/ttao/scannet/posed_images/scene0389_00/00013.jpg",
      "transform_matrix": [
        [
          -0.267856,
          0.036003,
          -0.962786,
          2.538762
        ],
        [
          0.961304,
          0.076792,
          -0.264572,
          2.431058
        ],
        [
          0.064409,
          -0.996397,
          -0.055179,
          1.717111
        ],
        [
          0.0,
          0.0,
          0.0,
          1.0
        ]
      ]
    },
    {
      "file_path": "/media/NFS/ttao/scannet/posed_images/scene0389_00/00018.jpg",
      "transform_matrix": [
        [
          -0.290175,
          -0.006495,
          -0.956951,
          2.54435
        ],
        [
          0.95446,
          0.07046,
          -0.289898,
          2.432756
        ],
        [
          0.069309,
          -0.997493,
          -0.014246,
          1.725534
        ],
        [
          0.0,
          0.0,
          0.0,
          1.0
        ]
      ]
    },
    {
      "file_path": "/media/NFS/ttao/scannet/posed_images/scene0389_00/00024.jpg",
      "transform_matrix": [
        [
          -0.301698,
          -0.050049,
          -0.952089,
          2.550026
        ],
        [
          0.950839,
          0.057405,
          -0.30432,
          2.435921
        ],
        [
          0.069886,
          -0.997096,
          0.030269,
          1.738226
        ],
        [
          0.0,
          0.0,
          0.0,
          1.0
        ]
      ]
    },
    {
      "file_path": "/media/NFS/ttao/scannet/posed_images/scene0389_00/00030.jpg",
      "transform_matrix": [
        [
          -0.268136,
          -0.07934,
          -0.960108,
          2.550873
        ],
        [
          0.960548,
          0.054359,
          -0.272751,
          2.435243
        ],
        [
          0.073831,
          -0.995364,
          0.061634,
          1.750872
        ],
        [
          0.0,
          0.0,
          0.0,
          1.0
        ]
      ]
    },
    {
      "file_path": "/media/NFS/ttao/scannet/posed_images/scene0389_00/00035.jpg",
      "transform_matrix": [
        [
          -0.227076,
          -0.076705,
          -0.970851,
          2.540798
        ],
        [
          0.971344,
          0.054018,
          -0.231459,
          2.435075
        ],
        [
          0.070197,
          -0.995589,
          0.062241,
          1.752368
        ],
        [
          0.0,
          0.0,
          0.0,
          1.0
        ]
      ]
    },
    {
      "file_path": "/media/NFS/ttao/scannet/posed_images/scene0389_00/00038.jpg",
      "transform_matrix": [
        [
          -0.193617,
          -0.071293,
          -0.978483,
          2.539343
        ],
        [
          0.978582,
          0.057055,
          -0.197793,
          2.415025
        ],
        [
          0.069929,
          -0.995822,
          0.058719,
          1.765017
        ],
        [
          0.0,
          0.0,
          0.0,
          1.0
        ]
      ]
    },
    {
      "file_path": "/media/NFS/ttao/scannet/posed_images/scene0389_00/00041.jpg",
      "transform_matrix": [
        [
          -0.145144,
          -0.061655,
          -0.987488,
          2.537358
        ],
        [
          0.987075,
          0.059519,
          -0.148799,
          2.381255
        ],
        [
          0.067949,
          -0.996321,
          0.05222,
          1.777984
        ],
        [
          0.0,
          0.0,
          0.0,
          1.0
        ]
      ]
    },
    {
      "file_path": "/media/NFS/ttao/scannet/posed_images/scene0389_00/00047.jpg",
      "transform_matrix": [
        [
          -0.0901,
          -0.08885,
          -0.991961,
          2.524797
        ],
        [
          0.994439,
          0.046511,
          -0.094491,
          2.345881
        ],
        [
          0.054533,
          -0.994959,
          0.084165,
          1.776187
        ],
        [
          0.0,
          0.0,
          0.0,
          1.0
        ]
      ]
    },
    {
      "file_path": "/media/NFS/ttao/scannet/posed_images/scene0389_00/00052.jpg",
      "transform_matrix": [
        [
          -0.072728,
          -0.153491,
          -0.98547,
          2.528549
        ],
        [
          0.996874,
          0.0194,
          -0.076591,
          2.30744
        ],
        [
          0.030875,
          -0.98796,
          0.1516,
          1.79087
        ],
        [
          0.0,
          0.0,
          0.0,
          1.0
        ]
      ]
    },
    {
      "file_path": "/media/NFS/ttao/scannet/posed_images/scene0389_00/00057.jpg",
      "transform_matrix": [
        [
          -0.068718,
          -0.175379,
          -0.9821,
          2.529308
        ],
        [
          0.997469,
          0.005955,
          -0.070857,
          2.294196
        ],
        [
          0.018275,
          -0.984483,
          0.174526,
          1.821142
        ],
        [
          0.0,
          0.0,
          0.0,
          1.0
        ]
      ]
    },
    {
      "file_path": "/media/NFS/ttao/scannet/posed_images/scene0389_00/00062.jpg",
      "transform_matrix": [
        [
          -0.082983,
          -0.186752,
          -0.978896,
          2.527701
        ],
        [
          0.996232,
          0.009315,
          -0.08623,
          2.301447
        ],
        [
          0.025222,
          -0.982363,
          0.185276,
          1.816774
        ],
        [
          0.0,
          0.0,
          0.0,
          1.0
        ]
      ]
    },
    {
      "file_path": "/media/NFS/ttao/scannet/posed_images/scene0389_00/00068.jpg",
      "transform_matrix": [
        [
          -0.089411,
          -0.185191,
          -0.978626,
          2.526707
        ],
        [
          0.995215,
          0.022262,
          -0.095139,
          2.300038
        ],
        [
          0.039405,
          -0.98245,
          0.182315,
          1.813994
        ],
        [
          0.0,
          0.0,
          0.0,
          1.0
        ]
      ]
    },
    {
      "file_path": "/media/NFS/ttao/scannet/posed_images/scene0389_00/00069.jpg",
      "transform_matrix": [
        [
          -0.08867,
          -0.18644,
          -0.978457,
          2.52598
        ],
        [
          0.995286,
          0.022161,
          -0.094418,
          2.300743
        ],
        [
          0.039287,
          -0.982216,
          0.183596,
          1.812993
        ],
        [
          0.0,
          0.0,
          0.0,
          1.0
        ]
      ]
    },
    {
      "file_path": "/media/NFS/ttao/scannet/posed_images/scene0389_00/00075.jpg",
      "transform_matrix": [
        [
          -0.080588,
          -0.195656,
          -0.977356,
          2.524722
        ],
        [
          0.996509,
          0.005638,
          -0.083296,
          2.313408
        ],
        [
          0.021807,
          -0.980656,
          0.194519,
          1.822346
        ],
        [
          0.0,
          0.0,
          0.0,
          1.0
        ]
      ]
    },
    {
      "file_path": "/media/NFS/ttao/scannet/posed_images/scene0389_00/00079.jpg",
      "transform_matrix": [
        [
          -0.088452,
          -0.26531,
          -0.960097,
          2.535226
        ],
        [
          0.995904,
          -0.0054,
          -0.090258,
          2.314512
        ],
        [
          0.018761,
          -0.964148,
          0.2647,
          1.830455
        ],
        [
          0.0,
          0.0,
          0.0,
          1.0
        ]
      ]
    },
    {
      "file_path": "/media/NFS/ttao/scannet/posed_images/scene0389_00/00086.jpg",
      "transform_matrix": [
        [
          -0.099568,
          -0.361724,
          -0.926953,
          2.564814
        ],
        [
          0.994769,
          -0.014805,
          -0.101075,
          2.306908
        ],
        [
          0.022837,
          -0.932168,
          0.361306,
          1.87032
        ],
        [
          0.0,
          0.0,
          0.0,
          1.0
        ]
      ]
    },
    {
      "file_path": "/media/NFS/ttao/scannet/posed_images/scene0389_00/00089.jpg",
      "transform_matrix": [
        [
          -0.109031,
          -0.386773,
          -0.915707,
          2.570895
        ],
        [
          0.993719,
          -0.019065,
          -0.110267,
          2.323623
        ],
        [
          0.02519,
          -0.921978,
          0.386422,
          1.88115
        ],
        [
          0.0,
          0.0,
          0.0,
          1.0
        ]
      ]
    },
    {
      "file_path": "/media/NFS/ttao/scannet/posed_images/scene0389_00/00096.jpg",
      "transform_matrix": [
        [
          -0.122985,
          -0.426984,
          -0.895857,
          2.587952
        ],
        [
          0.991558,
          -0.015509,
          -0.128732,
          2.331557
        ],
        [
          0.041073,
          -0.904126,
          0.425287,
          1.907621
        ],
        [
          0.0,
          0.0,
          0.0,
          1.0
        ]
      ]
    },
    {
      "file_path": "/media/NFS/ttao/scannet/posed_images/scene0389_00/00100.jpg",
      "transform_matrix": [
        [
          -0.131612,
          -0.420766,
          -0.897571,
          2.587733
        ],
        [
          0.990013,
          -0.009637,
          -0.140649,
          2.337058
        ],
        [
          0.05053,
          -0.907118,
          0.417832,
          1.910555
        ],
        [
          0.0,
          0.0,
          0.0,
          1.0
        ]
      ]
    },
    {
      "file_path": "/media/NFS/ttao/scannet/posed_images/scene0389_00/00106.jpg",
      "transform_matrix": [
        [
          -0.183899,
          -0.373884,
          -0.909061,
          2.589466
        ],
        [
          0.979989,
          0.001932,
          -0.199042,
          2.35232
        ],
        [
          0.076174,
          -0.927474,
          0.366047,
          1.902661
        ],
        [
          0.0,
          0.0,
          0.0,
          1.0
        ]
      ]
    },
    {
      "file_path": "/media/NFS/ttao/scannet/posed_images/scene0389_00/00110.jpg",
      "transform_matrix": [
        [
          -0.192229,
          -0.311599,
          -0.930566,
          2.576693
        ],
        [
          0.977087,
          0.027515,
          -0.211053,
          2.352465
        ],
        [
          0.091368,
          -0.949815,
          0.29917,
          1.881703
        ],
        [
          0.0,
          0.0,
          0.0,
          1.0
        ]
      ]
    },
    {
      "file_path": "/media/NFS/ttao/scannet/posed_images/scene0389_00/00113.jpg",
      "transform_matrix": [
        [
          -0.186227,
          -0.267643,
          -0.94535,
          2.566776
        ],
        [
          0.977633,
          0.045239,
          -0.205394,
          2.362395
        ],
        [
          0.097739,
          -0.962456,
          0.253232,
          1.86096
        ],
        [
          0.0,
          0.0,
          0.0,
          1.0
        ]
      ]
    },
    {
      "file_path": "/media/NFS/ttao/scannet/posed_images/scene0389_00/00120.jpg",
      "transform_matrix": [
        [
          -0.186113,
          -0.139714,
          -0.972544,
          2.540807
        ],
        [
          0.975936,
          0.088186,
          -0.199431,
          2.370219
        ],
        [
          0.113628,
          -0.986257,
          0.11994,
          1.799856
        ],
        [
          0.0,
          0.0,
          0.0,
          1.0
        ]
      ]
    },
    {
      "file_path": "/media/NFS/ttao/scannet/posed_images/scene0389_00/00123.jpg",
      "transform_matrix": [
        [
          -0.186179,
          -0.069476,
          -0.980056,
          2.530885
        ],
        [
          0.976363,
          0.098378,
          -0.192451,
          2.371848
        ],
        [
          0.109786,
          -0.992721,
          0.049518,
          1.792026
        ],
        [
          0.0,
          0.0,
          0.0,
          1.0
        ]
      ]
    },
    {
      "file_path": "/media/NFS/ttao/scannet/posed_images/scene0389_00/00130.jpg",
      "transform_matrix": [
        [
          -0.215361,
          0.024238,
          -0.976234,
          2.510982
        ],
        [
          0.968632,
          0.132228,
          -0.210401,
          2.384111
        ],
        [
          0.123986,
          -0.990923,
          -0.051954,
          1.74507
        ],
        [
          0.0,
          0.0,
          0.0,
          1.0
        ]
      ]
    },
    {
      "file_path": "/media/NFS/ttao/scannet/posed_images/scene0389_00/00134.jpg",
      "transform_matrix": [
        [
          -0.210067,
          0.063829,
          -0.975601,
          2.507518
        ],
        [
          0.968461,
          0.150345,
          -0.198693,
          2.37835
        ],
        [
          0.133994,
          -0.986571,
          -0.093398,
          1.735794
        ],
        [
          0.0,
          0.0,
          0.0,
          1.0
        ]
      ]
    },
    {
      "file_path": "/media/NFS/ttao/scannet/posed_images/scene0389_00/00139.jpg",
      "transform_matrix": [
        [
          -0.203934,
          0.094811,
          -0.974383,
          2.501095
        ],
        [
          0.97131,
          0.143977,
          -0.189281,
          2.377428
        ],
        [
          0.122343,
          -0.985029,
          -0.121453,
          1.719844
        ],
        [
          0.0,
          0.0,
          0.0,
          1.0
        ]
      ]
    },
    {
      "file_path": "/media/NFS/ttao/scannet/posed_images/scene0389_00/00140.jpg",
      "transform_matrix": [
        [
          -0.208492,
          0.098716,
          -0.973029,
          2.497407
        ],
        [
          0.970392,
          0.144929,
          -0.193223,
          2.388231
        ],
        [
          0.121945,
          -0.984505,
          -0.12601,
          1.715237
        ],
        [
          0.0,
          0.0,
          0.0,
          1.0
        ]
      ]
    },
    {
      "file_path": "/media/NFS/ttao/scannet/posed_images/scene0389_00/00146.jpg",
      "transform_matrix": [
        [
          -0.230113,
          0.135397,
          -0.963699,
          2.49696
        ],
        [
          0.96485,
          0.160906,
          -0.207781,
          2.388738
        ],
        [
          0.126932,
          -0.977638,
          -0.167665,
          1.692323
        ],
        [
          0.0,
          0.0,
          0.0,
          1.0
        ]
      ]
    },
    {
      "file_path": "/media/NFS/ttao/scannet/posed_images/scene0389_00/00150.jpg",
      "transform_matrix": [
        [
          -0.267658,
          0.16982,
          -0.94843,
          2.490713
        ],
        [
          0.954683,
          0.17971,
          -0.237244,
          2.405161
        ],
        [
          0.130154,
          -0.968951,
          -0.210226,
          1.676017
        ],
        [
          0.0,
          0.0,
          0.0,
          1.0
        ]
      ]
    },
    {
      "file_path": "/media/NFS/ttao/scannet/posed_images/scene0389_00/00156.jpg",
      "transform_matrix": [
        [
          -0.316199,
          0.226193,
          -0.921333,
          2.485108
        ],
        [
          0.936154,
          0.231767,
          -0.264386,
          2.402777
        ],
        [
          0.153733,
          -0.946108,
          -0.285036,
          1.64901
        ],
        [
          0.0,
          0.0,
          0.0,
          1.0
        ]
      ]
    },
    {
      "file_path": "/media/NFS/ttao/scannet/posed_images/scene0389_00/00163.jpg",
      "transform_matrix": [
        [
          -0.386217,
          0.272594,
          -0.881209,
          2.470539
        ],
        [
          0.908697,
          0.276547,
          -0.312717,
          2.439093
        ],
        [
          0.158451,
          -0.921528,
          -0.354512,
          1.603538
        ],
        [
          0.0,
          0.0,
          0.0,
          1.0
        ]
      ]
    },
    {
      "file_path": "/media/NFS/ttao/scannet/posed_images/scene0389_00/00164.jpg",
      "transform_matrix": [
        [
          -0.402783,
          0.277213,
          -0.872307,
          2.466552
        ],
        [
          0.901815,
          0.283156,
          -0.326423,
          2.446431
        ],
        [
          0.15651,
          -0.918137,
          -0.364045,
          1.600623
        ],
        [
          0.0,
          0.0,
          0.0,
          1.0
        ]
      ]
    },
    {
      "file_path": "/media/NFS/ttao/scannet/posed_images/scene0389_00/00170.jpg",
      "transform_matrix": [
        [
          -0.523267,
          0.26673,
          -0.809349,
          2.446429
        ],
        [
          0.837721,
          0.335154,
          -0.431156,
          2.479387
        ],
        [
          0.156254,
          -0.903619,
          -0.398821,
          1.596404
        ],
        [
          0.0,
          0.0,
          0.0,
          1.0
        ]
      ]
    },
    {
      "file_path": "/media/NFS/ttao/scannet/posed_images/scene0389_00/00174.jpg",
      "transform_matrix": [
        [
          -0.639497,
          0.22867,
          -0.733998,
          2.417005
        ],
        [
          0.752105,
          0.383936,
          -0.53566,
          2.535864
        ],
        [
          0.159318,
          -0.894597,
          -0.41751,
          1.605072
        ],
        [
          0.0,
          0.0,
          0.0,
          1.0
        ]
      ]
    },
    {
      "file_path": "/media/NFS/ttao/scannet/posed_images/scene0389_00/00178.jpg",
      "transform_matrix": [
        [
          -0.755403,
          0.173596,
          -0.631847,
          2.387187
        ],
        [
          0.631147,
          0.451941,
          -0.630398,
          2.595002
        ],
        [
          0.176123,
          -0.874994,
          -0.450962,
          1.596991
        ],
        [
          0.0,
          0.0,
          0.0,
          1.0
        ]
      ]
    },
    {
      "file_path": "/media/NFS/ttao/scannet/posed_images/scene0389_00/00187.jpg",
      "transform_matrix": [
        [
          -0.890293,
          0.072997,
          -0.449498,
          2.426072
        ],
        [
          0.406827,
          0.571015,
          -0.713045,
          2.628086
        ],
        [
          0.20462,
          -0.817688,
          -0.538068,
          1.56898
        ],
        [
          0.0,
          0.0,
          0.0,
          1.0
        ]
      ]
    },
    {
      "file_path": "/media/NFS/ttao/scannet/posed_images/scene0389_00/00188.jpg",
      "transform_matrix": [
        [
          -0.897924,
          0.061109,
          -0.435888,
          2.430615
        ],
        [
          0.388998,
          0.573541,
          -0.720923,
          2.638325
        ],
        [
          0.205945,
          -0.816894,
          -0.538768,
          1.569414
        ],
        [
          0.0,
          0.0,
          0.0,
          1.0
        ]
      ]
    },
    {
      "file_path": "/media/NFS/ttao/scannet/posed_images/scene0389_00/00194.jpg",
      "transform_matrix": [
        [
          -0.924172,
          -0.002195,
          -0.381971,
          2.517325
        ],
        [
          0.329909,
          0.499431,
          -0.80108,
          2.670089
        ],
        [
          0.192526,
          -0.866351,
          -0.460836,
          1.578021
        ],
        [
          0.0,
          0.0,
          0.0,
          1.0
        ]
      ]
    },
    {
      "file_path": "/media/NFS/ttao/scannet/posed_images/scene0389_00/00200.jpg",
      "transform_matrix": [
        [
          -0.945417,
          -0.053099,
          -0.321506,
          2.547408
        ],
        [
          0.280626,
          0.368834,
          -0.886121,
          2.739378
        ],
        [
          0.165634,
          -0.927978,
          -0.333801,
          1.5807
        ],
        [
          0.0,
          0.0,
          0.0,
          1.0
        ]
      ]
    },
    {
      "file_path": "/media/NFS/ttao/scannet/posed_images/scene0389_00/00205.jpg",
      "transform_matrix": [
        [
          -0.964571,
          -0.063048,
          -0.256179,
          2.555113
        ],
        [
          0.225323,
          0.308221,
          -0.924245,
          2.779663
        ],
        [
          0.137232,
          -0.949223,
          -0.283095,
          1.641434
        ],
        [
          0.0,
          0.0,
          0.0,
          1.0
        ]
      ]
    },
    {
      "file_path": "/media/NFS/ttao/scannet/posed_images/scene0389_00/00209.jpg",
      "transform_matrix": [
        [
          -0.974034,
          -0.063764,
          -0.217236,
          2.562136
        ],
        [
          0.195326,
          0.248495,
          -0.948735,
          2.817308
        ],
        [
          0.114477,
          -0.966532,
          -0.229587,
          1.691297
        ],
        [
          0.0,
          0.0,
          0.0,
          1.0
        ]
      ]
    },
    {
      "file_path": "/media/NFS/ttao/scannet/posed_images/scene0389_00/00215.jpg",
      "transform_matrix": [
        [
          -0.981169,
          -0.065236,
          -0.181801,
          2.618098
        ],
        [
          0.165801,
          0.198381,
          -0.965999,
          2.893928
        ],
        [
          0.099084,
          -0.977952,
          -0.183829,
          1.696276
        ],
        [
          0.0,
          0.0,
          0.0,
          1.0
        ]
      ]
    },
    {
      "file_path": "/media/NFS/ttao/scannet/posed_images/scene0389_00/00216.jpg",
      "transform_matrix": [
        [
          -0.983188,
          -0.069149,
          -0.168993,
          2.620352
        ],
        [
          0.152282,
          0.200143,
          -0.96786,
          2.904664
        ],
        [
          0.10075,
          -0.977324,
          -0.186248,
          1.699662
        ],
        [
          0.0,
          0.0,
          0.0,
          1.0
        ]
      ]
    },
    {
      "file_path": "/media/NFS/ttao/scannet/posed_images/scene0389_00/00221.jpg",
      "transform_matrix": [
        [
          -0.991648,
          -0.095968,
          -0.086166,
          2.6404
        ],
        [
          0.065239,
          0.203083,
          -0.976986,
          2.963918
        ],
        [
          0.111259,
          -0.974447,
          -0.195126,
          1.683691
        ],
        [
          0.0,
          0.0,
          0.0,
          1.0
        ]
      ]
    },
    {
      "file_path": "/media/NFS/ttao/scannet/posed_images/scene0389_00/00226.jpg",
      "transform_matrix": [
        [
          -0.993175,
          -0.115972,
          0.012398,
          2.615424
        ],
        [
          -0.038775,
          0.228058,
          -0.972875,
          3.023216
        ],
        [
          0.109999,
          -0.966716,
          -0.230998,
          1.651473
        ],
        [
          0.0,
          0.0,
          0.0,
          1.0
        ]
      ]
    },
    {
      "file_path": "/media/NFS/ttao/scannet/posed_images/scene0389_00/00231.jpg",
      "transform_matrix": [
        [
          -0.989721,
          -0.133273,
          0.051864,
          2.628728
        ],
        [
          -0.089979,
          0.298435,
          -0.950179,
          3.060219
        ],
        [
          0.111155,
          -0.945079,
          -0.307359,
          1.621806
        ],
        [
          0.0,
          0.0,
          0.0,
          1.0
        ]
      ]
    },
    {
      "file_path": "/media/NFS/ttao/scannet/posed_images/scene0389_00/00236.jpg",
      "transform_matrix": [
        [
          -0.980656,
          -0.172841,
          0.091863,
          2.59824
        ],
        [
          -0.149905,
          0.361402,
          -0.920281,
          3.107431
        ],
        [
          0.125863,
          -0.91625,
          -0.380321,
          1.56986
        ],
        [
          0.0,
          0.0,
          0.0,
          1.0
        ]
      ]
    },
    {
      "file_path": "/media/NFS/ttao/scannet/posed_images/scene0389_00/00242.jpg",
      "transform_matrix": [
        [
          -0.966824,
          -0.22603,
          0.119006,
          2.589952
        ],
        [
          -0.207461,
          0.422982,
          -0.882069,
          3.155842
        ],
        [
          0.149037,
          -0.877495,
          -0.455841,
          1.530075
        ],
        [
          0.0,
          0.0,
          0.0,
          1.0
        ]
      ]
    },
    {
      "file_path": "/media/NFS/ttao/scannet/posed_images/scene0389_00/00248.jpg",
      "transform_matrix": [
        [
          -0.956506,
          -0.254811,
          0.14201,
          2.590281
        ],
        [
          -0.249141,
          0.460358,
          -0.852056,
          3.207352
        ],
        [
          0.151738,
          -0.850378,
          -0.503819,
          1.500489
        ],
        [
          0.0,
          0.0,
          0.0,
          1.0
        ]
      ]
    },
    {
      "file_path": "/media/NFS/ttao/scannet/posed_images/scene0389_00/00252.jpg",
      "transform_matrix": [
        [
          -0.949691,
          -0.270729,
          0.157454,
          2.59798
        ],
        [
          -0.272124,
          0.464446,
          -0.842756,
          3.247907
        ],
        [
          0.15503,
          -0.843206,
          -0.514753,
          1.484635
        ],
        [
          0.0,
          0.0,
          0.0,
          1.0
        ]
      ]
    },
    {
      "file_path": "/media/NFS/ttao/scannet/posed_images/scene0389_00/00258.jpg",
      "transform_matrix": [
        [
          -0.937565,
          -0.304814,
          0.167511,
          2.595879
        ],
        [
          -0.304775,
          0.487951,
          -0.817934,
          3.305127
        ],
        [
          0.16758,
          -0.817919,
          -0.550386,
          1.459264
        ],
        [
          0.0,
          0.0,
          0.0,
          1.0
        ]
      ]
    },
    {
      "file_path": "/media/NFS/ttao/scannet/posed_images/scene0389_00/00259.jpg",
      "transform_matrix": [
        [
          -0.937466,
          -0.306466,
          0.165033,
          2.594074
        ],
        [
          -0.303999,
          0.489944,
          -0.817031,
          3.314154
        ],
        [
          0.169535,
          -0.816109,
          -0.552471,
          1.455394
        ],
        [
          0.0,
          0.0,
          0.0,
          1.0
        ]
      ]
    },
    {
      "file_path": "/media/NFS/ttao/scannet/posed_images/scene0389_00/00266.jpg",
      "transform_matrix": [
        [
          -0.942944,
          -0.305899,
          0.131461,
          2.593452
        ],
        [
          -0.283114,
          0.528867,
          -0.800092,
          3.372182
        ],
        [
          0.175222,
          -0.79166,
          -0.585296,
          1.435627
        ],
        [
          0.0,
          0.0,
          0.0,
          1.0
        ]
      ]
    },
    {
      "file_path": "/media/NFS/ttao/scannet/posed_images/scene0389_00/00270.jpg",
      "transform_matrix": [
        [
          -0.948135,
          -0.299083,
          0.10765,
          2.598106
        ],
        [
          -0.261233,
          0.540217,
          -0.799951,
          3.397362
        ],
        [
          0.181097,
          -0.786584,
          -0.59033,
          1.435492
        ],
        [
          0.0,
          0.0,
          0.0,
          1.0
        ]
      ]
    },
    {
      "file_path": "/media/NFS/ttao/scannet/posed_images/scene0389_00/00275.jpg",
      "transform_matrix": [
        [
          -0.951913,
          -0.285971,
          0.10992,
          2.611448
        ],
        [
          -0.250389,
          0.519433,
          -0.817003,
          3.424009
        ],
        [
          0.176543,
          -0.805239,
          -0.566059,
          1.455982
        ],
        [
          0.0,
          0.0,
          0.0,
          1.0
        ]
      ]
    },
    {
      "file_path": "/media/NFS/ttao/scannet/posed_images/scene0389_00/00277.jpg",
      "transform_matrix": [
        [
          -0.95093,
          -0.284171,
          0.122391,
          2.621375
        ],
        [
          -0.257192,
          0.506083,
          -0.823245,
          3.431298
        ],
        [
          0.172003,
          -0.814326,
          -0.554336,
          1.469352
        ],
        [
          0.0,
          0.0,
          0.0,
          1.0
        ]
      ]
    },
    {
      "file_path": "/media/NFS/ttao/scannet/posed_images/scene0389_00/00284.jpg",
      "transform_matrix": [
        [
          -0.939331,
          -0.270871,
          0.210445,
          2.644148
        ],
        [
          -0.311361,
          0.415909,
          -0.854444,
          3.453847
        ],
        [
          0.143918,
          -0.86813,
          -0.475015,
          1.520105
        ],
        [
          0.0,
          0.0,
          0.0,
          1.0
        ]
      ]
    },
    {
      "file_path": "/media/NFS/ttao/scannet/posed_images/scene0389_00/00289.jpg",
      "transform_matrix": [
        [
          -0.933202,
          -0.256159,
          0.252024,
          2.660652
        ],
        [
          -0.333861,
          0.358596,
          -0.871749,
          3.461169
        ],
        [
          0.132931,
          -0.897659,
          -0.420164,
          1.550234
        ],
        [
          0.0,
          0.0,
          0.0,
          1.0
        ]
      ]
    },
    {
      "file_path": "/media/NFS/ttao/scannet/posed_images/scene0389_00/00294.jpg",
      "transform_matrix": [
        [
          -0.923079,
          -0.239703,
          0.30078,
          2.675731
        ],
        [
          -0.366006,
          0.307182,
          -0.878452,
          3.472046
        ],
        [
          0.118173,
          -0.920968,
          -0.371286,
          1.580801
        ],
        [
          0.0,
          0.0,
          0.0,
          1.0
        ]
      ]
    },
    {
      "file_path": "/media/NFS/ttao/scannet/posed_images/scene0389_00/00300.jpg",
      "transform_matrix": [
        [
          -0.908126,
          -0.223202,
          0.354241,
          2.703701
        ],
        [
          -0.407684,
          0.278617,
          -0.869578,
          3.477039
        ],
        [
          0.095394,
          -0.934106,
          -0.344016,
          1.611528
        ],
        [
          0.0,
          0.0,
          0.0,
          1.0
        ]
      ]
    },
    {
      "file_path": "/media/NFS/ttao/scannet/posed_images/scene0389_00/00304.jpg",
      "transform_matrix": [
        [
          -0.897193,
          -0.221226,
          0.382236,
          2.711949
        ],
        [
          -0.432414,
          0.264062,
          -0.862142,
          3.478831
        ],
        [
          0.089795,
          -0.938792,
          -0.332575,
          1.614048
        ],
        [
          0.0,
          0.0,
          0.0,
          1.0
        ]
      ]
    },
    {
      "file_path": "/media/NFS/ttao/scannet/posed_images/scene0389_00/00306.jpg",
      "transform_matrix": [
        [
          -0.89449,
          -0.222218,
          0.387952,
          2.714364
        ],
        [
          -0.438262,
          0.264252,
          -0.859126,
          3.477842
        ],
        [
          0.088396,
          -0.938504,
          -0.33376,
          1.616947
        ],
        [
          0.0,
          0.0,
          0.0,
          1.0
        ]
      ]
    },
    {
      "file_path": "/media/NFS/ttao/scannet/posed_images/scene0389_00/00310.jpg",
      "transform_matrix": [
        [
          -0.892667,
          -0.230807,
          0.387136,
          2.718996
        ],
        [
          -0.441834,
          0.278425,
          -0.852797,
          3.476379
        ],
        [
          0.089043,
          -0.932313,
          -0.350519,
          1.604718
        ],
        [
          0.0,
          0.0,
          0.0,
          1.0
        ]
      ]
    },
    {
      "file_path": "/media/NFS/ttao/scannet/posed_images/scene0389_00/00317.jpg",
      "transform_matrix": [
        [
          -0.864351,
          -0.280747,
          0.417228,
          2.746626
        ],
        [
          -0.496164,
          0.340855,
          -0.798523,
          3.471216
        ],
        [
          0.081969,
          -0.897218,
          -0.433914,
          1.568605
        ],
        [
          0.0,
          0.0,
          0.0,
          1.0
        ]
      ]
    },
    {
      "file_path": "/media/NFS/ttao/scannet/posed_images/scene0389_00/00320.jpg",
      "transform_matrix": [
        [
          -0.835625,
          -0.319194,
          0.44704,
          2.743969
        ],
        [
          -0.542468,
          0.351579,
          -0.762969,
          3.473029
        ],
        [
          0.086365,
          -0.880061,
          -0.466941,
          1.554118
        ],
        [
          0.0,
          0.0,
          0.0,
          1.0
        ]
      ]
    },
    {
      "file_path": "/media/NFS/ttao/scannet/posed_images/scene0389_00/00325.jpg",
      "transform_matrix": [
        [
          -0.805333,
          -0.375386,
          0.458828,
          2.763495
        ],
        [
          -0.584002,
          0.369347,
          -0.722859,
          3.467751
        ],
        [
          0.101885,
          -0.850099,
          -0.516673,
          1.534503
        ],
        [
          0.0,
          0.0,
          0.0,
          1.0
        ]
      ]
    },
    {
      "file_path": "/media/NFS/ttao/scannet/posed_images/scene0389_00/00333.jpg",
      "transform_matrix": [
        [
          -0.782938,
          -0.43273,
          0.446938,
          2.800622
        ],
        [
          -0.606982,
          0.373953,
          -0.701235,
          3.471381
        ],
        [
          0.136312,
          -0.820307,
          -0.555442,
          1.50124
        ],
        [
          0.0,
          0.0,
          0.0,
          1.0
        ]
      ]
    },
    {
      "file_path": "/media/NFS/ttao/scannet/posed_images/scene0389_00/00334.jpg",
      "transform_matrix": [
        [
          -0.784659,
          -0.437338,
          0.439371,
          2.809362
        ],
        [
          -0.603307,
          0.375689,
          -0.703476,
          3.471808
        ],
        [
          0.14259,
          -0.817064,
          -0.558636,
          1.496665
        ],
        [
          0.0,
          0.0,
          0.0,
          1.0
        ]
      ]
    },
    {
      "file_path": "/media/NFS/ttao/scannet/posed_images/scene0389_00/00338.jpg",
      "transform_matrix": [
        [
          -0.81225,
          -0.438805,
          0.384319,
          2.849334
        ],
        [
          -0.560311,
          0.403755,
          -0.723211,
          3.475928
        ],
        [
          0.162177,
          -0.802766,
          -0.573817,
          1.473398
        ],
        [
          0.0,
          0.0,
          0.0,
          1.0
        ]
      ]
    },
    {
      "file_path": "/media/NFS/ttao/scannet/posed_images/scene0389_00/00345.jpg",
      "transform_matrix": [
        [
          -0.882302,
          -0.396737,
          0.253266,
          2.939482
        ],
        [
          -0.43999,
          0.504064,
          -0.743188,
          3.496968
        ],
        [
          0.167187,
          -0.767151,
          -0.619297,
          1.436454
        ],
        [
          0.0,
          0.0,
          0.0,
          1.0
        ]
      ]
    },
    {
      "file_path": "/media/NFS/ttao/scannet/posed_images/scene0389_00/00351.jpg",
      "transform_matrix": [
        [
          -0.929237,
          -0.33362,
          0.158799,
          3.032457
        ],
        [
          -0.338921,
          0.598469,
          -0.725925,
          3.529041
        ],
        [
          0.147147,
          -0.728377,
          -0.66919,
          1.412538
        ],
        [
          0.0,
          0.0,
          0.0,
          1.0
        ]
      ]
    },
    {
      "file_path": "/media/NFS/ttao/scannet/posed_images/scene0389_00/00357.jpg",
      "transform_matrix": [
        [
          -0.953989,
          -0.282813,
          0.099614,
          3.116586
        ],
        [
          -0.265392,
          0.641802,
          -0.719484,
          3.54759
        ],
        [
          0.139547,
          -0.712816,
          -0.687328,
          1.404752
        ],
        [
          0.0,
          0.0,
          0.0,
          1.0
        ]
      ]
    },
    {
      "file_path": "/media/NFS/ttao/scannet/posed_images/scene0389_00/00358.jpg",
      "transform_matrix": [
        [
          -0.957297,
          -0.27301,
          0.095124,
          3.130458
        ],
        [
          -0.255267,
          0.643715,
          -0.721437,
          3.548697
        ],
        [
          0.135727,
          -0.714911,
          -0.685916,
          1.403788
        ],
        [
          0.0,
          0.0,
          0.0,
          1.0
        ]
      ]
    },
    {
      "file_path": "/media/NFS/ttao/scannet/posed_images/scene0389_00/00365.jpg",
      "transform_matrix": [
        [
          -0.961923,
          -0.254473,
          0.099734,
          3.22631
        ],
        [
          -0.253805,
          0.696247,
          -0.671434,
          3.525496
        ],
        [
          0.101422,
          -0.671181,
