{
  "frames": [
    {
      "file_path": "/media/NFS/ttao/scannet/posed_images/scene0005_01/00001.jpg",
      "transform_matrix": [
        [
          -0.671159,
          -0.326533,
          0.665524,
          1.633784
        ],
        [
          -0.741301,
          0.290522,
          -0.605036,
          4.854079
        ],
        [
          0.004214,
          -0.899429,
          -0.437046,
          1.293445
        ],
        [
          0.0,
          0.0,
          0.0,
          1.0
        ]
      ]
    },
    {
      "file_path": "/media/NFS/ttao/scannet/posed_images/scene0005_01/00006.jpg",
      "transform_matrix": [
        [
          -0.675561,
          -0.323546,
          0.662523,
          1.634936
        ],
        [
          -0.737271,
          0.287822,
          -0.611221,
          4.856248
        ],
        [
          0.007069,
          -0.901375,
          -0.432982,
          1.291728
        ],
        [
          0.0,
          0.0,
          0.0,
          1.0
        ]
      ]
    },
    {
      "file_path": "/media/NFS/ttao/scannet/posed_images/scene0005_01/00012.jpg",
      "transform_matrix": [
        [
          -0.676864,
          -0.315639,
          0.665002,
          1.631908
        ],
        [
          -0.736105,
          0.287639,
          -0.612709,
          4.854511
        ],
        [
          0.002114,
          -0.904232,
          -0.427036,
          1.286455
        ],
        [
          0.0,
          0.0,
          0.0,
          1.0
        ]
      ]
    },
    {
      "file_path": "/media/NFS/ttao/scannet/posed_images/scene0005_01/00017.jpg",
      "transform_matrix": [
        [
          -0.675726,
          -0.31722,
          0.665407,
          1.632063
        ],
        [
          -0.737143,
          0.285896,
          -0.612278,
          4.853683
        ],
        [
          0.00399,
          -0.904232,
          -0.427024,
          1.284455
        ],
        [
          0.0,
          0.0,
          0.0,
          1.0
        ]
      ]
    },
    {
      "file_path": "/media/NFS/ttao/scannet/posed_images/scene0005_01/00019.jpg",
      "transform_matrix": [
        [
          -0.672408,
          -0.321632,
          0.666648,
          1.630343
        ],
        [
          -0.740147,
          0.283574,
          -0.609728,
          4.850236
        ],
        [
          0.007064,
          -0.903404,
          -0.428733,
          1.281592
        ],
        [
          0.0,
          0.0,
          0.0,
          1.0
        ]
      ]
    },
    {
      "file_path": "/media/NFS/ttao/scannet/posed_images/scene0005_01/00023.jpg",
      "transform_matrix": [
        [
          -0.663287,
          -0.331974,
          0.670704,
          1.62967
        ],
        [
          -0.748355,
          0.289472,
          -0.596801,
          4.838417
        ],
        [
          0.003972,
          -0.897775,
          -0.440438,
          1.284582
        ],
        [
          0.0,
          0.0,
          0.0,
          1.0
        ]
      ]
    },
    {
      "file_path": "/media/NFS/ttao/scannet/posed_images/scene0005_01/00030.jpg",
      "transform_matrix": [
        [
          -0.652383,
          -0.321154,
          0.686481,
          1.620764
        ],
        [
          -0.757889,
          0.276362,
          -0.590955,
          4.82548
        ],
        [
          7.1e-05,
          -0.905806,
          -0.423693,
          1.289885
        ],
        [
          0.0,
          0.0,
          0.0,
          1.0
        ]
      ]
    },
    {
      "file_path": "/media/NFS/ttao/scannet/posed_images/scene0005_01/00036.jpg",
      "transform_matrix": [
        [
          -0.616625,
          -0.323067,
          0.717915,
          1.624668
        ],
        [
          -0.786671,
          0.288033,
          -0.546064,
          4.79776
        ],
        [
          -0.030368,
          -0.901479,
          -0.431756,
          1.289313
        ],
        [
          0.0,
          0.0,
          0.0,
          1.0
        ]
      ]
    },
    {
      "file_path": "/media/NFS/ttao/scannet/posed_images/scene0005_01/00038.jpg",
      "transform_matrix": [
        [
          -0.610789,
          -0.325409,
          0.721835,
          1.623707
        ],
        [
          -0.791139,
          0.287851,
          -0.539667,
          4.789509
        ],
        [
          -0.032168,
          -0.900695,
          -0.43326,
          1.286435
        ],
        [
          0.0,
          0.0,
          0.0,
          1.0
        ]
      ]
    },
    {
      "file_path": "/media/NFS/ttao/scannet/posed_images/scene0005_01/00042.jpg",
      "transform_matrix": [
        [
          -0.589876,
          -0.35274,
          0.726375,
          1.618382
        ],
        [
          -0.807433,
          0.268718,
          -0.525207,
          4.765747
        ],
        [
          -0.009928,
          -0.896307,
          -0.443324,
          1.288548
        ],
        [
          0.0,
          0.0,
          0.0,
          1.0
        ]
      ]
    },
    {
      "file_path": "/media/NFS/ttao/scannet/posed_images/scene0005_01/00049.jpg",
      "transform_matrix": [
        [
          -0.549515,
          -0.364675,
          0.751695,
          1.622208
        ],
        [
          -0.835419,
          0.251041,
          -0.488931,
          4.731399
        ],
        [
          -0.010405,
          -0.896655,
          -0.442608,
          1.279056
        ],
        [
          0.0,
          0.0,
          0.0,
          1.0
        ]
      ]
    },
    {
      "file_path": "/media/NFS/ttao/scannet/posed_images/scene0005_01/00054.jpg",
      "transform_matrix": [
        [
          -0.53975,
          -0.391576,
          0.74521,
          1.629882
        ],
        [
          -0.841823,
          0.24916,
          -0.478804,
          4.705453
        ],
        [
          0.001811,
          -0.885769,
          -0.464122,
          1.270355
        ],
        [
          0.0,
          0.0,
          0.0,
          1.0
        ]
      ]
    },
    {
      "file_path": "/media/NFS/ttao/scannet/posed_images/scene0005_01/00057.jpg",
      "transform_matrix": [
        [
          -0.528683,
          -0.395642,
          0.750974,
          1.648831
        ],
        [
          -0.848808,
          0.250988,
          -0.465327,
          4.689068
        ],
        [
          -0.004383,
          -0.883444,
          -0.468517,
          1.274174
        ],
        [
          0.0,
          0.0,
          0.0,
          1.0
        ]
      ]
    },
    {
      "file_path": "/media/NFS/ttao/scannet/posed_images/scene0005_01/00064.jpg",
      "transform_matrix": [
        [
          -0.534747,
          -0.399706,
          0.7445,
          1.694029
        ],
        [
          -0.84481,
          0.233631,
          -0.481365,
          4.648361
        ],
        [
          0.018466,
          -0.88637,
          -0.462609,
          1.268063
        ],
        [
          0.0,
          0.0,
          0.0,
          1.0
        ]
      ]
    },
    {
      "file_path": "/media/NFS/ttao/scannet/posed_images/scene0005_01/00067.jpg",
      "transform_matrix": [
        [
          -0.536076,
          -0.408696,
          0.738641,
          1.72992
        ],
        [
          -0.843803,
          0.233635,
          -0.483127,
          4.633389
        ],
        [
          0.02488,
          -0.88226,
          -0.470105,
          1.273039
        ],
        [
          0.0,
          0.0,
          0.0,
          1.0
        ]
      ]
    },
    {
      "file_path": "/media/NFS/ttao/scannet/posed_images/scene0005_01/00074.jpg",
      "transform_matrix": [
        [
          -0.520897,
          -0.38885,
          0.75991,
          1.784689
        ],
        [
          -0.853493,
          0.221907,
          -0.471494,
          4.594995
        ],
        [
          0.014711,
          -0.894177,
          -0.447471,
          1.282566
        ],
        [
          0.0,
          0.0,
          0.0,
          1.0
        ]
      ]
    },
    {
      "file_path": "/media/NFS/ttao/scannet/posed_images/scene0005_01/00080.jpg",
      "transform_matrix": [
        [
          -0.50565,
          -0.417615,
          0.754928,
          1.806131
        ],
        [
          -0.861717,
          0.201904,
          -0.465486,
          4.562491
        ],
        [
          0.041971,
          -0.885908,
          -0.461959,
          1.284774
        ],
        [
          0.0,
          0.0,
          0.0,
          1.0
        ]
      ]
    },
    {
      "file_path": "/media/NFS/ttao/scannet/posed_images/scene0005_01/00081.jpg",
      "transform_matrix": [
        [
          -0.503325,
          -0.418288,
          0.756108,
          1.80941
        ],
        [
          -0.86294,
          0.198048,
          -0.464879,
          4.558914
        ],
        [
          0.044708,
          -0.886461,
          -0.46064,
          1.281607
        ],
        [
          0.0,
          0.0,
          0.0,
          1.0
        ]
      ]
    },
    {
      "file_path": "/media/NFS/ttao/scannet/posed_images/scene0005_01/00088.jpg",
      "transform_matrix": [
        [
          -0.418306,
          -0.431781,
          0.799115,
          1.824131
        ],
        [
          -0.907644,
          0.165121,
          -0.385898,
          4.514759
        ],
        [
          0.034673,
          -0.886736,
          -0.460975,
          1.282577
        ],
        [
          0.0,
          0.0,
          0.0,
          1.0
        ]
      ]
    },
    {
      "file_path": "/media/NFS/ttao/scannet/posed_images/scene0005_01/00094.jpg",
      "transform_matrix": [
        [
          -0.387664,
          -0.463183,
          0.79698,
          1.791049
        ],
        [
          -0.920912,
          0.156649,
          -0.356907,
          4.434819
        ],
        [
          0.040467,
          -0.872309,
          -0.487278,
          1.274116
        ],
        [
          0.0,
          0.0,
          0.0,
          1.0
        ]
      ]
    },
    {
      "file_path": "/media/NFS/ttao/scannet/posed_images/scene0005_01/00097.jpg",
      "transform_matrix": [
        [
          -0.370842,
          -0.468433,
          0.801902,
          1.786189
        ],
        [
          -0.928052,
          0.154772,
          -0.33877,
          4.408628
        ],
        [
          0.034579,
          -0.869837,
          -0.492126,
          1.277149
        ],
        [
          0.0,
          0.0,
          0.0,
          1.0
        ]
      ]
    },
    {
      "file_path": "/media/NFS/ttao/scannet/posed_images/scene0005_01/00100.jpg",
      "transform_matrix": [
        [
          -0.342331,
          -0.468729,
          0.814311,
          1.777866
        ],
        [
          -0.939176,
          0.14532,
          -0.311175,
          4.381841
        ],
        [
          0.027522,
          -0.871307,
          -0.489967,
          1.279442
        ],
        [
          0.0,
          0.0,
          0.0,
          1.0
        ]
      ]
    },
    {
      "file_path": "/media/NFS/ttao/scannet/posed_images/scene0005_01/00109.jpg",
      "transform_matrix": [
        [
          -0.220739,
          -0.506969,
          0.833221,
          1.764946
        ],
        [
          -0.975107,
          0.096307,
          -0.19973,
          4.356719
        ],
        [
          0.021011,
          -0.856567,
          -0.515608,
          1.269752
        ],
        [
          0.0,
          0.0,
          0.0,
          1.0
        ]
      ]
    },
    {
      "file_path": "/media/NFS/ttao/scannet/posed_images/scene0005_01/00110.jpg",
      "transform_matrix": [
        [
          -0.191199,
          -0.510199,
          0.838534,
          1.752279
        ],
        [
          -0.981394,
          0.084099,
          -0.172604,
          4.337322
        ],
        [
          0.017542,
          -0.855935,
          -0.516786,
          1.268332
        ],
        [
          0.0,
          0.0,
          0.0,
          1.0
        ]
      ]
    },
    {
      "file_path": "/media/NFS/ttao/scannet/posed_images/scene0005_01/00119.jpg",
      "transform_matrix": [
        [
          -0.085666,
          -0.527584,
          0.845172,
          1.7649
        ],
        [
          -0.996272,
          0.036747,
          -0.078043,
          4.347769
        ],
        [
          0.010117,
          -0.848708,
          -0.528766,
          1.267212
        ],
        [
          0.0,
          0.0,
          0.0,
          1.0
        ]
      ]
    },
    {
      "file_path": "/media/NFS/ttao/scannet/posed_images/scene0005_01/00123.jpg",
      "transform_matrix": [
        [
          -0.058042,
          -0.528911,
          0.84669,
          1.762008
        ],
        [
          -0.998247,
          0.020906,
          -0.055372,
          4.339803
        ],
        [
          0.011586,
          -0.84842,
          -0.529198,
          1.266774
        ],
        [
          0.0,
          0.0,
          0.0,
          1.0
        ]
      ]
    },
    {
      "file_path": "/media/NFS/ttao/scannet/posed_images/scene0005_01/00126.jpg",
      "transform_matrix": [
        [
          -0.067226,
          -0.541187,
          0.838211,
          1.764215
        ],
        [
          -0.997645,
          0.024995,
          -0.063875,
          4.342577
        ],
        [
          0.013617,
          -0.840531,
          -0.541593,
          1.260167
        ],
        [
          0.0,
          0.0,
          0.0,
          1.0
        ]
      ]
    },
    {
      "file_path": "/media/NFS/ttao/scannet/posed_images/scene0005_01/00130.jpg",
      "transform_matrix": [
        [
          -0.0834,
          -0.549925,
          0.83104,
          1.765023
        ],
        [
          -0.99556,
          0.009464,
          -0.093648,
          4.339494
        ],
        [
          0.043635,
          -0.835161,
          -0.548273,
          1.255456
        ],
        [
          0.0,
          0.0,
          0.0,
          1.0
        ]
      ]
    },
    {
      "file_path": "/media/NFS/ttao/scannet/posed_images/scene0005_01/00136.jpg",
      "transform_matrix": [
        [
          0.009702,
          -0.545049,
          0.838348,
          1.730783
        ],
        [
          -0.999878,
          -0.015549,
          0.001463,
          4.306452
        ],
        [
          0.012238,
          -0.83826,
          -0.545134,
          1.259639
        ],
        [
          0.0,
          0.0,
          0.0,
          1.0
        ]
      ]
    },
    {
      "file_path": "/media/NFS/ttao/scannet/posed_images/scene0005_01/00142.jpg",
      "transform_matrix": [
        [
          0.107876,
          -0.531073,
          0.840431,
          1.67242
        ],
        [
          -0.994139,
          -0.051569,
          0.095018,
          4.245676
        ],
        [
          -0.007121,
          -0.845756,
          -0.533523,
          1.248068
        ],
        [
          0.0,
          0.0,
          0.0,
          1.0
        ]
      ]
    },
    {
      "file_path": "/media/NFS/ttao/scannet/posed_images/scene0005_01/00148.jpg",
      "transform_matrix": [
        [
          0.138652,
          -0.545439,
          0.826603,
          1.613277
        ],
        [
          -0.990244,
          -0.088022,
          0.10802,
          4.192649
        ],
        [
          0.013841,
          -0.833516,
          -0.552322,
          1.243748
        ],
        [
          0.0,
          0.0,
          0.0,
          1.0
        ]
      ]
    },
    {
      "file_path": "/media/NFS/ttao/scannet/posed_images/scene0005_01/00149.jpg",
      "transform_matrix": [
        [
          0.141944,
          -0.545149,
          0.826235,
          1.604694
        ],
        [
          -0.989809,
          -0.08778,
          0.112128,
          4.188316
        ],
        [
          0.0114,
          -0.833731,
          -0.552053,
          1.243986
        ],
        [
          0.0,
          0.0,
          0.0,
          1.0
        ]
      ]
    },
    {
      "file_path": "/media/NFS/ttao/scannet/posed_images/scene0005_01/00155.jpg",
      "transform_matrix": [
        [
          0.14959,
          -0.542669,
          0.826519,
          1.537706
        ],
        [
          -0.988651,
          -0.070393,
          0.132716,
          4.173283
        ],
        [
          -0.01384,
          -0.836992,
          -0.54704,
          1.242381
        ],
        [
          0.0,
          0.0,
          0.0,
          1.0
        ]
      ]
    },
    {
      "file_path": "/media/NFS/ttao/scannet/posed_images/scene0005_01/00158.jpg",
      "transform_matrix": [
        [
          0.163605,
          -0.535766,
          0.828365,
          1.505638
        ],
        [
          -0.98605,
          -0.06274,
          0.15417,
          4.155319
        ],
        [
          -0.030627,
          -0.842032,
          -0.538557,
          1.244342
        ],
        [
          0.0,
          0.0,
          0.0,
          1.0
        ]
      ]
    },
    {
      "file_path": "/media/NFS/ttao/scannet/posed_images/scene0005_01/00167.jpg",
      "transform_matrix": [
        [
          0.139578,
          -0.5571,
          0.818632,
          1.396283
        ],
        [
          -0.990081,
          -0.091928,
          0.106251,
          4.116961
        ],
        [
          0.016063,
          -0.825342,
          -0.564405,
          1.212649
        ],
        [
          0.0,
          0.0,
          0.0,
          1.0
        ]
      ]
    },
    {
      "file_path": "/media/NFS/ttao/scannet/posed_images/scene0005_01/00170.jpg",
      "transform_matrix": [
        [
          0.156018,
          -0.553252,
          0.818273,
          1.361598
        ],
        [
          -0.987017,
          -0.119326,
          0.107514,
          4.105786
        ],
        [
          0.038159,
          -0.824423,
          -0.564686,
          1.208718
        ],
        [
          0.0,
          0.0,
          0.0,
          1.0
        ]
      ]
    },
    {
      "file_path": "/media/NFS/ttao/scannet/posed_images/scene0005_01/00177.jpg",
      "transform_matrix": [
        [
          0.195172,
          -0.521939,
          0.830354,
          1.309043
        ],
        [
          -0.980222,
          -0.13207,
          0.147382,
          4.069089
        ],
        [
          0.032741,
          -0.842697,
          -0.537392,
          1.215876
        ],
        [
          0.0,
          0.0,
          0.0,
          1.0
        ]
      ]
    },
    {
      "file_path": "/media/NFS/ttao/scannet/posed_images/scene0005_01/00181.jpg",
      "transform_matrix": [
        [
          0.252144,
          -0.511373,
          0.821536,
          1.28529
        ],
        [
          -0.967637,
          -0.142068,
          0.208554,
          4.031269
        ],
        [
          0.010066,
          -0.847534,
          -0.530646,
          1.217887
        ],
        [
          0.0,
          0.0,
          0.0,
          1.0
        ]
      ]
    },
    {
      "file_path": "/media/NFS/ttao/scannet/posed_images/scene0005_01/00184.jpg",
      "transform_matrix": [
        [
          0.298693,
          -0.497184,
          0.814611,
          1.270339
        ],
        [
          -0.954308,
          -0.163517,
          0.250116,
          4.003349
        ],
        [
          0.008849,
          -0.852098,
          -0.523308,
          1.220189
        ],
        [
          0.0,
          0.0,
          0.0,
          1.0
        ]
      ]
    },
    {
      "file_path": "/media/NFS/ttao/scannet/posed_images/scene0005_01/00187.jpg",
      "transform_matrix": [
        [
          0.346399,
          -0.488261,
          0.801005,
          1.25722
        ],
        [
          -0.937722,
          -0.204063,
          0.281134,
          3.981623
        ],
        [
          0.026189,
          -0.848504,
          -0.52854,
          1.223886
        ],
        [
          0.0,
          0.0,
          0.0,
          1.0
        ]
      ]
    },
    {
      "file_path": "/media/NFS/ttao/scannet/posed_images/scene0005_01/00194.jpg",
      "transform_matrix": [
        [
          0.473796,
          -0.439038,
          0.763389,
          1.228016
        ],
        [
          -0.880101,
          -0.266239,
          0.393115,
          3.926985
        ],
        [
          0.030651,
          -0.858116,
          -0.51254,
          1.229739
        ],
        [
          0.0,
          0.0,
          0.0,
          1.0
        ]
      ]
    },
    {
      "file_path": "/media/NFS/ttao/scannet/posed_images/scene0005_01/00200.jpg",
      "transform_matrix": [
        [
          0.582017,
          -0.400561,
          0.707678,
          1.2318
        ],
        [
          -0.813139,
          -0.295125,
          0.501704,
          3.875038
        ],
        [
          0.007891,
          -0.86744,
          -0.497479,
          1.230727
        ],
        [
          0.0,
          0.0,
          0.0,
          1.0
        ]
      ]
    },
    {
      "file_path": "/media/NFS/ttao/scannet/posed_images/scene0005_01/00202.jpg",
      "transform_matrix": [
        [
          0.607607,
          -0.395003,
          0.689048,
          1.236454
        ],
        [
          -0.794236,
          -0.304258,
          0.525943,
          3.870512
        ],
        [
          0.001899,
          -0.866833,
          -0.498595,
          1.23824
        ],
        [
          0.0,
          0.0,
          0.0,
          1.0
        ]
      ]
    },
    {
      "file_path": "/media/NFS/ttao/scannet/posed_images/scene0005_01/00209.jpg",
      "transform_matrix": [
        [
          0.657876,
          -0.368165,
          0.657003,
          1.243175
        ],
        [
          -0.752985,
          -0.304684,
          0.58325,
          3.883366
        ],
        [
          -0.014555,
          -0.87842,
          -0.477667,
          1.244231
        ],
        [
          0.0,
          0.0,
          0.0,
          1.0
        ]
      ]
    },
    {
      "file_path": "/media/NFS/ttao/scannet/posed_images/scene0005_01/00212.jpg",
      "transform_matrix": [
        [
          0.678825,
          -0.357246,
          0.641539,
          1.266503
        ],
        [
          -0.734137,
          -0.311789,
          0.603183,
          3.89277
        ],
        [
          -0.01546,
          -0.880434,
          -0.473918,
          1.248892
        ],
        [
          0.0,
          0.0,
          0.0,
          1.0
        ]
      ]
    },
    {
      "file_path": "/media/NFS/ttao/scannet/posed_images/scene0005_01/00216.jpg",
      "transform_matrix": [
        [
          0.693941,
          -0.339304,
          0.635074,
          1.295993
        ],
        [
          -0.720023,
          -0.322612,
          0.6144,
          3.921958
        ],
        [
          -0.003586,
          -0.883625,
          -0.468181,
          1.25522
        ],
        [
          0.0,
          0.0,
          0.0,
          1.0
        ]
      ]
    },
    {
      "file_path": "/media/NFS/ttao/scannet/posed_images/scene0005_01/00225.jpg",
      "transform_matrix": [
        [
          0.710714,
          -0.311058,
          0.630974,
          1.385126
        ],
        [
          -0.703469,
          -0.309101,
          0.63999,
          4.003678
        ],
        [
          -0.004039,
          -0.898721,
          -0.438503,
          1.274844
        ],
        [
          0.0,
          0.0,
          0.0,
          1.0
        ]
      ]
    },
    {
      "file_path": "/media/NFS/ttao/scannet/posed_images/scene0005_01/00226.jpg",
      "transform_matrix": [
        [
          0.712008,
          -0.309065,
          0.630494,
          1.395431
        ],
        [
          -0.702145,
          -0.305691,
          0.643075,
          4.01522
        ],
        [
          -0.006015,
          -0.900573,
          -0.434662,
          1.276206
        ],
        [
          0.0,
          0.0,
          0.0,
          1.0
        ]
      ]
    },
    {
      "file_path": "/media/NFS/ttao/scannet/posed_images/scene0005_01/00235.jpg",
      "transform_matrix": [
        [
          0.724464,
          -0.321762,
          0.609608,
          1.487658
        ],
        [
          -0.689116,
          -0.31694,
          0.651666,
          4.078048
        ],
        [
          -0.016473,
          -0.892199,
          -0.451343,
          1.276615
        ],
        [
          0.0,
          0.0,
          0.0,
          1.0
        ]
      ]
    },
    {
      "file_path": "/media/NFS/ttao/scannet/posed_images/scene0005_01/00238.jpg",
      "transform_matrix": [
        [
          0.726504,
          -0.326263,
          0.604768,
          1.521437
        ],
        [
          -0.686535,
          -0.307039,
          0.659088,
          4.087816
        ],
        [
          -0.029349,
          -0.894024,
          -0.447056,
          1.273589
        ],
        [
          0.0,
          0.0,
          0.0,
          1.0
        ]
      ]
    },
    {
      "file_path": "/media/NFS/ttao/scannet/posed_images/scene0005_01/00241.jpg",
      "transform_matrix": [
        [
          0.740823,
          -0.31775,
          0.591791,
          1.5564
        ],
        [
          -0.671034,
          -0.310848,
          0.673118,
          4.090343
        ],
        [
          -0.029926,
          -0.895773,
          -0.443504,
          1.271833
        ],
        [
          0.0,
          0.0,
          0.0,
          1.0
        ]
      ]
    },
    {
      "file_path": "/media/NFS/ttao/scannet/posed_images/scene0005_01/00248.jpg",
      "transform_matrix": [
        [
          0.789443,
          -0.298091,
          0.536584,
          1.644919
        ],
        [
          -0.611647,
          -0.308452,
          0.728523,
          4.084053
        ],
        [
          -0.051656,
          -0.903327,
          -0.425832,
          1.273941
        ],
        [
          0.0,
          0.0,
          0.0,
          1.0
        ]
      ]
    },
    {
      "file_path": "/media/NFS/ttao/scannet/posed_images/scene0005_01/00252.jpg",
      "transform_matrix": [
        [
          0.81365,
          -0.284285,
          0.507105,
          1.678423
        ],
        [
          -0.579674,
          -0.33044,
          0.744841,
          4.086451
        ],
        [
          -0.044179,
          -0.899995,
          -0.433655,
          1.272774
        ],
        [
          0.0,
          0.0,
          0.0,
          1.0
        ]
      ]
    },
    {
      "file_path": "/media/NFS/ttao/scannet/posed_images/scene0005_01/00255.jpg",
      "transform_matrix": [
        [
          0.834694,
          -0.270783,
          0.479544,
          1.706203
        ],
        [
          -0.550031,
          -0.366559,
          0.7504,
          4.089617
        ],
        [
          -0.027415,
          -0.890119,
          -0.454904,
          1.272029
        ],
        [
          0.0,
          0.0,
          0.0,
          1.0
        ]
      ]
    },
    {
      "file_path": "/media/NFS/ttao/scannet/posed_images/scene0005_01/00262.jpg",
      "transform_matrix": [
        [
          0.868273,
          -0.267299,
          0.417915,
          1.758317
        ],
        [
          -0.493873,
          -0.386263,
          0.779032,
          4.113326
        ],
        [
          -0.046809,
          -0.88281,
          -0.467393,
          1.27287
        ],
        [
          0.0,
          0.0,
          0.0,
          1.0
        ]
      ]
    },
    {
      "file_path": "/media/NFS/ttao/scannet/posed_images/scene0005_01/00268.jpg",
      "transform_matrix": [
        [
          0.879647,
          -0.250583,
          0.404263,
          1.786567
        ],
        [
          -0.47401,
          -0.391845,
          0.788525,
          4.159676
        ],
        [
          -0.039183,
          -0.885249,
          -0.463464,
          1.280871
        ],
        [
          0.0,
          0.0,
          0.0,
          1.0
        ]
      ]
    },
    {
      "file_path": "/media/NFS/ttao/scannet/posed_images/scene0005_01/00270.jpg",
      "transform_matrix": [
        [
          0.882723,
          -0.240768,
          0.403523,
          1.792152
        ],
        [
          -0.468933,
          -0.396491,
          0.789238,
          4.172952
        ],
        [
          -0.030031,
          -0.885904,
          -0.462896,
          1.281404
        ],
        [
          0.0,
          0.0,
          0.0,
          1.0
        ]
      ]
    },
    {
      "file_path": "/media/NFS/ttao/scannet/posed_images/scene0005_01/00277.jpg",
      "transform_matrix": [
        [
          0.909437,
          -0.207059,
          0.360624,
          1.796876
        ],
        [
          -0.415145,
          -0.40196,
          0.816139,
          4.238382
        ],
        [
          -0.024033,
          -0.891939,
          -0.451517,
          1.287362
        ],
        [
          0.0,
          0.0,
          0.0,
          1.0
        ]
      ]
    },
    {
      "file_path": "/media/NFS/ttao/scannet/posed_images/scene0005_01/00280.jpg",
      "transform_matrix": [
        [
          0.923264,
          -0.188163,
          0.334931,
          1.808513
        ],
        [
          -0.383941,
          -0.422041,
          0.821262,
          4.261575
        ],
        [
          -0.013176,
          -0.886835,
          -0.461899,
          1.287969
        ],
        [
          0.0,
          0.0,
          0.0,
          1.0
        ]
      ]
    },
    {
      "file_path": "/media/NFS/ttao/scannet/posed_images/scene0005_01/00286.jpg",
      "transform_matrix": [
        [
          0.939606,
          -0.177937,
          0.292369,
          1.835346
        ],
        [
          -0.341923,
          -0.450172,
          0.824884,
          4.315795
        ],
        [
          -0.015161,
          -0.875033,
          -0.483825,
          1.290047
        ],
        [
          0.0,
          0.0,
          0.0,
          1.0
        ]
      ]
    },
    {
      "file_path": "/media/NFS/ttao/scannet/posed_images/scene0005_01/00290.jpg",
      "transform_matrix": [
        [
          0.952103,
          -0.168176,
          0.255373,
          1.863802
        ],
        [
          -0.305225,
          -0.472595,
          0.826735,
          4.340117
        ],
        [
          -0.018349,
          -0.865084,
          -0.501291,
          1.294355
        ],
        [
          0.0,
          0.0,
          0.0,
          1.0
        ]
      ]
    },
    {
      "file_path": "/media/NFS/ttao/scannet/posed_images/scene0005_01/00296.jpg",
      "transform_matrix": [
        [
          0.965782,
          -0.135241,
          0.221301,
          1.917131
        ],
        [
          -0.259156,
          -0.46994,
          0.843797,
          4.367525
        ],
        [
          -0.010118,
          -0.872276,
          -0.488909,
          1.301117
        ],
        [
          0.0,
          0.0,
          0.0,
          1.0
        ]
      ]
    },
    {
      "file_path": "/media/NFS/ttao/scannet/posed_images/scene0005_01/00300.jpg",
      "transform_matrix": [
        [
          0.980021,
          -0.102943,
          0.170181,
          1.965178
        ],
        [
          -0.198739,
          -0.473079,
          0.858312,
          4.366082
        ],
        [
          -0.007848,
          -0.874985,
          -0.484086,
          1.299291
        ],
        [
          0.0,
          0.0,
          0.0,
          1.0
        ]
      ]
    },
    {
      "file_path": "/media/NFS/ttao/scannet/posed_images/scene0005_01/00304.jpg",
      "transform_matrix": [
        [
          0.990593,
          -0.068683,
          0.118357,
          2.014338
        ],
        [
          -0.136761,
          -0.467237,
          0.87349,
          4.376995
        ],
        [
          -0.004693,
          -0.88146,
          -0.472235,
          1.308171
        ],
        [
          0.0,
          0.0,
          0.0,
          1.0
        ]
      ]
    },
    {
      "file_path": "/media/NFS/ttao/scannet/posed_images/scene0005_01/00310.jpg",
      "transform_matrix": [
        [
          0.997407,
          -0.015606,
          0.07025,
          2.090679
        ],
        [
          -0.068884,
          -0.489519,
          0.869268,
          4.390742
        ],
        [
          0.020823,
          -0.871853,
          -0.489325,
          1.31807
        ],
        [
          0.0,
          0.0,
          0.0,
          1.0
        ]
      ]
    },
    {
      "file_path": "/media/NFS/ttao/scannet/posed_images/scene0005_01/00313.jpg",
      "transform_matrix": [
        [
          0.998935,
          -0.016424,
          0.043128,
          2.114392
        ],
        [
          -0.045695,
          -0.482798,
          0.874539,
          4.40925
        ],
        [
          0.006459,
          -0.875578,
          -0.483034,
          1.324112
        ],
        [
          0.0,
          0.0,
          0.0,
          1.0
        ]
      ]
    },
    {
      "file_path": "/media/NFS/ttao/scannet/posed_images/scene0005_01/00318.jpg",
      "transform_matrix": [
        [
          0.999191,
          -0.003446,
          -0.040068,
          2.168982
        ],
        [
          0.033846,
          -0.466077,
          0.884097,
          4.456511
        ],
        [
          -0.021722,
          -0.884738,
          -0.465583,
          1.330115
        ],
        [
          0.0,
          0.0,
          0.0,
          1.0
        ]
      ]
    },
    {
      "file_path": "/media/NFS/ttao/scannet/posed_images/scene0005_01/00326.jpg",
      "transform_matrix": [
        [
          0.997182,
          0.029832,
          -0.068826,
          2.220213
        ],
        [
          0.074966,
          -0.428981,
          0.900197,
          4.531319
        ],
        [
          -0.00267,
          -0.902821,
          -0.430009,
          1.337481
        ],
        [
          0.0,
          0.0,
          0.0,
          1.0
        ]
      ]
    },
    {
      "file_path": "/media/NFS/ttao/scannet/posed_images/scene0005_01/00331.jpg",
      "transform_matrix": [
        [
          0.992543,
          0.023464,
          -0.119616,
          2.248208
        ],
        [
          0.119029,
          -0.398133,
          0.909573,
          4.565241
        ],
        [
          -0.026281,
          -0.917028,
          -0.397957,
          1.336883
        ],
        [
          0.0,
          0.0,
          0.0,
          1.0
        ]
      ]
    },
    {
      "file_path": "/media/NFS/ttao/scannet/posed_images/scene0005_01/00332.jpg",
      "transform_matrix": [
        [
          0.990813,
          0.026129,
          -0.132696,
          2.254006
        ],
        [
          0.132083,
          -0.39786,
          0.907889,
          4.570944
        ],
        [
          -0.029073,
          -0.917074,
          -0.397656,
          1.336886
        ],
        [
          0.0,
          0.0,
          0.0,
          1.0
        ]
      ]
    },
    {
      "file_path": "/media/NFS/ttao/scannet/posed_images/scene0005_01/00339.jpg",
      "transform_matrix": [
        [
          0.966861,
          0.060831,
          -0.247952,
          2.323688
        ],
        [
          0.253104,
          -0.355632,
          0.899702,
          4.597212
        ],
        [
          -0.03345,
          -0.932645,
          -0.359243,
          1.33827
        ],
        [
          0.0,
          0.0,
          0.0,
          1.0
        ]
      ]
    },
    {
      "file_path": "/media/NFS/ttao/scannet/posed_images/scene0005_01/00344.jpg",
      "transform_matrix": [
        [
          0.930662,
          0.112381,
          -0.348193,
          2.385239
        ],
        [
          0.365453,
          -0.331458,
          0.869815,
          4.600724
        ],
        [
          -0.01766,
          -0.936753,
          -0.349546,
          1.338001
        ],
        [
          0.0,
          0.0,
          0.0,
          1.0
        ]
      ]
    },
    {
      "file_path": "/media/NFS/ttao/scannet/posed_images/scene0005_01/00349.jpg",
      "transform_matrix": [
        [
          0.899623,
          0.144206,
          -0.412167,
          2.434419
        ],
        [
          0.436635,
          -0.308433,
          0.845114,
          4.605115
        ],
        [
          -0.005255,
          -0.940252,
          -0.340439,
          1.340731
        ],
        [
          0.0,
          0.0,
          0.0,
          1.0
        ]
      ]
    },
    {
      "file_path": "/media/NFS/ttao/scannet/posed_images/scene0005_01/00355.jpg",
      "transform_matrix": [
        [
          0.875912,
          0.12133,
          -0.466967,
          2.475035
        ],
        [
          0.48131,
          -0.286858,
          0.828283,
          4.631168
        ],
        [
          -0.033458,
          -0.950259,
          -0.309659,
          1.331915
        ],
        [
          0.0,
          0.0,
          0.0,
          1.0
        ]
      ]
    },
    {
      "file_path": "/media/NFS/ttao/scannet/posed_images/scene0005_01/00357.jpg",
      "transform_matrix": [
        [
          0.86874,
          0.130426,
          -0.477786,
          2.481932
        ],
        [
          0.494482,
          -0.282756,
          0.821911,
          4.644416
        ],
        [
          -0.027898,
          -0.950283,
          -0.310135,
          1.328685
        ],
        [
          0.0,
          0.0,
          0.0,
          1.0
        ]
      ]
    },
    {
      "file_path": "/media/NFS/ttao/scannet/posed_images/scene0005_01/00365.jpg",
      "transform_matrix": [
        [
          0.817644,
          0.176349,
          -0.54805,
          2.488678
        ],
        [
          0.575696,
          -0.241081,
          0.781315,
          4.699218
        ],
        [
          0.00566,
          -0.954349,
          -0.298642,
          1.314122
        ],
        [
          0.0,
          0.0,
          0.0,
          1.0
        ]
      ]
    },
    {
      "file_path": "/media/NFS/ttao/scannet/posed_images/scene0005_01/00367.jpg",
      "transform_matrix": [
        [
          0.80882,
          0.179237,
          -0.560076,
          2.492414
        ],
        [
          0.588022,
          -0.236114,
          0.773615,
          4.709757
        ],
        [
          0.006419,
          -0.955052,
          -0.296369,
          1.310174
        ],
        [
          0.0,
          0.0,
          0.0,
          1.0
        ]
      ]
    },
    {
      "file_path": "/media/NFS/ttao/scannet/posed_images/scene0005_01/00373.jpg",
      "transform_matrix": [
        [
          0.770006,
          0.205037,
          -0.604195,
          2.523341
        ],
        [
          0.637863,
          -0.269533,
          0.721446,
          4.739457
        ],
        [
          -0.014927,
          -0.94091,
