{
  "frames": [
    {
      "file_path": "/media/NFS/ttao/scannet/posed_images/scene0625_01/00000.jpg",
      "transform_matrix": [
        [
          0.963024,
          -0.127069,
          0.237568,
          1.079198
        ],
        [
          -0.269305,
          -0.42864,
          0.862405,
          0.485356
        ],
        [
          -0.007754,
          -0.894495,
          -0.447011,
          1.486164
        ],
        [
          0.0,
          0.0,
          0.0,
          1.0
        ]
      ]
    },
    {
      "file_path": "/media/NFS/ttao/scannet/posed_images/scene0625_01/00003.jpg",
      "transform_matrix": [
        [
          0.962219,
          -0.125123,
          0.241824,
          1.077872
        ],
        [
          -0.272253,
          -0.430291,
          0.860656,
          0.485491
        ],
        [
          -0.003633,
          -0.893976,
          -0.4481,
          1.486206
        ],
        [
          0.0,
          0.0,
          0.0,
          1.0
        ]
      ]
    },
    {
      "file_path": "/media/NFS/ttao/scannet/posed_images/scene0625_01/00007.jpg",
      "transform_matrix": [
        [
          0.963213,
          -0.121866,
          0.23952,
          1.077294
        ],
        [
          -0.268728,
          -0.428399,
          0.862705,
          0.483391
        ],
        [
          -0.002524,
          -0.895334,
          -0.445388,
          1.484736
        ],
        [
          0.0,
          0.0,
          0.0,
          1.0
        ]
      ]
    },
    {
      "file_path": "/media/NFS/ttao/scannet/posed_images/scene0625_01/00012.jpg",
      "transform_matrix": [
        [
          0.964552,
          -0.113874,
          0.238058,
          1.071292
        ],
        [
          -0.263888,
          -0.421054,
          0.8678,
          0.48192
        ],
        [
          0.001416,
          -0.899859,
          -0.436179,
          1.484047
        ],
        [
          0.0,
          0.0,
          0.0,
          1.0
        ]
      ]
    },
    {
      "file_path": "/media/NFS/ttao/scannet/posed_images/scene0625_01/00015.jpg",
      "transform_matrix": [
        [
          0.964877,
          -0.106456,
          0.240166,
          1.070205
        ],
        [
          -0.262663,
          -0.40686,
          0.874913,
          0.480854
        ],
        [
          0.004575,
          -0.907266,
          -0.420532,
          1.485713
        ],
        [
          0.0,
          0.0,
          0.0,
          1.0
        ]
      ]
    },
    {
      "file_path": "/media/NFS/ttao/scannet/posed_images/scene0625_01/00018.jpg",
      "transform_matrix": [
        [
          0.965492,
          -0.098444,
          0.241108,
          1.069231
        ],
        [
          -0.260368,
          -0.385209,
          0.885338,
          0.479972
        ],
        [
          0.005721,
          -0.917564,
          -0.397548,
          1.491964
        ],
        [
          0.0,
          0.0,
          0.0,
          1.0
        ]
      ]
    },
    {
      "file_path": "/media/NFS/ttao/scannet/posed_images/scene0625_01/00024.jpg",
      "transform_matrix": [
        [
          0.9663,
          -0.083143,
          0.243624,
          1.068668
        ],
        [
          -0.25734,
          -0.335743,
          0.90612,
          0.478778
        ],
        [
          0.006458,
          -0.938277,
          -0.345824,
          1.506003
        ],
        [
          0.0,
          0.0,
          0.0,
          1.0
        ]
      ]
    },
    {
      "file_path": "/media/NFS/ttao/scannet/posed_images/scene0625_01/00028.jpg",
      "transform_matrix": [
        [
          0.966416,
          -0.077006,
          0.245175,
          1.070941
        ],
        [
          -0.256959,
          -0.303088,
          0.917666,
          0.47849
        ],
        [
          0.003644,
          -0.949846,
          -0.312696,
          1.518212
        ],
        [
          0.0,
          0.0,
          0.0,
          1.0
        ]
      ]
    },
    {
      "file_path": "/media/NFS/ttao/scannet/posed_images/scene0625_01/00030.jpg",
      "transform_matrix": [
        [
          0.966253,
          -0.060646,
          0.250355,
          1.063941
        ],
        [
          -0.257088,
          -0.288015,
          0.922471,
          0.477648
        ],
        [
          0.016161,
          -0.955704,
          -0.293886,
          1.523453
        ],
        [
          0.0,
          0.0,
          0.0,
          1.0
        ]
      ]
    },
    {
      "file_path": "/media/NFS/ttao/scannet/posed_images/scene0625_01/00035.jpg",
      "transform_matrix": [
        [
          0.967375,
          -0.056438,
          0.246982,
          1.067307
        ],
        [
          -0.25319,
          -0.249855,
          0.934595,
          0.478053
        ],
        [
          0.008963,
          -0.966637,
          -0.255993,
          1.535141
        ],
        [
          0.0,
          0.0,
          0.0,
          1.0
        ]
      ]
    },
    {
      "file_path": "/media/NFS/ttao/scannet/posed_images/scene0625_01/00039.jpg",
      "transform_matrix": [
        [
          0.968085,
          -0.050412,
          0.245501,
          1.068447
        ],
        [
          -0.250454,
          -0.230578,
          0.940269,
          0.478896
        ],
        [
          0.009206,
          -0.971747,
          -0.235845,
          1.541427
        ],
        [
          0.0,
          0.0,
          0.0,
          1.0
        ]
      ]
    },
    {
      "file_path": "/media/NFS/ttao/scannet/posed_images/scene0625_01/00040.jpg",
      "transform_matrix": [
        [
          0.967843,
          -0.043662,
          0.247738,
          1.06532
        ],
        [
          -0.251088,
          -0.227758,
          0.940788,
          0.478654
        ],
        [
          0.015347,
          -0.972738,
          -0.231397,
          1.54536
        ],
        [
          0.0,
          0.0,
          0.0,
          1.0
        ]
      ]
    },
    {
      "file_path": "/media/NFS/ttao/scannet/posed_images/scene0625_01/00044.jpg",
      "transform_matrix": [
        [
          0.967618,
          -0.031964,
          0.250388,
          1.065086
        ],
        [
          -0.251436,
          -0.209554,
          0.944917,
          0.480141
        ],
        [
          0.022266,
          -0.977275,
          -0.210805,
          1.551423
        ],
        [
          0.0,
          0.0,
          0.0,
          1.0
        ]
      ]
    },
    {
      "file_path": "/media/NFS/ttao/scannet/posed_images/scene0625_01/00048.jpg",
      "transform_matrix": [
        [
          0.968036,
          -0.0268,
          0.249375,
          1.063422
        ],
        [
          -0.249886,
          -0.188375,
          0.949775,
          0.481164
        ],
        [
          0.021522,
          -0.981731,
          -0.189051,
          1.561598
        ],
        [
          0.0,
          0.0,
          0.0,
          1.0
        ]
      ]
    },
    {
      "file_path": "/media/NFS/ttao/scannet/posed_images/scene0625_01/00054.jpg",
      "transform_matrix": [
        [
          0.972385,
          -0.041098,
          0.229735,
          1.059384
        ],
        [
          -0.232595,
          -0.25143,
          0.939512,
          0.480645
        ],
        [
          0.01915,
          -0.967003,
          -0.254046,
          1.550688
        ],
        [
          0.0,
          0.0,
          0.0,
          1.0
        ]
      ]
    },
    {
      "file_path": "/media/NFS/ttao/scannet/posed_images/scene0625_01/00058.jpg",
      "transform_matrix": [
        [
          0.974183,
          -0.063147,
          0.216747,
          1.055532
        ],
        [
          -0.225175,
          -0.340754,
          0.912789,
          0.482543
        ],
        [
          0.016217,
          -0.938029,
          -0.346176,
          1.526418
        ],
        [
          0.0,
          0.0,
          0.0,
          1.0
        ]
      ]
    },
    {
      "file_path": "/media/NFS/ttao/scannet/posed_images/scene0625_01/00062.jpg",
      "transform_matrix": [
        [
          0.976752,
          -0.073011,
          0.201554,
          1.047369
        ],
        [
          -0.213393,
          -0.42083,
          0.881684,
          0.49004
        ],
        [
          0.020448,
          -0.904197,
          -0.426626,
          1.491006
        ],
        [
          0.0,
          0.0,
          0.0,
          1.0
        ]
      ]
    },
    {
      "file_path": "/media/NFS/ttao/scannet/posed_images/scene0625_01/00065.jpg",
      "transform_matrix": [
        [
          0.978468,
          -0.081976,
          0.189423,
          1.047465
        ],
        [
          -0.20569,
          -0.46337,
          0.861963,
          0.49164
        ],
        [
          0.017113,
          -0.882365,
          -0.470254,
          1.476808
        ],
        [
          0.0,
          0.0,
          0.0,
          1.0
        ]
      ]
    },
    {
      "file_path": "/media/NFS/ttao/scannet/posed_images/scene0625_01/00069.jpg",
      "transform_matrix": [
        [
          0.980164,
          -0.081351,
          0.18072,
          1.048425
        ],
        [
          -0.197061,
          -0.497098,
          0.845021,
          0.492824
        ],
        [
          0.021092,
          -0.863872,
          -0.503269,
          1.459097
        ],
        [
          0.0,
          0.0,
          0.0,
          1.0
        ]
      ]
    },
    {
      "file_path": "/media/NFS/ttao/scannet/posed_images/scene0625_01/00071.jpg",
      "transform_matrix": [
        [
          0.979971,
          -0.075485,
          0.18428,
          1.04847
        ],
        [
          -0.196711,
          -0.511045,
          0.836743,
          0.497236
        ],
        [
          0.031014,
          -0.856233,
          -0.515658,
          1.452981
        ],
        [
          0.0,
          0.0,
          0.0,
          1.0
        ]
      ]
    },
    {
      "file_path": "/media/NFS/ttao/scannet/posed_images/scene0625_01/00075.jpg",
      "transform_matrix": [
        [
          0.980828,
          -0.068286,
          0.182521,
          1.059111
        ],
        [
          -0.190191,
          -0.539579,
          0.820172,
          0.50014
        ],
        [
          0.042478,
          -0.839161,
          -0.542222,
          1.443249
        ],
        [
          0.0,
          0.0,
          0.0,
          1.0
        ]
      ]
    },
    {
      "file_path": "/media/NFS/ttao/scannet/posed_images/scene0625_01/00081.jpg",
      "transform_matrix": [
        [
          0.984591,
          -0.06276,
          0.163225,
          1.076797
        ],
        [
          -0.168999,
          -0.581394,
          0.795877,
          0.50013
        ],
        [
          0.044949,
          -0.811198,
          -0.583042,
          1.420904
        ],
        [
          0.0,
          0.0,
          0.0,
          1.0
        ]
      ]
    },
    {
      "file_path": "/media/NFS/ttao/scannet/posed_images/scene0625_01/00082.jpg",
      "transform_matrix": [
        [
          0.985159,
          -0.062758,
          0.159759,
          1.079468
        ],
        [
          -0.166035,
          -0.584406,
          0.794294,
          0.500243
        ],
        [
          0.043516,
          -0.809031,
          -0.586153,
          1.417911
        ],
        [
          0.0,
          0.0,
          0.0,
          1.0
        ]
      ]
    },
    {
      "file_path": "/media/NFS/ttao/scannet/posed_images/scene0625_01/00085.jpg",
      "transform_matrix": [
        [
          0.987442,
          -0.060407,
          0.145975,
          1.089043
        ],
        [
          -0.153131,
          -0.593149,
          0.790396,
          0.502203
        ],
        [
          0.03884,
          -0.802824,
          -0.59495,
          1.412352
        ],
        [
          0.0,
          0.0,
          0.0,
          1.0
        ]
      ]
    },
    {
      "file_path": "/media/NFS/ttao/scannet/posed_images/scene0625_01/00092.jpg",
      "transform_matrix": [
        [
          0.994526,
          -0.040458,
          0.096336,
          1.102171
        ],
        [
          -0.100882,
          -0.61189,
          0.784483,
          0.513119
        ],
        [
          0.027208,
          -0.789907,
          -0.612622,
          1.405137
        ],
        [
          0.0,
          0.0,
          0.0,
          1.0
        ]
      ]
    },
    {
      "file_path": "/media/NFS/ttao/scannet/posed_images/scene0625_01/00095.jpg",
      "transform_matrix": [
        [
          0.995291,
          -0.025498,
          0.093517,
          1.096867
        ],
        [
          -0.089741,
          -0.607035,
          0.789592,
          0.521339
        ],
        [
          0.036635,
          -0.794266,
          -0.606465,
          1.40122
        ],
        [
          0.0,
          0.0,
          0.0,
          1.0
        ]
      ]
    },
    {
      "file_path": "/media/NFS/ttao/scannet/posed_images/scene0625_01/00099.jpg",
      "transform_matrix": [
        [
          0.994344,
          -0.019882,
          0.104329,
          1.089162
        ],
        [
          -0.094664,
          -0.611283,
          0.78573,
          0.54408
        ],
        [
          0.048153,
          -0.791163,
          -0.609708,
          1.401297
        ],
        [
          0.0,
          0.0,
          0.0,
          1.0
        ]
      ]
    },
    {
      "file_path": "/media/NFS/ttao/scannet/posed_images/scene0625_01/00100.jpg",
      "transform_matrix": [
        [
          0.994469,
          -0.024565,
          0.10212,
          1.088805
        ],
        [
          -0.095518,
          -0.615882,
          0.782027,
          0.548647
        ],
        [
          0.043684,
          -0.787455,
          -0.614822,
          1.399562
        ],
        [
          0.0,
          0.0,
          0.0,
          1.0
        ]
      ]
    },
    {
      "file_path": "/media/NFS/ttao/scannet/posed_images/scene0625_01/00106.jpg",
      "transform_matrix": [
        [
          0.995763,
          -0.015984,
          0.090557,
          1.075385
        ],
        [
          -0.079909,
          -0.637709,
          0.766121,
          0.574192
        ],
        [
          0.045503,
          -0.770111,
          -0.636285,
          1.394413
        ],
        [
          0.0,
          0.0,
          0.0,
          1.0
        ]
      ]
    },
    {
      "file_path": "/media/NFS/ttao/scannet/posed_images/scene0625_01/00108.jpg",
      "transform_matrix": [
        [
          0.996004,
          -0.00272,
          0.089271,
          1.070741
        ],
        [
          -0.070187,
          -0.641956,
          0.763522,
          0.581375
        ],
        [
          0.055231,
          -0.766737,
          -0.639582,
          1.391243
        ],
        [
          0.0,
          0.0,
          0.0,
          1.0
        ]
      ]
    },
    {
      "file_path": "/media/NFS/ttao/scannet/posed_images/scene0625_01/00111.jpg",
      "transform_matrix": [
        [
          0.997854,
          0.00827,
          0.064955,
          1.069079
        ],
        [
          -0.043835,
          -0.652536,
          0.756489,
          0.592403
        ],
        [
          0.048642,
          -0.757713,
          -0.650773,
          1.388474
        ],
        [
          0.0,
          0.0,
          0.0,
          1.0
        ]
      ]
    },
    {
      "file_path": "/media/NFS/ttao/scannet/posed_images/scene0625_01/00116.jpg",
      "transform_matrix": [
        [
          0.997925,
          0.063733,
          0.009152,
          1.071154
        ],
        [
          0.033619,
          -0.637,
          0.77013,
          0.596951
        ],
        [
          0.054913,
          -0.768224,
          -0.637821,
          1.385083
        ],
        [
          0.0,
          0.0,
          0.0,
          1.0
        ]
      ]
    },
    {
      "file_path": "/media/NFS/ttao/scannet/posed_images/scene0625_01/00121.jpg",
      "transform_matrix": [
        [
          0.989664,
          0.122856,
          -0.073968,
          1.075489
        ],
        [
          0.134987,
          -0.623975,
          0.769697,
          0.598698
        ],
        [
          0.048408,
          -0.771726,
          -0.63411,
          1.392424
        ],
        [
          0.0,
          0.0,
          0.0,
          1.0
        ]
      ]
    },
    {
      "file_path": "/media/NFS/ttao/scannet/posed_images/scene0625_01/00125.jpg",
      "transform_matrix": [
        [
          0.97525,
          0.177608,
          -0.131695,
          1.07843
        ],
        [
          0.215151,
          -0.624979,
          0.750408,
          0.588108
        ],
        [
          0.050971,
          -0.760169,
          -0.647723,
          1.384816
        ],
        [
          0.0,
          0.0,
          0.0,
          1.0
        ]
      ]
    },
    {
      "file_path": "/media/NFS/ttao/scannet/posed_images/scene0625_01/00129.jpg",
      "transform_matrix": [
        [
          0.959975,
          0.220771,
          -0.172361,
          1.071749
        ],
        [
          0.274307,
          -0.616691,
          0.737868,
          0.574429
        ],
        [
          0.056606,
          -0.755614,
          -0.652567,
          1.379128
        ],
        [
          0.0,
          0.0,
          0.0,
          1.0
        ]
      ]
    },
    {
      "file_path": "/media/NFS/ttao/scannet/posed_images/scene0625_01/00132.jpg",
      "transform_matrix": [
        [
          0.947935,
          0.246883,
          -0.201164,
          1.067061
        ],
        [
          0.313482,
          -0.612097,
          0.725993,
          0.564164
        ],
        [
          0.056103,
          -0.751256,
          -0.657622,
          1.374414
        ],
        [
          0.0,
          0.0,
          0.0,
          1.0
        ]
      ]
    },
    {
      "file_path": "/media/NFS/ttao/scannet/posed_images/scene0625_01/00136.jpg",
      "transform_matrix": [
        [
          0.932821,
          0.279393,
          -0.227563,
          1.06026
        ],
        [
          0.35501,
          -0.604346,
          0.713256,
          0.548967
        ],
        [
          0.061752,
          -0.746127,
          -0.662934,
          1.368175
        ],
        [
          0.0,
          0.0,
          0.0,
          1.0
        ]
      ]
    },
    {
      "file_path": "/media/NFS/ttao/scannet/posed_images/scene0625_01/00138.jpg",
      "transform_matrix": [
        [
          0.926151,
          0.293479,
          -0.236883,
          1.057176
        ],
        [
          0.371295,
          -0.599224,
          0.709275,
          0.543691
        ],
        [
          0.066211,
          -0.744849,
          -0.663939,
          1.366045
        ],
        [
          0.0,
          0.0,
          0.0,
          1.0
        ]
      ]
    },
    {
      "file_path": "/media/NFS/ttao/scannet/posed_images/scene0625_01/00143.jpg",
      "transform_matrix": [
        [
          0.909407,
          0.319522,
          -0.26624,
          1.051326
        ],
        [
          0.410637,
          -0.588222,
          0.696687,
          0.536749
        ],
        [
          0.065999,
          -0.7429,
          -0.666141,
          1.36288
        ],
        [
          0.0,
          0.0,
          0.0,
          1.0
        ]
      ]
    },
    {
      "file_path": "/media/NFS/ttao/scannet/posed_images/scene0625_01/00146.jpg",
      "transform_matrix": [
        [
          0.900692,
          0.334036,
          -0.277803,
          1.046789
        ],
        [
          0.428681,
          -0.579355,
          0.69324,
          0.534161
        ],
        [
          0.07062,
          -0.743484,
          -0.665015,
          1.363148
        ],
        [
          0.0,
          0.0,
          0.0,
          1.0
        ]
      ]
    },
    {
      "file_path": "/media/NFS/ttao/scannet/posed_images/scene0625_01/00149.jpg",
      "transform_matrix": [
        [
          0.891496,
          0.345305,
          -0.293256,
          1.041813
        ],
        [
          0.447257,
          -0.567859,
          0.691012,
          0.530536
        ],
        [
          0.072082,
          -0.747195,
          -0.660685,
          1.362299
        ],
        [
          0.0,
          0.0,
          0.0,
          1.0
        ]
      ]
    },
    {
      "file_path": "/media/NFS/ttao/scannet/posed_images/scene0625_01/00155.jpg",
      "transform_matrix": [
        [
          0.878917,
          0.332434,
          -0.342042,
          1.034195
        ],
        [
          0.472054,
          -0.503508,
          0.723633,
          0.522778
        ],
        [
          0.068339,
          -0.797476,
          -0.599468,
          1.369398
        ],
        [
          0.0,
          0.0,
          0.0,
          1.0
        ]
      ]
    },
    {
      "file_path": "/media/NFS/ttao/scannet/posed_images/scene0625_01/00159.jpg",
      "transform_matrix": [
        [
          0.876666,
          0.321874,
          -0.357567,
          1.014142
        ],
        [
          0.475107,
          -0.462269,
          0.748719,
          0.52382
        ],
        [
          0.075701,
          -0.826259,
          -0.55818,
          1.37851
        ],
        [
          0.0,
          0.0,
          0.0,
          1.0
        ]
      ]
    },
    {
      "file_path": "/media/NFS/ttao/scannet/posed_images/scene0625_01/00161.jpg",
      "transform_matrix": [
        [
          0.877201,
          0.312496,
          -0.364506,
          1.014815
        ],
        [
          0.475028,
          -0.454565,
          0.753471,
          0.52504
        ],
        [
          0.069765,
          -0.834097,
          -0.547189,
          1.393605
        ],
        [
          0.0,
          0.0,
          0.0,
          1.0
        ]
      ]
    },
    {
      "file_path": "/media/NFS/ttao/scannet/posed_images/scene0625_01/00166.jpg",
      "transform_matrix": [
        [
          0.878345,
          0.302849,
          -0.369854,
          1.009445
        ],
        [
          0.471967,
          -0.426615,
          0.771522,
          0.523056
        ],
        [
          0.07587,
          -0.852222,
          -0.51765,
          1.396201
        ],
        [
          0.0,
          0.0,
          0.0,
          1.0
        ]
      ]
    },
    {
      "file_path": "/media/NFS/ttao/scannet/posed_images/scene0625_01/00167.jpg",
      "transform_matrix": [
        [
          0.879692,
          0.298581,
          -0.370122,
          1.008101
        ],
        [
          0.469316,
          -0.419565,
          0.776987,
          0.522155
        ],
        [
          0.076704,
          -0.857213,
          -0.509217,
          1.396242
        ],
        [
          0.0,
          0.0,
          0.0,
          1.0
        ]
      ]
    },
    {
      "file_path": "/media/NFS/ttao/scannet/posed_images/scene0625_01/00171.jpg",
      "transform_matrix": [
        [
          0.885315,
          0.269231,
          -0.379119,
          1.007136
        ],
        [
          0.460105,
          -0.389323,
          0.797955,
          0.520163
        ],
        [
          0.067234,
          -0.880876,
          -0.468548,
          1.428447
        ],
        [
          0.0,
          0.0,
          0.0,
          1.0
        ]
      ]
    },
    {
      "file_path": "/media/NFS/ttao/scannet/posed_images/scene0625_01/00177.jpg",
      "transform_matrix": [
        [
          0.895947,
          0.239255,
          -0.374213,
          1.005693
        ],
        [
          0.439218,
          -0.351908,
          0.826589,
          0.522284
        ],
        [
          0.066077,
          -0.904941,
          -0.420376,
          1.390866
        ],
        [
          0.0,
          0.0,
          0.0,
          1.0
        ]
      ]
    },
    {
      "file_path": "/media/NFS/ttao/scannet/posed_images/scene0625_01/00180.jpg",
      "transform_matrix": [
        [
          0.900913,
          0.223887,
          -0.371794,
          1.007916
        ],
        [
          0.430101,
          -0.346004,
          0.833843,
          0.522974
        ],
        [
          0.058045,
          -0.911129,
          -0.408014,
          1.442846
        ],
        [
          0.0,
          0.0,
          0.0,
          1.0
        ]
      ]
    },
    {
      "file_path": "/media/NFS/ttao/scannet/posed_images/scene0625_01/00183.jpg",
      "transform_matrix": [
        [
          0.906872,
          0.212026,
          -0.364182,
          1.007344
        ],
        [
          0.417695,
          -0.337808,
          0.843456,
          0.523868
        ],
        [
          0.055811,
          -0.917023,
          -0.39491,
          1.436119
        ],
        [
          0.0,
          0.0,
          0.0,
          1.0
        ]
      ]
    },
    {
      "file_path": "/media/NFS/ttao/scannet/posed_images/scene0625_01/00186.jpg",
      "transform_matrix": [
        [
          0.917018,
          0.191796,
          -0.349703,
          1.011211
        ],
        [
          0.396076,
          -0.334766,
          0.855018,
          0.528592
        ],
        [
          0.04692,
          -0.922576,
          -0.382953,
          1.437925
        ],
        [
          0.0,
          0.0,
          0.0,
          1.0
        ]
      ]
    },
    {
      "file_path": "/media/NFS/ttao/scannet/posed_images/scene0625_01/00193.jpg",
      "transform_matrix": [
        [
          0.9365,
          0.165534,
          -0.309136,
          1.01542
        ],
        [
          0.347424,
          -0.31838,
          0.882004,
          0.538392
        ],
        [
          0.047579,
          -0.933398,
          -0.355674,
          1.456072
        ],
        [
          0.0,
          0.0,
          0.0,
          1.0
        ]
      ]
    },
    {
      "file_path": "/media/NFS/ttao/scannet/posed_images/scene0625_01/00194.jpg",
      "transform_matrix": [
        [
          0.937857,
          0.160419,
          -0.307716,
          1.015805
        ],
        [
          0.344138,
          -0.315885,
          0.884187,
          0.538635
        ],
        [
          0.044637,
          -0.935138,
          -0.351461,
          1.457727
        ],
        [
          0.0,
          0.0,
          0.0,
          1.0
        ]
      ]
    },
    {
      "file_path": "/media/NFS/ttao/scannet/posed_images/scene0625_01/00199.jpg",
      "transform_matrix": [
        [
          0.948123,
          0.135292,
          -0.287678,
          1.018325
        ],
        [
          0.316206,
          -0.307948,
          0.897319,
          0.54062
        ],
        [
          0.03281,
          -0.941735,
          -0.334753,
          1.461312
        ],
        [
          0.0,
          0.0,
          0.0,
          1.0
        ]
      ]
    },
    {
      "file_path": "/media/NFS/ttao/scannet/posed_images/scene0625_01/00200.jpg",
      "transform_matrix": [
        [
          0.949756,
          0.141064,
          -0.2794,
          1.016933
        ],
        [
          0.310258,
          -0.306602,
          0.899853,
          0.540974
        ],
        [
          0.041272,
          -0.941327,
          -0.334964,
          1.465637
        ],
        [
          0.0,
          0.0,
          0.0,
          1.0
        ]
      ]
    },
    {
      "file_path": "/media/NFS/ttao/scannet/posed_images/scene0625_01/00206.jpg",
      "transform_matrix": [
        [
          0.957501,
          0.127175,
          -0.25888,
          1.021191
        ],
        [
          0.286063,
          -0.30392,
          0.908736,
          0.543969
        ],
        [
          0.03689,
          -0.944171,
          -0.327384,
          1.471276
        ],
        [
          0.0,
          0.0,
          0.0,
          1.0
        ]
      ]
    },
    {
      "file_path": "/media/NFS/ttao/scannet/posed_images/scene0625_01/00211.jpg",
      "transform_matrix": [
        [
          0.962343,
          0.118036,
          -0.244875,
          1.025867
        ],
        [
          0.269672,
          -0.301012,
          0.914696,
          0.54447
        ],
        [
          0.034257,
          -0.946287,
          -0.321508,
          1.475439
        ],
        [
          0.0,
          0.0,
          0.0,
          1.0
        ]
      ]
    },
    {
      "file_path": "/media/NFS/ttao/scannet/posed_images/scene0625_01/00215.jpg",
      "transform_matrix": [
        [
          0.964591,
          0.113664,
          -0.238001,
          1.027295
        ],
        [
          0.261625,
          -0.298049,
          0.917998,
          0.544972
        ],
        [
          0.033408,
          -0.947759,
          -0.317233,
          1.477361
        ],
        [
          0.0,
          0.0,
          0.0,
          1.0
        ]
      ]
    },
    {
      "file_path": "/media/NFS/ttao/scannet/posed_images/scene0625_01/00216.jpg",
      "transform_matrix": [
        [
          0.964902,
          0.112844,
          -0.237131,
          1.027538
        ],
        [
          0.260498,
          -0.296965,
          0.918669,
          0.544955
        ],
        [
          0.033247,
          -0.948198,
          -0.315937,
          1.477915
        ],
        [
          0.0,
          0.0,
          0.0,
          1.0
        ]
      ]
    },
    {
      "file_path": "/media/NFS/ttao/scannet/posed_images/scene0625_01/00222.jpg",
      "transform_matrix": [
        [
          0.967543,
          0.107226,
          -0.228828,
          1.029406
        ],
        [
          0.250331,
          -0.282848,
          0.925922,
          0.544232
        ],
        [
          0.034559,
          -0.953152,
          -0.30051,
          1.482439
        ],
        [
          0.0,
          0.0,
          0.0,
          1.0
        ]
      ]
    },
    {
      "file_path": "/media/NFS/ttao/scannet/posed_images/scene0625_01/00226.jpg",
      "transform_matrix": [
        [
          0.968816,
          0.105152,
          -0.224363,
          1.029069
        ],
        [
          0.245195,
          -0.276354,
          0.929251,
          0.542938
        ],
        [
          0.035709,
          -0.955286,
          -0.293519,
          1.484697
        ],
        [
          0.0,
          0.0,
          0.0,
          1.0
        ]
      ]
    },
    {
      "file_path": "/media/NFS/ttao/scannet/posed_images/scene0625_01/00227.jpg",
      "transform_matrix": [
        [
          0.969232,
          0.104844,
          -0.222702,
          1.028855
        ],
        [
          0.243455,
          -0.274872,
          0.930148,
          0.542729
        ],
        [
          0.036306,
          -0.955748,
          -0.29194,
          1.484747
        ],
        [
          0.0,
          0.0,
          0.0,
          1.0
        ]
      ]
    },
    {
      "file_path": "/media/NFS/ttao/scannet/posed_images/scene0625_01/00231.jpg",
      "transform_matrix": [
        [
          0.972033,
          0.095298,
          -0.214638,
          1.03151
        ],
        [
          0.232583,
          -0.264157,
          0.936016,
          0.542174
        ],
        [
          0.032503,
          -0.95976,
          -0.278935,
          1.488962
        ],
        [
          0.0,
          0.0,
          0.0,
          1.0
        ]
      ]
    },
    {
      "file_path": "/media/NFS/ttao/scannet/posed_images/scene0625_01/00237.jpg",
      "transform_matrix": [
        [
          0.975483,
          0.089031,
          -0.201263,
          1.029917
        ],
        [
          0.217077,
          -0.238808,
          0.946493,
          0.542943
        ],
        [
          0.036204,
          -0.966977,
          -0.25228,
          1.496596
        ],
        [
          0.0,
          0.0,
          0.0,
          1.0
        ]
      ]
    },
    {
      "file_path": "/media/NFS/ttao/scannet/posed_images/scene0625_01/00239.jpg",
      "transform_matrix": [
        [
          0.976179,
          0.086173,
          -0.199119,
          1.028427
        ],
        [
          0.213882,
          -0.228028,
          0.949873,
          0.543114
        ],
        [
          0.036449,
          -0.969834,
          -0.241027,
          1.500701
        ],
        [
          0.0,
          0.0,
          0.0,
          1.0
        ]
      ]
    },
    {
      "file_path": "/media/NFS/ttao/scannet/posed_images/scene0625_01/00242.jpg",
      "transform_matrix": [
        [
          0.97619,
          0.08295,
          -0.200432,
          1.025988
        ],
        [
          0.213692,
          -0.208953,
          0.954293,
          0.542367
        ],
        [
          0.037278,
          -0.974402,
          -0.221703,
          1.50934
        ],
        [
          0.0,
          0.0,
          0.0,
          1.0
        ]
      ]
    },
    {
      "file_path": "/media/NFS/ttao/scannet/posed_images/scene0625_01/00249.jpg",
      "transform_matrix": [
        [
          0.971287,
          0.074668,
          -0.225889,
          1.015616
        ],
        [
          0.235673,
          -0.172069,
          0.956478,
          0.543427
        ],
        [
          0.03255,
          -0.982251,
          -0.184726,
          1.529642
        ],
        [
          0.0,
          0.0,
          0.0,
          1.0
        ]
      ]
    },
    {
      "file_path": "/media/NFS/ttao/scannet/posed_images/scene0625_01/00250.jpg",
      "transform_matrix": [
        [
          0.970659,
          0.068125,
          -0.230607,
          1.015463
        ],
        [
          0.238993,
          -0.167596,
          0.956449,
          0.544894
        ],
        [
          0.026509,
          -0.983499,
          -0.17896,
          1.531185
        ],
        [
          0.0,
          0.0,
          0.0,
          1.0
        ]
      ]
    },
    {
      "file_path": "/media/NFS/ttao/scannet/posed_images/scene0625_01/00255.jpg",
      "transform_matrix": [
        [
          0.965761,
          0.06943,
          -0.24997,
          1.004045
        ],
        [
          0.257332,
          -0.133977,
          0.95699,
          0.556345
        ],
        [
          0.032954,
          -0.988549,
          -0.147257,
          1.546561
        ],
        [
          0.0,
          0.0,
          0.0,
          1.0
        ]
      ]
    },
    {
      "file_path": "/media/NFS/ttao/scannet/posed_images/scene0625_01/00259.jpg",
      "transform_matrix": [
        [
          0.962662,
          0.063027,
          -0.263265,
          0.989654
        ],
        [
          0.268415,
          -0.09603,
          0.958505,
          0.577564
        ],
        [
          0.03513,
          -0.993381,
          -0.109362,
          1.563706
        ],
        [
          0.0,
          0.0,
          0.0,
          1.0
        ]
      ]
    },
    {
      "file_path": "/media/NFS/ttao/scannet/posed_images/scene0625_01/00261.jpg",
      "transform_matrix": [
        [
          0.961607,
          0.047701,
          -0.270251,
          0.982369
        ],
        [
          0.273413,
          -0.081877,
          0.958406,
          0.588478
        ],
        [
          0.023589,
          -0.9955,
          -0.091776,
          1.56998
        ],
        [
          0.0,
          0.0,
          0.0,
          1.0
        ]
      ]
    },
    {
      "file_path": "/media/NFS/ttao/scannet/posed_images/scene0625_01/00267.jpg",
      "transform_matrix": [
        [
          0.958356,
          0.037044,
          -0.283162,
          0.961543
        ],
        [
          0.284799,
          -0.050949,
          0.957232,
          0.626505
        ],
        [
          0.021033,
          -0.998014,
          -0.059377,
          1.587115
        ],
        [
          0.0,
          0.0,
          0.0,
          1.0
        ]
      ]
    },
    {
      "file_path": "/media/NFS/ttao/scannet/posed_images/scene0625_01/00271.jpg",
      "transform_matrix": [
        [
          0.952389,
          0.024389,
          -0.303909,
          0.946979
        ],
        [
          0.304737,
          -0.045041,
          0.951371,
          0.651555
        ],
        [
          0.009515,
          -0.998687,
          -0.050329,
          1.590289
        ],
        [
          0.0,
          0.0,
          0.0,
          1.0
        ]
      ]
    },
    {
      "file_path": "/media/NFS/ttao/scannet/posed_images/scene0625_01/00272.jpg",
      "transform_matrix": [
        [
          0.950546,
          0.026497,
          -0.309452,
          0.943242
        ],
        [
          0.310396,
          -0.046371,
          0.949476,
          0.657273
        ],
        [
          0.010809,
          -0.998573,
          -0.052303,
          1.592174
        ],
        [
          0.0,
          0.0,
          0.0,
          1.0
        ]
      ]
    },
    {
      "file_path": "/media/NFS/ttao/scannet/posed_images/scene0625_01/00277.jpg",
      "transform_matrix": [
        [
          0.94318,
          0.008378,
          -0.332177,
          0.92793
        ],
        [
          0.332215,
          -0.043848,
          0.942184,
          0.682716
        ],
        [
          -0.006671,
          -0.999003,
          -0.04414,
          1.606073
        ],
        [
          0.0,
          0.0,
          0.0,
          1.0
        ]
      ]
    },
    {
      "file_path": "/media/NFS/ttao/scannet/posed_images/scene0625_01/00279.jpg",
      "transform_matrix": [
        [
          0.937925,
          0.003301,
          -0.346822,
          0.921953
        ],
        [
          0.346604,
          -0.045612,
          0.936902,
          0.69156
        ],
        [
          -0.012727,
          -0.998954,
          -0.043925,
          1.612468
        ],
        [
          0.0,
          0.0,
          0.0,
          1.0
        ]
      ]
    },
    {
      "file_path": "/media/NFS/ttao/scannet/posed_images/scene0625_01/00286.jpg",
      "transform_matrix": [
        [
          0.898938,
          -0.032098,
          -0.436897,
          0.912618
        ],
        [
          0.436679,
          -0.01389,
          0.89951,
          0.723725
        ],
        [
          -0.034941,
          -0.999388,
          0.00153,
          1.634334
        ],
        [
          0.0,
          0.0,
          0.0,
          1.0
        ]
      ]
    },
    {
      "file_path": "/media/NFS/ttao/scannet/posed_images/scene0625_01/00288.jpg",
      "transform_matrix": [
        [
          0.882495,
          -0.040144,
          -0.468605,
          0.91477
        ],
        [
          0.468603,
          -0.010055,
          0.883352,
          0.733307
        ],
        [
          -0.040173,
          -0.999143,
          0.009938,
          1.637758
        ],
        [
          0.0,
          0.0,
