{
  "frames": [
    {
      "file_path": "/media/NFS/ttao/scannet/posed_images/scene0597_00/00003.jpg",
      "transform_matrix": [
        [
          -0.990753,
          -0.035478,
          0.13096,
          2.74707
        ],
        [
          -0.135147,
          0.343561,
          -0.929356,
          3.111328
        ],
        [
          -0.012021,
          -0.93846,
          -0.345178,
          1.454851
        ],
        [
          0.0,
          0.0,
          0.0,
          1.0
        ]
      ]
    },
    {
      "file_path": "/media/NFS/ttao/scannet/posed_images/scene0597_00/00007.jpg",
      "transform_matrix": [
        [
          -0.991452,
          -0.013228,
          0.129801,
          2.759342
        ],
        [
          -0.127445,
          0.311302,
          -0.941727,
          3.12842
        ],
        [
          -0.02795,
          -0.950219,
          -0.310327,
          1.469994
        ],
        [
          0.0,
          0.0,
          0.0,
          1.0
        ]
      ]
    },
    {
      "file_path": "/media/NFS/ttao/scannet/posed_images/scene0597_00/00011.jpg",
      "transform_matrix": [
        [
          -0.992927,
          -0.005211,
          0.118615,
          2.794694
        ],
        [
          -0.114113,
          0.31778,
          -0.941273,
          3.13778
        ],
        [
          -0.032788,
          -0.94815,
          -0.316127,
          1.472725
        ],
        [
          0.0,
          0.0,
          0.0,
          1.0
        ]
      ]
    },
    {
      "file_path": "/media/NFS/ttao/scannet/posed_images/scene0597_00/00013.jpg",
      "transform_matrix": [
        [
          -0.993165,
          -0.002518,
          0.116693,
          2.798849
        ],
        [
          -0.111744,
          0.309302,
          -0.944376,
          3.141411
        ],
        [
          -0.033716,
          -0.950961,
          -0.307469,
          1.47901
        ],
        [
          0.0,
          0.0,
          0.0,
          1.0
        ]
      ]
    },
    {
      "file_path": "/media/NFS/ttao/scannet/posed_images/scene0597_00/00020.jpg",
      "transform_matrix": [
        [
          -0.994533,
          0.001097,
          0.104413,
          2.809455
        ],
        [
          -0.100997,
          0.243793,
          -0.964554,
          3.157678
        ],
        [
          -0.026513,
          -0.969827,
          -0.24235,
          1.511106
        ],
        [
          0.0,
          0.0,
          0.0,
          1.0
        ]
      ]
    },
    {
      "file_path": "/media/NFS/ttao/scannet/posed_images/scene0597_00/00025.jpg",
      "transform_matrix": [
        [
          -0.995943,
          0.004028,
          0.089897,
          2.810644
        ],
        [
          -0.086863,
          0.217938,
          -0.97209,
          3.168428
        ],
        [
          -0.023508,
          -0.975954,
          -0.216704,
          1.523106
        ],
        [
          0.0,
          0.0,
          0.0,
          1.0
        ]
      ]
    },
    {
      "file_path": "/media/NFS/ttao/scannet/posed_images/scene0597_00/00027.jpg",
      "transform_matrix": [
        [
          -0.996316,
          0.004701,
          0.085632,
          2.814531
        ],
        [
          -0.082821,
          0.206477,
          -0.97494,
          3.169918
        ],
        [
          -0.022264,
          -0.97844,
          -0.205327,
          1.519498
        ],
        [
          0.0,
          0.0,
          0.0,
          1.0
        ]
      ]
    },
    {
      "file_path": "/media/NFS/ttao/scannet/posed_images/scene0597_00/00034.jpg",
      "transform_matrix": [
        [
          -0.994564,
          0.000383,
          0.104129,
          2.830827
        ],
        [
          -0.102282,
          0.183985,
          -0.977593,
          3.176656
        ],
        [
          -0.019533,
          -0.982929,
          -0.182945,
          1.531859
        ],
        [
          0.0,
          0.0,
          0.0,
          1.0
        ]
      ]
    },
    {
      "file_path": "/media/NFS/ttao/scannet/posed_images/scene0597_00/00037.jpg",
      "transform_matrix": [
        [
          -0.992592,
          -0.011557,
          0.120941,
          2.843045
        ],
        [
          -0.120967,
          0.186438,
          -0.974991,
          3.177038
        ],
        [
          -0.01128,
          -0.982399,
          -0.186455,
          1.512528
        ],
        [
          0.0,
          0.0,
          0.0,
          1.0
        ]
      ]
    },
    {
      "file_path": "/media/NFS/ttao/scannet/posed_images/scene0597_00/00045.jpg",
      "transform_matrix": [
        [
          -0.98346,
          -0.041357,
          0.176341,
          2.8649
        ],
        [
          -0.181116,
          0.234649,
          -0.955059,
          3.161811
        ],
        [
          -0.00188,
          -0.9712,
          -0.238259,
          1.513048
        ],
        [
          0.0,
          0.0,
          0.0,
          1.0
        ]
      ]
    },
    {
      "file_path": "/media/NFS/ttao/scannet/posed_images/scene0597_00/00046.jpg",
      "transform_matrix": [
        [
          -0.981547,
          -0.042957,
          0.186335,
          2.860209
        ],
        [
          -0.191175,
          0.242315,
          -0.951176,
          3.155923
        ],
        [
          -0.004292,
          -0.969246,
          -0.246055,
          1.517729
        ],
        [
          0.0,
          0.0,
          0.0,
          1.0
        ]
      ]
    },
    {
      "file_path": "/media/NFS/ttao/scannet/posed_images/scene0597_00/00051.jpg",
      "transform_matrix": [
        [
          -0.970426,
          -0.043714,
          0.237408,
          2.860022
        ],
        [
          -0.240362,
          0.266013,
          -0.933522,
          3.152876
        ],
        [
          -0.022345,
          -0.962978,
          -0.268653,
          1.45129
        ],
        [
          0.0,
          0.0,
          0.0,
          1.0
        ]
      ]
    },
    {
      "file_path": "/media/NFS/ttao/scannet/posed_images/scene0597_00/00058.jpg",
      "transform_matrix": [
        [
          -0.952794,
          -0.069158,
          0.295637,
          2.867718
        ],
        [
          -0.301602,
          0.327634,
          -0.895373,
          3.101808
        ],
        [
          -0.034939,
          -0.94227,
          -0.333026,
          1.436594
        ],
        [
          0.0,
          0.0,
          0.0,
          1.0
        ]
      ]
    },
    {
      "file_path": "/media/NFS/ttao/scannet/posed_images/scene0597_00/00062.jpg",
      "transform_matrix": [
        [
          -0.934187,
          -0.080438,
          0.347599,
          2.854613
        ],
        [
          -0.354103,
          0.32826,
          -0.875704,
          3.07051
        ],
        [
          -0.043663,
          -0.941156,
          -0.335139,
          1.420447
        ],
        [
          0.0,
          0.0,
          0.0,
          1.0
        ]
      ]
    },
    {
      "file_path": "/media/NFS/ttao/scannet/posed_images/scene0597_00/00068.jpg",
      "transform_matrix": [
        [
          -0.897751,
          -0.108403,
          0.426957,
          2.817997
        ],
        [
          -0.439257,
          0.293188,
          -0.849173,
          3.009879
        ],
        [
          -0.033126,
          -0.949889,
          -0.310827,
          1.445307
        ],
        [
          0.0,
          0.0,
          0.0,
          1.0
        ]
      ]
    },
    {
      "file_path": "/media/NFS/ttao/scannet/posed_images/scene0597_00/00070.jpg",
      "transform_matrix": [
        [
          -0.876201,
          -0.123043,
          0.465975,
          2.784714
        ],
        [
          -0.481459,
          0.266916,
          -0.834837,
          2.984467
        ],
        [
          -0.021656,
          -0.955833,
          -0.293112,
          1.434861
        ],
        [
          0.0,
          0.0,
          0.0,
          1.0
        ]
      ]
    },
    {
      "file_path": "/media/NFS/ttao/scannet/posed_images/scene0597_00/00075.jpg",
      "transform_matrix": [
        [
          -0.84015,
          -0.136603,
          0.524869,
          2.765876
        ],
        [
          -0.542089,
          0.241758,
          -0.804793,
          2.949201
        ],
        [
          -0.016954,
          -0.960673,
          -0.277164,
          1.42783
        ],
        [
          0.0,
          0.0,
          0.0,
          1.0
        ]
      ]
    },
    {
      "file_path": "/media/NFS/ttao/scannet/posed_images/scene0597_00/00082.jpg",
      "transform_matrix": [
        [
          -0.824035,
          -0.142685,
          0.548277,
          2.787865
        ],
        [
          -0.565668,
          0.260855,
          -0.782288,
          2.899246
        ],
        [
          -0.0314,
          -0.954775,
          -0.295666,
          1.404159
        ],
        [
          0.0,
          0.0,
          0.0,
          1.0
        ]
      ]
    },
    {
      "file_path": "/media/NFS/ttao/scannet/posed_images/scene0597_00/00087.jpg",
      "transform_matrix": [
        [
          -0.832586,
          -0.133176,
          0.537648,
          2.822019
        ],
        [
          -0.55288,
          0.258592,
          -0.79212,
          2.865239
        ],
        [
          -0.03354,
          -0.956763,
          -0.28893,
          1.404649
        ],
        [
          0.0,
          0.0,
          0.0,
          1.0
        ]
      ]
    },
    {
      "file_path": "/media/NFS/ttao/scannet/posed_images/scene0597_00/00092.jpg",
      "transform_matrix": [
        [
          -0.834738,
          -0.140619,
          0.53239,
          2.852755
        ],
        [
          -0.550405,
          0.241761,
          -0.799128,
          2.828142
        ],
        [
          -0.016338,
          -0.960093,
          -0.279205,
          1.412173
        ],
        [
          0.0,
          0.0,
          0.0,
          1.0
        ]
      ]
    },
    {
      "file_path": "/media/NFS/ttao/scannet/posed_images/scene0597_00/00093.jpg",
      "transform_matrix": [
        [
          -0.83524,
          -0.142978,
          0.530972,
          2.866174
        ],
        [
          -0.549694,
          0.242614,
          -0.799359,
          2.821937
        ],
        [
          -0.014531,
          -0.959529,
          -0.281235,
          1.41021
        ],
        [
          0.0,
          0.0,
          0.0,
          1.0
        ]
      ]
    },
    {
      "file_path": "/media/NFS/ttao/scannet/posed_images/scene0597_00/00097.jpg",
      "transform_matrix": [
        [
          -0.829049,
          -0.144433,
          0.540201,
          2.884076
        ],
        [
          -0.558583,
          0.258419,
          -0.788166,
          2.788795
        ],
        [
          -0.02576,
          -0.955175,
          -0.294919,
          1.40534
        ],
        [
          0.0,
          0.0,
          0.0,
          1.0
        ]
      ]
    },
    {
      "file_path": "/media/NFS/ttao/scannet/posed_images/scene0597_00/00106.jpg",
      "transform_matrix": [
        [
          -0.807273,
          -0.145626,
          0.571929,
          2.918247
        ],
        [
          -0.587462,
          0.291139,
          -0.755067,
          2.694466
        ],
        [
          -0.056553,
          -0.945532,
          -0.320578,
          1.374016
        ],
        [
          0.0,
          0.0,
          0.0,
          1.0
        ]
      ]
    },
    {
      "file_path": "/media/NFS/ttao/scannet/posed_images/scene0597_00/00107.jpg",
      "transform_matrix": [
        [
          -0.80592,
          -0.143394,
          0.574397,
          2.918383
        ],
        [
          -0.588947,
          0.292991,
          -0.753192,
          2.679549
        ],
        [
          -0.06029,
          -0.945301,
          -0.320578,
          1.366581
        ],
        [
          0.0,
          0.0,
          0.0,
          1.0
        ]
      ]
    },
    {
      "file_path": "/media/NFS/ttao/scannet/posed_images/scene0597_00/00111.jpg",
      "transform_matrix": [
        [
          -0.794368,
          -0.149853,
          0.588662,
          2.924025
        ],
        [
          -0.603441,
          0.305641,
          -0.736507,
          2.607255
        ],
        [
          -0.069552,
          -0.940281,
          -0.333219,
          1.364735
        ],
        [
          0.0,
          0.0,
          0.0,
          1.0
        ]
      ]
    },
    {
      "file_path": "/media/NFS/ttao/scannet/posed_images/scene0597_00/00117.jpg",
      "transform_matrix": [
        [
          -0.771683,
          -0.154336,
          0.616998,
          2.923653
        ],
        [
          -0.631801,
          0.297409,
          -0.715804,
          2.494749
        ],
        [
          -0.073026,
          -0.942193,
          -0.327015,
          1.375306
        ],
        [
          0.0,
          0.0,
          0.0,
          1.0
        ]
      ]
    },
    {
      "file_path": "/media/NFS/ttao/scannet/posed_images/scene0597_00/00122.jpg",
      "transform_matrix": [
        [
          -0.765705,
          -0.164766,
          0.621729,
          2.92707
        ],
        [
          -0.641455,
          0.266605,
          -0.719345,
          2.408616
        ],
        [
          -0.047233,
          -0.949618,
          -0.309831,
          1.38701
        ],
        [
          0.0,
          0.0,
          0.0,
          1.0
        ]
      ]
    },
    {
      "file_path": "/media/NFS/ttao/scannet/posed_images/scene0597_00/00130.jpg",
      "transform_matrix": [
        [
          -0.762228,
          -0.186805,
          0.619768,
          2.959266
        ],
        [
          -0.645565,
          0.289613,
          -0.706661,
          2.269645
        ],
        [
          -0.047485,
          -0.938737,
          -0.341346,
          1.371014
        ],
        [
          0.0,
          0.0,
          0.0,
          1.0
        ]
      ]
    },
    {
      "file_path": "/media/NFS/ttao/scannet/posed_images/scene0597_00/00131.jpg",
      "transform_matrix": [
        [
          -0.763627,
          -0.190791,
          0.616824,
          2.968712
        ],
        [
          -0.644325,
          0.286527,
          -0.709047,
          2.254711
        ],
        [
          -0.041456,
          -0.938883,
          -0.341731,
          1.365778
        ],
        [
          0.0,
          0.0,
          0.0,
          1.0
        ]
      ]
    },
    {
      "file_path": "/media/NFS/ttao/scannet/posed_images/scene0597_00/00135.jpg",
      "transform_matrix": [
        [
          -0.773732,
          -0.187441,
          0.605148,
          3.003419
        ],
        [
          -0.632826,
          0.273158,
          -0.724511,
          2.187762
        ],
        [
          -0.029498,
          -0.943531,
          -0.329969,
          1.368189
        ],
        [
          0.0,
          0.0,
          0.0,
          1.0
        ]
      ]
    },
    {
      "file_path": "/media/NFS/ttao/scannet/posed_images/scene0597_00/00142.jpg",
      "transform_matrix": [
        [
          -0.781809,
          -0.173784,
          0.598811,
          3.045096
        ],
        [
          -0.620862,
          0.305528,
          -0.72193,
          2.063779
        ],
        [
          -0.057493,
          -0.93619,
          -0.34676,
          1.378842
        ],
        [
          0.0,
          0.0,
          0.0,
          1.0
        ]
      ]
    },
    {
      "file_path": "/media/NFS/ttao/scannet/posed_images/scene0597_00/00146.jpg",
      "transform_matrix": [
        [
          -0.797915,
          -0.176332,
          0.576401,
          3.06288
        ],
        [
          -0.598348,
          0.347313,
          -0.722048,
          1.999375
        ],
        [
          -0.072871,
          -0.921022,
          -0.382634,
          1.368747
        ],
        [
          0.0,
          0.0,
          0.0,
          1.0
        ]
      ]
    },
    {
      "file_path": "/media/NFS/ttao/scannet/posed_images/scene0597_00/00151.jpg",
      "transform_matrix": [
        [
          -0.80917,
          -0.178055,
          0.559946,
          3.078343
        ],
        [
          -0.584245,
          0.345125,
          -0.734539,
          1.91995
        ],
        [
          -0.062463,
          -0.921513,
          -0.383293,
          1.374619
        ],
        [
          0.0,
          0.0,
          0.0,
          1.0
        ]
      ]
    },
    {
      "file_path": "/media/NFS/ttao/scannet/posed_images/scene0597_00/00158.jpg",
      "transform_matrix": [
        [
          -0.855353,
          -0.201497,
          0.477253,
          3.108531
        ],
        [
          -0.516931,
          0.392394,
          -0.760795,
          1.810803
        ],
        [
          -0.033973,
          -0.897455,
          -0.439795,
          1.37161
        ],
        [
          0.0,
          0.0,
          0.0,
          1.0
        ]
      ]
    },
    {
      "file_path": "/media/NFS/ttao/scannet/posed_images/scene0597_00/00162.jpg",
      "transform_matrix": [
        [
          -0.856439,
          -0.199542,
          0.476125,
          3.123529
        ],
        [
          -0.51516,
          0.390199,
          -0.763122,
          1.763357
        ],
        [
          -0.033508,
          -0.898848,
          -0.436977,
          1.376922
        ],
        [
          0.0,
          0.0,
          0.0,
          1.0
        ]
      ]
    },
    {
      "file_path": "/media/NFS/ttao/scannet/posed_images/scene0597_00/00166.jpg",
      "transform_matrix": [
        [
          -0.833861,
          -0.217883,
          0.507152,
          3.140035
        ],
        [
          -0.550359,
          0.398443,
          -0.733722,
          1.728205
        ],
        [
          -0.042206,
          -0.890938,
          -0.45216,
          1.372749
        ],
        [
          0.0,
          0.0,
          0.0,
          1.0
        ]
      ]
    },
    {
      "file_path": "/media/NFS/ttao/scannet/posed_images/scene0597_00/00172.jpg",
      "transform_matrix": [
        [
          -0.790719,
          -0.228015,
          0.568131,
          3.188082
        ],
        [
          -0.609754,
          0.375878,
          -0.697793,
          1.684048
        ],
        [
          -0.05444,
          -0.898179,
          -0.436247,
          1.378088
        ],
        [
          0.0,
          0.0,
          0.0,
          1.0
        ]
      ]
    },
    {
      "file_path": "/media/NFS/ttao/scannet/posed_images/scene0597_00/00173.jpg",
      "transform_matrix": [
        [
          -0.782509,
          -0.232002,
          0.577801,
          3.198208
        ],
        [
          -0.620378,
          0.369534,
          -0.691792,
          1.678842
        ],
        [
          -0.05302,
          -0.899789,
          -0.433093,
          1.376115
        ],
        [
          0.0,
          0.0,
          0.0,
          1.0
        ]
      ]
    },
    {
      "file_path": "/media/NFS/ttao/scannet/posed_images/scene0597_00/00179.jpg",
      "transform_matrix": [
        [
          -0.713718,
          -0.257616,
          0.651337,
          3.264792
        ],
        [
          -0.698869,
          0.324026,
          -0.637644,
          1.644019
        ],
        [
          -0.046783,
          -0.910297,
          -0.411303,
          1.387253
        ],
        [
          0.0,
          0.0,
          0.0,
          1.0
        ]
      ]
    },
    {
      "file_path": "/media/NFS/ttao/scannet/posed_images/scene0597_00/00186.jpg",
      "transform_matrix": [
        [
          -0.553072,
          -0.317314,
          0.770339,
          3.331833
        ],
        [
          -0.8324,
          0.249233,
          -0.494967,
          1.62038
        ],
        [
          -0.034934,
          -0.914984,
          -0.401976,
          1.368763
        ],
        [
          0.0,
          0.0,
          0.0,
          1.0
        ]
      ]
    },
    {
      "file_path": "/media/NFS/ttao/scannet/posed_images/scene0597_00/00187.jpg",
      "transform_matrix": [
        [
          -0.524837,
          -0.327888,
          0.785516,
          3.33978
        ],
        [
          -0.850598,
          0.236807,
          -0.469474,
          1.616528
        ],
        [
          -0.03208,
          -0.914556,
          -0.403186,
          1.363461
        ],
        [
          0.0,
          0.0,
          0.0,
          1.0
        ]
      ]
    },
    {
      "file_path": "/media/NFS/ttao/scannet/posed_images/scene0597_00/00194.jpg",
      "transform_matrix": [
        [
          -0.275507,
          -0.389869,
          0.878691,
          3.382242
        ],
        [
          -0.960614,
          0.146151,
          -0.236347,
          1.556924
        ],
        [
          -0.036277,
          -0.909199,
          -0.414779,
          1.344835
        ],
        [
          0.0,
          0.0,
          0.0,
          1.0
        ]
      ]
    },
    {
      "file_path": "/media/NFS/ttao/scannet/posed_images/scene0597_00/00200.jpg",
      "transform_matrix": [
        [
          -0.073135,
          -0.420677,
          0.904258,
          3.383085
        ],
        [
          -0.997321,
          0.032395,
          -0.065591,
          1.485478
        ],
        [
          -0.0017,
          -0.906632,
          -0.421919,
          1.338851
        ],
        [
          0.0,
          0.0,
          0.0,
          1.0
        ]
      ]
    },
    {
      "file_path": "/media/NFS/ttao/scannet/posed_images/scene0597_00/00203.jpg",
      "transform_matrix": [
        [
          0.02702,
          -0.425689,
          0.904466,
          3.373891
        ],
        [
          -0.999611,
          -0.017796,
          0.021487,
          1.451905
        ],
        [
          0.006949,
          -0.904695,
          -0.426004,
          1.336367
        ],
        [
          0.0,
          0.0,
          0.0,
          1.0
        ]
      ]
    },
    {
      "file_path": "/media/NFS/ttao/scannet/posed_images/scene0597_00/00208.jpg",
      "transform_matrix": [
        [
          0.139533,
          -0.423724,
          0.89498,
          3.347939
        ],
        [
          -0.990218,
          -0.06013,
          0.125912,
          1.406119
        ],
        [
          0.000463,
          -0.903794,
          -0.427969,
          1.326268
        ],
        [
          0.0,
          0.0,
          0.0,
          1.0
        ]
      ]
    },
    {
      "file_path": "/media/NFS/ttao/scannet/posed_images/scene0597_00/00210.jpg",
      "transform_matrix": [
        [
          0.166287,
          -0.419343,
          0.892469,
          3.333121
        ],
        [
          -0.986059,
          -0.065163,
          0.153107,
          1.395004
        ],
        [
          -0.006049,
          -0.905486,
          -0.424333,
          1.322867
        ],
        [
          0.0,
          0.0,
          0.0,
          1.0
        ]
      ]
    },
    {
      "file_path": "/media/NFS/ttao/scannet/posed_images/scene0597_00/00215.jpg",
      "transform_matrix": [
        [
          0.22156,
          -0.417483,
          0.88126,
          3.298348
        ],
        [
          -0.974884,
          -0.07386,
          0.210109,
          1.354162
        ],
        [
          -0.022627,
          -0.905678,
          -0.423362,
          1.323062
        ],
        [
          0.0,
          0.0,
          0.0,
          1.0
        ]
      ]
    },
    {
      "file_path": "/media/NFS/ttao/scannet/posed_images/scene0597_00/00220.jpg",
      "transform_matrix": [
        [
          0.290645,
          -0.402513,
          0.868049,
          3.255553
        ],
        [
          -0.956692,
          -0.106813,
          0.270796,
          1.305709
        ],
        [
          -0.01628,
          -0.909162,
          -0.416126,
          1.317497
        ],
        [
          0.0,
          0.0,
          0.0,
          1.0
        ]
      ]
    },
    {
      "file_path": "/media/NFS/ttao/scannet/posed_images/scene0597_00/00227.jpg",
      "transform_matrix": [
        [
          0.393749,
          -0.416968,
          0.819207,
          3.222897
        ],
        [
          -0.918469,
          -0.142494,
          0.368931,
          1.262868
        ],
        [
          -0.037101,
          -0.897682,
          -0.439079,
          1.308883
        ],
        [
          0.0,
          0.0,
          0.0,
          1.0
        ]
      ]
    },
    {
      "file_path": "/media/NFS/ttao/scannet/posed_images/scene0597_00/00231.jpg",
      "transform_matrix": [
        [
          0.457797,
          -0.416113,
          0.785666,
          3.217354
        ],
        [
          -0.887949,
          -0.169913,
          0.427405,
          1.223552
        ],
        [
          -0.044354,
          -0.893297,
          -0.447273,
          1.297855
        ],
        [
          0.0,
          0.0,
          0.0,
          1.0
        ]
      ]
    },
    {
      "file_path": "/media/NFS/ttao/scannet/posed_images/scene0597_00/00237.jpg",
      "transform_matrix": [
        [
          0.544121,
          -0.41575,
          0.728755,
          3.230472
        ],
        [
          -0.83825,
          -0.232518,
          0.493226,
          1.165079
        ],
        [
          -0.03561,
          -0.879254,
          -0.475021,
          1.294768
        ],
        [
          0.0,
          0.0,
          0.0,
          1.0
        ]
      ]
    },
    {
      "file_path": "/media/NFS/ttao/scannet/posed_images/scene0597_00/00242.jpg",
      "transform_matrix": [
        [
          0.609662,
          -0.378414,
          0.696502,
          3.232815
        ],
        [
          -0.791898,
          -0.25221,
          0.556136,
          1.127961
        ],
        [
          -0.034785,
          -0.890614,
          -0.453428,
          1.291434
        ],
        [
          0.0,
          0.0,
          0.0,
          1.0
        ]
      ]
    },
    {
      "file_path": "/media/NFS/ttao/scannet/posed_images/scene0597_00/00244.jpg",
      "transform_matrix": [
        [
          0.634843,
          -0.361615,
          0.682795,
          3.235208
        ],
        [
          -0.772373,
          -0.27371,
          0.57317,
          1.109363
        ],
        [
          -0.020379,
          -0.891245,
          -0.453064,
          1.292484
        ],
        [
          0.0,
          0.0,
          0.0,
          1.0
        ]
      ]
    },
    {
      "file_path": "/media/NFS/ttao/scannet/posed_images/scene0597_00/00251.jpg",
      "transform_matrix": [
        [
          0.684307,
          -0.281915,
          0.672494,
          3.229943
        ],
        [
          -0.728454,
          -0.305839,
          0.61304,
          1.058197
        ],
        [
          0.032849,
          -0.909388,
          -0.41465,
          1.297411
        ],
        [
          0.0,
          0.0,
          0.0,
          1.0
        ]
      ]
    },
    {
      "file_path": "/media/NFS/ttao/scannet/posed_images/scene0597_00/00253.jpg",
      "transform_matrix": [
        [
          0.690005,
          -0.273922,
          0.669969,
          3.230582
        ],
        [
          -0.722711,
          -0.311589,
          0.616929,
          1.052725
        ],
        [
          0.039765,
          -0.909878,
          -0.412965,
          1.302977
        ],
        [
          0.0,
          0.0,
          0.0,
          1.0
        ]
      ]
    },
    {
      "file_path": "/media/NFS/ttao/scannet/posed_images/scene0597_00/00258.jpg",
      "transform_matrix": [
        [
          0.722801,
          -0.266456,
          0.63762,
          3.225948
        ],
        [
          -0.69006,
          -0.327815,
          0.645255,
          1.036505
        ],
        [
          0.037089,
          -0.906388,
          -0.420816,
          1.297995
        ],
        [
          0.0,
          0.0,
          0.0,
          1.0
        ]
      ]
    },
    {
      "file_path": "/media/NFS/ttao/scannet/posed_images/scene0597_00/00265.jpg",
      "transform_matrix": [
        [
          0.746976,
          -0.261651,
          0.611201,
          3.228897
        ],
        [
          -0.664498,
          -0.323786,
          0.673503,
          1.011752
        ],
        [
          0.021675,
          -0.909231,
          -0.415726,
          1.294828
        ],
        [
          0.0,
          0.0,
          0.0,
          1.0
        ]
      ]
    },
    {
      "file_path": "/media/NFS/ttao/scannet/posed_images/scene0597_00/00270.jpg",
      "transform_matrix": [
        [
          0.751374,
          -0.254548,
          0.608803,
          3.230583
        ],
        [
          -0.659362,
          -0.326042,
          0.67745,
          1.0028
        ],
        [
          0.026052,
          -0.91044,
          -0.412819,
          1.298492
        ],
        [
          0.0,
          0.0,
          0.0,
          1.0
        ]
      ]
    },
    {
      "file_path": "/media/NFS/ttao/scannet/posed_images/scene0597_00/00275.jpg",
      "transform_matrix": [
        [
          0.763229,
          -0.248932,
          0.59625,
          3.231122
        ],
        [
          -0.645606,
          -0.330908,
          0.688254,
          0.99512
        ],
        [
          0.025976,
          -0.910238,
          -0.413271,
          1.296751
        ],
        [
          0.0,
          0.0,
          0.0,
          1.0
        ]
      ]
    },
    {
      "file_path": "/media/NFS/ttao/scannet/posed_images/scene0597_00/00279.jpg",
      "transform_matrix": [
        [
          0.773749,
          -0.239884,
          0.586318,
          3.230444
        ],
        [
          -0.632767,
          -0.336939,
          0.697193,
          0.986313
        ],
        [
          0.030308,
          -0.910455,
          -0.412497,
          1.293608
        ],
        [
          0.0,
          0.0,
          0.0,
          1.0
        ]
      ]
    },
    {
      "file_path": "/media/NFS/ttao/scannet/posed_images/scene0597_00/00282.jpg",
      "transform_matrix": [
        [
          0.779706,
          -0.23512,
          0.580325,
          3.228842
        ],
        [
          -0.625315,
          -0.340134,
          0.702347,
          0.986149
        ],
        [
          0.032252,
          -0.91051,
          -0.412228,
          1.295635
        ],
        [
          0.0,
          0.0,
          0.0,
          1.0
        ]
      ]
    },
    {
      "file_path": "/media/NFS/ttao/scannet/posed_images/scene0597_00/00287.jpg",
      "transform_matrix": [
        [
          0.786749,
          -0.232684,
          0.571738,
          3.230263
        ],
        [
          -0.616536,
          -0.341469,
          0.709424,
          0.980225
        ],
        [
          0.030159,
          -0.910635,
          -0.412109,
          1.294404
        ],
        [
          0.0,
          0.0,
          0.0,
          1.0
        ]
      ]
    },
    {
      "file_path": "/media/NFS/ttao/scannet/posed_images/scene0597_00/00291.jpg",
      "transform_matrix": [
        [
          0.791221,
          -0.235933,
          0.564185,
          3.229876
        ],
        [
          -0.610896,
          -0.346934,
          0.711648,
          0.97783
        ],
        [
          0.027834,
          -0.907729,
          -0.418632,
          1.294298
        ],
        [
          0.0,
          0.0,
          0.0,
          1.0
        ]
      ]
    },
    {
      "file_path": "/media/NFS/ttao/scannet/posed_images/scene0597_00/00298.jpg",
      "transform_matrix": [
        [
          0.806364,
          -0.200586,
          0.556366,
          3.22361
        ],
        [
          -0.589348,
          -0.35121,
          0.727545,
          0.969177
        ],
        [
          0.049466,
          -0.914558,
          -0.401418,
          1.288399
        ],
        [
          0.0,
          0.0,
          0.0,
          1.0
        ]
      ]
    },
    {
      "file_path": "/media/NFS/ttao/scannet/posed_images/scene0597_00/00300.jpg",
      "transform_matrix": [
        [
          0.805712,
          -0.207109,
          0.554917,
          3.22485
        ],
        [
          -0.590573,
          -0.352538,
          0.725907,
          0.97269
        ],
        [
          0.045287,
          -0.912591,
          -0.406357,
          1.295557
        ],
        [
          0.0,
          0.0,
          0.0,
          1.0
        ]
      ]
    },
    {
      "file_path": "/media/NFS/ttao/scannet/posed_images/scene0597_00/00304.jpg",
      "transform_matrix": [
        [
          0.806626,
          -0.203031,
          0.555097,
          3.224243
        ],
        [
          -0.589162,
          -0.351441,
          0.727584,
          0.970279
        ],
        [
          0.047362,
          -0.91393,
          -0.403099,
          1.297121
        ],
        [
          0.0,
          0.0,
          0.0,
          1.0
        ]
      ]
    },
    {
      "file_path": "/media/NFS/ttao/scannet/posed_images/scene0597_00/00313.jpg",
      "transform_matrix": [
        [
          0.809457,
          -0.204371,
          0.550465,
          3.218841
        ],
        [
          -0.585534,
          -0.35109,
          0.730675,
          0.972698
        ],
        [
          0.043934,
          -0.913766,
          -0.403858,
          1.289862
        ],
        [
          0.0,
          0.0,
          0.0,
          1.0
        ]
      ]
    },
    {
      "file_path": "/media/NFS/ttao/scannet/posed_images/scene0597_00/00315.jpg",
      "transform_matrix": [
        [
          0.809619,
          -0.204658,
          0.55012,
          3.218989
        ],
        [
          -0.585286,
          -0.352131,
          0.730373,
          0.975634
        ],
        [
          0.044237,
          -0.913301,
          -0.404875,
          1.291061
        ],
        [
          0.0,
          0.0,
          0.0,
          1.0
        ]
      ]
    },
    {
      "file_path": "/media/NFS/ttao/scannet/posed_images/scene0597_00/00318.jpg",
      "transform_matrix": [
        [
          0.81123,
          -0.203952,
          0.548005,
          3.216527
        ],
        [
          -0.583083,
          -0.352401,
          0.732003,
          0.978888
        ],
        [
          0.043824,
          -0.913355,
          -0.404799,
          1.29016
        ],
        [
          0.0,
          0.0,
          0.0,
          1.0
        ]
      ]
    },
    {
      "file_path": "/media/NFS/ttao/scannet/posed_images/scene0597_00/00325.jpg",
      "transform_matrix": [
        [
          0.817927,
          -0.198634,
          0.539945,
          3.217519
        ],
        [
          -0.57355,
          -0.355129,
          0.738189,
          0.979656
        ],
        [
          0.045121,
          -0.91347,
          -0.404396,
          1.292736
        ],
        [
          0.0,
          0.0,
          0.0,
          1.0
        ]
      ]
    },
    {
      "file_path": "/media/NFS/ttao/scannet/posed_images/scene0597_00/00331.jpg",
      "transform_matrix": [
        [
          0.823861,
          -0.195766,
          0.531911,
          3.214292
        ],
        [
          -0.564706,
          -0.363951,
          0.740707,
          0.982636
        ],
        [
          0.048584,
          -0.910613,
          -0.410395,
          1.291093
        ],
        [
          0.0,
          0.0,
          0.0,
          1.0
        ]
      ]
    },
    {
      "file_path": "/media/NFS/ttao/scannet/posed_images/scene0597_00/00332.jpg",
      "transform_matrix": [
        [
          0.824308,
          -0.196004,
          0.531129,
          3.213792
        ],
        [
          -0.564102,
          -0.363908,
          0.741188,
          0.985797
        ],
        [
          0.048007,
          -0.910579,
          -0.410539,
          1.292161
        ],
        [
          0.0,
          0.0,
          0.0,
          1.0
        ]
      ]
    },
    {
      "file_path": "/media/NFS/ttao/scannet/posed_images/scene0597_00/00339.jpg",
      "transform_matrix": [
        [
          0.830099,
          -0.18281,
          0.526798,
          3.207989
        ],
        [
          -0.555216,
          -0.358534,
          0.750459,
          0.991886
        ],
        [
          0.051683,
          -0.915442,
          -0.399117,
          1.296375
        ],
        [
          0.0,
          0.0,
          0.0,
          1.0
        ]
      ]
    },
    {
      "file_path": "/media/NFS/ttao/scannet/posed_images/scene0597_00/00342.jpg",
      "transform_matrix": [
        [
          0.835387,
          -0.175719,
          0.520817,
          3.197365
        ],
        [
          -0.547251,
          -0.354531,
          0.758171,
          0.982533
        ],
        [
          0.051421,
          -0.918385,
          -0.392333,
          1.301092
        ],
        [
          0.0,
          0.0,
          0.0,
          1.0
        ]
      ]
    },
    {
      "file_path": "/media/NFS/ttao/scannet/posed_images/scene0597_00/00349.jpg",
      "transform_matrix": [
        [
          0.866515,
          -0.153643,
          0.474916,
          3.196115
        ],
        [
          -0.497473,
          -0.343764,
          0.796459,
          1.018546
        ],
        [
          0.040889,
          -0.926402,
          -0.37431,
          1.30567
        ],
        [
          0.0,
          0.0,
          0.0,
          1.0
        ]
      ]
    },
    {
      "file_path": "/media/NFS/ttao/scannet/posed_images/scene0597_00/00355.jpg",
      "transform_matrix": [
        [
          0.885051,
          -0.159396,
          0.437352,
          3.15934
        ],
        [
          -0.465256,
          -0.332881,
          0.820199,
          1.069552
        ],
        [
          0.01485,
          -0.929399,
          -0.368776,
          1.323349
        ],
        [
          0.0,
          0.0,
          0.0,
          1.0
        ]
      ]
    },
    {
      "file_path": "/media/NFS/ttao/scannet/posed_images/scene0597_00/00356.jpg",
      "transform_matrix": [
        [
          0.886691,
          -0.157895,
          0.434566,
          3.167102
        ],
        [
          -0.462136,
          -0.331999,
          0.822318,
          1.084851
        ],
        [
          0.014436,
          -0.929971,
          -0.36735,
          1.332311
        ],
        [
          0.0,
          0.0,
          0.0,
          1.0
        ]
      ]
    },
    {
      "file_path": "/media/NFS/ttao/scannet/posed_images/scene0597_00/00362.jpg",
      "transform_matrix": [
        [
          0.880353,
          -0.142735,
          0.452332,
          3.080606
        ],
        [
          -0.473957,
          -0.301927,
          0.827167,
          1.175092
        ],
        [
