{
  "frames": [
    {
      "file_path": "/media/NFS/ttao/scannet/posed_images/scene0089_02/00000.jpg",
      "transform_matrix": [
        [
          0.218799,
          -0.49509,
          0.840841,
          1.725849
        ],
        [
          -0.975311,
          -0.084536,
          0.204016,
          1.960768
        ],
        [
          -0.029925,
          -0.86472,
          -0.501363,
          1.368035
        ],
        [
          0.0,
          0.0,
          0.0,
          1.0
        ]
      ]
    },
    {
      "file_path": "/media/NFS/ttao/scannet/posed_images/scene0089_02/00004.jpg",
      "transform_matrix": [
        [
          0.161422,
          -0.513018,
          0.843063,
          1.701504
        ],
        [
          -0.986592,
          -0.063059,
          0.150531,
          2.000211
        ],
        [
          -0.024062,
          -0.856059,
          -0.516319,
          1.354946
        ],
        [
          0.0,
          0.0,
          0.0,
          1.0
        ]
      ]
    },
    {
      "file_path": "/media/NFS/ttao/scannet/posed_images/scene0089_02/00010.jpg",
      "transform_matrix": [
        [
          0.08455,
          -0.53034,
          0.843558,
          1.660574
        ],
        [
          -0.996322,
          -0.033185,
          0.078998,
          2.111164
        ],
        [
          -0.013902,
          -0.847135,
          -0.531195,
          1.33959
        ],
        [
          0.0,
          0.0,
          0.0,
          1.0
        ]
      ]
    },
    {
      "file_path": "/media/NFS/ttao/scannet/posed_images/scene0089_02/00012.jpg",
      "transform_matrix": [
        [
          0.055165,
          -0.528986,
          0.846835,
          1.646337
        ],
        [
          -0.998375,
          -0.017104,
          0.054353,
          2.147434
        ],
        [
          -0.014268,
          -0.848458,
          -0.52907,
          1.332966
        ],
        [
          0.0,
          0.0,
          0.0,
          1.0
        ]
      ]
    },
    {
      "file_path": "/media/NFS/ttao/scannet/posed_images/scene0089_02/00018.jpg",
      "transform_matrix": [
        [
          0.036664,
          -0.545849,
          0.837081,
          1.610394
        ],
        [
          -0.9993,
          -0.013775,
          0.034787,
          2.25266
        ],
        [
          -0.007457,
          -0.83777,
          -0.545972,
          1.330446
        ],
        [
          0.0,
          0.0,
          0.0,
          1.0
        ]
      ]
    },
    {
      "file_path": "/media/NFS/ttao/scannet/posed_images/scene0089_02/00022.jpg",
      "transform_matrix": [
        [
          0.041513,
          -0.547785,
          0.835588,
          1.607086
        ],
        [
          -0.999066,
          -0.032774,
          0.028149,
          2.311262
        ],
        [
          0.011966,
          -0.835977,
          -0.548634,
          1.352926
        ],
        [
          0.0,
          0.0,
          0.0,
          1.0
        ]
      ]
    },
    {
      "file_path": "/media/NFS/ttao/scannet/posed_images/scene0089_02/00026.jpg",
      "transform_matrix": [
        [
          0.060173,
          -0.520047,
          0.852016,
          1.600554
        ],
        [
          -0.997872,
          -0.052805,
          0.038243,
          2.361458
        ],
        [
          0.025102,
          -0.852504,
          -0.522118,
          1.363005
        ],
        [
          0.0,
          0.0,
          0.0,
          1.0
        ]
      ]
    },
    {
      "file_path": "/media/NFS/ttao/scannet/posed_images/scene0089_02/00028.jpg",
      "transform_matrix": [
        [
          0.07947,
          -0.510808,
          0.856014,
          1.596061
        ],
        [
          -0.996604,
          -0.059301,
          0.057135,
          2.373122
        ],
        [
          0.021578,
          -0.857647,
          -0.513786,
          1.365368
        ],
        [
          0.0,
          0.0,
          0.0,
          1.0
        ]
      ]
    },
    {
      "file_path": "/media/NFS/ttao/scannet/posed_images/scene0089_02/00031.jpg",
      "transform_matrix": [
        [
          0.109708,
          -0.494069,
          0.862474,
          1.600299
        ],
        [
          -0.993931,
          -0.047418,
          0.099266,
          2.378546
        ],
        [
          -0.008147,
          -0.868129,
          -0.496272,
          1.379298
        ],
        [
          0.0,
          0.0,
          0.0,
          1.0
        ]
      ]
    },
    {
      "file_path": "/media/NFS/ttao/scannet/posed_images/scene0089_02/00038.jpg",
      "transform_matrix": [
        [
          0.133084,
          -0.436267,
          0.889921,
          1.611955
        ],
        [
          -0.990922,
          -0.041301,
          0.127941,
          2.399345
        ],
        [
          -0.019062,
          -0.898869,
          -0.437803,
          1.40418
        ],
        [
          0.0,
          0.0,
          0.0,
          1.0
        ]
      ]
    },
    {
      "file_path": "/media/NFS/ttao/scannet/posed_images/scene0089_02/00042.jpg",
      "transform_matrix": [
        [
          0.12286,
          -0.390447,
          0.91239,
          1.612436
        ],
        [
          -0.992377,
          -0.057242,
          0.109134,
          2.429672
        ],
        [
          0.009616,
          -0.918844,
          -0.394504,
          1.415452
        ],
        [
          0.0,
          0.0,
          0.0,
          1.0
        ]
      ]
    },
    {
      "file_path": "/media/NFS/ttao/scannet/posed_images/scene0089_02/00046.jpg",
      "transform_matrix": [
        [
          0.098415,
          -0.368715,
          0.924318,
          1.62135
        ],
        [
          -0.995144,
          -0.034781,
          0.092081,
          2.460913
        ],
        [
          -0.001803,
          -0.928891,
          -0.370348,
          1.422938
        ],
        [
          0.0,
          0.0,
          0.0,
          1.0
        ]
      ]
    },
    {
      "file_path": "/media/NFS/ttao/scannet/posed_images/scene0089_02/00049.jpg",
      "transform_matrix": [
        [
          0.088324,
          -0.360928,
          0.928402,
          1.625049
        ],
        [
          -0.995944,
          -0.015966,
          0.088542,
          2.482321
        ],
        [
          -0.017134,
          -0.932457,
          -0.360875,
          1.425164
        ],
        [
          0.0,
          0.0,
          0.0,
          1.0
        ]
      ]
    },
    {
      "file_path": "/media/NFS/ttao/scannet/posed_images/scene0089_02/00054.jpg",
      "transform_matrix": [
        [
          0.058067,
          -0.362642,
          0.930118,
          1.643381
        ],
        [
          -0.998105,
          -0.002101,
          0.061493,
          2.49101
        ],
        [
          -0.020346,
          -0.931926,
          -0.362077,
          1.409137
        ],
        [
          0.0,
          0.0,
          0.0,
          1.0
        ]
      ]
    },
    {
      "file_path": "/media/NFS/ttao/scannet/posed_images/scene0089_02/00056.jpg",
      "transform_matrix": [
        [
          0.063267,
          -0.359254,
          0.931093,
          1.650707
        ],
        [
          -0.997698,
          7e-05,
          0.06782,
          2.48343
        ],
        [
          -0.02443,
          -0.93324,
          -0.358423,
          1.404059
        ],
        [
          0.0,
          0.0,
          0.0,
          1.0
        ]
      ]
    },
    {
      "file_path": "/media/NFS/ttao/scannet/posed_images/scene0089_02/00061.jpg",
      "transform_matrix": [
        [
          0.077974,
          -0.354531,
          0.931787,
          1.683813
        ],
        [
          -0.99661,
          -0.003133,
          0.082206,
          2.4418
        ],
        [
          -0.026225,
          -0.935039,
          -0.353573,
          1.391596
        ],
        [
          0.0,
          0.0,
          0.0,
          1.0
        ]
      ]
    },
    {
      "file_path": "/media/NFS/ttao/scannet/posed_images/scene0089_02/00066.jpg",
      "transform_matrix": [
        [
          0.080586,
          -0.347577,
          0.934182,
          1.722166
        ],
        [
          -0.996056,
          0.006832,
          0.088466,
          2.364195
        ],
        [
          -0.037131,
          -0.937627,
          -0.345655,
          1.38238
        ],
        [
          0.0,
          0.0,
          0.0,
          1.0
        ]
      ]
    },
    {
      "file_path": "/media/NFS/ttao/scannet/posed_images/scene0089_02/00070.jpg",
      "transform_matrix": [
        [
          0.111972,
          -0.339514,
          0.933913,
          1.759829
        ],
        [
          -0.992336,
          0.011233,
          0.12306,
          2.268571
        ],
        [
          -0.052271,
          -0.940534,
          -0.335654,
          1.376073
        ],
        [
          0.0,
          0.0,
          0.0,
          1.0
        ]
      ]
    },
    {
      "file_path": "/media/NFS/ttao/scannet/posed_images/scene0089_02/00073.jpg",
      "transform_matrix": [
        [
          0.137185,
          -0.333902,
          0.932571,
          1.789311
        ],
        [
          -0.989342,
          0.000211,
          0.145612,
          2.201243
        ],
        [
          -0.048817,
          -0.942608,
          -0.330315,
          1.367352
        ],
        [
          0.0,
          0.0,
          0.0,
          1.0
        ]
      ]
    },
    {
      "file_path": "/media/NFS/ttao/scannet/posed_images/scene0089_02/00077.jpg",
      "transform_matrix": [
        [
          0.155409,
          -0.338853,
          0.927915,
          1.829025
        ],
        [
          -0.986924,
          -0.012587,
          0.160695,
          2.130213
        ],
        [
          -0.042772,
          -0.940755,
          -0.336379,
          1.359317
        ],
        [
          0.0,
          0.0,
          0.0,
          1.0
        ]
      ]
    },
    {
      "file_path": "/media/NFS/ttao/scannet/posed_images/scene0089_02/00079.jpg",
      "transform_matrix": [
        [
          0.155695,
          -0.352312,
          0.922841,
          1.852687
        ],
        [
          -0.986613,
          -0.009587,
          0.162795,
          2.09386
        ],
        [
          -0.048508,
          -0.935833,
          -0.349089,
          1.352334
        ],
        [
          0.0,
          0.0,
          0.0,
          1.0
        ]
      ]
    },
    {
      "file_path": "/media/NFS/ttao/scannet/posed_images/scene0089_02/00083.jpg",
      "transform_matrix": [
        [
          0.13475,
          -0.374849,
          0.917241,
          1.880472
        ],
        [
          -0.989935,
          -0.01051,
          0.141133,
          2.060785
        ],
        [
          -0.043263,
          -0.927026,
          -0.372492,
          1.348259
        ],
        [
          0.0,
          0.0,
          0.0,
          1.0
        ]
      ]
    },
    {
      "file_path": "/media/NFS/ttao/scannet/posed_images/scene0089_02/00090.jpg",
      "transform_matrix": [
        [
          0.083472,
          -0.41408,
          0.906405,
          1.896998
        ],
        [
          -0.995491,
          0.006479,
          0.094636,
          2.032306
        ],
        [
          -0.04506,
          -0.910218,
          -0.411672,
          1.346072
        ],
        [
          0.0,
          0.0,
          0.0,
          1.0
        ]
      ]
    },
    {
      "file_path": "/media/NFS/ttao/scannet/posed_images/scene0089_02/00091.jpg",
      "transform_matrix": [
        [
          0.077744,
          -0.414115,
          0.906898,
          1.894127
        ],
        [
          -0.995835,
          0.011205,
          0.090484,
          2.030203
        ],
        [
          -0.047632,
          -0.910156,
          -0.411519,
          1.343679
        ],
        [
          0.0,
          0.0,
          0.0,
          1.0
        ]
      ]
    },
    {
      "file_path": "/media/NFS/ttao/scannet/posed_images/scene0089_02/00095.jpg",
      "transform_matrix": [
        [
          0.051874,
          -0.431144,
          0.900791,
          1.881063
        ],
        [
          -0.99723,
          0.025784,
          0.069769,
          2.029571
        ],
        [
          -0.053307,
          -0.901915,
          -0.428612,
          1.339798
        ],
        [
          0.0,
          0.0,
          0.0,
          1.0
        ]
      ]
    },
    {
      "file_path": "/media/NFS/ttao/scannet/posed_images/scene0089_02/00100.jpg",
      "transform_matrix": [
        [
          -0.014019,
          -0.450698,
          0.892566,
          1.857821
        ],
        [
          -0.999088,
          0.042313,
          0.005673,
          2.045836
        ],
        [
          -0.040325,
          -0.891673,
          -0.450881,
          1.346273
        ],
        [
          0.0,
          0.0,
          0.0,
          1.0
        ]
      ]
    },
    {
      "file_path": "/media/NFS/ttao/scannet/posed_images/scene0089_02/00106.jpg",
      "transform_matrix": [
        [
          -0.137989,
          -0.442365,
          0.886156,
          1.771034
        ],
        [
          -0.989715,
          0.095675,
          -0.106355,
          2.102024
        ],
        [
          -0.037736,
          -0.891717,
          -0.451017,
          1.345036
        ],
        [
          0.0,
          0.0,
          0.0,
          1.0
        ]
      ]
    },
    {
      "file_path": "/media/NFS/ttao/scannet/posed_images/scene0089_02/00107.jpg",
      "transform_matrix": [
        [
          -0.152407,
          -0.440204,
          0.884869,
          1.753577
        ],
        [
          -0.987556,
          0.102971,
          -0.118867,
          2.11467
        ],
        [
          -0.03879,
          -0.891974,
          -0.45042,
          1.342732
        ],
        [
          0.0,
          0.0,
          0.0,
          1.0
        ]
      ]
    },
    {
      "file_path": "/media/NFS/ttao/scannet/posed_images/scene0089_02/00112.jpg",
      "transform_matrix": [
        [
          -0.230774,
          -0.438548,
          0.868573,
          1.671722
        ],
        [
          -0.972277,
          0.138517,
          -0.18839,
          2.210176
        ],
        [
          -0.037695,
          -0.887969,
          -0.458356,
          1.332226
        ],
        [
          0.0,
          0.0,
          0.0,
          1.0
        ]
      ]
    },
    {
      "file_path": "/media/NFS/ttao/scannet/posed_images/scene0089_02/00115.jpg",
      "transform_matrix": [
        [
          -0.253262,
          -0.449116,
          0.856827,
          1.633376
        ],
        [
          -0.966417,
          0.157329,
          -0.203189,
          2.253958
        ],
        [
          -0.043548,
          -0.879513,
          -0.473879,
          1.337176
        ],
        [
          0.0,
          0.0,
          0.0,
          1.0
        ]
      ]
    },
    {
      "file_path": "/media/NFS/ttao/scannet/posed_images/scene0089_02/00119.jpg",
      "transform_matrix": [
        [
          -0.281338,
          -0.45834,
          0.843074,
          1.585323
        ],
        [
          -0.958678,
          0.17292,
          -0.225907,
          2.281936
        ],
        [
          -0.042242,
          -0.871793,
          -0.488049,
          1.3428
        ],
        [
          0.0,
          0.0,
          0.0,
          1.0
        ]
      ]
    },
    {
      "file_path": "/media/NFS/ttao/scannet/posed_images/scene0089_02/00123.jpg",
      "transform_matrix": [
        [
          -0.326772,
          -0.463142,
          0.823844,
          1.548244
        ],
        [
          -0.944206,
          0.197944,
          -0.263235,
          2.31096
        ],
        [
          -0.04116,
          -0.863897,
          -0.501984,
          1.350559
        ],
        [
          0.0,
          0.0,
          0.0,
          1.0
        ]
      ]
    },
    {
      "file_path": "/media/NFS/ttao/scannet/posed_images/scene0089_02/00127.jpg",
      "transform_matrix": [
        [
          -0.349228,
          -0.459808,
          0.816466,
          1.489902
        ],
        [
          -0.935886,
          0.214338,
          -0.279599,
          2.317017
        ],
        [
          -0.046438,
          -0.861763,
          -0.505181,
          1.351524
        ],
        [
          0.0,
          0.0,
          0.0,
          1.0
        ]
      ]
    },
    {
      "file_path": "/media/NFS/ttao/scannet/posed_images/scene0089_02/00131.jpg",
      "transform_matrix": [
        [
          -0.354601,
          -0.463036,
          0.812315,
          1.443198
        ],
        [
          -0.933601,
          0.223148,
          -0.280347,
          2.312382
        ],
        [
          -0.051456,
          -0.857789,
          -0.51142,
          1.355523
        ],
        [
          0.0,
          0.0,
          0.0,
          1.0
        ]
      ]
    },
    {
      "file_path": "/media/NFS/ttao/scannet/posed_images/scene0089_02/00138.jpg",
      "transform_matrix": [
        [
          -0.385754,
          -0.468327,
          0.794898,
          1.375022
        ],
        [
          -0.920741,
          0.250109,
          -0.299468,
          2.287846
        ],
        [
          -0.058562,
          -0.847417,
          -0.527689,
          1.35905
        ],
        [
          0.0,
          0.0,
          0.0,
          1.0
        ]
      ]
    },
    {
      "file_path": "/media/NFS/ttao/scannet/posed_images/scene0089_02/00141.jpg",
      "transform_matrix": [
        [
          -0.404562,
          -0.455717,
          0.792876,
          1.346034
        ],
        [
          -0.911222,
          0.274339,
          -0.307267,
          2.287334
        ],
        [
          -0.07749,
          -0.846794,
          -0.526246,
          1.365741
        ],
        [
          0.0,
          0.0,
          0.0,
          1.0
        ]
      ]
    },
    {
      "file_path": "/media/NFS/ttao/scannet/posed_images/scene0089_02/00145.jpg",
      "transform_matrix": [
        [
          -0.430003,
          -0.449125,
          0.783188,
          1.324677
        ],
        [
          -0.90023,
          0.279052,
          -0.33424,
          2.298503
        ],
        [
          -0.068434,
          -0.848774,
          -0.524309,
          1.367885
        ],
        [
          0.0,
          0.0,
          0.0,
          1.0
        ]
      ]
    },
    {
      "file_path": "/media/NFS/ttao/scannet/posed_images/scene0089_02/00149.jpg",
      "transform_matrix": [
        [
          -0.457645,
          -0.43419,
          0.775912,
          1.316827
        ],
        [
          -0.887142,
          0.281369,
          -0.3658,
          2.310691
        ],
        [
          -0.059491,
          -0.855751,
          -0.513956,
          1.374711
        ],
        [
          0.0,
          0.0,
          0.0,
          1.0
        ]
      ]
    },
    {
      "file_path": "/media/NFS/ttao/scannet/posed_images/scene0089_02/00153.jpg",
      "transform_matrix": [
        [
          -0.501498,
          -0.410363,
          0.761644,
          1.316779
        ],
        [
          -0.863766,
          0.287424,
          -0.41388,
          2.330969
        ],
        [
          -0.049074,
          -0.865442,
          -0.4986,
          1.3808
        ],
        [
          0.0,
          0.0,
          0.0,
          1.0
        ]
      ]
    },
    {
      "file_path": "/media/NFS/ttao/scannet/posed_images/scene0089_02/00158.jpg",
      "transform_matrix": [
        [
          -0.551731,
          -0.380392,
          0.742222,
          1.321218
        ],
        [
          -0.832248,
          0.309113,
          -0.460231,
          2.351496
        ],
        [
          -0.054362,
          -0.871637,
          -0.487128,
          1.392216
        ],
        [
          0.0,
          0.0,
          0.0,
          1.0
        ]
      ]
    },
    {
      "file_path": "/media/NFS/ttao/scannet/posed_images/scene0089_02/00162.jpg",
      "transform_matrix": [
        [
          -0.596162,
          -0.35907,
          0.718094,
          1.321348
        ],
        [
          -0.801675,
          0.314897,
          -0.508092,
          2.362742
        ],
        [
          -0.043685,
          -0.878584,
          -0.475587,
          1.391467
        ],
        [
          0.0,
          0.0,
          0.0,
          1.0
        ]
      ]
    },
    {
      "file_path": "/media/NFS/ttao/scannet/posed_images/scene0089_02/00165.jpg",
      "transform_matrix": [
        [
          -0.624217,
          -0.352823,
          0.697043,
          1.320664
        ],
        [
          -0.780492,
          0.320932,
          -0.536502,
          2.363763
        ],
        [
          -0.034413,
          -0.878931,
          -0.475707,
          1.389616
        ],
        [
          0.0,
          0.0,
          0.0,
          1.0
        ]
      ]
    },
    {
      "file_path": "/media/NFS/ttao/scannet/posed_images/scene0089_02/00167.jpg",
      "transform_matrix": [
        [
          -0.649575,
          -0.34635,
          0.676826,
          1.320991
        ],
        [
          -0.759634,
          0.332823,
          -0.558735,
          2.359039
        ],
        [
          -0.031746,
          -0.877081,
          -0.479292,
          1.390477
        ],
        [
          0.0,
          0.0,
          0.0,
          1.0
        ]
      ]
    },
    {
      "file_path": "/media/NFS/ttao/scannet/posed_images/scene0089_02/00171.jpg",
      "transform_matrix": [
        [
          -0.677868,
          -0.334351,
          0.654755,
          1.313532
        ],
        [
          -0.734637,
          0.34237,
          -0.585739,
          2.345603
        ],
        [
          -0.028326,
          -0.878061,
          -0.477709,
          1.384069
        ],
        [
          0.0,
          0.0,
          0.0,
          1.0
        ]
      ]
    },
    {
      "file_path": "/media/NFS/ttao/scannet/posed_images/scene0089_02/00177.jpg",
      "transform_matrix": [
        [
          -0.707358,
          -0.323527,
          0.62847,
          1.295576
        ],
        [
          -0.705975,
          0.367698,
          -0.605307,
          2.306959
        ],
        [
          -0.035254,
          -0.871854,
          -0.488496,
          1.380016
        ],
        [
          0.0,
          0.0,
          0.0,
          1.0
        ]
      ]
    },
    {
      "file_path": "/media/NFS/ttao/scannet/posed_images/scene0089_02/00179.jpg",
      "transform_matrix": [
        [
          -0.710103,
          -0.324149,
          0.625044,
          1.284264
        ],
        [
          -0.703148,
          0.372545,
          -0.605634,
          2.289755
        ],
        [
          -0.036542,
          -0.869561,
          -0.492471,
          1.3775
        ],
        [
          0.0,
          0.0,
          0.0,
          1.0
        ]
      ]
    },
    {
      "file_path": "/media/NFS/ttao/scannet/posed_images/scene0089_02/00183.jpg",
      "transform_matrix": [
        [
          -0.711719,
          -0.334256,
          0.617842,
          1.254191
        ],
        [
          -0.701925,
          0.372844,
          -0.606868,
          2.226143
        ],
        [
          -0.02751,
          -0.865598,
          -0.499983,
          1.383676
        ],
        [
          0.0,
          0.0,
          0.0,
          1.0
        ]
      ]
    },
    {
      "file_path": "/media/NFS/ttao/scannet/posed_images/scene0089_02/00188.jpg",
      "transform_matrix": [
        [
          -0.695822,
          -0.343473,
          0.630759,
          1.214727
        ],
        [
          -0.7181,
          0.348361,
          -0.602476,
          2.157027
        ],
        [
          -0.012798,
          -0.872164,
          -0.489046,
          1.378658
        ],
        [
          0.0,
          0.0,
          0.0,
          1.0
        ]
      ]
    },
    {
      "file_path": "/media/NFS/ttao/scannet/posed_images/scene0089_02/00191.jpg",
      "transform_matrix": [
        [
          -0.679914,
          -0.356483,
          0.64081,
          1.193742
        ],
        [
          -0.733211,
          0.343449,
          -0.586894,
          2.118912
        ],
        [
          -0.010868,
          -0.868886,
          -0.494893,
          1.367792
        ],
        [
          0.0,
          0.0,
          0.0,
          1.0
        ]
      ]
    },
    {
      "file_path": "/media/NFS/ttao/scannet/posed_images/scene0089_02/00195.jpg",
      "transform_matrix": [
        [
          -0.650087,
          -0.38658,
          0.654173,
          1.175058
        ],
        [
          -0.759793,
          0.34208,
          -0.552897,
          2.070925
        ],
        [
          -0.01004,
          -0.856468,
          -0.516103,
          1.364182
        ],
        [
          0.0,
          0.0,
          0.0,
          1.0
        ]
      ]
    },
    {
      "file_path": "/media/NFS/ttao/scannet/posed_images/scene0089_02/00200.jpg",
      "transform_matrix": [
        [
          -0.590071,
          -0.419399,
          0.68987,
          1.166933
        ],
        [
          -0.807334,
          0.312079,
          -0.500818,
          2.020375
        ],
        [
          -0.005251,
          -0.852473,
          -0.522744,
          1.364899
        ],
        [
          0.0,
          0.0,
          0.0,
          1.0
        ]
      ]
    },
    {
      "file_path": "/media/NFS/ttao/scannet/posed_images/scene0089_02/00206.jpg",
      "transform_matrix": [
        [
          -0.521732,
          -0.4416,
          0.729922,
          1.188301
        ],
        [
          -0.85296,
          0.286004,
          -0.436647,
          1.98833
        ],
        [
          -0.015937,
          -0.850407,
          -0.525884,
          1.358099
        ],
        [
          0.0,
          0.0,
          0.0,
          1.0
        ]
      ]
    },
    {
      "file_path": "/media/NFS/ttao/scannet/posed_images/scene0089_02/00209.jpg",
      "transform_matrix": [
        [
          -0.508393,
          -0.448293,
          0.735234,
          1.205525
        ],
        [
          -0.861017,
          0.278121,
          -0.425791,
          1.966563
        ],
        [
          -0.013605,
          -0.849519,
          -0.527383,
          1.3527
        ],
        [
          0.0,
          0.0,
          0.0,
          1.0
        ]
      ]
    },
    {
      "file_path": "/media/NFS/ttao/scannet/posed_images/scene0089_02/00212.jpg",
      "transform_matrix": [
        [
          -0.494697,
          -0.465091,
          0.734142,
          1.229283
        ],
        [
          -0.868983,
          0.276312,
          -0.410511,
          1.933852
        ],
        [
          -0.011927,
          -0.841036,
          -0.540848,
          1.350506
        ],
        [
          0.0,
          0.0,
          0.0,
          1.0
        ]
      ]
    },
    {
      "file_path": "/media/NFS/ttao/scannet/posed_images/scene0089_02/00215.jpg",
      "transform_matrix": [
        [
          -0.467749,
          -0.484606,
          0.739166,
          1.259792
        ],
        [
          -0.883801,
          0.266216,
          -0.384741,
          1.898348
        ],
        [
          -0.01033,
          -0.833238,
          -0.552818,
          1.34439
        ],
        [
          0.0,
          0.0,
          0.0,
          1.0
        ]
      ]
    },
    {
      "file_path": "/media/NFS/ttao/scannet/posed_images/scene0089_02/00219.jpg",
      "transform_matrix": [
        [
          -0.384017,
          -0.540352,
          0.748699,
          1.316109
        ],
        [
          -0.922892,
          0.199776,
          -0.329181,
          1.836907
        ],
        [
          0.028302,
          -0.817379,
          -0.575404,
          1.341495
        ],
        [
          0.0,
          0.0,
          0.0,
          1.0
        ]
      ]
    },
    {
      "file_path": "/media/NFS/ttao/scannet/posed_images/scene0089_02/00224.jpg",
      "transform_matrix": [
        [
          -0.306504,
          -0.544283,
          0.780904,
          1.353176
        ],
        [
          -0.951338,
          0.147747,
          -0.27042,
          1.772279
        ],
        [
          0.031808,
          -0.825789,
          -0.563082,
          1.350101
        ],
        [
          0.0,
          0.0,
          0.0,
          1.0
        ]
      ]
    },
    {
      "file_path": "/media/NFS/ttao/scannet/posed_images/scene0089_02/00230.jpg",
      "transform_matrix": [
        [
          -0.221626,
          -0.531445,
          0.817586,
          1.384536
        ],
        [
          -0.974976,
          0.10577,
          -0.195538,
          1.68253
        ],
        [
          0.017442,
          -0.840463,
          -0.541588,
          1.357659
        ],
        [
          0.0,
          0.0,
          0.0,
          1.0
        ]
      ]
    },
    {
      "file_path": "/media/NFS/ttao/scannet/posed_images/scene0089_02/00231.jpg",
      "transform_matrix": [
        [
          -0.189902,
          -0.533526,
          0.824189,
          1.391133
        ],
        [
          -0.981613,
          0.086647,
          -0.170085,
          1.650829
        ],
        [
          0.019331,
          -0.841334,
          -0.54017,
          1.350334
        ],
        [
          0.0,
          0.0,
          0.0,
          1.0
        ]
      ]
    },
    {
      "file_path": "/media/NFS/ttao/scannet/posed_images/scene0089_02/00235.jpg",
      "transform_matrix": [
        [
          -0.09786,
          -0.549484,
          0.829753,
          1.400137
        ],
        [
          -0.995159,
          0.046416,
          -0.08663,
          1.577801
        ],
        [
          0.009088,
          -0.834214,
          -0.551366,
          1.341685
        ],
        [
          0.0,
          0.0,
          0.0,
          1.0
        ]
      ]
    },
    {
      "file_path": "/media/NFS/ttao/scannet/posed_images/scene0089_02/00241.jpg",
      "transform_matrix": [
        [
          0.095414,
          -0.551489,
          0.828708,
          1.404456
        ],
        [
          -0.995421,
          -0.057609,
          0.076272,
          1.460827
        ],
        [
          0.005678,
          -0.832191,
          -0.55446,
          1.362161
        ],
        [
          0.0,
          0.0,
          0.0,
          1.0
        ]
      ]
    },
    {
      "file_path": "/media/NFS/ttao/scannet/posed_images/scene0089_02/00245.jpg",
      "transform_matrix": [
        [
          0.180648,
          -0.533271,
          0.826432,
          1.404829
        ],
        [
          -0.983514,
          -0.104968,
          0.147251,
          1.401144
        ],
        [
          0.008225,
          -0.839407,
          -0.543441,
          1.382398
        ],
        [
          0.0,
          0.0,
          0.0,
          1.0
        ]
      ]
    },
    {
      "file_path": "/media/NFS/ttao/scannet/posed_images/scene0089_02/00249.jpg",
      "transform_matrix": [
        [
          0.25692,
          -0.505219,
          0.82386,
          1.408029
        ],
        [
          -0.966433,
          -0.134237,
          0.219062,
          1.354103
        ],
        [
          -8.2e-05,
          -0.852487,
          -0.522748,
          1.404235
        ],
        [
          0.0,
          0.0,
          0.0,
          1.0
        ]
      ]
    },
    {
      "file_path": "/media/NFS/ttao/scannet/posed_images/scene0089_02/00253.jpg",
      "transform_matrix": [
        [
          0.283452,
          -0.484698,
          0.82748,
          1.412252
        ],
        [
          -0.958975,
          -0.139025,
          0.247061,
          1.335793
        ],
        [
          -0.004709,
          -0.863563,
          -0.50422,
          1.418113
        ],
        [
          0.0,
          0.0,
          0.0,
          1.0
        ]
      ]
    },
    {
      "file_path": "/media/NFS/ttao/scannet/posed_images/scene0089_02/00258.jpg",
      "transform_matrix": [
        [
          0.27656,
          -0.46721,
          0.839779,
          1.414075
        ],
        [
          -0.960787,
          -0.116166,
          0.251782,
          1.330447
        ],
        [
          -0.020081,
          -0.876482,
          -0.481016,
          1.427293
        ],
        [
          0.0,
          0.0,
          0.0,
          1.0
        ]
      ]
    },
    {
      "file_path": "/media/NFS/ttao/scannet/posed_images/scene0089_02/00261.jpg",
      "transform_matrix": [
        [
          0.266597,
          -0.460731,
          0.846554,
          1.417763
        ],
        [
          -0.963338,
          -0.099954,
          0.248975,
          1.330796
        ],
        [
          -0.030094,
          -0.881894,
          -0.470487,
          1.426496
        ],
        [
          0.0,
          0.0,
          0.0,
          1.0
        ]
      ]
    },
    {
      "file_path": "/media/NFS/ttao/scannet/posed_images/scene0089_02/00263.jpg",
      "transform_matrix": [
        [
          0.252447,
          -0.46264,
          0.849844,
          1.418627
        ],
        [
          -0.967162,
          -0.093889,
          0.236185,
          1.344282
        ],
        [
          -0.029477,
          -0.88156,
          -0.47115,
          1.425267
        ],
        [
          0.0,
          0.0,
          0.0,
          1.0
        ]
      ]
    },
    {
      "file_path": "/media/NFS/ttao/scannet/posed_images/scene0089_02/00267.jpg",
      "transform_matrix": [
        [
          0.209014,
          -0.463019,
          0.861351,
          1.424613
        ],
        [
          -0.977766,
          -0.08372,
          0.19226,
          1.38777
        ],
        [
          -0.016908,
          -0.882385,
          -0.470223,
          1.423048
        ],
        [
          0.0,
          0.0,
          0.0,
          1.0
        ]
      ]
    },
    {
      "file_path": "/media/NFS/ttao/scannet/posed_images/scene0089_02/00271.jpg",
      "transform_matrix": [
        [
          0.124068,
          -0.448039,
          0.885363,
          1.426908
        ],
        [
          -0.992136,
          -0.041149,
          0.118206,
          1.455747
        ],
        [
          -0.016529,
          -0.893067,
          -0.449621,
          1.421327
        ],
        [
          0.0,
          0.0,
          0.0,
          1.0
        ]
      ]
    },
    {
      "file_path": "/media/NFS/ttao/scannet/posed_images/scene0089_02/00275.jpg",
      "transform_matrix": [
        [
          -0.014008,
          -0.404048,
          0.91463,
          1.431386
        ],
        [
          -0.998086,
          0.060749,
          0.01155,
          1.55615
        ],
        [
          -0.06023,
          -0.912718,
          -0.404126,
          1.42089
        ],
        [
          0.0,
          0.0,
          0.0,
          1.0
        ]
      ]
    },
    {
      "file_path": "/media/NFS/ttao/scannet/posed_images/scene0089_02/00279.jpg",
      "transform_matrix": [
        [
          -0.142978,
          -0.355653,
          0.923617,
          1.432552
        ],
        [
          -0.985373,
          0.138579,
          -0.099176,
          1.618129
        ],
        [
          -0.092722,
          -0.924287,
          -0.370265,
          1.428298
        ],
        [
          0.0,
          0.0,
          0.0,
          1.0
        ]
      ]
    },
    {
      "file_path": "/media/NFS/ttao/scannet/posed_images/scene0089_02/00284.jpg",
      "transform_matrix": [
        [
          -0.276351,
          -0.344783,
          0.897081,
          1.445724
        ],
        [
          -0.958651,
          0.164904,
          -0.231938,
          1.707207
        ],
        [
          -0.067964,
          -0.924084,
          -0.376098,
          1.439293
        ],
        [
          0.0,
          0.0,
          0.0,
          1.0
        ]
      ]
    },
    {
      "file_path": "/media/NFS/ttao/scannet/posed_images/scene0089_02/00290.jpg",
      "transform_matrix": [
        [
          -0.382253,
          -0.303235,
          0.872887,
          1.491209
        ],
        [
          -0.924045,
          0.130422,
          -0.359348,
          1.823246
        ],
        [
          -0.004876,
          -0.943948,
          -0.330057,
          1.434425
        ],
        [
          0.0,
          0.0,
          0.0,
          1.0
        ]
      ]
    },
    {
      "file_path": "/media/NFS/ttao/scannet/posed_images/scene0089_02/00293.jpg",
      "transform_matrix": [
        [
          -0.404215,
          -0.291829,
          0.86686,
          1.514797
        ],
        [
          -0.914432,
          0.150256,
          -0.375814,
          1.87847
        ],
        [
          -0.020577,
          -0.944595,
          -0.327594,
          1.429945
        ],
        [
          0.0,
          0.0,
          0.0,
          1.0
        ]
      ]
    },
    {
      "file_path": "/media/NFS/ttao/scannet/posed_images/scene0089_02/00295.jpg",
      "transform_matrix": [
        [
          -0.422508,
          -0.284132,
          0.860671,
          1.536888
        ],
        [
          -0.905802,
          0.165633,
          -0.389983,
          1.915674
        ],
        [
          -0.031749,
          -0.94437,
          -0.327349,
          1.429946
        ],
        [
          0.0,
          0.0,
          0.0,
          1.0
        ]
      ]
    },
    {
      "file_path": "/media/NFS/ttao/scannet/posed_images/scene0089_02/00301.jpg",
      "transform_matrix": [
        [
          -0.488601,
          -0.303739,
          0.817931,
          1.603682
        ],
        [
          -0.872348,
          0.187941,
          -0.451316,
          2.015794
        ],
        [
          -0.01664,
          -0.934035,
          -0.356795,
          1.433739
        ],
        [
          0.0,
          0.0,
          0.0,
          1.0
        ]
      ]
    },
    {
      "file_path": "/media/NFS/ttao/scannet/posed_images/scene0089_02/00303.jpg",
      "transform_matrix": [
        [
          -0.517128,
          -0.305547,
          0.799512,
          1.616859
        ],
        [
          -0.855874,
          0.192941,
          -0.479848,
          2.035287
        ],
        [
          -0.007642,
          -0.932424,
          -0.361285,
          1.433356
        ],
        [
          0.0,
          0.0,
          0.0,
          1.0
        ]
      ]
    },
    {
      "file_path": "/media/NFS/ttao/scannet/posed_images/scene0089_02/00307.jpg",
      "transform_matrix": [
        [
          -0.578766,
          -0.318952,
          0.750532,
          1.645357
        ],
        [
          -0.815493,
          0.225822,
          -0.532893,
          2.06259
        ],
        [
