{
  "frames": [
    {
      "file_path": "/media/NFS/ttao/scannet/posed_images/scene0294_00/00000.jpg",
      "transform_matrix": [
        [
          0.971721,
          0.160121,
          -0.173548,
          2.266098
        ],
        [
          0.230548,
          -0.48448,
          0.843876,
          1.662666
        ],
        [
          0.051042,
          -0.860024,
          -0.507695,
          1.364953
        ],
        [
          0.0,
          0.0,
          0.0,
          1.0
        ]
      ]
    },
    {
      "file_path": "/media/NFS/ttao/scannet/posed_images/scene0294_00/00010.jpg",
      "transform_matrix": [
        [
          0.978118,
          0.133253,
          -0.159776,
          2.264977
        ],
        [
          0.205005,
          -0.486401,
          0.849345,
          1.660591
        ],
        [
          0.035463,
          -0.863515,
          -0.503075,
          1.337818
        ],
        [
          0.0,
          0.0,
          0.0,
          1.0
        ]
      ]
    },
    {
      "file_path": "/media/NFS/ttao/scannet/posed_images/scene0294_00/00025.jpg",
      "transform_matrix": [
        [
          0.969614,
          0.186044,
          -0.158858,
          2.174722
        ],
        [
          0.23844,
          -0.573443,
          0.783779,
          1.673004
        ],
        [
          0.054722,
          -0.797841,
          -0.600379,
          1.248435
        ],
        [
          0.0,
          0.0,
          0.0,
          1.0
        ]
      ]
    },
    {
      "file_path": "/media/NFS/ttao/scannet/posed_images/scene0294_00/00029.jpg",
      "transform_matrix": [
        [
          0.975614,
          0.165418,
          -0.144272,
          2.157401
        ],
        [
          0.215351,
          -0.59427,
          0.774899,
          1.685518
        ],
        [
          0.042445,
          -0.787071,
          -0.615401,
          1.234317
        ],
        [
          0.0,
          0.0,
          0.0,
          1.0
        ]
      ]
    },
    {
      "file_path": "/media/NFS/ttao/scannet/posed_images/scene0294_00/00041.jpg",
      "transform_matrix": [
        [
          0.985334,
          0.14215,
          -0.094394,
          2.067475
        ],
        [
          0.161576,
          -0.599387,
          0.783982,
          1.679554
        ],
        [
          0.054865,
          -0.787736,
          -0.613565,
          1.275464
        ],
        [
          0.0,
          0.0,
          0.0,
          1.0
        ]
      ]
    },
    {
      "file_path": "/media/NFS/ttao/scannet/posed_images/scene0294_00/00054.jpg",
      "transform_matrix": [
        [
          0.999082,
          0.041106,
          -0.012011,
          1.923504
        ],
        [
          0.031648,
          -0.519722,
          0.853749,
          1.587623
        ],
        [
          0.028852,
          -0.853346,
          -0.520547,
          1.299652
        ],
        [
          0.0,
          0.0,
          0.0,
          1.0
        ]
      ]
    },
    {
      "file_path": "/media/NFS/ttao/scannet/posed_images/scene0294_00/00070.jpg",
      "transform_matrix": [
        [
          0.999452,
          0.032799,
          0.004436,
          1.888693
        ],
        [
          0.014901,
          -0.565574,
          0.824563,
          1.549665
        ],
        [
          0.029554,
          -0.824045,
          -0.565753,
          1.275705
        ],
        [
          0.0,
          0.0,
          0.0,
          1.0
        ]
      ]
    },
    {
      "file_path": "/media/NFS/ttao/scannet/posed_images/scene0294_00/00073.jpg",
      "transform_matrix": [
        [
          0.99942,
          0.015816,
          0.030163,
          1.916673
        ],
        [
          -0.016182,
          -0.558765,
          0.829168,
          1.547324
        ],
        [
          0.029968,
          -0.829175,
          -0.558185,
          1.285961
        ],
        [
          0.0,
          0.0,
          0.0,
          1.0
        ]
      ]
    },
    {
      "file_path": "/media/NFS/ttao/scannet/posed_images/scene0294_00/00089.jpg",
      "transform_matrix": [
        [
          0.995323,
          -0.041317,
          0.087325,
          2.146842
        ],
        [
          -0.096409,
          -0.48247,
          0.870591,
          1.465683
        ],
        [
          0.006162,
          -0.874938,
          -0.484197,
          1.339851
        ],
        [
          0.0,
          0.0,
          0.0,
          1.0
        ]
      ]
    },
    {
      "file_path": "/media/NFS/ttao/scannet/posed_images/scene0294_00/00102.jpg",
      "transform_matrix": [
        [
          0.989567,
          -0.080463,
          0.119512,
          2.266767
        ],
        [
          -0.142369,
          -0.418851,
          0.896825,
          1.446538
        ],
        [
          -0.022104,
          -0.904483,
          -0.425936,
          1.395115
        ],
        [
          0.0,
          0.0,
          0.0,
          1.0
        ]
      ]
    },
    {
      "file_path": "/media/NFS/ttao/scannet/posed_images/scene0294_00/00108.jpg",
      "transform_matrix": [
        [
          0.985015,
          -0.089196,
          0.147609,
          2.308755
        ],
        [
          -0.171343,
          -0.408624,
          0.896476,
          1.47259
        ],
        [
          -0.019645,
          -0.908334,
          -0.417784,
          1.401547
        ],
        [
          0.0,
          0.0,
          0.0,
          1.0
        ]
      ]
    },
    {
      "file_path": "/media/NFS/ttao/scannet/posed_images/scene0294_00/00115.jpg",
      "transform_matrix": [
        [
          0.974886,
          -0.108418,
          0.19453,
          2.349502
        ],
        [
          -0.222298,
          -0.421135,
          0.879334,
          1.530046
        ],
        [
          -0.013412,
          -0.900495,
          -0.43466,
          1.370163
        ],
        [
          0.0,
          0.0,
          0.0,
          1.0
        ]
      ]
    },
    {
      "file_path": "/media/NFS/ttao/scannet/posed_images/scene0294_00/00134.jpg",
      "transform_matrix": [
        [
          0.951348,
          -0.139187,
          0.274887,
          2.513443
        ],
        [
          -0.307965,
          -0.401533,
          0.862513,
          1.797967
        ],
        [
          -0.009675,
          -0.905206,
          -0.424863,
          1.408516
        ],
        [
          0.0,
          0.0,
          0.0,
          1.0
        ]
      ]
    },
    {
      "file_path": "/media/NFS/ttao/scannet/posed_images/scene0294_00/00137.jpg",
      "transform_matrix": [
        [
          0.952007,
          -0.144309,
          0.269921,
          2.543656
        ],
        [
          -0.305527,
          -0.395245,
          0.866277,
          1.830655
        ],
        [
          -0.018326,
          -0.90717,
          -0.420366,
          1.409529
        ],
        [
          0.0,
          0.0,
          0.0,
          1.0
        ]
      ]
    },
    {
      "file_path": "/media/NFS/ttao/scannet/posed_images/scene0294_00/00146.jpg",
      "transform_matrix": [
        [
          0.966286,
          -0.116546,
          0.229584,
          2.675379
        ],
        [
          -0.257333,
          -0.40794,
          0.875994,
          1.923272
        ],
        [
          -0.008437,
          -0.90554,
          -0.424178,
          1.399199
        ],
        [
          0.0,
          0.0,
          0.0,
          1.0
        ]
      ]
    },
    {
      "file_path": "/media/NFS/ttao/scannet/posed_images/scene0294_00/00156.jpg",
      "transform_matrix": [
        [
          0.970236,
          -0.140238,
          0.197423,
          2.836233
        ],
        [
          -0.239395,
          -0.432569,
          0.869237,
          2.01276
        ],
        [
          -0.036501,
          -0.890627,
          -0.453267,
          1.3793
        ],
        [
          0.0,
          0.0,
          0.0,
          1.0
        ]
      ]
    },
    {
      "file_path": "/media/NFS/ttao/scannet/posed_images/scene0294_00/00175.jpg",
      "transform_matrix": [
        [
          0.934989,
          -0.138947,
          0.326327,
          3.0479
        ],
        [
          -0.352561,
          -0.464459,
          0.812391,
          2.198349
        ],
        [
          0.038686,
          -0.874627,
          -0.483251,
          1.398522
        ],
        [
          0.0,
          0.0,
          0.0,
          1.0
        ]
      ]
    },
    {
      "file_path": "/media/NFS/ttao/scannet/posed_images/scene0294_00/00185.jpg",
      "transform_matrix": [
        [
          0.923386,
          -0.165763,
          0.346238,
          3.084835
        ],
        [
          -0.383507,
          -0.43768,
          0.81324,
          2.307192
        ],
        [
          0.016736,
          -0.883719,
          -0.467719,
          1.411795
        ],
        [
          0.0,
          0.0,
          0.0,
          1.0
        ]
      ]
    },
    {
      "file_path": "/media/NFS/ttao/scannet/posed_images/scene0294_00/00188.jpg",
      "transform_matrix": [
        [
          0.916695,
          -0.182283,
          0.355587,
          3.109657
        ],
        [
          -0.399566,
          -0.427218,
          0.811069,
          2.340652
        ],
        [
          0.004069,
          -0.885583,
          -0.464463,
          1.414239
        ],
        [
          0.0,
          0.0,
          0.0,
          1.0
        ]
      ]
    },
    {
      "file_path": "/media/NFS/ttao/scannet/posed_images/scene0294_00/00204.jpg",
      "transform_matrix": [
        [
          0.856482,
          -0.199174,
          0.476201,
          3.248559
        ],
        [
          -0.51608,
          -0.312611,
          0.797456,
          2.492695
        ],
        [
          -0.009967,
          -0.928765,
          -0.370535,
          1.452962
        ],
        [
          0.0,
          0.0,
          0.0,
          1.0
        ]
      ]
    },
    {
      "file_path": "/media/NFS/ttao/scannet/posed_images/scene0294_00/00210.jpg",
      "transform_matrix": [
        [
          0.823026,
          -0.184035,
          0.537363,
          3.263827
        ],
        [
          -0.567745,
          -0.295109,
          0.76849,
          2.54942
        ],
        [
          0.017151,
          -0.937572,
          -0.347367,
          1.452475
        ],
        [
          0.0,
          0.0,
          0.0,
          1.0
        ]
      ]
    },
    {
      "file_path": "/media/NFS/ttao/scannet/posed_images/scene0294_00/00229.jpg",
      "transform_matrix": [
        [
          0.603183,
          -0.222954,
          0.765808,
          3.192208
        ],
        [
          -0.79758,
          -0.175909,
          0.576994,
          2.720198
        ],
        [
          0.006069,
          -0.958826,
          -0.283929,
          1.51567
        ],
        [
          0.0,
          0.0,
          0.0,
          1.0
        ]
      ]
    },
    {
      "file_path": "/media/NFS/ttao/scannet/posed_images/scene0294_00/00239.jpg",
      "transform_matrix": [
        [
          0.560737,
          -0.177506,
          0.808743,
          3.261648
        ],
        [
          -0.827988,
          -0.116578,
          0.548494,
          2.641856
        ],
        [
          -0.003079,
          -0.97719,
          -0.212342,
          1.598813
        ],
        [
          0.0,
          0.0,
          0.0,
          1.0
        ]
      ]
    },
    {
      "file_path": "/media/NFS/ttao/scannet/posed_images/scene0294_00/00248.jpg",
      "transform_matrix": [
        [
          0.51512,
          -0.144105,
          0.844917,
          3.340849
        ],
        [
          -0.85706,
          -0.075127,
          0.50971,
          2.618821
        ],
        [
          -0.009976,
          -0.986706,
          -0.162206,
          1.626136
        ],
        [
          0.0,
          0.0,
          0.0,
          1.0
        ]
      ]
    },
    {
      "file_path": "/media/NFS/ttao/scannet/posed_images/scene0294_00/00255.jpg",
      "transform_matrix": [
        [
          0.462403,
          -0.133867,
          0.876506,
          3.42454
        ],
        [
          -0.885277,
          -0.014309,
          0.464845,
          2.60085
        ],
        [
          -0.049686,
          -0.990896,
          -0.125126,
          1.606848
        ],
        [
          0.0,
          0.0,
          0.0,
          1.0
        ]
      ]
    },
    {
      "file_path": "/media/NFS/ttao/scannet/posed_images/scene0294_00/00264.jpg",
      "transform_matrix": [
        [
          0.402817,
          -0.220917,
          0.888219,
          3.482263
        ],
        [
          -0.913754,
          -0.041037,
          0.404191,
          2.68567
        ],
        [
          -0.052843,
          -0.974429,
          -0.218394,
          1.565112
        ],
        [
          0.0,
          0.0,
          0.0,
          1.0
        ]
      ]
    },
    {
      "file_path": "/media/NFS/ttao/scannet/posed_images/scene0294_00/00274.jpg",
      "transform_matrix": [
        [
          0.388059,
          -0.338448,
          0.857241,
          3.419982
        ],
        [
          -0.920629,
          -0.09891,
          0.377703,
          2.764553
        ],
        [
          -0.043043,
          -0.935772,
          -0.349968,
          1.445791
        ],
        [
          0.0,
          0.0,
          0.0,
          1.0
        ]
      ]
    },
    {
      "file_path": "/media/NFS/ttao/scannet/posed_images/scene0294_00/00283.jpg",
      "transform_matrix": [
        [
          0.424681,
          -0.415665,
          0.804281,
          3.295384
        ],
        [
          -0.904702,
          -0.161416,
          0.394283,
          2.765602
        ],
        [
          -0.034066,
          -0.895079,
          -0.444603,
          1.417373
        ],
        [
          0.0,
          0.0,
          0.0,
          1.0
        ]
      ]
    },
    {
      "file_path": "/media/NFS/ttao/scannet/posed_images/scene0294_00/00302.jpg",
      "transform_matrix": [
        [
          0.612958,
          -0.424974,
          0.666093,
          3.063165
        ],
        [
          -0.788655,
          -0.277845,
          0.548475,
          2.721916
        ],
        [
          -0.048017,
          -0.86151,
          -0.505465,
          1.387685
        ],
        [
          0.0,
          0.0,
          0.0,
          1.0
        ]
      ]
    },
    {
      "file_path": "/media/NFS/ttao/scannet/posed_images/scene0294_00/00306.jpg",
      "transform_matrix": [
        [
          0.637446,
          -0.408321,
          0.653404,
          3.044335
        ],
        [
          -0.769098,
          -0.286153,
          0.571493,
          2.681622
        ],
        [
          -0.04638,
          -0.866828,
          -0.496446,
          1.383242
        ],
        [
          0.0,
          0.0,
          0.0,
          1.0
        ]
      ]
    },
    {
      "file_path": "/media/NFS/ttao/scannet/posed_images/scene0294_00/00315.jpg",
      "transform_matrix": [
        [
          0.634894,
          -0.439159,
          0.635648,
          3.033248
        ],
        [
          -0.77253,
          -0.349836,
          0.529917,
          2.619569
        ],
        [
          -0.010346,
          -0.827499,
          -0.561372,
          1.347673
        ],
        [
          0.0,
          0.0,
          0.0,
          1.0
        ]
      ]
    },
    {
      "file_path": "/media/NFS/ttao/scannet/posed_images/scene0294_00/00334.jpg",
      "transform_matrix": [
        [
          0.345395,
          -0.550161,
          0.760279,
          3.140133
        ],
        [
          -0.938457,
          -0.201894,
          0.280245,
          2.808494
        ],
        [
          -0.000684,
          -0.810285,
          -0.586036,
          1.325695
        ],
        [
          0.0,
          0.0,
          0.0,
          1.0
        ]
      ]
    },
    {
      "file_path": "/media/NFS/ttao/scannet/posed_images/scene0294_00/00344.jpg",
      "transform_matrix": [
        [
          0.194367,
          -0.584915,
          0.787461,
          3.236029
        ],
        [
          -0.980908,
          -0.110684,
          0.159901,
          2.956971
        ],
        [
          -0.006369,
          -0.803507,
          -0.595261,
          1.339362
        ],
        [
          0.0,
          0.0,
          0.0,
          1.0
        ]
      ]
    },
    {
      "file_path": "/media/NFS/ttao/scannet/posed_images/scene0294_00/00357.jpg",
      "transform_matrix": [
        [
          0.120248,
          -0.536979,
          0.834981,
          3.359473
        ],
        [
          -0.991919,
          -0.030715,
          0.123095,
          3.07588
        ],
        [
          -0.040453,
          -0.843036,
          -0.536334,
          1.350361
        ],
        [
          0.0,
          0.0,
          0.0,
          1.0
        ]
      ]
    },
    {
      "file_path": "/media/NFS/ttao/scannet/posed_images/scene0294_00/00363.jpg",
      "transform_matrix": [
        [
          0.097739,
          -0.550223,
          0.829278,
          3.447239
        ],
        [
          -0.994712,
          -0.027588,
          0.098932,
          3.142426
        ],
        [
          -0.031557,
          -0.834562,
          -0.55001,
          1.354309
        ],
        [
          0.0,
          0.0,
          0.0,
          1.0
        ]
      ]
    },
    {
      "file_path": "/media/NFS/ttao/scannet/posed_images/scene0294_00/00376.jpg",
      "transform_matrix": [
        [
          -0.010527,
          -0.440502,
          0.89769,
          3.545834
        ],
        [
          -0.999816,
          0.019015,
          -0.002394,
          3.266776
        ],
        [
          -0.016015,
          -0.89755,
          -0.440621,
          1.434041
        ],
        [
          0.0,
          0.0,
          0.0,
          1.0
        ]
      ]
    },
    {
      "file_path": "/media/NFS/ttao/scannet/posed_images/scene0294_00/00388.jpg",
      "transform_matrix": [
        [
          -0.026987,
          -0.342756,
          0.939037,
          3.577546
        ],
        [
          -0.999529,
          -0.004503,
          -0.030369,
          3.315478
        ],
        [
          0.014638,
          -0.939414,
          -0.342473,
          1.498962
        ],
        [
          0.0,
          0.0,
          0.0,
          1.0
        ]
      ]
    },
    {
      "file_path": "/media/NFS/ttao/scannet/posed_images/scene0294_00/00395.jpg",
      "transform_matrix": [
        [
          -0.045959,
          -0.335466,
          0.94093,
          3.584656
        ],
        [
          -0.998936,
          0.011692,
          -0.044623,
          3.294821
        ],
        [
          0.003968,
          -0.94198,
          -0.335647,
          1.527436
        ],
        [
          0.0,
          0.0,
          0.0,
          1.0
        ]
      ]
    },
    {
      "file_path": "/media/NFS/ttao/scannet/posed_images/scene0294_00/00408.jpg",
      "transform_matrix": [
        [
          -0.129676,
          -0.271127,
          0.953768,
          3.590311
        ],
        [
          -0.991439,
          0.050293,
          -0.120501,
          3.238891
        ],
        [
          -0.015297,
          -0.961229,
          -0.275328,
          1.615206
        ],
        [
          0.0,
          0.0,
          0.0,
          1.0
        ]
      ]
    },
    {
      "file_path": "/media/NFS/ttao/scannet/posed_images/scene0294_00/00411.jpg",
      "transform_matrix": [
        [
          -0.125311,
          -0.263467,
          0.956495,
          3.594756
        ],
        [
          -0.992081,
          0.041507,
          -0.11854,
          3.22762
        ],
        [
          -0.00847,
          -0.963775,
          -0.266582,
          1.628835
        ],
        [
          0.0,
          0.0,
          0.0,
          1.0
        ]
      ]
    },
    {
      "file_path": "/media/NFS/ttao/scannet/posed_images/scene0294_00/00423.jpg",
      "transform_matrix": [
        [
          -0.188236,
          -0.230727,
          0.954637,
          3.604746
        ],
        [
          -0.98097,
          0.09128,
          -0.171367,
          3.184912
        ],
        [
          -0.0476,
          -0.968727,
          -0.243518,
          1.642536
        ],
        [
          0.0,
          0.0,
          0.0,
          1.0
        ]
      ]
    },
    {
      "file_path": "/media/NFS/ttao/scannet/posed_images/scene0294_00/00433.jpg",
      "transform_matrix": [
        [
          -0.336919,
          -0.3543,
          0.872328,
          3.632037
        ],
        [
          -0.9406,
          0.167899,
          -0.295095,
          3.225427
        ],
        [
          -0.041911,
          -0.919935,
          -0.389824,
          1.498016
        ],
        [
          0.0,
          0.0,
          0.0,
          1.0
        ]
      ]
    },
    {
      "file_path": "/media/NFS/ttao/scannet/posed_images/scene0294_00/00449.jpg",
      "transform_matrix": [
        [
          -0.415971,
          -0.413196,
          0.810084,
          3.610386
        ],
        [
          -0.909055,
          0.212678,
          -0.358312,
          3.192647
        ],
        [
          -0.024234,
          -0.885459,
          -0.464086,
          1.442145
        ],
        [
          0.0,
          0.0,
          0.0,
          1.0
        ]
      ]
    },
    {
      "file_path": "/media/NFS/ttao/scannet/posed_images/scene0294_00/00462.jpg",
      "transform_matrix": [
        [
          -0.455944,
          -0.451719,
          0.766854,
          3.531195
        ],
        [
          -0.889951,
          0.241181,
          -0.387064,
          3.051372
        ],
        [
          -0.010107,
          -0.858942,
          -0.511973,
          1.402739
        ],
        [
          0.0,
          0.0,
          0.0,
          1.0
        ]
      ]
    },
    {
      "file_path": "/media/NFS/ttao/scannet/posed_images/scene0294_00/00471.jpg",
      "transform_matrix": [
        [
          -0.580951,
          -0.431573,
          0.690102,
          3.464963
        ],
        [
          -0.813357,
          0.339855,
          -0.472174,
          2.943921
        ],
        [
          -0.030757,
          -0.83561,
          -0.548462,
          1.393542
        ],
        [
          0.0,
          0.0,
          0.0,
          1.0
        ]
      ]
    },
    {
      "file_path": "/media/NFS/ttao/scannet/posed_images/scene0294_00/00474.jpg",
      "transform_matrix": [
        [
          -0.600926,
          -0.426125,
          0.676244,
          3.452763
        ],
        [
          -0.798887,
          0.347556,
          -0.490902,
          2.943562
        ],
        [
          -0.025847,
          -0.835238,
          -0.549281,
          1.385853
        ],
        [
          0.0,
          0.0,
          0.0,
          1.0
        ]
      ]
    },
    {
      "file_path": "/media/NFS/ttao/scannet/posed_images/scene0294_00/00487.jpg",
      "transform_matrix": [
        [
          -0.675736,
          -0.434164,
          0.59572,
          3.415483
        ],
        [
          -0.736918,
          0.377864,
          -0.56051,
          2.898493
        ],
        [
          0.018252,
          -0.817753,
          -0.575279,
          1.377976
        ],
        [
          0.0,
          0.0,
          0.0,
          1.0
        ]
      ]
    },
    {
      "file_path": "/media/NFS/ttao/scannet/posed_images/scene0294_00/00500.jpg",
      "transform_matrix": [
        [
          -0.703077,
          -0.436616,
          0.561292,
          3.33162
        ],
        [
          -0.711104,
          0.435782,
          -0.551748,
          2.761166
        ],
        [
          -0.003699,
          -0.787058,
          -0.616868,
          1.351656
        ],
        [
          0.0,
          0.0,
          0.0,
          1.0
        ]
      ]
    },
    {
      "file_path": "/media/NFS/ttao/scannet/posed_images/scene0294_00/00509.jpg",
      "transform_matrix": [
        [
          -0.654037,
          -0.483342,
          0.581907,
          3.254756
        ],
        [
          -0.756454,
          0.414068,
          -0.506287,
          2.65518
        ],
        [
          0.003761,
          -0.771316,
          -0.636442,
          1.346586
        ],
        [
          0.0,
          0.0,
          0.0,
          1.0
        ]
      ]
    },
    {
      "file_path": "/media/NFS/ttao/scannet/posed_images/scene0294_00/00519.jpg",
      "transform_matrix": [
        [
          -0.582397,
          -0.539905,
          0.607713,
          3.212273
        ],
        [
          -0.812856,
          0.394923,
          -0.428137,
          2.556522
        ],
        [
          -0.008846,
          -0.743329,
          -0.668867,
          1.314185
        ],
        [
          0.0,
          0.0,
          0.0,
          1.0
        ]
      ]
    },
    {
      "file_path": "/media/NFS/ttao/scannet/posed_images/scene0294_00/00529.jpg",
      "transform_matrix": [
        [
          -0.523403,
          -0.588227,
          0.616473,
          3.238049
        ],
        [
          -0.850555,
          0.317325,
          -0.419359,
          2.448597
        ],
        [
          0.051056,
          -0.743837,
          -0.666408,
          1.306174
        ],
        [
          0.0,
          0.0,
          0.0,
          1.0
        ]
      ]
    },
    {
      "file_path": "/media/NFS/ttao/scannet/posed_images/scene0294_00/00548.jpg",
      "transform_matrix": [
        [
          -0.227222,
          -0.623966,
          0.747688,
          3.088515
        ],
        [
          -0.973573,
          0.127464,
          -0.189497,
          2.446155
        ],
        [
          0.022936,
          -0.770986,
          -0.636439,
          1.297263
        ],
        [
          0.0,
          0.0,
          0.0,
          1.0
        ]
      ]
    },
    {
      "file_path": "/media/NFS/ttao/scannet/posed_images/scene0294_00/00557.jpg",
      "transform_matrix": [
        [
          -0.133841,
          -0.660122,
          0.739138,
          2.952578
        ],
        [
          -0.990841,
          0.075633,
          -0.111871,
          2.418871
        ],
        [
          0.017945,
          -0.747341,
          -0.664199,
          1.302641
        ],
        [
          0.0,
          0.0,
          0.0,
          1.0
        ]
      ]
    },
    {
      "file_path": "/media/NFS/ttao/scannet/posed_images/scene0294_00/00564.jpg",
      "transform_matrix": [
        [
          -0.166889,
          -0.648448,
          0.74274,
          2.886815
        ],
        [
          -0.985659,
          0.090635,
          -0.142343,
          2.404594
        ],
        [
          0.024985,
          -0.755844,
          -0.654275,
          1.318355
        ],
        [
          0.0,
          0.0,
          0.0,
          1.0
        ]
      ]
    },
    {
      "file_path": "/media/NFS/ttao/scannet/posed_images/scene0294_00/00570.jpg",
      "transform_matrix": [
        [
          -0.243158,
          -0.627115,
          0.740001,
          2.859083
        ],
        [
          -0.969763,
          0.140789,
          -0.199344,
          2.371762
        ],
        [
          0.020827,
          -0.766098,
          -0.642387,
          1.330659
        ],
        [
          0.0,
          0.0,
          0.0,
          1.0
        ]
      ]
    },
    {
      "file_path": "/media/NFS/ttao/scannet/posed_images/scene0294_00/00583.jpg",
      "transform_matrix": [
        [
          -0.362899,
          -0.587775,
          0.723067,
          2.791708
        ],
        [
          -0.931749,
          0.239021,
          -0.273336,
          2.218777
        ],
        [
          -0.012168,
          -0.77291,
          -0.634399,
          1.349178
        ],
        [
          0.0,
          0.0,
          0.0,
          1.0
        ]
      ]
    },
    {
      "file_path": "/media/NFS/ttao/scannet/posed_images/scene0294_00/00599.jpg",
      "transform_matrix": [
        [
          -0.493844,
          -0.561481,
          0.663971,
          2.733369
        ],
        [
          -0.86953,
          0.324104,
          -0.372658,
          2.026158
        ],
        [
          -0.005956,
          -0.761377,
          -0.648281,
          1.336706
        ],
        [
          0.0,
          0.0,
          0.0,
          1.0
        ]
      ]
    },
    {
      "file_path": "/media/NFS/ttao/scannet/posed_images/scene0294_00/00611.jpg",
      "transform_matrix": [
        [
          -0.641683,
          -0.522651,
          0.561318,
          2.776364
        ],
        [
          -0.766876,
          0.425767,
          -0.480233,
          1.983651
        ],
        [
          0.012004,
          -0.738619,
          -0.674016,
          1.351374
        ],
        [
          0.0,
          0.0,
          0.0,
          1.0
        ]
      ]
    },
    {
      "file_path": "/media/NFS/ttao/scannet/posed_images/scene0294_00/00621.jpg",
      "transform_matrix": [
        [
          -0.71515,
          -0.429012,
          0.551822,
          2.873411
        ],
        [
          -0.698911,
          0.428649,
          -0.572523,
          2.07439
        ],
        [
          0.009082,
          -0.795116,
          -0.60639,
          1.384466
        ],
        [
          0.0,
          0.0,
          0.0,
          1.0
        ]
      ]
    },
    {
      "file_path": "/media/NFS/ttao/scannet/posed_images/scene0294_00/00627.jpg",
      "transform_matrix": [
        [
          -0.778269,
          -0.346659,
          0.523568,
          2.950376
        ],
        [
          -0.627838,
          0.443849,
          -0.639388,
          2.182727
        ],
        [
          -0.010736,
          -0.826333,
          -0.56308,
          1.411843
        ],
        [
          0.0,
          0.0,
          0.0,
          1.0
        ]
      ]
    },
    {
      "file_path": "/media/NFS/ttao/scannet/posed_images/scene0294_00/00640.jpg",
      "transform_matrix": [
        [
          -0.801706,
          -0.299969,
          0.516998,
          3.118946
        ],
        [
          -0.597702,
          0.395744,
          -0.697238,
          2.352805
        ],
        [
          0.004551,
          -0.867989,
          -0.496562,
          1.411024
        ],
        [
          0.0,
          0.0,
          0.0,
          1.0
        ]
      ]
    },
    {
      "file_path": "/media/NFS/ttao/scannet/posed_images/scene0294_00/00653.jpg",
      "transform_matrix": [
        [
          -0.877751,
          -0.193796,
          0.438173,
          3.324827
        ],
        [
          -0.478518,
          0.400331,
          -0.781509,
          2.478413
        ],
        [
          -0.023961,
          -0.895644,
          -0.444126,
          1.434892
        ],
        [
          0.0,
          0.0,
          0.0,
          1.0
        ]
      ]
    },
    {
      "file_path": "/media/NFS/ttao/scannet/posed_images/scene0294_00/00662.jpg",
      "transform_matrix": [
        [
          -0.932339,
          -0.10722,
          0.345323,
          3.421279
        ],
        [
          -0.359856,
          0.368456,
          -0.857172,
          2.598486
        ],
        [
          -0.03533,
          -0.923441,
          -0.382109,
          1.426623
        ],
        [
          0.0,
          0.0,
          0.0,
          1.0
        ]
      ]
    },
    {
      "file_path": "/media/NFS/ttao/scannet/posed_images/scene0294_00/00665.jpg",
      "transform_matrix": [
        [
          -0.946986,
          -0.092899,
          0.307548,
          3.461406
        ],
        [
          -0.319211,
          0.380363,
          -0.868003,
          2.652074
        ],
        [
          -0.036343,
          -0.92016,
          -0.389853,
          1.414913
        ],
        [
          0.0,
          0.0,
          0.0,
          1.0
        ]
      ]
    },
    {
      "file_path": "/media/NFS/ttao/scannet/posed_images/scene0294_00/00685.jpg",
      "transform_matrix": [
        [
          -0.998164,
          0.000549,
          -0.06057,
          3.62596
        ],
        [
          0.055496,
          0.409024,
          -0.910835,
          2.753326
        ],
        [
          0.024274,
          -0.912523,
          -0.408303,
          1.42926
        ],
        [
          0.0,
          0.0,
          0.0,
          1.0
        ]
      ]
    },
    {
      "file_path": "/media/NFS/ttao/scannet/posed_images/scene0294_00/00688.jpg",
      "transform_matrix": [
        [
          -0.993166,
          0.042804,
          -0.108575,
          3.626687
        ],
        [
          0.116542,
          0.413261,
          -0.903124,
          2.719876
        ],
        [
          0.006213,
          -0.909606,
          -0.415426,
          1.42697
        ],
        [
          0.0,
          0.0,
          0.0,
          1.0
        ]
      ]
    },
    {
      "file_path": "/media/NFS/ttao/scannet/posed_images/scene0294_00/00700.jpg",
      "transform_matrix": [
        [
          -0.958578,
          0.102667,
          -0.265682,
          3.702318
        ],
        [
          0.284572,
          0.384888,
          -0.877998,
          2.680506
        ],
        [
          0.012116,
          -0.917235,
          -0.398161,
          1.414948
        ],
        [
          0.0,
          0.0,
          0.0,
          1.0
        ]
      ]
    },
    {
      "file_path": "/media/NFS/ttao/scannet/posed_images/scene0294_00/00710.jpg",
      "transform_matrix": [
        [
          -0.919949,
          0.132385,
          -0.369009,
          3.794925
        ],
        [
          0.392032,
          0.31594,
          -0.863998,
          2.721316
        ],
        [
          0.002204,
          -0.939498,
          -0.342548,
          1.420263
        ],
        [
          0.0,
          0.0,
          0.0,
          1.0
        ]
      ]
    },
    {
      "file_path": "/media/NFS/ttao/scannet/posed_images/scene0294_00/00723.jpg",
      "transform_matrix": [
        [
          -0.851944,
          0.149429,
          -0.501859,
          3.847675
        ],
        [
          0.523609,
          0.233886,
          -0.819226,
          2.758532
        ],
        [
          -0.005038,
          -0.960713,
          -0.277499,
          1.432644
        ],
        [
          0.0,
          0.0,
          0.0,
          1.0
        ]
      ]
    },
    {
      "file_path": "/media/NFS/ttao/scannet/posed_images/scene0294_00/00736.jpg",
      "transform_matrix": [
        [
          -0.826257,
          0.114997,
          -0.551431,
          3.79806
        ],
        [
          0.563194,
          0.150239,
          -0.812552,
          2.756764
        ],
        [
          -0.010595,
          -0.981939,
          -0.188902,
          1.483677
        ],
        [
          0.0,
          0.0,
          0.0,
          1.0
        ]
      ]
    },
    {
      "file_path": "/media/NFS/ttao/scannet/posed_images/scene0294_00/00748.jpg",
      "transform_matrix": [
        [
          -0.808367,
          0.066688,
          -0.584889,
          3.697308
        ],
        [
          0.588672,
          0.086782,
          -0.803701,
          2.753096
        ],
        [
          -0.002839,
          -0.993993,
          -0.109409,
          1.468807
        ],
        [
          0.0,
          0.0,
          0.0,
          1.0
        ]
      ]
    },
    {
      "file_path": "/media/NFS/ttao/scannet/posed_images/scene0294_00/00755.jpg",
      "transform_matrix": [
        [
          -0.796256,
          0.049961,
          -0.602893,
          3.648716
        ],
        [
          0.604795,
          0.042495,
          -0.795246,
          2.739205
        ],
        [
          -0.014111,
          -0.997847,
          -0.064054,
          1.545772
        ],
        [
          0.0,
          0.0,
          0.0,
          1.0
        ]
      ]
    },
    {
      "file_path": "/media/NFS/ttao/scannet/posed_images/scene0294_00/00771.jpg",
      "transform_matrix": [
        [
          -0.734122,
          0.075523,
          -0.674805,
          3.62649
        ],
        [
          0.678459,
          0.041263,
          -0.733479,
          2.722737
        ],
        [
          -0.02755,
          -0.99629,
          -0.081532,
          1.587796
        ],
        [
          0.0,
          0.0,
          0.0,
          1.0
        ]
      ]
    },
    {
      "file_path": "/media/NFS/ttao/scannet/posed_images/scene0294_00/00774.jpg",
      "transform_matrix": [
        [
          -0.726599,
          0.108901,
          -0.678376,
          3.618069
        ],
        [
          0.686335,
          0.069639,
          -0.723944,
          2.739622
        ],
        [
          -0.031597,
          -0.99161,
          -0.125342,
          1.552923
        ],
        [
          0.0,
          0.0,
          0.0,
          1.0
        ]
      ]
    },
    {
      "file_path": "/media/NFS/ttao/scannet/posed_images/scene0294_00/00790.jpg",
      "transform_matrix": [
        [
          -0.676337,
          0.238905,
          -0.696773,
          3.723876
        ],
        [
          0.736507,
          0.20491,
          -0.644647,
          2.722171
        ],
        [
          -0.011233,
          -0.949177,
          -0.314543,
          1.429909
        ],
        [
          0.0,
          0.0,
          0.0,
          1.0
        ]
      ]
    },
    {
      "file_path": "/media/NFS/ttao/scannet/posed_images/scene0294_00/00802.jpg",
      "transform_matrix": [
        [
          -0.623252,
          0.212941,
          -0.752471,
          3.695539
        ],
        [
          0.781363,
          0.130096,
          -0.610367,
          2.818214
        ],
        [
          -0.032078,
          -0.968365,
          -0.247467,
          1.497582
        ],
        [
          0.0,
          0.0,
          0.0,
          1.0
        ]
      ]
    },
    {
      "file_path": "/media/NFS/ttao/scannet/posed_images/scene0294_00/00809.jpg",
      "transform_matrix": [
        [
          -0.604334,
          0.187464,
          -0.774363,
          3.650449
        ],
        [
          0.7961,
          0.1034,
          -0.596266,
          2.857189
        ],
        [
          -0.031709,
          -0.976814,
          -0.211728,
          1.536752
        ],
        [
          0.0,
          0.0,
          0.0,
          1.0
        ]
      ]
    },
    {
      "file_path": "/media/NFS/ttao/scannet/posed_images/scene0294_00/00821.jpg",
      "transform_matrix": [
        [
          -0.51681,
          0.109846,
          -0.849024,
          3.627079
        ],
        [
          0.8561,
          0.066259,
          -0.512545,
          2.898545
        ],
        [
