{
  "frames": [
    {
      "file_path": "/media/NFS/ttao/scannet/posed_images/scene0527_00/00000.jpg",
      "transform_matrix": [
        [
          -0.209752,
          0.452632,
          -0.866676,
          3.267175
        ],
        [
          0.977577,
          0.080204,
          -0.194705,
          0.672479
        ],
        [
          -0.018619,
          -0.888083,
          -0.459306,
          1.368367
        ],
        [
          0.0,
          0.0,
          0.0,
          1.0
        ]
      ]
    },
    {
      "file_path": "/media/NFS/ttao/scannet/posed_images/scene0527_00/00002.jpg",
      "transform_matrix": [
        [
          -0.16992,
          0.46626,
          -0.868176,
          3.2783
        ],
        [
          0.985412,
          0.071925,
          -0.154238,
          0.679009
        ],
        [
          -0.009472,
          -0.881719,
          -0.47168,
          1.370924
        ],
        [
          0.0,
          0.0,
          0.0,
          1.0
        ]
      ]
    },
    {
      "file_path": "/media/NFS/ttao/scannet/posed_images/scene0527_00/00004.jpg",
      "transform_matrix": [
        [
          -0.14458,
          0.482837,
          -0.863693,
          3.286386
        ],
        [
          0.989408,
          0.059095,
          -0.132588,
          0.684955
        ],
        [
          -0.012978,
          -0.873714,
          -0.486266,
          1.370727
        ],
        [
          0.0,
          0.0,
          0.0,
          1.0
        ]
      ]
    },
    {
      "file_path": "/media/NFS/ttao/scannet/posed_images/scene0527_00/00007.jpg",
      "transform_matrix": [
        [
          -0.124902,
          0.501695,
          -0.85598,
          3.305538
        ],
        [
          0.991731,
          0.037503,
          -0.122729,
          0.697131
        ],
        [
          -0.029471,
          -0.864231,
          -0.502231,
          1.367744
        ],
        [
          0.0,
          0.0,
          0.0,
          1.0
        ]
      ]
    },
    {
      "file_path": "/media/NFS/ttao/scannet/posed_images/scene0527_00/00008.jpg",
      "transform_matrix": [
        [
          -0.122401,
          0.499884,
          -0.857399,
          3.314219
        ],
        [
          0.991829,
          0.030305,
          -0.123924,
          0.701026
        ],
        [
          -0.035964,
          -0.865562,
          -0.499509,
          1.366668
        ],
        [
          0.0,
          0.0,
          0.0,
          1.0
        ]
      ]
    },
    {
      "file_path": "/media/NFS/ttao/scannet/posed_images/scene0527_00/00012.jpg",
      "transform_matrix": [
        [
          -0.122183,
          0.443953,
          -0.887681,
          3.35912
        ],
        [
          0.991081,
          0.006636,
          -0.133097,
          0.719787
        ],
        [
          -0.053199,
          -0.896026,
          -0.440804,
          1.3613
        ],
        [
          0.0,
          0.0,
          0.0,
          1.0
        ]
      ]
    },
    {
      "file_path": "/media/NFS/ttao/scannet/posed_images/scene0527_00/00014.jpg",
      "transform_matrix": [
        [
          -0.120057,
          0.425374,
          -0.897019,
          3.374171
        ],
        [
          0.991031,
          -0.002069,
          -0.13362,
          0.744767
        ],
        [
          -0.058694,
          -0.905015,
          -0.42131,
          1.3703
        ],
        [
          0.0,
          0.0,
          0.0,
          1.0
        ]
      ]
    },
    {
      "file_path": "/media/NFS/ttao/scannet/posed_images/scene0527_00/00015.jpg",
      "transform_matrix": [
        [
          -0.116206,
          0.422989,
          -0.898652,
          3.377636
        ],
        [
          0.991405,
          -0.005352,
          -0.130719,
          0.753357
        ],
        [
          -0.060103,
          -0.906119,
          -0.418731,
          1.373554
        ],
        [
          0.0,
          0.0,
          0.0,
          1.0
        ]
      ]
    },
    {
      "file_path": "/media/NFS/ttao/scannet/posed_images/scene0527_00/00018.jpg",
      "transform_matrix": [
        [
          -0.099353,
          0.420445,
          -0.901862,
          3.395158
        ],
        [
          0.993583,
          -0.007316,
          -0.112868,
          0.762888
        ],
        [
          -0.054053,
          -0.907289,
          -0.41702,
          1.383046
        ],
        [
          0.0,
          0.0,
          0.0,
          1.0
        ]
      ]
    },
    {
      "file_path": "/media/NFS/ttao/scannet/posed_images/scene0527_00/00020.jpg",
      "transform_matrix": [
        [
          -0.087001,
          0.417618,
          -0.904448,
          3.405867
        ],
        [
          0.995055,
          -0.007253,
          -0.099065,
          0.769427
        ],
        [
          -0.047931,
          -0.908594,
          -0.414922,
          1.381719
        ],
        [
          0.0,
          0.0,
          0.0,
          1.0
        ]
      ]
    },
    {
      "file_path": "/media/NFS/ttao/scannet/posed_images/scene0527_00/00022.jpg",
      "transform_matrix": [
        [
          -0.060598,
          0.403628,
          -0.912914,
          3.412724
        ],
        [
          0.997314,
          -0.013216,
          -0.072043,
          0.766879
        ],
        [
          -0.041143,
          -0.914828,
          -0.401743,
          1.382752
        ],
        [
          0.0,
          0.0,
          0.0,
          1.0
        ]
      ]
    },
    {
      "file_path": "/media/NFS/ttao/scannet/posed_images/scene0527_00/00024.jpg",
      "transform_matrix": [
        [
          -0.035516,
          0.383725,
          -0.922764,
          3.416403
        ],
        [
          0.998786,
          -0.017912,
          -0.045891,
          0.763317
        ],
        [
          -0.034138,
          -0.923274,
          -0.382623,
          1.389129
        ],
        [
          0.0,
          0.0,
          0.0,
          1.0
        ]
      ]
    },
    {
      "file_path": "/media/NFS/ttao/scannet/posed_images/scene0527_00/00028.jpg",
      "transform_matrix": [
        [
          0.002521,
          0.368265,
          -0.929718,
          3.418416
        ],
        [
          0.999021,
          -0.041997,
          -0.013926,
          0.753533
        ],
        [
          -0.044174,
          -0.928772,
          -0.36801,
          1.407014
        ],
        [
          0.0,
          0.0,
          0.0,
          1.0
        ]
      ]
    },
    {
      "file_path": "/media/NFS/ttao/scannet/posed_images/scene0527_00/00029.jpg",
      "transform_matrix": [
        [
          0.007339,
          0.365072,
          -0.930951,
          3.418917
        ],
        [
          0.998904,
          -0.045714,
          -0.010052,
          0.748805
        ],
        [
          -0.046227,
          -0.929856,
          -0.365007,
          1.408253
        ],
        [
          0.0,
          0.0,
          0.0,
          1.0
        ]
      ]
    },
    {
      "file_path": "/media/NFS/ttao/scannet/posed_images/scene0527_00/00032.jpg",
      "transform_matrix": [
        [
          0.022234,
          0.331829,
          -0.943077,
          3.423626
        ],
        [
          0.998603,
          -0.052608,
          0.005033,
          0.741944
        ],
        [
          -0.047943,
          -0.941872,
          -0.332535,
          1.413525
        ],
        [
          0.0,
          0.0,
          0.0,
          1.0
        ]
      ]
    },
    {
      "file_path": "/media/NFS/ttao/scannet/posed_images/scene0527_00/00033.jpg",
      "transform_matrix": [
        [
          0.032208,
          0.324705,
          -0.945267,
          3.422882
        ],
        [
          0.998177,
          -0.058748,
          0.013831,
          0.739115
        ],
        [
          -0.051042,
          -0.943989,
          -0.326005,
          1.418223
        ],
        [
          0.0,
          0.0,
          0.0,
          1.0
        ]
      ]
    },
    {
      "file_path": "/media/NFS/ttao/scannet/posed_images/scene0527_00/00035.jpg",
      "transform_matrix": [
        [
          0.055706,
          0.308556,
          -0.949573,
          3.422682
        ],
        [
          0.996796,
          -0.071861,
          0.035126,
          0.732882
        ],
        [
          -0.057399,
          -0.948488,
          -0.311571,
          1.425882
        ],
        [
          0.0,
          0.0,
          0.0,
          1.0
        ]
      ]
    },
    {
      "file_path": "/media/NFS/ttao/scannet/posed_images/scene0527_00/00039.jpg",
      "transform_matrix": [
        [
          0.072931,
          0.278924,
          -0.95754,
          3.422603
        ],
        [
          0.995407,
          -0.080064,
          0.052493,
          0.724476
        ],
        [
          -0.062023,
          -0.95697,
          -0.283482,
          1.445976
        ],
        [
          0.0,
          0.0,
          0.0,
          1.0
        ]
      ]
    },
    {
      "file_path": "/media/NFS/ttao/scannet/posed_images/scene0527_00/00040.jpg",
      "transform_matrix": [
        [
          0.074226,
          0.259018,
          -0.963016,
          3.431236
        ],
        [
          0.99535,
          -0.078696,
          0.055552,
          0.722852
        ],
        [
          -0.061397,
          -0.962661,
          -0.263655,
          1.435016
        ],
        [
          0.0,
          0.0,
          0.0,
          1.0
        ]
      ]
    },
    {
      "file_path": "/media/NFS/ttao/scannet/posed_images/scene0527_00/00043.jpg",
      "transform_matrix": [
        [
          0.087005,
          0.228856,
          -0.969564,
          3.433514
        ],
        [
          0.994313,
          -0.079951,
          0.070354,
          0.716786
        ],
        [
          -0.061417,
          -0.970171,
          -0.234511,
          1.449939
        ],
        [
          0.0,
          0.0,
          0.0,
          1.0
        ]
      ]
    },
    {
      "file_path": "/media/NFS/ttao/scannet/posed_images/scene0527_00/00046.jpg",
      "transform_matrix": [
        [
          0.101441,
          0.206005,
          -0.973279,
          3.436764
        ],
        [
          0.993285,
          -0.075686,
          0.087506,
          0.712695
        ],
        [
          -0.055637,
          -0.975619,
          -0.2123,
          1.457882
        ],
        [
          0.0,
          0.0,
          0.0,
          1.0
        ]
      ]
    },
    {
      "file_path": "/media/NFS/ttao/scannet/posed_images/scene0527_00/00048.jpg",
      "transform_matrix": [
        [
          0.117024,
          0.194931,
          -0.973811,
          3.438416
        ],
        [
          0.991915,
          -0.071417,
          0.104904,
          0.71093
        ],
        [
          -0.049098,
          -0.978214,
          -0.201713,
          1.460597
        ],
        [
          0.0,
          0.0,
          0.0,
          1.0
        ]
      ]
    },
    {
      "file_path": "/media/NFS/ttao/scannet/posed_images/scene0527_00/00050.jpg",
      "transform_matrix": [
        [
          0.136911,
          0.187231,
          -0.972728,
          3.440982
        ],
        [
          0.989574,
          -0.070175,
          0.125775,
          0.711651
        ],
        [
          -0.044712,
          -0.979806,
          -0.194887,
          1.458138
        ],
        [
          0.0,
          0.0,
          0.0,
          1.0
        ]
      ]
    },
    {
      "file_path": "/media/NFS/ttao/scannet/posed_images/scene0527_00/00051.jpg",
      "transform_matrix": [
        [
          0.149345,
          0.185438,
          -0.971241,
          3.440727
        ],
        [
          0.987843,
          -0.070854,
          0.13837,
          0.708536
        ],
        [
          -0.043157,
          -0.980098,
          -0.193765,
          1.459168
        ],
        [
          0.0,
          0.0,
          0.0,
          1.0
        ]
      ]
    },
    {
      "file_path": "/media/NFS/ttao/scannet/posed_images/scene0527_00/00053.jpg",
      "transform_matrix": [
        [
          0.171212,
          0.182321,
          -0.968217,
          3.439739
        ],
        [
          0.984308,
          -0.074265,
          0.160073,
          0.705061
        ],
        [
          -0.04272,
          -0.98043,
          -0.192175,
          1.463382
        ],
        [
          0.0,
          0.0,
          0.0,
          1.0
        ]
      ]
    },
    {
      "file_path": "/media/NFS/ttao/scannet/posed_images/scene0527_00/00057.jpg",
      "transform_matrix": [
        [
          0.215546,
          0.164606,
          -0.96252,
          3.443174
        ],
        [
          0.97554,
          -0.079855,
          0.204806,
          0.705504
        ],
        [
          -0.04315,
          -0.983122,
          -0.177792,
          1.465006
        ],
        [
          0.0,
          0.0,
          0.0,
          1.0
        ]
      ]
    },
    {
      "file_path": "/media/NFS/ttao/scannet/posed_images/scene0527_00/00059.jpg",
      "transform_matrix": [
        [
          0.24087,
          0.162177,
          -0.956912,
          3.443333
        ],
        [
          0.969608,
          -0.083816,
          0.229861,
          0.702579
        ],
        [
          -0.042926,
          -0.983196,
          -0.177437,
          1.464794
        ],
        [
          0.0,
          0.0,
          0.0,
          1.0
        ]
      ]
    },
    {
      "file_path": "/media/NFS/ttao/scannet/posed_images/scene0527_00/00061.jpg",
      "transform_matrix": [
        [
          0.25915,
          0.159777,
          -0.952529,
          3.444629
        ],
        [
          0.964857,
          -0.087246,
          0.247869,
          0.710841
        ],
        [
          -0.0435,
          -0.98329,
          -0.176772,
          1.461989
        ],
        [
          0.0,
          0.0,
          0.0,
          1.0
        ]
      ]
    },
    {
      "file_path": "/media/NFS/ttao/scannet/posed_images/scene0527_00/00063.jpg",
      "transform_matrix": [
        [
          0.282131,
          0.157051,
          -0.946434,
          3.444084
        ],
        [
          0.958305,
          -0.092731,
          0.270282,
          0.709219
        ],
        [
          -0.045315,
          -0.983227,
          -0.176665,
          1.461162
        ],
        [
          0.0,
          0.0,
          0.0,
          1.0
        ]
      ]
    },
    {
      "file_path": "/media/NFS/ttao/scannet/posed_images/scene0527_00/00064.jpg",
      "transform_matrix": [
        [
          0.292894,
          0.155633,
          -0.943393,
          3.443546
        ],
        [
          0.954976,
          -0.096384,
          0.28059,
          0.708896
        ],
        [
          -0.047259,
          -0.983101,
          -0.176856,
          1.458173
        ],
        [
          0.0,
          0.0,
          0.0,
          1.0
        ]
      ]
    },
    {
      "file_path": "/media/NFS/ttao/scannet/posed_images/scene0527_00/00068.jpg",
      "transform_matrix": [
        [
          0.338505,
          0.161376,
          -0.927023,
          3.43853
        ],
        [
          0.939557,
          -0.111831,
          0.323614,
          0.705861
        ],
        [
          -0.051447,
          -0.980536,
          -0.189478,
          1.455619
        ],
        [
          0.0,
          0.0,
          0.0,
          1.0
        ]
      ]
    },
    {
      "file_path": "/media/NFS/ttao/scannet/posed_images/scene0527_00/00069.jpg",
      "transform_matrix": [
        [
          0.351206,
          0.161546,
          -0.922257,
          3.43706
        ],
        [
          0.934907,
          -0.114193,
          0.336021,
          0.704556
        ],
        [
          -0.051032,
          -0.980236,
          -0.191136,
          1.454898
        ],
        [
          0.0,
          0.0,
          0.0,
          1.0
        ]
      ]
    },
    {
      "file_path": "/media/NFS/ttao/scannet/posed_images/scene0527_00/00072.jpg",
      "transform_matrix": [
        [
          0.386224,
          0.162285,
          -0.908017,
          3.431834
        ],
        [
          0.921092,
          -0.120358,
          0.370275,
          0.706366
        ],
        [
          -0.049197,
          -0.979376,
          -0.195965,
          1.45413
        ],
        [
          0.0,
          0.0,
          0.0,
          1.0
        ]
      ]
    },
    {
      "file_path": "/media/NFS/ttao/scannet/posed_images/scene0527_00/00073.jpg",
      "transform_matrix": [
        [
          0.397172,
          0.161607,
          -0.903403,
          3.430015
        ],
        [
          0.91636,
          -0.12387,
          0.38071,
          0.705536
        ],
        [
          -0.05038,
          -0.97905,
          -0.197288,
          1.452015
        ],
        [
          0.0,
          0.0,
          0.0,
          1.0
        ]
      ]
    },
    {
      "file_path": "/media/NFS/ttao/scannet/posed_images/scene0527_00/00076.jpg",
      "transform_matrix": [
        [
          0.430301,
          0.168624,
          -0.886796,
          3.422526
        ],
        [
          0.900966,
          -0.140834,
          0.410397,
          0.701042
        ],
        [
          -0.055689,
          -0.975567,
          -0.212525,
          1.446616
        ],
        [
          0.0,
          0.0,
          0.0,
          1.0
        ]
      ]
    },
    {
      "file_path": "/media/NFS/ttao/scannet/posed_images/scene0527_00/00078.jpg",
      "transform_matrix": [
        [
          0.453836,
          0.17226,
          -0.874277,
          3.417159
        ],
        [
          0.88915,
          -0.152177,
          0.431573,
          0.699139
        ],
        [
          -0.058702,
          -0.973226,
          -0.222228,
          1.442065
        ],
        [
          0.0,
          0.0,
          0.0,
          1.0
        ]
      ]
    },
    {
      "file_path": "/media/NFS/ttao/scannet/posed_images/scene0527_00/00080.jpg",
      "transform_matrix": [
        [
          0.472736,
          0.178257,
          -0.862986,
          3.413605
        ],
        [
          0.878831,
          -0.167195,
          0.446881,
          0.710316
        ],
        [
          -0.064627,
          -0.969675,
          -0.235697,
          1.438208
        ],
        [
          0.0,
          0.0,
          0.0,
          1.0
        ]
      ]
    },
    {
      "file_path": "/media/NFS/ttao/scannet/posed_images/scene0527_00/00082.jpg",
      "transform_matrix": [
        [
          0.494838,
          0.181658,
          -0.849786,
          3.408354
        ],
        [
          0.8663,
          -0.179937,
          0.46599,
          0.712256
        ],
        [
          -0.068257,
          -0.966759,
          -0.24641,
          1.428919
        ],
        [
          0.0,
          0.0,
          0.0,
          1.0
        ]
      ]
    },
    {
      "file_path": "/media/NFS/ttao/scannet/posed_images/scene0527_00/00085.jpg",
      "transform_matrix": [
        [
          0.522091,
          0.197477,
          -0.829713,
          3.399365
        ],
        [
          0.85061,
          -0.19164,
          0.489629,
          0.719381
        ],
        [
          -0.062315,
          -0.961393,
          -0.26803,
          1.413723
        ],
        [
          0.0,
          0.0,
          0.0,
          1.0
        ]
      ]
    },
    {
      "file_path": "/media/NFS/ttao/scannet/posed_images/scene0527_00/00087.jpg",
      "transform_matrix": [
        [
          0.540639,
          0.207067,
          -0.815373,
          3.39237
        ],
        [
          0.839132,
          -0.201551,
          0.505208,
          0.728838
        ],
        [
          -0.059727,
          -0.95734,
          -0.282723,
          1.404243
        ],
        [
          0.0,
          0.0,
          0.0,
          1.0
        ]
      ]
    },
    {
      "file_path": "/media/NFS/ttao/scannet/posed_images/scene0527_00/00089.jpg",
      "transform_matrix": [
        [
          0.553852,
          0.21561,
          -0.804214,
          3.386325
        ],
        [
          0.830732,
          -0.208032,
          0.516341,
          0.738531
        ],
        [
          -0.055974,
          -0.954062,
          -0.294333,
          1.389255
        ],
        [
          0.0,
          0.0,
          0.0,
          1.0
        ]
      ]
    },
    {
      "file_path": "/media/NFS/ttao/scannet/posed_images/scene0527_00/00091.jpg",
      "transform_matrix": [
        [
          0.572312,
          0.242095,
          -0.783485,
          3.361291
        ],
        [
          0.818863,
          -0.219805,
          0.530235,
          0.738927
        ],
        [
          -0.043847,
          -0.945027,
          -0.324039,
          1.386184
        ],
        [
          0.0,
          0.0,
          0.0,
          1.0
        ]
      ]
    },
    {
      "file_path": "/media/NFS/ttao/scannet/posed_images/scene0527_00/00095.jpg",
      "transform_matrix": [
        [
          0.590097,
          0.262567,
          -0.763442,
          3.338338
        ],
        [
          0.805911,
          -0.247652,
          0.53775,
          0.774944
        ],
        [
          -0.047872,
          -0.932591,
          -0.357745,
          1.361706
        ],
        [
          0.0,
          0.0,
          0.0,
          1.0
        ]
      ]
    },
    {
      "file_path": "/media/NFS/ttao/scannet/posed_images/scene0527_00/00097.jpg",
      "transform_matrix": [
        [
          0.604191,
          0.248616,
          -0.757062,
          3.327133
        ],
        [
          0.794597,
          -0.259199,
          0.549027,
          0.794177
        ],
        [
          -0.059733,
          -0.933277,
          -0.354156,
          1.349648
        ],
        [
          0.0,
          0.0,
          0.0,
          1.0
        ]
      ]
    },
    {
      "file_path": "/media/NFS/ttao/scannet/posed_images/scene0527_00/00098.jpg",
      "transform_matrix": [
        [
          0.612019,
          0.242601,
          -0.752714,
          3.320486
        ],
        [
          0.788103,
          -0.266264,
          0.554976,
          0.803104
        ],
        [
          -0.065783,
          -0.932871,
          -0.354152,
          1.346299
        ],
        [
          0.0,
          0.0,
          0.0,
          1.0
        ]
      ]
    },
    {
      "file_path": "/media/NFS/ttao/scannet/posed_images/scene0527_00/00100.jpg",
      "transform_matrix": [
        [
          0.627103,
          0.228784,
          -0.74458,
          3.304773
        ],
        [
          0.775104,
          -0.277986,
          0.567395,
          0.826212
        ],
        [
          -0.077172,
          -0.932943,
          -0.351657,
          1.346595
        ],
        [
          0.0,
          0.0,
          0.0,
          1.0
        ]
      ]
    },
    {
      "file_path": "/media/NFS/ttao/scannet/posed_images/scene0527_00/00103.jpg",
      "transform_matrix": [
        [
          0.638261,
          0.213321,
          -0.739674,
          3.28673
        ],
        [
          0.765408,
          -0.278578,
          0.580125,
          0.854489
        ],
        [
          -0.082304,
          -0.936423,
          -0.341083,
          1.342765
        ],
        [
          0.0,
          0.0,
          0.0,
          1.0
        ]
      ]
    },
    {
      "file_path": "/media/NFS/ttao/scannet/posed_images/scene0527_00/00105.jpg",
      "transform_matrix": [
        [
          0.64142,
          0.222321,
          -0.73427,
          3.273918
        ],
        [
          0.763275,
          -0.281486,
          0.58153,
          0.874463
        ],
        [
          -0.0774,
          -0.933456,
          -0.350243,
          1.347208
        ],
        [
          0.0,
          0.0,
          0.0,
          1.0
        ]
      ]
    },
    {
      "file_path": "/media/NFS/ttao/scannet/posed_images/scene0527_00/00107.jpg",
      "transform_matrix": [
        [
          0.647897,
          0.224735,
          -0.727821,
          3.260818
        ],
        [
          0.75867,
          -0.275907,
          0.590165,
          0.892797
        ],
        [
          -0.06818,
          -0.934543,
          -0.349259,
          1.35898
        ],
        [
          0.0,
          0.0,
          0.0,
          1.0
        ]
      ]
    },
    {
      "file_path": "/media/NFS/ttao/scannet/posed_images/scene0527_00/00111.jpg",
      "transform_matrix": [
        [
          0.665146,
          0.177303,
          -0.725358,
          3.248326
        ],
        [
          0.743509,
          -0.247146,
          0.62138,
          0.916842
        ],
        [
          -0.069096,
          -0.952619,
          -0.296215,
          1.3739
        ],
        [
          0.0,
          0.0,
          0.0,
          1.0
        ]
      ]
    },
    {
      "file_path": "/media/NFS/ttao/scannet/posed_images/scene0527_00/00113.jpg",
      "transform_matrix": [
        [
          0.673213,
          0.162056,
          -0.721472,
          3.242632
        ],
        [
          0.736134,
          -0.23916,
          0.633174,
          0.924789
        ],
        [
          -0.069938,
          -0.957361,
          -0.2803,
          1.385623
        ],
        [
          0.0,
          0.0,
          0.0,
          1.0
        ]
      ]
    },
    {
      "file_path": "/media/NFS/ttao/scannet/posed_images/scene0527_00/00115.jpg",
      "transform_matrix": [
        [
          0.684626,
          0.138779,
          -0.71556,
          3.237554
        ],
        [
          0.725401,
          -0.22572,
          0.650264,
          0.929062
        ],
        [
          -0.071273,
          -0.964257,
          -0.255204,
          1.395082
        ],
        [
          0.0,
          0.0,
          0.0,
          1.0
        ]
      ]
    },
    {
      "file_path": "/media/NFS/ttao/scannet/posed_images/scene0527_00/00117.jpg",
      "transform_matrix": [
        [
          0.696949,
          0.121437,
          -0.706764,
          3.233146
        ],
        [
          0.713092,
          -0.221683,
          0.665099,
          0.93439
        ],
        [
          -0.07591,
          -0.967528,
          -0.241097,
          1.397013
        ],
        [
          0.0,
          0.0,
          0.0,
          1.0
        ]
      ]
    },
    {
      "file_path": "/media/NFS/ttao/scannet/posed_images/scene0527_00/00118.jpg",
      "transform_matrix": [
        [
          0.704155,
          0.118626,
          -0.700067,
          3.22876
        ],
        [
          0.705991,
          -0.222198,
          0.672462,
          0.935039
        ],
        [
          -0.075782,
          -0.967758,
          -0.24021,
          1.397675
        ],
        [
          0.0,
          0.0,
          0.0,
          1.0
        ]
      ]
    },
    {
      "file_path": "/media/NFS/ttao/scannet/posed_images/scene0527_00/00120.jpg",
      "transform_matrix": [
        [
          0.718015,
          0.118677,
          -0.685836,
          3.217653
        ],
        [
          0.692623,
          -0.219175,
          0.687194,
          0.938221
        ],
        [
          -0.068764,
          -0.968441,
          -0.239569,
          1.398969
        ],
        [
          0.0,
          0.0,
          0.0,
          1.0
        ]
      ]
    },
    {
      "file_path": "/media/NFS/ttao/scannet/posed_images/scene0527_00/00123.jpg",
      "transform_matrix": [
        [
          0.736416,
          0.106619,
          -0.668075,
          3.202055
        ],
        [
          0.673223,
          -0.213007,
          0.708096,
          0.936809
        ],
        [
          -0.066808,
          -0.971216,
          -0.22864,
          1.400319
        ],
        [
          0.0,
          0.0,
          0.0,
          1.0
        ]
      ]
    },
    {
      "file_path": "/media/NFS/ttao/scannet/posed_images/scene0527_00/00125.jpg",
      "transform_matrix": [
        [
          0.748184,
          0.094618,
          -0.65671,
          3.188555
        ],
        [
          0.659384,
          -0.215987,
          0.720112,
          0.935559
        ],
        [
          -0.073705,
          -0.971801,
          -0.223988,
          1.405597
        ],
        [
          0.0,
          0.0,
          0.0,
          1.0
        ]
      ]
    },
    {
      "file_path": "/media/NFS/ttao/scannet/posed_images/scene0527_00/00128.jpg",
      "transform_matrix": [
        [
          0.771802,
          0.071483,
          -0.631833,
          3.165602
        ],
        [
          0.63062,
          -0.213395,
          0.746178,
          0.928793
        ],
        [
          -0.081492,
          -0.974347,
          -0.209777,
          1.409093
        ],
        [
          0.0,
          0.0,
          0.0,
          1.0
        ]
      ]
    },
    {
      "file_path": "/media/NFS/ttao/scannet/posed_images/scene0527_00/00131.jpg",
      "transform_matrix": [
        [
          0.798423,
          0.062102,
          -0.598885,
          3.137246
        ],
        [
          0.594961,
          -0.234055,
          0.768921,
          0.926176
        ],
        [
          -0.09242,
          -0.970238,
          -0.223824,
          1.415717
        ],
        [
          0.0,
          0.0,
          0.0,
          1.0
        ]
      ]
    },
    {
      "file_path": "/media/NFS/ttao/scannet/posed_images/scene0527_00/00133.jpg",
      "transform_matrix": [
        [
          0.811571,
          0.04168,
          -0.582766,
          3.120049
        ],
        [
          0.574662,
          -0.236946,
          0.783339,
          0.921329
        ],
        [
          -0.105435,
          -0.970628,
          -0.216251,
          1.415832
        ],
        [
          0.0,
          0.0,
          0.0,
          1.0
        ]
      ]
    },
    {
      "file_path": "/media/NFS/ttao/scannet/posed_images/scene0527_00/00134.jpg",
      "transform_matrix": [
        [
          0.815995,
          0.034549,
          -0.577026,
          3.111782
        ],
        [
          0.567241,
          -0.240068,
          0.787785,
          0.918706
        ],
        [
          -0.111309,
          -0.970141,
          -0.215492,
          1.411958
        ],
        [
          0.0,
          0.0,
          0.0,
          1.0
        ]
      ]
    },
    {
      "file_path": "/media/NFS/ttao/scannet/posed_images/scene0527_00/00137.jpg",
      "transform_matrix": [
        [
          0.83252,
          0.041131,
          -0.552466,
          3.081819
        ],
        [
          0.541695,
          -0.269418,
          0.796229,
          0.913266
        ],
        [
          -0.116094,
          -0.962145,
          -0.246576,
          1.407609
        ],
        [
          0.0,
          0.0,
          0.0,
          1.0
        ]
      ]
    },
    {
      "file_path": "/media/NFS/ttao/scannet/posed_images/scene0527_00/00138.jpg",
      "transform_matrix": [
        [
          0.83917,
          0.043628,
          -0.542117,
          3.073114
        ],
        [
          0.531318,
          -0.27867,
          0.800027,
          0.913053
        ],
        [
          -0.116169,
          -0.959395,
          -0.257032,
          1.40637
        ],
        [
          0.0,
          0.0,
          0.0,
          1.0
        ]
      ]
    },
    {
      "file_path": "/media/NFS/ttao/scannet/posed_images/scene0527_00/00142.jpg",
      "transform_matrix": [
        [
          0.864359,
          0.033174,
          -0.501779,
          3.040214
        ],
        [
          0.484929,
          -0.319168,
          0.814233,
          0.90969
        ],
        [
          -0.133141,
          -0.947117,
          -0.291963,
          1.393521
        ],
        [
          0.0,
          0.0,
          0.0,
          1.0
        ]
      ]
    },
    {
      "file_path": "/media/NFS/ttao/scannet/posed_images/scene0527_00/00143.jpg",
      "transform_matrix": [
        [
          0.867767,
          0.028214,
          -0.496169,
          3.035049
        ],
        [
          0.476892,
          -0.328195,
          0.815391,
          0.908895
        ],
        [
          -0.139834,
          -0.944189,
          -0.298252,
          1.388343
        ],
        [
          0.0,
          0.0,
          0.0,
          1.0
        ]
      ]
    },
    {
      "file_path": "/media/NFS/ttao/scannet/posed_images/scene0527_00/00145.jpg",
      "transform_matrix": [
        [
          0.875358,
          0.02707,
          -0.482716,
          3.023708
        ],
        [
          0.460807,
          -0.348847,
          0.816065,
          0.910772
        ],
        [
          -0.146303,
          -0.936789,
          -0.31784,
          1.378469
        ],
        [
          0.0,
          0.0,
          0.0,
          1.0
        ]
      ]
    },
    {
      "file_path": "/media/NFS/ttao/scannet/posed_images/scene0527_00/00149.jpg",
      "transform_matrix": [
        [
          0.892825,
          0.055192,
          -0.44701,
          3.001764
        ],
        [
          0.431537,
          -0.389058,
          0.813885,
          0.923791
        ],
        [
          -0.128993,
          -0.919558,
          -0.371178,
          1.359675
        ],
        [
          0.0,
          0.0,
          0.0,
          1.0
        ]
      ]
    },
    {
      "file_path": "/media/NFS/ttao/scannet/posed_images/scene0527_00/00151.jpg",
      "transform_matrix": [
        [
          0.896676,
          0.056742,
          -0.439036,
          2.996337
        ],
        [
          0.423074,
          -0.401769,
          0.812151,
          0.938317
        ],
        [
          -0.130308,
          -0.913981,
          -0.384263,
          1.351523
        ],
        [
          0.0,
          0.0,
          0.0,
          1.0
        ]
      ]
    },
    {
      "file_path": "/media/NFS/ttao/scannet/posed_images/scene0527_00/00153.jpg",
      "transform_matrix": [
        [
          0.902612,
          0.054166,
          -0.427034,
          2.987199
        ],
        [
          0.411536,
          -0.399466,
          0.819185,
          0.948692
        ],
        [
          -0.126213,
          -0.915146,
          -0.382855,
          1.347433
        ],
        [
          0.0,
          0.0,
          0.0,
          1.0
        ]
      ]
    },
    {
      "file_path": "/media/NFS/ttao/scannet/posed_images/scene0527_00/00154.jpg",
      "transform_matrix": [
        [
          0.906309,
          0.055013,
          -0.41902,
          2.984987
        ],
        [
          0.404491,
          -0.400168,
          0.822346,
          0.955528
        ],
        [
          -0.122439,
          -0.914789,
          -0.384928,
          1.343195
        ],
        [
          0.0,
          0.0,
          0.0,
          1.0
        ]
      ]
    },
    {
      "file_path": "/media/NFS/ttao/scannet/posed_images/scene0527_00/00156.jpg",
      "transform_matrix": [
        [
          0.919171,
          0.069787,
          -0.387628,
          2.976974
        ],
        [
          0.380423,
          -0.412182,
          0.827879,
          0.973333
        ],
        [
          -0.101998,
          -0.908425,
          -0.405414,
          1.339248
        ],
        [
          0.0,
          0.0,
          0.0,
          1.0
        ]
      ]
    },
    {
      "file_path": "/media/NFS/ttao/scannet/posed_images/scene0527_00/00159.jpg",
      "transform_matrix": [
        [
          0.934526,
          0.050504,
          -0.352294,
          2.964359
        ],
        [
          0.337881,
          -0.436846,
          0.833668,
          0.993549
        ],
        [
          -0.111795,
          -0.898117,
          -0.425308,
          1.322173
        ],
        [
          0.0,
          0.0,
          0.0,
          1.0
        ]
      ]
    },
    {
      "file_path": "/media/NFS/ttao/scannet/posed_images/scene0527_00/00162.jpg",
      "transform_matrix": [
        [
          0.944178,
          0.033942,
          -0.327682,
          2.95698
        ],
        [
          0.304105,
          -0.472286,
          0.827325,
          1.017489
        ],
        [
          -0.126679,
          -0.880792,
          -0.456243,
          1.308434
        ],
        [
          0.0,
          0.0,
          0.0,
          1.0
        ]
      ]
    },
    {
      "file_path": "/media/NFS/ttao/scannet/posed_images/scene0527_00/00163.jpg",
      "transform_matrix": [
        [
          0.948565,
          0.030018,
          -0.315155,
          2.955958
        ],
        [
          0.290405,
          -0.478876,
          0.828458,
          1.025231
        ],
        [
          -0.126051,
          -0.877369,
          -0.462963,
          1.307036
        ],
        [
          0.0,
          0.0,
          0.0,
          1.0
        ]
      ]
    },
    {
      "file_path": "/media/NFS/ttao/scannet/posed_images/scene0527_00/00165.jpg",
      "transform_matrix": [
        [
          0.955787,
          0.005676,
          -0.294006,
          2.949302
        ],
        [
          0.259436,
          -0.486965,
          0.834001,
          1.030049
        ],
        [
          -0.138437,
          -0.873403,
          -0.466907,
          1.298224
        ],
        [
          0.0,
          0.0,
          0.0,
          1.0
        ]
      ]
    },
    {
      "file_path": "/media/NFS/ttao/scannet/posed_images/scene0527_00/00169.jpg",
      "transform_matrix": [
        [
          0.963209,
          0.004294,
          -0.26872,
          2.944566
        ],
        [
          0.230904,
          -0.524853,
          0.819276,
          1.043142
        ],
        [
          -0.13752,
          -0.851182,
          -0.506535,
          1.292456
        ],
        [
          0.0,
          0.0,
          0.0,
          1.0
        ]
      ]
    },
    {
      "file_path": "/media/NFS/ttao/scannet/posed_images/scene0527_00/00170.jpg",
      "transform_matrix": [
        [
          0.96427,
          0.002994,
          -0.264904,
          2.947922
        ],
        [
          0.227247,
          -0.523311,
          0.821282,
          1.048
        ],
        [
          -0.136168,
          -0.852136,
          -0.505294,
          1.288532
        ],
        [
          0.0,
          0.0,
          0.0,
          1.0
        ]
      ]
    },
    {
      "file_path": "/media/NFS/ttao/scannet/posed_images/scene0527_00/00172.jpg",
      "transform_matrix": [
        [
          0.970375,
          -0.010649,
          -0.241369,
          2.94305
        ],
        [
          0.200053,
          -0.52474,
          0.827422,
          1.04873
        ],
        [
          -0.135467,
          -0.851196,
          -0.507064,
          1.28805
