{
  "frames": [
    {
      "file_path": "/media/NFS/ttao/scannet/posed_images/scene0118_00/00001.jpg",
      "transform_matrix": [
        [
          0.989948,
          -0.105417,
          0.094292,
          6.681146
        ],
        [
          -0.137296,
          -0.556168,
          0.819651,
          2.493639
        ],
        [
          -0.033963,
          -0.824357,
          -0.565051,
          1.408598
        ],
        [
          0.0,
          0.0,
          0.0,
          1.0
        ]
      ]
    },
    {
      "file_path": "/media/NFS/ttao/scannet/posed_images/scene0118_00/00002.jpg",
      "transform_matrix": [
        [
          0.989755,
          -0.10674,
          0.094822,
          6.681521
        ],
        [
          -0.138471,
          -0.555821,
          0.819688,
          2.493315
        ],
        [
          -0.034789,
          -0.824421,
          -0.564907,
          1.407658
        ],
        [
          0.0,
          0.0,
          0.0,
          1.0
        ]
      ]
    },
    {
      "file_path": "/media/NFS/ttao/scannet/posed_images/scene0118_00/00004.jpg",
      "transform_matrix": [
        [
          0.989636,
          -0.107174,
          0.095574,
          6.683643
        ],
        [
          -0.139302,
          -0.554918,
          0.820159,
          2.494903
        ],
        [
          -0.034864,
          -0.824973,
          -0.564096,
          1.406773
        ],
        [
          0.0,
          0.0,
          0.0,
          1.0
        ]
      ]
    },
    {
      "file_path": "/media/NFS/ttao/scannet/posed_images/scene0118_00/00006.jpg",
      "transform_matrix": [
        [
          0.989586,
          -0.104611,
          0.098876,
          6.684494
        ],
        [
          -0.140535,
          -0.553525,
          0.82089,
          2.496254
        ],
        [
          -0.031144,
          -0.826237,
          -0.562462,
          1.405892
        ],
        [
          0.0,
          0.0,
          0.0,
          1.0
        ]
      ]
    },
    {
      "file_path": "/media/NFS/ttao/scannet/posed_images/scene0118_00/00009.jpg",
      "transform_matrix": [
        [
          0.989034,
          -0.10282,
          0.106019,
          6.684189
        ],
        [
          -0.145418,
          -0.552573,
          0.820681,
          2.499373
        ],
        [
          -0.025799,
          -0.827098,
          -0.561465,
          1.400959
        ],
        [
          0.0,
          0.0,
          0.0,
          1.0
        ]
      ]
    },
    {
      "file_path": "/media/NFS/ttao/scannet/posed_images/scene0118_00/00010.jpg",
      "transform_matrix": [
        [
          0.988513,
          -0.10381,
          0.109849,
          6.679948
        ],
        [
          -0.149057,
          -0.54933,
          0.822204,
          2.498701
        ],
        [
          -0.02501,
          -0.829132,
          -0.558493,
          1.394639
        ],
        [
          0.0,
          0.0,
          0.0,
          1.0
        ]
      ]
    },
    {
      "file_path": "/media/NFS/ttao/scannet/posed_images/scene0118_00/00013.jpg",
      "transform_matrix": [
        [
          0.988092,
          -0.105741,
          0.111778,
          6.680671
        ],
        [
          -0.151777,
          -0.550442,
          0.820961,
          2.501653
        ],
        [
          -0.025282,
          -0.82815,
          -0.559936,
          1.388543
        ],
        [
          0.0,
          0.0,
          0.0,
          1.0
        ]
      ]
    },
    {
      "file_path": "/media/NFS/ttao/scannet/posed_images/scene0118_00/00014.jpg",
      "transform_matrix": [
        [
          0.988051,
          -0.106007,
          0.111886,
          6.681646
        ],
        [
          -0.152028,
          -0.550805,
          0.820671,
          2.503774
        ],
        [
          -0.025369,
          -0.827874,
          -0.560339,
          1.387543
        ],
        [
          0.0,
          0.0,
          0.0,
          1.0
        ]
      ]
    },
    {
      "file_path": "/media/NFS/ttao/scannet/posed_images/scene0118_00/00017.jpg",
      "transform_matrix": [
        [
          0.988427,
          -0.105747,
          0.108767,
          6.690072
        ],
        [
          -0.149377,
          -0.553484,
          0.819355,
          2.505552
        ],
        [
          -0.026444,
          -0.826119,
          -0.562875,
          1.377239
        ],
        [
          0.0,
          0.0,
          0.0,
          1.0
        ]
      ]
    },
    {
      "file_path": "/media/NFS/ttao/scannet/posed_images/scene0118_00/00019.jpg",
      "transform_matrix": [
        [
          0.988239,
          -0.104801,
          0.111362,
          6.691041
        ],
        [
          -0.151042,
          -0.555152,
          0.81792,
          2.510156
        ],
        [
          -0.023896,
          -0.82512,
          -0.564452,
          1.372126
        ],
        [
          0.0,
          0.0,
          0.0,
          1.0
        ]
      ]
    },
    {
      "file_path": "/media/NFS/ttao/scannet/posed_images/scene0118_00/00020.jpg",
      "transform_matrix": [
        [
          0.987789,
          -0.105017,
          0.115085,
          6.688977
        ],
        [
          -0.154374,
          -0.56008,
          0.813928,
          2.517413
        ],
        [
          -0.02102,
          -0.821755,
          -0.569453,
          1.376036
        ],
        [
          0.0,
          0.0,
          0.0,
          1.0
        ]
      ]
    },
    {
      "file_path": "/media/NFS/ttao/scannet/posed_images/scene0118_00/00022.jpg",
      "transform_matrix": [
        [
          0.987632,
          -0.102241,
          0.118871,
          6.688944
        ],
        [
          -0.155791,
          -0.554401,
          0.817538,
          2.510452
        ],
        [
          -0.017684,
          -0.825946,
          -0.563472,
          1.354899
        ],
        [
          0.0,
          0.0,
          0.0,
          1.0
        ]
      ]
    },
    {
      "file_path": "/media/NFS/ttao/scannet/posed_images/scene0118_00/00025.jpg",
      "transform_matrix": [
        [
          0.988632,
          -0.09474,
          0.116754,
          6.688146
        ],
        [
          -0.150066,
          -0.573454,
          0.805376,
          2.518731
        ],
        [
          -0.009348,
          -0.813741,
          -0.581153,
          1.348029
        ],
        [
          0.0,
          0.0,
          0.0,
          1.0
        ]
      ]
    },
    {
      "file_path": "/media/NFS/ttao/scannet/posed_images/scene0118_00/00028.jpg",
      "transform_matrix": [
        [
          0.990665,
          -0.082582,
          0.108461,
          6.691012
        ],
        [
          -0.13631,
          -0.58963,
          0.796088,
          2.527514
        ],
        [
          -0.00179,
          -0.803441,
          -0.595382,
          1.345387
        ],
        [
          0.0,
          0.0,
          0.0,
          1.0
        ]
      ]
    },
    {
      "file_path": "/media/NFS/ttao/scannet/posed_images/scene0118_00/00030.jpg",
      "transform_matrix": [
        [
          0.991249,
          -0.072422,
          0.11037,
          6.687074
        ],
        [
          -0.131697,
          -0.600005,
          0.789082,
          2.538373
        ],
        [
          0.009076,
          -0.796711,
          -0.604292,
          1.351864
        ],
        [
          0.0,
          0.0,
          0.0,
          1.0
        ]
      ]
    },
    {
      "file_path": "/media/NFS/ttao/scannet/posed_images/scene0118_00/00032.jpg",
      "transform_matrix": [
        [
          0.992693,
          -0.060928,
          0.104155,
          6.689118
        ],
        [
          -0.119691,
          -0.606734,
          0.785842,
          2.542351
        ],
        [
          0.015314,
          -0.792566,
          -0.609594,
          1.34777
        ],
        [
          0.0,
          0.0,
          0.0,
          1.0
        ]
      ]
    },
    {
      "file_path": "/media/NFS/ttao/scannet/posed_images/scene0118_00/00033.jpg",
      "transform_matrix": [
        [
          0.993461,
          -0.054217,
          0.100478,
          6.68657
        ],
        [
          -0.112659,
          -0.608321,
          0.785655,
          2.54112
        ],
        [
          0.018527,
          -0.791837,
          -0.610451,
          1.343896
        ],
        [
          0.0,
          0.0,
          0.0,
          1.0
        ]
      ]
    },
    {
      "file_path": "/media/NFS/ttao/scannet/posed_images/scene0118_00/00035.jpg",
      "transform_matrix": [
        [
          0.995279,
          -0.042199,
          0.087407,
          6.684587
        ],
        [
          -0.094796,
          -0.615982,
          0.782036,
          2.544389
        ],
        [
          0.02084,
          -0.786629,
          -0.617074,
          1.338945
        ],
        [
          0.0,
          0.0,
          0.0,
          1.0
        ]
      ]
    },
    {
      "file_path": "/media/NFS/ttao/scannet/posed_images/scene0118_00/00037.jpg",
      "transform_matrix": [
        [
          0.998203,
          -0.021503,
          0.055928,
          6.67387
        ],
        [
          -0.056994,
          -0.628812,
          0.775466,
          2.549554
        ],
        [
          0.018494,
          -0.77726,
          -0.628908,
          1.334403
        ],
        [
          0.0,
          0.0,
          0.0,
          1.0
        ]
      ]
    },
    {
      "file_path": "/media/NFS/ttao/scannet/posed_images/scene0118_00/00039.jpg",
      "transform_matrix": [
        [
          0.99955,
          -0.002518,
          0.029905,
          6.658922
        ],
        [
          -0.024744,
          -0.633024,
          0.773737,
          2.552585
        ],
        [
          0.016983,
          -0.774129,
          -0.632801,
          1.332857
        ],
        [
          0.0,
          0.0,
          0.0,
          1.0
        ]
      ]
    },
    {
      "file_path": "/media/NFS/ttao/scannet/posed_images/scene0118_00/00042.jpg",
      "transform_matrix": [
        [
          0.998896,
          0.038037,
          -0.027589,
          6.662021
        ],
        [
          0.045503,
          -0.636518,
          0.769919,
          2.561289
        ],
        [
          0.011725,
          -0.770323,
          -0.637546,
          1.34125
        ],
        [
          0.0,
          0.0,
          0.0,
          1.0
        ]
      ]
    },
    {
      "file_path": "/media/NFS/ttao/scannet/posed_images/scene0118_00/00044.jpg",
      "transform_matrix": [
        [
          0.995458,
          0.067622,
          -0.06702,
          6.65445
        ],
        [
          0.094692,
          -0.630022,
          0.770783,
          2.563707
        ],
        [
          0.009898,
          -0.773628,
          -0.633563,
          1.34238
        ],
        [
          0.0,
          0.0,
          0.0,
          1.0
        ]
      ]
    },
    {
      "file_path": "/media/NFS/ttao/scannet/posed_images/scene0118_00/00045.jpg",
      "transform_matrix": [
        [
          0.992961,
          0.082227,
          -0.085248,
          6.650182
        ],
        [
          0.118019,
          -0.626145,
          0.770723,
          2.564409
        ],
        [
          0.009997,
          -0.775359,
          -0.631442,
          1.34391
        ],
        [
          0.0,
          0.0,
          0.0,
          1.0
        ]
      ]
    },
    {
      "file_path": "/media/NFS/ttao/scannet/posed_images/scene0118_00/00047.jpg",
      "transform_matrix": [
        [
          0.986799,
          0.10966,
          -0.119175,
          6.646005
        ],
        [
          0.161551,
          -0.614845,
          0.771924,
          2.566904
        ],
        [
          0.011375,
          -0.780986,
          -0.624444,
          1.346994
        ],
        [
          0.0,
          0.0,
          0.0,
          1.0
        ]
      ]
    },
    {
      "file_path": "/media/NFS/ttao/scannet/posed_images/scene0118_00/00051.jpg",
      "transform_matrix": [
        [
          0.973367,
          0.147957,
          -0.175118,
          6.631007
        ],
        [
          0.228984,
          -0.590332,
          0.773999,
          2.562734
        ],
        [
          0.01114,
          -0.793484,
          -0.608489,
          1.34571
        ],
        [
          0.0,
          0.0,
          0.0,
          1.0
        ]
      ]
    },
    {
      "file_path": "/media/NFS/ttao/scannet/posed_images/scene0118_00/00052.jpg",
      "transform_matrix": [
        [
          0.969282,
          0.156908,
          -0.189402,
          6.631084
        ],
        [
          0.245761,
          -0.587462,
          0.771031,
          2.56324
        ],
        [
          0.009714,
          -0.793894,
          -0.607978,
          1.345914
        ],
        [
          0.0,
          0.0,
          0.0,
          1.0
        ]
      ]
    },
    {
      "file_path": "/media/NFS/ttao/scannet/posed_images/scene0118_00/00054.jpg",
      "transform_matrix": [
        [
          0.960854,
          0.175804,
          -0.214133,
          6.626496
        ],
        [
          0.276902,
          -0.583577,
          0.763389,
          2.567772
        ],
        [
          0.009244,
          -0.792799,
          -0.609413,
          1.34996
        ],
        [
          0.0,
          0.0,
          0.0,
          1.0
        ]
      ]
    },
    {
      "file_path": "/media/NFS/ttao/scannet/posed_images/scene0118_00/00056.jpg",
      "transform_matrix": [
        [
          0.951426,
          0.19207,
          -0.240618,
          6.625843
        ],
        [
          0.30781,
          -0.577139,
          0.756415,
          2.5676
        ],
        [
          0.006415,
          -0.793738,
          -0.608226,
          1.348863
        ],
        [
          0.0,
          0.0,
          0.0,
          1.0
        ]
      ]
    },
    {
      "file_path": "/media/NFS/ttao/scannet/posed_images/scene0118_00/00059.jpg",
      "transform_matrix": [
        [
          0.928809,
          0.224374,
          -0.294908,
          6.618456
        ],
        [
          0.370558,
          -0.564541,
          0.73755,
          2.580331
        ],
        [
          -0.001001,
          -0.794324,
          -0.607494,
          1.350148
        ],
        [
          0.0,
          0.0,
          0.0,
          1.0
        ]
      ]
    },
    {
      "file_path": "/media/NFS/ttao/scannet/posed_images/scene0118_00/00061.jpg",
      "transform_matrix": [
        [
          0.916713,
          0.234594,
          -0.323422,
          6.623189
        ],
        [
          0.399421,
          -0.55828,
          0.727177,
          2.58988
        ],
        [
          -0.009969,
          -0.795794,
          -0.605485,
          1.351102
        ],
        [
          0.0,
          0.0,
          0.0,
          1.0
        ]
      ]
    },
    {
      "file_path": "/media/NFS/ttao/scannet/posed_images/scene0118_00/00062.jpg",
      "transform_matrix": [
        [
          0.912094,
          0.238044,
          -0.333796,
          6.618816
        ],
        [
          0.409751,
          -0.556591,
          0.72271,
          2.593139
        ],
        [
          -0.013751,
          -0.795953,
          -0.605202,
          1.347068
        ],
        [
          0.0,
          0.0,
          0.0,
          1.0
        ]
      ]
    },
    {
      "file_path": "/media/NFS/ttao/scannet/posed_images/scene0118_00/00065.jpg",
      "transform_matrix": [
        [
          0.895527,
          0.257011,
          -0.363286,
          6.608076
        ],
        [
          0.444586,
          -0.552225,
          0.70526,
          2.619163
        ],
        [
          -0.019356,
          -0.793091,
          -0.608796,
          1.348085
        ],
        [
          0.0,
          0.0,
          0.0,
          1.0
        ]
      ]
    },
    {
      "file_path": "/media/NFS/ttao/scannet/posed_images/scene0118_00/00066.jpg",
      "transform_matrix": [
        [
          0.892132,
          0.262022,
          -0.368029,
          6.602544
        ],
        [
          0.451401,
          -0.550145,
          0.702551,
          2.627363
        ],
        [
          -0.018385,
          -0.792896,
          -0.609079,
          1.347053
        ],
        [
          0.0,
          0.0,
          0.0,
          1.0
        ]
      ]
    },
    {
      "file_path": "/media/NFS/ttao/scannet/posed_images/scene0118_00/00068.jpg",
      "transform_matrix": [
        [
          0.886536,
          0.27384,
          -0.372915,
          6.586598
        ],
        [
          0.462575,
          -0.540054,
          0.703112,
          2.646347
        ],
        [
          -0.008854,
          -0.795835,
          -0.605449,
          1.348481
        ],
        [
          0.0,
          0.0,
          0.0,
          1.0
        ]
      ]
    },
    {
      "file_path": "/media/NFS/ttao/scannet/posed_images/scene0118_00/00070.jpg",
      "transform_matrix": [
        [
          0.878174,
          0.283962,
          -0.384936,
          6.582094
        ],
        [
          0.478319,
          -0.529004,
          0.700975,
          2.670863
        ],
        [
          -0.004582,
          -0.7997,
          -0.600382,
          1.347784
        ],
        [
          0.0,
          0.0,
          0.0,
          1.0
        ]
      ]
    },
    {
      "file_path": "/media/NFS/ttao/scannet/posed_images/scene0118_00/00073.jpg",
      "transform_matrix": [
        [
          0.861341,
          0.305174,
          -0.406155,
          6.542935
        ],
        [
          0.508023,
          -0.521141,
          0.685803,
          2.684631
        ],
        [
          -0.002375,
          -0.797045,
          -0.603915,
          1.348901
        ],
        [
          0.0,
          0.0,
          0.0,
          1.0
        ]
      ]
    },
    {
      "file_path": "/media/NFS/ttao/scannet/posed_images/scene0118_00/00075.jpg",
      "transform_matrix": [
        [
          0.839798,
          0.329914,
          -0.431156,
          6.529625
        ],
        [
          0.542863,
          -0.501245,
          0.673835,
          2.7005
        ],
        [
          0.006193,
          -0.799944,
          -0.600043,
          1.349998
        ],
        [
          0.0,
          0.0,
          0.0,
          1.0
        ]
      ]
    },
    {
      "file_path": "/media/NFS/ttao/scannet/posed_images/scene0118_00/00076.jpg",
      "transform_matrix": [
        [
          0.831312,
          0.339643,
          -0.439958,
          6.52344
        ],
        [
          0.555698,
          -0.492303,
          0.669954,
          2.707634
        ],
        [
          0.010953,
          -0.801424,
          -0.597996,
          1.350223
        ],
        [
          0.0,
          0.0,
          0.0,
          1.0
        ]
      ]
    },
    {
      "file_path": "/media/NFS/ttao/scannet/posed_images/scene0118_00/00079.jpg",
      "transform_matrix": [
        [
          0.804934,
          0.357801,
          -0.473349,
          6.503176
        ],
        [
          0.593346,
          -0.47913,
          0.646819,
          2.728752
        ],
        [
          0.004637,
          -0.801506,
          -0.597968,
          1.352551
        ],
        [
          0.0,
          0.0,
          0.0,
          1.0
        ]
      ]
    },
    {
      "file_path": "/media/NFS/ttao/scannet/posed_images/scene0118_00/00081.jpg",
      "transform_matrix": [
        [
          0.779999,
          0.3681,
          -0.506067,
          6.509248
        ],
        [
          0.625766,
          -0.464326,
          0.626752,
          2.748865
        ],
        [
          -0.004273,
          -0.805545,
          -0.592519,
          1.356855
        ],
        [
          0.0,
          0.0,
          0.0,
          1.0
        ]
      ]
    },
    {
      "file_path": "/media/NFS/ttao/scannet/posed_images/scene0118_00/00083.jpg",
      "transform_matrix": [
        [
          0.758802,
          0.382635,
          -0.527076,
          6.504617
        ],
        [
          0.65132,
          -0.446691,
          0.613391,
          2.76576
        ],
        [
          -0.000736,
          -0.808738,
          -0.588169,
          1.360294
        ],
        [
          0.0,
          0.0,
          0.0,
          1.0
        ]
      ]
    },
    {
      "file_path": "/media/NFS/ttao/scannet/posed_images/scene0118_00/00086.jpg",
      "transform_matrix": [
        [
          0.721059,
          0.399005,
          -0.566453,
          6.496827
        ],
        [
          0.69285,
          -0.408492,
          0.594216,
          2.789309
        ],
        [
          0.005703,
          -0.820932,
          -0.570998,
          1.367676
        ],
        [
          0.0,
          0.0,
          0.0,
          1.0
        ]
      ]
    },
    {
      "file_path": "/media/NFS/ttao/scannet/posed_images/scene0118_00/00088.jpg",
      "transform_matrix": [
        [
          0.691515,
          0.410495,
          -0.594391,
          6.501763
        ],
        [
          0.722313,
          -0.383353,
          0.575591,
          2.805214
        ],
        [
          0.008415,
          -0.827366,
          -0.5616,
          1.368762
        ],
        [
          0.0,
          0.0,
          0.0,
          1.0
        ]
      ]
    },
    {
      "file_path": "/media/NFS/ttao/scannet/posed_images/scene0118_00/00090.jpg",
      "transform_matrix": [
        [
          0.657691,
          0.424928,
          -0.621996,
          6.510493
        ],
        [
          0.753259,
          -0.363739,
          0.547992,
          2.828643
        ],
        [
          0.006613,
          -0.828933,
          -0.559308,
          1.3703
        ],
        [
          0.0,
          0.0,
          0.0,
          1.0
        ]
      ]
    },
    {
      "file_path": "/media/NFS/ttao/scannet/posed_images/scene0118_00/00092.jpg",
      "transform_matrix": [
        [
          0.627691,
          0.431295,
          -0.648066,
          6.510993
        ],
        [
          0.778453,
          -0.34363,
          0.52529,
          2.837506
        ],
        [
          0.00386,
          -0.834208,
          -0.551436,
          1.370432
        ],
        [
          0.0,
          0.0,
          0.0,
          1.0
        ]
      ]
    },
    {
      "file_path": "/media/NFS/ttao/scannet/posed_images/scene0118_00/00094.jpg",
      "transform_matrix": [
        [
          0.590566,
          0.441885,
          -0.675255,
          6.517059
        ],
        [
          0.806984,
          -0.326463,
          0.492137,
          2.855837
        ],
        [
          -0.002978,
          -0.835559,
          -0.549392,
          1.376884
        ],
        [
          0.0,
          0.0,
          0.0,
          1.0
        ]
      ]
    },
    {
      "file_path": "/media/NFS/ttao/scannet/posed_images/scene0118_00/00096.jpg",
      "transform_matrix": [
        [
          0.555959,
          0.450908,
          -0.698278,
          6.524812
        ],
        [
          0.831208,
          -0.303347,
          0.465912,
          2.866397
        ],
        [
          -0.001737,
          -0.839442,
          -0.543446,
          1.378393
        ],
        [
          0.0,
          0.0,
          0.0,
          1.0
        ]
      ]
    },
    {
      "file_path": "/media/NFS/ttao/scannet/posed_images/scene0118_00/00097.jpg",
      "transform_matrix": [
        [
          0.541741,
          0.453056,
          -0.707995,
          6.526786
        ],
        [
          0.840543,
          -0.293988,
          0.455037,
          2.871905
        ],
        [
          -0.001985,
          -0.841612,
          -0.540079,
          1.37968
        ],
        [
          0.0,
          0.0,
          0.0,
          1.0
        ]
      ]
    },
    {
      "file_path": "/media/NFS/ttao/scannet/posed_images/scene0118_00/00100.jpg",
      "transform_matrix": [
        [
          0.500331,
          0.459845,
          -0.733629,
          6.528677
        ],
        [
          0.865705,
          -0.280349,
          0.41468,
          2.894318
        ],
        [
          -0.014983,
          -0.842583,
          -0.538357,
          1.391134
        ],
        [
          0.0,
          0.0,
          0.0,
          1.0
        ]
      ]
    },
    {
      "file_path": "/media/NFS/ttao/scannet/posed_images/scene0118_00/00101.jpg",
      "transform_matrix": [
        [
          0.488995,
          0.455787,
          -0.743735,
          6.534087
        ],
        [
          0.872135,
          -0.271337,
          0.407131,
          2.894336
        ],
        [
          -0.016238,
          -0.847723,
          -0.530191,
          1.381694
        ],
        [
          0.0,
          0.0,
          0.0,
          1.0
        ]
      ]
    },
    {
      "file_path": "/media/NFS/ttao/scannet/posed_images/scene0118_00/00104.jpg",
      "transform_matrix": [
        [
          0.458378,
          0.456903,
          -0.762318,
          6.52744
        ],
        [
          0.888389,
          -0.260216,
          0.378222,
          2.898039
        ],
        [
          -0.025557,
          -0.850604,
          -0.525185,
          1.384349
        ],
        [
          0.0,
          0.0,
          0.0,
          1.0
        ]
      ]
    },
    {
      "file_path": "/media/NFS/ttao/scannet/posed_images/scene0118_00/00106.jpg",
      "transform_matrix": [
        [
          0.430289,
          0.458164,
          -0.777777,
          6.519826
        ],
        [
          0.902177,
          -0.247332,
          0.353415,
          2.898253
        ],
        [
          -0.030447,
          -0.853763,
          -0.51977,
          1.390226
        ],
        [
          0.0,
          0.0,
          0.0,
          1.0
        ]
      ]
    },
    {
      "file_path": "/media/NFS/ttao/scannet/posed_images/scene0118_00/00109.jpg",
      "transform_matrix": [
        [
          0.377659,
          0.446311,
          -0.811283,
          6.505447
        ],
        [
          0.925435,
          -0.210986,
          0.314728,
          2.88398
        ],
        [
          -0.030703,
          -0.86965,
          -0.492713,
          1.38877
        ],
        [
          0.0,
          0.0,
          0.0,
          1.0
        ]
      ]
    },
    {
      "file_path": "/media/NFS/ttao/scannet/posed_images/scene0118_00/00110.jpg",
      "transform_matrix": [
        [
          0.371785,
          0.449479,
          -0.812247,
          6.491492
        ],
        [
          0.927847,
          -0.207817,
          0.309697,
          2.881394
        ],
        [
          -0.029596,
          -0.868782,
          -0.49431,
          1.397409
        ],
        [
          0.0,
          0.0,
          0.0,
          1.0
        ]
      ]
    },
    {
      "file_path": "/media/NFS/ttao/scannet/posed_images/scene0118_00/00112.jpg",
      "transform_matrix": [
        [
          0.357666,
          0.454042,
          -0.81604,
          6.47349
        ],
        [
          0.933378,
          -0.201573,
          0.296941,
          2.885897
        ],
        [
          -0.029668,
          -0.867879,
          -0.495889,
          1.41224
        ],
        [
          0.0,
          0.0,
          0.0,
          1.0
        ]
      ]
    },
    {
      "file_path": "/media/NFS/ttao/scannet/posed_images/scene0118_00/00115.jpg",
      "transform_matrix": [
        [
          0.350367,
          0.434005,
          -0.829989,
          6.442924
        ],
        [
          0.936402,
          -0.181078,
          0.300601,
          2.866081
        ],
        [
          -0.019831,
          -0.882525,
          -0.469848,
          1.417495
        ],
        [
          0.0,
          0.0,
          0.0,
          1.0
        ]
      ]
    },
    {
      "file_path": "/media/NFS/ttao/scannet/posed_images/scene0118_00/00117.jpg",
      "transform_matrix": [
        [
          0.349705,
          0.417968,
          -0.838457,
          6.422705
        ],
        [
          0.936751,
          -0.169651,
          0.306131,
          2.849784
        ],
        [
          -0.014292,
          -0.89248,
          -0.450859,
          1.415649
        ],
        [
          0.0,
          0.0,
          0.0,
          1.0
        ]
      ]
    },
    {
      "file_path": "/media/NFS/ttao/scannet/posed_images/scene0118_00/00119.jpg",
      "transform_matrix": [
        [
          0.355256,
          0.409608,
          -0.840247,
          6.399025
        ],
        [
          0.934695,
          -0.166958,
          0.313799,
          2.839599
        ],
        [
          -0.011752,
          -0.896853,
          -0.442172,
          1.421328
        ],
        [
          0.0,
          0.0,
          0.0,
          1.0
        ]
      ]
    },
    {
      "file_path": "/media/NFS/ttao/scannet/posed_images/scene0118_00/00121.jpg",
      "transform_matrix": [
        [
          0.364336,
          0.402073,
          -0.839998,
          6.369052
        ],
        [
          0.931263,
          -0.160187,
          0.327246,
          2.821933
        ],
        [
          -0.00298,
          -0.901486,
          -0.432798,
          1.426356
        ],
        [
          0.0,
          0.0,
          0.0,
          1.0
        ]
      ]
    },
    {
      "file_path": "/media/NFS/ttao/scannet/posed_images/scene0118_00/00122.jpg",
      "transform_matrix": [
        [
          0.368218,
          0.400839,
          -0.838894,
          6.350813
        ],
        [
          0.929738,
          -0.160308,
          0.331494,
          2.812313
        ],
        [
          -0.001606,
          -0.902014,
          -0.431704,
          1.433794
        ],
        [
          0.0,
          0.0,
          0.0,
          1.0
        ]
      ]
    },
    {
      "file_path": "/media/NFS/ttao/scannet/posed_images/scene0118_00/00124.jpg",
      "transform_matrix": [
        [
          0.369756,
          0.387547,
          -0.844446,
          6.322631
        ],
        [
          0.929129,
          -0.154613,
          0.335878,
          2.798796
        ],
        [
          -0.000394,
          -0.908792,
          -0.41725,
          1.447793
        ],
        [
          0.0,
          0.0,
          0.0,
          1.0
        ]
      ]
    },
    {
      "file_path": "/media/NFS/ttao/scannet/posed_images/scene0118_00/00126.jpg",
      "transform_matrix": [
        [
          0.379309,
          0.366878,
          -0.849427,
          6.296843
        ],
        [
          0.92527,
          -0.150011,
          0.348384,
          2.784536
        ],
        [
          0.000391,
          -0.918094,
          -0.396362,
          1.457621
        ],
        [
          0.0,
          0.0,
          0.0,
          1.0
        ]
      ]
    },
    {
      "file_path": "/media/NFS/ttao/scannet/posed_images/scene0118_00/00130.jpg",
      "transform_matrix": [
        [
          0.389602,
          0.330955,
          -0.859465,
          6.24993
        ],
        [
          0.920778,
          -0.159696,
          0.355902,
          2.746934
        ],
        [
          -0.019465,
          -0.930036,
          -0.366953,
          1.454933
        ],
        [
          0.0,
          0.0,
          0.0,
          1.0
        ]
      ]
    },
    {
      "file_path": "/media/NFS/ttao/scannet/posed_images/scene0118_00/00132.jpg",
      "transform_matrix": [
        [
          0.390124,
          0.333641,
          -0.858188,
          6.225884
        ],
        [
          0.920611,
          -0.158264,
          0.356972,
          2.733787
        ],
        [
          -0.01672,
          -0.92932,
          -0.368896,
          1.456201
        ],
        [
          0.0,
          0.0,
          0.0,
          1.0
        ]
      ]
    },
    {
      "file_path": "/media/NFS/ttao/scannet/posed_images/scene0118_00/00133.jpg",
      "transform_matrix": [
        [
          0.391844,
          0.335802,
          -0.85656,
          6.216225
        ],
        [
          0.919904,
          -0.158506,
          0.358681,
          2.729156
        ],
        [
          -0.015324,
          -0.9285,
          -0.371016,
          1.458483
        ],
        [
          0.0,
          0.0,
          0.0,
          1.0
        ]
      ]
    },
    {
      "file_path": "/media/NFS/ttao/scannet/posed_images/scene0118_00/00136.jpg",
      "transform_matrix": [
        [
          0.395019,
          0.322531,
          -0.860194,
          6.187925
        ],
        [
          0.918585,
          -0.151668,
          0.364965,
          2.716722
        ],
        [
          -0.012752,
          -0.934329,
          -0.356184,
          1.459692
        ],
        [
          0.0,
          0.0,
          0.0,
          1.0
        ]
      ]
    },
    {
      "file_path": "/media/NFS/ttao/scannet/posed_images/scene0118_00/00137.jpg",
      "transform_matrix": [
        [
          0.395579,
          0.318954,
          -0.86127,
          6.181696
        ],
        [
          0.918377,
          -0.147692,
          0.367113,
          2.708029
        ],
        [
          -0.01011,
          -0.936192,
          -0.351344,
          1.456727
        ],
        [
          0.0,
          0.0,
          0.0,
          1.0
        ]
      ]
    },
    {
      "file_path": "/media/NFS/ttao/scannet/posed_images/scene0118_00/00139.jpg",
      "transform_matrix": [
        [
          0.391528,
          0.319285,
          -0.862997,
          6.160593
        ],
        [
          0.920123,
          -0.144956,
          0.363815,
          2.698814
        ],
        [
          -0.008936,
          -0.936507,
          -0.350535,
          1.455337
        ],
        [
          0.0,
          0.0,
          0.0,
          1.0
        ]
      ]
    },
    {
      "file_path": "/media/NFS/ttao/scannet/posed_images/scene0118_00/00141.jpg",
      "transform_matrix": [
        [
          0.381101,
          0.320784,
          -0.867099,
          6.144341
        ],
        [
          0.924517,
          -0.137899,
          0.355321,
          2.687323
        ],
        [
          -0.005591,
          -0.93706,
          -0.349124,
          1.450481
        ],
        [
          0.0,
          0.0,
          0.0,
          1.0
        ]
      ]
    },
    {
      "file_path": "/media/NFS/ttao/scannet/posed_images/scene0118_00/00143.jpg",
      "transform_matrix": [
        [
          0.365669,
          0.323992,
          -0.872534,
          6.12001
        ],
        [
          0.930737,
          -0.131155,
          0.34136,
          2.672399
        ],
        [
          -0.00384,
          -0.936924,
          -0.349511,
          1.448933
        ],
        [
          0.0,
          0.0,
          0.0,
          1.0
        ]
      ]
    },
    {
      "file_path": "/media/NFS/ttao/scannet/posed_images/scene0118_00/00146.jpg",
      "transform_matrix": [
        [
          0.336507,
          0.325926,
          -0.883479,
          6.086002
        ],
        [
          0.941658,
          -0.123017,
          0.313284,
          2.660252
        ],
        [
          -0.006576,
          -0.937358,
          -0.348307,
          1.441995
        ],
        [
          0.0,
          0.0,
          0.0,
          1.0
        ]
      ]
    },
    {
      "file_path": "/media/NFS/ttao/scannet/posed_images/scene0118_00/00148.jpg",
      "transform_matrix": [
        [
          0.305205,
          0.32935,
          -0.893521,
          6.053999
        ],
        [
          0.952262,
          -0.112414,
          0.283834,
          2.650201
        ],
        [
          -0.006964,
          -0.937492,
          -0.347937,
          1.434127
        ],
        [
          0.0,
          0.0,
          0.0,
          1.0
        ]
      ]
    },
    {
      "file_path": "/media/NFS/ttao/scannet/posed_images/scene0118_00/00150.jpg",
      "transform_matrix": [
        [
          0.292523,
          0.334733,
          -0.895759,
          6.021506
        ],
        [
          0.956209,
          -0.111914,
          0.270443,
          2.649634
        ],
        [
          -0.009722,
          -0.935644,
          -0.352812,
          1.44287
        ],
        [
          0.0,
          0.0,
          0.0,
          1.0
        ]
      ]
    },
    {
      "file_path": "/media/NFS/ttao/scannet/posed_images/scene0118_00/00152.jpg",
      "transform_matrix": [
        [
          0.288242,
          0.325104,
          -0.90068,
          5.995863
        ],
        [
          0.957548,
          -0.102007,
          0.269622,
          2.636089
        ],
        [
          -0.004221,
          -0.940161,
          -0.340706,
          1.421488
        ],
        [
          0.0,
          0.0,
          0.0,
          1.0
        ]
      ]
    },
    {
      "file_path": "/media/NFS/ttao/scannet/posed_images/scene0118_00/00154.jpg",
      "transform_matrix": [
        [
          0.284521,
          0.326348,
          -0.901413,
          5.963874
        ],
        [
          0.958587,
          -0.109199,
          0.263033,
          2.635696
        ],
        [
          -0.012593,
          -0.938921,
          -0.343903,
          1.417759
        ],
        [
          0.0,
          0.0,
          0.0,
          1.0
        ]
      ]
    },
    {
      "file_path": "/media/NFS/ttao/scannet/posed_images/scene0118_00/00156.jpg",
      "transform_matrix": [
        [
          0.280661,
          0.338568,
          -0.89811,
          5.927618
        ],
        [
          0.9596,
          -0.118393,
          0.255246,
          2.633085
        ],
        [
          -0.019912,
          -0.933464,
          -0.358119,
          1.414355
        ],
        [
          0.0,
          0.0,
          0.0,
          1.0
        ]
      ]
    },
    {
      "file_path": "/media/NFS/ttao/scannet/posed_images/scene0118_00/00159.jpg",
      "transform_matrix": [
        [
          0.25909,
          0.361428,
          -0.89568,
          5.869436
        ],
        [
          0.965705,
          -0.113174,
          0.233678,
          2.62955
        ],
        [
          -0.01691,
          -0.925506,
          -0.378355,
          1.41535
        ],
        [
          0.0,
          0.0,
          0.0,
          1.0
        ]
      ]
    },
    {
      "file_path": "/media/NFS/ttao/scannet/posed_images/scene0118_00/00160.jpg",
      "transform_matrix": [
        [
          0.247927,
          0.369947,
          -0.895361,
          5.850159
        ],
        [
          0.968518,
          -0.116093,
          0.220217,
          2.640456
        ],
        [
          -0.022477,
          -0.921771,
          -0.387083,
          1.430649
        ],
