{
  "frames": [
    {
      "file_path": "/media/NFS/ttao/scannet/posed_images/scene0074_02/00000.jpg",
      "transform_matrix": [
        [
          0.040896,
          0.11694,
          -0.992297,
          2.764641
        ],
        [
          0.978662,
          0.195462,
          0.063369,
          0.737172
        ],
        [
          0.201367,
          -0.973714,
          -0.106451,
          1.32372
        ],
        [
          0.0,
          0.0,
          0.0,
          1.0
        ]
      ]
    },
    {
      "file_path": "/media/NFS/ttao/scannet/posed_images/scene0074_02/00008.jpg",
      "transform_matrix": [
        [
          -0.004202,
          0.123632,
          -0.992319,
          2.775922
        ],
        [
          0.985025,
          0.171551,
          0.017202,
          0.737808
        ],
        [
          0.17236,
          -0.977387,
          -0.122502,
          1.332575
        ],
        [
          0.0,
          0.0,
          0.0,
          1.0
        ]
      ]
    },
    {
      "file_path": "/media/NFS/ttao/scannet/posed_images/scene0074_02/00016.jpg",
      "transform_matrix": [
        [
          -0.094229,
          0.13359,
          -0.986547,
          2.789625
        ],
        [
          0.986846,
          0.143288,
          -0.074855,
          0.736821
        ],
        [
          0.13136,
          -0.980624,
          -0.145335,
          1.334069
        ],
        [
          0.0,
          0.0,
          0.0,
          1.0
        ]
      ]
    },
    {
      "file_path": "/media/NFS/ttao/scannet/posed_images/scene0074_02/00029.jpg",
      "transform_matrix": [
        [
          -0.240642,
          0.121493,
          -0.96298,
          2.814439
        ],
        [
          0.967029,
          0.115204,
          -0.22712,
          0.748733
        ],
        [
          0.083346,
          -0.985884,
          -0.145211,
          1.351434
        ],
        [
          0.0,
          0.0,
          0.0,
          1.0
        ]
      ]
    },
    {
      "file_path": "/media/NFS/ttao/scannet/posed_images/scene0074_02/00040.jpg",
      "transform_matrix": [
        [
          -0.351168,
          0.153046,
          -0.92372,
          2.828136
        ],
        [
          0.935682,
          0.093561,
          -0.340214,
          0.75088
        ],
        [
          0.034355,
          -0.98378,
          -0.176058,
          1.352774
        ],
        [
          0.0,
          0.0,
          0.0,
          1.0
        ]
      ]
    },
    {
      "file_path": "/media/NFS/ttao/scannet/posed_images/scene0074_02/00042.jpg",
      "transform_matrix": [
        [
          -0.371608,
          0.154428,
          -0.915456,
          2.83204
        ],
        [
          0.927985,
          0.090899,
          -0.36136,
          0.749792
        ],
        [
          0.02741,
          -0.983814,
          -0.177086,
          1.352986
        ],
        [
          0.0,
          0.0,
          0.0,
          1.0
        ]
      ]
    },
    {
      "file_path": "/media/NFS/ttao/scannet/posed_images/scene0074_02/00058.jpg",
      "transform_matrix": [
        [
          -0.576441,
          0.191343,
          -0.79442,
          2.873339
        ],
        [
          0.817138,
          0.136337,
          -0.560087,
          0.751136
        ],
        [
          0.00114,
          -0.972008,
          -0.234944,
          1.361499
        ],
        [
          0.0,
          0.0,
          0.0,
          1.0
        ]
      ]
    },
    {
      "file_path": "/media/NFS/ttao/scannet/posed_images/scene0074_02/00061.jpg",
      "transform_matrix": [
        [
          -0.609807,
          0.198298,
          -0.767342,
          2.875207
        ],
        [
          0.792461,
          0.13806,
          -0.594092,
          0.755978
        ],
        [
          -0.011868,
          -0.97037,
          -0.241334,
          1.355732
        ],
        [
          0.0,
          0.0,
          0.0,
          1.0
        ]
      ]
    },
    {
      "file_path": "/media/NFS/ttao/scannet/posed_images/scene0074_02/00074.jpg",
      "transform_matrix": [
        [
          -0.799306,
          0.202774,
          -0.565679,
          2.922446
        ],
        [
          0.59667,
          0.155984,
          -0.787181,
          0.800603
        ],
        [
          -0.071383,
          -0.966722,
          -0.245667,
          1.367465
        ],
        [
          0.0,
          0.0,
          0.0,
          1.0
        ]
      ]
    },
    {
      "file_path": "/media/NFS/ttao/scannet/posed_images/scene0074_02/00082.jpg",
      "transform_matrix": [
        [
          -0.84601,
          0.180768,
          -0.501588,
          2.944526
        ],
        [
          0.529176,
          0.169788,
          -0.831351,
          0.817427
        ],
        [
          -0.065118,
          -0.96876,
          -0.2393,
          1.372659
        ],
        [
          0.0,
          0.0,
          0.0,
          1.0
        ]
      ]
    },
    {
      "file_path": "/media/NFS/ttao/scannet/posed_images/scene0074_02/00088.jpg",
      "transform_matrix": [
        [
          -0.863677,
          0.172883,
          -0.47347,
          2.952102
        ],
        [
          0.499306,
          0.164924,
          -0.850584,
          0.821294
        ],
        [
          -0.068965,
          -0.971036,
          -0.228763,
          1.373658
        ],
        [
          0.0,
          0.0,
          0.0,
          1.0
        ]
      ]
    },
    {
      "file_path": "/media/NFS/ttao/scannet/posed_images/scene0074_02/00095.jpg",
      "transform_matrix": [
        [
          -0.888153,
          0.163964,
          -0.429301,
          2.958588
        ],
        [
          0.453813,
          0.165816,
          -0.875534,
          0.826707
        ],
        [
          -0.072371,
          -0.972431,
          -0.221679,
          1.378709
        ],
        [
          0.0,
          0.0,
          0.0,
          1.0
        ]
      ]
    },
    {
      "file_path": "/media/NFS/ttao/scannet/posed_images/scene0074_02/00103.jpg",
      "transform_matrix": [
        [
          -0.927658,
          0.146297,
          -0.343582,
          2.97115
        ],
        [
          0.365908,
          0.172345,
          -0.914554,
          0.840198
        ],
        [
          -0.074582,
          -0.974112,
          -0.213408,
          1.379304
        ],
        [
          0.0,
          0.0,
          0.0,
          1.0
        ]
      ]
    },
    {
      "file_path": "/media/NFS/ttao/scannet/posed_images/scene0074_02/00119.jpg",
      "transform_matrix": [
        [
          -0.965018,
          0.130004,
          -0.227682,
          2.983706
        ],
        [
          0.249451,
          0.187937,
          -0.949976,
          0.854936
        ],
        [
          -0.08071,
          -0.973539,
          -0.213792,
          1.3925
        ],
        [
          0.0,
          0.0,
          0.0,
          1.0
        ]
      ]
    },
    {
      "file_path": "/media/NFS/ttao/scannet/posed_images/scene0074_02/00122.jpg",
      "transform_matrix": [
        [
          -0.966918,
          0.127002,
          -0.221226,
          2.985884
        ],
        [
          0.242083,
          0.183466,
          -0.952752,
          0.85706
        ],
        [
          -0.080414,
          -0.974788,
          -0.208142,
          1.394025
        ],
        [
          0.0,
          0.0,
          0.0,
          1.0
        ]
      ]
    },
    {
      "file_path": "/media/NFS/ttao/scannet/posed_images/scene0074_02/00130.jpg",
      "transform_matrix": [
        [
          -0.976549,
          0.120655,
          -0.178313,
          2.994992
        ],
        [
          0.197485,
          0.17213,
          -0.965076,
          0.867509
        ],
        [
          -0.085748,
          -0.977657,
          -0.191921,
          1.401503
        ],
        [
          0.0,
          0.0,
          0.0,
          1.0
        ]
      ]
    },
    {
      "file_path": "/media/NFS/ttao/scannet/posed_images/scene0074_02/00143.jpg",
      "transform_matrix": [
        [
          -0.985684,
          0.110385,
          -0.127444,
          3.004537
        ],
        [
          0.146136,
          0.182348,
          -0.972313,
          0.878532
        ],
        [
          -0.084089,
          -0.977018,
          -0.195869,
          1.405553
        ],
        [
          0.0,
          0.0,
          0.0,
          1.0
        ]
      ]
    },
    {
      "file_path": "/media/NFS/ttao/scannet/posed_images/scene0074_02/00154.jpg",
      "transform_matrix": [
        [
          -0.991419,
          0.098277,
          -0.086196,
          3.013581
        ],
        [
          0.109466,
          0.263741,
          -0.958362,
          0.880132
        ],
        [
          -0.071451,
          -0.959574,
          -0.272236,
          1.399402
        ],
        [
          0.0,
          0.0,
          0.0,
          1.0
        ]
      ]
    },
    {
      "file_path": "/media/NFS/ttao/scannet/posed_images/scene0074_02/00156.jpg",
      "transform_matrix": [
        [
          -0.99136,
          0.098891,
          -0.086168,
          3.014981
        ],
        [
          0.110109,
          0.27045,
          -0.956416,
          0.881143
        ],
        [
          -0.071277,
          -0.957642,
          -0.279003,
          1.399863
        ],
        [
          0.0,
          0.0,
          0.0,
          1.0
        ]
      ]
    },
    {
      "file_path": "/media/NFS/ttao/scannet/posed_images/scene0074_02/00167.jpg",
      "transform_matrix": [
        [
          -0.993775,
          0.099773,
          -0.049557,
          3.020595
        ],
        [
          0.082542,
          0.360699,
          -0.929023,
          0.88389
        ],
        [
          -0.074816,
          -0.92733,
          -0.366689,
          1.400661
        ],
        [
          0.0,
          0.0,
          0.0,
          1.0
        ]
      ]
    },
    {
      "file_path": "/media/NFS/ttao/scannet/posed_images/scene0074_02/00175.jpg",
      "transform_matrix": [
        [
          -0.994328,
          0.102558,
          -0.028157,
          3.024191
        ],
        [
          0.070831,
          0.441104,
          -0.894657,
          0.872759
        ],
        [
          -0.079334,
          -0.891577,
          -0.445866,
          1.392493
        ],
        [
          0.0,
          0.0,
          0.0,
          1.0
        ]
      ]
    },
    {
      "file_path": "/media/NFS/ttao/scannet/posed_images/scene0074_02/00191.jpg",
      "transform_matrix": [
        [
          -0.99448,
          0.104879,
          -0.003062,
          3.027029
        ],
        [
          0.06357,
          0.579052,
          -0.812809,
          0.853956
        ],
        [
          -0.083473,
          -0.808517,
          -0.582523,
          1.382446
        ],
        [
          0.0,
          0.0,
          0.0,
          1.0
        ]
      ]
    },
    {
      "file_path": "/media/NFS/ttao/scannet/posed_images/scene0074_02/00199.jpg",
      "transform_matrix": [
        [
          -0.994045,
          0.108057,
          0.014075,
          3.024263
        ],
        [
          0.059059,
          0.642787,
          -0.763765,
          0.847984
        ],
        [
          -0.091577,
          -0.758385,
          -0.645341,
          1.373218
        ],
        [
          0.0,
          0.0,
          0.0,
          1.0
        ]
      ]
    },
    {
      "file_path": "/media/NFS/ttao/scannet/posed_images/scene0074_02/00207.jpg",
      "transform_matrix": [
        [
          -0.993253,
          0.114259,
          0.019818,
          3.02367
        ],
        [
          0.062918,
          0.674529,
          -0.735563,
          0.843869
        ],
        [
          -0.097412,
          -0.729353,
          -0.677167,
          1.367795
        ],
        [
          0.0,
          0.0,
          0.0,
          1.0
        ]
      ]
    },
    {
      "file_path": "/media/NFS/ttao/scannet/posed_images/scene0074_02/00210.jpg",
      "transform_matrix": [
        [
          -0.993351,
          0.113899,
          0.016787,
          3.024203
        ],
        [
          0.06534,
          0.677796,
          -0.732341,
          0.844106
        ],
        [
          -0.094791,
          -0.726375,
          -0.680731,
          1.36645
        ],
        [
          0.0,
          0.0,
          0.0,
          1.0
        ]
      ]
    },
    {
      "file_path": "/media/NFS/ttao/scannet/posed_images/scene0074_02/00220.jpg",
      "transform_matrix": [
        [
          -0.994335,
          0.106285,
          0.001183,
          3.023342
        ],
        [
          0.066035,
          0.626428,
          -0.776677,
          0.850662
        ],
        [
          -0.08329,
          -0.7722,
          -0.629897,
          1.37187
        ],
        [
          0.0,
          0.0,
          0.0,
          1.0
        ]
      ]
    },
    {
      "file_path": "/media/NFS/ttao/scannet/posed_images/scene0074_02/00231.jpg",
      "transform_matrix": [
        [
          -0.995791,
          0.086852,
          -0.029268,
          3.020575
        ],
        [
          0.067604,
          0.480433,
          -0.874422,
          0.865366
        ],
        [
          -0.061884,
          -0.872721,
          -0.484282,
          1.381124
        ],
        [
          0.0,
          0.0,
          0.0,
          1.0
        ]
      ]
    },
    {
      "file_path": "/media/NFS/ttao/scannet/posed_images/scene0074_02/00239.jpg",
      "transform_matrix": [
        [
          -0.996156,
          0.073461,
          -0.047722,
          3.027357
        ],
        [
          0.071346,
          0.364273,
          -0.928555,
          0.871223
        ],
        [
          -0.050829,
          -0.92839,
          -0.368114,
          1.394565
        ],
        [
          0.0,
          0.0,
          0.0,
          1.0
        ]
      ]
    },
    {
      "file_path": "/media/NFS/ttao/scannet/posed_images/scene0074_02/00249.jpg",
      "transform_matrix": [
        [
          -0.998098,
          0.047395,
          -0.039427,
          3.042001
        ],
        [
          0.049485,
          0.234461,
          -0.970865,
          0.881178
        ],
        [
          -0.03677,
          -0.97097,
          -0.23636,
          1.408727
        ],
        [
          0.0,
          0.0,
          0.0,
          1.0
        ]
      ]
    },
    {
      "file_path": "/media/NFS/ttao/scannet/posed_images/scene0074_02/00260.jpg",
      "transform_matrix": [
        [
          -0.998899,
          0.025964,
          -0.039084,
          3.045643
        ],
        [
          0.041123,
          0.083309,
          -0.995675,
          0.902554
        ],
        [
          -0.022595,
          -0.996186,
          -0.084285,
          1.426409
        ],
        [
          0.0,
          0.0,
          0.0,
          1.0
        ]
      ]
    },
    {
      "file_path": "/media/NFS/ttao/scannet/posed_images/scene0074_02/00271.jpg",
      "transform_matrix": [
        [
          -0.999109,
          -0.00636,
          -0.041723,
          3.05213
        ],
        [
          0.041934,
          -0.037859,
          -0.998403,
          0.922719
        ],
        [
          0.004771,
          -0.999263,
          0.038092,
          1.434185
        ],
        [
          0.0,
          0.0,
          0.0,
          1.0
        ]
      ]
    },
    {
      "file_path": "/media/NFS/ttao/scannet/posed_images/scene0074_02/00276.jpg",
      "transform_matrix": [
        [
          -0.998698,
          -0.02102,
          -0.046495,
          3.053614
        ],
        [
          0.048091,
          -0.083183,
          -0.995373,
          0.928174
        ],
        [
          0.017055,
          -0.996313,
          0.084085,
          1.427884
        ],
        [
          0.0,
          0.0,
          0.0,
          1.0
        ]
      ]
    },
    {
      "file_path": "/media/NFS/ttao/scannet/posed_images/scene0074_02/00286.jpg",
      "transform_matrix": [
        [
          -0.997101,
          -0.053886,
          -0.05373,
          3.056581
        ],
        [
          0.06351,
          -0.200366,
          -0.977661,
          0.941889
        ],
        [
          0.041917,
          -0.978238,
          0.203207,
          1.423512
        ],
        [
          0.0,
          0.0,
          0.0,
          1.0
        ]
      ]
    },
    {
      "file_path": "/media/NFS/ttao/scannet/posed_images/scene0074_02/00289.jpg",
      "transform_matrix": [
        [
          -0.996362,
          -0.06414,
          -0.056126,
          3.057502
        ],
        [
          0.069574,
          -0.231711,
          -0.970294,
          0.944762
        ],
        [
          0.049229,
          -0.970668,
          0.235331,
          1.419073
        ],
        [
          0.0,
          0.0,
          0.0,
          1.0
        ]
      ]
    },
    {
      "file_path": "/media/NFS/ttao/scannet/posed_images/scene0074_02/00300.jpg",
      "transform_matrix": [
        [
          -0.996024,
          -0.074665,
          -0.048598,
          3.060791
        ],
        [
          0.069261,
          -0.305891,
          -0.949544,
          0.954774
        ],
        [
          0.056033,
          -0.949134,
          0.309846,
          1.421594
        ],
        [
          0.0,
          0.0,
          0.0,
          1.0
        ]
      ]
    },
    {
      "file_path": "/media/NFS/ttao/scannet/posed_images/scene0074_02/00313.jpg",
      "transform_matrix": [
        [
          -0.995261,
          -0.082628,
          -0.051262,
          3.063209
        ],
        [
          0.078558,
          -0.372577,
          -0.92467,
          0.964015
        ],
        [
          0.057305,
          -0.924315,
          0.377303,
          1.421973
        ],
        [
          0.0,
          0.0,
          0.0,
          1.0
        ]
      ]
    },
    {
      "file_path": "/media/NFS/ttao/scannet/posed_images/scene0074_02/00318.jpg",
      "transform_matrix": [
        [
          -0.995507,
          -0.080387,
          -0.050049,
          3.061996
        ],
        [
          0.077433,
          -0.386811,
          -0.918903,
          0.965857
        ],
        [
          0.054508,
          -0.918649,
          0.391297,
          1.421924
        ],
        [
          0.0,
          0.0,
          0.0,
          1.0
        ]
      ]
    },
    {
      "file_path": "/media/NFS/ttao/scannet/posed_images/scene0074_02/00332.jpg",
      "transform_matrix": [
        [
          -0.995884,
          -0.078087,
          -0.046029,
          3.059227
        ],
        [
          0.07445,
          -0.415002,
          -0.90677,
          0.969063
        ],
        [
          0.051705,
          -0.906464,
          0.419107,
          1.42262
        ],
        [
          0.0,
          0.0,
          0.0,
          1.0
        ]
      ]
    },
    {
      "file_path": "/media/NFS/ttao/scannet/posed_images/scene0074_02/00334.jpg",
      "transform_matrix": [
        [
          -0.995564,
          -0.079021,
          -0.051076,
          3.058745
        ],
        [
          0.079389,
          -0.414115,
          -0.906756,
          0.967875
        ],
        [
          0.050502,
          -0.906788,
          0.418552,
          1.422701
        ],
        [
          0.0,
          0.0,
          0.0,
          1.0
        ]
      ]
    },
    {
      "file_path": "/media/NFS/ttao/scannet/posed_images/scene0074_02/00345.jpg",
      "transform_matrix": [
        [
          -0.991062,
          -0.092959,
          -0.095684,
          3.055411
        ],
        [
          0.124686,
          -0.390419,
          -0.912155,
          0.951062
        ],
        [
          0.047436,
          -0.915932,
          0.39852,
          1.42073
        ],
        [
          0.0,
          0.0,
          0.0,
          1.0
        ]
      ]
    },
    {
      "file_path": "/media/NFS/ttao/scannet/posed_images/scene0074_02/00358.jpg",
      "transform_matrix": [
        [
          -0.964607,
          -0.108186,
          -0.240476,
          3.032518
        ],
        [
          0.263667,
          -0.4082,
          -0.873987,
          0.910185
        ],
        [
          -0.00361,
          -0.906459,
          0.422278,
          1.427125
        ],
        [
          0.0,
          0.0,
          0.0,
          1.0
        ]
      ]
    },
    {
      "file_path": "/media/NFS/ttao/scannet/posed_images/scene0074_02/00363.jpg",
      "transform_matrix": [
        [
          -0.953949,
          -0.094418,
          -0.284724,
          3.018124
        ],
        [
          0.296854,
          -0.433614,
          -0.850798,
          0.893243
        ],
        [
          -0.04313,
          -0.896139,
          0.441673,
          1.428538
        ],
        [
          0.0,
          0.0,
          0.0,
          1.0
        ]
      ]
    },
    {
      "file_path": "/media/NFS/ttao/scannet/posed_images/scene0074_02/00374.jpg",
      "transform_matrix": [
        [
          -0.946033,
          -0.128298,
          -0.297592,
          3.022349
        ],
        [
          0.323469,
          -0.429739,
          -0.843026,
          0.876592
        ],
        [
          -0.019728,
          -0.893792,
          0.448048,
          1.429805
        ],
        [
          0.0,
          0.0,
          0.0,
          1.0
        ]
      ]
    },
    {
      "file_path": "/media/NFS/ttao/scannet/posed_images/scene0074_02/00382.jpg",
      "transform_matrix": [
        [
          -0.925099,
          -0.163101,
          -0.342913,
          3.014634
        ],
        [
          0.3797,
          -0.386927,
          -0.840307,
          0.862093
        ],
        [
          0.004373,
          -0.907571,
          0.419876,
          1.427681
        ],
        [
          0.0,
          0.0,
          0.0,
          1.0
        ]
      ]
    },
    {
      "file_path": "/media/NFS/ttao/scannet/posed_images/scene0074_02/00387.jpg",
      "transform_matrix": [
        [
          -0.908393,
          -0.183315,
          -0.375791,
          3.006279
        ],
        [
          0.417841,
          -0.365288,
          -0.831849,
          0.850546
        ],
        [
          0.015218,
          -0.912667,
          0.408422,
          1.417594
        ],
        [
          0.0,
          0.0,
          0.0,
          1.0
        ]
      ]
    },
    {
      "file_path": "/media/NFS/ttao/scannet/posed_images/scene0074_02/00400.jpg",
      "transform_matrix": [
        [
          -0.868748,
          -0.198222,
          -0.453856,
          2.99452
        ],
        [
          0.494077,
          -0.283722,
          -0.821821,
          0.822368
        ],
        [
          0.034135,
          -0.938195,
          0.34442,
          1.412284
        ],
        [
          0.0,
          0.0,
          0.0,
          1.0
        ]
      ]
    },
    {
      "file_path": "/media/NFS/ttao/scannet/posed_images/scene0074_02/00408.jpg",
      "transform_matrix": [
        [
          -0.852539,
          -0.192051,
          -0.4861,
          2.977753
        ],
        [
          0.521885,
          -0.262036,
          -0.811772,
          0.811967
        ],
        [
          0.028526,
          -0.945756,
          0.323625,
          1.40186
        ],
        [
          0.0,
          0.0,
          0.0,
          1.0
        ]
      ]
    },
    {
      "file_path": "/media/NFS/ttao/scannet/posed_images/scene0074_02/00416.jpg",
      "transform_matrix": [
        [
          -0.835981,
          -0.206698,
          -0.508343,
          2.970696
        ],
        [
          0.548386,
          -0.280537,
          -0.787764,
          0.806107
        ],
        [
          0.02022,
          -0.937323,
          0.347874,
          1.396634
        ],
        [
          0.0,
          0.0,
          0.0,
          1.0
        ]
      ]
    },
    {
      "file_path": "/media/NFS/ttao/scannet/posed_images/scene0074_02/00424.jpg",
      "transform_matrix": [
        [
          -0.846549,
          -0.171917,
          -0.503785,
          2.960143
        ],
        [
          0.532275,
          -0.262498,
          -0.804847,
          0.785887
        ],
        [
          0.006124,
          -0.949494,
          0.313724,
          1.394567
        ],
        [
          0.0,
          0.0,
          0.0,
          1.0
        ]
      ]
    },
    {
      "file_path": "/media/NFS/ttao/scannet/posed_images/scene0074_02/00435.jpg",
      "transform_matrix": [
        [
          -0.831782,
          -0.184768,
          -0.523449,
          2.935169
        ],
        [
          0.55469,
          -0.312973,
          -0.770952,
          0.771566
        ],
        [
          -0.021378,
          -0.931616,
          0.362815,
          1.403537
        ],
        [
          0.0,
          0.0,
          0.0,
          1.0
        ]
      ]
    },
    {
      "file_path": "/media/NFS/ttao/scannet/posed_images/scene0074_02/00446.jpg",
      "transform_matrix": [
        [
          -0.812912,
          -0.151496,
          -0.562336,
          2.921965
        ],
        [
          0.581652,
          -0.259672,
          -0.770877,
          0.760876
        ],
        [
          -0.029238,
          -0.95374,
          0.299209,
          1.41376
        ],
        [
          0.0,
          0.0,
          0.0,
          1.0
        ]
      ]
    },
    {
      "file_path": "/media/NFS/ttao/scannet/posed_images/scene0074_02/00448.jpg",
      "transform_matrix": [
        [
          -0.810479,
          -0.143352,
          -0.567957,
          2.920879
        ],
        [
          0.584906,
          -0.250648,
          -0.771402,
          0.760912
        ],
        [
          -0.031775,
          -0.957406,
          0.286992,
          1.413813
        ],
        [
          0.0,
          0.0,
          0.0,
          1.0
        ]
      ]
    },
    {
      "file_path": "/media/NFS/ttao/scannet/posed_images/scene0074_02/00464.jpg",
      "transform_matrix": [
        [
          -0.772343,
          -0.029319,
          -0.634529,
          2.890056
        ],
        [
          0.633932,
          -0.098797,
          -0.767052,
          0.73745
        ],
        [
          -0.0402,
          -0.994676,
          0.094892,
          1.402985
        ],
        [
          0.0,
          0.0,
          0.0,
          1.0
        ]
      ]
    },
    {
      "file_path": "/media/NFS/ttao/scannet/posed_images/scene0074_02/00472.jpg",
      "transform_matrix": [
        [
          -0.758987,
          0.014797,
          -0.650937,
          2.877601
        ],
        [
          0.649766,
          -0.046869,
          -0.758688,
          0.714629
        ],
        [
          -0.041735,
          -0.998792,
          0.025959,
          1.396728
        ],
        [
          0.0,
          0.0,
          0.0,
          1.0
        ]
      ]
    },
    {
      "file_path": "/media/NFS/ttao/scannet/posed_images/scene0074_02/00475.jpg",
      "transform_matrix": [
        [
          -0.74783,
          0.021356,
          -0.663546,
          2.872006
        ],
        [
          0.662533,
          -0.039851,
          -0.747971,
          0.709522
        ],
        [
          -0.042417,
          -0.998978,
          0.015653,
          1.393028
        ],
        [
          0.0,
          0.0,
          0.0,
          1.0
        ]
      ]
    },
    {
      "file_path": "/media/NFS/ttao/scannet/posed_images/scene0074_02/00491.jpg",
      "transform_matrix": [
        [
          -0.585895,
          -0.050595,
          -0.808806,
          2.844833
        ],
        [
          0.81023,
          -0.016923,
          -0.585868,
          0.685434
        ],
        [
          0.015954,
          -0.998576,
          0.050909,
          1.38777
        ],
        [
          0.0,
          0.0,
          0.0,
          1.0
        ]
      ]
    },
    {
      "file_path": "/media/NFS/ttao/scannet/posed_images/scene0074_02/00493.jpg",
      "transform_matrix": [
        [
          -0.570341,
          -0.055863,
          -0.819506,
          2.84333
        ],
        [
          0.821257,
          -0.019689,
          -0.570218,
          0.683998
        ],
        [
          0.015719,
          -0.998244,
          0.057108,
          1.387049
        ],
        [
          0.0,
          0.0,
          0.0,
          1.0
        ]
      ]
    },
    {
      "file_path": "/media/NFS/ttao/scannet/posed_images/scene0074_02/00509.jpg",
      "transform_matrix": [
        [
          -0.405858,
          -0.137155,
          -0.903586,
          2.827621
        ],
        [
          0.913768,
          -0.041952,
          -0.404064,
          0.687797
        ],
        [
          0.017512,
          -0.989661,
          0.142354,
          1.402583
        ],
        [
          0.0,
          0.0,
          0.0,
          1.0
        ]
      ]
    },
    {
      "file_path": "/media/NFS/ttao/scannet/posed_images/scene0074_02/00514.jpg",
      "transform_matrix": [
        [
          -0.36411,
          -0.137647,
          -0.921128,
          2.821529
        ],
        [
          0.931252,
          -0.03902,
          -0.36228,
          0.685418
        ],
        [
          0.013924,
          -0.989713,
          0.142392,
          1.40221
        ],
        [
          0.0,
          0.0,
          0.0,
          1.0
        ]
      ]
    },
    {
      "file_path": "/media/NFS/ttao/scannet/posed_images/scene0074_02/00525.jpg",
      "transform_matrix": [
        [
          -0.248542,
          -0.087619,
          -0.96465,
          2.793566
        ],
        [
          0.968324,
          0.002207,
          -0.249688,
          0.676933
        ],
        [
          0.024007,
          -0.996152,
          0.084295,
          1.395416
        ],
        [
          0.0,
          0.0,
          0.0,
          1.0
        ]
      ]
    },
    {
      "file_path": "/media/NFS/ttao/scannet/posed_images/scene0074_02/00533.jpg",
      "transform_matrix": [
        [
          -0.180148,
          -0.082753,
          -0.980152,
          2.777453
        ],
        [
          0.982604,
          0.030579,
          -0.18318,
          0.669607
        ],
        [
          0.045131,
          -0.996101,
          0.075805,
          1.389231
        ],
        [
          0.0,
          0.0,
          0.0,
          1.0
        ]
      ]
    },
    {
      "file_path": "/media/NFS/ttao/scannet/posed_images/scene0074_02/00541.jpg",
      "transform_matrix": [
        [
          -0.124562,
          -0.056176,
          -0.99062,
          2.763918
        ],
        [
          0.991353,
          0.034487,
          -0.12661,
          0.663232
        ],
        [
          0.041276,
          -0.997825,
          0.051395,
          1.379823
        ],
        [
          0.0,
          0.0,
          0.0,
          1.0
        ]
      ]
    },
    {
      "file_path": "/media/NFS/ttao/scannet/posed_images/scene0074_02/00549.jpg",
      "transform_matrix": [
        [
          -0.106214,
          -0.018154,
          -0.994178,
          2.755571
        ],
        [
          0.993556,
          0.037834,
          -0.106839,
          0.654597
        ],
        [
          0.039553,
          -0.999119,
          0.014018,
          1.367469
        ],
        [
          0.0,
          0.0,
          0.0,
          1.0
        ]
      ]
    },
    {
      "file_path": "/media/NFS/ttao/scannet/posed_images/scene0074_02/00554.jpg",
      "transform_matrix": [
        [
          -0.094303,
          -0.00966,
          -0.995497,
          2.74363
        ],
        [
          0.99416,
          0.051797,
          -0.094679,
          0.642038
        ],
        [
          0.052478,
          -0.998611,
          0.004719,
          1.356373
        ],
        [
          0.0,
          0.0,
          0.0,
          1.0
        ]
      ]
    },
    {
      "file_path": "/media/NFS/ttao/scannet/posed_images/scene0074_02/00568.jpg",
      "transform_matrix": [
        [
          -0.111905,
          0.090672,
          -0.989574,
          2.723803
        ],
        [
          0.990827,
          0.086104,
          -0.104157,
          0.625917
        ],
        [
          0.075763,
          -0.992152,
          -0.099476,
          1.347387
        ],
        [
          0.0,
          0.0,
          0.0,
          1.0
        ]
      ]
    },
    {
      "file_path": "/media/NFS/ttao/scannet/posed_images/scene0074_02/00573.jpg",
      "transform_matrix": [
        [
          -0.127361,
          0.104145,
          -0.986374,
          2.732329
        ],
        [
          0.989383,
          0.083531,
          -0.11893,
          0.627821
        ],
        [
          0.070007,
          -0.991048,
          -0.113678,
          1.352014
        ],
        [
          0.0,
          0.0,
          0.0,
          1.0
        ]
      ]
    },
    {
      "file_path": "/media/NFS/ttao/scannet/posed_images/scene0074_02/00581.jpg",
      "transform_matrix": [
        [
          -0.12511,
          0.110267,
          -0.985996,
          2.747958
        ],
        [
          0.991121,
          0.058985,
          -0.119163,
          0.637505
        ],
        [
          0.045019,
          -0.99215,
          -0.116668,
          1.360679
        ],
        [
          0.0,
          0.0,
          0.0,
          1.0
        ]
      ]
    },
    {
      "file_path": "/media/NFS/ttao/scannet/posed_images/scene0074_02/00591.jpg",
      "transform_matrix": [
        [
          -0.12805,
          0.164388,
          -0.978049,
          2.748059
        ],
        [
          0.991723,
          0.030601,
          -0.124697,
          0.654955
        ],
        [
          0.00943,
          -0.985921,
          -0.166946,
          1.348876
        ],
        [
          0.0,
          0.0,
          0.0,
          1.0
        ]
      ]
    },
    {
      "file_path": "/media/NFS/ttao/scannet/posed_images/scene0074_02/00605.jpg",
      "transform_matrix": [
        [
          -0.10315,
          0.186404,
          -0.977044,
          2.739388
        ],
        [
          0.994089,
          -0.01414,
          -0.107647,
          0.689749
        ],
        [
          -0.033881,
          -0.982372,
          -0.183843,
          1.359713
        ],
        [
          0.0,
          0.0,
          0.0,
          1.0
        ]
      ]
    },
    {
      "file_path": "/media/NFS/ttao/scannet/posed_images/scene0074_02/00610.jpg",
      "transform_matrix": [
        [
          -0.110242,
          0.203622,
          -0.972823,
          2.735831
        ],
        [
          0.993038,
          -0.018307,
          -0.116365,
          0.698767
        ],
        [
          -0.041504,
          -0.978879,
          -0.200186,
          1.361187
        ],
        [
          0.0,
          0.0,
          0.0,
          1.0
        ]
      ]
    },
    {
      "file_path": "/media/NFS/ttao/scannet/posed_images/scene0074_02/00623.jpg",
      "transform_matrix": [
        [
          -0.117182,
          0.198886,
          -0.972992,
          2.744498
        ],
        [
          0.991606,
          -0.030476,
          -0.125654,
          0.704237
        ],
        [
          -0.054644,
          -0.979549,
          -0.193646,
          1.376263
        ],
        [
          0.0,
          0.0,
          0.0,
          1.0
        ]
      ]
    },
    {
      "file_path": "/media/NFS/ttao/scannet/posed_images/scene0074_02/00626.jpg",
      "transform_matrix": [
        [
          -0.113555,
          0.213551,
          -0.97031,
          2.740326
        ],
        [
          0.992494,
          -0.020245,
          -0.120607,
          0.699082
        ],
        [
          -0.0454,
          -0.976722,
          -0.20965,
          1.370386
        ],
        [
          0.0,
          0.0,
          0.0,
          1.0
        ]
      ]
    },
    {
      "file_path": "/media/NFS/ttao/scannet/posed_images/scene0074_02/00634.jpg",
      "transform_matrix": [
        [
          -0.063812,
          0.202063,
          -0.977292,
          2.719522
        ],
        [
          0.997689,
          -0.00999,
          -0.067209,
          0.683509
        ],
        [
          -0.023344,
          -0.979322,
          -0.200959,
          1.348057
        ],
        [
          0.0,
          0.0,
          0.0,
          1.0
        ]
      ]
    },
    {
      "file_path": "/media/NFS/ttao/scannet/posed_images/scene0074_02/00647.jpg",
      "transform_matrix": [
        [
          0.062921,
          0.168721,
          -0.983654,
          2.617282
        ],
        [
          0.998006,
          -0.015576,
          0.061168,
          0.630349
        ],
        [
          -0.005002,
          -0.985541,
          -0.169364,
          1.264771
        ],
        [
          0.0,
          0.0,
          0.0,
          1.0
        ]
      ]
    },
    {
      "file_path": "/media/NFS/ttao/scannet/posed_images/scene0074_02/00658.jpg",
      "transform_matrix": [
        [
          0.123314,
          0.280614,
          -0.951867,
          2.563758
        ],
        [
          0.990768,
          0.019635,
          0.134142,
          0.560426
        ],
        [
          0.056331,
          -0.95962,
          -0.275602,
          1.241206
        ],
        [
          0.0,
          0.0,
          0.0,
          1.0
        ]
      ]
    },
    {
      "file_path": "/media/NFS/ttao/scannet/posed_images/scene0074_02/00660.jpg",
      "transform_matrix": [
        [
          0.129979,
          0.292719,
          -0.947323,
          2.567482
        ],
        [
          0.990544,
          0.00397,
          0.137136,
          0.548368
        ],
        [
          0.043903,
          -0.95619,
          -0.289435,
          1.251405
        ],
        [
          0.0,
          0.0,
          0.0,
          1.0
        ]
      ]
    },
    {
      "file_path": "/media/NFS/ttao/scannet/posed_images/scene0074_02/00676.jpg",
      "transform_matrix": [
        [
          0.137441,
          0.27369,
          -0.951947,
          2.603639
        ],
        [
          0.99018,
          -0.013175,
          0.139173,
          0.439414
        ],
        [
          0.025548,
          -0.961728,
          -0.272813,
          1.252452
        ],
        [
          0.0,
          0.0,
          0.0,
          1.0
        ]
      ]
    },
    {
      "file_path": "/media/NFS/ttao/scannet/posed_images/scene0074_02/00679.jpg",
      "transform_matrix": [
        [
          0.150188,
          0.272208,
          -0.950445,
          2.601615
        ],
        [
          0.988081,
          -0.008497,
          0.153702,
          0.422655
        ],
        [
          0.033763,
          -0.962201,
