{
  "frames": [
    {
      "file_path": "/media/NFS/ttao/scannet/posed_images/scene0433_00/00000.jpg",
      "transform_matrix": [
        [
          0.998285,
          0.002504,
          0.058492,
          5.334266
        ],
        [
          -0.05057,
          -0.466538,
          0.883055,
          1.025558
        ],
        [
          0.029499,
          -0.884498,
          -0.465611,
          1.396168
        ],
        [
          0.0,
          0.0,
          0.0,
          1.0
        ]
      ]
    },
    {
      "file_path": "/media/NFS/ttao/scannet/posed_images/scene0433_00/00006.jpg",
      "transform_matrix": [
        [
          0.996993,
          0.022814,
          0.074056,
          5.335522
        ],
        [
          -0.058202,
          -0.410477,
          0.910012,
          1.025594
        ],
        [
          0.05116,
          -0.911585,
          -0.407915,
          1.398528
        ],
        [
          0.0,
          0.0,
          0.0,
          1.0
        ]
      ]
    },
    {
      "file_path": "/media/NFS/ttao/scannet/posed_images/scene0433_00/00008.jpg",
      "transform_matrix": [
        [
          0.996736,
          0.02593,
          0.076451,
          5.334376
        ],
        [
          -0.059154,
          -0.409853,
          0.910232,
          1.027337
        ],
        [
          0.054936,
          -0.911783,
          -0.406981,
          1.397792
        ],
        [
          0.0,
          0.0,
          0.0,
          1.0
        ]
      ]
    },
    {
      "file_path": "/media/NFS/ttao/scannet/posed_images/scene0433_00/00012.jpg",
      "transform_matrix": [
        [
          0.995448,
          0.025987,
          0.091691,
          5.317412
        ],
        [
          -0.073949,
          -0.39628,
          0.915147,
          1.033076
        ],
        [
          0.060117,
          -0.917762,
          -0.392555,
          1.406655
        ],
        [
          0.0,
          0.0,
          0.0,
          1.0
        ]
      ]
    },
    {
      "file_path": "/media/NFS/ttao/scannet/posed_images/scene0433_00/00017.jpg",
      "transform_matrix": [
        [
          0.994358,
          0.037477,
          0.099231,
          5.319781
        ],
        [
          -0.078169,
          -0.37346,
          0.924347,
          1.041709
        ],
        [
          0.071701,
          -0.926889,
          -0.368423,
          1.423208
        ],
        [
          0.0,
          0.0,
          0.0,
          1.0
        ]
      ]
    },
    {
      "file_path": "/media/NFS/ttao/scannet/posed_images/scene0433_00/00023.jpg",
      "transform_matrix": [
        [
          0.994826,
          0.036429,
          0.094842,
          5.319964
        ],
        [
          -0.079042,
          -0.308973,
          0.947781,
          1.047472
        ],
        [
          0.06383,
          -0.950373,
          -0.304495,
          1.448785
        ],
        [
          0.0,
          0.0,
          0.0,
          1.0
        ]
      ]
    },
    {
      "file_path": "/media/NFS/ttao/scannet/posed_images/scene0433_00/00027.jpg",
      "transform_matrix": [
        [
          0.994758,
          0.045183,
          0.091734,
          5.322073
        ],
        [
          -0.07527,
          -0.283695,
          0.955956,
          1.0565
        ],
        [
          0.069217,
          -0.957849,
          -0.278807,
          1.463976
        ],
        [
          0.0,
          0.0,
          0.0,
          1.0
        ]
      ]
    },
    {
      "file_path": "/media/NFS/ttao/scannet/posed_images/scene0433_00/00032.jpg",
      "transform_matrix": [
        [
          0.994305,
          0.052635,
          0.092668,
          5.332623
        ],
        [
          -0.078136,
          -0.231282,
          0.969744,
          1.064102
        ],
        [
          0.072475,
          -0.971462,
          -0.225852,
          1.485179
        ],
        [
          0.0,
          0.0,
          0.0,
          1.0
        ]
      ]
    },
    {
      "file_path": "/media/NFS/ttao/scannet/posed_images/scene0433_00/00035.jpg",
      "transform_matrix": [
        [
          0.994029,
          0.05478,
          0.094367,
          5.332885
        ],
        [
          -0.082154,
          -0.193433,
          0.977668,
          1.06906
        ],
        [
          0.07181,
          -0.979583,
          -0.187777,
          1.496017
        ],
        [
          0.0,
          0.0,
          0.0,
          1.0
        ]
      ]
    },
    {
      "file_path": "/media/NFS/ttao/scannet/posed_images/scene0433_00/00038.jpg",
      "transform_matrix": [
        [
          0.994763,
          0.05298,
          0.087409,
          5.337586
        ],
        [
          -0.078164,
          -0.15674,
          0.984542,
          1.073154
        ],
        [
          0.065862,
          -0.986218,
          -0.151778,
          1.5116
        ],
        [
          0.0,
          0.0,
          0.0,
          1.0
        ]
      ]
    },
    {
      "file_path": "/media/NFS/ttao/scannet/posed_images/scene0433_00/00042.jpg",
      "transform_matrix": [
        [
          0.995696,
          0.058691,
          0.071732,
          5.347092
        ],
        [
          -0.06367,
          -0.129277,
          0.989563,
          1.087563
        ],
        [
          0.067351,
          -0.98987,
          -0.124984,
          1.526757
        ],
        [
          0.0,
          0.0,
          0.0,
          1.0
        ]
      ]
    },
    {
      "file_path": "/media/NFS/ttao/scannet/posed_images/scene0433_00/00047.jpg",
      "transform_matrix": [
        [
          0.997402,
          0.062494,
          0.035833,
          5.375706
        ],
        [
          -0.029876,
          -0.09379,
          0.995144,
          1.108597
        ],
        [
          0.065551,
          -0.993629,
          -0.091679,
          1.538179
        ],
        [
          0.0,
          0.0,
          0.0,
          1.0
        ]
      ]
    },
    {
      "file_path": "/media/NFS/ttao/scannet/posed_images/scene0433_00/00052.jpg",
      "transform_matrix": [
        [
          0.997671,
          0.068204,
          -0.000835,
          5.366462
        ],
        [
          0.008778,
          -0.116246,
          0.993182,
          1.137004
        ],
        [
          0.067642,
          -0.990876,
          -0.116574,
          1.543614
        ],
        [
          0.0,
          0.0,
          0.0,
          1.0
        ]
      ]
    },
    {
      "file_path": "/media/NFS/ttao/scannet/posed_images/scene0433_00/00055.jpg",
      "transform_matrix": [
        [
          0.996882,
          0.068976,
          -0.038321,
          5.374126
        ],
        [
          0.046666,
          -0.123759,
          0.991214,
          1.150866
        ],
        [
          0.063627,
          -0.989912,
          -0.126592,
          1.545755
        ],
        [
          0.0,
          0.0,
          0.0,
          1.0
        ]
      ]
    },
    {
      "file_path": "/media/NFS/ttao/scannet/posed_images/scene0433_00/00059.jpg",
      "transform_matrix": [
        [
          0.993466,
          0.072613,
          -0.088043,
          5.378246
        ],
        [
          0.097867,
          -0.145237,
          0.984545,
          1.172449
        ],
        [
          0.058704,
          -0.986728,
          -0.151395,
          1.54212
        ],
        [
          0.0,
          0.0,
          0.0,
          1.0
        ]
      ]
    },
    {
      "file_path": "/media/NFS/ttao/scannet/posed_images/scene0433_00/00063.jpg",
      "transform_matrix": [
        [
          0.989194,
          0.083258,
          -0.120679,
          5.339425
        ],
        [
          0.134037,
          -0.180023,
          0.974487,
          1.19031
        ],
        [
          0.059409,
          -0.980132,
          -0.189237,
          1.518316
        ],
        [
          0.0,
          0.0,
          0.0,
          1.0
        ]
      ]
    },
    {
      "file_path": "/media/NFS/ttao/scannet/posed_images/scene0433_00/00070.jpg",
      "transform_matrix": [
        [
          0.985869,
          0.081151,
          -0.146549,
          5.311922
        ],
        [
          0.163437,
          -0.274053,
          0.947725,
          1.242351
        ],
        [
          0.036747,
          -0.958285,
          -0.283443,
          1.491666
        ],
        [
          0.0,
          0.0,
          0.0,
          1.0
        ]
      ]
    },
    {
      "file_path": "/media/NFS/ttao/scannet/posed_images/scene0433_00/00072.jpg",
      "transform_matrix": [
        [
          0.986772,
          0.081706,
          -0.140017,
          5.298112
        ],
        [
          0.15815,
          -0.295374,
          0.942201,
          1.250284
        ],
        [
          0.035626,
          -0.951881,
          -0.304389,
          1.480431
        ],
        [
          0.0,
          0.0,
          0.0,
          1.0
        ]
      ]
    },
    {
      "file_path": "/media/NFS/ttao/scannet/posed_images/scene0433_00/00075.jpg",
      "transform_matrix": [
        [
          0.986618,
          0.083391,
          -0.14011,
          5.274578
        ],
        [
          0.160084,
          -0.332314,
          0.929484,
          1.264414
        ],
        [
          0.03095,
          -0.939475,
          -0.341217,
          1.462884
        ],
        [
          0.0,
          0.0,
          0.0,
          1.0
        ]
      ]
    },
    {
      "file_path": "/media/NFS/ttao/scannet/posed_images/scene0433_00/00082.jpg",
      "transform_matrix": [
        [
          0.974018,
          0.095152,
          -0.205509,
          5.248887
        ],
        [
          0.22645,
          -0.397592,
          0.88918,
          1.274522
        ],
        [
          0.002898,
          -0.912615,
          -0.408809,
          1.416417
        ],
        [
          0.0,
          0.0,
          0.0,
          1.0
        ]
      ]
    },
    {
      "file_path": "/media/NFS/ttao/scannet/posed_images/scene0433_00/00084.jpg",
      "transform_matrix": [
        [
          0.970883,
          0.103679,
          -0.215954,
          5.226851
        ],
        [
          0.239549,
          -0.415312,
          0.877571,
          1.27815
        ],
        [
          0.001298,
          -0.903751,
          -0.428056,
          1.408959
        ],
        [
          0.0,
          0.0,
          0.0,
          1.0
        ]
      ]
    },
    {
      "file_path": "/media/NFS/ttao/scannet/posed_images/scene0433_00/00091.jpg",
      "transform_matrix": [
        [
          0.945107,
          0.121183,
          -0.30346,
          5.175877
        ],
        [
          0.323633,
          -0.475372,
          0.818098,
          1.286861
        ],
        [
          -0.045117,
          -0.871399,
          -0.488495,
          1.37762
        ],
        [
          0.0,
          0.0,
          0.0,
          1.0
        ]
      ]
    },
    {
      "file_path": "/media/NFS/ttao/scannet/posed_images/scene0433_00/00096.jpg",
      "transform_matrix": [
        [
          0.921737,
          0.151956,
          -0.356806,
          5.127549
        ],
        [
          0.384416,
          -0.479542,
          0.788837,
          1.285674
        ],
        [
          -0.051235,
          -0.864262,
          -0.500426,
          1.374395
        ],
        [
          0.0,
          0.0,
          0.0,
          1.0
        ]
      ]
    },
    {
      "file_path": "/media/NFS/ttao/scannet/posed_images/scene0433_00/00100.jpg",
      "transform_matrix": [
        [
          0.890777,
          0.182599,
          -0.416141,
          5.128504
        ],
        [
          0.450975,
          -0.468052,
          0.759967,
          1.310367
        ],
        [
          -0.056006,
          -0.86463,
          -0.499277,
          1.386198
        ],
        [
          0.0,
          0.0,
          0.0,
          1.0
        ]
      ]
    },
    {
      "file_path": "/media/NFS/ttao/scannet/posed_images/scene0433_00/00105.jpg",
      "transform_matrix": [
        [
          0.871209,
          0.191758,
          -0.45191,
          5.100412
        ],
        [
          0.48797,
          -0.438882,
          0.754498,
          1.311066
        ],
        [
          -0.053654,
          -0.877845,
          -0.475931,
          1.390885
        ],
        [
          0.0,
          0.0,
          0.0,
          1.0
        ]
      ]
    },
    {
      "file_path": "/media/NFS/ttao/scannet/posed_images/scene0433_00/00107.jpg",
      "transform_matrix": [
        [
          0.86728,
          0.19657,
          -0.457369,
          5.093948
        ],
        [
          0.495554,
          -0.428481,
          0.755534,
          1.314294
        ],
        [
          -0.047459,
          -0.88191,
          -0.469023,
          1.391278
        ],
        [
          0.0,
          0.0,
          0.0,
          1.0
        ]
      ]
    },
    {
      "file_path": "/media/NFS/ttao/scannet/posed_images/scene0433_00/00110.jpg",
      "transform_matrix": [
        [
          0.869103,
          0.195116,
          -0.45452,
          5.079365
        ],
        [
          0.493147,
          -0.412922,
          0.765703,
          1.318096
        ],
        [
          -0.03828,
          -0.889621,
          -0.455093,
          1.396531
        ],
        [
          0.0,
          0.0,
          0.0,
          1.0
        ]
      ]
    },
    {
      "file_path": "/media/NFS/ttao/scannet/posed_images/scene0433_00/00116.jpg",
      "transform_matrix": [
        [
          0.885219,
          0.164086,
          -0.435274,
          5.081823
        ],
        [
          0.463035,
          -0.400466,
          0.790712,
          1.348555
        ],
        [
          -0.044568,
          -0.9015,
          -0.430478,
          1.399054
        ],
        [
          0.0,
          0.0,
          0.0,
          1.0
        ]
      ]
    },
    {
      "file_path": "/media/NFS/ttao/scannet/posed_images/scene0433_00/00120.jpg",
      "transform_matrix": [
        [
          0.901424,
          0.140643,
          -0.409455,
          5.06674
        ],
        [
          0.430471,
          -0.391972,
          0.813052,
          1.365688
        ],
        [
          -0.046145,
          -0.909163,
          -0.413876,
          1.402015
        ],
        [
          0.0,
          0.0,
          0.0,
          1.0
        ]
      ]
    },
    {
      "file_path": "/media/NFS/ttao/scannet/posed_images/scene0433_00/00123.jpg",
      "transform_matrix": [
        [
          0.908341,
          0.132212,
          -0.396782,
          5.079617
        ],
        [
          0.415968,
          -0.384135,
          0.824264,
          1.390862
        ],
        [
          -0.043441,
          -0.913761,
          -0.403922,
          1.402316
        ],
        [
          0.0,
          0.0,
          0.0,
          1.0
        ]
      ]
    },
    {
      "file_path": "/media/NFS/ttao/scannet/posed_images/scene0433_00/00128.jpg",
      "transform_matrix": [
        [
          0.916243,
          0.124401,
          -0.380819,
          5.103497
        ],
        [
          0.398673,
          -0.376787,
          0.836117,
          1.438172
        ],
        [
          -0.039474,
          -0.917908,
          -0.394824,
          1.408647
        ],
        [
          0.0,
          0.0,
          0.0,
          1.0
        ]
      ]
    },
    {
      "file_path": "/media/NFS/ttao/scannet/posed_images/scene0433_00/00134.jpg",
      "transform_matrix": [
        [
          0.909057,
          0.143713,
          -0.391103,
          5.135711
        ],
        [
          0.416402,
          -0.347087,
          0.840322,
          1.498575
        ],
        [
          -0.014981,
          -0.926756,
          -0.375365,
          1.414315
        ],
        [
          0.0,
          0.0,
          0.0,
          1.0
        ]
      ]
    },
    {
      "file_path": "/media/NFS/ttao/scannet/posed_images/scene0433_00/00135.jpg",
      "transform_matrix": [
        [
          0.904228,
          0.146531,
          -0.401123,
          5.143768
        ],
        [
          0.426743,
          -0.345608,
          0.835731,
          1.511261
        ],
        [
          -0.016171,
          -0.926868,
          -0.37504,
          1.413463
        ],
        [
          0.0,
          0.0,
          0.0,
          1.0
        ]
      ]
    },
    {
      "file_path": "/media/NFS/ttao/scannet/posed_images/scene0433_00/00139.jpg",
      "transform_matrix": [
        [
          0.892658,
          0.149083,
          -0.425365,
          5.178633
        ],
        [
          0.450356,
          -0.333642,
          0.828168,
          1.552813
        ],
        [
          -0.018453,
          -0.930837,
          -0.364968,
          1.411137
        ],
        [
          0.0,
          0.0,
          0.0,
          1.0
        ]
      ]
    },
    {
      "file_path": "/media/NFS/ttao/scannet/posed_images/scene0433_00/00147.jpg",
      "transform_matrix": [
        [
          0.872806,
          0.128506,
          -0.470845,
          5.216705
        ],
        [
          0.485714,
          -0.323305,
          0.812131,
          1.641872
        ],
        [
          -0.047863,
          -0.937529,
          -0.3446,
          1.421241
        ],
        [
          0.0,
          0.0,
          0.0,
          1.0
        ]
      ]
    },
    {
      "file_path": "/media/NFS/ttao/scannet/posed_images/scene0433_00/00148.jpg",
      "transform_matrix": [
        [
          0.870728,
          0.128381,
          -0.474711,
          5.217713
        ],
        [
          0.489421,
          -0.32035,
          0.811075,
          1.650985
        ],
        [
          -0.047947,
          -0.93856,
          -0.34177,
          1.419423
        ],
        [
          0.0,
          0.0,
          0.0,
          1.0
        ]
      ]
    },
    {
      "file_path": "/media/NFS/ttao/scannet/posed_images/scene0433_00/00152.jpg",
      "transform_matrix": [
        [
          0.869723,
          0.144718,
          -0.471846,
          5.215584
        ],
        [
          0.492004,
          -0.329616,
          0.805783,
          1.710099
        ],
        [
          -0.038917,
          -0.932958,
          -0.357876,
          1.41501
        ],
        [
          0.0,
          0.0,
          0.0,
          1.0
        ]
      ]
    },
    {
      "file_path": "/media/NFS/ttao/scannet/posed_images/scene0433_00/00157.jpg",
      "transform_matrix": [
        [
          0.858491,
          0.166863,
          -0.484922,
          5.19584
        ],
        [
          0.512796,
          -0.289874,
          0.808092,
          1.798916
        ],
        [
          -0.005725,
          -0.942406,
          -0.334421,
          1.408088
        ],
        [
          0.0,
          0.0,
          0.0,
          1.0
        ]
      ]
    },
    {
      "file_path": "/media/NFS/ttao/scannet/posed_images/scene0433_00/00162.jpg",
      "transform_matrix": [
        [
          0.851711,
          0.190782,
          -0.488047,
          5.152087
        ],
        [
          0.523603,
          -0.27309,
          0.807008,
          1.904933
        ],
        [
          0.020682,
          -0.942881,
          -0.332488,
          1.428133
        ],
        [
          0.0,
          0.0,
          0.0,
          1.0
        ]
      ]
    },
    {
      "file_path": "/media/NFS/ttao/scannet/posed_images/scene0433_00/00169.jpg",
      "transform_matrix": [
        [
          0.862139,
          0.117145,
          -0.492942,
          5.122611
        ],
        [
          0.506071,
          -0.246413,
          0.826542,
          2.036404
        ],
        [
          -0.024642,
          -0.962059,
          -0.271726,
          1.428495
        ],
        [
          0.0,
          0.0,
          0.0,
          1.0
        ]
      ]
    },
    {
      "file_path": "/media/NFS/ttao/scannet/posed_images/scene0433_00/00170.jpg",
      "transform_matrix": [
        [
          0.858195,
          0.12196,
          -0.498625,
          5.138615
        ],
        [
          0.5126,
          -0.255168,
          0.819836,
          2.076253
        ],
        [
          -0.027246,
          -0.959174,
          -0.2815,
          1.429959
        ],
        [
          0.0,
          0.0,
          0.0,
          1.0
        ]
      ]
    },
    {
      "file_path": "/media/NFS/ttao/scannet/posed_images/scene0433_00/00174.jpg",
      "transform_matrix": [
        [
          0.859975,
          0.141538,
          -0.490316,
          5.12142
        ],
        [
          0.509937,
          -0.276304,
          0.814629,
          2.143053
        ],
        [
          -0.020175,
          -0.950591,
          -0.30979,
          1.424241
        ],
        [
          0.0,
          0.0,
          0.0,
          1.0
        ]
      ]
    },
    {
      "file_path": "/media/NFS/ttao/scannet/posed_images/scene0433_00/00179.jpg",
      "transform_matrix": [
        [
          0.843218,
          0.151589,
          -0.515755,
          5.133977
        ],
        [
          0.536797,
          -0.288917,
          0.792702,
          2.237592
        ],
        [
          -0.028846,
          -0.945276,
          -0.324993,
          1.416237
        ],
        [
          0.0,
          0.0,
          0.0,
          1.0
        ]
      ]
    },
    {
      "file_path": "/media/NFS/ttao/scannet/posed_images/scene0433_00/00183.jpg",
      "transform_matrix": [
        [
          0.82774,
          0.153263,
          -0.539775,
          5.165392
        ],
        [
          0.56023,
          -0.279649,
          0.779704,
          2.321907
        ],
        [
          -0.031447,
          -0.94779,
          -0.31734,
          1.411032
        ],
        [
          0.0,
          0.0,
          0.0,
          1.0
        ]
      ]
    },
    {
      "file_path": "/media/NFS/ttao/scannet/posed_images/scene0433_00/00187.jpg",
      "transform_matrix": [
        [
          0.80478,
          0.178783,
          -0.566009,
          5.17659
        ],
        [
          0.592721,
          -0.293137,
          0.750169,
          2.398532
        ],
        [
          -0.031801,
          -0.939206,
          -0.341879,
          1.413433
        ],
        [
          0.0,
          0.0,
          0.0,
          1.0
        ]
      ]
    },
    {
      "file_path": "/media/NFS/ttao/scannet/posed_images/scene0433_00/00190.jpg",
      "transform_matrix": [
        [
          0.779584,
          0.203087,
          -0.592456,
          5.185887
        ],
        [
          0.626152,
          -0.273102,
          0.730307,
          2.464255
        ],
        [
          -0.013485,
          -0.940304,
          -0.34007,
          1.409848
        ],
        [
          0.0,
          0.0,
          0.0,
          1.0
        ]
      ]
    },
    {
      "file_path": "/media/NFS/ttao/scannet/posed_images/scene0433_00/00198.jpg",
      "transform_matrix": [
        [
          0.714369,
          0.21599,
          -0.665601,
          5.18035
        ],
        [
          0.699369,
          -0.252515,
          0.66867,
          2.615792
        ],
        [
          -0.023648,
          -0.943178,
          -0.331446,
          1.421574
        ],
        [
          0.0,
          0.0,
          0.0,
          1.0
        ]
      ]
    },
    {
      "file_path": "/media/NFS/ttao/scannet/posed_images/scene0433_00/00201.jpg",
      "transform_matrix": [
        [
          0.702397,
          0.217725,
          -0.677668,
          5.166553
        ],
        [
          0.711453,
          -0.243847,
          0.65907,
          2.680501
        ],
        [
          -0.021751,
          -0.945058,
          -0.326179,
          1.419421
        ],
        [
          0.0,
          0.0,
          0.0,
          1.0
        ]
      ]
    },
    {
      "file_path": "/media/NFS/ttao/scannet/posed_images/scene0433_00/00203.jpg",
      "transform_matrix": [
        [
          0.699753,
          0.229847,
          -0.676399,
          5.157609
        ],
        [
          0.714292,
          -0.240344,
          0.657283,
          2.715834
        ],
        [
          -0.011494,
          -0.943083,
          -0.332359,
          1.4172
        ],
        [
          0.0,
          0.0,
          0.0,
          1.0
        ]
      ]
    },
    {
      "file_path": "/media/NFS/ttao/scannet/posed_images/scene0433_00/00208.jpg",
      "transform_matrix": [
        [
          0.690364,
          0.239458,
          -0.682683,
          5.13437
        ],
        [
          0.723382,
          -0.214472,
          0.656292,
          2.813216
        ],
        [
          0.010738,
          -0.946922,
          -0.321284,
          1.417343
        ],
        [
          0.0,
          0.0,
          0.0,
          1.0
        ]
      ]
    },
    {
      "file_path": "/media/NFS/ttao/scannet/posed_images/scene0433_00/00212.jpg",
      "transform_matrix": [
        [
          0.664909,
          0.249899,
          -0.70388,
          5.121522
        ],
        [
          0.746222,
          -0.181382,
          0.64051,
          2.903993
        ],
        [
          0.032392,
          -0.951132,
          -0.307082,
          1.420143
        ],
        [
          0.0,
          0.0,
          0.0,
          1.0
        ]
      ]
    },
    {
      "file_path": "/media/NFS/ttao/scannet/posed_images/scene0433_00/00220.jpg",
      "transform_matrix": [
        [
          0.66688,
          0.289515,
          -0.686623,
          5.101043
        ],
        [
          0.744571,
          -0.222124,
          0.629503,
          3.037593
        ],
        [
          0.029736,
          -0.931043,
          -0.363695,
          1.409342
        ],
        [
          0.0,
          0.0,
          0.0,
          1.0
        ]
      ]
    },
    {
      "file_path": "/media/NFS/ttao/scannet/posed_images/scene0433_00/00221.jpg",
      "transform_matrix": [
        [
          0.665334,
          0.294028,
          -0.686205,
          5.09586
        ],
        [
          0.745804,
          -0.220815,
          0.628504,
          3.052579
        ],
        [
          0.033273,
          -0.92994,
          -0.366203,
          1.404571
        ],
        [
          0.0,
          0.0,
          0.0,
          1.0
        ]
      ]
    },
    {
      "file_path": "/media/NFS/ttao/scannet/posed_images/scene0433_00/00227.jpg",
      "transform_matrix": [
        [
          0.578552,
          0.292452,
          -0.761413,
          5.093212
        ],
        [
          0.815467,
          -0.187887,
          0.54746,
          3.181323
        ],
        [
          0.017047,
          -0.937641,
          -0.347187,
          1.4055
        ],
        [
          0.0,
          0.0,
          0.0,
          1.0
        ]
      ]
    },
    {
      "file_path": "/media/NFS/ttao/scannet/posed_images/scene0433_00/00233.jpg",
      "transform_matrix": [
        [
          0.522593,
          0.313051,
          -0.793029,
          5.080383
        ],
        [
          0.852582,
          -0.191198,
          0.486361,
          3.281834
        ],
        [
          0.00063,
          -0.930291,
          -0.366821,
          1.391242
        ],
        [
          0.0,
          0.0,
          0.0,
          1.0
        ]
      ]
    },
    {
      "file_path": "/media/NFS/ttao/scannet/posed_images/scene0433_00/00236.jpg",
      "transform_matrix": [
        [
          0.494448,
          0.363752,
          -0.789434,
          5.058047
        ],
        [
          0.869108,
          -0.220601,
          0.442703,
          3.335167
        ],
        [
          -0.013115,
          -0.904997,
          -0.425215,
          1.387363
        ],
        [
          0.0,
          0.0,
          0.0,
          1.0
        ]
      ]
    },
    {
      "file_path": "/media/NFS/ttao/scannet/posed_images/scene0433_00/00238.jpg",
      "transform_matrix": [
        [
          0.475559,
          0.373561,
          -0.796427,
          5.043303
        ],
        [
          0.879411,
          -0.224434,
          0.41984,
          3.372007
        ],
        [
          -0.021909,
          -0.900045,
          -0.435245,
          1.39032
        ],
        [
          0.0,
          0.0,
          0.0,
          1.0
        ]
      ]
    },
    {
      "file_path": "/media/NFS/ttao/scannet/posed_images/scene0433_00/00244.jpg",
      "transform_matrix": [
        [
          0.3793,
          0.379128,
          -0.844034,
          5.006354
        ],
        [
          0.924814,
          -0.18411,
          0.332902,
          3.476275
        ],
        [
          -0.029182,
          -0.906844,
          -0.420456,
          1.372271
        ],
        [
          0.0,
          0.0,
          0.0,
          1.0
        ]
      ]
    },
    {
      "file_path": "/media/NFS/ttao/scannet/posed_images/scene0433_00/00247.jpg",
      "transform_matrix": [
        [
          0.336202,
          0.385069,
          -0.859471,
          4.977451
        ],
        [
          0.941437,
          -0.162397,
          0.295506,
          3.526883
        ],
        [
          -0.025785,
          -0.908487,
          -0.417117,
          1.377206
        ],
        [
          0.0,
          0.0,
          0.0,
          1.0
        ]
      ]
    },
    {
      "file_path": "/media/NFS/ttao/scannet/posed_images/scene0433_00/00253.jpg",
      "transform_matrix": [
        [
          0.252312,
          0.32186,
          -0.912548,
          4.944377
        ],
        [
          0.967392,
          -0.105516,
          0.23026,
          3.604635
        ],
        [
          -0.022177,
          -0.940889,
          -0.337988,
          1.381868
        ],
        [
          0.0,
          0.0,
          0.0,
          1.0
        ]
      ]
    },
    {
      "file_path": "/media/NFS/ttao/scannet/posed_images/scene0433_00/00258.jpg",
      "transform_matrix": [
        [
          0.227648,
          0.35068,
          -0.908405,
          4.923863
        ],
        [
          0.972954,
          -0.119479,
          0.197701,
          3.673924
        ],
        [
          -0.039205,
          -0.928842,
          -0.368395,
          1.381553
        ],
        [
          0.0,
          0.0,
          0.0,
          1.0
        ]
      ]
    },
    {
      "file_path": "/media/NFS/ttao/scannet/posed_images/scene0433_00/00262.jpg",
      "transform_matrix": [
        [
          0.179883,
          0.354825,
          -0.917464,
          4.905315
        ],
        [
          0.983241,
          -0.092965,
          0.156826,
          3.726367
        ],
        [
          -0.029646,
          -0.930299,
          -0.365602,
          1.377784
        ],
        [
          0.0,
          0.0,
          0.0,
          1.0
        ]
      ]
    },
    {
      "file_path": "/media/NFS/ttao/scannet/posed_images/scene0433_00/00263.jpg",
      "transform_matrix": [
        [
          0.159243,
          0.356,
          -0.920818,
          4.901988
        ],
        [
          0.986773,
          -0.086064,
          0.137375,
          3.743472
        ],
        [
          -0.030344,
          -0.930514,
          -0.364997,
          1.375834
        ],
        [
          0.0,
          0.0,
          0.0,
          1.0
        ]
      ]
    },
    {
      "file_path": "/media/NFS/ttao/scannet/posed_images/scene0433_00/00270.jpg",
      "transform_matrix": [
        [
          0.026902,
          0.370155,
          -0.92858,
          4.895752
        ],
        [
          0.999416,
          -0.029532,
          0.017182,
          3.824298
        ],
        [
          -0.021063,
          -0.9285,
          -0.370733,
          1.381097
        ],
        [
          0.0,
          0.0,
          0.0,
          1.0
        ]
      ]
    },
    {
      "file_path": "/media/NFS/ttao/scannet/posed_images/scene0433_00/00275.jpg",
      "transform_matrix": [
        [
          -0.048167,
          0.376367,
          -0.925218,
          4.878693
        ],
        [
          0.998793,
          0.009195,
          -0.048257,
          3.894436
        ],
        [
          -0.009654,
          -0.926425,
          -0.376355,
          1.383385
        ],
        [
          0.0,
          0.0,
          0.0,
          1.0
        ]
      ]
    },
    {
      "file_path": "/media/NFS/ttao/scannet/posed_images/scene0433_00/00276.jpg",
      "transform_matrix": [
        [
          -0.054682,
          0.379306,
          -0.923654,
          4.873425
        ],
        [
          0.998416,
          0.008463,
          -0.055632,
          3.905839
        ],
        [
          -0.013285,
          -0.925232,
          -0.379168,
          1.381616
        ],
        [
          0.0,
          0.0,
          0.0,
          1.0
        ]
      ]
    },
    {
      "file_path": "/media/NFS/ttao/scannet/posed_images/scene0433_00/00282.jpg",
      "transform_matrix": [
        [
          -0.125501,
          0.356399,
          -0.925867,
          4.852751
        ],
        [
          0.991033,
          0.001891,
          -0.133606,
          3.951738
        ],
        [
          -0.045866,
          -0.934332,
          -0.35344,
          1.37612
        ],
        [
          0.0,
          0.0,
          0.0,
          1.0
        ]
      ]
    },
    {
      "file_path": "/media/NFS/ttao/scannet/posed_images/scene0433_00/00288.jpg",
      "transform_matrix": [
        [
          -0.195953,
          0.386632,
          -0.901176,
          4.774329
        ],
        [
          0.97999,
          0.044457,
          -0.194017,
          4.006313
        ],
        [
          -0.034949,
          -0.921162,
          -0.387607,
          1.364435
        ],
        [
          0.0,
          0.0,
          0.0,
          1.0
        ]
      ]
    },
    {
      "file_path": "/media/NFS/ttao/scannet/posed_images/scene0433_00/00289.jpg",
      "transform_matrix": [
        [
          -0.207008,
          0.383099,
          -0.900212,
          4.759231
        ],
        [
          0.977857,
          0.052141,
          -0.202674,
          4.017906
        ],
        [
          -0.030706,
          -0.922234,
          -0.38541,
          1.360564
        ],
        [
          0.0,
          0.0,
          0.0,
          1.0
        ]
      ]
    },
    {
      "file_path": "/media/NFS/ttao/scannet/posed_images/scene0433_00/00296.jpg",
      "transform_matrix": [
        [
          -0.274915,
          0.371397,
          -0.88684,
          4.673135
        ],
        [
          0.961456,
          0.101509,
          -0.255535,
          4.060701
        ],
        [
          -0.004883,
          -0.922908,
          -0.384989,
          1.369333
        ],
        [
          0.0,
          0.0,
          0.0,
          1.0
        ]
      ]
    },
    {
      "file_path": "/media/NFS/ttao/scannet/posed_images/scene0433_00/00298.jpg",
      "transform_matrix": [
        [
          -0.294481,
          0.376384,
          -0.878417,
          4.652594
        ],
        [
          0.95559,
          0.105046,
          -0.275342,
          4.074536
        ],
        [
          -0.01136,
          -0.920489,
          -0.390603,
          1.375154
        ],
        [
          0.0,
          0.0,
          0.0,
          1.0
        ]
      ]
    },
    {
      "file_path": "/media/NFS/ttao/scannet/posed_images/scene0433_00/00302.jpg",
      "transform_matrix": [
        [
          -0.319323,
          0.36165,
          -0.875923,
          4.633686
        ],
        [
          0.947527,
          0.10721,
          -0.301161,
          4.098094
        ],
        [
          -0.015007,
          -0.926129,
          -0.376908,
          1.378569
        ],
        [
          0.0,
          0.0,
          0.0,
          1.0
        ]
      ]
    },
    {
      "file_path": "/media/NFS/ttao/scannet/posed_images/scene0433_00/00309.jpg",
      "transform_matrix": [
        [
          -0.416234,
          0.370181,
          -0.830491,
          4.599431
        ],
        [
          0.909254,
          0.171966,
          -0.379058,
          4.177473
        ],
        [
          0.002496,
          -0.912904,
          -0.408167,
          1.379413
        ],
        [
          0.0,
          0.0,
          0.0,
          1.0
        ]
      ]
    },
    {
      "file_path": "/media/NFS/ttao/scannet/posed_images/scene0433_00/00312.jpg",
      "transform_matrix": [
        [
          -0.458013,
          0.350317,
          -0.817007,
          4.594966
        ],
        [
          0.888639,
          0.204547,
          -0.410464,
          4.220443
        ],
        [
          0.023324,
          -0.914023,
          -0.404991,
          1.382485
        ],
        [
          0.0,
          0.0,
          0.0,
          1.0
        ]
      ]
    },
    {
      "file_path": "/media/NFS/ttao/scannet/posed_images/scene0433_00/00316.jpg",
      "transform_matrix": [
        [
          -0.519666,
          0.328789,
          -0.788571,
          4.573052
        ],
        [
          0.854027,
          0.226018,
          -0.468565,
          4.286458
        ],
        [
          0.024172,
          -0.916959,
          -0.398248,
          1.388354
        ],
        [
          0.0,
          0.0,
          0.0,
          1.0
        ]
      ]
    },
    {
      "file_path": "/media/NFS/ttao/scannet/posed_images/scene0433_00/00318.jpg",
      "transform_matrix": [
        [
          -0.539219,
          0.328177,
          -0.775592,
          4.563812
        ],
        [
          0.841914,
          0.232571,
          -0.48692,
          4.316646
        ],
        [
          0.020584,
          -0.915538,
          -0.401704,
          1.385516
        ],
        [
          0.0,
          0.0,
          0.0,
          1.0
        ]
      ]
    },
    {
      "file_path": "/media/NFS/ttao/scannet/posed_images/scene0433_00/00326.jpg",
      "transform_matrix": [
        [
          -0.60293,
          0.359594,
          -0.712157,
          4.516283
        ],
        [
          0.797748,
          0.262108,
          -0.543045,
          4.38879
        ],
        [
          -0.008613,
          -0.89554,
          -0.444898,
          1.379843
        ],
        [
          0.0,
          0.0,
          0.0,
          1.0
        ]
      ]
    },
    {
      "file_path": "/media/NFS/ttao/scannet/posed_images/scene0433_00/00327.jpg",
      "transform_matrix": [
        [
          -0.610083,
          0.361504,
          -0.705063,
          4.505406
        ],
        [
          0.79219,
          0.261126,
          -0.551587,
          4.394597
        ],
        [
          -0.01529,
          -0.895057,
          -0.445688,
          1.375725
        ],
        [
          0.0,
