{
  "frames": [
    {
      "file_path": "/media/NFS/ttao/scannet/posed_images/scene0007_00/00000.jpg",
      "transform_matrix": [
        [
          0.645842,
          -0.099101,
          0.757012,
          3.729951
        ],
        [
          -0.761541,
          -0.013148,
          0.647984,
          1.432448
        ],
        [
          -0.054263,
          -0.994991,
          -0.083961,
          1.733539
        ],
        [
          0.0,
          0.0,
          0.0,
          1.0
        ]
      ]
    },
    {
      "file_path": "/media/NFS/ttao/scannet/posed_images/scene0007_00/00005.jpg",
      "transform_matrix": [
        [
          0.665688,
          -0.099709,
          0.739539,
          3.730101
        ],
        [
          -0.743753,
          -0.007962,
          0.668408,
          1.434056
        ],
        [
          -0.060758,
          -0.994985,
          -0.079459,
          1.7382
        ],
        [
          0.0,
          0.0,
          0.0,
          1.0
        ]
      ]
    },
    {
      "file_path": "/media/NFS/ttao/scannet/posed_images/scene0007_00/00006.jpg",
      "transform_matrix": [
        [
          0.665498,
          -0.099152,
          0.739784,
          3.730167
        ],
        [
          -0.74403,
          -0.009215,
          0.668083,
          1.434473
        ],
        [
          -0.059424,
          -0.99503,
          -0.079905,
          1.741311
        ],
        [
          0.0,
          0.0,
          0.0,
          1.0
        ]
      ]
    },
    {
      "file_path": "/media/NFS/ttao/scannet/posed_images/scene0007_00/00011.jpg",
      "transform_matrix": [
        [
          0.663352,
          -0.097018,
          0.741991,
          3.731977
        ],
        [
          -0.746177,
          -0.010987,
          0.665658,
          1.437673
        ],
        [
          -0.056429,
          -0.995222,
          -0.079681,
          1.746533
        ],
        [
          0.0,
          0.0,
          0.0,
          1.0
        ]
      ]
    },
    {
      "file_path": "/media/NFS/ttao/scannet/posed_images/scene0007_00/00016.jpg",
      "transform_matrix": [
        [
          0.672599,
          -0.082358,
          0.73541,
          3.727303
        ],
        [
          -0.737801,
          0.00205,
          0.675015,
          1.435217
        ],
        [
          -0.0571,
          -0.996601,
          -0.059385,
          1.748074
        ],
        [
          0.0,
          0.0,
          0.0,
          1.0
        ]
      ]
    },
    {
      "file_path": "/media/NFS/ttao/scannet/posed_images/scene0007_00/00018.jpg",
      "transform_matrix": [
        [
          0.671877,
          -0.081327,
          0.736184,
          3.72672
        ],
        [
          -0.738514,
          0.002109,
          0.674235,
          1.434987
        ],
        [
          -0.056386,
          -0.996685,
          -0.058644,
          1.751454
        ],
        [
          0.0,
          0.0,
          0.0,
          1.0
        ]
      ]
    },
    {
      "file_path": "/media/NFS/ttao/scannet/posed_images/scene0007_00/00020.jpg",
      "transform_matrix": [
        [
          0.66874,
          -0.078891,
          0.739299,
          3.72687
        ],
        [
          -0.741124,
          0.008648,
          0.671313,
          1.433752
        ],
        [
          -0.059354,
          -0.996846,
          -0.052685,
          1.748728
        ],
        [
          0.0,
          0.0,
          0.0,
          1.0
        ]
      ]
    },
    {
      "file_path": "/media/NFS/ttao/scannet/posed_images/scene0007_00/00024.jpg",
      "transform_matrix": [
        [
          0.678888,
          -0.071401,
          0.730762,
          3.72397
        ],
        [
          -0.731542,
          0.019507,
          0.681518,
          1.430987
        ],
        [
          -0.062916,
          -0.997257,
          -0.038989,
          1.749523
        ],
        [
          0.0,
          0.0,
          0.0,
          1.0
        ]
      ]
    },
    {
      "file_path": "/media/NFS/ttao/scannet/posed_images/scene0007_00/00028.jpg",
      "transform_matrix": [
        [
          0.681733,
          -0.079451,
          0.727274,
          3.723456
        ],
        [
          -0.728726,
          0.014303,
          0.684656,
          1.432006
        ],
        [
          -0.064799,
          -0.996736,
          -0.048147,
          1.749125
        ],
        [
          0.0,
          0.0,
          0.0,
          1.0
        ]
      ]
    },
    {
      "file_path": "/media/NFS/ttao/scannet/posed_images/scene0007_00/00033.jpg",
      "transform_matrix": [
        [
          0.683668,
          -0.085645,
          0.72475,
          3.725307
        ],
        [
          -0.727257,
          0.002773,
          0.68636,
          1.43239
        ],
        [
          -0.060793,
          -0.996322,
          -0.06039,
          1.749465
        ],
        [
          0.0,
          0.0,
          0.0,
          1.0
        ]
      ]
    },
    {
      "file_path": "/media/NFS/ttao/scannet/posed_images/scene0007_00/00034.jpg",
      "transform_matrix": [
        [
          0.684218,
          -0.084793,
          0.724332,
          3.724872
        ],
        [
          -0.726811,
          0.002344,
          0.686834,
          1.432817
        ],
        [
          -0.059936,
          -0.996396,
          -0.060025,
          1.748291
        ],
        [
          0.0,
          0.0,
          0.0,
          1.0
        ]
      ]
    },
    {
      "file_path": "/media/NFS/ttao/scannet/posed_images/scene0007_00/00037.jpg",
      "transform_matrix": [
        [
          0.687588,
          -0.085288,
          0.721075,
          3.723768
        ],
        [
          -0.723322,
          0.006341,
          0.690481,
          1.433916
        ],
        [
          -0.063462,
          -0.996336,
          -0.05733,
          1.742171
        ],
        [
          0.0,
          0.0,
          0.0,
          1.0
        ]
      ]
    },
    {
      "file_path": "/media/NFS/ttao/scannet/posed_images/scene0007_00/00044.jpg",
      "transform_matrix": [
        [
          0.692338,
          -0.120355,
          0.711465,
          3.729791
        ],
        [
          -0.718239,
          -0.020261,
          0.695502,
          1.442837
        ],
        [
          -0.069292,
          -0.992524,
          -0.100472,
          1.720442
        ],
        [
          0.0,
          0.0,
          0.0,
          1.0
        ]
      ]
    },
    {
      "file_path": "/media/NFS/ttao/scannet/posed_images/scene0007_00/00046.jpg",
      "transform_matrix": [
        [
          0.690255,
          -0.125991,
          0.712513,
          3.732071
        ],
        [
          -0.720452,
          -0.028413,
          0.692922,
          1.445541
        ],
        [
          -0.067057,
          -0.991624,
          -0.110383,
          1.717648
        ],
        [
          0.0,
          0.0,
          0.0,
          1.0
        ]
      ]
    },
    {
      "file_path": "/media/NFS/ttao/scannet/posed_images/scene0007_00/00050.jpg",
      "transform_matrix": [
        [
          0.685094,
          -0.130306,
          0.716706,
          3.735702
        ],
        [
          -0.725497,
          -0.033471,
          0.687411,
          1.449933
        ],
        [
          -0.065585,
          -0.990909,
          -0.117468,
          1.702934
        ],
        [
          0.0,
          0.0,
          0.0,
          1.0
        ]
      ]
    },
    {
      "file_path": "/media/NFS/ttao/scannet/posed_images/scene0007_00/00051.jpg",
      "transform_matrix": [
        [
          0.684927,
          -0.130295,
          0.716867,
          3.735094
        ],
        [
          -0.725683,
          -0.033873,
          0.687195,
          1.450373
        ],
        [
          -0.065255,
          -0.990897,
          -0.117753,
          1.698593
        ],
        [
          0.0,
          0.0,
          0.0,
          1.0
        ]
      ]
    },
    {
      "file_path": "/media/NFS/ttao/scannet/posed_images/scene0007_00/00057.jpg",
      "transform_matrix": [
        [
          0.684242,
          -0.154301,
          0.712744,
          3.742115
        ],
        [
          -0.726881,
          -0.0655,
          0.683633,
          1.459594
        ],
        [
          -0.0588,
          -0.98585,
          -0.156976,
          1.675963
        ],
        [
          0.0,
          0.0,
          0.0,
          1.0
        ]
      ]
    },
    {
      "file_path": "/media/NFS/ttao/scannet/posed_images/scene0007_00/00060.jpg",
      "transform_matrix": [
        [
          0.684217,
          -0.163951,
          0.71061,
          3.746418
        ],
        [
          -0.727031,
          -0.076909,
          0.682283,
          1.463898
        ],
        [
          -0.057209,
          -0.983466,
          -0.17182,
          1.662189
        ],
        [
          0.0,
          0.0,
          0.0,
          1.0
        ]
      ]
    },
    {
      "file_path": "/media/NFS/ttao/scannet/posed_images/scene0007_00/00061.jpg",
      "transform_matrix": [
        [
          0.684095,
          -0.168181,
          0.709738,
          3.747548
        ],
        [
          -0.727049,
          -0.079292,
          0.681991,
          1.464899
        ],
        [
          -0.058422,
          -0.982562,
          -0.176519,
          1.658478
        ],
        [
          0.0,
          0.0,
          0.0,
          1.0
        ]
      ]
    },
    {
      "file_path": "/media/NFS/ttao/scannet/posed_images/scene0007_00/00068.jpg",
      "transform_matrix": [
        [
          0.688078,
          -0.204861,
          0.696118,
          3.755975
        ],
        [
          -0.723349,
          -0.117537,
          0.680405,
          1.472628
        ],
        [
          -0.057569,
          -0.971708,
          -0.22906,
          1.61434
        ],
        [
          0.0,
          0.0,
          0.0,
          1.0
        ]
      ]
    },
    {
      "file_path": "/media/NFS/ttao/scannet/posed_images/scene0007_00/00071.jpg",
      "transform_matrix": [
        [
          0.687087,
          -0.212742,
          0.694732,
          3.755733
        ],
        [
          -0.724534,
          -0.128994,
          0.677061,
          1.475097
        ],
        [
          -0.054423,
          -0.968556,
          -0.242769,
          1.595414
        ],
        [
          0.0,
          0.0,
          0.0,
          1.0
        ]
      ]
    },
    {
      "file_path": "/media/NFS/ttao/scannet/posed_images/scene0007_00/00072.jpg",
      "transform_matrix": [
        [
          0.687235,
          -0.215638,
          0.693691,
          3.756469
        ],
        [
          -0.724499,
          -0.133789,
          0.676167,
          1.475715
        ],
        [
          -0.052999,
          -0.967264,
          -0.248175,
          1.590943
        ],
        [
          0.0,
          0.0,
          0.0,
          1.0
        ]
      ]
    },
    {
      "file_path": "/media/NFS/ttao/scannet/posed_images/scene0007_00/00078.jpg",
      "transform_matrix": [
        [
          0.686595,
          -0.237066,
          0.687305,
          3.757572
        ],
        [
          -0.725092,
          -0.154116,
          0.671185,
          1.475448
        ],
        [
          -0.05319,
          -0.959191,
          -0.27771,
          1.555232
        ],
        [
          0.0,
          0.0,
          0.0,
          1.0
        ]
      ]
    },
    {
      "file_path": "/media/NFS/ttao/scannet/posed_images/scene0007_00/00079.jpg",
      "transform_matrix": [
        [
          0.686625,
          -0.235838,
          0.687696,
          3.75768
        ],
        [
          -0.724834,
          -0.148901,
          0.67264,
          1.474091
        ],
        [
          -0.056235,
          -0.960317,
          -0.273183,
          1.550065
        ],
        [
          0.0,
          0.0,
          0.0,
          1.0
        ]
      ]
    },
    {
      "file_path": "/media/NFS/ttao/scannet/posed_images/scene0007_00/00085.jpg",
      "transform_matrix": [
        [
          0.701268,
          -0.191536,
          0.686685,
          3.741822
        ],
        [
          -0.711003,
          -0.117742,
          0.693261,
          1.461526
        ],
        [
          -0.051933,
          -0.974398,
          -0.218751,
          1.5388
        ],
        [
          0.0,
          0.0,
          0.0,
          1.0
        ]
      ]
    },
    {
      "file_path": "/media/NFS/ttao/scannet/posed_images/scene0007_00/00087.jpg",
      "transform_matrix": [
        [
          0.702044,
          -0.189037,
          0.686585,
          3.736208
        ],
        [
          -0.70998,
          -0.110863,
          0.695441,
          1.45689
        ],
        [
          -0.055348,
          -0.975692,
          -0.212043,
          1.540935
        ],
        [
          0.0,
          0.0,
          0.0,
          1.0
        ]
      ]
    },
    {
      "file_path": "/media/NFS/ttao/scannet/posed_images/scene0007_00/00090.jpg",
      "transform_matrix": [
        [
          0.7051,
          -0.191619,
          0.682727,
          3.734254
        ],
        [
          -0.706099,
          -0.101129,
          0.700854,
          1.450785
        ],
        [
          -0.065253,
          -0.976245,
          -0.206608,
          1.546471
        ],
        [
          0.0,
          0.0,
          0.0,
          1.0
        ]
      ]
    },
    {
      "file_path": "/media/NFS/ttao/scannet/posed_images/scene0007_00/00094.jpg",
      "transform_matrix": [
        [
          0.71396,
          -0.196329,
          0.672098,
          3.735449
        ],
        [
          -0.695476,
          -0.087682,
          0.71318,
          1.442904
        ],
        [
          -0.081087,
          -0.97661,
          -0.199144,
          1.562944
        ],
        [
          0.0,
          0.0,
          0.0,
          1.0
        ]
      ]
    },
    {
      "file_path": "/media/NFS/ttao/scannet/posed_images/scene0007_00/00099.jpg",
      "transform_matrix": [
        [
          0.72696,
          -0.184171,
          0.661521,
          3.741083
        ],
        [
          -0.681458,
          -0.074912,
          0.728013,
          1.435166
        ],
        [
          -0.084523,
          -0.980035,
          -0.179963,
          1.593917
        ],
        [
          0.0,
          0.0,
          0.0,
          1.0
        ]
      ]
    },
    {
      "file_path": "/media/NFS/ttao/scannet/posed_images/scene0007_00/00100.jpg",
      "transform_matrix": [
        [
          0.728261,
          -0.175677,
          0.662399,
          3.740995
        ],
        [
          -0.680594,
          -0.072335,
          0.729081,
          1.433636
        ],
        [
          -0.080168,
          -0.981787,
          -0.172243,
          1.600201
        ],
        [
          0.0,
          0.0,
          0.0,
          1.0
        ]
      ]
    },
    {
      "file_path": "/media/NFS/ttao/scannet/posed_images/scene0007_00/00103.jpg",
      "transform_matrix": [
        [
          0.730096,
          -0.153123,
          0.665967,
          3.740784
        ],
        [
          -0.679293,
          -0.056667,
          0.731676,
          1.430426
        ],
        [
          -0.074298,
          -0.986581,
          -0.145388,
          1.620575
        ],
        [
          0.0,
          0.0,
          0.0,
          1.0
        ]
      ]
    },
    {
      "file_path": "/media/NFS/ttao/scannet/posed_images/scene0007_00/00107.jpg",
      "transform_matrix": [
        [
          0.745205,
          -0.151059,
          0.649501,
          3.737683
        ],
        [
          -0.661258,
          -0.041686,
          0.748999,
          1.42474
        ],
        [
          -0.086068,
          -0.987645,
          -0.130954,
          1.656313
        ],
        [
          0.0,
          0.0,
          0.0,
          1.0
        ]
      ]
    },
    {
      "file_path": "/media/NFS/ttao/scannet/posed_images/scene0007_00/00111.jpg",
      "transform_matrix": [
        [
          0.766644,
          -0.128151,
          0.629154,
          3.727966
        ],
        [
          -0.636895,
          -0.027592,
          0.770457,
          1.418792
        ],
        [
          -0.081375,
          -0.991371,
          -0.102772,
          1.695586
        ],
        [
          0.0,
          0.0,
          0.0,
          1.0
        ]
      ]
    },
    {
      "file_path": "/media/NFS/ttao/scannet/posed_images/scene0007_00/00117.jpg",
      "transform_matrix": [
        [
          0.778085,
          -0.100531,
          0.620062,
          3.686534
        ],
        [
          -0.622484,
          0.008978,
          0.782581,
          1.409681
        ],
        [
          -0.08424,
          -0.994893,
          -0.055593,
          1.726172
        ],
        [
          0.0,
          0.0,
          0.0,
          1.0
        ]
      ]
    },
    {
      "file_path": "/media/NFS/ttao/scannet/posed_images/scene0007_00/00120.jpg",
      "transform_matrix": [
        [
          0.788953,
          -0.089476,
          0.607903,
          3.657405
        ],
        [
          -0.609518,
          0.011177,
          0.792694,
          1.408903
        ],
        [
          -0.077722,
          -0.995926,
          -0.045719,
          1.741805
        ],
        [
          0.0,
          0.0,
          0.0,
          1.0
        ]
      ]
    },
    {
      "file_path": "/media/NFS/ttao/scannet/posed_images/scene0007_00/00123.jpg",
      "transform_matrix": [
        [
          0.792548,
          -0.077904,
          0.604813,
          3.614883
        ],
        [
          -0.606445,
          0.003359,
          0.795118,
          1.413346
        ],
        [
          -0.063974,
          -0.996955,
          -0.044582,
          1.747328
        ],
        [
          0.0,
          0.0,
          0.0,
          1.0
        ]
      ]
    },
    {
      "file_path": "/media/NFS/ttao/scannet/posed_images/scene0007_00/00127.jpg",
      "transform_matrix": [
        [
          0.782969,
          -0.076261,
          0.617369,
          3.549004
        ],
        [
          -0.619794,
          -0.010984,
          0.784688,
          1.423375
        ],
        [
          -0.05306,
          -0.997027,
          -0.055866,
          1.753395
        ],
        [
          0.0,
          0.0,
          0.0,
          1.0
        ]
      ]
    },
    {
      "file_path": "/media/NFS/ttao/scannet/posed_images/scene0007_00/00128.jpg",
      "transform_matrix": [
        [
          0.781357,
          -0.079624,
          0.618983,
          3.532303
        ],
        [
          -0.621385,
          -0.007118,
          0.783473,
          1.425043
        ],
        [
          -0.057977,
          -0.9968,
          -0.055039,
          1.753456
        ],
        [
          0.0,
          0.0,
          0.0,
          1.0
        ]
      ]
    },
    {
      "file_path": "/media/NFS/ttao/scannet/posed_images/scene0007_00/00133.jpg",
      "transform_matrix": [
        [
          0.777944,
          -0.086813,
          0.622307,
          3.439291
        ],
        [
          -0.623811,
          0.011897,
          0.781485,
          1.42618
        ],
        [
          -0.075247,
          -0.996154,
          -0.044899,
          1.758676
        ],
        [
          0.0,
          0.0,
          0.0,
          1.0
        ]
      ]
    },
    {
      "file_path": "/media/NFS/ttao/scannet/posed_images/scene0007_00/00134.jpg",
      "transform_matrix": [
        [
          0.774821,
          -0.084157,
          0.626554,
          3.421466
        ],
        [
          -0.627851,
          0.013354,
          0.778219,
          1.426622
        ],
        [
          -0.07386,
          -0.996363,
          -0.042491,
          1.759298
        ],
        [
          0.0,
          0.0,
          0.0,
          1.0
        ]
      ]
    },
    {
      "file_path": "/media/NFS/ttao/scannet/posed_images/scene0007_00/00138.jpg",
      "transform_matrix": [
        [
          0.776057,
          -0.081481,
          0.625377,
          3.355276
        ],
        [
          -0.625895,
          0.022194,
          0.779591,
          1.423676
        ],
        [
          -0.077402,
          -0.996428,
          -0.033775,
          1.757727
        ],
        [
          0.0,
          0.0,
          0.0,
          1.0
        ]
      ]
    },
    {
      "file_path": "/media/NFS/ttao/scannet/posed_images/scene0007_00/00144.jpg",
      "transform_matrix": [
        [
          0.793028,
          -0.082013,
          0.603639,
          3.266468
        ],
        [
          -0.605905,
          -0.003502,
          0.795529,
          1.408373
        ],
        [
          -0.063129,
          -0.996625,
          -0.05247,
          1.758707
        ],
        [
          0.0,
          0.0,
          0.0,
          1.0
        ]
      ]
    },
    {
      "file_path": "/media/NFS/ttao/scannet/posed_images/scene0007_00/00145.jpg",
      "transform_matrix": [
        [
          0.793668,
          -0.080464,
          0.603006,
          3.251827
        ],
        [
          -0.605299,
          -0.005289,
          0.795981,
          1.405033
        ],
        [
          -0.060858,
          -0.996743,
          -0.052902,
          1.76002
        ],
        [
          0.0,
          0.0,
          0.0,
          1.0
        ]
      ]
    },
    {
      "file_path": "/media/NFS/ttao/scannet/posed_images/scene0007_00/00149.jpg",
      "transform_matrix": [
        [
          0.802659,
          -0.081333,
          0.590866,
          3.19998
        ],
        [
          -0.592894,
          -0.000973,
          0.80528,
          1.384151
        ],
        [
          -0.064921,
          -0.996687,
          -0.049002,
          1.750531
        ],
        [
          0.0,
          0.0,
          0.0,
          1.0
        ]
      ]
    },
    {
      "file_path": "/media/NFS/ttao/scannet/posed_images/scene0007_00/00154.jpg",
      "transform_matrix": [
        [
          0.820831,
          -0.088858,
          0.564217,
          3.137752
        ],
        [
          -0.567407,
          -0.013623,
          0.823325,
          1.346975
        ],
        [
          -0.065472,
          -0.995951,
          -0.061601,
          1.735003
        ],
        [
          0.0,
          0.0,
          0.0,
          1.0
        ]
      ]
    },
    {
      "file_path": "/media/NFS/ttao/scannet/posed_images/scene0007_00/00157.jpg",
      "transform_matrix": [
        [
          0.833707,
          -0.094637,
          0.544037,
          3.100368
        ],
        [
          -0.547252,
          -0.009912,
          0.836909,
          1.32589
        ],
        [
          -0.07381,
          -0.995462,
          -0.060054,
          1.728298
        ],
        [
          0.0,
          0.0,
          0.0,
          1.0
        ]
      ]
    },
    {
      "file_path": "/media/NFS/ttao/scannet/posed_images/scene0007_00/00161.jpg",
      "transform_matrix": [
        [
          0.849183,
          -0.128724,
          0.51217,
          3.044483
        ],
        [
          -0.518723,
          -0.021372,
          0.854675,
          1.303577
        ],
        [
          -0.099072,
          -0.99145,
          -0.084921,
          1.739101
        ],
        [
          0.0,
          0.0,
          0.0,
          1.0
        ]
      ]
    },
    {
      "file_path": "/media/NFS/ttao/scannet/posed_images/scene0007_00/00162.jpg",
      "transform_matrix": [
        [
          0.853342,
          -0.12741,
          0.505543,
          3.031779
        ],
        [
          -0.512357,
          -0.025613,
          0.85839,
          1.299886
        ],
        [
          -0.096419,
          -0.991519,
          -0.087136,
          1.739056
        ],
        [
          0.0,
          0.0,
          0.0,
          1.0
        ]
      ]
    },
    {
      "file_path": "/media/NFS/ttao/scannet/posed_images/scene0007_00/00167.jpg",
      "transform_matrix": [
        [
          0.862095,
          -0.115687,
          0.493365,
          2.962629
        ],
        [
          -0.50305,
          -0.077981,
          0.860732,
          1.295551
        ],
        [
          -0.061103,
          -0.99022,
          -0.125423,
          1.731881
        ],
        [
          0.0,
          0.0,
          0.0,
          1.0
        ]
      ]
    },
    {
      "file_path": "/media/NFS/ttao/scannet/posed_images/scene0007_00/00170.jpg",
      "transform_matrix": [
        [
          0.873542,
          -0.105023,
          0.475283,
          2.912157
        ],
        [
          -0.484123,
          -0.086185,
          0.870745,
          1.292094
        ],
        [
          -0.050486,
          -0.990728,
          -0.12613,
          1.727429
        ],
        [
          0.0,
          0.0,
          0.0,
          1.0
        ]
      ]
    },
    {
      "file_path": "/media/NFS/ttao/scannet/posed_images/scene0007_00/00174.jpg",
      "transform_matrix": [
        [
          0.879855,
          -0.112893,
          0.461637,
          2.848417
        ],
        [
          -0.472283,
          -0.099489,
          0.875814,
          1.292386
        ],
        [
          -0.052946,
          -0.988614,
          -0.140854,
          1.724176
        ],
        [
          0.0,
          0.0,
          0.0,
          1.0
        ]
      ]
    },
    {
      "file_path": "/media/NFS/ttao/scannet/posed_images/scene0007_00/00176.jpg",
      "transform_matrix": [
        [
          0.881496,
          -0.117241,
          0.457404,
          2.814179
        ],
        [
          -0.469086,
          -0.106518,
          0.876705,
          1.294794
        ],
        [
          -0.054064,
          -0.987375,
          -0.148891,
          1.720443
        ],
        [
          0.0,
          0.0,
          0.0,
          1.0
        ]
      ]
    },
    {
      "file_path": "/media/NFS/ttao/scannet/posed_images/scene0007_00/00180.jpg",
      "transform_matrix": [
        [
          0.881575,
          -0.141118,
          0.450455,
          2.742059
        ],
        [
          -0.466584,
          -0.115801,
          0.876863,
          1.304297
        ],
        [
          -0.071578,
          -0.983197,
          -0.167931,
          1.703126
        ],
        [
          0.0,
          0.0,
          0.0,
          1.0
        ]
      ]
    },
    {
      "file_path": "/media/NFS/ttao/scannet/posed_images/scene0007_00/00184.jpg",
      "transform_matrix": [
        [
          0.884639,
          -0.149351,
          0.44171,
          2.678525
        ],
        [
          -0.460831,
          -0.135696,
          0.877053,
          1.314244
        ],
        [
          -0.071051,
          -0.979429,
          -0.188868,
          1.683562
        ],
        [
          0.0,
          0.0,
          0.0,
          1.0
        ]
      ]
    },
    {
      "file_path": "/media/NFS/ttao/scannet/posed_images/scene0007_00/00186.jpg",
      "transform_matrix": [
        [
          0.888613,
          -0.154112,
          0.43199,
          2.652196
        ],
        [
          -0.452806,
          -0.144811,
          0.879771,
          1.318157
        ],
        [
          -0.073027,
          -0.977384,
          -0.198464,
          1.674783
        ],
        [
          0.0,
          0.0,
          0.0,
          1.0
        ]
      ]
    },
    {
      "file_path": "/media/NFS/ttao/scannet/posed_images/scene0007_00/00191.jpg",
      "transform_matrix": [
        [
          0.896708,
          -0.182531,
          0.403233,
          2.597541
        ],
        [
          -0.434158,
          -0.185408,
          0.88155,
          1.333248
        ],
        [
          -0.086148,
          -0.96556,
          -0.245504,
          1.643126
        ],
        [
          0.0,
          0.0,
          0.0,
          1.0
        ]
      ]
    },
    {
      "file_path": "/media/NFS/ttao/scannet/posed_images/scene0007_00/00194.jpg",
      "transform_matrix": [
        [
          0.901078,
          -0.180015,
          0.394528,
          2.58144
        ],
        [
          -0.426581,
          -0.204278,
          0.881078,
          1.337002
        ],
        [
          -0.078014,
          -0.962219,
          -0.260862,
          1.619014
        ],
        [
          0.0,
          0.0,
          0.0,
          1.0
        ]
      ]
    },
    {
      "file_path": "/media/NFS/ttao/scannet/posed_images/scene0007_00/00200.jpg",
      "transform_matrix": [
        [
          0.904687,
          -0.209447,
          0.371042,
          2.57445
        ],
        [
          -0.419324,
          -0.283263,
          0.862513,
          1.351419
        ],
        [
          -0.075549,
          -0.935892,
          -0.344091,
          1.571663
        ],
        [
          0.0,
          0.0,
          0.0,
          1.0
        ]
      ]
    },
    {
      "file_path": "/media/NFS/ttao/scannet/posed_images/scene0007_00/00202.jpg",
      "transform_matrix": [
        [
          0.901955,
          -0.225352,
          0.368365,
          2.578858
        ],
        [
          -0.4248,
          -0.309744,
          0.850649,
          1.355619
        ],
        [
          -0.077597,
          -0.923729,
          -0.375104,
          1.555452
        ],
        [
          0.0,
          0.0,
          0.0,
          1.0
        ]
      ]
    },
    {
      "file_path": "/media/NFS/ttao/scannet/posed_images/scene0007_00/00206.jpg",
      "transform_matrix": [
        [
          0.905381,
          -0.238827,
          0.351065,
          2.598952
        ],
        [
          -0.417988,
          -0.355979,
          0.835802,
          1.354894
        ],
        [
          -0.074641,
          -0.90346,
          -0.422124,
          1.519815
        ],
        [
          0.0,
          0.0,
          0.0,
          1.0
        ]
      ]
    },
    {
      "file_path": "/media/NFS/ttao/scannet/posed_images/scene0007_00/00207.jpg",
      "transform_matrix": [
        [
          0.908257,
          -0.237986,
          0.344138,
          2.605111
        ],
        [
          -0.412137,
          -0.366949,
          0.833961,
          1.353606
        ],
        [
          -0.07219,
          -0.899284,
          -0.431367,
          1.510978
        ],
        [
          0.0,
          0.0,
          0.0,
          1.0
        ]
      ]
    },
    {
      "file_path": "/media/NFS/ttao/scannet/posed_images/scene0007_00/00211.jpg",
      "transform_matrix": [
        [
          0.926452,
          -0.22581,
          0.301159,
          2.63369
        ],
        [
          -0.370922,
          -0.411504,
          0.832515,
          1.348857
        ],
        [
          -0.064062,
          -0.882991,
          -0.464997,
          1.476897
        ],
        [
          0.0,
          0.0,
          0.0,
          1.0
        ]
      ]
    },
    {
      "file_path": "/media/NFS/ttao/scannet/posed_images/scene0007_00/00217.jpg",
      "transform_matrix": [
        [
          0.948136,
          -0.219954,
          0.229473,
          2.681921
        ],
        [
          -0.3094,
          -0.473124,
          0.824879,
          1.343471
        ],
        [
          -0.072867,
          -0.853097,
          -0.51664,
          1.432868
        ],
        [
          0.0,
          0.0,
          0.0,
          1.0
        ]
      ]
    },
    {
      "file_path": "/media/NFS/ttao/scannet/posed_images/scene0007_00/00221.jpg",
      "transform_matrix": [
        [
          0.95948,
          -0.201542,
          0.196926,
          2.714116
        ],
        [
          -0.274518,
          -0.510957,
          0.814594,
          1.345325
        ],
        [
          -0.063554,
          -0.835646,
          -0.54558,
          1.407892
        ],
        [
          0.0,
          0.0,
          0.0,
          1.0
        ]
      ]
    },
    {
      "file_path": "/media/NFS/ttao/scannet/posed_images/scene0007_00/00224.jpg",
      "transform_matrix": [
        [
          0.96693,
          -0.180132,
          0.18055,
          2.738505
        ],
        [
          -0.249589,
          -0.522743,
          0.815135,
          1.34872
        ],
        [
          -0.05245,
          -0.833242,
          -0.550415,
          1.392614
        ],
        [
          0.0,
          0.0,
          0.0,
          1.0
        ]
      ]
    },
    {
      "file_path": "/media/NFS/ttao/scannet/posed_images/scene0007_00/00225.jpg",
      "transform_matrix": [
        [
          0.968677,
          -0.174486,
          0.17669,
          2.747196
        ],
        [
          -0.24344,
          -0.52684,
          0.814357,
          1.352059
        ],
        [
          -0.049006,
          -0.831862,
          -0.552814,
          1.388943
        ],
        [
          0.0,
          0.0,
          0.0,
          1.0
        ]
      ]
    },
    {
      "file_path": "/media/NFS/ttao/scannet/posed_images/scene0007_00/00228.jpg",
      "transform_matrix": [
        [
          0.97502,
          -0.16293,
          0.150965,
          2.775027
        ],
        [
          -0.215807,
          -0.53402,
          0.817465,
          1.365636
        ],
        [
          -0.052571,
          -0.829624,
          -0.555842,
          1.378451
        ],
        [
          0.0,
          0.0,
          0.0,
          1.0
        ]
      ]
    },
    {
      "file_path": "/media/NFS/ttao/scannet/posed_images/scene0007_00/00232.jpg",
      "transform_matrix": [
        [
          0.983558,
          -0.147913,
          0.103615,
          2.814857
        ],
        [
          -0.168685,
          -0.547546,
          0.819597,
          1.398019
        ],
        [
          -0.064495,
          -0.823599,
          -0.563493,
          1.364501
        ],
        [
          0.0,
          0.0,
          0.0,
          1.0
        ]
      ]
    },
    {
      "file_path": "/media/NFS/ttao/scannet/posed_images/scene0007_00/00235.jpg",
      "transform_matrix": [
        [
          0.989314,
          -0.128519,
          0.068847,
          2.842946
        ],
        [
          -0.129644,
          -0.559399,
          0.818697,
          1.428977
        ],
        [
          -0.066706,
          -0.818875,
          -0.570083,
          1.358384
        ],
        [
          0.0,
          0.0,
          0.0,
          1.0
        ]
      ]
    },
    {
      "file_path": "/media/NFS/ttao/scannet/posed_images/scene0007_00/00240.jpg",
      "transform_matrix": [
        [
          0.997529,
          -0.055715,
          0.042807,
          2.895715
        ],
        [
          -0.067698,
          -0.599097,
          0.797809,
          1.49714
        ],
        [
          -0.018805,
          -0.798736,
          -0.601388,
          1.351803
        ],
        [
          0.0,
          0.0,
          0.0,
          1.0
        ]
      ]
    },
    {
      "file_path": "/media/NFS/ttao/scannet/posed_images/scene0007_00/00243.jpg",
      "transform_matrix": [
        [
          0.998965,
          -0.036678,
          0.026912,
          2.93026
        ],
        [
          -0.043769,
          -0.613563,
          0.788432,
          1.528548
        ],
        [
          -0.012406,
          -0.788794,
          -0.614533,
          1.351907
        ],
        [
          0.0,
          0.0,
          0.0,
          1.0
        ]
      ]
    },
    {
      "file_path": "/media/NFS/ttao/scannet/posed_images/scene0007_00/00248.jpg",
      "transform_matrix": [
        [
          0.998611,
          -0.015275,
          -0.050431,
          2.985652
        ],
        [
          0.030081,
          -0.620538,
          0.783599,
          1.559486
        ],
        [
          -0.043265,
          -0.784027,
          -0.619217,
          1.347551
        ],
        [
          0.0,
          0.0,
          0.0,
          1.0
        ]
      ]
    },
    {
      "file_path": "/media/NFS/ttao/scannet/posed_images/scene0007_00/00249.jpg",
      "transform_matrix": [
        [
          0.998438,
          -0.001749,
          -0.05584,
          2.996632
        ],
        [
          0.042826,
          -0.617887,
          0.7851,
          1.565871
        ],
        [
          -0.035876,
          -0.786265,
          -0.616847,
          1.346378
        ],
        [
          0.0,
          0.0,
          0.0,
          1.0
        ]
      ]
    },
    {
      "file_path": "/media/NFS/ttao/scannet/posed_images/scene0007_00/00255.jpg",
      "transform_matrix": [
        [
          0.987254,
          0.074168,
          -0.14081,
          3.075417
        ],
        [
          0.156536,
          -0.612224,
          0.775034,
          1.594071
        ],
        [
          -0.028724,
          -0.787198,
          -0.616031,
          1.349696
        ],
        [
          0.0,
          0.0,
          0.0,
          1.0
        ]
      ]
    },
    {
      "file_path": "/media/NFS/ttao/scannet/posed_images/scene0007_00/00257.jpg",
      "transform_matrix": [
        [
          0.979601,
          0.110293,
          -0.167981,
          3.10046
        ],
        [
          0.200123,
          -0.611317,
          0.765665,
          1.59796
        ],
        [
          -0.018242,
          -0.783663,
          -0.620919,
          1.347725
        ],
        [
          0.0,
          0.0,
          0.0,
          1.0
        ]
      ]
    },
    {
      "file_path": "/media/NFS/ttao/scannet/posed_images/scene0007_00/00261.jpg",
      "transform_matrix": [
        [
          0.956317,
          0.152199,
          -0.249586,
          3.140198
        ],
        [
          0.290701,
          -0.585163,
          0.757018,
          1.603747
        ],
        [
          -0.030831,
          -0.796504,
          -0.603846,
          1.350554
        ],
        [
          0.0,
          0.0,
          0.0,
          1.0
        ]
      ]
    },
    {
      "file_path": "/media/NFS/ttao/scannet/posed_images/scene0007_00/00264.jpg",
      "transform_matrix": [
        [
          0.935561,
          0.20606,
          -0.286819,
          3.156435
        ],
        [
          0.352535,
          -0.593403,
          0.723596,
          1.611127
        ],
        [
          -0.021095,
          -0.778082,
          -0.627808,
          1.345438
        ],
        [
          0.0,
          0.0,
          0.0,
          1.0
        ]
      ]
    },
    {
      "file_path": "/media/NFS/ttao/scannet/posed_images/scene0007_00/00266.jpg",
      "transform_matrix": [
        [
          0.921581,
          0.235938,
          -0.308256,
          3.168473
        ],
        [
          0.388014,
          -0.583489,
          0.713432,
          1.615507
        ],
        [
          -0.011538,
