{
  "frames": [
    {
      "file_path": "/media/NFS/ttao/scannet/posed_images/scene0141_00/00000.jpg",
      "transform_matrix": [
        [
          0.684823,
          -0.326379,
          0.651532,
          2.86358
        ],
        [
          -0.728707,
          -0.304485,
          0.613413,
          2.414664
        ],
        [
          -0.001823,
          -0.894855,
          -0.446353,
          1.549631
        ],
        [
          0.0,
          0.0,
          0.0,
          1.0
        ]
      ]
    },
    {
      "file_path": "/media/NFS/ttao/scannet/posed_images/scene0141_00/00005.jpg",
      "transform_matrix": [
        [
          0.67411,
          -0.325623,
          0.662982,
          2.869195
        ],
        [
          -0.738143,
          -0.329615,
          0.588642,
          2.419409
        ],
        [
          0.026854,
          -0.886185,
          -0.462553,
          1.544723
        ],
        [
          0.0,
          0.0,
          0.0,
          1.0
        ]
      ]
    },
    {
      "file_path": "/media/NFS/ttao/scannet/posed_images/scene0141_00/00008.jpg",
      "transform_matrix": [
        [
          0.678747,
          -0.325151,
          0.658467,
          2.874404
        ],
        [
          -0.733924,
          -0.331641,
          0.592764,
          2.417727
        ],
        [
          0.025637,
          -0.885602,
          -0.463737,
          1.542208
        ],
        [
          0.0,
          0.0,
          0.0,
          1.0
        ]
      ]
    },
    {
      "file_path": "/media/NFS/ttao/scannet/posed_images/scene0141_00/00009.jpg",
      "transform_matrix": [
        [
          0.67888,
          -0.327994,
          0.656918,
          2.877256
        ],
        [
          -0.733931,
          -0.329441,
          0.593981,
          2.417151
        ],
        [
          0.021593,
          -0.885375,
          -0.464376,
          1.541322
        ],
        [
          0.0,
          0.0,
          0.0,
          1.0
        ]
      ]
    },
    {
      "file_path": "/media/NFS/ttao/scannet/posed_images/scene0141_00/00014.jpg",
      "transform_matrix": [
        [
          0.697763,
          -0.336589,
          0.632325,
          2.899123
        ],
        [
          -0.716329,
          -0.327538,
          0.61611,
          2.396373
        ],
        [
          -0.000265,
          -0.882852,
          -0.469652,
          1.52962
        ],
        [
          0.0,
          0.0,
          0.0,
          1.0
        ]
      ]
    },
    {
      "file_path": "/media/NFS/ttao/scannet/posed_images/scene0141_00/00015.jpg",
      "transform_matrix": [
        [
          0.700548,
          -0.338464,
          0.628232,
          2.901617
        ],
        [
          -0.713604,
          -0.330489,
          0.617695,
          2.394098
        ],
        [
          -0.001444,
          -0.881033,
          -0.473052,
          1.524678
        ],
        [
          0.0,
          0.0,
          0.0,
          1.0
        ]
      ]
    },
    {
      "file_path": "/media/NFS/ttao/scannet/posed_images/scene0141_00/00019.jpg",
      "transform_matrix": [
        [
          0.727228,
          -0.339971,
          0.596288,
          2.912835
        ],
        [
          -0.686395,
          -0.358999,
          0.632441,
          2.391448
        ],
        [
          -0.000945,
          -0.869218,
          -0.494428,
          1.510936
        ],
        [
          0.0,
          0.0,
          0.0,
          1.0
        ]
      ]
    },
    {
      "file_path": "/media/NFS/ttao/scannet/posed_images/scene0141_00/00022.jpg",
      "transform_matrix": [
        [
          0.761849,
          -0.32158,
          0.562293,
          2.914674
        ],
        [
          -0.647699,
          -0.389641,
          0.654726,
          2.408028
        ],
        [
          0.008546,
          -0.862998,
          -0.505135,
          1.511862
        ],
        [
          0.0,
          0.0,
          0.0,
          1.0
        ]
      ]
    },
    {
      "file_path": "/media/NFS/ttao/scannet/posed_images/scene0141_00/00027.jpg",
      "transform_matrix": [
        [
          0.84373,
          -0.268427,
          0.46483,
          2.929569
        ],
        [
          -0.536494,
          -0.394071,
          0.746246,
          2.417028
        ],
        [
          -0.017137,
          -0.879008,
          -0.476499,
          1.52105
        ],
        [
          0.0,
          0.0,
          0.0,
          1.0
        ]
      ]
    },
    {
      "file_path": "/media/NFS/ttao/scannet/posed_images/scene0141_00/00030.jpg",
      "transform_matrix": [
        [
          0.866752,
          -0.245803,
          0.43396,
          2.941134
        ],
        [
          -0.498526,
          -0.401599,
          0.768238,
          2.439684
        ],
        [
          -0.014557,
          -0.882213,
          -0.470626,
          1.526546
        ],
        [
          0.0,
          0.0,
          0.0,
          1.0
        ]
      ]
    },
    {
      "file_path": "/media/NFS/ttao/scannet/posed_images/scene0141_00/00031.jpg",
      "transform_matrix": [
        [
          0.876989,
          -0.237979,
          0.417441,
          2.948245
        ],
        [
          -0.480213,
          -0.403454,
          0.778859,
          2.445471
        ],
        [
          -0.016933,
          -0.883511,
          -0.468105,
          1.529111
        ],
        [
          0.0,
          0.0,
          0.0,
          1.0
        ]
      ]
    },
    {
      "file_path": "/media/NFS/ttao/scannet/posed_images/scene0141_00/00035.jpg",
      "transform_matrix": [
        [
          0.911815,
          -0.188158,
          0.364952,
          2.975075
        ],
        [
          -0.410557,
          -0.404776,
          0.817067,
          2.480191
        ],
        [
          -0.006014,
          -0.894848,
          -0.446331,
          1.540836
        ],
        [
          0.0,
          0.0,
          0.0,
          1.0
        ]
      ]
    },
    {
      "file_path": "/media/NFS/ttao/scannet/posed_images/scene0141_00/00039.jpg",
      "transform_matrix": [
        [
          0.932286,
          -0.144276,
          0.331703,
          3.008784
        ],
        [
          -0.361618,
          -0.393688,
          0.845129,
          2.526448
        ],
        [
          0.008656,
          -0.907852,
          -0.419202,
          1.561173
        ],
        [
          0.0,
          0.0,
          0.0,
          1.0
        ]
      ]
    },
    {
      "file_path": "/media/NFS/ttao/scannet/posed_images/scene0141_00/00043.jpg",
      "transform_matrix": [
        [
          0.94019,
          -0.122545,
          0.317845,
          3.030908
        ],
        [
          -0.340553,
          -0.360373,
          0.868421,
          2.546486
        ],
        [
          0.008122,
          -0.924724,
          -0.380552,
          1.555974
        ],
        [
          0.0,
          0.0,
          0.0,
          1.0
        ]
      ]
    },
    {
      "file_path": "/media/NFS/ttao/scannet/posed_images/scene0141_00/00046.jpg",
      "transform_matrix": [
        [
          0.951404,
          -0.099831,
          0.291315,
          3.059603
        ],
        [
          -0.307578,
          -0.354263,
          0.883116,
          2.562768
        ],
        [
          0.01504,
          -0.929802,
          -0.367753,
          1.552279
        ],
        [
          0.0,
          0.0,
          0.0,
          1.0
        ]
      ]
    },
    {
      "file_path": "/media/NFS/ttao/scannet/posed_images/scene0141_00/00047.jpg",
      "transform_matrix": [
        [
          0.953527,
          -0.095675,
          0.285712,
          3.0715
        ],
        [
          -0.300726,
          -0.360994,
          0.88275,
          2.564885
        ],
        [
          0.018683,
          -0.927648,
          -0.372989,
          1.546611
        ],
        [
          0.0,
          0.0,
          0.0,
          1.0
        ]
      ]
    },
    {
      "file_path": "/media/NFS/ttao/scannet/posed_images/scene0141_00/00052.jpg",
      "transform_matrix": [
        [
          0.954639,
          -0.107234,
          0.277785,
          3.146533
        ],
        [
          -0.296932,
          -0.412542,
          0.861186,
          2.570027
        ],
        [
          0.022249,
          -0.904605,
          -0.42567,
          1.521343
        ],
        [
          0.0,
          0.0,
          0.0,
          1.0
        ]
      ]
    },
    {
      "file_path": "/media/NFS/ttao/scannet/posed_images/scene0141_00/00053.jpg",
      "transform_matrix": [
        [
          0.955128,
          -0.111842,
          0.274266,
          3.163342
        ],
        [
          -0.295616,
          -0.4177,
          0.859149,
          2.570251
        ],
        [
          0.018472,
          -0.901675,
          -0.432019,
          1.516119
        ],
        [
          0.0,
          0.0,
          0.0,
          1.0
        ]
      ]
    },
    {
      "file_path": "/media/NFS/ttao/scannet/posed_images/scene0141_00/00058.jpg",
      "transform_matrix": [
        [
          0.964796,
          -0.124078,
          0.231891,
          3.249053
        ],
        [
          -0.262995,
          -0.450097,
          0.853374,
          2.546444
        ],
        [
          -0.001512,
          -0.884318,
          -0.466883,
          1.485833
        ],
        [
          0.0,
          0.0,
          0.0,
          1.0
        ]
      ]
    },
    {
      "file_path": "/media/NFS/ttao/scannet/posed_images/scene0141_00/00062.jpg",
      "transform_matrix": [
        [
          0.984658,
          -0.091384,
          0.148652,
          3.337379
        ],
        [
          -0.174199,
          -0.465281,
          0.867853,
          2.510153
        ],
        [
          -0.010143,
          -0.880433,
          -0.474062,
          1.471335
        ],
        [
          0.0,
          0.0,
          0.0,
          1.0
        ]
      ]
    },
    {
      "file_path": "/media/NFS/ttao/scannet/posed_images/scene0141_00/00063.jpg",
      "transform_matrix": [
        [
          0.987924,
          -0.081207,
          0.131955,
          3.360299
        ],
        [
          -0.154687,
          -0.468202,
          0.869977,
          2.500532
        ],
        [
          -0.008867,
          -0.879882,
          -0.475109,
          1.470054
        ],
        [
          0.0,
          0.0,
          0.0,
          1.0
        ]
      ]
    },
    {
      "file_path": "/media/NFS/ttao/scannet/posed_images/scene0141_00/00067.jpg",
      "transform_matrix": [
        [
          0.995439,
          -0.045831,
          0.083665,
          3.439413
        ],
        [
          -0.095395,
          -0.482149,
          0.87088,
          2.448647
        ],
        [
          0.000425,
          -0.87489,
          -0.484322,
          1.463468
        ],
        [
          0.0,
          0.0,
          0.0,
          1.0
        ]
      ]
    },
    {
      "file_path": "/media/NFS/ttao/scannet/posed_images/scene0141_00/00069.jpg",
      "transform_matrix": [
        [
          0.998774,
          -0.024084,
          0.043247,
          3.479081
        ],
        [
          -0.049501,
          -0.482922,
          0.874263,
          2.418678
        ],
        [
          -0.000171,
          -0.875332,
          -0.483522,
          1.460788
        ],
        [
          0.0,
          0.0,
          0.0,
          1.0
        ]
      ]
    },
    {
      "file_path": "/media/NFS/ttao/scannet/posed_images/scene0141_00/00074.jpg",
      "transform_matrix": [
        [
          0.999779,
          0.010252,
          -0.018366,
          3.552213
        ],
        [
          0.021022,
          -0.51541,
          0.856686,
          2.377715
        ],
        [
          -0.000684,
          -0.856883,
          -0.515511,
          1.4767
        ],
        [
          0.0,
          0.0,
          0.0,
          1.0
        ]
      ]
    },
    {
      "file_path": "/media/NFS/ttao/scannet/posed_images/scene0141_00/00075.jpg",
      "transform_matrix": [
        [
          0.999471,
          0.008326,
          -0.031447,
          3.566135
        ],
        [
          0.031278,
          -0.511691,
          0.8586,
          2.370713
        ],
        [
          -0.008942,
          -0.859129,
          -0.51168,
          1.480266
        ],
        [
          0.0,
          0.0,
          0.0,
          1.0
        ]
      ]
    },
    {
      "file_path": "/media/NFS/ttao/scannet/posed_images/scene0141_00/00080.jpg",
      "transform_matrix": [
        [
          0.995586,
          0.036313,
          -0.086543,
          3.636064
        ],
        [
          0.093485,
          -0.465227,
          0.880241,
          2.354554
        ],
        [
          -0.008298,
          -0.884446,
          -0.466568,
          1.487109
        ],
        [
          0.0,
          0.0,
          0.0,
          1.0
        ]
      ]
    },
    {
      "file_path": "/media/NFS/ttao/scannet/posed_images/scene0141_00/00082.jpg",
      "transform_matrix": [
        [
          0.992623,
          0.053541,
          -0.108782,
          3.664142
        ],
        [
          0.121163,
          -0.470806,
          0.873877,
          2.36022
        ],
        [
          -0.004427,
          -0.880611,
          -0.47382,
          1.485204
        ],
        [
          0.0,
          0.0,
          0.0,
          1.0
        ]
      ]
    },
    {
      "file_path": "/media/NFS/ttao/scannet/posed_images/scene0141_00/00086.jpg",
      "transform_matrix": [
        [
          0.985702,
          0.102342,
          -0.133853,
          3.714214
        ],
        [
          0.166634,
          -0.474355,
          0.864419,
          2.390124
        ],
        [
          0.024973,
          -0.874365,
          -0.484626,
          1.474518
        ],
        [
          0.0,
          0.0,
          0.0,
          1.0
        ]
      ]
    },
    {
      "file_path": "/media/NFS/ttao/scannet/posed_images/scene0141_00/00090.jpg",
      "transform_matrix": [
        [
          0.976248,
          0.156054,
          -0.150289,
          3.767335
        ],
        [
          0.208318,
          -0.485527,
          0.849039,
          2.443876
        ],
        [
          0.059527,
          -0.86018,
          -0.506504,
          1.460771
        ],
        [
          0.0,
          0.0,
          0.0,
          1.0
        ]
      ]
    },
    {
      "file_path": "/media/NFS/ttao/scannet/posed_images/scene0141_00/00091.jpg",
      "transform_matrix": [
        [
          0.973719,
          0.158982,
          -0.163082,
          3.789148
        ],
        [
          0.220739,
          -0.482452,
          0.847653,
          2.464084
        ],
        [
          0.056082,
          -0.861374,
          -0.504866,
          1.459386
        ],
        [
          0.0,
          0.0,
          0.0,
          1.0
        ]
      ]
    },
    {
      "file_path": "/media/NFS/ttao/scannet/posed_images/scene0141_00/00096.jpg",
      "transform_matrix": [
        [
          0.953927,
          0.177192,
          -0.242126,
          3.87057
        ],
        [
          0.29734,
          -0.450336,
          0.841895,
          2.569834
        ],
        [
          0.040139,
          -0.8751,
          -0.482274,
          1.46013
        ],
        [
          0.0,
          0.0,
          0.0,
          1.0
        ]
      ]
    },
    {
      "file_path": "/media/NFS/ttao/scannet/posed_images/scene0141_00/00097.jpg",
      "transform_matrix": [
        [
          0.950906,
          0.17778,
          -0.253321,
          3.885053
        ],
        [
          0.307581,
          -0.452379,
          0.837107,
          2.592628
        ],
        [
          0.034224,
          -0.873927,
          -0.484852,
          1.46459
        ],
        [
          0.0,
          0.0,
          0.0,
          1.0
        ]
      ]
    },
    {
      "file_path": "/media/NFS/ttao/scannet/posed_images/scene0141_00/00103.jpg",
      "transform_matrix": [
        [
          0.931399,
          0.183314,
          -0.314472,
          3.975374
        ],
        [
          0.362597,
          -0.391448,
          0.84575,
          2.699613
        ],
        [
          0.031938,
          -0.901757,
          -0.431063,
          1.483563
        ],
        [
          0.0,
          0.0,
          0.0,
          1.0
        ]
      ]
    },
    {
      "file_path": "/media/NFS/ttao/scannet/posed_images/scene0141_00/00104.jpg",
      "transform_matrix": [
        [
          0.928907,
          0.190094,
          -0.317799,
          3.98651
        ],
        [
          0.367925,
          -0.376446,
          0.850247,
          2.715057
        ],
        [
          0.041993,
          -0.906726,
          -0.419624,
          1.488111
        ],
        [
          0.0,
          0.0,
          0.0,
          1.0
        ]
      ]
    },
    {
      "file_path": "/media/NFS/ttao/scannet/posed_images/scene0141_00/00109.jpg",
      "transform_matrix": [
        [
          0.902766,
          0.222169,
          -0.368313,
          4.05013
        ],
        [
          0.421871,
          -0.29033,
          0.858914,
          2.783764
        ],
        [
          0.083892,
          -0.930779,
          -0.355826,
          1.495108
        ],
        [
          0.0,
          0.0,
          0.0,
          1.0
        ]
      ]
    },
    {
      "file_path": "/media/NFS/ttao/scannet/posed_images/scene0141_00/00110.jpg",
      "transform_matrix": [
        [
          0.895595,
          0.227046,
          -0.38257,
          4.068571
        ],
        [
          0.436505,
          -0.282501,
          0.8542,
          2.800042
        ],
        [
          0.085867,
          -0.93201,
          -0.352113,
          1.496434
        ],
        [
          0.0,
          0.0,
          0.0,
          1.0
        ]
      ]
    },
    {
      "file_path": "/media/NFS/ttao/scannet/posed_images/scene0141_00/00114.jpg",
      "transform_matrix": [
        [
          0.872186,
          0.237476,
          -0.427665,
          4.134133
        ],
        [
          0.478424,
          -0.23182,
          0.846977,
          2.855455
        ],
        [
          0.101995,
          -0.943326,
          -0.315804,
          1.49476
        ],
        [
          0.0,
          0.0,
          0.0,
          1.0
        ]
      ]
    },
    {
      "file_path": "/media/NFS/ttao/scannet/posed_images/scene0141_00/00118.jpg",
      "transform_matrix": [
        [
          0.843516,
          0.260154,
          -0.469894,
          4.212734
        ],
        [
          0.522139,
          -0.192105,
          0.830944,
          2.915313
        ],
        [
          0.125904,
          -0.946264,
          -0.29788,
          1.489102
        ],
        [
          0.0,
          0.0,
          0.0,
          1.0
        ]
      ]
    },
    {
      "file_path": "/media/NFS/ttao/scannet/posed_images/scene0141_00/00121.jpg",
      "transform_matrix": [
        [
          0.81886,
          0.263823,
          -0.509769,
          4.273244
        ],
        [
          0.563983,
          -0.204674,
          0.80002,
          2.962459
        ],
        [
          0.106727,
          -0.942606,
          -0.316392,
          1.485707
        ],
        [
          0.0,
          0.0,
          0.0,
          1.0
        ]
      ]
    },
    {
      "file_path": "/media/NFS/ttao/scannet/posed_images/scene0141_00/00125.jpg",
      "transform_matrix": [
        [
          0.775701,
          0.289532,
          -0.560767,
          4.341565
        ],
        [
          0.619894,
          -0.182845,
          0.763086,
          3.02175
        ],
        [
          0.118404,
          -0.939542,
          -0.321312,
          1.484811
        ],
        [
          0.0,
          0.0,
          0.0,
          1.0
        ]
      ]
    },
    {
      "file_path": "/media/NFS/ttao/scannet/posed_images/scene0141_00/00128.jpg",
      "transform_matrix": [
        [
          0.74142,
          0.291145,
          -0.604592,
          4.399909
        ],
        [
          0.660062,
          -0.154099,
          0.735236,
          3.077276
        ],
        [
          0.120893,
          -0.944186,
          -0.306426,
          1.483161
        ],
        [
          0.0,
          0.0,
          0.0,
          1.0
        ]
      ]
    },
    {
      "file_path": "/media/NFS/ttao/scannet/posed_images/scene0141_00/00129.jpg",
      "transform_matrix": [
        [
          0.731256,
          0.289333,
          -0.617698,
          4.413086
        ],
        [
          0.671649,
          -0.147494,
          0.72604,
          3.089411
        ],
        [
          0.118961,
          -0.945797,
          -0.302186,
          1.480582
        ],
        [
          0.0,
          0.0,
          0.0,
          1.0
        ]
      ]
    },
    {
      "file_path": "/media/NFS/ttao/scannet/posed_images/scene0141_00/00134.jpg",
      "transform_matrix": [
        [
          0.682049,
          0.275759,
          -0.677322,
          4.472803
        ],
        [
          0.723441,
          -0.118944,
          0.680063,
          3.150342
        ],
        [
          0.10697,
          -0.953839,
          -0.280621,
          1.468712
        ],
        [
          0.0,
          0.0,
          0.0,
          1.0
        ]
      ]
    },
    {
      "file_path": "/media/NFS/ttao/scannet/posed_images/scene0141_00/00135.jpg",
      "transform_matrix": [
        [
          0.676415,
          0.271431,
          -0.684681,
          4.481478
        ],
        [
          0.729643,
          -0.120207,
          0.67318,
          3.160918
        ],
        [
          0.100419,
          -0.954922,
          -0.279358,
          1.467936
        ],
        [
          0.0,
          0.0,
          0.0,
          1.0
        ]
      ]
    },
    {
      "file_path": "/media/NFS/ttao/scannet/posed_images/scene0141_00/00139.jpg",
      "transform_matrix": [
        [
          0.657175,
          0.242119,
          -0.713792,
          4.51374
        ],
        [
          0.750458,
          -0.121928,
          0.649574,
          3.192417
        ],
        [
          0.070243,
          -0.962555,
          -0.261829,
          1.4619
        ],
        [
          0.0,
          0.0,
          0.0,
          1.0
        ]
      ]
    },
    {
      "file_path": "/media/NFS/ttao/scannet/posed_images/scene0141_00/00141.jpg",
      "transform_matrix": [
        [
          0.657445,
          0.226969,
          -0.718506,
          4.530172
        ],
        [
          0.751513,
          -0.128264,
          0.64713,
          3.204952
        ],
        [
          0.05472,
          -0.965419,
          -0.254897,
          1.456197
        ],
        [
          0.0,
          0.0,
          0.0,
          1.0
        ]
      ]
    },
    {
      "file_path": "/media/NFS/ttao/scannet/posed_images/scene0141_00/00145.jpg",
      "transform_matrix": [
        [
          0.661248,
          0.217468,
          -0.717954,
          4.543327
        ],
        [
          0.749461,
          -0.149991,
          0.644834,
          3.2122
        ],
        [
          0.032544,
          -0.964474,
          -0.262165,
          1.444808
        ],
        [
          0.0,
          0.0,
          0.0,
          1.0
        ]
      ]
    },
    {
      "file_path": "/media/NFS/ttao/scannet/posed_images/scene0141_00/00149.jpg",
      "transform_matrix": [
        [
          0.678149,
          0.217116,
          -0.702121,
          4.54343
        ],
        [
          0.734913,
          -0.195032,
          0.649512,
          3.210459
        ],
        [
          0.004083,
          -0.956464,
          -0.291822,
          1.429003
        ],
        [
          0.0,
          0.0,
          0.0,
          1.0
        ]
      ]
    },
    {
      "file_path": "/media/NFS/ttao/scannet/posed_images/scene0141_00/00151.jpg",
      "transform_matrix": [
        [
          0.687496,
          0.228829,
          -0.689192,
          4.532588
        ],
        [
          0.726152,
          -0.2261,
          0.649294,
          3.204771
        ],
        [
          -0.007249,
          -0.946845,
          -0.321608,
          1.425824
        ],
        [
          0.0,
          0.0,
          0.0,
          1.0
        ]
      ]
    },
    {
      "file_path": "/media/NFS/ttao/scannet/posed_images/scene0141_00/00155.jpg",
      "transform_matrix": [
        [
          0.688391,
          0.2581,
          -0.677865,
          4.503986
        ],
        [
          0.725136,
          -0.267041,
          0.634719,
          3.189689
        ],
        [
          -0.017197,
          -0.928479,
          -0.370986,
          1.414174
        ],
        [
          0.0,
          0.0,
          0.0,
          1.0
        ]
      ]
    },
    {
      "file_path": "/media/NFS/ttao/scannet/posed_images/scene0141_00/00157.jpg",
      "transform_matrix": [
        [
          0.68738,
          0.268606,
          -0.674803,
          4.485253
        ],
        [
          0.726092,
          -0.276276,
          0.629653,
          3.179774
        ],
        [
          -0.017303,
          -0.92278,
          -0.384939,
          1.4153
        ],
        [
          0.0,
          0.0,
          0.0,
          1.0
        ]
      ]
    },
    {
      "file_path": "/media/NFS/ttao/scannet/posed_images/scene0141_00/00162.jpg",
      "transform_matrix": [
        [
          0.675899,
          0.326943,
          -0.660507,
          4.423169
        ],
        [
          0.736969,
          -0.307311,
          0.602027,
          3.139904
        ],
        [
          -0.006153,
          -0.893682,
          -0.448658,
          1.431603
        ],
        [
          0.0,
          0.0,
          0.0,
          1.0
        ]
      ]
    },
    {
      "file_path": "/media/NFS/ttao/scannet/posed_images/scene0141_00/00166.jpg",
      "transform_matrix": [
        [
          0.679348,
          0.358716,
          -0.640163,
          4.381386
        ],
        [
          0.733804,
          -0.326959,
          0.595508,
          3.104691
        ],
        [
          0.004311,
          -0.874312,
          -0.485346,
          1.44143
        ],
        [
          0.0,
          0.0,
          0.0,
          1.0
        ]
      ]
    },
    {
      "file_path": "/media/NFS/ttao/scannet/posed_images/scene0141_00/00167.jpg",
      "transform_matrix": [
        [
          0.685868,
          0.361961,
          -0.631324,
          4.368808
        ],
        [
          0.727706,
          -0.334611,
          0.598732,
          3.092365
        ],
        [
          0.00547,
          -0.870069,
          -0.4929,
          1.44433
        ],
        [
          0.0,
          0.0,
          0.0,
          1.0
        ]
      ]
    },
    {
      "file_path": "/media/NFS/ttao/scannet/posed_images/scene0141_00/00172.jpg",
      "transform_matrix": [
        [
          0.692415,
          0.372594,
          -0.617847,
          4.312756
        ],
        [
          0.721473,
          -0.364923,
          0.58848,
          3.029428
        ],
        [
          -0.006202,
          -0.853232,
          -0.521495,
          1.456366
        ],
        [
          0.0,
          0.0,
          0.0,
          1.0
        ]
      ]
    },
    {
      "file_path": "/media/NFS/ttao/scannet/posed_images/scene0141_00/00175.jpg",
      "transform_matrix": [
        [
          0.665262,
          0.389401,
          -0.637018,
          4.289374
        ],
        [
          0.746352,
          -0.369253,
          0.553724,
          2.995716
        ],
        [
          -0.0196,
          -0.843812,
          -0.536281,
          1.460066
        ],
        [
          0.0,
          0.0,
          0.0,
          1.0
        ]
      ]
    },
    {
      "file_path": "/media/NFS/ttao/scannet/posed_images/scene0141_00/00176.jpg",
      "transform_matrix": [
        [
          0.649695,
          0.398857,
          -0.647155,
          4.279615
        ],
        [
          0.75988,
          -0.365259,
          0.537744,
          2.982982
        ],
        [
          -0.021896,
          -0.84113,
          -0.54039,
          1.462069
        ],
        [
          0.0,
          0.0,
          0.0,
          1.0
        ]
      ]
    },
    {
      "file_path": "/media/NFS/ttao/scannet/posed_images/scene0141_00/00179.jpg",
      "transform_matrix": [
        [
          0.586628,
          0.44401,
          -0.67729,
          4.255449
        ],
        [
          0.809488,
          -0.346707,
          0.473839,
          2.949758
        ],
        [
          -0.024432,
          -0.826226,
          -0.562809,
          1.463282
        ],
        [
          0.0,
          0.0,
          0.0,
          1.0
        ]
      ]
    },
    {
      "file_path": "/media/NFS/ttao/scannet/posed_images/scene0141_00/00185.jpg",
      "transform_matrix": [
        [
          0.40999,
          0.499318,
          -0.763276,
          4.198091
        ],
        [
          0.91191,
          -0.241054,
          0.332135,
          2.872485
        ],
        [
          -0.018149,
          -0.83221,
          -0.554163,
          1.470455
        ],
        [
          0.0,
          0.0,
          0.0,
          1.0
        ]
      ]
    },
    {
      "file_path": "/media/NFS/ttao/scannet/posed_images/scene0141_00/00186.jpg",
      "transform_matrix": [
        [
          0.379729,
          0.506207,
          -0.774313,
          4.191548
        ],
        [
          0.924985,
          -0.22085,
          0.309239,
          2.861282
        ],
        [
          -0.014469,
          -0.833654,
          -0.552097,
          1.470173
        ],
        [
          0.0,
          0.0,
          0.0,
          1.0
        ]
      ]
    },
    {
      "file_path": "/media/NFS/ttao/scannet/posed_images/scene0141_00/00191.jpg",
      "transform_matrix": [
        [
          0.23137,
          0.516854,
          -0.824215,
          4.155257
        ],
        [
          0.972821,
          -0.131036,
          0.190915,
          2.808699
        ],
        [
          -0.009327,
          -0.845986,
          -0.533124,
          1.476777
        ],
        [
          0.0,
          0.0,
          0.0,
          1.0
        ]
      ]
    },
    {
      "file_path": "/media/NFS/ttao/scannet/posed_images/scene0141_00/00193.jpg",
      "transform_matrix": [
        [
          0.169825,
          0.522741,
          -0.835404,
          4.144933
        ],
        [
          0.985418,
          -0.099147,
          0.138281,
          2.788827
        ],
        [
          -0.010542,
          -0.846706,
          -0.531956,
          1.477022
        ],
        [
          0.0,
          0.0,
          0.0,
          1.0
        ]
      ]
    },
    {
      "file_path": "/media/NFS/ttao/scannet/posed_images/scene0141_00/00195.jpg",
      "transform_matrix": [
        [
          0.113122,
          0.521844,
          -0.845507,
          4.135768
        ],
        [
          0.993511,
          -0.069535,
          0.090007,
          2.77292
        ],
        [
          -0.011823,
          -0.850202,
          -0.526323,
          1.474876
        ],
        [
          0.0,
          0.0,
          0.0,
          1.0
        ]
      ]
    },
    {
      "file_path": "/media/NFS/ttao/scannet/posed_images/scene0141_00/00200.jpg",
      "transform_matrix": [
        [
          -0.002931,
          0.522233,
          -0.852798,
          4.103995
        ],
        [
          0.999995,
          0.002736,
          -0.001761,
          2.724688
        ],
        [
          0.001414,
          -0.852799,
          -0.522238,
          1.471068
        ],
        [
          0.0,
          0.0,
          0.0,
          1.0
        ]
      ]
    },
    {
      "file_path": "/media/NFS/ttao/scannet/posed_images/scene0141_00/00202.jpg",
      "transform_matrix": [
        [
          -0.037479,
          0.522366,
          -0.851898,
          4.082714
        ],
        [
          0.999254,
          0.02754,
          -0.027076,
          2.702171
        ],
        [
          0.009317,
          -0.852277,
          -0.523008,
          1.474794
        ],
        [
          0.0,
          0.0,
          0.0,
          1.0
        ]
      ]
    },
    {
      "file_path": "/media/NFS/ttao/scannet/posed_images/scene0141_00/00204.jpg",
      "transform_matrix": [
        [
          -0.069152,
          0.508513,
          -0.858273,
          4.060859
        ],
        [
          0.997546,
          0.044703,
          -0.053888,
          2.677845
        ],
        [
          0.010965,
          -0.859893,
          -0.510356,
          1.483576
        ],
        [
          0.0,
          0.0,
          0.0,
          1.0
        ]
      ]
    },
    {
      "file_path": "/media/NFS/ttao/scannet/posed_images/scene0141_00/00208.jpg",
      "transform_matrix": [
        [
          -0.119942,
          0.456597,
          -0.881552,
          4.02065
        ],
        [
          0.992679,
          0.067912,
          -0.099887,
          2.637953
        ],
        [
          0.01426,
          -0.887078,
          -0.4614,
          1.506846
        ],
        [
          0.0,
          0.0,
          0.0,
          1.0
        ]
      ]
    },
    {
      "file_path": "/media/NFS/ttao/scannet/posed_images/scene0141_00/00213.jpg",
      "transform_matrix": [
        [
          -0.169656,
          0.364665,
          -0.915552,
          3.984005
        ],
        [
          0.985176,
          0.086685,
          -0.148031,
          2.589237
        ],
        [
          0.025383,
          -0.927095,
          -0.373966,
          1.539086
        ],
        [
          0.0,
          0.0,
          0.0,
          1.0
        ]
      ]
    },
    {
      "file_path": "/media/NFS/ttao/scannet/posed_images/scene0141_00/00216.jpg",
      "transform_matrix": [
        [
          -0.210205,
          0.319457,
          -0.923992,
          3.953996
        ],
        [
          0.977027,
          0.102574,
          -0.186807,
          2.566711
        ],
        [
          0.035101,
          -0.942033,
          -0.33368,
          1.558864
        ],
        [
          0.0,
          0.0,
          0.0,
          1.0
        ]
      ]
    },
    {
      "file_path": "/media/NFS/ttao/scannet/posed_images/scene0141_00/00217.jpg",
      "transform_matrix": [
        [
          -0.222394,
          0.30837,
          -0.924904,
          3.942181
        ],
        [
          0.974128,
          0.109397,
          -0.197756,
          2.558913
        ],
        [
          0.0402,
          -0.944955,
          -0.324721,
          1.562611
        ],
        [
          0.0,
          0.0,
          0.0,
          1.0
        ]
      ]
    },
    {
      "file_path": "/media/NFS/ttao/scannet/posed_images/scene0141_00/00222.jpg",
      "transform_matrix": [
        [
          -0.272943,
          0.214602,
          -0.937789,
          3.895256
        ],
        [
          0.960112,
          0.122301,
          -0.251453,
          2.491081
        ],
        [
          0.06073,
          -0.969014,
          -0.239423,
          1.584773
        ],
        [
          0.0,
          0.0,
          0.0,
          1.0
        ]
      ]
    },
    {
      "file_path": "/media/NFS/ttao/scannet/posed_images/scene0141_00/00226.jpg",
      "transform_matrix": [
        [
          -0.31696,
          0.138175,
          -0.93832,
          3.864827
        ],
        [
          0.942648,
          0.155058,
          -0.295589,
          2.46205
        ],
        [
          0.104651,
          -0.978195,
          -0.179398,
          1.627521
        ],
        [
          0.0,
          0.0,
          0.0,
          1.0
        ]
      ]
    },
    {
      "file_path": "/media/NFS/ttao/scannet/posed_images/scene0141_00/00228.jpg",
      "transform_matrix": [
        [
          -0.329539,
          0.117759,
          -0.93677,
          3.853033
        ],
        [
          0.934078,
          0.185153,
          -0.305317,
          2.446692
        ],
        [
          0.137492,
          -0.975629,
          -0.171011,
          1.652164
        ],
        [
          0.0,
          0.0,
          0.0,
          1.0
        ]
      ]
    },
    {
      "file_path": "/media/NFS/ttao/scannet/posed_images/scene0141_00/00230.jpg",
      "transform_matrix": [
        [
          -0.329397,
          0.09897,
          -0.93899,
          3.844365
        ],
        [
          0.93113,
          0.198894,
          -0.305677,
          2.418234
        ],
        [
          0.156507,
          -0.975011,
          -0.157669,
          1.672518
        ],
        [
          0.0,
          0.0,
          0.0,
          1.0
        ]
      ]
    },
    {
      "file_path": "/media/NFS/ttao/scannet/posed_images/scene0141_00/00235.jpg",
      "transform_matrix": [
        [
          -0.383202,
          0.035841,
          -0.922969,
          3.816003
        ],
        [
          0.899838,
          0.239983,
          -0.36428,
          2.406247
        ],
        [
          0.208441,
          -0.970115,
          -0.124213,
          1.729239
        ],
        [
          0.0,
          0.0,
          0.0,
          1.0
        ]
      ]
    },
    {
      "file_path": "/media/NFS/ttao/scannet/posed_images/scene0141_00/00236.jpg",
      "transform_matrix": [
        [
          -0.398849,
          0.030921,
          -0.916495,
          3.808062
        ],
        [
          0.892365,
          0.243265,
          -0.38014,
          2.402675
        ],
        [
          0.211197,
          -0.969467,
          -0.124619,
          1.743788
        ],
        [
          0.0,
          0.0,
          0.0,
          1.0
        ]
      ]
    },
    {
      "file_path": "/media/NFS/ttao/scannet/posed_images/scene0141_00/00240.jpg",
      "transform_matrix": [
        [
          -0.452033,
          -0.05347,
          -0.890397,
          3.797719
        ],
        [
          0.859029,
          0.242797,
          -0.450688,
          2.381073
        ],
        [
          0.240285,
          -0.968602,
          -0.06382,
          1.757679
        ],
        [
          0.0,
          0.0,
          0.0,
          1.0
        ]
      ]
    },
    {
      "file_path": "/media/NFS/ttao/scannet/posed_images/scene0141_00/00243.jpg",
      "transform_matrix": [
        [
          -0.520733,
          -0.080878,
          -0.84988,
          3.776775
        ],
        [
          0.822305,
          0.220051,
          -0.524778,
          2.394478
        ],
        [
          0.22946,
          -0.97213,
          -0.048082,
          1.769984
        ],
        [
          0.0,
