{
  "frames": [
    {
      "file_path": "/media/NFS/ttao/scannet/posed_images/scene0655_02/00001.jpg",
      "transform_matrix": [
        [
          -0.860244,
          -0.301506,
          0.411186,
          1.893809
        ],
        [
          -0.506817,
          0.417334,
          -0.7543,
          4.168403
        ],
        [
          0.055824,
          -0.857278,
          -0.511818,
          1.506628
        ],
        [
          0.0,
          0.0,
          0.0,
          1.0
        ]
      ]
    },
    {
      "file_path": "/media/NFS/ttao/scannet/posed_images/scene0655_02/00003.jpg",
      "transform_matrix": [
        [
          -0.863334,
          -0.297325,
          0.407741,
          1.885154
        ],
        [
          -0.501666,
          0.418179,
          -0.75727,
          4.160136
        ],
        [
          0.054647,
          -0.858326,
          -0.510186,
          1.509678
        ],
        [
          0.0,
          0.0,
          0.0,
          1.0
        ]
      ]
    },
    {
      "file_path": "/media/NFS/ttao/scannet/posed_images/scene0655_02/00004.jpg",
      "transform_matrix": [
        [
          -0.864713,
          -0.293105,
          0.407874,
          1.879426
        ],
        [
          -0.499635,
          0.418953,
          -0.758185,
          4.157876
        ],
        [
          0.051348,
          -0.8594,
          -0.508719,
          1.505604
        ],
        [
          0.0,
          0.0,
          0.0,
          1.0
        ]
      ]
    },
    {
      "file_path": "/media/NFS/ttao/scannet/posed_images/scene0655_02/00008.jpg",
      "transform_matrix": [
        [
          -0.874703,
          -0.266624,
          0.404731,
          1.849415
        ],
        [
          -0.484318,
          0.44947,
          -0.750608,
          4.132872
        ],
        [
          0.018216,
          -0.852577,
          -0.522284,
          1.504047
        ],
        [
          0.0,
          0.0,
          0.0,
          1.0
        ]
      ]
    },
    {
      "file_path": "/media/NFS/ttao/scannet/posed_images/scene0655_02/00009.jpg",
      "transform_matrix": [
        [
          -0.875967,
          -0.258372,
          0.40734,
          1.835421
        ],
        [
          -0.482295,
          0.45411,
          -0.749117,
          4.126269
        ],
        [
          0.008574,
          -0.85266,
          -0.522396,
          1.502744
        ],
        [
          0.0,
          0.0,
          0.0,
          1.0
        ]
      ]
    },
    {
      "file_path": "/media/NFS/ttao/scannet/posed_images/scene0655_02/00011.jpg",
      "transform_matrix": [
        [
          -0.880076,
          -0.248187,
          0.404808,
          1.807636
        ],
        [
          -0.474824,
          0.465118,
          -0.747133,
          4.108685
        ],
        [
          -0.002855,
          -0.849746,
          -0.527184,
          1.49511
        ],
        [
          0.0,
          0.0,
          0.0,
          1.0
        ]
      ]
    },
    {
      "file_path": "/media/NFS/ttao/scannet/posed_images/scene0655_02/00014.jpg",
      "transform_matrix": [
        [
          -0.89382,
          -0.238633,
          0.379657,
          1.759269
        ],
        [
          -0.448364,
          0.489474,
          -0.74792,
          4.088417
        ],
        [
          -0.007354,
          -0.838731,
          -0.544496,
          1.469112
        ],
        [
          0.0,
          0.0,
          0.0,
          1.0
        ]
      ]
    },
    {
      "file_path": "/media/NFS/ttao/scannet/posed_images/scene0655_02/00016.jpg",
      "transform_matrix": [
        [
          -0.901027,
          -0.233133,
          0.365787,
          1.732967
        ],
        [
          -0.433519,
          0.512323,
          -0.741341,
          4.07307
        ],
        [
          -0.01457,
          -0.826544,
          -0.562684,
          1.459866
        ],
        [
          0.0,
          0.0,
          0.0,
          1.0
        ]
      ]
    },
    {
      "file_path": "/media/NFS/ttao/scannet/posed_images/scene0655_02/00018.jpg",
      "transform_matrix": [
        [
          -0.910461,
          -0.223845,
          0.347783,
          1.709483
        ],
        [
          -0.413128,
          0.532104,
          -0.739047,
          4.065371
        ],
        [
          -0.019625,
          -0.816553,
          -0.576937,
          1.445885
        ],
        [
          0.0,
          0.0,
          0.0,
          1.0
        ]
      ]
    },
    {
      "file_path": "/media/NFS/ttao/scannet/posed_images/scene0655_02/00022.jpg",
      "transform_matrix": [
        [
          -0.936136,
          -0.207543,
          0.283857,
          1.664418
        ],
        [
          -0.351341,
          0.585168,
          -0.730848,
          4.047917
        ],
        [
          -0.014422,
          -0.783904,
          -0.620715,
          1.419552
        ],
        [
          0.0,
          0.0,
          0.0,
          1.0
        ]
      ]
    },
    {
      "file_path": "/media/NFS/ttao/scannet/posed_images/scene0655_02/00024.jpg",
      "transform_matrix": [
        [
          -0.944783,
          -0.202268,
          0.257823,
          1.634979
        ],
        [
          -0.327546,
          0.606778,
          -0.724247,
          4.033337
        ],
        [
          -0.00995,
          -0.768705,
          -0.639526,
          1.410008
        ],
        [
          0.0,
          0.0,
          0.0,
          1.0
        ]
      ]
    },
    {
      "file_path": "/media/NFS/ttao/scannet/posed_images/scene0655_02/00027.jpg",
      "transform_matrix": [
        [
          -0.957362,
          -0.185503,
          0.221464,
          1.596504
        ],
        [
          -0.288852,
          0.627095,
          -0.723406,
          4.020622
        ],
        [
          -0.004684,
          -0.756532,
          -0.65394,
          1.398892
        ],
        [
          0.0,
          0.0,
          0.0,
          1.0
        ]
      ]
    },
    {
      "file_path": "/media/NFS/ttao/scannet/posed_images/scene0655_02/00029.jpg",
      "transform_matrix": [
        [
          -0.965669,
          -0.172423,
          0.1943,
          1.570219
        ],
        [
          -0.259771,
          0.637709,
          -0.725152,
          4.012842
        ],
        [
          0.001126,
          -0.750731,
          -0.660607,
          1.392346
        ],
        [
          0.0,
          0.0,
          0.0,
          1.0
        ]
      ]
    },
    {
      "file_path": "/media/NFS/ttao/scannet/posed_images/scene0655_02/00031.jpg",
      "transform_matrix": [
        [
          -0.975433,
          -0.151448,
          0.159981,
          1.553199
        ],
        [
          -0.220183,
          0.646936,
          -0.730064,
          4.012243
        ],
        [
          0.007069,
          -0.747354,
          -0.664389,
          1.386607
        ],
        [
          0.0,
          0.0,
          0.0,
          1.0
        ]
      ]
    },
    {
      "file_path": "/media/NFS/ttao/scannet/posed_images/scene0655_02/00033.jpg",
      "transform_matrix": [
        [
          -0.98638,
          -0.118147,
          0.114438,
          1.51235
        ],
        [
          -0.164054,
          0.656435,
          -0.736328,
          3.997509
        ],
        [
          0.011874,
          -0.745074,
          -0.666877,
          1.387312
        ],
        [
          0.0,
          0.0,
          0.0,
          1.0
        ]
      ]
    },
    {
      "file_path": "/media/NFS/ttao/scannet/posed_images/scene0655_02/00035.jpg",
      "transform_matrix": [
        [
          -0.992761,
          -0.089572,
          0.080009,
          1.486401
        ],
        [
          -0.119226,
          0.654681,
          -0.746444,
          3.98947
        ],
        [
          0.014481,
          -0.75058,
          -0.660621,
          1.391032
        ],
        [
          0.0,
          0.0,
          0.0,
          1.0
        ]
      ]
    },
    {
      "file_path": "/media/NFS/ttao/scannet/posed_images/scene0655_02/00037.jpg",
      "transform_matrix": [
        [
          -0.996675,
          -0.065878,
          0.047937,
          1.457391
        ],
        [
          -0.079183,
          0.644747,
          -0.760284,
          3.983868
        ],
        [
          0.019179,
          -0.761552,
          -0.64782,
          1.39322
        ],
        [
          0.0,
          0.0,
          0.0,
          1.0
        ]
      ]
    },
    {
      "file_path": "/media/NFS/ttao/scannet/posed_images/scene0655_02/00040.jpg",
      "transform_matrix": [
        [
          -0.998732,
          -0.05003,
          -0.005509,
          1.421817
        ],
        [
          -0.027584,
          0.635612,
          -0.771515,
          3.96893
        ],
        [
          0.042101,
          -0.770386,
          -0.636187,
          1.411427
        ],
        [
          0.0,
          0.0,
          0.0,
          1.0
        ]
      ]
    },
    {
      "file_path": "/media/NFS/ttao/scannet/posed_images/scene0655_02/00042.jpg",
      "transform_matrix": [
        [
          -0.998567,
          -0.030951,
          -0.043652,
          1.405555
        ],
        [
          0.015099,
          0.619622,
          -0.784755,
          3.972492
        ],
        [
          0.051337,
          -0.78429,
          -0.618267,
          1.408997
        ],
        [
          0.0,
          0.0,
          0.0,
          1.0
        ]
      ]
    },
    {
      "file_path": "/media/NFS/ttao/scannet/posed_images/scene0655_02/00046.jpg",
      "transform_matrix": [
        [
          -0.994143,
          0.015136,
          -0.107005,
          1.370768
        ],
        [
          0.094501,
          0.602122,
          -0.792792,
          3.962777
        ],
        [
          0.05243,
          -0.798261,
          -0.600026,
          1.418639
        ],
        [
          0.0,
          0.0,
          0.0,
          1.0
        ]
      ]
    },
    {
      "file_path": "/media/NFS/ttao/scannet/posed_images/scene0655_02/00048.jpg",
      "transform_matrix": [
        [
          -0.99008,
          0.039166,
          -0.134933,
          1.355386
        ],
        [
          0.131886,
          0.590209,
          -0.796404,
          3.957989
        ],
        [
          0.048446,
          -0.8063,
          -0.58952,
          1.423386
        ],
        [
          0.0,
          0.0,
          0.0,
          1.0
        ]
      ]
    },
    {
      "file_path": "/media/NFS/ttao/scannet/posed_images/scene0655_02/00050.jpg",
      "transform_matrix": [
        [
          -0.98716,
          0.054804,
          -0.150035,
          1.329249
        ],
        [
          0.15359,
          0.583625,
          -0.797366,
          3.960134
        ],
        [
          0.043866,
          -0.810172,
          -0.584549,
          1.437202
        ],
        [
          0.0,
          0.0,
          0.0,
          1.0
        ]
      ]
    },
    {
      "file_path": "/media/NFS/ttao/scannet/posed_images/scene0655_02/00053.jpg",
      "transform_matrix": [
        [
          -0.979399,
          0.083023,
          -0.184076,
          1.305726
        ],
        [
          0.198527,
          0.562598,
          -0.80254,
          3.957731
        ],
        [
          0.036931,
          -0.822551,
          -0.56749,
          1.447759
        ],
        [
          0.0,
          0.0,
          0.0,
          1.0
        ]
      ]
    },
    {
      "file_path": "/media/NFS/ttao/scannet/posed_images/scene0655_02/00055.jpg",
      "transform_matrix": [
        [
          -0.97356,
          0.096669,
          -0.206968,
          1.299287
        ],
        [
          0.225803,
          0.544316,
          -0.807919,
          3.952605
        ],
        [
          0.034555,
          -0.833291,
          -0.551753,
          1.458459
        ],
        [
          0.0,
          0.0,
          0.0,
          1.0
        ]
      ]
    },
    {
      "file_path": "/media/NFS/ttao/scannet/posed_images/scene0655_02/00057.jpg",
      "transform_matrix": [
        [
          -0.968028,
          0.103214,
          -0.228623,
          1.295063
        ],
        [
          0.248333,
          0.522919,
          -0.815406,
          3.948714
        ],
        [
          0.03539,
          -0.84611,
          -0.531832,
          1.469496
        ],
        [
          0.0,
          0.0,
          0.0,
          1.0
        ]
      ]
    },
    {
      "file_path": "/media/NFS/ttao/scannet/posed_images/scene0655_02/00060.jpg",
      "transform_matrix": [
        [
          -0.958326,
          0.101931,
          -0.266874,
          1.283566
        ],
        [
          0.282891,
          0.468761,
          -0.836801,
          3.95205
        ],
        [
          0.039804,
          -0.877424,
          -0.478061,
          1.496641
        ],
        [
          0.0,
          0.0,
          0.0,
          1.0
        ]
      ]
    },
    {
      "file_path": "/media/NFS/ttao/scannet/posed_images/scene0655_02/00062.jpg",
      "transform_matrix": [
        [
          -0.952745,
          0.1049,
          -0.285083,
          1.286138
        ],
        [
          0.301544,
          0.440005,
          -0.845852,
          3.94336
        ],
        [
          0.036708,
          -0.891847,
          -0.450845,
          1.510926
        ],
        [
          0.0,
          0.0,
          0.0,
          1.0
        ]
      ]
    },
    {
      "file_path": "/media/NFS/ttao/scannet/posed_images/scene0655_02/00063.jpg",
      "transform_matrix": [
        [
          -0.950973,
          0.105911,
          -0.290572,
          1.283629
        ],
        [
          0.307491,
          0.424472,
          -0.851629,
          3.945825
        ],
        [
          0.033143,
          -0.899226,
          -0.436228,
          1.516352
        ],
        [
          0.0,
          0.0,
          0.0,
          1.0
        ]
      ]
    },
    {
      "file_path": "/media/NFS/ttao/scannet/posed_images/scene0655_02/00065.jpg",
      "transform_matrix": [
        [
          -0.948265,
          0.101945,
          -0.300668,
          1.286153
        ],
        [
          0.316028,
          0.393581,
          -0.863261,
          3.940895
        ],
        [
          0.030332,
          -0.91362,
          -0.405437,
          1.529266
        ],
        [
          0.0,
          0.0,
          0.0,
          1.0
        ]
      ]
    },
    {
      "file_path": "/media/NFS/ttao/scannet/posed_images/scene0655_02/00069.jpg",
      "transform_matrix": [
        [
          -0.947817,
          0.087286,
          -0.306631,
          1.291278
        ],
        [
          0.317811,
          0.334896,
          -0.88704,
          3.936268
        ],
        [
          0.025263,
          -0.938203,
          -0.345161,
          1.556799
        ],
        [
          0.0,
          0.0,
          0.0,
          1.0
        ]
      ]
    },
    {
      "file_path": "/media/NFS/ttao/scannet/posed_images/scene0655_02/00071.jpg",
      "transform_matrix": [
        [
          -0.950854,
          0.074768,
          -0.300476,
          1.29157
        ],
        [
          0.308528,
          0.310912,
          -0.898968,
          3.929587
        ],
        [
          0.026208,
          -0.947493,
          -0.3187,
          1.575425
        ],
        [
          0.0,
          0.0,
          0.0,
          1.0
        ]
      ]
    },
    {
      "file_path": "/media/NFS/ttao/scannet/posed_images/scene0655_02/00072.jpg",
      "transform_matrix": [
        [
          -0.951904,
          0.07186,
          -0.297849,
          1.297178
        ],
        [
          0.305511,
          0.29639,
          -0.904884,
          3.928319
        ],
        [
          0.023254,
          -0.95236,
          -0.304089,
          1.580765
        ],
        [
          0.0,
          0.0,
          0.0,
          1.0
        ]
      ]
    },
    {
      "file_path": "/media/NFS/ttao/scannet/posed_images/scene0655_02/00076.jpg",
      "transform_matrix": [
        [
          -0.957519,
          0.064281,
          -0.281112,
          1.307648
        ],
        [
          0.288259,
          0.240198,
          -0.926937,
          3.930516
        ],
        [
          0.007938,
          -0.968593,
          -0.248524,
          1.592572
        ],
        [
          0.0,
          0.0,
          0.0,
          1.0
        ]
      ]
    },
    {
      "file_path": "/media/NFS/ttao/scannet/posed_images/scene0655_02/00077.jpg",
      "transform_matrix": [
        [
          -0.959401,
          0.06186,
          -0.275176,
          1.310117
        ],
        [
          0.282001,
          0.227288,
          -0.932103,
          3.926516
        ],
        [
          0.004884,
          -0.971861,
          -0.235505,
          1.596533
        ],
        [
          0.0,
          0.0,
          0.0,
          1.0
        ]
      ]
    },
    {
      "file_path": "/media/NFS/ttao/scannet/posed_images/scene0655_02/00081.jpg",
      "transform_matrix": [
        [
          -0.966926,
          0.027575,
          -0.253561,
          1.34091
        ],
        [
          0.254292,
          0.181089,
          -0.950022,
          3.907946
        ],
        [
          0.01972,
          -0.98308,
          -0.182112,
          1.649514
        ],
        [
          0.0,
          0.0,
          0.0,
          1.0
        ]
      ]
    },
    {
      "file_path": "/media/NFS/ttao/scannet/posed_images/scene0655_02/00082.jpg",
      "transform_matrix": [
        [
          -0.968578,
          0.027592,
          -0.247176,
          1.345235
        ],
        [
          0.248234,
          0.168792,
          -0.953881,
          3.910155
        ],
        [
          0.015402,
          -0.985265,
          -0.170338,
          1.650729
        ],
        [
          0.0,
          0.0,
          0.0,
          1.0
        ]
      ]
    },
    {
      "file_path": "/media/NFS/ttao/scannet/posed_images/scene0655_02/00084.jpg",
      "transform_matrix": [
        [
          -0.972749,
          0.026685,
          -0.230321,
          1.350659
        ],
        [
          0.231751,
          0.142518,
          -0.962278,
          3.916051
        ],
        [
          0.007147,
          -0.989432,
          -0.144818,
          1.639893
        ],
        [
          0.0,
          0.0,
          0.0,
          1.0
        ]
      ]
    },
    {
      "file_path": "/media/NFS/ttao/scannet/posed_images/scene0655_02/00087.jpg",
      "transform_matrix": [
        [
          -0.97806,
          0.027469,
          -0.206502,
          1.361315
        ],
        [
          0.208266,
          0.106113,
          -0.972299,
          3.931607
        ],
        [
          -0.004796,
          -0.993975,
          -0.109506,
          1.612418
        ],
        [
          0.0,
          0.0,
          0.0,
          1.0
        ]
      ]
    },
    {
      "file_path": "/media/NFS/ttao/scannet/posed_images/scene0655_02/00090.jpg",
      "transform_matrix": [
        [
          -0.983742,
          0.010231,
          -0.179295,
          1.381435
        ],
        [
          0.179475,
          0.091242,
          -0.979522,
          3.923894
        ],
        [
          0.006338,
          -0.995776,
          -0.091595,
          1.636202
        ],
        [
          0.0,
          0.0,
          0.0,
          1.0
        ]
      ]
    },
    {
      "file_path": "/media/NFS/ttao/scannet/posed_images/scene0655_02/00092.jpg",
      "transform_matrix": [
        [
          -0.987272,
          0.006624,
          -0.158903,
          1.388138
        ],
        [
          0.158924,
          0.079533,
          -0.984082,
          3.928288
        ],
        [
          0.006119,
          -0.99681,
          -0.079573,
          1.637424
        ],
        [
          0.0,
          0.0,
          0.0,
          1.0
        ]
      ]
    },
    {
      "file_path": "/media/NFS/ttao/scannet/posed_images/scene0655_02/00095.jpg",
      "transform_matrix": [
        [
          -0.992948,
          -0.001205,
          -0.118541,
          1.399553
        ],
        [
          0.118277,
          0.057447,
          -0.991317,
          3.939309
        ],
        [
          0.008004,
          -0.998348,
          -0.0569,
          1.614058
        ],
        [
          0.0,
          0.0,
          0.0,
          1.0
        ]
      ]
    },
    {
      "file_path": "/media/NFS/ttao/scannet/posed_images/scene0655_02/00096.jpg",
      "transform_matrix": [
        [
          -0.994477,
          -0.002192,
          -0.104933,
          1.401325
        ],
        [
          0.104623,
          0.05883,
          -0.99277,
          3.943134
        ],
        [
          0.008349,
          -0.998266,
          -0.058276,
          1.617942
        ],
        [
          0.0,
          0.0,
          0.0,
          1.0
        ]
      ]
    },
    {
      "file_path": "/media/NFS/ttao/scannet/posed_images/scene0655_02/00100.jpg",
      "transform_matrix": [
        [
          -0.998534,
          -0.017317,
          -0.051273,
          1.436028
        ],
        [
          0.049611,
          0.085662,
          -0.995088,
          3.936735
        ],
        [
          0.021624,
          -0.996174,
          -0.084678,
          1.641606
        ],
        [
          0.0,
          0.0,
          0.0,
          1.0
        ]
      ]
    },
    {
      "file_path": "/media/NFS/ttao/scannet/posed_images/scene0655_02/00102.jpg",
      "transform_matrix": [
        [
          -0.999786,
          -0.009425,
          -0.018421,
          1.434761
        ],
        [
          0.017619,
          0.079059,
          -0.996714,
          3.95441
        ],
        [
          0.01085,
          -0.996825,
          -0.078876,
          1.607116
        ],
        [
          0.0,
          0.0,
          0.0,
          1.0
        ]
      ]
    },
    {
      "file_path": "/media/NFS/ttao/scannet/posed_images/scene0655_02/00103.jpg",
      "transform_matrix": [
        [
          -0.999944,
          -0.010204,
          -0.002773,
          1.445223
        ],
        [
          0.001891,
          0.085426,
          -0.996343,
          3.956078
        ],
        [
          0.010403,
          -0.996292,
          -0.085402,
          1.610191
        ],
        [
          0.0,
          0.0,
          0.0,
          1.0
        ]
      ]
    },
    {
      "file_path": "/media/NFS/ttao/scannet/posed_images/scene0655_02/00105.jpg",
      "transform_matrix": [
        [
          -0.999415,
          -0.011566,
          0.032182,
          1.454977
        ],
        [
          -0.033168,
          0.098758,
          -0.994558,
          3.951088
        ],
        [
          0.008325,
          -0.995044,
          -0.099084,
          1.611018
        ],
        [
          0.0,
          0.0,
          0.0,
          1.0
        ]
      ]
    },
    {
      "file_path": "/media/NFS/ttao/scannet/posed_images/scene0655_02/00108.jpg",
      "transform_matrix": [
        [
          -0.996862,
          -0.02022,
          0.076527,
          1.476928
        ],
        [
          -0.078409,
          0.12,
          -0.989672,
          3.948578
        ],
        [
          0.010828,
          -0.992568,
          -0.12121,
          1.613118
        ],
        [
          0.0,
          0.0,
          0.0,
          1.0
        ]
      ]
    },
    {
      "file_path": "/media/NFS/ttao/scannet/posed_images/scene0655_02/00110.jpg",
      "transform_matrix": [
        [
          -0.993162,
          -0.035033,
          0.111368,
          1.478129
        ],
        [
          -0.115146,
          0.136477,
          -0.983928,
          3.943647
        ],
        [
          0.019271,
          -0.990023,
          -0.139578,
          1.636067
        ],
        [
          0.0,
          0.0,
          0.0,
          1.0
        ]
      ]
    },
    {
      "file_path": "/media/NFS/ttao/scannet/posed_images/scene0655_02/00114.jpg",
      "transform_matrix": [
        [
          -0.982372,
          -0.045996,
          0.181188,
          1.483217
        ],
        [
          -0.185892,
          0.138128,
          -0.972813,
          3.954572
        ],
        [
          0.019719,
          -0.989346,
          -0.144244,
          1.626615
        ],
        [
          0.0,
          0.0,
          0.0,
          1.0
        ]
      ]
    },
    {
      "file_path": "/media/NFS/ttao/scannet/posed_images/scene0655_02/00115.jpg",
      "transform_matrix": [
        [
          -0.978185,
          -0.047877,
          0.202142,
          1.483561
        ],
        [
          -0.206929,
          0.138976,
          -0.968435,
          3.955715
        ],
        [
          0.018273,
          -0.989138,
          -0.145852,
          1.624387
        ],
        [
          0.0,
          0.0,
          0.0,
          1.0
        ]
      ]
    },
    {
      "file_path": "/media/NFS/ttao/scannet/posed_images/scene0655_02/00117.jpg",
      "transform_matrix": [
        [
          -0.967844,
          -0.055097,
          0.245442,
          1.499942
        ],
        [
          -0.251011,
          0.147641,
          -0.956658,
          3.957448
        ],
        [
          0.016472,
          -0.987505,
          -0.156724,
          1.621102
        ],
        [
          0.0,
          0.0,
          0.0,
          1.0
        ]
      ]
    },
    {
      "file_path": "/media/NFS/ttao/scannet/posed_images/scene0655_02/00119.jpg",
      "transform_matrix": [
        [
          -0.955163,
          -0.065671,
          0.288706,
          1.511576
        ],
        [
          -0.295637,
          0.158174,
          -0.942114,
          3.961696
        ],
        [
          0.016204,
          -0.985225,
          -0.170497,
          1.626325
        ],
        [
          0.0,
          0.0,
          0.0,
          1.0
        ]
      ]
    },
    {
      "file_path": "/media/NFS/ttao/scannet/posed_images/scene0655_02/00123.jpg",
      "transform_matrix": [
        [
          -0.915132,
          -0.111408,
          0.387455,
          1.584559
        ],
        [
          -0.40207,
          0.181804,
          -0.897377,
          3.984957
        ],
        [
          0.029534,
          -0.977003,
          -0.211169,
          1.621834
        ],
        [
          0.0,
          0.0,
          0.0,
          1.0
        ]
      ]
    },
    {
      "file_path": "/media/NFS/ttao/scannet/posed_images/scene0655_02/00124.jpg",
      "transform_matrix": [
        [
          -0.906305,
          -0.118299,
          0.405729,
          1.58994
        ],
        [
          -0.421632,
          0.187382,
          -0.887195,
          3.994645
        ],
        [
          0.028928,
          -0.975137,
          -0.219705,
          1.617862
        ],
        [
          0.0,
          0.0,
          0.0,
          1.0
        ]
      ]
    },
    {
      "file_path": "/media/NFS/ttao/scannet/posed_images/scene0655_02/00128.jpg",
      "transform_matrix": [
        [
          -0.8675,
          -0.13993,
          0.47735,
          1.609594
        ],
        [
          -0.496878,
          0.19829,
          -0.844863,
          4.003905
        ],
        [
          0.023568,
          -0.970103,
          -0.241545,
          1.624552
        ],
        [
          0.0,
          0.0,
          0.0,
          1.0
        ]
      ]
    },
    {
      "file_path": "/media/NFS/ttao/scannet/posed_images/scene0655_02/00130.jpg",
      "transform_matrix": [
        [
          -0.855742,
          -0.147006,
          0.49608,
          1.653207
        ],
        [
          -0.516719,
          0.193526,
          -0.833996,
          4.033876
        ],
        [
          0.026598,
          -0.970019,
          -0.241569,
          1.607828
        ],
        [
          0.0,
          0.0,
          0.0,
          1.0
        ]
      ]
    },
    {
      "file_path": "/media/NFS/ttao/scannet/posed_images/scene0655_02/00132.jpg",
      "transform_matrix": [
        [
          -0.840884,
          -0.167146,
          0.514758,
          1.669777
        ],
        [
          -0.539966,
          0.19452,
          -0.818901,
          4.040366
        ],
        [
          0.036746,
          -0.966553,
          -0.253822,
          1.607316
        ],
        [
          0.0,
          0.0,
          0.0,
          1.0
        ]
      ]
    },
    {
      "file_path": "/media/NFS/ttao/scannet/posed_images/scene0655_02/00134.jpg",
      "transform_matrix": [
        [
          -0.825628,
          -0.185834,
          0.532732,
          1.689831
        ],
        [
          -0.562275,
          0.19278,
          -0.804166,
          4.037893
        ],
        [
          0.046741,
          -0.963484,
          -0.263655,
          1.613518
        ],
        [
          0.0,
          0.0,
          0.0,
          1.0
        ]
      ]
    },
    {
      "file_path": "/media/NFS/ttao/scannet/posed_images/scene0655_02/00136.jpg",
      "transform_matrix": [
        [
          -0.803361,
          -0.194207,
          0.562933,
          1.706221
        ],
        [
          -0.593472,
          0.183321,
          -0.783699,
          4.037801
        ],
        [
          0.049002,
          -0.963679,
          -0.26253,
          1.624696
        ],
        [
          0.0,
          0.0,
          0.0,
          1.0
        ]
      ]
    },
    {
      "file_path": "/media/NFS/ttao/scannet/posed_images/scene0655_02/00140.jpg",
      "transform_matrix": [
        [
          -0.758443,
          -0.209473,
          0.617159,
          1.75978
        ],
        [
          -0.648741,
          0.151928,
          -0.745689,
          4.062785
        ],
        [
          0.062438,
          -0.965939,
          -0.251123,
          1.626315
        ],
        [
          0.0,
          0.0,
          0.0,
          1.0
        ]
      ]
    },
    {
      "file_path": "/media/NFS/ttao/scannet/posed_images/scene0655_02/00141.jpg",
      "transform_matrix": [
        [
          -0.745953,
          -0.211047,
          0.631675,
          1.780794
        ],
        [
          -0.663032,
          0.145906,
          -0.734234,
          4.066215
        ],
        [
          0.062792,
          -0.966525,
          -0.24877,
          1.635622
        ],
        [
          0.0,
          0.0,
          0.0,
          1.0
        ]
      ]
    },
    {
      "file_path": "/media/NFS/ttao/scannet/posed_images/scene0655_02/00144.jpg",
      "transform_matrix": [
        [
          -0.698463,
          -0.198152,
          0.687667,
          1.799991
        ],
        [
          -0.713469,
          0.117905,
          -0.690695,
          4.068157
        ],
        [
          0.055783,
          -0.973054,
          -0.223727,
          1.639228
        ],
        [
          0.0,
          0.0,
          0.0,
          1.0
        ]
      ]
    },
    {
      "file_path": "/media/NFS/ttao/scannet/posed_images/scene0655_02/00145.jpg",
      "transform_matrix": [
        [
          -0.684904,
          -0.198581,
          0.701051,
          1.804167
        ],
        [
          -0.7265,
          0.112537,
          -0.677889,
          4.071758
        ],
        [
          0.055721,
          -0.973602,
          -0.221346,
          1.637959
        ],
        [
          0.0,
          0.0,
          0.0,
          1.0
        ]
      ]
    },
    {
      "file_path": "/media/NFS/ttao/scannet/posed_images/scene0655_02/00148.jpg",
      "transform_matrix": [
        [
          -0.645138,
          -0.206909,
          0.735517,
          1.823721
        ],
        [
          -0.76157,
          0.096392,
          -0.640874,
          4.084438
        ],
        [
          0.061705,
          -0.9736,
          -0.219762,
          1.644327
        ],
        [
          0.0,
          0.0,
          0.0,
          1.0
        ]
      ]
    },
    {
      "file_path": "/media/NFS/ttao/scannet/posed_images/scene0655_02/00150.jpg",
      "transform_matrix": [
        [
          -0.592171,
          -0.201669,
          0.780169,
          1.8336
        ],
        [
          -0.803697,
          0.077699,
          -0.589945,
          4.09991
        ],
        [
          0.058355,
          -0.976367,
          -0.208092,
          1.626676
        ],
        [
          0.0,
          0.0,
          0.0,
          1.0
        ]
      ]
    },
    {
      "file_path": "/media/NFS/ttao/scannet/posed_images/scene0655_02/00152.jpg",
      "transform_matrix": [
        [
          -0.548546,
          -0.21075,
          0.809124,
          1.834373
        ],
        [
          -0.833883,
          0.067151,
          -0.547841,
          4.105416
        ],
        [
          0.061124,
          -0.975231,
          -0.212576,
          1.626593
        ],
        [
          0.0,
          0.0,
          0.0,
          1.0
        ]
      ]
    },
    {
      "file_path": "/media/NFS/ttao/scannet/posed_images/scene0655_02/00156.jpg",
      "transform_matrix": [
        [
          -0.463809,
          -0.230012,
          0.855556,
          1.849194
        ],
        [
          -0.883547,
          0.049236,
          -0.465747,
          4.122647
        ],
        [
          0.065003,
          -0.971941,
          -0.226063,
          1.644646
        ],
        [
          0.0,
          0.0,
          0.0,
          1.0
        ]
      ]
    },
    {
      "file_path": "/media/NFS/ttao/scannet/posed_images/scene0655_02/00158.jpg",
      "transform_matrix": [
        [
          -0.412835,
          -0.219996,
          0.883837,
          1.84112
        ],
        [
          -0.908914,
          0.036995,
          -0.41534,
          4.122733
        ],
        [
          0.058676,
          -0.974799,
          -0.215231,
          1.632589
        ],
        [
          0.0,
          0.0,
          0.0,
          1.0
        ]
      ]
    },
    {
      "file_path": "/media/NFS/ttao/scannet/posed_images/scene0655_02/00159.jpg",
      "transform_matrix": [
        [
          -0.390199,
          -0.222269,
          0.893499,
          1.84026
        ],
        [
          -0.91916,
          0.037384,
          -0.392106,
          4.122746
        ],
        [
          0.05375,
          -0.974268,
          -0.218888,
          1.641562
        ],
        [
          0.0,
          0.0,
          0.0,
          1.0
        ]
      ]
    },
    {
      "file_path": "/media/NFS/ttao/scannet/posed_images/scene0655_02/00163.jpg",
      "transform_matrix": [
        [
          -0.295844,
          -0.215126,
          0.930697,
          1.826146
        ],
        [
          -0.9539,
          0.015021,
          -0.299748,
          4.159458
        ],
        [
          0.050503,
          -0.976471,
          -0.209653,
          1.616334
        ],
        [
          0.0,
          0.0,
          0.0,
          1.0
        ]
      ]
    },
    {
      "file_path": "/media/NFS/ttao/scannet/posed_images/scene0655_02/00165.jpg",
      "transform_matrix": [
        [
          -0.234518,
          -0.225272,
          0.94565,
          1.813317
        ],
        [
          -0.970826,
          0.004261,
          -0.239746,
          4.148215
        ],
        [
          0.049979,
          -0.974287,
          -0.219699,
          1.614622
        ],
        [
          0.0,
          0.0,
          0.0,
          1.0
        ]
      ]
    },
    {
      "file_path": "/media/NFS/ttao/scannet/posed_images/scene0655_02/00166.jpg",
      "transform_matrix": [
        [
          -0.209497,
          -0.235978,
          0.948907,
          1.808285
        ],
        [
          -0.976136,
          -0.006266,
          -0.217067,
          4.15632
        ],
        [
          0.057169,
          -0.971738,
          -0.229034,
          1.612371
        ],
        [
          0.0,
          0.0,
          0.0,
          1.0
        ]
      ]
    },
    {
      "file_path": "/media/NFS/ttao/scannet/posed_images/scene0655_02/00170.jpg",
      "transform_matrix": [
        [
          -0.094957,
          -0.26004,
          0.960917,
          1.77179
        ],
        [
          -0.993796,
          -0.031372,
          -0.106696,
          4.134891
        ],
        [
          0.057891,
          -0.965088,
          -0.255448,
          1.603757
        ],
        [
          0.0,
          0.0,
          0.0,
          1.0
        ]
      ]
    },
    {
      "file_path": "/media/NFS/ttao/scannet/posed_images/scene0655_02/00171.jpg",
      "transform_matrix": [
        [
          -0.073229,
          -0.257037,
          0.963623,
          1.762958
        ],
        [
          -0.995849,
          -0.033527,
          -0.084621,
          4.146059
        ],
        [
          0.054058,
          -0.96582,
          -0.253515,
          1.598858
        ],
        [
          0.0,
          0.0,
          0.0,
          1.0
        ]
      ]
    },
    {
      "file_path": "/media/NFS/ttao/scannet/posed_images/scene0655_02/00175.jpg",
      "transform_matrix": [
        [
          0.056222,
          -0.263284,
          0.963078,
          1.733341
        ],
        [
          -0.997621,
          -0.053343,
          0.043656,
          4.137912
        ],
        [
          0.039879,
          -0.963242,
          -0.265657,
          1.595298
        ],
        [
          0.0,
          0.0,
          0.0,
          1.0
        ]
      ]
    },
    {
      "file_path": "/media/NFS/ttao/scannet/posed_images/scene0655_02/00177.jpg",
      "transform_matrix": [
        [
          0.094033,
          -0.258107,
          0.961529,
          1.726213
        ],
        [
          -0.994777,
          -0.062869,
          0.080408,
          4.132652
        ],
        [
          0.039696,
          -0.964068,
          -0.262671,
          1.594269
        ],
        [
          0.0,
          0.0,
          0.0,
          1.0
        ]
      ]
    },
    {
      "file_path": "/media/NFS/ttao/scannet/posed_images/scene0655_02/00178.jpg",
      "transform_matrix": [
        [
          0.107023,
          -0.258407,
          0.960089,
          1.725293
        ],
        [
          -0.993509,
          -0.065236,
          0.09319,
          4.131392
        ],
        [
          0.038551,
          -0.963831,
          -0.263712,
          1.597511
        ],
        [
          0.0,
          0.0,
          0.0,
          1.0
        ]
      ]
    },
    {
      "file_path": "/media/NFS/ttao/scannet/posed_images/scene0655_02/00181.jpg",
      "transform_matrix": [
        [
          0.170809,
          -0.243734,
          0.954682,
          1.727488
        ],
        [
          -0.984875,
          -0.070814,
          0.158132,
          4.107979
        ],
        [
          0.029063,
