{
  "frames": [
    {
      "file_path": "/media/NFS/ttao/scannet/posed_images/scene0585_01/00000.jpg",
      "transform_matrix": [
        [
          -0.137569,
          -0.223384,
          0.964974,
          1.360219
        ],
        [
          -0.990268,
          0.051773,
          -0.12919,
          3.841609
        ],
        [
          -0.0211,
          -0.973355,
          -0.228332,
          1.744229
        ],
        [
          0.0,
          0.0,
          0.0,
          1.0
        ]
      ]
    },
    {
      "file_path": "/media/NFS/ttao/scannet/posed_images/scene0585_01/00009.jpg",
      "transform_matrix": [
        [
          -0.135001,
          -0.19779,
          0.970904,
          1.367174
        ],
        [
          -0.990726,
          0.04219,
          -0.129162,
          3.837058
        ],
        [
          -0.015415,
          -0.979336,
          -0.201651,
          1.767318
        ],
        [
          0.0,
          0.0,
          0.0,
          1.0
        ]
      ]
    },
    {
      "file_path": "/media/NFS/ttao/scannet/posed_images/scene0585_01/00017.jpg",
      "transform_matrix": [
        [
          -0.189761,
          -0.114967,
          0.975076,
          1.374581
        ],
        [
          -0.98183,
          0.023292,
          -0.18833,
          3.83428
        ],
        [
          -0.00106,
          -0.993096,
          -0.117298,
          1.823132
        ],
        [
          0.0,
          0.0,
          0.0,
          1.0
        ]
      ]
    },
    {
      "file_path": "/media/NFS/ttao/scannet/posed_images/scene0585_01/00032.jpg",
      "transform_matrix": [
        [
          -0.305828,
          -0.037952,
          0.95133,
          1.367238
        ],
        [
          -0.95175,
          0.038759,
          -0.304417,
          3.781998
        ],
        [
          -0.02532,
          -0.998528,
          -0.047974,
          1.874579
        ],
        [
          0.0,
          0.0,
          0.0,
          1.0
        ]
      ]
    },
    {
      "file_path": "/media/NFS/ttao/scannet/posed_images/scene0585_01/00044.jpg",
      "transform_matrix": [
        [
          -0.358178,
          -0.106794,
          0.927526,
          1.383143
        ],
        [
          -0.933627,
          0.048396,
          -0.354962,
          3.791679
        ],
        [
          -0.006981,
          -0.993103,
          -0.11704,
          1.847206
        ],
        [
          0.0,
          0.0,
          0.0,
          1.0
        ]
      ]
    },
    {
      "file_path": "/media/NFS/ttao/scannet/posed_images/scene0585_01/00052.jpg",
      "transform_matrix": [
        [
          -0.385577,
          -0.188771,
          0.903159,
          1.416349
        ],
        [
          -0.922651,
          0.071765,
          -0.3789,
          3.825481
        ],
        [
          0.00671,
          -0.979396,
          -0.201841,
          1.796659
        ],
        [
          0.0,
          0.0,
          0.0,
          1.0
        ]
      ]
    },
    {
      "file_path": "/media/NFS/ttao/scannet/posed_images/scene0585_01/00058.jpg",
      "transform_matrix": [
        [
          -0.398946,
          -0.258082,
          0.879906,
          1.437189
        ],
        [
          -0.916974,
          0.111699,
          -0.38299,
          3.859147
        ],
        [
          0.000559,
          -0.959644,
          -0.281217,
          1.75394
        ],
        [
          0.0,
          0.0,
          0.0,
          1.0
        ]
      ]
    },
    {
      "file_path": "/media/NFS/ttao/scannet/posed_images/scene0585_01/00067.jpg",
      "transform_matrix": [
        [
          -0.411926,
          -0.353511,
          0.839849,
          1.456748
        ],
        [
          -0.911074,
          0.143404,
          -0.386497,
          3.925972
        ],
        [
          0.016193,
          -0.924373,
          -0.381147,
          1.661244
        ],
        [
          0.0,
          0.0,
          0.0,
          1.0
        ]
      ]
    },
    {
      "file_path": "/media/NFS/ttao/scannet/posed_images/scene0585_01/00079.jpg",
      "transform_matrix": [
        [
          -0.431558,
          -0.486909,
          0.759392,
          1.475188
        ],
        [
          -0.901414,
          0.200298,
          -0.383841,
          3.990336
        ],
        [
          0.034791,
          -0.850177,
          -0.525347,
          1.537614
        ],
        [
          0.0,
          0.0,
          0.0,
          1.0
        ]
      ]
    },
    {
      "file_path": "/media/NFS/ttao/scannet/posed_images/scene0585_01/00093.jpg",
      "transform_matrix": [
        [
          -0.471798,
          -0.58726,
          0.657672,
          1.466951
        ],
        [
          -0.881556,
          0.300397,
          -0.364172,
          4.010852
        ],
        [
          0.016301,
          -0.75159,
          -0.659429,
          1.443566
        ],
        [
          0.0,
          0.0,
          0.0,
          1.0
        ]
      ]
    },
    {
      "file_path": "/media/NFS/ttao/scannet/posed_images/scene0585_01/00099.jpg",
      "transform_matrix": [
        [
          -0.484358,
          -0.600546,
          0.636192,
          1.463842
        ],
        [
          -0.874746,
          0.320182,
          -0.363736,
          3.996639
        ],
        [
          0.014743,
          -0.732685,
          -0.680408,
          1.426032
        ],
        [
          0.0,
          0.0,
          0.0,
          1.0
        ]
      ]
    },
    {
      "file_path": "/media/NFS/ttao/scannet/posed_images/scene0585_01/00111.jpg",
      "transform_matrix": [
        [
          -0.375721,
          -0.686086,
          0.622993,
          1.4591
        ],
        [
          -0.926659,
          0.269668,
          -0.261881,
          3.96343
        ],
        [
          0.011672,
          -0.675696,
          -0.737088,
          1.388686
        ],
        [
          0.0,
          0.0,
          0.0,
          1.0
        ]
      ]
    },
    {
      "file_path": "/media/NFS/ttao/scannet/posed_images/scene0585_01/00122.jpg",
      "transform_matrix": [
        [
          -0.192108,
          -0.747764,
          0.635565,
          1.434649
        ],
        [
          -0.980777,
          0.123712,
          -0.150901,
          3.877771
        ],
        [
          0.034211,
          -0.652337,
          -0.757156,
          1.37491
        ],
        [
          0.0,
          0.0,
          0.0,
          1.0
        ]
      ]
    },
    {
      "file_path": "/media/NFS/ttao/scannet/posed_images/scene0585_01/00128.jpg",
      "transform_matrix": [
        [
          -0.130481,
          -0.767329,
          0.627838,
          1.427426
        ],
        [
          -0.99104,
          0.082711,
          -0.104876,
          3.833628
        ],
        [
          0.028545,
          -0.635897,
          -0.771246,
          1.369703
        ],
        [
          0.0,
          0.0,
          0.0,
          1.0
        ]
      ]
    },
    {
      "file_path": "/media/NFS/ttao/scannet/posed_images/scene0585_01/00134.jpg",
      "transform_matrix": [
        [
          -0.139239,
          -0.772201,
          0.619934,
          1.434476
        ],
        [
          -0.990235,
          0.104261,
          -0.092541,
          3.771051
        ],
        [
          0.006825,
          -0.626766,
          -0.779178,
          1.357946
        ],
        [
          0.0,
          0.0,
          0.0,
          1.0
        ]
      ]
    },
    {
      "file_path": "/media/NFS/ttao/scannet/posed_images/scene0585_01/00143.jpg",
      "transform_matrix": [
        [
          -0.219371,
          -0.753175,
          0.620165,
          1.49565
        ],
        [
          -0.975342,
          0.153556,
          -0.158517,
          3.644367
        ],
        [
          0.024161,
          -0.639647,
          -0.768289,
          1.372062
        ],
        [
          0.0,
          0.0,
          0.0,
          1.0
        ]
      ]
    },
    {
      "file_path": "/media/NFS/ttao/scannet/posed_images/scene0585_01/00155.jpg",
      "transform_matrix": [
        [
          -0.341778,
          -0.642977,
          0.685396,
          1.54205
        ],
        [
          -0.939348,
          0.25587,
          -0.228378,
          3.467906
        ],
        [
          -0.02853,
          -0.72188,
          -0.69143,
          1.441142
        ],
        [
          0.0,
          0.0,
          0.0,
          1.0
        ]
      ]
    },
    {
      "file_path": "/media/NFS/ttao/scannet/posed_images/scene0585_01/00169.jpg",
      "transform_matrix": [
        [
          -0.316348,
          -0.517729,
          0.794909,
          1.528904
        ],
        [
          -0.947751,
          0.208816,
          -0.241171,
          3.29514
        ],
        [
          -0.041129,
          -0.82967,
          -0.556737,
          1.509896
        ],
        [
          0.0,
          0.0,
          0.0,
          1.0
        ]
      ]
    },
    {
      "file_path": "/media/NFS/ttao/scannet/posed_images/scene0585_01/00181.jpg",
      "transform_matrix": [
        [
          -0.207431,
          -0.457011,
          0.864936,
          1.519358
        ],
        [
          -0.978141,
          0.110102,
          -0.176405,
          3.150789
        ],
        [
          -0.014612,
          -0.88262,
          -0.46986,
          1.593531
        ],
        [
          0.0,
          0.0,
          0.0,
          1.0
        ]
      ]
    },
    {
      "file_path": "/media/NFS/ttao/scannet/posed_images/scene0585_01/00187.jpg",
      "transform_matrix": [
        [
          -0.193202,
          -0.417875,
          0.887724,
          1.533942
        ],
        [
          -0.980841,
          0.105283,
          -0.163909,
          3.098935
        ],
        [
          -0.024969,
          -0.902383,
          -0.43021,
          1.648006
        ],
        [
          0.0,
          0.0,
          0.0,
          1.0
        ]
      ]
    },
    {
      "file_path": "/media/NFS/ttao/scannet/posed_images/scene0585_01/00192.jpg",
      "transform_matrix": [
        [
          -0.208577,
          -0.368845,
          0.905786,
          1.55689
        ],
        [
          -0.977151,
          0.117305,
          -0.177242,
          3.078339
        ],
        [
          -0.040878,
          -0.922059,
          -0.384884,
          1.693342
        ],
        [
          0.0,
          0.0,
          0.0,
          1.0
        ]
      ]
    },
    {
      "file_path": "/media/NFS/ttao/scannet/posed_images/scene0585_01/00204.jpg",
      "transform_matrix": [
        [
          -0.223706,
          -0.241348,
          0.944302,
          1.610592
        ],
        [
          -0.974048,
          0.089599,
          -0.207852,
          3.05164
        ],
        [
          -0.034444,
          -0.966294,
          -0.255128,
          1.768728
        ],
        [
          0.0,
          0.0,
          0.0,
          1.0
        ]
      ]
    },
    {
      "file_path": "/media/NFS/ttao/scannet/posed_images/scene0585_01/00216.jpg",
      "transform_matrix": [
        [
          -0.204743,
          -0.091965,
          0.974486,
          1.641167
        ],
        [
          -0.976752,
          0.083817,
          -0.197309,
          3.018639
        ],
        [
          -0.063533,
          -0.992228,
          -0.106988,
          1.767783
        ],
        [
          0.0,
          0.0,
          0.0,
          1.0
        ]
      ]
    },
    {
      "file_path": "/media/NFS/ttao/scannet/posed_images/scene0585_01/00225.jpg",
      "transform_matrix": [
        [
          -0.176377,
          -0.049128,
          0.983096,
          1.663792
        ],
        [
          -0.980951,
          0.091375,
          -0.171426,
          2.972486
        ],
        [
          -0.081409,
          -0.994604,
          -0.064309,
          1.800097
        ],
        [
          0.0,
          0.0,
          0.0,
          1.0
        ]
      ]
    },
    {
      "file_path": "/media/NFS/ttao/scannet/posed_images/scene0585_01/00239.jpg",
      "transform_matrix": [
        [
          -0.160091,
          0.053704,
          0.98564,
          1.695762
        ],
        [
          -0.986288,
          0.031853,
          -0.161932,
          2.801699
        ],
        [
          -0.040092,
          -0.998049,
          0.047868,
          1.837225
        ],
        [
          0.0,
          0.0,
          0.0,
          1.0
        ]
      ]
    },
    {
      "file_path": "/media/NFS/ttao/scannet/posed_images/scene0585_01/00242.jpg",
      "transform_matrix": [
        [
          -0.170127,
          0.054673,
          0.983904,
          1.699906
        ],
        [
          -0.985168,
          0.013263,
          -0.171082,
          2.763994
        ],
        [
          -0.022403,
          -0.998416,
          0.051606,
          1.84078
        ],
        [
          0.0,
          0.0,
          0.0,
          1.0
        ]
      ]
    },
    {
      "file_path": "/media/NFS/ttao/scannet/posed_images/scene0585_01/00257.jpg",
      "transform_matrix": [
        [
          -0.197897,
          -0.014977,
          0.980108,
          1.740442
        ],
        [
          -0.980047,
          0.02195,
          -0.197549,
          2.621636
        ],
        [
          -0.018555,
          -0.999647,
          -0.019022,
          1.806193
        ],
        [
          0.0,
          0.0,
          0.0,
          1.0
        ]
      ]
    },
    {
      "file_path": "/media/NFS/ttao/scannet/posed_images/scene0585_01/00268.jpg",
      "transform_matrix": [
        [
          -0.192297,
          -0.127488,
          0.97302,
          1.814606
        ],
        [
          -0.981144,
          0.044632,
          -0.188054,
          2.526162
        ],
        [
          -0.019453,
          -0.990835,
          -0.133666,
          1.750107
        ],
        [
          0.0,
          0.0,
          0.0,
          1.0
        ]
      ]
    },
    {
      "file_path": "/media/NFS/ttao/scannet/posed_images/scene0585_01/00271.jpg",
      "transform_matrix": [
        [
          -0.221157,
          -0.17324,
          0.959728,
          1.846099
        ],
        [
          -0.975237,
          0.037949,
          -0.217881,
          2.551784
        ],
        [
          0.001325,
          -0.984148,
          -0.177343,
          1.699288
        ],
        [
          0.0,
          0.0,
          0.0,
          1.0
        ]
      ]
    },
    {
      "file_path": "/media/NFS/ttao/scannet/posed_images/scene0585_01/00286.jpg",
      "transform_matrix": [
        [
          -0.107087,
          -0.285054,
          0.952511,
          1.846086
        ],
        [
          -0.992918,
          0.080227,
          -0.08762,
          2.459759
        ],
        [
          -0.05144,
          -0.955148,
          -0.291627,
          1.621613
        ],
        [
          0.0,
          0.0,
          0.0,
          1.0
        ]
      ]
    },
    {
      "file_path": "/media/NFS/ttao/scannet/posed_images/scene0585_01/00297.jpg",
      "transform_matrix": [
        [
          0.07885,
          -0.386374,
          0.918966,
          1.807413
        ],
        [
          -0.996539,
          -0.006222,
          0.08289,
          2.343235
        ],
        [
          -0.026309,
          -0.922321,
          -0.385528,
          1.621513
        ],
        [
          0.0,
          0.0,
          0.0,
          1.0
        ]
      ]
    },
    {
      "file_path": "/media/NFS/ttao/scannet/posed_images/scene0585_01/00306.jpg",
      "transform_matrix": [
        [
          0.217434,
          -0.490791,
          0.84371,
          1.746772
        ],
        [
          -0.976069,
          -0.112488,
          0.18611,
          2.251564
        ],
        [
          0.003566,
          -0.863985,
          -0.503505,
          1.619648
        ],
        [
          0.0,
          0.0,
          0.0,
          1.0
        ]
      ]
    },
    {
      "file_path": "/media/NFS/ttao/scannet/posed_images/scene0585_01/00309.jpg",
      "transform_matrix": [
        [
          0.250327,
          -0.477083,
          0.842453,
          1.693027
        ],
        [
          -0.967957,
          -0.141221,
          0.207645,
          2.241334
        ],
        [
          0.019908,
          -0.867438,
          -0.497148,
          1.55512
        ],
        [
          0.0,
          0.0,
          0.0,
          1.0
        ]
      ]
    },
    {
      "file_path": "/media/NFS/ttao/scannet/posed_images/scene0585_01/00327.jpg",
      "transform_matrix": [
        [
          0.318887,
          -0.550578,
          0.771476,
          1.61645
        ],
        [
          -0.943913,
          -0.258058,
          0.205995,
          2.250916
        ],
        [
          0.085669,
          -0.793896,
          -0.601989,
          1.355076
        ],
        [
          0.0,
          0.0,
          0.0,
          1.0
        ]
      ]
    },
    {
      "file_path": "/media/NFS/ttao/scannet/posed_images/scene0585_01/00332.jpg",
      "transform_matrix": [
        [
          0.337957,
          -0.631309,
          0.698022,
          1.683675
        ],
        [
          -0.938783,
          -0.278815,
          0.202357,
          2.224851
        ],
        [
          0.066869,
          -0.723679,
          -0.686889,
          1.374483
        ],
        [
          0.0,
          0.0,
          0.0,
          1.0
        ]
      ]
    },
    {
      "file_path": "/media/NFS/ttao/scannet/posed_images/scene0585_01/00344.jpg",
      "transform_matrix": [
        [
          0.278094,
          -0.702783,
          0.654797,
          1.740212
        ],
        [
          -0.960435,
          -0.214182,
          0.178022,
          2.180179
        ],
        [
          0.015135,
          -0.678397,
          -0.73454,
          1.365252
        ],
        [
          0.0,
          0.0,
          0.0,
          1.0
        ]
      ]
    },
    {
      "file_path": "/media/NFS/ttao/scannet/posed_images/scene0585_01/00353.jpg",
      "transform_matrix": [
        [
          0.239736,
          -0.726695,
          0.643771,
          1.756594
        ],
        [
          -0.970838,
          -0.179794,
          0.158581,
          2.111243
        ],
        [
          0.000506,
          -0.663015,
          -0.748606,
          1.363862
        ],
        [
          0.0,
          0.0,
          0.0,
          1.0
        ]
      ]
    },
    {
      "file_path": "/media/NFS/ttao/scannet/posed_images/scene0585_01/00362.jpg",
      "transform_matrix": [
        [
          0.260339,
          -0.722822,
          0.640119,
          1.746598
        ],
        [
          -0.965165,
          -0.176928,
          0.192749,
          2.013283
        ],
        [
          -0.026069,
          -0.668001,
          -0.743704,
          1.343312
        ],
        [
          0.0,
          0.0,
          0.0,
          1.0
        ]
      ]
    },
    {
      "file_path": "/media/NFS/ttao/scannet/posed_images/scene0585_01/00370.jpg",
      "transform_matrix": [
        [
          0.295834,
          -0.723644,
          0.623556,
          1.753412
        ],
        [
          -0.953556,
          -0.18498,
          0.237724,
          1.946815
        ],
        [
          -0.056682,
          -0.664923,
          -0.744759,
          1.298065
        ],
        [
          0.0,
          0.0,
          0.0,
          1.0
        ]
      ]
    },
    {
      "file_path": "/media/NFS/ttao/scannet/posed_images/scene0585_01/00382.jpg",
      "transform_matrix": [
        [
          0.286167,
          -0.645549,
          0.708078,
          1.82562
        ],
        [
          -0.958152,
          -0.187201,
          0.216565,
          1.968849
        ],
        [
          -0.007251,
          -0.74042,
          -0.672105,
          1.088265
        ],
        [
          0.0,
          0.0,
          0.0,
          1.0
        ]
      ]
    },
    {
      "file_path": "/media/NFS/ttao/scannet/posed_images/scene0585_01/00391.jpg",
      "transform_matrix": [
        [
          0.243454,
          -0.598797,
          0.763002,
          1.891173
        ],
        [
          -0.969874,
          -0.143285,
          0.197013,
          2.014781
        ],
        [
          -0.008644,
          -0.787979,
          -0.615641,
          0.94164
        ],
        [
          0.0,
          0.0,
          0.0,
          1.0
        ]
      ]
    },
    {
      "file_path": "/media/NFS/ttao/scannet/posed_images/scene0585_01/00397.jpg",
      "transform_matrix": [
        [
          0.225907,
          -0.570701,
          0.789472,
          1.918478
        ],
        [
          -0.974034,
          -0.119898,
          0.192047,
          2.023798
        ],
        [
          -0.014945,
          -0.812358,
          -0.582968,
          0.877947
        ],
        [
          0.0,
          0.0,
          0.0,
          1.0
        ]
      ]
    },
    {
      "file_path": "/media/NFS/ttao/scannet/posed_images/scene0585_01/00411.jpg",
      "transform_matrix": [
        [
          0.173832,
          -0.582928,
          0.793711,
          1.919512
        ],
        [
          -0.984728,
          -0.094977,
          0.145913,
          2.025221
        ],
        [
          -0.009673,
          -0.806954,
          -0.590535,
          0.817552
        ],
        [
          0.0,
          0.0,
          0.0,
          1.0
        ]
      ]
    },
    {
      "file_path": "/media/NFS/ttao/scannet/posed_images/scene0585_01/00417.jpg",
      "transform_matrix": [
        [
          0.207687,
          -0.558848,
          0.802842,
          1.897788
        ],
        [
          -0.978181,
          -0.123039,
          0.1674,
          2.055397
        ],
        [
          0.005229,
          -0.820092,
          -0.572208,
          0.831361
        ],
        [
          0.0,
          0.0,
          0.0,
          1.0
        ]
      ]
    },
    {
      "file_path": "/media/NFS/ttao/scannet/posed_images/scene0585_01/00429.jpg",
      "transform_matrix": [
        [
          0.171805,
          -0.51869,
          0.837523,
          1.853404
        ],
        [
          -0.984413,
          -0.122856,
          0.12585,
          2.031536
        ],
        [
          0.037618,
          -0.84609,
          -0.531712,
          0.97149
        ],
        [
          0.0,
          0.0,
          0.0,
          1.0
        ]
      ]
    },
    {
      "file_path": "/media/NFS/ttao/scannet/posed_images/scene0585_01/00434.jpg",
      "transform_matrix": [
        [
          0.169374,
          -0.546874,
          0.819903,
          1.828588
        ],
        [
          -0.985013,
          -0.121438,
          0.122483,
          2.012577
        ],
        [
          0.032585,
          -0.828361,
          -0.559247,
          1.035798
        ],
        [
          0.0,
          0.0,
          0.0,
          1.0
        ]
      ]
    },
    {
      "file_path": "/media/NFS/ttao/scannet/posed_images/scene0585_01/00449.jpg",
      "transform_matrix": [
        [
          0.153551,
          -0.581804,
          0.798703,
          1.791696
        ],
        [
          -0.98814,
          -0.091075,
          0.123629,
          1.946165
        ],
        [
          0.000814,
          -0.808214,
          -0.588889,
          1.36693
        ],
        [
          0.0,
          0.0,
          0.0,
          1.0
        ]
      ]
    },
    {
      "file_path": "/media/NFS/ttao/scannet/posed_images/scene0585_01/00458.jpg",
      "transform_matrix": [
        [
          0.162157,
          -0.572646,
          0.803605,
          1.780686
        ],
        [
          -0.986741,
          -0.088411,
          0.13611,
          1.894008
        ],
        [
          -0.006896,
          -0.815021,
          -0.57939,
          1.467648
        ],
        [
          0.0,
          0.0,
          0.0,
          1.0
        ]
      ]
    },
    {
      "file_path": "/media/NFS/ttao/scannet/posed_images/scene0585_01/00464.jpg",
      "transform_matrix": [
        [
          0.193486,
          -0.540912,
          0.818521,
          1.746002
        ],
        [
          -0.980884,
          -0.089015,
          0.173042,
          1.857636
        ],
        [
          -0.02074,
          -0.836355,
          -0.547795,
          1.483488
        ],
        [
          0.0,
          0.0,
          0.0,
          1.0
        ]
      ]
    },
    {
      "file_path": "/media/NFS/ttao/scannet/posed_images/scene0585_01/00478.jpg",
      "transform_matrix": [
        [
          0.195799,
          -0.509184,
          0.83809,
          1.737983
        ],
        [
          -0.978653,
          -0.047034,
          0.200063,
          1.795489
        ],
        [
          -0.062451,
          -0.859372,
          -0.507524,
          1.60201
        ],
        [
          0.0,
          0.0,
          0.0,
          1.0
        ]
      ]
    },
    {
      "file_path": "/media/NFS/ttao/scannet/posed_images/scene0585_01/00484.jpg",
      "transform_matrix": [
        [
          0.168521,
          -0.443165,
          0.880457,
          1.696636
        ],
        [
          -0.984076,
          -0.024423,
          0.176061,
          1.806492
        ],
        [
          -0.05652,
          -0.896107,
          -0.440224,
          1.598116
        ],
        [
          0.0,
          0.0,
          0.0,
          1.0
        ]
      ]
    },
    {
      "file_path": "/media/NFS/ttao/scannet/posed_images/scene0585_01/00493.jpg",
      "transform_matrix": [
        [
          0.162927,
          -0.413509,
          0.895804,
          1.715168
        ],
        [
          -0.985428,
          -0.023242,
          0.168499,
          1.849522
        ],
        [
          -0.048855,
          -0.910203,
          -0.41127,
          1.694402
        ],
        [
          0.0,
          0.0,
          0.0,
          1.0
        ]
      ]
    },
    {
      "file_path": "/media/NFS/ttao/scannet/posed_images/scene0585_01/00507.jpg",
      "transform_matrix": [
        [
          0.180718,
          -0.234225,
          0.955238,
          1.672381
        ],
        [
          -0.982937,
          -0.009145,
          0.183716,
          1.873445
        ],
        [
          -0.034296,
          -0.972139,
          -0.231881,
          1.732399
        ],
        [
          0.0,
          0.0,
          0.0,
          1.0
        ]
      ]
    },
    {
      "file_path": "/media/NFS/ttao/scannet/posed_images/scene0585_01/00516.jpg",
      "transform_matrix": [
        [
          0.179364,
          -0.170757,
          0.96885,
          1.65799
        ],
        [
          -0.98372,
          -0.020038,
          0.178586,
          1.910832
        ],
        [
          -0.011081,
          -0.98511,
          -0.171571,
          1.757783
        ],
        [
          0.0,
          0.0,
          0.0,
          1.0
        ]
      ]
    },
    {
      "file_path": "/media/NFS/ttao/scannet/posed_images/scene0585_01/00525.jpg",
      "transform_matrix": [
        [
          0.171454,
          -0.117347,
          0.978178,
          1.656379
        ],
        [
          -0.985132,
          -0.009416,
          0.171543,
          1.917188
        ],
        [
          -0.010919,
          -0.993046,
          -0.117216,
          1.787222
        ],
        [
          0.0,
          0.0,
          0.0,
          1.0
        ]
      ]
    },
    {
      "file_path": "/media/NFS/ttao/scannet/posed_images/scene0585_01/00539.jpg",
      "transform_matrix": [
        [
          0.140796,
          -0.076707,
          0.987062,
          1.686556
        ],
        [
          -0.990038,
          -0.009383,
          0.140492,
          1.928865
        ],
        [
          -0.001515,
          -0.99701,
          -0.077264,
          1.909148
        ],
        [
          0.0,
          0.0,
          0.0,
          1.0
        ]
      ]
    },
    {
      "file_path": "/media/NFS/ttao/scannet/posed_images/scene0585_01/00545.jpg",
      "transform_matrix": [
        [
          0.157863,
          -0.061813,
          0.985524,
          1.692752
        ],
        [
          -0.987256,
          -0.030207,
          0.156246,
          1.927033
        ],
        [
          0.020112,
          -0.997631,
          -0.065793,
          1.964895
        ],
        [
          0.0,
          0.0,
          0.0,
          1.0
        ]
      ]
    },
    {
      "file_path": "/media/NFS/ttao/scannet/posed_images/scene0585_01/00557.jpg",
      "transform_matrix": [
        [
          0.093413,
          -0.029426,
          0.995192,
          1.695528
        ],
        [
          -0.994936,
          -0.040013,
          0.092206,
          1.898758
        ],
        [
          0.037107,
          -0.998766,
          -0.033014,
          2.077623
        ],
        [
          0.0,
          0.0,
          0.0,
          1.0
        ]
      ]
    },
    {
      "file_path": "/media/NFS/ttao/scannet/posed_images/scene0585_01/00566.jpg",
      "transform_matrix": [
        [
          -0.007141,
          -0.024119,
          0.999683,
          1.693028
        ],
        [
          -0.99988,
          -0.01359,
          -0.00747,
          1.864169
        ],
        [
          0.013766,
          -0.999617,
          -0.024019,
          2.102127
        ],
        [
          0.0,
          0.0,
          0.0,
          1.0
        ]
      ]
    },
    {
      "file_path": "/media/NFS/ttao/scannet/posed_images/scene0585_01/00572.jpg",
      "transform_matrix": [
        [
          -0.056629,
          -0.027803,
          0.998008,
          1.693444
        ],
        [
          -0.998385,
          0.006124,
          -0.056479,
          1.816892
        ],
        [
          -0.004542,
          -0.999595,
          -0.028105,
          2.075276
        ],
        [
          0.0,
          0.0,
          0.0,
          1.0
        ]
      ]
    },
    {
      "file_path": "/media/NFS/ttao/scannet/posed_images/scene0585_01/00589.jpg",
      "transform_matrix": [
        [
          -0.232384,
          -0.132745,
          0.963523,
          1.721634
        ],
        [
          -0.971353,
          -0.018968,
          -0.236885,
          1.67175
        ],
        [
          0.049722,
          -0.990969,
          -0.124534,
          2.00593
        ],
        [
          0.0,
          0.0,
          0.0,
          1.0
        ]
      ]
    },
    {
      "file_path": "/media/NFS/ttao/scannet/posed_images/scene0585_01/00592.jpg",
      "transform_matrix": [
        [
          -0.220696,
          -0.143049,
          0.964795,
          1.730331
        ],
        [
          -0.9736,
          -0.026794,
          -0.226683,
          1.646039
        ],
        [
          0.058277,
          -0.989353,
          -0.13336,
          2.004769
        ],
        [
          0.0,
          0.0,
          0.0,
          1.0
        ]
      ]
    },
    {
      "file_path": "/media/NFS/ttao/scannet/posed_images/scene0585_01/00607.jpg",
      "transform_matrix": [
        [
          -0.06895,
          -0.129438,
          0.989187,
          1.819065
        ],
        [
          -0.99364,
          -0.079573,
          -0.079672,
          1.459297
        ],
        [
          0.089025,
          -0.98839,
          -0.123128,
          2.021181
        ],
        [
          0.0,
          0.0,
          0.0,
          1.0
        ]
      ]
    },
    {
      "file_path": "/media/NFS/ttao/scannet/posed_images/scene0585_01/00609.jpg",
      "transform_matrix": [
        [
          -0.050553,
          -0.134801,
          0.989582,
          1.83499
        ],
        [
          -0.993762,
          -0.091831,
          -0.063275,
          1.430245
        ],
        [
          0.099404,
          -0.986608,
          -0.129318,
          2.025317
        ],
        [
          0.0,
          0.0,
          0.0,
          1.0
        ]
      ]
    },
    {
      "file_path": "/media/NFS/ttao/scannet/posed_images/scene0585_01/00624.jpg",
      "transform_matrix": [
        [
          -0.013771,
          -0.187205,
          0.982224,
          1.930788
        ],
        [
          -0.992366,
          -0.117838,
          -0.036372,
          1.321365
        ],
        [
          0.122552,
          -0.975228,
          -0.184153,
          1.981977
        ],
        [
          0.0,
          0.0,
          0.0,
          1.0
        ]
      ]
    },
    {
      "file_path": "/media/NFS/ttao/scannet/posed_images/scene0585_01/00630.jpg",
      "transform_matrix": [
        [
          0.008845,
          -0.205551,
          0.978606,
          1.945016
        ],
        [
          -0.994827,
          -0.100853,
          -0.012192,
          1.33063
        ],
        [
          0.101201,
          -0.973436,
          -0.20538,
          1.938414
        ],
        [
          0.0,
          0.0,
          0.0,
          1.0
        ]
      ]
    },
    {
      "file_path": "/media/NFS/ttao/scannet/posed_images/scene0585_01/00639.jpg",
      "transform_matrix": [
        [
          0.019569,
          -0.203391,
          0.978902,
          1.944027
        ],
        [
          -0.996625,
          -0.082037,
          0.002878,
          1.36369
        ],
        [
          0.079721,
          -0.975655,
          -0.20431,
          1.86112
        ],
        [
          0.0,
          0.0,
          0.0,
          1.0
        ]
      ]
    },
    {
      "file_path": "/media/NFS/ttao/scannet/posed_images/scene0585_01/00656.jpg",
      "transform_matrix": [
        [
          -0.01185,
          -0.247357,
          0.968852,
          1.912947
        ],
        [
          -0.999648,
          -0.020089,
          -0.017355,
          1.36608
        ],
        [
          0.023756,
          -0.968716,
          -0.247032,
          1.735701
        ],
        [
          0.0,
          0.0,
          0.0,
          1.0
        ]
      ]
    },
    {
      "file_path": "/media/NFS/ttao/scannet/posed_images/scene0585_01/00659.jpg",
      "transform_matrix": [
        [
          -0.006045,
          -0.264583,
          0.964344,
          1.904998
        ],
        [
          -0.99984,
          -0.014659,
          -0.010289,
          1.357498
        ],
        [
          0.016859,
          -0.964252,
          -0.264452,
          1.713926
        ],
        [
          0.0,
          0.0,
          0.0,
          1.0
        ]
      ]
    },
    {
      "file_path": "/media/NFS/ttao/scannet/posed_images/scene0585_01/00677.jpg",
      "transform_matrix": [
        [
          0.025556,
          -0.350916,
          0.936058,
          1.847802
        ],
        [
          -0.999489,
          -0.026962,
          0.017181,
          1.291326
        ],
        [
          0.019209,
          -0.936019,
          -0.351426,
          1.557752
        ],
        [
          0.0,
          0.0,
          0.0,
          1.0
        ]
      ]
    },
    {
      "file_path": "/media/NFS/ttao/scannet/posed_images/scene0585_01/00682.jpg",
      "transform_matrix": [
        [
          0.043291,
          -0.398877,
          0.915982,
          1.834886
        ],
        [
          -0.999027,
          -0.024989,
          0.036334,
          1.283282
        ],
        [
          0.008397,
          -0.916664,
          -0.399571,
          1.511006
        ],
        [
          0.0,
          0.0,
          0.0,
          1.0
        ]
      ]
    },
    {
      "file_path": "/media/NFS/ttao/scannet/posed_images/scene0585_01/00688.jpg",
      "transform_matrix": [
        [
          0.038603,
          -0.466161,
          0.883857,
          1.822526
        ],
        [
          -0.999245,
          -0.021936,
          0.032073,
          1.287558
        ],
        [
          0.004437,
          -0.884428,
          -0.466656,
          1.456039
        ],
        [
          0.0,
          0.0,
          0.0,
          1.0
        ]
      ]
    },
    {
      "file_path": "/media/NFS/ttao/scannet/posed_images/scene0585_01/00700.jpg",
      "transform_matrix": [
        [
          0.078877,
          -0.580976,
          0.81009,
          1.784512
        ],
        [
          -0.996801,
          -0.03545,
          0.071634,
          1.285475
        ],
        [
          -0.0129,
          -0.813149,
          -0.581913,
          1.352881
        ],
        [
          0.0,
          0.0,
          0.0,
          1.0
        ]
      ]
    },
    {
      "file_path": "/media/NFS/ttao/scannet/posed_images/scene0585_01/00714.jpg",
      "transform_matrix": [
        [
          0.077971,
          -0.604282,
          0.792946,
          1.755444
        ],
        [
          -0.996912,
          -0.039788,
          0.067705,
          1.272484
        ],
        [
          -0.009363,
          -0.795776,
          -0.605518,
          1.328939
        ],
        [
          0.0,
          0.0,
          0.0,
          1.0
        ]
      ]
    },
    {
      "file_path": "/media/NFS/ttao/scannet/posed_images/scene0585_01/00723.jpg",
      "transform_matrix": [
        [
          0.061946,
          -0.600972,
          0.796866,
          1.754128
        ],
        [
          -0.998045,
          -0.030693,
          0.054437,
          1.247717
        ],
        [
          -0.008257,
          -0.79868,
          -0.601699,
          1.336068
        ],
        [
          0.0,
          0.0,
          0.0,
          1.0
        ]
      ]
    },
    {
      "file_path": "/media/NFS/ttao/scannet/posed_images/scene0585_01/00735.jpg",
      "transform_matrix": [
        [
          -0.021626,
          -0.574057,
          0.81853,
          1.816289
        ],
        [
          -0.999669,
          0.023815,
          -0.00971,
          1.197618
        ],
        [
          -0.013919,
          -0.818469,
          -0.574382,
          1.374225
        ],
        [
          0.0,
          0.0,
          0.0,
          1.0
        ]
      ]
    },
    {
      "file_path": "/media/NFS/ttao/scannet/posed_images/scene0585_01/00738.jpg",
      "transform_matrix": [
        [
          -0.057584,
          -0.545436,
          0.836172,
          1.832829
        ],
        [
          -0.997528,
          0.065233,
          -0.026144,
          1.173828
        ],
        [
          -0.040286,
          -0.83561,
          -0.547844,
          1.382087
        ],
        [
          0.0,
          0.0,
          0.0,
          1.0
        ]
      ]
    },
    {
      "file_path": "/media/NFS/ttao/scannet/posed_images/scene0585_01/00746.jpg",
      "transform_matrix": [
        [
          -0.162382,
          -0.502769,
          0.849032,
          1.877728
        ],
        [
          -0.981428,
          0.171355,
          -0.086233,
          1.096304
        ],
        [
