{
  "frames": [
    {
      "file_path": "/media/NFS/ttao/scannet/posed_images/scene0078_02/00002.jpg",
      "transform_matrix": [
        [
          0.997264,
          -0.068091,
          0.028767,
          3.522657
        ],
        [
          -0.045586,
          -0.260189,
          0.964481,
          2.677658
        ],
        [
          -0.058188,
          -0.963154,
          -0.262581,
          1.563392
        ],
        [
          0.0,
          0.0,
          0.0,
          1.0
        ]
      ]
    },
    {
      "file_path": "/media/NFS/ttao/scannet/posed_images/scene0078_02/00003.jpg",
      "transform_matrix": [
        [
          0.99726,
          -0.068704,
          0.027427,
          3.523441
        ],
        [
          -0.044457,
          -0.26027,
          0.964512,
          2.677277
        ],
        [
          -0.059128,
          -0.963088,
          -0.262611,
          1.56203
        ],
        [
          0.0,
          0.0,
          0.0,
          1.0
        ]
      ]
    },
    {
      "file_path": "/media/NFS/ttao/scannet/posed_images/scene0078_02/00006.jpg",
      "transform_matrix": [
        [
          0.99736,
          -0.067557,
          0.02663,
          3.524134
        ],
        [
          -0.043446,
          -0.261301,
          0.964279,
          2.675774
        ],
        [
          -0.058186,
          -0.96289,
          -0.263546,
          1.561155
        ],
        [
          0.0,
          0.0,
          0.0,
          1.0
        ]
      ]
    },
    {
      "file_path": "/media/NFS/ttao/scannet/posed_images/scene0078_02/00012.jpg",
      "transform_matrix": [
        [
          0.997976,
          -0.051804,
          0.036884,
          3.518055
        ],
        [
          -0.050039,
          -0.281758,
          0.95818,
          2.673022
        ],
        [
          -0.039245,
          -0.958086,
          -0.28378,
          1.547904
        ],
        [
          0.0,
          0.0,
          0.0,
          1.0
        ]
      ]
    },
    {
      "file_path": "/media/NFS/ttao/scannet/posed_images/scene0078_02/00014.jpg",
      "transform_matrix": [
        [
          0.998061,
          -0.04922,
          0.038094,
          3.515545
        ],
        [
          -0.050491,
          -0.282403,
          0.957966,
          2.670534
        ],
        [
          -0.036393,
          -0.958033,
          -0.28434,
          1.542694
        ],
        [
          0.0,
          0.0,
          0.0,
          1.0
        ]
      ]
    },
    {
      "file_path": "/media/NFS/ttao/scannet/posed_images/scene0078_02/00016.jpg",
      "transform_matrix": [
        [
          0.998128,
          -0.047235,
          0.038858,
          3.513706
        ],
        [
          -0.050864,
          -0.288176,
          0.956226,
          2.670276
        ],
        [
          -0.033969,
          -0.956412,
          -0.290039,
          1.542001
        ],
        [
          0.0,
          0.0,
          0.0,
          1.0
        ]
      ]
    },
    {
      "file_path": "/media/NFS/ttao/scannet/posed_images/scene0078_02/00019.jpg",
      "transform_matrix": [
        [
          0.998119,
          -0.048433,
          0.0376,
          3.512657
        ],
        [
          -0.050212,
          -0.293717,
          0.954573,
          2.668837
        ],
        [
          -0.035189,
          -0.954665,
          -0.295596,
          1.534926
        ],
        [
          0.0,
          0.0,
          0.0,
          1.0
        ]
      ]
    },
    {
      "file_path": "/media/NFS/ttao/scannet/posed_images/scene0078_02/00023.jpg",
      "transform_matrix": [
        [
          0.997813,
          -0.051334,
          0.041642,
          3.506677
        ],
        [
          -0.055658,
          -0.312671,
          0.948229,
          2.669201
        ],
        [
          -0.035656,
          -0.948473,
          -0.314844,
          1.521772
        ],
        [
          0.0,
          0.0,
          0.0,
          1.0
        ]
      ]
    },
    {
      "file_path": "/media/NFS/ttao/scannet/posed_images/scene0078_02/00026.jpg",
      "transform_matrix": [
        [
          0.99761,
          -0.048171,
          0.049531,
          3.503756
        ],
        [
          -0.062939,
          -0.33784,
          0.939097,
          2.672198
        ],
        [
          -0.028504,
          -0.93997,
          -0.340065,
          1.512938
        ],
        [
          0.0,
          0.0,
          0.0,
          1.0
        ]
      ]
    },
    {
      "file_path": "/media/NFS/ttao/scannet/posed_images/scene0078_02/00031.jpg",
      "transform_matrix": [
        [
          0.996839,
          -0.045166,
          0.065357,
          3.492599
        ],
        [
          -0.077708,
          -0.383206,
          0.920389,
          2.681625
        ],
        [
          -0.016525,
          -0.922558,
          -0.385504,
          1.490753
        ],
        [
          0.0,
          0.0,
          0.0,
          1.0
        ]
      ]
    },
    {
      "file_path": "/media/NFS/ttao/scannet/posed_images/scene0078_02/00035.jpg",
      "transform_matrix": [
        [
          0.996724,
          -0.045923,
          0.066573,
          3.486572
        ],
        [
          -0.079634,
          -0.413642,
          0.90695,
          2.681303
        ],
        [
          -0.014113,
          -0.909281,
          -0.415944,
          1.461042
        ],
        [
          0.0,
          0.0,
          0.0,
          1.0
        ]
      ]
    },
    {
      "file_path": "/media/NFS/ttao/scannet/posed_images/scene0078_02/00036.jpg",
      "transform_matrix": [
        [
          0.996632,
          -0.047358,
          0.066943,
          3.484905
        ],
        [
          -0.080724,
          -0.42315,
          0.902456,
          2.683007
        ],
        [
          -0.014411,
          -0.904821,
          -0.425548,
          1.455556
        ],
        [
          0.0,
          0.0,
          0.0,
          1.0
        ]
      ]
    },
    {
      "file_path": "/media/NFS/ttao/scannet/posed_images/scene0078_02/00041.jpg",
      "transform_matrix": [
        [
          0.995802,
          -0.057118,
          0.071533,
          3.478072
        ],
        [
          -0.089848,
          -0.460341,
          0.883184,
          2.692784
        ],
        [
          -0.017517,
          -0.885903,
          -0.46354,
          1.433255
        ],
        [
          0.0,
          0.0,
          0.0,
          1.0
        ]
      ]
    },
    {
      "file_path": "/media/NFS/ttao/scannet/posed_images/scene0078_02/00042.jpg",
      "transform_matrix": [
        [
          0.995738,
          -0.059191,
          0.070729,
          3.477923
        ],
        [
          -0.090191,
          -0.464633,
          0.880898,
          2.692749
        ],
        [
          -0.019279,
          -0.883523,
          -0.467992,
          1.426248
        ],
        [
          0.0,
          0.0,
          0.0,
          1.0
        ]
      ]
    },
    {
      "file_path": "/media/NFS/ttao/scannet/posed_images/scene0078_02/00048.jpg",
      "transform_matrix": [
        [
          0.995972,
          -0.054562,
          0.071159,
          3.476843
        ],
        [
          -0.089149,
          -0.5171,
          0.85127,
          2.704526
        ],
        [
          -0.009651,
          -0.854184,
          -0.519881,
          1.395334
        ],
        [
          0.0,
          0.0,
          0.0,
          1.0
        ]
      ]
    },
    {
      "file_path": "/media/NFS/ttao/scannet/posed_images/scene0078_02/00051.jpg",
      "transform_matrix": [
        [
          0.995888,
          -0.05376,
          0.072916,
          3.4787
        ],
        [
          -0.090347,
          -0.530254,
          0.843011,
          2.712113
        ],
        [
          -0.006656,
          -0.846133,
          -0.532931,
          1.385399
        ],
        [
          0.0,
          0.0,
          0.0,
          1.0
        ]
      ]
    },
    {
      "file_path": "/media/NFS/ttao/scannet/posed_images/scene0078_02/00053.jpg",
      "transform_matrix": [
        [
          0.995774,
          -0.053985,
          0.074302,
          3.48387
        ],
        [
          -0.091673,
          -0.53495,
          0.839895,
          2.718353
        ],
        [
          -0.005594,
          -0.843157,
          -0.537638,
          1.382325
        ],
        [
          0.0,
          0.0,
          0.0,
          1.0
        ]
      ]
    },
    {
      "file_path": "/media/NFS/ttao/scannet/posed_images/scene0078_02/00058.jpg",
      "transform_matrix": [
        [
          0.995102,
          -0.060967,
          0.077811,
          3.496948
        ],
        [
          -0.098532,
          -0.548596,
          0.830261,
          2.736302
        ],
        [
          -0.007932,
          -0.833861,
          -0.551917,
          1.37665
        ],
        [
          0.0,
          0.0,
          0.0,
          1.0
        ]
      ]
    },
    {
      "file_path": "/media/NFS/ttao/scannet/posed_images/scene0078_02/00061.jpg",
      "transform_matrix": [
        [
          0.993288,
          -0.076367,
          0.086878,
          3.514342
        ],
        [
          -0.114511,
          -0.543146,
          0.831793,
          2.750967
        ],
        [
          -0.016334,
          -0.836158,
          -0.548245,
          1.38626
        ],
        [
          0.0,
          0.0,
          0.0,
          1.0
        ]
      ]
    },
    {
      "file_path": "/media/NFS/ttao/scannet/posed_images/scene0078_02/00063.jpg",
      "transform_matrix": [
        [
          0.991702,
          -0.091034,
          0.090773,
          3.522211
        ],
        [
          -0.125463,
          -0.531374,
          0.837795,
          2.759449
        ],
        [
          -0.028033,
          -0.842232,
          -0.538386,
          1.386829
        ],
        [
          0.0,
          0.0,
          0.0,
          1.0
        ]
      ]
    },
    {
      "file_path": "/media/NFS/ttao/scannet/posed_images/scene0078_02/00068.jpg",
      "transform_matrix": [
        [
          0.989511,
          -0.108768,
          0.095069,
          3.548644
        ],
        [
          -0.13757,
          -0.508696,
          0.849884,
          2.786871
        ],
        [
          -0.044079,
          -0.854048,
          -0.518323,
          1.396937
        ],
        [
          0.0,
          0.0,
          0.0,
          1.0
        ]
      ]
    },
    {
      "file_path": "/media/NFS/ttao/scannet/posed_images/scene0078_02/00069.jpg",
      "transform_matrix": [
        [
          0.988504,
          -0.111138,
          0.102506,
          3.560181
        ],
        [
          -0.145085,
          -0.50652,
          0.849934,
          2.796164
        ],
        [
          -0.042538,
          -0.855036,
          -0.516821,
          1.395273
        ],
        [
          0.0,
          0.0,
          0.0,
          1.0
        ]
      ]
    },
    {
      "file_path": "/media/NFS/ttao/scannet/posed_images/scene0078_02/00074.jpg",
      "transform_matrix": [
        [
          0.988421,
          -0.096204,
          0.117337,
          3.581933
        ],
        [
          -0.149662,
          -0.490788,
          0.858329,
          2.826289
        ],
        [
          -0.024988,
          -0.865951,
          -0.499503,
          1.399981
        ],
        [
          0.0,
          0.0,
          0.0,
          1.0
        ]
      ]
    },
    {
      "file_path": "/media/NFS/ttao/scannet/posed_images/scene0078_02/00076.jpg",
      "transform_matrix": [
        [
          0.989436,
          -0.085983,
          0.11672,
          3.587081
        ],
        [
          -0.144074,
          -0.493793,
          0.857561,
          2.836352
        ],
        [
          -0.016101,
          -0.865318,
          -0.500964,
          1.404143
        ],
        [
          0.0,
          0.0,
          0.0,
          1.0
        ]
      ]
    },
    {
      "file_path": "/media/NFS/ttao/scannet/posed_images/scene0078_02/00078.jpg",
      "transform_matrix": [
        [
          0.991634,
          -0.06744,
          0.110066,
          3.589557
        ],
        [
          -0.129061,
          -0.502061,
          0.855148,
          2.847645
        ],
        [
          -0.002412,
          -0.862199,
          -0.506564,
          1.408403
        ],
        [
          0.0,
          0.0,
          0.0,
          1.0
        ]
      ]
    },
    {
      "file_path": "/media/NFS/ttao/scannet/posed_images/scene0078_02/00083.jpg",
      "transform_matrix": [
        [
          0.991954,
          -0.059106,
          0.111957,
          3.601172
        ],
        [
          -0.126601,
          -0.465128,
          0.876144,
          2.885501
        ],
        [
          0.000289,
          -0.883268,
          -0.468868,
          1.446201
        ],
        [
          0.0,
          0.0,
          0.0,
          1.0
        ]
      ]
    },
    {
      "file_path": "/media/NFS/ttao/scannet/posed_images/scene0078_02/00087.jpg",
      "transform_matrix": [
        [
          0.984331,
          -0.08596,
          0.153961,
          3.611509
        ],
        [
          -0.175803,
          -0.410786,
          0.894622,
          2.925501
        ],
        [
          -0.013656,
          -0.90767,
          -0.419462,
          1.477077
        ],
        [
          0.0,
          0.0,
          0.0,
          1.0
        ]
      ]
    },
    {
      "file_path": "/media/NFS/ttao/scannet/posed_images/scene0078_02/00091.jpg",
      "transform_matrix": [
        [
          0.971981,
          -0.100978,
          0.212266,
          3.605875
        ],
        [
          -0.234684,
          -0.365776,
          0.900629,
          2.961819
        ],
        [
          -0.013302,
          -0.925209,
          -0.379225,
          1.494591
        ],
        [
          0.0,
          0.0,
          0.0,
          1.0
        ]
      ]
    },
    {
      "file_path": "/media/NFS/ttao/scannet/posed_images/scene0078_02/00094.jpg",
      "transform_matrix": [
        [
          0.958268,
          -0.104667,
          0.26602,
          3.603565
        ],
        [
          -0.285792,
          -0.329136,
          0.899996,
          2.999995
        ],
        [
          -0.006643,
          -0.938464,
          -0.345314,
          1.528894
        ],
        [
          0.0,
          0.0,
          0.0,
          1.0
        ]
      ]
    },
    {
      "file_path": "/media/NFS/ttao/scannet/posed_images/scene0078_02/00095.jpg",
      "transform_matrix": [
        [
          0.953119,
          -0.108727,
          0.282389,
          3.602883
        ],
        [
          -0.302393,
          -0.307957,
          0.902065,
          3.008862
        ],
        [
          -0.011115,
          -0.945167,
          -0.326397,
          1.53528
        ],
        [
          0.0,
          0.0,
          0.0,
          1.0
        ]
      ]
    },
    {
      "file_path": "/media/NFS/ttao/scannet/posed_images/scene0078_02/00098.jpg",
      "transform_matrix": [
        [
          0.943256,
          -0.135882,
          0.302992,
          3.599429
        ],
        [
          -0.329297,
          -0.265178,
          0.906225,
          3.036426
        ],
        [
          -0.042793,
          -0.954577,
          -0.294876,
          1.553406
        ],
        [
          0.0,
          0.0,
          0.0,
          1.0
        ]
      ]
    },
    {
      "file_path": "/media/NFS/ttao/scannet/posed_images/scene0078_02/00101.jpg",
      "transform_matrix": [
        [
          0.932013,
          -0.154723,
          0.327739,
          3.592483
        ],
        [
          -0.35739,
          -0.242134,
          0.902022,
          3.062186
        ],
        [
          -0.060207,
          -0.957827,
          -0.280968,
          1.580714
        ],
        [
          0.0,
          0.0,
          0.0,
          1.0
        ]
      ]
    },
    {
      "file_path": "/media/NFS/ttao/scannet/posed_images/scene0078_02/00106.jpg",
      "transform_matrix": [
        [
          0.89593,
          -0.198566,
          0.397341,
          3.604401
        ],
        [
          -0.433326,
          -0.194041,
          0.8801,
          3.101645
        ],
        [
          -0.097657,
          -0.960687,
          -0.259891,
          1.619792
        ],
        [
          0.0,
          0.0,
          0.0,
          1.0
        ]
      ]
    },
    {
      "file_path": "/media/NFS/ttao/scannet/posed_images/scene0078_02/00108.jpg",
      "transform_matrix": [
        [
          0.879708,
          -0.208797,
          0.427222,
          3.61185
        ],
        [
          -0.464238,
          -0.182613,
          0.866681,
          3.11056
        ],
        [
          -0.102944,
          -0.960758,
          -0.257578,
          1.63052
        ],
        [
          0.0,
          0.0,
          0.0,
          1.0
        ]
      ]
    },
    {
      "file_path": "/media/NFS/ttao/scannet/posed_images/scene0078_02/00113.jpg",
      "transform_matrix": [
        [
          0.862567,
          -0.223435,
          0.453933,
          3.615487
        ],
        [
          -0.495808,
          -0.194616,
          0.846344,
          3.124229
        ],
        [
          -0.10076,
          -0.955092,
          -0.278651,
          1.620276
        ],
        [
          0.0,
          0.0,
          0.0,
          1.0
        ]
      ]
    },
    {
      "file_path": "/media/NFS/ttao/scannet/posed_images/scene0078_02/00115.jpg",
      "transform_matrix": [
        [
          0.863084,
          -0.221641,
          0.453829,
          3.611952
        ],
        [
          -0.497526,
          -0.218475,
          0.839486,
          3.124615
        ],
        [
          -0.086914,
          -0.950339,
          -0.298835,
          1.616718
        ],
        [
          0.0,
          0.0,
          0.0,
          1.0
        ]
      ]
    },
    {
      "file_path": "/media/NFS/ttao/scannet/posed_images/scene0078_02/00120.jpg",
      "transform_matrix": [
        [
          0.885478,
          -0.205691,
          0.416677,
          3.589141
        ],
        [
          -0.460697,
          -0.271415,
          0.84504,
          3.112765
        ],
        [
          -0.060725,
          -0.940226,
          -0.335093,
          1.543655
        ],
        [
          0.0,
          0.0,
          0.0,
          1.0
        ]
      ]
    },
    {
      "file_path": "/media/NFS/ttao/scannet/posed_images/scene0078_02/00123.jpg",
      "transform_matrix": [
        [
          0.897804,
          -0.197721,
          0.393515,
          3.578132
        ],
        [
          -0.437871,
          -0.305239,
          0.845635,
          3.106336
        ],
        [
          -0.047084,
          -0.931523,
          -0.360621,
          1.506579
        ],
        [
          0.0,
          0.0,
          0.0,
          1.0
        ]
      ]
    },
    {
      "file_path": "/media/NFS/ttao/scannet/posed_images/scene0078_02/00124.jpg",
      "transform_matrix": [
        [
          0.907652,
          -0.203922,
          0.366856,
          3.570627
        ],
        [
          -0.416994,
          -0.338597,
          0.843486,
          3.105752
        ],
        [
          -0.047789,
          -0.918568,
          -0.392363,
          1.484079
        ],
        [
          0.0,
          0.0,
          0.0,
          1.0
        ]
      ]
    },
    {
      "file_path": "/media/NFS/ttao/scannet/posed_images/scene0078_02/00128.jpg",
      "transform_matrix": [
        [
          0.930416,
          -0.197621,
          0.308662,
          3.565884
        ],
        [
          -0.363745,
          -0.394752,
          0.843718,
          3.106013
        ],
        [
          -0.044891,
          -0.897283,
          -0.439167,
          1.457249
        ],
        [
          0.0,
          0.0,
          0.0,
          1.0
        ]
      ]
    },
    {
      "file_path": "/media/NFS/ttao/scannet/posed_images/scene0078_02/00131.jpg",
      "transform_matrix": [
        [
          0.950451,
          -0.168597,
          0.261184,
          3.556363
        ],
        [
          -0.308951,
          -0.419008,
          0.853804,
          3.105576
        ],
        [
          -0.03451,
          -0.892192,
          -0.450335,
          1.435154
        ],
        [
          0.0,
          0.0,
          0.0,
          1.0
        ]
      ]
    },
    {
      "file_path": "/media/NFS/ttao/scannet/posed_images/scene0078_02/00136.jpg",
      "transform_matrix": [
        [
          0.984129,
          -0.095414,
          0.149621,
          3.553119
        ],
        [
          -0.177034,
          -0.469927,
          0.86477,
          3.089036
        ],
        [
          -0.0122,
          -0.877534,
          -0.47936,
          1.415069
        ],
        [
          0.0,
          0.0,
          0.0,
          1.0
        ]
      ]
    },
    {
      "file_path": "/media/NFS/ttao/scannet/posed_images/scene0078_02/00139.jpg",
      "transform_matrix": [
        [
          0.994568,
          -0.051959,
          0.090188,
          3.55535
        ],
        [
          -0.104081,
          -0.488851,
          0.866136,
          3.079224
        ],
        [
          -0.000915,
          -0.870818,
          -0.491604,
          1.40759
        ],
        [
          0.0,
          0.0,
          0.0,
          1.0
        ]
      ]
    },
    {
      "file_path": "/media/NFS/ttao/scannet/posed_images/scene0078_02/00143.jpg",
      "transform_matrix": [
        [
          0.999887,
          -0.005845,
          -0.013869,
          3.563204
        ],
        [
          0.008873,
          -0.515457,
          0.856869,
          3.054977
        ],
        [
          -0.012157,
          -0.856895,
          -0.515347,
          1.395324
        ],
        [
          0.0,
          0.0,
          0.0,
          1.0
        ]
      ]
    },
    {
      "file_path": "/media/NFS/ttao/scannet/posed_images/scene0078_02/00146.jpg",
      "transform_matrix": [
        [
          0.996635,
          0.024638,
          -0.078173,
          3.561561
        ],
        [
          0.079269,
          -0.532292,
          0.842841,
          3.044601
        ],
        [
          -0.020845,
          -0.846202,
          -0.532454,
          1.390748
        ],
        [
          0.0,
          0.0,
          0.0,
          1.0
        ]
      ]
    },
    {
      "file_path": "/media/NFS/ttao/scannet/posed_images/scene0078_02/00150.jpg",
      "transform_matrix": [
        [
          0.985904,
          0.059294,
          -0.156454,
          3.553561
        ],
        [
          0.16273,
          -0.557198,
          0.814278,
          3.033965
        ],
        [
          -0.038894,
          -0.82826,
          -0.558993,
          1.389157
        ],
        [
          0.0,
          0.0,
          0.0,
          1.0
        ]
      ]
    },
    {
      "file_path": "/media/NFS/ttao/scannet/posed_images/scene0078_02/00153.jpg",
      "transform_matrix": [
        [
          0.977137,
          0.076283,
          -0.198452,
          3.539748
        ],
        [
          0.206235,
          -0.566913,
          0.797544,
          3.028816
        ],
        [
          -0.051666,
          -0.820238,
          -0.569685,
          1.389613
        ],
        [
          0.0,
          0.0,
          0.0,
          1.0
        ]
      ]
    },
    {
      "file_path": "/media/NFS/ttao/scannet/posed_images/scene0078_02/00155.jpg",
      "transform_matrix": [
        [
          0.970468,
          0.08814,
          -0.224549,
          3.528492
        ],
        [
          0.234427,
          -0.564062,
          0.791756,
          3.022278
        ],
        [
          -0.056875,
          -0.821015,
          -0.568067,
          1.387536
        ],
        [
          0.0,
          0.0,
          0.0,
          1.0
        ]
      ]
    },
    {
      "file_path": "/media/NFS/ttao/scannet/posed_images/scene0078_02/00157.jpg",
      "transform_matrix": [
        [
          0.963255,
          0.098282,
          -0.24996,
          3.518551
        ],
        [
          0.261002,
          -0.562148,
          0.784772,
          3.018979
        ],
        [
          -0.063386,
          -0.821176,
          -0.567144,
          1.389232
        ],
        [
          0.0,
          0.0,
          0.0,
          1.0
        ]
      ]
    },
    {
      "file_path": "/media/NFS/ttao/scannet/posed_images/scene0078_02/00163.jpg",
      "transform_matrix": [
        [
          0.937758,
          0.15675,
          -0.309901,
          3.454718
        ],
        [
          0.344732,
          -0.528225,
          0.775976,
          3.007406
        ],
        [
          -0.042063,
          -0.834511,
          -0.549384,
          1.397705
        ],
        [
          0.0,
          0.0,
          0.0,
          1.0
        ]
      ]
    },
    {
      "file_path": "/media/NFS/ttao/scannet/posed_images/scene0078_02/00166.jpg",
      "transform_matrix": [
        [
          0.923415,
          0.176942,
          -0.340582,
          3.421941
        ],
        [
          0.381661,
          -0.516957,
          0.766218,
          3.003525
        ],
        [
          -0.04049,
          -0.837524,
          -0.544898,
          1.403167
        ],
        [
          0.0,
          0.0,
          0.0,
          1.0
        ]
      ]
    },
    {
      "file_path": "/media/NFS/ttao/scannet/posed_images/scene0078_02/00169.jpg",
      "transform_matrix": [
        [
          0.913733,
          0.185451,
          -0.361524,
          3.387079
        ],
        [
          0.404673,
          -0.495265,
          0.768734,
          3.006706
        ],
        [
          -0.036487,
          -0.848717,
          -0.527587,
          1.412541
        ],
        [
          0.0,
          0.0,
          0.0,
          1.0
        ]
      ]
    },
    {
      "file_path": "/media/NFS/ttao/scannet/posed_images/scene0078_02/00170.jpg",
      "transform_matrix": [
        [
          0.910772,
          0.18979,
          -0.366707,
          3.378142
        ],
        [
          0.411737,
          -0.484336,
          0.77194,
          3.003356
        ],
        [
          -0.031103,
          -0.854048,
          -0.519263,
          1.411479
        ],
        [
          0.0,
          0.0,
          0.0,
          1.0
        ]
      ]
    },
    {
      "file_path": "/media/NFS/ttao/scannet/posed_images/scene0078_02/00176.jpg",
      "transform_matrix": [
        [
          0.895972,
          0.186001,
          -0.403285,
          3.305436
        ],
        [
          0.44175,
          -0.466776,
          0.766145,
          3.004471
        ],
        [
          -0.04574,
          -0.864595,
          -0.500383,
          1.41899
        ],
        [
          0.0,
          0.0,
          0.0,
          1.0
        ]
      ]
    },
    {
      "file_path": "/media/NFS/ttao/scannet/posed_images/scene0078_02/00179.jpg",
      "transform_matrix": [
        [
          0.888405,
          0.183118,
          -0.420955,
          3.271568
        ],
        [
          0.455795,
          -0.461034,
          0.76138,
          3.001472
        ],
        [
          -0.054652,
          -0.868283,
          -0.493049,
          1.420152
        ],
        [
          0.0,
          0.0,
          0.0,
          1.0
        ]
      ]
    },
    {
      "file_path": "/media/NFS/ttao/scannet/posed_images/scene0078_02/00183.jpg",
      "transform_matrix": [
        [
          0.862574,
          0.20636,
          -0.461932,
          3.23195
        ],
        [
          0.502582,
          -0.454367,
          0.735501,
          2.990058
        ],
        [
          -0.058109,
          -0.866583,
          -0.495639,
          1.415802
        ],
        [
          0.0,
          0.0,
          0.0,
          1.0
        ]
      ]
    },
    {
      "file_path": "/media/NFS/ttao/scannet/posed_images/scene0078_02/00184.jpg",
      "transform_matrix": [
        [
          0.855451,
          0.215756,
          -0.470801,
          3.222718
        ],
        [
          0.51496,
          -0.450858,
          0.72907,
          2.989393
        ],
        [
          -0.054963,
          -0.866127,
          -0.496792,
          1.416404
        ],
        [
          0.0,
          0.0,
          0.0,
          1.0
        ]
      ]
    },
    {
      "file_path": "/media/NFS/ttao/scannet/posed_images/scene0078_02/00189.jpg",
      "transform_matrix": [
        [
          0.80104,
          0.244324,
          -0.54648,
          3.192544
        ],
        [
          0.595261,
          -0.421556,
          0.684072,
          2.992051
        ],
        [
          -0.063236,
          -0.873268,
          -0.48312,
          1.418846
        ],
        [
          0.0,
          0.0,
          0.0,
          1.0
        ]
      ]
    },
    {
      "file_path": "/media/NFS/ttao/scannet/posed_images/scene0078_02/00191.jpg",
      "transform_matrix": [
        [
          0.774269,
          0.263033,
          -0.575605,
          3.179415
        ],
        [
          0.629429,
          -0.414596,
          0.657213,
          2.991073
        ],
        [
          -0.065775,
          -0.871162,
          -0.486569,
          1.42372
        ],
        [
          0.0,
          0.0,
          0.0,
          1.0
        ]
      ]
    },
    {
      "file_path": "/media/NFS/ttao/scannet/posed_images/scene0078_02/00196.jpg",
      "transform_matrix": [
        [
          0.677662,
          0.318464,
          -0.662838,
          3.169326
        ],
        [
          0.733277,
          -0.360641,
          0.576405,
          3.01021
        ],
        [
          -0.055483,
          -0.876652,
          -0.477915,
          1.430105
        ],
        [
          0.0,
          0.0,
          0.0,
          1.0
        ]
      ]
    },
    {
      "file_path": "/media/NFS/ttao/scannet/posed_images/scene0078_02/00199.jpg",
      "transform_matrix": [
        [
          0.636651,
          0.332865,
          -0.695612,
          3.169222
        ],
        [
          0.769182,
          -0.338536,
          0.541989,
          3.016091
        ],
        [
          -0.05508,
          -0.88011,
          -0.471563,
          1.43504
        ],
        [
          0.0,
          0.0,
          0.0,
          1.0
        ]
      ]
    },
    {
      "file_path": "/media/NFS/ttao/scannet/posed_images/scene0078_02/00200.jpg",
      "transform_matrix": [
        [
          0.623754,
          0.340437,
          -0.703586,
          3.168839
        ],
        [
          0.779704,
          -0.334004,
          0.529624,
          3.013555
        ],
        [
          -0.054697,
          -0.878945,
          -0.473777,
          1.438999
        ],
        [
          0.0,
          0.0,
          0.0,
          1.0
        ]
      ]
    },
    {
      "file_path": "/media/NFS/ttao/scannet/posed_images/scene0078_02/00203.jpg",
      "transform_matrix": [
        [
          0.589275,
          0.352204,
          -0.727123,
          3.172151
        ],
        [
          0.805687,
          -0.323216,
          0.496386,
          3.022992
        ],
        [
          -0.060189,
          -0.878341,
          -0.474229,
          1.442581
        ],
        [
          0.0,
          0.0,
          0.0,
          1.0
        ]
      ]
    },
    {
      "file_path": "/media/NFS/ttao/scannet/posed_images/scene0078_02/00207.jpg",
      "transform_matrix": [
        [
          0.547654,
          0.36615,
          -0.752335,
          3.177495
        ],
        [
          0.834759,
          -0.300388,
          0.461459,
          3.033974
        ],
        [
          -0.057029,
          -0.880739,
          -0.470156,
          1.447006
        ],
        [
          0.0,
          0.0,
          0.0,
          1.0
        ]
      ]
    },
    {
      "file_path": "/media/NFS/ttao/scannet/posed_images/scene0078_02/00212.jpg",
      "transform_matrix": [
        [
          0.482159,
          0.37896,
          -0.789881,
          3.193033
        ],
        [
          0.874247,
          -0.266471,
          0.405813,
          3.039062
        ],
        [
          -0.056694,
          -0.886218,
          -0.459786,
          1.45243
        ],
        [
          0.0,
          0.0,
          0.0,
          1.0
        ]
      ]
    },
    {
      "file_path": "/media/NFS/ttao/scannet/posed_images/scene0078_02/00215.jpg",
      "transform_matrix": [
        [
          0.458848,
          0.385691,
          -0.800438,
          3.198848
        ],
        [
          0.88709,
          -0.249854,
          0.388129,
          3.035024
        ],
        [
          -0.050295,
          -0.888153,
          -0.456788,
          1.455381
        ],
        [
          0.0,
          0.0,
          0.0,
          1.0
        ]
      ]
    },
    {
      "file_path": "/media/NFS/ttao/scannet/posed_images/scene0078_02/00216.jpg",
      "transform_matrix": [
        [
          0.449359,
          0.388094,
          -0.804648,
          3.201591
        ],
        [
          0.891896,
          -0.246279,
          0.379299,
          3.035127
        ],
        [
          -0.050964,
          -0.888104,
          -0.456808,
          1.456484
        ],
        [
          0.0,
          0.0,
          0.0,
          1.0
        ]
      ]
    },
    {
      "file_path": "/media/NFS/ttao/scannet/posed_images/scene0078_02/00220.jpg",
      "transform_matrix": [
        [
          0.403877,
          0.394993,
          -0.825145,
          3.217107
        ],
        [
          0.913066,
          -0.229767,
          0.336923,
          3.026321
        ],
        [
          -0.056509,
          -0.889487,
          -0.453452,
          1.454251
        ],
        [
          0.0,
          0.0,
          0.0,
          1.0
        ]
      ]
    },
    {
      "file_path": "/media/NFS/ttao/scannet/posed_images/scene0078_02/00223.jpg",
      "transform_matrix": [
        [
          0.374678,
          0.404694,
          -0.834169,
          3.223557
        ],
        [
          0.92533,
          -0.219651,
          0.309061,
          3.017056
        ],
        [
          -0.05815,
          -0.88768,
          -0.456774,
          1.455601
        ],
        [
          0.0,
          0.0,
          0.0,
          1.0
        ]
      ]
    },
    {
      "file_path": "/media/NFS/ttao/scannet/posed_images/scene0078_02/00227.jpg",
      "transform_matrix": [
        [
          0.313034,
          0.423749,
          -0.849968,
          3.23502
        ],
        [
          0.947221,
          -0.204461,
          0.246918,
          3.035641
        ],
        [
          -0.069154,
          -0.882401,
          -0.465388,
          1.450409
        ],
        [
          0.0,
          0.0,
          0.0,
          1.0
        ]
      ]
    },
    {
      "file_path": "/media/NFS/ttao/scannet/posed_images/scene0078_02/00230.jpg",
      "transform_matrix": [
        [
          0.260032,
          0.443704,
          -0.857619,
          3.248661
        ],
        [
          0.962277,
          -0.192702,
          0.192066,
          3.007836
        ],
        [
          -0.080045,
          -0.87521,
          -0.477075,
          1.444488
        ],
        [
          0.0,
          0.0,
          0.0,
          1.0
        ]
      ]
    },
    {
      "file_path": "/media/NFS/ttao/scannet/posed_images/scene0078_02/00235.jpg",
      "transform_matrix": [
        [
          0.201737,
          0.470933,
          -0.858792,
          3.257825
        ],
        [
          0.976284,
          -0.167014,
          0.137752,
          2.989907
        ],
        [
          -0.078559,
          -0.866215,
          -0.493458,
          1.443345
        ],
        [
          0.0,
          0.0,
          0.0,
          1.0
        ]
      ]
    },
    {
      "file_path": "/media/NFS/ttao/scannet/posed_images/scene0078_02/00238.jpg",
      "transform_matrix": [
        [
          0.172921,
          0.473639,
          -0.863577,
          3.268095
        ],
        [
          0.982289,
          -0.147167,
          0.115976,
          2.970304
        ],
        [
          -0.07216,
          -0.868336,
          -0.490699,
          1.44565
        ],
        [
          0.0,
          0.0,
          0.0,
          1.0
        ]
      ]
    },
    {
      "file_path": "/media/NFS/ttao/scannet/posed_images/scene0078_02/00242.jpg",
      "transform_matrix": [
        [
          0.129517,
          0.474389,
          -0.870736,
          3.292025
        ],
        [
          0.988833,
          -0.127073,
          0.077853,
          2.938435
        ],
        [
          -0.073715,
          -0.871096,
          -0.48555,
          1.448828
        ],
        [
          0.0,
          0.0,
          0.0,
          1.0
        ]
      ]
    },
    {
      "file_path": "/media/NFS/ttao/scannet/posed_images/scene0078_02/00245.jpg",
      "transform_matrix": [
        [
          0.10432,
          0.470725,
          -0.876091,
          3.313433
        ],
        [
          0.992582,
          -0.104585,
          0.061997,
          2.909168
        ],
        [
          -0.062442,
          -0.87606,
          -0.478143,
          1.451565
        ],
        [
          0.0,
          0.0,
          0.0,
          1.0
        ]
      ]
    },
    {
      "file_path": "/media/NFS/ttao/scannet/posed_images/scene0078_02/00246.jpg",
      "transform_matrix": [
        [
          0.09576,
          0.463639,
          -0.880834,
          3.330044
        ],
        [
          0.99387,
          -0.093646,
          0.058756,
          2.888747
        ],
        [
          -0.055245,
          -0.881061,
          -0.469764,
          1.450248
        ],
        [
          0.0,
          0.0,
          0.0,
          1.0
        ]
      ]
    },
    {
      "file_path": "/media/NFS/ttao/scannet/posed_images/scene0078_02/00249.jpg",
      "transform_matrix": [
        [
          0.07667,
          0.465348,
          -0.881801,
          3.357193
        ],
        [
          0.995437,
          -0.086111,
          0.041108,
          2.870291
        ],
        [
          -0.056803,
          -0.880929,
          -0.469827,
          1.445016
        ],
        [
          0.0,
          0.0,
          0.0,
          1.0
        ]
      ]
    },
    {
      "file_path": "/media/NFS/ttao/scannet/posed_images/scene0078_02/00253.jpg",
      "transform_matrix": [
        [
          0.054268,
          0.493392,
          -0.868112,
          3.388563
        ],
        [
          0.997045,
          -0.074118,
          0.020203,
          2.818611
        ],
        [
          -0.054374,
          -0.866643,
