{
  "frames": [
    {
      "file_path": "/media/NFS/ttao/scannet/posed_images/scene0548_01/00004.jpg",
      "transform_matrix": [
        [
          -0.088766,
          -0.391056,
          0.916077,
          2.611196
        ],
        [
          -0.995827,
          0.015275,
          -0.089973,
          0.83259
        ],
        [
          0.021192,
          -0.92024,
          -0.39078,
          1.426614
        ],
        [
          0.0,
          0.0,
          0.0,
          1.0
        ]
      ]
    },
    {
      "file_path": "/media/NFS/ttao/scannet/posed_images/scene0548_01/00011.jpg",
      "transform_matrix": [
        [
          -0.04243,
          -0.403585,
          0.913958,
          2.615385
        ],
        [
          -0.999094,
          0.014055,
          -0.040176,
          0.808433
        ],
        [
          0.003369,
          -0.914834,
          -0.403816,
          1.42617
        ],
        [
          0.0,
          0.0,
          0.0,
          1.0
        ]
      ]
    },
    {
      "file_path": "/media/NFS/ttao/scannet/posed_images/scene0548_01/00028.jpg",
      "transform_matrix": [
        [
          0.155189,
          -0.430513,
          0.889143,
          2.628734
        ],
        [
          -0.987316,
          -0.037051,
          0.154384,
          0.807497
        ],
        [
          -0.033521,
          -0.901824,
          -0.430802,
          1.42187
        ],
        [
          0.0,
          0.0,
          0.0,
          1.0
        ]
      ]
    },
    {
      "file_path": "/media/NFS/ttao/scannet/posed_images/scene0548_01/00039.jpg",
      "transform_matrix": [
        [
          0.252592,
          -0.428283,
          0.867624,
          2.635694
        ],
        [
          -0.96656,
          -0.070661,
          0.246515,
          0.828003
        ],
        [
          -0.044271,
          -0.900878,
          -0.431809,
          1.42951
        ],
        [
          0.0,
          0.0,
          0.0,
          1.0
        ]
      ]
    },
    {
      "file_path": "/media/NFS/ttao/scannet/posed_images/scene0548_01/00046.jpg",
      "transform_matrix": [
        [
          0.31394,
          -0.409408,
          0.856637,
          2.635638
        ],
        [
          -0.94851,
          -0.095258,
          0.302083,
          0.837723
        ],
        [
          -0.042074,
          -0.907365,
          -0.418233,
          1.436134
        ],
        [
          0.0,
          0.0,
          0.0,
          1.0
        ]
      ]
    },
    {
      "file_path": "/media/NFS/ttao/scannet/posed_images/scene0548_01/00064.jpg",
      "transform_matrix": [
        [
          0.52819,
          -0.322584,
          0.785464,
          2.63037
        ],
        [
          -0.847792,
          -0.148521,
          0.509107,
          0.84204
        ],
        [
          -0.047572,
          -0.934816,
          -0.351932,
          1.455774
        ],
        [
          0.0,
          0.0,
          0.0,
          1.0
        ]
      ]
    },
    {
      "file_path": "/media/NFS/ttao/scannet/posed_images/scene0548_01/00067.jpg",
      "transform_matrix": [
        [
          0.552058,
          -0.317599,
          0.77095,
          2.630404
        ],
        [
          -0.832484,
          -0.157905,
          0.531071,
          0.844793
        ],
        [
          -0.046931,
          -0.934985,
          -0.351569,
          1.456411
        ],
        [
          0.0,
          0.0,
          0.0,
          1.0
        ]
      ]
    },
    {
      "file_path": "/media/NFS/ttao/scannet/posed_images/scene0548_01/00089.jpg",
      "transform_matrix": [
        [
          0.725811,
          -0.317988,
          0.609985,
          2.655297
        ],
        [
          -0.685208,
          -0.255919,
          0.681906,
          0.859734
        ],
        [
          -0.060731,
          -0.912901,
          -0.403637,
          1.426797
        ],
        [
          0.0,
          0.0,
          0.0,
          1.0
        ]
      ]
    },
    {
      "file_path": "/media/NFS/ttao/scannet/posed_images/scene0548_01/00092.jpg",
      "transform_matrix": [
        [
          0.737828,
          -0.31724,
          0.595793,
          2.662869
        ],
        [
          -0.672047,
          -0.262942,
          0.692253,
          0.857715
        ],
        [
          -0.062951,
          -0.911164,
          -0.407206,
          1.434593
        ],
        [
          0.0,
          0.0,
          0.0,
          1.0
        ]
      ]
    },
    {
      "file_path": "/media/NFS/ttao/scannet/posed_images/scene0548_01/00113.jpg",
      "transform_matrix": [
        [
          0.806005,
          -0.306595,
          0.506315,
          2.522787
        ],
        [
          -0.587065,
          -0.304877,
          0.749936,
          0.896499
        ],
        [
          -0.075563,
          -0.901693,
          -0.425723,
          1.444447
        ],
        [
          0.0,
          0.0,
          0.0,
          1.0
        ]
      ]
    },
    {
      "file_path": "/media/NFS/ttao/scannet/posed_images/scene0548_01/00120.jpg",
      "transform_matrix": [
        [
          0.829003,
          -0.28075,
          0.483667,
          2.470592
        ],
        [
          -0.556522,
          -0.328911,
          0.762955,
          0.905154
        ],
        [
          -0.055116,
          -0.901663,
          -0.428912,
          1.444985
        ],
        [
          0.0,
          0.0,
          0.0,
          1.0
        ]
      ]
    },
    {
      "file_path": "/media/NFS/ttao/scannet/posed_images/scene0548_01/00127.jpg",
      "transform_matrix": [
        [
          0.860982,
          -0.258449,
          0.43808,
          2.440057
        ],
        [
          -0.506584,
          -0.358454,
          0.784145,
          0.904105
        ],
        [
          -0.04563,
          -0.897059,
          -0.439549,
          1.440943
        ],
        [
          0.0,
          0.0,
          0.0,
          1.0
        ]
      ]
    },
    {
      "file_path": "/media/NFS/ttao/scannet/posed_images/scene0548_01/00145.jpg",
      "transform_matrix": [
        [
          0.94085,
          -0.20678,
          0.268408,
          2.4043
        ],
        [
          -0.333003,
          -0.418142,
          0.845142,
          0.910265
        ],
        [
          -0.062526,
          -0.884533,
          -0.462268,
          1.449229
        ],
        [
          0.0,
          0.0,
          0.0,
          1.0
        ]
      ]
    },
    {
      "file_path": "/media/NFS/ttao/scannet/posed_images/scene0548_01/00156.jpg",
      "transform_matrix": [
        [
          0.969618,
          -0.179419,
          0.166282,
          2.419695
        ],
        [
          -0.2289,
          -0.425684,
          0.875441,
          0.903146
        ],
        [
          -0.086287,
          -0.886906,
          -0.45382,
          1.455
        ],
        [
          0.0,
          0.0,
          0.0,
          1.0
        ]
      ]
    },
    {
      "file_path": "/media/NFS/ttao/scannet/posed_images/scene0548_01/00163.jpg",
      "transform_matrix": [
        [
          0.978617,
          -0.167153,
          0.119868,
          2.43002
        ],
        [
          -0.183785,
          -0.44888,
          0.874488,
          0.908478
        ],
        [
          -0.092366,
          -0.877819,
          -0.470002,
          1.451142
        ],
        [
          0.0,
          0.0,
          0.0,
          1.0
        ]
      ]
    },
    {
      "file_path": "/media/NFS/ttao/scannet/posed_images/scene0548_01/00181.jpg",
      "transform_matrix": [
        [
          0.990108,
          -0.092035,
          -0.105908,
          2.427172
        ],
        [
          0.033876,
          -0.57568,
          0.816973,
          0.965691
        ],
        [
          -0.136159,
          -0.812479,
          -0.566868,
          1.449526
        ],
        [
          0.0,
          0.0,
          0.0,
          1.0
        ]
      ]
    },
    {
      "file_path": "/media/NFS/ttao/scannet/posed_images/scene0548_01/00188.jpg",
      "transform_matrix": [
        [
          0.990647,
          -0.027958,
          -0.133559,
          2.388746
        ],
        [
          0.090713,
          -0.596244,
          0.797662,
          1.001658
        ],
        [
          -0.101935,
          -0.802316,
          -0.588131,
          1.436527
        ],
        [
          0.0,
          0.0,
          0.0,
          1.0
        ]
      ]
    },
    {
      "file_path": "/media/NFS/ttao/scannet/posed_images/scene0548_01/00198.jpg",
      "transform_matrix": [
        [
          0.972322,
          0.081366,
          -0.219022,
          2.336363
        ],
        [
          0.220116,
          -0.633374,
          0.741881,
          1.032526
        ],
        [
          -0.078358,
          -0.769557,
          -0.633753,
          1.416899
        ],
        [
          0.0,
          0.0,
          0.0,
          1.0
        ]
      ]
    },
    {
      "file_path": "/media/NFS/ttao/scannet/posed_images/scene0548_01/00212.jpg",
      "transform_matrix": [
        [
          0.892161,
          0.236771,
          -0.384694,
          2.289244
        ],
        [
          0.444052,
          -0.615926,
          0.650733,
          1.091961
        ],
        [
          -0.082868,
          -0.751382,
          -0.654643,
          1.40455
        ],
        [
          0.0,
          0.0,
          0.0,
          1.0
        ]
      ]
    },
    {
      "file_path": "/media/NFS/ttao/scannet/posed_images/scene0548_01/00230.jpg",
      "transform_matrix": [
        [
          0.721344,
          0.448628,
          -0.527632,
          2.270935
        ],
        [
          0.691004,
          -0.517517,
          0.504669,
          1.104616
        ],
        [
          -0.04665,
          -0.728635,
          -0.683311,
          1.422272
        ],
        [
          0.0,
          0.0,
          0.0,
          1.0
        ]
      ]
    },
    {
      "file_path": "/media/NFS/ttao/scannet/posed_images/scene0548_01/00237.jpg",
      "transform_matrix": [
        [
          0.677537,
          0.492311,
          -0.546419,
          2.262483
        ],
        [
          0.734904,
          -0.482774,
          0.476284,
          1.078512
        ],
        [
          -0.029317,
          -0.724265,
          -0.688898,
          1.422095
        ],
        [
          0.0,
          0.0,
          0.0,
          1.0
        ]
      ]
    },
    {
      "file_path": "/media/NFS/ttao/scannet/posed_images/scene0548_01/00244.jpg",
      "transform_matrix": [
        [
          0.558649,
          0.569267,
          -0.603197,
          2.264
        ],
        [
          0.829344,
          -0.392206,
          0.397949,
          1.062779
        ],
        [
          -0.010038,
          -0.722571,
          -0.691223,
          1.41954
        ],
        [
          0.0,
          0.0,
          0.0,
          1.0
        ]
      ]
    },
    {
      "file_path": "/media/NFS/ttao/scannet/posed_images/scene0548_01/00266.jpg",
      "transform_matrix": [
        [
          0.031056,
          0.658283,
          -0.75213,
          2.351743
        ],
        [
          0.998581,
          0.012138,
          0.051856,
          0.99534
        ],
        [
          0.043265,
          -0.752672,
          -0.656972,
          1.399728
        ],
        [
          0.0,
          0.0,
          0.0,
          1.0
        ]
      ]
    },
    {
      "file_path": "/media/NFS/ttao/scannet/posed_images/scene0548_01/00276.jpg",
      "transform_matrix": [
        [
          -0.148497,
          0.63011,
          -0.762175,
          2.385163
        ],
        [
          0.988199,
          0.123841,
          -0.090152,
          1.016519
        ],
        [
          0.037583,
          -0.766567,
          -0.641064,
          1.407527
        ],
        [
          0.0,
          0.0,
          0.0,
          1.0
        ]
      ]
    },
    {
      "file_path": "/media/NFS/ttao/scannet/posed_images/scene0548_01/00290.jpg",
      "transform_matrix": [
        [
          -0.371676,
          0.561072,
          -0.739631,
          2.434683
        ],
        [
          0.926338,
          0.27672,
          -0.255584,
          1.102455
        ],
        [
          0.061269,
          -0.780143,
          -0.622593,
          1.408661
        ],
        [
          0.0,
          0.0,
          0.0,
          1.0
        ]
      ]
    },
    {
      "file_path": "/media/NFS/ttao/scannet/posed_images/scene0548_01/00294.jpg",
      "transform_matrix": [
        [
          -0.396926,
          0.54227,
          -0.740536,
          2.446705
        ],
        [
          0.915696,
          0.289209,
          -0.279033,
          1.110383
        ],
        [
          0.062858,
          -0.788861,
          -0.611349,
          1.407342
        ],
        [
          0.0,
          0.0,
          0.0,
          1.0
        ]
      ]
    },
    {
      "file_path": "/media/NFS/ttao/scannet/posed_images/scene0548_01/00305.jpg",
      "transform_matrix": [
        [
          -0.536366,
          0.501227,
          -0.679031,
          2.478859
        ],
        [
          0.843594,
          0.342908,
          -0.413236,
          1.191674
        ],
        [
          0.02572,
          -0.794472,
          -0.606756,
          1.414916
        ],
        [
          0.0,
          0.0,
          0.0,
          1.0
        ]
      ]
    },
    {
      "file_path": "/media/NFS/ttao/scannet/posed_images/scene0548_01/00315.jpg",
      "transform_matrix": [
        [
          -0.696472,
          0.438996,
          -0.567635,
          2.497721
        ],
        [
          0.717426,
          0.442596,
          -0.537967,
          1.307582
        ],
        [
          0.015068,
          -0.781915,
          -0.623203,
          1.421178
        ],
        [
          0.0,
          0.0,
          0.0,
          1.0
        ]
      ]
    },
    {
      "file_path": "/media/NFS/ttao/scannet/posed_images/scene0548_01/00329.jpg",
      "transform_matrix": [
        [
          -0.815277,
          0.347061,
          -0.463543,
          2.577694
        ],
        [
          0.57752,
          0.428759,
          -0.694721,
          1.412697
        ],
        [
          -0.042362,
          -0.834095,
          -0.549992,
          1.437506
        ],
        [
          0.0,
          0.0,
          0.0,
          1.0
        ]
      ]
    },
    {
      "file_path": "/media/NFS/ttao/scannet/posed_images/scene0548_01/00347.jpg",
      "transform_matrix": [
        [
          -0.944763,
          0.214001,
          -0.248246,
          2.650982
        ],
        [
          0.316944,
          0.403602,
          -0.858284,
          1.493456
        ],
        [
          -0.083481,
          -0.889555,
          -0.449135,
          1.458766
        ],
        [
          0.0,
          0.0,
          0.0,
          1.0
        ]
      ]
    },
    {
      "file_path": "/media/NFS/ttao/scannet/posed_images/scene0548_01/00361.jpg",
      "transform_matrix": [
        [
          -0.981076,
          0.150423,
          -0.121916,
          2.638181
        ],
        [
          0.173211,
          0.400417,
          -0.899814,
          1.515533
        ],
        [
          -0.086536,
          -0.903902,
          -0.418894,
          1.460128
        ],
        [
          0.0,
          0.0,
          0.0,
          1.0
        ]
      ]
    },
    {
      "file_path": "/media/NFS/ttao/scannet/posed_images/scene0548_01/00372.jpg",
      "transform_matrix": [
        [
          -0.994518,
          0.102924,
          -0.018484,
          2.650161
        ],
        [
          0.056183,
          0.376839,
          -0.924574,
          1.528705
        ],
        [
          -0.088195,
          -0.920543,
          -0.380555,
          1.464256
        ],
        [
          0.0,
          0.0,
          0.0,
          1.0
        ]
      ]
    },
    {
      "file_path": "/media/NFS/ttao/scannet/posed_images/scene0548_01/00382.jpg",
      "transform_matrix": [
        [
          -0.994696,
          0.05986,
          0.083649,
          2.656411
        ],
        [
          -0.055764,
          0.369526,
          -0.927545,
          1.546622
        ],
        [
          -0.086433,
          -0.92729,
          -0.364228,
          1.466075
        ],
        [
          0.0,
          0.0,
          0.0,
          1.0
        ]
      ]
    },
    {
      "file_path": "/media/NFS/ttao/scannet/posed_images/scene0548_01/00393.jpg",
      "transform_matrix": [
        [
          -0.983782,
          0.018503,
          0.178414,
          2.669865
        ],
        [
          -0.162019,
          0.335133,
          -0.928136,
          1.568271
        ],
        [
          -0.076965,
          -0.941989,
          -0.3267,
          1.466889
        ],
        [
          0.0,
          0.0,
          0.0,
          1.0
        ]
      ]
    },
    {
      "file_path": "/media/NFS/ttao/scannet/posed_images/scene0548_01/00407.jpg",
      "transform_matrix": [
        [
          -0.975256,
          -0.004775,
          0.221028,
          2.686709
        ],
        [
          -0.213787,
          0.27504,
          -0.937362,
          1.581245
        ],
        [
          -0.056316,
          -0.961421,
          -0.269256,
          1.484837
        ],
        [
          0.0,
          0.0,
          0.0,
          1.0
        ]
      ]
    },
    {
      "file_path": "/media/NFS/ttao/scannet/posed_images/scene0548_01/00418.jpg",
      "transform_matrix": [
        [
          -0.971929,
          -0.001325,
          0.235273,
          2.693957
        ],
        [
          -0.232206,
          0.166424,
          -0.958323,
          1.595586
        ],
        [
          -0.037886,
          -0.986054,
          -0.162059,
          1.500254
        ],
        [
          0.0,
          0.0,
          0.0,
          1.0
        ]
      ]
    },
    {
      "file_path": "/media/NFS/ttao/scannet/posed_images/scene0548_01/00421.jpg",
      "transform_matrix": [
        [
          -0.971729,
          -0.001319,
          0.236095,
          2.694915
        ],
        [
          -0.233864,
          0.142648,
          -0.961748,
          1.597822
        ],
        [
          -0.03241,
          -0.989773,
          -0.138923,
          1.497342
        ],
        [
          0.0,
          0.0,
          0.0,
          1.0
        ]
      ]
    },
    {
      "file_path": "/media/NFS/ttao/scannet/posed_images/scene0548_01/00443.jpg",
      "transform_matrix": [
        [
          -0.974319,
          0.016768,
          0.224549,
          2.695652
        ],
        [
          -0.224661,
          -0.0051,
          -0.974424,
          1.613626
        ],
        [
          -0.015194,
          -0.999846,
          0.008736,
          1.545764
        ],
        [
          0.0,
          0.0,
          0.0,
          1.0
        ]
      ]
    },
    {
      "file_path": "/media/NFS/ttao/scannet/posed_images/scene0548_01/00450.jpg",
      "transform_matrix": [
        [
          -0.974118,
          0.016694,
          0.225425,
          2.692489
        ],
        [
          -0.225917,
          -0.038691,
          -0.973378,
          1.610316
        ],
        [
          -0.007528,
          -0.999112,
          0.041461,
          1.554579
        ],
        [
          0.0,
          0.0,
          0.0,
          1.0
        ]
      ]
    },
    {
      "file_path": "/media/NFS/ttao/scannet/posed_images/scene0548_01/00464.jpg",
      "transform_matrix": [
        [
          -0.942194,
          -0.005222,
          0.335028,
          2.682491
        ],
        [
          -0.333746,
          -0.074113,
          -0.939745,
          1.606512
        ],
        [
          0.029737,
          -0.997236,
          0.068086,
          1.576461
        ],
        [
          0.0,
          0.0,
          0.0,
          1.0
        ]
      ]
    },
    {
      "file_path": "/media/NFS/ttao/scannet/posed_images/scene0548_01/00474.jpg",
      "transform_matrix": [
        [
          -0.888892,
          -0.019529,
          0.4577,
          2.665116
        ],
        [
          -0.457118,
          -0.02812,
          -0.888962,
          1.593753
        ],
        [
          0.030231,
          -0.999414,
          0.016069,
          1.575558
        ],
        [
          0.0,
          0.0,
          0.0,
          1.0
        ]
      ]
    },
    {
      "file_path": "/media/NFS/ttao/scannet/posed_images/scene0548_01/00482.jpg",
      "transform_matrix": [
        [
          -0.827597,
          -0.046057,
          0.55943,
          2.655955
        ],
        [
          -0.560827,
          0.025972,
          -0.827525,
          1.580632
        ],
        [
          0.023584,
          -0.998601,
          -0.047324,
          1.561952
        ],
        [
          0.0,
          0.0,
          0.0,
          1.0
        ]
      ]
    },
    {
      "file_path": "/media/NFS/ttao/scannet/posed_images/scene0548_01/00499.jpg",
      "transform_matrix": [
        [
          -0.698462,
          -0.187234,
          0.69072,
          2.71921
        ],
        [
          -0.715596,
          0.171189,
          -0.677212,
          1.531965
        ],
        [
          0.008553,
          -0.967284,
          -0.253552,
          1.513086
        ],
        [
          0.0,
          0.0,
          0.0,
          1.0
        ]
      ]
    },
    {
      "file_path": "/media/NFS/ttao/scannet/posed_images/scene0548_01/00506.jpg",
      "transform_matrix": [
        [
          -0.639702,
          -0.286511,
          0.713227,
          2.785646
        ],
        [
          -0.768073,
          0.203209,
          -0.607264,
          1.487433
        ],
        [
          0.029054,
          -0.936279,
          -0.350055,
          1.473597
        ],
        [
          0.0,
          0.0,
          0.0,
          1.0
        ]
      ]
    },
    {
      "file_path": "/media/NFS/ttao/scannet/posed_images/scene0548_01/00517.jpg",
      "transform_matrix": [
        [
          -0.545349,
          -0.341723,
          0.765389,
          2.826563
        ],
        [
          -0.838191,
          0.228415,
          -0.495241,
          1.412634
        ],
        [
          -0.005592,
          -0.91162,
          -0.410995,
          1.458308
        ],
        [
          0.0,
          0.0,
          0.0,
          1.0
        ]
      ]
    },
    {
      "file_path": "/media/NFS/ttao/scannet/posed_images/scene0548_01/00531.jpg",
      "transform_matrix": [
        [
          -0.344765,
          -0.46721,
          0.814157,
          2.803772
        ],
        [
          -0.938382,
          0.193743,
          -0.286189,
          1.281245
        ],
        [
          -0.024027,
          -0.862658,
          -0.505217,
          1.459563
        ],
        [
          0.0,
          0.0,
          0.0,
          1.0
        ]
      ]
    },
    {
      "file_path": "/media/NFS/ttao/scannet/posed_images/scene0548_01/00542.jpg",
      "transform_matrix": [
        [
          -0.225883,
          -0.531959,
          0.816086,
          2.802094
        ],
        [
          -0.973635,
          0.150644,
          -0.171294,
          1.177397
        ],
        [
          -0.031817,
          -0.833262,
          -0.551962,
          1.440714
        ],
        [
          0.0,
          0.0,
          0.0,
          1.0
        ]
      ]
    },
    {
      "file_path": "/media/NFS/ttao/scannet/posed_images/scene0548_01/00559.jpg",
      "transform_matrix": [
        [
          -0.006038,
          -0.618426,
          0.78582,
          2.666654
        ],
        [
          -0.99995,
          -0.002537,
          -0.009679,
          1.014172
        ],
        [
          0.00798,
          -0.785839,
          -0.61838,
          1.418455
        ],
        [
          0.0,
          0.0,
          0.0,
          1.0
        ]
      ]
    },
    {
      "file_path": "/media/NFS/ttao/scannet/posed_images/scene0548_01/00567.jpg",
      "transform_matrix": [
        [
          0.042289,
          -0.600353,
          0.798616,
          2.597179
        ],
        [
          -0.998638,
          -0.000945,
          0.05217,
          0.974625
        ],
        [
          -0.030566,
          -0.799735,
          -0.599575,
          1.424082
        ],
        [
          0.0,
          0.0,
          0.0,
          1.0
        ]
      ]
    },
    {
      "file_path": "/media/NFS/ttao/scannet/posed_images/scene0548_01/00581.jpg",
      "transform_matrix": [
        [
          0.025139,
          -0.662602,
          0.74855,
          2.516601
        ],
        [
          -0.999482,
          -0.031706,
          0.0055,
          0.961919
        ],
        [
          0.020089,
          -0.748301,
          -0.663056,
          1.374222
        ],
        [
          0.0,
          0.0,
          0.0,
          1.0
        ]
      ]
    },
    {
      "file_path": "/media/NFS/ttao/scannet/posed_images/scene0548_01/00595.jpg",
      "transform_matrix": [
        [
          0.165659,
          -0.674057,
          0.719864,
          2.443662
        ],
        [
          -0.985113,
          -0.079116,
          0.152618,
          0.912897
        ],
        [
          -0.04592,
          -0.734431,
          -0.677128,
          1.361296
        ],
        [
          0.0,
          0.0,
          0.0,
          1.0
        ]
      ]
    },
    {
      "file_path": "/media/NFS/ttao/scannet/posed_images/scene0548_01/00602.jpg",
      "transform_matrix": [
        [
          0.189743,
          -0.681679,
          0.70662,
          2.415544
        ],
        [
          -0.979946,
          -0.086874,
          0.17933,
          0.903069
        ],
        [
          -0.060859,
          -0.726476,
          -0.684492,
          1.362919
        ],
        [
          0.0,
          0.0,
          0.0,
          1.0
        ]
      ]
    },
    {
      "file_path": "/media/NFS/ttao/scannet/posed_images/scene0548_01/00616.jpg",
      "transform_matrix": [
        [
          0.173466,
          -0.687138,
          0.705515,
          2.408298
        ],
        [
          -0.98438,
          -0.099068,
          0.145544,
          0.884515
        ],
        [
          -0.030115,
          -0.719741,
          -0.693589,
          1.353597
        ],
        [
          0.0,
          0.0,
          0.0,
          1.0
        ]
      ]
    },
    {
      "file_path": "/media/NFS/ttao/scannet/posed_images/scene0548_01/00627.jpg",
      "transform_matrix": [
        [
          0.097277,
          -0.786209,
          0.610256,
          2.40778
        ],
        [
          -0.994327,
          -0.050261,
          0.093747,
          0.86678
        ],
        [
          -0.043033,
          -0.615913,
          -0.786638,
          1.304686
        ],
        [
          0.0,
          0.0,
          0.0,
          1.0
        ]
      ]
    },
    {
      "file_path": "/media/NFS/ttao/scannet/posed_images/scene0548_01/00641.jpg",
      "transform_matrix": [
        [
          -0.014342,
          -0.861173,
          0.508111,
          2.417006
        ],
        [
          -0.998255,
          0.041443,
          0.042064,
          0.861319
        ],
        [
          -0.057282,
          -0.50662,
          -0.860264,
          1.267448
        ],
        [
          0.0,
          0.0,
          0.0,
          1.0
        ]
      ]
    },
    {
      "file_path": "/media/NFS/ttao/scannet/posed_images/scene0548_01/00655.jpg",
      "transform_matrix": [
        [
          -0.120513,
          -0.874029,
          0.47069,
          2.421952
        ],
        [
          -0.990415,
          0.138096,
          0.00285,
          0.831392
        ],
        [
          -0.067492,
          -0.465835,
          -0.882294,
          1.255801
        ],
        [
          0.0,
          0.0,
          0.0,
          1.0
        ]
      ]
    },
    {
      "file_path": "/media/NFS/ttao/scannet/posed_images/scene0548_01/00659.jpg",
      "transform_matrix": [
        [
          -0.14586,
          -0.874656,
          0.462278,
          2.424588
        ],
        [
          -0.986964,
          0.160784,
          -0.007199,
          0.821351
        ],
        [
          -0.06803,
          -0.457302,
          -0.886706,
          1.254063
        ],
        [
          0.0,
          0.0,
          0.0,
          1.0
        ]
      ]
    },
    {
      "file_path": "/media/NFS/ttao/scannet/posed_images/scene0548_01/00676.jpg",
      "transform_matrix": [
        [
          -0.200652,
          -0.851436,
          0.484557,
          2.41542
        ],
        [
          -0.977763,
          0.204841,
          -0.04495,
          0.756808
        ],
        [
          -0.060985,
          -0.482801,
          -0.873604,
          1.260911
        ],
        [
          0.0,
          0.0,
          0.0,
          1.0
        ]
      ]
    },
    {
      "file_path": "/media/NFS/ttao/scannet/posed_images/scene0548_01/00683.jpg",
      "transform_matrix": [
        [
          -0.135154,
          -0.863521,
          0.485865,
          2.41105
        ],
        [
          -0.98981,
          0.139858,
          -0.026769,
          0.737033
        ],
        [
          -0.044837,
          -0.484532,
          -0.873624,
          1.262384
        ],
        [
          0.0,
          0.0,
          0.0,
          1.0
        ]
      ]
    },
    {
      "file_path": "/media/NFS/ttao/scannet/posed_images/scene0548_01/00694.jpg",
      "transform_matrix": [
        [
          -0.054936,
          -0.882306,
          0.467459,
          2.396003
        ],
        [
          -0.998148,
          0.060775,
          -0.002592,
          0.691802
        ],
        [
          -0.026123,
          -0.466736,
          -0.884011,
          1.250383
        ],
        [
          0.0,
          0.0,
          0.0,
          1.0
        ]
      ]
    },
    {
      "file_path": "/media/NFS/ttao/scannet/posed_images/scene0548_01/00708.jpg",
      "transform_matrix": [
        [
          -0.051013,
          -0.808789,
          0.585882,
          2.397137
        ],
        [
          -0.998442,
          0.054598,
          -0.011565,
          0.674484
        ],
        [
          -0.022635,
          -0.585559,
          -0.810314,
          1.284919
        ],
        [
          0.0,
          0.0,
          0.0,
          1.0
        ]
      ]
    },
    {
      "file_path": "/media/NFS/ttao/scannet/posed_images/scene0548_01/00722.jpg",
      "transform_matrix": [
        [
          -0.005006,
          -0.712971,
          0.701176,
          2.396194
        ],
        [
          -0.999926,
          0.011377,
          0.004429,
          0.679125
        ],
        [
          -0.011135,
          -0.701101,
          -0.712975,
          1.317642
        ],
        [
          0.0,
          0.0,
          0.0,
          1.0
        ]
      ]
    },
    {
      "file_path": "/media/NFS/ttao/scannet/posed_images/scene0548_01/00733.jpg",
      "transform_matrix": [
        [
          0.033503,
          -0.645799,
          0.762772,
          2.390916
        ],
        [
          -0.999395,
          -0.028753,
          0.019553,
          0.69903
        ],
        [
          0.009304,
          -0.762966,
          -0.646372,
          1.342621
        ],
        [
          0.0,
          0.0,
          0.0,
          1.0
        ]
      ]
    },
    {
      "file_path": "/media/NFS/ttao/scannet/posed_images/scene0548_01/00751.jpg",
      "transform_matrix": [
        [
          0.062621,
          -0.526224,
          0.848037,
          2.383704
        ],
        [
          -0.996079,
          -0.086161,
          0.020088,
          0.734458
        ],
        [
          0.062497,
          -0.84597,
          -0.529556,
          1.375759
        ],
        [
          0.0,
          0.0,
          0.0,
          1.0
        ]
      ]
    },
    {
      "file_path": "/media/NFS/ttao/scannet/posed_images/scene0548_01/00754.jpg",
      "transform_matrix": [
        [
          0.061391,
          -0.504306,
          0.86134,
          2.384189
        ],
        [
          -0.995513,
          -0.093202,
          0.016385,
          0.747885
        ],
        [
          0.072016,
          -0.85848,
          -0.507765,
          1.385631
        ],
        [
          0.0,
          0.0,
          0.0,
          1.0
        ]
      ]
    },
    {
      "file_path": "/media/NFS/ttao/scannet/posed_images/scene0548_01/00765.jpg",
      "transform_matrix": [
        [
          0.124906,
          -0.426959,
          0.895603,
          2.379669
        ],
        [
          -0.990162,
          -0.111018,
          0.085168,
          0.752494
        ],
        [
          0.063065,
          -0.89743,
          -0.436625,
          1.416372
        ],
        [
          0.0,
          0.0,
          0.0,
          1.0
        ]
      ]
    },
    {
      "file_path": "/media/NFS/ttao/scannet/posed_images/scene0548_01/00779.jpg",
      "transform_matrix": [
        [
          0.099334,
          -0.346347,
          0.932833,
          2.36941
        ],
        [
          -0.994236,
          -0.072562,
          0.078932,
          0.745852
        ],
        [
          0.04035,
          -0.935296,
          -0.351558,
          1.448368
        ],
        [
          0.0,
          0.0,
          0.0,
          1.0
        ]
      ]
    },
    {
      "file_path": "/media/NFS/ttao/scannet/posed_images/scene0548_01/00790.jpg",
      "transform_matrix": [
        [
          0.138879,
          -0.315766,
          0.938618,
          2.36242
        ],
        [
          -0.989726,
          -0.07679,
          0.120608,
          0.768357
        ],
        [
          0.033992,
          -0.945725,
          -0.323186,
          1.453697
        ],
        [
          0.0,
          0.0,
          0.0,
          1.0
        ]
      ]
    },
    {
      "file_path": "/media/NFS/ttao/scannet/posed_images/scene0548_01/00800.jpg",
      "transform_matrix": [
        [
          0.230689,
          -0.315038,
          0.920616,
          2.360429
        ],
        [
          -0.972937,
          -0.087615,
          0.213817,
          0.781557
        ],
        [
          0.0133,
          -0.945026,
          -0.326724,
          1.461423
        ],
        [
          0.0,
          0.0,
          0.0,
          1.0
        ]
      ]
    },
    {
      "file_path": "/media/NFS/ttao/scannet/posed_images/scene0548_01/00818.jpg",
      "transform_matrix": [
        [
          0.383157,
          -0.328258,
          0.863387,
          2.352531
        ],
        [
          -0.923345,
          -0.110822,
          0.367631,
          0.80319
        ],
        [
          -0.024995,
          -0.938064,
          -0.345558,
          1.464999
        ],
        [
          0.0,
          0.0,
          0.0,
          1.0
        ]
      ]
    },
    {
      "file_path": "/media/NFS/ttao/scannet/posed_images/scene0548_01/00832.jpg",
      "transform_matrix": [
        [
          0.473719,
          -0.284486,
          0.833462,
          2.34158
        ],
        [
          -0.880169,
          -0.120806,
          0.459031,
          0.818454
        ],
        [
          -0.029901,
          -0.951038,
          -0.307624,
          1.472403
        ],
        [
          0.0,
          0.0,
          0.0,
          1.0
        ]
      ]
    },
    {
      "file_path": "/media/NFS/ttao/scannet/posed_images/scene0548_01/00843.jpg",
      "transform_matrix": [
        [
          0.485688,
          -0.400692,
          0.776887,
          2.342679
        ],
        [
          -0.873433,
          -0.186912,
          0.449643,
          0.833473
        ],
        [
          -0.034959,
          -0.896945,
          -0.440758,
          1.440236
        ],
        [
          0.0,
          0.0,
          0.0,
          1.0
        ]
      ]
    },
    {
      "file_path": "/media/NFS/ttao/scannet/posed_images/scene0548_01/00857.jpg",
      "transform_matrix": [
        [
          0.460311,
          -0.565342,
          0.684472,
          2.354743
        ],
        [
          -0.884698,
          -0.228173,
          0.406505,
          0.849564
        ],
        [
          -0.073636,
          -0.79267,
          -0.605188,
          1.410114
        ],
        [
          0.0,
          0.0,
          0.0,
          1.0
        ]
      ]
    },
    {
      "file_path": "/media/NFS/ttao/scannet/posed_images/scene0548_01/00860.jpg",
      "transform_matrix": [
        [
          0.446718,
          -0.587014,
          0.675173,
          2.351519
        ],
        [
          -0.891267,
          -0.22618,
          0.393046,
          0.861231
        ],
        [
          -0.078013,
          -0.77734,
          -0.624224,
          1.407727
        ],
        [
          0.0,
          0.0,
          0.0,
          1.0
        ]
      ]
    },
    {
      "file_path": "/media/NFS/ttao/scannet/posed_images/scene0548_01/00878.jpg",
      "transform_matrix": [
        [
          0.465875,
          -0.688077,
          0.556337,
          2.33676
        ],
        [
          -0.878672,
          -0.285575,
          0.382598,
          0.897815
        ],
        [
          -0.104381,
          -0.667081,
          -0.737636,
          1.370265
        ],
        [
          0.0,
          0.0,
          0.0,
          1.0
        ]
      ]
    },
    {
      "file_path": "/media/NFS/ttao/scannet/posed_images/scene0548_01/00892.jpg",
      "transform_matrix": [
        [
          0.475235,
          -0.737541,
          0.479775,
          2.33516
        ],
        [
          -0.875526,
          -0.342352,
          0.340955,
          0.905539
        ],
        [
          -0.087216,
          -0.582089,
          -0.808434,
          1.336947
        ],
        [
          0.0,
          0.0,
          0.0,
          1.0
        ]
      ]
    },
    {
      "file_path": "/media/NFS/ttao/scannet/posed_images/scene0548_01/00899.jpg",
      "transform_matrix": [
        [
          0.464427,
          -0.739699,
          0.486983,
          2.341253
        ],
        [
          -0.882571,
          -0.341049,
          0.323659,
          0.907324
        ],
        [
          -0.073326,
          -0.580113,
          -0.811229,
          1.32786
        ],
        [
          0.0,
          0.0,
          0.0,
          1.0
        ]
      ]
    },
    {
      "file_path": "/media/NFS/ttao/scannet/posed_images/scene0548_01/00910.jpg",
      "transform_matrix": [
        [
          0.427071,
          -0.758419,
          0.492352,
          2.333179
        ],
        [
          -0.900267,
          -0.305795,
          0.309854,
          0.938768
        ],
        [
          -0.084441,
