{
  "frames": [
    {
      "file_path": "/media/NFS/ttao/scannet/posed_images/scene0449_00/00000.jpg",
      "transform_matrix": [
        [
          0.669746,
          -0.493868,
          0.554557,
          0.703048
        ],
        [
          -0.742179,
          -0.420332,
          0.522008,
          0.539004
        ],
        [
          -0.024705,
          -0.761193,
          -0.648054,
          1.264935
        ],
        [
          0.0,
          0.0,
          0.0,
          1.0
        ]
      ]
    },
    {
      "file_path": "/media/NFS/ttao/scannet/posed_images/scene0449_00/00005.jpg",
      "transform_matrix": [
        [
          0.66865,
          -0.505291,
          0.545517,
          0.70474
        ],
        [
          -0.742935,
          -0.423478,
          0.518377,
          0.536694
        ],
        [
          -0.030917,
          -0.751896,
          -0.658557,
          1.259581
        ],
        [
          0.0,
          0.0,
          0.0,
          1.0
        ]
      ]
    },
    {
      "file_path": "/media/NFS/ttao/scannet/posed_images/scene0449_00/00012.jpg",
      "transform_matrix": [
        [
          0.667692,
          -0.523032,
          0.529741,
          0.709562
        ],
        [
          -0.743449,
          -0.431819,
          0.510702,
          0.527269
        ],
        [
          -0.038361,
          -0.734827,
          -0.67717,
          1.239287
        ],
        [
          0.0,
          0.0,
          0.0,
          1.0
        ]
      ]
    },
    {
      "file_path": "/media/NFS/ttao/scannet/posed_images/scene0449_00/00019.jpg",
      "transform_matrix": [
        [
          0.660415,
          -0.528184,
          0.533736,
          0.703288
        ],
        [
          -0.748874,
          -0.411089,
          0.519802,
          0.51745
        ],
        [
          -0.055138,
          -0.742986,
          -0.667033,
          1.218414
        ],
        [
          0.0,
          0.0,
          0.0,
          1.0
        ]
      ]
    },
    {
      "file_path": "/media/NFS/ttao/scannet/posed_images/scene0449_00/00020.jpg",
      "transform_matrix": [
        [
          0.656981,
          -0.528955,
          0.537198,
          0.700992
        ],
        [
          -0.751645,
          -0.404403,
          0.521046,
          0.515062
        ],
        [
          -0.058365,
          -0.746099,
          -0.663272,
          1.213519
        ],
        [
          0.0,
          0.0,
          0.0,
          1.0
        ]
      ]
    },
    {
      "file_path": "/media/NFS/ttao/scannet/posed_images/scene0449_00/00026.jpg",
      "transform_matrix": [
        [
          0.629951,
          -0.550896,
          0.547426,
          0.675535
        ],
        [
          -0.773583,
          -0.382666,
          0.50511,
          0.505729
        ],
        [
          -0.068782,
          -0.741674,
          -0.667225,
          1.173446
        ],
        [
          0.0,
          0.0,
          0.0,
          1.0
        ]
      ]
    },
    {
      "file_path": "/media/NFS/ttao/scannet/posed_images/scene0449_00/00034.jpg",
      "transform_matrix": [
        [
          0.601625,
          -0.572788,
          0.556741,
          0.643412
        ],
        [
          -0.79426,
          -0.354941,
          0.493121,
          0.498017
        ],
        [
          -0.084844,
          -0.738871,
          -0.668484,
          1.132119
        ],
        [
          0.0,
          0.0,
          0.0,
          1.0
        ]
      ]
    },
    {
      "file_path": "/media/NFS/ttao/scannet/posed_images/scene0449_00/00036.jpg",
      "transform_matrix": [
        [
          0.5912,
          -0.58132,
          0.559062,
          0.63817
        ],
        [
          -0.801908,
          -0.349618,
          0.484469,
          0.496714
        ],
        [
          -0.086173,
          -0.734735,
          -0.672859,
          1.123533
        ],
        [
          0.0,
          0.0,
          0.0,
          1.0
        ]
      ]
    },
    {
      "file_path": "/media/NFS/ttao/scannet/posed_images/scene0449_00/00043.jpg",
      "transform_matrix": [
        [
          0.57976,
          -0.597635,
          0.553815,
          0.628528
        ],
        [
          -0.810043,
          -0.349528,
          0.470809,
          0.493564
        ],
        [
          -0.087798,
          -0.72157,
          -0.686752,
          1.105982
        ],
        [
          0.0,
          0.0,
          0.0,
          1.0
        ]
      ]
    },
    {
      "file_path": "/media/NFS/ttao/scannet/posed_images/scene0449_00/00045.jpg",
      "transform_matrix": [
        [
          0.577955,
          -0.597928,
          0.555383,
          0.628702
        ],
        [
          -0.811476,
          -0.348981,
          0.468743,
          0.493381
        ],
        [
          -0.086456,
          -0.721592,
          -0.686899,
          1.106168
        ],
        [
          0.0,
          0.0,
          0.0,
          1.0
        ]
      ]
    },
    {
      "file_path": "/media/NFS/ttao/scannet/posed_images/scene0449_00/00051.jpg",
      "transform_matrix": [
        [
          0.571191,
          -0.593068,
          0.56746,
          0.637567
        ],
        [
          -0.817464,
          -0.348597,
          0.458511,
          0.494115
        ],
        [
          -0.074113,
          -0.725776,
          -0.683928,
          1.120151
        ],
        [
          0.0,
          0.0,
          0.0,
          1.0
        ]
      ]
    },
    {
      "file_path": "/media/NFS/ttao/scannet/posed_images/scene0449_00/00056.jpg",
      "transform_matrix": [
        [
          0.570518,
          -0.575598,
          0.585829,
          0.654723
        ],
        [
          -0.818307,
          -0.337708,
          0.46511,
          0.496412
        ],
        [
          -0.069877,
          -0.744742,
          -0.663684,
          1.146498
        ],
        [
          0.0,
          0.0,
          0.0,
          1.0
        ]
      ]
    },
    {
      "file_path": "/media/NFS/ttao/scannet/posed_images/scene0449_00/00062.jpg",
      "transform_matrix": [
        [
          0.591767,
          -0.556573,
          0.583128,
          0.694917
        ],
        [
          -0.803001,
          -0.343545,
          0.486997,
          0.510242
        ],
        [
          -0.070719,
          -0.756441,
          -0.650227,
          1.182715
        ],
        [
          0.0,
          0.0,
          0.0,
          1.0
        ]
      ]
    },
    {
      "file_path": "/media/NFS/ttao/scannet/posed_images/scene0449_00/00067.jpg",
      "transform_matrix": [
        [
          0.637641,
          -0.529356,
          0.559639,
          0.73478
        ],
        [
          -0.767838,
          -0.378323,
          0.517008,
          0.518335
        ],
        [
          -0.061957,
          -0.759377,
          -0.647694,
          1.201242
        ],
        [
          0.0,
          0.0,
          0.0,
          1.0
        ]
      ]
    },
    {
      "file_path": "/media/NFS/ttao/scannet/posed_images/scene0449_00/00073.jpg",
      "transform_matrix": [
        [
          0.7198,
          -0.477246,
          0.504107,
          0.791076
        ],
        [
          -0.690834,
          -0.421243,
          0.587625,
          0.519007
        ],
        [
          -0.06809,
          -0.771227,
          -0.632908,
          1.22773
        ],
        [
          0.0,
          0.0,
          0.0,
          1.0
        ]
      ]
    },
    {
      "file_path": "/media/NFS/ttao/scannet/posed_images/scene0449_00/00081.jpg",
      "transform_matrix": [
        [
          0.779204,
          -0.429506,
          0.45647,
          0.844573
        ],
        [
          -0.624473,
          -0.469713,
          0.624023,
          0.517388
        ],
        [
          -0.053612,
          -0.771294,
          -0.634217,
          1.265834
        ],
        [
          0.0,
          0.0,
          0.0,
          1.0
        ]
      ]
    },
    {
      "file_path": "/media/NFS/ttao/scannet/posed_images/scene0449_00/00085.jpg",
      "transform_matrix": [
        [
          0.791109,
          -0.396459,
          0.465797,
          0.861577
        ],
        [
          -0.609778,
          -0.451233,
          0.651582,
          0.516585
        ],
        [
          -0.048142,
          -0.799505,
          -0.598727,
          1.291353
        ],
        [
          0.0,
          0.0,
          0.0,
          1.0
        ]
      ]
    },
    {
      "file_path": "/media/NFS/ttao/scannet/posed_images/scene0449_00/00090.jpg",
      "transform_matrix": [
        [
          0.801359,
          -0.376162,
          0.465109,
          0.870325
        ],
        [
          -0.596224,
          -0.439387,
          0.671905,
          0.51869
        ],
        [
          -0.048382,
          -0.815746,
          -0.576383,
          1.309424
        ],
        [
          0.0,
          0.0,
          0.0,
          1.0
        ]
      ]
    },
    {
      "file_path": "/media/NFS/ttao/scannet/posed_images/scene0449_00/00093.jpg",
      "transform_matrix": [
        [
          0.7992,
          -0.365781,
          0.476952,
          0.869694
        ],
        [
          -0.599801,
          -0.433907,
          0.672282,
          0.525109
        ],
        [
          -0.038955,
          -0.823365,
          -0.566175,
          1.319936
        ],
        [
          0.0,
          0.0,
          0.0,
          1.0
        ]
      ]
    },
    {
      "file_path": "/media/NFS/ttao/scannet/posed_images/scene0449_00/00101.jpg",
      "transform_matrix": [
        [
          0.810362,
          -0.336889,
          0.479394,
          0.851759
        ],
        [
          -0.583886,
          -0.396034,
          0.708685,
          0.534886
        ],
        [
          -0.048892,
          -0.854203,
          -0.517636,
          1.342291
        ],
        [
          0.0,
          0.0,
          0.0,
          1.0
        ]
      ]
    },
    {
      "file_path": "/media/NFS/ttao/scannet/posed_images/scene0449_00/00105.jpg",
      "transform_matrix": [
        [
          0.818917,
          -0.316033,
          0.47906,
          0.835303
        ],
        [
          -0.572511,
          -0.391553,
          0.720359,
          0.54262
        ],
        [
          -0.04008,
          -0.864182,
          -0.501581,
          1.347811
        ],
        [
          0.0,
          0.0,
          0.0,
          1.0
        ]
      ]
    },
    {
      "file_path": "/media/NFS/ttao/scannet/posed_images/scene0449_00/00112.jpg",
      "transform_matrix": [
        [
          0.825128,
          -0.266653,
          0.498055,
          0.80164
        ],
        [
          -0.564815,
          -0.370447,
          0.737396,
          0.543154
        ],
        [
          -0.012126,
          -0.889756,
          -0.456276,
          1.3525
        ],
        [
          0.0,
          0.0,
          0.0,
          1.0
        ]
      ]
    },
    {
      "file_path": "/media/NFS/ttao/scannet/posed_images/scene0449_00/00113.jpg",
      "transform_matrix": [
        [
          0.828737,
          -0.266084,
          0.492335,
          0.797616
        ],
        [
          -0.55948,
          -0.373076,
          0.740133,
          0.542136
        ],
        [
          -0.013259,
          -0.888827,
          -0.458051,
          1.354796
        ],
        [
          0.0,
          0.0,
          0.0,
          1.0
        ]
      ]
    },
    {
      "file_path": "/media/NFS/ttao/scannet/posed_images/scene0449_00/00118.jpg",
      "transform_matrix": [
        [
          0.836749,
          -0.257149,
          0.483451,
          0.780539
        ],
        [
          -0.547168,
          -0.358101,
          0.756552,
          0.539696
        ],
        [
          -0.021422,
          -0.897573,
          -0.440345,
          1.371274
        ],
        [
          0.0,
          0.0,
          0.0,
          1.0
        ]
      ]
    },
    {
      "file_path": "/media/NFS/ttao/scannet/posed_images/scene0449_00/00127.jpg",
      "transform_matrix": [
        [
          0.833381,
          -0.254106,
          0.490821,
          0.776305
        ],
        [
          -0.551241,
          -0.317701,
          0.771491,
          0.53283
        ],
        [
          -0.040106,
          -0.913507,
          -0.40484,
          1.395919
        ],
        [
          0.0,
          0.0,
          0.0,
          1.0
        ]
      ]
    },
    {
      "file_path": "/media/NFS/ttao/scannet/posed_images/scene0449_00/00129.jpg",
      "transform_matrix": [
        [
          0.828213,
          -0.252817,
          0.500146,
          0.777383
        ],
        [
          -0.559299,
          -0.316651,
          0.766105,
          0.533723
        ],
        [
          -0.035313,
          -0.91423,
          -0.403655,
          1.397945
        ],
        [
          0.0,
          0.0,
          0.0,
          1.0
        ]
      ]
    },
    {
      "file_path": "/media/NFS/ttao/scannet/posed_images/scene0449_00/00133.jpg",
      "transform_matrix": [
        [
          0.824067,
          -0.246496,
          0.510053,
          0.781351
        ],
        [
          -0.56504,
          -0.293219,
          0.771202,
          0.530477
        ],
        [
          -0.040541,
          -0.923722,
          -0.380912,
          1.405544
        ],
        [
          0.0,
          0.0,
          0.0,
          1.0
        ]
      ]
    },
    {
      "file_path": "/media/NFS/ttao/scannet/posed_images/scene0449_00/00141.jpg",
      "transform_matrix": [
        [
          0.804087,
          -0.234618,
          0.546259,
          0.788566
        ],
        [
          -0.592836,
          -0.24748,
          0.766355,
          0.523567
        ],
        [
          -0.044613,
          -0.940057,
          -0.338086,
          1.417382
        ],
        [
          0.0,
          0.0,
          0.0,
          1.0
        ]
      ]
    },
    {
      "file_path": "/media/NFS/ttao/scannet/posed_images/scene0449_00/00144.jpg",
      "transform_matrix": [
        [
          0.799012,
          -0.242679,
          0.550169,
          0.794279
        ],
        [
          -0.599255,
          -0.245699,
          0.761922,
          0.520306
        ],
        [
          -0.049726,
          -0.938477,
          -0.341743,
          1.41391
        ],
        [
          0.0,
          0.0,
          0.0,
          1.0
        ]
      ]
    },
    {
      "file_path": "/media/NFS/ttao/scannet/posed_images/scene0449_00/00152.jpg",
      "transform_matrix": [
        [
          0.76633,
          -0.310869,
          0.562227,
          0.836495
        ],
        [
          -0.639603,
          -0.286917,
          0.713153,
          0.502883
        ],
        [
          -0.060385,
          -0.906112,
          -0.418706,
          1.380945
        ],
        [
          0.0,
          0.0,
          0.0,
          1.0
        ]
      ]
    },
    {
      "file_path": "/media/NFS/ttao/scannet/posed_images/scene0449_00/00153.jpg",
      "transform_matrix": [
        [
          0.758571,
          -0.322856,
          0.56598,
          0.842359
        ],
        [
          -0.648608,
          -0.291146,
          0.703236,
          0.499935
        ],
        [
          -0.062262,
          -0.900554,
          -0.430262,
          1.374706
        ],
        [
          0.0,
          0.0,
          0.0,
          1.0
        ]
      ]
    },
    {
      "file_path": "/media/NFS/ttao/scannet/posed_images/scene0449_00/00161.jpg",
      "transform_matrix": [
        [
          0.717266,
          -0.388789,
          0.57825,
          0.876865
        ],
        [
          -0.692271,
          -0.303143,
          0.654879,
          0.479828
        ],
        [
          -0.079317,
          -0.870028,
          -0.486581,
          1.342633
        ],
        [
          0.0,
          0.0,
          0.0,
          1.0
        ]
      ]
    },
    {
      "file_path": "/media/NFS/ttao/scannet/posed_images/scene0449_00/00164.jpg",
      "transform_matrix": [
        [
          0.707477,
          -0.409444,
          0.576049,
          0.884089
        ],
        [
          -0.700727,
          -0.300319,
          0.64714,
          0.469623
        ],
        [
          -0.091969,
          -0.86149,
          -0.499377,
          1.32808
        ],
        [
          0.0,
          0.0,
          0.0,
          1.0
        ]
      ]
    },
    {
      "file_path": "/media/NFS/ttao/scannet/posed_images/scene0449_00/00172.jpg",
      "transform_matrix": [
        [
          0.687173,
          -0.457502,
          0.564345,
          0.898399
        ],
        [
          -0.721499,
          -0.338829,
          0.60385,
          0.443189
        ],
        [
          -0.085046,
          -0.822123,
          -0.562921,
          1.27798
        ],
        [
          0.0,
          0.0,
          0.0,
          1.0
        ]
      ]
    },
    {
      "file_path": "/media/NFS/ttao/scannet/posed_images/scene0449_00/00175.jpg",
      "transform_matrix": [
        [
          0.670523,
          -0.476428,
          0.568695,
          0.906145
        ],
        [
          -0.738294,
          -0.353146,
          0.574639,
          0.433095
        ],
        [
          -0.072941,
          -0.805173,
          -0.588537,
          1.265993
        ],
        [
          0.0,
          0.0,
          0.0,
          1.0
        ]
      ]
    },
    {
      "file_path": "/media/NFS/ttao/scannet/posed_images/scene0449_00/00181.jpg",
      "transform_matrix": [
        [
          0.622508,
          -0.527288,
          0.578318,
          0.91061
        ],
        [
          -0.777615,
          -0.333349,
          0.533099,
          0.411823
        ],
        [
          -0.088315,
          -0.781567,
          -0.617539,
          1.238391
        ],
        [
          0.0,
          0.0,
          0.0,
          1.0
        ]
      ]
    },
    {
      "file_path": "/media/NFS/ttao/scannet/posed_images/scene0449_00/00189.jpg",
      "transform_matrix": [
        [
          0.586564,
          -0.586903,
          0.558111,
          0.913327
        ],
        [
          -0.804815,
          -0.345267,
          0.482766,
          0.412347
        ],
        [
          -0.090639,
          -0.73235,
          -0.67487,
          1.214661
        ],
        [
          0.0,
          0.0,
          0.0,
          1.0
        ]
      ]
    },
    {
      "file_path": "/media/NFS/ttao/scannet/posed_images/scene0449_00/00194.jpg",
      "transform_matrix": [
        [
          0.553419,
          -0.593579,
          0.584287,
          0.915498
        ],
        [
          -0.829679,
          -0.331214,
          0.449366,
          0.431394
        ],
        [
          -0.07321,
          -0.733458,
          -0.675781,
          1.228234
        ],
        [
          0.0,
          0.0,
          0.0,
          1.0
        ]
      ]
    },
    {
      "file_path": "/media/NFS/ttao/scannet/posed_images/scene0449_00/00197.jpg",
      "transform_matrix": [
        [
          0.52705,
          -0.593851,
          0.607914,
          0.918522
        ],
        [
          -0.848317,
          -0.324915,
          0.418076,
          0.449956
        ],
        [
          -0.050755,
          -0.736051,
          -0.675021,
          1.240734
        ],
        [
          0.0,
          0.0,
          0.0,
          1.0
        ]
      ]
    },
    {
      "file_path": "/media/NFS/ttao/scannet/posed_images/scene0449_00/00203.jpg",
      "transform_matrix": [
        [
          0.519399,
          -0.536659,
          0.664998,
          0.90699
        ],
        [
          -0.854237,
          -0.305637,
          0.420554,
          0.498414
        ],
        [
          -0.022446,
          -0.786501,
          -0.617181,
          1.284378
        ],
        [
          0.0,
          0.0,
          0.0,
          1.0
        ]
      ]
    },
    {
      "file_path": "/media/NFS/ttao/scannet/posed_images/scene0449_00/00206.jpg",
      "transform_matrix": [
        [
          0.512101,
          -0.505707,
          0.694271,
          0.892844
        ],
        [
          -0.858662,
          -0.281395,
          0.428389,
          0.525555
        ],
        [
          -0.021276,
          -0.815523,
          -0.578334,
          1.305911
        ],
        [
          0.0,
          0.0,
          0.0,
          1.0
        ]
      ]
    },
    {
      "file_path": "/media/NFS/ttao/scannet/posed_images/scene0449_00/00214.jpg",
      "transform_matrix": [
        [
          0.507123,
          -0.448945,
          0.735713,
          0.855695
        ],
        [
          -0.861356,
          -0.234401,
          0.450692,
          0.592107
        ],
        [
          -0.029884,
          -0.862267,
          -0.505572,
          1.340837
        ],
        [
          0.0,
          0.0,
          0.0,
          1.0
        ]
      ]
    },
    {
      "file_path": "/media/NFS/ttao/scannet/posed_images/scene0449_00/00220.jpg",
      "transform_matrix": [
        [
          0.500361,
          -0.42285,
          0.755537,
          0.848231
        ],
        [
          -0.865146,
          -0.209841,
          0.45551,
          0.615389
        ],
        [
          -0.03407,
          -0.88157,
          -0.470823,
          1.364315
        ],
        [
          0.0,
          0.0,
          0.0,
          1.0
        ]
      ]
    },
    {
      "file_path": "/media/NFS/ttao/scannet/posed_images/scene0449_00/00222.jpg",
      "transform_matrix": [
        [
          0.499943,
          -0.414448,
          0.760454,
          0.845746
        ],
        [
          -0.865433,
          -0.205714,
          0.456845,
          0.621324
        ],
        [
          -0.032902,
          -0.886518,
          -0.461522,
          1.37543
        ],
        [
          0.0,
          0.0,
          0.0,
          1.0
        ]
      ]
    },
    {
      "file_path": "/media/NFS/ttao/scannet/posed_images/scene0449_00/00229.jpg",
      "transform_matrix": [
        [
          0.509936,
          -0.367809,
          0.777613,
          0.836739
        ],
        [
          -0.859339,
          -0.177096,
          0.479764,
          0.622023
        ],
        [
          -0.038749,
          -0.912882,
          -0.406381,
          1.406498
        ],
        [
          0.0,
          0.0,
          0.0,
          1.0
        ]
      ]
    },
    {
      "file_path": "/media/NFS/ttao/scannet/posed_images/scene0449_00/00235.jpg",
      "transform_matrix": [
        [
          0.543309,
          -0.324147,
          0.774431,
          0.828166
        ],
        [
          -0.837324,
          -0.142353,
          0.527848,
          0.600678
        ],
        [
          -0.060858,
          -0.935235,
          -0.348758,
          1.431428
        ],
        [
          0.0,
          0.0,
          0.0,
          1.0
        ]
      ]
    },
    {
      "file_path": "/media/NFS/ttao/scannet/posed_images/scene0449_00/00239.jpg",
      "transform_matrix": [
        [
          0.555465,
          -0.29845,
          0.776135,
          0.828066
        ],
        [
          -0.829699,
          -0.136842,
          0.541179,
          0.587154
        ],
        [
          -0.055306,
          -0.944564,
          -0.323634,
          1.447124
        ],
        [
          0.0,
          0.0,
          0.0,
          1.0
        ]
      ]
    },
    {
      "file_path": "/media/NFS/ttao/scannet/posed_images/scene0449_00/00242.jpg",
      "transform_matrix": [
        [
          0.564413,
          -0.277057,
          0.77761,
          0.838374
        ],
        [
          -0.824161,
          -0.135654,
          0.549869,
          0.566819
        ],
        [
          -0.046859,
          -0.95123,
          -0.304905,
          1.456784
        ],
        [
          0.0,
          0.0,
          0.0,
          1.0
        ]
      ]
    },
    {
      "file_path": "/media/NFS/ttao/scannet/posed_images/scene0449_00/00248.jpg",
      "transform_matrix": [
        [
          0.573227,
          -0.243828,
          0.782278,
          0.849939
        ],
        [
          -0.817894,
          -0.112471,
          0.564269,
          0.550226
        ],
        [
          -0.049602,
          -0.963275,
          -0.263897,
          1.487171
        ],
        [
          0.0,
          0.0,
          0.0,
          1.0
        ]
      ]
    },
    {
      "file_path": "/media/NFS/ttao/scannet/posed_images/scene0449_00/00256.jpg",
      "transform_matrix": [
        [
          0.571909,
          -0.182805,
          0.799689,
          0.849644
        ],
        [
          -0.81897,
          -0.071392,
          0.569379,
          0.537828
        ],
        [
          -0.046994,
          -0.980554,
          -0.190541,
          1.519892
        ],
        [
          0.0,
          0.0,
          0.0,
          1.0
        ]
      ]
    },
    {
      "file_path": "/media/NFS/ttao/scannet/posed_images/scene0449_00/00260.jpg",
      "transform_matrix": [
        [
          0.57176,
          -0.156627,
          0.805332,
          0.845574
        ],
        [
          -0.818996,
          -0.051132,
          0.571517,
          0.536761
        ],
        [
          -0.048337,
          -0.986333,
          -0.157512,
          1.533564
        ],
        [
          0.0,
          0.0,
          0.0,
          1.0
        ]
      ]
    },
    {
      "file_path": "/media/NFS/ttao/scannet/posed_images/scene0449_00/00265.jpg",
      "transform_matrix": [
        [
          0.569112,
          -0.142123,
          0.809884,
          0.852838
        ],
        [
          -0.820847,
          -0.040474,
          0.569713,
          0.52778
        ],
        [
          -0.04819,
          -0.989021,
          -0.139695,
          1.557138
        ],
        [
          0.0,
          0.0,
          0.0,
          1.0
        ]
      ]
    },
    {
      "file_path": "/media/NFS/ttao/scannet/posed_images/scene0449_00/00271.jpg",
      "transform_matrix": [
        [
          0.537249,
          -0.129027,
          0.833496,
          0.846761
        ],
        [
          -0.841994,
          -0.024542,
          0.538928,
          0.540883
        ],
        [
          -0.049081,
          -0.991337,
          -0.121825,
          1.564327
        ],
        [
          0.0,
          0.0,
          0.0,
          1.0
        ]
      ]
    },
    {
      "file_path": "/media/NFS/ttao/scannet/posed_images/scene0449_00/00276.jpg",
      "transform_matrix": [
        [
          0.525845,
          -0.105219,
          0.844047,
          0.845495
        ],
        [
          -0.849415,
          -0.013041,
          0.527564,
          0.540091
        ],
        [
          -0.044502,
          -0.994364,
          -0.096232,
          1.57263
        ],
        [
          0.0,
          0.0,
          0.0,
          1.0
        ]
      ]
    },
    {
      "file_path": "/media/NFS/ttao/scannet/posed_images/scene0449_00/00279.jpg",
      "transform_matrix": [
        [
          0.522488,
          -0.090744,
          0.847804,
          0.840813
        ],
        [
          -0.851828,
          -0.011999,
          0.523684,
          0.543506
        ],
        [
          -0.037348,
          -0.995802,
          -0.083568,
          1.583096
        ],
        [
          0.0,
          0.0,
          0.0,
          1.0
        ]
      ]
    },
    {
      "file_path": "/media/NFS/ttao/scannet/posed_images/scene0449_00/00285.jpg",
      "transform_matrix": [
        [
          0.520375,
          -0.063731,
          0.851557,
          0.825861
        ],
        [
          -0.85347,
          -0.005784,
          0.521111,
          0.551248
        ],
        [
          -0.028286,
          -0.997951,
          -0.057402,
          1.597708
        ],
        [
          0.0,
          0.0,
          0.0,
          1.0
        ]
      ]
    },
    {
      "file_path": "/media/NFS/ttao/scannet/posed_images/scene0449_00/00290.jpg",
      "transform_matrix": [
        [
          0.523311,
          -0.038268,
          0.851282,
          0.812701
        ],
        [
          -0.851945,
          -0.001997,
          0.523628,
          0.55531
        ],
        [
          -0.018338,
          -0.999266,
          -0.033647,
          1.601807
        ],
        [
          0.0,
          0.0,
          0.0,
          1.0
        ]
      ]
    },
    {
      "file_path": "/media/NFS/ttao/scannet/posed_images/scene0449_00/00296.jpg",
      "transform_matrix": [
        [
          0.497594,
          -0.027576,
          0.866971,
          0.804686
        ],
        [
          -0.867298,
          0.000241,
          0.497789,
          0.555784
        ],
        [
          -0.013936,
          -0.99962,
          -0.023797,
          1.613857
        ],
        [
          0.0,
          0.0,
          0.0,
          1.0
        ]
      ]
    },
    {
      "file_path": "/media/NFS/ttao/scannet/posed_images/scene0449_00/00299.jpg",
      "transform_matrix": [
        [
          0.481525,
          -0.025194,
          0.87607,
          0.799478
        ],
        [
          -0.876333,
          0.001218,
          0.481704,
          0.55684
        ],
        [
          -0.013203,
          -0.999682,
          -0.021492,
          1.616688
        ],
        [
          0.0,
          0.0,
          0.0,
          1.0
        ]
      ]
    },
    {
      "file_path": "/media/NFS/ttao/scannet/posed_images/scene0449_00/00305.jpg",
      "transform_matrix": [
        [
          0.414563,
          -0.028857,
          0.909563,
          0.793223
        ],
        [
          -0.909977,
          -0.003397,
          0.414645,
          0.561447
        ],
        [
          -0.008875,
          -0.999578,
          -0.027668,
          1.609088
        ],
        [
          0.0,
          0.0,
          0.0,
          1.0
        ]
      ]
    },
    {
      "file_path": "/media/NFS/ttao/scannet/posed_images/scene0449_00/00313.jpg",
      "transform_matrix": [
        [
          0.311826,
          -0.036738,
          0.949428,
          0.784589
        ],
        [
          -0.950097,
          -0.021481,
          0.311214,
          0.562313
        ],
        [
          0.008961,
          -0.999094,
          -0.041603,
          1.612121
        ],
        [
          0.0,
          0.0,
          0.0,
          1.0
        ]
      ]
    },
    {
      "file_path": "/media/NFS/ttao/scannet/posed_images/scene0449_00/00318.jpg",
      "transform_matrix": [
        [
          0.286187,
          -0.034687,
          0.957546,
          0.772961
        ],
        [
          -0.958068,
          -0.025208,
          0.28543,
          0.553075
        ],
        [
          0.014236,
          -0.99908,
          -0.040447,
          1.617344
        ],
        [
          0.0,
          0.0,
          0.0,
          1.0
        ]
      ]
    },
    {
      "file_path": "/media/NFS/ttao/scannet/posed_images/scene0449_00/00319.jpg",
      "transform_matrix": [
        [
          0.283997,
          -0.032197,
          0.958284,
          0.770094
        ],
        [
          -0.958697,
          -0.025867,
          0.28325,
          0.553189
        ],
        [
          0.015668,
          -0.999147,
          -0.038213,
          1.618052
        ],
        [
          0.0,
          0.0,
          0.0,
          1.0
        ]
      ]
    },
    {
      "file_path": "/media/NFS/ttao/scannet/posed_images/scene0449_00/00324.jpg",
      "transform_matrix": [
        [
          0.256844,
          -0.01589,
          0.966322,
          0.758018
        ],
        [
          -0.965795,
          -0.041125,
          0.256027,
          0.543946
        ],
        [
          0.035672,
          -0.999028,
          -0.025909,
          1.602884
        ],
        [
          0.0,
          0.0,
          0.0,
          1.0
        ]
      ]
    },
    {
      "file_path": "/media/NFS/ttao/scannet/posed_images/scene0449_00/00333.jpg",
      "transform_matrix": [
        [
          0.191027,
          -0.040798,
          0.980736,
          0.749131
        ],
        [
          -0.979912,
          -0.066225,
          0.188112,
          0.529586
        ],
        [
          0.057274,
          -0.99697,
          -0.052629,
          1.604684
        ],
        [
          0.0,
          0.0,
          0.0,
          1.0
        ]
      ]
    },
    {
      "file_path": "/media/NFS/ttao/scannet/posed_images/scene0449_00/00338.jpg",
      "transform_matrix": [
        [
          0.142312,
          -0.046137,
          0.988746,
          0.744658
        ],
        [
          -0.987405,
          -0.076375,
          0.138556,
          0.54033
        ],
        [
          0.069122,
          -0.996011,
          -0.056425,
          1.59883
        ],
        [
          0.0,
          0.0,
          0.0,
          1.0
        ]
      ]
    },
    {
      "file_path": "/media/NFS/ttao/scannet/posed_images/scene0449_00/00341.jpg",
      "transform_matrix": [
        [
          0.114238,
          -0.037302,
          0.992753,
          0.737409
        ],
        [
          -0.990754,
          -0.077894,
          0.111082,
          0.564375
        ],
        [
          0.073185,
          -0.996264,
          -0.045856,
          1.589544
        ],
        [
          0.0,
          0.0,
          0.0,
          1.0
        ]
      ]
    },
    {
      "file_path": "/media/NFS/ttao/scannet/posed_images/scene0449_00/00347.jpg",
      "transform_matrix": [
        [
          0.076741,
          -0.054812,
          0.995543,
          0.730576
        ],
        [
          -0.995039,
          -0.067607,
          0.07298,
          0.629347
        ],
        [
          0.063306,
          -0.996205,
          -0.059729,
          1.583868
        ],
        [
          0.0,
          0.0,
          0.0,
          1.0
        ]
      ]
    },
    {
      "file_path": "/media/NFS/ttao/scannet/posed_images/scene0449_00/00350.jpg",
      "transform_matrix": [
        [
          0.051058,
          -0.065083,
          0.996573,
          0.726183
        ],
        [
          -0.996642,
          -0.067279,
          0.046668,
          0.661647
        ],
        [
          0.064011,
          -0.995609,
          -0.0683,
          1.583709
        ],
        [
          0.0,
          0.0,
          0.0,
          1.0
        ]
      ]
    },
    {
      "file_path": "/media/NFS/ttao/scannet/posed_images/scene0449_00/00359.jpg",
      "transform_matrix": [
        [
          -0.085193,
          -0.096462,
          0.991684,
          0.722265
        ],
        [
          -0.992847,
          -0.075342,
          -0.092621,
          0.716167
        ],
        [
          0.08365,
          -0.992481,
          -0.089354,
          1.578113
        ],
        [
          0.0,
          0.0,
          0.0,
          1.0
        ]
      ]
    },
    {
      "file_path": "/media/NFS/ttao/scannet/posed_images/scene0449_00/00364.jpg",
      "transform_matrix": [
        [
          -0.122678,
          -0.10515,
          0.98686,
          0.713235
        ],
        [
          -0.986834,
          -0.092676,
          -0.13255,
          0.724465
        ],
        [
          0.105396,
          -0.990129,
          -0.092396,
          1.572156
        ],
        [
          0.0,
          0.0,
          0.0,
          1.0
        ]
      ]
    },
    {
      "file_path": "/media/NFS/ttao/scannet/posed_images/scene0449_00/00366.jpg",
      "transform_matrix": [
        [
          -0.123728,
          -0.111926,
          0.985984,
          0.710696
        ],
        [
          -0.98707,
          -0.088155,
          -0.133871,
          0.725653
        ],
        [
          0.101903,
          -0.989799,
          -0.099571,
          1.572152
        ],
        [
          0.0,
          0.0,
          0.0,
          1.0
        ]
      ]
    },
    {
      "file_path": "/media/NFS/ttao/scannet/posed_images/scene0449_00/00375.jpg",
      "transform_matrix": [
        [
          -0.11119,
          -0.159627,
          0.980895,
          0.698008
        ],
        [
          -0.991133,
          -0.054443,
          -0.12121,
          0.7159
        ],
        [
          0.072751,
          -0.985675,
          -0.152158,
          1.532606
        ],
        [
          0.0,
          0.0,
          0.0,
          1.0
        ]
      ]
    },
    {
      "file_path": "/media/NFS/ttao/scannet/posed_images/scene0449_00/00376.jpg",
      "transform_matrix": [
        [
          -0.110172,
          -0.167508,
          0.979695,
          0.696514
        ],
        [
          -0.99158,
          -0.04897,
          -0.119881,
          0.714857
        ],
        [
          0.068056,
          -0.984654,
          -0.160702,
          1.524684
        ],
        [
          0.0,
          0.0,
          0.0,
          1.0
        ]
      ]
    },
    {
      "file_path": "/media/NFS/ttao/scannet/posed_images/scene0449_00/00381.jpg",
      "transform_matrix": [
        [
          -0.088906,
          -0.21995,
          0.971451,
          0.691435
        ],
        [
          -0.994921,
          -0.026615,
          -0.09708,
          0.705757
        ],
        [
          0.047208,
          -0.975148,
          -0.216467,
          1.501049
        ],
        [
          0.0,
          0.0,
          0.0,
          1.0
        ]
      ]
    },
    {
      "file_path": "/media/NFS/ttao/scannet/posed_images/scene0449_00/00386.jpg",
      "transform_matrix": [
        [
          -0.072833,
          -0.267725,
          0.960738,
          0.687687
        ],
        [
          -0.996457,
          -0.021081,
          -0.081416,
          0.706191
        ],
        [
          0.04205,
          -0.963265,
          -0.265241,
          1.473823
        ],
        [
          0.0,
          0.0,
          0.0,
          1.0
        ]
      ]
    },
    {
      "file_path": "/media/NFS/ttao/scannet/posed_images/scene0449_00/00395.jpg",
      "transform_matrix": [
        [
          -0.038197,
          -0.328944,
          0.943576,
          0.680489
        ],
        [
          -0.999032,
          -0.008037,
          -0.043244,
          0.710238
        ],
        [
          0.021808,
          -0.944315,
          -0.328319,
          1.443563
        ],
        [
          0.0,
          0.0,
          0.0,
          1.0
        ]
      ]
    },
    {
      "file_path": "/media/NFS/ttao/scannet/posed_images/scene0449_00/00400.jpg",
      "transform_matrix": [
        [
          -0.033591,
          -0.370898,
          0.928066,
          0.679831
        ],
        [
          -0.999387,
          0.003311,
          -0.034849,
          0.710969
        ],
        [
