{
  "frames": [
    {
      "file_path": "/media/NFS/ttao/scannet/posed_images/scene0690_01/00001.jpg",
      "transform_matrix": [
        [
          0.712773,
          0.380202,
          -0.589407,
          4.167072
        ],
        [
          0.700937,
          -0.416477,
          0.578994,
          3.661155
        ],
        [
          -0.02534,
          -0.825829,
          -0.563352,
          1.262926
        ],
        [
          0.0,
          0.0,
          0.0,
          1.0
        ]
      ]
    },
    {
      "file_path": "/media/NFS/ttao/scannet/posed_images/scene0690_01/00004.jpg",
      "transform_matrix": [
        [
          0.740298,
          0.356169,
          -0.570177,
          4.136248
        ],
        [
          0.671675,
          -0.427798,
          0.604849,
          3.671067
        ],
        [
          -0.028492,
          -0.830742,
          -0.555928,
          1.260861
        ],
        [
          0.0,
          0.0,
          0.0,
          1.0
        ]
      ]
    },
    {
      "file_path": "/media/NFS/ttao/scannet/posed_images/scene0690_01/00005.jpg",
      "transform_matrix": [
        [
          0.746077,
          0.354222,
          -0.563822,
          4.132269
        ],
        [
          0.665346,
          -0.429837,
          0.610373,
          3.67025
        ],
        [
          -0.026144,
          -0.830522,
          -0.556372,
          1.253417
        ],
        [
          0.0,
          0.0,
          0.0,
          1.0
        ]
      ]
    },
    {
      "file_path": "/media/NFS/ttao/scannet/posed_images/scene0690_01/00009.jpg",
      "transform_matrix": [
        [
          0.777203,
          0.371373,
          -0.507975,
          4.086669
        ],
        [
          0.629054,
          -0.4787,
          0.612484,
          3.678186
        ],
        [
          -0.015707,
          -0.795568,
          -0.605661,
          1.252598
        ],
        [
          0.0,
          0.0,
          0.0,
          1.0
        ]
      ]
    },
    {
      "file_path": "/media/NFS/ttao/scannet/posed_images/scene0690_01/00010.jpg",
      "transform_matrix": [
        [
          0.789651,
          0.357906,
          -0.498351,
          4.074555
        ],
        [
          0.613325,
          -0.482733,
          0.625141,
          3.68206
        ],
        [
          -0.016829,
          -0.799295,
          -0.600704,
          1.249641
        ],
        [
          0.0,
          0.0,
          0.0,
          1.0
        ]
      ]
    },
    {
      "file_path": "/media/NFS/ttao/scannet/posed_images/scene0690_01/00013.jpg",
      "transform_matrix": [
        [
          0.811642,
          0.342544,
          -0.473181,
          4.05085
        ],
        [
          0.583995,
          -0.494713,
          0.643591,
          3.687302
        ],
        [
          -0.01363,
          -0.798701,
          -0.601574,
          1.250675
        ],
        [
          0.0,
          0.0,
          0.0,
          1.0
        ]
      ]
    },
    {
      "file_path": "/media/NFS/ttao/scannet/posed_images/scene0690_01/00017.jpg",
      "transform_matrix": [
        [
          0.830027,
          0.31228,
          -0.462099,
          4.020788
        ],
        [
          0.557647,
          -0.451067,
          0.696827,
          3.695527
        ],
        [
          0.009167,
          -0.836074,
          -0.54854,
          1.276282
        ],
        [
          0.0,
          0.0,
          0.0,
          1.0
        ]
      ]
    },
    {
      "file_path": "/media/NFS/ttao/scannet/posed_images/scene0690_01/00020.jpg",
      "transform_matrix": [
        [
          0.839293,
          0.270847,
          -0.471412,
          4.011591
        ],
        [
          0.54364,
          -0.407621,
          0.73369,
          3.695122
        ],
        [
          0.00656,
          -0.872059,
          -0.489357,
          1.29639
        ],
        [
          0.0,
          0.0,
          0.0,
          1.0
        ]
      ]
    },
    {
      "file_path": "/media/NFS/ttao/scannet/posed_images/scene0690_01/00022.jpg",
      "transform_matrix": [
        [
          0.837522,
          0.260379,
          -0.480375,
          4.008718
        ],
        [
          0.546329,
          -0.384476,
          0.744113,
          3.696934
        ],
        [
          0.009059,
          -0.885653,
          -0.464259,
          1.305748
        ],
        [
          0.0,
          0.0,
          0.0,
          1.0
        ]
      ]
    },
    {
      "file_path": "/media/NFS/ttao/scannet/posed_images/scene0690_01/00025.jpg",
      "transform_matrix": [
        [
          0.832632,
          0.248115,
          -0.495138,
          4.011368
        ],
        [
          0.553588,
          -0.346692,
          0.757195,
          3.697002
        ],
        [
          0.016212,
          -0.904568,
          -0.426021,
          1.316012
        ],
        [
          0.0,
          0.0,
          0.0,
          1.0
        ]
      ]
    },
    {
      "file_path": "/media/NFS/ttao/scannet/posed_images/scene0690_01/00028.jpg",
      "transform_matrix": [
        [
          0.828326,
          0.254434,
          -0.499139,
          4.015093
        ],
        [
          0.559485,
          -0.329227,
          0.760649,
          3.697867
        ],
        [
          0.029205,
          -0.909326,
          -0.415059,
          1.317315
        ],
        [
          0.0,
          0.0,
          0.0,
          1.0
        ]
      ]
    },
    {
      "file_path": "/media/NFS/ttao/scannet/posed_images/scene0690_01/00029.jpg",
      "transform_matrix": [
        [
          0.828461,
          0.25552,
          -0.49836,
          4.015917
        ],
        [
          0.559102,
          -0.325663,
          0.762462,
          3.696561
        ],
        [
          0.032527,
          -0.910304,
          -0.412661,
          1.313413
        ],
        [
          0.0,
          0.0,
          0.0,
          1.0
        ]
      ]
    },
    {
      "file_path": "/media/NFS/ttao/scannet/posed_images/scene0690_01/00031.jpg",
      "transform_matrix": [
        [
          0.830249,
          0.261565,
          -0.49221,
          4.019022
        ],
        [
          0.556245,
          -0.33218,
          0.76174,
          3.694941
        ],
        [
          0.035743,
          -0.906223,
          -0.421286,
          1.303031
        ],
        [
          0.0,
          0.0,
          0.0,
          1.0
        ]
      ]
    },
    {
      "file_path": "/media/NFS/ttao/scannet/posed_images/scene0690_01/00034.jpg",
      "transform_matrix": [
        [
          0.828135,
          0.290612,
          -0.479308,
          4.020626
        ],
        [
          0.559212,
          -0.369776,
          0.741989,
          3.700876
        ],
        [
          0.038394,
          -0.882502,
          -0.468739,
          1.282253
        ],
        [
          0.0,
          0.0,
          0.0,
          1.0
        ]
      ]
    },
    {
      "file_path": "/media/NFS/ttao/scannet/posed_images/scene0690_01/00038.jpg",
      "transform_matrix": [
        [
          0.830072,
          0.327156,
          -0.451607,
          4.019208
        ],
        [
          0.555845,
          -0.42017,
          0.717282,
          3.708023
        ],
        [
          0.044912,
          -0.84642,
          -0.530619,
          1.260713
        ],
        [
          0.0,
          0.0,
          0.0,
          1.0
        ]
      ]
    },
    {
      "file_path": "/media/NFS/ttao/scannet/posed_images/scene0690_01/00039.jpg",
      "transform_matrix": [
        [
          0.830686,
          0.332718,
          -0.446385,
          4.018779
        ],
        [
          0.555053,
          -0.432534,
          0.710514,
          3.710079
        ],
        [
          0.043324,
          -0.837981,
          -0.543976,
          1.255881
        ],
        [
          0.0,
          0.0,
          0.0,
          1.0
        ]
      ]
    },
    {
      "file_path": "/media/NFS/ttao/scannet/posed_images/scene0690_01/00043.jpg",
      "transform_matrix": [
        [
          0.833374,
          0.346788,
          -0.430378,
          4.025204
        ],
        [
          0.551841,
          -0.478436,
          0.68306,
          3.708684
        ],
        [
          0.030969,
          -0.806744,
          -0.590089,
          1.231145
        ],
        [
          0.0,
          0.0,
          0.0,
          1.0
        ]
      ]
    },
    {
      "file_path": "/media/NFS/ttao/scannet/posed_images/scene0690_01/00045.jpg",
      "transform_matrix": [
        [
          0.8378,
          0.352013,
          -0.417347,
          4.028619
        ],
        [
          0.545026,
          -0.494127,
          0.677337,
          3.710539
        ],
        [
          0.032209,
          -0.794937,
          -0.605836,
          1.222329
        ],
        [
          0.0,
          0.0,
          0.0,
          1.0
        ]
      ]
    },
    {
      "file_path": "/media/NFS/ttao/scannet/posed_images/scene0690_01/00049.jpg",
      "transform_matrix": [
        [
          0.851202,
          0.353813,
          -0.387649,
          4.034484
        ],
        [
          0.523981,
          -0.530705,
          0.66618,
          3.710381
        ],
        [
          0.029976,
          -0.770174,
          -0.637129,
          1.201078
        ],
        [
          0.0,
          0.0,
          0.0,
          1.0
        ]
      ]
    },
    {
      "file_path": "/media/NFS/ttao/scannet/posed_images/scene0690_01/00052.jpg",
      "transform_matrix": [
        [
          0.863571,
          0.350363,
          -0.362617,
          4.038108
        ],
        [
          0.503551,
          -0.562027,
          0.656172,
          3.712399
        ],
        [
          0.026098,
          -0.749248,
          -0.661776,
          1.191567
        ],
        [
          0.0,
          0.0,
          0.0,
          1.0
        ]
      ]
    },
    {
      "file_path": "/media/NFS/ttao/scannet/posed_images/scene0690_01/00054.jpg",
      "transform_matrix": [
        [
          0.873013,
          0.346084,
          -0.34362,
          4.039656
        ],
        [
          0.486927,
          -0.578939,
          0.654012,
          3.710291
        ],
        [
          0.027408,
          -0.738278,
          -0.673939,
          1.183517
        ],
        [
          0.0,
          0.0,
          0.0,
          1.0
        ]
      ]
    },
    {
      "file_path": "/media/NFS/ttao/scannet/posed_images/scene0690_01/00057.jpg",
      "transform_matrix": [
        [
          0.886205,
          0.33736,
          -0.317537,
          4.03769
        ],
        [
          0.462237,
          -0.597556,
          0.655182,
          3.715818
        ],
        [
          0.031286,
          -0.727403,
          -0.685497,
          1.184923
        ],
        [
          0.0,
          0.0,
          0.0,
          1.0
        ]
      ]
    },
    {
      "file_path": "/media/NFS/ttao/scannet/posed_images/scene0690_01/00058.jpg",
      "transform_matrix": [
        [
          0.890395,
          0.332937,
          -0.310402,
          4.035664
        ],
        [
          0.453945,
          -0.599113,
          0.659543,
          3.718519
        ],
        [
          0.033621,
          -0.72816,
          -0.684583,
          1.189025
        ],
        [
          0.0,
          0.0,
          0.0,
          1.0
        ]
      ]
    },
    {
      "file_path": "/media/NFS/ttao/scannet/posed_images/scene0690_01/00060.jpg",
      "transform_matrix": [
        [
          0.898451,
          0.321092,
          -0.299475,
          4.034915
        ],
        [
          0.437553,
          -0.59804,
          0.671488,
          3.725428
        ],
        [
          0.036511,
          -0.734335,
          -0.677804,
          1.203924
        ],
        [
          0.0,
          0.0,
          0.0,
          1.0
        ]
      ]
    },
    {
      "file_path": "/media/NFS/ttao/scannet/posed_images/scene0690_01/00063.jpg",
      "transform_matrix": [
        [
          0.912583,
          0.290857,
          -0.287393,
          4.036677
        ],
        [
          0.406976,
          -0.578152,
          0.707185,
          3.734321
        ],
        [
          0.039533,
          -0.762327,
          -0.645983,
          1.222139
        ],
        [
          0.0,
          0.0,
          0.0,
          1.0
        ]
      ]
    },
    {
      "file_path": "/media/NFS/ttao/scannet/posed_images/scene0690_01/00067.jpg",
      "transform_matrix": [
        [
          0.92882,
          0.253715,
          -0.270039,
          4.040938
        ],
        [
          0.367607,
          -0.539615,
          0.757417,
          3.742082
        ],
        [
          0.046451,
          -0.802773,
          -0.594473,
          1.246073
        ],
        [
          0.0,
          0.0,
          0.0,
          1.0
        ]
      ]
    },
    {
      "file_path": "/media/NFS/ttao/scannet/posed_images/scene0690_01/00070.jpg",
      "transform_matrix": [
        [
          0.939907,
          0.232382,
          -0.250146,
          4.043197
        ],
        [
          0.336742,
          -0.509943,
          0.791557,
          3.749063
        ],
        [
          0.056384,
          -0.828225,
          -0.557552,
          1.260655
        ],
        [
          0.0,
          0.0,
          0.0,
          1.0
        ]
      ]
    },
    {
      "file_path": "/media/NFS/ttao/scannet/posed_images/scene0690_01/00072.jpg",
      "transform_matrix": [
        [
          0.947127,
          0.215347,
          -0.237858,
          4.043767
        ],
        [
          0.315821,
          -0.494829,
          0.809569,
          3.751778
        ],
        [
          0.056639,
          -0.841885,
          -0.536676,
          1.268432
        ],
        [
          0.0,
          0.0,
          0.0,
          1.0
        ]
      ]
    },
    {
      "file_path": "/media/NFS/ttao/scannet/posed_images/scene0690_01/00075.jpg",
      "transform_matrix": [
        [
          0.956368,
          0.188332,
          -0.223363,
          4.045821
        ],
        [
          0.28756,
          -0.471574,
          0.833623,
          3.755605
        ],
        [
          0.051666,
          -0.86148,
          -0.505156,
          1.284563
        ],
        [
          0.0,
          0.0,
          0.0,
          1.0
        ]
      ]
    },
    {
      "file_path": "/media/NFS/ttao/scannet/posed_images/scene0690_01/00078.jpg",
      "transform_matrix": [
        [
          0.965162,
          0.166264,
          -0.202035,
          4.048906
        ],
        [
          0.256539,
          -0.449406,
          0.8557,
          3.75584
        ],
        [
          0.051476,
          -0.877719,
          -0.476403,
          1.295579
        ],
        [
          0.0,
          0.0,
          0.0,
          1.0
        ]
      ]
    },
    {
      "file_path": "/media/NFS/ttao/scannet/posed_images/scene0690_01/00080.jpg",
      "transform_matrix": [
        [
          0.971594,
          0.151159,
          -0.182088,
          4.050038
        ],
        [
          0.231229,
          -0.44256,
          0.866414,
          3.759594
        ],
        [
          0.050382,
          -0.883907,
          -0.464941,
          1.301968
        ],
        [
          0.0,
          0.0,
          0.0,
          1.0
        ]
      ]
    },
    {
      "file_path": "/media/NFS/ttao/scannet/posed_images/scene0690_01/00083.jpg",
      "transform_matrix": [
        [
          0.982737,
          0.123946,
          -0.137348,
          4.049714
        ],
        [
          0.178209,
          -0.434828,
          0.882704,
          3.760018
        ],
        [
          0.049685,
          -0.891943,
          -0.449409,
          1.307126
        ],
        [
          0.0,
          0.0,
          0.0,
          1.0
        ]
      ]
    },
    {
      "file_path": "/media/NFS/ttao/scannet/posed_images/scene0690_01/00086.jpg",
      "transform_matrix": [
        [
          0.988715,
          0.111112,
          -0.100479,
          4.053839
        ],
        [
          0.13944,
          -0.437432,
          0.888375,
          3.762406
        ],
        [
          0.054756,
          -0.892361,
          -0.447989,
          1.30238
        ],
        [
          0.0,
          0.0,
          0.0,
          1.0
        ]
      ]
    },
    {
      "file_path": "/media/NFS/ttao/scannet/posed_images/scene0690_01/00087.jpg",
      "transform_matrix": [
        [
          0.990213,
          0.107683,
          -0.088784,
          4.053432
        ],
        [
          0.127548,
          -0.439987,
          0.8889,
          3.762352
        ],
        [
          0.056656,
          -0.891524,
          -0.449416,
          1.299411
        ],
        [
          0.0,
          0.0,
          0.0,
          1.0
        ]
      ]
    },
    {
      "file_path": "/media/NFS/ttao/scannet/posed_images/scene0690_01/00090.jpg",
      "transform_matrix": [
        [
          0.993866,
          0.089852,
          -0.064467,
          4.065548
        ],
        [
          0.098178,
          -0.448606,
          0.888321,
          3.770095
        ],
        [
          0.050897,
          -0.889202,
          -0.454676,
          1.284462
        ],
        [
          0.0,
          0.0,
          0.0,
          1.0
        ]
      ]
    },
    {
      "file_path": "/media/NFS/ttao/scannet/posed_images/scene0690_01/00093.jpg",
      "transform_matrix": [
        [
          0.995133,
          0.0874,
          -0.045508,
          4.076615
        ],
        [
          0.08173,
          -0.474112,
          0.876663,
          3.781734
        ],
        [
          0.055044,
          -0.876116,
          -0.478948,
          1.274
        ],
        [
          0.0,
          0.0,
          0.0,
          1.0
        ]
      ]
    },
    {
      "file_path": "/media/NFS/ttao/scannet/posed_images/scene0690_01/00096.jpg",
      "transform_matrix": [
        [
          0.995782,
          0.087794,
          -0.026634,
          4.087388
        ],
        [
          0.066714,
          -0.49364,
          0.867103,
          3.80019
        ],
        [
          0.062979,
          -0.865223,
          -0.497415,
          1.27499
        ],
        [
          0.0,
          0.0,
          0.0,
          1.0
        ]
      ]
    },
    {
      "file_path": "/media/NFS/ttao/scannet/posed_images/scene0690_01/00098.jpg",
      "transform_matrix": [
        [
          0.996271,
          0.083406,
          -0.022068,
          4.098529
        ],
        [
          0.059555,
          -0.479774,
          0.875368,
          3.818804
        ],
        [
          0.062423,
          -0.873419,
          -0.482952,
          1.295438
        ],
        [
          0.0,
          0.0,
          0.0,
          1.0
        ]
      ]
    },
    {
      "file_path": "/media/NFS/ttao/scannet/posed_images/scene0690_01/00102.jpg",
      "transform_matrix": [
        [
          0.997717,
          0.065992,
          -0.014336,
          4.112395
        ],
        [
          0.039116,
          -0.391686,
          0.919267,
          3.815881
        ],
        [
          0.055049,
          -0.917729,
          -0.393373,
          1.312101
        ],
        [
          0.0,
          0.0,
          0.0,
          1.0
        ]
      ]
    },
    {
      "file_path": "/media/NFS/ttao/scannet/posed_images/scene0690_01/00105.jpg",
      "transform_matrix": [
        [
          0.997896,
          0.060417,
          -0.023522,
          4.125556
        ],
        [
          0.042878,
          -0.342856,
          0.938409,
          3.810113
        ],
        [
          0.048631,
          -0.937443,
          -0.344725,
          1.313697
        ],
        [
          0.0,
          0.0,
          0.0,
          1.0
        ]
      ]
    },
    {
      "file_path": "/media/NFS/ttao/scannet/posed_images/scene0690_01/00106.jpg",
      "transform_matrix": [
        [
          0.997956,
          0.058933,
          -0.024705,
          4.131961
        ],
        [
          0.043229,
          -0.337907,
          0.940186,
          3.807017
        ],
        [
          0.04706,
          -0.939333,
          -0.339764,
          1.307209
        ],
        [
          0.0,
          0.0,
          0.0,
          1.0
        ]
      ]
    },
    {
      "file_path": "/media/NFS/ttao/scannet/posed_images/scene0690_01/00108.jpg",
      "transform_matrix": [
        [
          0.998152,
          0.058545,
          -0.016293,
          4.139909
        ],
        [
          0.0355,
          -0.344145,
          0.938245,
          3.807566
        ],
        [
          0.049323,
          -0.937089,
          -0.345587,
          1.292481
        ],
        [
          0.0,
          0.0,
          0.0,
          1.0
        ]
      ]
    },
    {
      "file_path": "/media/NFS/ttao/scannet/posed_images/scene0690_01/00111.jpg",
      "transform_matrix": [
        [
          0.998854,
          0.047852,
          0.001066,
          4.157873
        ],
        [
          0.017357,
          -0.382874,
          0.923638,
          3.81321
        ],
        [
          0.044606,
          -0.922561,
          -0.383265,
          1.267911
        ],
        [
          0.0,
          0.0,
          0.0,
          1.0
        ]
      ]
    },
    {
      "file_path": "/media/NFS/ttao/scannet/posed_images/scene0690_01/00114.jpg",
      "transform_matrix": [
        [
          0.999188,
          0.032434,
          0.023901,
          4.170375
        ],
        [
          -0.007778,
          -0.42678,
          0.904322,
          3.824751
        ],
        [
          0.039531,
          -0.903774,
          -0.426181,
          1.258812
        ],
        [
          0.0,
          0.0,
          0.0,
          1.0
        ]
      ]
    },
    {
      "file_path": "/media/NFS/ttao/scannet/posed_images/scene0690_01/00118.jpg",
      "transform_matrix": [
        [
          0.998057,
          0.00839,
          0.061738,
          4.184877
        ],
        [
          -0.050489,
          -0.471715,
          0.880304,
          3.837136
        ],
        [
          0.036508,
          -0.881711,
          -0.470375,
          1.237796
        ],
        [
          0.0,
          0.0,
          0.0,
          1.0
        ]
      ]
    },
    {
      "file_path": "/media/NFS/ttao/scannet/posed_images/scene0690_01/00119.jpg",
      "transform_matrix": [
        [
          0.9974,
          -0.000842,
          0.072061,
          4.188736
        ],
        [
          -0.063556,
          -0.481657,
          0.874052,
          3.839005
        ],
        [
          0.033972,
          -0.87636,
          -0.480458,
          1.232358
        ],
        [
          0.0,
          0.0,
          0.0,
          1.0
        ]
      ]
    },
    {
      "file_path": "/media/NFS/ttao/scannet/posed_images/scene0690_01/00123.jpg",
      "transform_matrix": [
        [
          0.993083,
          -0.039144,
          0.110692,
          4.199459
        ],
        [
          -0.114413,
          -0.534265,
          0.837538,
          3.850611
        ],
        [
          0.026354,
          -0.84441,
          -0.535048,
          1.206616
        ],
        [
          0.0,
          0.0,
          0.0,
          1.0
        ]
      ]
    },
    {
      "file_path": "/media/NFS/ttao/scannet/posed_images/scene0690_01/00126.jpg",
      "transform_matrix": [
        [
          0.988446,
          -0.063183,
          0.137777,
          4.202935
        ],
        [
          -0.149036,
          -0.57077,
          0.807471,
          3.858688
        ],
        [
          0.02762,
          -0.818675,
          -0.573592,
          1.190855
        ],
        [
          0.0,
          0.0,
          0.0,
          1.0
        ]
      ]
    },
    {
      "file_path": "/media/NFS/ttao/scannet/posed_images/scene0690_01/00128.jpg",
      "transform_matrix": [
        [
          0.984213,
          -0.078036,
          0.158853,
          4.205927
        ],
        [
          -0.173767,
          -0.596474,
          0.783597,
          3.868896
        ],
        [
          0.033603,
          -0.79883,
          -0.600617,
          1.185578
        ],
        [
          0.0,
          0.0,
          0.0,
          1.0
        ]
      ]
    },
    {
      "file_path": "/media/NFS/ttao/scannet/posed_images/scene0690_01/00131.jpg",
      "transform_matrix": [
        [
          0.974529,
          -0.112217,
          0.194168,
          4.195469
        ],
        [
          -0.221415,
          -0.618979,
          0.753552,
          3.875207
        ],
        [
          0.035624,
          -0.777349,
          -0.62806,
          1.168006
        ],
        [
          0.0,
          0.0,
          0.0,
          1.0
        ]
      ]
    },
    {
      "file_path": "/media/NFS/ttao/scannet/posed_images/scene0690_01/00134.jpg",
      "transform_matrix": [
        [
          0.966768,
          -0.149657,
          0.207275,
          4.202673
        ],
        [
          -0.254563,
          -0.638415,
          0.726378,
          3.897362
        ],
        [
          0.02362,
          -0.755003,
          -0.655296,
          1.176977
        ],
        [
          0.0,
          0.0,
          0.0,
          1.0
        ]
      ]
    },
    {
      "file_path": "/media/NFS/ttao/scannet/posed_images/scene0690_01/00135.jpg",
      "transform_matrix": [
        [
          0.964524,
          -0.15915,
          0.210628,
          4.205937
        ],
        [
          -0.263276,
          -0.638681,
          0.72303,
          3.903685
        ],
        [
          0.019454,
          -0.752833,
          -0.657924,
          1.18168
        ],
        [
          0.0,
          0.0,
          0.0,
          1.0
        ]
      ]
    },
    {
      "file_path": "/media/NFS/ttao/scannet/posed_images/scene0690_01/00137.jpg",
      "transform_matrix": [
        [
          0.958817,
          -0.172579,
          0.225577,
          4.212053
        ],
        [
          -0.283466,
          -0.631146,
          0.722013,
          3.917852
        ],
        [
          0.017768,
          -0.756222,
          -0.654074,
          1.195489
        ],
        [
          0.0,
          0.0,
          0.0,
          1.0
        ]
      ]
    },
    {
      "file_path": "/media/NFS/ttao/scannet/posed_images/scene0690_01/00140.jpg",
      "transform_matrix": [
        [
          0.948021,
          -0.1858,
          0.258331,
          4.209062
        ],
        [
          -0.317715,
          -0.597906,
          0.735912,
          3.9265
        ],
        [
          0.017725,
          -0.779735,
          -0.625858,
          1.220504
        ],
        [
          0.0,
          0.0,
          0.0,
          1.0
        ]
      ]
    },
    {
      "file_path": "/media/NFS/ttao/scannet/posed_images/scene0690_01/00143.jpg",
      "transform_matrix": [
        [
          0.940219,
          -0.17789,
          0.29042,
          4.208079
        ],
        [
          -0.339732,
          -0.549717,
          0.763147,
          3.930892
        ],
        [
          0.023892,
          -0.81619,
          -0.577289,
          1.237954
        ],
        [
          0.0,
          0.0,
          0.0,
          1.0
        ]
      ]
    },
    {
      "file_path": "/media/NFS/ttao/scannet/posed_images/scene0690_01/00147.jpg",
      "transform_matrix": [
        [
          0.924603,
          -0.162705,
          0.344435,
          4.198925
        ],
        [
          -0.379274,
          -0.47746,
          0.79258,
          3.939293
        ],
        [
          0.035497,
          -0.863457,
          -0.503171,
          1.261284
        ],
        [
          0.0,
          0.0,
          0.0,
          1.0
        ]
      ]
    },
    {
      "file_path": "/media/NFS/ttao/scannet/posed_images/scene0690_01/00148.jpg",
      "transform_matrix": [
        [
          0.921616,
          -0.162327,
          0.352525,
          4.196905
        ],
        [
          -0.38654,
          -0.465364,
          0.796256,
          3.943064
        ],
        [
          0.034799,
          -0.870107,
          -0.491633,
          1.268764
        ],
        [
          0.0,
          0.0,
          0.0,
          1.0
        ]
      ]
    },
    {
      "file_path": "/media/NFS/ttao/scannet/posed_images/scene0690_01/00152.jpg",
      "transform_matrix": [
        [
          0.910996,
          -0.152523,
          0.383174,
          4.197685
        ],
        [
          -0.410909,
          -0.414994,
          0.811747,
          3.944234
        ],
        [
          0.035205,
          -0.896949,
          -0.440731,
          1.28761
        ],
        [
          0.0,
          0.0,
          0.0,
          1.0
        ]
      ]
    },
    {
      "file_path": "/media/NFS/ttao/scannet/posed_images/scene0690_01/00155.jpg",
      "transform_matrix": [
        [
          0.90084,
          -0.146186,
          0.4088,
          4.188942
        ],
        [
          -0.432433,
          -0.385817,
          0.814952,
          3.946382
        ],
        [
          0.038588,
          -0.91092,
          -0.410775,
          1.292841
        ],
        [
          0.0,
          0.0,
          0.0,
          1.0
        ]
      ]
    },
    {
      "file_path": "/media/NFS/ttao/scannet/posed_images/scene0690_01/00158.jpg",
      "transform_matrix": [
        [
          0.897521,
          -0.142127,
          0.41744,
          4.189999
        ],
        [
          -0.439629,
          -0.362214,
          0.821905,
          3.945413
        ],
        [
          0.034388,
          -0.921195,
          -0.387578,
          1.300488
        ],
        [
          0.0,
          0.0,
          0.0,
          1.0
        ]
      ]
    },
    {
      "file_path": "/media/NFS/ttao/scannet/posed_images/scene0690_01/00160.jpg",
      "transform_matrix": [
        [
          0.89307,
          -0.140659,
          0.427366,
          4.193614
        ],
        [
          -0.448518,
          -0.353217,
          0.821017,
          3.942111
        ],
        [
          0.03547,
          -0.924907,
          -0.378536,
          1.298123
        ],
        [
          0.0,
          0.0,
          0.0,
          1.0
        ]
      ]
    },
    {
      "file_path": "/media/NFS/ttao/scannet/posed_images/scene0690_01/00161.jpg",
      "transform_matrix": [
        [
          0.889929,
          -0.141401,
          0.433627,
          4.194133
        ],
        [
          -0.454629,
          -0.351289,
          0.81848,
          3.942274
        ],
        [
          0.036595,
          -0.925528,
          -0.376907,
          1.294037
        ],
        [
          0.0,
          0.0,
          0.0,
          1.0
        ]
      ]
    },
    {
      "file_path": "/media/NFS/ttao/scannet/posed_images/scene0690_01/00165.jpg",
      "transform_matrix": [
        [
          0.876019,
          -0.152463,
          0.457543,
          4.189886
        ],
        [
          -0.48036,
          -0.360324,
          0.799638,
          3.953637
        ],
        [
          0.042948,
          -0.920284,
          -0.388887,
          1.281324
        ],
        [
          0.0,
          0.0,
          0.0,
          1.0
        ]
      ]
    },
    {
      "file_path": "/media/NFS/ttao/scannet/posed_images/scene0690_01/00166.jpg",
      "transform_matrix": [
        [
          0.871526,
          -0.154448,
          0.465389,
          4.186488
        ],
        [
          -0.488227,
          -0.361513,
          0.794319,
          3.956604
        ],
        [
          0.045563,
          -0.919486,
          -0.390474,
          1.275996
        ],
        [
          0.0,
          0.0,
          0.0,
          1.0
        ]
      ]
    },
    {
      "file_path": "/media/NFS/ttao/scannet/posed_images/scene0690_01/00171.jpg",
      "transform_matrix": [
        [
          0.858835,
          -0.179814,
          0.479655,
          4.201167
        ],
        [
          -0.510595,
          -0.375763,
          0.773366,
          3.970019
        ],
        [
          0.041174,
          -0.909103,
          -0.41453,
          1.262477
        ],
        [
          0.0,
          0.0,
          0.0,
          1.0
        ]
      ]
    },
    {
      "file_path": "/media/NFS/ttao/scannet/posed_images/scene0690_01/00172.jpg",
      "transform_matrix": [
        [
          0.858037,
          -0.183632,
          0.479638,
          4.204252
        ],
        [
          -0.51232,
          -0.371647,
          0.774214,
          3.971538
        ],
        [
          0.036086,
          -0.910032,
          -0.412965,
          1.258064
        ],
        [
          0.0,
          0.0,
          0.0,
          1.0
        ]
      ]
    },
    {
      "file_path": "/media/NFS/ttao/scannet/posed_images/scene0690_01/00175.jpg",
      "transform_matrix": [
        [
          0.85385,
          -0.194959,
          0.48263,
          4.217241
        ],
        [
          -0.519901,
          -0.364622,
          0.772499,
          3.978772
        ],
        [
          0.025372,
          -0.910518,
          -0.412691,
          1.243166
        ],
        [
          0.0,
          0.0,
          0.0,
          1.0
        ]
      ]
    },
    {
      "file_path": "/media/NFS/ttao/scannet/posed_images/scene0690_01/00177.jpg",
      "transform_matrix": [
        [
          0.848147,
          -0.199773,
          0.49065,
          4.221071
        ],
        [
          -0.529403,
          -0.353679,
          0.771132,
          3.984402
        ],
        [
          0.019481,
          -0.913784,
          -0.405732,
          1.227243
        ],
        [
          0.0,
          0.0,
          0.0,
          1.0
        ]
      ]
    },
    {
      "file_path": "/media/NFS/ttao/scannet/posed_images/scene0690_01/00181.jpg",
      "transform_matrix": [
        [
          0.846202,
          -0.245657,
          0.472859,
          4.23462
        ],
        [
          -0.532747,
          -0.371507,
          0.760371,
          3.994105
        ],
        [
          -0.01112,
          -0.895341,
          -0.445243,
          1.201775
        ],
        [
          0.0,
          0.0,
          0.0,
          1.0
        ]
      ]
    },
    {
      "file_path": "/media/NFS/ttao/scannet/posed_images/scene0690_01/00182.jpg",
      "transform_matrix": [
        [
          0.845365,
          -0.253474,
          0.470223,
          4.24149
        ],
        [
          -0.534032,
          -0.379612,
          0.75545,
          3.999588
        ],
        [
          -0.012984,
          -0.889745,
          -0.456274,
          1.200709
        ],
        [
          0.0,
          0.0,
          0.0,
          1.0
        ]
      ]
    },
    {
      "file_path": "/media/NFS/ttao/scannet/posed_images/scene0690_01/00186.jpg",
      "transform_matrix": [
        [
          0.832478,
          -0.277094,
          0.479791,
          4.255441
        ],
        [
          -0.554046,
          -0.410479,
          0.724252,
          4.007155
        ],
        [
          -0.003742,
          -0.86875,
          -0.495237,
          1.163722
        ],
        [
          0.0,
          0.0,
          0.0,
          1.0
        ]
      ]
    },
    {
      "file_path": "/media/NFS/ttao/scannet/posed_images/scene0690_01/00188.jpg",
      "transform_matrix": [
        [
          0.825786,
          -0.29416,
          0.481194,
          4.259822
        ],
        [
          -0.563964,
          -0.423638,
          0.708855,
          4.009882
        ],
        [
          -0.004664,
          -0.856738,
          -0.51573,
          1.142251
        ],
        [
          0.0,
          0.0,
          0.0,
          1.0
        ]
      ]
    },
    {
      "file_path": "/media/NFS/ttao/scannet/posed_images/scene0690_01/00192.jpg",
      "transform_matrix": [
        [
          0.823286,
          -0.338692,
          0.455508,
          4.284177
        ],
        [
          -0.567505,
          -0.474509,
          0.672889,
          4.030315
        ],
        [
          -0.011759,
          -0.812483,
          -0.582866,
          1.125139
        ],
        [
          0.0,
          0.0,
          0.0,
          1.0
        ]
      ]
    },
    {
      "file_path": "/media/NFS/ttao/scannet/posed_images/scene0690_01/00193.jpg",
      "transform_matrix": [
        [
          0.822742,
          -0.338182,
          0.456868,
          4.29453
        ],
        [
          -0.568389,
          -0.481776,
          0.666952,
          4.03893
        ],
        [
          -0.005443,
          -0.808409,
          -0.588596,
          1.126875
        ],
        [
          0.0,
          0.0,
          0.0,
          1.0
        ]
      ]
    },
    {
      "file_path": "/media/NFS/ttao/scannet/posed_images/scene0690_01/00197.jpg",
      "transform_matrix": [
        [
          0.812211,
          -0.306102,
          0.496603,
          4.305723
        ],
        [
          -0.582919,
          -0.459077,
          0.670413,
          4.054921
        ],
        [
          0.022764,
          -0.833996,
          -0.551301,
          1.114107
        ],
        [
          0.0,
          0.0,
          0.0,
          1.0
        ]
      ]
    },
    {
      "file_path": "/media/NFS/ttao/scannet/posed_images/scene0690_01/00200.jpg",
      "transform_matrix": [
        [
          0.807041,
          -0.319653,
          0.496495,
          4.311539
        ],
        [
          -0.590341,
          -0.455966,
          0.666028,
          4.054561
        ],
        [
          0.013487,
          -0.830613,
          -0.556687,
          1.103232
        ],
        [
          0.0,
          0.0,
          0.0,
          1.0
        ]
      ]
    },
    {
      "file_path": "/media/NFS/ttao/scannet/posed_images/scene0690_01/00201.jpg",
      "transform_matrix": [
        [
          0.804336,
          -0.326962,
          0.496125,
          4.314984
        ],
        [
          -0.594118,
          -0.454167,
          0.663895,
          4.057714
        ],
        [
          0.008255,
          -0.828751,
          -0.559556,
          1.105764
        ],
        [
          0.0,
          0.0,
          0.0,
          1.0
        ]
      ]
    },
    {
      "file_path": "/media/NFS/ttao/scannet/posed_images/scene0690_01/00204.jpg",
      "transform_matrix": [
        [
          0.79511,
          -0.34374,
          0.499642,
          4.319736
        ],
        [
          -0.606394,
          -0.438016,
          0.663648,
          4.04925
        ],
        [
          -0.009271,
          -0.830653,
          -0.556713,
          1.092641
        ],
        [
          0.0,
          0.0,
