{
  "frames": [
    {
      "file_path": "/media/NFS/ttao/scannet/posed_images/scene0164_03/00002.jpg",
      "transform_matrix": [
        [
          0.963196,
          -0.052398,
          0.263645,
          1.707141
        ],
        [
          -0.26661,
          -0.311196,
          0.912182,
          1.651435
        ],
        [
          0.034249,
          -0.9489,
          -0.313713,
          1.367141
        ],
        [
          0.0,
          0.0,
          0.0,
          1.0
        ]
      ]
    },
    {
      "file_path": "/media/NFS/ttao/scannet/posed_images/scene0164_03/00003.jpg",
      "transform_matrix": [
        [
          0.96326,
          -0.053098,
          0.263272,
          1.707882
        ],
        [
          -0.266472,
          -0.311329,
          0.912177,
          1.651609
        ],
        [
          0.033529,
          -0.948818,
          -0.31404,
          1.367184
        ],
        [
          0.0,
          0.0,
          0.0,
          1.0
        ]
      ]
    },
    {
      "file_path": "/media/NFS/ttao/scannet/posed_images/scene0164_03/00007.jpg",
      "transform_matrix": [
        [
          0.963777,
          -0.061818,
          0.259449,
          1.712474
        ],
        [
          -0.265524,
          -0.314086,
          0.911509,
          1.651492
        ],
        [
          0.025142,
          -0.94738,
          -0.319122,
          1.364694
        ],
        [
          0.0,
          0.0,
          0.0,
          1.0
        ]
      ]
    },
    {
      "file_path": "/media/NFS/ttao/scannet/posed_images/scene0164_03/00010.jpg",
      "transform_matrix": [
        [
          0.963993,
          -0.070868,
          0.256313,
          1.716048
        ],
        [
          -0.265004,
          -0.336347,
          0.903684,
          1.65477
        ],
        [
          0.022167,
          -0.939068,
          -0.343016,
          1.361294
        ],
        [
          0.0,
          0.0,
          0.0,
          1.0
        ]
      ]
    },
    {
      "file_path": "/media/NFS/ttao/scannet/posed_images/scene0164_03/00017.jpg",
      "transform_matrix": [
        [
          0.964941,
          -0.101213,
          0.242168,
          1.730375
        ],
        [
          -0.262011,
          -0.425861,
          0.866021,
          1.657496
        ],
        [
          0.015477,
          -0.89911,
          -0.437449,
          1.318896
        ],
        [
          0.0,
          0.0,
          0.0,
          1.0
        ]
      ]
    },
    {
      "file_path": "/media/NFS/ttao/scannet/posed_images/scene0164_03/00018.jpg",
      "transform_matrix": [
        [
          0.96494,
          -0.103746,
          0.241098,
          1.730709
        ],
        [
          -0.261976,
          -0.437117,
          0.860405,
          1.656793
        ],
        [
          0.016125,
          -0.893401,
          -0.448971,
          1.312022
        ],
        [
          0.0,
          0.0,
          0.0,
          1.0
        ]
      ]
    },
    {
      "file_path": "/media/NFS/ttao/scannet/posed_images/scene0164_03/00025.jpg",
      "transform_matrix": [
        [
          0.966466,
          -0.130101,
          0.2214,
          1.740032
        ],
        [
          -0.256708,
          -0.512042,
          0.819704,
          1.651189
        ],
        [
          0.006722,
          -0.849051,
          -0.528268,
          1.280623
        ],
        [
          0.0,
          0.0,
          0.0,
          1.0
        ]
      ]
    },
    {
      "file_path": "/media/NFS/ttao/scannet/posed_images/scene0164_03/00028.jpg",
      "transform_matrix": [
        [
          0.967396,
          -0.127798,
          0.218664,
          1.740215
        ],
        [
          -0.253077,
          -0.521582,
          0.814803,
          1.645139
        ],
        [
          0.009921,
          -0.843575,
          -0.536919,
          1.273536
        ],
        [
          0.0,
          0.0,
          0.0,
          1.0
        ]
      ]
    },
    {
      "file_path": "/media/NFS/ttao/scannet/posed_images/scene0164_03/00030.jpg",
      "transform_matrix": [
        [
          0.969587,
          -0.122175,
          0.212071,
          1.7398
        ],
        [
          -0.244478,
          -0.524059,
          0.815839,
          1.639959
        ],
        [
          0.011462,
          -0.842874,
          -0.537989,
          1.270463
        ],
        [
          0.0,
          0.0,
          0.0,
          1.0
        ]
      ]
    },
    {
      "file_path": "/media/NFS/ttao/scannet/posed_images/scene0164_03/00032.jpg",
      "transform_matrix": [
        [
          0.971296,
          -0.112639,
          0.209515,
          1.737377
        ],
        [
          -0.237368,
          -0.516404,
          0.82279,
          1.636875
        ],
        [
          0.015516,
          -0.848905,
          -0.528318,
          1.269993
        ],
        [
          0.0,
          0.0,
          0.0,
          1.0
        ]
      ]
    },
    {
      "file_path": "/media/NFS/ttao/scannet/posed_images/scene0164_03/00037.jpg",
      "transform_matrix": [
        [
          0.976063,
          -0.082133,
          0.201383,
          1.73531
        ],
        [
          -0.217022,
          -0.428386,
          0.877147,
          1.625461
        ],
        [
          0.014227,
          -0.899855,
          -0.435956,
          1.30511
        ],
        [
          0.0,
          0.0,
          0.0,
          1.0
        ]
      ]
    },
    {
      "file_path": "/media/NFS/ttao/scannet/posed_images/scene0164_03/00041.jpg",
      "transform_matrix": [
        [
          0.980745,
          -0.061303,
          0.185421,
          1.729576
        ],
        [
          -0.195253,
          -0.326784,
          0.92471,
          1.607436
        ],
        [
          0.003905,
          -0.943109,
          -0.332462,
          1.336337
        ],
        [
          0.0,
          0.0,
          0.0,
          1.0
        ]
      ]
    },
    {
      "file_path": "/media/NFS/ttao/scannet/posed_images/scene0164_03/00047.jpg",
      "transform_matrix": [
        [
          0.985315,
          -0.046218,
          0.164373,
          1.721753
        ],
        [
          -0.17069,
          -0.241674,
          0.955227,
          1.592331
        ],
        [
          -0.004424,
          -0.969256,
          -0.246014,
          1.376013
        ],
        [
          0.0,
          0.0,
          0.0,
          1.0
        ]
      ]
    },
    {
      "file_path": "/media/NFS/ttao/scannet/posed_images/scene0164_03/00050.jpg",
      "transform_matrix": [
        [
          0.986088,
          -0.04112,
          0.161056,
          1.713984
        ],
        [
          -0.166181,
          -0.222268,
          0.960719,
          1.589494
        ],
        [
          -0.003707,
          -0.974118,
          -0.22601,
          1.395739
        ],
        [
          0.0,
          0.0,
          0.0,
          1.0
        ]
      ]
    },
    {
      "file_path": "/media/NFS/ttao/scannet/posed_images/scene0164_03/00051.jpg",
      "transform_matrix": [
        [
          0.986427,
          -0.04157,
          0.158851,
          1.714313
        ],
        [
          -0.164092,
          -0.214439,
          0.962855,
          1.587642
        ],
        [
          -0.005961,
          -0.975852,
          -0.21835,
          1.398299
        ],
        [
          0.0,
          0.0,
          0.0,
          1.0
        ]
      ]
    },
    {
      "file_path": "/media/NFS/ttao/scannet/posed_images/scene0164_03/00058.jpg",
      "transform_matrix": [
        [
          0.987309,
          -0.034468,
          0.155026,
          1.705068
        ],
        [
          -0.158313,
          -0.13633,
          0.977932,
          1.576507
        ],
        [
          -0.012573,
          -0.990064,
          -0.140056,
          1.433025
        ],
        [
          0.0,
          0.0,
          0.0,
          1.0
        ]
      ]
    },
    {
      "file_path": "/media/NFS/ttao/scannet/posed_images/scene0164_03/00059.jpg",
      "transform_matrix": [
        [
          0.987363,
          -0.034262,
          0.154729,
          1.705181
        ],
        [
          -0.157856,
          -0.126304,
          0.979351,
          1.574929
        ],
        [
          -0.014012,
          -0.9914,
          -0.130116,
          1.437076
        ],
        [
          0.0,
          0.0,
          0.0,
          1.0
        ]
      ]
    },
    {
      "file_path": "/media/NFS/ttao/scannet/posed_images/scene0164_03/00065.jpg",
      "transform_matrix": [
        [
          0.989095,
          -0.018119,
          0.146161,
          1.692948
        ],
        [
          -0.146997,
          -0.059969,
          0.987317,
          1.559101
        ],
        [
          -0.009124,
          -0.998036,
          -0.061978,
          1.473173
        ],
        [
          0.0,
          0.0,
          0.0,
          1.0
        ]
      ]
    },
    {
      "file_path": "/media/NFS/ttao/scannet/posed_images/scene0164_03/00066.jpg",
      "transform_matrix": [
        [
          0.988857,
          -0.014169,
          0.148191,
          1.691076
        ],
        [
          -0.148745,
          -0.053797,
          0.987411,
          1.556935
        ],
        [
          -0.006018,
          -0.998451,
          -0.055305,
          1.477051
        ],
        [
          0.0,
          0.0,
          0.0,
          1.0
        ]
      ]
    },
    {
      "file_path": "/media/NFS/ttao/scannet/posed_images/scene0164_03/00070.jpg",
      "transform_matrix": [
        [
          0.990192,
          0.001732,
          0.139702,
          1.680445
        ],
        [
          -0.139641,
          -0.019615,
          0.990008,
          1.546381
        ],
        [
          0.004455,
          -0.999806,
          -0.019181,
          1.49343
        ],
        [
          0.0,
          0.0,
          0.0,
          1.0
        ]
      ]
    },
    {
      "file_path": "/media/NFS/ttao/scannet/posed_images/scene0164_03/00075.jpg",
      "transform_matrix": [
        [
          0.994942,
          -0.004124,
          0.100372,
          1.678027
        ],
        [
          -0.100247,
          0.023771,
          0.994679,
          1.534454
        ],
        [
          -0.006488,
          -0.999709,
          0.023237,
          1.508919
        ],
        [
          0.0,
          0.0,
          0.0,
          1.0
        ]
      ]
    },
    {
      "file_path": "/media/NFS/ttao/scannet/posed_images/scene0164_03/00080.jpg",
      "transform_matrix": [
        [
          0.997381,
          -0.010366,
          0.071582,
          1.675781
        ],
        [
          -0.070863,
          0.058217,
          0.995786,
          1.520324
        ],
        [
          -0.01449,
          -0.99825,
          0.05733,
          1.522682
        ],
        [
          0.0,
          0.0,
          0.0,
          1.0
        ]
      ]
    },
    {
      "file_path": "/media/NFS/ttao/scannet/posed_images/scene0164_03/00084.jpg",
      "transform_matrix": [
        [
          0.998679,
          -0.011851,
          0.050007,
          1.674059
        ],
        [
          -0.049149,
          0.064122,
          0.996731,
          1.51692
        ],
        [
          -0.015019,
          -0.997872,
          0.063454,
          1.522987
        ],
        [
          0.0,
          0.0,
          0.0,
          1.0
        ]
      ]
    },
    {
      "file_path": "/media/NFS/ttao/scannet/posed_images/scene0164_03/00086.jpg",
      "transform_matrix": [
        [
          0.999452,
          -0.01127,
          0.031136,
          1.674924
        ],
        [
          -0.030346,
          0.064563,
          0.997452,
          1.514136
        ],
        [
          -0.013252,
          -0.99785,
          0.064185,
          1.523461
        ],
        [
          0.0,
          0.0,
          0.0,
          1.0
        ]
      ]
    },
    {
      "file_path": "/media/NFS/ttao/scannet/posed_images/scene0164_03/00088.jpg",
      "transform_matrix": [
        [
          0.999692,
          -0.013896,
          0.020552,
          1.674895
        ],
        [
          -0.019633,
          0.06332,
          0.9978,
          1.51288
        ],
        [
          -0.015167,
          -0.997897,
          0.063028,
          1.524205
        ],
        [
          0.0,
          0.0,
          0.0,
          1.0
        ]
      ]
    },
    {
      "file_path": "/media/NFS/ttao/scannet/posed_images/scene0164_03/00095.jpg",
      "transform_matrix": [
        [
          0.998955,
          -0.011367,
          -0.044275,
          1.674722
        ],
        [
          0.044242,
          -0.00311,
          0.999016,
          1.515681
        ],
        [
          -0.011494,
          -0.999931,
          -0.002604,
          1.500538
        ],
        [
          0.0,
          0.0,
          0.0,
          1.0
        ]
      ]
    },
    {
      "file_path": "/media/NFS/ttao/scannet/posed_images/scene0164_03/00098.jpg",
      "transform_matrix": [
        [
          0.997757,
          0.007515,
          -0.066516,
          1.667475
        ],
        [
          0.066707,
          -0.028974,
          0.997352,
          1.516198
        ],
        [
          0.005568,
          -0.999552,
          -0.02941,
          1.495379
        ],
        [
          0.0,
          0.0,
          0.0,
          1.0
        ]
      ]
    },
    {
      "file_path": "/media/NFS/ttao/scannet/posed_images/scene0164_03/00100.jpg",
      "transform_matrix": [
        [
          0.99602,
          0.023992,
          -0.085845,
          1.659394
        ],
        [
          0.086925,
          -0.048368,
          0.99504,
          1.51284
        ],
        [
          0.019721,
          -0.998541,
          -0.050261,
          1.48282
        ],
        [
          0.0,
          0.0,
          0.0,
          1.0
        ]
      ]
    },
    {
      "file_path": "/media/NFS/ttao/scannet/posed_images/scene0164_03/00104.jpg",
      "transform_matrix": [
        [
          0.994461,
          0.044457,
          -0.095244,
          1.652124
        ],
        [
          0.098768,
          -0.08527,
          0.991451,
          1.51378
        ],
        [
          0.035955,
          -0.995366,
          -0.089189,
          1.467305
        ],
        [
          0.0,
          0.0,
          0.0,
          1.0
        ]
      ]
    },
    {
      "file_path": "/media/NFS/ttao/scannet/posed_images/scene0164_03/00107.jpg",
      "transform_matrix": [
        [
          0.99346,
          0.055916,
          -0.099554,
          1.645357
        ],
        [
          0.106111,
          -0.130134,
          0.985802,
          1.516192
        ],
        [
          0.042167,
          -0.989919,
          -0.135216,
          1.45251
        ],
        [
          0.0,
          0.0,
          0.0,
          1.0
        ]
      ]
    },
    {
      "file_path": "/media/NFS/ttao/scannet/posed_images/scene0164_03/00114.jpg",
      "transform_matrix": [
        [
          0.99047,
          0.055075,
          -0.12624,
          1.64221
        ],
        [
          0.134807,
          -0.199793,
          0.97052,
          1.518988
        ],
        [
          0.02823,
          -0.978289,
          -0.205314,
          1.42187
        ],
        [
          0.0,
          0.0,
          0.0,
          1.0
        ]
      ]
    },
    {
      "file_path": "/media/NFS/ttao/scannet/posed_images/scene0164_03/00117.jpg",
      "transform_matrix": [
        [
          0.989221,
          0.055717,
          -0.135418,
          1.638589
        ],
        [
          0.144824,
          -0.235554,
          0.96101,
          1.52229
        ],
        [
          0.021646,
          -0.970263,
          -0.241084,
          1.408864
        ],
        [
          0.0,
          0.0,
          0.0,
          1.0
        ]
      ]
    },
    {
      "file_path": "/media/NFS/ttao/scannet/posed_images/scene0164_03/00120.jpg",
      "transform_matrix": [
        [
          0.988037,
          0.059238,
          -0.14239,
          1.631999
        ],
        [
          0.153472,
          -0.286767,
          0.945627,
          1.532254
        ],
        [
          0.015184,
          -0.956167,
          -0.292428,
          1.402354
        ],
        [
          0.0,
          0.0,
          0.0,
          1.0
        ]
      ]
    },
    {
      "file_path": "/media/NFS/ttao/scannet/posed_images/scene0164_03/00125.jpg",
      "transform_matrix": [
        [
          0.989228,
          0.063297,
          -0.131988,
          1.61852
        ],
        [
          0.145661,
          -0.336314,
          0.930417,
          1.549455
        ],
        [
          0.014504,
          -0.93962,
          -0.341911,
          1.37416
        ],
        [
          0.0,
          0.0,
          0.0,
          1.0
        ]
      ]
    },
    {
      "file_path": "/media/NFS/ttao/scannet/posed_images/scene0164_03/00126.jpg",
      "transform_matrix": [
        [
          0.989681,
          0.064431,
          -0.127984,
          1.615197
        ],
        [
          0.142453,
          -0.346214,
          0.927277,
          1.55369
        ],
        [
          0.015436,
          -0.93594,
          -0.35182,
          1.370193
        ],
        [
          0.0,
          0.0,
          0.0,
          1.0
        ]
      ]
    },
    {
      "file_path": "/media/NFS/ttao/scannet/posed_images/scene0164_03/00130.jpg",
      "transform_matrix": [
        [
          0.991361,
          0.074192,
          -0.10816,
          1.597804
        ],
        [
          0.129275,
          -0.413398,
          0.901327,
          1.577884
        ],
        [
          0.022158,
          -0.907523,
          -0.419417,
          1.351533
        ],
        [
          0.0,
          0.0,
          0.0,
          1.0
        ]
      ]
    },
    {
      "file_path": "/media/NFS/ttao/scannet/posed_images/scene0164_03/00136.jpg",
      "transform_matrix": [
        [
          0.992154,
          0.080624,
          -0.095558,
          1.578776
        ],
        [
          0.122418,
          -0.471174,
          0.873504,
          1.587434
        ],
        [
          0.025401,
          -0.878348,
          -0.477347,
          1.316221
        ],
        [
          0.0,
          0.0,
          0.0,
          1.0
        ]
      ]
    },
    {
      "file_path": "/media/NFS/ttao/scannet/posed_images/scene0164_03/00139.jpg",
      "transform_matrix": [
        [
          0.992284,
          0.083972,
          -0.091226,
          1.573597
        ],
        [
          0.12056,
          -0.481575,
          0.868073,
          1.588245
        ],
        [
          0.028961,
          -0.872373,
          -0.487982,
          1.305349
        ],
        [
          0.0,
          0.0,
          0.0,
          1.0
        ]
      ]
    },
    {
      "file_path": "/media/NFS/ttao/scannet/posed_images/scene0164_03/00140.jpg",
      "transform_matrix": [
        [
          0.992176,
          0.087097,
          -0.08945,
          1.569004
        ],
        [
          0.120496,
          -0.480486,
          0.868685,
          1.585907
        ],
        [
          0.03268,
          -0.872667,
          -0.487222,
          1.300296
        ],
        [
          0.0,
          0.0,
          0.0,
          1.0
        ]
      ]
    },
    {
      "file_path": "/media/NFS/ttao/scannet/posed_images/scene0164_03/00144.jpg",
      "transform_matrix": [
        [
          0.99259,
          0.08849,
          -0.083273,
          1.568016
        ],
        [
          0.116392,
          -0.495587,
          0.860725,
          1.583468
        ],
        [
          0.034896,
          -0.864039,
          -0.502214,
          1.292405
        ],
        [
          0.0,
          0.0,
          0.0,
          1.0
        ]
      ]
    },
    {
      "file_path": "/media/NFS/ttao/scannet/posed_images/scene0164_03/00148.jpg",
      "transform_matrix": [
        [
          0.991735,
          0.092742,
          -0.088665,
          1.572573
        ],
        [
          0.124291,
          -0.522876,
          0.843298,
          1.581105
        ],
        [
          0.031848,
          -0.847348,
          -0.530081,
          1.280492
        ],
        [
          0.0,
          0.0,
          0.0,
          1.0
        ]
      ]
    },
    {
      "file_path": "/media/NFS/ttao/scannet/posed_images/scene0164_03/00154.jpg",
      "transform_matrix": [
        [
          0.984218,
          0.105059,
          -0.1424,
          1.589769
        ],
        [
          0.176843,
          -0.554491,
          0.813183,
          1.572207
        ],
        [
          0.006473,
          -0.825532,
          -0.564318,
          1.270104
        ],
        [
          0.0,
          0.0,
          0.0,
          1.0
        ]
      ]
    },
    {
      "file_path": "/media/NFS/ttao/scannet/posed_images/scene0164_03/00157.jpg",
      "transform_matrix": [
        [
          0.975213,
          0.122836,
          -0.184039,
          1.613382
        ],
        [
          0.221226,
          -0.557296,
          0.800301,
          1.566963
        ],
        [
          -0.004259,
          -0.821178,
          -0.570656,
          1.267424
        ],
        [
          0.0,
          0.0,
          0.0,
          1.0
        ]
      ]
    },
    {
      "file_path": "/media/NFS/ttao/scannet/posed_images/scene0164_03/00161.jpg",
      "transform_matrix": [
        [
          0.959114,
          0.15494,
          -0.236841,
          1.655864
        ],
        [
          0.28293,
          -0.545991,
          0.788572,
          1.560304
        ],
        [
          -0.007132,
          -0.82334,
          -0.567504,
          1.269431
        ],
        [
          0.0,
          0.0,
          0.0,
          1.0
        ]
      ]
    },
    {
      "file_path": "/media/NFS/ttao/scannet/posed_images/scene0164_03/00163.jpg",
      "transform_matrix": [
        [
          0.952429,
          0.169768,
          -0.253096,
          1.676627
        ],
        [
          0.30476,
          -0.529547,
          0.791645,
          1.556104
        ],
        [
          0.00037,
          -0.831119,
          -0.556094,
          1.270264
        ],
        [
          0.0,
          0.0,
          0.0,
          1.0
        ]
      ]
    },
    {
      "file_path": "/media/NFS/ttao/scannet/posed_images/scene0164_03/00167.jpg",
      "transform_matrix": [
        [
          0.941542,
          0.183875,
          -0.282291,
          1.727243
        ],
        [
          0.336662,
          -0.482431,
          0.808653,
          1.54965
        ],
        [
          0.012505,
          -0.856417,
          -0.516133,
          1.284045
        ],
        [
          0.0,
          0.0,
          0.0,
          1.0
        ]
      ]
    },
    {
      "file_path": "/media/NFS/ttao/scannet/posed_images/scene0164_03/00172.jpg",
      "transform_matrix": [
        [
          0.939128,
          0.157401,
          -0.305392,
          1.777088
        ],
        [
          0.343567,
          -0.432597,
          0.83356,
          1.542668
        ],
        [
          -0.000908,
          -0.887741,
          -0.460342,
          1.306335
        ],
        [
          0.0,
          0.0,
          0.0,
          1.0
        ]
      ]
    },
    {
      "file_path": "/media/NFS/ttao/scannet/posed_images/scene0164_03/00176.jpg",
      "transform_matrix": [
        [
          0.943408,
          0.127068,
          -0.306324,
          1.799472
        ],
        [
          0.331508,
          -0.386765,
          0.860532,
          1.539142
        ],
        [
          -0.00913,
          -0.913382,
          -0.407001,
          1.318548
        ],
        [
          0.0,
          0.0,
          0.0,
          1.0
        ]
      ]
    },
    {
      "file_path": "/media/NFS/ttao/scannet/posed_images/scene0164_03/00180.jpg",
      "transform_matrix": [
        [
          0.943233,
          0.095766,
          -0.318025,
          1.808657
        ],
        [
          0.331463,
          -0.332109,
          0.883083,
          1.536811
        ],
        [
          -0.02105,
          -0.938367,
          -0.344999,
          1.352057
        ],
        [
          0.0,
          0.0,
          0.0,
          1.0
        ]
      ]
    },
    {
      "file_path": "/media/NFS/ttao/scannet/posed_images/scene0164_03/00182.jpg",
      "transform_matrix": [
        [
          0.941107,
          0.088186,
          -0.326407,
          1.811556
        ],
        [
          0.337284,
          -0.312313,
          0.888088,
          1.535884
        ],
        [
          -0.023625,
          -0.945878,
          -0.323663,
          1.361231
        ],
        [
          0.0,
          0.0,
          0.0,
          1.0
        ]
      ]
    },
    {
      "file_path": "/media/NFS/ttao/scannet/posed_images/scene0164_03/00185.jpg",
      "transform_matrix": [
        [
          0.936384,
          0.082641,
          -0.34111,
          1.807859
        ],
        [
          0.350631,
          -0.263472,
          0.898688,
          1.531589
        ],
        [
          -0.015604,
          -0.961121,
          -0.275688,
          1.382628
        ],
        [
          0.0,
          0.0,
          0.0,
          1.0
        ]
      ]
    },
    {
      "file_path": "/media/NFS/ttao/scannet/posed_images/scene0164_03/00191.jpg",
      "transform_matrix": [
        [
          0.927957,
          0.076898,
          -0.364667,
          1.793497
        ],
        [
          0.372686,
          -0.19205,
          0.907867,
          1.524711
        ],
        [
          -0.000222,
          -0.978368,
          -0.206873,
          1.417108
        ],
        [
          0.0,
          0.0,
          0.0,
          1.0
        ]
      ]
    },
    {
      "file_path": "/media/NFS/ttao/scannet/posed_images/scene0164_03/00195.jpg",
      "transform_matrix": [
        [
          0.926567,
          0.060653,
          -0.371206,
          1.783977
        ],
        [
          0.376089,
          -0.13502,
          0.916693,
          1.521586
        ],
        [
          0.00548,
          -0.988985,
          -0.147916,
          1.444046
        ],
        [
          0.0,
          0.0,
          0.0,
          1.0
        ]
      ]
    },
    {
      "file_path": "/media/NFS/ttao/scannet/posed_images/scene0164_03/00196.jpg",
      "transform_matrix": [
        [
          0.927449,
          0.057647,
          -0.369479,
          1.781772
        ],
        [
          0.373859,
          -0.121259,
          0.919525,
          1.520647
        ],
        [
          0.008205,
          -0.990946,
          -0.134013,
          1.450233
        ],
        [
          0.0,
          0.0,
          0.0,
          1.0
        ]
      ]
    },
    {
      "file_path": "/media/NFS/ttao/scannet/posed_images/scene0164_03/00200.jpg",
      "transform_matrix": [
        [
          0.932298,
          0.046801,
          -0.358651,
          1.773311
        ],
        [
          0.361005,
          -0.059338,
          0.930674,
          1.515993
        ],
        [
          0.022275,
          -0.99714,
          -0.072216,
          1.479342
        ],
        [
          0.0,
          0.0,
          0.0,
          1.0
        ]
      ]
    },
    {
      "file_path": "/media/NFS/ttao/scannet/posed_images/scene0164_03/00206.jpg",
      "transform_matrix": [
        [
          0.938576,
          0.014234,
          -0.34478,
          1.763208
        ],
        [
          0.344731,
          0.005813,
          0.938683,
          1.509338
        ],
        [
          0.015366,
          -0.999882,
          0.000549,
          1.512208
        ],
        [
          0.0,
          0.0,
          0.0,
          1.0
        ]
      ]
    },
    {
      "file_path": "/media/NFS/ttao/scannet/posed_images/scene0164_03/00207.jpg",
      "transform_matrix": [
        [
          0.93932,
          0.010833,
          -0.34287,
          1.761962
        ],
        [
          0.342743,
          0.012,
          0.939353,
          1.508789
        ],
        [
          0.01429,
          -0.999869,
          0.007559,
          1.515542
        ],
        [
          0.0,
          0.0,
          0.0,
          1.0
        ]
      ]
    },
    {
      "file_path": "/media/NFS/ttao/scannet/posed_images/scene0164_03/00214.jpg",
      "transform_matrix": [
        [
          0.930213,
          -0.02973,
          -0.365813,
          1.76525
        ],
        [
          0.367008,
          0.067553,
          0.927762,
          1.501298
        ],
        [
          -0.002871,
          -0.997273,
          0.07375,
          1.527009
        ],
        [
          0.0,
          0.0,
          0.0,
          1.0
        ]
      ]
    },
    {
      "file_path": "/media/NFS/ttao/scannet/posed_images/scene0164_03/00217.jpg",
      "transform_matrix": [
        [
          0.931267,
          -0.03731,
          -0.362423,
          1.764614
        ],
        [
          0.364335,
          0.099477,
          0.92594,
          1.496844
        ],
        [
          0.001506,
          -0.99434,
          0.106233,
          1.528499
        ],
        [
          0.0,
          0.0,
          0.0,
          1.0
        ]
      ]
    },
    {
      "file_path": "/media/NFS/ttao/scannet/posed_images/scene0164_03/00219.jpg",
      "transform_matrix": [
        [
          0.929697,
          -0.037753,
          -0.366386,
          1.762206
        ],
        [
          0.368321,
          0.100523,
          0.924248,
          1.495016
        ],
        [
          0.001937,
          -0.994218,
          0.107361,
          1.528953
        ],
        [
          0.0,
          0.0,
          0.0,
          1.0
        ]
      ]
    },
    {
      "file_path": "/media/NFS/ttao/scannet/posed_images/scene0164_03/00224.jpg",
      "transform_matrix": [
        [
          0.918291,
          -0.040302,
          -0.39385,
          1.755752
        ],
        [
          0.395793,
          0.117278,
          0.910821,
          1.486845
        ],
        [
          0.009482,
          -0.992281,
          0.123646,
          1.528632
        ],
        [
          0.0,
          0.0,
          0.0,
          1.0
        ]
      ]
    },
    {
      "file_path": "/media/NFS/ttao/scannet/posed_images/scene0164_03/00226.jpg",
      "transform_matrix": [
        [
          0.909202,
          -0.042863,
          -0.414144,
          1.751698
        ],
        [
          0.416263,
          0.114657,
          0.901986,
          1.483303
        ],
        [
          0.008823,
          -0.99248,
          0.122089,
          1.524684
        ],
        [
          0.0,
          0.0,
          0.0,
          1.0
        ]
      ]
    },
    {
      "file_path": "/media/NFS/ttao/scannet/posed_images/scene0164_03/00232.jpg",
      "transform_matrix": [
        [
          0.860953,
          -0.009793,
          -0.508589,
          1.725776
        ],
        [
          0.508395,
          0.050241,
          0.859657,
          1.483786
        ],
        [
          0.017133,
          -0.998689,
          0.048234,
          1.500268
        ],
        [
          0.0,
          0.0,
          0.0,
          1.0
        ]
      ]
    },
    {
      "file_path": "/media/NFS/ttao/scannet/posed_images/scene0164_03/00236.jpg",
      "transform_matrix": [
        [
          0.831259,
          0.035268,
          -0.554766,
          1.708862
        ],
        [
          0.555266,
          -0.005581,
          0.831654,
          1.491759
        ],
        [
          0.026234,
          -0.999362,
          -0.024223,
          1.47047
        ],
        [
          0.0,
          0.0,
          0.0,
          1.0
        ]
      ]
    },
    {
      "file_path": "/media/NFS/ttao/scannet/posed_images/scene0164_03/00240.jpg",
      "transform_matrix": [
        [
          0.806863,
          0.086979,
          -0.584301,
          1.681429
        ],
        [
          0.589913,
          -0.066332,
          0.804738,
          1.499433
        ],
        [
          0.031237,
          -0.993999,
          -0.10483,
          1.447624
        ],
        [
          0.0,
          0.0,
          0.0,
          1.0
        ]
      ]
    },
    {
      "file_path": "/media/NFS/ttao/scannet/posed_images/scene0164_03/00243.jpg",
      "transform_matrix": [
        [
          0.791319,
          0.110318,
          -0.601368,
          1.672574
        ],
        [
          0.610576,
          -0.091441,
          0.786661,
          1.50326
        ],
        [
          0.031793,
          -0.989681,
          -0.139717,
          1.432885
        ],
        [
          0.0,
          0.0,
          0.0,
          1.0
        ]
      ]
    },
    {
      "file_path": "/media/NFS/ttao/scannet/posed_images/scene0164_03/00248.jpg",
      "transform_matrix": [
        [
          0.766868,
          0.148758,
          -0.624328,
          1.65599
        ],
        [
          0.641015,
          -0.129263,
          0.756565,
          1.508677
        ],
        [
          0.031843,
          -0.980389,
          -0.194484,
          1.409368
        ],
        [
          0.0,
          0.0,
          0.0,
          1.0
        ]
      ]
    },
    {
      "file_path": "/media/NFS/ttao/scannet/posed_images/scene0164_03/00250.jpg",
      "transform_matrix": [
        [
          0.761742,
          0.170177,
          -0.625131,
          1.640353
        ],
        [
          0.64712,
          -0.153088,
          0.74686,
          1.510384
        ],
        [
          0.031398,
          -0.97345,
          -0.226738,
          1.407888
        ],
        [
          0.0,
          0.0,
          0.0,
          1.0
        ]
      ]
    },
    {
      "file_path": "/media/NFS/ttao/scannet/posed_images/scene0164_03/00254.jpg",
      "transform_matrix": [
        [
          0.752321,
          0.190894,
          -0.630534,
          1.627267
        ],
        [
          0.658047,
          -0.172091,
          0.733047,
          1.51246
        ],
        [
          0.031425,
          -0.966408,
          -0.255085,
          1.39934
        ],
        [
          0.0,
          0.0,
          0.0,
          1.0
        ]
      ]
    },
    {
      "file_path": "/media/NFS/ttao/scannet/posed_images/scene0164_03/00259.jpg",
      "transform_matrix": [
        [
          0.743578,
          0.220806,
          -0.63114,
          1.611136
        ],
        [
          0.6677,
          -0.194914,
          0.71846,
          1.517435
        ],
        [
          0.035622,
          -0.955643,
          -0.292366,
          1.385428
        ],
        [
          0.0,
          0.0,
          0.0,
          1.0
        ]
      ]
    },
    {
      "file_path": "/media/NFS/ttao/scannet/posed_images/scene0164_03/00262.jpg",
      "transform_matrix": [
        [
          0.753675,
          0.231955,
          -0.614955,
          1.592333
        ],
        [
          0.65594,
          -0.206479,
          0.726023,
          1.5149
        ],
        [
          0.041429,
          -0.950559,
          -0.307767,
          1.377658
        ],
        [
          0.0,
          0.0,
          0.0,
          1.0
        ]
      ]
    },
    {
      "file_path": "/media/NFS/ttao/scannet/posed_images/scene0164_03/00263.jpg",
      "transform_matrix": [
        [
          0.753808,
          0.234839,
          -0.613697,
          1.591389
        ],
        [
          0.655646,
          -0.206838,
          0.726186,
          1.515679
        ],
        [
          0.043601,
          -0.949773,
          -0.309887,
          1.375688
        ],
        [
          0.0,
          0.0,
          0.0,
          1.0
        ]
      ]
    },
    {
      "file_path": "/media/NFS/ttao/scannet/posed_images/scene0164_03/00268.jpg",
      "transform_matrix": [
        [
          0.755484,
          0.262127,
          -0.600445,
          1.577946
        ],
        [
          0.651921,
          -0.209641,
          0.728732,
          1.513538
        ],
        [
          0.065142,
          -0.941987,
          -0.329266,
          1.368876
        ],
        [
          0.0,
          0.0,
          0.0,
          1.0
        ]
      ]
    },
    {
      "file_path": "/media/NFS/ttao/scannet/posed_images/scene0164_03/00271.jpg",
      "transform_matrix": [
        [
          0.751212,
          0.260155,
          -0.60663,
          1.568655
        ],
        [
          0.655899,
          -0.191173,
          0.730239,
          1.508469
        ],
        [
          0.074004,
          -0.946452,
          -0.314248,
          1.383627
        ],
        [
          0.0,
          0.0,
          0.0,
          1.0
        ]
      ]
    },
    {
      "file_path": "/media/NFS/ttao/scannet/posed_images/scene0164_03/00277.jpg",
      "transform_matrix": [
        [
          0.755082,
          0.172023,
          -0.63266,
          1.568346
        ],
        [
          0.653486,
          -0.119496,
          0.747447,
          1.487315
        ],
        [
          0.052977,
          -0.977818,
          -0.202644,
          1.429939
        ],
        [
          0.0,
          0.0,
          0.0,
          1.0
        ]
      ]
    },
    {
      "file_path": "/media/NFS/ttao/scannet/posed_images/scene0164_03/00278.jpg",
      "transform_matrix": [
        [
          0.758461,
          0.161218,
          -0.631463,
          1.567464
        ],
        [
          0.64983,
          -0.113388,
          0.751574,
          1.483907
        ],
        [
          0.049567,
          -0.980384,
          -0.190765,
          1.435427
        ],
        [
          0.0,
          0.0,
          0.0,
          1.0
        ]
      ]
    },
    {
      "file_path": "/media/NFS/ttao/scannet/posed_images/scene0164_03/00283.jpg",
      "transform_matrix": [
        [
          0.752092,
          0.128142,
          -0.64648,
          1.578967
        ],
        [
          0.656661,
          -0.062123,
          0.751623,
          1.468933
        ],
        [
          0.056153,
          -0.989808,
          -0.130868,
          1.467914
        ],
        [
          0.0,
          0.0,
          0.0,
          1.0
        ]
      ]
    },
    {
      "file_path": "/media/NFS/ttao/scannet/posed_images/scene0164_03/00287.jpg",
      "transform_matrix": [
        [
          0.775906,
          0.122078,
          -0.618924,
          1.561667
        ],
        [
          0.627332,
          -0.045864,
          0.7774,
          1.457239
        ],
        [
          0.066517,
          -0.99146,
          -0.112169,
          1.481561
        ],
        [
          0.0,
          0.0,
          0.0,
          1.0
        ]
