{
  "frames": [
    {
      "file_path": "/media/NFS/ttao/scannet/posed_images/scene0649_01/00001.jpg",
      "transform_matrix": [
        [
          -0.497916,
          -0.081214,
          0.863414,
          1.51607
        ],
        [
          -0.866531,
          0.006768,
          -0.499077,
          1.623905
        ],
        [
          0.034688,
          -0.996674,
          -0.073745,
          1.548828
        ],
        [
          0.0,
          0.0,
          0.0,
          1.0
        ]
      ]
    },
    {
      "file_path": "/media/NFS/ttao/scannet/posed_images/scene0649_01/00005.jpg",
      "transform_matrix": [
        [
          -0.495734,
          -0.077622,
          0.864999,
          1.516491
        ],
        [
          -0.867503,
          -0.002845,
          -0.497424,
          1.626426
        ],
        [
          0.041072,
          -0.996979,
          -0.065927,
          1.551361
        ],
        [
          0.0,
          0.0,
          0.0,
          1.0
        ]
      ]
    },
    {
      "file_path": "/media/NFS/ttao/scannet/posed_images/scene0649_01/00006.jpg",
      "transform_matrix": [
        [
          -0.495004,
          -0.075739,
          0.865584,
          1.516113
        ],
        [
          -0.867931,
          -0.003711,
          -0.496671,
          1.626677
        ],
        [
          0.04083,
          -0.997121,
          -0.063899,
          1.551483
        ],
        [
          0.0,
          0.0,
          0.0,
          1.0
        ]
      ]
    },
    {
      "file_path": "/media/NFS/ttao/scannet/posed_images/scene0649_01/00010.jpg",
      "transform_matrix": [
        [
          -0.497301,
          -0.075419,
          0.864294,
          1.516584
        ],
        [
          -0.866556,
          -0.005159,
          -0.499053,
          1.625414
        ],
        [
          0.042097,
          -0.997139,
          -0.06279,
          1.558307
        ],
        [
          0.0,
          0.0,
          0.0,
          1.0
        ]
      ]
    },
    {
      "file_path": "/media/NFS/ttao/scannet/posed_images/scene0649_01/00012.jpg",
      "transform_matrix": [
        [
          -0.497941,
          -0.076583,
          0.863823,
          1.516972
        ],
        [
          -0.86628,
          -0.002215,
          -0.499554,
          1.624858
        ],
        [
          0.040171,
          -0.997061,
          -0.065239,
          1.556577
        ],
        [
          0.0,
          0.0,
          0.0,
          1.0
        ]
      ]
    },
    {
      "file_path": "/media/NFS/ttao/scannet/posed_images/scene0649_01/00017.jpg",
      "transform_matrix": [
        [
          -0.517957,
          -0.087701,
          0.850899,
          1.525947
        ],
        [
          -0.855275,
          0.035625,
          -0.516949,
          1.629657
        ],
        [
          0.015023,
          -0.99551,
          -0.093461,
          1.541083
        ],
        [
          0.0,
          0.0,
          0.0,
          1.0
        ]
      ]
    },
    {
      "file_path": "/media/NFS/ttao/scannet/posed_images/scene0649_01/00018.jpg",
      "transform_matrix": [
        [
          -0.519879,
          -0.093635,
          0.849093,
          1.529717
        ],
        [
          -0.854209,
          0.048533,
          -0.517659,
          1.632367
        ],
        [
          0.007262,
          -0.994423,
          -0.105215,
          1.537704
        ],
        [
          0.0,
          0.0,
          0.0,
          1.0
        ]
      ]
    },
    {
      "file_path": "/media/NFS/ttao/scannet/posed_images/scene0649_01/00023.jpg",
      "transform_matrix": [
        [
          -0.505454,
          -0.11987,
          0.854486,
          1.554946
        ],
        [
          -0.862813,
          0.079773,
          -0.499189,
          1.655193
        ],
        [
          -0.008327,
          -0.989579,
          -0.143747,
          1.5091
        ],
        [
          0.0,
          0.0,
          0.0,
          1.0
        ]
      ]
    },
    {
      "file_path": "/media/NFS/ttao/scannet/posed_images/scene0649_01/00026.jpg",
      "transform_matrix": [
        [
          -0.502989,
          -0.135845,
          0.853551,
          1.580279
        ],
        [
          -0.864035,
          0.103164,
          -0.492748,
          1.665384
        ],
        [
          -0.021119,
          -0.985344,
          -0.169266,
          1.4936
        ],
        [
          0.0,
          0.0,
          0.0,
          1.0
        ]
      ]
    },
    {
      "file_path": "/media/NFS/ttao/scannet/posed_images/scene0649_01/00027.jpg",
      "transform_matrix": [
        [
          -0.505082,
          -0.142529,
          0.851221,
          1.590637
        ],
        [
          -0.862818,
          0.107288,
          -0.493998,
          1.669469
        ],
        [
          -0.020917,
          -0.983959,
          -0.177166,
          1.486542
        ],
        [
          0.0,
          0.0,
          0.0,
          1.0
        ]
      ]
    },
    {
      "file_path": "/media/NFS/ttao/scannet/posed_images/scene0649_01/00031.jpg",
      "transform_matrix": [
        [
          -0.50748,
          -0.204041,
          0.837157,
          1.656427
        ],
        [
          -0.861633,
          0.128375,
          -0.491028,
          1.690601
        ],
        [
          -0.00728,
          -0.970509,
          -0.240956,
          1.443561
        ],
        [
          0.0,
          0.0,
          0.0,
          1.0
        ]
      ]
    },
    {
      "file_path": "/media/NFS/ttao/scannet/posed_images/scene0649_01/00034.jpg",
      "transform_matrix": [
        [
          -0.489233,
          -0.261295,
          0.832091,
          1.687914
        ],
        [
          -0.872145,
          0.142485,
          -0.468039,
          1.699715
        ],
        [
          0.003736,
          -0.954685,
          -0.297596,
          1.417112
        ],
        [
          0.0,
          0.0,
          0.0,
          1.0
        ]
      ]
    },
    {
      "file_path": "/media/NFS/ttao/scannet/posed_images/scene0649_01/00039.jpg",
      "transform_matrix": [
        [
          -0.456465,
          -0.352904,
          0.816761,
          1.722271
        ],
        [
          -0.889716,
          0.174156,
          -0.421989,
          1.707643
        ],
        [
          0.006678,
          -0.919309,
          -0.39348,
          1.374512
        ],
        [
          0.0,
          0.0,
          0.0,
          1.0
        ]
      ]
    },
    {
      "file_path": "/media/NFS/ttao/scannet/posed_images/scene0649_01/00042.jpg",
      "transform_matrix": [
        [
          -0.4394,
          -0.401043,
          0.803799,
          1.738474
        ],
        [
          -0.89779,
          0.166165,
          -0.407875,
          1.713553
        ],
        [
          0.030012,
          -0.900863,
          -0.433065,
          1.350819
        ],
        [
          0.0,
          0.0,
          0.0,
          1.0
        ]
      ]
    },
    {
      "file_path": "/media/NFS/ttao/scannet/posed_images/scene0649_01/00043.jpg",
      "transform_matrix": [
        [
          -0.432648,
          -0.414113,
          0.800829,
          1.74112
        ],
        [
          -0.900932,
          0.165357,
          -0.401221,
          1.713946
        ],
        [
          0.033728,
          -0.89508,
          -0.444629,
          1.349456
        ],
        [
          0.0,
          0.0,
          0.0,
          1.0
        ]
      ]
    },
    {
      "file_path": "/media/NFS/ttao/scannet/posed_images/scene0649_01/00048.jpg",
      "transform_matrix": [
        [
          -0.381275,
          -0.458972,
          0.80248,
          1.739781
        ],
        [
          -0.922228,
          0.128525,
          -0.364661,
          1.723961
        ],
        [
          0.06423,
          -0.879106,
          -0.47228,
          1.325891
        ],
        [
          0.0,
          0.0,
          0.0,
          1.0
        ]
      ]
    },
    {
      "file_path": "/media/NFS/ttao/scannet/posed_images/scene0649_01/00050.jpg",
      "transform_matrix": [
        [
          -0.368374,
          -0.475593,
          0.798819,
          1.741366
        ],
        [
          -0.925487,
          0.106105,
          -0.363615,
          1.731721
        ],
        [
          0.088174,
          -0.873243,
          -0.479242,
          1.309155
        ],
        [
          0.0,
          0.0,
          0.0,
          1.0
        ]
      ]
    },
    {
      "file_path": "/media/NFS/ttao/scannet/posed_images/scene0649_01/00052.jpg",
      "transform_matrix": [
        [
          -0.364249,
          -0.495342,
          0.788644,
          1.741157
        ],
        [
          -0.925888,
          0.101434,
          -0.363927,
          1.73251
        ],
        [
          0.100273,
          -0.862756,
          -0.495578,
          1.300326
        ],
        [
          0.0,
          0.0,
          0.0,
          1.0
        ]
      ]
    },
    {
      "file_path": "/media/NFS/ttao/scannet/posed_images/scene0649_01/00056.jpg",
      "transform_matrix": [
        [
          -0.370157,
          -0.518668,
          0.770692,
          1.73586
        ],
        [
          -0.922394,
          0.106677,
          -0.371226,
          1.724945
        ],
        [
          0.110327,
          -0.848294,
          -0.517904,
          1.291507
        ],
        [
          0.0,
          0.0,
          0.0,
          1.0
        ]
      ]
    },
    {
      "file_path": "/media/NFS/ttao/scannet/posed_images/scene0649_01/00060.jpg",
      "transform_matrix": [
        [
          -0.392707,
          -0.491857,
          0.777083,
          1.727734
        ],
        [
          -0.913688,
          0.112498,
          -0.390536,
          1.717436
        ],
        [
          0.104667,
          -0.863378,
          -0.493583,
          1.30606
        ],
        [
          0.0,
          0.0,
          0.0,
          1.0
        ]
      ]
    },
    {
      "file_path": "/media/NFS/ttao/scannet/posed_images/scene0649_01/00062.jpg",
      "transform_matrix": [
        [
          -0.403153,
          -0.471221,
          0.784486,
          1.719786
        ],
        [
          -0.909346,
          0.110031,
          -0.401227,
          1.714416
        ],
        [
          0.102749,
          -0.875125,
          -0.472862,
          1.322434
        ],
        [
          0.0,
          0.0,
          0.0,
          1.0
        ]
      ]
    },
    {
      "file_path": "/media/NFS/ttao/scannet/posed_images/scene0649_01/00065.jpg",
      "transform_matrix": [
        [
          -0.428918,
          -0.432436,
          0.793113,
          1.7024
        ],
        [
          -0.897742,
          0.106428,
          -0.427472,
          1.711821
        ],
        [
          0.100444,
          -0.895362,
          -0.433865,
          1.342616
        ],
        [
          0.0,
          0.0,
          0.0,
          1.0
        ]
      ]
    },
    {
      "file_path": "/media/NFS/ttao/scannet/posed_images/scene0649_01/00068.jpg",
      "transform_matrix": [
        [
          -0.458529,
          -0.385443,
          0.80074,
          1.679788
        ],
        [
          -0.882547,
          0.091836,
          -0.461168,
          1.708361
        ],
        [
          0.104218,
          -0.91815,
          -0.382281,
          1.367091
        ],
        [
          0.0,
          0.0,
          0.0,
          1.0
        ]
      ]
    },
    {
      "file_path": "/media/NFS/ttao/scannet/posed_images/scene0649_01/00071.jpg",
      "transform_matrix": [
        [
          -0.48588,
          -0.335921,
          0.806894,
          1.652912
        ],
        [
          -0.867702,
          0.074536,
          -0.491465,
          1.693679
        ],
        [
          0.104951,
          -0.938936,
          -0.327695,
          1.398339
        ],
        [
          0.0,
          0.0,
          0.0,
          1.0
        ]
      ]
    },
    {
      "file_path": "/media/NFS/ttao/scannet/posed_images/scene0649_01/00076.jpg",
      "transform_matrix": [
        [
          -0.532257,
          -0.288791,
          0.795803,
          1.60648
        ],
        [
          -0.840506,
          0.067834,
          -0.537539,
          1.672323
        ],
        [
          0.101254,
          -0.954986,
          -0.278836,
          1.432888
        ],
        [
          0.0,
          0.0,
          0.0,
          1.0
        ]
      ]
    },
    {
      "file_path": "/media/NFS/ttao/scannet/posed_images/scene0649_01/00079.jpg",
      "transform_matrix": [
        [
          -0.555279,
          -0.258899,
          0.790339,
          1.582123
        ],
        [
          -0.82717,
          0.073261,
          -0.557156,
          1.663565
        ],
        [
          0.086346,
          -0.963122,
          -0.254834,
          1.453321
        ],
        [
          0.0,
          0.0,
          0.0,
          1.0
        ]
      ]
    },
    {
      "file_path": "/media/NFS/ttao/scannet/posed_images/scene0649_01/00080.jpg",
      "transform_matrix": [
        [
          -0.562004,
          -0.243075,
          0.790611,
          1.572753
        ],
        [
          -0.823889,
          0.07992,
          -0.561088,
          1.658628
        ],
        [
          0.073201,
          -0.96671,
          -0.245182,
          1.460221
        ],
        [
          0.0,
          0.0,
          0.0,
          1.0
        ]
      ]
    },
    {
      "file_path": "/media/NFS/ttao/scannet/posed_images/scene0649_01/00085.jpg",
      "transform_matrix": [
        [
          -0.605867,
          -0.186616,
          0.773369,
          1.540189
        ],
        [
          -0.793235,
          0.067342,
          -0.605181,
          1.646487
        ],
        [
          0.060856,
          -0.980122,
          -0.188831,
          1.481343
        ],
        [
          0.0,
          0.0,
          0.0,
          1.0
        ]
      ]
    },
    {
      "file_path": "/media/NFS/ttao/scannet/posed_images/scene0649_01/00088.jpg",
      "transform_matrix": [
        [
          -0.619948,
          -0.15828,
          0.768513,
          1.525076
        ],
        [
          -0.783014,
          0.061712,
          -0.618936,
          1.640542
        ],
        [
          0.050539,
          -0.985464,
          -0.162193,
          1.494274
        ],
        [
          0.0,
          0.0,
          0.0,
          1.0
        ]
      ]
    },
    {
      "file_path": "/media/NFS/ttao/scannet/posed_images/scene0649_01/00090.jpg",
      "transform_matrix": [
        [
          -0.624316,
          -0.150636,
          0.766511,
          1.517068
        ],
        [
          -0.779681,
          0.059558,
          -0.623338,
          1.635761
        ],
        [
          0.048246,
          -0.986794,
          -0.154631,
          1.508272
        ],
        [
          0.0,
          0.0,
          0.0,
          1.0
        ]
      ]
    },
    {
      "file_path": "/media/NFS/ttao/scannet/posed_images/scene0649_01/00095.jpg",
      "transform_matrix": [
        [
          -0.639343,
          -0.113401,
          0.760514,
          1.504525
        ],
        [
          -0.768013,
          0.046107,
          -0.638772,
          1.63122
        ],
        [
          0.037373,
          -0.992479,
          -0.116571,
          1.525217
        ],
        [
          0.0,
          0.0,
          0.0,
          1.0
        ]
      ]
    },
    {
      "file_path": "/media/NFS/ttao/scannet/posed_images/scene0649_01/00096.jpg",
      "transform_matrix": [
        [
          -0.641397,
          -0.108652,
          0.759476,
          1.503186
        ],
        [
          -0.766128,
          0.03818,
          -0.641552,
          1.630932
        ],
        [
          0.040709,
          -0.993346,
          -0.10773,
          1.529287
        ],
        [
          0.0,
          0.0,
          0.0,
          1.0
        ]
      ]
    },
    {
      "file_path": "/media/NFS/ttao/scannet/posed_images/scene0649_01/00100.jpg",
      "transform_matrix": [
        [
          -0.66334,
          -0.105055,
          0.740907,
          1.500879
        ],
        [
          -0.744951,
          -0.001121,
          -0.667118,
          1.623876
        ],
        [
          0.070915,
          -0.994466,
          -0.077518,
          1.547911
        ],
        [
          0.0,
          0.0,
          0.0,
          1.0
        ]
      ]
    },
    {
      "file_path": "/media/NFS/ttao/scannet/posed_images/scene0649_01/00104.jpg",
      "transform_matrix": [
        [
          -0.702624,
          -0.0945,
          0.705258,
          1.505351
        ],
        [
          -0.706731,
          -0.022604,
          -0.707121,
          1.61506
        ],
        [
          0.082764,
          -0.995268,
          -0.050904,
          1.554676
        ],
        [
          0.0,
          0.0,
          0.0,
          1.0
        ]
      ]
    },
    {
      "file_path": "/media/NFS/ttao/scannet/posed_images/scene0649_01/00105.jpg",
      "transform_matrix": [
        [
          -0.710515,
          -0.092488,
          0.697578,
          1.507672
        ],
        [
          -0.698716,
          -0.024838,
          -0.714967,
          1.61326
        ],
        [
          0.083452,
          -0.995404,
          -0.046975,
          1.555238
        ],
        [
          0.0,
          0.0,
          0.0,
          1.0
        ]
      ]
    },
    {
      "file_path": "/media/NFS/ttao/scannet/posed_images/scene0649_01/00108.jpg",
      "transform_matrix": [
        [
          -0.73288,
          -0.082832,
          0.675297,
          1.518314
        ],
        [
          -0.675068,
          -0.035001,
          -0.736924,
          1.607783
        ],
        [
          0.084677,
          -0.995949,
          -0.030266,
          1.560779
        ],
        [
          0.0,
          0.0,
          0.0,
          1.0
        ]
      ]
    },
    {
      "file_path": "/media/NFS/ttao/scannet/posed_images/scene0649_01/00113.jpg",
      "transform_matrix": [
        [
          -0.763163,
          -0.043739,
          0.644724,
          1.531047
        ],
        [
          -0.643992,
          -0.031038,
          -0.764402,
          1.594409
        ],
        [
          0.053445,
          -0.998561,
          -0.00448,
          1.578815
        ],
        [
          0.0,
          0.0,
          0.0,
          1.0
        ]
      ]
    },
    {
      "file_path": "/media/NFS/ttao/scannet/posed_images/scene0649_01/00115.jpg",
      "transform_matrix": [
        [
          -0.762876,
          -0.034398,
          0.645629,
          1.531294
        ],
        [
          -0.645089,
          -0.026477,
          -0.763649,
          1.590645
        ],
        [
          0.043362,
          -0.999057,
          -0.001991,
          1.583248
        ],
        [
          0.0,
          0.0,
          0.0,
          1.0
        ]
      ]
    },
    {
      "file_path": "/media/NFS/ttao/scannet/posed_images/scene0649_01/00117.jpg",
      "transform_matrix": [
        [
          -0.763774,
          -0.024944,
          0.645002,
          1.527877
        ],
        [
          -0.6446,
          -0.022801,
          -0.76418,
          1.585646
        ],
        [
          0.033768,
          -0.999429,
          0.001336,
          1.585556
        ],
        [
          0.0,
          0.0,
          0.0,
          1.0
        ]
      ]
    },
    {
      "file_path": "/media/NFS/ttao/scannet/posed_images/scene0649_01/00121.jpg",
      "transform_matrix": [
        [
          -0.766162,
          -0.010488,
          0.642562,
          1.513081
        ],
        [
          -0.642079,
          -0.029567,
          -0.766068,
          1.576383
        ],
        [
          0.027033,
          -0.999508,
          0.015919,
          1.598392
        ],
        [
          0.0,
          0.0,
          0.0,
          1.0
        ]
      ]
    },
    {
      "file_path": "/media/NFS/ttao/scannet/posed_images/scene0649_01/00125.jpg",
      "transform_matrix": [
        [
          -0.779413,
          0.00927,
          0.626442,
          1.492412
        ],
        [
          -0.624763,
          -0.086145,
          -0.776048,
          1.577214
        ],
        [
          0.046771,
          -0.99624,
          0.072934,
          1.615639
        ],
        [
          0.0,
          0.0,
          0.0,
          1.0
        ]
      ]
    },
    {
      "file_path": "/media/NFS/ttao/scannet/posed_images/scene0649_01/00128.jpg",
      "transform_matrix": [
        [
          -0.790308,
          0.025936,
          0.61216,
          1.475919
        ],
        [
          -0.609831,
          -0.130032,
          -0.781792,
          1.580295
        ],
        [
          0.059324,
          -0.991171,
          0.118582,
          1.622249
        ],
        [
          0.0,
          0.0,
          0.0,
          1.0
        ]
      ]
    },
    {
      "file_path": "/media/NFS/ttao/scannet/posed_images/scene0649_01/00132.jpg",
      "transform_matrix": [
        [
          -0.805714,
          0.013259,
          0.592157,
          1.456956
        ],
        [
          -0.585754,
          -0.166118,
          -0.793282,
          1.578379
        ],
        [
          0.08785,
          -0.986017,
          0.14161,
          1.62274
        ],
        [
          0.0,
          0.0,
          0.0,
          1.0
        ]
      ]
    },
    {
      "file_path": "/media/NFS/ttao/scannet/posed_images/scene0649_01/00133.jpg",
      "transform_matrix": [
        [
          -0.811817,
          0.010801,
          0.583812,
          1.452387
        ],
        [
          -0.576788,
          -0.170542,
          -0.798894,
          1.575577
        ],
        [
          0.090936,
          -0.985291,
          0.144679,
          1.614844
        ],
        [
          0.0,
          0.0,
          0.0,
          1.0
        ]
      ]
    },
    {
      "file_path": "/media/NFS/ttao/scannet/posed_images/scene0649_01/00136.jpg",
      "transform_matrix": [
        [
          -0.833507,
          -0.006368,
          0.552473,
          1.444234
        ],
        [
          -0.547477,
          -0.125133,
          -0.827412,
          1.561275
        ],
        [
          0.074401,
          -0.99212,
          0.100813,
          1.596454
        ],
        [
          0.0,
          0.0,
          0.0,
          1.0
        ]
      ]
    },
    {
      "file_path": "/media/NFS/ttao/scannet/posed_images/scene0649_01/00141.jpg",
      "transform_matrix": [
        [
          -0.841745,
          -0.031867,
          0.538934,
          1.423049
        ],
        [
          -0.538952,
          -0.008763,
          -0.842291,
          1.533595
        ],
        [
          0.031564,
          -0.999454,
          -0.009798,
          1.56876
        ],
        [
          0.0,
          0.0,
          0.0,
          1.0
        ]
      ]
    },
    {
      "file_path": "/media/NFS/ttao/scannet/posed_images/scene0649_01/00143.jpg",
      "transform_matrix": [
        [
          -0.837096,
          -0.047608,
          0.544981,
          1.415555
        ],
        [
          -0.546474,
          0.026809,
          -0.837047,
          1.526455
        ],
        [
          0.02524,
          -0.998506,
          -0.048459,
          1.557816
        ],
        [
          0.0,
          0.0,
          0.0,
          1.0
        ]
      ]
    },
    {
      "file_path": "/media/NFS/ttao/scannet/posed_images/scene0649_01/00147.jpg",
      "transform_matrix": [
        [
          -0.837106,
          -0.067866,
          0.542814,
          1.399314
        ],
        [
          -0.546926,
          0.083565,
          -0.833,
          1.516581
        ],
        [
          0.011173,
          -0.994189,
          -0.10707,
          1.534546
        ],
        [
          0.0,
          0.0,
          0.0,
          1.0
        ]
      ]
    },
    {
      "file_path": "/media/NFS/ttao/scannet/posed_images/scene0649_01/00151.jpg",
      "transform_matrix": [
        [
          -0.832525,
          -0.085784,
          0.547305,
          1.379558
        ],
        [
          -0.553983,
          0.132735,
          -0.821879,
          1.51255
        ],
        [
          -0.002142,
          -0.987432,
          -0.158028,
          1.507829
        ],
        [
          0.0,
          0.0,
          0.0,
          1.0
        ]
      ]
    },
    {
      "file_path": "/media/NFS/ttao/scannet/posed_images/scene0649_01/00152.jpg",
      "transform_matrix": [
        [
          -0.832048,
          -0.090186,
          0.547323,
          1.377107
        ],
        [
          -0.554677,
          0.144925,
          -0.819347,
          1.51412
        ],
        [
          -0.005427,
          -0.985324,
          -0.170608,
          1.501588
        ],
        [
          0.0,
          0.0,
          0.0,
          1.0
        ]
      ]
    },
    {
      "file_path": "/media/NFS/ttao/scannet/posed_images/scene0649_01/00156.jpg",
      "transform_matrix": [
        [
          -0.829833,
          -0.123158,
          0.544251,
          1.371139
        ],
        [
          -0.557886,
          0.203785,
          -0.804509,
          1.522572
        ],
        [
          -0.011829,
          -0.971238,
          -0.237815,
          1.469074
        ],
        [
          0.0,
          0.0,
          0.0,
          1.0
        ]
      ]
    },
    {
      "file_path": "/media/NFS/ttao/scannet/posed_images/scene0649_01/00158.jpg",
      "transform_matrix": [
        [
          -0.831679,
          -0.135736,
          0.538411,
          1.37169
        ],
        [
          -0.555061,
          0.229037,
          -0.799656,
          1.526941
        ],
        [
          -0.014774,
          -0.963908,
          -0.265827,
          1.454111
        ],
        [
          0.0,
          0.0,
          0.0,
          1.0
        ]
      ]
    },
    {
      "file_path": "/media/NFS/ttao/scannet/posed_images/scene0649_01/00162.jpg",
      "transform_matrix": [
        [
          -0.825998,
          -0.152744,
          0.542583,
          1.377333
        ],
        [
          -0.56274,
          0.278803,
          -0.778198,
          1.541282
        ],
        [
          -0.032409,
          -0.948124,
          -0.316246,
          1.421682
        ],
        [
          0.0,
          0.0,
          0.0,
          1.0
        ]
      ]
    },
    {
      "file_path": "/media/NFS/ttao/scannet/posed_images/scene0649_01/00166.jpg",
      "transform_matrix": [
        [
          -0.814666,
          -0.157653,
          0.558091,
          1.38091
        ],
        [
          -0.577614,
          0.306511,
          -0.75658,
          1.552754
        ],
        [
          -0.051784,
          -0.938721,
          -0.340766,
          1.407942
        ],
        [
          0.0,
          0.0,
          0.0,
          1.0
        ]
      ]
    },
    {
      "file_path": "/media/NFS/ttao/scannet/posed_images/scene0649_01/00167.jpg",
      "transform_matrix": [
        [
          -0.814,
          -0.161551,
          0.557947,
          1.383234
        ],
        [
          -0.578446,
          0.313004,
          -0.753278,
          1.555895
        ],
        [
          -0.052947,
          -0.935911,
          -0.348234,
          1.404862
        ],
        [
          0.0,
          0.0,
          0.0,
          1.0
        ]
      ]
    },
    {
      "file_path": "/media/NFS/ttao/scannet/posed_images/scene0649_01/00171.jpg",
      "transform_matrix": [
        [
          -0.805792,
          -0.177086,
          0.565101,
          1.396984
        ],
        [
          -0.589199,
          0.335663,
          -0.734967,
          1.570504
        ],
        [
          -0.059531,
          -0.925187,
          -0.374813,
          1.391882
        ],
        [
          0.0,
          0.0,
          0.0,
          1.0
        ]
      ]
    },
    {
      "file_path": "/media/NFS/ttao/scannet/posed_images/scene0649_01/00175.jpg",
      "transform_matrix": [
        [
          -0.800071,
          -0.186142,
          0.570296,
          1.407944
        ],
        [
          -0.595887,
          0.356434,
          -0.719634,
          1.584249
        ],
        [
          -0.069319,
          -0.915591,
          -0.396092,
          1.37617
        ],
        [
          0.0,
          0.0,
          0.0,
          1.0
        ]
      ]
    },
    {
      "file_path": "/media/NFS/ttao/scannet/posed_images/scene0649_01/00176.jpg",
      "transform_matrix": [
        [
          -0.800886,
          -0.189318,
          0.568102,
          1.409678
        ],
        [
          -0.594568,
          0.364212,
          -0.716825,
          1.586123
        ],
        [
          -0.071202,
          -0.911871,
          -0.404255,
          1.371953
        ],
        [
          0.0,
          0.0,
          0.0,
          1.0
        ]
      ]
    },
    {
      "file_path": "/media/NFS/ttao/scannet/posed_images/scene0649_01/00182.jpg",
      "transform_matrix": [
        [
          -0.830242,
          -0.235494,
          0.505214,
          1.425603
        ],
        [
          -0.554172,
          0.446185,
          -0.702718,
          1.585167
        ],
        [
          -0.059933,
          -0.863401,
          -0.500945,
          1.346473
        ],
        [
          0.0,
          0.0,
          0.0,
          1.0
        ]
      ]
    },
    {
      "file_path": "/media/NFS/ttao/scannet/posed_images/scene0649_01/00185.jpg",
      "transform_matrix": [
        [
          -0.844991,
          -0.244895,
          0.475412,
          1.424731
        ],
        [
          -0.531296,
          0.485741,
          -0.694103,
          1.586026
        ],
        [
          -0.060945,
          -0.839096,
          -0.540559,
          1.326044
        ],
        [
          0.0,
          0.0,
          0.0,
          1.0
        ]
      ]
    },
    {
      "file_path": "/media/NFS/ttao/scannet/posed_images/scene0649_01/00186.jpg",
      "transform_matrix": [
        [
          -0.85042,
          -0.246569,
          0.464746,
          1.426138
        ],
        [
          -0.522581,
          0.497964,
          -0.692056,
          1.585833
        ],
        [
          -0.060787,
          -0.831406,
          -0.552331,
          1.326718
        ],
        [
          0.0,
          0.0,
          0.0,
          1.0
        ]
      ]
    },
    {
      "file_path": "/media/NFS/ttao/scannet/posed_images/scene0649_01/00190.jpg",
      "transform_matrix": [
        [
          -0.874713,
          -0.25553,
          0.411801,
          1.430181
        ],
        [
          -0.483037,
          0.528726,
          -0.697942,
          1.586348
        ],
        [
          -0.039384,
          -0.809415,
          -0.585914,
          1.308186
        ],
        [
          0.0,
          0.0,
          0.0,
          1.0
        ]
      ]
    },
    {
      "file_path": "/media/NFS/ttao/scannet/posed_images/scene0649_01/00194.jpg",
      "transform_matrix": [
        [
          -0.895152,
          -0.250224,
          0.368904,
          1.426495
        ],
        [
          -0.445024,
          0.549233,
          -0.707317,
          1.578003
        ],
        [
          -0.025627,
          -0.797327,
          -0.603003,
          1.300904
        ],
        [
          0.0,
          0.0,
          0.0,
          1.0
        ]
      ]
    },
    {
      "file_path": "/media/NFS/ttao/scannet/posed_images/scene0649_01/00195.jpg",
      "transform_matrix": [
        [
          -0.89971,
          -0.249167,
          0.358383,
          1.425629
        ],
        [
          -0.436017,
          0.551216,
          -0.711372,
          1.575838
        ],
        [
          -0.020296,
          -0.796289,
          -0.604575,
          1.297901
        ],
        [
          0.0,
          0.0,
          0.0,
          1.0
        ]
      ]
    },
    {
      "file_path": "/media/NFS/ttao/scannet/posed_images/scene0649_01/00200.jpg",
      "transform_matrix": [
        [
          -0.92232,
          -0.228393,
          0.311708,
          1.418625
        ],
        [
          -0.386356,
          0.560442,
          -0.732553,
          1.561665
        ],
        [
          -0.007384,
          -0.796079,
          -0.605148,
          1.29922
        ],
        [
          0.0,
          0.0,
          0.0,
          1.0
        ]
      ]
    },
    {
      "file_path": "/media/NFS/ttao/scannet/posed_images/scene0649_01/00201.jpg",
      "transform_matrix": [
        [
          -0.927073,
          -0.222472,
          0.301733,
          1.416542
        ],
        [
          -0.374835,
          0.562909,
          -0.736636,
          1.558468
        ],
        [
          -0.005968,
          -0.796015,
          -0.605248,
          1.299336
        ],
        [
          0.0,
          0.0,
          0.0,
          1.0
        ]
      ]
    },
    {
      "file_path": "/media/NFS/ttao/scannet/posed_images/scene0649_01/00204.jpg",
      "transform_matrix": [
        [
          -0.941824,
          -0.201784,
          0.268794,
          1.410776
        ],
        [
          -0.3361,
          0.570248,
          -0.749569,
          1.549497
        ],
        [
          -0.002028,
          -0.796304,
          -0.604893,
          1.303005
        ],
        [
          0.0,
          0.0,
          0.0,
          1.0
        ]
      ]
    },
    {
      "file_path": "/media/NFS/ttao/scannet/posed_images/scene0649_01/00208.jpg",
      "transform_matrix": [
        [
          -0.963165,
          -0.162429,
          0.214314,
          1.402387
        ],
        [
          -0.268912,
          0.580301,
          -0.768724,
          1.535958
        ],
        [
          0.000497,
          -0.79804,
          -0.602605,
          1.302405
        ],
        [
          0.0,
          0.0,
          0.0,
          1.0
        ]
      ]
    },
    {
      "file_path": "/media/NFS/ttao/scannet/posed_images/scene0649_01/00212.jpg",
      "transform_matrix": [
        [
          -0.978188,
          -0.122,
          0.168117,
          1.389446
        ],
        [
          -0.207718,
          0.577681,
          -0.789391,
          1.517634
        ],
        [
          -0.000812,
          -0.807094,
          -0.590422,
          1.310066
        ],
        [
          0.0,
          0.0,
          0.0,
          1.0
        ]
      ]
    },
    {
      "file_path": "/media/NFS/ttao/scannet/posed_images/scene0649_01/00216.jpg",
      "transform_matrix": [
        [
          -0.988259,
          -0.084818,
          0.127081,
          1.377582
        ],
        [
          -0.152623,
          0.58655,
          -0.795403,
          1.491781
        ],
        [
          -0.007075,
          -0.80546,
          -0.592608,
          1.323577
        ],
        [
          0.0,
          0.0,
          0.0,
          1.0
        ]
      ]
    },
    {
      "file_path": "/media/NFS/ttao/scannet/posed_images/scene0649_01/00217.jpg",
      "transform_matrix": [
        [
          -0.989704,
          -0.076406,
          0.121025,
          1.374612
        ],
        [
          -0.142681,
          0.593308,
          -0.792229,
          1.483118
        ],
        [
          -0.011274,
          -0.801341,
          -0.598102,
          1.327773
        ],
        [
          0.0,
          0.0,
          0.0,
          1.0
        ]
      ]
    },
    {
      "file_path": "/media/NFS/ttao/scannet/posed_images/scene0649_01/00220.jpg",
      "transform_matrix": [
        [
          -0.992016,
          -0.058891,
          0.111515,
          1.375006
        ],
        [
          -0.124379,
          0.602943,
          -0.788029,
          1.458728
        ],
        [
          -0.02083,
          -0.795608,
          -0.605454,
          1.333453
        ],
        [
          0.0,
          0.0,
          0.0,
          1.0
        ]
      ]
    },
    {
      "file_path": "/media/NFS/ttao/scannet/posed_images/scene0649_01/00223.jpg",
      "transform_matrix": [
        [
          -0.993702,
          -0.048466,
          0.101033,
          1.377861
        ],
        [
          -0.110105,
          0.589827,
          -0.799988,
          1.43568
        ],
        [
          -0.02082,
          -0.806074,
          -0.591449,
          1.339031
        ],
        [
          0.0,
          0.0,
          0.0,
          1.0
        ]
      ]
    },
    {
      "file_path": "/media/NFS/ttao/scannet/posed_images/scene0649_01/00228.jpg",
      "transform_matrix": [
        [
          -0.995833,
          -0.040418,
          0.081754,
          1.392585
        ],
        [
          -0.090638,
          0.537937,
          -0.838098,
          1.402235
        ],
        [
          -0.010104,
          -0.842016,
          -0.539359,
          1.367383
        ],
        [
          0.0,
          0.0,
          0.0,
          1.0
        ]
      ]
    },
    {
      "file_path": "/media/NFS/ttao/scannet/posed_images/scene0649_01/00231.jpg",
      "transform_matrix": [
        [
          -0.997174,
          -0.037678,
          0.064998,
          1.405107
        ],
        [
          -0.075127,
          0.505948,
          -0.859286,
          1.393267
        ],
        [
          -0.000509,
          -0.861741,
          -0.507348,
          1.384636
        ],
        [
          0.0,
          0.0,
          0.0,
          1.0
        ]
      ]
    },
    {
      "file_path": "/media/NFS/ttao/scannet/posed_images/scene0649_01/00232.jpg",
      "transform_matrix": [
        [
          -0.997492,
          -0.034891,
          0.061584,
          1.407161
        ],
        [
          -0.070782,
          0.492819,
          -0.867248,
          1.389136
        ],
        [
          -9.1e-05,
          -0.869432,
          -0.494053,
          1.389948
        ],
        [
          0.0,
          0.0,
          0.0,
          1.0
        ]
      ]
    },
    {
      "file_path": "/media/NFS/ttao/scannet/posed_images/scene0649_01/00237.jpg",
      "transform_matrix": [
        [
          -0.998932,
          -0.035761,
          0.029274,
          1.422891
        ],
        [
          -0.042231,
          0.449006,
          -0.89253,
          1.374126
        ],
        [
          0.018774,
          -0.892813,
          -0.450037,
          1.414588
        ],
        [
          0.0,
          0.0,
          0.0,
          1.0
        ]
      ]
    },
    {
      "file_path": "/media/NFS/ttao/scannet/posed_images/scene0649_01/00239.jpg",
      "transform_matrix": [
        [
          -0.9992,
          -0.030511,
          0.025861,
          1.428207
        ],
        [
          -0.036535,
          0.433159,
          -0.900577,
