{
  "frames": [
    {
      "file_path": "/media/NFS/ttao/scannet/posed_images/scene0553_00/00000.jpg",
      "transform_matrix": [
        [
          -0.881555,
          0.113407,
          -0.458258,
          1.476583
        ],
        [
          0.458846,
          0.434084,
          -0.775262,
          3.169727
        ],
        [
          0.111002,
          -0.893706,
          -0.434705,
          1.394928
        ],
        [
          0.0,
          0.0,
          0.0,
          1.0
        ]
      ]
    },
    {
      "file_path": "/media/NFS/ttao/scannet/posed_images/scene0553_00/00005.jpg",
      "transform_matrix": [
        [
          -0.881584,
          0.119687,
          -0.456601,
          1.478057
        ],
        [
          0.460191,
          0.43319,
          -0.774965,
          3.171433
        ],
        [
          0.105042,
          -0.89332,
          -0.436972,
          1.390934
        ],
        [
          0.0,
          0.0,
          0.0,
          1.0
        ]
      ]
    },
    {
      "file_path": "/media/NFS/ttao/scannet/posed_images/scene0553_00/00011.jpg",
      "transform_matrix": [
        [
          -0.897011,
          0.119429,
          -0.425567,
          1.489667
        ],
        [
          0.432534,
          0.435445,
          -0.789495,
          3.173504
        ],
        [
          0.091022,
          -0.892258,
          -0.442256,
          1.371513
        ],
        [
          0.0,
          0.0,
          0.0,
          1.0
        ]
      ]
    },
    {
      "file_path": "/media/NFS/ttao/scannet/posed_images/scene0553_00/00018.jpg",
      "transform_matrix": [
        [
          -0.892271,
          0.158126,
          -0.422905,
          1.483234
        ],
        [
          0.44534,
          0.462426,
          -0.766704,
          3.185938
        ],
        [
          0.074326,
          -0.872444,
          -0.483029,
          1.340516
        ],
        [
          0.0,
          0.0,
          0.0,
          1.0
        ]
      ]
    },
    {
      "file_path": "/media/NFS/ttao/scannet/posed_images/scene0553_00/00020.jpg",
      "transform_matrix": [
        [
          -0.888651,
          0.175662,
          -0.423607,
          1.481796
        ],
        [
          0.454816,
          0.455787,
          -0.765115,
          3.19001
        ],
        [
          0.058673,
          -0.872583,
          -0.48493,
          1.331537
        ],
        [
          0.0,
          0.0,
          0.0,
          1.0
        ]
      ]
    },
    {
      "file_path": "/media/NFS/ttao/scannet/posed_images/scene0553_00/00026.jpg",
      "transform_matrix": [
        [
          -0.868386,
          0.215041,
          -0.446838,
          1.484709
        ],
        [
          0.495057,
          0.42813,
          -0.756058,
          3.198108
        ],
        [
          0.028721,
          -0.87776,
          -0.478239,
          1.302033
        ],
        [
          0.0,
          0.0,
          0.0,
          1.0
        ]
      ]
    },
    {
      "file_path": "/media/NFS/ttao/scannet/posed_images/scene0553_00/00032.jpg",
      "transform_matrix": [
        [
          -0.845275,
          0.230105,
          -0.482247,
          1.507355
        ],
        [
          0.534011,
          0.395029,
          -0.747519,
          3.204544
        ],
        [
          0.018493,
          -0.889384,
          -0.456786,
          1.289286
        ],
        [
          0.0,
          0.0,
          0.0,
          1.0
        ]
      ]
    },
    {
      "file_path": "/media/NFS/ttao/scannet/posed_images/scene0553_00/00038.jpg",
      "transform_matrix": [
        [
          -0.814564,
          0.256536,
          -0.520265,
          1.553253
        ],
        [
          0.579392,
          0.403285,
          -0.708284,
          3.209901
        ],
        [
          0.028114,
          -0.87838,
          -0.477136,
          1.271976
        ],
        [
          0.0,
          0.0,
          0.0,
          1.0
        ]
      ]
    },
    {
      "file_path": "/media/NFS/ttao/scannet/posed_images/scene0553_00/00042.jpg",
      "transform_matrix": [
        [
          -0.767204,
          0.27931,
          -0.577394,
          1.603698
        ],
        [
          0.639432,
          0.403591,
          -0.654402,
          3.209292
        ],
        [
          0.05025,
          -0.871263,
          -0.488236,
          1.262072
        ],
        [
          0.0,
          0.0,
          0.0,
          1.0
        ]
      ]
    },
    {
      "file_path": "/media/NFS/ttao/scannet/posed_images/scene0553_00/00044.jpg",
      "transform_matrix": [
        [
          -0.746235,
          0.291749,
          -0.598344,
          1.633346
        ],
        [
          0.664077,
          0.388652,
          -0.638711,
          3.212871
        ],
        [
          0.046204,
          -0.873975,
          -0.48377,
          1.26091
        ],
        [
          0.0,
          0.0,
          0.0,
          1.0
        ]
      ]
    },
    {
      "file_path": "/media/NFS/ttao/scannet/posed_images/scene0553_00/00050.jpg",
      "transform_matrix": [
        [
          -0.715961,
          0.337807,
          -0.610971,
          1.718305
        ],
        [
          0.69791,
          0.368771,
          -0.613946,
          3.215837
        ],
        [
          0.017913,
          -0.865964,
          -0.499785,
          1.245232
        ],
        [
          0.0,
          0.0,
          0.0,
          1.0
        ]
      ]
    },
    {
      "file_path": "/media/NFS/ttao/scannet/posed_images/scene0553_00/00057.jpg",
      "transform_matrix": [
        [
          -0.691874,
          0.378889,
          -0.614616,
          1.762554
        ],
        [
          0.721111,
          0.405279,
          -0.561915,
          3.226856
        ],
        [
          0.036188,
          -0.831981,
          -0.553623,
          1.238607
        ],
        [
          0.0,
          0.0,
          0.0,
          1.0
        ]
      ]
    },
    {
      "file_path": "/media/NFS/ttao/scannet/posed_images/scene0553_00/00062.jpg",
      "transform_matrix": [
        [
          -0.676142,
          0.394575,
          -0.622209,
          1.756213
        ],
        [
          0.735507,
          0.410953,
          -0.538654,
          3.236801
        ],
        [
          0.043159,
          -0.821845,
          -0.568074,
          1.258863
        ],
        [
          0.0,
          0.0,
          0.0,
          1.0
        ]
      ]
    },
    {
      "file_path": "/media/NFS/ttao/scannet/posed_images/scene0553_00/00065.jpg",
      "transform_matrix": [
        [
          -0.659607,
          0.406872,
          -0.63196,
          1.741803
        ],
        [
          0.750654,
          0.399038,
          -0.526582,
          3.237806
        ],
        [
          0.037925,
          -0.82172,
          -0.568628,
          1.288691
        ],
        [
          0.0,
          0.0,
          0.0,
          1.0
        ]
      ]
    },
    {
      "file_path": "/media/NFS/ttao/scannet/posed_images/scene0553_00/00072.jpg",
      "transform_matrix": [
        [
          -0.648138,
          0.339673,
          -0.681572,
          1.693105
        ],
        [
          0.760643,
          0.331792,
          -0.557976,
          3.269293
        ],
        [
          0.036611,
          -0.880078,
          -0.473416,
          1.322505
        ],
        [
          0.0,
          0.0,
          0.0,
          1.0
        ]
      ]
    },
    {
      "file_path": "/media/NFS/ttao/scannet/posed_images/scene0553_00/00078.jpg",
      "transform_matrix": [
        [
          -0.70382,
          0.293616,
          -0.64686,
          1.636329
        ],
        [
          0.708611,
          0.354379,
          -0.610153,
          3.285545
        ],
        [
          0.050083,
          -0.887809,
          -0.457478,
          1.34816
        ],
        [
          0.0,
          0.0,
          0.0,
          1.0
        ]
      ]
    },
    {
      "file_path": "/media/NFS/ttao/scannet/posed_images/scene0553_00/00083.jpg",
      "transform_matrix": [
        [
          -0.75227,
          0.246298,
          -0.611088,
          1.595859
        ],
        [
          0.653506,
          0.396892,
          -0.644521,
          3.306043
        ],
        [
          0.083791,
          -0.884203,
          -0.459526,
          1.346267
        ],
        [
          0.0,
          0.0,
          0.0,
          1.0
        ]
      ]
    },
    {
      "file_path": "/media/NFS/ttao/scannet/posed_images/scene0553_00/00084.jpg",
      "transform_matrix": [
        [
          -0.752985,
          0.24269,
          -0.61165,
          1.588235
        ],
        [
          0.651849,
          0.402279,
          -0.642857,
          3.306705
        ],
        [
          0.090039,
          -0.882764,
          -0.461107,
          1.348072
        ],
        [
          0.0,
          0.0,
          0.0,
          1.0
        ]
      ]
    },
    {
      "file_path": "/media/NFS/ttao/scannet/posed_images/scene0553_00/00093.jpg",
      "transform_matrix": [
        [
          -0.740262,
          0.237416,
          -0.629004,
          1.50383
        ],
        [
          0.662256,
          0.418754,
          -0.621338,
          3.316773
        ],
        [
          0.115882,
          -0.876515,
          -0.467218,
          1.354356
        ],
        [
          0.0,
          0.0,
          0.0,
          1.0
        ]
      ]
    },
    {
      "file_path": "/media/NFS/ttao/scannet/posed_images/scene0553_00/00095.jpg",
      "transform_matrix": [
        [
          -0.745161,
          0.234294,
          -0.624372,
          1.484929
        ],
        [
          0.6565,
          0.422296,
          -0.625039,
          3.315033
        ],
        [
          0.117227,
          -0.875655,
          -0.468493,
          1.353885
        ],
        [
          0.0,
          0.0,
          0.0,
          1.0
        ]
      ]
    },
    {
      "file_path": "/media/NFS/ttao/scannet/posed_images/scene0553_00/00099.jpg",
      "transform_matrix": [
        [
          -0.769616,
          0.218008,
          -0.600137,
          1.449063
        ],
        [
          0.626922,
          0.436245,
          -0.645492,
          3.306201
        ],
        [
          0.121084,
          -0.873019,
          -0.472415,
          1.348528
        ],
        [
          0.0,
          0.0,
          0.0,
          1.0
        ]
      ]
    },
    {
      "file_path": "/media/NFS/ttao/scannet/posed_images/scene0553_00/00104.jpg",
      "transform_matrix": [
        [
          -0.784592,
          0.233073,
          -0.574536,
          1.398578
        ],
        [
          0.608682,
          0.465895,
          -0.642222,
          3.290391
        ],
        [
          0.117989,
          -0.853592,
          -0.507405,
          1.339851
        ],
        [
          0.0,
          0.0,
          0.0,
          1.0
        ]
      ]
    },
    {
      "file_path": "/media/NFS/ttao/scannet/posed_images/scene0553_00/00113.jpg",
      "transform_matrix": [
        [
          -0.761065,
          0.276511,
          -0.58679,
          1.342308
        ],
        [
          0.64144,
          0.455542,
          -0.617282,
          3.275555
        ],
        [
          0.096622,
          -0.846182,
          -0.524062,
          1.350168
        ],
        [
          0.0,
          0.0,
          0.0,
          1.0
        ]
      ]
    },
    {
      "file_path": "/media/NFS/ttao/scannet/posed_images/scene0553_00/00114.jpg",
      "transform_matrix": [
        [
          -0.75706,
          0.280185,
          -0.590217,
          1.340764
        ],
        [
          0.646154,
          0.454751,
          -0.612933,
          3.27501
        ],
        [
          0.096667,
          -0.845398,
          -0.525316,
          1.348668
        ],
        [
          0.0,
          0.0,
          0.0,
          1.0
        ]
      ]
    },
    {
      "file_path": "/media/NFS/ttao/scannet/posed_images/scene0553_00/00119.jpg",
      "transform_matrix": [
        [
          -0.728853,
          0.306318,
          -0.612326,
          1.33528
        ],
        [
          0.677486,
          0.451886,
          -0.580356,
          3.266821
        ],
        [
          0.098928,
          -0.837836,
          -0.536884,
          1.349437
        ],
        [
          0.0,
          0.0,
          0.0,
          1.0
        ]
      ]
    },
    {
      "file_path": "/media/NFS/ttao/scannet/posed_images/scene0553_00/00128.jpg",
      "transform_matrix": [
        [
          -0.657531,
          0.332107,
          -0.676283,
          1.370851
        ],
        [
          0.746629,
          0.40753,
          -0.525799,
          3.242476
        ],
        [
          0.100984,
          -0.850661,
          -0.515924,
          1.367816
        ],
        [
          0.0,
          0.0,
          0.0,
          1.0
        ]
      ]
    },
    {
      "file_path": "/media/NFS/ttao/scannet/posed_images/scene0553_00/00129.jpg",
      "transform_matrix": [
        [
          -0.649355,
          0.330401,
          -0.684962,
          1.382086
        ],
        [
          0.753416,
          0.402019,
          -0.520331,
          3.239379
        ],
        [
          0.10345,
          -0.853942,
          -0.509982,
          1.367807
        ],
        [
          0.0,
          0.0,
          0.0,
          1.0
        ]
      ]
    },
    {
      "file_path": "/media/NFS/ttao/scannet/posed_images/scene0553_00/00137.jpg",
      "transform_matrix": [
        [
          -0.537715,
          0.333294,
          -0.774453,
          1.489095
        ],
        [
          0.835236,
          0.335948,
          -0.435338,
          3.208189
        ],
        [
          0.115081,
          -0.880939,
          -0.459023,
          1.380771
        ],
        [
          0.0,
          0.0,
          0.0,
          1.0
        ]
      ]
    },
    {
      "file_path": "/media/NFS/ttao/scannet/posed_images/scene0553_00/00140.jpg",
      "transform_matrix": [
        [
          -0.504178,
          0.348695,
          -0.790074,
          1.527554
        ],
        [
          0.858081,
          0.305532,
          -0.412732,
          3.19906
        ],
        [
          0.097475,
          -0.886037,
          -0.453251,
          1.385967
        ],
        [
          0.0,
          0.0,
          0.0,
          1.0
        ]
      ]
    },
    {
      "file_path": "/media/NFS/ttao/scannet/posed_images/scene0553_00/00147.jpg",
      "transform_matrix": [
        [
          -0.447451,
          0.338627,
          -0.82772,
          1.605938
        ],
        [
          0.889497,
          0.264393,
          -0.372682,
          3.170905
        ],
        [
          0.092643,
          -0.903011,
          -0.41951,
          1.402984
        ],
        [
          0.0,
          0.0,
          0.0,
          1.0
        ]
      ]
    },
    {
      "file_path": "/media/NFS/ttao/scannet/posed_images/scene0553_00/00150.jpg",
      "transform_matrix": [
        [
          -0.424377,
          0.316118,
          -0.848512,
          1.641135
        ],
        [
          0.900509,
          0.245456,
          -0.358937,
          3.149121
        ],
        [
          0.094806,
          -0.916417,
          -0.388833,
          1.407058
        ],
        [
          0.0,
          0.0,
          0.0,
          1.0
        ]
      ]
    },
    {
      "file_path": "/media/NFS/ttao/scannet/posed_images/scene0553_00/00158.jpg",
      "transform_matrix": [
        [
          -0.379969,
          0.287822,
          -0.87908,
          1.715939
        ],
        [
          0.921007,
          0.205922,
          -0.330669,
          3.053012
        ],
        [
          0.085849,
          -0.935283,
          -0.34333,
          1.412653
        ],
        [
          0.0,
          0.0,
          0.0,
          1.0
        ]
      ]
    },
    {
      "file_path": "/media/NFS/ttao/scannet/posed_images/scene0553_00/00162.jpg",
      "transform_matrix": [
        [
          -0.36493,
          0.281487,
          -0.887463,
          1.747121
        ],
        [
          0.927156,
          0.196791,
          -0.318833,
          3.014696
        ],
        [
          0.084897,
          -0.939169,
          -0.332797,
          1.417197
        ],
        [
          0.0,
          0.0,
          0.0,
          1.0
        ]
      ]
    },
    {
      "file_path": "/media/NFS/ttao/scannet/posed_images/scene0553_00/00164.jpg",
      "transform_matrix": [
        [
          -0.352713,
          0.279436,
          -0.893033,
          1.758873
        ],
        [
          0.932178,
          0.188028,
          -0.309339,
          3.000349
        ],
        [
          0.081475,
          -0.941574,
          -0.326804,
          1.422026
        ],
        [
          0.0,
          0.0,
          0.0,
          1.0
        ]
      ]
    },
    {
      "file_path": "/media/NFS/ttao/scannet/posed_images/scene0553_00/00173.jpg",
      "transform_matrix": [
        [
          -0.343202,
          0.243343,
          -0.907192,
          1.802215
        ],
        [
          0.937216,
          0.152432,
          -0.313673,
          2.98443
        ],
        [
          0.061954,
          -0.957888,
          -0.28038,
          1.438164
        ],
        [
          0.0,
          0.0,
          0.0,
          1.0
        ]
      ]
    },
    {
      "file_path": "/media/NFS/ttao/scannet/posed_images/scene0553_00/00176.jpg",
      "transform_matrix": [
        [
          -0.335817,
          0.227764,
          -0.913975,
          1.816852
        ],
        [
          0.939908,
          0.144535,
          -0.309327,
          2.98648
        ],
        [
          0.061647,
          -0.962929,
          -0.262615,
          1.445555
        ],
        [
          0.0,
          0.0,
          0.0,
          1.0
        ]
      ]
    },
    {
      "file_path": "/media/NFS/ttao/scannet/posed_images/scene0553_00/00180.jpg",
      "transform_matrix": [
        [
          -0.312856,
          0.223455,
          -0.923141,
          1.840857
        ],
        [
          0.947433,
          0.141994,
          -0.286718,
          2.997413
        ],
        [
          0.067012,
          -0.964316,
          -0.256133,
          1.448665
        ],
        [
          0.0,
          0.0,
          0.0,
          1.0
        ]
      ]
    },
    {
      "file_path": "/media/NFS/ttao/scannet/posed_images/scene0553_00/00188.jpg",
      "transform_matrix": [
        [
          -0.23276,
          0.255657,
          -0.938329,
          1.889474
        ],
        [
          0.971317,
          0.109374,
          -0.211143,
          3.031106
        ],
        [
          0.048649,
          -0.960561,
          -0.273782,
          1.447052
        ],
        [
          0.0,
          0.0,
          0.0,
          1.0
        ]
      ]
    },
    {
      "file_path": "/media/NFS/ttao/scannet/posed_images/scene0553_00/00192.jpg",
      "transform_matrix": [
        [
          -0.197061,
          0.262475,
          -0.944603,
          1.902229
        ],
        [
          0.979941,
          0.081925,
          -0.181669,
          3.062928
        ],
        [
          0.029703,
          -0.961455,
          -0.273354,
          1.444883
        ],
        [
          0.0,
          0.0,
          0.0,
          1.0
        ]
      ]
    },
    {
      "file_path": "/media/NFS/ttao/scannet/posed_images/scene0553_00/00197.jpg",
      "transform_matrix": [
        [
          -0.14689,
          0.272596,
          -0.95085,
          1.924823
        ],
        [
          0.988476,
          0.076011,
          -0.130911,
          3.06595
        ],
        [
          0.036589,
          -0.959121,
          -0.28062,
          1.450621
        ],
        [
          0.0,
          0.0,
          0.0,
          1.0
        ]
      ]
    },
    {
      "file_path": "/media/NFS/ttao/scannet/posed_images/scene0553_00/00200.jpg",
      "transform_matrix": [
        [
          -0.127976,
          0.267442,
          -0.955037,
          1.93541
        ],
        [
          0.990885,
          0.075323,
          -0.111687,
          3.075345
        ],
        [
          0.042067,
          -0.960625,
          -0.274644,
          1.451623
        ],
        [
          0.0,
          0.0,
          0.0,
          1.0
        ]
      ]
    },
    {
      "file_path": "/media/NFS/ttao/scannet/posed_images/scene0553_00/00207.jpg",
      "transform_matrix": [
        [
          -0.064286,
          0.280743,
          -0.957628,
          1.953906
        ],
        [
          0.996362,
          0.071858,
          -0.04582,
          3.049758
        ],
        [
          0.05595,
          -0.957089,
          -0.284341,
          1.445729
        ],
        [
          0.0,
          0.0,
          0.0,
          1.0
        ]
      ]
    },
    {
      "file_path": "/media/NFS/ttao/scannet/posed_images/scene0553_00/00213.jpg",
      "transform_matrix": [
        [
          0.026538,
          0.295707,
          -0.95491,
          1.953404
        ],
        [
          0.998107,
          0.045178,
          0.041729,
          3.003624
        ],
        [
          0.05548,
          -0.95421,
          -0.293948,
          1.426541
        ],
        [
          0.0,
          0.0,
          0.0,
          1.0
        ]
      ]
    },
    {
      "file_path": "/media/NFS/ttao/scannet/posed_images/scene0553_00/00215.jpg",
      "transform_matrix": [
        [
          0.052706,
          0.29528,
          -0.953956,
          1.952715
        ],
        [
          0.996595,
          0.045109,
          0.069025,
          2.985556
        ],
        [
          0.063414,
          -0.954345,
          -0.291897,
          1.425433
        ],
        [
          0.0,
          0.0,
          0.0,
          1.0
        ]
      ]
    },
    {
      "file_path": "/media/NFS/ttao/scannet/posed_images/scene0553_00/00222.jpg",
      "transform_matrix": [
        [
          0.1092,
          0.272378,
          -0.955974,
          1.947615
        ],
        [
          0.990812,
          0.047374,
          0.126678,
          2.963061
        ],
        [
          0.079793,
          -0.961023,
          -0.264702,
          1.441934
        ],
        [
          0.0,
          0.0,
          0.0,
          1.0
        ]
      ]
    },
    {
      "file_path": "/media/NFS/ttao/scannet/posed_images/scene0553_00/00224.jpg",
      "transform_matrix": [
        [
          0.114035,
          0.262567,
          -0.958152,
          1.945313
        ],
        [
          0.990153,
          0.048787,
          0.131213,
          2.956975
        ],
        [
          0.081197,
          -0.96368,
          -0.254418,
          1.448218
        ],
        [
          0.0,
          0.0,
          0.0,
          1.0
        ]
      ]
    },
    {
      "file_path": "/media/NFS/ttao/scannet/posed_images/scene0553_00/00233.jpg",
      "transform_matrix": [
        [
          0.158618,
          0.197958,
          -0.967292,
          1.936911
        ],
        [
          0.983263,
          0.057272,
          0.172958,
          2.946675
        ],
        [
          0.089637,
          -0.978536,
          -0.185561,
          1.465349
        ],
        [
          0.0,
          0.0,
          0.0,
          1.0
        ]
      ]
    },
    {
      "file_path": "/media/NFS/ttao/scannet/posed_images/scene0553_00/00237.jpg",
      "transform_matrix": [
        [
          0.182696,
          0.179114,
          -0.966716,
          1.929277
        ],
        [
          0.978322,
          0.0644,
          0.196821,
          2.944962
        ],
        [
          0.09751,
          -0.981718,
          -0.163466,
          1.476593
        ],
        [
          0.0,
          0.0,
          0.0,
          1.0
        ]
      ]
    },
    {
      "file_path": "/media/NFS/ttao/scannet/posed_images/scene0553_00/00243.jpg",
      "transform_matrix": [
        [
          0.19563,
          0.162188,
          -0.967173,
          1.921543
        ],
        [
          0.976265,
          0.061251,
          0.20774,
          2.956011
        ],
        [
          0.092933,
          -0.984857,
          -0.146355,
          1.483463
        ],
        [
          0.0,
          0.0,
          0.0,
          1.0
        ]
      ]
    },
    {
      "file_path": "/media/NFS/ttao/scannet/posed_images/scene0553_00/00245.jpg",
      "transform_matrix": [
        [
          0.194119,
          0.1602,
          -0.967809,
          1.918784
        ],
        [
          0.976833,
          0.059031,
          0.205701,
          2.958246
        ],
        [
          0.090084,
          -0.985318,
          -0.14503,
          1.483172
        ],
        [
          0.0,
          0.0,
          0.0,
          1.0
        ]
      ]
    },
    {
      "file_path": "/media/NFS/ttao/scannet/posed_images/scene0553_00/00249.jpg",
      "transform_matrix": [
        [
          0.198261,
          0.158991,
          -0.967168,
          1.910591
        ],
        [
          0.975947,
          0.059254,
          0.209801,
          2.964827
        ],
        [
          0.090666,
          -0.9855,
          -0.143419,
          1.484382
        ],
        [
          0.0,
          0.0,
          0.0,
          1.0
        ]
      ]
    },
    {
      "file_path": "/media/NFS/ttao/scannet/posed_images/scene0553_00/00254.jpg",
      "transform_matrix": [
        [
          0.213554,
          0.156221,
          -0.96436,
          1.892578
        ],
        [
          0.972441,
          0.060543,
          0.225151,
          2.98296
        ],
        [
          0.093558,
          -0.985865,
          -0.138987,
          1.479656
        ],
        [
          0.0,
          0.0,
          0.0,
          1.0
        ]
      ]
    },
    {
      "file_path": "/media/NFS/ttao/scannet/posed_images/scene0553_00/00260.jpg",
      "transform_matrix": [
        [
          0.233287,
          0.140792,
          -0.962161,
          1.872156
        ],
        [
          0.968278,
          0.057462,
          0.243179,
          3.012313
        ],
        [
          0.089525,
          -0.98837,
          -0.122921,
          1.489264
        ],
        [
          0.0,
          0.0,
          0.0,
          1.0
        ]
      ]
    },
    {
      "file_path": "/media/NFS/ttao/scannet/posed_images/scene0553_00/00267.jpg",
      "transform_matrix": [
        [
          0.267996,
          0.109778,
          -0.957145,
          1.849661
        ],
        [
          0.959518,
          0.058915,
          0.275418,
          3.04382
        ],
        [
          0.086626,
          -0.992208,
          -0.089545,
          1.50418
        ],
        [
          0.0,
          0.0,
          0.0,
          1.0
        ]
      ]
    },
    {
      "file_path": "/media/NFS/ttao/scannet/posed_images/scene0553_00/00270.jpg",
      "transform_matrix": [
        [
          0.306539,
          0.10752,
          -0.945766,
          1.836568
        ],
        [
          0.947704,
          0.058253,
          0.31379,
          3.045171
        ],
        [
          0.088832,
          -0.992495,
          -0.084041,
          1.491528
        ],
        [
          0.0,
          0.0,
          0.0,
          1.0
        ]
      ]
    },
    {
      "file_path": "/media/NFS/ttao/scannet/posed_images/scene0553_00/00278.jpg",
      "transform_matrix": [
        [
          0.402196,
          0.104449,
          -0.909576,
          1.806197
        ],
        [
          0.911567,
          0.046929,
          0.408465,
          3.033294
        ],
        [
          0.085349,
          -0.993422,
          -0.076337,
          1.492253
        ],
        [
          0.0,
          0.0,
          0.0,
          1.0
        ]
      ]
    },
    {
      "file_path": "/media/NFS/ttao/scannet/posed_images/scene0553_00/00282.jpg",
      "transform_matrix": [
        [
          0.437977,
          0.103474,
          -0.893012,
          1.795443
        ],
        [
          0.896513,
          0.023373,
          0.442402,
          3.00785
        ],
        [
          0.066649,
          -0.994357,
          -0.082529,
          1.490188
        ],
        [
          0.0,
          0.0,
          0.0,
          1.0
        ]
      ]
    },
    {
      "file_path": "/media/NFS/ttao/scannet/posed_images/scene0553_00/00284.jpg",
      "transform_matrix": [
        [
          0.452198,
          0.106851,
          -0.885494,
          1.786832
        ],
        [
          0.889964,
          0.011623,
          0.455883,
          2.990655
        ],
        [
          0.059004,
          -0.994207,
          -0.089838,
          1.489978
        ],
        [
          0.0,
          0.0,
          0.0,
          1.0
        ]
      ]
    },
    {
      "file_path": "/media/NFS/ttao/scannet/posed_images/scene0553_00/00293.jpg",
      "transform_matrix": [
        [
          0.546305,
          0.106876,
          -0.83074,
          1.760934
        ],
        [
          0.836714,
          -0.024375,
          0.547098,
          2.926456
        ],
        [
          0.038223,
          -0.993973,
          -0.102741,
          1.478551
        ],
        [
          0.0,
          0.0,
          0.0,
          1.0
        ]
      ]
    },
    {
      "file_path": "/media/NFS/ttao/scannet/posed_images/scene0553_00/00294.jpg",
      "transform_matrix": [
        [
          0.553568,
          0.108243,
          -0.82574,
          1.760999
        ],
        [
          0.831839,
          -0.024142,
          0.554492,
          2.92319
        ],
        [
          0.040085,
          -0.993831,
          -0.103405,
          1.47546
        ],
        [
          0.0,
          0.0,
          0.0,
          1.0
        ]
      ]
    },
    {
      "file_path": "/media/NFS/ttao/scannet/posed_images/scene0553_00/00300.jpg",
      "transform_matrix": [
        [
          0.585009,
          0.133474,
          -0.799968,
          1.768369
        ],
        [
          0.809706,
          -0.039847,
          0.585482,
          2.909137
        ],
        [
          0.04627,
          -0.990251,
          -0.131386,
          1.451931
        ],
        [
          0.0,
          0.0,
          0.0,
          1.0
        ]
      ]
    },
    {
      "file_path": "/media/NFS/ttao/scannet/posed_images/scene0553_00/00308.jpg",
      "transform_matrix": [
        [
          0.606096,
          0.15296,
          -0.780545,
          1.807701
        ],
        [
          0.794425,
          -0.068039,
          0.60354,
          2.917792
        ],
        [
          0.03921,
          -0.985887,
          -0.162753,
          1.432064
        ],
        [
          0.0,
          0.0,
          0.0,
          1.0
        ]
      ]
    },
    {
      "file_path": "/media/NFS/ttao/scannet/posed_images/scene0553_00/00311.jpg",
      "transform_matrix": [
        [
          0.615025,
          0.173831,
          -0.769108,
          1.825627
        ],
        [
          0.786641,
          -0.068187,
          0.613634,
          2.92305
        ],
        [
          0.054226,
          -0.982412,
          -0.178679,
          1.412648
        ],
        [
          0.0,
          0.0,
          0.0,
          1.0
        ]
      ]
    },
    {
      "file_path": "/media/NFS/ttao/scannet/posed_images/scene0553_00/00314.jpg",
      "transform_matrix": [
        [
          0.620762,
          0.175002,
          -0.764218,
          1.849985
        ],
        [
          0.782491,
          -0.07785,
          0.617777,
          2.932789
        ],
        [
          0.048618,
          -0.981485,
          -0.185263,
          1.403145
        ],
        [
          0.0,
          0.0,
          0.0,
          1.0
        ]
      ]
    },
    {
      "file_path": "/media/NFS/ttao/scannet/posed_images/scene0553_00/00321.jpg",
      "transform_matrix": [
        [
          0.627846,
          0.199641,
          -0.752298,
          1.894281
        ],
        [
          0.776468,
          -0.09369,
          0.623154,
          2.960801
        ],
        [
          0.053924,
          -0.97538,
          -0.213838,
          1.375666
        ],
        [
          0.0,
          0.0,
          0.0,
          1.0
        ]
      ]
    },
    {
      "file_path": "/media/NFS/ttao/scannet/posed_images/scene0553_00/00327.jpg",
      "transform_matrix": [
        [
          0.660685,
          0.237072,
          -0.712245,
          1.903147
        ],
        [
          0.747386,
          -0.119184,
          0.653612,
          2.970804
        ],
        [
          0.070065,
          -0.964153,
          -0.255927,
          1.359661
        ],
        [
          0.0,
          0.0,
          0.0,
          1.0
        ]
      ]
    },
    {
      "file_path": "/media/NFS/ttao/scannet/posed_images/scene0553_00/00332.jpg",
      "transform_matrix": [
        [
          0.691455,
          0.232808,
          -0.683879,
          1.8925
        ],
        [
          0.719779,
          -0.141155,
          0.679701,
          2.982628
        ],
        [
          0.061707,
          -0.962224,
          -0.265173,
          1.329533
        ],
        [
          0.0,
          0.0,
          0.0,
          1.0
        ]
      ]
    },
    {
      "file_path": "/media/NFS/ttao/scannet/posed_images/scene0553_00/00336.jpg",
      "transform_matrix": [
        [
          0.72208,
          0.231788,
          -0.651825,
          1.873772
        ],
        [
          0.688946,
          -0.155279,
          0.707985,
          2.985795
        ],
        [
          0.062888,
          -0.960293,
          -0.271814,
          1.324882
        ],
        [
          0.0,
          0.0,
          0.0,
          1.0
        ]
      ]
    },
    {
      "file_path": "/media/NFS/ttao/scannet/posed_images/scene0553_00/00341.jpg",
      "transform_matrix": [
        [
          0.757072,
          0.215529,
          -0.616757,
          1.838294
        ],
        [
          0.651411,
          -0.176676,
          0.737868,
          2.97991
        ],
        [
          0.050066,
          -0.960381,
          -0.274155,
          1.304434
        ],
        [
          0.0,
          0.0,
          0.0,
          1.0
        ]
      ]
    },
    {
      "file_path": "/media/NFS/ttao/scannet/posed_images/scene0553_00/00348.jpg",
      "transform_matrix": [
        [
          0.812776,
          0.14608,
          -0.563964,
          1.777295
        ],
        [
          0.582573,
          -0.200714,
          0.787606,
          2.95228
        ],
        [
          0.001858,
          -0.968697,
          -0.248237,
          1.292914
        ],
        [
          0.0,
          0.0,
          0.0,
          1.0
        ]
      ]
    },
    {
      "file_path": "/media/NFS/ttao/scannet/posed_images/scene0553_00/00350.jpg",
      "transform_matrix": [
        [
          0.824221,
          0.141199,
          -0.548382,
          1.761789
        ],
        [
          0.566267,
          -0.203258,
          0.798766,
          2.944202
        ],
        [
          0.001322,
          -0.968891,
          -0.247486,
          1.284573
        ],
        [
          0.0,
          0.0,
          0.0,
          1.0
        ]
      ]
    },
    {
      "file_path": "/media/NFS/ttao/scannet/posed_images/scene0553_00/00354.jpg",
      "transform_matrix": [
        [
          0.842004,
          0.145142,
          -0.519579,
          1.725445
        ],
        [
          0.539335,
          -0.204841,
          0.816797,
          2.925345
        ],
        [
          0.012121,
          -0.967974,
          -0.250758,
          1.278805
        ],
        [
          0.0,
          0.0,
          0.0,
          1.0
        ]
      ]
    },
    {
      "file_path": "/media/NFS/ttao/scannet/posed_images/scene0553_00/00363.jpg",
      "transform_matrix": [
        [
          0.854812,
          0.166459,
          -0.491516,
          1.672493
        ],
        [
          0.518686,
          -0.24451,
          0.819256,
          2.902486
        ],
        [
          0.016191,
          -0.955252,
          -0.29535,
          1.249099
        ],
        [
          0.0,
          0.0,
          0.0,
          1.0
        ]
      ]
    },
    {
      "file_path": "/media/NFS/ttao/scannet/posed_images/scene0553_00/00365.jpg",
      "transform_matrix": [
        [
          0.857964,
          0.161059,
          -0.487809,
          1.671391
        ],
        [
          0.513666,
          -0.256584,
          0.818726,
          2.902986
        ],
        [
          0.006699,
          -0.953008,
          -0.302871,
          1.246252
        ],
        [
          0.0,
          0.0,
          0.0,
          1.0
        ]
      ]
    },
    {
      "file_path": "/media/NFS/ttao/scannet/posed_images/scene0553_00/00372.jpg",
      "transform_matrix": [
        [
          0.868429,
          0.164181,
          -0.467841,
          1.674011
        ],
        [
          0.495791,
          -0.278616,
          0.822535,
          2.911222
        ],
        [
          0.004697,
          -0.946265,
          -0.323357,
          1.235501
        ],
        [
          0.0,
          0.0,
          0.0,
          1.0
        ]
      ]
    },
    {
      "file_path": "/media/NFS/ttao/scannet/posed_images/scene0553_00/00375.jpg",
      "transform_matrix": [
        [
          0.875406,
          0.156037,
          -0.457511,
          1.6854
        ],
        [
          0.483387,
          -0.280732,
          0.829173,
          2.919018
        ],
        [
          0.000944,
          -0.947017,
          -0.321181,
          1.234328
        ],
        [
          0.0,
          0.0,
          0.0,
          1.0
        ]
      ]
    },
    {
      "file_path": "/media/NFS/ttao/scannet/posed_images/scene0553_00/00383.jpg",
      "transform_matrix": [
        [
          0.879401,
          0.182656,
          -0.439649,
          1.752046
        ],
        [
          0.475857,
          -0.308869,
          0.823505,
          2.954167
        ],
        [
          0.014624,
          -0.933401,
          -0.358538,
          1.2346
        ],
        [
          0.0,
          0.0,
          0.0,
          1.0
        ]
      ]
    },
    {
      "file_path": "/media/NFS/ttao/scannet/posed_images/scene0553_00/00386.jpg",
      "transform_matrix": [
        [
          0.873235,
          0.194446,
          -0.446823,
          1.781173
        ],
        [
          0.486912,
          -0.311656,
          0.815958,
          2.969186
        ],
        [
          0.019405,
          -0.930086,
          -0.366828,
          1.236779
        ],
        [
          0.0,
          0.0,
          0.0,
