{
  "frames": [
    {
      "file_path": "/media/NFS/ttao/scannet/posed_images/scene0106_02/00000.jpg",
      "transform_matrix": [
        [
          -0.960951,
          -0.076729,
          0.265867,
          0.51275
        ],
        [
          -0.276487,
          0.305486,
          -0.911171,
          4.944678
        ],
        [
          -0.011306,
          -0.9491,
          -0.314772,
          1.668282
        ],
        [
          0.0,
          0.0,
          0.0,
          1.0
        ]
      ]
    },
    {
      "file_path": "/media/NFS/ttao/scannet/posed_images/scene0106_02/00004.jpg",
      "transform_matrix": [
        [
          -0.965939,
          -0.08767,
          0.243467,
          0.533113
        ],
        [
          -0.258656,
          0.299142,
          -0.918483,
          4.880257
        ],
        [
          0.007692,
          -0.950173,
          -0.311629,
          1.668956
        ],
        [
          0.0,
          0.0,
          0.0,
          1.0
        ]
      ]
    },
    {
      "file_path": "/media/NFS/ttao/scannet/posed_images/scene0106_02/00007.jpg",
      "transform_matrix": [
        [
          -0.968456,
          -0.096577,
          0.22971,
          0.548294
        ],
        [
          -0.248408,
          0.30134,
          -0.920591,
          4.851884
        ],
        [
          0.019687,
          -0.948614,
          -0.315824,
          1.666941
        ],
        [
          0.0,
          0.0,
          0.0,
          1.0
        ]
      ]
    },
    {
      "file_path": "/media/NFS/ttao/scannet/posed_images/scene0106_02/00010.jpg",
      "transform_matrix": [
        [
          -0.970314,
          -0.099782,
          0.220307,
          0.573139
        ],
        [
          -0.240504,
          0.302123,
          -0.922431,
          4.842319
        ],
        [
          0.025482,
          -0.948032,
          -0.317152,
          1.662387
        ],
        [
          0.0,
          0.0,
          0.0,
          1.0
        ]
      ]
    },
    {
      "file_path": "/media/NFS/ttao/scannet/posed_images/scene0106_02/00013.jpg",
      "transform_matrix": [
        [
          -0.970722,
          -0.098904,
          0.2189,
          0.578336
        ],
        [
          -0.239149,
          0.312487,
          -0.919326,
          4.81778
        ],
        [
          0.022521,
          -0.944759,
          -0.326991,
          1.658371
        ],
        [
          0.0,
          0.0,
          0.0,
          1.0
        ]
      ]
    },
    {
      "file_path": "/media/NFS/ttao/scannet/posed_images/scene0106_02/00014.jpg",
      "transform_matrix": [
        [
          -0.97102,
          -0.097893,
          0.218028,
          0.58176
        ],
        [
          -0.238058,
          0.315414,
          -0.918609,
          4.810803
        ],
        [
          0.021156,
          -0.943892,
          -0.329577,
          1.65791
        ],
        [
          0.0,
          0.0,
          0.0,
          1.0
        ]
      ]
    },
    {
      "file_path": "/media/NFS/ttao/scannet/posed_images/scene0106_02/00019.jpg",
      "transform_matrix": [
        [
          -0.975436,
          -0.094545,
          0.19896,
          0.589276
        ],
        [
          -0.219696,
          0.351768,
          -0.909941,
          4.759342
        ],
        [
          0.016043,
          -0.9313,
          -0.363899,
          1.644367
        ],
        [
          0.0,
          0.0,
          0.0,
          1.0
        ]
      ]
    },
    {
      "file_path": "/media/NFS/ttao/scannet/posed_images/scene0106_02/00022.jpg",
      "transform_matrix": [
        [
          -0.978796,
          -0.08714,
          0.185378,
          0.586775
        ],
        [
          -0.204605,
          0.372834,
          -0.905059,
          4.731342
        ],
        [
          0.009752,
          -0.923798,
          -0.382757,
          1.635394
        ],
        [
          0.0,
          0.0,
          0.0,
          1.0
        ]
      ]
    },
    {
      "file_path": "/media/NFS/ttao/scannet/posed_images/scene0106_02/00025.jpg",
      "transform_matrix": [
        [
          -0.982412,
          -0.078259,
          0.169534,
          0.582571
        ],
        [
          -0.186684,
          0.392452,
          -0.900628,
          4.700676
        ],
        [
          0.003948,
          -0.916437,
          -0.400159,
          1.628851
        ],
        [
          0.0,
          0.0,
          0.0,
          1.0
        ]
      ]
    },
    {
      "file_path": "/media/NFS/ttao/scannet/posed_images/scene0106_02/00028.jpg",
      "transform_matrix": [
        [
          -0.983925,
          -0.081268,
          0.159019,
          0.569555
        ],
        [
          -0.178381,
          0.405054,
          -0.896722,
          4.650797
        ],
        [
          0.008463,
          -0.910674,
          -0.41304,
          1.622648
        ],
        [
          0.0,
          0.0,
          0.0,
          1.0
        ]
      ]
    },
    {
      "file_path": "/media/NFS/ttao/scannet/posed_images/scene0106_02/00029.jpg",
      "transform_matrix": [
        [
          -0.983818,
          -0.082287,
          0.159158,
          0.566803
        ],
        [
          -0.178913,
          0.403491,
          -0.897321,
          4.637868
        ],
        [
          0.009619,
          -0.911276,
          -0.411684,
          1.624244
        ],
        [
          0.0,
          0.0,
          0.0,
          1.0
        ]
      ]
    },
    {
      "file_path": "/media/NFS/ttao/scannet/posed_images/scene0106_02/00034.jpg",
      "transform_matrix": [
        [
          -0.978703,
          -0.104524,
          0.17668,
          0.553224
        ],
        [
          -0.203162,
          0.369781,
          -0.906635,
          4.58565
        ],
        [
          0.029432,
          -0.923221,
          -0.383141,
          1.626784
        ],
        [
          0.0,
          0.0,
          0.0,
          1.0
        ]
      ]
    },
    {
      "file_path": "/media/NFS/ttao/scannet/posed_images/scene0106_02/00035.jpg",
      "transform_matrix": [
        [
          -0.976696,
          -0.110875,
          0.183773,
          0.547097
        ],
        [
          -0.212127,
          0.368279,
          -0.905192,
          4.571912
        ],
        [
          0.032684,
          -0.923081,
          -0.383216,
          1.626933
        ],
        [
          0.0,
          0.0,
          0.0,
          1.0
        ]
      ]
    },
    {
      "file_path": "/media/NFS/ttao/scannet/posed_images/scene0106_02/00038.jpg",
      "transform_matrix": [
        [
          -0.971571,
          -0.127172,
          0.199693,
          0.535408
        ],
        [
          -0.232822,
          0.36025,
          -0.903335,
          4.531356
        ],
        [
          0.042939,
          -0.924147,
          -0.379617,
          1.631746
        ],
        [
          0.0,
          0.0,
          0.0,
          1.0
        ]
      ]
    },
    {
      "file_path": "/media/NFS/ttao/scannet/posed_images/scene0106_02/00041.jpg",
      "transform_matrix": [
        [
          -0.967752,
          -0.137375,
          0.211149,
          0.531317
        ],
        [
          -0.246933,
          0.351648,
          -0.902977,
          4.498096
        ],
        [
          0.049796,
          -0.925998,
          -0.374231,
          1.642254
        ],
        [
          0.0,
          0.0,
          0.0,
          1.0
        ]
      ]
    },
    {
      "file_path": "/media/NFS/ttao/scannet/posed_images/scene0106_02/00044.jpg",
      "transform_matrix": [
        [
          -0.96303,
          -0.140637,
          0.229772,
          0.524458
        ],
        [
          -0.26485,
          0.338236,
          -0.903023,
          4.467337
        ],
        [
          0.049281,
          -0.930493,
          -0.362979,
          1.648093
        ],
        [
          0.0,
          0.0,
          0.0,
          1.0
        ]
      ]
    },
    {
      "file_path": "/media/NFS/ttao/scannet/posed_images/scene0106_02/00049.jpg",
      "transform_matrix": [
        [
          -0.958111,
          -0.127592,
          0.256406,
          0.516904
        ],
        [
          -0.284242,
          0.313985,
          -0.905881,
          4.416759
        ],
        [
          0.035075,
          -0.940816,
          -0.337099,
          1.656323
        ],
        [
          0.0,
          0.0,
          0.0,
          1.0
        ]
      ]
    },
    {
      "file_path": "/media/NFS/ttao/scannet/posed_images/scene0106_02/00052.jpg",
      "transform_matrix": [
        [
          -0.958244,
          -0.11913,
          0.259954,
          0.528789
        ],
        [
          -0.284613,
          0.309491,
          -0.90731,
          4.392158
        ],
        [
          0.027635,
          -0.94341,
          -0.330474,
          1.652941
        ],
        [
          0.0,
          0.0,
          0.0,
          1.0
        ]
      ]
    },
    {
      "file_path": "/media/NFS/ttao/scannet/posed_images/scene0106_02/00053.jpg",
      "transform_matrix": [
        [
          -0.957549,
          -0.117839,
          0.263085,
          0.525877
        ],
        [
          -0.28718,
          0.310663,
          -0.906099,
          4.379761
        ],
        [
          0.025044,
          -0.943187,
          -0.331316,
          1.655671
        ],
        [
          0.0,
          0.0,
          0.0,
          1.0
        ]
      ]
    },
    {
      "file_path": "/media/NFS/ttao/scannet/posed_images/scene0106_02/00058.jpg",
      "transform_matrix": [
        [
          -0.960433,
          -0.10582,
          0.257625,
          0.54294
        ],
        [
          -0.277777,
          0.296809,
          -0.913643,
          4.327003
        ],
        [
          0.020216,
          -0.949056,
          -0.31446,
          1.671361
        ],
        [
          0.0,
          0.0,
          0.0,
          1.0
        ]
      ]
    },
    {
      "file_path": "/media/NFS/ttao/scannet/posed_images/scene0106_02/00060.jpg",
      "transform_matrix": [
        [
          -0.961975,
          -0.098708,
          0.25468,
          0.54958
        ],
        [
          -0.272541,
          0.285201,
          -0.918903,
          4.31617
        ],
        [
          0.018068,
          -0.953372,
          -0.301258,
          1.6663
        ],
        [
          0.0,
          0.0,
          0.0,
          1.0
        ]
      ]
    },
    {
      "file_path": "/media/NFS/ttao/scannet/posed_images/scene0106_02/00062.jpg",
      "transform_matrix": [
        [
          -0.963541,
          -0.098286,
          0.248854,
          0.564128
        ],
        [
          -0.266642,
          0.275745,
          -0.923508,
          4.299555
        ],
        [
          0.022148,
          -0.956193,
          -0.291899,
          1.678172
        ],
        [
          0.0,
          0.0,
          0.0,
          1.0
        ]
      ]
    },
    {
      "file_path": "/media/NFS/ttao/scannet/posed_images/scene0106_02/00067.jpg",
      "transform_matrix": [
        [
          -0.964934,
          -0.089715,
          0.246685,
          0.585281
        ],
        [
          -0.261526,
          0.248038,
          -0.932781,
          4.258792
        ],
        [
          0.022498,
          -0.964587,
          -0.262803,
          1.682553
        ],
        [
          0.0,
          0.0,
          0.0,
          1.0
        ]
      ]
    },
    {
      "file_path": "/media/NFS/ttao/scannet/posed_images/scene0106_02/00068.jpg",
      "transform_matrix": [
        [
          -0.965309,
          -0.089842,
          0.245168,
          0.594408
        ],
        [
          -0.260064,
          0.246798,
          -0.933519,
          4.248021
        ],
        [
          0.023362,
          -0.964894,
          -0.261601,
          1.689554
        ],
        [
          0.0,
          0.0,
          0.0,
          1.0
        ]
      ]
    },
    {
      "file_path": "/media/NFS/ttao/scannet/posed_images/scene0106_02/00071.jpg",
      "transform_matrix": [
        [
          -0.966934,
          -0.079489,
          0.242323,
          0.612914
        ],
        [
          -0.25439,
          0.233472,
          -0.938497,
          4.228179
        ],
        [
          0.018025,
          -0.969109,
          -0.245973,
          1.690202
        ],
        [
          0.0,
          0.0,
          0.0,
          1.0
        ]
      ]
    },
    {
      "file_path": "/media/NFS/ttao/scannet/posed_images/scene0106_02/00075.jpg",
      "transform_matrix": [
        [
          -0.96681,
          -0.063125,
          0.247575,
          0.630838
        ],
        [
          -0.25545,
          0.220369,
          -0.941373,
          4.205866
        ],
        [
          0.004866,
          -0.973372,
          -0.22918,
          1.696149
        ],
        [
          0.0,
          0.0,
          0.0,
          1.0
        ]
      ]
    },
    {
      "file_path": "/media/NFS/ttao/scannet/posed_images/scene0106_02/00076.jpg",
      "transform_matrix": [
        [
          -0.966746,
          -0.062635,
          0.247948,
          0.630643
        ],
        [
          -0.255704,
          0.221055,
          -0.941143,
          4.199896
        ],
        [
          0.004138,
          -0.973248,
          -0.22972,
          1.695131
        ],
        [
          0.0,
          0.0,
          0.0,
          1.0
        ]
      ]
    },
    {
      "file_path": "/media/NFS/ttao/scannet/posed_images/scene0106_02/00081.jpg",
      "transform_matrix": [
        [
          -0.966341,
          -0.074463,
          0.246254,
          0.640135
        ],
        [
          -0.256978,
          0.234116,
          -0.937631,
          4.162707
        ],
        [
          0.012166,
          -0.969353,
          -0.245372,
          1.691133
        ],
        [
          0.0,
          0.0,
          0.0,
          1.0
        ]
      ]
    },
    {
      "file_path": "/media/NFS/ttao/scannet/posed_images/scene0106_02/00082.jpg",
      "transform_matrix": [
        [
          -0.965452,
          -0.07751,
          0.248788,
          0.639187
        ],
        [
          -0.260218,
          0.236317,
          -0.936184,
          4.155276
        ],
        [
          0.013771,
          -0.96858,
          -0.248322,
          1.695102
        ],
        [
          0.0,
          0.0,
          0.0,
          1.0
        ]
      ]
    },
    {
      "file_path": "/media/NFS/ttao/scannet/posed_images/scene0106_02/00087.jpg",
      "transform_matrix": [
        [
          -0.955456,
          -0.080409,
          0.283969,
          0.642658
        ],
        [
          -0.294924,
          0.223837,
          -0.928933,
          4.111388
        ],
        [
          0.011132,
          -0.971304,
          -0.237581,
          1.698527
        ],
        [
          0.0,
          0.0,
          0.0,
          1.0
        ]
      ]
    },
    {
      "file_path": "/media/NFS/ttao/scannet/posed_images/scene0106_02/00088.jpg",
      "transform_matrix": [
        [
          -0.951216,
          -0.082824,
          0.297199,
          0.632446
        ],
        [
          -0.308288,
          0.217438,
          -0.92611,
          4.09699
        ],
        [
          0.012082,
          -0.972554,
          -0.232365,
          1.700972
        ],
        [
          0.0,
          0.0,
          0.0,
          1.0
        ]
      ]
    },
    {
      "file_path": "/media/NFS/ttao/scannet/posed_images/scene0106_02/00093.jpg",
      "transform_matrix": [
        [
          -0.934068,
          -0.109498,
          0.339892,
          0.646366
        ],
        [
          -0.354312,
          0.165597,
          -0.920348,
          4.072912
        ],
        [
          0.044491,
          -0.980096,
          -0.193475,
          1.712025
        ],
        [
          0.0,
          0.0,
          0.0,
          1.0
        ]
      ]
    },
    {
      "file_path": "/media/NFS/ttao/scannet/posed_images/scene0106_02/00094.jpg",
      "transform_matrix": [
        [
          -0.929834,
          -0.116085,
          0.349189,
          0.643731
        ],
        [
          -0.364576,
          0.161848,
          -0.917,
          4.066741
        ],
        [
          0.049935,
          -0.979964,
          -0.192813,
          1.712222
        ],
        [
          0.0,
          0.0,
          0.0,
          1.0
        ]
      ]
    },
    {
      "file_path": "/media/NFS/ttao/scannet/posed_images/scene0106_02/00099.jpg",
      "transform_matrix": [
        [
          -0.906345,
          -0.141128,
          0.398274,
          0.641364
        ],
        [
          -0.415169,
          0.122161,
          -0.901505,
          4.040665
        ],
        [
          0.078574,
          -0.982426,
          -0.169312,
          1.729716
        ],
        [
          0.0,
          0.0,
          0.0,
          1.0
        ]
      ]
    },
    {
      "file_path": "/media/NFS/ttao/scannet/posed_images/scene0106_02/00100.jpg",
      "transform_matrix": [
        [
          -0.904863,
          -0.140483,
          0.401854,
          0.650578
        ],
        [
          -0.417717,
          0.111026,
          -0.901768,
          4.048571
        ],
        [
          0.082067,
          -0.983838,
          -0.159145,
          1.706934
        ],
        [
          0.0,
          0.0,
          0.0,
          1.0
        ]
      ]
    },
    {
      "file_path": "/media/NFS/ttao/scannet/posed_images/scene0106_02/00103.jpg",
      "transform_matrix": [
        [
          -0.891518,
          -0.146216,
          0.428739,
          0.65457
        ],
        [
          -0.444796,
          0.103401,
          -0.889643,
          4.040188
        ],
        [
          0.085748,
          -0.983834,
          -0.157221,
          1.715871
        ],
        [
          0.0,
          0.0,
          0.0,
          1.0
        ]
      ]
    },
    {
      "file_path": "/media/NFS/ttao/scannet/posed_images/scene0106_02/00106.jpg",
      "transform_matrix": [
        [
          -0.876917,
          -0.143659,
          0.458671,
          0.650855
        ],
        [
          -0.473774,
          0.0976,
          -0.875221,
          4.028242
        ],
        [
          0.080967,
          -0.984803,
          -0.153649,
          1.727605
        ],
        [
          0.0,
          0.0,
          0.0,
          1.0
        ]
      ]
    },
    {
      "file_path": "/media/NFS/ttao/scannet/posed_images/scene0106_02/00111.jpg",
      "transform_matrix": [
        [
          -0.857396,
          -0.128561,
          0.498341,
          0.662608
        ],
        [
          -0.509769,
          0.079,
          -0.856677,
          4.022003
        ],
        [
          0.070766,
          -0.98855,
          -0.13327,
          1.735505
        ],
        [
          0.0,
          0.0,
          0.0,
          1.0
        ]
      ]
    },
    {
      "file_path": "/media/NFS/ttao/scannet/posed_images/scene0106_02/00113.jpg",
      "transform_matrix": [
        [
          -0.849163,
          -0.120139,
          0.514285,
          0.663776
        ],
        [
          -0.524155,
          0.072435,
          -0.848537,
          4.021032
        ],
        [
          0.06469,
          -0.990111,
          -0.124481,
          1.730336
        ],
        [
          0.0,
          0.0,
          0.0,
          1.0
        ]
      ]
    },
    {
      "file_path": "/media/NFS/ttao/scannet/posed_images/scene0106_02/00115.jpg",
      "transform_matrix": [
        [
          -0.839684,
          -0.122314,
          0.529122,
          0.661153
        ],
        [
          -0.538817,
          0.065855,
          -0.839845,
          4.014544
        ],
        [
          0.067879,
          -0.990304,
          -0.121202,
          1.738776
        ],
        [
          0.0,
          0.0,
          0.0,
          1.0
        ]
      ]
    },
    {
      "file_path": "/media/NFS/ttao/scannet/posed_images/scene0106_02/00120.jpg",
      "transform_matrix": [
        [
          -0.828711,
          -0.126547,
          0.545182,
          0.711331
        ],
        [
          -0.554267,
          0.050458,
          -0.830808,
          4.050811
        ],
        [
          0.077628,
          -0.990676,
          -0.111956,
          1.759316
        ],
        [
          0.0,
          0.0,
          0.0,
          1.0
        ]
      ]
    },
    {
      "file_path": "/media/NFS/ttao/scannet/posed_images/scene0106_02/00122.jpg",
      "transform_matrix": [
        [
          -0.819609,
          -0.125479,
          0.559013,
          0.706869
        ],
        [
          -0.567671,
          0.046054,
          -0.821966,
          4.050572
        ],
        [
          0.077395,
          -0.991027,
          -0.108977,
          1.759725
        ],
        [
          0.0,
          0.0,
          0.0,
          1.0
        ]
      ]
    },
    {
      "file_path": "/media/NFS/ttao/scannet/posed_images/scene0106_02/00124.jpg",
      "transform_matrix": [
        [
          -0.811914,
          -0.124474,
          0.570352,
          0.710434
        ],
        [
          -0.578649,
          0.04239,
          -0.814474,
          4.05175
        ],
        [
          0.077204,
          -0.991317,
          -0.106444,
          1.764605
        ],
        [
          0.0,
          0.0,
          0.0,
          1.0
        ]
      ]
    },
    {
      "file_path": "/media/NFS/ttao/scannet/posed_images/scene0106_02/00128.jpg",
      "transform_matrix": [
        [
          -0.791987,
          -0.119612,
          0.598707,
          0.712885
        ],
        [
          -0.605833,
          0.032447,
          -0.79493,
          4.062265
        ],
        [
          0.075657,
          -0.99229,
          -0.098163,
          1.766523
        ],
        [
          0.0,
          0.0,
          0.0,
          1.0
        ]
      ]
    },
    {
      "file_path": "/media/NFS/ttao/scannet/posed_images/scene0106_02/00131.jpg",
      "transform_matrix": [
        [
          -0.781121,
          -0.119808,
          0.612777,
          0.740735
        ],
        [
          -0.6192,
          0.022497,
          -0.784911,
          4.095831
        ],
        [
          0.080253,
          -0.992542,
          -0.091758,
          1.770316
        ],
        [
          0.0,
          0.0,
          0.0,
          1.0
        ]
      ]
    },
    {
      "file_path": "/media/NFS/ttao/scannet/posed_images/scene0106_02/00135.jpg",
      "transform_matrix": [
        [
          -0.753441,
          -0.109717,
          0.648297,
          0.738557
        ],
        [
          -0.653144,
          0.011384,
          -0.757147,
          4.11698
        ],
        [
          0.075692,
          -0.993898,
          -0.080239,
          1.763392
        ],
        [
          0.0,
          0.0,
          0.0,
          1.0
        ]
      ]
    },
    {
      "file_path": "/media/NFS/ttao/scannet/posed_images/scene0106_02/00136.jpg",
      "transform_matrix": [
        [
          -0.747941,
          -0.108389,
          0.654856,
          0.742075
        ],
        [
          -0.659539,
          0.010194,
          -0.751601,
          4.125736
        ],
        [
          0.07479,
          -0.994056,
          -0.079111,
          1.763781
        ],
        [
          0.0,
          0.0,
          0.0,
          1.0
        ]
      ]
    },
    {
      "file_path": "/media/NFS/ttao/scannet/posed_images/scene0106_02/00141.jpg",
      "transform_matrix": [
        [
          -0.713939,
          -0.11182,
          0.691221,
          0.781685
        ],
        [
          -0.695823,
          0.002998,
          -0.718207,
          4.185865
        ],
        [
          0.078238,
          -0.993724,
          -0.079947,
          1.795585
        ],
        [
          0.0,
          0.0,
          0.0,
          1.0
        ]
      ]
    },
    {
      "file_path": "/media/NFS/ttao/scannet/posed_images/scene0106_02/00144.jpg",
      "transform_matrix": [
        [
          -0.686197,
          -0.111056,
          0.718888,
          0.782964
        ],
        [
          -0.723437,
          0.000961,
          -0.69039,
          4.195935
        ],
        [
          0.075981,
          -0.993814,
          -0.081001,
          1.804386
        ],
        [
          0.0,
          0.0,
          0.0,
          1.0
        ]
      ]
    },
    {
      "file_path": "/media/NFS/ttao/scannet/posed_images/scene0106_02/00147.jpg",
      "transform_matrix": [
        [
          -0.658221,
          -0.101791,
          0.745912,
          0.779495
        ],
        [
          -0.749678,
          -0.001879,
          -0.6618,
          4.208706
        ],
        [
          0.068767,
          -0.994804,
          -0.075074,
          1.79912
        ],
        [
          0.0,
          0.0,
          0.0,
          1.0
        ]
      ]
    },
    {
      "file_path": "/media/NFS/ttao/scannet/posed_images/scene0106_02/00148.jpg",
      "transform_matrix": [
        [
          -0.648663,
          -0.101503,
          0.754277,
          0.781648
        ],
        [
          -0.758026,
          -0.002476,
          -0.65222,
          4.214605
        ],
        [
          0.06807,
          -0.994832,
          -0.075336,
          1.800992
        ],
        [
          0.0,
          0.0,
          0.0,
          1.0
        ]
      ]
    },
    {
      "file_path": "/media/NFS/ttao/scannet/posed_images/scene0106_02/00150.jpg",
      "transform_matrix": [
        [
          -0.635089,
          -0.100166,
          0.765917,
          0.791568
        ],
        [
          -0.76941,
          -0.005684,
          -0.638729,
          4.237948
        ],
        [
          0.068332,
          -0.994955,
          -0.073458,
          1.793414
        ],
        [
          0.0,
          0.0,
          0.0,
          1.0
        ]
      ]
    },
    {
      "file_path": "/media/NFS/ttao/scannet/posed_images/scene0106_02/00153.jpg",
      "transform_matrix": [
        [
          -0.610433,
          -0.100424,
          0.785676,
          0.791814
        ],
        [
          -0.789293,
          -0.005844,
          -0.613989,
          4.250012
        ],
        [
          0.066251,
          -0.994928,
          -0.075697,
          1.78877
        ],
        [
          0.0,
          0.0,
          0.0,
          1.0
        ]
      ]
    },
    {
      "file_path": "/media/NFS/ttao/scannet/posed_images/scene0106_02/00156.jpg",
      "transform_matrix": [
        [
          -0.590129,
          -0.105116,
          0.800436,
          0.798278
        ],
        [
          -0.804777,
          -0.001869,
          -0.593574,
          4.264161
        ],
        [
          0.063891,
          -0.994458,
          -0.083492,
          1.788616
        ],
        [
          0.0,
          0.0,
          0.0,
          1.0
        ]
      ]
    },
    {
      "file_path": "/media/NFS/ttao/scannet/posed_images/scene0106_02/00161.jpg",
      "transform_matrix": [
        [
          -0.552723,
          -0.120732,
          0.824573,
          0.805713
        ],
        [
          -0.830245,
          -0.005767,
          -0.557369,
          4.284916
        ],
        [
          0.072048,
          -0.992669,
          -0.097049,
          1.769847
        ],
        [
          0.0,
          0.0,
          0.0,
          1.0
        ]
      ]
    },
    {
      "file_path": "/media/NFS/ttao/scannet/posed_images/scene0106_02/00164.jpg",
      "transform_matrix": [
        [
          -0.525723,
          -0.134116,
          0.840017,
          0.814098
        ],
        [
          -0.847602,
          -0.001009,
          -0.530631,
          4.289107
        ],
        [
          0.072013,
          -0.990965,
          -0.113147,
          1.769172
        ],
        [
          0.0,
          0.0,
          0.0,
          1.0
        ]
      ]
    },
    {
      "file_path": "/media/NFS/ttao/scannet/posed_images/scene0106_02/00165.jpg",
      "transform_matrix": [
        [
          -0.518427,
          -0.13527,
          0.844355,
          0.817077
        ],
        [
          -0.852275,
          0.001237,
          -0.523092,
          4.294695
        ],
        [
          0.069714,
          -0.990808,
          -0.115929,
          1.76614
        ],
        [
          0.0,
          0.0,
          0.0,
          1.0
        ]
      ]
    },
    {
      "file_path": "/media/NFS/ttao/scannet/posed_images/scene0106_02/00170.jpg",
      "transform_matrix": [
        [
          -0.472182,
          -0.154272,
          0.867897,
          0.824973
        ],
        [
          -0.878762,
          0.004824,
          -0.477235,
          4.308821
        ],
        [
          0.069437,
          -0.988017,
          -0.137846,
          1.752703
        ],
        [
          0.0,
          0.0,
          0.0,
          1.0
        ]
      ]
    },
    {
      "file_path": "/media/NFS/ttao/scannet/posed_images/scene0106_02/00173.jpg",
      "transform_matrix": [
        [
          -0.437406,
          -0.170418,
          0.882969,
          0.830934
        ],
        [
          -0.896009,
          -0.000876,
          -0.444035,
          4.326355
        ],
        [
          0.076445,
          -0.985372,
          -0.152312,
          1.739121
        ],
        [
          0.0,
          0.0,
          0.0,
          1.0
        ]
      ]
    },
    {
      "file_path": "/media/NFS/ttao/scannet/posed_images/scene0106_02/00176.jpg",
      "transform_matrix": [
        [
          -0.405189,
          -0.179867,
          0.896365,
          0.832498
        ],
        [
          -0.910734,
          -0.00628,
          -0.412945,
          4.338185
        ],
        [
          0.079905,
          -0.983671,
          -0.161267,
          1.727133
        ],
        [
          0.0,
          0.0,
          0.0,
          1.0
        ]
      ]
    },
    {
      "file_path": "/media/NFS/ttao/scannet/posed_images/scene0106_02/00178.jpg",
      "transform_matrix": [
        [
          -0.386645,
          -0.185903,
          0.903297,
          0.834569
        ],
        [
          -0.918536,
          -0.009928,
          -0.395211,
          4.34689
        ],
        [
          0.082439,
          -0.982518,
          -0.16692,
          1.718818
        ],
        [
          0.0,
          0.0,
          0.0,
          1.0
        ]
      ]
    },
    {
      "file_path": "/media/NFS/ttao/scannet/posed_images/scene0106_02/00182.jpg",
      "transform_matrix": [
        [
          -0.353485,
          -0.202943,
          0.913161,
          0.837001
        ],
        [
          -0.931331,
          -0.015049,
          -0.363863,
          4.369128
        ],
        [
          0.087585,
          -0.979075,
          -0.183688,
          1.698506
        ],
        [
          0.0,
          0.0,
          0.0,
          1.0
        ]
      ]
    },
    {
      "file_path": "/media/NFS/ttao/scannet/posed_images/scene0106_02/00184.jpg",
      "transform_matrix": [
        [
          -0.335641,
          -0.212943,
          0.917606,
          0.835425
        ],
        [
          -0.938081,
          -0.01309,
          -0.346168,
          4.370937
        ],
        [
          0.085726,
          -0.976977,
          -0.195364,
          1.698439
        ],
        [
          0.0,
          0.0,
          0.0,
          1.0
        ]
      ]
    },
    {
      "file_path": "/media/NFS/ttao/scannet/posed_images/scene0106_02/00188.jpg",
      "transform_matrix": [
        [
          -0.309491,
          -0.239639,
          0.920211,
          0.837938
        ],
        [
          -0.947311,
          -0.006326,
          -0.320253,
          4.383394
        ],
        [
          0.082567,
          -0.970841,
          -0.225055,
          1.68662
        ],
        [
          0.0,
          0.0,
          0.0,
          1.0
        ]
      ]
    },
    {
      "file_path": "/media/NFS/ttao/scannet/posed_images/scene0106_02/00191.jpg",
      "transform_matrix": [
        [
          -0.296368,
          -0.257389,
          0.919737,
          0.839721
        ],
        [
          -0.952217,
          0.005208,
          -0.305377,
          4.393301
        ],
        [
          0.073811,
          -0.966294,
          -0.246634,
          1.673731
        ],
        [
          0.0,
          0.0,
          0.0,
          1.0
        ]
      ]
    },
    {
      "file_path": "/media/NFS/ttao/scannet/posed_images/scene0106_02/00194.jpg",
      "transform_matrix": [
        [
          -0.279909,
          -0.280617,
          0.918098,
          0.838041
        ],
        [
          -0.957441,
          0.011456,
          -0.288402,
          4.39869
        ],
        [
          0.070413,
          -0.959751,
          -0.271881,
          1.660864
        ],
        [
          0.0,
          0.0,
          0.0,
          1.0
        ]
      ]
    },
    {
      "file_path": "/media/NFS/ttao/scannet/posed_images/scene0106_02/00197.jpg",
      "transform_matrix": [
        [
          -0.265204,
          -0.295306,
          0.917857,
          0.835521
        ],
        [
          -0.962628,
          0.026898,
          -0.269486,
          4.406814
        ],
        [
          0.054892,
          -0.955024,
          -0.291404,
          1.648137
        ],
        [
          0.0,
          0.0,
          0.0,
          1.0
        ]
      ]
    },
    {
      "file_path": "/media/NFS/ttao/scannet/posed_images/scene0106_02/00198.jpg",
      "transform_matrix": [
        [
          -0.260968,
          -0.301857,
          0.916939,
          0.833081
        ],
        [
          -0.96402,
          0.031704,
          -0.26393,
          4.409648
        ],
        [
          0.050598,
          -0.952826,
          -0.299271,
          1.644442
        ],
        [
          0.0,
          0.0,
          0.0,
          1.0
        ]
      ]
    },
    {
      "file_path": "/media/NFS/ttao/scannet/posed_images/scene0106_02/00201.jpg",
      "transform_matrix": [
        [
          -0.246923,
          -0.329873,
          0.91116,
          0.836223
        ],
        [
          -0.968151,
          0.043823,
          -0.246501,
          4.418636
        ],
        [
          0.041384,
          -0.943008,
          -0.330188,
          1.631629
        ],
        [
          0.0,
          0.0,
          0.0,
          1.0
        ]
      ]
    },
    {
      "file_path": "/media/NFS/ttao/scannet/posed_images/scene0106_02/00206.jpg",
      "transform_matrix": [
        [
          -0.222923,
          -0.383917,
          0.896054,
          0.834654
        ],
        [
          -0.973663,
          0.042603,
          -0.223978,
          4.431265
        ],
        [
          0.047814,
          -0.922384,
          -0.383303,
          1.607312
        ],
        [
          0.0,
          0.0,
          0.0,
          1.0
        ]
      ]
    },
    {
      "file_path": "/media/NFS/ttao/scannet/posed_images/scene0106_02/00207.jpg",
      "transform_matrix": [
        [
          -0.217516,
          -0.392284,
          0.893756,
          0.833928
        ],
        [
          -0.974853,
          0.041843,
          -0.218887,
          4.433825
        ],
        [
          0.048469,
          -0.918892,
          -0.391521,
          1.602516
        ],
        [
          0.0,
          0.0,
          0.0,
          1.0
        ]
      ]
    },
    {
      "file_path": "/media/NFS/ttao/scannet/posed_images/scene0106_02/00210.jpg",
      "transform_matrix": [
        [
          -0.201281,
          -0.415157,
          0.887204,
          0.823842
        ],
        [
          -0.97832,
          0.040124,
          -0.203177,
          4.449345
        ],
        [
          0.048752,
          -0.908865,
          -0.414233,
          1.591042
        ],
        [
          0.0,
          0.0,
          0.0,
          1.0
        ]
      ]
    },
    {
      "file_path": "/media/NFS/ttao/scannet/posed_images/scene0106_02/00213.jpg",
      "transform_matrix": [
        [
          -0.186742,
          -0.436668,
          0.880028,
          0.817405
        ],
        [
          -0.980947,
          0.034036,
          -0.191269,
          4.4583
        ],
        [
          0.053568,
          -0.898979,
          -0.434704,
          1.575804
        ],
        [
          0.0,
          0.0,
          0.0,
          1.0
        ]
      ]
    },
    {
      "file_path": "/media/NFS/ttao/scannet/posed_images/scene0106_02/00216.jpg",
      "transform_matrix": [
        [
          -0.175877,
          -0.456335,
          0.872253,
          0.817026
        ],
        [
          -0.983108,
          0.035818,
          -0.179489,
          4.47143
        ],
        [
          0.050665,
          -0.889087,
          -0.454926,
          1.570852
        ],
        [
          0.0,
          0.0,
          0.0,
          1.0
        ]
      ]
    },
    {
      "file_path": "/media/NFS/ttao/scannet/posed_images/scene0106_02/00219.jpg",
      "transform_matrix": [
        [
          -0.165368,
          -0.468663,
          0.867761,
          0.808459
        ],
        [
          -0.985152,
          0.037338,
          -0.167574,
          4.489331
        ],
        [
          0.046135,
          -0.882588,
          -0.467879,
          1.559965
        ],
        [
          0.0,
          0.0,
          0.0,
          1.0
        ]
      ]
    },
    {
      "file_path": "/media/NFS/ttao/scannet/posed_images/scene0106_02/00222.jpg",
      "transform_matrix": [
        [
          -0.148116,
          -0.492122,
          0.857833,
          0.804572
        ],
        [
          -0.987965,
          0.034527,
          -0.150777,
          4.50237
        ],
        [
          0.044582,
          -0.869842,
          -0.491313,
          1.550234
        ],
        [
          0.0,
          0.0,
          0.0,
          1.0
        ]
      ]
    },
    {
      "file_path": "/media/NFS/ttao/scannet/posed_images/scene0106_02/00226.jpg",
      "transform_matrix": [
        [
          -0.119909,
          -0.519131,
          0.846241,
          0.793181
        ],
        [
          -0.992091,
          0.030806,
          -0.121677,
          4.531855
        ],
        [
          0.037097,
          -0.854139,
          -0.51872,
          1.536918
        ],
        [
          0.0,
          0.0,
          0.0,
          1.0
        ]
      ]
    },
    {
      "file_path": "/media/NFS/ttao/scannet/posed_images/scene0106_02/00228.jpg",
      "transform_matrix": [
        [
          -0.100977,
          -0.534499,
          0.839115,
          0.788966
        ],
        [
          -0.99441,
          0.028053,
          -0.101795,
          4.546186
        ],
