{
  "frames": [
    {
      "file_path": "/media/NFS/ttao/scannet/posed_images/scene0017_01/00000.jpg",
      "transform_matrix": [
        [
          -0.242906,
          0.479012,
          -0.843531,
          4.445423
        ],
        [
          0.970036,
          0.115274,
          -0.213875,
          2.035879
        ],
        [
          -0.005212,
          -0.870206,
          -0.49266,
          1.530075
        ],
        [
          0.0,
          0.0,
          0.0,
          1.0
        ]
      ]
    },
    {
      "file_path": "/media/NFS/ttao/scannet/posed_images/scene0017_01/00007.jpg",
      "transform_matrix": [
        [
          -0.225655,
          0.492586,
          -0.840499,
          4.440039
        ],
        [
          0.9742,
          0.110673,
          -0.196689,
          2.054699
        ],
        [
          -0.003866,
          -0.863198,
          -0.504851,
          1.529763
        ],
        [
          0.0,
          0.0,
          0.0,
          1.0
        ]
      ]
    },
    {
      "file_path": "/media/NFS/ttao/scannet/posed_images/scene0017_01/00011.jpg",
      "transform_matrix": [
        [
          -0.24056,
          0.489135,
          -0.838378,
          4.435614
        ],
        [
          0.970403,
          0.102323,
          -0.218743,
          2.067398
        ],
        [
          -0.021209,
          -0.866185,
          -0.499273,
          1.532369
        ],
        [
          0.0,
          0.0,
          0.0,
          1.0
        ]
      ]
    },
    {
      "file_path": "/media/NFS/ttao/scannet/posed_images/scene0017_01/00012.jpg",
      "transform_matrix": [
        [
          -0.248764,
          0.48855,
          -0.836322,
          4.436466
        ],
        [
          0.968292,
          0.104991,
          -0.226687,
          2.074661
        ],
        [
          -0.022942,
          -0.866196,
          -0.499177,
          1.530126
        ],
        [
          0.0,
          0.0,
          0.0,
          1.0
        ]
      ]
    },
    {
      "file_path": "/media/NFS/ttao/scannet/posed_images/scene0017_01/00018.jpg",
      "transform_matrix": [
        [
          -0.288272,
          0.504216,
          -0.814043,
          4.431529
        ],
        [
          0.957508,
          0.143913,
          -0.249937,
          2.133517
        ],
        [
          -0.008871,
          -0.851502,
          -0.524277,
          1.529816
        ],
        [
          0.0,
          0.0,
          0.0,
          1.0
        ]
      ]
    },
    {
      "file_path": "/media/NFS/ttao/scannet/posed_images/scene0017_01/00025.jpg",
      "transform_matrix": [
        [
          -0.285943,
          0.501347,
          -0.816632,
          4.420075
        ],
        [
          0.958225,
          0.155353,
          -0.240147,
          2.234876
        ],
        [
          0.00647,
          -0.851185,
          -0.524825,
          1.536108
        ],
        [
          0.0,
          0.0,
          0.0,
          1.0
        ]
      ]
    },
    {
      "file_path": "/media/NFS/ttao/scannet/posed_images/scene0017_01/00027.jpg",
      "transform_matrix": [
        [
          -0.271681,
          0.501203,
          -0.821575,
          4.416504
        ],
        [
          0.962324,
          0.151295,
          -0.225926,
          2.261346
        ],
        [
          0.011065,
          -0.852001,
          -0.523424,
          1.540428
        ],
        [
          0.0,
          0.0,
          0.0,
          1.0
        ]
      ]
    },
    {
      "file_path": "/media/NFS/ttao/scannet/posed_images/scene0017_01/00033.jpg",
      "transform_matrix": [
        [
          -0.19843,
          0.48812,
          -0.84992,
          4.413559
        ],
        [
          0.980041,
          0.109454,
          -0.165949,
          2.356349
        ],
        [
          0.012025,
          -0.865886,
          -0.500097,
          1.540323
        ],
        [
          0.0,
          0.0,
          0.0,
          1.0
        ]
      ]
    },
    {
      "file_path": "/media/NFS/ttao/scannet/posed_images/scene0017_01/00036.jpg",
      "transform_matrix": [
        [
          -0.147463,
          0.491763,
          -0.858151,
          4.417785
        ],
        [
          0.988961,
          0.086069,
          -0.120619,
          2.379853
        ],
        [
          0.014544,
          -0.866465,
          -0.499026,
          1.538604
        ],
        [
          0.0,
          0.0,
          0.0,
          1.0
        ]
      ]
    },
    {
      "file_path": "/media/NFS/ttao/scannet/posed_images/scene0017_01/00040.jpg",
      "transform_matrix": [
        [
          -0.072918,
          0.489373,
          -0.869021,
          4.424491
        ],
        [
          0.99733,
          0.039286,
          -0.061561,
          2.399244
        ],
        [
          0.004014,
          -0.871189,
          -0.490931,
          1.53676
        ],
        [
          0.0,
          0.0,
          0.0,
          1.0
        ]
      ]
    },
    {
      "file_path": "/media/NFS/ttao/scannet/posed_images/scene0017_01/00048.jpg",
      "transform_matrix": [
        [
          0.045925,
          0.486664,
          -0.872381,
          4.443134
        ],
        [
          0.998769,
          -0.038763,
          0.030955,
          2.414366
        ],
        [
          -0.018751,
          -0.872729,
          -0.487845,
          1.541705
        ],
        [
          0.0,
          0.0,
          0.0,
          1.0
        ]
      ]
    },
    {
      "file_path": "/media/NFS/ttao/scannet/posed_images/scene0017_01/00049.jpg",
      "transform_matrix": [
        [
          0.058802,
          0.484202,
          -0.872978,
          4.446497
        ],
        [
          0.998043,
          -0.047161,
          0.041068,
          2.414719
        ],
        [
          -0.021286,
          -0.873684,
          -0.486028,
          1.53941
        ],
        [
          0.0,
          0.0,
          0.0,
          1.0
        ]
      ]
    },
    {
      "file_path": "/media/NFS/ttao/scannet/posed_images/scene0017_01/00055.jpg",
      "transform_matrix": [
        [
          0.13841,
          0.482845,
          -0.864698,
          4.464509
        ],
        [
          0.990045,
          -0.090008,
          0.108214,
          2.407054
        ],
        [
          -0.025579,
          -0.871068,
          -0.490496,
          1.531376
        ],
        [
          0.0,
          0.0,
          0.0,
          1.0
        ]
      ]
    },
    {
      "file_path": "/media/NFS/ttao/scannet/posed_images/scene0017_01/00059.jpg",
      "transform_matrix": [
        [
          0.198865,
          0.483501,
          -0.852455,
          4.478607
        ],
        [
          0.979827,
          -0.115681,
          0.162966,
          2.403535
        ],
        [
          -0.019819,
          -0.867666,
          -0.496752,
          1.528201
        ],
        [
          0.0,
          0.0,
          0.0,
          1.0
        ]
      ]
    },
    {
      "file_path": "/media/NFS/ttao/scannet/posed_images/scene0017_01/00066.jpg",
      "transform_matrix": [
        [
          0.293134,
          0.475364,
          -0.829519,
          4.496934
        ],
        [
          0.956007,
          -0.155812,
          0.248543,
          2.414361
        ],
        [
          -0.011101,
          -0.865882,
          -0.500125,
          1.527085
        ],
        [
          0.0,
          0.0,
          0.0,
          1.0
        ]
      ]
    },
    {
      "file_path": "/media/NFS/ttao/scannet/posed_images/scene0017_01/00070.jpg",
      "transform_matrix": [
        [
          0.354781,
          0.462371,
          -0.812615,
          4.507737
        ],
        [
          0.93493,
          -0.181041,
          0.305172,
          2.412632
        ],
        [
          -0.006014,
          -0.868008,
          -0.496515,
          1.526373
        ],
        [
          0.0,
          0.0,
          0.0,
          1.0
        ]
      ]
    },
    {
      "file_path": "/media/NFS/ttao/scannet/posed_images/scene0017_01/00073.jpg",
      "transform_matrix": [
        [
          0.396972,
          0.454592,
          -0.797345,
          4.515946
        ],
        [
          0.917828,
          -0.198733,
          0.343652,
          2.418425
        ],
        [
          -0.002237,
          -0.868246,
          -0.496129,
          1.529321
        ],
        [
          0.0,
          0.0,
          0.0,
          1.0
        ]
      ]
    },
    {
      "file_path": "/media/NFS/ttao/scannet/posed_images/scene0017_01/00077.jpg",
      "transform_matrix": [
        [
          0.450336,
          0.436451,
          -0.778915,
          4.527436
        ],
        [
          0.892859,
          -0.221329,
          0.392196,
          2.423101
        ],
        [
          -0.001222,
          -0.87208,
          -0.489361,
          1.531403
        ],
        [
          0.0,
          0.0,
          0.0,
          1.0
        ]
      ]
    },
    {
      "file_path": "/media/NFS/ttao/scannet/posed_images/scene0017_01/00084.jpg",
      "transform_matrix": [
        [
          0.533674,
          0.397141,
          -0.74664,
          4.540645
        ],
        [
          0.84564,
          -0.240985,
          0.476256,
          2.420787
        ],
        [
          0.009211,
          -0.885554,
          -0.464446,
          1.532915
        ],
        [
          0.0,
          0.0,
          0.0,
          1.0
        ]
      ]
    },
    {
      "file_path": "/media/NFS/ttao/scannet/posed_images/scene0017_01/00088.jpg",
      "transform_matrix": [
        [
          0.582769,
          0.368507,
          -0.724281,
          4.548451
        ],
        [
          0.812389,
          -0.24216,
          0.530455,
          2.419874
        ],
        [
          0.020085,
          -0.897531,
          -0.440494,
          1.541119
        ],
        [
          0.0,
          0.0,
          0.0,
          1.0
        ]
      ]
    },
    {
      "file_path": "/media/NFS/ttao/scannet/posed_images/scene0017_01/00093.jpg",
      "transform_matrix": [
        [
          0.623666,
          0.332243,
          -0.70757,
          4.558443
        ],
        [
          0.781284,
          -0.235716,
          0.577956,
          2.414915
        ],
        [
          0.025236,
          -0.913265,
          -0.406584,
          1.547769
        ],
        [
          0.0,
          0.0,
          0.0,
          1.0
        ]
      ]
    },
    {
      "file_path": "/media/NFS/ttao/scannet/posed_images/scene0017_01/00097.jpg",
      "transform_matrix": [
        [
          0.646879,
          0.303605,
          -0.699551,
          4.563558
        ],
        [
          0.762125,
          -0.225261,
          0.606978,
          2.410732
        ],
        [
          0.0267,
          -0.925787,
          -0.377102,
          1.555876
        ],
        [
          0.0,
          0.0,
          0.0,
          1.0
        ]
      ]
    },
    {
      "file_path": "/media/NFS/ttao/scannet/posed_images/scene0017_01/00100.jpg",
      "transform_matrix": [
        [
          0.661843,
          0.284887,
          -0.693399,
          4.565634
        ],
        [
          0.749145,
          -0.217667,
          0.625622,
          2.40782
        ],
        [
          0.027302,
          -0.93352,
          -0.357483,
          1.56463
        ],
        [
          0.0,
          0.0,
          0.0,
          1.0
        ]
      ]
    },
    {
      "file_path": "/media/NFS/ttao/scannet/posed_images/scene0017_01/00105.jpg",
      "transform_matrix": [
        [
          0.683287,
          0.250164,
          -0.685957,
          4.572422
        ],
        [
          0.729705,
          -0.201174,
          0.653498,
          2.406966
        ],
        [
          0.025485,
          -0.947073,
          -0.320005,
          1.573428
        ],
        [
          0.0,
          0.0,
          0.0,
          1.0
        ]
      ]
    },
    {
      "file_path": "/media/NFS/ttao/scannet/posed_images/scene0017_01/00108.jpg",
      "transform_matrix": [
        [
          0.696485,
          0.233161,
          -0.678634,
          4.574488
        ],
        [
          0.717013,
          -0.188845,
          0.670992,
          2.401302
        ],
        [
          0.028293,
          -0.953925,
          -0.298707,
          1.580678
        ],
        [
          0.0,
          0.0,
          0.0,
          1.0
        ]
      ]
    },
    {
      "file_path": "/media/NFS/ttao/scannet/posed_images/scene0017_01/00115.jpg",
      "transform_matrix": [
        [
          0.727712,
          0.204043,
          -0.65483,
          4.594495
        ],
        [
          0.684429,
          -0.153898,
          0.712652,
          2.401925
        ],
        [
          0.044634,
          -0.966789,
          -0.251646,
          1.593567
        ],
        [
          0.0,
          0.0,
          0.0,
          1.0
        ]
      ]
    },
    {
      "file_path": "/media/NFS/ttao/scannet/posed_images/scene0017_01/00120.jpg",
      "transform_matrix": [
        [
          0.755685,
          0.191538,
          -0.626302,
          4.606436
        ],
        [
          0.652239,
          -0.1334,
          0.746183,
          2.405499
        ],
        [
          0.059373,
          -0.972377,
          -0.225737,
          1.5988
        ],
        [
          0.0,
          0.0,
          0.0,
          1.0
        ]
      ]
    },
    {
      "file_path": "/media/NFS/ttao/scannet/posed_images/scene0017_01/00126.jpg",
      "transform_matrix": [
        [
          0.7849,
          0.179249,
          -0.593129,
          4.62295
        ],
        [
          0.615383,
          -0.113716,
          0.779982,
          2.411861
        ],
        [
          0.072363,
          -0.977209,
          -0.199563,
          1.618238
        ],
        [
          0.0,
          0.0,
          0.0,
          1.0
        ]
      ]
    },
    {
      "file_path": "/media/NFS/ttao/scannet/posed_images/scene0017_01/00129.jpg",
      "transform_matrix": [
        [
          0.796099,
          0.170578,
          -0.580629,
          4.623471
        ],
        [
          0.600397,
          -0.102407,
          0.793118,
          2.409416
        ],
        [
          0.075828,
          -0.980008,
          -0.183941,
          1.623019
        ],
        [
          0.0,
          0.0,
          0.0,
          1.0
        ]
      ]
    },
    {
      "file_path": "/media/NFS/ttao/scannet/posed_images/scene0017_01/00134.jpg",
      "transform_matrix": [
        [
          0.801376,
          0.161891,
          -0.575837,
          4.657866
        ],
        [
          0.592888,
          -0.087439,
          0.800524,
          2.438134
        ],
        [
          0.079247,
          -0.982927,
          -0.166055,
          1.644511
        ],
        [
          0.0,
          0.0,
          0.0,
          1.0
        ]
      ]
    },
    {
      "file_path": "/media/NFS/ttao/scannet/posed_images/scene0017_01/00138.jpg",
      "transform_matrix": [
        [
          0.806704,
          0.153502,
          -0.570671,
          4.666344
        ],
        [
          0.586006,
          -0.083069,
          0.806038,
          2.442766
        ],
        [
          0.076324,
          -0.98465,
          -0.156965,
          1.660417
        ],
        [
          0.0,
          0.0,
          0.0,
          1.0
        ]
      ]
    },
    {
      "file_path": "/media/NFS/ttao/scannet/posed_images/scene0017_01/00141.jpg",
      "transform_matrix": [
        [
          0.808782,
          0.147315,
          -0.56936,
          4.658579
        ],
        [
          0.5826,
          -0.068493,
          0.809868,
          2.432924
        ],
        [
          0.080309,
          -0.986715,
          -0.141222,
          1.655566
        ],
        [
          0.0,
          0.0,
          0.0,
          1.0
        ]
      ]
    },
    {
      "file_path": "/media/NFS/ttao/scannet/posed_images/scene0017_01/00148.jpg",
      "transform_matrix": [
        [
          0.797392,
          0.134563,
          -0.588268,
          4.655818
        ],
        [
          0.598671,
          -0.053805,
          0.799186,
          2.430675
        ],
        [
          0.075889,
          -0.989443,
          -0.123463,
          1.67606
        ],
        [
          0.0,
          0.0,
          0.0,
          1.0
        ]
      ]
    },
    {
      "file_path": "/media/NFS/ttao/scannet/posed_images/scene0017_01/00149.jpg",
      "transform_matrix": [
        [
          0.79605,
          0.132283,
          -0.590597,
          4.648639
        ],
        [
          0.600319,
          -0.048513,
          0.798288,
          2.427752
        ],
        [
          0.076949,
          -0.990024,
          -0.118031,
          1.674951
        ],
        [
          0.0,
          0.0,
          0.0,
          1.0
        ]
      ]
    },
    {
      "file_path": "/media/NFS/ttao/scannet/posed_images/scene0017_01/00157.jpg",
      "transform_matrix": [
        [
          0.758465,
          0.122079,
          -0.640178,
          4.625589
        ],
        [
          0.647489,
          -0.029485,
          0.761504,
          2.42815
        ],
        [
          0.074088,
          -0.992082,
          -0.101409,
          1.658538
        ],
        [
          0.0,
          0.0,
          0.0,
          1.0
        ]
      ]
    },
    {
      "file_path": "/media/NFS/ttao/scannet/posed_images/scene0017_01/00160.jpg",
      "transform_matrix": [
        [
          0.73955,
          0.126099,
          -0.661184,
          4.595171
        ],
        [
          0.668955,
          -0.028836,
          0.742743,
          2.416541
        ],
        [
          0.074593,
          -0.991598,
          -0.105681,
          1.654338
        ],
        [
          0.0,
          0.0,
          0.0,
          1.0
        ]
      ]
    },
    {
      "file_path": "/media/NFS/ttao/scannet/posed_images/scene0017_01/00163.jpg",
      "transform_matrix": [
        [
          0.711684,
          0.123217,
          -0.691609,
          4.571722
        ],
        [
          0.699615,
          -0.035192,
          0.713653,
          2.423761
        ],
        [
          0.063595,
          -0.991755,
          -0.11125,
          1.648284
        ],
        [
          0.0,
          0.0,
          0.0,
          1.0
        ]
      ]
    },
    {
      "file_path": "/media/NFS/ttao/scannet/posed_images/scene0017_01/00168.jpg",
      "transform_matrix": [
        [
          0.649132,
          0.103817,
          -0.753558,
          4.546257
        ],
        [
          0.760047,
          -0.048249,
          0.648075,
          2.468837
        ],
        [
          0.030922,
          -0.993425,
          -0.110226,
          1.666785
        ],
        [
          0.0,
          0.0,
          0.0,
          1.0
        ]
      ]
    },
    {
      "file_path": "/media/NFS/ttao/scannet/posed_images/scene0017_01/00174.jpg",
      "transform_matrix": [
        [
          0.563155,
          0.087427,
          -0.821714,
          4.503522
        ],
        [
          0.825664,
          -0.018975,
          0.563843,
          2.540291
        ],
        [
          0.033702,
          -0.99599,
          -0.082871,
          1.66805
        ],
        [
          0.0,
          0.0,
          0.0,
          1.0
        ]
      ]
    },
    {
      "file_path": "/media/NFS/ttao/scannet/posed_images/scene0017_01/00181.jpg",
      "transform_matrix": [
        [
          0.461574,
          0.087883,
          -0.882738,
          4.458362
        ],
        [
          0.886648,
          -0.013897,
          0.462236,
          2.619113
        ],
        [
          0.028355,
          -0.996034,
          -0.084336,
          1.689759
        ],
        [
          0.0,
          0.0,
          0.0,
          1.0
        ]
      ]
    },
    {
      "file_path": "/media/NFS/ttao/scannet/posed_images/scene0017_01/00185.jpg",
      "transform_matrix": [
        [
          0.414134,
          0.101665,
          -0.90452,
          4.431024
        ],
        [
          0.909616,
          -0.010167,
          0.415325,
          2.66351
        ],
        [
          0.033028,
          -0.994767,
          -0.096686,
          1.689341
        ],
        [
          0.0,
          0.0,
          0.0,
          1.0
        ]
      ]
    },
    {
      "file_path": "/media/NFS/ttao/scannet/posed_images/scene0017_01/00189.jpg",
      "transform_matrix": [
        [
          0.390833,
          0.111417,
          -0.913693,
          4.421403
        ],
        [
          0.919508,
          -0.002084,
          0.393066,
          2.704654
        ],
        [
          0.04189,
          -0.993772,
          -0.103263,
          1.682436
        ],
        [
          0.0,
          0.0,
          0.0,
          1.0
        ]
      ]
    },
    {
      "file_path": "/media/NFS/ttao/scannet/posed_images/scene0017_01/00190.jpg",
      "transform_matrix": [
        [
          0.378132,
          0.122133,
          -0.91766,
          4.428714
        ],
        [
          0.924794,
          -0.004762,
          0.380438,
          2.734114
        ],
        [
          0.042094,
          -0.992502,
          -0.114749,
          1.708546
        ],
        [
          0.0,
          0.0,
          0.0,
          1.0
        ]
      ]
    },
    {
      "file_path": "/media/NFS/ttao/scannet/posed_images/scene0017_01/00197.jpg",
      "transform_matrix": [
        [
          0.341226,
          0.123117,
          -0.931883,
          4.378933
        ],
        [
          0.939853,
          -0.028316,
          0.340404,
          2.797478
        ],
        [
          0.015523,
          -0.991988,
          -0.125374,
          1.6963
        ],
        [
          0.0,
          0.0,
          0.0,
          1.0
        ]
      ]
    },
    {
      "file_path": "/media/NFS/ttao/scannet/posed_images/scene0017_01/00200.jpg",
      "transform_matrix": [
        [
          0.328692,
          0.122463,
          -0.936463,
          4.35747
        ],
        [
          0.944409,
          -0.03503,
          0.3269,
          2.834812
        ],
        [
          0.007229,
          -0.991855,
          -0.127169,
          1.696014
        ],
        [
          0.0,
          0.0,
          0.0,
          1.0
        ]
      ]
    },
    {
      "file_path": "/media/NFS/ttao/scannet/posed_images/scene0017_01/00207.jpg",
      "transform_matrix": [
        [
          0.311874,
          0.161505,
          -0.936296,
          4.261353
        ],
        [
          0.948948,
          -0.003935,
          0.315409,
          2.902815
        ],
        [
          0.047256,
          -0.986864,
          -0.154487,
          1.659227
        ],
        [
          0.0,
          0.0,
          0.0,
          1.0
        ]
      ]
    },
    {
      "file_path": "/media/NFS/ttao/scannet/posed_images/scene0017_01/00211.jpg",
      "transform_matrix": [
        [
          0.260037,
          0.162939,
          -0.951752,
          4.232492
        ],
        [
          0.964777,
          -0.003174,
          0.263052,
          2.968927
        ],
        [
          0.039841,
          -0.986631,
          -0.158026,
          1.669202
        ],
        [
          0.0,
          0.0,
          0.0,
          1.0
        ]
      ]
    },
    {
      "file_path": "/media/NFS/ttao/scannet/posed_images/scene0017_01/00216.jpg",
      "transform_matrix": [
        [
          0.214977,
          0.165446,
          -0.962503,
          4.187291
        ],
        [
          0.976304,
          -0.01138,
          0.216103,
          3.014116
        ],
        [
          0.0248,
          -0.986153,
          -0.163972,
          1.653381
        ],
        [
          0.0,
          0.0,
          0.0,
          1.0
        ]
      ]
    },
    {
      "file_path": "/media/NFS/ttao/scannet/posed_images/scene0017_01/00218.jpg",
      "transform_matrix": [
        [
          0.192592,
          0.159039,
          -0.968305,
          4.176425
        ],
        [
          0.981034,
          -0.009154,
          0.19362,
          3.037852
        ],
        [
          0.021929,
          -0.98723,
          -0.157785,
          1.643177
        ],
        [
          0.0,
          0.0,
          0.0,
          1.0
        ]
      ]
    },
    {
      "file_path": "/media/NFS/ttao/scannet/posed_images/scene0017_01/00225.jpg",
      "transform_matrix": [
        [
          0.149589,
          0.217416,
          -0.964548,
          4.167665
        ],
        [
          0.987574,
          0.014674,
          0.156468,
          3.157021
        ],
        [
          0.048172,
          -0.975969,
          -0.212519,
          1.559842
        ],
        [
          0.0,
          0.0,
          0.0,
          1.0
        ]
      ]
    },
    {
      "file_path": "/media/NFS/ttao/scannet/posed_images/scene0017_01/00230.jpg",
      "transform_matrix": [
        [
          0.046817,
          0.276541,
          -0.959861,
          4.164035
        ],
        [
          0.996222,
          0.057433,
          0.065137,
          3.255911
        ],
        [
          0.073141,
          -0.959284,
          -0.272808,
          1.555018
        ],
        [
          0.0,
          0.0,
          0.0,
          1.0
        ]
      ]
    },
    {
      "file_path": "/media/NFS/ttao/scannet/posed_images/scene0017_01/00233.jpg",
      "transform_matrix": [
        [
          -0.013324,
          0.263934,
          -0.964449,
          4.170613
        ],
        [
          0.994575,
          0.103017,
          0.014451,
          3.30432
        ],
        [
          0.103169,
          -0.959024,
          -0.263874,
          1.537353
        ],
        [
          0.0,
          0.0,
          0.0,
          1.0
        ]
      ]
    },
    {
      "file_path": "/media/NFS/ttao/scannet/posed_images/scene0017_01/00237.jpg",
      "transform_matrix": [
        [
          -0.077676,
          0.295491,
          -0.952182,
          4.168183
        ],
        [
          0.991446,
          0.123372,
          -0.042593,
          3.360471
        ],
        [
          0.104887,
          -0.947346,
          -0.302546,
          1.523268
        ],
        [
          0.0,
          0.0,
          0.0,
          1.0
        ]
      ]
    },
    {
      "file_path": "/media/NFS/ttao/scannet/posed_images/scene0017_01/00242.jpg",
      "transform_matrix": [
        [
          -0.160308,
          0.321738,
          -0.933159,
          4.166327
        ],
        [
          0.983793,
          0.129022,
          -0.124522,
          3.418324
        ],
        [
          0.080335,
          -0.937997,
          -0.337207,
          1.511124
        ],
        [
          0.0,
          0.0,
          0.0,
          1.0
        ]
      ]
    },
    {
      "file_path": "/media/NFS/ttao/scannet/posed_images/scene0017_01/00249.jpg",
      "transform_matrix": [
        [
          -0.23286,
          0.347624,
          -0.908259,
          4.149929
        ],
        [
          0.970891,
          0.136978,
          -0.196491,
          3.503837
        ],
        [
          0.056107,
          -0.927574,
          -0.369402,
          1.483407
        ],
        [
          0.0,
          0.0,
          0.0,
          1.0
        ]
      ]
    },
    {
      "file_path": "/media/NFS/ttao/scannet/posed_images/scene0017_01/00252.jpg",
      "transform_matrix": [
        [
          -0.24896,
          0.359824,
          -0.899192,
          4.130698
        ],
        [
          0.967473,
          0.135419,
          -0.213676,
          3.555687
        ],
        [
          0.044882,
          -0.92314,
          -0.381834,
          1.46909
        ],
        [
          0.0,
          0.0,
          0.0,
          1.0
        ]
      ]
    },
    {
      "file_path": "/media/NFS/ttao/scannet/posed_images/scene0017_01/00257.jpg",
      "transform_matrix": [
        [
          -0.27934,
          0.370566,
          -0.885805,
          4.097423
        ],
        [
          0.958999,
          0.153664,
          -0.238138,
          3.620769
        ],
        [
          0.04787,
          -0.916007,
          -0.398296,
          1.449571
        ],
        [
          0.0,
          0.0,
          0.0,
          1.0
        ]
      ]
    },
    {
      "file_path": "/media/NFS/ttao/scannet/posed_images/scene0017_01/00261.jpg",
      "transform_matrix": [
        [
          -0.325908,
          0.368672,
          -0.870554,
          4.073236
        ],
        [
          0.944124,
          0.174774,
          -0.279436,
          3.651815
        ],
        [
          0.04913,
          -0.912981,
          -0.405032,
          1.447068
        ],
        [
          0.0,
          0.0,
          0.0,
          1.0
        ]
      ]
    },
    {
      "file_path": "/media/NFS/ttao/scannet/posed_images/scene0017_01/00266.jpg",
      "transform_matrix": [
        [
          -0.385014,
          0.351486,
          -0.853359,
          4.045226
        ],
        [
          0.921367,
          0.199835,
          -0.333389,
          3.685158
        ],
        [
          0.053349,
          -0.914616,
          -0.400787,
          1.444201
        ],
        [
          0.0,
          0.0,
          0.0,
          1.0
        ]
      ]
    },
    {
      "file_path": "/media/NFS/ttao/scannet/posed_images/scene0017_01/00268.jpg",
      "transform_matrix": [
        [
          -0.427276,
          0.351717,
          -0.832905,
          4.025332
        ],
        [
          0.90301,
          0.211684,
          -0.37385,
          3.698132
        ],
        [
          0.044824,
          -0.911858,
          -0.408051,
          1.447194
        ],
        [
          0.0,
          0.0,
          0.0,
          1.0
        ]
      ]
    },
    {
      "file_path": "/media/NFS/ttao/scannet/posed_images/scene0017_01/00277.jpg",
      "transform_matrix": [
        [
          -0.561496,
          0.297887,
          -0.772001,
          3.982147
        ],
        [
          0.826082,
          0.255995,
          -0.502051,
          3.720813
        ],
        [
          0.048073,
          -0.919636,
          -0.389819,
          1.460341
        ],
        [
          0.0,
          0.0,
          0.0,
          1.0
        ]
      ]
    },
    {
      "file_path": "/media/NFS/ttao/scannet/posed_images/scene0017_01/00281.jpg",
      "transform_matrix": [
        [
          -0.633511,
          0.262725,
          -0.727763,
          3.960136
        ],
        [
          0.772902,
          0.258474,
          -0.579494,
          3.748673
        ],
        [
          0.03586,
          -0.929606,
          -0.366807,
          1.469399
        ],
        [
          0.0,
          0.0,
          0.0,
          1.0
        ]
      ]
    },
    {
      "file_path": "/media/NFS/ttao/scannet/posed_images/scene0017_01/00283.jpg",
      "transform_matrix": [
        [
          -0.654965,
          0.252536,
          -0.712212,
          3.956512
        ],
        [
          0.754915,
          0.260485,
          -0.601873,
          3.753712
        ],
        [
          0.033527,
          -0.931865,
          -0.361252,
          1.47947
        ],
        [
          0.0,
          0.0,
          0.0,
          1.0
        ]
      ]
    },
    {
      "file_path": "/media/NFS/ttao/scannet/posed_images/scene0017_01/00289.jpg",
      "transform_matrix": [
        [
          -0.721288,
          0.229673,
          -0.653448,
          3.936388
        ],
        [
          0.692615,
          0.231981,
          -0.682985,
          3.775581
        ],
        [
          -0.005275,
          -0.945217,
          -0.326401,
          1.506541
        ],
        [
          0.0,
          0.0,
          0.0,
          1.0
        ]
      ]
    },
    {
      "file_path": "/media/NFS/ttao/scannet/posed_images/scene0017_01/00293.jpg",
      "transform_matrix": [
        [
          -0.787341,
          0.183155,
          -0.588683,
          3.919067
        ],
        [
          0.616516,
          0.235953,
          -0.751155,
          3.796429
        ],
        [
          0.001324,
          -0.954348,
          -0.298694,
          1.524808
        ],
        [
          0.0,
          0.0,
          0.0,
          1.0
        ]
      ]
    },
    {
      "file_path": "/media/NFS/ttao/scannet/posed_images/scene0017_01/00298.jpg",
      "transform_matrix": [
        [
          -0.839992,
          0.155193,
          -0.519931,
          3.921859
        ],
        [
          0.542453,
          0.217985,
          -0.811312,
          3.808284
        ],
        [
          -0.012573,
          -0.963534,
          -0.267291,
          1.528715
        ],
        [
          0.0,
          0.0,
          0.0,
          1.0
        ]
      ]
    },
    {
      "file_path": "/media/NFS/ttao/scannet/posed_images/scene0017_01/00300.jpg",
      "transform_matrix": [
        [
          -0.860743,
          0.149757,
          -0.486512,
          3.900336
        ],
        [
          0.508849,
          0.226969,
          -0.830396,
          3.813498
        ],
        [
          -0.013934,
          -0.962319,
          -0.271566,
          1.538132
        ],
        [
          0.0,
          0.0,
          0.0,
          1.0
        ]
      ]
    },
    {
      "file_path": "/media/NFS/ttao/scannet/posed_images/scene0017_01/00308.jpg",
      "transform_matrix": [
        [
          -0.907642,
          0.1369,
          -0.396793,
          3.887606
        ],
        [
          0.419059,
          0.241477,
          -0.875259,
          3.803719
        ],
        [
          -0.024007,
          -0.960701,
          -0.276544,
          1.540297
        ],
        [
          0.0,
          0.0,
          0.0,
          1.0
        ]
      ]
    },
    {
      "file_path": "/media/NFS/ttao/scannet/posed_images/scene0017_01/00312.jpg",
      "transform_matrix": [
        [
          -0.921532,
          0.13806,
          -0.362931,
          3.863244
        ],
        [
          0.386759,
          0.243084,
          -0.889566,
          3.794776
        ],
        [
          -0.034591,
          -0.96013,
          -0.277406,
          1.529114
        ],
        [
          0.0,
          0.0,
          0.0,
          1.0
        ]
      ]
    },
    {
      "file_path": "/media/NFS/ttao/scannet/posed_images/scene0017_01/00314.jpg",
      "transform_matrix": [
        [
          -0.926662,
          0.140339,
          -0.348716,
          3.857091
        ],
        [
          0.373835,
          0.247044,
          -0.893989,
          3.779673
        ],
        [
          -0.039313,
          -0.958788,
          -0.281389,
          1.531803
        ],
        [
          0.0,
          0.0,
          0.0,
          1.0
        ]
      ]
    },
    {
      "file_path": "/media/NFS/ttao/scannet/posed_images/scene0017_01/00319.jpg",
      "transform_matrix": [
        [
          -0.938014,
          0.132442,
          -0.320294,
          3.838991
        ],
        [
          0.343354,
          0.228967,
          -0.910869,
          3.740445
        ],
        [
          -0.0473,
          -0.964382,
          -0.260249,
          1.529553
        ],
        [
          0.0,
          0.0,
          0.0,
          1.0
        ]
      ]
    },
    {
      "file_path": "/media/NFS/ttao/scannet/posed_images/scene0017_01/00323.jpg",
      "transform_matrix": [
        [
          -0.948416,
          0.139929,
          -0.284477,
          3.797441
        ],
        [
          0.312532,
          0.262081,
          -0.913038,
          3.712617
        ],
        [
          -0.053205,
          -0.954847,
          -0.292294,
          1.540002
        ],
        [
          0.0,
          0.0,
          0.0,
          1.0
        ]
      ]
    },
    {
      "file_path": "/media/NFS/ttao/scannet/posed_images/scene0017_01/00327.jpg",
      "transform_matrix": [
        [
          -0.947004,
          0.144907,
          -0.286679,
          3.770216
        ],
        [
          0.317206,
          0.281191,
          -0.905711,
          3.68471
        ],
        [
          -0.050632,
          -0.948648,
          -0.312254,
          1.541683
        ],
        [
          0.0,
          0.0,
          0.0,
          1.0
        ]
      ]
    },
    {
      "file_path": "/media/NFS/ttao/scannet/posed_images/scene0017_01/00335.jpg",
      "transform_matrix": [
        [
          -0.942694,
          0.110722,
          -0.314751,
          3.685347
        ],
        [
          0.3332,
          0.262977,
          -0.90544,
          3.656057
        ],
        [
          -0.01748,
          -0.958428,
          -0.284799,
          1.540928
        ],
        [
          0.0,
          0.0,
          0.0,
          1.0
        ]
      ]
    },
    {
      "file_path": "/media/NFS/ttao/scannet/posed_images/scene0017_01/00338.jpg",
      "transform_matrix": [
        [
          -0.941337,
          0.097336,
          -0.323125,
          3.645216
        ],
        [
          0.337421,
          0.255668,
          -0.90597,
          3.64632
        ],
        [
          -0.005571,
          -0.961852,
          -0.273513,
          1.540502
        ],
        [
          0.0,
          0.0,
          0.0,
          1.0
        ]
      ]
    },
    {
      "file_path": "/media/NFS/ttao/scannet/posed_images/scene0017_01/00341.jpg",
      "transform_matrix": [
        [
          -0.940835,
          0.08044,
          -0.32918,
          3.603631
        ],
        [
          0.338706,
          0.253051,
          -0.906225,
          3.622227
        ],
        [
          0.010403,
          -0.964103,
          -0.265325,
          1.55121
        ],
        [
          0.0,
          0.0,
          0.0,
          1.0
        ]
      ]
    },
    {
      "file_path": "/media/NFS/ttao/scannet/posed_images/scene0017_01/00349.jpg",
      "transform_matrix": [
        [
          -0.953373,
          0.023913,
          -0.300845,
          3.449217
        ],
        [
          0.299722,
          0.191651,
          -0.934578,
          3.605831
        ],
        [
          0.035309,
          -0.981172,
          -0.189882,
          1.553123
        ],
        [
          0.0,
          0.0,
          0.0,
          1.0
        ]
      ]
    },
    {
      "file_path": "/media/NFS/ttao/scannet/posed_images/scene0017_01/00353.jpg",
      "transform_matrix": [
        [
          -0.949987,
          0.017291,
          -0.311811,
          3.419485
        ],
        [
          0.307033,
          0.234156,
          -0.922444,
          3.576248
        ],
        [
          0.057062,
          -0.972045,
          -0.227754,
          1.547273
        ],
        [
