{
  "frames": [
    {
      "file_path": "/media/NFS/ttao/scannet/posed_images/scene0286_00/00000.jpg",
      "transform_matrix": [
        [
          -0.70053,
          -0.273946,
          0.658947,
          4.297379
        ],
        [
          -0.713192,
          0.300826,
          -0.633136,
          2.68148
        ],
        [
          -0.024783,
          -0.913487,
          -0.406114,
          1.409396
        ],
        [
          0.0,
          0.0,
          0.0,
          1.0
        ]
      ]
    },
    {
      "file_path": "/media/NFS/ttao/scannet/posed_images/scene0286_00/00013.jpg",
      "transform_matrix": [
        [
          -0.711113,
          -0.265935,
          0.650844,
          4.31435
        ],
        [
          -0.702826,
          0.293684,
          -0.647909,
          2.668726
        ],
        [
          -0.01884,
          -0.918166,
          -0.395748,
          1.422607
        ],
        [
          0.0,
          0.0,
          0.0,
          1.0
        ]
      ]
    },
    {
      "file_path": "/media/NFS/ttao/scannet/posed_images/scene0286_00/00023.jpg",
      "transform_matrix": [
        [
          -0.686241,
          -0.231942,
          0.689403,
          4.315713
        ],
        [
          -0.72734,
          0.227999,
          -0.647296,
          2.607039
        ],
        [
          -0.007048,
          -0.945632,
          -0.325163,
          1.46919
        ],
        [
          0.0,
          0.0,
          0.0,
          1.0
        ]
      ]
    },
    {
      "file_path": "/media/NFS/ttao/scannet/posed_images/scene0286_00/00036.jpg",
      "transform_matrix": [
        [
          -0.678997,
          -0.202846,
          0.705561,
          4.33126
        ],
        [
          -0.732571,
          0.250033,
          -0.633106,
          2.499839
        ],
        [
          -0.047991,
          -0.946751,
          -0.318371,
          1.461759
        ],
        [
          0.0,
          0.0,
          0.0,
          1.0
        ]
      ]
    },
    {
      "file_path": "/media/NFS/ttao/scannet/posed_images/scene0286_00/00043.jpg",
      "transform_matrix": [
        [
          -0.694374,
          -0.215668,
          0.686536,
          4.373126
        ],
        [
          -0.719036,
          0.246177,
          -0.649911,
          2.40486
        ],
        [
          -0.028845,
          -0.944926,
          -0.326012,
          1.429156
        ],
        [
          0.0,
          0.0,
          0.0,
          1.0
        ]
      ]
    },
    {
      "file_path": "/media/NFS/ttao/scannet/posed_images/scene0286_00/00056.jpg",
      "transform_matrix": [
        [
          -0.689854,
          -0.233388,
          0.685297,
          4.460231
        ],
        [
          -0.722587,
          0.280008,
          -0.632031,
          2.2302
        ],
        [
          -0.04438,
          -0.931196,
          -0.361808,
          1.417923
        ],
        [
          0.0,
          0.0,
          0.0,
          1.0
        ]
      ]
    },
    {
      "file_path": "/media/NFS/ttao/scannet/posed_images/scene0286_00/00063.jpg",
      "transform_matrix": [
        [
          -0.639181,
          -0.268228,
          0.720764,
          4.456162
        ],
        [
          -0.767626,
          0.27965,
          -0.576668,
          2.118047
        ],
        [
          -0.046883,
          -0.921873,
          -0.384646,
          1.400628
        ],
        [
          0.0,
          0.0,
          0.0,
          1.0
        ]
      ]
    },
    {
      "file_path": "/media/NFS/ttao/scannet/posed_images/scene0286_00/00076.jpg",
      "transform_matrix": [
        [
          -0.594499,
          -0.378858,
          0.709251,
          4.366982
        ],
        [
          -0.803877,
          0.300595,
          -0.513248,
          1.942048
        ],
        [
          -0.01875,
          -0.875277,
          -0.483259,
          1.357516
        ],
        [
          0.0,
          0.0,
          0.0,
          1.0
        ]
      ]
    },
    {
      "file_path": "/media/NFS/ttao/scannet/posed_images/scene0286_00/00089.jpg",
      "transform_matrix": [
        [
          -0.546133,
          -0.458245,
          0.70125,
          4.340047
        ],
        [
          -0.837657,
          0.307098,
          -0.451687,
          1.900889
        ],
        [
          -0.00837,
          -0.834088,
          -0.551568,
          1.311319
        ],
        [
          0.0,
          0.0,
          0.0,
          1.0
        ]
      ]
    },
    {
      "file_path": "/media/NFS/ttao/scannet/posed_images/scene0286_00/00096.jpg",
      "transform_matrix": [
        [
          -0.475746,
          -0.45987,
          0.74979,
          4.299796
        ],
        [
          -0.879535,
          0.239846,
          -0.410964,
          1.832594
        ],
        [
          0.009156,
          -0.854981,
          -0.518578,
          1.309871
        ],
        [
          0.0,
          0.0,
          0.0,
          1.0
        ]
      ]
    },
    {
      "file_path": "/media/NFS/ttao/scannet/posed_images/scene0286_00/00112.jpg",
      "transform_matrix": [
        [
          -0.320852,
          -0.456247,
          0.829996,
          4.177053
        ],
        [
          -0.94648,
          0.122008,
          -0.298814,
          1.630083
        ],
        [
          0.035067,
          -0.88145,
          -0.470975,
          1.394067
        ],
        [
          0.0,
          0.0,
          0.0,
          1.0
        ]
      ]
    },
    {
      "file_path": "/media/NFS/ttao/scannet/posed_images/scene0286_00/00122.jpg",
      "transform_matrix": [
        [
          -0.280069,
          -0.382598,
          0.880443,
          4.144682
        ],
        [
          -0.959675,
          0.088486,
          -0.266821,
          1.61592
        ],
        [
          0.024178,
          -0.919668,
          -0.391953,
          1.43777
        ],
        [
          0.0,
          0.0,
          0.0,
          1.0
        ]
      ]
    },
    {
      "file_path": "/media/NFS/ttao/scannet/posed_images/scene0286_00/00132.jpg",
      "transform_matrix": [
        [
          -0.257043,
          -0.461792,
          0.848927,
          4.103117
        ],
        [
          -0.966228,
          0.106244,
          -0.234767,
          1.614868
        ],
        [
          0.01822,
          -0.880603,
          -0.473505,
          1.371992
        ],
        [
          0.0,
          0.0,
          0.0,
          1.0
        ]
      ]
    },
    {
      "file_path": "/media/NFS/ttao/scannet/posed_images/scene0286_00/00142.jpg",
      "transform_matrix": [
        [
          -0.225258,
          -0.507424,
          0.831733,
          4.047412
        ],
        [
          -0.974223,
          0.127988,
          -0.185766,
          1.628374
        ],
        [
          -0.01219,
          -0.852139,
          -0.523174,
          1.333452
        ],
        [
          0.0,
          0.0,
          0.0,
          1.0
        ]
      ]
    },
    {
      "file_path": "/media/NFS/ttao/scannet/posed_images/scene0286_00/00158.jpg",
      "transform_matrix": [
        [
          -0.346221,
          -0.491518,
          0.799087,
          4.001547
        ],
        [
          -0.938124,
          0.188002,
          -0.290822,
          1.764684
        ],
        [
          -0.007285,
          -0.850332,
          -0.526196,
          1.305785
        ],
        [
          0.0,
          0.0,
          0.0,
          1.0
        ]
      ]
    },
    {
      "file_path": "/media/NFS/ttao/scannet/posed_images/scene0286_00/00168.jpg",
      "transform_matrix": [
        [
          -0.37262,
          -0.500802,
          0.78125,
          3.943649
        ],
        [
          -0.927628,
          0.224313,
          -0.298645,
          1.813321
        ],
        [
          -0.025682,
          -0.835991,
          -0.548142,
          1.308194
        ],
        [
          0.0,
          0.0,
          0.0,
          1.0
        ]
      ]
    },
    {
      "file_path": "/media/NFS/ttao/scannet/posed_images/scene0286_00/00175.jpg",
      "transform_matrix": [
        [
          -0.323418,
          -0.489177,
          0.810003,
          3.875973
        ],
        [
          -0.946192,
          0.177147,
          -0.270813,
          1.760106
        ],
        [
          -0.011014,
          -0.854005,
          -0.520149,
          1.30904
        ],
        [
          0.0,
          0.0,
          0.0,
          1.0
        ]
      ]
    },
    {
      "file_path": "/media/NFS/ttao/scannet/posed_images/scene0286_00/00188.jpg",
      "transform_matrix": [
        [
          -0.235652,
          -0.523741,
          0.818635,
          3.758245
        ],
        [
          -0.970781,
          0.166127,
          -0.173165,
          1.62976
        ],
        [
          -0.045304,
          -0.835522,
          -0.547586,
          1.305209
        ],
        [
          0.0,
          0.0,
          0.0,
          1.0
        ]
      ]
    },
    {
      "file_path": "/media/NFS/ttao/scannet/posed_images/scene0286_00/00201.jpg",
      "transform_matrix": [
        [
          -0.23695,
          -0.550271,
          0.80066,
          3.753178
        ],
        [
          -0.970976,
          0.161751,
          -0.176187,
          1.577806
        ],
        [
          -0.032557,
          -0.81917,
          -0.572627,
          1.300953
        ],
        [
          0.0,
          0.0,
          0.0,
          1.0
        ]
      ]
    },
    {
      "file_path": "/media/NFS/ttao/scannet/posed_images/scene0286_00/00208.jpg",
      "transform_matrix": [
        [
          -0.12936,
          -0.57822,
          0.80556,
          3.731571
        ],
        [
          -0.990865,
          0.106589,
          -0.082609,
          1.534548
        ],
        [
          -0.038098,
          -0.808888,
          -0.586727,
          1.291839
        ],
        [
          0.0,
          0.0,
          0.0,
          1.0
        ]
      ]
    },
    {
      "file_path": "/media/NFS/ttao/scannet/posed_images/scene0286_00/00218.jpg",
      "transform_matrix": [
        [
          0.042001,
          -0.615781,
          0.786797,
          3.649321
        ],
        [
          -0.999117,
          -0.026019,
          0.032972,
          1.42085
        ],
        [
          0.000168,
          -0.787487,
          -0.616331,
          1.277114
        ],
        [
          0.0,
          0.0,
          0.0,
          1.0
        ]
      ]
    },
    {
      "file_path": "/media/NFS/ttao/scannet/posed_images/scene0286_00/00231.jpg",
      "transform_matrix": [
        [
          0.06335,
          -0.572724,
          0.817297,
          3.612185
        ],
        [
          -0.997984,
          -0.033241,
          0.054061,
          1.325786
        ],
        [
          -0.003794,
          -0.819074,
          -0.573675,
          1.322179
        ],
        [
          0.0,
          0.0,
          0.0,
          1.0
        ]
      ]
    },
    {
      "file_path": "/media/NFS/ttao/scannet/posed_images/scene0286_00/00247.jpg",
      "transform_matrix": [
        [
          0.121087,
          -0.478,
          0.869973,
          3.655543
        ],
        [
          -0.992146,
          -0.085972,
          0.090856,
          1.372698
        ],
        [
          0.031364,
          -0.874142,
          -0.484656,
          1.386799
        ],
        [
          0.0,
          0.0,
          0.0,
          1.0
        ]
      ]
    },
    {
      "file_path": "/media/NFS/ttao/scannet/posed_images/scene0286_00/00257.jpg",
      "transform_matrix": [
        [
          0.089284,
          -0.416924,
          0.904545,
          3.713239
        ],
        [
          -0.995935,
          -0.048203,
          0.076087,
          1.436309
        ],
        [
          0.011879,
          -0.907662,
          -0.419533,
          1.413717
        ],
        [
          0.0,
          0.0,
          0.0,
          1.0
        ]
      ]
    },
    {
      "file_path": "/media/NFS/ttao/scannet/posed_images/scene0286_00/00270.jpg",
      "transform_matrix": [
        [
          -0.005642,
          -0.393713,
          0.919216,
          3.855101
        ],
        [
          -0.999675,
          0.025084,
          0.004608,
          1.631931
        ],
        [
          -0.024872,
          -0.918891,
          -0.393727,
          1.427336
        ],
        [
          0.0,
          0.0,
          0.0,
          1.0
        ]
      ]
    },
    {
      "file_path": "/media/NFS/ttao/scannet/posed_images/scene0286_00/00280.jpg",
      "transform_matrix": [
        [
          -0.032648,
          -0.363725,
          0.930934,
          3.997766
        ],
        [
          -0.998914,
          0.042846,
          -0.018292,
          1.753303
        ],
        [
          -0.033234,
          -0.930521,
          -0.364729,
          1.436362
        ],
        [
          0.0,
          0.0,
          0.0,
          1.0
        ]
      ]
    },
    {
      "file_path": "/media/NFS/ttao/scannet/posed_images/scene0286_00/00287.jpg",
      "transform_matrix": [
        [
          -0.048729,
          -0.337742,
          0.939976,
          4.101603
        ],
        [
          -0.997533,
          0.064071,
          -0.028692,
          1.852449
        ],
        [
          -0.050535,
          -0.939056,
          -0.340031,
          1.444895
        ],
        [
          0.0,
          0.0,
          0.0,
          1.0
        ]
      ]
    },
    {
      "file_path": "/media/NFS/ttao/scannet/posed_images/scene0286_00/00300.jpg",
      "transform_matrix": [
        [
          -0.009138,
          -0.347391,
          0.937676,
          4.223444
        ],
        [
          -0.999945,
          -0.001588,
          -0.010333,
          2.068155
        ],
        [
          0.005079,
          -0.937719,
          -0.347357,
          1.438195
        ],
        [
          0.0,
          0.0,
          0.0,
          1.0
        ]
      ]
    },
    {
      "file_path": "/media/NFS/ttao/scannet/posed_images/scene0286_00/00307.jpg",
      "transform_matrix": [
        [
          -0.028625,
          -0.360754,
          0.932222,
          4.267654
        ],
        [
          -0.999506,
          0.022431,
          -0.02201,
          2.249972
        ],
        [
          -0.012971,
          -0.932391,
          -0.361218,
          1.44584
        ],
        [
          0.0,
          0.0,
          0.0,
          1.0
        ]
      ]
    },
    {
      "file_path": "/media/NFS/ttao/scannet/posed_images/scene0286_00/00316.jpg",
      "transform_matrix": [
        [
          -0.110078,
          -0.401059,
          0.909414,
          4.286093
        ],
        [
          -0.993891,
          0.051786,
          -0.097465,
          2.382806
        ],
        [
          -0.008005,
          -0.914587,
          -0.404309,
          1.417056
        ],
        [
          0.0,
          0.0,
          0.0,
          1.0
        ]
      ]
    },
    {
      "file_path": "/media/NFS/ttao/scannet/posed_images/scene0286_00/00326.jpg",
      "transform_matrix": [
        [
          -0.176325,
          -0.408658,
          0.895493,
          4.297635
        ],
        [
          -0.984279,
          0.082604,
          -0.156111,
          2.491485
        ],
        [
          -0.010175,
          -0.908942,
          -0.416799,
          1.38503
        ],
        [
          0.0,
          0.0,
          0.0,
          1.0
        ]
      ]
    },
    {
      "file_path": "/media/NFS/ttao/scannet/posed_images/scene0286_00/00339.jpg",
      "transform_matrix": [
        [
          -0.19651,
          -0.501478,
          0.842557,
          4.261736
        ],
        [
          -0.979436,
          0.060338,
          -0.192522,
          2.636
        ],
        [
          0.045707,
          -0.863064,
          -0.503023,
          1.363141
        ],
        [
          0.0,
          0.0,
          0.0,
          1.0
        ]
      ]
    },
    {
      "file_path": "/media/NFS/ttao/scannet/posed_images/scene0286_00/00349.jpg",
      "transform_matrix": [
        [
          -0.321982,
          -0.495801,
          0.806541,
          4.152937
        ],
        [
          -0.946692,
          0.159552,
          -0.279851,
          2.740732
        ],
        [
          0.010065,
          -0.853653,
          -0.520745,
          1.379472
        ],
        [
          0.0,
          0.0,
          0.0,
          1.0
        ]
      ]
    },
    {
      "file_path": "/media/NFS/ttao/scannet/posed_images/scene0286_00/00359.jpg",
      "transform_matrix": [
        [
          -0.400554,
          -0.47024,
          0.786404,
          4.043175
        ],
        [
          -0.916272,
          0.204406,
          -0.344475,
          2.778139
        ],
        [
          0.00124,
          -0.858541,
          -0.512743,
          1.383818
        ],
        [
          0.0,
          0.0,
          0.0,
          1.0
        ]
      ]
    },
    {
      "file_path": "/media/NFS/ttao/scannet/posed_images/scene0286_00/00379.jpg",
      "transform_matrix": [
        [
          -0.422996,
          -0.470848,
          0.774194,
          3.894916
        ],
        [
          -0.905151,
          0.25929,
          -0.336853,
          2.841033
        ],
        [
          -0.042134,
          -0.84325,
          -0.535867,
          1.347547
        ],
        [
          0.0,
          0.0,
          0.0,
          1.0
        ]
      ]
    },
    {
      "file_path": "/media/NFS/ttao/scannet/posed_images/scene0286_00/00389.jpg",
      "transform_matrix": [
        [
          -0.40263,
          -0.548071,
          0.733148,
          3.892862
        ],
        [
          -0.914696,
          0.271454,
          -0.299405,
          2.96892
        ],
        [
          -0.034921,
          -0.791158,
          -0.610615,
          1.313708
        ],
        [
          0.0,
          0.0,
          0.0,
          1.0
        ]
      ]
    },
    {
      "file_path": "/media/NFS/ttao/scannet/posed_images/scene0286_00/00396.jpg",
      "transform_matrix": [
        [
          -0.391868,
          -0.567775,
          0.723927,
          3.909447
        ],
        [
          -0.918996,
          0.278702,
          -0.278874,
          3.044757
        ],
        [
          -0.043422,
          -0.774569,
          -0.630998,
          1.324774
        ],
        [
          0.0,
          0.0,
          0.0,
          1.0
        ]
      ]
    },
    {
      "file_path": "/media/NFS/ttao/scannet/posed_images/scene0286_00/00405.jpg",
      "transform_matrix": [
        [
          -0.339856,
          -0.503616,
          0.794272,
          3.950594
        ],
        [
          -0.939676,
          0.216684,
          -0.264681,
          3.110114
        ],
        [
          -0.038808,
          -0.836313,
          -0.546878,
          1.361153
        ],
        [
          0.0,
          0.0,
          0.0,
          1.0
        ]
      ]
    },
    {
      "file_path": "/media/NFS/ttao/scannet/posed_images/scene0286_00/00422.jpg",
      "transform_matrix": [
        [
          -0.33156,
          -0.40946,
          0.849947,
          4.171227
        ],
        [
          -0.941634,
          0.199252,
          -0.271337,
          3.111613
        ],
        [
          -0.058252,
          -0.890304,
          -0.451625,
          1.421137
        ],
        [
          0.0,
          0.0,
          0.0,
          1.0
        ]
      ]
    },
    {
      "file_path": "/media/NFS/ttao/scannet/posed_images/scene0286_00/00428.jpg",
      "transform_matrix": [
        [
          -0.352765,
          -0.381466,
          0.854424,
          4.251913
        ],
        [
          -0.934375,
          0.192411,
          -0.29987,
          3.123639
        ],
        [
          -0.050011,
          -0.904136,
          -0.424308,
          1.427439
        ],
        [
          0.0,
          0.0,
          0.0,
          1.0
        ]
      ]
    },
    {
      "file_path": "/media/NFS/ttao/scannet/posed_images/scene0286_00/00445.jpg",
      "transform_matrix": [
        [
          -0.583077,
          -0.308912,
          0.751395,
          4.426219
        ],
        [
          -0.81016,
          0.289987,
          -0.509459,
          3.241189
        ],
        [
          -0.060517,
          -0.905804,
          -0.419353,
          1.431633
        ],
        [
          0.0,
          0.0,
          0.0,
          1.0
        ]
      ]
    },
    {
      "file_path": "/media/NFS/ttao/scannet/posed_images/scene0286_00/00452.jpg",
      "transform_matrix": [
        [
          -0.659892,
          -0.287921,
          0.694005,
          4.494753
        ],
        [
          -0.750194,
          0.303924,
          -0.58723,
          3.290946
        ],
        [
          -0.041849,
          -0.908148,
          -0.416554,
          1.434379
        ],
        [
          0.0,
          0.0,
          0.0,
          1.0
        ]
      ]
    },
    {
      "file_path": "/media/NFS/ttao/scannet/posed_images/scene0286_00/00461.jpg",
      "transform_matrix": [
        [
          -0.73364,
          -0.2523,
          0.630965,
          4.583575
        ],
        [
          -0.678384,
          0.326018,
          -0.658413,
          3.318451
        ],
        [
          -0.039588,
          -0.911075,
          -0.410336,
          1.417819
        ],
        [
          0.0,
          0.0,
          0.0,
          1.0
        ]
      ]
    },
    {
      "file_path": "/media/NFS/ttao/scannet/posed_images/scene0286_00/00475.jpg",
      "transform_matrix": [
        [
          -0.769811,
          -0.250451,
          0.587083,
          4.736742
        ],
        [
          -0.637551,
          0.345439,
          -0.688622,
          3.404954
        ],
        [
          -0.030336,
          -0.904404,
          -0.425598,
          1.390761
        ],
        [
          0.0,
          0.0,
          0.0,
          1.0
        ]
      ]
    },
    {
      "file_path": "/media/NFS/ttao/scannet/posed_images/scene0286_00/00481.jpg",
      "transform_matrix": [
        [
          -0.774698,
          -0.280614,
          0.566656,
          4.780539
        ],
        [
          -0.63217,
          0.363917,
          -0.684051,
          3.475813
        ],
        [
          -0.014262,
          -0.888156,
          -0.459321,
          1.365621
        ],
        [
          0.0,
          0.0,
          0.0,
          1.0
        ]
      ]
    },
    {
      "file_path": "/media/NFS/ttao/scannet/posed_images/scene0286_00/00498.jpg",
      "transform_matrix": [
        [
          -0.783823,
          -0.381106,
          0.490284,
          4.830278
        ],
        [
          -0.618246,
          0.40487,
          -0.673685,
          3.626612
        ],
        [
          0.058244,
          -0.831167,
          -0.552964,
          1.338165
        ],
        [
          0.0,
          0.0,
          0.0,
          1.0
        ]
      ]
    },
    {
      "file_path": "/media/NFS/ttao/scannet/posed_images/scene0286_00/00511.jpg",
      "transform_matrix": [
        [
          -0.719087,
          -0.368705,
          0.589041,
          4.851159
        ],
        [
          -0.693477,
          0.326137,
          -0.642436,
          3.642568
        ],
        [
          0.044761,
          -0.870454,
          -0.49021,
          1.385974
        ],
        [
          0.0,
          0.0,
          0.0,
          1.0
        ]
      ]
    },
    {
      "file_path": "/media/NFS/ttao/scannet/posed_images/scene0286_00/00514.jpg",
      "transform_matrix": [
        [
          -0.704136,
          -0.367569,
          0.607524,
          4.846418
        ],
        [
          -0.709099,
          0.319388,
          -0.628625,
          3.634428
        ],
        [
          0.037027,
          -0.873433,
          -0.485535,
          1.390445
        ],
        [
          0.0,
          0.0,
          0.0,
          1.0
        ]
      ]
    },
    {
      "file_path": "/media/NFS/ttao/scannet/posed_images/scene0286_00/00524.jpg",
      "transform_matrix": [
        [
          -0.640214,
          -0.327566,
          0.694857,
          4.790189
        ],
        [
          -0.767912,
          0.297488,
          -0.567284,
          3.536318
        ],
        [
          -0.020889,
          -0.896773,
          -0.441999,
          1.425227
        ],
        [
          0.0,
          0.0,
          0.0,
          1.0
        ]
      ]
    },
    {
      "file_path": "/media/NFS/ttao/scannet/posed_images/scene0286_00/00541.jpg",
      "transform_matrix": [
        [
          -0.461091,
          -0.319714,
          0.827755,
          4.744206
        ],
        [
          -0.886755,
          0.200267,
          -0.416604,
          3.309411
        ],
        [
          -0.032578,
          -0.926108,
          -0.375849,
          1.444484
        ],
        [
          0.0,
          0.0,
          0.0,
          1.0
        ]
      ]
    },
    {
      "file_path": "/media/NFS/ttao/scannet/posed_images/scene0286_00/00554.jpg",
      "transform_matrix": [
        [
          -0.418649,
          -0.381183,
          0.824277,
          4.841385
        ],
        [
          -0.906931,
          0.128516,
          -0.401197,
          3.086709
        ],
        [
          0.046996,
          -0.915524,
          -0.39951,
          1.438154
        ],
        [
          0.0,
          0.0,
          0.0,
          1.0
        ]
      ]
    },
    {
      "file_path": "/media/NFS/ttao/scannet/posed_images/scene0286_00/00564.jpg",
      "transform_matrix": [
        [
          -0.35142,
          -0.418478,
          0.837484,
          4.907014
        ],
        [
          -0.936216,
          0.158868,
          -0.313465,
          2.956158
        ],
        [
          -0.001871,
          -0.894225,
          -0.447615,
          1.437948
        ],
        [
          0.0,
          0.0,
          0.0,
          1.0
        ]
      ]
    },
    {
      "file_path": "/media/NFS/ttao/scannet/posed_images/scene0286_00/00570.jpg",
      "transform_matrix": [
        [
          -0.298199,
          -0.458631,
          0.837099,
          4.92559
        ],
        [
          -0.954302,
          0.161288,
          -0.251584,
          2.868641
        ],
        [
          -0.01963,
          -0.873867,
          -0.485768,
          1.44928
        ],
        [
          0.0,
          0.0,
          0.0,
          1.0
        ]
      ]
    },
    {
      "file_path": "/media/NFS/ttao/scannet/posed_images/scene0286_00/00587.jpg",
      "transform_matrix": [
        [
          -0.155139,
          -0.44536,
          0.881809,
          4.943049
        ],
        [
          -0.987737,
          0.085765,
          -0.130459,
          2.7053
        ],
        [
          -0.017528,
          -0.891235,
          -0.453204,
          1.452201
        ],
        [
          0.0,
          0.0,
          0.0,
          1.0
        ]
      ]
    },
    {
      "file_path": "/media/NFS/ttao/scannet/posed_images/scene0286_00/00600.jpg",
      "transform_matrix": [
        [
          -0.060712,
          -0.416513,
          0.9071,
          4.894946
        ],
        [
          -0.997994,
          0.041646,
          -0.047673,
          2.653144
        ],
        [
          -0.01792,
          -0.908176,
          -0.418206,
          1.428245
        ],
        [
          0.0,
          0.0,
          0.0,
          1.0
        ]
      ]
    },
    {
      "file_path": "/media/NFS/ttao/scannet/posed_images/scene0286_00/00603.jpg",
      "transform_matrix": [
        [
          -0.03368,
          -0.410898,
          0.911059,
          4.86774
        ],
        [
          -0.999366,
          0.024391,
          -0.025943,
          2.630141
        ],
        [
          -0.011562,
          -0.911355,
          -0.411459,
          1.417071
        ],
        [
          0.0,
          0.0,
          0.0,
          1.0
        ]
      ]
    },
    {
      "file_path": "/media/NFS/ttao/scannet/posed_images/scene0286_00/00620.jpg",
      "transform_matrix": [
        [
          0.202975,
          -0.392562,
          0.897049,
          4.683481
        ],
        [
          -0.979179,
          -0.084301,
          0.184667,
          2.450226
        ],
        [
          0.003129,
          -0.915854,
          -0.401499,
          1.416842
        ],
        [
          0.0,
          0.0,
          0.0,
          1.0
        ]
      ]
    },
    {
      "file_path": "/media/NFS/ttao/scannet/posed_images/scene0286_00/00623.jpg",
      "transform_matrix": [
        [
          0.215032,
          -0.383086,
          0.898335,
          4.646461
        ],
        [
          -0.976584,
          -0.078115,
          0.200451,
          2.439843
        ],
        [
          -0.006616,
          -0.920404,
          -0.390913,
          1.414789
        ],
        [
          0.0,
          0.0,
          0.0,
          1.0
        ]
      ]
    },
    {
      "file_path": "/media/NFS/ttao/scannet/posed_images/scene0286_00/00643.jpg",
      "transform_matrix": [
        [
          0.324622,
          -0.424785,
          0.84509,
          4.447111
        ],
        [
          -0.945584,
          -0.12482,
          0.300483,
          2.367314
        ],
        [
          -0.022157,
          -0.896648,
          -0.44219,
          1.411354
        ],
        [
          0.0,
          0.0,
          0.0,
          1.0
        ]
      ]
    },
    {
      "file_path": "/media/NFS/ttao/scannet/posed_images/scene0286_00/00649.jpg",
      "transform_matrix": [
        [
          0.362324,
          -0.433829,
          0.824932,
          4.429188
        ],
        [
          -0.930956,
          -0.125549,
          0.342866,
          2.295876
        ],
        [
          -0.045176,
          -0.892205,
          -0.449366,
          1.393443
        ],
        [
          0.0,
          0.0,
          0.0,
          1.0
        ]
      ]
    },
    {
      "file_path": "/media/NFS/ttao/scannet/posed_images/scene0286_00/00666.jpg",
      "transform_matrix": [
        [
          0.476646,
          -0.507116,
          0.718082,
          4.390249
        ],
        [
          -0.87575,
          -0.202728,
          0.438135,
          2.157108
        ],
        [
          -0.07661,
          -0.837696,
          -0.540737,
          1.342426
        ],
        [
          0.0,
          0.0,
          0.0,
          1.0
        ]
      ]
    },
    {
      "file_path": "/media/NFS/ttao/scannet/posed_images/scene0286_00/00669.jpg",
      "transform_matrix": [
        [
          0.487143,
          -0.507072,
          0.711035,
          4.385417
        ],
        [
          -0.869983,
          -0.21064,
          0.445824,
          2.159734
        ],
        [
          -0.076293,
          -0.835769,
          -0.543756,
          1.349244
        ],
        [
          0.0,
          0.0,
          0.0,
          1.0
        ]
      ]
    },
    {
      "file_path": "/media/NFS/ttao/scannet/posed_images/scene0286_00/00679.jpg",
      "transform_matrix": [
        [
          0.539944,
          -0.429995,
          0.723578,
          4.340221
        ],
        [
          -0.840782,
          -0.235383,
          0.487524,
          2.19346
        ],
        [
          -0.039315,
          -0.871607,
          -0.488626,
          1.376511
        ],
        [
          0.0,
          0.0,
          0.0,
          1.0
        ]
      ]
    },
    {
      "file_path": "/media/NFS/ttao/scannet/posed_images/scene0286_00/00699.jpg",
      "transform_matrix": [
        [
          0.701321,
          -0.323228,
          0.635353,
          4.17839
        ],
        [
          -0.712492,
          -0.289741,
          0.639066,
          2.349499
        ],
        [
          -0.022476,
          -0.900874,
          -0.433498,
          1.39238
        ],
        [
          0.0,
          0.0,
          0.0,
          1.0
        ]
      ]
    },
    {
      "file_path": "/media/NFS/ttao/scannet/posed_images/scene0286_00/00702.jpg",
      "transform_matrix": [
        [
          0.722088,
          -0.310857,
          0.618027,
          4.169179
        ],
        [
          -0.691629,
          -0.304448,
          0.654951,
          2.362746
        ],
        [
          -0.015439,
          -0.900377,
          -0.434836,
          1.394036
        ],
        [
          0.0,
          0.0,
          0.0,
          1.0
        ]
      ]
    },
    {
      "file_path": "/media/NFS/ttao/scannet/posed_images/scene0286_00/00719.jpg",
      "transform_matrix": [
        [
          0.7013,
          -0.359521,
          0.615567,
          4.204078
        ],
        [
          -0.712716,
          -0.335873,
          0.615813,
          2.372744
        ],
        [
          -0.014645,
          -0.870594,
          -0.491784,
          1.402353
        ],
        [
          0.0,
          0.0,
          0.0,
          1.0
        ]
      ]
    },
    {
      "file_path": "/media/NFS/ttao/scannet/posed_images/scene0286_00/00722.jpg",
      "transform_matrix": [
        [
          0.700016,
          -0.369582,
          0.611054,
          4.228522
        ],
        [
          -0.713635,
          -0.330255,
          0.617784,
          2.384181
        ],
        [
          -0.026518,
          -0.868528,
          -0.494931,
          1.426634
        ],
        [
          0.0,
          0.0,
          0.0,
          1.0
        ]
      ]
    },
    {
      "file_path": "/media/NFS/ttao/scannet/posed_images/scene0286_00/00742.jpg",
      "transform_matrix": [
        [
          0.749364,
          -0.331626,
          0.57313,
          4.446375
        ],
        [
          -0.662037,
          -0.358675,
          0.658072,
          2.42276
        ],
        [
          -0.012666,
          -0.872569,
          -0.488327,
          1.496518
        ],
        [
          0.0,
          0.0,
          0.0,
          1.0
        ]
      ]
    },
    {
      "file_path": "/media/NFS/ttao/scannet/posed_images/scene0286_00/00751.jpg",
      "transform_matrix": [
        [
          0.768538,
          -0.32254,
          0.552555,
          4.483607
        ],
        [
          -0.639792,
          -0.382136,
          0.666812,
          2.454025
        ],
        [
          -0.003923,
          -0.865991,
          -0.500044,
          1.520396
        ],
        [
          0.0,
          0.0,
          0.0,
          1.0
        ]
      ]
    },
    {
      "file_path": "/media/NFS/ttao/scannet/posed_images/scene0286_00/00761.jpg",
      "transform_matrix": [
        [
          0.773192,
          -0.345935,
          0.53151,
          4.513203
        ],
        [
          -0.634165,
          -0.425493,
          0.645593,
          2.496341
        ],
        [
          0.002821,
          -0.836233,
          -0.548368,
          1.559614
        ],
        [
          0.0,
          0.0,
          0.0,
          1.0
        ]
      ]
    },
    {
      "file_path": "/media/NFS/ttao/scannet/posed_images/scene0286_00/00775.jpg",
      "transform_matrix": [
        [
          0.790443,
          -0.355433,
          0.498866,
          4.535306
        ],
        [
          -0.612499,
          -0.467593,
          0.63734,
          2.525648
        ],
        [
          0.006735,
          -0.809335,
          -0.587308,
          1.586311
        ],
        [
          0.0,
          0.0,
          0.0,
          1.0
        ]
      ]
    },
    {
      "file_path": "/media/NFS/ttao/scannet/posed_images/scene0286_00/00778.jpg",
      "transform_matrix": [
        [
          0.791447,
          -0.366516,
          0.489161,
          4.536158
        ],
        [
          -0.611214,
          -0.481656,
          0.628032,
          2.526196
        ],
        [
          0.005423,
          -0.796036,
          -0.605225,
          1.585405
        ],
        [
          0.0,
          0.0,
          0.0,
          1.0
        ]
      ]
    },
    {
      "file_path": "/media/NFS/ttao/scannet/posed_images/scene0286_00/00798.jpg",
      "transform_matrix": [
        [
          0.783463,
          -0.358099,
          0.507889,
          4.568071
        ],
        [
          -0.621432,
          -0.455292,
          0.637598,
          2.488307
        ],
        [
          0.002914,
          -0.815153,
          -0.579239,
          1.611477
        ],
        [
          0.0,
          0.0,
          0.0,
          1.0
        ]
      ]
    },
    {
      "file_path": "/media/NFS/ttao/scannet/posed_images/scene0286_00/00808.jpg",
      "transform_matrix": [
        [
          0.766665,
          -0.312541,
          0.560842,
          4.566824
        ],
        [
          -0.641696,
          -0.344108,
          0.685431,
          2.449677
        ],
        [
          -0.021235,
          -0.885386,
          -0.464372,
          1.570895
        ],
        [
          0.0,
          0.0,
          0.0,
          1.0
        ]
      ]
    },
    {
      "file_path": "/media/NFS/ttao/scannet/posed_images/scene0286_00/00811.jpg",
      "transform_matrix": [
        [
          0.761453,
          -0.290749,
          0.579356,
          4.56433
        ],
        [
          -0.647801,
          -0.309192,
          0.696243,
          2.431139
        ],
        [
          -0.0233,
          -0.905464,
          -0.423783,
          1.538178
        ],
        [
          0.0,
          0.0,
          0.0,
          1.0
        ]
      ]
    },
    {
      "file_path": "/media/NFS/ttao/scannet/posed_images/scene0286_00/00827.jpg",
      "transform_matrix": [
        [
          0.703065,
          -0.289697,
          0.649443,
          4.345525
        ],
        [
          -0.711122,
          -0.283348,
          0.643444,
          2.43884
        ],
        [
          -0.002385,
          -0.914215,
          -0.405222,
          1.435033
        ],
        [
          0.0,
          0.0,
          0.0,
          1.0
        ]
      ]
    },
    {
      "file_path": "/media/NFS/ttao/scannet/posed_images/scene0286_00/00840.jpg",
      "transform_matrix": [
        [
          0.733198,
          -0.263354,
          0.62695,
          4.080377
        ],
        [
          -0.679999,
          -0.277558,
          0.678648,
          2.529907
        ],
        [
          -0.004709,
          -0.923908,
          -0.382585,
          1.426555
        ],
        [
          0.0,
          0.0,
          0.0,
          1.0
        ]
      ]
    },
    {
      "file_path": "/media/NFS/ttao/scannet/posed_images/scene0286_00/00844.jpg",
      "transform_matrix": [
        [
          0.730676,
          -0.258811,
          0.631768,
          4.046315
        ],
        [
          -0.682723,
          -0.278835,
          0.675381,
          2.549802
