{
  "frames": [
    {
      "file_path": "/media/NFS/ttao/scannet/posed_images/scene0294_02/00000.jpg",
      "transform_matrix": [
        [
          0.960934,
          -0.024619,
          0.275681,
          3.694379
        ],
        [
          -0.275835,
          -0.16731,
          0.946532,
          2.820097
        ],
        [
          0.022822,
          -0.985597,
          -0.167564,
          1.830561
        ],
        [
          0.0,
          0.0,
          0.0,
          1.0
        ]
      ]
    },
    {
      "file_path": "/media/NFS/ttao/scannet/posed_images/scene0294_02/00007.jpg",
      "transform_matrix": [
        [
          0.959107,
          -0.009167,
          0.282895,
          3.695321
        ],
        [
          -0.280745,
          -0.157918,
          0.946702,
          2.842607
        ],
        [
          0.035996,
          -0.98741,
          -0.154034,
          1.850379
        ],
        [
          0.0,
          0.0,
          0.0,
          1.0
        ]
      ]
    },
    {
      "file_path": "/media/NFS/ttao/scannet/posed_images/scene0294_02/00014.jpg",
      "transform_matrix": [
        [
          0.955912,
          -0.05616,
          0.288232,
          3.674182
        ],
        [
          -0.293647,
          -0.177354,
          0.939317,
          2.876012
        ],
        [
          -0.001633,
          -0.982543,
          -0.186026,
          1.748465
        ],
        [
          0.0,
          0.0,
          0.0,
          1.0
        ]
      ]
    },
    {
      "file_path": "/media/NFS/ttao/scannet/posed_images/scene0294_02/00021.jpg",
      "transform_matrix": [
        [
          0.934334,
          -0.084429,
          0.346253,
          3.516456
        ],
        [
          -0.356384,
          -0.212719,
          0.909803,
          2.947946
        ],
        [
          -0.00316,
          -0.973459,
          -0.22884,
          1.613854
        ],
        [
          0.0,
          0.0,
          0.0,
          1.0
        ]
      ]
    },
    {
      "file_path": "/media/NFS/ttao/scannet/posed_images/scene0294_02/00033.jpg",
      "transform_matrix": [
        [
          0.928001,
          -0.098864,
          0.359221,
          3.394581
        ],
        [
          -0.370197,
          -0.353475,
          0.859074,
          3.055695
        ],
        [
          0.042044,
          -0.930205,
          -0.364625,
          1.534123
        ],
        [
          0.0,
          0.0,
          0.0,
          1.0
        ]
      ]
    },
    {
      "file_path": "/media/NFS/ttao/scannet/posed_images/scene0294_02/00038.jpg",
      "transform_matrix": [
        [
          0.927871,
          -0.097825,
          0.359842,
          3.371044
        ],
        [
          -0.368201,
          -0.393096,
          0.842558,
          3.066962
        ],
        [
          0.05903,
          -0.914279,
          -0.400761,
          1.508097
        ],
        [
          0.0,
          0.0,
          0.0,
          1.0
        ]
      ]
    },
    {
      "file_path": "/media/NFS/ttao/scannet/posed_images/scene0294_02/00045.jpg",
      "transform_matrix": [
        [
          0.924092,
          -0.133043,
          0.358264,
          3.373788
        ],
        [
          -0.379426,
          -0.43153,
          0.818424,
          3.069786
        ],
        [
          0.045716,
          -0.892234,
          -0.449253,
          1.481485
        ],
        [
          0.0,
          0.0,
          0.0,
          1.0
        ]
      ]
    },
    {
      "file_path": "/media/NFS/ttao/scannet/posed_images/scene0294_02/00054.jpg",
      "transform_matrix": [
        [
          0.902561,
          -0.220084,
          0.370064,
          3.381372
        ],
        [
          -0.430405,
          -0.484429,
          0.761629,
          3.053952
        ],
        [
          0.011647,
          -0.846694,
          -0.531952,
          1.425096
        ],
        [
          0.0,
          0.0,
          0.0,
          1.0
        ]
      ]
    },
    {
      "file_path": "/media/NFS/ttao/scannet/posed_images/scene0294_02/00066.jpg",
      "transform_matrix": [
        [
          0.926888,
          -0.247343,
          0.282313,
          3.405936
        ],
        [
          -0.373006,
          -0.523263,
          0.7662,
          2.945023
        ],
        [
          -0.04179,
          -0.815486,
          -0.577266,
          1.412426
        ],
        [
          0.0,
          0.0,
          0.0,
          1.0
        ]
      ]
    },
    {
      "file_path": "/media/NFS/ttao/scannet/posed_images/scene0294_02/00069.jpg",
      "transform_matrix": [
        [
          0.928798,
          -0.243782,
          0.279114,
          3.418096
        ],
        [
          -0.368405,
          -0.525804,
          0.766686,
          2.931256
        ],
        [
          -0.040145,
          -0.814923,
          -0.578176,
          1.415299
        ],
        [
          0.0,
          0.0,
          0.0,
          1.0
        ]
      ]
    },
    {
      "file_path": "/media/NFS/ttao/scannet/posed_images/scene0294_02/00081.jpg",
      "transform_matrix": [
        [
          0.921185,
          -0.272146,
          0.278126,
          3.57634
        ],
        [
          -0.384916,
          -0.53246,
          0.753874,
          2.734054
        ],
        [
          -0.057073,
          -0.801512,
          -0.595248,
          1.418354
        ],
        [
          0.0,
          0.0,
          0.0,
          1.0
        ]
      ]
    },
    {
      "file_path": "/media/NFS/ttao/scannet/posed_images/scene0294_02/00085.jpg",
      "transform_matrix": [
        [
          0.912165,
          -0.286618,
          0.292925,
          3.62352
        ],
        [
          -0.404631,
          -0.516435,
          0.754698,
          2.719711
        ],
        [
          -0.065033,
          -0.806935,
          -0.587049,
          1.42215
        ],
        [
          0.0,
          0.0,
          0.0,
          1.0
        ]
      ]
    },
    {
      "file_path": "/media/NFS/ttao/scannet/posed_images/scene0294_02/00099.jpg",
      "transform_matrix": [
        [
          0.899138,
          -0.289608,
          0.328143,
          3.900592
        ],
        [
          -0.434572,
          -0.501779,
          0.747907,
          2.767763
        ],
        [
          -0.051944,
          -0.815073,
          -0.577024,
          1.444021
        ],
        [
          0.0,
          0.0,
          0.0,
          1.0
        ]
      ]
    },
    {
      "file_path": "/media/NFS/ttao/scannet/posed_images/scene0294_02/00107.jpg",
      "transform_matrix": [
        [
          0.879463,
          -0.333268,
          0.339821,
          4.070523
        ],
        [
          -0.466882,
          -0.465203,
          0.752068,
          2.783088
        ],
        [
          -0.092554,
          -0.820072,
          -0.564726,
          1.452043
        ],
        [
          0.0,
          0.0,
          0.0,
          1.0
        ]
      ]
    },
    {
      "file_path": "/media/NFS/ttao/scannet/posed_images/scene0294_02/00114.jpg",
      "transform_matrix": [
        [
          0.889992,
          -0.309079,
          0.335238,
          4.232291
        ],
        [
          -0.449058,
          -0.466531,
          0.762034,
          2.744062
        ],
        [
          -0.07913,
          -0.828745,
          -0.554003,
          1.461641
        ],
        [
          0.0,
          0.0,
          0.0,
          1.0
        ]
      ]
    },
    {
      "file_path": "/media/NFS/ttao/scannet/posed_images/scene0294_02/00123.jpg",
      "transform_matrix": [
        [
          0.956753,
          -0.181093,
          0.227661,
          4.352818
        ],
        [
          -0.289029,
          -0.503079,
          0.814477,
          2.652196
        ],
        [
          -0.032964,
          -0.845054,
          -0.533663,
          1.464704
        ],
        [
          0.0,
          0.0,
          0.0,
          1.0
        ]
      ]
    },
    {
      "file_path": "/media/NFS/ttao/scannet/posed_images/scene0294_02/00126.jpg",
      "transform_matrix": [
        [
          0.965863,
          -0.172382,
          0.193373,
          4.386269
        ],
        [
          -0.255639,
          -0.513462,
          0.819149,
          2.647242
        ],
        [
          -0.041917,
          -0.84062,
          -0.540001,
          1.469935
        ],
        [
          0.0,
          0.0,
          0.0,
          1.0
        ]
      ]
    },
    {
      "file_path": "/media/NFS/ttao/scannet/posed_images/scene0294_02/00135.jpg",
      "transform_matrix": [
        [
          0.994396,
          -0.074418,
          0.075088,
          4.489526
        ],
        [
          -0.102356,
          -0.500041,
          0.859931,
          2.66383
        ],
        [
          -0.026447,
          -0.862798,
          -0.504856,
          1.458261
        ],
        [
          0.0,
          0.0,
          0.0,
          1.0
        ]
      ]
    },
    {
      "file_path": "/media/NFS/ttao/scannet/posed_images/scene0294_02/00140.jpg",
      "transform_matrix": [
        [
          0.997968,
          0.000672,
          0.063719,
          4.557468
        ],
        [
          -0.053926,
          -0.523838,
          0.850109,
          2.700485
        ],
        [
          0.033949,
          -0.851818,
          -0.522737,
          1.430169
        ],
        [
          0.0,
          0.0,
          0.0,
          1.0
        ]
      ]
    },
    {
      "file_path": "/media/NFS/ttao/scannet/posed_images/scene0294_02/00149.jpg",
      "transform_matrix": [
        [
          0.995347,
          0.071097,
          -0.065028,
          4.657392
        ],
        [
          0.092648,
          -0.52094,
          0.84855,
          2.761428
        ],
        [
          0.026453,
          -0.850627,
          -0.525103,
          1.45465
        ],
        [
          0.0,
          0.0,
          0.0,
          1.0
        ]
      ]
    },
    {
      "file_path": "/media/NFS/ttao/scannet/posed_images/scene0294_02/00161.jpg",
      "transform_matrix": [
        [
          0.935556,
          0.152082,
          -0.318756,
          4.865551
        ],
        [
          0.353143,
          -0.415332,
          0.838325,
          2.75076
        ],
        [
          -0.004895,
          -0.896867,
          -0.442273,
          1.489596
        ],
        [
          0.0,
          0.0,
          0.0,
          1.0
        ]
      ]
    },
    {
      "file_path": "/media/NFS/ttao/scannet/posed_images/scene0294_02/00171.jpg",
      "transform_matrix": [
        [
          0.873481,
          0.203074,
          -0.442485,
          5.027377
        ],
        [
          0.486814,
          -0.376684,
          0.788113,
          2.749601
        ],
        [
          -0.006631,
          -0.903809,
          -0.427885,
          1.520071
        ],
        [
          0.0,
          0.0,
          0.0,
          1.0
        ]
      ]
    },
    {
      "file_path": "/media/NFS/ttao/scannet/posed_images/scene0294_02/00173.jpg",
      "transform_matrix": [
        [
          0.857148,
          0.209033,
          -0.470746,
          5.041917
        ],
        [
          0.514984,
          -0.364423,
          0.775878,
          2.745371
        ],
        [
          -0.009367,
          -0.90747,
          -0.420013,
          1.516099
        ],
        [
          0.0,
          0.0,
          0.0,
          1.0
        ]
      ]
    },
    {
      "file_path": "/media/NFS/ttao/scannet/posed_images/scene0294_02/00185.jpg",
      "transform_matrix": [
        [
          0.80082,
          0.265649,
          -0.536766,
          5.108811
        ],
        [
          0.598627,
          -0.382356,
          0.703882,
          2.800375
        ],
        [
          -0.01825,
          -0.885006,
          -0.465223,
          1.490291
        ],
        [
          0.0,
          0.0,
          0.0,
          1.0
        ]
      ]
    },
    {
      "file_path": "/media/NFS/ttao/scannet/posed_images/scene0294_02/00192.jpg",
      "transform_matrix": [
        [
          0.770959,
          0.286779,
          -0.568664,
          5.168677
        ],
        [
          0.636872,
          -0.352602,
          0.685613,
          2.857698
        ],
        [
          -0.003893,
          -0.890747,
          -0.454483,
          1.500301
        ],
        [
          0.0,
          0.0,
          0.0,
          1.0
        ]
      ]
    },
    {
      "file_path": "/media/NFS/ttao/scannet/posed_images/scene0294_02/00201.jpg",
      "transform_matrix": [
        [
          0.793797,
          0.21636,
          -0.568397,
          5.188965
        ],
        [
          0.607886,
          -0.311458,
          0.730389,
          2.883585
        ],
        [
          -0.019005,
          -0.925301,
          -0.378757,
          1.563241
        ],
        [
          0.0,
          0.0,
          0.0,
          1.0
        ]
      ]
    },
    {
      "file_path": "/media/NFS/ttao/scannet/posed_images/scene0294_02/00206.jpg",
      "transform_matrix": [
        [
          0.807753,
          0.197155,
          -0.555576,
          5.150697
        ],
        [
          0.589514,
          -0.274498,
          0.759686,
          2.841124
        ],
        [
          -0.002729,
          -0.941159,
          -0.337952,
          1.580516
        ],
        [
          0.0,
          0.0,
          0.0,
          1.0
        ]
      ]
    },
    {
      "file_path": "/media/NFS/ttao/scannet/posed_images/scene0294_02/00218.jpg",
      "transform_matrix": [
        [
          0.886732,
          0.111221,
          -0.448705,
          4.983877
        ],
        [
          0.46162,
          -0.265019,
          0.846564,
          2.654359
        ],
        [
          -0.02476,
          -0.957807,
          -0.286343,
          1.591841
        ],
        [
          0.0,
          0.0,
          0.0,
          1.0
        ]
      ]
    },
    {
      "file_path": "/media/NFS/ttao/scannet/posed_images/scene0294_02/00225.jpg",
      "transform_matrix": [
        [
          0.94344,
          0.044898,
          -0.328487,
          4.873585
        ],
        [
          0.328118,
          -0.268467,
          0.905684,
          2.617565
        ],
        [
          -0.047525,
          -0.962242,
          -0.268014,
          1.630854
        ],
        [
          0.0,
          0.0,
          0.0,
          1.0
        ]
      ]
    },
    {
      "file_path": "/media/NFS/ttao/scannet/posed_images/scene0294_02/00230.jpg",
      "transform_matrix": [
        [
          0.96273,
          0.023103,
          -0.269475,
          4.73372
        ],
        [
          0.268827,
          -0.191193,
          0.944022,
          2.589347
        ],
        [
          -0.029712,
          -0.981281,
          -0.190278,
          1.623035
        ],
        [
          0.0,
          0.0,
          0.0,
          1.0
        ]
      ]
    },
    {
      "file_path": "/media/NFS/ttao/scannet/posed_images/scene0294_02/00237.jpg",
      "transform_matrix": [
        [
          0.987242,
          0.010433,
          -0.158886,
          4.588229
        ],
        [
          0.15554,
          -0.276715,
          0.94828,
          2.620259
        ],
        [
          -0.034072,
          -0.960895,
          -0.274808,
          1.578553
        ],
        [
          0.0,
          0.0,
          0.0,
          1.0
        ]
      ]
    },
    {
      "file_path": "/media/NFS/ttao/scannet/posed_images/scene0294_02/00244.jpg",
      "transform_matrix": [
        [
          0.998473,
          0.009446,
          -0.054423,
          4.473065
        ],
        [
          0.0545,
          -0.32886,
          0.942805,
          2.636357
        ],
        [
          -0.008991,
          -0.944331,
          -0.328873,
          1.576954
        ],
        [
          0.0,
          0.0,
          0.0,
          1.0
        ]
      ]
    },
    {
      "file_path": "/media/NFS/ttao/scannet/posed_images/scene0294_02/00251.jpg",
      "transform_matrix": [
        [
          0.997997,
          -0.03715,
          0.051196,
          4.320633
        ],
        [
          -0.061287,
          -0.367595,
          0.927964,
          2.58666
        ],
        [
          -0.015655,
          -0.929244,
          -0.369136,
          1.541399
        ],
        [
          0.0,
          0.0,
          0.0,
          1.0
        ]
      ]
    },
    {
      "file_path": "/media/NFS/ttao/scannet/posed_images/scene0294_02/00258.jpg",
      "transform_matrix": [
        [
          0.991385,
          -0.051864,
          0.120274,
          4.173524
        ],
        [
          -0.130893,
          -0.425741,
          0.895328,
          2.565559
        ],
        [
          0.00477,
          -0.903358,
          -0.428861,
          1.535094
        ],
        [
          0.0,
          0.0,
          0.0,
          1.0
        ]
      ]
    },
    {
      "file_path": "/media/NFS/ttao/scannet/posed_images/scene0294_02/00272.jpg",
      "transform_matrix": [
        [
          0.910806,
          -0.139243,
          0.388644,
          3.963325
        ],
        [
          -0.409997,
          -0.415288,
          0.812058,
          2.660944
        ],
        [
          0.048326,
          -0.89897,
          -0.435336,
          1.510381
        ],
        [
          0.0,
          0.0,
          0.0,
          1.0
        ]
      ]
    },
    {
      "file_path": "/media/NFS/ttao/scannet/posed_images/scene0294_02/00277.jpg",
      "transform_matrix": [
        [
          0.87835,
          -0.16345,
          0.449206,
          3.899412
        ],
        [
          -0.473122,
          -0.43142,
          0.768135,
          2.722025
        ],
        [
          0.068245,
          -0.887221,
          -0.45627,
          1.495471
        ],
        [
          0.0,
          0.0,
          0.0,
          1.0
        ]
      ]
    },
    {
      "file_path": "/media/NFS/ttao/scannet/posed_images/scene0294_02/00282.jpg",
      "transform_matrix": [
        [
          0.803088,
          -0.208454,
          0.558208,
          3.854837
        ],
        [
          -0.589754,
          -0.411842,
          0.694677,
          2.770706
        ],
        [
          0.085086,
          -0.887092,
          -0.453682,
          1.493677
        ],
        [
          0.0,
          0.0,
          0.0,
          1.0
        ]
      ]
    },
    {
      "file_path": "/media/NFS/ttao/scannet/posed_images/scene0294_02/00291.jpg",
      "transform_matrix": [
        [
          0.631191,
          -0.327951,
          0.702884,
          3.758794
        ],
        [
          -0.771419,
          -0.359699,
          0.524908,
          2.871709
        ],
        [
          0.080683,
          -0.873536,
          -0.480027,
          1.489943
        ],
        [
          0.0,
          0.0,
          0.0,
          1.0
        ]
      ]
    },
    {
      "file_path": "/media/NFS/ttao/scannet/posed_images/scene0294_02/00298.jpg",
      "transform_matrix": [
        [
          0.532392,
          -0.41084,
          0.740114,
          3.662699
        ],
        [
          -0.843053,
          -0.336137,
          0.419849,
          2.966722
        ],
        [
          0.076289,
          -0.84748,
          -0.525316,
          1.489882
        ],
        [
          0.0,
          0.0,
          0.0,
          1.0
        ]
      ]
    },
    {
      "file_path": "/media/NFS/ttao/scannet/posed_images/scene0294_02/00313.jpg",
      "transform_matrix": [
        [
          0.178399,
          -0.46854,
          0.865242,
          3.602807
        ],
        [
          -0.982116,
          -0.138567,
          0.12746,
          3.132578
        ],
        [
          0.060174,
          -0.872507,
          -0.484881,
          1.495012
        ],
        [
          0.0,
          0.0,
          0.0,
          1.0
        ]
      ]
    },
    {
      "file_path": "/media/NFS/ttao/scannet/posed_images/scene0294_02/00315.jpg",
      "transform_matrix": [
        [
          0.14857,
          -0.475431,
          0.867117,
          3.595953
        ],
        [
          -0.987641,
          -0.115608,
          0.105833,
          3.163548
        ],
        [
          0.049929,
          -0.872124,
          -0.486731,
          1.484306
        ],
        [
          0.0,
          0.0,
          0.0,
          1.0
        ]
      ]
    },
    {
      "file_path": "/media/NFS/ttao/scannet/posed_images/scene0294_02/00327.jpg",
      "transform_matrix": [
        [
          -0.00852,
          -0.499822,
          0.866086,
          3.578458
        ],
        [
          -0.999151,
          -0.030648,
          -0.027517,
          3.356778
        ],
        [
          0.040298,
          -0.865586,
          -0.499136,
          1.503401
        ],
        [
          0.0,
          0.0,
          0.0,
          1.0
        ]
      ]
    },
    {
      "file_path": "/media/NFS/ttao/scannet/posed_images/scene0294_02/00334.jpg",
      "transform_matrix": [
        [
          -0.166437,
          -0.473707,
          0.864812,
          3.531573
        ],
        [
          -0.985311,
          0.045911,
          -0.16448,
          3.462441
        ],
        [
          0.038211,
          -0.879485,
          -0.474391,
          1.506826
        ],
        [
          0.0,
          0.0,
          0.0,
          1.0
        ]
      ]
    },
    {
      "file_path": "/media/NFS/ttao/scannet/posed_images/scene0294_02/00341.jpg",
      "transform_matrix": [
        [
          -0.272436,
          -0.450657,
          0.85011,
          3.504352
        ],
        [
          -0.962165,
          0.1238,
          -0.242718,
          3.582353
        ],
        [
          0.004139,
          -0.884071,
          -0.467334,
          1.550184
        ],
        [
          0.0,
          0.0,
          0.0,
          1.0
        ]
      ]
    },
    {
      "file_path": "/media/NFS/ttao/scannet/posed_images/scene0294_02/00348.jpg",
      "transform_matrix": [
        [
          -0.400218,
          -0.379502,
          0.834149,
          3.51876
        ],
        [
          -0.916125,
          0.142596,
          -0.374675,
          3.655401
        ],
        [
          0.023244,
          -0.914136,
          -0.404741,
          1.584106
        ],
        [
          0.0,
          0.0,
          0.0,
          1.0
        ]
      ]
    },
    {
      "file_path": "/media/NFS/ttao/scannet/posed_images/scene0294_02/00358.jpg",
      "transform_matrix": [
        [
          -0.501679,
          -0.258819,
          0.825428,
          3.569071
        ],
        [
          -0.864775,
          0.174285,
          -0.470945,
          3.713749
        ],
        [
          -0.02197,
          -0.950072,
          -0.311255,
          1.620713
        ],
        [
          0.0,
          0.0,
          0.0,
          1.0
        ]
      ]
    },
    {
      "file_path": "/media/NFS/ttao/scannet/posed_images/scene0294_02/00367.jpg",
      "transform_matrix": [
        [
          -0.548944,
          -0.189843,
          0.814015,
          3.598162
        ],
        [
          -0.835015,
          0.168296,
          -0.523857,
          3.757014
        ],
        [
          -0.037545,
          -0.967283,
          -0.250907,
          1.637037
        ],
        [
          0.0,
          0.0,
          0.0,
          1.0
        ]
      ]
    },
    {
      "file_path": "/media/NFS/ttao/scannet/posed_images/scene0294_02/00374.jpg",
      "transform_matrix": [
        [
          -0.625122,
          -0.149973,
          0.765983,
          3.614486
        ],
        [
          -0.780207,
          0.148149,
          -0.607724,
          3.818559
        ],
        [
          -0.022338,
          -0.977527,
          -0.209622,
          1.644004
        ],
        [
          0.0,
          0.0,
          0.0,
          1.0
        ]
      ]
    },
    {
      "file_path": "/media/NFS/ttao/scannet/posed_images/scene0294_02/00377.jpg",
      "transform_matrix": [
        [
          -0.65668,
          -0.136863,
          0.741646,
          3.621244
        ],
        [
          -0.753985,
          0.140831,
          -0.641617,
          3.85438
        ],
        [
          -0.016633,
          -0.980528,
          -0.195673,
          1.663823
        ],
        [
          0.0,
          0.0,
          0.0,
          1.0
        ]
      ]
    },
    {
      "file_path": "/media/NFS/ttao/scannet/posed_images/scene0294_02/00386.jpg",
      "transform_matrix": [
        [
          -0.706049,
          -0.096104,
          0.701611,
          3.597991
        ],
        [
          -0.708012,
          0.116238,
          -0.696569,
          3.873547
        ],
        [
          -0.014611,
          -0.988561,
          -0.150113,
          1.729375
        ],
        [
          0.0,
          0.0,
          0.0,
          1.0
        ]
      ]
    },
    {
      "file_path": "/media/NFS/ttao/scannet/posed_images/scene0294_02/00398.jpg",
      "transform_matrix": [
        [
          -0.770784,
          -0.036067,
          0.636075,
          3.513323
        ],
        [
          -0.637076,
          0.051684,
          -0.769066,
          3.82179
        ],
        [
          -0.005137,
          -0.998012,
          -0.062815,
          1.78102
        ],
        [
          0.0,
          0.0,
          0.0,
          1.0
        ]
      ]
    },
    {
      "file_path": "/media/NFS/ttao/scannet/posed_images/scene0294_02/00400.jpg",
      "transform_matrix": [
        [
          -0.797514,
          -0.02604,
          0.602738,
          3.54809
        ],
        [
          -0.603294,
          0.029846,
          -0.79696,
          3.862105
        ],
        [
          0.002764,
          -0.999215,
          -0.039513,
          1.716728
        ],
        [
          0.0,
          0.0,
          0.0,
          1.0
        ]
      ]
    },
    {
      "file_path": "/media/NFS/ttao/scannet/posed_images/scene0294_02/00412.jpg",
      "transform_matrix": [
        [
          -0.871393,
          -0.000733,
          0.490585,
          3.435886
        ],
        [
          -0.489844,
          0.056247,
          -0.869993,
          3.796629
        ],
        [
          -0.026957,
          -0.998417,
          -0.049373,
          1.707968
        ],
        [
          0.0,
          0.0,
          0.0,
          1.0
        ]
      ]
    },
    {
      "file_path": "/media/NFS/ttao/scannet/posed_images/scene0294_02/00422.jpg",
      "transform_matrix": [
        [
          -0.92741,
          -0.047173,
          0.371059,
          3.514179
        ],
        [
          -0.373626,
          0.163749,
          -0.913011,
          3.77911
        ],
        [
          -0.017691,
          -0.985374,
          -0.169487,
          1.650974
        ],
        [
          0.0,
          0.0,
          0.0,
          1.0
        ]
      ]
    },
    {
      "file_path": "/media/NFS/ttao/scannet/posed_images/scene0294_02/00429.jpg",
      "transform_matrix": [
        [
          -0.939864,
          -0.078524,
          0.332398,
          3.518843
        ],
        [
          -0.341454,
          0.238818,
          -0.909052,
          3.759783
        ],
        [
          -0.008,
          -0.967884,
          -0.251269,
          1.624598
        ],
        [
          0.0,
          0.0,
          0.0,
          1.0
        ]
      ]
    },
    {
      "file_path": "/media/NFS/ttao/scannet/posed_images/scene0294_02/00436.jpg",
      "transform_matrix": [
        [
          -0.947011,
          -0.07243,
          0.312927,
          3.539672
        ],
        [
          -0.320623,
          0.271487,
          -0.907466,
          3.761437
        ],
        [
          -0.019228,
          -0.959713,
          -0.280324,
          1.573395
        ],
        [
          0.0,
          0.0,
          0.0,
          1.0
        ]
      ]
    },
    {
      "file_path": "/media/NFS/ttao/scannet/posed_images/scene0294_02/00445.jpg",
      "transform_matrix": [
        [
          -0.966545,
          -0.071562,
          0.24631,
          3.529857
        ],
        [
          -0.256219,
          0.313939,
          -0.914217,
          3.72787
        ],
        [
          -0.011903,
          -0.946742,
          -0.321772,
          1.56883
        ],
        [
          0.0,
          0.0,
          0.0,
          1.0
        ]
      ]
    },
    {
      "file_path": "/media/NFS/ttao/scannet/posed_images/scene0294_02/00455.jpg",
      "transform_matrix": [
        [
          -0.980705,
          -0.040201,
          0.191317,
          3.513375
        ],
        [
          -0.19502,
          0.269371,
          -0.943083,
          3.68171
        ],
        [
          -0.013622,
          -0.962197,
          -0.272013,
          1.615622
        ],
        [
          0.0,
          0.0,
          0.0,
          1.0
        ]
      ]
    },
    {
      "file_path": "/media/NFS/ttao/scannet/posed_images/scene0294_02/00460.jpg",
      "transform_matrix": [
        [
          -0.984615,
          -0.051773,
          0.166893,
          3.532471
        ],
        [
          -0.174264,
          0.220574,
          -0.959677,
          3.651595
        ],
        [
          0.012873,
          -0.973995,
          -0.226202,
          1.610217
        ],
        [
          0.0,
          0.0,
          0.0,
          1.0
        ]
      ]
    },
    {
      "file_path": "/media/NFS/ttao/scannet/posed_images/scene0294_02/00467.jpg",
      "transform_matrix": [
        [
          -0.989752,
          -0.053675,
          0.132325,
          3.511966
        ],
        [
          -0.140708,
          0.208674,
          -0.96781,
          3.575565
        ],
        [
          0.024334,
          -0.976511,
          -0.214088,
          1.625288
        ],
        [
          0.0,
          0.0,
          0.0,
          1.0
        ]
      ]
    },
    {
      "file_path": "/media/NFS/ttao/scannet/posed_images/scene0294_02/00476.jpg",
      "transform_matrix": [
        [
          -0.994195,
          -0.031482,
          0.102877,
          3.499668
        ],
        [
          -0.107092,
          0.197987,
          -0.974337,
          3.507694
        ],
        [
          0.010305,
          -0.979699,
          -0.20021,
          1.671028
        ],
        [
          0.0,
          0.0,
          0.0,
          1.0
        ]
      ]
    },
    {
      "file_path": "/media/NFS/ttao/scannet/posed_images/scene0294_02/00486.jpg",
      "transform_matrix": [
        [
          -0.989089,
          -0.038003,
          0.142335,
          3.560686
        ],
        [
          -0.14649,
          0.15124,
          -0.977582,
          3.430655
        ],
        [
          0.015625,
          -0.987766,
          -0.155157,
          1.665496
        ],
        [
          0.0,
          0.0,
          0.0,
          1.0
        ]
      ]
    },
    {
      "file_path": "/media/NFS/ttao/scannet/posed_images/scene0294_02/00493.jpg",
      "transform_matrix": [
        [
          -0.985126,
          -0.037111,
          0.167778,
          3.566036
        ],
        [
          -0.171267,
          0.132861,
          -0.976225,
          3.348337
        ],
        [
          0.013937,
          -0.99044,
          -0.137241,
          1.654707
        ],
        [
          0.0,
          0.0,
          0.0,
          1.0
        ]
      ]
    },
    {
      "file_path": "/media/NFS/ttao/scannet/posed_images/scene0294_02/00500.jpg",
      "transform_matrix": [
        [
          -0.994034,
          -0.014141,
          0.108154,
          3.60085
        ],
        [
          -0.109057,
          0.146737,
          -0.983146,
          3.256107
        ],
        [
          -0.001968,
          -0.989075,
          -0.147404,
          1.634672
        ],
        [
          0.0,
          0.0,
          0.0,
          1.0
        ]
      ]
    },
    {
      "file_path": "/media/NFS/ttao/scannet/posed_images/scene0294_02/00505.jpg",
      "transform_matrix": [
        [
          -0.996543,
          -0.003613,
          0.083007,
          3.642807
        ],
        [
          -0.0824,
          0.171143,
          -0.981795,
          3.211011
        ],
        [
          -0.010659,
          -0.98524,
          -0.170849,
          1.605341
        ],
        [
          0.0,
          0.0,
          0.0,
          1.0
        ]
      ]
    },
    {
      "file_path": "/media/NFS/ttao/scannet/posed_images/scene0294_02/00514.jpg",
      "transform_matrix": [
        [
          -0.999011,
          -0.028586,
          0.034064,
          3.746054
        ],
        [
          -0.039767,
          0.23145,
          -0.972034,
          3.148682
        ],
        [
          0.019902,
          -0.972427,
          -0.232358,
          1.556288
        ],
        [
          0.0,
          0.0,
          0.0,
          1.0
        ]
      ]
    },
    {
      "file_path": "/media/NFS/ttao/scannet/posed_images/scene0294_02/00526.jpg",
      "transform_matrix": [
        [
          -0.991504,
          0.00309,
          -0.130039,
          4.041651
        ],
        [
          0.126284,
          0.262506,
          -0.956631,
          3.107388
        ],
        [
          0.03118,
          -0.964925,
          -0.260666,
          1.462842
        ],
        [
          0.0,
          0.0,
          0.0,
          1.0
        ]
      ]
    },
    {
      "file_path": "/media/NFS/ttao/scannet/posed_images/scene0294_02/00528.jpg",
      "transform_matrix": [
        [
          -0.991113,
          0.001489,
          -0.133014,
          4.088998
        ],
        [
          0.127948,
          0.284236,
          -0.950178,
          3.104024
        ],
        [
          0.036393,
          -0.958753,
          -0.281901,
          1.456957
        ],
        [
          0.0,
          0.0,
          0.0,
          1.0
        ]
      ]
    },
    {
      "file_path": "/media/NFS/ttao/scannet/posed_images/scene0294_02/00540.jpg",
      "transform_matrix": [
        [
          -0.967406,
          -0.009821,
          -0.253039,
          4.304345
        ],
        [
          0.231665,
          0.369181,
          -0.90002,
          3.023822
        ],
        [
          0.102257,
          -0.929306,
          -0.354872,
          1.434628
        ],
        [
          0.0,
          0.0,
          0.0,
          1.0
        ]
      ]
    },
    {
      "file_path": "/media/NFS/ttao/scannet/posed_images/scene0294_02/00543.jpg",
      "transform_matrix": [
        [
          -0.962518,
          0.003689,
          -0.271193,
          4.318115
        ],
        [
          0.25567,
          0.346024,
          -0.902718,
          3.001443
        ],
        [
          0.090509,
          -0.938219,
          -0.333997,
          1.431106
        ],
        [
          0.0,
          0.0,
          0.0,
          1.0
        ]
      ]
    },
    {
      "file_path": "/media/NFS/ttao/scannet/posed_images/scene0294_02/00554.jpg",
      "transform_matrix": [
        [
          -0.893324,
          0.168031,
          -0.41682,
          4.35401
        ],
        [
          0.449228,
          0.360525,
          -0.817445,
          2.874021
        ],
        [
          0.012918,
          -0.91749,
          -0.39755,
          1.398356
        ],
        [
          0.0,
          0.0,
          0.0,
          1.0
        ]
      ]
    },
    {
      "file_path": "/media/NFS/ttao/scannet/posed_images/scene0294_02/00561.jpg",
      "transform_matrix": [
        [
          -0.809704,
          0.238369,
          -0.536246,
          4.400138
        ],
        [
          0.585912,
          0.3797,
          -0.715915,
          2.800841
        ],
        [
          0.03296,
          -0.893873,
          -0.447108,
          1.383303
        ],
        [
          0.0,
          0.0,
          0.0,
          1.0
        ]
      ]
    },
    {
      "file_path": "/media/NFS/ttao/scannet/posed_images/scene0294_02/00569.jpg",
      "transform_matrix": [
        [
          -0.71558,
          0.305139,
          -0.628359,
          4.456931
        ],
        [
          0.696665,
          0.377462,
          -0.610066,
          2.746514
        ],
        [
          0.051026,
          -0.874307,
          -0.482684,
          1.36764
        ],
        [
          0.0,
          0.0,
          0.0,
          1.0
        ]
      ]
    },
    {
      "file_path": "/media/NFS/ttao/scannet/posed_images/scene0294_02/00578.jpg",
      "transform_matrix": [
        [
          -0.627979,
          0.365201,
          -0.687219,
          4.612705
        ],
        [
          0.775637,
          0.365732,
          -0.514419,
          2.674635
        ],
        [
          0.063472,
          -0.856077,
          -0.512936,
          1.37225
        ],
        [
          0.0,
          0.0,
          0.0,
          1.0
        ]
      ]
    },
    {
      "file_path": "/media/NFS/ttao/scannet/posed_images/scene0294_02/00588.jpg",
      "transform_matrix": [
        [
          -0.523413,
          0.393389,
          -0.755833,
          4.596728
        ],
        [
          0.850255,
          0.299134,
          -0.433109,
          2.693347
        ],
        [
          0.055715,
          -0.869347,
          -0.491051,
          1.420448
        ],
        [
          0.0,
          0.0,
          0.0,
          1.0
        ]
      ]
    },
    {
      "file_path": "/media/NFS/ttao/scannet/posed_images/scene0294_02/00590.jpg",
      "transform_matrix": [
        [
          -0.509803,
          0.393367,
          -0.76509,
          4.599388
        ],
        [
          0.858853,
          0.284114,
          -0.426204,
          2.697485
        ],
        [
          0.049718,
          -0.874381,
          -0.482687,
          1.41659
        ],
        [
          0.0,
          0.0,
          0.0,
          1.0
        ]
      ]
    },
    {
      "file_path": "/media/NFS/ttao/scannet/posed_images/scene0294_02/00604.jpg",
      "transform_matrix": [
        [
          -0.452071,
          0.373225,
          -0.810144,
          4.542955
        ],
        [
          0.891812,
          0.206818,
          -0.402364,
          2.807544
        ],
        [
          0.01738,
          -0.904394,
          -0.426343,
          1.454111
        ],
        [
          0.0,
          0.0,
          0.0,
          1.0
        ]
      ]
    },
    {
      "file_path": "/media/NFS/ttao/scannet/posed_images/scene0294_02/00611.jpg",
      "transform_matrix": [
        [
          -0.388892,
          0.413635,
          -0.823207,
          4.499448
        ],
        [
          0.921283,
          0.175814,
          -0.346883,
          2.892761
        ],
        [
          0.001248,
          -0.893306,
