{
  "frames": [
    {
      "file_path": "/media/NFS/ttao/scannet/posed_images/scene0695_03/00000.jpg",
      "transform_matrix": [
        [
          -0.553104,
          -0.270447,
          0.787994,
          1.181086
        ],
        [
          -0.824394,
          0.314149,
          -0.470834,
          4.170177
        ],
        [
          -0.120212,
          -0.910038,
          -0.396712,
          1.333795
        ],
        [
          0.0,
          0.0,
          0.0,
          1.0
        ]
      ]
    },
    {
      "file_path": "/media/NFS/ttao/scannet/posed_images/scene0695_03/00009.jpg",
      "transform_matrix": [
        [
          -0.553227,
          -0.270931,
          0.787741,
          1.179981
        ],
        [
          -0.824567,
          0.312558,
          -0.47159,
          4.169214
        ],
        [
          -0.118446,
          -0.910442,
          -0.396316,
          1.332315
        ],
        [
          0.0,
          0.0,
          0.0,
          1.0
        ]
      ]
    },
    {
      "file_path": "/media/NFS/ttao/scannet/posed_images/scene0695_03/00017.jpg",
      "transform_matrix": [
        [
          -0.562518,
          -0.35448,
          0.746939,
          1.244527
        ],
        [
          -0.822688,
          0.329814,
          -0.463042,
          4.145394
        ],
        [
          -0.082212,
          -0.874967,
          -0.477153,
          1.423571
        ],
        [
          0.0,
          0.0,
          0.0,
          1.0
        ]
      ]
    },
    {
      "file_path": "/media/NFS/ttao/scannet/posed_images/scene0695_03/00035.jpg",
      "transform_matrix": [
        [
          -0.60895,
          -0.43161,
          0.665502,
          1.242422
        ],
        [
          -0.789912,
          0.406384,
          -0.459228,
          4.131281
        ],
        [
          -0.072242,
          -0.805335,
          -0.588401,
          1.361712
        ],
        [
          0.0,
          0.0,
          0.0,
          1.0
        ]
      ]
    },
    {
      "file_path": "/media/NFS/ttao/scannet/posed_images/scene0695_03/00038.jpg",
      "transform_matrix": [
        [
          -0.609767,
          -0.451919,
          0.651117,
          1.241941
        ],
        [
          -0.788898,
          0.425172,
          -0.443699,
          4.128949
        ],
        [
          -0.076321,
          -0.784218,
          -0.615774,
          1.350317
        ],
        [
          0.0,
          0.0,
          0.0,
          1.0
        ]
      ]
    },
    {
      "file_path": "/media/NFS/ttao/scannet/posed_images/scene0695_03/00046.jpg",
      "transform_matrix": [
        [
          -0.608924,
          -0.511043,
          0.606669,
          1.247051
        ],
        [
          -0.789554,
          0.464018,
          -0.401612,
          4.127162
        ],
        [
          -0.076264,
          -0.723549,
          -0.686047,
          1.325819
        ],
        [
          0.0,
          0.0,
          0.0,
          1.0
        ]
      ]
    },
    {
      "file_path": "/media/NFS/ttao/scannet/posed_images/scene0695_03/00064.jpg",
      "transform_matrix": [
        [
          -0.619204,
          -0.608515,
          0.496283,
          1.252477
        ],
        [
          -0.781774,
          0.536975,
          -0.316997,
          4.129181
        ],
        [
          -0.073594,
          -0.584267,
          -0.808218,
          1.275164
        ],
        [
          0.0,
          0.0,
          0.0,
          1.0
        ]
      ]
    },
    {
      "file_path": "/media/NFS/ttao/scannet/posed_images/scene0695_03/00069.jpg",
      "transform_matrix": [
        [
          -0.605873,
          -0.611446,
          0.508972,
          1.251463
        ],
        [
          -0.792526,
          0.519713,
          -0.319063,
          4.132788
        ],
        [
          -0.06943,
          -0.596685,
          -0.799466,
          1.279318
        ],
        [
          0.0,
          0.0,
          0.0,
          1.0
        ]
      ]
    },
    {
      "file_path": "/media/NFS/ttao/scannet/posed_images/scene0695_03/00075.jpg",
      "transform_matrix": [
        [
          -0.58711,
          -0.602675,
          0.540449,
          1.253938
        ],
        [
          -0.806382,
          0.494022,
          -0.325099,
          4.140054
        ],
        [
          -0.071064,
          -0.626677,
          -0.776032,
          1.292281
        ],
        [
          0.0,
          0.0,
          0.0,
          1.0
        ]
      ]
    },
    {
      "file_path": "/media/NFS/ttao/scannet/posed_images/scene0695_03/00092.jpg",
      "transform_matrix": [
        [
          -0.581543,
          -0.458747,
          0.671833,
          1.256108
        ],
        [
          -0.810747,
          0.394898,
          -0.43214,
          4.141098
        ],
        [
          -0.067062,
          -0.795995,
          -0.601577,
          1.387727
        ],
        [
          0.0,
          0.0,
          0.0,
          1.0
        ]
      ]
    },
    {
      "file_path": "/media/NFS/ttao/scannet/posed_images/scene0695_03/00101.jpg",
      "transform_matrix": [
        [
          -0.598937,
          -0.375692,
          0.707199,
          1.254611
        ],
        [
          -0.798132,
          0.352037,
          -0.488933,
          4.136564
        ],
        [
          -0.065272,
          -0.857278,
          -0.510699,
          1.433626
        ],
        [
          0.0,
          0.0,
          0.0,
          1.0
        ]
      ]
    },
    {
      "file_path": "/media/NFS/ttao/scannet/posed_images/scene0695_03/00110.jpg",
      "transform_matrix": [
        [
          -0.587659,
          -0.305764,
          0.74911,
          1.248447
        ],
        [
          -0.806963,
          0.288873,
          -0.515134,
          4.13985
        ],
        [
          -0.058888,
          -0.907227,
          -0.416498,
          1.478792
        ],
        [
          0.0,
          0.0,
          0.0,
          1.0
        ]
      ]
    },
    {
      "file_path": "/media/NFS/ttao/scannet/posed_images/scene0695_03/00113.jpg",
      "transform_matrix": [
        [
          -0.585291,
          -0.287392,
          0.758183,
          1.247736
        ],
        [
          -0.808706,
          0.274454,
          -0.52026,
          4.141041
        ],
        [
          -0.058568,
          -0.91765,
          -0.39305,
          1.493625
        ],
        [
          0.0,
          0.0,
          0.0,
          1.0
        ]
      ]
    },
    {
      "file_path": "/media/NFS/ttao/scannet/posed_images/scene0695_03/00124.jpg",
      "transform_matrix": [
        [
          -0.560664,
          -0.191264,
          0.805652,
          1.230397
        ],
        [
          -0.825338,
          0.207674,
          -0.525061,
          4.149937
        ],
        [
          -0.066888,
          -0.959317,
          -0.274292,
          1.520131
        ],
        [
          0.0,
          0.0,
          0.0,
          1.0
        ]
      ]
    },
    {
      "file_path": "/media/NFS/ttao/scannet/posed_images/scene0695_03/00139.jpg",
      "transform_matrix": [
        [
          -0.546887,
          -0.054832,
          0.835409,
          1.217614
        ],
        [
          -0.833765,
          0.126054,
          -0.537537,
          4.149568
        ],
        [
          -0.075832,
          -0.990507,
          -0.114654,
          1.599489
        ],
        [
          0.0,
          0.0,
          0.0,
          1.0
        ]
      ]
    },
    {
      "file_path": "/media/NFS/ttao/scannet/posed_images/scene0695_03/00142.jpg",
      "transform_matrix": [
        [
          -0.54774,
          -0.040784,
          0.835654,
          1.218601
        ],
        [
          -0.833746,
          0.109735,
          -0.541133,
          4.150786
        ],
        [
          -0.069631,
          -0.993124,
          -0.094109,
          1.626081
        ],
        [
          0.0,
          0.0,
          0.0,
          1.0
        ]
      ]
    },
    {
      "file_path": "/media/NFS/ttao/scannet/posed_images/scene0695_03/00153.jpg",
      "transform_matrix": [
        [
          -0.50255,
          0.049161,
          0.86315,
          1.214416
        ],
        [
          -0.860211,
          0.071452,
          -0.504908,
          4.163413
        ],
        [
          -0.086495,
          -0.996232,
          0.006381,
          1.664539
        ],
        [
          0.0,
          0.0,
          0.0,
          1.0
        ]
      ]
    },
    {
      "file_path": "/media/NFS/ttao/scannet/posed_images/scene0695_03/00168.jpg",
      "transform_matrix": [
        [
          -0.316581,
          0.085922,
          0.944666,
          1.229247
        ],
        [
          -0.936361,
          0.130934,
          -0.325707,
          4.1606
        ],
        [
          -0.151674,
          -0.987661,
          0.039002,
          1.674369
        ],
        [
          0.0,
          0.0,
          0.0,
          1.0
        ]
      ]
    },
    {
      "file_path": "/media/NFS/ttao/scannet/posed_images/scene0695_03/00173.jpg",
      "transform_matrix": [
        [
          -0.299738,
          0.079611,
          0.950694,
          1.246885
        ],
        [
          -0.94358,
          0.122295,
          -0.307736,
          4.148092
        ],
        [
          -0.140764,
          -0.989296,
          0.038462,
          1.695821
        ],
        [
          0.0,
          0.0,
          0.0,
          1.0
        ]
      ]
    },
    {
      "file_path": "/media/NFS/ttao/scannet/posed_images/scene0695_03/00188.jpg",
      "transform_matrix": [
        [
          -0.509508,
          -0.009215,
          0.860417,
          1.234874
        ],
        [
          -0.858609,
          0.07111,
          -0.507675,
          4.135671
        ],
        [
          -0.056506,
          -0.997426,
          -0.044143,
          1.689501
        ],
        [
          0.0,
          0.0,
          0.0,
          1.0
        ]
      ]
    },
    {
      "file_path": "/media/NFS/ttao/scannet/posed_images/scene0695_03/00196.jpg",
      "transform_matrix": [
        [
          -0.58425,
          -0.013734,
          0.811457,
          1.234066
        ],
        [
          -0.810719,
          0.055743,
          -0.582775,
          4.130265
        ],
        [
          -0.037229,
          -0.998351,
          -0.043702,
          1.663343
        ],
        [
          0.0,
          0.0,
          0.0,
          1.0
        ]
      ]
    },
    {
      "file_path": "/media/NFS/ttao/scannet/posed_images/scene0695_03/00208.jpg",
      "transform_matrix": [
        [
          -0.69714,
          0.010255,
          0.716862,
          1.317039
        ],
        [
          -0.71594,
          0.042723,
          -0.696854,
          4.088572
        ],
        [
          -0.037773,
          -0.999034,
          -0.022442,
          1.633226
        ],
        [
          0.0,
          0.0,
          0.0,
          1.0
        ]
      ]
    },
    {
      "file_path": "/media/NFS/ttao/scannet/posed_images/scene0695_03/00214.jpg",
      "transform_matrix": [
        [
          -0.759293,
          0.03799,
          0.64964,
          1.417822
        ],
        [
          -0.648123,
          0.045452,
          -0.760178,
          4.106845
        ],
        [
          -0.058406,
          -0.998244,
          -0.009889,
          1.624941
        ],
        [
          0.0,
          0.0,
          0.0,
          1.0
        ]
      ]
    },
    {
      "file_path": "/media/NFS/ttao/scannet/posed_images/scene0695_03/00222.jpg",
      "transform_matrix": [
        [
          -0.810113,
          0.049336,
          0.584194,
          1.463063
        ],
        [
          -0.583168,
          0.034619,
          -0.811614,
          4.004408
        ],
        [
          -0.060266,
          -0.998182,
          0.000726,
          1.628072
        ],
        [
          0.0,
          0.0,
          0.0,
          1.0
        ]
      ]
    },
    {
      "file_path": "/media/NFS/ttao/scannet/posed_images/scene0695_03/00234.jpg",
      "transform_matrix": [
        [
          -0.851549,
          -0.001443,
          0.524273,
          1.529506
        ],
        [
          -0.524217,
          0.017125,
          -0.851412,
          3.916059
        ],
        [
          -0.00775,
          -0.999852,
          -0.015339,
          1.600576
        ],
        [
          0.0,
          0.0,
          0.0,
          1.0
        ]
      ]
    },
    {
      "file_path": "/media/NFS/ttao/scannet/posed_images/scene0695_03/00243.jpg",
      "transform_matrix": [
        [
          -0.877263,
          -0.015669,
          0.479754,
          1.559052
        ],
        [
          -0.479432,
          -0.020393,
          -0.877342,
          3.861199
        ],
        [
          0.02353,
          -0.999669,
          0.010378,
          1.564244
        ],
        [
          0.0,
          0.0,
          0.0,
          1.0
        ]
      ]
    },
    {
      "file_path": "/media/NFS/ttao/scannet/posed_images/scene0695_03/00248.jpg",
      "transform_matrix": [
        [
          -0.90424,
          -0.022891,
          0.42641,
          1.573598
        ],
        [
          -0.426069,
          -0.018379,
          -0.904504,
          3.837323
        ],
        [
          0.028542,
          -0.999569,
          0.006866,
          1.567205
        ],
        [
          0.0,
          0.0,
          0.0,
          1.0
        ]
      ]
    },
    {
      "file_path": "/media/NFS/ttao/scannet/posed_images/scene0695_03/00266.jpg",
      "transform_matrix": [
        [
          -0.995781,
          -0.059932,
          0.069485,
          1.548046
        ],
        [
          -0.0683,
          -0.021601,
          -0.997431,
          3.819731
        ],
        [
          0.061279,
          -0.997969,
          0.017416,
          1.547537
        ],
        [
          0.0,
          0.0,
          0.0,
          1.0
        ]
      ]
    },
    {
      "file_path": "/media/NFS/ttao/scannet/posed_images/scene0695_03/00274.jpg",
      "transform_matrix": [
        [
          -0.992151,
          -0.092414,
          -0.084244,
          1.587751
        ],
        [
          0.08605,
          -0.015729,
          -0.996167,
          3.813802
        ],
        [
          0.090734,
          -0.995596,
          0.023558,
          1.552794
        ],
        [
          0.0,
          0.0,
          0.0,
          1.0
        ]
      ]
    },
    {
      "file_path": "/media/NFS/ttao/scannet/posed_images/scene0695_03/00283.jpg",
      "transform_matrix": [
        [
          -0.968467,
          -0.091315,
          -0.231802,
          1.637094
        ],
        [
          0.233951,
          -0.013433,
          -0.972155,
          3.796636
        ],
        [
          0.085658,
          -0.995731,
          0.034373,
          1.552246
        ],
        [
          0.0,
          0.0,
          0.0,
          1.0
        ]
      ]
    },
    {
      "file_path": "/media/NFS/ttao/scannet/posed_images/scene0695_03/00286.jpg",
      "transform_matrix": [
        [
          -0.95993,
          -0.086273,
          -0.266628,
          1.64011
        ],
        [
          0.26875,
          -0.013781,
          -0.963111,
          3.794731
        ],
        [
          0.079416,
          -0.996176,
          0.036415,
          1.550572
        ],
        [
          0.0,
          0.0,
          0.0,
          1.0
        ]
      ]
    },
    {
      "file_path": "/media/NFS/ttao/scannet/posed_images/scene0695_03/00300.jpg",
      "transform_matrix": [
        [
          -0.898754,
          -0.075226,
          -0.431952,
          1.646409
        ],
        [
          0.433471,
          -0.004351,
          -0.901157,
          3.804195
        ],
        [
          0.065911,
          -0.997157,
          0.036519,
          1.561812
        ],
        [
          0.0,
          0.0,
          0.0,
          1.0
        ]
      ]
    },
    {
      "file_path": "/media/NFS/ttao/scannet/posed_images/scene0695_03/00306.jpg",
      "transform_matrix": [
        [
          -0.8814,
          -0.075001,
          -0.466379,
          1.647316
        ],
        [
          0.468539,
          -0.013305,
          -0.883343,
          3.810743
        ],
        [
          0.060047,
          -0.997095,
          0.046868,
          1.566776
        ],
        [
          0.0,
          0.0,
          0.0,
          1.0
        ]
      ]
    },
    {
      "file_path": "/media/NFS/ttao/scannet/posed_images/scene0695_03/00324.jpg",
      "transform_matrix": [
        [
          -0.758926,
          -0.113384,
          -0.641229,
          1.70673
        ],
        [
          0.646086,
          -0.008226,
          -0.76322,
          3.799824
        ],
        [
          0.081262,
          -0.993517,
          0.079499,
          1.57156
        ],
        [
          0.0,
          0.0,
          0.0,
          1.0
        ]
      ]
    },
    {
      "file_path": "/media/NFS/ttao/scannet/posed_images/scene0695_03/00326.jpg",
      "transform_matrix": [
        [
          -0.744453,
          -0.116816,
          -0.657376,
          1.707693
        ],
        [
          0.661958,
          -0.000564,
          -0.749541,
          3.800933
        ],
        [
          0.087188,
          -0.993153,
          0.077747,
          1.571226
        ],
        [
          0.0,
          0.0,
          0.0,
          1.0
        ]
      ]
    },
    {
      "file_path": "/media/NFS/ttao/scannet/posed_images/scene0695_03/00335.jpg",
      "transform_matrix": [
        [
          -0.660456,
          -0.13296,
          -0.738999,
          1.71386
        ],
        [
          0.742827,
          0.027924,
          -0.668901,
          3.790374
        ],
        [
          0.109573,
          -0.990728,
          0.080324,
          1.568189
        ],
        [
          0.0,
          0.0,
          0.0,
          1.0
        ]
      ]
    },
    {
      "file_path": "/media/NFS/ttao/scannet/posed_images/scene0695_03/00344.jpg",
      "transform_matrix": [
        [
          -0.587608,
          -0.144242,
          -0.796185,
          1.691052
        ],
        [
          0.801898,
          0.027591,
          -0.596823,
          3.812146
        ],
        [
          0.108055,
          -0.989158,
          0.099454,
          1.563055
        ],
        [
          0.0,
          0.0,
          0.0,
          1.0
        ]
      ]
    },
    {
      "file_path": "/media/NFS/ttao/scannet/posed_images/scene0695_03/00361.jpg",
      "transform_matrix": [
        [
          -0.448559,
          -0.145404,
          -0.881846,
          1.62335
        ],
        [
          0.888909,
          0.030012,
          -0.4571,
          3.881738
        ],
        [
          0.09293,
          -0.988917,
          0.115788,
          1.578049
        ],
        [
          0.0,
          0.0,
          0.0,
          1.0
        ]
      ]
    },
    {
      "file_path": "/media/NFS/ttao/scannet/posed_images/scene0695_03/00364.jpg",
      "transform_matrix": [
        [
          -0.454895,
          -0.136362,
          -0.880043,
          1.620314
        ],
        [
          0.886333,
          0.026682,
          -0.46228,
          3.885547
        ],
        [
          0.086519,
          -0.9903,
          0.108725,
          1.58111
        ],
        [
          0.0,
          0.0,
          0.0,
          1.0
        ]
      ]
    },
    {
      "file_path": "/media/NFS/ttao/scannet/posed_images/scene0695_03/00381.jpg",
      "transform_matrix": [
        [
          -0.616735,
          -0.083625,
          -0.782717,
          1.640786
        ],
        [
          0.784747,
          0.012657,
          -0.619687,
          3.844746
        ],
        [
          0.061728,
          -0.996417,
          0.057819,
          1.566522
        ],
        [
          0.0,
          0.0,
          0.0,
          1.0
        ]
      ]
    },
    {
      "file_path": "/media/NFS/ttao/scannet/posed_images/scene0695_03/00387.jpg",
      "transform_matrix": [
        [
          -0.655677,
          -0.042746,
          -0.753831,
          1.641247
        ],
        [
          0.752887,
          0.038356,
          -0.657031,
          3.819315
        ],
        [
          0.057,
          -0.998349,
          0.007033,
          1.545538
        ],
        [
          0.0,
          0.0,
          0.0,
          1.0
        ]
      ]
    },
    {
      "file_path": "/media/NFS/ttao/scannet/posed_images/scene0695_03/00399.jpg",
      "transform_matrix": [
        [
          -0.725366,
          0.038909,
          -0.687263,
          1.636516
        ],
        [
          0.686924,
          0.105441,
          -0.719039,
          3.774402
        ],
        [
          0.044488,
          -0.993664,
          -0.103211,
          1.517063
        ],
        [
          0.0,
          0.0,
          0.0,
          1.0
        ]
      ]
    },
    {
      "file_path": "/media/NFS/ttao/scannet/posed_images/scene0695_03/00407.jpg",
      "transform_matrix": [
        [
          -0.745918,
          0.085012,
          -0.66059,
          1.624049
        ],
        [
          0.664525,
          0.161807,
          -0.729538,
          3.755371
        ],
        [
          0.044868,
          -0.983154,
          -0.177187,
          1.483793
        ],
        [
          0.0,
          0.0,
          0.0,
          1.0
        ]
      ]
    },
    {
      "file_path": "/media/NFS/ttao/scannet/posed_images/scene0695_03/00419.jpg",
      "transform_matrix": [
        [
          -0.759695,
          0.176554,
          -0.625853,
          1.605812
        ],
        [
          0.649759,
          0.244605,
          -0.71971,
          3.73468
        ],
        [
          0.02602,
          -0.953413,
          -0.300543,
          1.442032
        ],
        [
          0.0,
          0.0,
          0.0,
          1.0
        ]
      ]
    },
    {
      "file_path": "/media/NFS/ttao/scannet/posed_images/scene0695_03/00422.jpg",
      "transform_matrix": [
        [
          -0.764686,
          0.1939,
          -0.61454,
          1.603679
        ],
        [
          0.644033,
          0.262315,
          -0.718619,
          3.734841
        ],
        [
          0.021863,
          -0.945301,
          -0.325467,
          1.423321
        ],
        [
          0.0,
          0.0,
          0.0,
          1.0
        ]
      ]
    },
    {
      "file_path": "/media/NFS/ttao/scannet/posed_images/scene0695_03/00433.jpg",
      "transform_matrix": [
        [
          -0.771393,
          0.283464,
          -0.569738,
          1.597636
        ],
        [
          0.63635,
          0.34838,
          -0.688251,
          3.720016
        ],
        [
          0.003391,
          -0.893465,
          -0.44912,
          1.389932
        ],
        [
          0.0,
          0.0,
          0.0,
          1.0
        ]
      ]
    },
    {
      "file_path": "/media/NFS/ttao/scannet/posed_images/scene0695_03/00445.jpg",
      "transform_matrix": [
        [
          -0.758487,
          0.365119,
          -0.539801,
          1.587166
        ],
        [
          0.651389,
          0.39969,
          -0.644934,
          3.726174
        ],
        [
          -0.019724,
          -0.840795,
          -0.540994,
          1.338047
        ],
        [
          0.0,
          0.0,
          0.0,
          1.0
        ]
      ]
    },
    {
      "file_path": "/media/NFS/ttao/scannet/posed_images/scene0695_03/00454.jpg",
      "transform_matrix": [
        [
          -0.741579,
          0.421832,
          -0.52165,
          1.587086
        ],
        [
          0.670288,
          0.433652,
          -0.602212,
          3.732559
        ],
        [
          -0.027818,
          -0.796244,
          -0.604336,
          1.298372
        ],
        [
          0.0,
          0.0,
          0.0,
          1.0
        ]
      ]
    },
    {
      "file_path": "/media/NFS/ttao/scannet/posed_images/scene0695_03/00459.jpg",
      "transform_matrix": [
        [
          -0.737102,
          0.449988,
          -0.504173,
          1.585535
        ],
        [
          0.674915,
          0.452436,
          -0.582916,
          3.737211
        ],
        [
          -0.034199,
          -0.769943,
          -0.637195,
          1.279583
        ],
        [
          0.0,
          0.0,
          0.0,
          1.0
        ]
      ]
    },
    {
      "file_path": "/media/NFS/ttao/scannet/posed_images/scene0695_03/00477.jpg",
      "transform_matrix": [
        [
          -0.705909,
          0.572482,
          -0.417081,
          1.570465
        ],
        [
          0.705704,
          0.518057,
          -0.483321,
          3.732543
        ],
        [
          -0.060621,
          -0.635516,
          -0.769704,
          1.232772
        ],
        [
          0.0,
          0.0,
          0.0,
          1.0
        ]
      ]
    },
    {
      "file_path": "/media/NFS/ttao/scannet/posed_images/scene0695_03/00480.jpg",
      "transform_matrix": [
        [
          -0.702794,
          0.588826,
          -0.399204,
          1.559499
        ],
        [
          0.709,
          0.533766,
          -0.460882,
          3.723039
        ],
        [
          -0.058298,
          -0.606941,
          -0.792606,
          1.236894
        ],
        [
          0.0,
          0.0,
          0.0,
          1.0
        ]
      ]
    },
    {
      "file_path": "/media/NFS/ttao/scannet/posed_images/scene0695_03/00488.jpg",
      "transform_matrix": [
        [
          -0.691854,
          0.615537,
          -0.377428,
          1.559864
        ],
        [
          0.720566,
          0.555257,
          -0.4153,
          3.726777
        ],
        [
          -0.046064,
          -0.559289,
          -0.827692,
          1.212108
        ],
        [
          0.0,
          0.0,
          0.0,
          1.0
        ]
      ]
    },
    {
      "file_path": "/media/NFS/ttao/scannet/posed_images/scene0695_03/00500.jpg",
      "transform_matrix": [
        [
          -0.748162,
          0.610638,
          -0.259567,
          1.568491
        ],
        [
          0.658853,
          0.6374,
          -0.399543,
          3.691722
        ],
        [
          -0.078528,
          -0.469939,
          -0.879199,
          1.20247
        ],
        [
          0.0,
          0.0,
          0.0,
          1.0
        ]
      ]
    },
    {
      "file_path": "/media/NFS/ttao/scannet/posed_images/scene0695_03/00511.jpg",
      "transform_matrix": [
        [
          -0.856767,
          0.491811,
          -0.155153,
          1.623185
        ],
        [
          0.503617,
          0.733168,
          -0.456985,
          3.638164
        ],
        [
          -0.110997,
          -0.469667,
          -0.875838,
          1.21037
        ],
        [
          0.0,
          0.0,
          0.0,
          1.0
        ]
      ]
    },
    {
      "file_path": "/media/NFS/ttao/scannet/posed_images/scene0695_03/00517.jpg",
      "transform_matrix": [
        [
          -0.904575,
          0.412291,
          -0.108447,
          1.659046
        ],
        [
          0.40903,
          0.767647,
          -0.493369,
          3.61229
        ],
        [
          -0.120162,
          -0.490648,
          -0.863033,
          1.2161
        ],
        [
          0.0,
          0.0,
          0.0,
          1.0
        ]
      ]
    },
    {
      "file_path": "/media/NFS/ttao/scannet/posed_images/scene0695_03/00534.jpg",
      "transform_matrix": [
        [
          -0.988378,
          0.080088,
          0.129208,
          1.62483
        ],
        [
          -0.0059,
          0.829116,
          -0.559046,
          3.541354
        ],
        [
          -0.151901,
          -0.553311,
          -0.819007,
          1.262286
        ],
        [
          0.0,
          0.0,
          0.0,
          1.0
        ]
      ]
    },
    {
      "file_path": "/media/NFS/ttao/scannet/posed_images/scene0695_03/00543.jpg",
      "transform_matrix": [
        [
          -0.945774,
          -0.163001,
          0.280967,
          1.592032
        ],
        [
          -0.293544,
          0.799257,
          -0.524423,
          3.530659
        ],
        [
          -0.139083,
          -0.578462,
          -0.803765,
          1.29279
        ],
        [
          0.0,
          0.0,
          0.0,
          1.0
        ]
      ]
    },
    {
      "file_path": "/media/NFS/ttao/scannet/posed_images/scene0695_03/00555.jpg",
      "transform_matrix": [
        [
          -0.843646,
          -0.344439,
          0.411854,
          1.571191
        ],
        [
          -0.524515,
          0.692558,
          -0.495225,
          3.530068
        ],
        [
          -0.114658,
          -0.633818,
          -0.764937,
          1.307066
        ],
        [
          0.0,
          0.0,
          0.0,
          1.0
        ]
      ]
    },
    {
      "file_path": "/media/NFS/ttao/scannet/posed_images/scene0695_03/00563.jpg",
      "transform_matrix": [
        [
          -0.787696,
          -0.394959,
          0.472803,
          1.579003
        ],
        [
          -0.606354,
          0.632756,
          -0.481617,
          3.491287
        ],
        [
          -0.10895,
          -0.666054,
          -0.737904,
          1.315945
        ],
        [
          0.0,
          0.0,
          0.0,
          1.0
        ]
      ]
    },
    {
      "file_path": "/media/NFS/ttao/scannet/posed_images/scene0695_03/00569.jpg",
      "transform_matrix": [
        [
          -0.776443,
          -0.410654,
          0.478016,
          1.593366
        ],
        [
          -0.624332,
          0.604421,
          -0.494859,
          3.449426
        ],
        [
          -0.085707,
          -0.682671,
          -0.725682,
          1.306504
        ],
        [
          0.0,
          0.0,
          0.0,
          1.0
        ]
      ]
    },
    {
      "file_path": "/media/NFS/ttao/scannet/posed_images/scene0695_03/00581.jpg",
      "transform_matrix": [
        [
          -0.73761,
          -0.456828,
          0.497232,
          1.614283
        ],
        [
          -0.670302,
          0.584173,
          -0.457643,
          3.376581
        ],
        [
          -0.081405,
          -0.670858,
          -0.737105,
          1.318061
        ],
        [
          0.0,
          0.0,
          0.0,
          1.0
        ]
      ]
    },
    {
      "file_path": "/media/NFS/ttao/scannet/posed_images/scene0695_03/00592.jpg",
      "transform_matrix": [
        [
          -0.608138,
          -0.538389,
          0.583357,
          1.610695
        ],
        [
          -0.790284,
          0.480004,
          -0.380852,
          3.316139
        ],
        [
          -0.074968,
          -0.692628,
          -0.717389,
          1.326762
        ],
        [
          0.0,
          0.0,
          0.0,
          1.0
        ]
      ]
    },
    {
      "file_path": "/media/NFS/ttao/scannet/posed_images/scene0695_03/00598.jpg",
      "transform_matrix": [
        [
          -0.521255,
          -0.586484,
          0.619943,
          1.596205
        ],
        [
          -0.851888,
          0.400826,
          -0.337083,
          3.277317
        ],
        [
          -0.050795,
          -0.703828,
          -0.708552,
          1.328248
        ],
        [
          0.0,
          0.0,
          0.0,
          1.0
        ]
      ]
    },
    {
      "file_path": "/media/NFS/ttao/scannet/posed_images/scene0695_03/00612.jpg",
      "transform_matrix": [
        [
          -0.365241,
          -0.597316,
          0.714012,
          1.601277
        ],
        [
          -0.925813,
          0.313248,
          -0.211533,
          3.216753
        ],
        [
          -0.097311,
          -0.738302,
          -0.667414,
          1.35846
        ],
        [
          0.0,
          0.0,
          0.0,
          1.0
        ]
      ]
    },
    {
      "file_path": "/media/NFS/ttao/scannet/posed_images/scene0695_03/00618.jpg",
      "transform_matrix": [
        [
          -0.360758,
          -0.580831,
          0.729718,
          1.626094
        ],
        [
          -0.927357,
          0.306704,
          -0.214341,
          3.204897
        ],
        [
          -0.099312,
          -0.754034,
          -0.649284,
          1.362965
        ],
        [
          0.0,
          0.0,
          0.0,
          1.0
        ]
      ]
    },
    {
      "file_path": "/media/NFS/ttao/scannet/posed_images/scene0695_03/00630.jpg",
      "transform_matrix": [
        [
          -0.380959,
          -0.57022,
          0.727818,
          1.691552
        ],
        [
          -0.920191,
          0.310545,
          -0.23835,
          3.198321
        ],
        [
          -0.090108,
          -0.760533,
          -0.643016,
          1.365804
        ],
        [
          0.0,
          0.0,
          0.0,
          1.0
        ]
      ]
    },
    {
      "file_path": "/media/NFS/ttao/scannet/posed_images/scene0695_03/00633.jpg",
      "transform_matrix": [
        [
          -0.385794,
          -0.581568,
          0.7162,
          1.704638
        ],
        [
          -0.918722,
          0.313136,
          -0.240613,
          3.192269
        ],
        [
          -0.084335,
          -0.750816,
          -0.655105,
          1.364478
        ],
        [
          0.0,
          0.0,
          0.0,
          1.0
        ]
      ]
    },
    {
      "file_path": "/media/NFS/ttao/scannet/posed_images/scene0695_03/00647.jpg",
      "transform_matrix": [
        [
          -0.377034,
          -0.576922,
          0.724573,
          1.721516
        ],
        [
          -0.922631,
          0.302555,
          -0.239193,
          3.086814
        ],
        [
          -0.081228,
          -0.758697,
          -0.646359,
          1.360656
        ],
        [
          0.0,
          0.0,
          0.0,
          1.0
        ]
      ]
    },
    {
      "file_path": "/media/NFS/ttao/scannet/posed_images/scene0695_03/00656.jpg",
      "transform_matrix": [
        [
          -0.338375,
          -0.603266,
          0.7222,
          1.710554
        ],
        [
          -0.938733,
          0.269771,
          -0.214483,
          2.984096
        ],
        [
          -0.065439,
          -0.750529,
          -0.657589,
          1.348072
        ],
        [
          0.0,
          0.0,
          0.0,
          1.0
        ]
      ]
    },
    {
      "file_path": "/media/NFS/ttao/scannet/posed_images/scene0695_03/00670.jpg",
      "transform_matrix": [
        [
          -0.202723,
          -0.639939,
          0.741203,
          1.677482
        ],
        [
          -0.976307,
          0.190587,
          -0.102476,
          2.919164
        ],
        [
          -0.075685,
          -0.744415,
          -0.663413,
          1.322981
        ],
        [
          0.0,
          0.0,
          0.0,
          1.0
        ]
      ]
    },
    {
      "file_path": "/media/NFS/ttao/scannet/posed_images/scene0695_03/00679.jpg",
      "transform_matrix": [
        [
          -0.246887,
          -0.656323,
          0.712943,
          1.650707
        ],
        [
          -0.967196,
          0.212313,
          -0.139482,
          2.913968
        ],
        [
          -0.059821,
          -0.723992,
          -0.68721,
          1.307751
        ],
        [
          0.0,
          0.0,
          0.0,
          1.0
        ]
      ]
    },
    {
      "file_path": "/media/NFS/ttao/scannet/posed_images/scene0695_03/00688.jpg",
      "transform_matrix": [
        [
          -0.254374,
          -0.670422,
          0.697013,
          1.617026
        ],
        [
          -0.965636,
          0.215787,
          -0.144853,
          2.894245
        ],
        [
          -0.053294,
          -0.709909,
          -0.702275,
          1.303546
        ],
        [
          0.0,
          0.0,
          0.0,
          1.0
        ]
      ]
    },
    {
      "file_path": "/media/NFS/ttao/scannet/posed_images/scene0695_03/00690.jpg",
      "transform_matrix": [
        [
          -0.248565,
          -0.667039,
          0.702335,
          1.60805
        ],
        [
          -0.967065,
          0.211912,
          -0.140994,
          2.887938
        ],
        [
          -0.054785,
          -0.71425,
          -0.697743,
          1.304021
        ],
        [
          0.0,
          0.0,
          0.0,
          1.0
        ]
      ]
    },
    {
      "file_path": "/media/NFS/ttao/scannet/posed_images/scene0695_03/00705.jpg",
      "transform_matrix": [
        [
          -0.176718,
          -0.677135,
          0.714324,
          1.568725
        ],
        [
          -0.982126,
          0.169095,
          -0.082678,
          2.798878
        ],
        [
          -0.064805,
          -0.716167,
          -0.694914,
          1.291334
        ],
        [
          0.0,
          0.0,
          0.0,
          1.0
        ]
      ]
    },
    {
      "file_path": "/media/NFS/ttao/scannet/posed_images/scene0695_03/00714.jpg",
      "transform_matrix": [
        [
          -0.11675,
          -0.685735,
          0.718426,
          1.608816
        ],
        [
          -0.989946,
          0.13851,
          -0.028667,
          2.77503
        ],
        [
          -0.079851,
          -0.71455,
          -0.695012,
          1.291477
        ],
        [
          0.0,
          0.0,
          0.0,
          1.0
        ]
      ]
    },
    {
      "file_path": "/media/NFS/ttao/scannet/posed_images/scene0695_03/00719.jpg",
      "transform_matrix": [
        [
          -0.125008,
          -0.696236,
          0.706844,
          1.642168
        ],
        [
          -0.989364,
          0.140885,
          -0.036202,
          2.7667
        ],
        [
          -0.074379,
          -0.703851,
          -0.706443,
          1.287153
        ],
        [
          0.0,
          0.0,
          0.0,
          1.0
        ]
      ]
    },
    {
      "file_path": "/media/NFS/ttao/scannet/posed_images/scene0695_03/00731.jpg",
      "transform_matrix": [
        [
          -0.08699,
          -0.724836,
          0.683407,
          1.685211
        ],
        [
          -0.994489,
          0.103477,
          -0.016837,
          2.754976
        ],
        [
          -0.058513,
          -0.681106,
          -0.729843,
          1.279715
        ],
        [
          0.0,
          0.0,
          0.0,
          1.0
        ]
      ]
    },
    {
      "file_path": "/media/NFS/ttao/scannet/posed_images/scene0695_03/00740.jpg",
      "transform_matrix": [
        [
          0.107633,
          -0.716258,
          0.689485,
          1.716125
        ],
        [
          -0.991159,
          -0.023186,
          0.13064,
          2.734594
        ],
