{
  "frames": [
    {
      "file_path": "/media/NFS/ttao/scannet/posed_images/scene0286_03/00000.jpg",
      "transform_matrix": [
        [
          -0.197563,
          -0.379666,
          0.903782,
          1.937472
        ],
        [
          -0.978958,
          0.12446,
          -0.161712,
          1.445811
        ],
        [
          -0.051088,
          -0.916713,
          -0.396266,
          1.424856
        ],
        [
          0.0,
          0.0,
          0.0,
          1.0
        ]
      ]
    },
    {
      "file_path": "/media/NFS/ttao/scannet/posed_images/scene0286_03/00004.jpg",
      "transform_matrix": [
        [
          -0.206297,
          -0.383893,
          0.900038,
          1.933046
        ],
        [
          -0.977849,
          0.114153,
          -0.175443,
          1.431732
        ],
        [
          -0.035391,
          -0.916295,
          -0.398939,
          1.420399
        ],
        [
          0.0,
          0.0,
          0.0,
          1.0
        ]
      ]
    },
    {
      "file_path": "/media/NFS/ttao/scannet/posed_images/scene0286_03/00007.jpg",
      "transform_matrix": [
        [
          -0.202508,
          -0.384629,
          0.900584,
          1.929046
        ],
        [
          -0.978607,
          0.113606,
          -0.171532,
          1.428265
        ],
        [
          -0.036336,
          -0.916054,
          -0.399407,
          1.412671
        ],
        [
          0.0,
          0.0,
          0.0,
          1.0
        ]
      ]
    },
    {
      "file_path": "/media/NFS/ttao/scannet/posed_images/scene0286_03/00014.jpg",
      "transform_matrix": [
        [
          -0.17105,
          -0.440686,
          0.881214,
          1.916388
        ],
        [
          -0.983514,
          0.129627,
          -0.126082,
          1.401389
        ],
        [
          -0.058667,
          -0.888253,
          -0.455594,
          1.361495
        ],
        [
          0.0,
          0.0,
          0.0,
          1.0
        ]
      ]
    },
    {
      "file_path": "/media/NFS/ttao/scannet/posed_images/scene0286_03/00016.jpg",
      "transform_matrix": [
        [
          -0.167718,
          -0.462966,
          0.870364,
          1.913428
        ],
        [
          -0.983846,
          0.134665,
          -0.117955,
          1.402078
        ],
        [
          -0.062598,
          -0.876087,
          -0.478073,
          1.344882
        ],
        [
          0.0,
          0.0,
          0.0,
          1.0
        ]
      ]
    },
    {
      "file_path": "/media/NFS/ttao/scannet/posed_images/scene0286_03/00022.jpg",
      "transform_matrix": [
        [
          -0.151918,
          -0.536802,
          0.829918,
          1.900358
        ],
        [
          -0.985472,
          0.146776,
          -0.085456,
          1.409969
        ],
        [
          -0.07594,
          -0.830843,
          -0.551301,
          1.303489
        ],
        [
          0.0,
          0.0,
          0.0,
          1.0
        ]
      ]
    },
    {
      "file_path": "/media/NFS/ttao/scannet/posed_images/scene0286_03/00024.jpg",
      "transform_matrix": [
        [
          -0.144003,
          -0.555185,
          0.819166,
          1.895958
        ],
        [
          -0.986499,
          0.145783,
          -0.074616,
          1.415852
        ],
        [
          -0.077995,
          -0.818851,
          -0.568683,
          1.294247
        ],
        [
          0.0,
          0.0,
          0.0,
          1.0
        ]
      ]
    },
    {
      "file_path": "/media/NFS/ttao/scannet/posed_images/scene0286_03/00030.jpg",
      "transform_matrix": [
        [
          -0.110107,
          -0.586368,
          0.802526,
          1.879516
        ],
        [
          -0.98961,
          0.139787,
          -0.033639,
          1.433092
        ],
        [
          -0.092458,
          -0.797892,
          -0.595668,
          1.279743
        ],
        [
          0.0,
          0.0,
          0.0,
          1.0
        ]
      ]
    },
    {
      "file_path": "/media/NFS/ttao/scannet/posed_images/scene0286_03/00034.jpg",
      "transform_matrix": [
        [
          -0.089522,
          -0.596789,
          0.797389,
          1.866275
        ],
        [
          -0.992094,
          0.124135,
          -0.018475,
          1.44609
        ],
        [
          -0.087958,
          -0.792738,
          -0.603183,
          1.275575
        ],
        [
          0.0,
          0.0,
          0.0,
          1.0
        ]
      ]
    },
    {
      "file_path": "/media/NFS/ttao/scannet/posed_images/scene0286_03/00039.jpg",
      "transform_matrix": [
        [
          -0.06087,
          -0.600276,
          0.797473,
          1.850364
        ],
        [
          -0.994737,
          0.10245,
          0.001189,
          1.450565
        ],
        [
          -0.082415,
          -0.793204,
          -0.603353,
          1.274834
        ],
        [
          0.0,
          0.0,
          0.0,
          1.0
        ]
      ]
    },
    {
      "file_path": "/media/NFS/ttao/scannet/posed_images/scene0286_03/00044.jpg",
      "transform_matrix": [
        [
          -0.067583,
          -0.585995,
          0.807492,
          1.841153
        ],
        [
          -0.995213,
          0.096867,
          -0.012998,
          1.440827
        ],
        [
          -0.070603,
          -0.804504,
          -0.589736,
          1.281072
        ],
        [
          0.0,
          0.0,
          0.0,
          1.0
        ]
      ]
    },
    {
      "file_path": "/media/NFS/ttao/scannet/posed_images/scene0286_03/00045.jpg",
      "transform_matrix": [
        [
          -0.071189,
          -0.585635,
          0.807443,
          1.841884
        ],
        [
          -0.995165,
          0.096617,
          -0.017664,
          1.439912
        ],
        [
          -0.067668,
          -0.804797,
          -0.589681,
          1.284923
        ],
        [
          0.0,
          0.0,
          0.0,
          1.0
        ]
      ]
    },
    {
      "file_path": "/media/NFS/ttao/scannet/posed_images/scene0286_03/00050.jpg",
      "transform_matrix": [
        [
          -0.105781,
          -0.563765,
          0.819133,
          1.844267
        ],
        [
          -0.992392,
          0.112042,
          -0.051043,
          1.43077
        ],
        [
          -0.063001,
          -0.8183,
          -0.571328,
          1.292619
        ],
        [
          0.0,
          0.0,
          0.0,
          1.0
        ]
      ]
    },
    {
      "file_path": "/media/NFS/ttao/scannet/posed_images/scene0286_03/00054.jpg",
      "transform_matrix": [
        [
          -0.133128,
          -0.544802,
          0.82793,
          1.854635
        ],
        [
          -0.990132,
          0.110001,
          -0.086825,
          1.419751
        ],
        [
          -0.043771,
          -0.831319,
          -0.55407,
          1.306574
        ],
        [
          0.0,
          0.0,
          0.0,
          1.0
        ]
      ]
    },
    {
      "file_path": "/media/NFS/ttao/scannet/posed_images/scene0286_03/00059.jpg",
      "transform_matrix": [
        [
          -0.108063,
          -0.513426,
          0.851303,
          1.849899
        ],
        [
          -0.992788,
          0.100441,
          -0.065447,
          1.403789
        ],
        [
          -0.051903,
          -0.852236,
          -0.520577,
          1.315233
        ],
        [
          0.0,
          0.0,
          0.0,
          1.0
        ]
      ]
    },
    {
      "file_path": "/media/NFS/ttao/scannet/posed_images/scene0286_03/00065.jpg",
      "transform_matrix": [
        [
          -0.039663,
          -0.521115,
          0.852564,
          1.819022
        ],
        [
          -0.997494,
          0.070679,
          -0.003205,
          1.336372
        ],
        [
          -0.058588,
          -0.850555,
          -0.522613,
          1.302245
        ],
        [
          0.0,
          0.0,
          0.0,
          1.0
        ]
      ]
    },
    {
      "file_path": "/media/NFS/ttao/scannet/posed_images/scene0286_03/00066.jpg",
      "transform_matrix": [
        [
          -0.029689,
          -0.523977,
          0.851215,
          1.812011
        ],
        [
          -0.99816,
          0.060593,
          0.002485,
          1.318443
        ],
        [
          -0.05288,
          -0.849574,
          -0.524812,
          1.299668
        ],
        [
          0.0,
          0.0,
          0.0,
          1.0
        ]
      ]
    },
    {
      "file_path": "/media/NFS/ttao/scannet/posed_images/scene0286_03/00070.jpg",
      "transform_matrix": [
        [
          0.018768,
          -0.519868,
          0.85404,
          1.778445
        ],
        [
          -0.999227,
          0.019767,
          0.033991,
          1.2482
        ],
        [
          -0.034553,
          -0.854018,
          -0.519095,
          1.293586
        ],
        [
          0.0,
          0.0,
          0.0,
          1.0
        ]
      ]
    },
    {
      "file_path": "/media/NFS/ttao/scannet/posed_images/scene0286_03/00074.jpg",
      "transform_matrix": [
        [
          0.076155,
          -0.53568,
          0.84098,
          1.745765
        ],
        [
          -0.996843,
          -0.021914,
          0.076311,
          1.211079
        ],
        [
          -0.022449,
          -0.844137,
          -0.535658,
          1.296286
        ],
        [
          0.0,
          0.0,
          0.0,
          1.0
        ]
      ]
    },
    {
      "file_path": "/media/NFS/ttao/scannet/posed_images/scene0286_03/00078.jpg",
      "transform_matrix": [
        [
          0.123701,
          -0.548716,
          0.826806,
          1.721118
        ],
        [
          -0.991807,
          -0.041574,
          0.120797,
          1.190816
        ],
        [
          -0.031909,
          -0.834975,
          -0.549362,
          1.301007
        ],
        [
          0.0,
          0.0,
          0.0,
          1.0
        ]
      ]
    },
    {
      "file_path": "/media/NFS/ttao/scannet/posed_images/scene0286_03/00085.jpg",
      "transform_matrix": [
        [
          0.198881,
          -0.564028,
          0.801448,
          1.690453
        ],
        [
          -0.977618,
          -0.056915,
          0.202543,
          1.172262
        ],
        [
          -0.068626,
          -0.823792,
          -0.562724,
          1.301637
        ],
        [
          0.0,
          0.0,
          0.0,
          1.0
        ]
      ]
    },
    {
      "file_path": "/media/NFS/ttao/scannet/posed_images/scene0286_03/00090.jpg",
      "transform_matrix": [
        [
          0.226163,
          -0.589034,
          0.775815,
          1.68707
        ],
        [
          -0.971476,
          -0.078096,
          0.223908,
          1.185197
        ],
        [
          -0.071302,
          -0.804326,
          -0.589895,
          1.302974
        ],
        [
          0.0,
          0.0,
          0.0,
          1.0
        ]
      ]
    },
    {
      "file_path": "/media/NFS/ttao/scannet/posed_images/scene0286_03/00091.jpg",
      "transform_matrix": [
        [
          0.226943,
          -0.589572,
          0.775178,
          1.689709
        ],
        [
          -0.97143,
          -0.080294,
          0.22333,
          1.186198
        ],
        [
          -0.069427,
          -0.803715,
          -0.59095,
          1.306887
        ],
        [
          0.0,
          0.0,
          0.0,
          1.0
        ]
      ]
    },
    {
      "file_path": "/media/NFS/ttao/scannet/posed_images/scene0286_03/00097.jpg",
      "transform_matrix": [
        [
          0.19036,
          -0.585061,
          0.788332,
          1.699177
        ],
        [
          -0.980139,
          -0.067785,
          0.186369,
          1.188685
        ],
        [
          -0.0556,
          -0.808152,
          -0.586344,
          1.312098
        ],
        [
          0.0,
          0.0,
          0.0,
          1.0
        ]
      ]
    },
    {
      "file_path": "/media/NFS/ttao/scannet/posed_images/scene0286_03/00100.jpg",
      "transform_matrix": [
        [
          0.154782,
          -0.57405,
          0.804058,
          1.71553
        ],
        [
          -0.986933,
          -0.052939,
          0.15219,
          1.194535
        ],
        [
          -0.044799,
          -0.817108,
          -0.574742,
          1.327303
        ],
        [
          0.0,
          0.0,
          0.0,
          1.0
        ]
      ]
    },
    {
      "file_path": "/media/NFS/ttao/scannet/posed_images/scene0286_03/00106.jpg",
      "transform_matrix": [
        [
          0.09544,
          -0.539623,
          0.83648,
          1.739282
        ],
        [
          -0.994707,
          -0.019556,
          0.100877,
          1.22998
        ],
        [
          -0.038078,
          -0.84168,
          -0.538633,
          1.350868
        ],
        [
          0.0,
          0.0,
          0.0,
          1.0
        ]
      ]
    },
    {
      "file_path": "/media/NFS/ttao/scannet/posed_images/scene0286_03/00108.jpg",
      "transform_matrix": [
        [
          0.082341,
          -0.526739,
          0.84603,
          1.745726
        ],
        [
          -0.995938,
          -0.012464,
          0.089171,
          1.24821
        ],
        [
          -0.036425,
          -0.849936,
          -0.525626,
          1.357247
        ],
        [
          0.0,
          0.0,
          0.0,
          1.0
        ]
      ]
    },
    {
      "file_path": "/media/NFS/ttao/scannet/posed_images/scene0286_03/00115.jpg",
      "transform_matrix": [
        [
          0.07039,
          -0.485874,
          0.87119,
          1.764139
        ],
        [
          -0.99671,
          0.000926,
          0.081048,
          1.303615
        ],
        [
          -0.040185,
          -0.874028,
          -0.48421,
          1.376209
        ],
        [
          0.0,
          0.0,
          0.0,
          1.0
        ]
      ]
    },
    {
      "file_path": "/media/NFS/ttao/scannet/posed_images/scene0286_03/00118.jpg",
      "transform_matrix": [
        [
          0.064548,
          -0.474256,
          0.878017,
          1.771374
        ],
        [
          -0.997305,
          7.9e-05,
          0.07336,
          1.324692
        ],
        [
          -0.034861,
          -0.880387,
          -0.472973,
          1.382975
        ],
        [
          0.0,
          0.0,
          0.0,
          1.0
        ]
      ]
    },
    {
      "file_path": "/media/NFS/ttao/scannet/posed_images/scene0286_03/00121.jpg",
      "transform_matrix": [
        [
          0.063028,
          -0.46401,
          0.883585,
          1.784946
        ],
        [
          -0.997436,
          0.000791,
          0.071565,
          1.330071
        ],
        [
          -0.033906,
          -0.88583,
          -0.46277,
          1.394316
        ],
        [
          0.0,
          0.0,
          0.0,
          1.0
        ]
      ]
    },
    {
      "file_path": "/media/NFS/ttao/scannet/posed_images/scene0286_03/00127.jpg",
      "transform_matrix": [
        [
          0.047409,
          -0.414865,
          0.908647,
          1.802501
        ],
        [
          -0.997751,
          0.02349,
          0.062783,
          1.353549
        ],
        [
          -0.04739,
          -0.90958,
          -0.412818,
          1.418344
        ],
        [
          0.0,
          0.0,
          0.0,
          1.0
        ]
      ]
    },
    {
      "file_path": "/media/NFS/ttao/scannet/posed_images/scene0286_03/00131.jpg",
      "transform_matrix": [
        [
          0.008467,
          -0.399847,
          0.916543,
          1.81566
        ],
        [
          -0.99922,
          0.031972,
          0.023179,
          1.375406
        ],
        [
          -0.038572,
          -0.916024,
          -0.399265,
          1.407321
        ],
        [
          0.0,
          0.0,
          0.0,
          1.0
        ]
      ]
    },
    {
      "file_path": "/media/NFS/ttao/scannet/posed_images/scene0286_03/00135.jpg",
      "transform_matrix": [
        [
          -0.025304,
          -0.391976,
          0.919627,
          1.844411
        ],
        [
          -0.999163,
          0.0395,
          -0.010656,
          1.410421
        ],
        [
          -0.032148,
          -0.919127,
          -0.392647,
          1.406475
        ],
        [
          0.0,
          0.0,
          0.0,
          1.0
        ]
      ]
    },
    {
      "file_path": "/media/NFS/ttao/scannet/posed_images/scene0286_03/00137.jpg",
      "transform_matrix": [
        [
          -0.028452,
          -0.384403,
          0.922727,
          1.861605
        ],
        [
          -0.998913,
          0.045037,
          -0.01204,
          1.430543
        ],
        [
          -0.036928,
          -0.922066,
          -0.385267,
          1.404112
        ],
        [
          0.0,
          0.0,
          0.0,
          1.0
        ]
      ]
    },
    {
      "file_path": "/media/NFS/ttao/scannet/posed_images/scene0286_03/00143.jpg",
      "transform_matrix": [
        [
          -0.044242,
          -0.368279,
          0.928662,
          1.932667
        ],
        [
          -0.99718,
          0.072689,
          -0.01868,
          1.497857
        ],
        [
          -0.060624,
          -0.92687,
          -0.370456,
          1.415176
        ],
        [
          0.0,
          0.0,
          0.0,
          1.0
        ]
      ]
    },
    {
      "file_path": "/media/NFS/ttao/scannet/posed_images/scene0286_03/00146.jpg",
      "transform_matrix": [
        [
          -0.085129,
          -0.36644,
          0.926539,
          1.965595
        ],
        [
          -0.99416,
          0.093146,
          -0.054503,
          1.525583
        ],
        [
          -0.066332,
          -0.925768,
          -0.372229,
          1.416765
        ],
        [
          0.0,
          0.0,
          0.0,
          1.0
        ]
      ]
    },
    {
      "file_path": "/media/NFS/ttao/scannet/posed_images/scene0286_03/00151.jpg",
      "transform_matrix": [
        [
          -0.108755,
          -0.361614,
          0.925963,
          2.013808
        ],
        [
          -0.992882,
          0.085016,
          -0.083414,
          1.584935
        ],
        [
          -0.048558,
          -0.928444,
          -0.368286,
          1.422182
        ],
        [
          0.0,
          0.0,
          0.0,
          1.0
        ]
      ]
    },
    {
      "file_path": "/media/NFS/ttao/scannet/posed_images/scene0286_03/00156.jpg",
      "transform_matrix": [
        [
          -0.145703,
          -0.35818,
          0.922213,
          2.046486
        ],
        [
          -0.98917,
          0.069426,
          -0.129318,
          1.649188
        ],
        [
          -0.017706,
          -0.931068,
          -0.364417,
          1.418183
        ],
        [
          0.0,
          0.0,
          0.0,
          1.0
        ]
      ]
    },
    {
      "file_path": "/media/NFS/ttao/scannet/posed_images/scene0286_03/00158.jpg",
      "transform_matrix": [
        [
          -0.161689,
          -0.354888,
          0.920821,
          2.058005
        ],
        [
          -0.98674,
          0.071549,
          -0.145689,
          1.682051
        ],
        [
          -0.01418,
          -0.932167,
          -0.36175,
          1.415471
        ],
        [
          0.0,
          0.0,
          0.0,
          1.0
        ]
      ]
    },
    {
      "file_path": "/media/NFS/ttao/scannet/posed_images/scene0286_03/00161.jpg",
      "transform_matrix": [
        [
          -0.192896,
          -0.351354,
          0.916156,
          2.069816
        ],
        [
          -0.980961,
          0.090467,
          -0.171846,
          1.738916
        ],
        [
          -0.022503,
          -0.931862,
          -0.362115,
          1.408845
        ],
        [
          0.0,
          0.0,
          0.0,
          1.0
        ]
      ]
    },
    {
      "file_path": "/media/NFS/ttao/scannet/posed_images/scene0286_03/00168.jpg",
      "transform_matrix": [
        [
          -0.338161,
          -0.362869,
          0.868316,
          2.098894
        ],
        [
          -0.940626,
          0.15924,
          -0.299775,
          1.865642
        ],
        [
          -0.029492,
          -0.918133,
          -0.395172,
          1.410484
        ],
        [
          0.0,
          0.0,
          0.0,
          1.0
        ]
      ]
    },
    {
      "file_path": "/media/NFS/ttao/scannet/posed_images/scene0286_03/00172.jpg",
      "transform_matrix": [
        [
          -0.394398,
          -0.359997,
          0.845489,
          2.098362
        ],
        [
          -0.918669,
          0.176783,
          -0.353263,
          1.919148
        ],
        [
          -0.022295,
          -0.916051,
          -0.400441,
          1.423571
        ],
        [
          0.0,
          0.0,
          0.0,
          1.0
        ]
      ]
    },
    {
      "file_path": "/media/NFS/ttao/scannet/posed_images/scene0286_03/00174.jpg",
      "transform_matrix": [
        [
          -0.421985,
          -0.360215,
          0.831969,
          2.097666
        ],
        [
          -0.906432,
          0.18545,
          -0.37946,
          1.935418
        ],
        [
          -0.017602,
          -0.91425,
          -0.404768,
          1.425454
        ],
        [
          0.0,
          0.0,
          0.0,
          1.0
        ]
      ]
    },
    {
      "file_path": "/media/NFS/ttao/scannet/posed_images/scene0286_03/00181.jpg",
      "transform_matrix": [
        [
          -0.474861,
          -0.334175,
          0.814146,
          2.080724
        ],
        [
          -0.879664,
          0.152467,
          -0.450494,
          2.016398
        ],
        [
          0.026413,
          -0.930097,
          -0.366362,
          1.422117
        ],
        [
          0.0,
          0.0,
          0.0,
          1.0
        ]
      ]
    },
    {
      "file_path": "/media/NFS/ttao/scannet/posed_images/scene0286_03/00184.jpg",
      "transform_matrix": [
        [
          -0.499898,
          -0.318487,
          0.805399,
          2.063404
        ],
        [
          -0.865796,
          0.159756,
          -0.474211,
          2.040519
        ],
        [
          0.022363,
          -0.934368,
          -0.355606,
          1.420049
        ],
        [
          0.0,
          0.0,
          0.0,
          1.0
        ]
      ]
    },
    {
      "file_path": "/media/NFS/ttao/scannet/posed_images/scene0286_03/00186.jpg",
      "transform_matrix": [
        [
          -0.523472,
          -0.301447,
          0.796935,
          2.050229
        ],
        [
          -0.851998,
          0.17559,
          -0.493222,
          2.05647
        ],
        [
          0.008746,
          -0.937176,
          -0.348749,
          1.419942
        ],
        [
          0.0,
          0.0,
          0.0,
          1.0
        ]
      ]
    },
    {
      "file_path": "/media/NFS/ttao/scannet/posed_images/scene0286_03/00191.jpg",
      "transform_matrix": [
        [
          -0.578798,
          -0.232219,
          0.781708,
          2.005482
        ],
        [
          -0.814504,
          0.211295,
          -0.540313,
          2.094076
        ],
        [
          -0.0397,
          -0.949436,
          -0.311441,
          1.414296
        ],
        [
          0.0,
          0.0,
          0.0,
          1.0
        ]
      ]
    },
    {
      "file_path": "/media/NFS/ttao/scannet/posed_images/scene0286_03/00194.jpg",
      "transform_matrix": [
        [
          -0.602905,
          -0.217679,
          0.767543,
          1.978751
        ],
        [
          -0.79601,
          0.228779,
          -0.560382,
          2.113948
        ],
        [
          -0.053614,
          -0.948829,
          -0.311207,
          1.411408
        ],
        [
          0.0,
          0.0,
          0.0,
          1.0
        ]
      ]
    },
    {
      "file_path": "/media/NFS/ttao/scannet/posed_images/scene0286_03/00201.jpg",
      "transform_matrix": [
        [
          -0.677197,
          -0.218451,
          0.702625,
          1.95512
        ],
        [
          -0.733911,
          0.268944,
          -0.623734,
          2.175991
        ],
        [
          -0.052711,
          -0.938056,
          -0.342452,
          1.430466
        ],
        [
          0.0,
          0.0,
          0.0,
          1.0
        ]
      ]
    },
    {
      "file_path": "/media/NFS/ttao/scannet/posed_images/scene0286_03/00206.jpg",
      "transform_matrix": [
        [
          -0.734845,
          -0.207909,
          0.645582,
          1.959283
        ],
        [
          -0.677183,
          0.277913,
          -0.681313,
          2.227646
        ],
        [
          -0.037765,
          -0.937837,
          -0.345015,
          1.433649
        ],
        [
          0.0,
          0.0,
          0.0,
          1.0
        ]
      ]
    },
    {
      "file_path": "/media/NFS/ttao/scannet/posed_images/scene0286_03/00209.jpg",
      "transform_matrix": [
        [
          -0.754696,
          -0.207936,
          0.622251,
          1.975529
        ],
        [
          -0.655627,
          0.27404,
          -0.703602,
          2.256999
        ],
        [
          -0.024218,
          -0.93897,
          -0.343145,
          1.434588
        ],
        [
          0.0,
          0.0,
          0.0,
          1.0
        ]
      ]
    },
    {
      "file_path": "/media/NFS/ttao/scannet/posed_images/scene0286_03/00213.jpg",
      "transform_matrix": [
        [
          -0.784915,
          -0.205911,
          0.584387,
          1.998196
        ],
        [
          -0.619497,
          0.27826,
          -0.734027,
          2.298964
        ],
        [
          -0.011468,
          -0.938175,
          -0.345972,
          1.425687
        ],
        [
          0.0,
          0.0,
          0.0,
          1.0
        ]
      ]
    },
    {
      "file_path": "/media/NFS/ttao/scannet/posed_images/scene0286_03/00218.jpg",
      "transform_matrix": [
        [
          -0.840659,
          -0.189821,
          0.507208,
          2.047586
        ],
        [
          -0.541368,
          0.319732,
          -0.777619,
          2.350234
        ],
        [
          -0.014562,
          -0.928299,
          -0.371548,
          1.435399
        ],
        [
          0.0,
          0.0,
          0.0,
          1.0
        ]
      ]
    },
    {
      "file_path": "/media/NFS/ttao/scannet/posed_images/scene0286_03/00221.jpg",
      "transform_matrix": [
        [
          -0.852111,
          -0.166717,
          0.496097,
          2.05053
        ],
        [
          -0.523021,
          0.305423,
          -0.795717,
          2.388627
        ],
        [
          -0.01886,
          -0.937509,
          -0.347451,
          1.441854
        ],
        [
          0.0,
          0.0,
          0.0,
          1.0
        ]
      ]
    },
    {
      "file_path": "/media/NFS/ttao/scannet/posed_images/scene0286_03/00223.jpg",
      "transform_matrix": [
        [
          -0.863079,
          -0.161716,
          0.478479,
          2.056422
        ],
        [
          -0.504669,
          0.313793,
          -0.804265,
          2.40693
        ],
        [
          -0.020081,
          -0.935619,
          -0.352441,
          1.448135
        ],
        [
          0.0,
          0.0,
          0.0,
          1.0
        ]
      ]
    },
    {
      "file_path": "/media/NFS/ttao/scannet/posed_images/scene0286_03/00228.jpg",
      "transform_matrix": [
        [
          -0.880384,
          -0.155168,
          0.448159,
          2.062807
        ],
        [
          -0.474213,
          0.301577,
          -0.827148,
          2.45709
        ],
        [
          -0.006808,
          -0.940731,
          -0.339086,
          1.457174
        ],
        [
          0.0,
          0.0,
          0.0,
          1.0
        ]
      ]
    },
    {
      "file_path": "/media/NFS/ttao/scannet/posed_images/scene0286_03/00232.jpg",
      "transform_matrix": [
        [
          -0.881557,
          -0.154058,
          0.446233,
          2.081038
        ],
        [
          -0.472077,
          0.289144,
          -0.83279,
          2.491465
        ],
        [
          -0.000728,
          -0.944808,
          -0.327624,
          1.475234
        ],
        [
          0.0,
          0.0,
          0.0,
          1.0
        ]
      ]
    },
    {
      "file_path": "/media/NFS/ttao/scannet/posed_images/scene0286_03/00239.jpg",
      "transform_matrix": [
        [
          -0.89897,
          -0.127183,
          0.419138,
          2.074915
        ],
        [
          -0.438009,
          0.262387,
          -0.859826,
          2.55039
        ],
        [
          -0.000621,
          -0.956545,
          -0.291585,
          1.50315
        ],
        [
          0.0,
          0.0,
          0.0,
          1.0
        ]
      ]
    },
    {
      "file_path": "/media/NFS/ttao/scannet/posed_images/scene0286_03/00240.jpg",
      "transform_matrix": [
        [
          -0.899253,
          -0.123518,
          0.419627,
          2.069016
        ],
        [
          -0.437428,
          0.252272,
          -0.863143,
          2.566129
        ],
        [
          0.000754,
          -0.959741,
          -0.280886,
          1.498393
        ],
        [
          0.0,
          0.0,
          0.0,
          1.0
        ]
      ]
    },
    {
      "file_path": "/media/NFS/ttao/scannet/posed_images/scene0286_03/00244.jpg",
      "transform_matrix": [
        [
          -0.903254,
          -0.093325,
          0.418835,
          2.0572
        ],
        [
          -0.428825,
          0.231683,
          -0.873174,
          2.570325
        ],
        [
          -0.015548,
          -0.968305,
          -0.249289,
          1.546704
        ],
        [
          0.0,
          0.0,
          0.0,
          1.0
        ]
      ]
    },
    {
      "file_path": "/media/NFS/ttao/scannet/posed_images/scene0286_03/00249.jpg",
      "transform_matrix": [
        [
          -0.917269,
          -0.071653,
          0.391768,
          2.071463
        ],
        [
          -0.398211,
          0.181528,
          -0.899153,
          2.604829
        ],
        [
          -0.00669,
          -0.980772,
          -0.195043,
          1.575979
        ],
        [
          0.0,
          0.0,
          0.0,
          1.0
        ]
      ]
    },
    {
      "file_path": "/media/NFS/ttao/scannet/posed_images/scene0286_03/00255.jpg",
      "transform_matrix": [
        [
          -0.934878,
          -0.049352,
          0.351523,
          2.101509
        ],
        [
          -0.354962,
          0.123317,
          -0.926712,
          2.638438
        ],
        [
          0.002386,
          -0.99114,
          -0.132804,
          1.563439
        ],
        [
          0.0,
          0.0,
          0.0,
          1.0
        ]
      ]
    },
    {
      "file_path": "/media/NFS/ttao/scannet/posed_images/scene0286_03/00258.jpg",
      "transform_matrix": [
        [
          -0.940443,
          -0.03707,
          0.337925,
          2.119569
        ],
        [
          -0.339947,
          0.108115,
          -0.934209,
          2.634474
        ],
        [
          -0.001904,
          -0.993447,
          -0.114278,
          1.584651
        ],
        [
          0.0,
          0.0,
          0.0,
          1.0
        ]
      ]
    },
    {
      "file_path": "/media/NFS/ttao/scannet/posed_images/scene0286_03/00264.jpg",
      "transform_matrix": [
        [
          -0.953187,
          -0.027657,
          0.301115,
          2.185541
        ],
        [
          -0.30236,
          0.074866,
          -0.950249,
          2.644448
        ],
        [
          0.003738,
          -0.99681,
          -0.079724,
          1.583733
        ],
        [
          0.0,
          0.0,
          0.0,
          1.0
        ]
      ]
    },
    {
      "file_path": "/media/NFS/ttao/scannet/posed_images/scene0286_03/00267.jpg",
      "transform_matrix": [
        [
          -0.964473,
          -0.01689,
          0.263642,
          2.228172
        ],
        [
          -0.264175,
          0.069176,
          -0.961991,
          2.647615
        ],
        [
          -0.00199,
          -0.997462,
          -0.071181,
          1.590596
        ],
        [
          0.0,
          0.0,
          0.0,
          1.0
        ]
      ]
    },
    {
      "file_path": "/media/NFS/ttao/scannet/posed_images/scene0286_03/00272.jpg",
      "transform_matrix": [
        [
          -0.985799,
          -0.001027,
          0.167924,
          2.262594
        ],
        [
          -0.167582,
          0.070187,
          -0.983357,
          2.648656
        ],
        [
          -0.010777,
          -0.997533,
          -0.069363,
          1.573325
        ],
        [
          0.0,
          0.0,
          0.0,
          1.0
        ]
      ]
    },
    {
      "file_path": "/media/NFS/ttao/scannet/posed_images/scene0286_03/00277.jpg",
      "transform_matrix": [
        [
          -0.996127,
          0.001226,
          0.087913,
          2.236598
        ],
        [
          -0.087511,
          0.082656,
          -0.992729,
          2.64524
        ],
        [
          -0.008484,
          -0.996577,
          -0.082229,
          1.567384
        ],
        [
          0.0,
          0.0,
          0.0,
          1.0
        ]
      ]
    },
    {
      "file_path": "/media/NFS/ttao/scannet/posed_images/scene0286_03/00278.jpg",
      "transform_matrix": [
        [
          -0.996969,
          5e-05,
          0.077802,
          2.227874
        ],
        [
          -0.077526,
          0.083567,
          -0.993482,
          2.645606
        ],
        [
          -0.006551,
          -0.996502,
          -0.08331,
          1.566055
        ],
        [
          0.0,
          0.0,
          0.0,
          1.0
        ]
      ]
    },
    {
      "file_path": "/media/NFS/ttao/scannet/posed_images/scene0286_03/00282.jpg",
      "transform_matrix": [
        [
          -0.999642,
          0.00143,
          0.026731,
          2.209
        ],
        [
          -0.026451,
          0.100773,
          -0.994558,
          2.653614
        ],
        [
          -0.004116,
          -0.994909,
          -0.100699,
          1.583988
        ],
        [
          0.0,
          0.0,
          0.0,
          1.0
        ]
      ]
    },
    {
      "file_path": "/media/NFS/ttao/scannet/posed_images/scene0286_03/00288.jpg",
      "transform_matrix": [
        [
          -0.999758,
          0.021819,
          -0.002695,
          2.164885
        ],
        [
          0.00543,
          0.126276,
          -0.99198,
          2.653134
        ],
        [
          -0.021304,
          -0.991755,
          -0.126364,
          1.545898
        ],
        [
          0.0,
          0.0,
          0.0,
          1.0
        ]
      ]
    },
    {
      "file_path": "/media/NFS/ttao/scannet/posed_images/scene0286_03/00293.jpg",
      "transform_matrix": [
        [
          -0.998315,
          0.033219,
          -0.047579,
          2.159067
        ],
        [
          0.052204,
          0.15613,
          -0.986356,
          2.657855
        ],
        [
          -0.025338,
          -0.987178,
          -0.157601,
          1.53895
        ],
        [
          0.0,
          0.0,
          0.0,
          1.0
        ]
      ]
    },
    {
      "file_path": "/media/NFS/ttao/scannet/posed_images/scene0286_03/00297.jpg",
      "transform_matrix": [
        [
          -0.99599,
          0.048588,
          -0.075124,
          2.146884
        ],
        [
          0.082069,
          0.161831,
          -0.9834,
          2.654023
        ],
        [
          -0.035624,
          -0.985622,
          -0.16517,
          1.504926
        ],
        [
          0.0,
          0.0,
          0.0,
          1.0
        ]
      ]
    },
    {
      "file_path": "/media/NFS/ttao/scannet/posed_images/scene0286_03/00300.jpg",
      "transform_matrix": [
        [
          -0.993252,
          0.058167,
          -0.100331,
          2.175765
        ],
        [
          0.109199,
          0.177743,
          -0.978,
          2.656843
        ],
        [
          -0.039054,
          -0.982356,
          -0.182896,
          1.486638
        ],
        [
          0.0,
          0.0,
          0.0,
          1.0
        ]
      ]
    },
    {
      "file_path": "/media/NFS/ttao/scannet/posed_images/scene0286_03/00304.jpg",
      "transform_matrix": [
        [
          -0.992396,
          0.054295,
          -0.110461,
          2.165311
        ],
        [
          0.118871,
          0.190009,
          -0.97456,
          2.66188
        ],
        [
          -0.031925,
          -0.98028,
          -0.195019,
          1.452187
        ],
        [
          0.0,
          0.0,
          0.0,
          1.0
        ]
      ]
    },
    {
      "file_path": "/media/NFS/ttao/scannet/posed_images/scene0286_03/00309.jpg",
      "transform_matrix": [
        [
          -0.988597,
          0.043829,
          -0.144064,
          2.184945
        ],
        [
          0.150164,
          0.215565,
          -0.964874,
          2.665781
        ],
        [
          -0.011234,
          -0.975506,
          -0.219688,
          1.436353
        ],
        [
          0.0,
          0.0,
          0.0,
          1.0
        ]
      ]
    },
    {
      "file_path": "/media/NFS/ttao/scannet/posed_images/scene0286_03/00310.jpg",
      "transform_matrix": [
        [
          -0.984474,
          0.05412,
          -0.16698,
          2.230134
        ],
        [
          0.175007,
          0.229114,
          -0.957538,
          2.661038
        ],
        [
          -0.013565,
          -0.971894,
          -0.235028,
          1.444564
        ],
        [
          0.0,
          0.0,
          0.0,
          1.0
        ]
      ]
    },
    {
      "file_path": "/media/NFS/ttao/scannet/posed_images/scene0286_03/00318.jpg",
      "transform_matrix": [
        [
          -0.964572,
          0.083694,
          -0.250191,
          2.281914
        ],
        [
          0.263606,
          0.267665,
          -0.926751,
          2.681437
        ],
        [
          -0.010597,
          -0.95987,
          -0.280244,
          1.371335
        ],
        [
          0.0,
          0.0,
          0.0,
          1.0
        ]
      ]
    },
    {
      "file_path": "/media/NFS/ttao/scannet/posed_images/scene0286_03/00319.jpg",
      "transform_matrix": [
        [
          -0.961679,
          0.089652,
          -0.259107,
          2.28703
        ],
        [
          0.273996,
          0.279714,
          -0.920156,
          2.681606
        ],
        [
