{
  "frames": [
    {
      "file_path": "/media/NFS/ttao/scannet/posed_images/scene0134_01/00000.jpg",
      "transform_matrix": [
        [
          0.342736,
          0.411486,
          -0.844519,
          3.525485
        ],
        [
          0.936852,
          -0.083134,
          0.339702,
          4.095589
        ],
        [
          0.069574,
          -0.907617,
          -0.413994,
          1.505246
        ],
        [
          0.0,
          0.0,
          0.0,
          1.0
        ]
      ]
    },
    {
      "file_path": "/media/NFS/ttao/scannet/posed_images/scene0134_01/00003.jpg",
      "transform_matrix": [
        [
          0.349258,
          0.416023,
          -0.83961,
          3.526453
        ],
        [
          0.933939,
          -0.081866,
          0.347932,
          4.088367
        ],
        [
          0.076012,
          -0.905662,
          -0.417132,
          1.498681
        ],
        [
          0.0,
          0.0,
          0.0,
          1.0
        ]
      ]
    },
    {
      "file_path": "/media/NFS/ttao/scannet/posed_images/scene0134_01/00007.jpg",
      "transform_matrix": [
        [
          0.343512,
          0.425558,
          -0.837198,
          3.525001
        ],
        [
          0.935768,
          -0.079524,
          0.343533,
          4.090371
        ],
        [
          0.079616,
          -0.90143,
          -0.425541,
          1.49466
        ],
        [
          0.0,
          0.0,
          0.0,
          1.0
        ]
      ]
    },
    {
      "file_path": "/media/NFS/ttao/scannet/posed_images/scene0134_01/00010.jpg",
      "transform_matrix": [
        [
          0.34158,
          0.42924,
          -0.836108,
          3.511389
        ],
        [
          0.937401,
          -0.091369,
          0.336054,
          4.067194
        ],
        [
          0.067853,
          -0.898557,
          -0.433579,
          1.505766
        ],
        [
          0.0,
          0.0,
          0.0,
          1.0
        ]
      ]
    },
    {
      "file_path": "/media/NFS/ttao/scannet/posed_images/scene0134_01/00015.jpg",
      "transform_matrix": [
        [
          0.335397,
          0.437927,
          -0.834103,
          3.519637
        ],
        [
          0.940633,
          -0.106664,
          0.322232,
          4.074677
        ],
        [
          0.052145,
          -0.89266,
          -0.447704,
          1.476865
        ],
        [
          0.0,
          0.0,
          0.0,
          1.0
        ]
      ]
    },
    {
      "file_path": "/media/NFS/ttao/scannet/posed_images/scene0134_01/00018.jpg",
      "transform_matrix": [
        [
          0.325794,
          0.465582,
          -0.822856,
          3.51885
        ],
        [
          0.944193,
          -0.115526,
          0.308469,
          4.065028
        ],
        [
          0.048556,
          -0.877432,
          -0.477237,
          1.453794
        ],
        [
          0.0,
          0.0,
          0.0,
          1.0
        ]
      ]
    },
    {
      "file_path": "/media/NFS/ttao/scannet/posed_images/scene0134_01/00021.jpg",
      "transform_matrix": [
        [
          0.300825,
          0.52008,
          -0.799388,
          3.527539
        ],
        [
          0.952034,
          -0.114541,
          0.283748,
          4.074925
        ],
        [
          0.05601,
          -0.846403,
          -0.52959,
          1.436078
        ],
        [
          0.0,
          0.0,
          0.0,
          1.0
        ]
      ]
    },
    {
      "file_path": "/media/NFS/ttao/scannet/posed_images/scene0134_01/00027.jpg",
      "transform_matrix": [
        [
          0.260298,
          0.636052,
          -0.726418,
          3.494415
        ],
        [
          0.964134,
          -0.130807,
          0.230944,
          4.05969
        ],
        [
          0.051872,
          -0.760478,
          -0.647288,
          1.422883
        ],
        [
          0.0,
          0.0,
          0.0,
          1.0
        ]
      ]
    },
    {
      "file_path": "/media/NFS/ttao/scannet/posed_images/scene0134_01/00032.jpg",
      "transform_matrix": [
        [
          0.213626,
          0.664572,
          -0.716036,
          3.463816
        ],
        [
          0.97616,
          -0.116381,
          0.183216,
          4.071988
        ],
        [
          0.038427,
          -0.738105,
          -0.673591,
          1.413301
        ],
        [
          0.0,
          0.0,
          0.0,
          1.0
        ]
      ]
    },
    {
      "file_path": "/media/NFS/ttao/scannet/posed_images/scene0134_01/00033.jpg",
      "transform_matrix": [
        [
          0.206093,
          0.666307,
          -0.716632,
          3.454565
        ],
        [
          0.977986,
          -0.115767,
          0.173616,
          4.072778
        ],
        [
          0.032719,
          -0.736636,
          -0.675497,
          1.411281
        ],
        [
          0.0,
          0.0,
          0.0,
          1.0
        ]
      ]
    },
    {
      "file_path": "/media/NFS/ttao/scannet/posed_images/scene0134_01/00037.jpg",
      "transform_matrix": [
        [
          0.185732,
          0.674015,
          -0.714988,
          3.403102
        ],
        [
          0.982128,
          -0.104787,
          0.156345,
          4.069839
        ],
        [
          0.030457,
          -0.731248,
          -0.681431,
          1.410138
        ],
        [
          0.0,
          0.0,
          0.0,
          1.0
        ]
      ]
    },
    {
      "file_path": "/media/NFS/ttao/scannet/posed_images/scene0134_01/00042.jpg",
      "transform_matrix": [
        [
          0.176707,
          0.674967,
          -0.716376,
          3.313335
        ],
        [
          0.9839,
          -0.101343,
          0.147211,
          4.067698
        ],
        [
          0.026763,
          -0.730855,
          -0.682008,
          1.409083
        ],
        [
          0.0,
          0.0,
          0.0,
          1.0
        ]
      ]
    },
    {
      "file_path": "/media/NFS/ttao/scannet/posed_images/scene0134_01/00046.jpg",
      "transform_matrix": [
        [
          0.160126,
          0.679182,
          -0.71629,
          3.217273
        ],
        [
          0.987091,
          -0.107772,
          0.118474,
          4.08814
        ],
        [
          0.00327,
          -0.726014,
          -0.687672,
          1.41627
        ],
        [
          0.0,
          0.0,
          0.0,
          1.0
        ]
      ]
    },
    {
      "file_path": "/media/NFS/ttao/scannet/posed_images/scene0134_01/00050.jpg",
      "transform_matrix": [
        [
          0.187249,
          0.674819,
          -0.713833,
          3.118571
        ],
        [
          0.982169,
          -0.141031,
          0.124315,
          4.096319
        ],
        [
          -0.016782,
          -0.724383,
          -0.689194,
          1.410494
        ],
        [
          0.0,
          0.0,
          0.0,
          1.0
        ]
      ]
    },
    {
      "file_path": "/media/NFS/ttao/scannet/posed_images/scene0134_01/00054.jpg",
      "transform_matrix": [
        [
          0.203464,
          0.679842,
          -0.704569,
          3.01045
        ],
        [
          0.978115,
          -0.173119,
          0.115414,
          4.116046
        ],
        [
          -0.043511,
          -0.712632,
          -0.700188,
          1.424788
        ],
        [
          0.0,
          0.0,
          0.0,
          1.0
        ]
      ]
    },
    {
      "file_path": "/media/NFS/ttao/scannet/posed_images/scene0134_01/00055.jpg",
      "transform_matrix": [
        [
          0.206584,
          0.684059,
          -0.699562,
          2.987422
        ],
        [
          0.977505,
          -0.175356,
          0.117191,
          4.120492
        ],
        [
          -0.042507,
          -0.708035,
          -0.704897,
          1.42598
        ],
        [
          0.0,
          0.0,
          0.0,
          1.0
        ]
      ]
    },
    {
      "file_path": "/media/NFS/ttao/scannet/posed_images/scene0134_01/00062.jpg",
      "transform_matrix": [
        [
          0.248322,
          0.660446,
          -0.708624,
          2.828894
        ],
        [
          0.968247,
          -0.191045,
          0.161245,
          4.126912
        ],
        [
          -0.028885,
          -0.726163,
          -0.686915,
          1.433006
        ],
        [
          0.0,
          0.0,
          0.0,
          1.0
        ]
      ]
    },
    {
      "file_path": "/media/NFS/ttao/scannet/posed_images/scene0134_01/00065.jpg",
      "transform_matrix": [
        [
          0.280873,
          0.644748,
          -0.710922,
          2.770148
        ],
        [
          0.959582,
          -0.202315,
          0.19563,
          4.129654
        ],
        [
          -0.017698,
          -0.737135,
          -0.675514,
          1.41956
        ],
        [
          0.0,
          0.0,
          0.0,
          1.0
        ]
      ]
    },
    {
      "file_path": "/media/NFS/ttao/scannet/posed_images/scene0134_01/00066.jpg",
      "transform_matrix": [
        [
          0.297372,
          0.643237,
          -0.705561,
          2.748274
        ],
        [
          0.954613,
          -0.213362,
          0.207825,
          4.132538
        ],
        [
          -0.016859,
          -0.735338,
          -0.67749,
          1.416698
        ],
        [
          0.0,
          0.0,
          0.0,
          1.0
        ]
      ]
    },
    {
      "file_path": "/media/NFS/ttao/scannet/posed_images/scene0134_01/00072.jpg",
      "transform_matrix": [
        [
          0.409723,
          0.611276,
          -0.677103,
          2.628697
        ],
        [
          0.912094,
          -0.286369,
          0.29339,
          4.131188
        ],
        [
          -0.014559,
          -0.73779,
          -0.674873,
          1.411671
        ],
        [
          0.0,
          0.0,
          0.0,
          1.0
        ]
      ]
    },
    {
      "file_path": "/media/NFS/ttao/scannet/posed_images/scene0134_01/00077.jpg",
      "transform_matrix": [
        [
          0.500137,
          0.497788,
          -0.708569,
          2.530107
        ],
        [
          0.865902,
          -0.279122,
          0.415098,
          4.145934
        ],
        [
          0.008854,
          -0.821156,
          -0.570635,
          1.456372
        ],
        [
          0.0,
          0.0,
          0.0,
          1.0
        ]
      ]
    },
    {
      "file_path": "/media/NFS/ttao/scannet/posed_images/scene0134_01/00080.jpg",
      "transform_matrix": [
        [
          0.565222,
          0.422689,
          -0.708419,
          2.492744
        ],
        [
          0.824393,
          -0.258193,
          0.503698,
          4.142351
        ],
        [
          0.029999,
          -0.868718,
          -0.494399,
          1.476273
        ],
        [
          0.0,
          0.0,
          0.0,
          1.0
        ]
      ]
    },
    {
      "file_path": "/media/NFS/ttao/scannet/posed_images/scene0134_01/00084.jpg",
      "transform_matrix": [
        [
          0.623411,
          0.324726,
          -0.711275,
          2.444895
        ],
        [
          0.781532,
          -0.231091,
          0.579486,
          4.147816
        ],
        [
          0.023805,
          -0.917142,
          -0.397848,
          1.502955
        ],
        [
          0.0,
          0.0,
          0.0,
          1.0
        ]
      ]
    },
    {
      "file_path": "/media/NFS/ttao/scannet/posed_images/scene0134_01/00086.jpg",
      "transform_matrix": [
        [
          0.629889,
          0.283409,
          -0.723131,
          2.430839
        ],
        [
          0.776657,
          -0.221835,
          0.589571,
          4.16169
        ],
        [
          0.006674,
          -0.932989,
          -0.359843,
          1.528078
        ],
        [
          0.0,
          0.0,
          0.0,
          1.0
        ]
      ]
    },
    {
      "file_path": "/media/NFS/ttao/scannet/posed_images/scene0134_01/00092.jpg",
      "transform_matrix": [
        [
          0.638244,
          0.2195,
          -0.737878,
          2.422671
        ],
        [
          0.76869,
          -0.129473,
          0.62638,
          4.134009
        ],
        [
          0.041955,
          -0.966983,
          -0.251363,
          1.532348
        ],
        [
          0.0,
          0.0,
          0.0,
          1.0
        ]
      ]
    },
    {
      "file_path": "/media/NFS/ttao/scannet/posed_images/scene0134_01/00093.jpg",
      "transform_matrix": [
        [
          0.638081,
          0.211479,
          -0.740358,
          2.420601
        ],
        [
          0.768497,
          -0.115484,
          0.629345,
          4.134459
        ],
        [
          0.047594,
          -0.970536,
          -0.236209,
          1.541229
        ],
        [
          0.0,
          0.0,
          0.0,
          1.0
        ]
      ]
    },
    {
      "file_path": "/media/NFS/ttao/scannet/posed_images/scene0134_01/00098.jpg",
      "transform_matrix": [
        [
          0.620077,
          0.151209,
          -0.769832,
          2.42811
        ],
        [
          0.781398,
          -0.031277,
          0.623249,
          4.141775
        ],
        [
          0.070162,
          -0.988007,
          -0.137549,
          1.593684
        ],
        [
          0.0,
          0.0,
          0.0,
          1.0
        ]
      ]
    },
    {
      "file_path": "/media/NFS/ttao/scannet/posed_images/scene0134_01/00100.jpg",
      "transform_matrix": [
        [
          0.62713,
          0.111511,
          -0.770891,
          2.425686
        ],
        [
          0.777445,
          -0.028832,
          0.62829,
          4.117556
        ],
        [
          0.047835,
          -0.993345,
          -0.104775,
          1.581954
        ],
        [
          0.0,
          0.0,
          0.0,
          1.0
        ]
      ]
    },
    {
      "file_path": "/media/NFS/ttao/scannet/posed_images/scene0134_01/00107.jpg",
      "transform_matrix": [
        [
          0.543614,
          0.07093,
          -0.836333,
          2.458601
        ],
        [
          0.835258,
          0.052384,
          0.547358,
          4.122211
        ],
        [
          0.082634,
          -0.996105,
          -0.030769,
          1.642006
        ],
        [
          0.0,
          0.0,
          0.0,
          1.0
        ]
      ]
    },
    {
      "file_path": "/media/NFS/ttao/scannet/posed_images/scene0134_01/00108.jpg",
      "transform_matrix": [
        [
          0.528168,
          0.075323,
          -0.845793,
          2.464183
        ],
        [
          0.844925,
          0.052507,
          0.532302,
          4.124938
        ],
        [
          0.084504,
          -0.995776,
          -0.035909,
          1.652166
        ],
        [
          0.0,
          0.0,
          0.0,
          1.0
        ]
      ]
    },
    {
      "file_path": "/media/NFS/ttao/scannet/posed_images/scene0134_01/00111.jpg",
      "transform_matrix": [
        [
          0.477941,
          0.063261,
          -0.876111,
          2.479583
        ],
        [
          0.875182,
          0.050899,
          0.48111,
          4.125625
        ],
        [
          0.075029,
          -0.996698,
          -0.031039,
          1.64705
        ],
        [
          0.0,
          0.0,
          0.0,
          1.0
        ]
      ]
    },
    {
      "file_path": "/media/NFS/ttao/scannet/posed_images/scene0134_01/00118.jpg",
      "transform_matrix": [
        [
          0.371539,
          0.040098,
          -0.927551,
          2.526064
        ],
        [
          0.92482,
          0.071882,
          0.373553,
          4.133881
        ],
        [
          0.081653,
          -0.996607,
          -0.010377,
          1.658076
        ],
        [
          0.0,
          0.0,
          0.0,
          1.0
        ]
      ]
    },
    {
      "file_path": "/media/NFS/ttao/scannet/posed_images/scene0134_01/00119.jpg",
      "transform_matrix": [
        [
          0.348804,
          0.038444,
          -0.936407,
          2.536883
        ],
        [
          0.933583,
          0.073393,
          0.350766,
          4.13921
        ],
        [
          0.08221,
          -0.996562,
          -0.010291,
          1.663363
        ],
        [
          0.0,
          0.0,
          0.0,
          1.0
        ]
      ]
    },
    {
      "file_path": "/media/NFS/ttao/scannet/posed_images/scene0134_01/00125.jpg",
      "transform_matrix": [
        [
          0.187029,
          -0.001657,
          -0.982353,
          2.610098
        ],
        [
          0.977476,
          0.099855,
          0.185932,
          4.164896
        ],
        [
          0.097785,
          -0.995001,
          0.020295,
          1.673728
        ],
        [
          0.0,
          0.0,
          0.0,
          1.0
        ]
      ]
    },
    {
      "file_path": "/media/NFS/ttao/scannet/posed_images/scene0134_01/00128.jpg",
      "transform_matrix": [
        [
          0.082946,
          -0.023411,
          -0.996279,
          2.656845
        ],
        [
          0.990421,
          0.112677,
          0.07981,
          4.188889
        ],
        [
          0.11039,
          -0.993356,
          0.032533,
          1.682385
        ],
        [
          0.0,
          0.0,
          0.0,
          1.0
        ]
      ]
    },
    {
      "file_path": "/media/NFS/ttao/scannet/posed_images/scene0134_01/00131.jpg",
      "transform_matrix": [
        [
          -0.000691,
          -0.030464,
          -0.999536,
          2.703377
        ],
        [
          0.994169,
          0.107763,
          -0.003972,
          4.195893
        ],
        [
          0.107835,
          -0.99371,
          0.030211,
          1.673375
        ],
        [
          0.0,
          0.0,
          0.0,
          1.0
        ]
      ]
    },
    {
      "file_path": "/media/NFS/ttao/scannet/posed_images/scene0134_01/00135.jpg",
      "transform_matrix": [
        [
          -0.117778,
          -0.015991,
          -0.992911,
          2.763658
        ],
        [
          0.987378,
          0.104733,
          -0.118809,
          4.225768
        ],
        [
          0.105891,
          -0.994372,
          0.003454,
          1.666296
        ],
        [
          0.0,
          0.0,
          0.0,
          1.0
        ]
      ]
    },
    {
      "file_path": "/media/NFS/ttao/scannet/posed_images/scene0134_01/00138.jpg",
      "transform_matrix": [
        [
          -0.192202,
          0.010119,
          -0.981303,
          2.800209
        ],
        [
          0.977035,
          0.095698,
          -0.19038,
          4.234448
        ],
        [
          0.091983,
          -0.995359,
          -0.028281,
          1.661531
        ],
        [
          0.0,
          0.0,
          0.0,
          1.0
        ]
      ]
    },
    {
      "file_path": "/media/NFS/ttao/scannet/posed_images/scene0134_01/00142.jpg",
      "transform_matrix": [
        [
          -0.240746,
          0.069905,
          -0.968067,
          2.840637
        ],
        [
          0.968044,
          0.08946,
          -0.234281,
          4.187294
        ],
        [
          0.070226,
          -0.993534,
          -0.089208,
          1.66632
        ],
        [
          0.0,
          0.0,
          0.0,
          1.0
        ]
      ]
    },
    {
      "file_path": "/media/NFS/ttao/scannet/posed_images/scene0134_01/00149.jpg",
      "transform_matrix": [
        [
          -0.313741,
          0.176284,
          -0.933001,
          2.908229
        ],
        [
          0.947484,
          0.122265,
          -0.29551,
          4.169448
        ],
        [
          0.06198,
          -0.976716,
          -0.205386,
          1.627077
        ],
        [
          0.0,
          0.0,
          0.0,
          1.0
        ]
      ]
    },
    {
      "file_path": "/media/NFS/ttao/scannet/posed_images/scene0134_01/00150.jpg",
      "transform_matrix": [
        [
          -0.305011,
          0.184402,
          -0.934326,
          2.92838
        ],
        [
          0.951014,
          0.110903,
          -0.288571,
          4.138134
        ],
        [
          0.050407,
          -0.976574,
          -0.209196,
          1.579457
        ],
        [
          0.0,
          0.0,
          0.0,
          1.0
        ]
      ]
    },
    {
      "file_path": "/media/NFS/ttao/scannet/posed_images/scene0134_01/00153.jpg",
      "transform_matrix": [
        [
          -0.328976,
          0.216208,
          -0.919254,
          2.960238
        ],
        [
          0.943161,
          0.123812,
          -0.308411,
          4.12836
        ],
        [
          0.047134,
          -0.968465,
          -0.24465,
          1.543654
        ],
        [
          0.0,
          0.0,
          0.0,
          1.0
        ]
      ]
    },
    {
      "file_path": "/media/NFS/ttao/scannet/posed_images/scene0134_01/00157.jpg",
      "transform_matrix": [
        [
          -0.367423,
          0.235281,
          -0.899801,
          2.989238
        ],
        [
          0.92998,
          0.105156,
          -0.35225,
          4.126882
        ],
        [
          0.011742,
          -0.966222,
          -0.257444,
          1.540962
        ],
        [
          0.0,
          0.0,
          0.0,
          1.0
        ]
      ]
    },
    {
      "file_path": "/media/NFS/ttao/scannet/posed_images/scene0134_01/00163.jpg",
      "transform_matrix": [
        [
          -0.332092,
          0.195231,
          -0.922822,
          3.076788
        ],
        [
          0.943027,
          0.089849,
          -0.320355,
          4.090271
        ],
        [
          0.020371,
          -0.976633,
          -0.213946,
          1.570091
        ],
        [
          0.0,
          0.0,
          0.0,
          1.0
        ]
      ]
    },
    {
      "file_path": "/media/NFS/ttao/scannet/posed_images/scene0134_01/00167.jpg",
      "transform_matrix": [
        [
          -0.321474,
          0.147535,
          -0.935354,
          3.141455
        ],
        [
          0.945515,
          0.103777,
          -0.308597,
          4.087292
        ],
        [
          0.051539,
          -0.983598,
          -0.172858,
          1.607177
        ],
        [
          0.0,
          0.0,
          0.0,
          1.0
        ]
      ]
    },
    {
      "file_path": "/media/NFS/ttao/scannet/posed_images/scene0134_01/00171.jpg",
      "transform_matrix": [
        [
          -0.282217,
          0.078486,
          -0.956135,
          3.194635
        ],
        [
          0.952607,
          0.140889,
          -0.269611,
          4.11233
        ],
        [
          0.113548,
          -0.98691,
          -0.114528,
          1.649014
        ],
        [
          0.0,
          0.0,
          0.0,
          1.0
        ]
      ]
    },
    {
      "file_path": "/media/NFS/ttao/scannet/posed_images/scene0134_01/00175.jpg",
      "transform_matrix": [
        [
          -0.218907,
          0.021297,
          -0.975513,
          3.271733
        ],
        [
          0.966724,
          0.140375,
          -0.21387,
          4.115162
        ],
        [
          0.132383,
          -0.989869,
          -0.051317,
          1.662632
        ],
        [
          0.0,
          0.0,
          0.0,
          1.0
        ]
      ]
    },
    {
      "file_path": "/media/NFS/ttao/scannet/posed_images/scene0134_01/00178.jpg",
      "transform_matrix": [
        [
          -0.169606,
          0.017488,
          -0.985357,
          3.312132
        ],
        [
          0.976081,
          0.14097,
          -0.165508,
          4.124645
        ],
        [
          0.136011,
          -0.98986,
          -0.040979,
          1.681168
        ],
        [
          0.0,
          0.0,
          0.0,
          1.0
        ]
      ]
    },
    {
      "file_path": "/media/NFS/ttao/scannet/posed_images/scene0134_01/00182.jpg",
      "transform_matrix": [
        [
          -0.126628,
          -0.061074,
          -0.990068,
          3.378788
        ],
        [
          0.981094,
          0.139552,
          -0.134089,
          4.165579
        ],
        [
          0.146355,
          -0.98833,
          0.042248,
          1.59205
        ],
        [
          0.0,
          0.0,
          0.0,
          1.0
        ]
      ]
    },
    {
      "file_path": "/media/NFS/ttao/scannet/posed_images/scene0134_01/00185.jpg",
      "transform_matrix": [
        [
          -0.104449,
          -0.098674,
          -0.989623,
          3.414233
        ],
        [
          0.984637,
          0.129744,
          -0.11686,
          4.190845
        ],
        [
          0.139929,
          -0.986626,
          0.083606,
          1.590012
        ],
        [
          0.0,
          0.0,
          0.0,
          1.0
        ]
      ]
    },
    {
      "file_path": "/media/NFS/ttao/scannet/posed_images/scene0134_01/00189.jpg",
      "transform_matrix": [
        [
          -0.120179,
          -0.17466,
          -0.977267,
          3.46104
        ],
        [
          0.985989,
          0.093711,
          -0.138,
          4.262239
        ],
        [
          0.115683,
          -0.980159,
          0.160951,
          1.609657
        ],
        [
          0.0,
          0.0,
          0.0,
          1.0
        ]
      ]
    },
    {
      "file_path": "/media/NFS/ttao/scannet/posed_images/scene0134_01/00190.jpg",
      "transform_matrix": [
        [
          -0.122296,
          -0.187423,
          -0.974637,
          3.476799
        ],
        [
          0.98504,
          0.097209,
          -0.142295,
          4.273823
        ],
        [
          0.121413,
          -0.977457,
          0.17273,
          1.611779
        ],
        [
          0.0,
          0.0,
          0.0,
          1.0
        ]
      ]
    },
    {
      "file_path": "/media/NFS/ttao/scannet/posed_images/scene0134_01/00195.jpg",
      "transform_matrix": [
        [
          -0.113149,
          -0.211946,
          -0.970709,
          3.541891
        ],
        [
          0.98715,
          0.086971,
          -0.134055,
          4.336705
        ],
        [
          0.112836,
          -0.973404,
          0.199382,
          1.621799
        ],
        [
          0.0,
          0.0,
          0.0,
          1.0
        ]
      ]
    },
    {
      "file_path": "/media/NFS/ttao/scannet/posed_images/scene0134_01/00200.jpg",
      "transform_matrix": [
        [
          -0.095093,
          -0.215039,
          -0.971965,
          3.604208
        ],
        [
          0.988904,
          0.091541,
          -0.117003,
          4.431393
        ],
        [
          0.114135,
          -0.972306,
          0.203948,
          1.603345
        ],
        [
          0.0,
          0.0,
          0.0,
          1.0
        ]
      ]
    },
    {
      "file_path": "/media/NFS/ttao/scannet/posed_images/scene0134_01/00202.jpg",
      "transform_matrix": [
        [
          -0.087643,
          -0.213977,
          -0.972899,
          3.628574
        ],
        [
          0.990502,
          0.085154,
          -0.107958,
          4.455322
        ],
        [
          0.105947,
          -0.97312,
          0.204482,
          1.607415
        ],
        [
          0.0,
          0.0,
          0.0,
          1.0
        ]
      ]
    },
    {
      "file_path": "/media/NFS/ttao/scannet/posed_images/scene0134_01/00208.jpg",
      "transform_matrix": [
        [
          -0.029383,
          -0.193169,
          -0.980725,
          3.692009
        ],
        [
          0.99555,
          0.082228,
          -0.046024,
          4.500522
        ],
        [
          0.089534,
          -0.977714,
          0.189893,
          1.592209
        ],
        [
          0.0,
          0.0,
          0.0,
          1.0
        ]
      ]
    },
    {
      "file_path": "/media/NFS/ttao/scannet/posed_images/scene0134_01/00211.jpg",
      "transform_matrix": [
        [
          0.009595,
          -0.198072,
          -0.980141,
          3.70385
        ],
        [
          0.997345,
          0.072656,
          -0.004919,
          4.51566
        ],
        [
          0.072188,
          -0.977491,
          0.198243,
          1.587194
        ],
        [
          0.0,
          0.0,
          0.0,
          1.0
        ]
      ]
    },
    {
      "file_path": "/media/NFS/ttao/scannet/posed_images/scene0134_01/00215.jpg",
      "transform_matrix": [
        [
          0.120443,
          -0.185297,
          -0.975273,
          3.705287
        ],
        [
          0.991068,
          0.079106,
          0.107364,
          4.39949
        ],
        [
          0.057256,
          -0.979493,
          0.19317,
          1.585686
        ],
        [
          0.0,
          0.0,
          0.0,
          1.0
        ]
      ]
    },
    {
      "file_path": "/media/NFS/ttao/scannet/posed_images/scene0134_01/00217.jpg",
      "transform_matrix": [
        [
          0.165834,
          -0.180484,
          -0.969497,
          3.716025
        ],
        [
          0.984921,
          0.079461,
          0.15368,
          4.378147
        ],
        [
          0.049301,
          -0.980363,
          0.19094,
          1.586207
        ],
        [
          0.0,
          0.0,
          0.0,
          1.0
        ]
      ]
    },
    {
      "file_path": "/media/NFS/ttao/scannet/posed_images/scene0134_01/00223.jpg",
      "transform_matrix": [
        [
          0.229016,
          -0.106393,
          -0.967591,
          3.737511
        ],
        [
          0.972789,
          0.060877,
          0.223552,
          4.415931
        ],
        [
          0.03512,
          -0.992459,
          0.11744,
          1.589087
        ],
        [
          0.0,
          0.0,
          0.0,
          1.0
        ]
      ]
    },
    {
      "file_path": "/media/NFS/ttao/scannet/posed_images/scene0134_01/00226.jpg",
      "transform_matrix": [
        [
          0.236433,
          -0.049346,
          -0.970394,
          3.737048
        ],
        [
          0.971169,
          0.043346,
          0.234417,
          4.416415
        ],
        [
          0.030495,
          -0.997841,
          0.058172,
          1.560334
        ],
        [
          0.0,
          0.0,
          0.0,
          1.0
        ]
      ]
    },
    {
      "file_path": "/media/NFS/ttao/scannet/posed_images/scene0134_01/00231.jpg",
      "transform_matrix": [
        [
          0.257931,
          0.041655,
          -0.965265,
          3.715034
        ],
        [
          0.965558,
          0.024253,
          0.259056,
          4.407505
        ],
        [
          0.034201,
          -0.998838,
          -0.033965,
          1.560107
        ],
        [
          0.0,
          0.0,
          0.0,
          1.0
        ]
      ]
    },
    {
      "file_path": "/media/NFS/ttao/scannet/posed_images/scene0134_01/00232.jpg",
      "transform_matrix": [
        [
          0.258661,
          0.069369,
          -0.963474,
          3.709831
        ],
        [
          0.965414,
          0.015214,
          0.260277,
          4.40484
        ],
        [
          0.032714,
          -0.997475,
          -0.063034,
          1.564614
        ],
        [
          0.0,
          0.0,
          0.0,
          1.0
        ]
      ]
    },
    {
      "file_path": "/media/NFS/ttao/scannet/posed_images/scene0134_01/00238.jpg",
      "transform_matrix": [
        [
          0.265502,
          0.203105,
          -0.942474,
          3.680929
        ],
        [
          0.963755,
          -0.029369,
          0.265168,
          4.412072
        ],
        [
          0.026178,
          -0.978716,
          -0.203541,
          1.545228
        ],
        [
          0.0,
          0.0,
          0.0,
          1.0
        ]
      ]
    },
    {
      "file_path": "/media/NFS/ttao/scannet/posed_images/scene0134_01/00240.jpg",
      "transform_matrix": [
        [
          0.258502,
          0.237653,
          -0.936322,
          3.685927
        ],
        [
          0.965158,
          -0.022823,
          0.26067,
          4.414606
        ],
        [
          0.04058,
          -0.971082,
          -0.235272,
          1.50182
        ],
        [
          0.0,
          0.0,
          0.0,
          1.0
        ]
      ]
    },
    {
      "file_path": "/media/NFS/ttao/scannet/posed_images/scene0134_01/00243.jpg",
      "transform_matrix": [
        [
          0.219191,
          0.288005,
          -0.932206,
          3.684908
        ],
        [
          0.975413,
          -0.042246,
          0.216298,
          4.459864
        ],
        [
          0.022913,
          -0.956697,
          -0.290183,
          1.5058
        ],
        [
          0.0,
          0.0,
          0.0,
          1.0
        ]
      ]
    },
    {
      "file_path": "/media/NFS/ttao/scannet/posed_images/scene0134_01/00247.jpg",
      "transform_matrix": [
        [
          0.162031,
          0.321172,
          -0.933057,
          3.70967
        ],
        [
          0.986785,
          -0.054055,
          0.152755,
          4.505571
        ],
        [
          -0.001376,
          -0.945477,
          -0.325686,
          1.495746
        ],
        [
          0.0,
          0.0,
          0.0,
          1.0
        ]
      ]
    },
    {
      "file_path": "/media/NFS/ttao/scannet/posed_images/scene0134_01/00253.jpg",
      "transform_matrix": [
        [
          0.016728,
          0.415573,
          -0.909406,
          3.78988
        ],
        [
          0.999704,
          0.009122,
          0.022557,
          4.629989
        ],
        [
          0.01767,
          -0.909514,
          -0.415297,
          1.44237
        ],
        [
          0.0,
          0.0,
          0.0,
          1.0
        ]
      ]
    },
    {
      "file_path": "/media/NFS/ttao/scannet/posed_images/scene0134_01/00257.jpg",
      "transform_matrix": [
        [
          -0.089201,
          0.448513,
          -0.889314,
          3.837113
        ],
        [
          0.995813,
          0.058103,
          -0.07058,
          4.712336
        ],
        [
          0.020016,
          -0.891886,
          -0.451818,
          1.433516
        ],
        [
          0.0,
          0.0,
          0.0,
          1.0
        ]
      ]
    },
    {
      "file_path": "/media/NFS/ttao/scannet/posed_images/scene0134_01/00258.jpg",
      "transform_matrix": [
        [
          -0.116269,
          0.454486,
          -0.883133,
          3.853462
        ],
        [
          0.99305,
          0.069566,
          -0.09494,
          4.735912
        ],
        [
          0.018287,
          -0.888033,
          -0.459416,
          1.426657
        ],
        [
          0.0,
          0.0,
          0.0,
          1.0
        ]
      ]
    },
    {
      "file_path": "/media/NFS/ttao/scannet/posed_images/scene0134_01/00265.jpg",
      "transform_matrix": [
        [
          -0.249074,
          0.525471,
          -0.813537,
          3.925463
        ],
        [
          0.968479,
          0.132205,
          -0.211118,
          4.842638
        ],
        [
          -0.003383,
          -0.840477,
          -0.541836,
          1.432296
        ],
        [
          0.0,
          0.0,
          0.0,
          1.0
        ]
      ]
    },
    {
      "file_path": "/media/NFS/ttao/scannet/posed_images/scene0134_01/00268.jpg",
      "transform_matrix": [
        [
          -0.284247,
          0.542558,
          -0.790465,
          3.950984
        ],
        [
          0.958248,
          0.134067,
          -0.25256,
          4.860852
        ],
        [
          -0.031053,
          -0.829251,
          -0.558013,
          1.428221
        ],
        [
          0.0,
          0.0,
          0.0,
          1.0
        ]
      ]
    },
    {
      "file_path": "/media/NFS/ttao/scannet/posed_images/scene0134_01/00269.jpg",
      "transform_matrix": [
        [
          -0.293205,
          0.547583,
          -0.783699,
          3.959653
        ],
        [
          0.955301,
          0.13536,
          -0.262829,
          4.866371
        ],
        [
          -0.037839,
          -0.825731,
          -0.562794,
          1.425576
        ],
        [
          0.0,
          0.0,
          0.0,
          1.0
        ]
      ]
    },
    {
      "file_path": "/media/NFS/ttao/scannet/posed_images/scene0134_01/00275.jpg",
      "transform_matrix": [
        [
          -0.323822,
          0.59033,
          -0.739358,
          4.001153
        ],
        [
          0.944589,
          0.157308,
          -0.288107,
          4.910758
        ],
        [
          -0.053771,
          -0.791685,
          -0.608559,
          1.403258
        ],
        [
          0.0,
          0.0,
          0.0,
          1.0
        ]
      ]
    },
    {
      "file_path": "/media/NFS/ttao/scannet/posed_images/scene0134_01/00278.jpg",
      "transform_matrix": [
        [
          -0.328306,
          0.603099,
          -0.726971,
          4.023412
        ],
        [
          0.943749,
          0.177328,
          -0.279093,
          4.918367
        ],
        [
          -0.039408,
          -0.777706,
          -0.627391,
          1.3901
        ],
        [
          0.0,
          0.0,
          0.0,
          1.0
        ]
      ]
    },
    {
      "file_path": "/media/NFS/ttao/scannet/posed_images/scene0134_01/00282.jpg",
      "transform_matrix": [
        [
          -0.3115,
          0.627425,
          -0.713656,
          4.051874
        ],
        [
          0.949999,
          0.188503,
          -0.248934,
          4.921394
        ],
        [
          -0.021661,
          -0.755516,
          -0.654772,
          1.383714
        ],
        [
          0.0,
          0.0,
          0.0,
          1.0
        ]
      ]
    },
    {
      "file_path": "/media/NFS/ttao/scannet/posed_images/scene0134_01/00287.jpg",
      "transform_matrix": [
        [
          -0.291848,
          0.651919,
          -0.699876,
          4.090404
        ],
        [
          0.956254,
          0.183536,
          -0.227799,
          4.941291
        ],
        [
          -0.020054,
          -0.735742,
          -0.676965,
          1.369958
        ],
        [
          0.0,
          0.0,
          0.0,
          1.0
        ]
      ]
    },
    {
      "file_path": "/media/NFS/ttao/scannet/posed_images/scene0134_01/00289.jpg",
      "transform_matrix": [
        [
          -0.283876,
          0.652425,
          -0.702678,
          4.107015
        ],
        [
          0.958787,
          0.184048,
          -0.216457,
          4.950188
        ],
        [
          -0.011896,
          -0.735166,
          -0.677783,
          1.366136
        ],
        [
          0.0,
          0.0,
