{
  "frames": [
    {
      "file_path": "/media/NFS/ttao/scannet/posed_images/scene0229_01/00000.jpg",
      "transform_matrix": [
        [
          -0.075311,
          0.1079,
          -0.991305,
          3.564427
        ],
        [
          0.997055,
          0.022589,
          -0.073289,
          3.365515
        ],
        [
          0.014485,
          -0.993905,
          -0.109283,
          1.504286
        ],
        [
          0.0,
          0.0,
          0.0,
          1.0
        ]
      ]
    },
    {
      "file_path": "/media/NFS/ttao/scannet/posed_images/scene0229_01/00003.jpg",
      "transform_matrix": [
        [
          -0.074369,
          0.126086,
          -0.989228,
          3.561034
        ],
        [
          0.997036,
          0.02903,
          -0.071256,
          3.365207
        ],
        [
          0.019733,
          -0.991595,
          -0.127871,
          1.492375
        ],
        [
          0.0,
          0.0,
          0.0,
          1.0
        ]
      ]
    },
    {
      "file_path": "/media/NFS/ttao/scannet/posed_images/scene0229_01/00006.jpg",
      "transform_matrix": [
        [
          -0.086943,
          0.155983,
          -0.983926,
          3.545778
        ],
        [
          0.996098,
          0.028643,
          -0.083478,
          3.373277
        ],
        [
          0.015161,
          -0.987344,
          -0.157864,
          1.496263
        ],
        [
          0.0,
          0.0,
          0.0,
          1.0
        ]
      ]
    },
    {
      "file_path": "/media/NFS/ttao/scannet/posed_images/scene0229_01/00010.jpg",
      "transform_matrix": [
        [
          -0.101508,
          0.201407,
          -0.974234,
          3.529074
        ],
        [
          0.994803,
          0.028361,
          -0.097788,
          3.365204
        ],
        [
          0.007935,
          -0.979097,
          -0.203239,
          1.472651
        ],
        [
          0.0,
          0.0,
          0.0,
          1.0
        ]
      ]
    },
    {
      "file_path": "/media/NFS/ttao/scannet/posed_images/scene0229_01/00013.jpg",
      "transform_matrix": [
        [
          -0.119371,
          0.232037,
          -0.965355,
          3.519287
        ],
        [
          0.992846,
          0.030653,
          -0.115403,
          3.380774
        ],
        [
          0.002814,
          -0.972224,
          -0.234036,
          1.461698
        ],
        [
          0.0,
          0.0,
          0.0,
          1.0
        ]
      ]
    },
    {
      "file_path": "/media/NFS/ttao/scannet/posed_images/scene0229_01/00017.jpg",
      "transform_matrix": [
        [
          -0.152771,
          0.288485,
          -0.945218,
          3.501787
        ],
        [
          0.988234,
          0.051749,
          -0.143929,
          3.383878
        ],
        [
          0.007393,
          -0.956085,
          -0.292996,
          1.445287
        ],
        [
          0.0,
          0.0,
          0.0,
          1.0
        ]
      ]
    },
    {
      "file_path": "/media/NFS/ttao/scannet/posed_images/scene0229_01/00021.jpg",
      "transform_matrix": [
        [
          -0.170185,
          0.349805,
          -0.921235,
          3.481777
        ],
        [
          0.985409,
          0.057804,
          -0.160091,
          3.336933
        ],
        [
          -0.002749,
          -0.935037,
          -0.354538,
          1.439743
        ],
        [
          0.0,
          0.0,
          0.0,
          1.0
        ]
      ]
    },
    {
      "file_path": "/media/NFS/ttao/scannet/posed_images/scene0229_01/00026.jpg",
      "transform_matrix": [
        [
          -0.198887,
          0.409304,
          -0.890457,
          3.467837
        ],
        [
          0.979962,
          0.072982,
          -0.185332,
          3.317325
        ],
        [
          -0.01087,
          -0.909475,
          -0.415617,
          1.418381
        ],
        [
          0.0,
          0.0,
          0.0,
          1.0
        ]
      ]
    },
    {
      "file_path": "/media/NFS/ttao/scannet/posed_images/scene0229_01/00028.jpg",
      "transform_matrix": [
        [
          -0.210451,
          0.43073,
          -0.8776,
          3.456957
        ],
        [
          0.977325,
          0.071218,
          -0.199411,
          3.309494
        ],
        [
          -0.023391,
          -0.899666,
          -0.435951,
          1.420961
        ],
        [
          0.0,
          0.0,
          0.0,
          1.0
        ]
      ]
    },
    {
      "file_path": "/media/NFS/ttao/scannet/posed_images/scene0229_01/00031.jpg",
      "transform_matrix": [
        [
          -0.219188,
          0.454452,
          -0.863382,
          3.465296
        ],
        [
          0.974542,
          0.059198,
          -0.216249,
          3.246471
        ],
        [
          -0.047164,
          -0.888802,
          -0.455859,
          1.396582
        ],
        [
          0.0,
          0.0,
          0.0,
          1.0
        ]
      ]
    },
    {
      "file_path": "/media/NFS/ttao/scannet/posed_images/scene0229_01/00036.jpg",
      "transform_matrix": [
        [
          -0.241806,
          0.528989,
          -0.81345,
          3.455876
        ],
        [
          0.969288,
          0.092941,
          -0.22769,
          3.204678
        ],
        [
          -0.044843,
          -0.843524,
          -0.535216,
          1.361319
        ],
        [
          0.0,
          0.0,
          0.0,
          1.0
        ]
      ]
    },
    {
      "file_path": "/media/NFS/ttao/scannet/posed_images/scene0229_01/00037.jpg",
      "transform_matrix": [
        [
          -0.239601,
          0.541161,
          -0.806062,
          3.450556
        ],
        [
          0.969975,
          0.097757,
          -0.222693,
          3.194862
        ],
        [
          -0.041715,
          -0.835218,
          -0.548335,
          1.360512
        ],
        [
          0.0,
          0.0,
          0.0,
          1.0
        ]
      ]
    },
    {
      "file_path": "/media/NFS/ttao/scannet/posed_images/scene0229_01/00042.jpg",
      "transform_matrix": [
        [
          -0.21352,
          0.614018,
          -0.759862,
          3.441591
        ],
        [
          0.975522,
          0.092132,
          -0.199672,
          3.136876
        ],
        [
          -0.052595,
          -0.783896,
          -0.61866,
          1.34623
        ],
        [
          0.0,
          0.0,
          0.0,
          1.0
        ]
      ]
    },
    {
      "file_path": "/media/NFS/ttao/scannet/posed_images/scene0229_01/00046.jpg",
      "transform_matrix": [
        [
          -0.166975,
          0.666117,
          -0.726916,
          3.446163
        ],
        [
          0.984487,
          0.072334,
          -0.159856,
          3.124833
        ],
        [
          -0.053902,
          -0.742331,
          -0.667861,
          1.319566
        ],
        [
          0.0,
          0.0,
          0.0,
          1.0
        ]
      ]
    },
    {
      "file_path": "/media/NFS/ttao/scannet/posed_images/scene0229_01/00050.jpg",
      "transform_matrix": [
        [
          -0.104766,
          0.716404,
          -0.689774,
          3.439941
        ],
        [
          0.993923,
          0.051858,
          -0.097101,
          3.125195
        ],
        [
          -0.033793,
          -0.695755,
          -0.717484,
          1.313119
        ],
        [
          0.0,
          0.0,
          0.0,
          1.0
        ]
      ]
    },
    {
      "file_path": "/media/NFS/ttao/scannet/posed_images/scene0229_01/00051.jpg",
      "transform_matrix": [
        [
          -0.092157,
          0.720255,
          -0.687561,
          3.442698
        ],
        [
          0.995274,
          0.045405,
          -0.085837,
          3.128483
        ],
        [
          -0.030605,
          -0.692222,
          -0.721035,
          1.309081
        ],
        [
          0.0,
          0.0,
          0.0,
          1.0
        ]
      ]
    },
    {
      "file_path": "/media/NFS/ttao/scannet/posed_images/scene0229_01/00056.jpg",
      "transform_matrix": [
        [
          0.015549,
          0.745831,
          -0.665954,
          3.442264
        ],
        [
          0.999769,
          -0.021475,
          -0.000708,
          3.142651
        ],
        [
          -0.014829,
          -0.665789,
          -0.745992,
          1.299065
        ],
        [
          0.0,
          0.0,
          0.0,
          1.0
        ]
      ]
    },
    {
      "file_path": "/media/NFS/ttao/scannet/posed_images/scene0229_01/00060.jpg",
      "transform_matrix": [
        [
          0.125089,
          0.74709,
          -0.652846,
          3.439435
        ],
        [
          0.992092,
          -0.101054,
          0.074449,
          3.162056
        ],
        [
          -0.010353,
          -0.656996,
          -0.753823,
          1.295521
        ],
        [
          0.0,
          0.0,
          0.0,
          1.0
        ]
      ]
    },
    {
      "file_path": "/media/NFS/ttao/scannet/posed_images/scene0229_01/00061.jpg",
      "transform_matrix": [
        [
          0.142127,
          0.745906,
          -0.65071,
          3.4428
        ],
        [
          0.989804,
          -0.113307,
          0.086309,
          3.169717
        ],
        [
          -0.009351,
          -0.656342,
          -0.754405,
          1.293784
        ],
        [
          0.0,
          0.0,
          0.0,
          1.0
        ]
      ]
    },
    {
      "file_path": "/media/NFS/ttao/scannet/posed_images/scene0229_01/00066.jpg",
      "transform_matrix": [
        [
          0.265611,
          0.729224,
          -0.63062,
          3.436234
        ],
        [
          0.963888,
          -0.187811,
          0.188803,
          3.202531
        ],
        [
          0.019243,
          -0.657996,
          -0.752775,
          1.304106
        ],
        [
          0.0,
          0.0,
          0.0,
          1.0
        ]
      ]
    },
    {
      "file_path": "/media/NFS/ttao/scannet/posed_images/scene0229_01/00070.jpg",
      "transform_matrix": [
        [
          0.372938,
          0.670104,
          -0.641777,
          3.448831
        ],
        [
          0.926978,
          -0.238994,
          0.289127,
          3.208923
        ],
        [
          0.040364,
          -0.702739,
          -0.710302,
          1.308317
        ],
        [
          0.0,
          0.0,
          0.0,
          1.0
        ]
      ]
    },
    {
      "file_path": "/media/NFS/ttao/scannet/posed_images/scene0229_01/00075.jpg",
      "transform_matrix": [
        [
          0.448535,
          0.63045,
          -0.633521,
          3.478714
        ],
        [
          0.892671,
          -0.280941,
          0.352436,
          3.225439
        ],
        [
          0.044211,
          -0.723606,
          -0.688796,
          1.311265
        ],
        [
          0.0,
          0.0,
          0.0,
          1.0
        ]
      ]
    },
    {
      "file_path": "/media/NFS/ttao/scannet/posed_images/scene0229_01/00076.jpg",
      "transform_matrix": [
        [
          0.452061,
          0.627355,
          -0.634086,
          3.487462
        ],
        [
          0.890974,
          -0.283705,
          0.35451,
          3.226686
        ],
        [
          0.042511,
          -0.725215,
          -0.687209,
          1.311049
        ],
        [
          0.0,
          0.0,
          0.0,
          1.0
        ]
      ]
    },
    {
      "file_path": "/media/NFS/ttao/scannet/posed_images/scene0229_01/00080.jpg",
      "transform_matrix": [
        [
          0.443107,
          0.62971,
          -0.63806,
          3.527292
        ],
        [
          0.894238,
          -0.260294,
          0.364124,
          3.238458
        ],
        [
          0.063209,
          -0.731924,
          -0.678449,
          1.328127
        ],
        [
          0.0,
          0.0,
          0.0,
          1.0
        ]
      ]
    },
    {
      "file_path": "/media/NFS/ttao/scannet/posed_images/scene0229_01/00082.jpg",
      "transform_matrix": [
        [
          0.426154,
          0.63859,
          -0.640777,
          3.554276
        ],
        [
          0.901677,
          -0.242454,
          0.358042,
          3.246433
        ],
        [
          0.073283,
          -0.730355,
          -0.679125,
          1.330233
        ],
        [
          0.0,
          0.0,
          0.0,
          1.0
        ]
      ]
    },
    {
      "file_path": "/media/NFS/ttao/scannet/posed_images/scene0229_01/00086.jpg",
      "transform_matrix": [
        [
          0.37531,
          0.653845,
          -0.656985,
          3.639009
        ],
        [
          0.921438,
          -0.186354,
          0.340918,
          3.280465
        ],
        [
          0.100476,
          -0.733321,
          -0.672418,
          1.337481
        ],
        [
          0.0,
          0.0,
          0.0,
          1.0
        ]
      ]
    },
    {
      "file_path": "/media/NFS/ttao/scannet/posed_images/scene0229_01/00091.jpg",
      "transform_matrix": [
        [
          0.310951,
          0.689025,
          -0.65464,
          3.74508
        ],
        [
          0.941138,
          -0.127167,
          0.313189,
          3.315232
        ],
        [
          0.132547,
          -0.713494,
          -0.68801,
          1.348318
        ],
        [
          0.0,
          0.0,
          0.0,
          1.0
        ]
      ]
    },
    {
      "file_path": "/media/NFS/ttao/scannet/posed_images/scene0229_01/00095.jpg",
      "transform_matrix": [
        [
          0.260149,
          0.699863,
          -0.665218,
          3.811387
        ],
        [
          0.95537,
          -0.086703,
          0.282401,
          3.340997
        ],
        [
          0.139966,
          -0.708995,
          -0.691184,
          1.367645
        ],
        [
          0.0,
          0.0,
          0.0,
          1.0
        ]
      ]
    },
    {
      "file_path": "/media/NFS/ttao/scannet/posed_images/scene0229_01/00096.jpg",
      "transform_matrix": [
        [
          0.257603,
          0.698138,
          -0.668015,
          3.82046
        ],
        [
          0.955703,
          -0.082219,
          0.282616,
          3.341702
        ],
        [
          0.142382,
          -0.711227,
          -0.688392,
          1.373409
        ],
        [
          0.0,
          0.0,
          0.0,
          1.0
        ]
      ]
    },
    {
      "file_path": "/media/NFS/ttao/scannet/posed_images/scene0229_01/00100.jpg",
      "transform_matrix": [
        [
          0.224878,
          0.650057,
          -0.725848,
          3.857727
        ],
        [
          0.964707,
          -0.043795,
          0.259658,
          3.358476
        ],
        [
          0.137004,
          -0.758622,
          -0.636964,
          1.419374
        ],
        [
          0.0,
          0.0,
          0.0,
          1.0
        ]
      ]
    },
    {
      "file_path": "/media/NFS/ttao/scannet/posed_images/scene0229_01/00103.jpg",
      "transform_matrix": [
        [
          0.210311,
          0.599371,
          -0.772349,
          3.884188
        ],
        [
          0.969313,
          -0.024978,
          0.24456,
          3.365945
        ],
        [
          0.127291,
          -0.800081,
          -0.586231,
          1.427366
        ],
        [
          0.0,
          0.0,
          0.0,
          1.0
        ]
      ]
    },
    {
      "file_path": "/media/NFS/ttao/scannet/posed_images/scene0229_01/00108.jpg",
      "transform_matrix": [
        [
          0.213931,
          0.51593,
          -0.829488,
          3.898942
        ],
        [
          0.9687,
          -0.002594,
          0.248222,
          3.365092
        ],
        [
          0.125913,
          -0.856627,
          -0.500336,
          1.481519
        ],
        [
          0.0,
          0.0,
          0.0,
          1.0
        ]
      ]
    },
    {
      "file_path": "/media/NFS/ttao/scannet/posed_images/scene0229_01/00112.jpg",
      "transform_matrix": [
        [
          0.186851,
          0.402974,
          -0.895934,
          3.935229
        ],
        [
          0.978293,
          0.006858,
          0.207112,
          3.373803
        ],
        [
          0.089605,
          -0.915185,
          -0.392946,
          1.512597
        ],
        [
          0.0,
          0.0,
          0.0,
          1.0
        ]
      ]
    },
    {
      "file_path": "/media/NFS/ttao/scannet/posed_images/scene0229_01/00116.jpg",
      "transform_matrix": [
        [
          0.145086,
          0.313898,
          -0.938306,
          3.963146
        ],
        [
          0.987258,
          0.016724,
          0.15825,
          3.399548
        ],
        [
          0.065366,
          -0.949309,
          -0.307472,
          1.533694
        ],
        [
          0.0,
          0.0,
          0.0,
          1.0
        ]
      ]
    },
    {
      "file_path": "/media/NFS/ttao/scannet/posed_images/scene0229_01/00117.jpg",
      "transform_matrix": [
        [
          0.14294,
          0.289207,
          -0.946534,
          3.959706
        ],
        [
          0.987502,
          0.02248,
          0.155995,
          3.400308
        ],
        [
          0.066393,
          -0.957003,
          -0.282379,
          1.547409
        ],
        [
          0.0,
          0.0,
          0.0,
          1.0
        ]
      ]
    },
    {
      "file_path": "/media/NFS/ttao/scannet/posed_images/scene0229_01/00122.jpg",
      "transform_matrix": [
        [
          0.140594,
          0.156083,
          -0.977687,
          3.994788
        ],
        [
          0.988609,
          0.031456,
          0.147186,
          3.333826
        ],
        [
          0.053728,
          -0.987243,
          -0.149883,
          1.554852
        ],
        [
          0.0,
          0.0,
          0.0,
          1.0
        ]
      ]
    },
    {
      "file_path": "/media/NFS/ttao/scannet/posed_images/scene0229_01/00125.jpg",
      "transform_matrix": [
        [
          0.115473,
          0.087225,
          -0.989474,
          4.003602
        ],
        [
          0.99225,
          0.035902,
          0.118961,
          3.343504
        ],
        [
          0.045901,
          -0.995542,
          -0.082403,
          1.548715
        ],
        [
          0.0,
          0.0,
          0.0,
          1.0
        ]
      ]
    },
    {
      "file_path": "/media/NFS/ttao/scannet/posed_images/scene0229_01/00129.jpg",
      "transform_matrix": [
        [
          0.084932,
          0.035138,
          -0.995767,
          4.00802
        ],
        [
          0.995674,
          0.034806,
          0.086153,
          3.368722
        ],
        [
          0.037686,
          -0.998776,
          -0.03203,
          1.551296
        ],
        [
          0.0,
          0.0,
          0.0,
          1.0
        ]
      ]
    },
    {
      "file_path": "/media/NFS/ttao/scannet/posed_images/scene0229_01/00132.jpg",
      "transform_matrix": [
        [
          0.084549,
          -0.02007,
          -0.996217,
          4.01103
        ],
        [
          0.996234,
          0.021007,
          0.084127,
          3.301098
        ],
        [
          0.019239,
          -0.999578,
          0.021771,
          1.492372
        ],
        [
          0.0,
          0.0,
          0.0,
          1.0
        ]
      ]
    },
    {
      "file_path": "/media/NFS/ttao/scannet/posed_images/scene0229_01/00137.jpg",
      "transform_matrix": [
        [
          0.061285,
          -0.065905,
          -0.995942,
          3.981365
        ],
        [
          0.997088,
          0.049412,
          0.058086,
          3.31918
        ],
        [
          0.045383,
          -0.996602,
          0.068741,
          1.499983
        ],
        [
          0.0,
          0.0,
          0.0,
          1.0
        ]
      ]
    },
    {
      "file_path": "/media/NFS/ttao/scannet/posed_images/scene0229_01/00139.jpg",
      "transform_matrix": [
        [
          0.055067,
          -0.069266,
          -0.996077,
          3.966594
        ],
        [
          0.997362,
          0.051081,
          0.051586,
          3.328626
        ],
        [
          0.047308,
          -0.99629,
          0.071896,
          1.52206
        ],
        [
          0.0,
          0.0,
          0.0,
          1.0
        ]
      ]
    },
    {
      "file_path": "/media/NFS/ttao/scannet/posed_images/scene0229_01/00141.jpg",
      "transform_matrix": [
        [
          0.042727,
          -0.081928,
          -0.995722,
          3.950692
        ],
        [
          0.998057,
          0.048732,
          0.038818,
          3.36038
        ],
        [
          0.045343,
          -0.995446,
          0.083851,
          1.533814
        ],
        [
          0.0,
          0.0,
          0.0,
          1.0
        ]
      ]
    },
    {
      "file_path": "/media/NFS/ttao/scannet/posed_images/scene0229_01/00145.jpg",
      "transform_matrix": [
        [
          0.035301,
          -0.068934,
          -0.996997,
          3.897784
        ],
        [
          0.99832,
          0.048303,
          0.032008,
          3.387857
        ],
        [
          0.045951,
          -0.996451,
          0.070523,
          1.548264
        ],
        [
          0.0,
          0.0,
          0.0,
          1.0
        ]
      ]
    },
    {
      "file_path": "/media/NFS/ttao/scannet/posed_images/scene0229_01/00148.jpg",
      "transform_matrix": [
        [
          0.03958,
          -0.073803,
          -0.996487,
          3.862882
        ],
        [
          0.998237,
          0.047063,
          0.036164,
          3.377554
        ],
        [
          0.044229,
          -0.996162,
          0.075536,
          1.540841
        ],
        [
          0.0,
          0.0,
          0.0,
          1.0
        ]
      ]
    },
    {
      "file_path": "/media/NFS/ttao/scannet/posed_images/scene0229_01/00153.jpg",
      "transform_matrix": [
        [
          0.034004,
          -0.049635,
          -0.998188,
          3.745292
        ],
        [
          0.997628,
          0.061494,
          0.030927,
          3.40136
        ],
        [
          0.059847,
          -0.996873,
          0.051609,
          1.540869
        ],
        [
          0.0,
          0.0,
          0.0,
          1.0
        ]
      ]
    },
    {
      "file_path": "/media/NFS/ttao/scannet/posed_images/scene0229_01/00155.jpg",
      "transform_matrix": [
        [
          0.025783,
          -0.06433,
          -0.997595,
          3.685454
        ],
        [
          0.997512,
          0.06716,
          0.02145,
          3.413984
        ],
        [
          0.065619,
          -0.995666,
          0.065901,
          1.53202
        ],
        [
          0.0,
          0.0,
          0.0,
          1.0
        ]
      ]
    },
    {
      "file_path": "/media/NFS/ttao/scannet/posed_images/scene0229_01/00158.jpg",
      "transform_matrix": [
        [
          0.022135,
          -0.033087,
          -0.999207,
          3.615652
        ],
        [
          0.997797,
          0.06326,
          0.020009,
          3.42966
        ],
        [
          0.062548,
          -0.997449,
          0.034414,
          1.547574
        ],
        [
          0.0,
          0.0,
          0.0,
          1.0
        ]
      ]
    },
    {
      "file_path": "/media/NFS/ttao/scannet/posed_images/scene0229_01/00164.jpg",
      "transform_matrix": [
        [
          0.078535,
          -0.003631,
          -0.996905,
          3.484414
        ],
        [
          0.996303,
          0.035207,
          0.07836,
          3.421578
        ],
        [
          0.034813,
          -0.999374,
          0.006382,
          1.560242
        ],
        [
          0.0,
          0.0,
          0.0,
          1.0
        ]
      ]
    },
    {
      "file_path": "/media/NFS/ttao/scannet/posed_images/scene0229_01/00168.jpg",
      "transform_matrix": [
        [
          0.074326,
          0.024618,
          -0.99693,
          3.389748
        ],
        [
          0.996726,
          0.030075,
          0.075053,
          3.470824
        ],
        [
          0.03183,
          -0.999244,
          -0.022302,
          1.551684
        ],
        [
          0.0,
          0.0,
          0.0,
          1.0
        ]
      ]
    },
    {
      "file_path": "/media/NFS/ttao/scannet/posed_images/scene0229_01/00170.jpg",
      "transform_matrix": [
        [
          0.068008,
          0.046621,
          -0.996595,
          3.325074
        ],
        [
          0.996605,
          0.043288,
          0.070034,
          3.49227
        ],
        [
          0.046405,
          -0.997974,
          -0.043518,
          1.54416
        ],
        [
          0.0,
          0.0,
          0.0,
          1.0
        ]
      ]
    },
    {
      "file_path": "/media/NFS/ttao/scannet/posed_images/scene0229_01/00174.jpg",
      "transform_matrix": [
        [
          0.00899,
          0.004919,
          -0.999947,
          3.257631
        ],
        [
          0.999763,
          0.019792,
          0.009085,
          3.556332
        ],
        [
          0.019836,
          -0.999792,
          -0.00474,
          1.537469
        ],
        [
          0.0,
          0.0,
          0.0,
          1.0
        ]
      ]
    },
    {
      "file_path": "/media/NFS/ttao/scannet/posed_images/scene0229_01/00175.jpg",
      "transform_matrix": [
        [
          -0.036349,
          -0.002183,
          -0.999337,
          3.225509
        ],
        [
          0.999335,
          0.002702,
          -0.036355,
          3.593329
        ],
        [
          0.00278,
          -0.999994,
          0.002083,
          1.546281
        ],
        [
          0.0,
          0.0,
          0.0,
          1.0
        ]
      ]
    },
    {
      "file_path": "/media/NFS/ttao/scannet/posed_images/scene0229_01/00181.jpg",
      "transform_matrix": [
        [
          -0.180891,
          -0.047396,
          -0.982361,
          3.09618
        ],
        [
          0.983206,
          -0.03329,
          -0.17944,
          3.710014
        ],
        [
          -0.024198,
          -0.998321,
          0.052622,
          1.564347
        ],
        [
          0.0,
          0.0,
          0.0,
          1.0
        ]
      ]
    },
    {
      "file_path": "/media/NFS/ttao/scannet/posed_images/scene0229_01/00182.jpg",
      "transform_matrix": [
        [
          -0.188146,
          -0.050109,
          -0.980862,
          3.077618
        ],
        [
          0.98189,
          -0.03219,
          -0.186699,
          3.717952
        ],
        [
          -0.022218,
          -0.998225,
          0.055258,
          1.565221
        ],
        [
          0.0,
          0.0,
          0.0,
          1.0
        ]
      ]
    },
    {
      "file_path": "/media/NFS/ttao/scannet/posed_images/scene0229_01/00185.jpg",
      "transform_matrix": [
        [
          -0.213995,
          -0.079604,
          -0.973586,
          3.003853
        ],
        [
          0.976434,
          -0.045985,
          -0.210861,
          3.719617
        ],
        [
          -0.027985,
          -0.995765,
          0.087568,
          1.557515
        ],
        [
          0.0,
          0.0,
          0.0,
          1.0
        ]
      ]
    },
    {
      "file_path": "/media/NFS/ttao/scannet/posed_images/scene0229_01/00191.jpg",
      "transform_matrix": [
        [
          -0.30655,
          -0.17948,
          -0.93478,
          2.896064
        ],
        [
          0.951469,
          -0.085745,
          -0.29556,
          3.768717
        ],
        [
          -0.027105,
          -0.980018,
          0.197055,
          1.588067
        ],
        [
          0.0,
          0.0,
          0.0,
          1.0
        ]
      ]
    },
    {
      "file_path": "/media/NFS/ttao/scannet/posed_images/scene0229_01/00193.jpg",
      "transform_matrix": [
        [
          -0.32013,
          -0.211101,
          -0.923555,
          2.87414
        ],
        [
          0.947052,
          -0.096737,
          -0.306163,
          3.772243
        ],
        [
          -0.024711,
          -0.972665,
          0.230892,
          1.59307
        ],
        [
          0.0,
          0.0,
          0.0,
          1.0
        ]
      ]
    },
    {
      "file_path": "/media/NFS/ttao/scannet/posed_images/scene0229_01/00199.jpg",
      "transform_matrix": [
        [
          -0.413042,
          -0.233713,
          -0.880212,
          2.808127
        ],
        [
          0.910712,
          -0.105996,
          -0.39921,
          3.823306
        ],
        [
          2e-06,
          -0.966511,
          0.256626,
          1.630975
        ],
        [
          0.0,
          0.0,
          0.0,
          1.0
        ]
      ]
    },
    {
      "file_path": "/media/NFS/ttao/scannet/posed_images/scene0229_01/00200.jpg",
      "transform_matrix": [
        [
          -0.455053,
          -0.233115,
          -0.859409,
          2.782758
        ],
        [
          0.890361,
          -0.104446,
          -0.443112,
          3.855554
        ],
        [
          0.013534,
          -0.966824,
          0.255085,
          1.637762
        ],
        [
          0.0,
          0.0,
          0.0,
          1.0
        ]
      ]
    },
    {
      "file_path": "/media/NFS/ttao/scannet/posed_images/scene0229_01/00203.jpg",
      "transform_matrix": [
        [
          -0.540407,
          -0.227511,
          -0.810061,
          2.75037
        ],
        [
          0.840696,
          -0.106517,
          -0.530928,
          3.904229
        ],
        [
          0.034507,
          -0.967932,
          0.24883,
          1.637689
        ],
        [
          0.0,
          0.0,
          0.0,
          1.0
        ]
      ]
    },
    {
      "file_path": "/media/NFS/ttao/scannet/posed_images/scene0229_01/00206.jpg",
      "transform_matrix": [
        [
          -0.652274,
          -0.226109,
          -0.723473,
          2.707542
        ],
        [
          0.753518,
          -0.089981,
          -0.65124,
          3.975304
        ],
        [
          0.082153,
          -0.969937,
          0.229069,
          1.638628
        ],
        [
          0.0,
          0.0,
          0.0,
          1.0
        ]
      ]
    },
    {
      "file_path": "/media/NFS/ttao/scannet/posed_images/scene0229_01/00210.jpg",
      "transform_matrix": [
        [
          -0.745783,
          -0.233934,
          -0.623764,
          2.669722
        ],
        [
          0.650758,
          -0.055465,
          -0.757256,
          4.028916
        ],
        [
          0.142551,
          -0.970669,
          0.193599,
          1.609707
        ],
        [
          0.0,
          0.0,
          0.0,
          1.0
        ]
      ]
    },
    {
      "file_path": "/media/NFS/ttao/scannet/posed_images/scene0229_01/00215.jpg",
      "transform_matrix": [
        [
          -0.814917,
          -0.21523,
          -0.538131,
          2.662745
        ],
        [
          0.555762,
          -0.026765,
          -0.830911,
          4.068658
        ],
        [
          0.164433,
          -0.976197,
          0.141428,
          1.590086
        ],
        [
          0.0,
          0.0,
          0.0,
          1.0
        ]
      ]
    },
    {
      "file_path": "/media/NFS/ttao/scannet/posed_images/scene0229_01/00217.jpg",
      "transform_matrix": [
        [
          -0.83134,
          -0.201952,
          -0.517773,
          2.660431
        ],
        [
          0.531102,
          -0.014237,
          -0.847188,
          4.07604
        ],
        [
          0.16372,
          -0.979292,
          0.119093,
          1.586001
        ],
        [
          0.0,
          0.0,
          0.0,
          1.0
        ]
      ]
    },
    {
      "file_path": "/media/NFS/ttao/scannet/posed_images/scene0229_01/00223.jpg",
      "transform_matrix": [
        [
          -0.882497,
          -0.142409,
          -0.44824,
          2.639405
        ],
        [
          0.448369,
          0.033012,
          -0.893239,
          4.074005
        ],
        [
          0.142003,
          -0.989257,
          0.034719,
          1.56302
        ],
        [
          0.0,
          0.0,
          0.0,
          1.0
        ]
      ]
    },
    {
      "file_path": "/media/NFS/ttao/scannet/posed_images/scene0229_01/00226.jpg",
      "transform_matrix": [
        [
          -0.899498,
          -0.119192,
          -0.420352,
          2.633647
        ],
        [
          0.413465,
          0.078797,
          -0.907104,
          4.077888
        ],
        [
          0.141242,
          -0.98974,
          -0.021597,
          1.538175
        ],
        [
          0.0,
          0.0,
          0.0,
          1.0
        ]
      ]
    },
    {
      "file_path": "/media/NFS/ttao/scannet/posed_images/scene0229_01/00230.jpg",
      "transform_matrix": [
        [
          -0.890701,
          -0.046938,
          -0.45216,
          2.724382
        ],
        [
          0.446896,
          0.091817,
          -0.889862,
          4.026752
        ],
        [
          0.083284,
          -0.994669,
          -0.060805,
          1.477354
        ],
        [
          0.0,
          0.0,
          0.0,
          1.0
        ]
      ]
    },
    {
      "file_path": "/media/NFS/ttao/scannet/posed_images/scene0229_01/00231.jpg",
      "transform_matrix": [
        [
          -0.891809,
          -0.033791,
          -0.451148,
          2.724077
        ],
        [
          0.445354,
          0.10988,
          -0.888587,
          4.024273
        ],
        [
          0.079599,
          -0.99337,
          -0.082943,
          1.473829
        ],
        [
          0.0,
          0.0,
          0.0,
          1.0
        ]
      ]
    },
    {
      "file_path": "/media/NFS/ttao/scannet/posed_images/scene0229_01/00236.jpg",
      "transform_matrix": [
        [
          -0.912119,
          0.00658,
          -0.409871,
          2.720008
        ],
        [
          0.402915,
          0.198502,
          -0.893452,
          4.011589
        ],
        [
          0.075481,
          -0.980078,
          -0.183709,
          1.434255
        ],
        [
          0.0,
          0.0,
          0.0,
          1.0
        ]
      ]
    },
    {
      "file_path": "/media/NFS/ttao/scannet/posed_images/scene0229_01/00240.jpg",
      "transform_matrix": [
        [
          -0.912775,
          0.082529,
          -0.400039,
          2.750927
        ],
        [
          0.405875,
          0.293341,
          -0.865573,
          3.968668
        ],
        [
          0.045913,
          -0.952439,
          -0.301251,
          1.422899
        ],
        [
          0.0,
          0.0,
          0.0,
          1.0
        ]
      ]
    },
    {
      "file_path": "/media/NFS/ttao/scannet/posed_images/scene0229_01/00241.jpg",
      "transform_matrix": [
        [
          -0.916842,
          0.093291,
          -0.388197,
          2.745382
        ],
        [
          0.397096,
          0.313939,
          -0.862414,
          3.965488
        ],
        [
          0.041415,
          -0.944849,
          -0.324878,
          1.415726
        ],
        [
          0.0,
          0.0,
          0.0,
          1.0
        ]
      ]
    },
    {
      "file_path": "/media/NFS/ttao/scannet/posed_images/scene0229_01/00246.jpg",
      "transform_matrix": [
        [
          -0.92802,
          0.140951,
          -0.344835,
          2.734746
        ],
        [
          0.371719,
          0.411426,
          -0.832198,
          3.954667
        ],
        [
          0.024575,
          -0.900478,
          -0.434206,
          1.393158
        ],
        [
          0.0,
          0.0,
          0.0,
          1.0
        ]
      ]
    },
    {
      "file_path": "/media/NFS/ttao/scannet/posed_images/scene0229_01/00250.jpg",
      "transform_matrix": [
        [
          -0.926356,
          0.173116,
          -0.334507,
          2.749009
        ],
        [
          0.375852,
          0.482597,
          -0.791097,
          3.931528
        ],
        [
          0.024481,
          -0.858563,
          -0.512123,
          1.392215
        ],
        [
          0.0,
          0.0,
          0.0,
          1.0
        ]
      ]
    },
    {
      "file_path": "/media/NFS/ttao/scannet/posed_images/scene0229_01/00252.jpg",
      "transform_matrix": [
        [
          -0.927622,
          0.17798,
          -0.328391,
          2.748045
        ],
        [
          0.372652,
          0.500902,
          -0.781171,
          3.933191
        ],
        [
          0.025459,
          -0.847006,
          -0.530973,
          1.382281
        ],
        [
          0.0,
          0.0,
          0.0,
          1.0
        ]
      ]
    },
    {
      "file_path": "/media/NFS/ttao/scannet/posed_images/scene0229_01/00257.jpg",
      "transform_matrix": [
        [
          -0.934067,
          0.190155,
          -0.302256,
          2.745416
        ],
        [
          0.356236,
          0.55493,
          -0.751764,
          3.93145
        ],
        [
          0.024779,
          -0.809873,
          -0.586082,
          1.356371
        ],
        [
          0.0,
          0.0,
          0.0,
          1.0
        ]
      ]
    },
    {
      "file_path": "/media/NFS/ttao/scannet/posed_images/scene0229_01/00260.jpg",
      "transform_matrix": [
        [
          -0.943863,
          0.183772,
          -0.2745,
          2.760374
        ],
        [
          0.329375,
          0.586925,
          -0.739616,
          3.920548
        ],
        [
          0.02519,
          -0.78851,
          -0.614507,
          1.354989
        ],
        [
          0.0,
          0.0,
          0.0,
          1.0
        ]
      ]
    },
    {
      "file_path": "/media/NFS/ttao/scannet/posed_images/scene0229_01/00264.jpg",
      "transform_matrix": [
        [
          -0.959668,
          0.168938,
          -0.224716,
          2.759292
        ],
        [
          0.280726,
          0.619009,
          -0.733499,
          3.922508
        ],
        [
          0.015186,
          -0.766999,
          -0.641468,
          1.342171
        ],
        [
          0.0,
          0.0,
          0.0,
          1.0
        ]
      ]
    },
    {
      "file_path": "/media/NFS/ttao/scannet/posed_images/scene0229_01/00266.jpg",
      "transform_matrix": [
        [
          -0.971654,
          0.158516,
          -0.175385,
          2.754342
        ],
        [
          0.236325,
          0.632037,
          -0.738024,
          3.927414
        ],
        [
          -0.006138,
          -0.758552,
          -0.651583,
          1.334851
        ],
        [
          0.0,
