{
  "frames": [
    {
      "file_path": "/media/NFS/ttao/scannet/posed_images/scene0561_01/00000.jpg",
      "transform_matrix": [
        [
          -0.230544,
          -0.4974,
          0.836327,
          2.146785
        ],
        [
          -0.972953,
          0.13072,
          -0.190461,
          3.957237
        ],
        [
          -0.01459,
          -0.857616,
          -0.514084,
          3.921469
        ],
        [
          0.0,
          0.0,
          0.0,
          1.0
        ]
      ]
    },
    {
      "file_path": "/media/NFS/ttao/scannet/posed_images/scene0561_01/00005.jpg",
      "transform_matrix": [
        [
          -0.286453,
          -0.49495,
          0.820347,
          2.134115
        ],
        [
          -0.958049,
          0.139659,
          -0.250275,
          3.960153
        ],
        [
          0.009305,
          -0.857624,
          -0.514192,
          3.907672
        ],
        [
          0.0,
          0.0,
          0.0,
          1.0
        ]
      ]
    },
    {
      "file_path": "/media/NFS/ttao/scannet/posed_images/scene0561_01/00013.jpg",
      "transform_matrix": [
        [
          -0.32491,
          -0.492033,
          0.807674,
          2.059285
        ],
        [
          -0.944987,
          0.134709,
          -0.298084,
          3.845047
        ],
        [
          0.037866,
          -0.860092,
          -0.508732,
          3.874445
        ],
        [
          0.0,
          0.0,
          0.0,
          1.0
        ]
      ]
    },
    {
      "file_path": "/media/NFS/ttao/scannet/posed_images/scene0561_01/00020.jpg",
      "transform_matrix": [
        [
          -0.384335,
          -0.467396,
          0.796133,
          2.065045
        ],
        [
          -0.921345,
          0.139644,
          -0.362798,
          3.852622
        ],
        [
          0.058395,
          -0.872949,
          -0.484303,
          3.88783
        ],
        [
          0.0,
          0.0,
          0.0,
          1.0
        ]
      ]
    },
    {
      "file_path": "/media/NFS/ttao/scannet/posed_images/scene0561_01/00023.jpg",
      "transform_matrix": [
        [
          -0.386498,
          -0.45589,
          0.801738,
          2.053783
        ],
        [
          -0.920726,
          0.140119,
          -0.364183,
          3.835042
        ],
        [
          0.053689,
          -0.878937,
          -0.473906,
          3.885592
        ],
        [
          0.0,
          0.0,
          0.0,
          1.0
        ]
      ]
    },
    {
      "file_path": "/media/NFS/ttao/scannet/posed_images/scene0561_01/00026.jpg",
      "transform_matrix": [
        [
          -0.400977,
          -0.461626,
          0.791277,
          2.046117
        ],
        [
          -0.914442,
          0.149938,
          -0.375918,
          3.814166
        ],
        [
          0.054891,
          -0.874311,
          -0.482252,
          3.877576
        ],
        [
          0.0,
          0.0,
          0.0,
          1.0
        ]
      ]
    },
    {
      "file_path": "/media/NFS/ttao/scannet/posed_images/scene0561_01/00034.jpg",
      "transform_matrix": [
        [
          -0.453013,
          -0.480327,
          0.751042,
          2.024492
        ],
        [
          -0.889625,
          0.188895,
          -0.415796,
          3.76126
        ],
        [
          0.05785,
          -0.856507,
          -0.512883,
          3.844132
        ],
        [
          0.0,
          0.0,
          0.0,
          1.0
        ]
      ]
    },
    {
      "file_path": "/media/NFS/ttao/scannet/posed_images/scene0561_01/00041.jpg",
      "transform_matrix": [
        [
          -0.498889,
          -0.529307,
          0.686254,
          2.00578
        ],
        [
          -0.862989,
          0.230537,
          -0.449558,
          3.699664
        ],
        [
          0.079748,
          -0.816509,
          -0.571798,
          3.821328
        ],
        [
          0.0,
          0.0,
          0.0,
          1.0
        ]
      ]
    },
    {
      "file_path": "/media/NFS/ttao/scannet/posed_images/scene0561_01/00043.jpg",
      "transform_matrix": [
        [
          -0.518093,
          -0.533982,
          0.668164,
          2.003805
        ],
        [
          -0.851442,
          0.247637,
          -0.462301,
          3.681806
        ],
        [
          0.081398,
          -0.808418,
          -0.582954,
          3.82443
        ],
        [
          0.0,
          0.0,
          0.0,
          1.0
        ]
      ]
    },
    {
      "file_path": "/media/NFS/ttao/scannet/posed_images/scene0561_01/00048.jpg",
      "transform_matrix": [
        [
          -0.571131,
          -0.543795,
          0.614896,
          2.004081
        ],
        [
          -0.813854,
          0.277474,
          -0.510539,
          3.656641
        ],
        [
          0.10701,
          -0.79202,
          -0.601043,
          3.826475
        ],
        [
          0.0,
          0.0,
          0.0,
          1.0
        ]
      ]
    },
    {
      "file_path": "/media/NFS/ttao/scannet/posed_images/scene0561_01/00054.jpg",
      "transform_matrix": [
        [
          -0.631023,
          -0.51621,
          0.579084,
          1.981827
        ],
        [
          -0.76729,
          0.305279,
          -0.563977,
          3.613895
        ],
        [
          0.114348,
          -0.800208,
          -0.588721,
          3.841335
        ],
        [
          0.0,
          0.0,
          0.0,
          1.0
        ]
      ]
    },
    {
      "file_path": "/media/NFS/ttao/scannet/posed_images/scene0561_01/00062.jpg",
      "transform_matrix": [
        [
          -0.757754,
          -0.422024,
          0.497699,
          1.962945
        ],
        [
          -0.642197,
          0.347045,
          -0.683478,
          3.629462
        ],
        [
          0.11572,
          -0.83753,
          -0.533997,
          3.852309
        ],
        [
          0.0,
          0.0,
          0.0,
          1.0
        ]
      ]
    },
    {
      "file_path": "/media/NFS/ttao/scannet/posed_images/scene0561_01/00064.jpg",
      "transform_matrix": [
        [
          -0.788989,
          -0.399087,
          0.467146,
          1.971141
        ],
        [
          -0.604101,
          0.365217,
          -0.708292,
          3.641264
        ],
        [
          0.11206,
          -0.841039,
          -0.529241,
          3.864451
        ],
        [
          0.0,
          0.0,
          0.0,
          1.0
        ]
      ]
    },
    {
      "file_path": "/media/NFS/ttao/scannet/posed_images/scene0561_01/00074.jpg",
      "transform_matrix": [
        [
          -0.870627,
          -0.273453,
          0.40894,
          1.981607
        ],
        [
          -0.4854,
          0.342388,
          -0.80446,
          3.733171
        ],
        [
          0.079966,
          -0.898885,
          -0.430827,
          3.924233
        ],
        [
          0.0,
          0.0,
          0.0,
          1.0
        ]
      ]
    },
    {
      "file_path": "/media/NFS/ttao/scannet/posed_images/scene0561_01/00076.jpg",
      "transform_matrix": [
        [
          -0.870894,
          -0.264928,
          0.413953,
          1.984362
        ],
        [
          -0.484918,
          0.326106,
          -0.811486,
          3.751098
        ],
        [
          0.079993,
          -0.907451,
          -0.412472,
          3.932938
        ],
        [
          0.0,
          0.0,
          0.0,
          1.0
        ]
      ]
    },
    {
      "file_path": "/media/NFS/ttao/scannet/posed_images/scene0561_01/00080.jpg",
      "transform_matrix": [
        [
          -0.86242,
          -0.237623,
          0.446954,
          1.978957
        ],
        [
          -0.502055,
          0.288861,
          -0.815168,
          3.763698
        ],
        [
          0.064595,
          -0.927413,
          -0.36842,
          3.982522
        ],
        [
          0.0,
          0.0,
          0.0,
          1.0
        ]
      ]
    },
    {
      "file_path": "/media/NFS/ttao/scannet/posed_images/scene0561_01/00089.jpg",
      "transform_matrix": [
        [
          -0.811437,
          -0.184982,
          0.554393,
          1.964701
        ],
        [
          -0.579406,
          0.130378,
          -0.804544,
          3.79997
        ],
        [
          0.076545,
          -0.974055,
          -0.212973,
          4.046451
        ],
        [
          0.0,
          0.0,
          0.0,
          1.0
        ]
      ]
    },
    {
      "file_path": "/media/NFS/ttao/scannet/posed_images/scene0561_01/00094.jpg",
      "transform_matrix": [
        [
          -0.801807,
          -0.157711,
          0.576396,
          1.991915
        ],
        [
          -0.593408,
          0.096315,
          -0.799118,
          3.81646
        ],
        [
          0.070514,
          -0.982777,
          -0.170813,
          4.071572
        ],
        [
          0.0,
          0.0,
          0.0,
          1.0
        ]
      ]
    },
    {
      "file_path": "/media/NFS/ttao/scannet/posed_images/scene0561_01/00100.jpg",
      "transform_matrix": [
        [
          -0.79292,
          -0.126615,
          0.596026,
          2.006737
        ],
        [
          -0.605651,
          0.056514,
          -0.79372,
          3.82675
        ],
        [
          0.066813,
          -0.990341,
          -0.121495,
          4.08133
        ],
        [
          0.0,
          0.0,
          0.0,
          1.0
        ]
      ]
    },
    {
      "file_path": "/media/NFS/ttao/scannet/posed_images/scene0561_01/00107.jpg",
      "transform_matrix": [
        [
          -0.770342,
          -0.09042,
          0.631187,
          2.015756
        ],
        [
          -0.634286,
          0.007408,
          -0.773062,
          3.824553
        ],
        [
          0.065224,
          -0.995876,
          -0.063059,
          4.099093
        ],
        [
          0.0,
          0.0,
          0.0,
          1.0
        ]
      ]
    },
    {
      "file_path": "/media/NFS/ttao/scannet/posed_images/scene0561_01/00112.jpg",
      "transform_matrix": [
        [
          -0.732355,
          -0.035441,
          0.68,
          2.020302
        ],
        [
          -0.67902,
          -0.036611,
          -0.733206,
          3.824604
        ],
        [
          0.050881,
          -0.998701,
          0.002747,
          4.105524
        ],
        [
          0.0,
          0.0,
          0.0,
          1.0
        ]
      ]
    },
    {
      "file_path": "/media/NFS/ttao/scannet/posed_images/scene0561_01/00118.jpg",
      "transform_matrix": [
        [
          -0.711304,
          0.001248,
          0.702883,
          2.02764
        ],
        [
          -0.701621,
          -0.061174,
          -0.709919,
          3.800388
        ],
        [
          0.042112,
          -0.998126,
          0.044389,
          4.116384
        ],
        [
          0.0,
          0.0,
          0.0,
          1.0
        ]
      ]
    },
    {
      "file_path": "/media/NFS/ttao/scannet/posed_images/scene0561_01/00120.jpg",
      "transform_matrix": [
        [
          -0.705184,
          0.012717,
          0.70891,
          2.030812
        ],
        [
          -0.707958,
          -0.067436,
          -0.703027,
          3.790463
        ],
        [
          0.038865,
          -0.997642,
          0.056558,
          4.123461
        ],
        [
          0.0,
          0.0,
          0.0,
          1.0
        ]
      ]
    },
    {
      "file_path": "/media/NFS/ttao/scannet/posed_images/scene0561_01/00126.jpg",
      "transform_matrix": [
        [
          -0.648156,
          0.042635,
          0.760313,
          2.041337
        ],
        [
          -0.760238,
          -0.093847,
          -0.64283,
          3.749861
        ],
        [
          0.043946,
          -0.994673,
          0.09324,
          4.149862
        ],
        [
          0.0,
          0.0,
          0.0,
          1.0
        ]
      ]
    },
    {
      "file_path": "/media/NFS/ttao/scannet/posed_images/scene0561_01/00133.jpg",
      "transform_matrix": [
        [
          -0.570677,
          0.057627,
          0.81915,
          2.070201
        ],
        [
          -0.819012,
          -0.11229,
          -0.562681,
          3.693427
        ],
        [
          0.059557,
          -0.992003,
          0.111279,
          4.15309
        ],
        [
          0.0,
          0.0,
          0.0,
          1.0
        ]
      ]
    },
    {
      "file_path": "/media/NFS/ttao/scannet/posed_images/scene0561_01/00136.jpg",
      "transform_matrix": [
        [
          -0.527196,
          0.046918,
          0.848448,
          2.086416
        ],
        [
          -0.846674,
          -0.113795,
          -0.519801,
          3.664764
        ],
        [
          0.072161,
          -0.992396,
          0.099716,
          4.153576
        ],
        [
          0.0,
          0.0,
          0.0,
          1.0
        ]
      ]
    },
    {
      "file_path": "/media/NFS/ttao/scannet/posed_images/scene0561_01/00141.jpg",
      "transform_matrix": [
        [
          -0.440031,
          0.029911,
          0.897485,
          2.112723
        ],
        [
          -0.894543,
          -0.101997,
          -0.435189,
          3.626394
        ],
        [
          0.078524,
          -0.994335,
          0.071638,
          4.14297
        ],
        [
          0.0,
          0.0,
          0.0,
          1.0
        ]
      ]
    },
    {
      "file_path": "/media/NFS/ttao/scannet/posed_images/scene0561_01/00149.jpg",
      "transform_matrix": [
        [
          -0.29595,
          0.010122,
          0.95515,
          2.168328
        ],
        [
          -0.953614,
          -0.060788,
          -0.29483,
          3.546527
        ],
        [
          0.055078,
          -0.998099,
          0.027643,
          4.10906
        ],
        [
          0.0,
          0.0,
          0.0,
          1.0
        ]
      ]
    },
    {
      "file_path": "/media/NFS/ttao/scannet/posed_images/scene0561_01/00154.jpg",
      "transform_matrix": [
        [
          -0.218295,
          0.001635,
          0.975882,
          2.222094
        ],
        [
          -0.975662,
          -0.021659,
          -0.218209,
          3.507892
        ],
        [
          0.02078,
          -0.999764,
          0.006323,
          4.109941
        ],
        [
          0.0,
          0.0,
          0.0,
          1.0
        ]
      ]
    },
    {
      "file_path": "/media/NFS/ttao/scannet/posed_images/scene0561_01/00158.jpg",
      "transform_matrix": [
        [
          -0.141179,
          0.030113,
          0.989526,
          2.270711
        ],
        [
          -0.989983,
          -0.005499,
          -0.141077,
          3.464397
        ],
        [
          0.001194,
          -0.999531,
          0.030588,
          4.087028
        ],
        [
          0.0,
          0.0,
          0.0,
          1.0
        ]
      ]
    },
    {
      "file_path": "/media/NFS/ttao/scannet/posed_images/scene0561_01/00167.jpg",
      "transform_matrix": [
        [
          -0.038806,
          0.069603,
          0.99682,
          2.409805
        ],
        [
          -0.999145,
          -0.016947,
          -0.037713,
          3.435073
        ],
        [
          0.014268,
          -0.997431,
          0.070202,
          4.093604
        ],
        [
          0.0,
          0.0,
          0.0,
          1.0
        ]
      ]
    },
    {
      "file_path": "/media/NFS/ttao/scannet/posed_images/scene0561_01/00169.jpg",
      "transform_matrix": [
        [
          -0.019466,
          0.074273,
          0.997048,
          2.4334
        ],
        [
          -0.999533,
          -0.024954,
          -0.017656,
          3.421701
        ],
        [
          0.023569,
          -0.996926,
          0.074724,
          4.095525
        ],
        [
          0.0,
          0.0,
          0.0,
          1.0
        ]
      ]
    },
    {
      "file_path": "/media/NFS/ttao/scannet/posed_images/scene0561_01/00174.jpg",
      "transform_matrix": [
        [
          0.030883,
          0.07979,
          0.996333,
          2.479118
        ],
        [
          -0.999322,
          -0.017519,
          0.032379,
          3.408851
        ],
        [
          0.020038,
          -0.996658,
          0.079195,
          4.1116
        ],
        [
          0.0,
          0.0,
          0.0,
          1.0
        ]
      ]
    },
    {
      "file_path": "/media/NFS/ttao/scannet/posed_images/scene0561_01/00179.jpg",
      "transform_matrix": [
        [
          0.117903,
          0.084459,
          0.989427,
          2.510358
        ],
        [
          -0.993021,
          0.007153,
          0.117721,
          3.354042
        ],
        [
          0.002865,
          -0.996401,
          0.084713,
          4.110708
        ],
        [
          0.0,
          0.0,
          0.0,
          1.0
        ]
      ]
    },
    {
      "file_path": "/media/NFS/ttao/scannet/posed_images/scene0561_01/00187.jpg",
      "transform_matrix": [
        [
          0.276323,
          0.024826,
          0.960744,
          2.567245
        ],
        [
          -0.960842,
          -0.014404,
          0.276723,
          3.258015
        ],
        [
          0.020708,
          -0.999588,
          0.019874,
          4.108701
        ],
        [
          0.0,
          0.0,
          0.0,
          1.0
        ]
      ]
    },
    {
      "file_path": "/media/NFS/ttao/scannet/posed_images/scene0561_01/00192.jpg",
      "transform_matrix": [
        [
          0.331013,
          -0.04149,
          0.942713,
          2.580089
        ],
        [
          -0.942585,
          -0.061444,
          0.328264,
          3.239297
        ],
        [
          0.044305,
          -0.997248,
          -0.059447,
          4.086867
        ],
        [
          0.0,
          0.0,
          0.0,
          1.0
        ]
      ]
    },
    {
      "file_path": "/media/NFS/ttao/scannet/posed_images/scene0561_01/00200.jpg",
      "transform_matrix": [
        [
          0.453576,
          -0.15668,
          0.877337,
          2.632273
        ],
        [
          -0.891041,
          -0.060097,
          0.449928,
          3.140209
        ],
        [
          -0.017769,
          -0.985819,
          -0.166867,
          3.987897
        ],
        [
          0.0,
          0.0,
          0.0,
          1.0
        ]
      ]
    },
    {
      "file_path": "/media/NFS/ttao/scannet/posed_images/scene0561_01/00205.jpg",
      "transform_matrix": [
        [
          0.502523,
          -0.225248,
          0.834706,
          2.693483
        ],
        [
          -0.863893,
          -0.092796,
          0.495054,
          3.092912
        ],
        [
          -0.034052,
          -0.969872,
          -0.241222,
          3.958385
        ],
        [
          0.0,
          0.0,
          0.0,
          1.0
        ]
      ]
    },
    {
      "file_path": "/media/NFS/ttao/scannet/posed_images/scene0561_01/00207.jpg",
      "transform_matrix": [
        [
          0.506943,
          -0.249337,
          0.82513,
          2.714949
        ],
        [
          -0.861672,
          -0.121014,
          0.492825,
          3.098457
        ],
        [
          -0.023027,
          -0.960826,
          -0.276194,
          3.955681
        ],
        [
          0.0,
          0.0,
          0.0,
          1.0
        ]
      ]
    },
    {
      "file_path": "/media/NFS/ttao/scannet/posed_images/scene0561_01/00215.jpg",
      "transform_matrix": [
        [
          0.545802,
          -0.31065,
          0.778201,
          2.771422
        ],
        [
          -0.836408,
          -0.146326,
          0.528214,
          3.072146
        ],
        [
          -0.050219,
          -0.939194,
          -0.339695,
          3.82366
        ],
        [
          0.0,
          0.0,
          0.0,
          1.0
        ]
      ]
    },
    {
      "file_path": "/media/NFS/ttao/scannet/posed_images/scene0561_01/00222.jpg",
      "transform_matrix": [
        [
          0.546041,
          -0.383639,
          0.744755,
          2.818891
        ],
        [
          -0.833596,
          -0.160304,
          0.528602,
          3.041004
        ],
        [
          -0.083405,
          -0.909464,
          -0.407332,
          3.795905
        ],
        [
          0.0,
          0.0,
          0.0,
          1.0
        ]
      ]
    },
    {
      "file_path": "/media/NFS/ttao/scannet/posed_images/scene0561_01/00225.jpg",
      "transform_matrix": [
        [
          0.555656,
          -0.402298,
          0.727601,
          2.82451
        ],
        [
          -0.825933,
          -0.166791,
          0.53853,
          3.020849
        ],
        [
          -0.095292,
          -0.900187,
          -0.424949,
          3.781236
        ],
        [
          0.0,
          0.0,
          0.0,
          1.0
        ]
      ]
    },
    {
      "file_path": "/media/NFS/ttao/scannet/posed_images/scene0561_01/00233.jpg",
      "transform_matrix": [
        [
          0.610095,
          -0.457851,
          0.64665,
          2.838409
        ],
        [
          -0.786123,
          -0.247842,
          0.566202,
          2.920627
        ],
        [
          -0.098969,
          -0.853784,
          -0.511134,
          3.732724
        ],
        [
          0.0,
          0.0,
          0.0,
          1.0
        ]
      ]
    },
    {
      "file_path": "/media/NFS/ttao/scannet/posed_images/scene0561_01/00238.jpg",
      "transform_matrix": [
        [
          0.627461,
          -0.49227,
          0.603293,
          2.842344
        ],
        [
          -0.775948,
          -0.330852,
          0.537067,
          2.885449
        ],
        [
          -0.064782,
          -0.805113,
          -0.589573,
          3.71456
        ],
        [
          0.0,
          0.0,
          0.0,
          1.0
        ]
      ]
    },
    {
      "file_path": "/media/NFS/ttao/scannet/posed_images/scene0561_01/00240.jpg",
      "transform_matrix": [
        [
          0.641473,
          -0.495257,
          0.585861,
          2.858707
        ],
        [
          -0.764485,
          -0.349137,
          0.541909,
          2.85858
        ],
        [
          -0.063839,
          -0.795502,
          -0.602579,
          3.715806
        ],
        [
          0.0,
          0.0,
          0.0,
          1.0
        ]
      ]
    },
    {
      "file_path": "/media/NFS/ttao/scannet/posed_images/scene0561_01/00246.jpg",
      "transform_matrix": [
        [
          0.655428,
          -0.518009,
          0.549619,
          2.852612
        ],
        [
          -0.7515,
          -0.374796,
          0.542932,
          2.82337
        ],
        [
          -0.075249,
          -0.768892,
          -0.634936,
          3.690219
        ],
        [
          0.0,
          0.0,
          0.0,
          1.0
        ]
      ]
    },
    {
      "file_path": "/media/NFS/ttao/scannet/posed_images/scene0561_01/00255.jpg",
      "transform_matrix": [
        [
          0.727332,
          -0.511888,
          0.45712,
          2.87282
        ],
        [
          -0.677391,
          -0.42858,
          0.59788,
          2.812233
        ],
        [
          -0.110136,
          -0.744506,
          -0.658469,
          3.688953
        ],
        [
          0.0,
          0.0,
          0.0,
          1.0
        ]
      ]
    },
    {
      "file_path": "/media/NFS/ttao/scannet/posed_images/scene0561_01/00258.jpg",
      "transform_matrix": [
        [
          0.753672,
          -0.498529,
          0.428307,
          2.882541
        ],
        [
          -0.646084,
          -0.442339,
          0.622023,
          2.819219
        ],
        [
          -0.12064,
          -0.745523,
          -0.65547,
          3.688612
        ],
        [
          0.0,
          0.0,
          0.0,
          1.0
        ]
      ]
    },
    {
      "file_path": "/media/NFS/ttao/scannet/posed_images/scene0561_01/00264.jpg",
      "transform_matrix": [
        [
          0.807047,
          -0.4525,
          0.379366,
          2.889654
        ],
        [
          -0.576468,
          -0.464611,
          0.672176,
          2.854953
        ],
        [
          -0.127902,
          -0.76117,
          -0.635815,
          3.684855
        ],
        [
          0.0,
          0.0,
          0.0,
          1.0
        ]
      ]
    },
    {
      "file_path": "/media/NFS/ttao/scannet/posed_images/scene0561_01/00271.jpg",
      "transform_matrix": [
        [
          0.860545,
          -0.384023,
          0.334648,
          2.901397
        ],
        [
          -0.49758,
          -0.493191,
          0.713566,
          2.936889
        ],
        [
          -0.10898,
          -0.78057,
          -0.615495,
          3.69005
        ],
        [
          0.0,
          0.0,
          0.0,
          1.0
        ]
      ]
    },
    {
      "file_path": "/media/NFS/ttao/scannet/posed_images/scene0561_01/00273.jpg",
      "transform_matrix": [
        [
          0.881323,
          -0.355237,
          0.311572,
          2.917174
        ],
        [
          -0.461167,
          -0.503023,
          0.730953,
          2.958062
        ],
        [
          -0.102933,
          -0.787893,
          -0.607149,
          3.693224
        ],
        [
          0.0,
          0.0,
          0.0,
          1.0
        ]
      ]
    },
    {
      "file_path": "/media/NFS/ttao/scannet/posed_images/scene0561_01/00277.jpg",
      "transform_matrix": [
        [
          0.918133,
          -0.293313,
          0.266459,
          2.943385
        ],
        [
          -0.385705,
          -0.507203,
          0.770699,
          3.000744
        ],
        [
          -0.090907,
          -0.810378,
          -0.578811,
          3.705453
        ],
        [
          0.0,
          0.0,
          0.0,
          1.0
        ]
      ]
    },
    {
      "file_path": "/media/NFS/ttao/scannet/posed_images/scene0561_01/00287.jpg",
      "transform_matrix": [
        [
          0.977803,
          -0.191111,
          0.085897,
          2.982295
        ],
        [
          -0.170926,
          -0.490445,
          0.854545,
          3.057336
        ],
        [
          -0.121185,
          -0.850259,
          -0.512225,
          3.732428
        ],
        [
          0.0,
          0.0,
          0.0,
          1.0
        ]
      ]
    },
    {
      "file_path": "/media/NFS/ttao/scannet/posed_images/scene0561_01/00289.jpg",
      "transform_matrix": [
        [
          0.98471,
          -0.1693,
          0.041024,
          3.003212
        ],
        [
          -0.120066,
          -0.488987,
          0.863988,
          3.062531
        ],
        [
          -0.126213,
          -0.855704,
          -0.501838,
          3.73608
        ],
        [
          0.0,
          0.0,
          0.0,
          1.0
        ]
      ]
    },
    {
      "file_path": "/media/NFS/ttao/scannet/posed_images/scene0561_01/00294.jpg",
      "transform_matrix": [
        [
          0.992967,
          -0.09008,
          -0.07683,
          3.054987
        ],
        [
          0.028242,
          -0.449981,
          0.892591,
          3.066286
        ],
        [
          -0.114977,
          -0.888483,
          -0.444272,
          3.73298
        ],
        [
          0.0,
          0.0,
          0.0,
          1.0
        ]
      ]
    },
    {
      "file_path": "/media/NFS/ttao/scannet/posed_images/scene0561_01/00300.jpg",
      "transform_matrix": [
        [
          0.978481,
          -0.025387,
          -0.204771,
          3.082829
        ],
        [
          0.176636,
          -0.409914,
          0.894858,
          3.03727
        ],
        [
          -0.106656,
          -0.911771,
          -0.396609,
          3.735787
        ],
        [
          0.0,
          0.0,
          0.0,
          1.0
        ]
      ]
    },
    {
      "file_path": "/media/NFS/ttao/scannet/posed_images/scene0561_01/00305.jpg",
      "transform_matrix": [
        [
          0.955145,
          0.018677,
          -0.29555,
          3.116088
        ],
        [
          0.280703,
          -0.375109,
          0.883458,
          3.03366
        ],
        [
          -0.094364,
          -0.926792,
          -0.363526,
          3.743476
        ],
        [
          0.0,
          0.0,
          0.0,
          1.0
        ]
      ]
    },
    {
      "file_path": "/media/NFS/ttao/scannet/posed_images/scene0561_01/00312.jpg",
      "transform_matrix": [
        [
          0.91894,
          0.036203,
          -0.392733,
          3.144419
        ],
        [
          0.379739,
          -0.35018,
          0.856255,
          3.044792
        ],
        [
          -0.106528,
          -0.935982,
          -0.335542,
          3.758918
        ],
        [
          0.0,
          0.0,
          0.0,
          1.0
        ]
      ]
    },
    {
      "file_path": "/media/NFS/ttao/scannet/posed_images/scene0561_01/00317.jpg",
      "transform_matrix": [
        [
          0.888883,
          0.059532,
          -0.45425,
          3.169314
        ],
        [
          0.446705,
          -0.332715,
          0.830515,
          3.087946
        ],
        [
          -0.101693,
          -0.941146,
          -0.322338,
          3.767041
        ],
        [
          0.0,
          0.0,
          0.0,
          1.0
        ]
      ]
    },
    {
      "file_path": "/media/NFS/ttao/scannet/posed_images/scene0561_01/00322.jpg",
      "transform_matrix": [
        [
          0.853111,
          0.122904,
          -0.507046,
          3.171264
        ],
        [
          0.518975,
          -0.299629,
          0.800554,
          3.143401
        ],
        [
          -0.053534,
          -0.946106,
          -0.319402,
          3.777906
        ],
        [
          0.0,
          0.0,
          0.0,
          1.0
        ]
      ]
    },
    {
      "file_path": "/media/NFS/ttao/scannet/posed_images/scene0561_01/00327.jpg",
      "transform_matrix": [
        [
          0.79777,
          0.150496,
          -0.583878,
          3.197314
        ],
        [
          0.601939,
          -0.255165,
          0.756677,
          3.204361
        ],
        [
          -0.035109,
          -0.955113,
          -0.294153,
          3.776083
        ],
        [
          0.0,
          0.0,
          0.0,
          1.0
        ]
      ]
    },
    {
      "file_path": "/media/NFS/ttao/scannet/posed_images/scene0561_01/00337.jpg",
      "transform_matrix": [
        [
          0.691585,
          0.175148,
          -0.700738,
          3.234651
        ],
        [
          0.721489,
          -0.213349,
          0.658738,
          3.308312
        ],
        [
          -0.034125,
          -0.961148,
          -0.273916,
          3.808177
        ],
        [
          0.0,
          0.0,
          0.0,
          1.0
        ]
      ]
    },
    {
      "file_path": "/media/NFS/ttao/scannet/posed_images/scene0561_01/00340.jpg",
      "transform_matrix": [
        [
          0.647498,
          0.187525,
          -0.738635,
          3.257453
        ],
        [
          0.76124,
          -0.204319,
          0.615441,
          3.340246
        ],
        [
          -0.035507,
          -0.960775,
          -0.275048,
          3.808565
        ],
        [
          0.0,
          0.0,
          0.0,
          1.0
        ]
      ]
    },
    {
      "file_path": "/media/NFS/ttao/scannet/posed_images/scene0561_01/00345.jpg",
      "transform_matrix": [
        [
          0.569442,
          0.235698,
          -0.787516,
          3.299888
        ],
        [
          0.822011,
          -0.169963,
          0.543517,
          3.381428
        ],
        [
          -0.005742,
          -0.956849,
          -0.290531,
          3.791376
        ],
        [
          0.0,
          0.0,
          0.0,
          1.0
        ]
      ]
    },
    {
      "file_path": "/media/NFS/ttao/scannet/posed_images/scene0561_01/00353.jpg",
      "transform_matrix": [
        [
          0.435224,
          0.336438,
          -0.835099,
          3.36585
        ],
        [
          0.900061,
          -0.140255,
          0.412576,
          3.433778
        ],
        [
          0.02168,
          -0.931202,
          -0.363857,
          3.744866
        ],
        [
          0.0,
          0.0,
          0.0,
          1.0
        ]
      ]
    },
    {
      "file_path": "/media/NFS/ttao/scannet/posed_images/scene0561_01/00356.jpg",
      "transform_matrix": [
        [
          0.389748,
          0.352177,
          -0.850922,
          3.387933
        ],
        [
          0.920922,
          -0.149224,
          0.360049,
          3.464931
        ],
        [
          -0.000177,
          -0.923961,
          -0.382487,
          3.733831
        ],
        [
          0.0,
          0.0,
          0.0,
          1.0
        ]
      ]
    },
    {
      "file_path": "/media/NFS/ttao/scannet/posed_images/scene0561_01/00365.jpg",
      "transform_matrix": [
        [
          0.283556,
          0.369218,
          -0.885028,
          3.402256
        ],
        [
          0.958373,
          -0.141272,
          0.248119,
          3.59566
        ],
        [
          -0.03342,
          -0.918543,
          -0.393906,
          3.738644
        ],
        [
          0.0,
          0.0,
          0.0,
          1.0
        ]
      ]
    },
    {
      "file_path": "/media/NFS/ttao/scannet/posed_images/scene0561_01/00368.jpg",
      "transform_matrix": [
        [
          0.26703,
          0.366816,
          -0.891146,
          3.39492
        ],
        [
          0.963531,
          -0.118342,
          0.240007,
          3.626446
        ],
        [
          -0.017422,
          -0.922735,
          -0.38504,
          3.73858
        ],
        [
          0.0,
          0.0,
          0.0,
          1.0
        ]
      ]
    },
    {
      "file_path": "/media/NFS/ttao/scannet/posed_images/scene0561_01/00371.jpg",
      "transform_matrix": [
        [
          0.236203,
          0.361408,
          -0.901994,
          3.389298
        ],
        [
          0.971624,
          -0.099727,
          0.214479,
          3.669556
        ],
        [
          -0.012438,
          -0.927059,
          -0.374708,
          3.755438
        ],
        [
          0.0,
          0.0,
          0.0,
          1.0
        ]
      ]
    },
    {
      "file_path": "/media/NFS/ttao/scannet/posed_images/scene0561_01/00376.jpg",
      "transform_matrix": [
        [
          0.155151,
          0.352867,
          -0.922721,
          3.395575
        ],
        [
          0.987858,
          -0.047841,
          0.147808,
          3.734474
        ],
        [
          0.008013,
          -0.93445,
          -0.356005,
          3.767894
        ],
        [
          0.0,
          0.0,
          0.0,
          1.0
        ]
      ]
    },
    {
      "file_path": "/media/NFS/ttao/scannet/posed_images/scene0561_01/00383.jpg",
      "transform_matrix": [
        [
          0.044845,
          0.343437,
          -0.938105,
          3.412577
        ],
        [
          0.998898,
          -0.002365,
          0.046886,
          3.800031
        ],
        [
          0.013884,
          -0.939173,
          -0.343164,
          3.791799
        ],
        [
          0.0,
          0.0,
          0.0,
          1.0
        ]
      ]
    },
    {
      "file_path": "/media/NFS/ttao/scannet/posed_images/scene0561_01/00388.jpg",
      "transform_matrix": [
        [
          -0.071954,
          0.317265,
          -0.945603,
          3.452363
        ],
        [
          0.997358,
          0.032367,
          -0.065032,
          3.874723
        ],
        [
          0.009974,
          -0.947784,
          -0.318755,
          3.799995
        ],
        [
          0.0,
          0.0,
          0.0,
          1.0
        ]
      ]
    },
    {
      "file_path": "/media/NFS/ttao/scannet/posed_images/scene0561_01/00392.jpg",
      "transform_matrix": [
        [
          -0.175694,
          0.297804,
          -0.93832,
          3.492568
        ],
        [
          0.98433,
          0.067667,
          -0.162833,
          3.904538
        ],
        [
          0.015001,
          -0.952226,
          -0.305027,
          3.824894
        ],
        [
          0.0,
          0.0,
          0.0,
          1.0
        ]
      ]
    },
    {
      "file_path": "/media/NFS/ttao/scannet/posed_images/scene0561_01/00402.jpg",
      "transform_matrix": [
        [
          -0.437835,
          0.220202,
          -0.871672,
          3.616495
        ],
        [
          0.897881,
          0.156645,
          -0.411427,
          4.050014
        ],
        [
          0.045946,
          -0.962795,
          -0.2663,
          3.840802
        ],
        [
          0.0,
          0.0,
          0.0,
          1.0
        ]
      ]
    },
    {
      "file_path": "/media/NFS/ttao/scannet/posed_images/scene0561_01/00407.jpg",
      "transform_matrix": [
        [
          -0.470581,
          0.196137,
          -0.860281,
          3.674516
        ],
        [
          0.880499,
          0.167627,
          -0.443422,
          4.093088
        ],
        [
          0.057234,
          -0.966143,
          -0.251581,
          3.850407
        ],
        [
          0.0,
          0.0,
          0.0,
          1.0
        ]
      ]
    },
    {
      "file_path": "/media/NFS/ttao/scannet/posed_images/scene0561_01/00410.jpg",
      "transform_matrix": [
        [
          -0.471438,
          0.183213,
          -0.862658,
          3.706944
        ],
        [
          0.87905,
          0.176194,
          -0.442975,
          4.095026
        ],
        [
          0.070836,
          -0.967155,
          -0.244118,
          3.858386
        ],
        [
          0.0,
          0.0,
          0.0,
          1.0
        ]
      ]
    },
    {
      "file_path": "/media/NFS/ttao/scannet/posed_images/scene0561_01/00415.jpg",
      "transform_matrix": [
        [
          -0.48759,
          0.162435,
          -0.857829,
          3.752704
        ],
        [
          0.86975,
          0.176001,
          -0.46104,
          4.109033
        ],
        [
          0.076089,
          -0.970896,
          -0.227094,
          3.876029
        ],
        [
          0.0,
          0.0,
          0.0,
          1.0
        ]
      ]
    },
    {
      "file_path": "/media/NFS/ttao/scannet/posed_images/scene0561_01/00424.jpg",
      "transform_matrix": [
        [
          -0.546419,
          0.125196,
          -0.828101,
          3.843335
        ],
        [
          0.834947,
          0.158756,
          -0.526935,
          4.152042
        ],
        [
          0.065495,
          -0.979348,
          -0.19128,
          3.869266
