{
  "frames": [
    {
      "file_path": "/media/NFS/ttao/scannet/posed_images/scene0692_02/00000.jpg",
      "transform_matrix": [
        [
          0.394082,
          0.005645,
          -0.919058,
          4.315517
        ],
        [
          0.91747,
          -0.0615,
          0.393023,
          3.874779
        ],
        [
          -0.054303,
          -0.998091,
          -0.029415,
          1.641156
        ],
        [
          0.0,
          0.0,
          0.0,
          1.0
        ]
      ]
    },
    {
      "file_path": "/media/NFS/ttao/scannet/posed_images/scene0692_02/00003.jpg",
      "transform_matrix": [
        [
          0.39544,
          -0.002773,
          -0.918488,
          4.321771
        ],
        [
          0.917539,
          -0.04435,
          0.395165,
          3.877868
        ],
        [
          -0.04183,
          -0.999012,
          -0.014994,
          1.646106
        ],
        [
          0.0,
          0.0,
          0.0,
          1.0
        ]
      ]
    },
    {
      "file_path": "/media/NFS/ttao/scannet/posed_images/scene0692_02/00006.jpg",
      "transform_matrix": [
        [
          0.410758,
          -0.003443,
          -0.911738,
          4.322779
        ],
        [
          0.91134,
          -0.028232,
          0.410685,
          3.877716
        ],
        [
          -0.027154,
          -0.999596,
          -0.008459,
          1.648912
        ],
        [
          0.0,
          0.0,
          0.0,
          1.0
        ]
      ]
    },
    {
      "file_path": "/media/NFS/ttao/scannet/posed_images/scene0692_02/00012.jpg",
      "transform_matrix": [
        [
          0.449126,
          -0.044013,
          -0.892384,
          4.325377
        ],
        [
          0.893444,
          0.014752,
          0.448932,
          3.870653
        ],
        [
          -0.006595,
          -0.998922,
          0.045949,
          1.662597
        ],
        [
          0.0,
          0.0,
          0.0,
          1.0
        ]
      ]
    },
    {
      "file_path": "/media/NFS/ttao/scannet/posed_images/scene0692_02/00014.jpg",
      "transform_matrix": [
        [
          0.452071,
          -0.096569,
          -0.886739,
          4.335338
        ],
        [
          0.891955,
          0.041255,
          0.450237,
          3.868918
        ],
        [
          -0.006896,
          -0.994471,
          0.104786,
          1.672389
        ],
        [
          0.0,
          0.0,
          0.0,
          1.0
        ]
      ]
    },
    {
      "file_path": "/media/NFS/ttao/scannet/posed_images/scene0692_02/00017.jpg",
      "transform_matrix": [
        [
          0.453642,
          -0.179773,
          -0.872863,
          4.351223
        ],
        [
          0.891121,
          0.079805,
          0.446694,
          3.863876
        ],
        [
          -0.010645,
          -0.980466,
          0.196403,
          1.680353
        ],
        [
          0.0,
          0.0,
          0.0,
          1.0
        ]
      ]
    },
    {
      "file_path": "/media/NFS/ttao/scannet/posed_images/scene0692_02/00022.jpg",
      "transform_matrix": [
        [
          0.457507,
          -0.275819,
          -0.845347,
          4.383501
        ],
        [
          0.888529,
          0.104712,
          0.446712,
          3.861778
        ],
        [
          -0.034694,
          -0.955489,
          0.292979,
          1.709886
        ],
        [
          0.0,
          0.0,
          0.0,
          1.0
        ]
      ]
    },
    {
      "file_path": "/media/NFS/ttao/scannet/posed_images/scene0692_02/00024.jpg",
      "transform_matrix": [
        [
          0.455398,
          -0.319268,
          -0.831072,
          4.392777
        ],
        [
          0.889093,
          0.114733,
          0.443115,
          3.859088
        ],
        [
          -0.046121,
          -0.940693,
          0.336108,
          1.71234
        ],
        [
          0.0,
          0.0,
          0.0,
          1.0
        ]
      ]
    },
    {
      "file_path": "/media/NFS/ttao/scannet/posed_images/scene0692_02/00029.jpg",
      "transform_matrix": [
        [
          0.44733,
          -0.384092,
          -0.807693,
          4.412703
        ],
        [
          0.891792,
          0.123051,
          0.435391,
          3.857409
        ],
        [
          -0.067843,
          -0.915058,
          0.397575,
          1.723926
        ],
        [
          0.0,
          0.0,
          0.0,
          1.0
        ]
      ]
    },
    {
      "file_path": "/media/NFS/ttao/scannet/posed_images/scene0692_02/00031.jpg",
      "transform_matrix": [
        [
          0.450172,
          -0.38764,
          -0.804413,
          4.410433
        ],
        [
          0.89065,
          0.130428,
          0.435581,
          3.854281
        ],
        [
          -0.06393,
          -0.912537,
          0.403967,
          1.718331
        ],
        [
          0.0,
          0.0,
          0.0,
          1.0
        ]
      ]
    },
    {
      "file_path": "/media/NFS/ttao/scannet/posed_images/scene0692_02/00035.jpg",
      "transform_matrix": [
        [
          0.455687,
          -0.350914,
          -0.818052,
          4.40773
        ],
        [
          0.88891,
          0.131083,
          0.438927,
          3.859408
        ],
        [
          -0.046793,
          -0.927188,
          0.371663,
          1.71325
        ],
        [
          0.0,
          0.0,
          0.0,
          1.0
        ]
      ]
    },
    {
      "file_path": "/media/NFS/ttao/scannet/posed_images/scene0692_02/00037.jpg",
      "transform_matrix": [
        [
          0.457858,
          -0.319511,
          -0.829626,
          4.398454
        ],
        [
          0.888268,
          0.125894,
          0.441736,
          3.859706
        ],
        [
          -0.036694,
          -0.939182,
          0.341453,
          1.704657
        ],
        [
          0.0,
          0.0,
          0.0,
          1.0
        ]
      ]
    },
    {
      "file_path": "/media/NFS/ttao/scannet/posed_images/scene0692_02/00044.jpg",
      "transform_matrix": [
        [
          0.423685,
          -0.161611,
          -0.891276,
          4.360556
        ],
        [
          0.905711,
          0.061065,
          0.419474,
          3.873926
        ],
        [
          -0.013366,
          -0.984963,
          0.172245,
          1.638741
        ],
        [
          0.0,
          0.0,
          0.0,
          1.0
        ]
      ]
    },
    {
      "file_path": "/media/NFS/ttao/scannet/posed_images/scene0692_02/00047.jpg",
      "transform_matrix": [
        [
          0.416005,
          -0.083948,
          -0.905479,
          4.342289
        ],
        [
          0.909315,
          0.048519,
          0.41327,
          3.878891
        ],
        [
          0.00924,
          -0.995288,
          0.096519,
          1.612031
        ],
        [
          0.0,
          0.0,
          0.0,
          1.0
        ]
      ]
    },
    {
      "file_path": "/media/NFS/ttao/scannet/posed_images/scene0692_02/00050.jpg",
      "transform_matrix": [
        [
          0.415578,
          0.003202,
          -0.909552,
          4.325544
        ],
        [
          0.909197,
          0.026677,
          0.41551,
          3.883616
        ],
        [
          0.025595,
          -0.999639,
          0.008175,
          1.593072
        ],
        [
          0.0,
          0.0,
          0.0,
          1.0
        ]
      ]
    },
    {
      "file_path": "/media/NFS/ttao/scannet/posed_images/scene0692_02/00052.jpg",
      "transform_matrix": [
        [
          0.41377,
          0.051533,
          -0.908922,
          4.316066
        ],
        [
          0.909728,
          0.014418,
          0.414955,
          3.886942
        ],
        [
          0.034488,
          -0.998567,
          -0.040915,
          1.577428
        ],
        [
          0.0,
          0.0,
          0.0,
          1.0
        ]
      ]
    },
    {
      "file_path": "/media/NFS/ttao/scannet/posed_images/scene0692_02/00057.jpg",
      "transform_matrix": [
        [
          0.388025,
          0.172601,
          -0.905343,
          4.299432
        ],
        [
          0.920247,
          -0.018399,
          0.390905,
          3.897872
        ],
        [
          0.050813,
          -0.98482,
          -0.165975,
          1.541033
        ],
        [
          0.0,
          0.0,
          0.0,
          1.0
        ]
      ]
    },
    {
      "file_path": "/media/NFS/ttao/scannet/posed_images/scene0692_02/00059.jpg",
      "transform_matrix": [
        [
          0.381714,
          0.212662,
          -0.899483,
          4.292902
        ],
        [
          0.922399,
          -0.025582,
          0.385391,
          3.899704
        ],
        [
          0.058947,
          -0.976791,
          -0.205924,
          1.525963
        ],
        [
          0.0,
          0.0,
          0.0,
          1.0
        ]
      ]
    },
    {
      "file_path": "/media/NFS/ttao/scannet/posed_images/scene0692_02/00061.jpg",
      "transform_matrix": [
        [
          0.378146,
          0.251234,
          -0.891004,
          4.287012
        ],
        [
          0.923389,
          -0.033726,
          0.382381,
          3.900854
        ],
        [
          0.066017,
          -0.967339,
          -0.24474,
          1.490127
        ],
        [
          0.0,
          0.0,
          0.0,
          1.0
        ]
      ]
    },
    {
      "file_path": "/media/NFS/ttao/scannet/posed_images/scene0692_02/00067.jpg",
      "transform_matrix": [
        [
          0.356012,
          0.359179,
          -0.862697,
          4.27377
        ],
        [
          0.93196,
          -0.068702,
          0.355992,
          3.911448
        ],
        [
          0.068596,
          -0.930737,
          -0.359199,
          1.436021
        ],
        [
          0.0,
          0.0,
          0.0,
          1.0
        ]
      ]
    },
    {
      "file_path": "/media/NFS/ttao/scannet/posed_images/scene0692_02/00069.jpg",
      "transform_matrix": [
        [
          0.351996,
          0.396407,
          -0.847915,
          4.272315
        ],
        [
          0.932948,
          -0.075482,
          0.352008,
          3.915096
        ],
        [
          0.075537,
          -0.914967,
          -0.396397,
          1.413914
        ],
        [
          0.0,
          0.0,
          0.0,
          1.0
        ]
      ]
    },
    {
      "file_path": "/media/NFS/ttao/scannet/posed_images/scene0692_02/00075.jpg",
      "transform_matrix": [
        [
          0.347369,
          0.494882,
          -0.796509,
          4.264266
        ],
        [
          0.932135,
          -0.089593,
          0.350852,
          3.926893
        ],
        [
          0.102269,
          -0.864329,
          -0.492419,
          1.363685
        ],
        [
          0.0,
          0.0,
          0.0,
          1.0
        ]
      ]
    },
    {
      "file_path": "/media/NFS/ttao/scannet/posed_images/scene0692_02/00076.jpg",
      "transform_matrix": [
        [
          0.344393,
          0.503525,
          -0.792374,
          4.26579
        ],
        [
          0.933028,
          -0.089914,
          0.348389,
          3.931365
        ],
        [
          0.104177,
          -0.859289,
          -0.500769,
          1.356234
        ],
        [
          0.0,
          0.0,
          0.0,
          1.0
        ]
      ]
    },
    {
      "file_path": "/media/NFS/ttao/scannet/posed_images/scene0692_02/00079.jpg",
      "transform_matrix": [
        [
          0.335137,
          0.532558,
          -0.777216,
          4.2708
        ],
        [
          0.935331,
          -0.088849,
          0.342436,
          3.941306
        ],
        [
          0.113312,
          -0.841717,
          -0.527895,
          1.327623
        ],
        [
          0.0,
          0.0,
          0.0,
          1.0
        ]
      ]
    },
    {
      "file_path": "/media/NFS/ttao/scannet/posed_images/scene0692_02/00082.jpg",
      "transform_matrix": [
        [
          0.310834,
          0.574392,
          -0.757269,
          4.281626
        ],
        [
          0.943604,
          -0.090938,
          0.318342,
          3.962122
        ],
        [
          0.113989,
          -0.813514,
          -0.570265,
          1.296404
        ],
        [
          0.0,
          0.0,
          0.0,
          1.0
        ]
      ]
    },
    {
      "file_path": "/media/NFS/ttao/scannet/posed_images/scene0692_02/00086.jpg",
      "transform_matrix": [
        [
          0.27489,
          0.636625,
          -0.720517,
          4.296634
        ],
        [
          0.955836,
          -0.099899,
          0.276401,
          3.987661
        ],
        [
          0.103985,
          -0.764676,
          -0.635971,
          1.24904
        ],
        [
          0.0,
          0.0,
          0.0,
          1.0
        ]
      ]
    },
    {
      "file_path": "/media/NFS/ttao/scannet/posed_images/scene0692_02/00089.jpg",
      "transform_matrix": [
        [
          0.25362,
          0.690648,
          -0.67726,
          4.306315
        ],
        [
          0.96261,
          -0.111315,
          0.246962,
          4.008585
        ],
        [
          0.095174,
          -0.714572,
          -0.693057,
          1.212628
        ],
        [
          0.0,
          0.0,
          0.0,
          1.0
        ]
      ]
    },
    {
      "file_path": "/media/NFS/ttao/scannet/posed_images/scene0692_02/00096.jpg",
      "transform_matrix": [
        [
          0.254339,
          0.751683,
          -0.60851,
          4.332733
        ],
        [
          0.963917,
          -0.145905,
          0.222654,
          4.072506
        ],
        [
          0.078581,
          -0.643183,
          -0.76167,
          1.147775
        ],
        [
          0.0,
          0.0,
          0.0,
          1.0
        ]
      ]
    },
    {
      "file_path": "/media/NFS/ttao/scannet/posed_images/scene0692_02/00098.jpg",
      "transform_matrix": [
        [
          0.255824,
          0.750757,
          -0.609031,
          4.336093
        ],
        [
          0.964922,
          -0.159858,
          0.208259,
          4.091414
        ],
        [
          0.058993,
          -0.640945,
          -0.765317,
          1.14982
        ],
        [
          0.0,
          0.0,
          0.0,
          1.0
        ]
      ]
    },
    {
      "file_path": "/media/NFS/ttao/scannet/posed_images/scene0692_02/00100.jpg",
      "transform_matrix": [
        [
          0.258283,
          0.740717,
          -0.620184,
          4.339064
        ],
        [
          0.965205,
          -0.170702,
          0.198093,
          4.111437
        ],
        [
          0.040864,
          -0.649769,
          -0.759033,
          1.156903
        ],
        [
          0.0,
          0.0,
          0.0,
          1.0
        ]
      ]
    },
    {
      "file_path": "/media/NFS/ttao/scannet/posed_images/scene0692_02/00103.jpg",
      "transform_matrix": [
        [
          0.2522,
          0.707381,
          -0.660308,
          4.344003
        ],
        [
          0.967626,
          -0.177457,
          0.17947,
          4.147925
        ],
        [
          0.009777,
          -0.684193,
          -0.729235,
          1.178262
        ],
        [
          0.0,
          0.0,
          0.0,
          1.0
        ]
      ]
    },
    {
      "file_path": "/media/NFS/ttao/scannet/posed_images/scene0692_02/00109.jpg",
      "transform_matrix": [
        [
          0.179854,
          0.62558,
          -0.759146,
          4.358256
        ],
        [
          0.982845,
          -0.146329,
          0.112268,
          4.222052
        ],
        [
          -0.040852,
          -0.766314,
          -0.641166,
          1.235331
        ],
        [
          0.0,
          0.0,
          0.0,
          1.0
        ]
      ]
    },
    {
      "file_path": "/media/NFS/ttao/scannet/posed_images/scene0692_02/00112.jpg",
      "transform_matrix": [
        [
          0.149245,
          0.608965,
          -0.77903,
          4.364969
        ],
        [
          0.987726,
          -0.128525,
          0.088759,
          4.24887
        ],
        [
          -0.046074,
          -0.782715,
          -0.620672,
          1.253887
        ],
        [
          0.0,
          0.0,
          0.0,
          1.0
        ]
      ]
    },
    {
      "file_path": "/media/NFS/ttao/scannet/posed_images/scene0692_02/00113.jpg",
      "transform_matrix": [
        [
          0.144331,
          0.599842,
          -0.786993,
          4.364414
        ],
        [
          0.988664,
          -0.120673,
          0.08934,
          4.256481
        ],
        [
          -0.041379,
          -0.790966,
          -0.610459,
          1.264756
        ],
        [
          0.0,
          0.0,
          0.0,
          1.0
        ]
      ]
    },
    {
      "file_path": "/media/NFS/ttao/scannet/posed_images/scene0692_02/00120.jpg",
      "transform_matrix": [
        [
          0.147363,
          0.501292,
          -0.852637,
          4.369602
        ],
        [
          0.988784,
          -0.053489,
          0.139446,
          4.283195
        ],
        [
          0.024296,
          -0.863623,
          -0.503552,
          1.324276
        ],
        [
          0.0,
          0.0,
          0.0,
          1.0
        ]
      ]
    },
    {
      "file_path": "/media/NFS/ttao/scannet/posed_images/scene0692_02/00123.jpg",
      "transform_matrix": [
        [
          0.15319,
          0.462807,
          -0.873122,
          4.367218
        ],
        [
          0.986803,
          -0.024729,
          0.160027,
          4.280145
        ],
        [
          0.05247,
          -0.886114,
          -0.460487,
          1.353985
        ],
        [
          0.0,
          0.0,
          0.0,
          1.0
        ]
      ]
    },
    {
      "file_path": "/media/NFS/ttao/scannet/posed_images/scene0692_02/00124.jpg",
      "transform_matrix": [
        [
          0.159106,
          0.435606,
          -0.885964,
          4.367061
        ],
        [
          0.985114,
          -0.010894,
          0.171555,
          4.275205
        ],
        [
          0.065078,
          -0.900072,
          -0.430855,
          1.374079
        ],
        [
          0.0,
          0.0,
          0.0,
          1.0
        ]
      ]
    },
    {
      "file_path": "/media/NFS/ttao/scannet/posed_images/scene0692_02/00130.jpg",
      "transform_matrix": [
        [
          0.162435,
          0.349566,
          -0.922723,
          4.374133
        ],
        [
          0.983669,
          0.016106,
          0.179265,
          4.251319
        ],
        [
          0.077526,
          -0.936773,
          -0.341241,
          1.427758
        ],
        [
          0.0,
          0.0,
          0.0,
          1.0
        ]
      ]
    },
    {
      "file_path": "/media/NFS/ttao/scannet/posed_images/scene0692_02/00132.jpg",
      "transform_matrix": [
        [
          0.167547,
          0.332932,
          -0.927946,
          4.374104
        ],
        [
          0.982655,
          0.019486,
          0.184416,
          4.240179
        ],
        [
          0.07948,
          -0.942749,
          -0.323893,
          1.440344
        ],
        [
          0.0,
          0.0,
          0.0,
          1.0
        ]
      ]
    },
    {
      "file_path": "/media/NFS/ttao/scannet/posed_images/scene0692_02/00134.jpg",
      "transform_matrix": [
        [
          0.178272,
          0.312482,
          -0.933045,
          4.372586
        ],
        [
          0.980186,
          0.026808,
          0.196257,
          4.225854
        ],
        [
          0.08634,
          -0.949545,
          -0.301511,
          1.454132
        ],
        [
          0.0,
          0.0,
          0.0,
          1.0
        ]
      ]
    },
    {
      "file_path": "/media/NFS/ttao/scannet/posed_images/scene0692_02/00138.jpg",
      "transform_matrix": [
        [
          0.231534,
          0.261117,
          -0.937128,
          4.365132
        ],
        [
          0.968548,
          0.028381,
          0.247205,
          4.20114
        ],
        [
          0.091146,
          -0.96489,
          -0.246333,
          1.482849
        ],
        [
          0.0,
          0.0,
          0.0,
          1.0
        ]
      ]
    },
    {
      "file_path": "/media/NFS/ttao/scannet/posed_images/scene0692_02/00141.jpg",
      "transform_matrix": [
        [
          0.305121,
          0.231974,
          -0.923628,
          4.348482
        ],
        [
          0.947986,
          0.018375,
          0.317782,
          4.176693
        ],
        [
          0.090689,
          -0.972549,
          -0.214301,
          1.51783
        ],
        [
          0.0,
          0.0,
          0.0,
          1.0
        ]
      ]
    },
    {
      "file_path": "/media/NFS/ttao/scannet/posed_images/scene0692_02/00148.jpg",
      "transform_matrix": [
        [
          0.494725,
          0.089243,
          -0.864455,
          4.308108
        ],
        [
          0.866657,
          0.023098,
          0.49837,
          4.106251
        ],
        [
          0.064443,
          -0.995742,
          -0.065916,
          1.563631
        ],
        [
          0.0,
          0.0,
          0.0,
          1.0
        ]
      ]
    },
    {
      "file_path": "/media/NFS/ttao/scannet/posed_images/scene0692_02/00150.jpg",
      "transform_matrix": [
        [
          0.535758,
          0.071693,
          -0.841323,
          4.295607
        ],
        [
          0.842037,
          0.028686,
          0.538657,
          4.08703
        ],
        [
          0.062752,
          -0.997014,
          -0.044999,
          1.573173
        ],
        [
          0.0,
          0.0,
          0.0,
          1.0
        ]
      ]
    },
    {
      "file_path": "/media/NFS/ttao/scannet/posed_images/scene0692_02/00152.jpg",
      "transform_matrix": [
        [
          0.574112,
          0.047224,
          -0.817414,
          4.281669
        ],
        [
          0.816337,
          0.04399,
          0.575897,
          4.066316
        ],
        [
          0.063154,
          -0.997915,
          -0.013295,
          1.580749
        ],
        [
          0.0,
          0.0,
          0.0,
          1.0
        ]
      ]
    },
    {
      "file_path": "/media/NFS/ttao/scannet/posed_images/scene0692_02/00158.jpg",
      "transform_matrix": [
        [
          0.66494,
          -0.005905,
          -0.746873,
          4.243045
        ],
        [
          0.745016,
          0.076168,
          0.662684,
          4.019752
        ],
        [
          0.052975,
          -0.997078,
          0.055046,
          1.589549
        ],
        [
          0.0,
          0.0,
          0.0,
          1.0
        ]
      ]
    },
    {
      "file_path": "/media/NFS/ttao/scannet/posed_images/scene0692_02/00159.jpg",
      "transform_matrix": [
        [
          0.671452,
          -0.007262,
          -0.741013,
          4.237082
        ],
        [
          0.739107,
          0.078893,
          0.668952,
          4.014189
        ],
        [
          0.053603,
          -0.996857,
          0.058341,
          1.591032
        ],
        [
          0.0,
          0.0,
          0.0,
          1.0
        ]
      ]
    },
    {
      "file_path": "/media/NFS/ttao/scannet/posed_images/scene0692_02/00162.jpg",
      "transform_matrix": [
        [
          0.678344,
          -0.026586,
          -0.734263,
          4.223504
        ],
        [
          0.732472,
          0.10299,
          0.672961,
          3.999467
        ],
        [
          0.05773,
          -0.994327,
          0.089337,
          1.589091
        ],
        [
          0.0,
          0.0,
          0.0,
          1.0
        ]
      ]
    },
    {
      "file_path": "/media/NFS/ttao/scannet/posed_images/scene0692_02/00166.jpg",
      "transform_matrix": [
        [
          0.6779,
          -0.089673,
          -0.729664,
          4.21355
        ],
        [
          0.733321,
          0.152526,
          0.662553,
          3.988526
        ],
        [
          0.051879,
          -0.984223,
          0.169156,
          1.595181
        ],
        [
          0.0,
          0.0,
          0.0,
          1.0
        ]
      ]
    },
    {
      "file_path": "/media/NFS/ttao/scannet/posed_images/scene0692_02/00170.jpg",
      "transform_matrix": [
        [
          0.693774,
          -0.105396,
          -0.712439,
          4.201876
        ],
        [
          0.717866,
          0.180664,
          0.672331,
          3.996938
        ],
        [
          0.057851,
          -0.977881,
          0.201,
          1.602242
        ],
        [
          0.0,
          0.0,
          0.0,
          1.0
        ]
      ]
    },
    {
      "file_path": "/media/NFS/ttao/scannet/posed_images/scene0692_02/00173.jpg",
      "transform_matrix": [
        [
          0.715024,
          -0.137591,
          -0.685426,
          4.197392
        ],
        [
          0.697254,
          0.211548,
          0.684897,
          4.008403
        ],
        [
          0.050765,
          -0.967634,
          0.247198,
          1.613535
        ],
        [
          0.0,
          0.0,
          0.0,
          1.0
        ]
      ]
    },
    {
      "file_path": "/media/NFS/ttao/scannet/posed_images/scene0692_02/00179.jpg",
      "transform_matrix": [
        [
          0.793275,
          -0.187627,
          -0.579233,
          4.190327
        ],
        [
          0.607053,
          0.317024,
          0.728685,
          4.036827
        ],
        [
          0.04691,
          -0.929673,
          0.365387,
          1.633796
        ],
        [
          0.0,
          0.0,
          0.0,
          1.0
        ]
      ]
    },
    {
      "file_path": "/media/NFS/ttao/scannet/posed_images/scene0692_02/00180.jpg",
      "transform_matrix": [
        [
          0.807402,
          -0.19203,
          -0.557876,
          4.191009
        ],
        [
          0.588635,
          0.326492,
          0.739534,
          4.043412
        ],
        [
          0.040129,
          -0.925487,
          0.376647,
          1.632358
        ],
        [
          0.0,
          0.0,
          0.0,
          1.0
        ]
      ]
    },
    {
      "file_path": "/media/NFS/ttao/scannet/posed_images/scene0692_02/00183.jpg",
      "transform_matrix": [
        [
          0.868163,
          -0.145364,
          -0.474513,
          4.190699
        ],
        [
          0.493589,
          0.352347,
          0.795123,
          4.060582
        ],
        [
          0.051611,
          -0.924511,
          0.377645,
          1.664638
        ],
        [
          0.0,
          0.0,
          0.0,
          1.0
        ]
      ]
    },
    {
      "file_path": "/media/NFS/ttao/scannet/posed_images/scene0692_02/00187.jpg",
      "transform_matrix": [
        [
          0.929152,
          -0.066599,
          -0.36365,
          4.176995
        ],
        [
          0.360453,
          0.381789,
          0.851064,
          4.07689
        ],
        [
          0.082158,
          -0.921847,
          0.378746,
          1.695891
        ],
        [
          0.0,
          0.0,
          0.0,
          1.0
        ]
      ]
    },
    {
      "file_path": "/media/NFS/ttao/scannet/posed_images/scene0692_02/00192.jpg",
      "transform_matrix": [
        [
          0.97739,
          -0.106784,
          -0.1825,
          4.129902
        ],
        [
          0.210647,
          0.416836,
          0.884237,
          4.074582
        ],
        [
          -0.01835,
          -0.902688,
          0.429905,
          1.652016
        ],
        [
          0.0,
          0.0,
          0.0,
          1.0
        ]
      ]
    },
    {
      "file_path": "/media/NFS/ttao/scannet/posed_images/scene0692_02/00193.jpg",
      "transform_matrix": [
        [
          0.982863,
          -0.10166,
          -0.153773,
          4.122025
        ],
        [
          0.182434,
          0.416817,
          0.890495,
          4.072453
        ],
        [
          -0.026433,
          -0.903288,
          0.42822,
          1.654123
        ],
        [
          0.0,
          0.0,
          0.0,
          1.0
        ]
      ]
    },
    {
      "file_path": "/media/NFS/ttao/scannet/posed_images/scene0692_02/00197.jpg",
      "transform_matrix": [
        [
          0.996629,
          -0.077417,
          -0.027134,
          4.088459
        ],
        [
          0.05764,
          0.425492,
          0.903125,
          4.059746
        ],
        [
          -0.058371,
          -0.901645,
          0.42852,
          1.655379
        ],
        [
          0.0,
          0.0,
          0.0,
          1.0
        ]
      ]
    },
    {
      "file_path": "/media/NFS/ttao/scannet/posed_images/scene0692_02/00203.jpg",
      "transform_matrix": [
        [
          0.993409,
          -0.04868,
          0.103772,
          4.062157
        ],
        [
          -0.071315,
          0.446275,
          0.89205,
          4.037658
        ],
        [
          -0.089736,
          -0.893571,
          0.439862,
          1.660703
        ],
        [
          0.0,
          0.0,
          0.0,
          1.0
        ]
      ]
    },
    {
      "file_path": "/media/NFS/ttao/scannet/posed_images/scene0692_02/00204.jpg",
      "transform_matrix": [
        [
          0.99283,
          -0.046274,
          0.110213,
          4.056557
        ],
        [
          -0.077744,
          0.450382,
          0.889445,
          4.034476
        ],
        [
          -0.090796,
          -0.891636,
          0.443555,
          1.662297
        ],
        [
          0.0,
          0.0,
          0.0,
          1.0
        ]
      ]
    },
    {
      "file_path": "/media/NFS/ttao/scannet/posed_images/scene0692_02/00207.jpg",
      "transform_matrix": [
        [
          0.990498,
          -0.0295,
          0.134322,
          4.05218
        ],
        [
          -0.105978,
          0.458729,
          0.882234,
          4.023355
        ],
        [
          -0.087643,
          -0.888087,
          0.451244,
          1.67394
        ],
        [
          0.0,
          0.0,
          0.0,
          1.0
        ]
      ]
    },
    {
      "file_path": "/media/NFS/ttao/scannet/posed_images/scene0692_02/00213.jpg",
      "transform_matrix": [
        [
          0.980394,
          -0.016068,
          0.196392,
          4.06215
        ],
        [
          -0.159975,
          0.517011,
          0.840897,
          4.016756
        ],
        [
          -0.115049,
          -0.855828,
          0.504303,
          1.674777
        ],
        [
          0.0,
          0.0,
          0.0,
          1.0
        ]
      ]
    },
    {
      "file_path": "/media/NFS/ttao/scannet/posed_images/scene0692_02/00214.jpg",
      "transform_matrix": [
        [
          0.979778,
          -0.016398,
          0.199413,
          4.062274
        ],
        [
          -0.162259,
          0.518038,
          0.839827,
          4.020109
        ],
        [
          -0.117075,
          -0.8552,
          0.504902,
          1.672383
        ],
        [
          0.0,
          0.0,
          0.0,
          1.0
        ]
      ]
    },
    {
      "file_path": "/media/NFS/ttao/scannet/posed_images/scene0692_02/00217.jpg",
      "transform_matrix": [
        [
          0.979614,
          -0.020799,
          0.199811,
          4.065955
        ],
        [
          -0.164213,
          0.490034,
          0.856096,
          4.04067
        ],
        [
          -0.11572,
          -0.871455,
          0.476629,
          1.661324
        ],
        [
          0.0,
          0.0,
          0.0,
          1.0
        ]
      ]
    },
    {
      "file_path": "/media/NFS/ttao/scannet/posed_images/scene0692_02/00224.jpg",
      "transform_matrix": [
        [
          0.98804,
          -0.017585,
          0.153194,
          4.086091
        ],
        [
          -0.143038,
          0.266583,
          0.953139,
          4.102598
        ],
        [
          -0.0576,
          -0.963651,
          0.26088,
          1.635317
        ],
        [
          0.0,
          0.0,
          0.0,
          1.0
        ]
      ]
    },
    {
      "file_path": "/media/NFS/ttao/scannet/posed_images/scene0692_02/00227.jpg",
      "transform_matrix": [
        [
          0.988355,
          -0.017245,
          0.151187,
          4.097908
        ],
        [
          -0.146218,
          0.167471,
          0.974974,
          4.136382
        ],
        [
          -0.042133,
          -0.985726,
          0.162999,
          1.606853
        ],
        [
          0.0,
          0.0,
          0.0,
          1.0
        ]
      ]
    },
    {
      "file_path": "/media/NFS/ttao/scannet/posed_images/scene0692_02/00228.jpg",
      "transform_matrix": [
        [
          0.988747,
          -0.011366,
          0.149163,
          4.103475
        ],
        [
          -0.146194,
          0.137995,
          0.979584,
          4.145925
        ],
        [
          -0.031718,
          -0.990368,
          0.134781,
          1.612748
        ],
        [
          0.0,
          0.0,
          0.0,
          1.0
        ]
      ]
    },
    {
      "file_path": "/media/NFS/ttao/scannet/posed_images/scene0692_02/00234.jpg",
      "transform_matrix": [
        [
          -Infinity,
          -Infinity,
          -Infinity,
          -Infinity
        ],
        [
          -Infinity,
          -Infinity,
          -Infinity,
          -Infinity
        ],
        [
          -Infinity,
          -Infinity,
          -Infinity,
          -Infinity
        ],
        [
          -Infinity,
          -Infinity,
          -Infinity,
          -Infinity
        ]
      ]
    },
    {
      "file_path": "/media/NFS/ttao/scannet/posed_images/scene0692_02/00237.jpg",
      "transform_matrix": [
        [
          -Infinity,
          -Infinity,
          -Infinity,
          -Infinity
        ],
        [
          -Infinity,
          -Infinity,
          -Infinity,
          -Infinity
        ],
        [
          -Infinity,
          -Infinity,
          -Infinity,
          -Infinity
        ],
        [
          -Infinity,
          -Infinity,
          -Infinity,
          -Infinity
        ]
      ]
    },
    {
      "file_path": "/media/NFS/ttao/scannet/posed_images/scene0692_02/00238.jpg",
      "transform_matrix": [
        [
          -Infinity,
          -Infinity,
          -Infinity,
          -Infinity
        ],
        [
          -Infinity,
          -Infinity,
          -Infinity,
          -Infinity
        ],
        [
          -Infinity,
          -Infinity,
          -Infinity,
          -Infinity
        ],
        [
          -Infinity,
          -Infinity,
          -Infinity,
          -Infinity
        ]
      ]
    },
    {
      "file_path": "/media/NFS/ttao/scannet/posed_images/scene0692_02/00243.jpg",
      "transform_matrix": [
        [
          0.989931,
          0.084557,
          0.113519,
          4.134314
        ],
        [
          -0.049531,
          -0.544343,
          0.837399,
          4.226175
        ],
        [
          0.132602,
          -0.83459,
          -0.534674,
          1.288471
        ],
        [
          0.0,
          0.0,
          0.0,
          1.0
        ]
      ]
    },
    {
      "file_path": "/media/NFS/ttao/scannet/posed_images/scene0692_02/00248.jpg",
      "transform_matrix": [
        [
          0.986742,
          0.034359,
          0.158617,
          4.121531
        ],
        [
          -0.10216,
          -0.627914,
          0.771548,
          4.21215
        ],
        [
          0.126108,
          -0.777524,
          -0.61608,
          1.249249
        ],
        [
          0.0,
          0.0,
          0.0,
          1.0
        ]
      ]
    },
    {
      "file_path": "/media/NFS/ttao/scannet/posed_images/scene0692_02/00249.jpg",
      "transform_matrix": [
        [
          0.985911,
          0.02254,
          0.165748,
          4.115829
        ],
        [
          -0.113647,
          -0.636809,
          0.7626,
          4.20868
        ],
        [
          0.122739,
          -0.770692,
          -0.625275,
          1.24115
        ],
        [
          0.0,
          0.0,
          0.0,
          1.0
        ]
      ]
    },
    {
      "file_path": "/media/NFS/ttao/scannet/posed_images/scene0692_02/00254.jpg",
      "transform_matrix": [
        [
          0.983222,
          -0.037347,
          0.178546,
          4.08096
        ],
        [
          -0.154748,
          -0.688998,
          0.70805,
          4.192712
        ],
        [
          0.096575,
          -0.7238,
          -0.683217,
          1.191406
        ],
        [
          0.0,
          0.0,
          0.0,
          1.0
        ]
      ]
    },
    {
      "file_path": "/media/NFS/ttao/scannet/posed_images/scene0692_02/00257.jpg",
      "transform_matrix": [
        [
          0.979626,
          -0.078785,
          0.18473,
          4.061851
        ],
        [
          -0.184359,
          -0.717595,
          0.671616,
          4.176391
        ],
        [
          0.079648,
          -0.69199,
          -0.7175,
          1.163902
        ],
        [
          0.0,
          0.0,
          0.0,
          1.0
        ]
      ]
    },
    {
      "file_path": "/media/NFS/ttao/scannet/posed_images/scene0692_02/00259.jpg",
      "transform_matrix": [
        [
          0.973233,
          -0.103372,
          0.205258,
          4.048754
        ],
        [
          -0.217469,
          -0.703069,
          0.677054,
          4.165627
        ],
        [
          0.074322,
          -0.703568,
          -0.70673,
          1.158795
        ],
        [
          0.0,
          0.0,
          0.0,
          1.0
        ]
      ]
    },
    {
      "file_path": "/media/NFS/ttao/scannet/posed_images/scene0692_02/00265.jpg",
      "transform_matrix": [
        [
          0.947015,
          -0.117718,
          0.29884,
          4.0554
        ],
        [
          -0.309167,
          -0.586273,
          0.748799,
          4.169757
        ],
        [
          0.087055,
          -0.801515,
          -0.591604,
          1.214788
        ],
        [
          0.0,
          0.0,
          0.0,
          1.0
        ]
      ]
    },
    {
      "file_path": "/media/NFS/ttao/scannet/posed_images/scene0692_02/00266.jpg",
      "transform_matrix": [
        [
          0.942175,
          -0.111782,
          0.315929,
          4.056718
        ],
        [
          -0.322219,
          -0.561234,
          0.762359,
          4.172441
        ],
        [
          0.092092,
          -0.820074,
          -0.564799,
          1.227898
        ],
