{
  "frames": [
    {
      "file_path": "/media/NFS/ttao/scannet/posed_images/scene0350_02/00000.jpg",
      "transform_matrix": [
        [
          -0.986853,
          0.0626,
          -0.14901,
          2.524946
        ],
        [
          0.160783,
          0.474202,
          -0.86561,
          4.549933
        ],
        [
          0.016474,
          -0.878188,
          -0.478033,
          1.316989
        ],
        [
          0.0,
          0.0,
          0.0,
          1.0
        ]
      ]
    },
    {
      "file_path": "/media/NFS/ttao/scannet/posed_images/scene0350_02/00004.jpg",
      "transform_matrix": [
        [
          -0.984693,
          0.079282,
          -0.155225,
          2.524815
        ],
        [
          0.174286,
          0.459068,
          -0.871137,
          4.565309
        ],
        [
          0.002193,
          -0.884856,
          -0.465859,
          1.330665
        ],
        [
          0.0,
          0.0,
          0.0,
          1.0
        ]
      ]
    },
    {
      "file_path": "/media/NFS/ttao/scannet/posed_images/scene0350_02/00011.jpg",
      "transform_matrix": [
        [
          -0.984156,
          0.083166,
          -0.156588,
          2.505441
        ],
        [
          0.177194,
          0.430344,
          -0.885102,
          4.59182
        ],
        [
          -0.006224,
          -0.898826,
          -0.438262,
          1.345258
        ],
        [
          0.0,
          0.0,
          0.0,
          1.0
        ]
      ]
    },
    {
      "file_path": "/media/NFS/ttao/scannet/posed_images/scene0350_02/00016.jpg",
      "transform_matrix": [
        [
          -0.987515,
          0.084394,
          -0.133015,
          2.485688
        ],
        [
          0.156089,
          0.41032,
          -0.898484,
          4.614478
        ],
        [
          -0.021248,
          -0.908028,
          -0.41837,
          1.35964
        ],
        [
          0.0,
          0.0,
          0.0,
          1.0
        ]
      ]
    },
    {
      "file_path": "/media/NFS/ttao/scannet/posed_images/scene0350_02/00019.jpg",
      "transform_matrix": [
        [
          -0.986594,
          0.082332,
          -0.140908,
          2.472318
        ],
        [
          0.162385,
          0.409162,
          -0.897896,
          4.627487
        ],
        [
          -0.016271,
          -0.90874,
          -0.417046,
          1.363681
        ],
        [
          0.0,
          0.0,
          0.0,
          1.0
        ]
      ]
    },
    {
      "file_path": "/media/NFS/ttao/scannet/posed_images/scene0350_02/00025.jpg",
      "transform_matrix": [
        [
          -0.978353,
          0.108166,
          -0.176425,
          2.445054
        ],
        [
          0.205464,
          0.405949,
          -0.8905,
          4.653215
        ],
        [
          -0.024703,
          -0.907472,
          -0.419385,
          1.363384
        ],
        [
          0.0,
          0.0,
          0.0,
          1.0
        ]
      ]
    },
    {
      "file_path": "/media/NFS/ttao/scannet/posed_images/scene0350_02/00027.jpg",
      "transform_matrix": [
        [
          -0.973504,
          0.121753,
          -0.193563,
          2.435803
        ],
        [
          0.22658,
          0.399406,
          -0.888333,
          4.660019
        ],
        [
          -0.030847,
          -0.908653,
          -0.41641,
          1.3626
        ],
        [
          0.0,
          0.0,
          0.0,
          1.0
        ]
      ]
    },
    {
      "file_path": "/media/NFS/ttao/scannet/posed_images/scene0350_02/00031.jpg",
      "transform_matrix": [
        [
          -0.965616,
          0.132533,
          -0.223653,
          2.412305
        ],
        [
          0.258343,
          0.393031,
          -0.882488,
          4.67081
        ],
        [
          -0.029056,
          -0.909924,
          -0.413755,
          1.372972
        ],
        [
          0.0,
          0.0,
          0.0,
          1.0
        ]
      ]
    },
    {
      "file_path": "/media/NFS/ttao/scannet/posed_images/scene0350_02/00037.jpg",
      "transform_matrix": [
        [
          -0.9432,
          0.152431,
          -0.295195,
          2.409328
        ],
        [
          0.331591,
          0.376964,
          -0.864838,
          4.679965
        ],
        [
          -0.02055,
          -0.913599,
          -0.406097,
          1.376186
        ],
        [
          0.0,
          0.0,
          0.0,
          1.0
        ]
      ]
    },
    {
      "file_path": "/media/NFS/ttao/scannet/posed_images/scene0350_02/00042.jpg",
      "transform_matrix": [
        [
          -0.913166,
          0.167078,
          -0.37177,
          2.410501
        ],
        [
          0.407584,
          0.370606,
          -0.834581,
          4.678907
        ],
        [
          -0.00166,
          -0.913639,
          -0.406524,
          1.372052
        ],
        [
          0.0,
          0.0,
          0.0,
          1.0
        ]
      ]
    },
    {
      "file_path": "/media/NFS/ttao/scannet/posed_images/scene0350_02/00045.jpg",
      "transform_matrix": [
        [
          -0.894849,
          0.167448,
          -0.413772,
          2.430533
        ],
        [
          0.446193,
          0.361653,
          -0.818608,
          4.675804
        ],
        [
          0.012568,
          -0.917152,
          -0.398338,
          1.369687
        ],
        [
          0.0,
          0.0,
          0.0,
          1.0
        ]
      ]
    },
    {
      "file_path": "/media/NFS/ttao/scannet/posed_images/scene0350_02/00049.jpg",
      "transform_matrix": [
        [
          -0.867073,
          0.170287,
          -0.468174,
          2.472028
        ],
        [
          0.497362,
          0.34977,
          -0.793909,
          4.666992
        ],
        [
          0.028561,
          -0.921229,
          -0.38797,
          1.37731
        ],
        [
          0.0,
          0.0,
          0.0,
          1.0
        ]
      ]
    },
    {
      "file_path": "/media/NFS/ttao/scannet/posed_images/scene0350_02/00053.jpg",
      "transform_matrix": [
        [
          -0.840243,
          0.188898,
          -0.508242,
          2.48145
        ],
        [
          0.541732,
          0.331814,
          -0.772286,
          4.666196
        ],
        [
          0.022759,
          -0.924239,
          -0.381136,
          1.383923
        ],
        [
          0.0,
          0.0,
          0.0,
          1.0
        ]
      ]
    },
    {
      "file_path": "/media/NFS/ttao/scannet/posed_images/scene0350_02/00061.jpg",
      "transform_matrix": [
        [
          -0.790509,
          0.202801,
          -0.5779,
          2.513093
        ],
        [
          0.612445,
          0.266054,
          -0.744397,
          4.670638
        ],
        [
          0.002788,
          -0.942384,
          -0.334522,
          1.397737
        ],
        [
          0.0,
          0.0,
          0.0,
          1.0
        ]
      ]
    },
    {
      "file_path": "/media/NFS/ttao/scannet/posed_images/scene0350_02/00066.jpg",
      "transform_matrix": [
        [
          -0.774785,
          0.196856,
          -0.600796,
          2.524685
        ],
        [
          0.632169,
          0.228591,
          -0.740343,
          4.677127
        ],
        [
          -0.008405,
          -0.953412,
          -0.301555,
          1.412855
        ],
        [
          0.0,
          0.0,
          0.0,
          1.0
        ]
      ]
    },
    {
      "file_path": "/media/NFS/ttao/scannet/posed_images/scene0350_02/00068.jpg",
      "transform_matrix": [
        [
          -0.771095,
          0.193261,
          -0.606682,
          2.530507
        ],
        [
          0.636594,
          0.214986,
          -0.740627,
          4.678196
        ],
        [
          -0.012706,
          -0.957304,
          -0.288803,
          1.422325
        ],
        [
          0.0,
          0.0,
          0.0,
          1.0
        ]
      ]
    },
    {
      "file_path": "/media/NFS/ttao/scannet/posed_images/scene0350_02/00072.jpg",
      "transform_matrix": [
        [
          -0.761038,
          0.176647,
          -0.624193,
          2.539355
        ],
        [
          0.648594,
          0.18921,
          -0.737242,
          4.684555
        ],
        [
          -0.012128,
          -0.965917,
          -0.258568,
          1.427838
        ],
        [
          0.0,
          0.0,
          0.0,
          1.0
        ]
      ]
    },
    {
      "file_path": "/media/NFS/ttao/scannet/posed_images/scene0350_02/00078.jpg",
      "transform_matrix": [
        [
          -0.74792,
          0.164528,
          -0.643076,
          2.543253
        ],
        [
          0.663577,
          0.160838,
          -0.730614,
          4.68083
        ],
        [
          -0.016776,
          -0.973171,
          -0.229471,
          1.447809
        ],
        [
          0.0,
          0.0,
          0.0,
          1.0
        ]
      ]
    },
    {
      "file_path": "/media/NFS/ttao/scannet/posed_images/scene0350_02/00085.jpg",
      "transform_matrix": [
        [
          -0.742206,
          0.13493,
          -0.656448,
          2.534588
        ],
        [
          0.669895,
          0.121226,
          -0.732492,
          4.664681
        ],
        [
          -0.019256,
          -0.983411,
          -0.180364,
          1.475435
        ],
        [
          0.0,
          0.0,
          0.0,
          1.0
        ]
      ]
    },
    {
      "file_path": "/media/NFS/ttao/scannet/posed_images/scene0350_02/00086.jpg",
      "transform_matrix": [
        [
          -0.742311,
          0.130784,
          -0.657169,
          2.530401
        ],
        [
          0.669794,
          0.117427,
          -0.733203,
          4.661358
        ],
        [
          -0.018721,
          -0.984432,
          -0.174766,
          1.480894
        ],
        [
          0.0,
          0.0,
          0.0,
          1.0
        ]
      ]
    },
    {
      "file_path": "/media/NFS/ttao/scannet/posed_images/scene0350_02/00090.jpg",
      "transform_matrix": [
        [
          -0.737064,
          0.116103,
          -0.665775,
          2.515089
        ],
        [
          0.675735,
          0.110693,
          -0.728787,
          4.648828
        ],
        [
          -0.010917,
          -0.98705,
          -0.160043,
          1.453482
        ],
        [
          0.0,
          0.0,
          0.0,
          1.0
        ]
      ]
    },
    {
      "file_path": "/media/NFS/ttao/scannet/posed_images/scene0350_02/00094.jpg",
      "transform_matrix": [
        [
          -0.710552,
          0.142652,
          -0.689033,
          2.498823
        ],
        [
          0.703391,
          0.117715,
          -0.700988,
          4.618734
        ],
        [
          -0.018888,
          -0.982748,
          -0.183983,
          1.443999
        ],
        [
          0.0,
          0.0,
          0.0,
          1.0
        ]
      ]
    },
    {
      "file_path": "/media/NFS/ttao/scannet/posed_images/scene0350_02/00100.jpg",
      "transform_matrix": [
        [
          -0.663355,
          0.192651,
          -0.723081,
          2.449237
        ],
        [
          0.746677,
          0.106708,
          -0.656572,
          4.580708
        ],
        [
          -0.04933,
          -0.975448,
          -0.214633,
          1.405672
        ],
        [
          0.0,
          0.0,
          0.0,
          1.0
        ]
      ]
    },
    {
      "file_path": "/media/NFS/ttao/scannet/posed_images/scene0350_02/00106.jpg",
      "transform_matrix": [
        [
          -0.660803,
          0.19221,
          -0.725531,
          2.404643
        ],
        [
          0.748237,
          0.092724,
          -0.656919,
          4.561426
        ],
        [
          -0.058992,
          -0.976964,
          -0.205091,
          1.419057
        ],
        [
          0.0,
          0.0,
          0.0,
          1.0
        ]
      ]
    },
    {
      "file_path": "/media/NFS/ttao/scannet/posed_images/scene0350_02/00111.jpg",
      "transform_matrix": [
        [
          -0.652865,
          0.170471,
          -0.738043,
          2.386293
        ],
        [
          0.756467,
          0.096511,
          -0.646872,
          4.557056
        ],
        [
          -0.039044,
          -0.980625,
          -0.191964,
          1.4154
        ],
        [
          0.0,
          0.0,
          0.0,
          1.0
        ]
      ]
    },
    {
      "file_path": "/media/NFS/ttao/scannet/posed_images/scene0350_02/00113.jpg",
      "transform_matrix": [
        [
          -0.64724,
          0.167142,
          -0.743737,
          2.378117
        ],
        [
          0.76176,
          0.105572,
          -0.639199,
          4.552269
        ],
        [
          -0.02832,
          -0.980264,
          -0.195653,
          1.424537
        ],
        [
          0.0,
          0.0,
          0.0,
          1.0
        ]
      ]
    },
    {
      "file_path": "/media/NFS/ttao/scannet/posed_images/scene0350_02/00120.jpg",
      "transform_matrix": [
        [
          -0.628601,
          0.140238,
          -0.76498,
          2.354949
        ],
        [
          0.777574,
          0.132882,
          -0.61459,
          4.531659
        ],
        [
          0.015463,
          -0.98116,
          -0.192575,
          1.429466
        ],
        [
          0.0,
          0.0,
          0.0,
          1.0
        ]
      ]
    },
    {
      "file_path": "/media/NFS/ttao/scannet/posed_images/scene0350_02/00126.jpg",
      "transform_matrix": [
        [
          -0.571574,
          0.153821,
          -0.806004,
          2.332579
        ],
        [
          0.82014,
          0.138137,
          -0.555236,
          4.504179
        ],
        [
          0.025932,
          -0.978395,
          -0.20511,
          1.44349
        ],
        [
          0.0,
          0.0,
          0.0,
          1.0
        ]
      ]
    },
    {
      "file_path": "/media/NFS/ttao/scannet/posed_images/scene0350_02/00130.jpg",
      "transform_matrix": [
        [
          -0.548306,
          0.162252,
          -0.820387,
          2.316176
        ],
        [
          0.835733,
          0.141709,
          -0.530536,
          4.490611
        ],
        [
          0.030176,
          -0.976521,
          -0.213299,
          1.431903
        ],
        [
          0.0,
          0.0,
          0.0,
          1.0
        ]
      ]
    },
    {
      "file_path": "/media/NFS/ttao/scannet/posed_images/scene0350_02/00131.jpg",
      "transform_matrix": [
        [
          -0.544159,
          0.163045,
          -0.822987,
          2.312262
        ],
        [
          0.838299,
          0.145236,
          -0.525511,
          4.487258
        ],
        [
          0.033845,
          -0.97587,
          -0.215712,
          1.433051
        ],
        [
          0.0,
          0.0,
          0.0,
          1.0
        ]
      ]
    },
    {
      "file_path": "/media/NFS/ttao/scannet/posed_images/scene0350_02/00138.jpg",
      "transform_matrix": [
        [
          -0.508409,
          0.153383,
          -0.847346,
          2.300396
        ],
        [
          0.860532,
          0.126728,
          -0.493381,
          4.439794
        ],
        [
          0.031706,
          -0.980007,
          -0.19642,
          1.427561
        ],
        [
          0.0,
          0.0,
          0.0,
          1.0
        ]
      ]
    },
    {
      "file_path": "/media/NFS/ttao/scannet/posed_images/scene0350_02/00141.jpg",
      "transform_matrix": [
        [
          -0.485987,
          0.144857,
          -0.861878,
          2.291872
        ],
        [
          0.87313,
          0.123585,
          -0.471561,
          4.403547
        ],
        [
          0.038206,
          -0.981704,
          -0.18654,
          1.429146
        ],
        [
          0.0,
          0.0,
          0.0,
          1.0
        ]
      ]
    },
    {
      "file_path": "/media/NFS/ttao/scannet/posed_images/scene0350_02/00146.jpg",
      "transform_matrix": [
        [
          -0.438221,
          0.159211,
          -0.884655,
          2.269964
        ],
        [
          0.898518,
          0.105019,
          -0.426188,
          4.345706
        ],
        [
          0.025051,
          -0.981643,
          -0.189075,
          1.426205
        ],
        [
          0.0,
          0.0,
          0.0,
          1.0
        ]
      ]
    },
    {
      "file_path": "/media/NFS/ttao/scannet/posed_images/scene0350_02/00152.jpg",
      "transform_matrix": [
        [
          -0.392818,
          0.174498,
          -0.902909,
          2.239135
        ],
        [
          0.919609,
          0.07844,
          -0.384924,
          4.265191
        ],
        [
          0.003655,
          -0.981528,
          -0.191283,
          1.422769
        ],
        [
          0.0,
          0.0,
          0.0,
          1.0
        ]
      ]
    },
    {
      "file_path": "/media/NFS/ttao/scannet/posed_images/scene0350_02/00157.jpg",
      "transform_matrix": [
        [
          -0.38013,
          0.16182,
          -0.910668,
          2.191812
        ],
        [
          0.92486,
          0.078859,
          -0.372041,
          4.239063
        ],
        [
          0.011611,
          -0.983664,
          -0.179638,
          1.428609
        ],
        [
          0.0,
          0.0,
          0.0,
          1.0
        ]
      ]
    },
    {
      "file_path": "/media/NFS/ttao/scannet/posed_images/scene0350_02/00158.jpg",
      "transform_matrix": [
        [
          -0.379265,
          0.15655,
          -0.911949,
          2.181786
        ],
        [
          0.925216,
          0.076433,
          -0.371662,
          4.235765
        ],
        [
          0.011519,
          -0.984708,
          -0.173831,
          1.425157
        ],
        [
          0.0,
          0.0,
          0.0,
          1.0
        ]
      ]
    },
    {
      "file_path": "/media/NFS/ttao/scannet/posed_images/scene0350_02/00162.jpg",
      "transform_matrix": [
        [
          -0.405413,
          0.141006,
          -0.903193,
          2.135965
        ],
        [
          0.914117,
          0.068472,
          -0.399626,
          4.230649
        ],
        [
          0.005494,
          -0.987638,
          -0.156656,
          1.421897
        ],
        [
          0.0,
          0.0,
          0.0,
          1.0
        ]
      ]
    },
    {
      "file_path": "/media/NFS/ttao/scannet/posed_images/scene0350_02/00171.jpg",
      "transform_matrix": [
        [
          -0.461953,
          0.104304,
          -0.88075,
          1.984519
        ],
        [
          0.886324,
          0.090195,
          -0.454196,
          4.252132
        ],
        [
          0.032065,
          -0.990447,
          -0.134113,
          1.438662
        ],
        [
          0.0,
          0.0,
          0.0,
          1.0
        ]
      ]
    },
    {
      "file_path": "/media/NFS/ttao/scannet/posed_images/scene0350_02/00172.jpg",
      "transform_matrix": [
        [
          -0.457052,
          0.104706,
          -0.883255,
          1.968551
        ],
        [
          0.888616,
          0.096479,
          -0.448389,
          4.252865
        ],
        [
          0.038266,
          -0.989812,
          -0.137139,
          1.440339
        ],
        [
          0.0,
          0.0,
          0.0,
          1.0
        ]
      ]
    },
    {
      "file_path": "/media/NFS/ttao/scannet/posed_images/scene0350_02/00179.jpg",
      "transform_matrix": [
        [
          -0.399181,
          0.142992,
          -0.905654,
          1.868382
        ],
        [
          0.916607,
          0.086008,
          -0.390429,
          4.259058
        ],
        [
          0.022065,
          -0.98598,
          -0.1654,
          1.449199
        ],
        [
          0.0,
          0.0,
          0.0,
          1.0
        ]
      ]
    },
    {
      "file_path": "/media/NFS/ttao/scannet/posed_images/scene0350_02/00184.jpg",
      "transform_matrix": [
        [
          -0.349976,
          0.144,
          -0.925625,
          1.840586
        ],
        [
          0.93658,
          0.073082,
          -0.342749,
          4.22758
        ],
        [
          0.01829,
          -0.986875,
          -0.160444,
          1.44254
        ],
        [
          0.0,
          0.0,
          0.0,
          1.0
        ]
      ]
    },
    {
      "file_path": "/media/NFS/ttao/scannet/posed_images/scene0350_02/00187.jpg",
      "transform_matrix": [
        [
          -0.325099,
          0.151149,
          -0.933523,
          1.826028
        ],
        [
          0.945596,
          0.065094,
          -0.318764,
          4.211214
        ],
        [
          0.012586,
          -0.986365,
          -0.164088,
          1.446258
        ],
        [
          0.0,
          0.0,
          0.0,
          1.0
        ]
      ]
    },
    {
      "file_path": "/media/NFS/ttao/scannet/posed_images/scene0350_02/00194.jpg",
      "transform_matrix": [
        [
          -0.22874,
          0.151936,
          -0.961558,
          1.822742
        ],
        [
          0.973288,
          0.015718,
          -0.229047,
          4.141871
        ],
        [
          -0.019686,
          -0.988265,
          -0.151473,
          1.455142
        ],
        [
          0.0,
          0.0,
          0.0,
          1.0
        ]
      ]
    },
    {
      "file_path": "/media/NFS/ttao/scannet/posed_images/scene0350_02/00198.jpg",
      "transform_matrix": [
        [
          -0.144737,
          0.15378,
          -0.977447,
          1.826486
        ],
        [
          0.988592,
          -0.019139,
          -0.149398,
          4.073701
        ],
        [
          -0.041681,
          -0.98792,
          -0.149256,
          1.46101
        ],
        [
          0.0,
          0.0,
          0.0,
          1.0
        ]
      ]
    },
    {
      "file_path": "/media/NFS/ttao/scannet/posed_images/scene0350_02/00201.jpg",
      "transform_matrix": [
        [
          -0.132372,
          0.167376,
          -0.976966,
          1.836535
        ],
        [
          0.990209,
          -0.021721,
          -0.137888,
          4.023754
        ],
        [
          -0.0443,
          -0.985654,
          -0.162862,
          1.45521
        ],
        [
          0.0,
          0.0,
          0.0,
          1.0
        ]
      ]
    },
    {
      "file_path": "/media/NFS/ttao/scannet/posed_images/scene0350_02/00206.jpg",
      "transform_matrix": [
        [
          -0.10349,
          0.187812,
          -0.976738,
          1.858292
        ],
        [
          0.994227,
          -0.008434,
          -0.106965,
          3.965083
        ],
        [
          -0.028327,
          -0.982169,
          -0.185855,
          1.449383
        ],
        [
          0.0,
          0.0,
          0.0,
          1.0
        ]
      ]
    },
    {
      "file_path": "/media/NFS/ttao/scannet/posed_images/scene0350_02/00212.jpg",
      "transform_matrix": [
        [
          -0.029741,
          0.175056,
          -0.984109,
          1.894517
        ],
        [
          0.99949,
          -0.006246,
          -0.031316,
          3.93546
        ],
        [
          -0.011629,
          -0.984539,
          -0.174781,
          1.44249
        ],
        [
          0.0,
          0.0,
          0.0,
          1.0
        ]
      ]
    },
    {
      "file_path": "/media/NFS/ttao/scannet/posed_images/scene0350_02/00213.jpg",
      "transform_matrix": [
        [
          -0.013689,
          0.174792,
          -0.984511,
          1.900742
        ],
        [
          0.999838,
          -0.009093,
          -0.015516,
          3.933453
        ],
        [
          -0.011664,
          -0.984563,
          -0.174639,
          1.444727
        ],
        [
          0.0,
          0.0,
          0.0,
          1.0
        ]
      ]
    },
    {
      "file_path": "/media/NFS/ttao/scannet/posed_images/scene0350_02/00221.jpg",
      "transform_matrix": [
        [
          0.065421,
          0.195419,
          -0.978536,
          1.961398
        ],
        [
          0.995908,
          -0.074059,
          0.051792,
          3.918076
        ],
        [
          -0.062348,
          -0.97792,
          -0.199464,
          1.441754
        ],
        [
          0.0,
          0.0,
          0.0,
          1.0
        ]
      ]
    },
    {
      "file_path": "/media/NFS/ttao/scannet/posed_images/scene0350_02/00225.jpg",
      "transform_matrix": [
        [
          0.081701,
          0.228777,
          -0.970044,
          1.990967
        ],
        [
          0.993329,
          -0.098155,
          0.060513,
          3.909453
        ],
        [
          -0.081371,
          -0.968518,
          -0.23527,
          1.435892
        ],
        [
          0.0,
          0.0,
          0.0,
          1.0
        ]
      ]
    },
    {
      "file_path": "/media/NFS/ttao/scannet/posed_images/scene0350_02/00227.jpg",
      "transform_matrix": [
        [
          0.090449,
          0.232322,
          -0.968424,
          2.005423
        ],
        [
          0.99195,
          -0.107553,
          0.066844,
          3.907955
        ],
        [
          -0.088627,
          -0.966674,
          -0.240179,
          1.436573
        ],
        [
          0.0,
          0.0,
          0.0,
          1.0
        ]
      ]
    },
    {
      "file_path": "/media/NFS/ttao/scannet/posed_images/scene0350_02/00232.jpg",
      "transform_matrix": [
        [
          0.126318,
          0.261818,
          -0.956815,
          2.021971
        ],
        [
          0.987468,
          -0.125179,
          0.096111,
          3.915978
        ],
        [
          -0.094609,
          -0.956965,
          -0.274349,
          1.426506
        ],
        [
          0.0,
          0.0,
          0.0,
          1.0
        ]
      ]
    },
    {
      "file_path": "/media/NFS/ttao/scannet/posed_images/scene0350_02/00239.jpg",
      "transform_matrix": [
        [
          0.213143,
          0.286639,
          -0.934028,
          2.033914
        ],
        [
          0.973026,
          -0.148642,
          0.176426,
          3.90234
        ],
        [
          -0.088266,
          -0.946437,
          -0.310589,
          1.419804
        ],
        [
          0.0,
          0.0,
          0.0,
          1.0
        ]
      ]
    },
    {
      "file_path": "/media/NFS/ttao/scannet/posed_images/scene0350_02/00242.jpg",
      "transform_matrix": [
        [
          0.236863,
          0.288578,
          -0.927696,
          2.036395
        ],
        [
          0.968959,
          -0.139769,
          0.20392,
          3.920694
        ],
        [
          -0.070817,
          -0.9472,
          -0.312726,
          1.418857
        ],
        [
          0.0,
          0.0,
          0.0,
          1.0
        ]
      ]
    },
    {
      "file_path": "/media/NFS/ttao/scannet/posed_images/scene0350_02/00246.jpg",
      "transform_matrix": [
        [
          0.264075,
          0.29366,
          -0.91871,
          2.036508
        ],
        [
          0.962573,
          -0.140461,
          0.231785,
          3.909904
        ],
        [
          -0.060977,
          -0.945534,
          -0.319761,
          1.417448
        ],
        [
          0.0,
          0.0,
          0.0,
          1.0
        ]
      ]
    },
    {
      "file_path": "/media/NFS/ttao/scannet/posed_images/scene0350_02/00253.jpg",
      "transform_matrix": [
        [
          0.31724,
          0.321424,
          -0.892214,
          2.026692
        ],
        [
          0.947989,
          -0.133258,
          0.289065,
          3.913289
        ],
        [
          -0.025982,
          -0.937512,
          -0.346982,
          1.398128
        ],
        [
          0.0,
          0.0,
          0.0,
          1.0
        ]
      ]
    },
    {
      "file_path": "/media/NFS/ttao/scannet/posed_images/scene0350_02/00254.jpg",
      "transform_matrix": [
        [
          0.331496,
          0.324801,
          -0.885785,
          2.021245
        ],
        [
          0.943167,
          -0.137355,
          0.302605,
          3.907799
        ],
        [
          -0.02338,
          -0.935755,
          -0.351874,
          1.398903
        ],
        [
          0.0,
          0.0,
          0.0,
          1.0
        ]
      ]
    },
    {
      "file_path": "/media/NFS/ttao/scannet/posed_images/scene0350_02/00261.jpg",
      "transform_matrix": [
        [
          0.470791,
          0.311275,
          -0.825508,
          1.990824
        ],
        [
          0.882231,
          -0.171398,
          0.43851,
          3.89637
        ],
        [
          -0.004993,
          -0.934736,
          -0.355309,
          1.367918
        ],
        [
          0.0,
          0.0,
          0.0,
          1.0
        ]
      ]
    },
    {
      "file_path": "/media/NFS/ttao/scannet/posed_images/scene0350_02/00266.jpg",
      "transform_matrix": [
        [
          0.576292,
          0.308063,
          -0.756958,
          1.939001
        ],
        [
          0.817083,
          -0.235595,
          0.526185,
          3.876815
        ],
        [
          -0.016237,
          -0.921733,
          -0.387484,
          1.37076
        ],
        [
          0.0,
          0.0,
          0.0,
          1.0
        ]
      ]
    },
    {
      "file_path": "/media/NFS/ttao/scannet/posed_images/scene0350_02/00270.jpg",
      "transform_matrix": [
        [
          0.608594,
          0.309582,
          -0.730597,
          1.915625
        ],
        [
          0.792979,
          -0.270078,
          0.546116,
          3.849816
        ],
        [
          -0.02825,
          -0.911711,
          -0.40986,
          1.355318
        ],
        [
          0.0,
          0.0,
          0.0,
          1.0
        ]
      ]
    },
    {
      "file_path": "/media/NFS/ttao/scannet/posed_images/scene0350_02/00273.jpg",
      "transform_matrix": [
        [
          0.62779,
          0.309377,
          -0.714259,
          1.899228
        ],
        [
          0.777772,
          -0.285658,
          0.559884,
          3.831295
        ],
        [
          -0.030818,
          -0.90702,
          -0.419958,
          1.348124
        ],
        [
          0.0,
          0.0,
          0.0,
          1.0
        ]
      ]
    },
    {
      "file_path": "/media/NFS/ttao/scannet/posed_images/scene0350_02/00277.jpg",
      "transform_matrix": [
        [
          0.672509,
          0.2999,
          -0.676603,
          1.883292
        ],
        [
          0.739596,
          -0.305723,
          0.59961,
          3.819241
        ],
        [
          -0.02703,
          -0.903656,
          -0.427406,
          1.346953
        ],
        [
          0.0,
          0.0,
          0.0,
          1.0
        ]
      ]
    },
    {
      "file_path": "/media/NFS/ttao/scannet/posed_images/scene0350_02/00284.jpg",
      "transform_matrix": [
        [
          0.753093,
          0.281809,
          -0.594504,
          1.865539
        ],
        [
          0.65771,
          -0.344989,
          0.669627,
          3.827585
        ],
        [
          -0.01639,
          -0.895302,
          -0.445157,
          1.341336
        ],
        [
          0.0,
          0.0,
          0.0,
          1.0
        ]
      ]
    },
    {
      "file_path": "/media/NFS/ttao/scannet/posed_images/scene0350_02/00288.jpg",
      "transform_matrix": [
        [
          0.798266,
          0.262015,
          -0.542329,
          1.862138
        ],
        [
          0.601969,
          -0.377168,
          0.703831,
          3.840878
        ],
        [
          -0.020135,
          -0.888309,
          -0.458805,
          1.342803
        ],
        [
          0.0,
          0.0,
          0.0,
          1.0
        ]
      ]
    },
    {
      "file_path": "/media/NFS/ttao/scannet/posed_images/scene0350_02/00293.jpg",
      "transform_matrix": [
        [
          0.857389,
          0.222916,
          -0.463888,
          1.882844
        ],
        [
          0.513941,
          -0.41874,
          0.748679,
          3.86396
        ],
        [
          -0.027356,
          -0.880321,
          -0.473589,
          1.322915
        ],
        [
          0.0,
          0.0,
          0.0,
          1.0
        ]
      ]
    },
    {
      "file_path": "/media/NFS/ttao/scannet/posed_images/scene0350_02/00298.jpg",
      "transform_matrix": [
        [
          0.895289,
          0.194758,
          -0.400657,
          1.883597
        ],
        [
          0.444443,
          -0.451984,
          0.773422,
          3.88169
        ],
        [
          -0.03046,
          -0.870506,
          -0.491215,
          1.32068
        ],
        [
          0.0,
          0.0,
          0.0,
          1.0
        ]
      ]
    },
    {
      "file_path": "/media/NFS/ttao/scannet/posed_images/scene0350_02/00300.jpg",
      "transform_matrix": [
        [
          0.907346,
          0.179073,
          -0.380336,
          1.89727
        ],
        [
          0.418953,
          -0.459772,
          0.782999,
          3.893037
        ],
        [
          -0.034654,
          -0.869795,
          -0.492195,
          1.312327
        ],
        [
          0.0,
          0.0,
          0.0,
          1.0
        ]
      ]
    },
    {
      "file_path": "/media/NFS/ttao/scannet/posed_images/scene0350_02/00306.jpg",
      "transform_matrix": [
        [
          0.936286,
          0.142825,
          -0.320888,
          1.894165
        ],
        [
          0.348204,
          -0.497257,
          0.794663,
          3.924187
        ],
        [
          -0.046067,
          -0.855767,
          -0.515307,
          1.316212
        ],
        [
          0.0,
          0.0,
          0.0,
          1.0
        ]
      ]
    },
    {
      "file_path": "/media/NFS/ttao/scannet/posed_images/scene0350_02/00310.jpg",
      "transform_matrix": [
        [
          0.948048,
          0.121524,
          -0.294003,
          1.89602
        ],
        [
          0.314249,
          -0.501633,
          0.805985,
          3.937672
        ],
        [
          -0.049535,
          -0.856502,
          -0.513761,
          1.317124
        ],
        [
          0.0,
          0.0,
          0.0,
          1.0
        ]
      ]
    },
    {
      "file_path": "/media/NFS/ttao/scannet/posed_images/scene0350_02/00313.jpg",
      "transform_matrix": [
        [
          0.957196,
          0.103825,
          -0.27018,
          1.889568
        ],
        [
          0.284825,
          -0.503952,
          0.815419,
          3.945076
        ],
        [
          -0.051497,
          -0.857469,
          -0.511952,
          1.318546
        ],
        [
          0.0,
          0.0,
          0.0,
          1.0
        ]
      ]
    },
    {
      "file_path": "/media/NFS/ttao/scannet/posed_images/scene0350_02/00318.jpg",
      "transform_matrix": [
        [
          0.975093,
          0.067364,
          -0.211321,
          1.869673
        ],
        [
          0.216204,
          -0.501316,
          0.837818,
          3.956325
        ],
        [
          -0.0495,
          -0.862638,
          -0.503394,
          1.323692
        ],
        [
          0.0,
          0.0,
          0.0,
          1.0
        ]
      ]
    },
    {
      "file_path": "/media/NFS/ttao/scannet/posed_images/scene0350_02/00324.jpg",
      "transform_matrix": [
        [
          0.991292,
          -0.016534,
          -0.130645,
          1.830227
        ],
        [
          0.10645,
          -0.483419,
          0.868893,
          3.955968
        ],
        [
          -0.077523,
          -0.875233,
          -0.477449,
          1.322085
        ],
        [
          0.0,
          0.0,
          0.0,
          1.0
        ]
      ]
    },
    {
      "file_path": "/media/NFS/ttao/scannet/posed_images/scene0350_02/00326.jpg",
      "transform_matrix": [
        [
          0.994354,
          -0.057066,
          -0.08947,
          1.809356
        ],
        [
          0.051544,
          -0.477255,
          0.877252,
          3.952261
        ],
        [
          -0.092761,
          -0.87691,
          -0.471619,
          1.3243
        ],
        [
          0.0,
          0.0,
          0.0,
          1.0
        ]
      ]
    },
    {
      "file_path": "/media/NFS/ttao/scannet/posed_images/scene0350_02/00332.jpg",
      "transform_matrix": [
        [
          0.993131,
          -0.116445,
          -0.011452,
          1.766138
        ],
        [
          -0.046627,
          -0.483627,
          0.874031,
          3.935926
        ],
        [
          -0.107315,
          -0.867494,
          -0.485734,
          1.338975
        ],
        [
          0.0,
          0.0,
          0.0,
          1.0
        ]
      ]
    },
    {
      "file_path": "/media/NFS/ttao/scannet/posed_images/scene0350_02/00339.jpg",
      "transform_matrix": [
        [
          0.983159,
          -0.145717,
          0.110294,
          1.72353
        ],
        [
          -0.168118,
          -0.484509,
          0.858479,
          3.926973
        ],
        [
          -0.071657,
          -0.862564,
          -0.500848,
          1.352412
        ],
        [
          0.0,
          0.0,
          0.0,
          1.0
        ]
      ]
    },
    {
      "file_path": "/media/NFS/ttao/scannet/posed_images/scene0350_02/00344.jpg",
      "transform_matrix": [
        [
          0.976656,
          -0.150476,
          0.153301,
          1.73605
        ],
        [
          -0.207971,
          -0.483689,
          0.850172,
          3.922518
        ],
        [
          -0.05378,
          -0.862207,
          -0.503692,
          1.342791
        ],
        [
          0.0,
          0.0,
          0.0,
          1.0
        ]
      ]
    },
    {
      "file_path": "/media/NFS/ttao/scannet/posed_images/scene0350_02/00345.jpg",
      "transform_matrix": [
        [
          0.974906,
          -0.154685,
          0.160101,
          1.736522
        ],
        [
          -0.215906,
          -0.481688,
          0.84933,
          3.922162
        ],
        [
          -0.05426,
          -0.862583,
          -0.502998,
          1.343463
        ],
        [
          0.0,
          0.0,
          0.0,
          1.0
        ]
      ]
    },
    {
      "file_path": "/media/NFS/ttao/scannet/posed_images/scene0350_02/00351.jpg",
      "transform_matrix": [
        [
          0.963613,
          -0.161159,
          0.213257,
          1.749301
        ],
        [
          -0.265052,
          -0.472757,
          0.840386,
          3.930793
        ],
        [
          -0.034617,
          -0.866331,
          -0.49827,
          1.340794
