{
  "frames": [
    {
      "file_path": "/media/NFS/ttao/scannet/posed_images/scene0615_00/00000.jpg",
      "transform_matrix": [
        [
          -0.629161,
          0.33544,
          -0.701168,
          2.162747
        ],
        [
          0.777265,
          0.266832,
          -0.569789,
          3.744432
        ],
        [
          -0.004036,
          -0.903482,
          -0.428606,
          1.496593
        ],
        [
          0.0,
          0.0,
          0.0,
          1.0
        ]
      ]
    },
    {
      "file_path": "/media/NFS/ttao/scannet/posed_images/scene0615_00/00003.jpg",
      "transform_matrix": [
        [
          -0.616747,
          0.337157,
          -0.7113,
          2.169793
        ],
        [
          0.787136,
          0.271356,
          -0.55388,
          3.741683
        ],
        [
          0.006271,
          -0.901494,
          -0.432747,
          1.490853
        ],
        [
          0.0,
          0.0,
          0.0,
          1.0
        ]
      ]
    },
    {
      "file_path": "/media/NFS/ttao/scannet/posed_images/scene0615_00/00009.jpg",
      "transform_matrix": [
        [
          -0.57967,
          0.367226,
          -0.727412,
          2.179389
        ],
        [
          0.814447,
          0.28923,
          -0.503013,
          3.72978
        ],
        [
          0.02567,
          -0.88402,
          -0.466744,
          1.476003
        ],
        [
          0.0,
          0.0,
          0.0,
          1.0
        ]
      ]
    },
    {
      "file_path": "/media/NFS/ttao/scannet/posed_images/scene0615_00/00012.jpg",
      "transform_matrix": [
        [
          -0.572859,
          0.385438,
          -0.723374,
          2.180193
        ],
        [
          0.819373,
          0.292398,
          -0.493084,
          3.719153
        ],
        [
          0.02146,
          -0.875181,
          -0.48332,
          1.462805
        ],
        [
          0.0,
          0.0,
          0.0,
          1.0
        ]
      ]
    },
    {
      "file_path": "/media/NFS/ttao/scannet/posed_images/scene0615_00/00017.jpg",
      "transform_matrix": [
        [
          -0.49964,
          0.427817,
          -0.753215,
          2.186765
        ],
        [
          0.864805,
          0.296268,
          -0.405386,
          3.714931
        ],
        [
          0.049722,
          -0.853931,
          -0.518006,
          1.422397
        ],
        [
          0.0,
          0.0,
          0.0,
          1.0
        ]
      ]
    },
    {
      "file_path": "/media/NFS/ttao/scannet/posed_images/scene0615_00/00018.jpg",
      "transform_matrix": [
        [
          -0.489998,
          0.435811,
          -0.754964,
          2.182781
        ],
        [
          0.870212,
          0.29552,
          -0.394206,
          3.712217
        ],
        [
          0.051307,
          -0.850139,
          -0.524053,
          1.425058
        ],
        [
          0.0,
          0.0,
          0.0,
          1.0
        ]
      ]
    },
    {
      "file_path": "/media/NFS/ttao/scannet/posed_images/scene0615_00/00024.jpg",
      "transform_matrix": [
        [
          -0.439922,
          0.4299,
          -0.78845,
          2.197516
        ],
        [
          0.895604,
          0.274594,
          -0.349988,
          3.73662
        ],
        [
          0.066044,
          -0.860107,
          -0.50582,
          1.422258
        ],
        [
          0.0,
          0.0,
          0.0,
          1.0
        ]
      ]
    },
    {
      "file_path": "/media/NFS/ttao/scannet/posed_images/scene0615_00/00026.jpg",
      "transform_matrix": [
        [
          -0.447709,
          0.435628,
          -0.780887,
          2.206178
        ],
        [
          0.892333,
          0.273756,
          -0.358886,
          3.763898
        ],
        [
          0.057432,
          -0.857488,
          -0.511288,
          1.426877
        ],
        [
          0.0,
          0.0,
          0.0,
          1.0
        ]
      ]
    },
    {
      "file_path": "/media/NFS/ttao/scannet/posed_images/scene0615_00/00029.jpg",
      "transform_matrix": [
        [
          -0.446436,
          0.436978,
          -0.780862,
          2.219393
        ],
        [
          0.893643,
          0.262393,
          -0.364078,
          3.800544
        ],
        [
          0.045799,
          -0.860349,
          -0.507644,
          1.432373
        ],
        [
          0.0,
          0.0,
          0.0,
          1.0
        ]
      ]
    },
    {
      "file_path": "/media/NFS/ttao/scannet/posed_images/scene0615_00/00033.jpg",
      "transform_matrix": [
        [
          -0.450361,
          0.443273,
          -0.775038,
          2.245356
        ],
        [
          0.892751,
          0.236278,
          -0.383626,
          3.882058
        ],
        [
          0.013073,
          -0.864686,
          -0.502143,
          1.440993
        ],
        [
          0.0,
          0.0,
          0.0,
          1.0
        ]
      ]
    },
    {
      "file_path": "/media/NFS/ttao/scannet/posed_images/scene0615_00/00040.jpg",
      "transform_matrix": [
        [
          -0.419209,
          0.471834,
          -0.775652,
          2.285123
        ],
        [
          0.907888,
          0.219563,
          -0.357115,
          4.051241
        ],
        [
          0.001805,
          -0.853911,
          -0.520415,
          1.420537
        ],
        [
          0.0,
          0.0,
          0.0,
          1.0
        ]
      ]
    },
    {
      "file_path": "/media/NFS/ttao/scannet/posed_images/scene0615_00/00041.jpg",
      "transform_matrix": [
        [
          -0.407194,
          0.475503,
          -0.779801,
          2.29337
        ],
        [
          0.913327,
          0.216807,
          -0.344715,
          4.062944
        ],
        [
          0.005153,
          -0.852579,
          -0.522572,
          1.416839
        ],
        [
          0.0,
          0.0,
          0.0,
          1.0
        ]
      ]
    },
    {
      "file_path": "/media/NFS/ttao/scannet/posed_images/scene0615_00/00045.jpg",
      "transform_matrix": [
        [
          -0.350554,
          0.490011,
          -0.798123,
          2.316736
        ],
        [
          0.936534,
          0.179823,
          -0.300945,
          4.123385
        ],
        [
          -0.003945,
          -0.852967,
          -0.52195,
          1.409019
        ],
        [
          0.0,
          0.0,
          0.0,
          1.0
        ]
      ]
    },
    {
      "file_path": "/media/NFS/ttao/scannet/posed_images/scene0615_00/00049.jpg",
      "transform_matrix": [
        [
          -0.305051,
          0.513936,
          -0.801757,
          2.326194
        ],
        [
          0.952335,
          0.163178,
          -0.257744,
          4.163038
        ],
        [
          -0.001634,
          -0.842166,
          -0.539217,
          1.405279
        ],
        [
          0.0,
          0.0,
          0.0,
          1.0
        ]
      ]
    },
    {
      "file_path": "/media/NFS/ttao/scannet/posed_images/scene0615_00/00052.jpg",
      "transform_matrix": [
        [
          -0.219189,
          0.49112,
          -0.843064,
          2.299484
        ],
        [
          0.97549,
          0.127478,
          -0.179357,
          4.241067
        ],
        [
          0.019386,
          -0.861714,
          -0.507024,
          1.445247
        ],
        [
          0.0,
          0.0,
          0.0,
          1.0
        ]
      ]
    },
    {
      "file_path": "/media/NFS/ttao/scannet/posed_images/scene0615_00/00059.jpg",
      "transform_matrix": [
        [
          0.028745,
          0.311482,
          -0.949817,
          2.310989
        ],
        [
          0.996455,
          0.06623,
          0.051876,
          4.295219
        ],
        [
          0.079065,
          -0.947941,
          -0.308474,
          1.577914
        ],
        [
          0.0,
          0.0,
          0.0,
          1.0
        ]
      ]
    },
    {
      "file_path": "/media/NFS/ttao/scannet/posed_images/scene0615_00/00062.jpg",
      "transform_matrix": [
        [
          0.156293,
          0.259994,
          -0.952878,
          2.346509
        ],
        [
          0.978319,
          0.091972,
          0.18556,
          4.368041
        ],
        [
          0.135882,
          -0.96122,
          -0.239982,
          1.61844
        ],
        [
          0.0,
          0.0,
          0.0,
          1.0
        ]
      ]
    },
    {
      "file_path": "/media/NFS/ttao/scannet/posed_images/scene0615_00/00063.jpg",
      "transform_matrix": [
        [
          0.207578,
          0.262525,
          -0.942333,
          2.343485
        ],
        [
          0.96657,
          0.093175,
          0.238874,
          4.364468
        ],
        [
          0.150512,
          -0.960416,
          -0.234408,
          1.630909
        ],
        [
          0.0,
          0.0,
          0.0,
          1.0
        ]
      ]
    },
    {
      "file_path": "/media/NFS/ttao/scannet/posed_images/scene0615_00/00067.jpg",
      "transform_matrix": [
        [
          0.337093,
          0.204158,
          -0.919069,
          2.358744
        ],
        [
          0.929414,
          0.083574,
          0.359452,
          4.376556
        ],
        [
          0.150195,
          -0.975364,
          -0.161575,
          1.664139
        ],
        [
          0.0,
          0.0,
          0.0,
          1.0
        ]
      ]
    },
    {
      "file_path": "/media/NFS/ttao/scannet/posed_images/scene0615_00/00074.jpg",
      "transform_matrix": [
        [
          0.452784,
          0.11752,
          -0.883842,
          2.395305
        ],
        [
          0.884712,
          0.063944,
          0.461732,
          4.41042
        ],
        [
          0.110779,
          -0.99101,
          -0.075018,
          1.700812
        ],
        [
          0.0,
          0.0,
          0.0,
          1.0
        ]
      ]
    },
    {
      "file_path": "/media/NFS/ttao/scannet/posed_images/scene0615_00/00075.jpg",
      "transform_matrix": [
        [
          0.474415,
          0.107592,
          -0.873702,
          2.398888
        ],
        [
          0.874064,
          0.06037,
          0.482045,
          4.404926
        ],
        [
          0.104609,
          -0.992361,
          -0.065402,
          1.706003
        ],
        [
          0.0,
          0.0,
          0.0,
          1.0
        ]
      ]
    },
    {
      "file_path": "/media/NFS/ttao/scannet/posed_images/scene0615_00/00080.jpg",
      "transform_matrix": [
        [
          0.514139,
          0.078031,
          -0.85415,
          2.419397
        ],
        [
          0.854984,
          0.032665,
          0.517625,
          4.417665
        ],
        [
          0.068292,
          -0.996416,
          -0.049921,
          1.721614
        ],
        [
          0.0,
          0.0,
          0.0,
          1.0
        ]
      ]
    },
    {
      "file_path": "/media/NFS/ttao/scannet/posed_images/scene0615_00/00085.jpg",
      "transform_matrix": [
        [
          0.542149,
          0.085833,
          -0.835887,
          2.434767
        ],
        [
          0.840004,
          -0.029761,
          0.541763,
          4.428159
        ],
        [
          0.021624,
          -0.995865,
          -0.088235,
          1.691718
        ],
        [
          0.0,
          0.0,
          0.0,
          1.0
        ]
      ]
    },
    {
      "file_path": "/media/NFS/ttao/scannet/posed_images/scene0615_00/00086.jpg",
      "transform_matrix": [
        [
          0.540901,
          0.088314,
          -0.836437,
          2.437521
        ],
        [
          0.840959,
          -0.039508,
          0.539654,
          4.43257
        ],
        [
          0.014613,
          -0.995309,
          -0.095638,
          1.68445
        ],
        [
          0.0,
          0.0,
          0.0,
          1.0
        ]
      ]
    },
    {
      "file_path": "/media/NFS/ttao/scannet/posed_images/scene0615_00/00092.jpg",
      "transform_matrix": [
        [
          0.560744,
          0.138437,
          -0.816334,
          2.438265
        ],
        [
          0.827987,
          -0.091525,
          0.553228,
          4.432682
        ],
        [
          0.001872,
          -0.986133,
          -0.165946,
          1.664229
        ],
        [
          0.0,
          0.0,
          0.0,
          1.0
        ]
      ]
    },
    {
      "file_path": "/media/NFS/ttao/scannet/posed_images/scene0615_00/00095.jpg",
      "transform_matrix": [
        [
          0.568865,
          0.167529,
          -0.805187,
          2.441189
        ],
        [
          0.822418,
          -0.121216,
          0.555819,
          4.430298
        ],
        [
          -0.004486,
          -0.978387,
          -0.206734,
          1.645808
        ],
        [
          0.0,
          0.0,
          0.0,
          1.0
        ]
      ]
    },
    {
      "file_path": "/media/NFS/ttao/scannet/posed_images/scene0615_00/00097.jpg",
      "transform_matrix": [
        [
          0.566294,
          0.183239,
          -0.803576,
          2.442135
        ],
        [
          0.824167,
          -0.135006,
          0.55002,
          4.433063
        ],
        [
          -0.007703,
          -0.973754,
          -0.227473,
          1.635105
        ],
        [
          0.0,
          0.0,
          0.0,
          1.0
        ]
      ]
    },
    {
      "file_path": "/media/NFS/ttao/scannet/posed_images/scene0615_00/00101.jpg",
      "transform_matrix": [
        [
          0.554474,
          0.238762,
          -0.797215,
          2.434881
        ],
        [
          0.832184,
          -0.165165,
          0.529329,
          4.438161
        ],
        [
          -0.005288,
          -0.956929,
          -0.290274,
          1.610153
        ],
        [
          0.0,
          0.0,
          0.0,
          1.0
        ]
      ]
    },
    {
      "file_path": "/media/NFS/ttao/scannet/posed_images/scene0615_00/00108.jpg",
      "transform_matrix": [
        [
          0.506128,
          0.336265,
          -0.794204,
          2.41797
        ],
        [
          0.862404,
          -0.207618,
          0.461686,
          4.441636
        ],
        [
          -0.009642,
          -0.918597,
          -0.395077,
          1.556545
        ],
        [
          0.0,
          0.0,
          0.0,
          1.0
        ]
      ]
    },
    {
      "file_path": "/media/NFS/ttao/scannet/posed_images/scene0615_00/00109.jpg",
      "transform_matrix": [
        [
          0.497934,
          0.344655,
          -0.795785,
          2.418836
        ],
        [
          0.867113,
          -0.211905,
          0.450789,
          4.445704
        ],
        [
          -0.013264,
          -0.9145,
          -0.40437,
          1.545661
        ],
        [
          0.0,
          0.0,
          0.0,
          1.0
        ]
      ]
    },
    {
      "file_path": "/media/NFS/ttao/scannet/posed_images/scene0615_00/00114.jpg",
      "transform_matrix": [
        [
          0.452789,
          0.414833,
          -0.789237,
          2.409721
        ],
        [
          0.89137,
          -0.231483,
          0.389712,
          4.467587
        ],
        [
          -0.02103,
          -0.87996,
          -0.474583,
          1.51442
        ],
        [
          0.0,
          0.0,
          0.0,
          1.0
        ]
      ]
    },
    {
      "file_path": "/media/NFS/ttao/scannet/posed_images/scene0615_00/00119.jpg",
      "transform_matrix": [
        [
          0.427876,
          0.469223,
          -0.772498,
          2.399426
        ],
        [
          0.903386,
          -0.249045,
          0.3491,
          4.475698
        ],
        [
          -0.028581,
          -0.847235,
          -0.530449,
          1.480225
        ],
        [
          0.0,
          0.0,
          0.0,
          1.0
        ]
      ]
    },
    {
      "file_path": "/media/NFS/ttao/scannet/posed_images/scene0615_00/00120.jpg",
      "transform_matrix": [
        [
          0.420251,
          0.493856,
          -0.761246,
          2.388838
        ],
        [
          0.90731,
          -0.241027,
          0.344521,
          4.463841
        ],
        [
          -0.013337,
          -0.835472,
          -0.549372,
          1.46897
        ],
        [
          0.0,
          0.0,
          0.0,
          1.0
        ]
      ]
    },
    {
      "file_path": "/media/NFS/ttao/scannet/posed_images/scene0615_00/00126.jpg",
      "transform_matrix": [
        [
          0.378862,
          0.556472,
          -0.739461,
          2.375331
        ],
        [
          0.925447,
          -0.23084,
          0.300435,
          4.454811
        ],
        [
          -0.003513,
          -0.798155,
          -0.602442,
          1.438294
        ],
        [
          0.0,
          0.0,
          0.0,
          1.0
        ]
      ]
    },
    {
      "file_path": "/media/NFS/ttao/scannet/posed_images/scene0615_00/00129.jpg",
      "transform_matrix": [
        [
          0.355025,
          0.575816,
          -0.736474,
          2.370581
        ],
        [
          0.934848,
          -0.222159,
          0.276956,
          4.448297
        ],
        [
          -0.004138,
          -0.786817,
          -0.617173,
          1.427336
        ],
        [
          0.0,
          0.0,
          0.0,
          1.0
        ]
      ]
    },
    {
      "file_path": "/media/NFS/ttao/scannet/posed_images/scene0615_00/00134.jpg",
      "transform_matrix": [
        [
          0.29783,
          0.609195,
          -0.734968,
          2.361294
        ],
        [
          0.954619,
          -0.190822,
          0.228671,
          4.426096
        ],
        [
          -0.000943,
          -0.769719,
          -0.638382,
          1.407997
        ],
        [
          0.0,
          0.0,
          0.0,
          1.0
        ]
      ]
    },
    {
      "file_path": "/media/NFS/ttao/scannet/posed_images/scene0615_00/00138.jpg",
      "transform_matrix": [
        [
          0.23231,
          0.620827,
          -0.748737,
          2.353316
        ],
        [
          0.972594,
          -0.155945,
          0.172461,
          4.404676
        ],
        [
          -0.009693,
          -0.768281,
          -0.64004,
          1.399896
        ],
        [
          0.0,
          0.0,
          0.0,
          1.0
        ]
      ]
    },
    {
      "file_path": "/media/NFS/ttao/scannet/posed_images/scene0615_00/00140.jpg",
      "transform_matrix": [
        [
          0.192597,
          0.62531,
          -0.756237,
          2.352995
        ],
        [
          0.981217,
          -0.13132,
          0.14131,
          4.390202
        ],
        [
          -0.010946,
          -0.769248,
          -0.638857,
          1.389144
        ],
        [
          0.0,
          0.0,
          0.0,
          1.0
        ]
      ]
    },
    {
      "file_path": "/media/NFS/ttao/scannet/posed_images/scene0615_00/00143.jpg",
      "transform_matrix": [
        [
          0.151219,
          0.630443,
          -0.761364,
          2.34647
        ],
        [
          0.988382,
          -0.108351,
          0.106589,
          4.372758
        ],
        [
          -0.015296,
          -0.768636,
          -0.639503,
          1.388747
        ],
        [
          0.0,
          0.0,
          0.0,
          1.0
        ]
      ]
    },
    {
      "file_path": "/media/NFS/ttao/scannet/posed_images/scene0615_00/00146.jpg",
      "transform_matrix": [
        [
          0.080517,
          0.632806,
          -0.770113,
          2.343603
        ],
        [
          0.996388,
          -0.072021,
          0.044995,
          4.352412
        ],
        [
          -0.026992,
          -0.770953,
          -0.636319,
          1.382978
        ],
        [
          0.0,
          0.0,
          0.0,
          1.0
        ]
      ]
    },
    {
      "file_path": "/media/NFS/ttao/scannet/posed_images/scene0615_00/00153.jpg",
      "transform_matrix": [
        [
          -0.059573,
          0.638325,
          -0.767458,
          2.338692
        ],
        [
          0.997983,
          0.021179,
          -0.059852,
          4.295416
        ],
        [
          -0.021951,
          -0.769475,
          -0.638299,
          1.373244
        ],
        [
          0.0,
          0.0,
          0.0,
          1.0
        ]
      ]
    },
    {
      "file_path": "/media/NFS/ttao/scannet/posed_images/scene0615_00/00154.jpg",
      "transform_matrix": [
        [
          -0.079565,
          0.63775,
          -0.766123,
          2.337686
        ],
        [
          0.996576,
          0.033551,
          -0.075569,
          4.290054
        ],
        [
          -0.02249,
          -0.769513,
          -0.638236,
          1.371185
        ],
        [
          0.0,
          0.0,
          0.0,
          1.0
        ]
      ]
    },
    {
      "file_path": "/media/NFS/ttao/scannet/posed_images/scene0615_00/00157.jpg",
      "transform_matrix": [
        [
          -0.160866,
          0.636943,
          -0.75394,
          2.339372
        ],
        [
          0.986784,
          0.088738,
          -0.13558,
          4.258094
        ],
        [
          -0.019453,
          -0.765787,
          -0.6428,
          1.357587
        ],
        [
          0.0,
          0.0,
          0.0,
          1.0
        ]
      ]
    },
    {
      "file_path": "/media/NFS/ttao/scannet/posed_images/scene0615_00/00164.jpg",
      "transform_matrix": [
        [
          -0.328678,
          0.637395,
          -0.696921,
          2.338269
        ],
        [
          0.943928,
          0.197349,
          -0.264677,
          4.156522
        ],
        [
          -0.031167,
          -0.744836,
          -0.666519,
          1.327582
        ],
        [
          0.0,
          0.0,
          0.0,
          1.0
        ]
      ]
    },
    {
      "file_path": "/media/NFS/ttao/scannet/posed_images/scene0615_00/00165.jpg",
      "transform_matrix": [
        [
          -0.362768,
          0.636722,
          -0.680429,
          2.336161
        ],
        [
          0.931489,
          0.226618,
          -0.284558,
          4.132666
        ],
        [
          -0.026987,
          -0.737041,
          -0.675309,
          1.315588
        ],
        [
          0.0,
          0.0,
          0.0,
          1.0
        ]
      ]
    },
    {
      "file_path": "/media/NFS/ttao/scannet/posed_images/scene0615_00/00170.jpg",
      "transform_matrix": [
        [
          -0.459099,
          0.643875,
          -0.612089,
          2.310774
        ],
        [
          0.888054,
          0.313801,
          -0.33599,
          4.044458
        ],
        [
          -0.024262,
          -0.697821,
          -0.715862,
          1.299752
        ],
        [
          0.0,
          0.0,
          0.0,
          1.0
        ]
      ]
    },
    {
      "file_path": "/media/NFS/ttao/scannet/posed_images/scene0615_00/00176.jpg",
      "transform_matrix": [
        [
          -0.559844,
          0.615522,
          -0.554714,
          2.285506
        ],
        [
          0.828201,
          0.39497,
          -0.397594,
          3.94986
        ],
        [
          -0.025632,
          -0.682006,
          -0.730898,
          1.293097
        ],
        [
          0.0,
          0.0,
          0.0,
          1.0
        ]
      ]
    },
    {
      "file_path": "/media/NFS/ttao/scannet/posed_images/scene0615_00/00177.jpg",
      "transform_matrix": [
        [
          -0.570659,
          0.609629,
          -0.550183,
          2.280675
        ],
        [
          0.820861,
          0.4046,
          -0.403095,
          3.9363
        ],
        [
          -0.023135,
          -0.681654,
          -0.731309,
          1.295342
        ],
        [
          0.0,
          0.0,
          0.0,
          1.0
        ]
      ]
    },
    {
      "file_path": "/media/NFS/ttao/scannet/posed_images/scene0615_00/00180.jpg",
      "transform_matrix": [
        [
          -0.612721,
          0.581093,
          -0.535634,
          2.259786
        ],
        [
          0.789984,
          0.431186,
          -0.435894,
          3.882216
        ],
        [
          -0.022337,
          -0.690224,
          -0.723251,
          1.30697
        ],
        [
          0.0,
          0.0,
          0.0,
          1.0
        ]
      ]
    },
    {
      "file_path": "/media/NFS/ttao/scannet/posed_images/scene0615_00/00186.jpg",
      "transform_matrix": [
        [
          -0.662291,
          0.514126,
          -0.545018,
          2.231654
        ],
        [
          0.749242,
          0.451829,
          -0.484238,
          3.80243
        ],
        [
          -0.002705,
          -0.729057,
          -0.684447,
          1.329308
        ],
        [
          0.0,
          0.0,
          0.0,
          1.0
        ]
      ]
    },
    {
      "file_path": "/media/NFS/ttao/scannet/posed_images/scene0615_00/00190.jpg",
      "transform_matrix": [
        [
          -0.679187,
          0.469431,
          -0.564216,
          2.218257
        ],
        [
          0.733962,
          0.432109,
          -0.524006,
          3.767327
        ],
        [
          -0.002182,
          -0.770011,
          -0.638027,
          1.342881
        ],
        [
          0.0,
          0.0,
          0.0,
          1.0
        ]
      ]
    },
    {
      "file_path": "/media/NFS/ttao/scannet/posed_images/scene0615_00/00193.jpg",
      "transform_matrix": [
        [
          -0.690087,
          0.453582,
          -0.563953,
          2.204072
        ],
        [
          0.723726,
          0.433037,
          -0.537308,
          3.751009
        ],
        [
          0.0005,
          -0.778937,
          -0.627102,
          1.353934
        ],
        [
          0.0,
          0.0,
          0.0,
          1.0
        ]
      ]
    },
    {
      "file_path": "/media/NFS/ttao/scannet/posed_images/scene0615_00/00196.jpg",
      "transform_matrix": [
        [
          -0.708408,
          0.425553,
          -0.563084,
          2.187061
        ],
        [
          0.705804,
          0.427311,
          -0.565019,
          3.740642
        ],
        [
          0.000166,
          -0.797691,
          -0.603067,
          1.3662
        ],
        [
          0.0,
          0.0,
          0.0,
          1.0
        ]
      ]
    },
    {
      "file_path": "/media/NFS/ttao/scannet/posed_images/scene0615_00/00201.jpg",
      "transform_matrix": [
        [
          -0.747379,
          0.385089,
          -0.541416,
          2.170874
        ],
        [
          0.664398,
          0.433833,
          -0.608576,
          3.738057
        ],
        [
          0.000528,
          -0.814552,
          -0.58009,
          1.387519
        ],
        [
          0.0,
          0.0,
          0.0,
          1.0
        ]
      ]
    },
    {
      "file_path": "/media/NFS/ttao/scannet/posed_images/scene0615_00/00203.jpg",
      "transform_matrix": [
        [
          -0.766849,
          0.366616,
          -0.526816,
          2.165512
        ],
        [
          0.641827,
          0.439297,
          -0.628551,
          3.740128
        ],
        [
          0.000992,
          -0.820129,
          -0.572178,
          1.398723
        ],
        [
          0.0,
          0.0,
          0.0,
          1.0
        ]
      ]
    },
    {
      "file_path": "/media/NFS/ttao/scannet/posed_images/scene0615_00/00207.jpg",
      "transform_matrix": [
        [
          -0.826412,
          0.296234,
          -0.478842,
          2.154468
        ],
        [
          0.563064,
          0.432654,
          -0.704108,
          3.754458
        ],
        [
          -0.001408,
          -0.851502,
          -0.524349,
          1.438682
        ],
        [
          0.0,
          0.0,
          0.0,
          1.0
        ]
      ]
    },
    {
      "file_path": "/media/NFS/ttao/scannet/posed_images/scene0615_00/00211.jpg",
      "transform_matrix": [
        [
          -0.868612,
          0.226516,
          -0.440686,
          2.140759
        ],
        [
          0.495459,
          0.407544,
          -0.767091,
          3.780648
        ],
        [
          0.00584,
          -0.884646,
          -0.466227,
          1.485997
        ],
        [
          0.0,
          0.0,
          0.0,
          1.0
        ]
      ]
    },
    {
      "file_path": "/media/NFS/ttao/scannet/posed_images/scene0615_00/00215.jpg",
      "transform_matrix": [
        [
          -0.906797,
          0.160916,
          -0.389648,
          2.131361
        ],
        [
          0.421133,
          0.38777,
          -0.819928,
          3.802753
        ],
        [
          0.019154,
          -0.907601,
          -0.419396,
          1.529715
        ],
        [
          0.0,
          0.0,
          0.0,
          1.0
        ]
      ]
    },
    {
      "file_path": "/media/NFS/ttao/scannet/posed_images/scene0615_00/00221.jpg",
      "transform_matrix": [
        [
          -0.944355,
          0.112415,
          -0.309122,
          2.119166
        ],
        [
          0.328882,
          0.338376,
          -0.881668,
          3.842886
        ],
        [
          0.005487,
          -0.934272,
          -0.356518,
          1.549278
        ],
        [
          0.0,
          0.0,
          0.0,
          1.0
        ]
      ]
    },
    {
      "file_path": "/media/NFS/ttao/scannet/posed_images/scene0615_00/00222.jpg",
      "transform_matrix": [
        [
          -0.947524,
          0.104309,
          -0.302188,
          2.115516
        ],
        [
          0.319552,
          0.336269,
          -0.885895,
          3.846235
        ],
        [
          0.00921,
          -0.935972,
          -0.351955,
          1.553125
        ],
        [
          0.0,
          0.0,
          0.0,
          1.0
        ]
      ]
    },
    {
      "file_path": "/media/NFS/ttao/scannet/posed_images/scene0615_00/00225.jpg",
      "transform_matrix": [
        [
          -0.957829,
          0.076266,
          -0.277031,
          2.106723
        ],
        [
          0.286594,
          0.322834,
          -0.902021,
          3.852769
        ],
        [
          0.020641,
          -0.943378,
          -0.331078,
          1.568048
        ],
        [
          0.0,
          0.0,
          0.0,
          1.0
        ]
      ]
    },
    {
      "file_path": "/media/NFS/ttao/scannet/posed_images/scene0615_00/00230.jpg",
      "transform_matrix": [
        [
          -0.978424,
          0.044278,
          -0.201804,
          2.09762
        ],
        [
          0.2058,
          0.294968,
          -0.933081,
          3.860505
        ],
        [
          0.018211,
          -0.954481,
          -0.297717,
          1.579209
        ],
        [
          0.0,
          0.0,
          0.0,
          1.0
        ]
      ]
    },
    {
      "file_path": "/media/NFS/ttao/scannet/posed_images/scene0615_00/00235.jpg",
      "transform_matrix": [
        [
          -0.988995,
          0.02544,
          -0.145746,
          2.091306
        ],
        [
          0.147201,
          0.268206,
          -0.952049,
          3.846553
        ],
        [
          0.01487,
          -0.963026,
          -0.268999,
          1.593247
        ],
        [
          0.0,
          0.0,
          0.0,
          1.0
        ]
      ]
    },
    {
      "file_path": "/media/NFS/ttao/scannet/posed_images/scene0615_00/00238.jpg",
      "transform_matrix": [
        [
          -0.991985,
          0.01995,
          -0.124767,
          2.085065
        ],
        [
          0.125673,
          0.257976,
          -0.957943,
          3.833124
        ],
        [
          0.013076,
          -0.965945,
          -0.258416,
          1.597614
        ],
        [
          0.0,
          0.0,
          0.0,
          1.0
        ]
      ]
    },
    {
      "file_path": "/media/NFS/ttao/scannet/posed_images/scene0615_00/00241.jpg",
      "transform_matrix": [
        [
          -0.995386,
          0.004878,
          -0.095831,
          2.082553
        ],
        [
          0.094129,
          0.243537,
          -0.965313,
          3.811007
        ],
        [
          0.018629,
          -0.969879,
          -0.242872,
          1.590837
        ],
        [
          0.0,
          0.0,
          0.0,
          1.0
        ]
      ]
    },
    {
      "file_path": "/media/NFS/ttao/scannet/posed_images/scene0615_00/00245.jpg",
      "transform_matrix": [
        [
          -0.998569,
          -0.022304,
          -0.048594,
          2.07777
        ],
        [
          0.042192,
          0.229559,
          -0.97238,
          3.770284
        ],
        [
          0.032843,
          -0.973039,
          -0.22829,
          1.594636
        ],
        [
          0.0,
          0.0,
          0.0,
          1.0
        ]
      ]
    },
    {
      "file_path": "/media/NFS/ttao/scannet/posed_images/scene0615_00/00252.jpg",
      "transform_matrix": [
        [
          -0.998234,
          -0.031806,
          0.050171,
          2.09597
        ],
        [
          -0.054928,
          0.172607,
          -0.983458,
          3.708568
        ],
        [
          0.02262,
          -0.984477,
          -0.174049,
          1.629509
        ],
        [
          0.0,
          0.0,
          0.0,
          1.0
        ]
      ]
    },
    {
      "file_path": "/media/NFS/ttao/scannet/posed_images/scene0615_00/00255.jpg",
      "transform_matrix": [
        [
          -0.994096,
          -0.023316,
          0.105971,
          2.097694
        ],
        [
          -0.108076,
          0.125923,
          -0.986135,
          3.688704
        ],
        [
          0.009649,
          -0.991766,
          -0.127699,
          1.650221
        ],
        [
          0.0,
          0.0,
          0.0,
          1.0
        ]
      ]
    },
    {
      "file_path": "/media/NFS/ttao/scannet/posed_images/scene0615_00/00256.jpg",
      "transform_matrix": [
        [
          -0.993087,
          -0.023059,
          0.115091,
          2.100083
        ],
        [
          -0.116993,
          0.115079,
          -0.986443,
          3.684952
        ],
        [
          0.009502,
          -0.993089,
          -0.116981,
          1.658471
        ],
        [
          0.0,
          0.0,
          0.0,
          1.0
        ]
      ]
    },
    {
      "file_path": "/media/NFS/ttao/scannet/posed_images/scene0615_00/00262.jpg",
      "transform_matrix": [
        [
          -0.981154,
          -0.021909,
          0.191981,
          2.088704
        ],
        [
          -0.192667,
          0.035337,
          -0.980628,
          3.674319
        ],
        [
          0.0147,
          -0.999135,
          -0.038893,
          1.683738
        ],
        [
          0.0,
          0.0,
          0.0,
          1.0
        ]
      ]
    },
    {
      "file_path": "/media/NFS/ttao/scannet/posed_images/scene0615_00/00266.jpg",
      "transform_matrix": [
        [
          -0.965349,
          -0.036621,
          0.258378,
          2.073914
        ],
        [
          -0.25872,
          0.004845,
          -0.96594,
          3.684733
        ],
        [
          0.034122,
          -0.999318,
          -0.014152,
          1.703278
        ],
        [
          0.0,
          0.0,
          0.0,
          1.0
        ]
      ]
    },
    {
      "file_path": "/media/NFS/ttao/scannet/posed_images/scene0615_00/00270.jpg",
      "transform_matrix": [
        [
          -0.938415,
          -0.038566,
          0.34335,
          2.065166
        ],
        [
          -0.343237,
          -0.009714,
          -0.939199,
          3.680958
        ],
        [
          0.039556,
          -0.999209,
          -0.004121,
          1.724402
        ],
        [
          0.0,
          0.0,
          0.0,
          1.0
        ]
      ]
    },
    {
      "file_path": "/media/NFS/ttao/scannet/posed_images/scene0615_00/00272.jpg",
      "transform_matrix": [
        [
          -0.930687,
          -0.030602,
          0.364534,
          2.061425
        ],
        [
          -0.363943,
          -0.023258,
          -0.931131,
          3.69252
        ],
        [
          0.036973,
          -0.999261,
          0.010509,
          1.714828
        ],
        [
          0.0,
          0.0,
          0.0,
          1.0
        ]
      ]
    },
    {
      "file_path": "/media/NFS/ttao/scannet/posed_images/scene0615_00/00275.jpg",
      "transform_matrix": [
        [
          -0.904417,
          -0.072245,
          0.420489,
          2.041867
        ],
        [
          -0.419659,
          -0.027042,
          -0.907279,
          3.709122
        ],
        [
          0.076917,
          -0.99702,
          -0.005861,
          1.730844
        ],
        [
          0.0,
          0.0,
          0.0,
          1.0
        ]
      ]
    },
    {
      "file_path": "/media/NFS/ttao/scannet/posed_images/scene0615_00/00281.jpg",
      "transform_matrix": [
        [
          -0.822145,
          -0.094776,
          0.561334,
          2.022936
        ],
        [
          -0.556146,
          -0.076856,
          -0.827523,
          3.705987
        ],
        [
          0.121571,
          -0.992527,
          0.010478,
          1.744151
        ],
        [
          0.0,
          0.0,
          0.0,
          1.0
        ]
      ]
    },
    {
      "file_path": "/media/NFS/ttao/scannet/posed_images/scene0615_00/00284.jpg",
      "transform_matrix": [
        [
          -0.794875,
          -0.089782,
          0.600094,
          2.023995
        ],
        [
          -0.594458,
          -0.083015,
          -0.79983,
          3.720634
        ],
        [
          0.121627,
          -0.992496,
          0.012615,
          1.761788
        ],
        [
          0.0,
          0.0,
          0.0,
          1.0
        ]
      ]
    },
    {
      "file_path": "/media/NFS/ttao/scannet/posed_images/scene0615_00/00287.jpg",
      "transform_matrix": [
        [
          -0.749361,
          -0.085252,
          0.65665,
          2.026889
        ],
        [
          -0.651778,
          -0.079963,
          -0.754182,
          3.733576
        ],
        [
          0.116804,
          -0.993145,
          0.004356,
          1.766451
        ],
        [
          0.0,
          0.0,
          0.0,
          1.0
        ]
      ]
    },
    {
      "file_path": "/media/NFS/ttao/scannet/posed_images/scene0615_00/00291.jpg",
      "transform_matrix": [
        [
          -0.700465,
          -0.086686,
          0.708403,
          2.048284
        ],
        [
          -0.703413,
          -0.083964,
          -0.705805,
          3.730141
        ],
        [
          0.120664,
          -0.992691,
          -0.002162,
          1.750165
