{
  "frames": [
    {
      "file_path": "/media/NFS/ttao/scannet/posed_images/scene0062_01/00000.jpg",
      "transform_matrix": [
        [
          -0.419717,
          -0.45169,
          0.787283,
          3.578609
        ],
        [
          -0.907075,
          0.239748,
          -0.34603,
          1.328106
        ],
        [
          -0.032451,
          -0.859359,
          -0.510343,
          1.330945
        ],
        [
          0.0,
          0.0,
          0.0,
          1.0
        ]
      ]
    },
    {
      "file_path": "/media/NFS/ttao/scannet/posed_images/scene0062_01/00002.jpg",
      "transform_matrix": [
        [
          -0.440354,
          -0.44178,
          0.781613,
          3.591163
        ],
        [
          -0.896641,
          0.261073,
          -0.357597,
          1.376316
        ],
        [
          -0.046079,
          -0.858296,
          -0.511083,
          1.320912
        ],
        [
          0.0,
          0.0,
          0.0,
          1.0
        ]
      ]
    },
    {
      "file_path": "/media/NFS/ttao/scannet/posed_images/scene0062_01/00006.jpg",
      "transform_matrix": [
        [
          -0.460235,
          -0.458718,
          0.760107,
          3.61069
        ],
        [
          -0.887417,
          0.262747,
          -0.378754,
          1.428402
        ],
        [
          -0.025975,
          -0.848847,
          -0.528,
          1.31079
        ],
        [
          0.0,
          0.0,
          0.0,
          1.0
        ]
      ]
    },
    {
      "file_path": "/media/NFS/ttao/scannet/posed_images/scene0062_01/00007.jpg",
      "transform_matrix": [
        [
          -0.466328,
          -0.457303,
          0.75724,
          3.614658
        ],
        [
          -0.884363,
          0.26131,
          -0.386807,
          1.438256
        ],
        [
          -0.020987,
          -0.850054,
          -0.526278,
          1.308256
        ],
        [
          0.0,
          0.0,
          0.0,
          1.0
        ]
      ]
    },
    {
      "file_path": "/media/NFS/ttao/scannet/posed_images/scene0062_01/00010.jpg",
      "transform_matrix": [
        [
          -0.48411,
          -0.466703,
          0.740153,
          3.636325
        ],
        [
          -0.874991,
          0.263366,
          -0.406238,
          1.464526
        ],
        [
          -0.005339,
          -0.844291,
          -0.535859,
          1.306007
        ],
        [
          0.0,
          0.0,
          0.0,
          1.0
        ]
      ]
    },
    {
      "file_path": "/media/NFS/ttao/scannet/posed_images/scene0062_01/00012.jpg",
      "transform_matrix": [
        [
          -0.483561,
          -0.472198,
          0.737019,
          3.644594
        ],
        [
          -0.875305,
          0.26398,
          -0.405162,
          1.477002
        ],
        [
          -0.003241,
          -0.841037,
          -0.540968,
          1.295112
        ],
        [
          0.0,
          0.0,
          0.0,
          1.0
        ]
      ]
    },
    {
      "file_path": "/media/NFS/ttao/scannet/posed_images/scene0062_01/00016.jpg",
      "transform_matrix": [
        [
          -0.456497,
          -0.490675,
          0.742192,
          3.665187
        ],
        [
          -0.889573,
          0.267143,
          -0.370534,
          1.506802
        ],
        [
          -0.01646,
          -0.829381,
          -0.558441,
          1.271474
        ],
        [
          0.0,
          0.0,
          0.0,
          1.0
        ]
      ]
    },
    {
      "file_path": "/media/NFS/ttao/scannet/posed_images/scene0062_01/00017.jpg",
      "transform_matrix": [
        [
          -0.447124,
          -0.498432,
          0.742728,
          3.67138
        ],
        [
          -0.89432,
          0.264429,
          -0.360928,
          1.519074
        ],
        [
          -0.016501,
          -0.825616,
          -0.563991,
          1.262678
        ],
        [
          0.0,
          0.0,
          0.0,
          1.0
        ]
      ]
    },
    {
      "file_path": "/media/NFS/ttao/scannet/posed_images/scene0062_01/00021.jpg",
      "transform_matrix": [
        [
          -0.403915,
          -0.524372,
          0.749591,
          3.695814
        ],
        [
          -0.914374,
          0.256319,
          -0.313401,
          1.545053
        ],
        [
          -0.027796,
          -0.811994,
          -0.583004,
          1.232693
        ],
        [
          0.0,
          0.0,
          0.0,
          1.0
        ]
      ]
    },
    {
      "file_path": "/media/NFS/ttao/scannet/posed_images/scene0062_01/00024.jpg",
      "transform_matrix": [
        [
          -0.388594,
          -0.50941,
          0.767787,
          3.721756
        ],
        [
          -0.919912,
          0.261977,
          -0.291772,
          1.561178
        ],
        [
          -0.052511,
          -0.819677,
          -0.570415,
          1.222366
        ],
        [
          0.0,
          0.0,
          0.0,
          1.0
        ]
      ]
    },
    {
      "file_path": "/media/NFS/ttao/scannet/posed_images/scene0062_01/00025.jpg",
      "transform_matrix": [
        [
          -0.388377,
          -0.515447,
          0.763857,
          3.731156
        ],
        [
          -0.920142,
          0.261912,
          -0.291102,
          1.565223
        ],
        [
          -0.050016,
          -0.815915,
          -0.576006,
          1.217158
        ],
        [
          0.0,
          0.0,
          0.0,
          1.0
        ]
      ]
    },
    {
      "file_path": "/media/NFS/ttao/scannet/posed_images/scene0062_01/00028.jpg",
      "transform_matrix": [
        [
          -0.397237,
          -0.540074,
          0.741972,
          3.7576
        ],
        [
          -0.916832,
          0.269023,
          -0.295034,
          1.573154
        ],
        [
          -0.040267,
          -0.797462,
          -0.602024,
          1.211726
        ],
        [
          0.0,
          0.0,
          0.0,
          1.0
        ]
      ]
    },
    {
      "file_path": "/media/NFS/ttao/scannet/posed_images/scene0062_01/00030.jpg",
      "transform_matrix": [
        [
          -0.388292,
          -0.549836,
          0.739534,
          3.773697
        ],
        [
          -0.920442,
          0.270502,
          -0.282163,
          1.578559
        ],
        [
          -0.044902,
          -0.790259,
          -0.611125,
          1.214667
        ],
        [
          0.0,
          0.0,
          0.0,
          1.0
        ]
      ]
    },
    {
      "file_path": "/media/NFS/ttao/scannet/posed_images/scene0062_01/00034.jpg",
      "transform_matrix": [
        [
          -0.377091,
          -0.563106,
          0.735332,
          3.791283
        ],
        [
          -0.925289,
          0.263782,
          -0.272504,
          1.605313
        ],
        [
          -0.040519,
          -0.783154,
          -0.620506,
          1.205978
        ],
        [
          0.0,
          0.0,
          0.0,
          1.0
        ]
      ]
    },
    {
      "file_path": "/media/NFS/ttao/scannet/posed_images/scene0062_01/00035.jpg",
      "transform_matrix": [
        [
          -0.378615,
          -0.566069,
          0.732268,
          3.794779
        ],
        [
          -0.924785,
          0.263628,
          -0.274361,
          1.611173
        ],
        [
          -0.037739,
          -0.781067,
          -0.623305,
          1.20495
        ],
        [
          0.0,
          0.0,
          0.0,
          1.0
        ]
      ]
    },
    {
      "file_path": "/media/NFS/ttao/scannet/posed_images/scene0062_01/00039.jpg",
      "transform_matrix": [
        [
          -0.398054,
          -0.576688,
          0.713431,
          3.799066
        ],
        [
          -0.917012,
          0.271617,
          -0.292084,
          1.627714
        ],
        [
          -0.025339,
          -0.77049,
          -0.636948,
          1.206835
        ],
        [
          0.0,
          0.0,
          0.0,
          1.0
        ]
      ]
    },
    {
      "file_path": "/media/NFS/ttao/scannet/posed_images/scene0062_01/00041.jpg",
      "transform_matrix": [
        [
          -0.40934,
          -0.577935,
          0.705997,
          3.794004
        ],
        [
          -0.912057,
          0.279864,
          -0.299715,
          1.634055
        ],
        [
          -0.024368,
          -0.766595,
          -0.641669,
          1.211434
        ],
        [
          0.0,
          0.0,
          0.0,
          1.0
        ]
      ]
    },
    {
      "file_path": "/media/NFS/ttao/scannet/posed_images/scene0062_01/00042.jpg",
      "transform_matrix": [
        [
          -0.416291,
          -0.578071,
          0.701809,
          3.790301
        ],
        [
          -0.90899,
          0.282414,
          -0.306563,
          1.642169
        ],
        [
          -0.020985,
          -0.765556,
          -0.643027,
          1.211919
        ],
        [
          0.0,
          0.0,
          0.0,
          1.0
        ]
      ]
    },
    {
      "file_path": "/media/NFS/ttao/scannet/posed_images/scene0062_01/00046.jpg",
      "transform_matrix": [
        [
          -0.439462,
          -0.579782,
          0.686095,
          3.77271
        ],
        [
          -0.898164,
          0.294881,
          -0.326109,
          1.672495
        ],
        [
          -0.013244,
          -0.759538,
          -0.650328,
          1.219704
        ],
        [
          0.0,
          0.0,
          0.0,
          1.0
        ]
      ]
    },
    {
      "file_path": "/media/NFS/ttao/scannet/posed_images/scene0062_01/00047.jpg",
      "transform_matrix": [
        [
          -0.443841,
          -0.577435,
          0.685254,
          3.767698
        ],
        [
          -0.89598,
          0.298742,
          -0.328592,
          1.680212
        ],
        [
          -0.014974,
          -0.759817,
          -0.649964,
          1.222755
        ],
        [
          0.0,
          0.0,
          0.0,
          1.0
        ]
      ]
    },
    {
      "file_path": "/media/NFS/ttao/scannet/posed_images/scene0062_01/00051.jpg",
      "transform_matrix": [
        [
          -0.467767,
          -0.568195,
          0.677014,
          3.752724
        ],
        [
          -0.883814,
          0.307787,
          -0.352336,
          1.704821
        ],
        [
          -0.008181,
          -0.763166,
          -0.646151,
          1.237978
        ],
        [
          0.0,
          0.0,
          0.0,
          1.0
        ]
      ]
    },
    {
      "file_path": "/media/NFS/ttao/scannet/posed_images/scene0062_01/00052.jpg",
      "transform_matrix": [
        [
          -0.472948,
          -0.565871,
          0.67536,
          3.746995
        ],
        [
          -0.881035,
          0.312318,
          -0.355295,
          1.706002
        ],
        [
          -0.009876,
          -0.763052,
          -0.646262,
          1.24108
        ],
        [
          0.0,
          0.0,
          0.0,
          1.0
        ]
      ]
    },
    {
      "file_path": "/media/NFS/ttao/scannet/posed_images/scene0062_01/00056.jpg",
      "transform_matrix": [
        [
          -0.474341,
          -0.560908,
          0.678515,
          3.720194
        ],
        [
          -0.880324,
          0.307051,
          -0.361594,
          1.707955
        ],
        [
          -0.005518,
          -0.768832,
          -0.639427,
          1.252048
        ],
        [
          0.0,
          0.0,
          0.0,
          1.0
        ]
      ]
    },
    {
      "file_path": "/media/NFS/ttao/scannet/posed_images/scene0062_01/00057.jpg",
      "transform_matrix": [
        [
          -0.471117,
          -0.561337,
          0.680404,
          3.714377
        ],
        [
          -0.882055,
          0.304513,
          -0.359517,
          1.706134
        ],
        [
          -0.005382,
          -0.769528,
          -0.63859,
          1.25544
        ],
        [
          0.0,
          0.0,
          0.0,
          1.0
        ]
      ]
    },
    {
      "file_path": "/media/NFS/ttao/scannet/posed_images/scene0062_01/00061.jpg",
      "transform_matrix": [
        [
          -0.443968,
          -0.559555,
          0.69985,
          3.68935
        ],
        [
          -0.896035,
          0.280556,
          -0.344108,
          1.705659
        ],
        [
          -0.0038,
          -0.779863,
          -0.625939,
          1.265956
        ],
        [
          0.0,
          0.0,
          0.0,
          1.0
        ]
      ]
    },
    {
      "file_path": "/media/NFS/ttao/scannet/posed_images/scene0062_01/00064.jpg",
      "transform_matrix": [
        [
          -0.422942,
          -0.550778,
          0.719558,
          3.669041
        ],
        [
          -0.906136,
          0.26251,
          -0.331673,
          1.695848
        ],
        [
          -0.006213,
          -0.792296,
          -0.610106,
          1.276973
        ],
        [
          0.0,
          0.0,
          0.0,
          1.0
        ]
      ]
    },
    {
      "file_path": "/media/NFS/ttao/scannet/posed_images/scene0062_01/00065.jpg",
      "transform_matrix": [
        [
          -0.419556,
          -0.54759,
          0.72396,
          3.660663
        ],
        [
          -0.907713,
          0.257875,
          -0.330994,
          1.68994
        ],
        [
          -0.005442,
          -0.796019,
          -0.605247,
          1.279796
        ],
        [
          0.0,
          0.0,
          0.0,
          1.0
        ]
      ]
    },
    {
      "file_path": "/media/NFS/ttao/scannet/posed_images/scene0062_01/00067.jpg",
      "transform_matrix": [
        [
          -0.415003,
          -0.539603,
          0.73253,
          3.642234
        ],
        [
          -0.909817,
          0.248417,
          -0.33245,
          1.668845
        ],
        [
          -0.002582,
          -0.804436,
          -0.594034,
          1.286914
        ],
        [
          0.0,
          0.0,
          0.0,
          1.0
        ]
      ]
    },
    {
      "file_path": "/media/NFS/ttao/scannet/posed_images/scene0062_01/00071.jpg",
      "transform_matrix": [
        [
          -0.421872,
          -0.521502,
          0.74166,
          3.595482
        ],
        [
          -0.906652,
          0.240378,
          -0.3467,
          1.607456
        ],
        [
          0.002527,
          -0.818691,
          -0.57423,
          1.302089
        ],
        [
          0.0,
          0.0,
          0.0,
          1.0
        ]
      ]
    },
    {
      "file_path": "/media/NFS/ttao/scannet/posed_images/scene0062_01/00072.jpg",
      "transform_matrix": [
        [
          -0.427837,
          -0.514396,
          0.743204,
          3.584058
        ],
        [
          -0.90385,
          0.240518,
          -0.353846,
          1.591459
        ],
        [
          0.003263,
          -0.823133,
          -0.567839,
          1.303527
        ],
        [
          0.0,
          0.0,
          0.0,
          1.0
        ]
      ]
    },
    {
      "file_path": "/media/NFS/ttao/scannet/posed_images/scene0062_01/00076.jpg",
      "transform_matrix": [
        [
          -0.47296,
          -0.482508,
          0.737222,
          3.549933
        ],
        [
          -0.881061,
          0.265117,
          -0.391721,
          1.535908
        ],
        [
          -0.006442,
          -0.834805,
          -0.550508,
          1.321445
        ],
        [
          0.0,
          0.0,
          0.0,
          1.0
        ]
      ]
    },
    {
      "file_path": "/media/NFS/ttao/scannet/posed_images/scene0062_01/00077.jpg",
      "transform_matrix": [
        [
          -0.485465,
          -0.472291,
          0.735707,
          3.541681
        ],
        [
          -0.874178,
          0.273521,
          -0.401248,
          1.525606
        ],
        [
          -0.011725,
          -0.837931,
          -0.545651,
          1.324137
        ],
        [
          0.0,
          0.0,
          0.0,
          1.0
        ]
      ]
    },
    {
      "file_path": "/media/NFS/ttao/scannet/posed_images/scene0062_01/00081.jpg",
      "transform_matrix": [
        [
          -0.53734,
          -0.420785,
          0.730894,
          3.51408
        ],
        [
          -0.842543,
          0.306101,
          -0.443197,
          1.509702
        ],
        [
          -0.037236,
          -0.853957,
          -0.51901,
          1.323156
        ],
        [
          0.0,
          0.0,
          0.0,
          1.0
        ]
      ]
    },
    {
      "file_path": "/media/NFS/ttao/scannet/posed_images/scene0062_01/00084.jpg",
      "transform_matrix": [
        [
          -0.568695,
          -0.401695,
          0.717793,
          3.504235
        ],
        [
          -0.821068,
          0.329556,
          -0.466091,
          1.497309
        ],
        [
          -0.049327,
          -0.85442,
          -0.517236,
          1.322293
        ],
        [
          0.0,
          0.0,
          0.0,
          1.0
        ]
      ]
    },
    {
      "file_path": "/media/NFS/ttao/scannet/posed_images/scene0062_01/00086.jpg",
      "transform_matrix": [
        [
          -0.588773,
          -0.393074,
          0.706286,
          3.499666
        ],
        [
          -0.806532,
          0.34343,
          -0.481209,
          1.491876
        ],
        [
          -0.053409,
          -0.852965,
          -0.519229,
          1.31982
        ],
        [
          0.0,
          0.0,
          0.0,
          1.0
        ]
      ]
    },
    {
      "file_path": "/media/NFS/ttao/scannet/posed_images/scene0062_01/00089.jpg",
      "transform_matrix": [
        [
          -0.616003,
          -0.388361,
          0.685359,
          3.502161
        ],
        [
          -0.786089,
          0.359414,
          -0.502877,
          1.491199
        ],
        [
          -0.05103,
          -0.848527,
          -0.526686,
          1.318124
        ],
        [
          0.0,
          0.0,
          0.0,
          1.0
        ]
      ]
    },
    {
      "file_path": "/media/NFS/ttao/scannet/posed_images/scene0062_01/00091.jpg",
      "transform_matrix": [
        [
          -0.636933,
          -0.382419,
          0.669382,
          3.50814
        ],
        [
          -0.769519,
          0.367689,
          -0.522155,
          1.504162
        ],
        [
          -0.046443,
          -0.84768,
          -0.528472,
          1.312774
        ],
        [
          0.0,
          0.0,
          0.0,
          1.0
        ]
      ]
    },
    {
      "file_path": "/media/NFS/ttao/scannet/posed_images/scene0062_01/00092.jpg",
      "transform_matrix": [
        [
          -0.645256,
          -0.380523,
          0.662455,
          3.513117
        ],
        [
          -0.76264,
          0.371897,
          -0.529219,
          1.507101
        ],
        [
          -0.044985,
          -0.846697,
          -0.530171,
          1.312185
        ],
        [
          0.0,
          0.0,
          0.0,
          1.0
        ]
      ]
    },
    {
      "file_path": "/media/NFS/ttao/scannet/posed_images/scene0062_01/00095.jpg",
      "transform_matrix": [
        [
          -0.67617,
          -0.369079,
          0.637632,
          3.527019
        ],
        [
          -0.735381,
          0.390752,
          -0.553649,
          1.520078
        ],
        [
          -0.044815,
          -0.843264,
          -0.535629,
          1.30667
        ],
        [
          0.0,
          0.0,
          0.0,
          1.0
        ]
      ]
    },
    {
      "file_path": "/media/NFS/ttao/scannet/posed_images/scene0062_01/00099.jpg",
      "transform_matrix": [
        [
          -0.724274,
          -0.339943,
          0.599888,
          3.555048
        ],
        [
          -0.687504,
          0.422389,
          -0.590699,
          1.539937
        ],
        [
          -0.052582,
          -0.840254,
          -0.539638,
          1.300178
        ],
        [
          0.0,
          0.0,
          0.0,
          1.0
        ]
      ]
    },
    {
      "file_path": "/media/NFS/ttao/scannet/posed_images/scene0062_01/00100.jpg",
      "transform_matrix": [
        [
          -0.738352,
          -0.325503,
          0.590664,
          3.563519
        ],
        [
          -0.671742,
          0.432851,
          -0.601167,
          1.546671
        ],
        [
          -0.059988,
          -0.840647,
          -0.538251,
          1.298604
        ],
        [
          0.0,
          0.0,
          0.0,
          1.0
        ]
      ]
    },
    {
      "file_path": "/media/NFS/ttao/scannet/posed_images/scene0062_01/00104.jpg",
      "transform_matrix": [
        [
          -0.78462,
          -0.31013,
          0.536834,
          3.588925
        ],
        [
          -0.616789,
          0.47817,
          -0.62524,
          1.566133
        ],
        [
          -0.062792,
          -0.821689,
          -0.566467,
          1.27828
        ],
        [
          0.0,
          0.0,
          0.0,
          1.0
        ]
      ]
    },
    {
      "file_path": "/media/NFS/ttao/scannet/posed_images/scene0062_01/00106.jpg",
      "transform_matrix": [
        [
          -0.81403,
          -0.296946,
          0.499178,
          3.599313
        ],
        [
          -0.578272,
          0.494804,
          -0.648668,
          1.571161
        ],
        [
          -0.054376,
          -0.816696,
          -0.574501,
          1.273743
        ],
        [
          0.0,
          0.0,
          0.0,
          1.0
        ]
      ]
    },
    {
      "file_path": "/media/NFS/ttao/scannet/posed_images/scene0062_01/00108.jpg",
      "transform_matrix": [
        [
          -0.839625,
          -0.285147,
          0.462301,
          3.608086
        ],
        [
          -0.541473,
          0.506572,
          -0.670963,
          1.571581
        ],
        [
          -0.042866,
          -0.813681,
          -0.579729,
          1.272183
        ],
        [
          0.0,
          0.0,
          0.0,
          1.0
        ]
      ]
    },
    {
      "file_path": "/media/NFS/ttao/scannet/posed_images/scene0062_01/00111.jpg",
      "transform_matrix": [
        [
          -0.87342,
          -0.263747,
          0.40936,
          3.625855
        ],
        [
          -0.486322,
          0.515719,
          -0.705355,
          1.578342
        ],
        [
          -0.025079,
          -0.815151,
          -0.578705,
          1.269889
        ],
        [
          0.0,
          0.0,
          0.0,
          1.0
        ]
      ]
    },
    {
      "file_path": "/media/NFS/ttao/scannet/posed_images/scene0062_01/00114.jpg",
      "transform_matrix": [
        [
          -0.892064,
          -0.256287,
          0.372207,
          3.646026
        ],
        [
          -0.451854,
          0.518553,
          -0.7259,
          1.576059
        ],
        [
          -0.00697,
          -0.815733,
          -0.578387,
          1.266564
        ],
        [
          0.0,
          0.0,
          0.0,
          1.0
        ]
      ]
    },
    {
      "file_path": "/media/NFS/ttao/scannet/posed_images/scene0062_01/00115.jpg",
      "transform_matrix": [
        [
          -0.89731,
          -0.252084,
          0.362337,
          3.655729
        ],
        [
          -0.441373,
          0.52165,
          -0.730117,
          1.575558
        ],
        [
          -0.004962,
          -0.815067,
          -0.579345,
          1.264745
        ],
        [
          0.0,
          0.0,
          0.0,
          1.0
        ]
      ]
    },
    {
      "file_path": "/media/NFS/ttao/scannet/posed_images/scene0062_01/00117.jpg",
      "transform_matrix": [
        [
          -0.906898,
          -0.237425,
          0.348088,
          3.67344
        ],
        [
          -0.421232,
          0.530393,
          -0.735695,
          1.574509
        ],
        [
          -0.009951,
          -0.813826,
          -0.581023,
          1.258141
        ],
        [
          0.0,
          0.0,
          0.0,
          1.0
        ]
      ]
    },
    {
      "file_path": "/media/NFS/ttao/scannet/posed_images/scene0062_01/00120.jpg",
      "transform_matrix": [
        [
          -0.927155,
          -0.199244,
          0.317309,
          3.714759
        ],
        [
          -0.373687,
          0.553259,
          -0.744488,
          1.568572
        ],
        [
          -0.027219,
          -0.808831,
          -0.587412,
          1.251917
        ],
        [
          0.0,
          0.0,
          0.0,
          1.0
        ]
      ]
    },
    {
      "file_path": "/media/NFS/ttao/scannet/posed_images/scene0062_01/00122.jpg",
      "transform_matrix": [
        [
          -0.939239,
          -0.177454,
          0.293838,
          3.739757
        ],
        [
          -0.341669,
          0.565725,
          -0.750478,
          1.561774
        ],
        [
          -0.033056,
          -0.805273,
          -0.591982,
          1.247199
        ],
        [
          0.0,
          0.0,
          0.0,
          1.0
        ]
      ]
    },
    {
      "file_path": "/media/NFS/ttao/scannet/posed_images/scene0062_01/00127.jpg",
      "transform_matrix": [
        [
          -0.967088,
          -0.129273,
          0.219157,
          3.805705
        ],
        [
          -0.251738,
          0.611384,
          -0.750225,
          1.537926
        ],
        [
          -0.037005,
          -0.780703,
          -0.623805,
          1.250984
        ],
        [
          0.0,
          0.0,
          0.0,
          1.0
        ]
      ]
    },
    {
      "file_path": "/media/NFS/ttao/scannet/posed_images/scene0062_01/00129.jpg",
      "transform_matrix": [
        [
          -0.974507,
          -0.107424,
          0.196965,
          3.828652
        ],
        [
          -0.220905,
          0.612795,
          -0.758738,
          1.533348
        ],
        [
          -0.039193,
          -0.782906,
          -0.620904,
          1.254411
        ],
        [
          0.0,
          0.0,
          0.0,
          1.0
        ]
      ]
    },
    {
      "file_path": "/media/NFS/ttao/scannet/posed_images/scene0062_01/00130.jpg",
      "transform_matrix": [
        [
          -0.977692,
          -0.100762,
          0.184296,
          3.847069
        ],
        [
          -0.206907,
          0.613084,
          -0.762442,
          1.533116
        ],
        [
          -0.036164,
          -0.783566,
          -0.620256,
          1.257214
        ],
        [
          0.0,
          0.0,
          0.0,
          1.0
        ]
      ]
    },
    {
      "file_path": "/media/NFS/ttao/scannet/posed_images/scene0062_01/00133.jpg",
      "transform_matrix": [
        [
          -0.983868,
          -0.093983,
          0.152219,
          3.88191
        ],
        [
          -0.177405,
          0.62215,
          -0.762534,
          1.526247
        ],
        [
          -0.023038,
          -0.777237,
          -0.628786,
          1.259034
        ],
        [
          0.0,
          0.0,
          0.0,
          1.0
        ]
      ]
    },
    {
      "file_path": "/media/NFS/ttao/scannet/posed_images/scene0062_01/00136.jpg",
      "transform_matrix": [
        [
          -0.990822,
          -0.072421,
          0.114131,
          3.915608
        ],
        [
          -0.134376,
          0.619059,
          -0.773763,
          1.52111
        ],
        [
          -0.014617,
          -0.781998,
          -0.623109,
          1.262251
        ],
        [
          0.0,
          0.0,
          0.0,
          1.0
        ]
      ]
    },
    {
      "file_path": "/media/NFS/ttao/scannet/posed_images/scene0062_01/00138.jpg",
      "transform_matrix": [
        [
          -0.994536,
          -0.053397,
          0.089704,
          3.937768
        ],
        [
          -0.103451,
          0.619289,
          -0.778318,
          1.519761
        ],
        [
          -0.013993,
          -0.783345,
          -0.62143,
          1.264908
        ],
        [
          0.0,
          0.0,
          0.0,
          1.0
        ]
      ]
    },
    {
      "file_path": "/media/NFS/ttao/scannet/posed_images/scene0062_01/00140.jpg",
      "transform_matrix": [
        [
          -0.998063,
          -0.033109,
          0.052671,
          3.969331
        ],
        [
          -0.061911,
          0.611966,
          -0.788457,
          1.524969
        ],
        [
          -0.006128,
          -0.790191,
          -0.61283,
          1.268223
        ],
        [
          0.0,
          0.0,
          0.0,
          1.0
        ]
      ]
    },
    {
      "file_path": "/media/NFS/ttao/scannet/posed_images/scene0062_01/00143.jpg",
      "transform_matrix": [
        [
          -0.999917,
          -0.005898,
          -0.011451,
          4.005339
        ],
        [
          0.005638,
          0.598908,
          -0.800798,
          1.530335
        ],
        [
          0.011581,
          -0.800796,
          -0.598825,
          1.284155
        ],
        [
          0.0,
          0.0,
          0.0,
          1.0
        ]
      ]
    },
    {
      "file_path": "/media/NFS/ttao/scannet/posed_images/scene0062_01/00147.jpg",
      "transform_matrix": [
        [
          -0.993833,
          0.050856,
          -0.098537,
          4.05796
        ],
        [
          0.109457,
          0.592149,
          -0.79836,
          1.55069
        ],
        [
          0.017747,
          -0.804222,
          -0.594064,
          1.302846
        ],
        [
          0.0,
          0.0,
          0.0,
          1.0
        ]
      ]
    },
    {
      "file_path": "/media/NFS/ttao/scannet/posed_images/scene0062_01/00149.jpg",
      "transform_matrix": [
        [
          -0.988433,
          0.077228,
          -0.130521,
          4.086414
        ],
        [
          0.150854,
          0.589086,
          -0.793865,
          1.564541
        ],
        [
          0.015579,
          -0.804372,
          -0.593922,
          1.311442
        ],
        [
          0.0,
          0.0,
          0.0,
          1.0
        ]
      ]
    },
    {
      "file_path": "/media/NFS/ttao/scannet/posed_images/scene0062_01/00152.jpg",
      "transform_matrix": [
        [
          -0.978257,
          0.109995,
          -0.175822,
          4.142146
        ],
        [
          0.207198,
          0.555192,
          -0.8055,
          1.588521
        ],
        [
          0.009014,
          -0.824417,
          -0.565912,
          1.317587
        ],
        [
          0.0,
          0.0,
          0.0,
          1.0
        ]
      ]
    },
    {
      "file_path": "/media/NFS/ttao/scannet/posed_images/scene0062_01/00154.jpg",
      "transform_matrix": [
        [
          -0.973541,
          0.122329,
          -0.193009,
          4.159332
        ],
        [
          0.228374,
          0.550084,
          -0.803277,
          1.596141
        ],
        [
          0.007907,
          -0.826101,
          -0.563466,
          1.321973
        ],
        [
          0.0,
          0.0,
          0.0,
          1.0
        ]
      ]
    },
    {
      "file_path": "/media/NFS/ttao/scannet/posed_images/scene0062_01/00155.jpg",
      "transform_matrix": [
        [
          -0.971202,
          0.129871,
          -0.199749,
          4.166408
        ],
        [
          0.2382,
          0.547537,
          -0.802162,
          1.600404
        ],
        [
          0.005192,
          -0.826642,
          -0.562705,
          1.324316
        ],
        [
          0.0,
          0.0,
          0.0,
          1.0
        ]
      ]
    },
    {
      "file_path": "/media/NFS/ttao/scannet/posed_images/scene0062_01/00158.jpg",
      "transform_matrix": [
        [
          -0.964754,
          0.145285,
          -0.219413,
          4.184821
        ],
        [
          0.263154,
          0.533998,
          -0.80349,
          1.61052
        ],
        [
          0.000431,
          -0.83291,
          -0.553409,
          1.329474
        ],
        [
          0.0,
          0.0,
          0.0,
          1.0
        ]
      ]
    },
    {
      "file_path": "/media/NFS/ttao/scannet/posed_images/scene0062_01/00160.jpg",
      "transform_matrix": [
        [
          -0.960118,
          0.148643,
          -0.236808,
          4.193109
        ],
        [
          0.279545,
          0.526121,
          -0.803151,
          1.613751
        ],
        [
          0.005207,
          -0.837318,
          -0.546691,
          1.330467
        ],
        [
          0.0,
          0.0,
          0.0,
          1.0
        ]
      ]
    },
    {
      "file_path": "/media/NFS/ttao/scannet/posed_images/scene0062_01/00164.jpg",
      "transform_matrix": [
        [
          -0.946881,
          0.155009,
          -0.281759,
          4.193207
        ],
        [
          0.320899,
          0.512586,
          -0.796417,
          1.611032
        ],
        [
          0.020973,
          -0.844528,
          -0.535101,
          1.341344
        ],
        [
          0.0,
          0.0,
          0.0,
          1.0
        ]
      ]
    },
    {
      "file_path": "/media/NFS/ttao/scannet/posed_images/scene0062_01/00165.jpg",
      "transform_matrix": [
        [
          -0.942345,
          0.158235,
          -0.294868,
          4.190784
        ],
        [
          0.333759,
          0.508394,
          -0.793814,
          1.608468
        ],
        [
          0.0243,
          -0.846462,
          -0.531895,
          1.345189
        ],
        [
          0.0,
          0.0,
          0.0,
          1.0
        ]
      ]
    },
    {
      "file_path": "/media/NFS/ttao/scannet/posed_images/scene0062_01/00168.jpg",
      "transform_matrix": [
        [
          -0.924075,
          0.177182,
          -0.338662,
          4.177642
        ],
        [
          0.381356,
          0.486665,
          -0.785955,
          1.601296
        ],
        [
          0.025558,
          -0.855432,
          -0.517284,
          1.3554
        ],
        [
          0.0,
          0.0,
          0.0,
          1.0
        ]
      ]
    },
    {
      "file_path": "/media/NFS/ttao/scannet/posed_images/scene0062_01/00171.jpg",
      "transform_matrix": [
        [
          -0.900447,
          0.197373,
          -0.387607,
          4.179482
        ],
        [
          0.434432,
          0.452216,
          -0.778954,
          1.595157
        ],
        [
          0.021537,
          -0.869796,
          -0.492942,
          1.349904
        ],
        [
          0.0,
          0.0,
          0.0,
          1.0
        ]
      ]
    },
    {
      "file_path": "/media/NFS/ttao/scannet/posed_images/scene0062_01/00173.jpg",
      "transform_matrix": [
        [
          -0.890775,
          0.205804,
          -0.405172,
          4.164009
        ],
        [
          0.454063,
          0.439576,
          -0.774984,
          1.587927
        ],
        [
          0.018609,
          -0.87431,
          -0.485011,
          1.355876
        ],
        [
          0.0,
          0.0,
          0.0,
          1.0
        ]
      ]
    },
    {
      "file_path": "/media/NFS/ttao/scannet/posed_images/scene0062_01/00175.jpg",
      "transform_matrix": [
        [
          -0.882636,
          0.212042,
          -0.419513,
          4.149474
        ],
        [
          0.469849,
          0.424499,
          -0.773978,
          1.579119
        ],
        [
          0.013967,
          -0.880249,
          -0.474306,
          1.357497
        ],
        [
          0.0,
          0.0,
          0.0,
          1.0
        ]
      ]
    },
    {
      "file_path": "/media/NFS/ttao/scannet/posed_images/scene0062_01/00179.jpg",
      "transform_matrix": [
        [
          -0.872848,
          0.221105,
          -0.435028,
          4.112428
        ],
        [
          0.487988,
          0.391504,
          -0.780123,
          1.55417
        ],
        [
          -0.002174,
          -0.893217,
          -0.44962,
          1.36991
        ],
        [
          0.0,
          0.0,
          0.0,
          1.0
        ]
      ]
    },
    {
      "file_path": "/media/NFS/ttao/scannet/posed_images/scene0062_01/00182.jpg",
      "transform_matrix": [
        [
          -0.865849,
          0.216939,
          -0.450825,
          4.088192
        ],
        [
          0.500223,
          0.359019,
          -0.787961,
          1.535651
        ],
        [
          -0.009085,
          -0.907768,
          -0.419374,
          1.36953
        ],
        [
          0.0,
          0.0,
          0.0,
          1.0
        ]
      ]
    },
    {
      "file_path": "/media/NFS/ttao/scannet/posed_images/scene0062_01/00184.jpg",
      "transform_matrix": [
        [
          -0.862514,
          0.214909,
          -0.45813,
          4.070148
        ],
        [
          0.505831,
          0.340606,
          -0.792542,
          1.521694
        ],
        [
          -0.014282,
          -0.915315,
          -0.402486,
          1.374814
        ],
        [
          0.0,
          0.0,
          0.0,
          1.0
        ]
      ]
    },
    {
      "file_path": "/media/NFS/ttao/scannet/posed_images/scene0062_01/00185.jpg",
      "transform_matrix": [
        [
          -0.862182,
          0.213861,
          -0.459245,
          4.063657
        ],
        [
          0.506347,
          0.335202,
          -0.794514,
          1.51578
        ],
        [
          -0.015976,
          -0.917553,
          -0.397293,
          1.37493
        ],
        [
          0.0,
          0.0,
          0.0,
          1.0
        ]
      ]
    },
    {
      "file_path": "/media/NFS/ttao/scannet/posed_images/scene0062_01/00189.jpg",
      "transform_matrix": [
        [
          -0.856401,
          0.223492,
          -0.465434,
          4.031083
        ],
        [
          0.515776,
          0.32927,
          -0.790921,
          1.486654
        ],
        [
          -0.023511,
          -0.917406,
          -0.397258,
          1.38436
        ],
        [
          0.0,
          0.0,
          0.0,
          1.0
        ]
      ]
    },
    {
      "file_path": "/media/NFS/ttao/scannet/posed_images/scene0062_01/00192.jpg",
      "transform_matrix": [
        [
          -0.843494,
          0.223552,
          -0.488408,
          4.016745
        ],
        [
          0.536799,
          0.318514,
          -0.781278,
          1.469322
        ],
        [
          -0.019091,
          -0.921181,
          -0.388667,
          1.379257
        ],
        [
          0.0,
          0.0,
          0.0,
          1.0
        ]
      ]
    },
    {
      "file_path": "/media/NFS/ttao/scannet/posed_images/scene0062_01/00194.jpg",
      "transform_matrix": [
        [
          -0.835908,
          0.224819,
          -0.500713,
          4.007683
        ],
        [
          0.548442,
          0.306159,
          -0.778125,
          1.456179
