{
  "frames": [
    {
      "file_path": "/media/NFS/ttao/scannet/posed_images/scene0419_01/00000.jpg",
      "transform_matrix": [
        [
          0.990866,
          -0.133841,
          0.016497,
          4.080422
        ],
        [
          -0.072016,
          -0.421753,
          0.903846,
          3.462922
        ],
        [
          -0.114014,
          -0.896778,
          -0.427539,
          1.846982
        ],
        [
          0.0,
          0.0,
          0.0,
          1.0
        ]
      ]
    },
    {
      "file_path": "/media/NFS/ttao/scannet/posed_images/scene0419_01/00011.jpg",
      "transform_matrix": [
        [
          0.99285,
          -0.118642,
          0.013135,
          4.09435
        ],
        [
          -0.061382,
          -0.41308,
          0.908624,
          3.467612
        ],
        [
          -0.102375,
          -0.902934,
          -0.417409,
          1.844899
        ],
        [
          0.0,
          0.0,
          0.0,
          1.0
        ]
      ]
    },
    {
      "file_path": "/media/NFS/ttao/scannet/posed_images/scene0419_01/00025.jpg",
      "transform_matrix": [
        [
          0.991701,
          -0.120074,
          0.045948,
          4.078004
        ],
        [
          -0.087803,
          -0.371488,
          0.924277,
          3.479332
        ],
        [
          -0.093912,
          -0.920641,
          -0.378948,
          1.87303
        ],
        [
          0.0,
          0.0,
          0.0,
          1.0
        ]
      ]
    },
    {
      "file_path": "/media/NFS/ttao/scannet/posed_images/scene0419_01/00032.jpg",
      "transform_matrix": [
        [
          0.991895,
          -0.114205,
          0.055693,
          4.062366
        ],
        [
          -0.091994,
          -0.343135,
          0.93477,
          3.48749
        ],
        [
          -0.087645,
          -0.932317,
          -0.35086,
          1.902446
        ],
        [
          0.0,
          0.0,
          0.0,
          1.0
        ]
      ]
    },
    {
      "file_path": "/media/NFS/ttao/scannet/posed_images/scene0419_01/00049.jpg",
      "transform_matrix": [
        [
          0.990942,
          -0.112266,
          0.073695,
          4.065926
        ],
        [
          -0.098611,
          -0.23579,
          0.966788,
          3.499229
        ],
        [
          -0.091161,
          -0.965297,
          -0.244725,
          1.963155
        ],
        [
          0.0,
          0.0,
          0.0,
          1.0
        ]
      ]
    },
    {
      "file_path": "/media/NFS/ttao/scannet/posed_images/scene0419_01/00063.jpg",
      "transform_matrix": [
        [
          0.991909,
          -0.103197,
          0.073941,
          4.070204
        ],
        [
          -0.088396,
          -0.143375,
          0.985713,
          3.506277
        ],
        [
          -0.091122,
          -0.984273,
          -0.151337,
          2.01661
        ],
        [
          0.0,
          0.0,
          0.0,
          1.0
        ]
      ]
    },
    {
      "file_path": "/media/NFS/ttao/scannet/posed_images/scene0419_01/00074.jpg",
      "transform_matrix": [
        [
          0.991345,
          -0.100299,
          0.084709,
          4.082642
        ],
        [
          -0.089049,
          -0.039608,
          0.995239,
          3.494634
        ],
        [
          -0.096467,
          -0.994168,
          -0.048196,
          2.059238
        ],
        [
          0.0,
          0.0,
          0.0,
          1.0
        ]
      ]
    },
    {
      "file_path": "/media/NFS/ttao/scannet/posed_images/scene0419_01/00084.jpg",
      "transform_matrix": [
        [
          0.990647,
          -0.094141,
          0.098777,
          4.084631
        ],
        [
          -0.0942,
          0.051894,
          0.9942,
          3.482237
        ],
        [
          -0.098721,
          -0.994205,
          0.042541,
          2.124983
        ],
        [
          0.0,
          0.0,
          0.0,
          1.0
        ]
      ]
    },
    {
      "file_path": "/media/NFS/ttao/scannet/posed_images/scene0419_01/00091.jpg",
      "transform_matrix": [
        [
          0.989299,
          -0.102533,
          0.103801,
          4.092114
        ],
        [
          -0.092679,
          0.107853,
          0.989837,
          3.474097
        ],
        [
          -0.112686,
          -0.988865,
          0.097196,
          2.133643
        ],
        [
          0.0,
          0.0,
          0.0,
          1.0
        ]
      ]
    },
    {
      "file_path": "/media/NFS/ttao/scannet/posed_images/scene0419_01/00112.jpg",
      "transform_matrix": [
        [
          0.984992,
          -0.107246,
          0.135239,
          4.10938
        ],
        [
          -0.124341,
          0.102537,
          0.986927,
          3.484899
        ],
        [
          -0.119711,
          -0.988931,
          0.087663,
          2.099894
        ],
        [
          0.0,
          0.0,
          0.0,
          1.0
        ]
      ]
    },
    {
      "file_path": "/media/NFS/ttao/scannet/posed_images/scene0419_01/00116.jpg",
      "transform_matrix": [
        [
          0.985738,
          -0.108019,
          0.129044,
          4.105433
        ],
        [
          -0.121797,
          0.071225,
          0.989996,
          3.492869
        ],
        [
          -0.11613,
          -0.991594,
          0.057052,
          2.075197
        ],
        [
          0.0,
          0.0,
          0.0,
          1.0
        ]
      ]
    },
    {
      "file_path": "/media/NFS/ttao/scannet/posed_images/scene0419_01/00133.jpg",
      "transform_matrix": [
        [
          0.987127,
          -0.137424,
          0.081823,
          4.098795
        ],
        [
          -0.098067,
          -0.115918,
          0.988406,
          3.510824
        ],
        [
          -0.126346,
          -0.983706,
          -0.127903,
          1.991219
        ],
        [
          0.0,
          0.0,
          0.0,
          1.0
        ]
      ]
    },
    {
      "file_path": "/media/NFS/ttao/scannet/posed_images/scene0419_01/00137.jpg",
      "transform_matrix": [
        [
          0.987573,
          -0.135654,
          0.079362,
          4.100365
        ],
        [
          -0.101442,
          -0.164509,
          0.981146,
          3.513728
        ],
        [
          -0.120041,
          -0.977003,
          -0.176225,
          1.971007
        ],
        [
          0.0,
          0.0,
          0.0,
          1.0
        ]
      ]
    },
    {
      "file_path": "/media/NFS/ttao/scannet/posed_images/scene0419_01/00151.jpg",
      "transform_matrix": [
        [
          0.990296,
          -0.13128,
          0.045604,
          4.11506
        ],
        [
          -0.084491,
          -0.308179,
          0.947569,
          3.500123
        ],
        [
          -0.110343,
          -0.942227,
          -0.316281,
          1.857286
        ],
        [
          0.0,
          0.0,
          0.0,
          1.0
        ]
      ]
    },
    {
      "file_path": "/media/NFS/ttao/scannet/posed_images/scene0419_01/00165.jpg",
      "transform_matrix": [
        [
          0.991991,
          -0.120337,
          0.038391,
          4.139287
        ],
        [
          -0.08947,
          -0.454862,
          0.886056,
          3.557871
        ],
        [
          -0.089163,
          -0.882394,
          -0.461985,
          1.780495
        ],
        [
          0.0,
          0.0,
          0.0,
          1.0
        ]
      ]
    },
    {
      "file_path": "/media/NFS/ttao/scannet/posed_images/scene0419_01/00172.jpg",
      "transform_matrix": [
        [
          0.992005,
          -0.115747,
          0.050287,
          4.152264
        ],
        [
          -0.102195,
          -0.503001,
          0.858223,
          3.626034
        ],
        [
          -0.074042,
          -0.8565,
          -0.510809,
          1.750822
        ],
        [
          0.0,
          0.0,
          0.0,
          1.0
        ]
      ]
    },
    {
      "file_path": "/media/NFS/ttao/scannet/posed_images/scene0419_01/00193.jpg",
      "transform_matrix": [
        [
          0.957715,
          -0.213619,
          0.19274,
          4.306433
        ],
        [
          -0.273003,
          -0.463212,
          0.843151,
          3.846213
        ],
        [
          -0.090834,
          -0.860117,
          -0.501944,
          1.789436
        ],
        [
          0.0,
          0.0,
          0.0,
          1.0
        ]
      ]
    },
    {
      "file_path": "/media/NFS/ttao/scannet/posed_images/scene0419_01/00200.jpg",
      "transform_matrix": [
        [
          0.962909,
          -0.205008,
          0.175436,
          4.379978
        ],
        [
          -0.249622,
          -0.42997,
          0.867649,
          3.888459
        ],
        [
          -0.102443,
          -0.87926,
          -0.465197,
          1.785625
        ],
        [
          0.0,
          0.0,
          0.0,
          1.0
        ]
      ]
    },
    {
      "file_path": "/media/NFS/ttao/scannet/posed_images/scene0419_01/00214.jpg",
      "transform_matrix": [
        [
          0.969224,
          -0.147886,
          0.196811,
          4.545895
        ],
        [
          -0.238381,
          -0.364153,
          0.900315,
          3.974677
        ],
        [
          -0.061475,
          -0.919523,
          -0.388199,
          1.822805
        ],
        [
          0.0,
          0.0,
          0.0,
          1.0
        ]
      ]
    },
    {
      "file_path": "/media/NFS/ttao/scannet/posed_images/scene0419_01/00228.jpg",
      "transform_matrix": [
        [
          0.957425,
          -0.151745,
          0.245584,
          4.691778
        ],
        [
          -0.278272,
          -0.258712,
          0.925004,
          4.067719
        ],
        [
          -0.076829,
          -0.953961,
          -0.289924,
          1.880118
        ],
        [
          0.0,
          0.0,
          0.0,
          1.0
        ]
      ]
    },
    {
      "file_path": "/media/NFS/ttao/scannet/posed_images/scene0419_01/00238.jpg",
      "transform_matrix": [
        [
          0.941347,
          -0.12694,
          0.312654,
          4.767841
        ],
        [
          -0.331694,
          -0.177819,
          0.926477,
          4.166744
        ],
        [
          -0.062011,
          -0.975842,
          -0.209495,
          1.925265
        ],
        [
          0.0,
          0.0,
          0.0,
          1.0
        ]
      ]
    },
    {
      "file_path": "/media/NFS/ttao/scannet/posed_images/scene0419_01/00249.jpg",
      "transform_matrix": [
        [
          0.916905,
          -0.140662,
          0.373495,
          4.856324
        ],
        [
          -0.384272,
          -0.058392,
          0.921371,
          4.231904
        ],
        [
          -0.107793,
          -0.988334,
          -0.107592,
          1.977118
        ],
        [
          0.0,
          0.0,
          0.0,
          1.0
        ]
      ]
    },
    {
      "file_path": "/media/NFS/ttao/scannet/posed_images/scene0419_01/00263.jpg",
      "transform_matrix": [
        [
          0.930415,
          -0.125575,
          0.344325,
          5.013946
        ],
        [
          -0.343252,
          0.030777,
          0.938739,
          4.274959
        ],
        [
          -0.12848,
          -0.991606,
          -0.014468,
          2.029809
        ],
        [
          0.0,
          0.0,
          0.0,
          1.0
        ]
      ]
    },
    {
      "file_path": "/media/NFS/ttao/scannet/posed_images/scene0419_01/00266.jpg",
      "transform_matrix": [
        [
          0.935002,
          -0.114041,
          0.335807,
          5.041602
        ],
        [
          -0.333861,
          0.036333,
          0.941922,
          4.281312
        ],
        [
          -0.119619,
          -0.992811,
          -0.004103,
          2.033278
        ],
        [
          0.0,
          0.0,
          0.0,
          1.0
        ]
      ]
    },
    {
      "file_path": "/media/NFS/ttao/scannet/posed_images/scene0419_01/00287.jpg",
      "transform_matrix": [
        [
          0.94169,
          -0.106423,
          0.31921,
          5.167021
        ],
        [
          -0.306202,
          0.122276,
          0.944081,
          4.285539
        ],
        [
          -0.139504,
          -0.986774,
          0.082559,
          2.092018
        ],
        [
          0.0,
          0.0,
          0.0,
          1.0
        ]
      ]
    },
    {
      "file_path": "/media/NFS/ttao/scannet/posed_images/scene0419_01/00291.jpg",
      "transform_matrix": [
        [
          0.942951,
          -0.100772,
          0.317316,
          5.173069
        ],
        [
          -0.303353,
          0.132686,
          0.943595,
          4.287776
        ],
        [
          -0.137192,
          -0.986022,
          0.094546,
          2.074329
        ],
        [
          0.0,
          0.0,
          0.0,
          1.0
        ]
      ]
    },
    {
      "file_path": "/media/NFS/ttao/scannet/posed_images/scene0419_01/00301.jpg",
      "transform_matrix": [
        [
          0.940433,
          -0.121491,
          0.31753,
          5.173215
        ],
        [
          -0.310638,
          0.072498,
          0.947759,
          4.312802
        ],
        [
          -0.138164,
          -0.989941,
          0.03044,
          2.028738
        ],
        [
          0.0,
          0.0,
          0.0,
          1.0
        ]
      ]
    },
    {
      "file_path": "/media/NFS/ttao/scannet/posed_images/scene0419_01/00312.jpg",
      "transform_matrix": [
        [
          0.932787,
          -0.134755,
          0.33429,
          5.166153
        ],
        [
          -0.343847,
          -0.054625,
          0.937435,
          4.367187
        ],
        [
          -0.108064,
          -0.989372,
          -0.097289,
          1.956985
        ],
        [
          0.0,
          0.0,
          0.0,
          1.0
        ]
      ]
    },
    {
      "file_path": "/media/NFS/ttao/scannet/posed_images/scene0419_01/00326.jpg",
      "transform_matrix": [
        [
          0.893667,
          -0.188039,
          0.407432,
          5.16351
        ],
        [
          -0.433845,
          -0.130143,
          0.891538,
          4.456704
        ],
        [
          -0.11462,
          -0.973501,
          -0.197885,
          1.904697
        ],
        [
          0.0,
          0.0,
          0.0,
          1.0
        ]
      ]
    },
    {
      "file_path": "/media/NFS/ttao/scannet/posed_images/scene0419_01/00336.jpg",
      "transform_matrix": [
        [
          0.85552,
          -0.231834,
          0.462967,
          5.177882
        ],
        [
          -0.505157,
          -0.17758,
          0.84456,
          4.498651
        ],
        [
          -0.113583,
          -0.956409,
          -0.269036,
          1.861207
        ],
        [
          0.0,
          0.0,
          0.0,
          1.0
        ]
      ]
    },
    {
      "file_path": "/media/NFS/ttao/scannet/posed_images/scene0419_01/00347.jpg",
      "transform_matrix": [
        [
          0.837905,
          -0.279606,
          0.468759,
          5.235694
        ],
        [
          -0.530254,
          -0.213382,
          0.820548,
          4.518363
        ],
        [
          -0.129405,
          -0.936103,
          -0.327056,
          1.825887
        ],
        [
          0.0,
          0.0,
          0.0,
          1.0
        ]
      ]
    },
    {
      "file_path": "/media/NFS/ttao/scannet/posed_images/scene0419_01/00368.jpg",
      "transform_matrix": [
        [
          0.848874,
          -0.293855,
          0.439389,
          5.433619
        ],
        [
          -0.5206,
          -0.320737,
          0.791267,
          4.526732
        ],
        [
          -0.091589,
          -0.900432,
          -0.425246,
          1.729584
        ],
        [
          0.0,
          0.0,
          0.0,
          1.0
        ]
      ]
    },
    {
      "file_path": "/media/NFS/ttao/scannet/posed_images/scene0419_01/00379.jpg",
      "transform_matrix": [
        [
          0.834348,
          -0.322931,
          0.446742,
          5.509204
        ],
        [
          -0.542686,
          -0.339003,
          0.768485,
          4.546527
        ],
        [
          -0.096721,
          -0.883625,
          -0.458097,
          1.703734
        ],
        [
          0.0,
          0.0,
          0.0,
          1.0
        ]
      ]
    },
    {
      "file_path": "/media/NFS/ttao/scannet/posed_images/scene0419_01/00393.jpg",
      "transform_matrix": [
        [
          0.811634,
          -0.335345,
          0.478325,
          5.604934
        ],
        [
          -0.579532,
          -0.35928,
          0.731479,
          4.637709
        ],
        [
          -0.073445,
          -0.870897,
          -0.485947,
          1.678965
        ],
        [
          0.0,
          0.0,
          0.0,
          1.0
        ]
      ]
    },
    {
      "file_path": "/media/NFS/ttao/scannet/posed_images/scene0419_01/00400.jpg",
      "transform_matrix": [
        [
          0.790898,
          -0.374932,
          0.483638,
          5.643855
        ],
        [
          -0.607521,
          -0.386186,
          0.694102,
          4.667522
        ],
        [
          -0.073467,
          -0.842785,
          -0.533213,
          1.659533
        ],
        [
          0.0,
          0.0,
          0.0,
          1.0
        ]
      ]
    },
    {
      "file_path": "/media/NFS/ttao/scannet/posed_images/scene0419_01/00407.jpg",
      "transform_matrix": [
        [
          0.782097,
          -0.410992,
          0.468412,
          5.67371
        ],
        [
          -0.617564,
          -0.410719,
          0.670764,
          4.655716
        ],
        [
          -0.083293,
          -0.813877,
          -0.575036,
          1.614397
        ],
        [
          0.0,
          0.0,
          0.0,
          1.0
        ]
      ]
    },
    {
      "file_path": "/media/NFS/ttao/scannet/posed_images/scene0419_01/00428.jpg",
      "transform_matrix": [
        [
          0.841555,
          -0.301629,
          0.448113,
          5.834081
        ],
        [
          -0.539573,
          -0.430357,
          0.723639,
          4.558486
        ],
        [
          -0.025422,
          -0.850772,
          -0.52492,
          1.622352
        ],
        [
          0.0,
          0.0,
          0.0,
          1.0
        ]
      ]
    },
    {
      "file_path": "/media/NFS/ttao/scannet/posed_images/scene0419_01/00438.jpg",
      "transform_matrix": [
        [
          0.840148,
          -0.267398,
          0.471857,
          5.894193
        ],
        [
          -0.540643,
          -0.343795,
          0.767796,
          4.523356
        ],
        [
          -0.043085,
          -0.900169,
          -0.433406,
          1.661609
        ],
        [
          0.0,
          0.0,
          0.0,
          1.0
        ]
      ]
    },
    {
      "file_path": "/media/NFS/ttao/scannet/posed_images/scene0419_01/00449.jpg",
      "transform_matrix": [
        [
          0.83191,
          -0.208231,
          0.51436,
          5.911809
        ],
        [
          -0.552921,
          -0.232633,
          0.8001,
          4.531024
        ],
        [
          -0.046948,
          -0.950011,
          -0.308665,
          1.729067
        ],
        [
          0.0,
          0.0,
          0.0,
          1.0
        ]
      ]
    },
    {
      "file_path": "/media/NFS/ttao/scannet/posed_images/scene0419_01/00463.jpg",
      "transform_matrix": [
        [
          0.815313,
          -0.163996,
          0.555311,
          5.91615
        ],
        [
          -0.576746,
          -0.145097,
          0.803934,
          4.55516
        ],
        [
          -0.051269,
          -0.975732,
          -0.212884,
          1.826601
        ],
        [
          0.0,
          0.0,
          0.0,
          1.0
        ]
      ]
    },
    {
      "file_path": "/media/NFS/ttao/scannet/posed_images/scene0419_01/00473.jpg",
      "transform_matrix": [
        [
          0.792545,
          -0.15954,
          0.588574,
          5.923305
        ],
        [
          -0.606335,
          -0.103216,
          0.788482,
          4.570107
        ],
        [
          -0.065044,
          -0.981781,
          -0.178538,
          1.869933
        ],
        [
          0.0,
          0.0,
          0.0,
          1.0
        ]
      ]
    },
    {
      "file_path": "/media/NFS/ttao/scannet/posed_images/scene0419_01/00477.jpg",
      "transform_matrix": [
        [
          0.78586,
          -0.147635,
          0.600523,
          5.926388
        ],
        [
          -0.614921,
          -0.083637,
          0.784141,
          4.57301
        ],
        [
          -0.065541,
          -0.985499,
          -0.156511,
          1.86971
        ],
        [
          0.0,
          0.0,
          0.0,
          1.0
        ]
      ]
    },
    {
      "file_path": "/media/NFS/ttao/scannet/posed_images/scene0419_01/00487.jpg",
      "transform_matrix": [
        [
          0.750355,
          -0.13783,
          0.646506,
          5.916531
        ],
        [
          -0.657118,
          -0.049211,
          0.75218,
          4.594865
        ],
        [
          -0.071858,
          -0.989232,
          -0.127496,
          1.904632
        ],
        [
          0.0,
          0.0,
          0.0,
          1.0
        ]
      ]
    },
    {
      "file_path": "/media/NFS/ttao/scannet/posed_images/scene0419_01/00508.jpg",
      "transform_matrix": [
        [
          0.624376,
          -0.043632,
          0.779904,
          5.891161
        ],
        [
          -0.778182,
          0.051819,
          0.625897,
          4.62219
        ],
        [
          -0.067723,
          -0.997703,
          -0.001599,
          1.980585
        ],
        [
          0.0,
          0.0,
          0.0,
          1.0
        ]
      ]
    },
    {
      "file_path": "/media/NFS/ttao/scannet/posed_images/scene0419_01/00512.jpg",
      "transform_matrix": [
        [
          0.591723,
          -0.033842,
          0.805431,
          5.887927
        ],
        [
          -0.803839,
          0.050683,
          0.592683,
          4.62356
        ],
        [
          -0.060879,
          -0.998141,
          0.002787,
          1.951516
        ],
        [
          0.0,
          0.0,
          0.0,
          1.0
        ]
      ]
    },
    {
      "file_path": "/media/NFS/ttao/scannet/posed_images/scene0419_01/00533.jpg",
      "transform_matrix": [
        [
          0.516226,
          -0.129307,
          0.846635,
          5.926358
        ],
        [
          -0.854634,
          -0.013403,
          0.519057,
          4.605605
        ],
        [
          -0.055771,
          -0.991514,
          -0.117429,
          1.853316
        ],
        [
          0.0,
          0.0,
          0.0,
          1.0
        ]
      ]
    },
    {
      "file_path": "/media/NFS/ttao/scannet/posed_images/scene0419_01/00536.jpg",
      "transform_matrix": [
        [
          0.511153,
          -0.154109,
          0.845561,
          5.92744
        ],
        [
          -0.857647,
          -0.027069,
          0.513526,
          4.605233
        ],
        [
          -0.05625,
          -0.987683,
          -0.146007,
          1.842657
        ],
        [
          0.0,
          0.0,
          0.0,
          1.0
        ]
      ]
    },
    {
      "file_path": "/media/NFS/ttao/scannet/posed_images/scene0419_01/00547.jpg",
      "transform_matrix": [
        [
          0.492611,
          -0.260358,
          0.83039,
          5.944696
        ],
        [
          -0.867179,
          -0.066774,
          0.4935,
          4.600678
        ],
        [
          -0.073038,
          -0.9632,
          -0.258671,
          1.795601
        ],
        [
          0.0,
          0.0,
          0.0,
          1.0
        ]
      ]
    },
    {
      "file_path": "/media/NFS/ttao/scannet/posed_images/scene0419_01/00568.jpg",
      "transform_matrix": [
        [
          0.452443,
          -0.389038,
          0.802462,
          6.02737
        ],
        [
          -0.888017,
          -0.113817,
          0.445502,
          4.610389
        ],
        [
          -0.081983,
          -0.914164,
          -0.396968,
          1.646756
        ],
        [
          0.0,
          0.0,
          0.0,
          1.0
        ]
      ]
    },
    {
      "file_path": "/media/NFS/ttao/scannet/posed_images/scene0419_01/00575.jpg",
      "transform_matrix": [
        [
          0.426509,
          -0.433549,
          0.793805,
          6.065822
        ],
        [
          -0.900342,
          -0.119613,
          0.418422,
          4.629609
        ],
        [
          -0.086457,
          -0.893156,
          -0.441358,
          1.618645
        ],
        [
          0.0,
          0.0,
          0.0,
          1.0
        ]
      ]
    },
    {
      "file_path": "/media/NFS/ttao/scannet/posed_images/scene0419_01/00589.jpg",
      "transform_matrix": [
        [
          0.367318,
          -0.519691,
          0.771362,
          6.126431
        ],
        [
          -0.926022,
          -0.126809,
          0.355531,
          4.637136
        ],
        [
          -0.08695,
          -0.844891,
          -0.527825,
          1.583855
        ],
        [
          0.0,
          0.0,
          0.0,
          1.0
        ]
      ]
    },
    {
      "file_path": "/media/NFS/ttao/scannet/posed_images/scene0419_01/00599.jpg",
      "transform_matrix": [
        [
          0.283901,
          -0.558735,
          0.77924,
          6.141599
        ],
        [
          -0.954508,
          -0.087398,
          0.28509,
          4.688697
        ],
        [
          -0.091186,
          -0.824728,
          -0.55813,
          1.565049
        ],
        [
          0.0,
          0.0,
          0.0,
          1.0
        ]
      ]
    },
    {
      "file_path": "/media/NFS/ttao/scannet/posed_images/scene0419_01/00606.jpg",
      "transform_matrix": [
        [
          0.180478,
          -0.591782,
          0.785635,
          6.162338
        ],
        [
          -0.977898,
          -0.022238,
          0.207895,
          4.730968
        ],
        [
          -0.105557,
          -0.805791,
          -0.582716,
          1.568269
        ],
        [
          0.0,
          0.0,
          0.0,
          1.0
        ]
      ]
    },
    {
      "file_path": "/media/NFS/ttao/scannet/posed_images/scene0419_01/00624.jpg",
      "transform_matrix": [
        [
          -0.079015,
          -0.636839,
          0.766937,
          6.197339
        ],
        [
          -0.990186,
          0.139103,
          0.013492,
          4.732553
        ],
        [
          -0.115276,
          -0.758344,
          -0.64158,
          1.521416
        ],
        [
          0.0,
          0.0,
          0.0,
          1.0
        ]
      ]
    },
    {
      "file_path": "/media/NFS/ttao/scannet/posed_images/scene0419_01/00638.jpg",
      "transform_matrix": [
        [
          -0.17985,
          -0.592427,
          0.785292,
          6.307263
        ],
        [
          -0.978138,
          0.192433,
          -0.078844,
          4.689423
        ],
        [
          -0.104407,
          -0.782304,
          -0.614085,
          1.519413
        ],
        [
          0.0,
          0.0,
          0.0,
          1.0
        ]
      ]
    },
    {
      "file_path": "/media/NFS/ttao/scannet/posed_images/scene0419_01/00641.jpg",
      "transform_matrix": [
        [
          -0.202878,
          -0.584324,
          0.785753,
          6.320965
        ],
        [
          -0.973441,
          0.207285,
          -0.097191,
          4.679725
        ],
        [
          -0.106083,
          -0.784601,
          -0.610858,
          1.5135
        ],
        [
          0.0,
          0.0,
          0.0,
          1.0
        ]
      ]
    },
    {
      "file_path": "/media/NFS/ttao/scannet/posed_images/scene0419_01/00652.jpg",
      "transform_matrix": [
        [
          -0.271276,
          -0.535204,
          0.799979,
          6.388165
        ],
        [
          -0.958088,
          0.229657,
          -0.171246,
          4.655527
        ],
        [
          -0.092069,
          -0.812905,
          -0.575073,
          1.552866
        ],
        [
          0.0,
          0.0,
          0.0,
          1.0
        ]
      ]
    },
    {
      "file_path": "/media/NFS/ttao/scannet/posed_images/scene0419_01/00669.jpg",
      "transform_matrix": [
        [
          -0.420651,
          -0.389497,
          0.819356,
          6.472669
        ],
        [
          -0.902861,
          0.268188,
          -0.336033,
          4.687555
        ],
        [
          -0.088858,
          -0.881117,
          -0.464475,
          1.63009
        ],
        [
          0.0,
          0.0,
          0.0,
          1.0
        ]
      ]
    },
    {
      "file_path": "/media/NFS/ttao/scannet/posed_images/scene0419_01/00683.jpg",
      "transform_matrix": [
        [
          -0.520994,
          -0.217009,
          0.825513,
          6.51277
        ],
        [
          -0.843252,
          0.280714,
          -0.458396,
          4.716149
        ],
        [
          -0.132257,
          -0.934937,
          -0.329244,
          1.709754
        ],
        [
          0.0,
          0.0,
          0.0,
          1.0
        ]
      ]
    },
    {
      "file_path": "/media/NFS/ttao/scannet/posed_images/scene0419_01/00687.jpg",
      "transform_matrix": [
        [
          -0.537118,
          -0.187434,
          0.822419,
          6.517573
        ],
        [
          -0.834256,
          0.262047,
          -0.485127,
          4.721694
        ],
        [
          -0.124583,
          -0.946678,
          -0.297118,
          1.73118
        ],
        [
          0.0,
          0.0,
          0.0,
          1.0
        ]
      ]
    },
    {
      "file_path": "/media/NFS/ttao/scannet/posed_images/scene0419_01/00701.jpg",
      "transform_matrix": [
        [
          -0.597673,
          -0.111525,
          0.793946,
          6.532591
        ],
        [
          -0.797937,
          0.179093,
          -0.57552,
          4.730743
        ],
        [
          -0.078005,
          -0.977491,
          -0.196029,
          1.770764
        ],
        [
          0.0,
          0.0,
          0.0,
          1.0
        ]
      ]
    },
    {
      "file_path": "/media/NFS/ttao/scannet/posed_images/scene0419_01/00712.jpg",
      "transform_matrix": [
        [
          -0.633102,
          -0.024392,
          0.773684,
          6.51577
        ],
        [
          -0.771436,
          0.102248,
          -0.628038,
          4.721987
        ],
        [
          -0.063788,
          -0.99446,
          -0.08355,
          1.822118
        ],
        [
          0.0,
          0.0,
          0.0,
          1.0
        ]
      ]
    },
    {
      "file_path": "/media/NFS/ttao/scannet/posed_images/scene0419_01/00726.jpg",
      "transform_matrix": [
        [
          -0.690237,
          0.032605,
          0.722848,
          6.499111
        ],
        [
          -0.720159,
          0.066116,
          -0.690651,
          4.702773
        ],
        [
          -0.07031,
          -0.997279,
          -0.022155,
          1.840028
        ],
        [
          0.0,
          0.0,
          0.0,
          1.0
        ]
      ]
    },
    {
      "file_path": "/media/NFS/ttao/scannet/posed_images/scene0419_01/00743.jpg",
      "transform_matrix": [
        [
          -0.751988,
          -0.026121,
          0.65866,
          6.498506
        ],
        [
          -0.655712,
          0.131976,
          -0.743387,
          4.690625
        ],
        [
          -0.067509,
          -0.990909,
          -0.116372,
          1.801262
        ],
        [
          0.0,
          0.0,
          0.0,
          1.0
        ]
      ]
    },
    {
      "file_path": "/media/NFS/ttao/scannet/posed_images/scene0419_01/00750.jpg",
      "transform_matrix": [
        [
          -0.757149,
          -0.082747,
          0.64798,
          6.500334
        ],
        [
          -0.650179,
          0.191408,
          -0.735276,
          4.673054
        ],
        [
          -0.063186,
          -0.978016,
          -0.198724,
          1.791631
        ],
        [
          0.0,
          0.0,
          0.0,
          1.0
        ]
      ]
    },
    {
      "file_path": "/media/NFS/ttao/scannet/posed_images/scene0419_01/00757.jpg",
      "transform_matrix": [
        [
          -0.756959,
          -0.111265,
          0.643921,
          6.510689
        ],
        [
          -0.648799,
          0.245483,
          -0.720276,
          4.654185
        ],
        [
          -0.07793,
          -0.962994,
          -0.258009,
          1.728797
        ],
        [
          0.0,
          0.0,
          0.0,
          1.0
        ]
      ]
    },
    {
      "file_path": "/media/NFS/ttao/scannet/posed_images/scene0419_01/00771.jpg",
      "transform_matrix": [
        [
          -0.745798,
          -0.164268,
          0.645602,
          6.559471
        ],
        [
          -0.6602,
          0.311732,
          -0.683344,
          4.575957
        ],
        [
          -0.089003,
          -0.935863,
          -0.340939,
          1.667372
        ],
        [
          0.0,
          0.0,
          0.0,
          1.0
        ]
      ]
    },
    {
      "file_path": "/media/NFS/ttao/scannet/posed_images/scene0419_01/00789.jpg",
      "transform_matrix": [
        [
          -0.746861,
          -0.276382,
          0.604823,
          6.651675
        ],
        [
          -0.662617,
          0.385924,
          -0.641873,
          4.499651
        ],
        [
          -0.056013,
          -0.880157,
          -0.471367,
          1.578464
        ],
        [
          0.0,
          0.0,
          0.0,
          1.0
        ]
      ]
    },
    {
      "file_path": "/media/NFS/ttao/scannet/posed_images/scene0419_01/00799.jpg",
      "transform_matrix": [
        [
          -0.775572,
          -0.307515,
          0.551291,
          6.782251
        ],
        [
          -0.629703,
          0.43816,
          -0.641474,
          4.462861
        ],
        [
          -0.04429,
          -0.84466,
          -0.533468,
          1.556168
        ],
        [
          0.0,
          0.0,
          0.0,
          1.0
        ]
      ]
    },
    {
      "file_path": "/media/NFS/ttao/scannet/posed_images/scene0419_01/00803.jpg",
      "transform_matrix": [
        [
          -0.791277,
          -0.296475,
          0.534774,
          6.849629
        ],
        [
          -0.608904,
          0.461914,
          -0.644881,
          4.454942
        ],
        [
          -0.055828,
          -0.835906,
          -0.546027,
          1.559517
        ],
        [
          0.0,
          0.0,
          0.0,
          1.0
        ]
      ]
    },
    {
      "file_path": "/media/NFS/ttao/scannet/posed_images/scene0419_01/00817.jpg",
      "transform_matrix": [
        [
          -0.834032,
          -0.29931,
          0.463471,
          6.973513
        ],
        [
          -0.548524,
          0.540095,
          -0.638294,
          4.416702
        ],
        [
          -0.05927,
          -0.786582,
          -0.614635,
          1.517048
        ],
        [
          0.0,
          0.0,
          0.0,
          1.0
        ]
      ]
    },
    {
      "file_path": "/media/NFS/ttao/scannet/posed_images/scene0419_01/00827.jpg",
      "transform_matrix": [
        [
          -0.852945,
          -0.31198,
          0.418514,
          7.027062
        ],
        [
          -0.518546,
          0.598494,
          -0.610668,
          4.33413
        ],
        [
          -0.059962,
          -0.737885,
          -0.672258,
          1.483363
        ],
        [
          0.0,
          0.0,
          0.0,
          1.0
        ]
      ]
    },
    {
      "file_path": "/media/NFS/ttao/scannet/posed_images/scene0419_01/00848.jpg",
      "transform_matrix": [
        [
          -0.86901,
          -0.296045,
          0.396458,
          7.088528
        ],
        [
          -0.493039,
          0.585537,
          -0.643474,
          4.131064
        ],
        [
          -0.041643,
          -0.754655,
          -0.654799,
          1.484967
        ],
        [
          0.0,
          0.0,
          0.0,
          1.0
        ]
      ]
    },
    {
      "file_path": "/media/NFS/ttao/scannet/posed_images/scene0419_01/00859.jpg",
      "transform_matrix": [
        [
          -0.884264,
          -0.276549,
          0.376294,
          7.160714
        ],
        [
          -0.46645,
          0.561672,
          -0.683337,
          4.06452
        ],
        [
          -0.022378,
          -0.779773,
          -0.625663,
          1.495762
        ],
        [
          0.0,
          0.0,
          0.0,
          1.0
        ]
      ]
    },
    {
      "file_path": "/media/NFS/ttao/scannet/posed_images/scene0419_01/00869.jpg",
      "transform_matrix": [
        [
          -0.898127,
          -0.253202,
          0.359522,
          7.280957
        ],
        [
          -0.438893,
          0.566759,
          -0.69725,
          4.003279
        ],
        [
          -0.027217,
          -0.784011,
          -0.62015,
          1.506806
        ],
        [
          0.0,
          0.0,
          0.0,
          1.0
        ]
      ]
    },
    {
      "file_path": "/media/NFS/ttao/scannet/posed_images/scene0419_01/00883.jpg",
      "transform_matrix": [
        [
          -0.901458,
          -0.233686,
          0.36437,
          7.396683
        ],
        [
          -0.431436,
          0.55345,
          -0.71243,
          3.928192
        ],
        [
          -0.035176,
          -0.799427,
          -0.599732,
          1.514868
        ],
        [
          0.0,
          0.0,
          0.0,
          1.0
        ]
      ]
    },
    {
      "file_path": "/media/NFS/ttao/scannet/posed_images/scene0419_01/00890.jpg",
      "transform_matrix": [
        [
          -0.891857,
          -0.247553,
          0.378561,
          7.415552
        ],
        [
          -0.451239,
          0.544693,
          -0.706889,
          3.877297
        ],
        [
          -0.031207,
          -0.801266,
          -0.597494,
          1.503441
        ],
        [
          0.0,
          0.0,
          0.0,
          1.0
        ]
      ]
    },
    {
      "file_path": "/media/NFS/ttao/scannet/posed_images/scene0419_01/00897.jpg",
      "transform_matrix": [
        [
          -0.863614,
          -0.279574,
          0.419534,
          7.433331
        ],
        [
          -0.503259,
          0.527606,
          -0.68437,
          3.812097
        ],
        [
