{
  "frames": [
    {
      "file_path": "/media/NFS/ttao/scannet/posed_images/scene0337_02/00000.jpg",
      "transform_matrix": [
        [
          -0.968731,
          0.246449,
          0.028701,
          2.751526
        ],
        [
          -0.009561,
          0.078512,
          -0.996867,
          3.332579
        ],
        [
          -0.247931,
          -0.96597,
          -0.0737,
          2.007266
        ],
        [
          0.0,
          0.0,
          0.0,
          1.0
        ]
      ]
    },
    {
      "file_path": "/media/NFS/ttao/scannet/posed_images/scene0337_02/00007.jpg",
      "transform_matrix": [
        [
          -0.970868,
          0.239498,
          0.007452,
          2.771029
        ],
        [
          0.013251,
          0.084715,
          -0.996317,
          3.337234
        ],
        [
          -0.239247,
          -0.967194,
          -0.085421,
          2.0107
        ],
        [
          0.0,
          0.0,
          0.0,
          1.0
        ]
      ]
    },
    {
      "file_path": "/media/NFS/ttao/scannet/posed_images/scene0337_02/00014.jpg",
      "transform_matrix": [
        [
          -0.967065,
          0.254119,
          -0.014459,
          2.817862
        ],
        [
          0.038168,
          0.088619,
          -0.995334,
          3.349285
        ],
        [
          -0.251652,
          -0.963105,
          -0.095399,
          2.075727
        ],
        [
          0.0,
          0.0,
          0.0,
          1.0
        ]
      ]
    },
    {
      "file_path": "/media/NFS/ttao/scannet/posed_images/scene0337_02/00020.jpg",
      "transform_matrix": [
        [
          -0.964775,
          0.257655,
          -0.053129,
          2.817273
        ],
        [
          0.072267,
          0.06538,
          -0.99524,
          3.369244
        ],
        [
          -0.252955,
          -0.964023,
          -0.081697,
          2.07325
        ],
        [
          0.0,
          0.0,
          0.0,
          1.0
        ]
      ]
    },
    {
      "file_path": "/media/NFS/ttao/scannet/posed_images/scene0337_02/00032.jpg",
      "transform_matrix": [
        [
          -0.921288,
          0.285865,
          -0.263647,
          2.944114
        ],
        [
          0.309227,
          0.127411,
          -0.942414,
          3.39569
        ],
        [
          -0.235811,
          -0.949762,
          -0.20578,
          2.110553
        ],
        [
          0.0,
          0.0,
          0.0,
          1.0
        ]
      ]
    },
    {
      "file_path": "/media/NFS/ttao/scannet/posed_images/scene0337_02/00036.jpg",
      "transform_matrix": [
        [
          -0.904594,
          0.285108,
          -0.316898,
          2.953233
        ],
        [
          0.367122,
          0.143256,
          -0.919075,
          3.408695
        ],
        [
          -0.216638,
          -0.94773,
          -0.234257,
          2.107559
        ],
        [
          0.0,
          0.0,
          0.0,
          1.0
        ]
      ]
    },
    {
      "file_path": "/media/NFS/ttao/scannet/posed_images/scene0337_02/00050.jpg",
      "transform_matrix": [
        [
          -0.846432,
          0.271409,
          -0.458137,
          2.846044
        ],
        [
          0.504,
          0.130651,
          -0.853765,
          3.467317
        ],
        [
          -0.171863,
          -0.953555,
          -0.247377,
          2.069057
        ],
        [
          0.0,
          0.0,
          0.0,
          1.0
        ]
      ]
    },
    {
      "file_path": "/media/NFS/ttao/scannet/posed_images/scene0337_02/00057.jpg",
      "transform_matrix": [
        [
          -0.797625,
          0.290553,
          -0.528558,
          2.823018
        ],
        [
          0.582123,
          0.141447,
          -0.800703,
          3.500225
        ],
        [
          -0.157884,
          -0.946347,
          -0.281959,
          2.06428
        ],
        [
          0.0,
          0.0,
          0.0,
          1.0
        ]
      ]
    },
    {
      "file_path": "/media/NFS/ttao/scannet/posed_images/scene0337_02/00063.jpg",
      "transform_matrix": [
        [
          -0.762081,
          0.284391,
          -0.581683,
          2.765472
        ],
        [
          0.633536,
          0.142064,
          -0.760559,
          3.514087
        ],
        [
          -0.13366,
          -0.948124,
          -0.288436,
          2.053343
        ],
        [
          0.0,
          0.0,
          0.0,
          1.0
        ]
      ]
    },
    {
      "file_path": "/media/NFS/ttao/scannet/posed_images/scene0337_02/00068.jpg",
      "transform_matrix": [
        [
          -0.725668,
          0.283841,
          -0.62677,
          2.774357
        ],
        [
          0.677253,
          0.133954,
          -0.723453,
          3.517066
        ],
        [
          -0.121387,
          -0.949469,
          -0.289438,
          2.061148
        ],
        [
          0.0,
          0.0,
          0.0,
          1.0
        ]
      ]
    },
    {
      "file_path": "/media/NFS/ttao/scannet/posed_images/scene0337_02/00075.jpg",
      "transform_matrix": [
        [
          -0.678831,
          0.274889,
          -0.6809,
          2.756177
        ],
        [
          0.727906,
          0.129866,
          -0.673266,
          3.544485
        ],
        [
          -0.096648,
          -0.952665,
          -0.28825,
          2.053644
        ],
        [
          0.0,
          0.0,
          0.0,
          1.0
        ]
      ]
    },
    {
      "file_path": "/media/NFS/ttao/scannet/posed_images/scene0337_02/00081.jpg",
      "transform_matrix": [
        [
          -0.639034,
          0.276544,
          -0.717746,
          2.747618
        ],
        [
          0.764731,
          0.128226,
          -0.631462,
          3.559847
        ],
        [
          -0.082593,
          -0.952408,
          -0.293422,
          2.060196
        ],
        [
          0.0,
          0.0,
          0.0,
          1.0
        ]
      ]
    },
    {
      "file_path": "/media/NFS/ttao/scannet/posed_images/scene0337_02/00088.jpg",
      "transform_matrix": [
        [
          -0.570735,
          0.274678,
          -0.77383,
          2.754696
        ],
        [
          0.818942,
          0.121593,
          -0.560846,
          3.56331
        ],
        [
          -0.05996,
          -0.953817,
          -0.294343,
          2.065593
        ],
        [
          0.0,
          0.0,
          0.0,
          1.0
        ]
      ]
    },
    {
      "file_path": "/media/NFS/ttao/scannet/posed_images/scene0337_02/00099.jpg",
      "transform_matrix": [
        [
          -0.467903,
          0.252094,
          -0.847063,
          2.762633
        ],
        [
          0.883431,
          0.106516,
          -0.456293,
          3.5655
        ],
        [
          -0.024803,
          -0.961823,
          -0.272547,
          2.084014
        ],
        [
          0.0,
          0.0,
          0.0,
          1.0
        ]
      ]
    },
    {
      "file_path": "/media/NFS/ttao/scannet/posed_images/scene0337_02/00106.jpg",
      "transform_matrix": [
        [
          -0.393754,
          0.255988,
          -0.882852,
          2.772685
        ],
        [
          0.919198,
          0.103664,
          -0.379906,
          3.539311
        ],
        [
          -0.005732,
          -0.961106,
          -0.276122,
          2.082236
        ],
        [
          0.0,
          0.0,
          0.0,
          1.0
        ]
      ]
    },
    {
      "file_path": "/media/NFS/ttao/scannet/posed_images/scene0337_02/00118.jpg",
      "transform_matrix": [
        [
          -0.302115,
          0.227918,
          -0.925624,
          2.777158
        ],
        [
          0.953148,
          0.087838,
          -0.28947,
          3.539036
        ],
        [
          0.01533,
          -0.96971,
          -0.243777,
          2.072868
        ],
        [
          0.0,
          0.0,
          0.0,
          1.0
        ]
      ]
    },
    {
      "file_path": "/media/NFS/ttao/scannet/posed_images/scene0337_02/00124.jpg",
      "transform_matrix": [
        [
          -0.295046,
          0.244538,
          -0.923661,
          2.765553
        ],
        [
          0.955285,
          0.095157,
          -0.279955,
          3.569842
        ],
        [
          0.019434,
          -0.964959,
          -0.26168,
          2.074679
        ],
        [
          0.0,
          0.0,
          0.0,
          1.0
        ]
      ]
    },
    {
      "file_path": "/media/NFS/ttao/scannet/posed_images/scene0337_02/00129.jpg",
      "transform_matrix": [
        [
          -0.296198,
          0.279787,
          -0.913228,
          2.766057
        ],
        [
          0.955014,
          0.101449,
          -0.27867,
          3.576417
        ],
        [
          0.014678,
          -0.954687,
          -0.29725,
          2.058859
        ],
        [
          0.0,
          0.0,
          0.0,
          1.0
        ]
      ]
    },
    {
      "file_path": "/media/NFS/ttao/scannet/posed_images/scene0337_02/00136.jpg",
      "transform_matrix": [
        [
          -0.284144,
          0.370562,
          -0.884277,
          2.760422
        ],
        [
          0.958745,
          0.117831,
          -0.258695,
          3.570794
        ],
        [
          0.008333,
          -0.921303,
          -0.388756,
          2.050788
        ],
        [
          0.0,
          0.0,
          0.0,
          1.0
        ]
      ]
    },
    {
      "file_path": "/media/NFS/ttao/scannet/posed_images/scene0337_02/00142.jpg",
      "transform_matrix": [
        [
          -0.301315,
          0.415382,
          -0.858293,
          2.760779
        ],
        [
          0.953523,
          0.13298,
          -0.270389,
          3.617693
        ],
        [
          0.001821,
          -0.899875,
          -0.436145,
          2.030517
        ],
        [
          0.0,
          0.0,
          0.0,
          1.0
        ]
      ]
    },
    {
      "file_path": "/media/NFS/ttao/scannet/posed_images/scene0337_02/00149.jpg",
      "transform_matrix": [
        [
          -0.294483,
          0.452119,
          -0.841943,
          2.800534
        ],
        [
          0.955651,
          0.142297,
          -0.257842,
          3.617449
        ],
        [
          0.003231,
          -0.880534,
          -0.473972,
          2.021773
        ],
        [
          0.0,
          0.0,
          0.0,
          1.0
        ]
      ]
    },
    {
      "file_path": "/media/NFS/ttao/scannet/posed_images/scene0337_02/00156.jpg",
      "transform_matrix": [
        [
          -0.280541,
          0.495029,
          -0.82234,
          2.846978
        ],
        [
          0.959819,
          0.15055,
          -0.236814,
          3.630867
        ],
        [
          0.006573,
          -0.855734,
          -0.517374,
          2.00947
        ],
        [
          0.0,
          0.0,
          0.0,
          1.0
        ]
      ]
    },
    {
      "file_path": "/media/NFS/ttao/scannet/posed_images/scene0337_02/00165.jpg",
      "transform_matrix": [
        [
          -0.310716,
          0.517009,
          -0.797595,
          2.91085
        ],
        [
          0.950404,
          0.15689,
          -0.268547,
          3.63522
        ],
        [
          -0.013707,
          -0.841479,
          -0.540116,
          2.006309
        ],
        [
          0.0,
          0.0,
          0.0,
          1.0
        ]
      ]
    },
    {
      "file_path": "/media/NFS/ttao/scannet/posed_images/scene0337_02/00176.jpg",
      "transform_matrix": [
        [
          -0.411445,
          0.574474,
          -0.707597,
          2.957385
        ],
        [
          0.910571,
          0.225289,
          -0.346563,
          3.62304
        ],
        [
          -0.039677,
          -0.786908,
          -0.615793,
          1.97047
        ],
        [
          0.0,
          0.0,
          0.0,
          1.0
        ]
      ]
    },
    {
      "file_path": "/media/NFS/ttao/scannet/posed_images/scene0337_02/00185.jpg",
      "transform_matrix": [
        [
          -0.484434,
          0.597062,
          -0.639407,
          2.994687
        ],
        [
          0.873846,
          0.295638,
          -0.385994,
          3.602894
        ],
        [
          -0.041429,
          -0.745732,
          -0.664957,
          1.96234
        ],
        [
          0.0,
          0.0,
          0.0,
          1.0
        ]
      ]
    },
    {
      "file_path": "/media/NFS/ttao/scannet/posed_images/scene0337_02/00190.jpg",
      "transform_matrix": [
        [
          -0.518828,
          0.595656,
          -0.613198,
          3.014341
        ],
        [
          0.85297,
          0.312794,
          -0.417853,
          3.598491
        ],
        [
          -0.057092,
          -0.739834,
          -0.670363,
          1.962245
        ],
        [
          0.0,
          0.0,
          0.0,
          1.0
        ]
      ]
    },
    {
      "file_path": "/media/NFS/ttao/scannet/posed_images/scene0337_02/00194.jpg",
      "transform_matrix": [
        [
          -0.548681,
          0.591955,
          -0.590372,
          3.03779
        ],
        [
          0.833088,
          0.327926,
          -0.445453,
          3.59207
        ],
        [
          -0.07009,
          -0.736244,
          -0.673077,
          1.963843
        ],
        [
          0.0,
          0.0,
          0.0,
          1.0
        ]
      ]
    },
    {
      "file_path": "/media/NFS/ttao/scannet/posed_images/scene0337_02/00208.jpg",
      "transform_matrix": [
        [
          -0.624286,
          0.617312,
          -0.478742,
          3.113314
        ],
        [
          0.775894,
          0.418688,
          -0.471899,
          3.592902
        ],
        [
          -0.090865,
          -0.666053,
          -0.74035,
          1.963376
        ],
        [
          0.0,
          0.0,
          0.0,
          1.0
        ]
      ]
    },
    {
      "file_path": "/media/NFS/ttao/scannet/posed_images/scene0337_02/00210.jpg",
      "transform_matrix": [
        [
          -0.629816,
          0.617234,
          -0.471544,
          3.125142
        ],
        [
          0.771835,
          0.429171,
          -0.469129,
          3.58963
        ],
        [
          -0.087189,
          -0.659419,
          -0.746702,
          1.963949
        ],
        [
          0.0,
          0.0,
          0.0,
          1.0
        ]
      ]
    },
    {
      "file_path": "/media/NFS/ttao/scannet/posed_images/scene0337_02/00217.jpg",
      "transform_matrix": [
        [
          -0.648808,
          0.617875,
          -0.444161,
          3.150948
        ],
        [
          0.753057,
          0.437487,
          -0.491436,
          3.594377
        ],
        [
          -0.109331,
          -0.653326,
          -0.74914,
          1.96388
        ],
        [
          0.0,
          0.0,
          0.0,
          1.0
        ]
      ]
    },
    {
      "file_path": "/media/NFS/ttao/scannet/posed_images/scene0337_02/00226.jpg",
      "transform_matrix": [
        [
          -0.692386,
          0.591284,
          -0.413503,
          3.166049
        ],
        [
          0.708801,
          0.450232,
          -0.54304,
          3.584015
        ],
        [
          -0.134918,
          -0.669085,
          -0.730837,
          1.972273
        ],
        [
          0.0,
          0.0,
          0.0,
          1.0
        ]
      ]
    },
    {
      "file_path": "/media/NFS/ttao/scannet/posed_images/scene0337_02/00235.jpg",
      "transform_matrix": [
        [
          -0.777753,
          0.514832,
          -0.360623,
          3.175511
        ],
        [
          0.608098,
          0.471044,
          -0.63901,
          3.55243
        ],
        [
          -0.159114,
          -0.716286,
          -0.679424,
          1.986839
        ],
        [
          0.0,
          0.0,
          0.0,
          1.0
        ]
      ]
    },
    {
      "file_path": "/media/NFS/ttao/scannet/posed_images/scene0337_02/00242.jpg",
      "transform_matrix": [
        [
          -0.829982,
          0.468373,
          -0.302913,
          3.190727
        ],
        [
          0.530536,
          0.495204,
          -0.687971,
          3.515902
        ],
        [
          -0.172223,
          -0.73171,
          -0.6595,
          1.993605
        ],
        [
          0.0,
          0.0,
          0.0,
          1.0
        ]
      ]
    },
    {
      "file_path": "/media/NFS/ttao/scannet/posed_images/scene0337_02/00253.jpg",
      "transform_matrix": [
        [
          -0.883124,
          0.409071,
          -0.229681,
          3.262118
        ],
        [
          0.430423,
          0.511744,
          -0.743542,
          3.43476
        ],
        [
          -0.186623,
          -0.7555,
          -0.628007,
          1.998712
        ],
        [
          0.0,
          0.0,
          0.0,
          1.0
        ]
      ]
    },
    {
      "file_path": "/media/NFS/ttao/scannet/posed_images/scene0337_02/00260.jpg",
      "transform_matrix": [
        [
          -0.872304,
          0.42287,
          -0.245492,
          3.336012
        ],
        [
          0.445233,
          0.479386,
          -0.756278,
          3.372735
        ],
        [
          -0.202122,
          -0.769006,
          -0.606447,
          2.016868
        ],
        [
          0.0,
          0.0,
          0.0,
          1.0
        ]
      ]
    },
    {
      "file_path": "/media/NFS/ttao/scannet/posed_images/scene0337_02/00267.jpg",
      "transform_matrix": [
        [
          -0.878529,
          0.42243,
          -0.223026,
          3.404331
        ],
        [
          0.420837,
          0.463534,
          -0.779764,
          3.308374
        ],
        [
          -0.226015,
          -0.778903,
          -0.585002,
          2.036221
        ],
        [
          0.0,
          0.0,
          0.0,
          1.0
        ]
      ]
    },
    {
      "file_path": "/media/NFS/ttao/scannet/posed_images/scene0337_02/00276.jpg",
      "transform_matrix": [
        [
          -0.902161,
          0.392769,
          -0.178432,
          3.446805
        ],
        [
          0.360897,
          0.460541,
          -0.810959,
          3.245027
        ],
        [
          -0.236344,
          -0.796012,
          -0.557231,
          2.047801
        ],
        [
          0.0,
          0.0,
          0.0,
          1.0
        ]
      ]
    },
    {
      "file_path": "/media/NFS/ttao/scannet/posed_images/scene0337_02/00283.jpg",
      "transform_matrix": [
        [
          -0.909743,
          0.379471,
          -0.168435,
          3.461954
        ],
        [
          0.330349,
          0.415892,
          -0.847292,
          3.182296
        ],
        [
          -0.251472,
          -0.82646,
          -0.503713,
          2.056378
        ],
        [
          0.0,
          0.0,
          0.0,
          1.0
        ]
      ]
    },
    {
      "file_path": "/media/NFS/ttao/scannet/posed_images/scene0337_02/00287.jpg",
      "transform_matrix": [
        [
          -0.909769,
          0.380979,
          -0.16485,
          3.470079
        ],
        [
          0.321328,
          0.394898,
          -0.860699,
          3.142922
        ],
        [
          -0.262809,
          -0.836009,
          -0.481686,
          2.060002
        ],
        [
          0.0,
          0.0,
          0.0,
          1.0
        ]
      ]
    },
    {
      "file_path": "/media/NFS/ttao/scannet/posed_images/scene0337_02/00294.jpg",
      "transform_matrix": [
        [
          -0.924546,
          0.354515,
          -0.139768,
          3.482618
        ],
        [
          0.285204,
          0.400476,
          -0.870791,
          3.07881
        ],
        [
          -0.252735,
          -0.844949,
          -0.471367,
          2.066112
        ],
        [
          0.0,
          0.0,
          0.0,
          1.0
        ]
      ]
    },
    {
      "file_path": "/media/NFS/ttao/scannet/posed_images/scene0337_02/00305.jpg",
      "transform_matrix": [
        [
          -0.903283,
          0.379789,
          -0.1996,
          3.535922
        ],
        [
          0.341104,
          0.353505,
          -0.871023,
          2.96648
        ],
        [
          -0.260245,
          -0.854865,
          -0.448863,
          2.078643
        ],
        [
          0.0,
          0.0,
          0.0,
          1.0
        ]
      ]
    },
    {
      "file_path": "/media/NFS/ttao/scannet/posed_images/scene0337_02/00310.jpg",
      "transform_matrix": [
        [
          -0.872945,
          0.41383,
          -0.258289,
          3.567816
        ],
        [
          0.409275,
          0.333191,
          -0.849398,
          2.901035
        ],
        [
          -0.265446,
          -0.847189,
          -0.460228,
          2.082068
        ],
        [
          0.0,
          0.0,
          0.0,
          1.0
        ]
      ]
    },
    {
      "file_path": "/media/NFS/ttao/scannet/posed_images/scene0337_02/00319.jpg",
      "transform_matrix": [
        [
          -0.831411,
          0.476149,
          -0.286422,
          3.623828
        ],
        [
          0.472664,
          0.335026,
          -0.815075,
          2.789824
        ],
        [
          -0.292138,
          -0.813043,
          -0.503603,
          2.083814
        ],
        [
          0.0,
          0.0,
          0.0,
          1.0
        ]
      ]
    },
    {
      "file_path": "/media/NFS/ttao/scannet/posed_images/scene0337_02/00326.jpg",
      "transform_matrix": [
        [
          -0.79198,
          0.493805,
          -0.359061,
          3.623379
        ],
        [
          0.550565,
          0.323413,
          -0.769598,
          2.687366
        ],
        [
          -0.263907,
          -0.807193,
          -0.528009,
          2.083122
        ],
        [
          0.0,
          0.0,
          0.0,
          1.0
        ]
      ]
    },
    {
      "file_path": "/media/NFS/ttao/scannet/posed_images/scene0337_02/00330.jpg",
      "transform_matrix": [
        [
          -0.802332,
          0.479795,
          -0.35505,
          3.628343
        ],
        [
          0.531058,
          0.30228,
          -0.791583,
          2.630371
        ],
        [
          -0.272473,
          -0.823665,
          -0.497328,
          2.066234
        ],
        [
          0.0,
          0.0,
          0.0,
          1.0
        ]
      ]
    },
    {
      "file_path": "/media/NFS/ttao/scannet/posed_images/scene0337_02/00337.jpg",
      "transform_matrix": [
        [
          -0.778157,
          0.473716,
          -0.412389,
          3.628069
        ],
        [
          0.573557,
          0.268415,
          -0.773941,
          2.524748
        ],
        [
          -0.255937,
          -0.838777,
          -0.480572,
          2.073988
        ],
        [
          0.0,
          0.0,
          0.0,
          1.0
        ]
      ]
    },
    {
      "file_path": "/media/NFS/ttao/scannet/posed_images/scene0337_02/00348.jpg",
      "transform_matrix": [
        [
          -0.690144,
          0.482652,
          -0.539211,
          3.632753
        ],
        [
          0.692035,
          0.222269,
          -0.686792,
          2.386974
        ],
        [
          -0.211632,
          -0.847139,
          -0.487409,
          2.072687
        ],
        [
          0.0,
          0.0,
          0.0,
          1.0
        ]
      ]
    },
    {
      "file_path": "/media/NFS/ttao/scannet/posed_images/scene0337_02/00357.jpg",
      "transform_matrix": [
        [
          -0.56409,
          0.543524,
          -0.621598,
          3.652594
        ],
        [
          0.797335,
          0.162884,
          -0.581142,
          2.243263
        ],
        [
          -0.214616,
          -0.823438,
          -0.525252,
          2.088654
        ],
        [
          0.0,
          0.0,
          0.0,
          1.0
        ]
      ]
    },
    {
      "file_path": "/media/NFS/ttao/scannet/posed_images/scene0337_02/00362.jpg",
      "transform_matrix": [
        [
          -0.534092,
          0.570006,
          -0.624371,
          3.658393
        ],
        [
          0.818222,
          0.162669,
          -0.551408,
          2.184128
        ],
        [
          -0.21274,
          -0.805377,
          -0.553272,
          2.08489
        ],
        [
          0.0,
          0.0,
          0.0,
          1.0
        ]
      ]
    },
    {
      "file_path": "/media/NFS/ttao/scannet/posed_images/scene0337_02/00371.jpg",
      "transform_matrix": [
        [
          -0.484165,
          0.564919,
          -0.66817,
          3.65591
        ],
        [
          0.86579,
          0.198943,
          -0.459161,
          2.094424
        ],
        [
          -0.126461,
          -0.800805,
          -0.585423,
          2.055625
        ],
        [
          0.0,
          0.0,
          0.0,
          1.0
        ]
      ]
    },
    {
      "file_path": "/media/NFS/ttao/scannet/posed_images/scene0337_02/00378.jpg",
      "transform_matrix": [
        [
          -0.433489,
          0.568514,
          -0.699199,
          3.619879
        ],
        [
          0.891167,
          0.155225,
          -0.426294,
          2.026833
        ],
        [
          -0.133821,
          -0.807897,
          -0.573929,
          2.039351
        ],
        [
          0.0,
          0.0,
          0.0,
          1.0
        ]
      ]
    },
    {
      "file_path": "/media/NFS/ttao/scannet/posed_images/scene0337_02/00382.jpg",
      "transform_matrix": [
        [
          -0.394779,
          0.581372,
          -0.711447,
          3.590782
        ],
        [
          0.911175,
          0.148336,
          -0.384392,
          1.985282
        ],
        [
          -0.117941,
          -0.800003,
          -0.588291,
          2.023134
        ],
        [
          0.0,
          0.0,
          0.0,
          1.0
        ]
      ]
    },
    {
      "file_path": "/media/NFS/ttao/scannet/posed_images/scene0337_02/00393.jpg",
      "transform_matrix": [
        [
          -0.292624,
          0.598024,
          -0.746149,
          3.515982
        ],
        [
          0.954736,
          0.139151,
          -0.2629,
          1.866394
        ],
        [
          -0.053393,
          -0.789306,
          -0.611674,
          1.981853
        ],
        [
          0.0,
          0.0,
          0.0,
          1.0
        ]
      ]
    },
    {
      "file_path": "/media/NFS/ttao/scannet/posed_images/scene0337_02/00400.jpg",
      "transform_matrix": [
        [
          -0.194002,
          0.592358,
          -0.781969,
          3.491468
        ],
        [
          0.980896,
          0.10546,
          -0.163466,
          1.780758
        ],
        [
          -0.014364,
          -0.798743,
          -0.601501,
          1.965033
        ],
        [
          0.0,
          0.0,
          0.0,
          1.0
        ]
      ]
    },
    {
      "file_path": "/media/NFS/ttao/scannet/posed_images/scene0337_02/00412.jpg",
      "transform_matrix": [
        [
          -0.021263,
          0.629762,
          -0.776497,
          3.490095
        ],
        [
          0.999774,
          0.013306,
          -0.016585,
          1.629512
        ],
        [
          -0.000113,
          -0.776674,
          -0.629903,
          1.962385
        ],
        [
          0.0,
          0.0,
          0.0,
          1.0
        ]
      ]
    },
    {
      "file_path": "/media/NFS/ttao/scannet/posed_images/scene0337_02/00418.jpg",
      "transform_matrix": [
        [
          0.005904,
          0.636361,
          -0.771369,
          3.484045
        ],
        [
          0.999632,
          0.016666,
          0.0214,
          1.569017
        ],
        [
          0.026473,
          -0.771212,
          -0.636028,
          1.960561
        ],
        [
          0.0,
          0.0,
          0.0,
          1.0
        ]
      ]
    },
    {
      "file_path": "/media/NFS/ttao/scannet/posed_images/scene0337_02/00425.jpg",
      "transform_matrix": [
        [
          0.051908,
          0.618552,
          -0.784028,
          3.463417
        ],
        [
          0.99712,
          0.011364,
          0.074982,
          1.527389
        ],
        [
          0.05529,
          -0.785662,
          -0.616181,
          1.946228
        ],
        [
          0.0,
          0.0,
          0.0,
          1.0
        ]
      ]
    },
    {
      "file_path": "/media/NFS/ttao/scannet/posed_images/scene0337_02/00427.jpg",
      "transform_matrix": [
        [
          0.059291,
          0.621563,
          -0.781117,
          3.450753
        ],
        [
          0.996306,
          0.011842,
          0.085048,
          1.519281
        ],
        [
          0.062112,
          -0.783275,
          -0.618566,
          1.939603
        ],
        [
          0.0,
          0.0,
          0.0,
          1.0
        ]
      ]
    },
    {
      "file_path": "/media/NFS/ttao/scannet/posed_images/scene0337_02/00441.jpg",
      "transform_matrix": [
        [
          0.075292,
          0.620175,
          -0.780842,
          3.329954
        ],
        [
          0.994718,
          0.008076,
          0.102329,
          1.463177
        ],
        [
          0.069768,
          -0.784422,
          -0.616291,
          1.900918
        ],
        [
          0.0,
          0.0,
          0.0,
          1.0
        ]
      ]
    },
    {
      "file_path": "/media/NFS/ttao/scannet/posed_images/scene0337_02/00445.jpg",
      "transform_matrix": [
        [
          0.092782,
          0.622935,
          -0.776752,
          3.29575
        ],
        [
          0.992689,
          0.002613,
          0.120672,
          1.439941
        ],
        [
          0.077201,
          -0.782269,
          -0.618138,
          1.895887
        ],
        [
          0.0,
          0.0,
          0.0,
          1.0
        ]
      ]
    },
    {
      "file_path": "/media/NFS/ttao/scannet/posed_images/scene0337_02/00457.jpg",
      "transform_matrix": [
        [
          0.162156,
          0.608882,
          -0.77651,
          3.181134
        ],
        [
          0.983697,
          -0.037745,
          0.175826,
          1.340808
        ],
        [
          0.077748,
          -0.792362,
          -0.605076,
          1.873844
        ],
        [
          0.0,
          0.0,
          0.0,
          1.0
        ]
      ]
    },
    {
      "file_path": "/media/NFS/ttao/scannet/posed_images/scene0337_02/00461.jpg",
      "transform_matrix": [
        [
          0.178015,
          0.600675,
          -0.779423,
          3.146729
        ],
        [
          0.981167,
          -0.047995,
          0.187105,
          1.306383
        ],
        [
          0.074981,
          -0.798052,
          -0.597906,
          1.86471
        ],
        [
          0.0,
          0.0,
          0.0,
          1.0
        ]
      ]
    },
    {
      "file_path": "/media/NFS/ttao/scannet/posed_images/scene0337_02/00466.jpg",
      "transform_matrix": [
        [
          0.202657,
          0.583008,
          -0.786786,
          3.101622
        ],
        [
          0.976546,
          -0.060654,
          0.20659,
          1.271266
        ],
        [
          0.072721,
          -0.8102,
          -0.581626,
          1.858798
        ],
        [
          0.0,
          0.0,
          0.0,
          1.0
        ]
      ]
    },
    {
      "file_path": "/media/NFS/ttao/scannet/posed_images/scene0337_02/00473.jpg",
      "transform_matrix": [
        [
          0.232325,
          0.543168,
          -0.806842,
          3.033286
        ],
        [
          0.970341,
          -0.072451,
          0.230629,
          1.247132
        ],
        [
          0.066814,
          -0.836493,
          -0.54389,
          1.860242
        ],
        [
          0.0,
          0.0,
          0.0,
          1.0
        ]
      ]
    },
    {
      "file_path": "/media/NFS/ttao/scannet/posed_images/scene0337_02/00486.jpg",
      "transform_matrix": [
        [
          0.217611,
          0.445209,
          -0.868582,
          2.867351
        ],
        [
          0.975491,
          -0.069481,
          0.208782,
          1.232456
        ],
        [
          0.032602,
          -0.892727,
          -0.449417,
          1.861422
        ],
        [
          0.0,
          0.0,
          0.0,
          1.0
        ]
      ]
    },
    {
      "file_path": "/media/NFS/ttao/scannet/posed_images/scene0337_02/00493.jpg",
      "transform_matrix": [
        [
          0.224546,
          0.427695,
          -0.875589,
          2.777429
        ],
        [
          0.97333,
          -0.055107,
          0.222694,
          1.238582
        ],
        [
          0.046993,
          -0.902242,
          -0.428662,
          1.850052
        ],
        [
          0.0,
          0.0,
          0.0,
          1.0
        ]
      ]
    },
    {
      "file_path": "/media/NFS/ttao/scannet/posed_images/scene0337_02/00500.jpg",
      "transform_matrix": [
        [
          0.238293,
          0.408554,
          -0.881079,
          2.684392
        ],
        [
          0.969242,
          -0.042559,
          0.242402,
          1.228193
        ],
        [
          0.061536,
          -0.911742,
          -0.406129,
          1.828784
        ],
        [
          0.0,
          0.0,
          0.0,
          1.0
        ]
      ]
    },
    {
      "file_path": "/media/NFS/ttao/scannet/posed_images/scene0337_02/00504.jpg",
      "transform_matrix": [
        [
          0.250425,
          0.391529,
          -0.885434,
          2.620137
        ],
        [
          0.966553,
          -0.048829,
          0.251776,
          1.203139
        ],
        [
          0.055343,
          -0.91887,
          -0.390661,
          1.821146
        ],
        [
          0.0,
          0.0,
          0.0,
          1.0
        ]
      ]
    },
    {
      "file_path": "/media/NFS/ttao/scannet/posed_images/scene0337_02/00516.jpg",
      "transform_matrix": [
        [
          0.333741,
          0.319166,
          -0.886989,
          2.467307
        ],
        [
          0.940585,
          -0.050287,
          0.335812,
          1.178595
        ],
        [
          0.062576,
          -0.946364,
          -0.316986,
          1.814003
        ],
        [
          0.0,
          0.0,
          0.0,
          1.0
        ]
      ]
    },
    {
      "file_path": "/media/NFS/ttao/scannet/posed_images/scene0337_02/00525.jpg",
      "transform_matrix": [
        [
          0.371019,
          0.289134,
          -0.882466,
          2.370379
        ],
        [
          0.925121,
          -0.032612,
          0.378268,
          1.156447
        ],
        [
          0.080591,
          -0.956733,
          -0.279584,
          1.814584
        ],
        [
          0.0,
          0.0,
          0.0,
          1.0
        ]
      ]
    },
    {
      "file_path": "/media/NFS/ttao/scannet/posed_images/scene0337_02/00527.jpg",
      "transform_matrix": [
        [
          0.375758,
          0.278611,
          -0.883845,
          2.350273
        ],
        [
          0.923105,
          -0.028397,
          0.383497,
          1.158995
        ],
        [
          0.081748,
          -0.959984,
          -0.267858,
          1.80692
        ],
        [
          0.0,
          0.0,
          0.0,
          1.0
        ]
      ]
    },
    {
      "file_path": "/media/NFS/ttao/scannet/posed_images/scene0337_02/00538.jpg",
      "transform_matrix": [
        [
          0.328575,
          0.205774,
          -0.921789,
          2.236467
        ],
        [
          0.942808,
          -0.013448,
          0.333065,
          1.197584
        ],
        [
          0.05614,
          -0.978507,
          -0.198424,
          1.799807
        ],
        [
          0.0,
          0.0,
          0.0,
          1.0
        ]
      ]
    },
    {
      "file_path": "/media/NFS/ttao/scannet/posed_images/scene0337_02/00543.jpg",
      "transform_matrix": [
        [
          0.313988,
          0.207686,
          -0.926433,
          2.193618
        ],
        [
          0.946317,
          0.010454,
          0.32307,
          1.209387
        ],
        [
          0.076782,
          -0.97814,
          -0.193254,
          1.810553
        ],
        [
          0.0,
          0.0,
          0.0,
          1.0
        ]
      ]
    },
    {
      "file_path": "/media/NFS/ttao/scannet/posed_images/scene0337_02/00552.jpg",
      "transform_matrix": [
        [
          0.410546,
          0.206849,
          -0.888069,
          2.112743
        ],
        [
          0.90663,
          0.011365,
          0.421773,
          1.201644
        ],
        [
          0.097336,
          -0.978307,
          -0.182869,
          1.798143
        ],
        [
          0.0,
          0.0,
          0.0,
          1.0
        ]
      ]
    },
    {
      "file_path": "/media/NFS/ttao/scannet/posed_images/scene0337_02/00561.jpg",
      "transform_matrix": [
        [
          0.500643,
          0.201886,
          -0.841783,
          2.040698
        ],
        [
          0.85924,
          0.002257,
          0.511567,
          1.172284
        ],
        [
          0.105178,
          -0.979406,
          -0.172339,
          1.773063
        ],
        [
          0.0,
          0.0,
          0.0,
          1.0
        ]
      ]
    },
    {
      "file_path": "/media/NFS/ttao/scannet/posed_images/scene0337_02/00563.jpg",
      "transform_matrix": [
        [
          0.513407,
          0.203246,
          -0.833729,
          2.027902
        ],
        [
          0.851969,
          -0.004372,
          0.523574,
          1.168391
        ],
        [
          0.102769,
          -0.979118,
          -0.175404,
          1.766892
        ],
        [
          0.0,
          0.0,
          0.0,
          1.0
        ]
      ]
    },
    {
      "file_path": "/media/NFS/ttao/scannet/posed_images/scene0337_02/00572.jpg",
      "transform_matrix": [
        [
          0.543487,
          0.213398,
          -0.81184,
          1.986317
        ],
        [
          0.834436,
          -0.032139,
          0.550166,
          1.160287
        ],
        [
          0.091313,
          -0.976437,
          -0.195534,
          1.756125
        ],
        [
          0.0,
          0.0,
          0.0,
          1.0
        ]
      ]
    },
    {
      "file_path": "/media/NFS/ttao/scannet/posed_images/scene0337_02/00579.jpg",
      "transform_matrix": [
        [
          0.566913,
          0.231678,
          -0.790528,
          1.969333
        ],
        [
          0.816856,
          -0.033962,
          0.575841,
          1.159637
        ],
        [
          0.106562,
          -0.9722,
          -0.208501,
          1.742263
