{
  "frames": [
    {
      "file_path": "/media/NFS/ttao/scannet/posed_images/scene0335_02/00003.jpg",
      "transform_matrix": [
        [
          -0.987338,
          0.071379,
          -0.141664,
          2.585053
        ],
        [
          0.156864,
          0.30644,
          -0.938876,
          2.243454
        ],
        [
          -0.023605,
          -0.94921,
          -0.313757,
          1.499673
        ],
        [
          0.0,
          0.0,
          0.0,
          1.0
        ]
      ]
    },
    {
      "file_path": "/media/NFS/ttao/scannet/posed_images/scene0335_02/00013.jpg",
      "transform_matrix": [
        [
          -0.991816,
          0.067377,
          -0.108446,
          2.596206
        ],
        [
          0.125836,
          0.372358,
          -0.919519,
          2.250589
        ],
        [
          -0.021574,
          -0.92564,
          -0.37779,
          1.460386
        ],
        [
          0.0,
          0.0,
          0.0,
          1.0
        ]
      ]
    },
    {
      "file_path": "/media/NFS/ttao/scannet/posed_images/scene0335_02/00015.jpg",
      "transform_matrix": [
        [
          -0.991714,
          0.074229,
          -0.104848,
          2.590632
        ],
        [
          0.125383,
          0.381616,
          -0.915778,
          2.254256
        ],
        [
          -0.027966,
          -0.921336,
          -0.387761,
          1.44698
        ],
        [
          0.0,
          0.0,
          0.0,
          1.0
        ]
      ]
    },
    {
      "file_path": "/media/NFS/ttao/scannet/posed_images/scene0335_02/00031.jpg",
      "transform_matrix": [
        [
          -0.99589,
          0.090466,
          -0.00429,
          2.473025
        ],
        [
          0.051689,
          0.528843,
          -0.847144,
          2.379357
        ],
        [
          -0.074369,
          -0.843885,
          -0.531345,
          1.356349
        ],
        [
          0.0,
          0.0,
          0.0,
          1.0
        ]
      ]
    },
    {
      "file_path": "/media/NFS/ttao/scannet/posed_images/scene0335_02/00036.jpg",
      "transform_matrix": [
        [
          -0.996599,
          0.082088,
          -0.007177,
          2.449248
        ],
        [
          0.050909,
          0.544892,
          -0.836959,
          2.408404
        ],
        [
          -0.064794,
          -0.834478,
          -0.547218,
          1.355472
        ],
        [
          0.0,
          0.0,
          0.0,
          1.0
        ]
      ]
    },
    {
      "file_path": "/media/NFS/ttao/scannet/posed_images/scene0335_02/00041.jpg",
      "transform_matrix": [
        [
          -0.996802,
          0.078505,
          -0.014932,
          2.442528
        ],
        [
          0.055312,
          0.542946,
          -0.837944,
          2.427425
        ],
        [
          -0.057676,
          -0.83609,
          -0.545551,
          1.366736
        ],
        [
          0.0,
          0.0,
          0.0,
          1.0
        ]
      ]
    },
    {
      "file_path": "/media/NFS/ttao/scannet/posed_images/scene0335_02/00057.jpg",
      "transform_matrix": [
        [
          -0.996614,
          0.076034,
          -0.031294,
          2.476199
        ],
        [
          0.055906,
          0.347553,
          -0.935992,
          2.444363
        ],
        [
          -0.060291,
          -0.934572,
          -0.350627,
          1.489097
        ],
        [
          0.0,
          0.0,
          0.0,
          1.0
        ]
      ]
    },
    {
      "file_path": "/media/NFS/ttao/scannet/posed_images/scene0335_02/00064.jpg",
      "transform_matrix": [
        [
          -0.997104,
          0.06829,
          -0.033464,
          2.501074
        ],
        [
          0.050146,
          0.259591,
          -0.964416,
          2.461878
        ],
        [
          -0.057174,
          -0.963301,
          -0.262264,
          1.523965
        ],
        [
          0.0,
          0.0,
          0.0,
          1.0
        ]
      ]
    },
    {
      "file_path": "/media/NFS/ttao/scannet/posed_images/scene0335_02/00072.jpg",
      "transform_matrix": [
        [
          -0.998924,
          0.041632,
          -0.020416,
          2.517205
        ],
        [
          0.028041,
          0.191716,
          -0.98105,
          2.471841
        ],
        [
          -0.036929,
          -0.980567,
          -0.192677,
          1.563895
        ],
        [
          0.0,
          0.0,
          0.0,
          1.0
        ]
      ]
    },
    {
      "file_path": "/media/NFS/ttao/scannet/posed_images/scene0335_02/00082.jpg",
      "transform_matrix": [
        [
          -0.999224,
          0.034265,
          -0.019449,
          2.523506
        ],
        [
          0.023847,
          0.133029,
          -0.990825,
          2.47454
        ],
        [
          -0.031363,
          -0.99052,
          -0.133743,
          1.62433
        ],
        [
          0.0,
          0.0,
          0.0,
          1.0
        ]
      ]
    },
    {
      "file_path": "/media/NFS/ttao/scannet/posed_images/scene0335_02/00085.jpg",
      "transform_matrix": [
        [
          -0.999002,
          0.039908,
          -0.020043,
          2.520771
        ],
        [
          0.024551,
          0.115874,
          -0.992961,
          2.476593
        ],
        [
          -0.037305,
          -0.992462,
          -0.116738,
          1.643042
        ],
        [
          0.0,
          0.0,
          0.0,
          1.0
        ]
      ]
    },
    {
      "file_path": "/media/NFS/ttao/scannet/posed_images/scene0335_02/00095.jpg",
      "transform_matrix": [
        [
          -0.998455,
          0.05392,
          -0.013412,
          2.503294
        ],
        [
          0.015262,
          0.034037,
          -0.999304,
          2.502292
        ],
        [
          -0.053426,
          -0.997965,
          -0.034808,
          1.667548
        ],
        [
          0.0,
          0.0,
          0.0,
          1.0
        ]
      ]
    },
    {
      "file_path": "/media/NFS/ttao/scannet/posed_images/scene0335_02/00103.jpg",
      "transform_matrix": [
        [
          -0.997451,
          0.060679,
          -0.037538,
          2.503642
        ],
        [
          0.038065,
          0.007545,
          -0.999247,
          2.523003
        ],
        [
          -0.06035,
          -0.998129,
          -0.009836,
          1.675165
        ],
        [
          0.0,
          0.0,
          0.0,
          1.0
        ]
      ]
    },
    {
      "file_path": "/media/NFS/ttao/scannet/posed_images/scene0335_02/00116.jpg",
      "transform_matrix": [
        [
          -0.999826,
          0.018594,
          0.001678,
          2.438607
        ],
        [
          -0.00349,
          -0.097846,
          -0.995195,
          2.605247
        ],
        [
          -0.018341,
          -0.995028,
          0.097894,
          1.705895
        ],
        [
          0.0,
          0.0,
          0.0,
          1.0
        ]
      ]
    },
    {
      "file_path": "/media/NFS/ttao/scannet/posed_images/scene0335_02/00119.jpg",
      "transform_matrix": [
        [
          -0.999885,
          0.014074,
          0.005601,
          2.419227
        ],
        [
          -0.006766,
          -0.084157,
          -0.996429,
          2.620608
        ],
        [
          -0.013552,
          -0.996353,
          0.084243,
          1.726145
        ],
        [
          0.0,
          0.0,
          0.0,
          1.0
        ]
      ]
    },
    {
      "file_path": "/media/NFS/ttao/scannet/posed_images/scene0335_02/00134.jpg",
      "transform_matrix": [
        [
          -0.99782,
          0.058506,
          -0.030524,
          2.363353
        ],
        [
          0.030618,
          0.000712,
          -0.999531,
          2.64247
        ],
        [
          -0.058457,
          -0.998287,
          -0.002501,
          1.636523
        ],
        [
          0.0,
          0.0,
          0.0,
          1.0
        ]
      ]
    },
    {
      "file_path": "/media/NFS/ttao/scannet/posed_images/scene0335_02/00142.jpg",
      "transform_matrix": [
        [
          -0.995345,
          0.078826,
          -0.055448,
          2.377952
        ],
        [
          0.063492,
          0.103506,
          -0.9926,
          2.603811
        ],
        [
          -0.072504,
          -0.9915,
          -0.108029,
          1.572825
        ],
        [
          0.0,
          0.0,
          0.0,
          1.0
        ]
      ]
    },
    {
      "file_path": "/media/NFS/ttao/scannet/posed_images/scene0335_02/00149.jpg",
      "transform_matrix": [
        [
          -0.994859,
          0.06252,
          -0.079662,
          2.443927
        ],
        [
          0.088809,
          0.160656,
          -0.983007,
          2.558671
        ],
        [
          -0.048659,
          -0.985029,
          -0.165382,
          1.54465
        ],
        [
          0.0,
          0.0,
          0.0,
          1.0
        ]
      ]
    },
    {
      "file_path": "/media/NFS/ttao/scannet/posed_images/scene0335_02/00155.jpg",
      "transform_matrix": [
        [
          -0.993985,
          0.057234,
          -0.093367,
          2.497877
        ],
        [
          0.10255,
          0.187303,
          -0.976934,
          2.519821
        ],
        [
          -0.038426,
          -0.980633,
          -0.192046,
          1.534062
        ],
        [
          0.0,
          0.0,
          0.0,
          1.0
        ]
      ]
    },
    {
      "file_path": "/media/NFS/ttao/scannet/posed_images/scene0335_02/00162.jpg",
      "transform_matrix": [
        [
          -0.981756,
          0.063775,
          -0.179129,
          2.539943
        ],
        [
          0.189369,
          0.243047,
          -0.95135,
          2.469195
        ],
        [
          -0.017135,
          -0.967916,
          -0.25069,
          1.508158
        ],
        [
          0.0,
          0.0,
          0.0,
          1.0
        ]
      ]
    },
    {
      "file_path": "/media/NFS/ttao/scannet/posed_images/scene0335_02/00170.jpg",
      "transform_matrix": [
        [
          -0.961176,
          0.121733,
          -0.247631,
          2.529066
        ],
        [
          0.273548,
          0.302612,
          -0.913015,
          2.422701
        ],
        [
          -0.036208,
          -0.945308,
          -0.324164,
          1.473291
        ],
        [
          0.0,
          0.0,
          0.0,
          1.0
        ]
      ]
    },
    {
      "file_path": "/media/NFS/ttao/scannet/posed_images/scene0335_02/00180.jpg",
      "transform_matrix": [
        [
          -0.929665,
          0.197032,
          -0.311289,
          2.50527
        ],
        [
          0.364672,
          0.372186,
          -0.853517,
          2.360431
        ],
        [
          -0.052312,
          -0.907004,
          -0.41786,
          1.410239
        ],
        [
          0.0,
          0.0,
          0.0,
          1.0
        ]
      ]
    },
    {
      "file_path": "/media/NFS/ttao/scannet/posed_images/scene0335_02/00191.jpg",
      "transform_matrix": [
        [
          -0.901342,
          0.204514,
          -0.381781,
          2.48484
        ],
        [
          0.432911,
          0.398822,
          -0.808411,
          2.278321
        ],
        [
          -0.013069,
          -0.893932,
          -0.448012,
          1.41388
        ],
        [
          0.0,
          0.0,
          0.0,
          1.0
        ]
      ]
    },
    {
      "file_path": "/media/NFS/ttao/scannet/posed_images/scene0335_02/00196.jpg",
      "transform_matrix": [
        [
          -0.886885,
          0.18469,
          -0.423468,
          2.487662
        ],
        [
          0.461991,
          0.355484,
          -0.812524,
          2.23136
        ],
        [
          0.000471,
          -0.916254,
          -0.400599,
          1.447538
        ],
        [
          0.0,
          0.0,
          0.0,
          1.0
        ]
      ]
    },
    {
      "file_path": "/media/NFS/ttao/scannet/posed_images/scene0335_02/00211.jpg",
      "transform_matrix": [
        [
          -0.821606,
          0.166095,
          -0.545323,
          2.562867
        ],
        [
          0.569586,
          0.200339,
          -0.797143,
          2.131874
        ],
        [
          -0.023152,
          -0.965545,
          -0.259205,
          1.530024
        ],
        [
          0.0,
          0.0,
          0.0,
          1.0
        ]
      ]
    },
    {
      "file_path": "/media/NFS/ttao/scannet/posed_images/scene0335_02/00216.jpg",
      "transform_matrix": [
        [
          -0.822521,
          0.154067,
          -0.547469,
          2.580674
        ],
        [
          0.567529,
          0.15971,
          -0.807715,
          2.11663
        ],
        [
          -0.037006,
          -0.975067,
          -0.218802,
          1.551076
        ],
        [
          0.0,
          0.0,
          0.0,
          1.0
        ]
      ]
    },
    {
      "file_path": "/media/NFS/ttao/scannet/posed_images/scene0335_02/00224.jpg",
      "transform_matrix": [
        [
          -0.820561,
          0.134576,
          -0.555489,
          2.584841
        ],
        [
          0.570156,
          0.124684,
          -0.81202,
          2.119781
        ],
        [
          -0.040017,
          -0.983028,
          -0.17904,
          1.57406
        ],
        [
          0.0,
          0.0,
          0.0,
          1.0
        ]
      ]
    },
    {
      "file_path": "/media/NFS/ttao/scannet/posed_images/scene0335_02/00235.jpg",
      "transform_matrix": [
        [
          -0.834304,
          0.109678,
          -0.540285,
          2.542717
        ],
        [
          0.548065,
          0.058921,
          -0.834358,
          2.168611
        ],
        [
          -0.059676,
          -0.992219,
          -0.109268,
          1.643975
        ],
        [
          0.0,
          0.0,
          0.0,
          1.0
        ]
      ]
    },
    {
      "file_path": "/media/NFS/ttao/scannet/posed_images/scene0335_02/00245.jpg",
      "transform_matrix": [
        [
          -0.841703,
          0.052549,
          -0.537378,
          2.550058
        ],
        [
          0.538072,
          -0.001096,
          -0.842898,
          2.219525
        ],
        [
          -0.044883,
          -0.998618,
          -0.027353,
          1.694465
        ],
        [
          0.0,
          0.0,
          0.0,
          1.0
        ]
      ]
    },
    {
      "file_path": "/media/NFS/ttao/scannet/posed_images/scene0335_02/00253.jpg",
      "transform_matrix": [
        [
          -0.84371,
          0.036444,
          -0.535561,
          2.540922
        ],
        [
          0.535403,
          -0.014768,
          -0.844467,
          2.251107
        ],
        [
          -0.038685,
          -0.999227,
          -0.007052,
          1.692581
        ],
        [
          0.0,
          0.0,
          0.0,
          1.0
        ]
      ]
    },
    {
      "file_path": "/media/NFS/ttao/scannet/posed_images/scene0335_02/00255.jpg",
      "transform_matrix": [
        [
          -0.845523,
          0.034345,
          -0.532834,
          2.537551
        ],
        [
          0.532647,
          -0.015145,
          -0.846202,
          2.256878
        ],
        [
          -0.037133,
          -0.999295,
          -0.005488,
          1.690093
        ],
        [
          0.0,
          0.0,
          0.0,
          1.0
        ]
      ]
    },
    {
      "file_path": "/media/NFS/ttao/scannet/posed_images/scene0335_02/00265.jpg",
      "transform_matrix": [
        [
          -0.841086,
          0.04966,
          -0.538617,
          2.516979
        ],
        [
          0.538816,
          -0.010433,
          -0.842359,
          2.27816
        ],
        [
          -0.047451,
          -0.998712,
          -0.017983,
          1.681797
        ],
        [
          0.0,
          0.0,
          0.0,
          1.0
        ]
      ]
    },
    {
      "file_path": "/media/NFS/ttao/scannet/posed_images/scene0335_02/00276.jpg",
      "transform_matrix": [
        [
          -0.755065,
          0.104927,
          -0.647199,
          2.521498
        ],
        [
          0.654431,
          0.060439,
          -0.753703,
          2.266535
        ],
        [
          -0.039968,
          -0.992642,
          -0.114303,
          1.600786
        ],
        [
          0.0,
          0.0,
          0.0,
          1.0
        ]
      ]
    },
    {
      "file_path": "/media/NFS/ttao/scannet/posed_images/scene0335_02/00281.jpg",
      "transform_matrix": [
        [
          -0.738333,
          0.155852,
          -0.656181,
          2.5339
        ],
        [
          0.672056,
          0.088366,
          -0.735208,
          2.266029
        ],
        [
          -0.0566,
          -0.98382,
          -0.169985,
          1.571153
        ],
        [
          0.0,
          0.0,
          0.0,
          1.0
        ]
      ]
    },
    {
      "file_path": "/media/NFS/ttao/scannet/posed_images/scene0335_02/00296.jpg",
      "transform_matrix": [
        [
          -0.733194,
          0.283312,
          -0.618192,
          2.544653
        ],
        [
          0.678519,
          0.24443,
          -0.692724,
          2.304079
        ],
        [
          -0.045152,
          -0.927356,
          -0.371447,
          1.469762
        ],
        [
          0.0,
          0.0,
          0.0,
          1.0
        ]
      ]
    },
    {
      "file_path": "/media/NFS/ttao/scannet/posed_images/scene0335_02/00304.jpg",
      "transform_matrix": [
        [
          -0.739467,
          0.321425,
          -0.591502,
          2.53755
        ],
        [
          0.6716,
          0.29182,
          -0.681025,
          2.370086
        ],
        [
          -0.046286,
          -0.900848,
          -0.43166,
          1.435289
        ],
        [
          0.0,
          0.0,
          0.0,
          1.0
        ]
      ]
    },
    {
      "file_path": "/media/NFS/ttao/scannet/posed_images/scene0335_02/00314.jpg",
      "transform_matrix": [
        [
          -0.739996,
          0.350651,
          -0.573977,
          2.535978
        ],
        [
          0.671472,
          0.335493,
          -0.660734,
          2.459377
        ],
        [
          -0.039122,
          -0.87435,
          -0.483716,
          1.401132
        ],
        [
          0.0,
          0.0,
          0.0,
          1.0
        ]
      ]
    },
    {
      "file_path": "/media/NFS/ttao/scannet/posed_images/scene0335_02/00317.jpg",
      "transform_matrix": [
        [
          -0.730744,
          0.358145,
          -0.581158,
          2.538358
        ],
        [
          0.681853,
          0.341759,
          -0.646744,
          2.479443
        ],
        [
          -0.033012,
          -0.868869,
          -0.493941,
          1.392087
        ],
        [
          0.0,
          0.0,
          0.0,
          1.0
        ]
      ]
    },
    {
      "file_path": "/media/NFS/ttao/scannet/posed_images/scene0335_02/00325.jpg",
      "transform_matrix": [
        [
          -0.716034,
          0.39804,
          -0.573463,
          2.543802
        ],
        [
          0.696013,
          0.344148,
          -0.63018,
          2.506056
        ],
        [
          -0.05348,
          -0.850368,
          -0.523463,
          1.390824
        ],
        [
          0.0,
          0.0,
          0.0,
          1.0
        ]
      ]
    },
    {
      "file_path": "/media/NFS/ttao/scannet/posed_images/scene0335_02/00332.jpg",
      "transform_matrix": [
        [
          -0.69732,
          0.411007,
          -0.587212,
          2.549322
        ],
        [
          0.715039,
          0.342164,
          -0.609625,
          2.507536
        ],
        [
          -0.049637,
          -0.844983,
          -0.532484,
          1.388015
        ],
        [
          0.0,
          0.0,
          0.0,
          1.0
        ]
      ]
    },
    {
      "file_path": "/media/NFS/ttao/scannet/posed_images/scene0335_02/00343.jpg",
      "transform_matrix": [
        [
          -0.670189,
          0.379795,
          -0.637654,
          2.54439
        ],
        [
          0.741453,
          0.304318,
          -0.598028,
          2.489483
        ],
        [
          -0.033079,
          -0.873582,
          -0.485551,
          1.407299
        ],
        [
          0.0,
          0.0,
          0.0,
          1.0
        ]
      ]
    },
    {
      "file_path": "/media/NFS/ttao/scannet/posed_images/scene0335_02/00350.jpg",
      "transform_matrix": [
        [
          -0.657291,
          0.361086,
          -0.661502,
          2.548139
        ],
        [
          0.753078,
          0.280912,
          -0.594947,
          2.464839
        ],
        [
          -0.029003,
          -0.889216,
          -0.456567,
          1.421832
        ],
        [
          0.0,
          0.0,
          0.0,
          1.0
        ]
      ]
    },
    {
      "file_path": "/media/NFS/ttao/scannet/posed_images/scene0335_02/00358.jpg",
      "transform_matrix": [
        [
          -0.645043,
          0.340247,
          -0.684215,
          2.550774
        ],
        [
          0.763165,
          0.241507,
          -0.599377,
          2.436026
        ],
        [
          -0.038693,
          -0.908794,
          -0.415447,
          1.450941
        ],
        [
          0.0,
          0.0,
          0.0,
          1.0
        ]
      ]
    },
    {
      "file_path": "/media/NFS/ttao/scannet/posed_images/scene0335_02/00374.jpg",
      "transform_matrix": [
        [
          -0.595518,
          0.289095,
          -0.749521,
          2.535777
        ],
        [
          0.802392,
          0.168683,
          -0.572463,
          2.351902
        ],
        [
          -0.039065,
          -0.942322,
          -0.332421,
          1.490108
        ],
        [
          0.0,
          0.0,
          0.0,
          1.0
        ]
      ]
    },
    {
      "file_path": "/media/NFS/ttao/scannet/posed_images/scene0335_02/00381.jpg",
      "transform_matrix": [
        [
          -0.597532,
          0.230831,
          -0.767901,
          2.546809
        ],
        [
          0.801313,
          0.137029,
          -0.58234,
          2.315586
        ],
        [
          -0.029198,
          -0.963296,
          -0.266847,
          1.52284
        ],
        [
          0.0,
          0.0,
          0.0,
          1.0
        ]
      ]
    },
    {
      "file_path": "/media/NFS/ttao/scannet/posed_images/scene0335_02/00389.jpg",
      "transform_matrix": [
        [
          -0.60623,
          0.139989,
          -0.782871,
          2.573051
        ],
        [
          0.795287,
          0.109101,
          -0.596335,
          2.311976
        ],
        [
          0.001932,
          -0.984124,
          -0.177472,
          1.539147
        ],
        [
          0.0,
          0.0,
          0.0,
          1.0
        ]
      ]
    },
    {
      "file_path": "/media/NFS/ttao/scannet/posed_images/scene0335_02/00399.jpg",
      "transform_matrix": [
        [
          -0.600084,
          0.067368,
          -0.797095,
          2.590986
        ],
        [
          0.799856,
          0.036412,
          -0.599086,
          2.338137
        ],
        [
          -0.011336,
          -0.997063,
          -0.075735,
          1.569523
        ],
        [
          0.0,
          0.0,
          0.0,
          1.0
        ]
      ]
    },
    {
      "file_path": "/media/NFS/ttao/scannet/posed_images/scene0335_02/00402.jpg",
      "transform_matrix": [
        [
          -0.598188,
          0.059595,
          -0.799136,
          2.59557
        ],
        [
          0.801269,
          0.029882,
          -0.597557,
          2.345381
        ],
        [
          -0.011731,
          -0.997775,
          -0.065627,
          1.572586
        ],
        [
          0.0,
          0.0,
          0.0,
          1.0
        ]
      ]
    },
    {
      "file_path": "/media/NFS/ttao/scannet/posed_images/scene0335_02/00410.jpg",
      "transform_matrix": [
        [
          -0.600225,
          0.029354,
          -0.799292,
          2.599159
        ],
        [
          0.799533,
          -0.005254,
          -0.600599,
          2.366347
        ],
        [
          -0.02183,
          -0.999555,
          -0.020316,
          1.580917
        ],
        [
          0.0,
          0.0,
          0.0,
          1.0
        ]
      ]
    },
    {
      "file_path": "/media/NFS/ttao/scannet/posed_images/scene0335_02/00425.jpg",
      "transform_matrix": [
        [
          -0.562061,
          0.001839,
          -0.827094,
          2.582971
        ],
        [
          0.827087,
          -0.003298,
          -0.562064,
          2.384124
        ],
        [
          -0.003761,
          -0.999993,
          0.000333,
          1.577466
        ],
        [
          0.0,
          0.0,
          0.0,
          1.0
        ]
      ]
    },
    {
      "file_path": "/media/NFS/ttao/scannet/posed_images/scene0335_02/00430.jpg",
      "transform_matrix": [
        [
          -0.54875,
          0.028614,
          -0.835497,
          2.579364
        ],
        [
          0.835932,
          0.007366,
          -0.548783,
          2.384799
        ],
        [
          -0.009549,
          -0.999563,
          -0.027962,
          1.57963
        ],
        [
          0.0,
          0.0,
          0.0,
          1.0
        ]
      ]
    },
    {
      "file_path": "/media/NFS/ttao/scannet/posed_images/scene0335_02/00443.jpg",
      "transform_matrix": [
        [
          -0.529233,
          0.123716,
          -0.839409,
          2.557957
        ],
        [
          0.84838,
          0.062223,
          -0.525718,
          2.381744
        ],
        [
          -0.012809,
          -0.990365,
          -0.137888,
          1.549823
        ],
        [
          0.0,
          0.0,
          0.0,
          1.0
        ]
      ]
    },
    {
      "file_path": "/media/NFS/ttao/scannet/posed_images/scene0335_02/00446.jpg",
      "transform_matrix": [
        [
          -0.526518,
          0.13082,
          -0.840038,
          2.55382
        ],
        [
          0.850026,
          0.063231,
          -0.522931,
          2.380517
        ],
        [
          -0.015293,
          -0.989388,
          -0.144493,
          1.548794
        ],
        [
          0.0,
          0.0,
          0.0,
          1.0
        ]
      ]
    },
    {
      "file_path": "/media/NFS/ttao/scannet/posed_images/scene0335_02/00456.jpg",
      "transform_matrix": [
        [
          -0.477035,
          0.165499,
          -0.863161,
          2.524448
        ],
        [
          0.87852,
          0.061506,
          -0.47373,
          2.39061
        ],
        [
          -0.025313,
          -0.98429,
          -0.174735,
          1.546507
        ],
        [
          0.0,
          0.0,
          0.0,
          1.0
        ]
      ]
    },
    {
      "file_path": "/media/NFS/ttao/scannet/posed_images/scene0335_02/00469.jpg",
      "transform_matrix": [
        [
          -0.420372,
          0.092183,
          -0.902657,
          2.497083
        ],
        [
          0.907338,
          0.037309,
          -0.418742,
          2.428906
        ],
        [
          -0.004923,
          -0.995043,
          -0.099325,
          1.615507
        ],
        [
          0.0,
          0.0,
          0.0,
          1.0
        ]
      ]
    },
    {
      "file_path": "/media/NFS/ttao/scannet/posed_images/scene0335_02/00474.jpg",
      "transform_matrix": [
        [
          -0.396685,
          0.072658,
          -0.915075,
          2.490424
        ],
        [
          0.917949,
          0.027826,
          -0.395721,
          2.445484
        ],
        [
          -0.00329,
          -0.996969,
          -0.077734,
          1.627411
        ],
        [
          0.0,
          0.0,
          0.0,
          1.0
        ]
      ]
    },
    {
      "file_path": "/media/NFS/ttao/scannet/posed_images/scene0335_02/00479.jpg",
      "transform_matrix": [
        [
          -0.363246,
          0.069078,
          -0.929129,
          2.479666
        ],
        [
          0.931683,
          0.022156,
          -0.362597,
          2.464161
        ],
        [
          -0.004462,
          -0.997365,
          -0.072407,
          1.624966
        ],
        [
          0.0,
          0.0,
          0.0,
          1.0
        ]
      ]
    },
    {
      "file_path": "/media/NFS/ttao/scannet/posed_images/scene0335_02/00487.jpg",
      "transform_matrix": [
        [
          -0.338992,
          0.050515,
          -0.939432,
          2.47194
        ],
        [
          0.940629,
          -0.000206,
          -0.339435,
          2.48993
        ],
        [
          -0.01734,
          -0.998723,
          -0.047446,
          1.629298
        ],
        [
          0.0,
          0.0,
          0.0,
          1.0
        ]
      ]
    },
    {
      "file_path": "/media/NFS/ttao/scannet/posed_images/scene0335_02/00503.jpg",
      "transform_matrix": [
        [
          -0.295281,
          -0.00014,
          -0.95541,
          2.466487
        ],
        [
          0.955073,
          -0.02661,
          -0.295173,
          2.516294
        ],
        [
          -0.025382,
          -0.999646,
          0.007991,
          1.62498
        ],
        [
          0.0,
          0.0,
          0.0,
          1.0
        ]
      ]
    },
    {
      "file_path": "/media/NFS/ttao/scannet/posed_images/scene0335_02/00508.jpg",
      "transform_matrix": [
        [
          -0.288092,
          0.000395,
          -0.957603,
          2.46315
        ],
        [
          0.957202,
          -0.028798,
          -0.287983,
          2.521053
        ],
        [
          -0.02769,
          -0.999585,
          0.007919,
          1.624479
        ],
        [
          0.0,
          0.0,
          0.0,
          1.0
        ]
      ]
    },
    {
      "file_path": "/media/NFS/ttao/scannet/posed_images/scene0335_02/00515.jpg",
      "transform_matrix": [
        [
          -0.275042,
          0.053625,
          -0.959935,
          2.454381
        ],
        [
          0.96063,
          -0.025451,
          -0.276663,
          2.519467
        ],
        [
          -0.039268,
          -0.998237,
          -0.044514,
          1.593583
        ],
        [
          0.0,
          0.0,
          0.0,
          1.0
        ]
      ]
    },
    {
      "file_path": "/media/NFS/ttao/scannet/posed_images/scene0335_02/00523.jpg",
      "transform_matrix": [
        [
          -0.279774,
          0.181034,
          -0.942843,
          2.443277
        ],
        [
          0.958671,
          -0.000228,
          -0.284515,
          2.510405
        ],
        [
          -0.051722,
          -0.983477,
          -0.173489,
          1.551074
        ],
        [
          0.0,
          0.0,
          0.0,
          1.0
        ]
      ]
    },
    {
      "file_path": "/media/NFS/ttao/scannet/posed_images/scene0335_02/00531.jpg",
      "transform_matrix": [
        [
          -0.289133,
          0.279282,
          -0.915644,
          2.431851
        ],
        [
          0.956933,
          0.058224,
          -0.284412,
          2.477546
        ],
        [
          -0.026118,
          -0.958442,
          -0.284088,
          1.519457
        ],
        [
          0.0,
          0.0,
          0.0,
          1.0
        ]
      ]
    },
    {
      "file_path": "/media/NFS/ttao/scannet/posed_images/scene0335_02/00541.jpg",
      "transform_matrix": [
        [
          -0.333295,
          0.36307,
          -0.870112,
          2.446531
        ],
        [
          0.942494,
          0.103947,
          -0.317647,
          2.410257
        ],
        [
          -0.024882,
          -0.925946,
          -0.376836,
          1.469231
        ],
        [
          0.0,
          0.0,
          0.0,
          1.0
        ]
      ]
    },
    {
      "file_path": "/media/NFS/ttao/scannet/posed_images/scene0335_02/00554.jpg",
      "transform_matrix": [
        [
          -0.401612,
          0.403238,
          -0.822257,
          2.483629
        ],
        [
          0.915605,
          0.195761,
          -0.351204,
          2.339429
        ],
        [
          0.019347,
          -0.893911,
          -0.447827,
          1.421147
        ],
        [
          0.0,
          0.0,
          0.0,
          1.0
        ]
      ]
    },
    {
      "file_path": "/media/NFS/ttao/scannet/posed_images/scene0335_02/00562.jpg",
      "transform_matrix": [
        [
          -0.358135,
          0.452405,
          -0.816743,
          2.484665
        ],
        [
          0.933529,
          0.188671,
          -0.304838,
          2.352696
        ],
        [
          0.016185,
          -0.871627,
          -0.489903,
          1.388893
        ],
        [
          0.0,
          0.0,
          0.0,
          1.0
        ]
      ]
    },
    {
      "file_path": "/media/NFS/ttao/scannet/posed_images/scene0335_02/00572.jpg",
      "transform_matrix": [
        [
          -0.249919,
          0.510745,
          -0.822605,
          2.461748
        ],
        [
          0.968226,
          0.139641,
          -0.20746,
          2.399455
        ],
        [
          0.00891,
          -0.848316,
          -0.529415,
          1.386107
        ],
        [
          0.0,
          0.0,
          0.0,
          1.0
        ]
      ]
    },
    {
      "file_path": "/media/NFS/ttao/scannet/posed_images/scene0335_02/00575.jpg",
      "transform_matrix": [
        [
          -0.221658,
          0.50552,
          -0.833857,
          2.45716
        ],
        [
          0.975121,
          0.112667,
          -0.190906,
          2.424698
        ],
        [
          -0.002558,
          -0.855427,
          -0.517917,
          1.383963
        ],
        [
          0.0,
          0.0,
          0.0,
          1.0
        ]
      ]
    },
    {
      "file_path": "/media/NFS/ttao/scannet/posed_images/scene0335_02/00585.jpg",
      "transform_matrix": [
        [
          -0.133347,
          0.483015,
          -0.865399,
          2.439443
        ],
        [
          0.990743,
          0.042568,
          -0.128902,
          2.494556
        ],
        [
          -0.025423,
          -0.874577,
          -0.484221,
          1.392224
        ],
        [
          0.0,
          0.0,
          0.0,
          1.0
        ]
      ]
    },
    {
      "file_path": "/media/NFS/ttao/scannet/posed_images/scene0335_02/00590.jpg",
      "transform_matrix": [
        [
          -0.117568,
          0.481315,
          -0.868627,
          2.424905
        ],
        [
          0.992471,
          0.02671,
          -0.11953,
          2.531951
        ],
        [
          -0.034331,
          -0.87614,
          -0.480832,
          1.393511
        ],
        [
          0.0,
          0.0,
          0.0,
          1.0
        ]
      ]
    },
    {
      "file_path": "/media/NFS/ttao/scannet/posed_images/scene0335_02/00600.jpg",
      "transform_matrix": [
        [
          -0.07083,
          0.483172,
          -0.872655,
          2.3757
        ],
        [
          0.996981,
          0.006392,
          -0.077382,
          2.629652
        ],
        [
          -0.031811,
          -0.875502,
          -0.482167,
          1.391083
        ],
        [
          0.0,
          0.0,
          0.0,
          1.0
        ]
      ]
    },
    {
      "file_path": "/media/NFS/ttao/scannet/posed_images/scene0335_02/00613.jpg",
      "transform_matrix": [
        [
          -0.106077,
          0.379569,
          -0.919062,
          2.324069
        ],
        [
          0.993953,
          0.014086,
          -0.108903,
          2.711945
        ],
        [
          -0.02839,
          -0.925056,
          -0.378768,
          1.436695
        ],
        [
          0.0,
          0.0,
          0.0,
          1.0
        ]
      ]
    },
    {
      "file_path": "/media/NFS/ttao/scannet/posed_images/scene0335_02/00616.jpg",
      "transform_matrix": [
        [
          -0.12459,
          0.366004,
          -0.922235,
          2.317581
        ],
        [
          0.991785,
          0.018786,
          -0.126531,
          2.710742
        ],
        [
          -0.028985,
          -0.930424,
          -0.365338,
          1.44937
        ],
        [
          0.0,
          0.0,
          0.0,
          1.0
        ]
      ]
    },
    {
      "file_path": "/media/NFS/ttao/scannet/posed_images/scene0335_02/00626.jpg",
      "transform_matrix": [
        [
          -0.142942,
          0.30673,
          -0.941002,
          2.307195
        ],
        [
          0.989471,
          0.022513,
          -0.142967,
          2.693288
        ],
        [
          -0.022667,
          -0.95153,
          -0.306719,
          1.484262
        ],
        [
          0.0,
          0.0,
          0.0,
          1.0
        ]
      ]
    },
    {
      "file_path": "/media/NFS/ttao/scannet/posed_images/scene0335_02/00639.jpg",
      "transform_matrix": [
        [
          -0.086855,
          0.257014,
          -0.962497,
          2.295641
        ],
        [
          0.994281,
          -0.037898,
          -0.099843,
          2.698198
        ],
        [
          -0.062138,
          -0.965664,
          -0.252252,
          1.531219
        ],
        [
          0.0,
          0.0,
          0.0,
          1.0
        ]
      ]
    },
    {
      "file_path": "/media/NFS/ttao/scannet/posed_images/scene0335_02/00642.jpg",
      "transform_matrix": [
        [
          -0.086459,
          0.242036,
          -0.966407,
          2.296078
        ],
        [
          0.99382,
          -0.046826,
          -0.100639,
          2.706532
        ],
        [
          -0.069611,
          -0.969137,
          -0.236492,
          1.540508
        ],
        [
          0.0,
          0.0,
          0.0,
          1.0
        ]
      ]
    },
    {
      "file_path": "/media/NFS/ttao/scannet/posed_images/scene0335_02/00657.jpg",
      "transform_matrix": [
        [
          -0.129349,
          0.136437,
          -0.982168,
          2.261764
        ],
        [
          0.989304,
          -0.049599,
          -0.137179,
          2.894104
        ],
        [
          -0.067431,
          -0.989406,
          -0.128562,
          1.585576
        ],
        [
          0.0,
          0.0,
          0.0,
          1.0
        ]
      ]
    },
    {
      "file_path": "/media/NFS/ttao/scannet/posed_images/scene0335_02/00660.jpg",
      "transform_matrix": [
        [
          -0.145778,
          0.115426,
          -0.982561,
          2.24965
        ],
        [
          0.987901,
          -0.036136,
          -0.150815,
          2.935897
        ],
        [
