{
  "frames": [
    {
      "file_path": "/media/NFS/ttao/scannet/posed_images/scene0362_00/00000.jpg",
      "transform_matrix": [
        [
          -0.11185,
          -0.351454,
          0.929499,
          2.372325
        ],
        [
          -0.992221,
          -0.011956,
          -0.123918,
          3.24327
        ],
        [
          0.054665,
          -0.936129,
          -0.347383,
          1.383685
        ],
        [
          0.0,
          0.0,
          0.0,
          1.0
        ]
      ]
    },
    {
      "file_path": "/media/NFS/ttao/scannet/posed_images/scene0362_00/00005.jpg",
      "transform_matrix": [
        [
          -0.051173,
          -0.354694,
          0.933581,
          2.350293
        ],
        [
          -0.995939,
          -0.05121,
          -0.074047,
          3.147828
        ],
        [
          0.074072,
          -0.933579,
          -0.350633,
          1.392698
        ],
        [
          0.0,
          0.0,
          0.0,
          1.0
        ]
      ]
    },
    {
      "file_path": "/media/NFS/ttao/scannet/posed_images/scene0362_00/00014.jpg",
      "transform_matrix": [
        [
          0.036472,
          -0.348883,
          0.936456,
          2.308723
        ],
        [
          -0.997085,
          -0.07555,
          0.010687,
          3.059903
        ],
        [
          0.067021,
          -0.934116,
          -0.350621,
          1.392737
        ],
        [
          0.0,
          0.0,
          0.0,
          1.0
        ]
      ]
    },
    {
      "file_path": "/media/NFS/ttao/scannet/posed_images/scene0362_00/00016.jpg",
      "transform_matrix": [
        [
          0.051341,
          -0.350465,
          0.935168,
          2.30107
        ],
        [
          -0.997015,
          -0.072051,
          0.027735,
          3.051343
        ],
        [
          0.05766,
          -0.933801,
          -0.353118,
          1.383236
        ],
        [
          0.0,
          0.0,
          0.0,
          1.0
        ]
      ]
    },
    {
      "file_path": "/media/NFS/ttao/scannet/posed_images/scene0362_00/00022.jpg",
      "transform_matrix": [
        [
          0.074205,
          -0.402389,
          0.912456,
          2.289326
        ],
        [
          -0.996573,
          -0.063462,
          0.05306,
          3.021488
        ],
        [
          0.036555,
          -0.913266,
          -0.40572,
          1.347471
        ],
        [
          0.0,
          0.0,
          0.0,
          1.0
        ]
      ]
    },
    {
      "file_path": "/media/NFS/ttao/scannet/posed_images/scene0362_00/00031.jpg",
      "transform_matrix": [
        [
          0.109195,
          -0.4716,
          0.875026,
          2.249814
        ],
        [
          -0.993377,
          -0.083435,
          0.078996,
          3.048639
        ],
        [
          0.035753,
          -0.877856,
          -0.477588,
          1.293759
        ],
        [
          0.0,
          0.0,
          0.0,
          1.0
        ]
      ]
    },
    {
      "file_path": "/media/NFS/ttao/scannet/posed_images/scene0362_00/00033.jpg",
      "transform_matrix": [
        [
          0.11184,
          -0.477288,
          0.871601,
          2.234433
        ],
        [
          -0.992908,
          -0.089259,
          0.078528,
          3.05727
        ],
        [
          0.040318,
          -0.874202,
          -0.483885,
          1.290804
        ],
        [
          0.0,
          0.0,
          0.0,
          1.0
        ]
      ]
    },
    {
      "file_path": "/media/NFS/ttao/scannet/posed_images/scene0362_00/00043.jpg",
      "transform_matrix": [
        [
          0.145618,
          -0.523423,
          0.839538,
          2.152929
        ],
        [
          -0.988078,
          -0.119799,
          0.096692,
          3.085301
        ],
        [
          0.049964,
          -0.843609,
          -0.534628,
          1.274092
        ],
        [
          0.0,
          0.0,
          0.0,
          1.0
        ]
      ]
    },
    {
      "file_path": "/media/NFS/ttao/scannet/posed_images/scene0362_00/00047.jpg",
      "transform_matrix": [
        [
          0.158456,
          -0.519992,
          0.839344,
          2.11434
        ],
        [
          -0.98518,
          -0.139805,
          0.099375,
          3.089192
        ],
        [
          0.06567,
          -0.842652,
          -0.534439,
          1.262754
        ],
        [
          0.0,
          0.0,
          0.0,
          1.0
        ]
      ]
    },
    {
      "file_path": "/media/NFS/ttao/scannet/posed_images/scene0362_00/00054.jpg",
      "transform_matrix": [
        [
          0.174162,
          -0.52872,
          0.830736,
          2.058377
        ],
        [
          -0.982026,
          -0.155579,
          0.106861,
          3.077671
        ],
        [
          0.072746,
          -0.834416,
          -0.546313,
          1.257018
        ],
        [
          0.0,
          0.0,
          0.0,
          1.0
        ]
      ]
    },
    {
      "file_path": "/media/NFS/ttao/scannet/posed_images/scene0362_00/00060.jpg",
      "transform_matrix": [
        [
          0.192811,
          -0.522332,
          0.830658,
          2.008428
        ],
        [
          -0.979526,
          -0.152423,
          0.13152,
          3.060726
        ],
        [
          0.057914,
          -0.839009,
          -0.541026,
          1.278438
        ],
        [
          0.0,
          0.0,
          0.0,
          1.0
        ]
      ]
    },
    {
      "file_path": "/media/NFS/ttao/scannet/posed_images/scene0362_00/00064.jpg",
      "transform_matrix": [
        [
          0.23292,
          -0.507258,
          0.829721,
          1.986259
        ],
        [
          -0.97159,
          -0.158196,
          0.176031,
          3.036092
        ],
        [
          0.041966,
          -0.84715,
          -0.529694,
          1.289175
        ],
        [
          0.0,
          0.0,
          0.0,
          1.0
        ]
      ]
    },
    {
      "file_path": "/media/NFS/ttao/scannet/posed_images/scene0362_00/00071.jpg",
      "transform_matrix": [
        [
          0.311458,
          -0.48361,
          0.817994,
          1.949878
        ],
        [
          -0.950245,
          -0.163423,
          0.265195,
          2.980793
        ],
        [
          0.005428,
          -0.859892,
          -0.510447,
          1.30259
        ],
        [
          0.0,
          0.0,
          0.0,
          1.0
        ]
      ]
    },
    {
      "file_path": "/media/NFS/ttao/scannet/posed_images/scene0362_00/00074.jpg",
      "transform_matrix": [
        [
          0.339651,
          -0.474024,
          0.812366,
          1.936227
        ],
        [
          -0.940511,
          -0.163113,
          0.29805,
          2.970097
        ],
        [
          -0.008776,
          -0.865272,
          -0.501226,
          1.306823
        ],
        [
          0.0,
          0.0,
          0.0,
          1.0
        ]
      ]
    },
    {
      "file_path": "/media/NFS/ttao/scannet/posed_images/scene0362_00/00081.jpg",
      "transform_matrix": [
        [
          0.409577,
          -0.445916,
          0.795868,
          1.922522
        ],
        [
          -0.911395,
          -0.161688,
          0.378439,
          2.934164
        ],
        [
          -0.04007,
          -0.88035,
          -0.472629,
          1.327278
        ],
        [
          0.0,
          0.0,
          0.0,
          1.0
        ]
      ]
    },
    {
      "file_path": "/media/NFS/ttao/scannet/posed_images/scene0362_00/00086.jpg",
      "transform_matrix": [
        [
          0.414805,
          -0.419889,
          0.807236,
          1.9187
        ],
        [
          -0.909542,
          -0.166088,
          0.380985,
          2.9459
        ],
        [
          -0.0259,
          -0.892249,
          -0.450801,
          1.340937
        ],
        [
          0.0,
          0.0,
          0.0,
          1.0
        ]
      ]
    },
    {
      "file_path": "/media/NFS/ttao/scannet/posed_images/scene0362_00/00095.jpg",
      "transform_matrix": [
        [
          0.392049,
          -0.348358,
          0.851436,
          1.922126
        ],
        [
          -0.91993,
          -0.143375,
          0.364927,
          3.01855
        ],
        [
          -0.00505,
          -0.926332,
          -0.376675,
          1.358665
        ],
        [
          0.0,
          0.0,
          0.0,
          1.0
        ]
      ]
    },
    {
      "file_path": "/media/NFS/ttao/scannet/posed_images/scene0362_00/00100.jpg",
      "transform_matrix": [
        [
          0.399599,
          -0.349351,
          0.847511,
          1.923799
        ],
        [
          -0.916545,
          -0.135791,
          0.376174,
          3.084285
        ],
        [
          -0.016333,
          -0.9271,
          -0.374458,
          1.367691
        ],
        [
          0.0,
          0.0,
          0.0,
          1.0
        ]
      ]
    },
    {
      "file_path": "/media/NFS/ttao/scannet/posed_images/scene0362_00/00104.jpg",
      "transform_matrix": [
        [
          0.412278,
          -0.338916,
          0.845673,
          1.921085
        ],
        [
          -0.910485,
          -0.120356,
          0.395641,
          3.135056
        ],
        [
          -0.032307,
          -0.933087,
          -0.358198,
          1.36648
        ],
        [
          0.0,
          0.0,
          0.0,
          1.0
        ]
      ]
    },
    {
      "file_path": "/media/NFS/ttao/scannet/posed_images/scene0362_00/00109.jpg",
      "transform_matrix": [
        [
          0.425734,
          -0.34742,
          0.835494,
          1.915128
        ],
        [
          -0.903959,
          -0.122358,
          0.409741,
          3.204702
        ],
        [
          -0.040123,
          -0.929692,
          -0.366145,
          1.352155
        ],
        [
          0.0,
          0.0,
          0.0,
          1.0
        ]
      ]
    },
    {
      "file_path": "/media/NFS/ttao/scannet/posed_images/scene0362_00/00114.jpg",
      "transform_matrix": [
        [
          0.439138,
          -0.359918,
          0.823175,
          1.907451
        ],
        [
          -0.898294,
          -0.16059,
          0.408997,
          3.268715
        ],
        [
          -0.015012,
          -0.919059,
          -0.393834,
          1.330664
        ],
        [
          0.0,
          0.0,
          0.0,
          1.0
        ]
      ]
    },
    {
      "file_path": "/media/NFS/ttao/scannet/posed_images/scene0362_00/00124.jpg",
      "transform_matrix": [
        [
          0.499113,
          -0.408445,
          0.764237,
          1.886949
        ],
        [
          -0.866221,
          -0.259009,
          0.42729,
          3.360179
        ],
        [
          0.02342,
          -0.875264,
          -0.483078,
          1.274633
        ],
        [
          0.0,
          0.0,
          0.0,
          1.0
        ]
      ]
    },
    {
      "file_path": "/media/NFS/ttao/scannet/posed_images/scene0362_00/00128.jpg",
      "transform_matrix": [
        [
          0.516439,
          -0.420326,
          0.746067,
          1.881965
        ],
        [
          -0.855328,
          -0.295198,
          0.425761,
          3.377166
        ],
        [
          0.041279,
          -0.858012,
          -0.511968,
          1.247303
        ],
        [
          0.0,
          0.0,
          0.0,
          1.0
        ]
      ]
    },
    {
      "file_path": "/media/NFS/ttao/scannet/posed_images/scene0362_00/00135.jpg",
      "transform_matrix": [
        [
          0.503532,
          -0.472326,
          0.723438,
          1.888983
        ],
        [
          -0.863372,
          -0.306393,
          0.400889,
          3.398944
        ],
        [
          0.032306,
          -0.826457,
          -0.562072,
          1.223327
        ],
        [
          0.0,
          0.0,
          0.0,
          1.0
        ]
      ]
    },
    {
      "file_path": "/media/NFS/ttao/scannet/posed_images/scene0362_00/00138.jpg",
      "transform_matrix": [
        [
          0.49832,
          -0.481826,
          0.720778,
          1.895245
        ],
        [
          -0.866897,
          -0.289316,
          0.405939,
          3.4043
        ],
        [
          0.01294,
          -0.827127,
          -0.561865,
          1.225821
        ],
        [
          0.0,
          0.0,
          0.0,
          1.0
        ]
      ]
    },
    {
      "file_path": "/media/NFS/ttao/scannet/posed_images/scene0362_00/00147.jpg",
      "transform_matrix": [
        [
          0.47626,
          -0.462749,
          0.74769,
          1.926995
        ],
        [
          -0.879243,
          -0.24051,
          0.411203,
          3.384211
        ],
        [
          -0.010457,
          -0.85324,
          -0.521413,
          1.260292
        ],
        [
          0.0,
          0.0,
          0.0,
          1.0
        ]
      ]
    },
    {
      "file_path": "/media/NFS/ttao/scannet/posed_images/scene0362_00/00149.jpg",
      "transform_matrix": [
        [
          0.455157,
          -0.465386,
          0.759109,
          1.946561
        ],
        [
          -0.890272,
          -0.222805,
          0.397207,
          3.381249
        ],
        [
          -0.015722,
          -0.856606,
          -0.515731,
          1.279374
        ],
        [
          0.0,
          0.0,
          0.0,
          1.0
        ]
      ]
    },
    {
      "file_path": "/media/NFS/ttao/scannet/posed_images/scene0362_00/00159.jpg",
      "transform_matrix": [
        [
          0.363748,
          -0.409597,
          0.836611,
          2.037884
        ],
        [
          -0.93118,
          -0.136445,
          0.338063,
          3.327082
        ],
        [
          -0.024319,
          -0.902005,
          -0.43104,
          1.317278
        ],
        [
          0.0,
          0.0,
          0.0,
          1.0
        ]
      ]
    },
    {
      "file_path": "/media/NFS/ttao/scannet/posed_images/scene0362_00/00162.jpg",
      "transform_matrix": [
        [
          0.360735,
          -0.412291,
          0.836592,
          2.07611
        ],
        [
          -0.93214,
          -0.129196,
          0.338265,
          3.304466
        ],
        [
          -0.031379,
          -0.901845,
          -0.430919,
          1.322587
        ],
        [
          0.0,
          0.0,
          0.0,
          1.0
        ]
      ]
    },
    {
      "file_path": "/media/NFS/ttao/scannet/posed_images/scene0362_00/00169.jpg",
      "transform_matrix": [
        [
          0.394212,
          -0.399254,
          0.827764,
          2.163923
        ],
        [
          -0.91822,
          -0.133544,
          0.372878,
          3.254941
        ],
        [
          -0.03833,
          -0.907063,
          -0.419247,
          1.338693
        ],
        [
          0.0,
          0.0,
          0.0,
          1.0
        ]
      ]
    },
    {
      "file_path": "/media/NFS/ttao/scannet/posed_images/scene0362_00/00171.jpg",
      "transform_matrix": [
        [
          0.401957,
          -0.396877,
          0.825178,
          2.189853
        ],
        [
          -0.915003,
          -0.140011,
          0.378373,
          3.236964
        ],
        [
          -0.034633,
          -0.90713,
          -0.419423,
          1.335926
        ],
        [
          0.0,
          0.0,
          0.0,
          1.0
        ]
      ]
    },
    {
      "file_path": "/media/NFS/ttao/scannet/posed_images/scene0362_00/00181.jpg",
      "transform_matrix": [
        [
          0.373758,
          -0.417861,
          0.828068,
          2.317324
        ],
        [
          -0.927133,
          -0.142327,
          0.346651,
          3.191985
        ],
        [
          -0.026996,
          -0.897293,
          -0.440609,
          1.323378
        ],
        [
          0.0,
          0.0,
          0.0,
          1.0
        ]
      ]
    },
    {
      "file_path": "/media/NFS/ttao/scannet/posed_images/scene0362_00/00185.jpg",
      "transform_matrix": [
        [
          0.35892,
          -0.431843,
          0.827459,
          2.366176
        ],
        [
          -0.933211,
          -0.149778,
          0.326624,
          3.176673
        ],
        [
          -0.017115,
          -0.889426,
          -0.456759,
          1.313061
        ],
        [
          0.0,
          0.0,
          0.0,
          1.0
        ]
      ]
    },
    {
      "file_path": "/media/NFS/ttao/scannet/posed_images/scene0362_00/00190.jpg",
      "transform_matrix": [
        [
          0.373644,
          -0.434744,
          0.819383,
          2.42835
        ],
        [
          -0.927567,
          -0.172029,
          0.331702,
          3.164428
        ],
        [
          -0.003248,
          -0.88397,
          -0.467531,
          1.30518
        ],
        [
          0.0,
          0.0,
          0.0,
          1.0
        ]
      ]
    },
    {
      "file_path": "/media/NFS/ttao/scannet/posed_images/scene0362_00/00195.jpg",
      "transform_matrix": [
        [
          0.368003,
          -0.42322,
          0.827924,
          2.489862
        ],
        [
          -0.929488,
          -0.191379,
          0.315318,
          3.153862
        ],
        [
          0.024998,
          -0.885584,
          -0.463807,
          1.30332
        ],
        [
          0.0,
          0.0,
          0.0,
          1.0
        ]
      ]
    },
    {
      "file_path": "/media/NFS/ttao/scannet/posed_images/scene0362_00/00200.jpg",
      "transform_matrix": [
        [
          0.396875,
          -0.406071,
          0.823162,
          2.53916
        ],
        [
          -0.917658,
          -0.194946,
          0.346267,
          3.130643
        ],
        [
          0.019863,
          -0.892806,
          -0.450003,
          1.308191
        ],
        [
          0.0,
          0.0,
          0.0,
          1.0
        ]
      ]
    },
    {
      "file_path": "/media/NFS/ttao/scannet/posed_images/scene0362_00/00211.jpg",
      "transform_matrix": [
        [
          0.495649,
          -0.380088,
          0.780938,
          2.62183
        ],
        [
          -0.868307,
          -0.236872,
          0.435814,
          3.022045
        ],
        [
          0.019334,
          -0.894105,
          -0.447439,
          1.320263
        ],
        [
          0.0,
          0.0,
          0.0,
          1.0
        ]
      ]
    },
    {
      "file_path": "/media/NFS/ttao/scannet/posed_images/scene0362_00/00212.jpg",
      "transform_matrix": [
        [
          0.507206,
          -0.379927,
          0.773562,
          2.627275
        ],
        [
          -0.861635,
          -0.242388,
          0.445907,
          3.009431
        ],
        [
          0.01809,
          -0.892695,
          -0.450299,
          1.322839
        ],
        [
          0.0,
          0.0,
          0.0,
          1.0
        ]
      ]
    },
    {
      "file_path": "/media/NFS/ttao/scannet/posed_images/scene0362_00/00219.jpg",
      "transform_matrix": [
        [
          0.562463,
          -0.364006,
          0.742384,
          2.658515
        ],
        [
          -0.826719,
          -0.26181,
          0.497988,
          2.929439
        ],
        [
          0.013093,
          -0.893843,
          -0.448189,
          1.335244
        ],
        [
          0.0,
          0.0,
          0.0,
          1.0
        ]
      ]
    },
    {
      "file_path": "/media/NFS/ttao/scannet/posed_images/scene0362_00/00223.jpg",
      "transform_matrix": [
        [
          0.582022,
          -0.368101,
          0.725088,
          2.669692
        ],
        [
          -0.81317,
          -0.261211,
          0.520118,
          2.893139
        ],
        [
          -0.002055,
          -0.89234,
          -0.451359,
          1.335457
        ],
        [
          0.0,
          0.0,
          0.0,
          1.0
        ]
      ]
    },
    {
      "file_path": "/media/NFS/ttao/scannet/posed_images/scene0362_00/00233.jpg",
      "transform_matrix": [
        [
          0.64457,
          -0.392691,
          0.65599,
          2.672761
        ],
        [
          -0.763213,
          -0.279863,
          0.582393,
          2.869272
        ],
        [
          -0.045113,
          -0.876054,
          -0.480099,
          1.342003
        ],
        [
          0.0,
          0.0,
          0.0,
          1.0
        ]
      ]
    },
    {
      "file_path": "/media/NFS/ttao/scannet/posed_images/scene0362_00/00235.jpg",
      "transform_matrix": [
        [
          0.648792,
          -0.392643,
          0.651844,
          2.67129
        ],
        [
          -0.759183,
          -0.27537,
          0.589757,
          2.865294
        ],
        [
          -0.052065,
          -0.877498,
          -0.476745,
          1.343246
        ],
        [
          0.0,
          0.0,
          0.0,
          1.0
        ]
      ]
    },
    {
      "file_path": "/media/NFS/ttao/scannet/posed_images/scene0362_00/00240.jpg",
      "transform_matrix": [
        [
          0.625571,
          -0.387731,
          0.676998,
          2.658854
        ],
        [
          -0.778936,
          -0.261678,
          0.569897,
          2.86046
        ],
        [
          -0.043811,
          -0.883849,
          -0.465716,
          1.347765
        ],
        [
          0.0,
          0.0,
          0.0,
          1.0
        ]
      ]
    },
    {
      "file_path": "/media/NFS/ttao/scannet/posed_images/scene0362_00/00249.jpg",
      "transform_matrix": [
        [
          0.56302,
          -0.327769,
          0.758667,
          2.58127
        ],
        [
          -0.826349,
          -0.237132,
          0.510799,
          2.907817
        ],
        [
          0.01248,
          -0.914514,
          -0.404362,
          1.373387
        ],
        [
          0.0,
          0.0,
          0.0,
          1.0
        ]
      ]
    },
    {
      "file_path": "/media/NFS/ttao/scannet/posed_images/scene0362_00/00254.jpg",
      "transform_matrix": [
        [
          0.516369,
          -0.295304,
          0.80384,
          2.511012
        ],
        [
          -0.855724,
          -0.214282,
          0.470978,
          2.951315
        ],
        [
          0.033167,
          -0.931063,
          -0.363348,
          1.373451
        ],
        [
          0.0,
          0.0,
          0.0,
          1.0
        ]
      ]
    },
    {
      "file_path": "/media/NFS/ttao/scannet/posed_images/scene0362_00/00259.jpg",
      "transform_matrix": [
        [
          0.473519,
          -0.275303,
          0.836652,
          2.440823
        ],
        [
          -0.879242,
          -0.203922,
          0.430522,
          2.995526
        ],
        [
          0.052088,
          -0.939481,
          -0.338619,
          1.378122
        ],
        [
          0.0,
          0.0,
          0.0,
          1.0
        ]
      ]
    },
    {
      "file_path": "/media/NFS/ttao/scannet/posed_images/scene0362_00/00268.jpg",
      "transform_matrix": [
        [
          0.411975,
          -0.258469,
          0.873768,
          2.358846
        ],
        [
          -0.907279,
          -0.205173,
          0.367082,
          3.039762
        ],
        [
          0.084394,
          -0.94398,
          -0.31903,
          1.399676
        ],
        [
          0.0,
          0.0,
          0.0,
          1.0
        ]
      ]
    },
    {
      "file_path": "/media/NFS/ttao/scannet/posed_images/scene0362_00/00271.jpg",
      "transform_matrix": [
        [
          0.39709,
          -0.253086,
          0.882195,
          2.331128
        ],
        [
          -0.913989,
          -0.196327,
          0.355078,
          3.044685
        ],
        [
          0.083333,
          -0.947314,
          -0.309277,
          1.407427
        ],
        [
          0.0,
          0.0,
          0.0,
          1.0
        ]
      ]
    },
    {
      "file_path": "/media/NFS/ttao/scannet/posed_images/scene0362_00/00276.jpg",
      "transform_matrix": [
        [
          0.406011,
          -0.221088,
          0.886721,
          2.291136
        ],
        [
          -0.911794,
          -0.163332,
          0.376768,
          3.021255
        ],
        [
          0.061531,
          -0.961479,
          -0.267902,
          1.430256
        ],
        [
          0.0,
          0.0,
          0.0,
          1.0
        ]
      ]
    },
    {
      "file_path": "/media/NFS/ttao/scannet/posed_images/scene0362_00/00283.jpg",
      "transform_matrix": [
        [
          0.362824,
          -0.184691,
          0.913372,
          2.218919
        ],
        [
          -0.931294,
          -0.10596,
          0.348518,
          3.003581
        ],
        [
          0.032413,
          -0.977068,
          -0.210447,
          1.450756
        ],
        [
          0.0,
          0.0,
          0.0,
          1.0
        ]
      ]
    },
    {
      "file_path": "/media/NFS/ttao/scannet/posed_images/scene0362_00/00288.jpg",
      "transform_matrix": [
        [
          0.33743,
          -0.192309,
          0.921498,
          2.166853
        ],
        [
          -0.94135,
          -0.068087,
          0.330491,
          2.998037
        ],
        [
          -0.000815,
          -0.97897,
          -0.204005,
          1.461602
        ],
        [
          0.0,
          0.0,
          0.0,
          1.0
        ]
      ]
    },
    {
      "file_path": "/media/NFS/ttao/scannet/posed_images/scene0362_00/00297.jpg",
      "transform_matrix": [
        [
          0.272184,
          -0.154142,
          0.949819,
          2.095777
        ],
        [
          -0.961836,
          -0.072376,
          0.263883,
          3.052372
        ],
        [
          0.028069,
          -0.985394,
          -0.167958,
          1.500505
        ],
        [
          0.0,
          0.0,
          0.0,
          1.0
        ]
      ]
    },
    {
      "file_path": "/media/NFS/ttao/scannet/posed_images/scene0362_00/00300.jpg",
      "transform_matrix": [
        [
          0.26662,
          -0.141476,
          0.953361,
          2.068645
        ],
        [
          -0.963345,
          -0.069577,
          0.259087,
          3.094504
        ],
        [
          0.029677,
          -0.987494,
          -0.154841,
          1.500024
        ],
        [
          0.0,
          0.0,
          0.0,
          1.0
        ]
      ]
    },
    {
      "file_path": "/media/NFS/ttao/scannet/posed_images/scene0362_00/00304.jpg",
      "transform_matrix": [
        [
          0.282074,
          -0.134581,
          0.949906,
          2.038291
        ],
        [
          -0.959385,
          -0.043436,
          0.278735,
          3.138571
        ],
        [
          0.003747,
          -0.98995,
          -0.141367,
          1.49938
        ],
        [
          0.0,
          0.0,
          0.0,
          1.0
        ]
      ]
    },
    {
      "file_path": "/media/NFS/ttao/scannet/posed_images/scene0362_00/00314.jpg",
      "transform_matrix": [
        [
          0.332546,
          -0.131289,
          0.933904,
          1.99895
        ],
        [
          -0.942922,
          -0.027769,
          0.331853,
          3.234975
        ],
        [
          -0.017635,
          -0.990955,
          -0.13303,
          1.485557
        ],
        [
          0.0,
          0.0,
          0.0,
          1.0
        ]
      ]
    },
    {
      "file_path": "/media/NFS/ttao/scannet/posed_images/scene0362_00/00318.jpg",
      "transform_matrix": [
        [
          0.346405,
          -0.135236,
          0.928286,
          2.001897
        ],
        [
          -0.93794,
          -0.032501,
          0.345273,
          3.273932
        ],
        [
          -0.016523,
          -0.99028,
          -0.138102,
          1.475556
        ],
        [
          0.0,
          0.0,
          0.0,
          1.0
        ]
      ]
    },
    {
      "file_path": "/media/NFS/ttao/scannet/posed_images/scene0362_00/00323.jpg",
      "transform_matrix": [
        [
          0.375523,
          -0.145982,
          0.915244,
          2.022926
        ],
        [
          -0.926803,
          -0.05441,
          0.371587,
          3.317932
        ],
        [
          -0.004446,
          -0.98779,
          -0.155728,
          1.462047
        ],
        [
          0.0,
          0.0,
          0.0,
          1.0
        ]
      ]
    },
    {
      "file_path": "/media/NFS/ttao/scannet/posed_images/scene0362_00/00330.jpg",
      "transform_matrix": [
        [
          0.442374,
          -0.206059,
          0.872837,
          2.066522
        ],
        [
          -0.89683,
          -0.100872,
          0.430721,
          3.361877
        ],
        [
          -0.000709,
          -0.973327,
          -0.229423,
          1.425646
        ],
        [
          0.0,
          0.0,
          0.0,
          1.0
        ]
      ]
    },
    {
      "file_path": "/media/NFS/ttao/scannet/posed_images/scene0362_00/00333.jpg",
      "transform_matrix": [
        [
          0.461003,
          -0.218406,
          0.860102,
          2.083348
        ],
        [
          -0.887288,
          -0.128778,
          0.442874,
          3.377435
        ],
        [
          0.014036,
          -0.967324,
          -0.253156,
          1.412
        ],
        [
          0.0,
          0.0,
          0.0,
          1.0
        ]
      ]
    },
    {
      "file_path": "/media/NFS/ttao/scannet/posed_images/scene0362_00/00342.jpg",
      "transform_matrix": [
        [
          0.472691,
          -0.268076,
          0.839463,
          2.090658
        ],
        [
          -0.879325,
          -0.206065,
          0.429332,
          3.460416
        ],
        [
          0.05789,
          -0.941102,
          -0.333131,
          1.381462
        ],
        [
          0.0,
          0.0,
          0.0,
          1.0
        ]
      ]
    },
    {
      "file_path": "/media/NFS/ttao/scannet/posed_images/scene0362_00/00345.jpg",
      "transform_matrix": [
        [
          0.466264,
          -0.289691,
          0.835869,
          2.09045
        ],
        [
          -0.882221,
          -0.222172,
          0.415121,
          3.479157
        ],
        [
          0.06545,
          -0.930977,
          -0.359163,
          1.372599
        ],
        [
          0.0,
          0.0,
          0.0,
          1.0
        ]
      ]
    },
    {
      "file_path": "/media/NFS/ttao/scannet/posed_images/scene0362_00/00352.jpg",
      "transform_matrix": [
        [
          0.452667,
          -0.318067,
          0.833022,
          2.081794
        ],
        [
          -0.888433,
          -0.24053,
          0.390938,
          3.518197
        ],
        [
          0.076022,
          -0.917049,
          -0.391461,
          1.349606
        ],
        [
          0.0,
          0.0,
          0.0,
          1.0
        ]
      ]
    },
    {
      "file_path": "/media/NFS/ttao/scannet/posed_images/scene0362_00/00359.jpg",
      "transform_matrix": [
        [
          0.498839,
          -0.334173,
          0.79968,
          2.086296
        ],
        [
          -0.863933,
          -0.265332,
          0.428042,
          3.506068
        ],
        [
          0.069141,
          -0.904393,
          -0.421061,
          1.333371
        ],
        [
          0.0,
          0.0,
          0.0,
          1.0
        ]
      ]
    },
    {
      "file_path": "/media/NFS/ttao/scannet/posed_images/scene0362_00/00366.jpg",
      "transform_matrix": [
        [
          0.583421,
          -0.315682,
          0.748308,
          2.126478
        ],
        [
          -0.809122,
          -0.305663,
          0.501888,
          3.441159
        ],
        [
          0.070293,
          -0.898285,
          -0.433755,
          1.318394
        ],
        [
          0.0,
          0.0,
          0.0,
          1.0
        ]
      ]
    },
    {
      "file_path": "/media/NFS/ttao/scannet/posed_images/scene0362_00/00368.jpg",
      "transform_matrix": [
        [
          0.608881,
          -0.303721,
          0.732814,
          2.139131
        ],
        [
          -0.7898,
          -0.31831,
          0.524304,
          3.412407
        ],
        [
          0.074019,
          -0.898016,
          -0.433692,
          1.314857
        ],
        [
          0.0,
          0.0,
          0.0,
          1.0
        ]
      ]
    },
    {
      "file_path": "/media/NFS/ttao/scannet/posed_images/scene0362_00/00373.jpg",
      "transform_matrix": [
        [
          0.647747,
          -0.288297,
          0.7052,
          2.173158
        ],
        [
          -0.756259,
          -0.355302,
          0.549393,
          3.353521
        ],
        [
          0.09217,
          -0.889182,
          -0.448173,
          1.310156
        ],
        [
          0.0,
          0.0,
          0.0,
          1.0
        ]
      ]
    },
    {
      "file_path": "/media/NFS/ttao/scannet/posed_images/scene0362_00/00378.jpg",
      "transform_matrix": [
        [
          0.68259,
          -0.29905,
          0.666813,
          2.199575
        ],
        [
          -0.727315,
          -0.367009,
          0.579928,
          3.292328
        ],
        [
          0.071299,
          -0.880837,
          -0.46802,
          1.320496
        ],
        [
          0.0,
          0.0,
          0.0,
          1.0
        ]
      ]
    },
    {
      "file_path": "/media/NFS/ttao/scannet/posed_images/scene0362_00/00385.jpg",
      "transform_matrix": [
        [
          0.722037,
          -0.278389,
          0.633373,
          2.210885
        ],
        [
          -0.690743,
          -0.341933,
          0.637147,
          3.215706
        ],
        [
          0.039197,
          -0.897542,
          -0.439184,
          1.332192
        ],
        [
          0.0,
          0.0,
          0.0,
          1.0
        ]
      ]
    },
    {
      "file_path": "/media/NFS/ttao/scannet/posed_images/scene0362_00/00394.jpg",
      "transform_matrix": [
        [
          0.765207,
          -0.254954,
          0.591149,
          2.2117
        ],
        [
          -0.640942,
          -0.387889,
          0.662371,
          3.120397
        ],
        [
          0.060427,
          -0.885743,
          -0.460226,
          1.313527
        ],
        [
          0.0,
          0.0,
          0.0,
          1.0
        ]
      ]
    },
    {
      "file_path": "/media/NFS/ttao/scannet/posed_images/scene0362_00/00397.jpg",
      "transform_matrix": [
        [
          0.793217,
          -0.254583,
          0.553167,
          2.212902
        ],
        [
          -0.60722,
          -0.398897,
          0.687143,
          3.105702
        ],
        [
          0.045722,
          -0.880948,
          -0.471,
          1.318721
        ],
        [
          0.0,
          0.0,
          0.0,
          1.0
        ]
      ]
    },
    {
      "file_path": "/media/NFS/ttao/scannet/posed_images/scene0362_00/00402.jpg",
      "transform_matrix": [
        [
          0.834359,
          -0.243003,
          0.494768,
          2.228686
        ],
        [
          -0.550858,
          -0.400189,
          0.732396,
          3.094703
        ],
        [
          0.020026,
          -0.883628,
          -0.467761,
          1.341683
        ],
        [
          0.0,
          0.0,
          0.0,
          1.0
        ]
      ]
    },
    {
      "file_path": "/media/NFS/ttao/scannet/posed_images/scene0362_00/00409.jpg",
      "transform_matrix": [
        [
          0.868924,
          -0.210675,
          0.44787,
          2.291529
        ],
        [
          -0.494741,
          -0.395751,
          0.7737,
          3.088689
        ],
        [
          0.014246,
          -0.893866,
          -0.448107,
          1.344053
        ],
        [
          0.0,
          0.0,
          0.0,
          1.0
        ]
      ]
    },
    {
      "file_path": "/media/NFS/ttao/scannet/posed_images/scene0362_00/00413.jpg",
      "transform_matrix": [
        [
          0.893342,
          -0.192236,
          0.406182,
          2.333603
        ],
        [
          -0.449149,
          -0.410686,
          0.793475,
          3.111667
        ],
        [
          0.014279,
          -0.891281,
          -0.453226,
          1.345374
        ],
        [
          0.0,
          0.0,
          0.0,
          1.0
        ]
      ]
    },
    {
      "file_path": "/media/NFS/ttao/scannet/posed_images/scene0362_00/00423.jpg",
      "transform_matrix": [
        [
          0.924481,
          -0.163642,
          0.34432,
          2.481971
        ],
        [
          -0.381132,
          -0.416992,
          0.82514,
          3.152289
        ],
        [
          0.008551,
          -0.894058,
          -0.447871,
          1.355944
        ],
        [
          0.0,
          0.0,
          0.0,
          1.0
        ]
      ]
    },
    {
      "file_path": "/media/NFS/ttao/scannet/posed_images/scene0362_00/00427.jpg",
      "transform_matrix": [
        [
          0.926143,
          -0.176432,
          0.333362,
          2.529536
        ],
        [
          -0.37715,
          -0.423669,
          0.823567,
          3.170367
        ],
        [
          -0.004068,
          -0.888468,
          -0.45892,
          1.355411
        ],
        [
          0.0,
          0.0,
          0.0,
          1.0
        ]
      ]
    },
    {
      "file_path": "/media/NFS/ttao/scannet/posed_images/scene0362_00/00432.jpg",
      "transform_matrix": [
        [
          0.931159,
          -0.176219,
          0.319202,
          2.578525
        ],
        [
          -0.364452,
          -0.423799,
          0.829198,
          3.201435
        ],
        [
          -0.010843,
          -0.888449,
          -0.458848,
          1.353426
        ],
        [
          0.0,
          0.0,
          0.0,
          1.0
        ]
      ]
    },
    {
      "file_path": "/media/NFS/ttao/scannet/posed_images/scene0362_00/00437.jpg",
      "transform_matrix": [
        [
          0.950343,
          -0.12443,
          0.285245,
          2.612704
        ],
        [
          -0.310585,
          -0.436963,
          0.844157,
          3.239344
        ],
        [
          0.019603,
          -0.890831,
          -0.453911,
          1.347102
        ],
        [
          0.0,
          0.0,
          0.0,
          1.0
        ]
      ]
    },
    {
      "file_path": "/media/NFS/ttao/scannet/posed_images/scene0362_00/00442.jpg",
      "transform_matrix": [
        [
          0.971924,
          -0.050057,
          0.229908,
          2.645112
        ],
        [
          -0.227672,
          -0.446763,
          0.865199,
          3.289471
        ],
        [
          0.059405,
          -0.893251,
          -0.445616,
          1.336987
        ],
