{
  "frames": [
    {
      "file_path": "/media/NFS/ttao/scannet/posed_images/scene0611_01/00001.jpg",
      "transform_matrix": [
        [
          -0.842555,
          -0.347239,
          0.411735,
          3.42621
        ],
        [
          -0.535521,
          0.45832,
          -0.709338,
          4.356489
        ],
        [
          0.057603,
          -0.818149,
          -0.572114,
          1.277216
        ],
        [
          0.0,
          0.0,
          0.0,
          1.0
        ]
      ]
    },
    {
      "file_path": "/media/NFS/ttao/scannet/posed_images/scene0611_01/00005.jpg",
      "transform_matrix": [
        [
          -0.849346,
          -0.337652,
          0.405712,
          3.43184
        ],
        [
          -0.524635,
          0.455502,
          -0.719219,
          4.354638
        ],
        [
          0.058043,
          -0.823717,
          -0.564023,
          1.276264
        ],
        [
          0.0,
          0.0,
          0.0,
          1.0
        ]
      ]
    },
    {
      "file_path": "/media/NFS/ttao/scannet/posed_images/scene0611_01/00010.jpg",
      "transform_matrix": [
        [
          -0.865214,
          -0.31155,
          0.392863,
          3.454246
        ],
        [
          -0.498726,
          0.453875,
          -0.738424,
          4.345525
        ],
        [
          0.051746,
          -0.834826,
          -0.548077,
          1.271116
        ],
        [
          0.0,
          0.0,
          0.0,
          1.0
        ]
      ]
    },
    {
      "file_path": "/media/NFS/ttao/scannet/posed_images/scene0611_01/00012.jpg",
      "transform_matrix": [
        [
          -0.861313,
          -0.312094,
          0.40092,
          3.462201
        ],
        [
          -0.505578,
          0.448356,
          -0.737135,
          4.336808
        ],
        [
          0.050301,
          -0.837601,
          -0.543963,
          1.266315
        ],
        [
          0.0,
          0.0,
          0.0,
          1.0
        ]
      ]
    },
    {
      "file_path": "/media/NFS/ttao/scannet/posed_images/scene0611_01/00019.jpg",
      "transform_matrix": [
        [
          -0.813811,
          -0.33153,
          0.477283,
          3.527637
        ],
        [
          -0.580594,
          0.428584,
          -0.692262,
          4.258433
        ],
        [
          0.02495,
          -0.840478,
          -0.541271,
          1.283205
        ],
        [
          0.0,
          0.0,
          0.0,
          1.0
        ]
      ]
    },
    {
      "file_path": "/media/NFS/ttao/scannet/posed_images/scene0611_01/00021.jpg",
      "transform_matrix": [
        [
          -0.792584,
          -0.339275,
          0.506658,
          3.549087
        ],
        [
          -0.609391,
          0.411748,
          -0.677574,
          4.233941
        ],
        [
          0.021269,
          -0.845787,
          -0.533096,
          1.286034
        ],
        [
          0.0,
          0.0,
          0.0,
          1.0
        ]
      ]
    },
    {
      "file_path": "/media/NFS/ttao/scannet/posed_images/scene0611_01/00025.jpg",
      "transform_matrix": [
        [
          -0.776598,
          -0.348553,
          0.524791,
          3.584802
        ],
        [
          -0.629735,
          0.4055,
          -0.662573,
          4.209595
        ],
        [
          0.018139,
          -0.845033,
          -0.534407,
          1.290393
        ],
        [
          0.0,
          0.0,
          0.0,
          1.0
        ]
      ]
    },
    {
      "file_path": "/media/NFS/ttao/scannet/posed_images/scene0611_01/00030.jpg",
      "transform_matrix": [
        [
          -0.773939,
          -0.344572,
          0.531308,
          3.663152
        ],
        [
          -0.633167,
          0.406689,
          -0.658562,
          4.171585
        ],
        [
          0.010845,
          -0.846094,
          -0.532924,
          1.284525
        ],
        [
          0.0,
          0.0,
          0.0,
          1.0
        ]
      ]
    },
    {
      "file_path": "/media/NFS/ttao/scannet/posed_images/scene0611_01/00034.jpg",
      "transform_matrix": [
        [
          -0.788119,
          -0.318584,
          0.526661,
          3.731368
        ],
        [
          -0.615417,
          0.391983,
          -0.683821,
          4.144707
        ],
        [
          0.011413,
          -0.863049,
          -0.504992,
          1.290065
        ],
        [
          0.0,
          0.0,
          0.0,
          1.0
        ]
      ]
    },
    {
      "file_path": "/media/NFS/ttao/scannet/posed_images/scene0611_01/00042.jpg",
      "transform_matrix": [
        [
          -0.816502,
          -0.279188,
          0.505349,
          3.898691
        ],
        [
          -0.577157,
          0.372531,
          -0.726713,
          4.112799
        ],
        [
          0.014632,
          -0.885028,
          -0.465308,
          1.303204
        ],
        [
          0.0,
          0.0,
          0.0,
          1.0
        ]
      ]
    },
    {
      "file_path": "/media/NFS/ttao/scannet/posed_images/scene0611_01/00044.jpg",
      "transform_matrix": [
        [
          -0.81648,
          -0.273248,
          0.508622,
          3.93513
        ],
        [
          -0.577287,
          0.370981,
          -0.727402,
          4.105279
        ],
        [
          0.010072,
          -0.88753,
          -0.460641,
          1.301853
        ],
        [
          0.0,
          0.0,
          0.0,
          1.0
        ]
      ]
    },
    {
      "file_path": "/media/NFS/ttao/scannet/posed_images/scene0611_01/00047.jpg",
      "transform_matrix": [
        [
          -0.819175,
          -0.284562,
          0.497973,
          3.987794
        ],
        [
          -0.573237,
          0.377836,
          -0.727076,
          4.087656
        ],
        [
          0.018746,
          -0.881059,
          -0.472636,
          1.303816
        ],
        [
          0.0,
          0.0,
          0.0,
          1.0
        ]
      ]
    },
    {
      "file_path": "/media/NFS/ttao/scannet/posed_images/scene0611_01/00051.jpg",
      "transform_matrix": [
        [
          -0.82177,
          -0.282661,
          0.494769,
          4.049081
        ],
        [
          -0.56929,
          0.369855,
          -0.734245,
          4.062775
        ],
        [
          0.02455,
          -0.885048,
          -0.464852,
          1.304917
        ],
        [
          0.0,
          0.0,
          0.0,
          1.0
        ]
      ]
    },
    {
      "file_path": "/media/NFS/ttao/scannet/posed_images/scene0611_01/00058.jpg",
      "transform_matrix": [
        [
          -0.825707,
          -0.235158,
          0.512747,
          4.164644
        ],
        [
          -0.564087,
          0.35034,
          -0.747708,
          3.992281
        ],
        [
          -0.003806,
          -0.906621,
          -0.421928,
          1.308323
        ],
        [
          0.0,
          0.0,
          0.0,
          1.0
        ]
      ]
    },
    {
      "file_path": "/media/NFS/ttao/scannet/posed_images/scene0611_01/00062.jpg",
      "transform_matrix": [
        [
          -0.82694,
          -0.215963,
          0.519163,
          4.231935
        ],
        [
          -0.562217,
          0.332449,
          -0.757225,
          3.951125
        ],
        [
          -0.009063,
          -0.918062,
          -0.396334,
          1.312052
        ],
        [
          0.0,
          0.0,
          0.0,
          1.0
        ]
      ]
    },
    {
      "file_path": "/media/NFS/ttao/scannet/posed_images/scene0611_01/00064.jpg",
      "transform_matrix": [
        [
          -0.818889,
          -0.226466,
          0.527385,
          4.267767
        ],
        [
          -0.573936,
          0.330004,
          -0.749463,
          3.927994
        ],
        [
          -0.004312,
          -0.916412,
          -0.400214,
          1.30961
        ],
        [
          0.0,
          0.0,
          0.0,
          1.0
        ]
      ]
    },
    {
      "file_path": "/media/NFS/ttao/scannet/posed_images/scene0611_01/00071.jpg",
      "transform_matrix": [
        [
          -0.812923,
          -0.252463,
          0.524804,
          4.390885
        ],
        [
          -0.58225,
          0.333915,
          -0.741273,
          3.860178
        ],
        [
          0.011904,
          -0.908165,
          -0.418444,
          1.302873
        ],
        [
          0.0,
          0.0,
          0.0,
          1.0
        ]
      ]
    },
    {
      "file_path": "/media/NFS/ttao/scannet/posed_images/scene0611_01/00073.jpg",
      "transform_matrix": [
        [
          -0.811615,
          -0.25888,
          0.5237,
          4.417337
        ],
        [
          -0.58403,
          0.338437,
          -0.737814,
          3.841344
        ],
        [
          0.013765,
          -0.904678,
          -0.425874,
          1.302921
        ],
        [
          0.0,
          0.0,
          0.0,
          1.0
        ]
      ]
    },
    {
      "file_path": "/media/NFS/ttao/scannet/posed_images/scene0611_01/00077.jpg",
      "transform_matrix": [
        [
          -0.816272,
          -0.256723,
          0.517488,
          4.48416
        ],
        [
          -0.577476,
          0.339566,
          -0.74244,
          3.811361
        ],
        [
          0.01488,
          -0.904869,
          -0.425429,
          1.295818
        ],
        [
          0.0,
          0.0,
          0.0,
          1.0
        ]
      ]
    },
    {
      "file_path": "/media/NFS/ttao/scannet/posed_images/scene0611_01/00084.jpg",
      "transform_matrix": [
        [
          -0.849144,
          -0.230771,
          0.475078,
          4.632772
        ],
        [
          -0.527866,
          0.340739,
          -0.777981,
          3.759184
        ],
        [
          0.017658,
          -0.911395,
          -0.411153,
          1.291093
        ],
        [
          0.0,
          0.0,
          0.0,
          1.0
        ]
      ]
    },
    {
      "file_path": "/media/NFS/ttao/scannet/posed_images/scene0611_01/00087.jpg",
      "transform_matrix": [
        [
          -0.860582,
          -0.22888,
          0.454985,
          4.694381
        ],
        [
          -0.508759,
          0.344755,
          -0.788865,
          3.730514
        ],
        [
          0.023697,
          -0.910361,
          -0.413136,
          1.293627
        ],
        [
          0.0,
          0.0,
          0.0,
          1.0
        ]
      ]
    },
    {
      "file_path": "/media/NFS/ttao/scannet/posed_images/scene0611_01/00092.jpg",
      "transform_matrix": [
        [
          -0.889747,
          -0.205757,
          0.407449,
          4.803252
        ],
        [
          -0.455887,
          0.356047,
          -0.815719,
          3.690474
        ],
        [
          0.022769,
          -0.911534,
          -0.410594,
          1.302654
        ],
        [
          0.0,
          0.0,
          0.0,
          1.0
        ]
      ]
    },
    {
      "file_path": "/media/NFS/ttao/scannet/posed_images/scene0611_01/00096.jpg",
      "transform_matrix": [
        [
          -0.890648,
          -0.242767,
          0.384462,
          4.870397
        ],
        [
          -0.452062,
          0.381929,
          -0.806083,
          3.650248
        ],
        [
          0.048853,
          -0.891737,
          -0.44991,
          1.298969
        ],
        [
          0.0,
          0.0,
          0.0,
          1.0
        ]
      ]
    },
    {
      "file_path": "/media/NFS/ttao/scannet/posed_images/scene0611_01/00101.jpg",
      "transform_matrix": [
        [
          -0.886819,
          -0.247211,
          0.390435,
          4.950775
        ],
        [
          -0.458832,
          0.370453,
          -0.807613,
          3.598388
        ],
        [
          0.055013,
          -0.89535,
          -0.441953,
          1.297043
        ],
        [
          0.0,
          0.0,
          0.0,
          1.0
        ]
      ]
    },
    {
      "file_path": "/media/NFS/ttao/scannet/posed_images/scene0611_01/00104.jpg",
      "transform_matrix": [
        [
          -0.887056,
          -0.246884,
          0.390103,
          5.0025
        ],
        [
          -0.458802,
          0.377511,
          -0.804355,
          3.554529
        ],
        [
          0.051314,
          -0.892488,
          -0.448144,
          1.291423
        ],
        [
          0.0,
          0.0,
          0.0,
          1.0
        ]
      ]
    },
    {
      "file_path": "/media/NFS/ttao/scannet/posed_images/scene0611_01/00110.jpg",
      "transform_matrix": [
        [
          -0.889236,
          -0.211938,
          0.40539,
          5.096921
        ],
        [
          -0.457336,
          0.392297,
          -0.798089,
          3.448732
        ],
        [
          0.010112,
          -0.89509,
          -0.445772,
          1.305008
        ],
        [
          0.0,
          0.0,
          0.0,
          1.0
        ]
      ]
    },
    {
      "file_path": "/media/NFS/ttao/scannet/posed_images/scene0611_01/00112.jpg",
      "transform_matrix": [
        [
          -0.893592,
          -0.217251,
          0.392805,
          5.134718
        ],
        [
          -0.448491,
          0.395635,
          -0.801455,
          3.414099
        ],
        [
          0.01871,
          -0.892343,
          -0.450971,
          1.305706
        ],
        [
          0.0,
          0.0,
          0.0,
          1.0
        ]
      ]
    },
    {
      "file_path": "/media/NFS/ttao/scannet/posed_images/scene0611_01/00116.jpg",
      "transform_matrix": [
        [
          -0.897002,
          -0.21365,
          0.386965,
          5.205886
        ],
        [
          -0.441834,
          0.40746,
          -0.799224,
          3.348831
        ],
        [
          0.013081,
          -0.88788,
          -0.45989,
          1.313496
        ],
        [
          0.0,
          0.0,
          0.0,
          1.0
        ]
      ]
    },
    {
      "file_path": "/media/NFS/ttao/scannet/posed_images/scene0611_01/00123.jpg",
      "transform_matrix": [
        [
          -0.905757,
          -0.192097,
          0.377761,
          5.341167
        ],
        [
          -0.423455,
          0.446095,
          -0.78847,
          3.249535
        ],
        [
          -0.017055,
          -0.874127,
          -0.485398,
          1.332986
        ],
        [
          0.0,
          0.0,
          0.0,
          1.0
        ]
      ]
    },
    {
      "file_path": "/media/NFS/ttao/scannet/posed_images/scene0611_01/00125.jpg",
      "transform_matrix": [
        [
          -0.915023,
          -0.177244,
          0.362378,
          5.385219
        ],
        [
          -0.402691,
          0.454647,
          -0.794441,
          3.220806
        ],
        [
          -0.023944,
          -0.872858,
          -0.487387,
          1.331766
        ],
        [
          0.0,
          0.0,
          0.0,
          1.0
        ]
      ]
    },
    {
      "file_path": "/media/NFS/ttao/scannet/posed_images/scene0611_01/00130.jpg",
      "transform_matrix": [
        [
          -0.950418,
          -0.102624,
          0.293553,
          5.511486
        ],
        [
          -0.306893,
          0.461968,
          -0.832107,
          3.13625
        ],
        [
          -0.050218,
          -0.880939,
          -0.470558,
          1.33742
        ],
        [
          0.0,
          0.0,
          0.0,
          1.0
        ]
      ]
    },
    {
      "file_path": "/media/NFS/ttao/scannet/posed_images/scene0611_01/00134.jpg",
      "transform_matrix": [
        [
          -0.972978,
          -0.07278,
          0.219129,
          5.588273
        ],
        [
          -0.22777,
          0.458246,
          -0.859146,
          3.08546
        ],
        [
          -0.037886,
          -0.885841,
          -0.46244,
          1.3408
        ],
        [
          0.0,
          0.0,
          0.0,
          1.0
        ]
      ]
    },
    {
      "file_path": "/media/NFS/ttao/scannet/posed_images/scene0611_01/00138.jpg",
      "transform_matrix": [
        [
          -0.988699,
          -0.032907,
          0.146261,
          5.661632
        ],
        [
          -0.143628,
          0.487531,
          -0.861211,
          3.029062
        ],
        [
          -0.042967,
          -0.872485,
          -0.486748,
          1.353343
        ],
        [
          0.0,
          0.0,
          0.0,
          1.0
        ]
      ]
    },
    {
      "file_path": "/media/NFS/ttao/scannet/posed_images/scene0611_01/00144.jpg",
      "transform_matrix": [
        [
          -0.99638,
          0.044673,
          0.07233,
          5.718572
        ],
        [
          -0.041618,
          0.485568,
          -0.873208,
          2.931989
        ],
        [
          -0.07413,
          -0.873057,
          -0.481951,
          1.366253
        ],
        [
          0.0,
          0.0,
          0.0,
          1.0
        ]
      ]
    },
    {
      "file_path": "/media/NFS/ttao/scannet/posed_images/scene0611_01/00149.jpg",
      "transform_matrix": [
        [
          -0.994694,
          0.102331,
          0.010581,
          5.768862
        ],
        [
          0.039409,
          0.474023,
          -0.87963,
          2.837323
        ],
        [
          -0.095029,
          -0.874546,
          -0.475541,
          1.368007
        ],
        [
          0.0,
          0.0,
          0.0,
          1.0
        ]
      ]
    },
    {
      "file_path": "/media/NFS/ttao/scannet/posed_images/scene0611_01/00153.jpg",
      "transform_matrix": [
        [
          -0.985142,
          0.164631,
          -0.048913,
          5.776235
        ],
        [
          0.119202,
          0.450409,
          -0.884829,
          2.7404
        ],
        [
          -0.12364,
          -0.877513,
          -0.463341,
          1.392176
        ],
        [
          0.0,
          0.0,
          0.0,
          1.0
        ]
      ]
    },
    {
      "file_path": "/media/NFS/ttao/scannet/posed_images/scene0611_01/00157.jpg",
      "transform_matrix": [
        [
          -0.969899,
          0.208063,
          -0.126515,
          5.779819
        ],
        [
          0.204807,
          0.415971,
          -0.886015,
          2.649391
        ],
        [
          -0.13172,
          -0.885256,
          -0.446063,
          1.407307
        ],
        [
          0.0,
          0.0,
          0.0,
          1.0
        ]
      ]
    },
    {
      "file_path": "/media/NFS/ttao/scannet/posed_images/scene0611_01/00162.jpg",
      "transform_matrix": [
        [
          -0.95124,
          0.223235,
          -0.212858,
          5.752907
        ],
        [
          0.286331,
          0.382439,
          -0.878496,
          2.583679
        ],
        [
          -0.114706,
          -0.896608,
          -0.427711,
          1.390174
        ],
        [
          0.0,
          0.0,
          0.0,
          1.0
        ]
      ]
    },
    {
      "file_path": "/media/NFS/ttao/scannet/posed_images/scene0611_01/00165.jpg",
      "transform_matrix": [
        [
          -0.923781,
          0.245915,
          -0.293519,
          5.757244
        ],
        [
          0.368048,
          0.35867,
          -0.857844,
          2.539514
        ],
        [
          -0.10568,
          -0.90049,
          -0.421841,
          1.393408
        ],
        [
          0.0,
          0.0,
          0.0,
          1.0
        ]
      ]
    },
    {
      "file_path": "/media/NFS/ttao/scannet/posed_images/scene0611_01/00171.jpg",
      "transform_matrix": [
        [
          -0.845211,
          0.266988,
          -0.462963,
          5.783356
        ],
        [
          0.526376,
          0.26603,
          -0.807562,
          2.472873
        ],
        [
          -0.092447,
          -0.926253,
          -0.365388,
          1.385953
        ],
        [
          0.0,
          0.0,
          0.0,
          1.0
        ]
      ]
    },
    {
      "file_path": "/media/NFS/ttao/scannet/posed_images/scene0611_01/00173.jpg",
      "transform_matrix": [
        [
          -0.810143,
          0.284494,
          -0.512574,
          5.795358
        ],
        [
          0.578383,
          0.245287,
          -0.778015,
          2.446342
        ],
        [
          -0.095613,
          -0.926767,
          -0.363264,
          1.391478
        ],
        [
          0.0,
          0.0,
          0.0,
          1.0
        ]
      ]
    },
    {
      "file_path": "/media/NFS/ttao/scannet/posed_images/scene0611_01/00179.jpg",
      "transform_matrix": [
        [
          -0.724738,
          0.336744,
          -0.601131,
          5.823162
        ],
        [
          0.678035,
          0.193354,
          -0.709142,
          2.381846
        ],
        [
          -0.122568,
          -0.92153,
          -0.368456,
          1.397206
        ],
        [
          0.0,
          0.0,
          0.0,
          1.0
        ]
      ]
    },
    {
      "file_path": "/media/NFS/ttao/scannet/posed_images/scene0611_01/00183.jpg",
      "transform_matrix": [
        [
          -0.693431,
          0.352656,
          -0.628321,
          5.803847
        ],
        [
          0.71219,
          0.203229,
          -0.671925,
          2.35923
        ],
        [
          -0.109265,
          -0.913418,
          -0.392084,
          1.390182
        ],
        [
          0.0,
          0.0,
          0.0,
          1.0
        ]
      ]
    },
    {
      "file_path": "/media/NFS/ttao/scannet/posed_images/scene0611_01/00186.jpg",
      "transform_matrix": [
        [
          -0.65282,
          0.372828,
          -0.659413,
          5.798349
        ],
        [
          0.749071,
          0.188122,
          -0.635219,
          2.322983
        ],
        [
          -0.112778,
          -0.908631,
          -0.402084,
          1.3844
        ],
        [
          0.0,
          0.0,
          0.0,
          1.0
        ]
      ]
    },
    {
      "file_path": "/media/NFS/ttao/scannet/posed_images/scene0611_01/00190.jpg",
      "transform_matrix": [
        [
          -0.598061,
          0.393658,
          -0.698109,
          5.747865
        ],
        [
          0.792635,
          0.161686,
          -0.587867,
          2.295204
        ],
        [
          -0.118544,
          -0.904926,
          -0.408725,
          1.396501
        ],
        [
          0.0,
          0.0,
          0.0,
          1.0
        ]
      ]
    },
    {
      "file_path": "/media/NFS/ttao/scannet/posed_images/scene0611_01/00196.jpg",
      "transform_matrix": [
        [
          -0.509336,
          0.407105,
          -0.758183,
          5.6923
        ],
        [
          0.851978,
          0.114378,
          -0.510931,
          2.209031
        ],
        [
          -0.121283,
          -0.906192,
          -0.405101,
          1.394707
        ],
        [
          0.0,
          0.0,
          0.0,
          1.0
        ]
      ]
    },
    {
      "file_path": "/media/NFS/ttao/scannet/posed_images/scene0611_01/00201.jpg",
      "transform_matrix": [
        [
          -0.407832,
          0.414681,
          -0.813457,
          5.623068
        ],
        [
          0.906471,
          0.077074,
          -0.415174,
          2.140747
        ],
        [
          -0.109468,
          -0.906697,
          -0.40733,
          1.392609
        ],
        [
          0.0,
          0.0,
          0.0,
          1.0
        ]
      ]
    },
    {
      "file_path": "/media/NFS/ttao/scannet/posed_images/scene0611_01/00204.jpg",
      "transform_matrix": [
        [
          -0.356704,
          0.404922,
          -0.841903,
          5.596141
        ],
        [
          0.927672,
          0.047031,
          -0.370423,
          2.102991
        ],
        [
          -0.110396,
          -0.913141,
          -0.392411,
          1.388955
        ],
        [
          0.0,
          0.0,
          0.0,
          1.0
        ]
      ]
    },
    {
      "file_path": "/media/NFS/ttao/scannet/posed_images/scene0611_01/00206.jpg",
      "transform_matrix": [
        [
          -0.313694,
          0.404378,
          -0.859113,
          5.57129
        ],
        [
          0.943628,
          0.032089,
          -0.32945,
          2.085572
        ],
        [
          -0.105654,
          -0.914029,
          -0.391648,
          1.391537
        ],
        [
          0.0,
          0.0,
          0.0,
          1.0
        ]
      ]
    },
    {
      "file_path": "/media/NFS/ttao/scannet/posed_images/scene0611_01/00212.jpg",
      "transform_matrix": [
        [
          -0.159853,
          0.379573,
          -0.911247,
          5.507502
        ],
        [
          0.981728,
          -0.035406,
          -0.186965,
          2.010883
        ],
        [
          -0.103231,
          -0.924484,
          -0.366978,
          1.407763
        ],
        [
          0.0,
          0.0,
          0.0,
          1.0
        ]
      ]
    },
    {
      "file_path": "/media/NFS/ttao/scannet/posed_images/scene0611_01/00218.jpg",
      "transform_matrix": [
        [
          -0.007211,
          0.360139,
          -0.932871,
          5.464219
        ],
        [
          0.996999,
          -0.069314,
          -0.034466,
          1.95172
        ],
        [
          -0.077074,
          -0.93032,
          -0.358559,
          1.404684
        ],
        [
          0.0,
          0.0,
          0.0,
          1.0
        ]
      ]
    },
    {
      "file_path": "/media/NFS/ttao/scannet/posed_images/scene0611_01/00219.jpg",
      "transform_matrix": [
        [
          0.019652,
          0.355067,
          -0.934634,
          5.459693
        ],
        [
          0.996991,
          -0.077063,
          -0.008313,
          1.943224
        ],
        [
          -0.074978,
          -0.931659,
          -0.355513,
          1.403937
        ],
        [
          0.0,
          0.0,
          0.0,
          1.0
        ]
      ]
    },
    {
      "file_path": "/media/NFS/ttao/scannet/posed_images/scene0611_01/00225.jpg",
      "transform_matrix": [
        [
          0.180265,
          0.343037,
          -0.921862,
          5.405349
        ],
        [
          0.980435,
          -0.138004,
          0.140365,
          1.913471
        ],
        [
          -0.07907,
          -0.929129,
          -0.361203,
          1.413974
        ],
        [
          0.0,
          0.0,
          0.0,
          1.0
        ]
      ]
    },
    {
      "file_path": "/media/NFS/ttao/scannet/posed_images/scene0611_01/00228.jpg",
      "transform_matrix": [
        [
          0.257789,
          0.326372,
          -0.909409,
          5.385273
        ],
        [
          0.962266,
          -0.171587,
          0.211192,
          1.895568
        ],
        [
          -0.087116,
          -0.929537,
          -0.35829,
          1.420101
        ],
        [
          0.0,
          0.0,
          0.0,
          1.0
        ]
      ]
    },
    {
      "file_path": "/media/NFS/ttao/scannet/posed_images/scene0611_01/00235.jpg",
      "transform_matrix": [
        [
          0.408318,
          0.290335,
          -0.865437,
          5.344184
        ],
        [
          0.907634,
          -0.230236,
          0.350988,
          1.864246
        ],
        [
          -0.097351,
          -0.928815,
          -0.357528,
          1.421237
        ],
        [
          0.0,
          0.0,
          0.0,
          1.0
        ]
      ]
    },
    {
      "file_path": "/media/NFS/ttao/scannet/posed_images/scene0611_01/00240.jpg",
      "transform_matrix": [
        [
          0.470707,
          0.276768,
          -0.837755,
          5.336001
        ],
        [
          0.877497,
          -0.245684,
          0.411871,
          1.872795
        ],
        [
          -0.09183,
          -0.928999,
          -0.358509,
          1.415105
        ],
        [
          0.0,
          0.0,
          0.0,
          1.0
        ]
      ]
    },
    {
      "file_path": "/media/NFS/ttao/scannet/posed_images/scene0611_01/00243.jpg",
      "transform_matrix": [
        [
          0.508131,
          0.280946,
          -0.814169,
          5.311069
        ],
        [
          0.857336,
          -0.255352,
          0.446957,
          1.871812
        ],
        [
          -0.082329,
          -0.925129,
          -0.370618,
          1.415237
        ],
        [
          0.0,
          0.0,
          0.0,
          1.0
        ]
      ]
    },
    {
      "file_path": "/media/NFS/ttao/scannet/posed_images/scene0611_01/00249.jpg",
      "transform_matrix": [
        [
          0.575626,
          0.260136,
          -0.775231,
          5.253634
        ],
        [
          0.814456,
          -0.266919,
          0.515184,
          1.884489
        ],
        [
          -0.072906,
          -0.927946,
          -0.365515,
          1.409139
        ],
        [
          0.0,
          0.0,
          0.0,
          1.0
        ]
      ]
    },
    {
      "file_path": "/media/NFS/ttao/scannet/posed_images/scene0611_01/00251.jpg",
      "transform_matrix": [
        [
          0.589438,
          0.261283,
          -0.764392,
          5.24659
        ],
        [
          0.805107,
          -0.267408,
          0.529429,
          1.926225
        ],
        [
          -0.066073,
          -0.927483,
          -0.367981,
          1.409933
        ],
        [
          0.0,
          0.0,
          0.0,
          1.0
        ]
      ]
    },
    {
      "file_path": "/media/NFS/ttao/scannet/posed_images/scene0611_01/00254.jpg",
      "transform_matrix": [
        [
          0.626646,
          0.251028,
          -0.737766,
          5.20826
        ],
        [
          0.776319,
          -0.28386,
          0.562807,
          1.944864
        ],
        [
          -0.068142,
          -0.925423,
          -0.372758,
          1.411183
        ],
        [
          0.0,
          0.0,
          0.0,
          1.0
        ]
      ]
    },
    {
      "file_path": "/media/NFS/ttao/scannet/posed_images/scene0611_01/00260.jpg",
      "transform_matrix": [
        [
          0.694454,
          0.204153,
          -0.689967,
          5.148592
        ],
        [
          0.713496,
          -0.31937,
          0.623639,
          1.989844
        ],
        [
          -0.093037,
          -0.925378,
          -0.367451,
          1.412695
        ],
        [
          0.0,
          0.0,
          0.0,
          1.0
        ]
      ]
    },
    {
      "file_path": "/media/NFS/ttao/scannet/posed_images/scene0611_01/00266.jpg",
      "transform_matrix": [
        [
          0.759531,
          0.18453,
          -0.623748,
          5.098111
        ],
        [
          0.643641,
          -0.351804,
          0.679676,
          2.026199
        ],
        [
          -0.094016,
          -0.917705,
          -0.385977,
          1.411127
        ],
        [
          0.0,
          0.0,
          0.0,
          1.0
        ]
      ]
    },
    {
      "file_path": "/media/NFS/ttao/scannet/posed_images/scene0611_01/00267.jpg",
      "transform_matrix": [
        [
          0.771005,
          0.177932,
          -0.611466,
          5.091763
        ],
        [
          0.630357,
          -0.349774,
          0.693043,
          2.029392
        ],
        [
          -0.090561,
          -0.919782,
          -0.381839,
          1.407873
        ],
        [
          0.0,
          0.0,
          0.0,
          1.0
        ]
      ]
    },
    {
      "file_path": "/media/NFS/ttao/scannet/posed_images/scene0611_01/00271.jpg",
      "transform_matrix": [
        [
          0.809688,
          0.170538,
          -0.561536,
          5.072376
        ],
        [
          0.581781,
          -0.358881,
          0.729887,
          2.064443
        ],
        [
          -0.077051,
          -0.917672,
          -0.389797,
          1.402007
        ],
        [
          0.0,
          0.0,
          0.0,
          1.0
        ]
      ]
    },
    {
      "file_path": "/media/NFS/ttao/scannet/posed_images/scene0611_01/00276.jpg",
      "transform_matrix": [
        [
          0.874155,
          0.124287,
          -0.469475,
          5.042099
        ],
        [
          0.479821,
          -0.370324,
          0.795381,
          2.07321
        ],
        [
          -0.075002,
          -0.92055,
          -0.383356,
          1.399561
        ],
        [
          0.0,
          0.0,
          0.0,
          1.0
        ]
      ]
    },
    {
      "file_path": "/media/NFS/ttao/scannet/posed_images/scene0611_01/00280.jpg",
      "transform_matrix": [
        [
          0.897926,
          0.08869,
          -0.431119,
          5.04311
        ],
        [
          0.430877,
          -0.377092,
          0.819846,
          2.085966
        ],
        [
          -0.08986,
          -0.92192,
          -0.376814,
          1.411303
        ],
        [
          0.0,
          0.0,
          0.0,
          1.0
        ]
      ]
    },
    {
      "file_path": "/media/NFS/ttao/scannet/posed_images/scene0611_01/00287.jpg",
      "transform_matrix": [
        [
          0.947756,
          0.065367,
          -0.312226,
          5.022967
        ],
        [
          0.313676,
          -0.368961,
          0.874914,
          2.088352
        ],
        [
          -0.058009,
          -0.927144,
          -0.370189,
          1.402083
        ],
        [
          0.0,
          0.0,
          0.0,
          1.0
        ]
      ]
    },
    {
      "file_path": "/media/NFS/ttao/scannet/posed_images/scene0611_01/00289.jpg",
      "transform_matrix": [
        [
          0.953296,
          0.049263,
          -0.297994,
          5.018609
        ],
        [
          0.293182,
          -0.388101,
          0.87374,
          2.095463
        ],
        [
          -0.072609,
          -0.9203,
          -0.384418,
          1.40328
        ],
        [
          0.0,
          0.0,
          0.0,
          1.0
        ]
      ]
    },
    {
      "file_path": "/media/NFS/ttao/scannet/posed_images/scene0611_01/00293.jpg",
      "transform_matrix": [
        [
          0.962039,
          0.035876,
          -0.270541,
          5.042478
        ],
        [
          0.26167,
          -0.40282,
          0.877077,
          2.119247
        ],
        [
          -0.077513,
          -0.914576,
          -0.396916,
          1.409098
        ],
        [
          0.0,
          0.0,
          0.0,
          1.0
        ]
      ]
    },
    {
      "file_path": "/media/NFS/ttao/scannet/posed_images/scene0611_01/00300.jpg",
      "transform_matrix": [
        [
          0.980296,
          0.021676,
          -0.196343,
          5.055031
        ],
        [
          0.188852,
          -0.39431,
          0.899363,
          2.145977
        ],
        [
          -0.057925,
          -0.918722,
          -0.390634,
          1.399284
        ],
        [
          0.0,
          0.0,
          0.0,
          1.0
        ]
      ]
    },
    {
      "file_path": "/media/NFS/ttao/scannet/posed_images/scene0611_01/00304.jpg",
      "transform_matrix": [
        [
          0.988096,
          0.013674,
          -0.153231,
          5.069142
        ],
        [
          0.14535,
          -0.4093,
          0.900748,
          2.168198
        ],
        [
          -0.0504,
          -0.912298,
          -0.406415,
          1.391671
        ],
        [
          0.0,
          0.0,
          0.0,
          1.0
        ]
      ]
    },
    {
      "file_path": "/media/NFS/ttao/scannet/posed_images/scene0611_01/00308.jpg",
      "transform_matrix": [
        [
          0.995531,
          0.007744,
          -0.094121,
          5.082299
        ],
        [
          0.088949,
          -0.411739,
          0.90695,
          2.189362
        ],
        [
          -0.03173,
          -0.911269,
          -0.410588,
          1.381732
        ],
        [
          0.0,
          0.0,
          0.0,
          1.0
        ]
      ]
    },
    {
      "file_path": "/media/NFS/ttao/scannet/posed_images/scene0611_01/00313.jpg",
      "transform_matrix": [
        [
          0.99987,
          -0.016023,
          0.001855,
          5.076431
        ],
        [
          -0.008668,
          -0.436773,
          0.89953,
          2.210232
        ],
        [
          -0.013603,
          -0.899429,
          -0.436855,
          1.370683
        ],
        [
          0.0,
          0.0,
          0.0,
          1.0
        ]
      ]
    },
    {
      "file_path": "/media/NFS/ttao/scannet/posed_images/scene0611_01/00318.jpg",
      "transform_matrix": [
        [
          0.995952,
          -0.047576,
          0.076262,
          5.075533
        ],
        [
          -0.089481,
          -0.444421,
          0.891338,
          2.208306
        ],
        [
          -0.008514,
          -0.894554,
          -0.446879,
          1.372181
        ],
        [
          0.0,
          0.0,
          0.0,
          1.0
        ]
      ]
    },
    {
      "file_path": "/media/NFS/ttao/scannet/posed_images/scene0611_01/00321.jpg",
      "transform_matrix": [
        [
          0.989055,
          -0.090553,
          0.116494,
          5.064572
        ],
        [
          -0.144911,
          -0.447495,
          0.882468,
          2.201034
        ],
        [
          -0.027779,
          -0.88969,
          -0.455719,
          1.377957
        ],
        [
          0.0,
          0.0,
          0.0,
          1.0
        ]
      ]
    },
    {
      "file_path": "/media/NFS/ttao/scannet/posed_images/scene0611_01/00327.jpg",
      "transform_matrix": [
        [
          0.968753,
          -0.147703,
          0.199255,
          5.056705
        ],
        [
          -0.244954,
          -0.443631,
          0.862084,
          2.181586
        ],
        [
          -0.038937,
          -0.883954,
          -0.465949,
          1.379911
        ],
        [
          0.0,
          0.0,
          0.0,
          1.0
        ]
      ]
    },
    {
      "file_path": "/media/NFS/ttao/scannet/posed_images/scene0611_01/00328.jpg",
      "transform_matrix": [
        [
          0.965881,
          -0.154173,
          0.208096,
          5.058383
        ],
        [
          -0.255681,
          -0.439704,
          0.860981,
          2.175216
        ],
        [
          -0.04124,
          -0.884811,
          -0.464121,
          1.377668
        ],
        [
          0.0,
          0.0,
          0.0,
          1.0
        ]
      ]
    },
    {
      "file_path": "/media/NFS/ttao/scannet/posed_images/scene0611_01/00335.jpg",
      "transform_matrix": [
        [
          0.918964,
          -0.199533,
          0.340135,
          5.075071
        ],
        [
          -0.393984,
          -0.42787,
          0.813452,
          2.146147
        ],
        [
          -0.016777,
