{
  "frames": [
    {
      "file_path": "/media/NFS/ttao/scannet/posed_images/scene0013_01/00000.jpg",
      "transform_matrix": [
        [
          0.312034,
          -0.532557,
          0.786777,
          3.222305
        ],
        [
          -0.950071,
          -0.174945,
          0.258379,
          1.098087
        ],
        [
          4.1e-05,
          -0.828117,
          -0.560555,
          1.320058
        ],
        [
          0.0,
          0.0,
          0.0,
          1.0
        ]
      ]
    },
    {
      "file_path": "/media/NFS/ttao/scannet/posed_images/scene0013_01/00001.jpg",
      "transform_matrix": [
        [
          0.308086,
          -0.531964,
          0.788731,
          3.196774
        ],
        [
          -0.95135,
          -0.168669,
          0.257846,
          1.102601
        ],
        [
          -0.00413,
          -0.829798,
          -0.558049,
          1.32515
        ],
        [
          0.0,
          0.0,
          0.0,
          1.0
        ]
      ]
    },
    {
      "file_path": "/media/NFS/ttao/scannet/posed_images/scene0013_01/00002.jpg",
      "transform_matrix": [
        [
          0.304224,
          -0.529311,
          0.792009,
          3.189055
        ],
        [
          -0.952593,
          -0.16565,
          0.2552,
          1.104092
        ],
        [
          -0.003884,
          -0.8321,
          -0.554612,
          1.325573
        ],
        [
          0.0,
          0.0,
          0.0,
          1.0
        ]
      ]
    },
    {
      "file_path": "/media/NFS/ttao/scannet/posed_images/scene0013_01/00003.jpg",
      "transform_matrix": [
        [
          0.297616,
          -0.5272,
          0.795918,
          3.180272
        ],
        [
          -0.954684,
          -0.162697,
          0.249216,
          1.107783
        ],
        [
          -0.001893,
          -0.83402,
          -0.551731,
          1.325989
        ],
        [
          0.0,
          0.0,
          0.0,
          1.0
        ]
      ]
    },
    {
      "file_path": "/media/NFS/ttao/scannet/posed_images/scene0013_01/00004.jpg",
      "transform_matrix": [
        [
          0.29082,
          -0.524569,
          0.800157,
          3.173299
        ],
        [
          -0.956778,
          -0.158881,
          0.243584,
          1.110905
        ],
        [
          -0.000647,
          -0.836411,
          -0.548102,
          1.327473
        ],
        [
          0.0,
          0.0,
          0.0,
          1.0
        ]
      ]
    },
    {
      "file_path": "/media/NFS/ttao/scannet/posed_images/scene0013_01/00005.jpg",
      "transform_matrix": [
        [
          0.280847,
          -0.521217,
          0.80589,
          3.16363
        ],
        [
          -0.959752,
          -0.153695,
          0.235064,
          1.117578
        ],
        [
          0.001342,
          -0.839471,
          -0.543403,
          1.327914
        ],
        [
          0.0,
          0.0,
          0.0,
          1.0
        ]
      ]
    },
    {
      "file_path": "/media/NFS/ttao/scannet/posed_images/scene0013_01/00006.jpg",
      "transform_matrix": [
        [
          0.275259,
          -0.517816,
          0.81,
          3.156242
        ],
        [
          -0.961357,
          -0.152691,
          0.229082,
          1.122531
        ],
        [
          0.005057,
          -0.841755,
          -0.539835,
          1.329487
        ],
        [
          0.0,
          0.0,
          0.0,
          1.0
        ]
      ]
    },
    {
      "file_path": "/media/NFS/ttao/scannet/posed_images/scene0013_01/00007.jpg",
      "transform_matrix": [
        [
          0.266267,
          -0.513331,
          0.815839,
          3.14713
        ],
        [
          -0.963843,
          -0.150933,
          0.219603,
          1.128748
        ],
        [
          0.010408,
          -0.844814,
          -0.534959,
          1.331363
        ],
        [
          0.0,
          0.0,
          0.0,
          1.0
        ]
      ]
    },
    {
      "file_path": "/media/NFS/ttao/scannet/posed_images/scene0013_01/00008.jpg",
      "transform_matrix": [
        [
          0.248422,
          -0.501256,
          0.828872,
          3.128247
        ],
        [
          -0.968521,
          -0.142599,
          0.204041,
          1.145653
        ],
        [
          0.01592,
          -0.853468,
          -0.520902,
          1.332855
        ],
        [
          0.0,
          0.0,
          0.0,
          1.0
        ]
      ]
    },
    {
      "file_path": "/media/NFS/ttao/scannet/posed_images/scene0013_01/00009.jpg",
      "transform_matrix": [
        [
          0.239575,
          -0.49527,
          0.835052,
          3.115779
        ],
        [
          -0.970727,
          -0.137354,
          0.197035,
          1.157063
        ],
        [
          0.017112,
          -0.857812,
          -0.513679,
          1.331085
        ],
        [
          0.0,
          0.0,
          0.0,
          1.0
        ]
      ]
    },
    {
      "file_path": "/media/NFS/ttao/scannet/posed_images/scene0013_01/00010.jpg",
      "transform_matrix": [
        [
          0.2307,
          -0.492001,
          0.839471,
          3.090367
        ],
        [
          -0.972844,
          -0.133258,
          0.189253,
          1.179558
        ],
        [
          0.018753,
          -0.860336,
          -0.509383,
          1.325428
        ],
        [
          0.0,
          0.0,
          0.0,
          1.0
        ]
      ]
    },
    {
      "file_path": "/media/NFS/ttao/scannet/posed_images/scene0013_01/00011.jpg",
      "transform_matrix": [
        [
          0.227478,
          -0.494032,
          0.839158,
          3.077309
        ],
        [
          -0.973612,
          -0.131574,
          0.186464,
          1.192736
        ],
        [
          0.018292,
          -0.85943,
          -0.510926,
          1.321541
        ],
        [
          0.0,
          0.0,
          0.0,
          1.0
        ]
      ]
    },
    {
      "file_path": "/media/NFS/ttao/scannet/posed_images/scene0013_01/00012.jpg",
      "transform_matrix": [
        [
          0.227484,
          -0.497576,
          0.83706,
          3.065739
        ],
        [
          -0.973579,
          -0.133784,
          0.185059,
          1.205818
        ],
        [
          0.019904,
          -0.857041,
          -0.514863,
          1.318104
        ],
        [
          0.0,
          0.0,
          0.0,
          1.0
        ]
      ]
    },
    {
      "file_path": "/media/NFS/ttao/scannet/posed_images/scene0013_01/00013.jpg",
      "transform_matrix": [
        [
          0.229801,
          -0.50145,
          0.83411,
          3.054306
        ],
        [
          -0.972947,
          -0.139319,
          0.184295,
          1.218326
        ],
        [
          0.023792,
          -0.853896,
          -0.519899,
          1.313357
        ],
        [
          0.0,
          0.0,
          0.0,
          1.0
        ]
      ]
    },
    {
      "file_path": "/media/NFS/ttao/scannet/posed_images/scene0013_01/00014.jpg",
      "transform_matrix": [
        [
          0.23456,
          -0.504297,
          0.831063,
          3.040884
        ],
        [
          -0.971582,
          -0.149577,
          0.183455,
          1.231703
        ],
        [
          0.031792,
          -0.850477,
          -0.525051,
          1.305554
        ],
        [
          0.0,
          0.0,
          0.0,
          1.0
        ]
      ]
    },
    {
      "file_path": "/media/NFS/ttao/scannet/posed_images/scene0013_01/00015.jpg",
      "transform_matrix": [
        [
          0.237908,
          -0.512847,
          0.824856,
          3.029742
        ],
        [
          -0.970616,
          -0.157103,
          0.182272,
          1.245723
        ],
        [
          0.03611,
          -0.843983,
          -0.535153,
          1.300054
        ],
        [
          0.0,
          0.0,
          0.0,
          1.0
        ]
      ]
    },
    {
      "file_path": "/media/NFS/ttao/scannet/posed_images/scene0013_01/00016.jpg",
      "transform_matrix": [
        [
          0.244785,
          -0.5202,
          0.818213,
          3.018883
        ],
        [
          -0.968579,
          -0.169475,
          0.182023,
          1.258426
        ],
        [
          0.043978,
          -0.837061,
          -0.545339,
          1.293978
        ],
        [
          0.0,
          0.0,
          0.0,
          1.0
        ]
      ]
    },
    {
      "file_path": "/media/NFS/ttao/scannet/posed_images/scene0013_01/00017.jpg",
      "transform_matrix": [
        [
          0.252271,
          -0.53042,
          0.809329,
          3.009202
        ],
        [
          -0.966407,
          -0.180596,
          0.182873,
          1.269878
        ],
        [
          0.049162,
          -0.828275,
          -0.558161,
          1.290081
        ],
        [
          0.0,
          0.0,
          0.0,
          1.0
        ]
      ]
    },
    {
      "file_path": "/media/NFS/ttao/scannet/posed_images/scene0013_01/00018.jpg",
      "transform_matrix": [
        [
          0.267291,
          -0.551371,
          0.790282,
          2.988741
        ],
        [
          -0.961924,
          -0.201255,
          0.184931,
          1.29359
        ],
        [
          0.057083,
          -0.809621,
          -0.58417,
          1.279282
        ],
        [
          0.0,
          0.0,
          0.0,
          1.0
        ]
      ]
    },
    {
      "file_path": "/media/NFS/ttao/scannet/posed_images/scene0013_01/00019.jpg",
      "transform_matrix": [
        [
          0.273646,
          -0.562964,
          0.779865,
          2.980029
        ],
        [
          -0.95989,
          -0.211321,
          0.184268,
          1.305797
        ],
        [
          0.061065,
          -0.799009,
          -0.598211,
          1.275972
        ],
        [
          0.0,
          0.0,
          0.0,
          1.0
        ]
      ]
    },
    {
      "file_path": "/media/NFS/ttao/scannet/posed_images/scene0013_01/00020.jpg",
      "transform_matrix": [
        [
          0.289527,
          -0.57304,
          0.766681,
          2.971613
        ],
        [
          -0.954944,
          -0.227531,
          0.190558,
          1.306765
        ],
        [
          0.065247,
          -0.787308,
          -0.613098,
          1.275563
        ],
        [
          0.0,
          0.0,
          0.0,
          1.0
        ]
      ]
    },
    {
      "file_path": "/media/NFS/ttao/scannet/posed_images/scene0013_01/00021.jpg",
      "transform_matrix": [
        [
          0.295032,
          -0.581943,
          0.757825,
          2.964333
        ],
        [
          -0.953079,
          -0.235517,
          0.190191,
          1.317927
        ],
        [
          0.067801,
          -0.77838,
          -0.624122,
          1.272487
        ],
        [
          0.0,
          0.0,
          0.0,
          1.0
        ]
      ]
    },
    {
      "file_path": "/media/NFS/ttao/scannet/posed_images/scene0013_01/00022.jpg",
      "transform_matrix": [
        [
          0.300218,
          -0.588553,
          0.750649,
          2.956673
        ],
        [
          -0.951244,
          -0.243093,
          0.189845,
          1.32824
        ],
        [
          0.070743,
          -0.771046,
          -0.632838,
          1.268659
        ],
        [
          0.0,
          0.0,
          0.0,
          1.0
        ]
      ]
    },
    {
      "file_path": "/media/NFS/ttao/scannet/posed_images/scene0013_01/00023.jpg",
      "transform_matrix": [
        [
          0.308975,
          -0.592048,
          0.744321,
          2.949867
        ],
        [
          -0.948214,
          -0.252366,
          0.192876,
          1.334132
        ],
        [
          0.073649,
          -0.76537,
          -0.639363,
          1.264767
        ],
        [
          0.0,
          0.0,
          0.0,
          1.0
        ]
      ]
    },
    {
      "file_path": "/media/NFS/ttao/scannet/posed_images/scene0013_01/00024.jpg",
      "transform_matrix": [
        [
          0.319284,
          -0.594497,
          0.737991,
          2.943316
        ],
        [
          -0.944445,
          -0.263707,
          0.196172,
          1.339194
        ],
        [
          0.07799,
          -0.759626,
          -0.645667,
          1.261617
        ],
        [
          0.0,
          0.0,
          0.0,
          1.0
        ]
      ]
    },
    {
      "file_path": "/media/NFS/ttao/scannet/posed_images/scene0013_01/00025.jpg",
      "transform_matrix": [
        [
          0.329806,
          -0.596444,
          0.731766,
          2.936645
        ],
        [
          -0.94054,
          -0.274364,
          0.200273,
          1.342159
        ],
        [
          0.081319,
          -0.754307,
          -0.651466,
          1.258052
        ],
        [
          0.0,
          0.0,
          0.0,
          1.0
        ]
      ]
    },
    {
      "file_path": "/media/NFS/ttao/scannet/posed_images/scene0013_01/00026.jpg",
      "transform_matrix": [
        [
          0.337088,
          -0.599269,
          0.726118,
          2.930244
        ],
        [
          -0.937745,
          -0.282283,
          0.202362,
          1.346941
        ],
        [
          0.083701,
          -0.749128,
          -0.657116,
          1.255018
        ],
        [
          0.0,
          0.0,
          0.0,
          1.0
        ]
      ]
    },
    {
      "file_path": "/media/NFS/ttao/scannet/posed_images/scene0013_01/00027.jpg",
      "transform_matrix": [
        [
          0.345318,
          -0.601373,
          0.72049,
          2.924085
        ],
        [
          -0.934592,
          -0.290222,
          0.205692,
          1.349384
        ],
        [
          0.085405,
          -0.744393,
          -0.662257,
          1.252011
        ],
        [
          0.0,
          0.0,
          0.0,
          1.0
        ]
      ]
    },
    {
      "file_path": "/media/NFS/ttao/scannet/posed_images/scene0013_01/00028.jpg",
      "transform_matrix": [
        [
          0.351157,
          -0.604609,
          0.714939,
          2.918253
        ],
        [
          -0.932412,
          -0.29547,
          0.2081,
          1.353612
        ],
        [
          0.085424,
          -0.739693,
          -0.6675,
          1.249261
        ],
        [
          0.0,
          0.0,
          0.0,
          1.0
        ]
      ]
    },
    {
      "file_path": "/media/NFS/ttao/scannet/posed_images/scene0013_01/00029.jpg",
      "transform_matrix": [
        [
          0.356978,
          -0.607749,
          0.709372,
          2.912926
        ],
        [
          -0.930268,
          -0.300128,
          0.211008,
          1.356642
        ],
        [
          0.084663,
          -0.735231,
          -0.672508,
          1.247189
        ],
        [
          0.0,
          0.0,
          0.0,
          1.0
        ]
      ]
    },
    {
      "file_path": "/media/NFS/ttao/scannet/posed_images/scene0013_01/00030.jpg",
      "transform_matrix": [
        [
          0.36768,
          -0.613965,
          0.698469,
          2.911893
        ],
        [
          -0.926669,
          -0.304949,
          0.219752,
          1.354589
        ],
        [
          0.078078,
          -0.728048,
          -0.681066,
          1.250655
        ],
        [
          0.0,
          0.0,
          0.0,
          1.0
        ]
      ]
    },
    {
      "file_path": "/media/NFS/ttao/scannet/posed_images/scene0013_01/00031.jpg",
      "transform_matrix": [
        [
          0.377057,
          -0.613835,
          0.693566,
          2.906456
        ],
        [
          -0.922883,
          -0.312229,
          0.22539,
          1.355111
        ],
        [
          0.078199,
          -0.725065,
          -0.684226,
          1.248862
        ],
        [
          0.0,
          0.0,
          0.0,
          1.0
        ]
      ]
    },
    {
      "file_path": "/media/NFS/ttao/scannet/posed_images/scene0013_01/00032.jpg",
      "transform_matrix": [
        [
          0.386134,
          -0.614643,
          0.687833,
          2.901806
        ],
        [
          -0.919207,
          -0.318784,
          0.231159,
          1.355873
        ],
        [
          0.07719,
          -0.721519,
          -0.688078,
          1.248347
        ],
        [
          0.0,
          0.0,
          0.0,
          1.0
        ]
      ]
    },
    {
      "file_path": "/media/NFS/ttao/scannet/posed_images/scene0013_01/00033.jpg",
      "transform_matrix": [
        [
          0.396313,
          -0.614083,
          0.682523,
          2.896989
        ],
        [
          -0.914878,
          -0.326519,
          0.237454,
          1.356582
        ],
        [
          0.07704,
          -0.718532,
          -0.691214,
          1.247513
        ],
        [
          0.0,
          0.0,
          0.0,
          1.0
        ]
      ]
    },
    {
      "file_path": "/media/NFS/ttao/scannet/posed_images/scene0013_01/00034.jpg",
      "transform_matrix": [
        [
          0.408739,
          -0.61134,
          0.677639,
          2.892174
        ],
        [
          -0.909509,
          -0.33441,
          0.246907,
          1.355024
        ],
        [
          0.075665,
          -0.71724,
          -0.692706,
          1.247699
        ],
        [
          0.0,
          0.0,
          0.0,
          1.0
        ]
      ]
    },
    {
      "file_path": "/media/NFS/ttao/scannet/posed_images/scene0013_01/00035.jpg",
      "transform_matrix": [
        [
          0.420018,
          -0.607678,
          0.674027,
          2.884761
        ],
        [
          -0.904487,
          -0.340938,
          0.256252,
          1.354985
        ],
        [
          0.074082,
          -0.717279,
          -0.692837,
          1.246297
        ],
        [
          0.0,
          0.0,
          0.0,
          1.0
        ]
      ]
    },
    {
      "file_path": "/media/NFS/ttao/scannet/posed_images/scene0013_01/00036.jpg",
      "transform_matrix": [
        [
          0.432703,
          -0.605052,
          0.668341,
          2.880293
        ],
        [
          -0.898613,
          -0.349113,
          0.265733,
          1.353749
        ],
        [
          0.072544,
          -0.715564,
          -0.694771,
          1.247581
        ],
        [
          0.0,
          0.0,
          0.0,
          1.0
        ]
      ]
    },
    {
      "file_path": "/media/NFS/ttao/scannet/posed_images/scene0013_01/00037.jpg",
      "transform_matrix": [
        [
          0.445636,
          -0.600635,
          0.663812,
          2.875638
        ],
        [
          -0.892391,
          -0.356893,
          0.276161,
          1.352653
        ],
        [
          0.071038,
          -0.715447,
          -0.695046,
          1.249677
        ],
        [
          0.0,
          0.0,
          0.0,
          1.0
        ]
      ]
    },
    {
      "file_path": "/media/NFS/ttao/scannet/posed_images/scene0013_01/00038.jpg",
      "transform_matrix": [
        [
          0.458282,
          -0.594552,
          0.66067,
          2.869351
        ],
        [
          -0.886131,
          -0.363268,
          0.287763,
          1.352366
        ],
        [
          0.06891,
          -0.717317,
          -0.693331,
          1.251156
        ],
        [
          0.0,
          0.0,
          0.0,
          1.0
        ]
      ]
    },
    {
      "file_path": "/media/NFS/ttao/scannet/posed_images/scene0013_01/00039.jpg",
      "transform_matrix": [
        [
          0.474041,
          -0.585746,
          0.657409,
          2.863816
        ],
        [
          -0.877844,
          -0.37238,
          0.301204,
          1.345462
        ],
        [
          0.068377,
          -0.719886,
          -0.690717,
          1.253244
        ],
        [
          0.0,
          0.0,
          0.0,
          1.0
        ]
      ]
    },
    {
      "file_path": "/media/NFS/ttao/scannet/posed_images/scene0013_01/00040.jpg",
      "transform_matrix": [
        [
          0.488529,
          -0.582963,
          0.649225,
          2.86178
        ],
        [
          -0.870684,
          -0.374304,
          0.319071,
          1.340897
        ],
        [
          0.057001,
          -0.721146,
          -0.690435,
          1.259593
        ],
        [
          0.0,
          0.0,
          0.0,
          1.0
        ]
      ]
    },
    {
      "file_path": "/media/NFS/ttao/scannet/posed_images/scene0013_01/00041.jpg",
      "transform_matrix": [
        [
          0.501763,
          -0.574744,
          0.646454,
          2.854368
        ],
        [
          -0.863332,
          -0.37921,
          0.332954,
          1.337648
        ],
        [
          0.053779,
          -0.725168,
          -0.686469,
          1.261671
        ],
        [
          0.0,
          0.0,
          0.0,
          1.0
        ]
      ]
    },
    {
      "file_path": "/media/NFS/ttao/scannet/posed_images/scene0013_01/00042.jpg",
      "transform_matrix": [
        [
          0.51657,
          -0.565297,
          0.643113,
          2.848019
        ],
        [
          -0.854677,
          -0.385849,
          0.347344,
          1.330788
        ],
        [
          0.051792,
          -0.729081,
          -0.682465,
          1.264039
        ],
        [
          0.0,
          0.0,
          0.0,
          1.0
        ]
      ]
    },
    {
      "file_path": "/media/NFS/ttao/scannet/posed_images/scene0013_01/00043.jpg",
      "transform_matrix": [
        [
          0.528797,
          -0.556632,
          0.64073,
          2.844101
        ],
        [
          -0.847266,
          -0.390795,
          0.35975,
          1.326269
        ],
        [
          0.050146,
          -0.733103,
          -0.678266,
          1.269083
        ],
        [
          0.0,
          0.0,
          0.0,
          1.0
        ]
      ]
    },
    {
      "file_path": "/media/NFS/ttao/scannet/posed_images/scene0013_01/00044.jpg",
      "transform_matrix": [
        [
          0.538172,
          -0.546309,
          0.641808,
          2.836748
        ],
        [
          -0.841367,
          -0.393142,
          0.370864,
          1.32419
        ],
        [
          0.049716,
          -0.739585,
          -0.671224,
          1.272593
        ],
        [
          0.0,
          0.0,
          0.0,
          1.0
        ]
      ]
    },
    {
      "file_path": "/media/NFS/ttao/scannet/posed_images/scene0013_01/00045.jpg",
      "transform_matrix": [
        [
          0.549952,
          -0.53512,
          0.641248,
          2.830861
        ],
        [
          -0.833719,
          -0.397378,
          0.38341,
          1.316079
        ],
        [
          0.049648,
          -0.745478,
          -0.664679,
          1.276139
        ],
        [
          0.0,
          0.0,
          0.0,
          1.0
        ]
      ]
    },
    {
      "file_path": "/media/NFS/ttao/scannet/posed_images/scene0013_01/00046.jpg",
      "transform_matrix": [
        [
          0.560701,
          -0.524843,
          0.640432,
          2.825122
        ],
        [
          -0.826547,
          -0.400859,
          0.395136,
          1.309254
        ],
        [
          0.049339,
          -0.750901,
          -0.65857,
          1.280217
        ],
        [
          0.0,
          0.0,
          0.0,
          1.0
        ]
      ]
    },
    {
      "file_path": "/media/NFS/ttao/scannet/posed_images/scene0013_01/00047.jpg",
      "transform_matrix": [
        [
          0.570271,
          -0.513939,
          0.640825,
          2.818976
        ],
        [
          -0.819955,
          -0.403276,
          0.406253,
          1.30462
        ],
        [
          0.04964,
          -0.757123,
          -0.651384,
          1.284638
        ],
        [
          0.0,
          0.0,
          0.0,
          1.0
        ]
      ]
    },
    {
      "file_path": "/media/NFS/ttao/scannet/posed_images/scene0013_01/00048.jpg",
      "transform_matrix": [
        [
          0.581003,
          -0.50118,
          0.641291,
          2.811732
        ],
        [
          -0.81238,
          -0.405248,
          0.4193,
          1.296039
        ],
        [
          0.049737,
          -0.764587,
          -0.642599,
          1.287505
        ],
        [
          0.0,
          0.0,
          0.0,
          1.0
        ]
      ]
    },
    {
      "file_path": "/media/NFS/ttao/scannet/posed_images/scene0013_01/00049.jpg",
      "transform_matrix": [
        [
          0.590453,
          -0.490624,
          0.640822,
          2.804654
        ],
        [
          -0.805566,
          -0.406751,
          0.430832,
          1.290522
        ],
        [
          0.049279,
          -0.770611,
          -0.635398,
          1.290581
        ],
        [
          0.0,
          0.0,
          0.0,
          1.0
        ]
      ]
    },
    {
      "file_path": "/media/NFS/ttao/scannet/posed_images/scene0013_01/00050.jpg",
      "transform_matrix": [
        [
          0.598915,
          -0.479445,
          0.641431,
          2.797787
        ],
        [
          -0.7992,
          -0.408657,
          0.440771,
          1.281299
        ],
        [
          0.0508,
          -0.776616,
          -0.627923,
          1.292981
        ],
        [
          0.0,
          0.0,
          0.0,
          1.0
        ]
      ]
    },
    {
      "file_path": "/media/NFS/ttao/scannet/posed_images/scene0013_01/00051.jpg",
      "transform_matrix": [
        [
          0.609319,
          -0.467961,
          0.640111,
          2.790977
        ],
        [
          -0.791169,
          -0.412505,
          0.451544,
          1.272188
        ],
        [
          0.052744,
          -0.781571,
          -0.621583,
          1.295417
        ],
        [
          0.0,
          0.0,
          0.0,
          1.0
        ]
      ]
    },
    {
      "file_path": "/media/NFS/ttao/scannet/posed_images/scene0013_01/00052.jpg",
      "transform_matrix": [
        [
          0.617438,
          -0.460127,
          0.638007,
          2.785236
        ],
        [
          -0.784876,
          -0.414342,
          0.46075,
          1.267502
        ],
        [
          0.05235,
          -0.785241,
          -0.616973,
          1.299181
        ],
        [
          0.0,
          0.0,
          0.0,
          1.0
        ]
      ]
    },
    {
      "file_path": "/media/NFS/ttao/scannet/posed_images/scene0013_01/00053.jpg",
      "transform_matrix": [
        [
          0.624569,
          -0.4502,
          0.638148,
          2.777069
        ],
        [
          -0.779133,
          -0.415199,
          0.46964,
          1.263456
        ],
        [
          0.053527,
          -0.790525,
          -0.610086,
          1.301522
        ],
        [
          0.0,
          0.0,
          0.0,
          1.0
        ]
      ]
    },
    {
      "file_path": "/media/NFS/ttao/scannet/posed_images/scene0013_01/00054.jpg",
      "transform_matrix": [
        [
          0.631539,
          -0.440746,
          0.637888,
          2.769892
        ],
        [
          -0.773498,
          -0.414891,
          0.479131,
          1.254587
        ],
        [
          0.053479,
          -0.795995,
          -0.602936,
          1.302422
        ],
        [
          0.0,
          0.0,
          0.0,
          1.0
        ]
      ]
    },
    {
      "file_path": "/media/NFS/ttao/scannet/posed_images/scene0013_01/00055.jpg",
      "transform_matrix": [
        [
          0.637,
          -0.434472,
          0.636762,
          2.763951
        ],
        [
          -0.769071,
          -0.4145,
          0.486539,
          1.248937
        ],
        [
          0.052551,
          -0.79964,
          -0.598176,
          1.304843
        ],
        [
          0.0,
          0.0,
          0.0,
          1.0
        ]
      ]
    },
    {
      "file_path": "/media/NFS/ttao/scannet/posed_images/scene0013_01/00056.jpg",
      "transform_matrix": [
        [
          0.643102,
          -0.426604,
          0.635947,
          2.758162
        ],
        [
          -0.76398,
          -0.414333,
          0.494634,
          1.240611
        ],
        [
          0.052481,
          -0.803951,
          -0.592375,
          1.306206
        ],
        [
          0.0,
          0.0,
          0.0,
          1.0
        ]
      ]
    },
    {
      "file_path": "/media/NFS/ttao/scannet/posed_images/scene0013_01/00057.jpg",
      "transform_matrix": [
        [
          0.647686,
          -0.421315,
          0.63482,
          2.75306
        ],
        [
          -0.76016,
          -0.41373,
          0.500983,
          1.234659
        ],
        [
          0.051572,
          -0.807045,
          -0.588234,
          1.307393
        ],
        [
          0.0,
          0.0,
          0.0,
          1.0
        ]
      ]
    },
    {
      "file_path": "/media/NFS/ttao/scannet/posed_images/scene0013_01/00058.jpg",
      "transform_matrix": [
        [
          0.651757,
          -0.416989,
          0.633508,
          2.748291
        ],
        [
          -0.756716,
          -0.413618,
          0.506261,
          1.22819
        ],
        [
          0.050925,
          -0.809346,
          -0.585121,
          1.308532
        ],
        [
          0.0,
          0.0,
          0.0,
          1.0
        ]
      ]
    },
    {
      "file_path": "/media/NFS/ttao/scannet/posed_images/scene0013_01/00059.jpg",
      "transform_matrix": [
        [
          0.656607,
          -0.410834,
          0.63252,
          2.743689
        ],
        [
          -0.752482,
          -0.413937,
          0.512276,
          1.220777
        ],
        [
          0.051363,
          -0.812325,
          -0.580939,
          1.310132
        ],
        [
          0.0,
          0.0,
          0.0,
          1.0
        ]
      ]
    },
    {
      "file_path": "/media/NFS/ttao/scannet/posed_images/scene0013_01/00060.jpg",
      "transform_matrix": [
        [
          0.658105,
          -0.406018,
          0.634071,
          2.734484
        ],
        [
          -0.751194,
          -0.411152,
          0.516393,
          1.222514
        ],
        [
          0.051035,
          -0.816152,
          -0.57558,
          1.308469
        ],
        [
          0.0,
          0.0,
          0.0,
          1.0
        ]
      ]
    },
    {
      "file_path": "/media/NFS/ttao/scannet/posed_images/scene0013_01/00061.jpg",
      "transform_matrix": [
        [
          0.663625,
          -0.40163,
          0.631106,
          2.732088
        ],
        [
          -0.746416,
          -0.411508,
          0.522996,
          1.212388
        ],
        [
          0.049655,
          -0.818141,
          -0.57287,
          1.30827
        ],
        [
          0.0,
          0.0,
          0.0,
          1.0
        ]
      ]
    },
    {
      "file_path": "/media/NFS/ttao/scannet/posed_images/scene0013_01/00062.jpg",
      "transform_matrix": [
        [
          0.667582,
          -0.397239,
          0.629711,
          2.725242
        ],
        [
          -0.742772,
          -0.413519,
          0.526584,
          1.211769
        ],
        [
          0.051218,
          -0.81927,
          -0.571116,
          1.307576
        ],
        [
          0.0,
          0.0,
          0.0,
          1.0
        ]
      ]
    },
    {
      "file_path": "/media/NFS/ttao/scannet/posed_images/scene0013_01/00063.jpg",
      "transform_matrix": [
        [
          0.672996,
          -0.39303,
          0.626581,
          2.719169
        ],
        [
          -0.73786,
          -0.415584,
          0.531838,
          1.207501
        ],
        [
          0.051369,
          -0.820254,
          -0.569688,
          1.306567
        ],
        [
          0.0,
          0.0,
          0.0,
          1.0
        ]
      ]
    },
    {
      "file_path": "/media/NFS/ttao/scannet/posed_images/scene0013_01/00064.jpg",
      "transform_matrix": [
        [
          0.679354,
          -0.389839,
          0.621694,
          2.713627
        ],
        [
          -0.732077,
          -0.418262,
          0.537699,
          1.205336
        ],
        [
          0.050415,
          -0.820416,
          -0.56954,
          1.305558
        ],
        [
          0.0,
          0.0,
          0.0,
          1.0
        ]
      ]
    },
    {
      "file_path": "/media/NFS/ttao/scannet/posed_images/scene0013_01/00065.jpg",
      "transform_matrix": [
        [
          0.685996,
          -0.38624,
          0.616626,
          2.70655
        ],
        [
          -0.725814,
          -0.422683,
          0.542709,
          1.206343
        ],
        [
          0.051021,
          -0.819852,
          -0.570297,
          1.304443
        ],
        [
          0.0,
          0.0,
          0.0,
          1.0
        ]
      ]
    },
    {
      "file_path": "/media/NFS/ttao/scannet/posed_images/scene0013_01/00066.jpg",
      "transform_matrix": [
        [
          0.695637,
          -0.380458,
          0.609377,
          2.701638
        ],
        [
          -0.716528,
          -0.428534,
          0.550405,
          1.203162
        ],
        [
          0.051733,
          -0.819518,
          -0.570714,
          1.303327
        ],
        [
          0.0,
          0.0,
          0.0,
          1.0
        ]
      ]
    },
    {
      "file_path": "/media/NFS/ttao/scannet/posed_images/scene0013_01/00067.jpg",
      "transform_matrix": [
        [
          0.706668,
          -0.37203,
          0.601842,
          2.694376
        ],
        [
          -0.705419,
          -0.436344,
          0.558558,
          1.198932
        ],
        [
          0.054809,
          -0.819266,
          -0.570788,
          1.299409
        ],
        [
          0.0,
          0.0,
          0.0,
          1.0
        ]
      ]
    },
    {
      "file_path": "/media/NFS/ttao/scannet/posed_images/scene0013_01/00068.jpg",
      "transform_matrix": [
        [
          0.717624,
          -0.366025,
          0.592488,
          2.685754
        ],
        [
          -0.694072,
          -0.445843,
          0.565232,
          1.201257
        ],
        [
          0.057267,
          -0.816854,
          -0.573995,
          1.296852
        ],
        [
          0.0,
          0.0,
          0.0,
          1.0
        ]
      ]
    },
    {
      "file_path": "/media/NFS/ttao/scannet/posed_images/scene0013_01/00069.jpg",
      "transform_matrix": [
        [
          0.731001,
          -0.359925,
          0.579734,
          2.677856
        ],
        [
          -0.679846,
          -0.457237,
          0.573362,
          1.20104
        ],
        [
          0.058709,
          -0.813258,
          -0.578935,
          1.293994
        ],
        [
          0.0,
          0.0,
          0.0,
          1.0
        ]
      ]
    },
    {
      "file_path": "/media/NFS/ttao/scannet/posed_images/scene0013_01/00070.jpg",
      "transform_matrix": [
        [
          0.743416,
          -0.352508,
          0.568394,
          2.660561
        ],
        [
          -0.66599,
          -0.468387,
          0.580579,
          1.213248
        ],
        [
          0.06157,
          -0.810156,
          -0.582973,
          1.287615
        ],
        [
          0.0,
          0.0,
          0.0,
          1.0
        ]
      ]
    },
    {
      "file_path": "/media/NFS/ttao/scannet/posed_images/scene0013_01/00071.jpg",
      "transform_matrix": [
        [
          0.759801,
          -0.343607,
          0.551939,
          2.652408
        ],
        [
          -0.646983,
          -0.483353,
          0.589731,
          1.211525
        ],
        [
          0.064145,
          -0.805174,
          -0.58956,
          1.284689
        ],
        [
          0.0,
          0.0,
          0.0,
          1.0
        ]
      ]
    },
    {
      "file_path": "/media/NFS/ttao/scannet/posed_images/scene0013_01/00072.jpg",
      "transform_matrix": [
        [
          0.776989,
          -0.335874,
          0.532425,
          2.646524
        ],
        [
          -0.62623,
          -0.498666,
          0.599306,
          1.208966
        ],
        [
          0.064211,
          -0.799075,
          -0.597793,
          1.28281
        ],
        [
          0.0,
          0.0,
          0.0,
          1.0
        ]
      ]
    },
    {
      "file_path": "/media/NFS/ttao/scannet/posed_images/scene0013_01/00073.jpg",
      "transform_matrix": [
        [
          0.792068,
          -0.328422,
          0.514556,
          2.636508
        ],
        [
          -0.60706,
          -0.512284,
          0.607489,
          1.209702
        ],
        [
          0.064086,
          -0.793539,
          -0.605135,
          1.280247
        ],
        [
          0.0,
          0.0,
          0.0,
          1.0
        ]
      ]
    },
    {
      "file_path": "/media/NFS/ttao/scannet/posed_images/scene0013_01/00074.jpg",
      "transform_matrix": [
        [
          0.808606,
          -0.319143,
          0.494272,
          2.62892
        ],
        [
          -0.584914,
          -0.526721,
          0.616798,
          1.209696
        ],
        [
          0.063496,
          -0.787853,
          -0.612581,
          1.277972
        ],
        [
          0.0,
          0.0,
          0.0,
          1.0
        ]
      ]
    },
    {
      "file_path": "/media/NFS/ttao/scannet/posed_images/scene0013_01/00075.jpg",
      "transform_matrix": [
        [
          0.82366,
          -0.310174,
          0.474739,
          2.620506
        ],
        [
          -0.563601,
          -0.540387,
          0.624769,
          1.208704
        ],
        [
          0.062756,
          -0.78216,
          -0.619909,
          1.276199
        ],
        [
          0.0,
          0.0,
          0.0,
          1.0
        ]
      ]
    },
    {
      "file_path": "/media/NFS/ttao/scannet/posed_images/scene0013_01/00076.jpg",
      "transform_matrix": [
        [
          0.836766,
          -0.301569,
          0.457032,
          2.609584
        ],
        [
          -0.54401,
          -0.552762,
          0.631275,
          1.209049
        ],
        [
          0.062257,
          -0.776859,
          -0.626589,
          1.273376
        ],
        [
          0.0,
          0.0,
          0.0,
          1.0
        ]
      ]
    },
    {
      "file_path": "/media/NFS/ttao/scannet/posed_images/scene0013_01/00077.jpg",
      "transform_matrix": [
        [
          0.850477,
          -0.2926,
          0.43712,
          2.602778
        ],
        [
          -0.522523,
          -0.5655,
          0.638106,
          1.208488
        ],
        [
          0.060481,
          -0.7711,
          -0.633835,
          1.273899
        ],
        [
          0.0,
