{
  "frames": [
    {
      "file_path": "/media/NFS/ttao/scannet/posed_images/scene0195_00/00000.jpg",
      "transform_matrix": [
        [
          0.882784,
          0.25224,
          -0.396318,
          3.463734
        ],
        [
          0.469583,
          -0.498211,
          0.728888,
          1.394934
        ],
        [
          -0.013595,
          -0.829554,
          -0.55826,
          1.262723
        ],
        [
          0.0,
          0.0,
          0.0,
          1.0
        ]
      ]
    },
    {
      "file_path": "/media/NFS/ttao/scannet/posed_images/scene0195_00/00005.jpg",
      "transform_matrix": [
        [
          0.88237,
          0.251508,
          -0.397702,
          3.459796
        ],
        [
          0.470244,
          -0.502085,
          0.725797,
          1.393845
        ],
        [
          -0.017136,
          -0.827438,
          -0.561295,
          1.260675
        ],
        [
          0.0,
          0.0,
          0.0,
          1.0
        ]
      ]
    },
    {
      "file_path": "/media/NFS/ttao/scannet/posed_images/scene0195_00/00010.jpg",
      "transform_matrix": [
        [
          0.876842,
          0.250922,
          -0.410106,
          3.460445
        ],
        [
          0.480349,
          -0.493283,
          0.725215,
          1.394834
        ],
        [
          -0.020326,
          -0.832893,
          -0.553061,
          1.251752
        ],
        [
          0.0,
          0.0,
          0.0,
          1.0
        ]
      ]
    },
    {
      "file_path": "/media/NFS/ttao/scannet/posed_images/scene0195_00/00018.jpg",
      "transform_matrix": [
        [
          0.863271,
          0.284978,
          -0.416594,
          3.465188
        ],
        [
          0.504155,
          -0.526584,
          0.684498,
          1.380674
        ],
        [
          -0.024305,
          -0.800935,
          -0.598257,
          1.220998
        ],
        [
          0.0,
          0.0,
          0.0,
          1.0
        ]
      ]
    },
    {
      "file_path": "/media/NFS/ttao/scannet/posed_images/scene0195_00/00021.jpg",
      "transform_matrix": [
        [
          0.855991,
          0.306304,
          -0.416481,
          3.467356
        ],
        [
          0.51666,
          -0.535635,
          0.667951,
          1.370558
        ],
        [
          -0.018486,
          -0.786939,
          -0.616754,
          1.20923
        ],
        [
          0.0,
          0.0,
          0.0,
          1.0
        ]
      ]
    },
    {
      "file_path": "/media/NFS/ttao/scannet/posed_images/scene0195_00/00029.jpg",
      "transform_matrix": [
        [
          0.837604,
          0.347042,
          -0.421879,
          3.484759
        ],
        [
          0.54618,
          -0.546706,
          0.634666,
          1.356499
        ],
        [
          -0.010388,
          -0.76202,
          -0.64747,
          1.188195
        ],
        [
          0.0,
          0.0,
          0.0,
          1.0
        ]
      ]
    },
    {
      "file_path": "/media/NFS/ttao/scannet/posed_images/scene0195_00/00030.jpg",
      "transform_matrix": [
        [
          0.835803,
          0.355035,
          -0.418789,
          3.486666
        ],
        [
          0.548984,
          -0.550255,
          0.629155,
          1.360466
        ],
        [
          -0.007068,
          -0.755758,
          -0.654813,
          1.190894
        ],
        [
          0.0,
          0.0,
          0.0,
          1.0
        ]
      ]
    },
    {
      "file_path": "/media/NFS/ttao/scannet/posed_images/scene0195_00/00040.jpg",
      "transform_matrix": [
        [
          0.839865,
          0.364021,
          -0.402635,
          3.504438
        ],
        [
          0.541911,
          -0.520013,
          0.660241,
          1.352659
        ],
        [
          0.030967,
          -0.772706,
          -0.634008,
          1.187525
        ],
        [
          0.0,
          0.0,
          0.0,
          1.0
        ]
      ]
    },
    {
      "file_path": "/media/NFS/ttao/scannet/posed_images/scene0195_00/00045.jpg",
      "transform_matrix": [
        [
          0.851241,
          0.353306,
          -0.388025,
          3.503892
        ],
        [
          0.523442,
          -0.51899,
          0.675764,
          1.346795
        ],
        [
          0.03737,
          -0.778347,
          -0.626721,
          1.200502
        ],
        [
          0.0,
          0.0,
          0.0,
          1.0
        ]
      ]
    },
    {
      "file_path": "/media/NFS/ttao/scannet/posed_images/scene0195_00/00050.jpg",
      "transform_matrix": [
        [
          0.864134,
          0.33312,
          -0.377231,
          3.49825
        ],
        [
          0.501559,
          -0.508445,
          0.699945,
          1.33348
        ],
        [
          0.041365,
          -0.79405,
          -0.606444,
          1.207196
        ],
        [
          0.0,
          0.0,
          0.0,
          1.0
        ]
      ]
    },
    {
      "file_path": "/media/NFS/ttao/scannet/posed_images/scene0195_00/00056.jpg",
      "transform_matrix": [
        [
          0.885286,
          0.280084,
          -0.371243,
          3.486903
        ],
        [
          0.464688,
          -0.501409,
          0.729832,
          1.329045
        ],
        [
          0.01827,
          -0.818622,
          -0.574042,
          1.2398
        ],
        [
          0.0,
          0.0,
          0.0,
          1.0
        ]
      ]
    },
    {
      "file_path": "/media/NFS/ttao/scannet/posed_images/scene0195_00/00058.jpg",
      "transform_matrix": [
        [
          0.894545,
          0.254316,
          -0.367576,
          3.483768
        ],
        [
          0.44684,
          -0.488407,
          0.749528,
          1.329534
        ],
        [
          0.01109,
          -0.834735,
          -0.550541,
          1.252526
        ],
        [
          0.0,
          0.0,
          0.0,
          1.0
        ]
      ]
    },
    {
      "file_path": "/media/NFS/ttao/scannet/posed_images/scene0195_00/00067.jpg",
      "transform_matrix": [
        [
          0.916139,
          0.198892,
          -0.348039,
          3.489369
        ],
        [
          0.40086,
          -0.453006,
          0.796302,
          1.345103
        ],
        [
          0.000715,
          -0.869038,
          -0.494744,
          1.30287
        ],
        [
          0.0,
          0.0,
          0.0,
          1.0
        ]
      ]
    },
    {
      "file_path": "/media/NFS/ttao/scannet/posed_images/scene0195_00/00071.jpg",
      "transform_matrix": [
        [
          0.915125,
          0.185902,
          -0.357752,
          3.486511
        ],
        [
          0.403163,
          -0.427331,
          0.809227,
          1.35921
        ],
        [
          -0.002442,
          -0.884776,
          -0.46601,
          1.321275
        ],
        [
          0.0,
          0.0,
          0.0,
          1.0
        ]
      ]
    },
    {
      "file_path": "/media/NFS/ttao/scannet/posed_images/scene0195_00/00077.jpg",
      "transform_matrix": [
        [
          0.902861,
          0.180498,
          -0.390209,
          3.493041
        ],
        [
          0.42985,
          -0.396875,
          0.810999,
          1.388523
        ],
        [
          -0.008481,
          -0.89995,
          -0.43591,
          1.340819
        ],
        [
          0.0,
          0.0,
          0.0,
          1.0
        ]
      ]
    },
    {
      "file_path": "/media/NFS/ttao/scannet/posed_images/scene0195_00/00083.jpg",
      "transform_matrix": [
        [
          0.900176,
          0.168498,
          -0.401613,
          3.527041
        ],
        [
          0.435271,
          -0.379673,
          0.816326,
          1.427996
        ],
        [
          -0.014932,
          -0.909647,
          -0.415114,
          1.340907
        ],
        [
          0.0,
          0.0,
          0.0,
          1.0
        ]
      ]
    },
    {
      "file_path": "/media/NFS/ttao/scannet/posed_images/scene0195_00/00088.jpg",
      "transform_matrix": [
        [
          0.908273,
          0.156458,
          -0.388023,
          3.548033
        ],
        [
          0.417947,
          -0.381457,
          0.824507,
          1.462943
        ],
        [
          -0.019013,
          -0.91105,
          -0.411858,
          1.346156
        ],
        [
          0.0,
          0.0,
          0.0,
          1.0
        ]
      ]
    },
    {
      "file_path": "/media/NFS/ttao/scannet/posed_images/scene0195_00/00091.jpg",
      "transform_matrix": [
        [
          0.914431,
          0.154153,
          -0.374237,
          3.558603
        ],
        [
          0.404412,
          -0.385316,
          0.829447,
          1.480581
        ],
        [
          -0.016337,
          -0.909818,
          -0.414686,
          1.346972
        ],
        [
          0.0,
          0.0,
          0.0,
          1.0
        ]
      ]
    },
    {
      "file_path": "/media/NFS/ttao/scannet/posed_images/scene0195_00/00096.jpg",
      "transform_matrix": [
        [
          0.927466,
          0.148471,
          -0.343166,
          3.571786
        ],
        [
          0.37386,
          -0.382743,
          0.844829,
          1.506631
        ],
        [
          -0.005912,
          -0.911847,
          -0.410488,
          1.347229
        ],
        [
          0.0,
          0.0,
          0.0,
          1.0
        ]
      ]
    },
    {
      "file_path": "/media/NFS/ttao/scannet/posed_images/scene0195_00/00101.jpg",
      "transform_matrix": [
        [
          0.93902,
          0.143314,
          -0.312576,
          3.571108
        ],
        [
          0.343845,
          -0.381678,
          0.857959,
          1.53464
        ],
        [
          0.003654,
          -0.913117,
          -0.40768,
          1.349509
        ],
        [
          0.0,
          0.0,
          0.0,
          1.0
        ]
      ]
    },
    {
      "file_path": "/media/NFS/ttao/scannet/posed_images/scene0195_00/00106.jpg",
      "transform_matrix": [
        [
          0.951107,
          0.136334,
          -0.277146,
          3.555472
        ],
        [
          0.308636,
          -0.385029,
          0.869768,
          1.552067
        ],
        [
          0.01187,
          -0.912779,
          -0.408281,
          1.348813
        ],
        [
          0.0,
          0.0,
          0.0,
          1.0
        ]
      ]
    },
    {
      "file_path": "/media/NFS/ttao/scannet/posed_images/scene0195_00/00115.jpg",
      "transform_matrix": [
        [
          0.984091,
          0.075103,
          -0.161009,
          3.482137
        ],
        [
          0.177502,
          -0.376946,
          0.909068,
          1.576466
        ],
        [
          0.007582,
          -0.923185,
          -0.38428,
          1.348501
        ],
        [
          0.0,
          0.0,
          0.0,
          1.0
        ]
      ]
    },
    {
      "file_path": "/media/NFS/ttao/scannet/posed_images/scene0195_00/00117.jpg",
      "transform_matrix": [
        [
          0.988369,
          0.069965,
          -0.135028,
          3.462652
        ],
        [
          0.151507,
          -0.376096,
          0.91411,
          1.579147
        ],
        [
          0.013172,
          -0.923935,
          -0.382322,
          1.342818
        ],
        [
          0.0,
          0.0,
          0.0,
          1.0
        ]
      ]
    },
    {
      "file_path": "/media/NFS/ttao/scannet/posed_images/scene0195_00/00125.jpg",
      "transform_matrix": [
        [
          0.996649,
          0.072095,
          -0.038638,
          3.396344
        ],
        [
          0.063966,
          -0.392541,
          0.917507,
          1.573935
        ],
        [
          0.050981,
          -0.916905,
          -0.395837,
          1.332307
        ],
        [
          0.0,
          0.0,
          0.0,
          1.0
        ]
      ]
    },
    {
      "file_path": "/media/NFS/ttao/scannet/posed_images/scene0195_00/00127.jpg",
      "transform_matrix": [
        [
          0.997404,
          0.06672,
          -0.027078,
          3.388589
        ],
        [
          0.051186,
          -0.392478,
          0.918336,
          1.569678
        ],
        [
          0.050643,
          -0.917338,
          -0.394874,
          1.335299
        ],
        [
          0.0,
          0.0,
          0.0,
          1.0
        ]
      ]
    },
    {
      "file_path": "/media/NFS/ttao/scannet/posed_images/scene0195_00/00133.jpg",
      "transform_matrix": [
        [
          0.999029,
          0.042995,
          0.009616,
          3.367818
        ],
        [
          0.008372,
          -0.399534,
          0.91668,
          1.54319
        ],
        [
          0.043254,
          -0.91571,
          -0.399506,
          1.316753
        ],
        [
          0.0,
          0.0,
          0.0,
          1.0
        ]
      ]
    },
    {
      "file_path": "/media/NFS/ttao/scannet/posed_images/scene0195_00/00138.jpg",
      "transform_matrix": [
        [
          0.99915,
          0.015685,
          0.038123,
          3.344433
        ],
        [
          -0.026928,
          -0.451885,
          0.89167,
          1.516237
        ],
        [
          0.031213,
          -0.891939,
          -0.451078,
          1.285437
        ],
        [
          0.0,
          0.0,
          0.0,
          1.0
        ]
      ]
    },
    {
      "file_path": "/media/NFS/ttao/scannet/posed_images/scene0195_00/00143.jpg",
      "transform_matrix": [
        [
          0.995926,
          -0.048727,
          0.07587,
          3.306208
        ],
        [
          -0.090086,
          -0.501525,
          0.86044,
          1.483827
        ],
        [
          -0.003877,
          -0.86377,
          -0.503872,
          1.269481
        ],
        [
          0.0,
          0.0,
          0.0,
          1.0
        ]
      ]
    },
    {
      "file_path": "/media/NFS/ttao/scannet/posed_images/scene0195_00/00151.jpg",
      "transform_matrix": [
        [
          0.986156,
          -0.094564,
          0.136212,
          3.281536
        ],
        [
          -0.165639,
          -0.523492,
          0.835775,
          1.464464
        ],
        [
          -0.007728,
          -0.846767,
          -0.531908,
          1.267777
        ],
        [
          0.0,
          0.0,
          0.0,
          1.0
        ]
      ]
    },
    {
      "file_path": "/media/NFS/ttao/scannet/posed_images/scene0195_00/00154.jpg",
      "transform_matrix": [
        [
          0.978236,
          -0.108159,
          0.177074,
          3.276816
        ],
        [
          -0.207479,
          -0.520139,
          0.828497,
          1.474376
        ],
        [
          0.002493,
          -0.847205,
          -0.53126,
          1.265894
        ],
        [
          0.0,
          0.0,
          0.0,
          1.0
        ]
      ]
    },
    {
      "file_path": "/media/NFS/ttao/scannet/posed_images/scene0195_00/00164.jpg",
      "transform_matrix": [
        [
          0.952892,
          -0.162461,
          0.256131,
          3.223766
        ],
        [
          -0.303281,
          -0.521818,
          0.797324,
          1.536507
        ],
        [
          0.00412,
          -0.837444,
          -0.546508,
          1.264889
        ],
        [
          0.0,
          0.0,
          0.0,
          1.0
        ]
      ]
    },
    {
      "file_path": "/media/NFS/ttao/scannet/posed_images/scene0195_00/00165.jpg",
      "transform_matrix": [
        [
          0.950125,
          -0.170206,
          0.261329,
          3.221519
        ],
        [
          -0.31187,
          -0.519893,
          0.795266,
          1.539423
        ],
        [
          0.000504,
          -0.837103,
          -0.547045,
          1.262296
        ],
        [
          0.0,
          0.0,
          0.0,
          1.0
        ]
      ]
    },
    {
      "file_path": "/media/NFS/ttao/scannet/posed_images/scene0195_00/00173.jpg",
      "transform_matrix": [
        [
          0.919138,
          -0.207188,
          0.33505,
          3.235663
        ],
        [
          -0.393901,
          -0.494598,
          0.774735,
          1.556954
        ],
        [
          0.005199,
          -0.844065,
          -0.536215,
          1.256672
        ],
        [
          0.0,
          0.0,
          0.0,
          1.0
        ]
      ]
    },
    {
      "file_path": "/media/NFS/ttao/scannet/posed_images/scene0195_00/00178.jpg",
      "transform_matrix": [
        [
          0.903478,
          -0.240061,
          0.355103,
          3.246787
        ],
        [
          -0.428624,
          -0.500122,
          0.752436,
          1.546135
        ],
        [
          -0.003036,
          -0.832015,
          -0.554745,
          1.258518
        ],
        [
          0.0,
          0.0,
          0.0,
          1.0
        ]
      ]
    },
    {
      "file_path": "/media/NFS/ttao/scannet/posed_images/scene0195_00/00181.jpg",
      "transform_matrix": [
        [
          0.893491,
          -0.250256,
          0.372887,
          3.246603
        ],
        [
          -0.449074,
          -0.493565,
          0.744799,
          1.532714
        ],
        [
          -0.002347,
          -0.832926,
          -0.55338,
          1.253144
        ],
        [
          0.0,
          0.0,
          0.0,
          1.0
        ]
      ]
    },
    {
      "file_path": "/media/NFS/ttao/scannet/posed_images/scene0195_00/00186.jpg",
      "transform_matrix": [
        [
          0.868928,
          -0.286141,
          0.40384,
          3.260577
        ],
        [
          -0.49468,
          -0.475763,
          0.727283,
          1.502
        ],
        [
          -0.015974,
          -0.831729,
          -0.554952,
          1.251162
        ],
        [
          0.0,
          0.0,
          0.0,
          1.0
        ]
      ]
    },
    {
      "file_path": "/media/NFS/ttao/scannet/posed_images/scene0195_00/00191.jpg",
      "transform_matrix": [
        [
          0.855255,
          -0.31275,
          0.41319,
          3.247604
        ],
        [
          -0.517665,
          -0.479182,
          0.708808,
          1.472526
        ],
        [
          -0.023687,
          -0.820105,
          -0.571722,
          1.235051
        ],
        [
          0.0,
          0.0,
          0.0,
          1.0
        ]
      ]
    },
    {
      "file_path": "/media/NFS/ttao/scannet/posed_images/scene0195_00/00200.jpg",
      "transform_matrix": [
        [
          0.83159,
          -0.362467,
          0.420804,
          3.242966
        ],
        [
          -0.554232,
          -0.492707,
          0.67087,
          1.433306
        ],
        [
          -0.035835,
          -0.791112,
          -0.610621,
          1.227132
        ],
        [
          0.0,
          0.0,
          0.0,
          1.0
        ]
      ]
    },
    {
      "file_path": "/media/NFS/ttao/scannet/posed_images/scene0195_00/00204.jpg",
      "transform_matrix": [
        [
          0.827772,
          -0.368747,
          0.42287,
          3.24635
        ],
        [
          -0.560032,
          -0.497331,
          0.662591,
          1.427881
        ],
        [
          -0.034022,
          -0.785295,
          -0.618186,
          1.226294
        ],
        [
          0.0,
          0.0,
          0.0,
          1.0
        ]
      ]
    },
    {
      "file_path": "/media/NFS/ttao/scannet/posed_images/scene0195_00/00209.jpg",
      "transform_matrix": [
        [
          0.800523,
          -0.386427,
          0.458079,
          3.263165
        ],
        [
          -0.598475,
          -0.475333,
          0.644892,
          1.440606
        ],
        [
          -0.031464,
          -0.7904,
          -0.611782,
          1.233354
        ],
        [
          0.0,
          0.0,
          0.0,
          1.0
        ]
      ]
    },
    {
      "file_path": "/media/NFS/ttao/scannet/posed_images/scene0195_00/00217.jpg",
      "transform_matrix": [
        [
          0.753939,
          -0.404111,
          0.517948,
          3.302425
        ],
        [
          -0.656456,
          -0.43305,
          0.617684,
          1.509934
        ],
        [
          -0.025316,
          -0.805706,
          -0.591774,
          1.252223
        ],
        [
          0.0,
          0.0,
          0.0,
          1.0
        ]
      ]
    },
    {
      "file_path": "/media/NFS/ttao/scannet/posed_images/scene0195_00/00220.jpg",
      "transform_matrix": [
        [
          0.739245,
          -0.404863,
          0.538148,
          3.311545
        ],
        [
          -0.673066,
          -0.417671,
          0.610355,
          1.54471
        ],
        [
          -0.022342,
          -0.813411,
          -0.58126,
          1.247746
        ],
        [
          0.0,
          0.0,
          0.0,
          1.0
        ]
      ]
    },
    {
      "file_path": "/media/NFS/ttao/scannet/posed_images/scene0195_00/00228.jpg",
      "transform_matrix": [
        [
          0.718515,
          -0.405608,
          0.564994,
          3.344357
        ],
        [
          -0.695438,
          -0.407164,
          0.592101,
          1.642588
        ],
        [
          -0.010116,
          -0.818352,
          -0.574628,
          1.263628
        ],
        [
          0.0,
          0.0,
          0.0,
          1.0
        ]
      ]
    },
    {
      "file_path": "/media/NFS/ttao/scannet/posed_images/scene0195_00/00233.jpg",
      "transform_matrix": [
        [
          0.70004,
          -0.395948,
          0.594281,
          3.356024
        ],
        [
          -0.714093,
          -0.392647,
          0.579568,
          1.684303
        ],
        [
          0.003863,
          -0.830092,
          -0.557612,
          1.272096
        ],
        [
          0.0,
          0.0,
          0.0,
          1.0
        ]
      ]
    },
    {
      "file_path": "/media/NFS/ttao/scannet/posed_images/scene0195_00/00237.jpg",
      "transform_matrix": [
        [
          0.696293,
          -0.378101,
          0.610094,
          3.359006
        ],
        [
          -0.717534,
          -0.387891,
          0.57852,
          1.703602
        ],
        [
          0.017911,
          -0.840583,
          -0.541387,
          1.280698
        ],
        [
          0.0,
          0.0,
          0.0,
          1.0
        ]
      ]
    },
    {
      "file_path": "/media/NFS/ttao/scannet/posed_images/scene0195_00/00242.jpg",
      "transform_matrix": [
        [
          0.698572,
          -0.366239,
          0.614708,
          3.362874
        ],
        [
          -0.715384,
          -0.375424,
          0.589307,
          1.712766
        ],
        [
          0.014949,
          -0.851426,
          -0.524263,
          1.292121
        ],
        [
          0.0,
          0.0,
          0.0,
          1.0
        ]
      ]
    },
    {
      "file_path": "/media/NFS/ttao/scannet/posed_images/scene0195_00/00249.jpg",
      "transform_matrix": [
        [
          0.720067,
          -0.341726,
          0.603927,
          3.357048
        ],
        [
          -0.6939,
          -0.357671,
          0.624959,
          1.716095
        ],
        [
          0.002442,
          -0.869077,
          -0.49467,
          1.315823
        ],
        [
          0.0,
          0.0,
          0.0,
          1.0
        ]
      ]
    },
    {
      "file_path": "/media/NFS/ttao/scannet/posed_images/scene0195_00/00252.jpg",
      "transform_matrix": [
        [
          0.737407,
          -0.331597,
          0.588451,
          3.351377
        ],
        [
          -0.675415,
          -0.353265,
          0.647317,
          1.714715
        ],
        [
          -0.006769,
          -0.874784,
          -0.484465,
          1.326407
        ],
        [
          0.0,
          0.0,
          0.0,
          1.0
        ]
      ]
    },
    {
      "file_path": "/media/NFS/ttao/scannet/posed_images/scene0195_00/00260.jpg",
      "transform_matrix": [
        [
          0.772777,
          -0.279495,
          0.569823,
          3.339172
        ],
        [
          -0.63467,
          -0.335939,
          0.695945,
          1.701375
        ],
        [
          -0.003087,
          -0.89946,
          -0.436993,
          1.356288
        ],
        [
          0.0,
          0.0,
          0.0,
          1.0
        ]
      ]
    },
    {
      "file_path": "/media/NFS/ttao/scannet/posed_images/scene0195_00/00263.jpg",
      "transform_matrix": [
        [
          0.777977,
          -0.269344,
          0.567632,
          3.340442
        ],
        [
          -0.628289,
          -0.330266,
          0.704398,
          1.693606
        ],
        [
          -0.002255,
          -0.904643,
          -0.426165,
          1.364129
        ],
        [
          0.0,
          0.0,
          0.0,
          1.0
        ]
      ]
    },
    {
      "file_path": "/media/NFS/ttao/scannet/posed_images/scene0195_00/00266.jpg",
      "transform_matrix": [
        [
          0.776592,
          -0.275943,
          0.566356,
          3.348247
        ],
        [
          -0.629986,
          -0.333586,
          0.701311,
          1.680664
        ],
        [
          -0.004594,
          -0.90143,
          -0.4329,
          1.361797
        ],
        [
          0.0,
          0.0,
          0.0,
          1.0
        ]
      ]
    },
    {
      "file_path": "/media/NFS/ttao/scannet/posed_images/scene0195_00/00274.jpg",
      "transform_matrix": [
        [
          0.745343,
          -0.315046,
          0.587546,
          3.392038
        ],
        [
          -0.666668,
          -0.346643,
          0.659843,
          1.641698
        ],
        [
          -0.004213,
          -0.883507,
          -0.468399,
          1.331925
        ],
        [
          0.0,
          0.0,
          0.0,
          1.0
        ]
      ]
    },
    {
      "file_path": "/media/NFS/ttao/scannet/posed_images/scene0195_00/00277.jpg",
      "transform_matrix": [
        [
          0.721725,
          -0.333557,
          0.606508,
          3.417485
        ],
        [
          -0.692175,
          -0.344662,
          0.634115,
          1.625883
        ],
        [
          -0.002474,
          -0.877467,
          -0.479631,
          1.324383
        ],
        [
          0.0,
          0.0,
          0.0,
          1.0
        ]
      ]
    },
    {
      "file_path": "/media/NFS/ttao/scannet/posed_images/scene0195_00/00282.jpg",
      "transform_matrix": [
        [
          0.683841,
          -0.362017,
          0.633487,
          3.465163
        ],
        [
          -0.729616,
          -0.333648,
          0.596942,
          1.596012
        ],
        [
          -0.004742,
          -0.870415,
          -0.492296,
          1.31619
        ],
        [
          0.0,
          0.0,
          0.0,
          1.0
        ]
      ]
    },
    {
      "file_path": "/media/NFS/ttao/scannet/posed_images/scene0195_00/00289.jpg",
      "transform_matrix": [
        [
          0.631743,
          -0.438697,
          0.639097,
          3.489829
        ],
        [
          -0.775036,
          -0.341686,
          0.531573,
          1.559928
        ],
        [
          -0.014829,
          -0.831141,
          -0.555864,
          1.283013
        ],
        [
          0.0,
          0.0,
          0.0,
          1.0
        ]
      ]
    },
    {
      "file_path": "/media/NFS/ttao/scannet/posed_images/scene0195_00/00297.jpg",
      "transform_matrix": [
        [
          0.624738,
          -0.497892,
          0.601503,
          3.469542
        ],
        [
          -0.779774,
          -0.357684,
          0.513824,
          1.54643
        ],
        [
          -0.040681,
          -0.790042,
          -0.611702,
          1.254245
        ],
        [
          0.0,
          0.0,
          0.0,
          1.0
        ]
      ]
    },
    {
      "file_path": "/media/NFS/ttao/scannet/posed_images/scene0195_00/00300.jpg",
      "transform_matrix": [
        [
          0.624655,
          -0.499188,
          0.600514,
          3.449164
        ],
        [
          -0.779885,
          -0.359584,
          0.512327,
          1.549829
        ],
        [
          -0.039812,
          -0.788359,
          -0.613926,
          1.251066
        ],
        [
          0.0,
          0.0,
          0.0,
          1.0
        ]
      ]
    },
    {
      "file_path": "/media/NFS/ttao/scannet/posed_images/scene0195_00/00308.jpg",
      "transform_matrix": [
        [
          0.593437,
          -0.518969,
          0.615227,
          3.394047
        ],
        [
          -0.804689,
          -0.365857,
          0.467573,
          1.555126
        ],
        [
          -0.017571,
          -0.772541,
          -0.634721,
          1.22471
        ],
        [
          0.0,
          0.0,
          0.0,
          1.0
        ]
      ]
    },
    {
      "file_path": "/media/NFS/ttao/scannet/posed_images/scene0195_00/00313.jpg",
      "transform_matrix": [
        [
          0.585059,
          -0.543579,
          0.601854,
          3.373232
        ],
        [
          -0.810989,
          -0.390841,
          0.435361,
          1.550959
        ],
        [
          -0.001424,
          -0.742809,
          -0.669502,
          1.204306
        ],
        [
          0.0,
          0.0,
          0.0,
          1.0
        ]
      ]
    },
    {
      "file_path": "/media/NFS/ttao/scannet/posed_images/scene0195_00/00314.jpg",
      "transform_matrix": [
        [
          0.586856,
          -0.548338,
          0.595757,
          3.369989
        ],
        [
          -0.80969,
          -0.395959,
          0.433149,
          1.546432
        ],
        [
          -0.001617,
          -0.736574,
          -0.676355,
          1.200977
        ],
        [
          0.0,
          0.0,
          0.0,
          1.0
        ]
      ]
    },
    {
      "file_path": "/media/NFS/ttao/scannet/posed_images/scene0195_00/00319.jpg",
      "transform_matrix": [
        [
          0.614399,
          -0.54674,
          0.568849,
          3.345277
        ],
        [
          -0.78899,
          -0.428307,
          0.440508,
          1.523367
        ],
        [
          0.002799,
          -0.719465,
          -0.694524,
          1.193459
        ],
        [
          0.0,
          0.0,
          0.0,
          1.0
        ]
      ]
    },
    {
      "file_path": "/media/NFS/ttao/scannet/posed_images/scene0195_00/00329.jpg",
      "transform_matrix": [
        [
          0.677979,
          -0.488038,
          0.549694,
          3.292084
        ],
        [
          -0.734934,
          -0.465007,
          0.493599,
          1.396004
        ],
        [
          0.014717,
          -0.738639,
          -0.673941,
          1.193712
        ],
        [
          0.0,
          0.0,
          0.0,
          1.0
        ]
      ]
    },
    {
      "file_path": "/media/NFS/ttao/scannet/posed_images/scene0195_00/00330.jpg",
      "transform_matrix": [
        [
          0.67676,
          -0.48755,
          0.551626,
          3.284719
        ],
        [
          -0.73606,
          -0.462892,
          0.493909,
          1.385198
        ],
        [
          0.014538,
          -0.740288,
          -0.672133,
          1.19272
        ],
        [
          0.0,
          0.0,
          0.0,
          1.0
        ]
      ]
    },
    {
      "file_path": "/media/NFS/ttao/scannet/posed_images/scene0195_00/00337.jpg",
      "transform_matrix": [
        [
          0.6647,
          -0.495118,
          0.559492,
          3.262487
        ],
        [
          -0.74708,
          -0.447172,
          0.491842,
          1.318397
        ],
        [
          0.006669,
          -0.744913,
          -0.667128,
          1.201017
        ],
        [
          0.0,
          0.0,
          0.0,
          1.0
        ]
      ]
    },
    {
      "file_path": "/media/NFS/ttao/scannet/posed_images/scene0195_00/00345.jpg",
      "transform_matrix": [
        [
          0.626045,
          -0.502732,
          0.596095,
          3.270976
        ],
        [
          -0.779671,
          -0.416712,
          0.467401,
          1.268311
        ],
        [
          0.013422,
          -0.757372,
          -0.652846,
          1.213388
        ],
        [
          0.0,
          0.0,
          0.0,
          1.0
        ]
      ]
    },
    {
      "file_path": "/media/NFS/ttao/scannet/posed_images/scene0195_00/00346.jpg",
      "transform_matrix": [
        [
          0.620296,
          -0.504364,
          0.600707,
          3.272304
        ],
        [
          -0.784262,
          -0.411379,
          0.464436,
          1.262151
        ],
        [
          0.012873,
          -0.7592,
          -0.65073,
          1.215077
        ],
        [
          0.0,
          0.0,
          0.0,
          1.0
        ]
      ]
    },
    {
      "file_path": "/media/NFS/ttao/scannet/posed_images/scene0195_00/00354.jpg",
      "transform_matrix": [
        [
          0.56942,
          -0.511613,
          0.643439,
          3.287929
        ],
        [
          -0.821917,
          -0.340445,
          0.456672,
          1.251253
        ],
        [
          -0.014583,
          -0.788892,
          -0.614359,
          1.2451
        ],
        [
          0.0,
          0.0,
          0.0,
          1.0
        ]
      ]
    },
    {
      "file_path": "/media/NFS/ttao/scannet/posed_images/scene0195_00/00361.jpg",
      "transform_matrix": [
        [
          0.544299,
          -0.496848,
          0.675929,
          3.299389
        ],
        [
          -0.838228,
          -0.29008,
          0.461766,
          1.235961
        ],
        [
          -0.033354,
          -0.817921,
          -0.574362,
          1.25754
        ],
        [
          0.0,
          0.0,
          0.0,
          1.0
        ]
      ]
    },
    {
      "file_path": "/media/NFS/ttao/scannet/posed_images/scene0195_00/00364.jpg",
      "transform_matrix": [
        [
          0.526386,
          -0.501863,
          0.686332,
          3.304717
        ],
        [
          -0.849647,
          -0.280204,
          0.446749,
          1.224744
        ],
        [
          -0.031894,
          -0.818303,
          -0.573902,
          1.253283
        ],
        [
          0.0,
          0.0,
          0.0,
          1.0
        ]
      ]
    },
    {
      "file_path": "/media/NFS/ttao/scannet/posed_images/scene0195_00/00367.jpg",
      "transform_matrix": [
        [
          0.501942,
          -0.512124,
          0.696981,
          3.306496
        ],
        [
          -0.864347,
          -0.268194,
          0.425412,
          1.212646
        ],
        [
          -0.030937,
          -0.815966,
          -0.577271,
          1.24546
        ],
        [
          0.0,
          0.0,
          0.0,
          1.0
        ]
      ]
    },
    {
      "file_path": "/media/NFS/ttao/scannet/posed_images/scene0195_00/00377.jpg",
      "transform_matrix": [
        [
          0.423066,
          -0.555261,
          0.716031,
          3.312228
        ],
        [
          -0.905797,
          -0.238794,
          0.350012,
          1.171574
        ],
        [
          -0.023364,
          -0.796657,
          -0.60398,
          1.211025
        ],
        [
          0.0,
          0.0,
          0.0,
          1.0
        ]
      ]
    },
    {
      "file_path": "/media/NFS/ttao/scannet/posed_images/scene0195_00/00382.jpg",
      "transform_matrix": [
        [
          0.388968,
          -0.577799,
          0.717532,
          3.318726
        ],
        [
          -0.920908,
          -0.222597,
          0.319968,
          1.159375
        ],
        [
          -0.025157,
          -0.785238,
          -0.618683,
          1.208754
        ],
        [
          0.0,
          0.0,
          0.0,
          1.0
        ]
      ]
    },
    {
      "file_path": "/media/NFS/ttao/scannet/posed_images/scene0195_00/00383.jpg",
      "transform_matrix": [
        [
          0.384101,
          -0.580893,
          0.717656,
          3.31886
        ],
        [
          -0.922928,
          -0.219772,
          0.316075,
          1.156398
        ],
        [
          -0.025885,
          -0.78375,
          -0.620537,
          1.206639
        ],
        [
          0.0,
          0.0,
          0.0,
          1.0
        ]
      ]
    },
    {
      "file_path": "/media/NFS/ttao/scannet/posed_images/scene0195_00/00393.jpg",
      "transform_matrix": [
        [
          0.343533,
          -0.620939,
          0.704571,
          3.332054
        ],
        [
          -0.938375,
          -0.196668,
          0.284207,
          1.152569
        ],
        [
          -0.037908,
          -0.758786,
          -0.650236,
          1.205621
        ],
        [
          0.0,
          0.0,
          0.0,
          1.0
        ]
      ]
    },
    {
      "file_path": "/media/NFS/ttao/scannet/posed_images/scene0195_00/00398.jpg",
      "transform_matrix": [
        [
          0.3166,
          -0.621225,
          0.716829,
          3.347755
        ],
        [
          -0.94801,
          -0.181512,
          0.261402,
          1.147324
        ],
        [
          -0.032277,
          -0.76232,
          -0.646394,
          1.209495
        ],
        [
          0.0,
          0.0,
          0.0,
          1.0
        ]
      ]
    },
    {
      "file_path": "/media/NFS/ttao/scannet/posed_images/scene0195_00/00399.jpg",
      "transform_matrix": [
        [
          0.309139,
          -0.620661,
          0.720565,
          3.351289
        ],
        [
          -0.950547,
          -0.177833,
          0.254629,
          1.144785
        ],
        [
          -0.029898,
          -0.763646,
          -0.644942,
          1.208789
        ],
        [
          0.0,
          0.0,
          0.0,
          1.0
        ]
      ]
    },
    {
      "file_path": "/media/NFS/ttao/scannet/posed_images/scene0195_00/00406.jpg",
      "transform_matrix": [
        [
          0.234194,
          -0.621912,
          0.747248,
          3.393238
        ],
        [
          -0.97214,
          -0.141978,
          0.186513,
          1.14012
        ],
        [
          -0.009902,
          -0.770109,
          -0.637835,
          1.218811
        ],
        [
          0.0,
          0.0,
          0.0,
          1.0
        ]
      ]
    },
    {
      "file_path": "/media/NFS/ttao/scannet/posed_images/scene0195_00/00414.jpg",
      "transform_matrix": [
        [
          0.147922,
          -0.601544,
          0.785025,
          3.441024
        ],
        [
          -0.988986,
          -0.09402,
          0.11431,
          1.19292
        ],
        [
          0.005046,
          -0.793287,
          -0.608827,
          1.237529
