{
  "frames": [
    {
      "file_path": "/media/NFS/ttao/scannet/posed_images/scene0394_01/00000.jpg",
      "transform_matrix": [
        [
          0.004305,
          -0.457613,
          0.889141,
          1.93275
        ],
        [
          -0.996113,
          -0.080189,
          -0.036448,
          1.075695
        ],
        [
          0.087978,
          -0.885529,
          -0.456179,
          1.454811
        ],
        [
          0.0,
          0.0,
          0.0,
          1.0
        ]
      ]
    },
    {
      "file_path": "/media/NFS/ttao/scannet/posed_images/scene0394_01/00007.jpg",
      "transform_matrix": [
        [
          -0.006123,
          -0.45459,
          0.89068,
          2.009379
        ],
        [
          -0.996588,
          -0.070539,
          -0.042853,
          1.057228
        ],
        [
          0.082309,
          -0.887903,
          -0.452607,
          1.450186
        ],
        [
          0.0,
          0.0,
          0.0,
          1.0
        ]
      ]
    },
    {
      "file_path": "/media/NFS/ttao/scannet/posed_images/scene0394_01/00012.jpg",
      "transform_matrix": [
        [
          0.002212,
          -0.455289,
          0.890341,
          2.05257
        ],
        [
          -0.995906,
          -0.08146,
          -0.039182,
          1.070149
        ],
        [
          0.090366,
          -0.88661,
          -0.453605,
          1.448844
        ],
        [
          0.0,
          0.0,
          0.0,
          1.0
        ]
      ]
    },
    {
      "file_path": "/media/NFS/ttao/scannet/posed_images/scene0394_01/00021.jpg",
      "transform_matrix": [
        [
          0.078552,
          -0.454316,
          0.887371,
          2.131351
        ],
        [
          -0.994528,
          -0.097206,
          0.03827,
          1.088306
        ],
        [
          0.068871,
          -0.885522,
          -0.459466,
          1.455578
        ],
        [
          0.0,
          0.0,
          0.0,
          1.0
        ]
      ]
    },
    {
      "file_path": "/media/NFS/ttao/scannet/posed_images/scene0394_01/00023.jpg",
      "transform_matrix": [
        [
          0.103912,
          -0.453877,
          0.884985,
          2.150282
        ],
        [
          -0.992877,
          -0.099488,
          0.065556,
          1.087685
        ],
        [
          0.058291,
          -0.885493,
          -0.460982,
          1.456556
        ],
        [
          0.0,
          0.0,
          0.0,
          1.0
        ]
      ]
    },
    {
      "file_path": "/media/NFS/ttao/scannet/posed_images/scene0394_01/00028.jpg",
      "transform_matrix": [
        [
          0.16477,
          -0.435283,
          0.885088,
          2.20323
        ],
        [
          -0.985636,
          -0.106369,
          0.131176,
          1.08267
        ],
        [
          0.037048,
          -0.893988,
          -0.446557,
          1.45461
        ],
        [
          0.0,
          0.0,
          0.0,
          1.0
        ]
      ]
    },
    {
      "file_path": "/media/NFS/ttao/scannet/posed_images/scene0394_01/00036.jpg",
      "transform_matrix": [
        [
          0.254046,
          -0.360541,
          0.89748,
          2.293265
        ],
        [
          -0.963907,
          -0.1708,
          0.204234,
          1.03797
        ],
        [
          0.079655,
          -0.916972,
          -0.390919,
          1.461805
        ],
        [
          0.0,
          0.0,
          0.0,
          1.0
        ]
      ]
    },
    {
      "file_path": "/media/NFS/ttao/scannet/posed_images/scene0394_01/00044.jpg",
      "transform_matrix": [
        [
          0.333574,
          -0.294656,
          0.895492,
          2.381334
        ],
        [
          -0.938429,
          -0.194359,
          0.285615,
          1.021115
        ],
        [
          0.089889,
          -0.93563,
          -0.341347,
          1.470878
        ],
        [
          0.0,
          0.0,
          0.0,
          1.0
        ]
      ]
    },
    {
      "file_path": "/media/NFS/ttao/scannet/posed_images/scene0394_01/00046.jpg",
      "transform_matrix": [
        [
          0.349694,
          -0.287544,
          0.891646,
          2.40226
        ],
        [
          -0.932955,
          -0.193738,
          0.303416,
          1.021335
        ],
        [
          0.0855,
          -0.937968,
          -0.336014,
          1.477742
        ],
        [
          0.0,
          0.0,
          0.0,
          1.0
        ]
      ]
    },
    {
      "file_path": "/media/NFS/ttao/scannet/posed_images/scene0394_01/00053.jpg",
      "transform_matrix": [
        [
          0.386614,
          -0.255109,
          0.886256,
          2.468307
        ],
        [
          -0.920631,
          -0.163523,
          0.35454,
          1.030694
        ],
        [
          0.054477,
          -0.952985,
          -0.298082,
          1.495909
        ],
        [
          0.0,
          0.0,
          0.0,
          1.0
        ]
      ]
    },
    {
      "file_path": "/media/NFS/ttao/scannet/posed_images/scene0394_01/00062.jpg",
      "transform_matrix": [
        [
          0.427955,
          -0.185262,
          0.884609,
          2.541214
        ],
        [
          -0.903665,
          -0.104673,
          0.415252,
          1.092238
        ],
        [
          0.015664,
          -0.977099,
          -0.21221,
          1.495298
        ],
        [
          0.0,
          0.0,
          0.0,
          1.0
        ]
      ]
    },
    {
      "file_path": "/media/NFS/ttao/scannet/posed_images/scene0394_01/00067.jpg",
      "transform_matrix": [
        [
          0.469844,
          -0.145232,
          0.87072,
          2.578323
        ],
        [
          -0.882637,
          -0.093017,
          0.46076,
          1.122934
        ],
        [
          0.014075,
          -0.985016,
          -0.17189,
          1.501595
        ],
        [
          0.0,
          0.0,
          0.0,
          1.0
        ]
      ]
    },
    {
      "file_path": "/media/NFS/ttao/scannet/posed_images/scene0394_01/00069.jpg",
      "transform_matrix": [
        [
          0.478154,
          -0.148861,
          0.865569,
          2.594525
        ],
        [
          -0.87826,
          -0.087021,
          0.470199,
          1.139131
        ],
        [
          0.005329,
          -0.985022,
          -0.172348,
          1.505574
        ],
        [
          0.0,
          0.0,
          0.0,
          1.0
        ]
      ]
    },
    {
      "file_path": "/media/NFS/ttao/scannet/posed_images/scene0394_01/00078.jpg",
      "transform_matrix": [
        [
          0.525926,
          -0.1268,
          0.841025,
          2.653865
        ],
        [
          -0.850499,
          -0.069966,
          0.521302,
          1.190735
        ],
        [
          -0.007258,
          -0.989458,
          -0.144641,
          1.509333
        ],
        [
          0.0,
          0.0,
          0.0,
          1.0
        ]
      ]
    },
    {
      "file_path": "/media/NFS/ttao/scannet/posed_images/scene0394_01/00083.jpg",
      "transform_matrix": [
        [
          0.561529,
          -0.120418,
          0.818648,
          2.690001
        ],
        [
          -0.827422,
          -0.072649,
          0.556862,
          1.201303
        ],
        [
          -0.007583,
          -0.990062,
          -0.140431,
          1.503777
        ],
        [
          0.0,
          0.0,
          0.0,
          1.0
        ]
      ]
    },
    {
      "file_path": "/media/NFS/ttao/scannet/posed_images/scene0394_01/00087.jpg",
      "transform_matrix": [
        [
          0.59693,
          -0.103386,
          0.795604,
          2.736727
        ],
        [
          -0.802274,
          -0.06992,
          0.592848,
          1.212122
        ],
        [
          -0.005663,
          -0.992181,
          -0.124681,
          1.504721
        ],
        [
          0.0,
          0.0,
          0.0,
          1.0
        ]
      ]
    },
    {
      "file_path": "/media/NFS/ttao/scannet/posed_images/scene0394_01/00094.jpg",
      "transform_matrix": [
        [
          0.645201,
          -0.086317,
          0.759121,
          2.803365
        ],
        [
          -0.763964,
          -0.061693,
          0.642303,
          1.22396
        ],
        [
          -0.00861,
          -0.994356,
          -0.105748,
          1.514838
        ],
        [
          0.0,
          0.0,
          0.0,
          1.0
        ]
      ]
    },
    {
      "file_path": "/media/NFS/ttao/scannet/posed_images/scene0394_01/00099.jpg",
      "transform_matrix": [
        [
          0.689849,
          -0.076887,
          0.719859,
          2.83741
        ],
        [
          -0.723933,
          -0.065828,
          0.686723,
          1.236513
        ],
        [
          -0.005413,
          -0.994865,
          -0.101072,
          1.518857
        ],
        [
          0.0,
          0.0,
          0.0,
          1.0
        ]
      ]
    },
    {
      "file_path": "/media/NFS/ttao/scannet/posed_images/scene0394_01/00105.jpg",
      "transform_matrix": [
        [
          0.762994,
          -0.078041,
          0.641677,
          2.868638
        ],
        [
          -0.646332,
          -0.077152,
          0.759145,
          1.291031
        ],
        [
          -0.009737,
          -0.99396,
          -0.109307,
          1.523466
        ],
        [
          0.0,
          0.0,
          0.0,
          1.0
        ]
      ]
    },
    {
      "file_path": "/media/NFS/ttao/scannet/posed_images/scene0394_01/00115.jpg",
      "transform_matrix": [
        [
          0.846931,
          -0.086905,
          0.524553,
          2.897031
        ],
        [
          -0.530857,
          -0.082562,
          0.84343,
          1.339668
        ],
        [
          -0.02999,
          -0.99279,
          -0.116058,
          1.538274
        ],
        [
          0.0,
          0.0,
          0.0,
          1.0
        ]
      ]
    },
    {
      "file_path": "/media/NFS/ttao/scannet/posed_images/scene0394_01/00117.jpg",
      "transform_matrix": [
        [
          0.858329,
          -0.086371,
          0.505777,
          2.899899
        ],
        [
          -0.512029,
          -0.080551,
          0.855183,
          1.348326
        ],
        [
          -0.033122,
          -0.993001,
          -0.113364,
          1.539935
        ],
        [
          0.0,
          0.0,
          0.0,
          1.0
        ]
      ]
    },
    {
      "file_path": "/media/NFS/ttao/scannet/posed_images/scene0394_01/00124.jpg",
      "transform_matrix": [
        [
          0.88785,
          -0.07191,
          0.45448,
          2.894605
        ],
        [
          -0.459299,
          -0.079042,
          0.884758,
          1.375903
        ],
        [
          -0.0277,
          -0.994274,
          -0.103206,
          1.537814
        ],
        [
          0.0,
          0.0,
          0.0,
          1.0
        ]
      ]
    },
    {
      "file_path": "/media/NFS/ttao/scannet/posed_images/scene0394_01/00133.jpg",
      "transform_matrix": [
        [
          0.934088,
          -0.072153,
          0.349677,
          2.88235
        ],
        [
          -0.354396,
          -0.068304,
          0.932598,
          1.403657
        ],
        [
          -0.043406,
          -0.995052,
          -0.089373,
          1.524822
        ],
        [
          0.0,
          0.0,
          0.0,
          1.0
        ]
      ]
    },
    {
      "file_path": "/media/NFS/ttao/scannet/posed_images/scene0394_01/00139.jpg",
      "transform_matrix": [
        [
          0.957761,
          -0.074646,
          0.27771,
          2.894462
        ],
        [
          -0.282676,
          -0.067019,
          0.956872,
          1.412216
        ],
        [
          -0.052815,
          -0.994956,
          -0.085288,
          1.525733
        ],
        [
          0.0,
          0.0,
          0.0,
          1.0
        ]
      ]
    },
    {
      "file_path": "/media/NFS/ttao/scannet/posed_images/scene0394_01/00144.jpg",
      "transform_matrix": [
        [
          0.965461,
          -0.080265,
          0.247875,
          2.898635
        ],
        [
          -0.252934,
          -0.060435,
          0.965594,
          1.40973
        ],
        [
          -0.062523,
          -0.99494,
          -0.07865,
          1.530804
        ],
        [
          0.0,
          0.0,
          0.0,
          1.0
        ]
      ]
    },
    {
      "file_path": "/media/NFS/ttao/scannet/posed_images/scene0394_01/00147.jpg",
      "transform_matrix": [
        [
          0.97019,
          -0.080188,
          0.228696,
          2.886982
        ],
        [
          -0.233662,
          -0.059152,
          0.970517,
          1.412565
        ],
        [
          -0.064296,
          -0.995023,
          -0.076125,
          1.52645
        ],
        [
          0.0,
          0.0,
          0.0,
          1.0
        ]
      ]
    },
    {
      "file_path": "/media/NFS/ttao/scannet/posed_images/scene0394_01/00155.jpg",
      "transform_matrix": [
        [
          0.989909,
          -0.076888,
          0.119035,
          2.90869
        ],
        [
          -0.126852,
          -0.106382,
          0.986201,
          1.411567
        ],
        [
          -0.063164,
          -0.991348,
          -0.115062,
          1.531291
        ],
        [
          0.0,
          0.0,
          0.0,
          1.0
        ]
      ]
    },
    {
      "file_path": "/media/NFS/ttao/scannet/posed_images/scene0394_01/00163.jpg",
      "transform_matrix": [
        [
          0.997483,
          -0.070726,
          0.00509,
          2.894354
        ],
        [
          -0.015801,
          -0.151719,
          0.988297,
          1.411936
        ],
        [
          -0.069126,
          -0.98589,
          -0.152455,
          1.529764
        ],
        [
          0.0,
          0.0,
          0.0,
          1.0
        ]
      ]
    },
    {
      "file_path": "/media/NFS/ttao/scannet/posed_images/scene0394_01/00169.jpg",
      "transform_matrix": [
        [
          0.996072,
          -0.052874,
          -0.071032,
          2.912271
        ],
        [
          0.057859,
          -0.218619,
          0.974094,
          1.410351
        ],
        [
          -0.067033,
          -0.974377,
          -0.214701,
          1.527082
        ],
        [
          0.0,
          0.0,
          0.0,
          1.0
        ]
      ]
    },
    {
      "file_path": "/media/NFS/ttao/scannet/posed_images/scene0394_01/00170.jpg",
      "transform_matrix": [
        [
          0.99586,
          -0.0557,
          -0.071843,
          2.905038
        ],
        [
          0.056859,
          -0.234988,
          0.970334,
          1.406407
        ],
        [
          -0.07093,
          -0.970401,
          -0.230848,
          1.542308
        ],
        [
          0.0,
          0.0,
          0.0,
          1.0
        ]
      ]
    },
    {
      "file_path": "/media/NFS/ttao/scannet/posed_images/scene0394_01/00176.jpg",
      "transform_matrix": [
        [
          0.994565,
          -0.035811,
          -0.097766,
          2.910484
        ],
        [
          0.083606,
          -0.284944,
          0.954891,
          1.399027
        ],
        [
          -0.062054,
          -0.957875,
          -0.280401,
          1.526313
        ],
        [
          0.0,
          0.0,
          0.0,
          1.0
        ]
      ]
    },
    {
      "file_path": "/media/NFS/ttao/scannet/posed_images/scene0394_01/00186.jpg",
      "transform_matrix": [
        [
          0.987146,
          -0.021998,
          -0.158301,
          2.917302
        ],
        [
          0.138961,
          -0.371139,
          0.918121,
          1.369024
        ],
        [
          -0.078949,
          -0.928317,
          -0.363312,
          1.513631
        ],
        [
          0.0,
          0.0,
          0.0,
          1.0
        ]
      ]
    },
    {
      "file_path": "/media/NFS/ttao/scannet/posed_images/scene0394_01/00188.jpg",
      "transform_matrix": [
        [
          0.985681,
          -0.017939,
          -0.167668,
          2.918204
        ],
        [
          0.148357,
          -0.380377,
          0.912855,
          1.362998
        ],
        [
          -0.080153,
          -0.924658,
          -0.372269,
          1.505662
        ],
        [
          0.0,
          0.0,
          0.0,
          1.0
        ]
      ]
    },
    {
      "file_path": "/media/NFS/ttao/scannet/posed_images/scene0394_01/00194.jpg",
      "transform_matrix": [
        [
          0.98211,
          -0.00616,
          -0.188209,
          2.913904
        ],
        [
          0.167781,
          -0.425167,
          0.889428,
          1.340926
        ],
        [
          -0.085499,
          -0.905094,
          -0.416527,
          1.494243
        ],
        [
          0.0,
          0.0,
          0.0,
          1.0
        ]
      ]
    },
    {
      "file_path": "/media/NFS/ttao/scannet/posed_images/scene0394_01/00201.jpg",
      "transform_matrix": [
        [
          0.978624,
          0.012293,
          -0.205292,
          2.916511
        ],
        [
          0.18574,
          -0.481402,
          0.856594,
          1.317656
        ],
        [
          -0.088298,
          -0.876414,
          -0.473395,
          1.486589
        ],
        [
          0.0,
          0.0,
          0.0,
          1.0
        ]
      ]
    },
    {
      "file_path": "/media/NFS/ttao/scannet/posed_images/scene0394_01/00210.jpg",
      "transform_matrix": [
        [
          0.979689,
          0.03196,
          -0.197958,
          2.920619
        ],
        [
          0.185891,
          -0.514925,
          0.836837,
          1.296938
        ],
        [
          -0.075189,
          -0.856639,
          -0.510408,
          1.481269
        ],
        [
          0.0,
          0.0,
          0.0,
          1.0
        ]
      ]
    },
    {
      "file_path": "/media/NFS/ttao/scannet/posed_images/scene0394_01/00215.jpg",
      "transform_matrix": [
        [
          0.979647,
          0.031032,
          -0.198315,
          2.919352
        ],
        [
          0.185001,
          -0.522937,
          0.832053,
          1.279501
        ],
        [
          -0.077886,
          -0.851807,
          -0.518034,
          1.483614
        ],
        [
          0.0,
          0.0,
          0.0,
          1.0
        ]
      ]
    },
    {
      "file_path": "/media/NFS/ttao/scannet/posed_images/scene0394_01/00220.jpg",
      "transform_matrix": [
        [
          0.979812,
          0.029422,
          -0.197744,
          2.903399
        ],
        [
          0.18465,
          -0.512327,
          0.838705,
          1.247409
        ],
        [
          -0.076634,
          -0.858286,
          -0.507417,
          1.487131
        ],
        [
          0.0,
          0.0,
          0.0,
          1.0
        ]
      ]
    },
    {
      "file_path": "/media/NFS/ttao/scannet/posed_images/scene0394_01/00227.jpg",
      "transform_matrix": [
        [
          0.982547,
          0.029687,
          -0.183632,
          2.878104
        ],
        [
          0.172151,
          -0.519112,
          0.83719,
          1.194638
        ],
        [
          -0.070472,
          -0.854191,
          -0.515162,
          1.490478
        ],
        [
          0.0,
          0.0,
          0.0,
          1.0
        ]
      ]
    },
    {
      "file_path": "/media/NFS/ttao/scannet/posed_images/scene0394_01/00229.jpg",
      "transform_matrix": [
        [
          0.982843,
          0.032184,
          -0.181612,
          2.868357
        ],
        [
          0.171921,
          -0.516471,
          0.838869,
          1.175461
        ],
        [
          -0.066799,
          -0.8557,
          -0.513143,
          1.492108
        ],
        [
          0.0,
          0.0,
          0.0,
          1.0
        ]
      ]
    },
    {
      "file_path": "/media/NFS/ttao/scannet/posed_images/scene0394_01/00240.jpg",
      "transform_matrix": [
        [
          0.989342,
          -0.007968,
          -0.145393,
          2.823575
        ],
        [
          0.122834,
          -0.490536,
          0.86272,
          1.058229
        ],
        [
          -0.078195,
          -0.871385,
          -0.484329,
          1.507008
        ],
        [
          0.0,
          0.0,
          0.0,
          1.0
        ]
      ]
    },
    {
      "file_path": "/media/NFS/ttao/scannet/posed_images/scene0394_01/00243.jpg",
      "transform_matrix": [
        [
          0.989144,
          -0.010932,
          -0.146542,
          2.821979
        ],
        [
          0.123395,
          -0.479735,
          0.868693,
          1.026158
        ],
        [
          -0.079798,
          -0.877346,
          -0.473178,
          1.506649
        ],
        [
          0.0,
          0.0,
          0.0,
          1.0
        ]
      ]
    },
    {
      "file_path": "/media/NFS/ttao/scannet/posed_images/scene0394_01/00250.jpg",
      "transform_matrix": [
        [
          0.977504,
          0.002374,
          -0.210903,
          2.804837
        ],
        [
          0.189747,
          -0.44652,
          0.874423,
          0.965781
        ],
        [
          -0.092096,
          -0.894771,
          -0.436926,
          1.512971
        ],
        [
          0.0,
          0.0,
          0.0,
          1.0
        ]
      ]
    },
    {
      "file_path": "/media/NFS/ttao/scannet/posed_images/scene0394_01/00258.jpg",
      "transform_matrix": [
        [
          0.937904,
          0.040638,
          -0.344506,
          2.819744
        ],
        [
          0.331858,
          -0.394334,
          0.856955,
          0.948008
        ],
        [
          -0.101026,
          -0.918068,
          -0.383333,
          1.534827
        ],
        [
          0.0,
          0.0,
          0.0,
          1.0
        ]
      ]
    },
    {
      "file_path": "/media/NFS/ttao/scannet/posed_images/scene0394_01/00261.jpg",
      "transform_matrix": [
        [
          0.917753,
          0.046427,
          -0.394429,
          2.807752
        ],
        [
          0.381992,
          -0.374969,
          0.844678,
          0.94017
        ],
        [
          -0.108682,
          -0.925874,
          -0.361863,
          1.541068
        ],
        [
          0.0,
          0.0,
          0.0,
          1.0
        ]
      ]
    },
    {
      "file_path": "/media/NFS/ttao/scannet/posed_images/scene0394_01/00270.jpg",
      "transform_matrix": [
        [
          0.868137,
          0.040703,
          -0.494652,
          2.837566
        ],
        [
          0.484893,
          -0.282212,
          0.827789,
          0.937972
        ],
        [
          -0.105903,
          -0.958488,
          -0.264736,
          1.558012
        ],
        [
          0.0,
          0.0,
          0.0,
          1.0
        ]
      ]
    },
    {
      "file_path": "/media/NFS/ttao/scannet/posed_images/scene0394_01/00275.jpg",
      "transform_matrix": [
        [
          0.840399,
          0.015109,
          -0.541758,
          2.854717
        ],
        [
          0.528517,
          -0.244176,
          0.813049,
          0.94544
        ],
        [
          -0.119999,
          -0.969613,
          -0.213191,
          1.564785
        ],
        [
          0.0,
          0.0,
          0.0,
          1.0
        ]
      ]
    },
    {
      "file_path": "/media/NFS/ttao/scannet/posed_images/scene0394_01/00279.jpg",
      "transform_matrix": [
        [
          0.828514,
          0.009325,
          -0.559891,
          2.864585
        ],
        [
          0.548483,
          -0.214981,
          0.808053,
          0.946333
        ],
        [
          -0.11283,
          -0.976574,
          -0.18323,
          1.575067
        ],
        [
          0.0,
          0.0,
          0.0,
          1.0
        ]
      ]
    },
    {
      "file_path": "/media/NFS/ttao/scannet/posed_images/scene0394_01/00288.jpg",
      "transform_matrix": [
        [
          0.799031,
          -0.019747,
          -0.600965,
          2.866972
        ],
        [
          0.592111,
          -0.148121,
          0.792127,
          0.939344
        ],
        [
          -0.104658,
          -0.988772,
          -0.10666,
          1.56573
        ],
        [
          0.0,
          0.0,
          0.0,
          1.0
        ]
      ]
    },
    {
      "file_path": "/media/NFS/ttao/scannet/posed_images/scene0394_01/00291.jpg",
      "transform_matrix": [
        [
          0.790668,
          -0.01921,
          -0.611944,
          2.865141
        ],
        [
          0.603553,
          -0.143369,
          0.784327,
          0.936431
        ],
        [
          -0.102801,
          -0.989483,
          -0.101763,
          1.578117
        ],
        [
          0.0,
          0.0,
          0.0,
          1.0
        ]
      ]
    },
    {
      "file_path": "/media/NFS/ttao/scannet/posed_images/scene0394_01/00297.jpg",
      "transform_matrix": [
        [
          0.768263,
          -0.034529,
          -0.639202,
          2.863338
        ],
        [
          0.632625,
          -0.111548,
          0.766383,
          0.940253
        ],
        [
          -0.097764,
          -0.993159,
          -0.063854,
          1.577738
        ],
        [
          0.0,
          0.0,
          0.0,
          1.0
        ]
      ]
    },
    {
      "file_path": "/media/NFS/ttao/scannet/posed_images/scene0394_01/00304.jpg",
      "transform_matrix": [
        [
          0.753407,
          -0.045756,
          -0.655961,
          2.865181
        ],
        [
          0.651651,
          -0.081427,
          0.754136,
          0.950496
        ],
        [
          -0.087919,
          -0.995629,
          -0.03153,
          1.611009
        ],
        [
          0.0,
          0.0,
          0.0,
          1.0
        ]
      ]
    },
    {
      "file_path": "/media/NFS/ttao/scannet/posed_images/scene0394_01/00307.jpg",
      "transform_matrix": [
        [
          0.74958,
          -0.052398,
          -0.659836,
          2.871526
        ],
        [
          0.655849,
          -0.075834,
          0.751073,
          0.957747
        ],
        [
          -0.089392,
          -0.995743,
          -0.022479,
          1.61214
        ],
        [
          0.0,
          0.0,
          0.0,
          1.0
        ]
      ]
    },
    {
      "file_path": "/media/NFS/ttao/scannet/posed_images/scene0394_01/00316.jpg",
      "transform_matrix": [
        [
          0.771769,
          -0.08153,
          -0.630655,
          2.859319
        ],
        [
          0.629163,
          -0.046105,
          0.775904,
          0.943996
        ],
        [
          -0.092336,
          -0.995604,
          0.015713,
          1.633037
        ],
        [
          0.0,
          0.0,
          0.0,
          1.0
        ]
      ]
    },
    {
      "file_path": "/media/NFS/ttao/scannet/posed_images/scene0394_01/00320.jpg",
      "transform_matrix": [
        [
          0.773003,
          -0.083536,
          -0.628878,
          2.857802
        ],
        [
          0.628675,
          -0.032033,
          0.777008,
          0.947276
        ],
        [
          -0.085053,
          -0.99599,
          0.027756,
          1.636445
        ],
        [
          0.0,
          0.0,
          0.0,
          1.0
        ]
      ]
    },
    {
      "file_path": "/media/NFS/ttao/scannet/posed_images/scene0394_01/00325.jpg",
      "transform_matrix": [
        [
          0.777464,
          -0.072785,
          -0.624701,
          2.852525
        ],
        [
          0.621826,
          -0.059883,
          0.780863,
          0.942676
        ],
        [
          -0.094244,
          -0.995548,
          -0.001297,
          1.616101
        ],
        [
          0.0,
          0.0,
          0.0,
          1.0
        ]
      ]
    },
    {
      "file_path": "/media/NFS/ttao/scannet/posed_images/scene0394_01/00330.jpg",
      "transform_matrix": [
        [
          0.780437,
          -0.064941,
          -0.621853,
          2.85468
        ],
        [
          0.614663,
          -0.102438,
          0.78211,
          0.956031
        ],
        [
          -0.114492,
          -0.992618,
          -0.04003,
          1.592408
        ],
        [
          0.0,
          0.0,
          0.0,
          1.0
        ]
      ]
    },
    {
      "file_path": "/media/NFS/ttao/scannet/posed_images/scene0394_01/00341.jpg",
      "transform_matrix": [
        [
          0.78934,
          0.011816,
          -0.613843,
          2.839507
        ],
        [
          0.60756,
          -0.158978,
          0.778201,
          0.973305
        ],
        [
          -0.088392,
          -0.987212,
          -0.132666,
          1.54031
        ],
        [
          0.0,
          0.0,
          0.0,
          1.0
        ]
      ]
    },
    {
      "file_path": "/media/NFS/ttao/scannet/posed_images/scene0394_01/00345.jpg",
      "transform_matrix": [
        [
          0.790688,
          0.021143,
          -0.611854,
          2.835298
        ],
        [
          0.604409,
          -0.186088,
          0.774637,
          0.976893
        ],
        [
          -0.097481,
          -0.982306,
          -0.159916,
          1.53888
        ],
        [
          0.0,
          0.0,
          0.0,
          1.0
        ]
      ]
    },
    {
      "file_path": "/media/NFS/ttao/scannet/posed_images/scene0394_01/00348.jpg",
      "transform_matrix": [
        [
          0.790768,
          0.024878,
          -0.61161,
          2.832926
        ],
        [
          0.603999,
          -0.193893,
          0.77304,
          0.986058
        ],
        [
          -0.099355,
          -0.980707,
          -0.168351,
          1.536116
        ],
        [
          0.0,
          0.0,
          0.0,
          1.0
        ]
      ]
    },
    {
      "file_path": "/media/NFS/ttao/scannet/posed_images/scene0394_01/00357.jpg",
      "transform_matrix": [
        [
          0.772327,
          0.027271,
          -0.634639,
          2.790726
        ],
        [
          0.626141,
          -0.201038,
          0.753347,
          1.018236
        ],
        [
          -0.107042,
          -0.979204,
          -0.172343,
          1.538134
        ],
        [
          0.0,
          0.0,
          0.0,
          1.0
        ]
      ]
    },
    {
      "file_path": "/media/NFS/ttao/scannet/posed_images/scene0394_01/00364.jpg",
      "transform_matrix": [
        [
          0.804719,
          0.011377,
          -0.593547,
          2.732789
        ],
        [
          0.585957,
          -0.175713,
          0.791062,
          1.056748
        ],
        [
          -0.095294,
          -0.984376,
          -0.148066,
          1.546468
        ],
        [
          0.0,
          0.0,
          0.0,
          1.0
        ]
      ]
    },
    {
      "file_path": "/media/NFS/ttao/scannet/posed_images/scene0394_01/00366.jpg",
      "transform_matrix": [
        [
          0.806605,
          0.002188,
          -0.591087,
          2.711856
        ],
        [
          0.582317,
          -0.1746,
          0.793991,
          1.06032
        ],
        [
          -0.101467,
          -0.984637,
          -0.142107,
          1.537422
        ],
        [
          0.0,
          0.0,
          0.0,
          1.0
        ]
      ]
    },
    {
      "file_path": "/media/NFS/ttao/scannet/posed_images/scene0394_01/00375.jpg",
      "transform_matrix": [
        [
          0.814259,
          -0.002565,
          -0.580496,
          2.635794
        ],
        [
          0.564898,
          -0.226786,
          0.793384,
          1.100334
        ],
        [
          -0.133683,
          -0.973941,
          -0.183214,
          1.540626
        ],
        [
          0.0,
          0.0,
          0.0,
          1.0
        ]
      ]
    },
    {
      "file_path": "/media/NFS/ttao/scannet/posed_images/scene0394_01/00378.jpg",
      "transform_matrix": [
        [
          0.81478,
          0.009013,
          -0.5797,
          2.610126
        ],
        [
          0.566203,
          -0.227416,
          0.792273,
          1.109922
        ],
        [
          -0.124692,
          -0.973756,
          -0.190397,
          1.532094
        ],
        [
          0.0,
          0.0,
          0.0,
          1.0
        ]
      ]
    },
    {
      "file_path": "/media/NFS/ttao/scannet/posed_images/scene0394_01/00387.jpg",
      "transform_matrix": [
        [
          0.770295,
          0.057999,
          -0.635044,
          2.552947
        ],
        [
          0.628771,
          -0.235033,
          0.74122,
          1.176617
        ],
        [
          -0.106266,
          -0.970255,
          -0.217513,
          1.53788
        ],
        [
          0.0,
          0.0,
          0.0,
          1.0
        ]
      ]
    },
    {
      "file_path": "/media/NFS/ttao/scannet/posed_images/scene0394_01/00394.jpg",
      "transform_matrix": [
        [
          0.749829,
          0.047066,
          -0.659956,
          2.514647
        ],
        [
          0.652726,
          -0.215727,
          0.72623,
          1.25639
        ],
        [
          -0.10819,
          -0.975319,
          -0.192479,
          1.54787
        ],
        [
          0.0,
          0.0,
          0.0,
          1.0
        ]
      ]
    },
    {
      "file_path": "/media/NFS/ttao/scannet/posed_images/scene0394_01/00396.jpg",
      "transform_matrix": [
        [
          0.744463,
          0.043862,
          -0.666221,
          2.502288
        ],
        [
          0.657721,
          -0.219741,
          0.720498,
          1.278227
        ],
        [
          -0.114794,
          -0.974572,
          -0.192438,
          1.552087
        ],
        [
          0.0,
          0.0,
          0.0,
          1.0
        ]
      ]
    },
    {
      "file_path": "/media/NFS/ttao/scannet/posed_images/scene0394_01/00403.jpg",
      "transform_matrix": [
        [
          0.710601,
          0.042436,
          -0.702314,
          2.463569
        ],
        [
          0.694441,
          -0.202788,
          0.690383,
          1.33715
        ],
        [
          -0.113124,
          -0.978303,
          -0.173571,
          1.561068
        ],
        [
          0.0,
          0.0,
          0.0,
          1.0
        ]
      ]
    },
    {
      "file_path": "/media/NFS/ttao/scannet/posed_images/scene0394_01/00410.jpg",
      "transform_matrix": [
        [
          0.725965,
          0.050746,
          -0.685857,
          2.38958
        ],
        [
          0.679606,
          -0.20578,
          0.704123,
          1.374377
        ],
        [
          -0.105405,
          -0.977282,
          -0.183876,
          1.564355
        ],
        [
          0.0,
          0.0,
          0.0,
          1.0
        ]
      ]
    },
    {
      "file_path": "/media/NFS/ttao/scannet/posed_images/scene0394_01/00416.jpg",
      "transform_matrix": [
        [
          0.719149,
          0.044927,
          -0.693402,
          2.30996
        ],
        [
          0.686607,
          -0.199248,
          0.699193,
          1.410053
        ],
        [
          -0.106746,
          -0.978919,
          -0.174137,
          1.568898
        ],
        [
          0.0,
          0.0,
          0.0,
          1.0
        ]
      ]
    },
    {
      "file_path": "/media/NFS/ttao/scannet/posed_images/scene0394_01/00419.jpg",
      "transform_matrix": [
        [
          0.725644,
          0.039396,
          -0.686942,
          2.264944
        ],
        [
          0.679124,
          -0.201476,
          0.705831,
          1.421833
        ],
        [
          -0.110596,
          -0.978701,
          -0.172955,
          1.567353
        ],
        [
          0.0,
          0.0,
          0.0,
          1.0
        ]
      ]
    },
    {
      "file_path": "/media/NFS/ttao/scannet/posed_images/scene0394_01/00426.jpg",
      "transform_matrix": [
        [
          0.752314,
          0.046413,
          -0.657168,
          2.185812
        ],
        [
          0.644084,
          -0.261506,
          0.718867,
          1.450401
        ],
        [
          -0.138489,
          -0.964085,
          -0.226628,
          1.568196
        ],
        [
          0.0,
          0.0,
          0.0,
          1.0
        ]
      ]
    },
    {
      "file_path": "/media/NFS/ttao/scannet/posed_images/scene0394_01/00435.jpg",
      "transform_matrix": [
        [
          0.811252,
          0.07322,
          -0.580094,
          2.159759
        ],
        [
          0.571988,
          -0.305114,
          0.761404,
          1.470674
        ],
        [
          -0.121245,
          -0.949497,
          -0.289405,
          1.550033
        ],
        [
          0.0,
          0.0,
          0.0,
          1.0
        ]
      ]
    },
    {
      "file_path": "/media/NFS/ttao/scannet/posed_images/scene0394_01/00440.jpg",
      "transform_matrix": [
        [
          0.824633,
          0.096798,
          -0.557324,
          2.201509
        ],
        [
          0.556491,
          -0.315567,
          0.768593,
          1.477787
        ],
        [
          -0.101475,
          -0.943953,
          -0.314095,
          1.538274
        ],
        [
          0.0,
          0.0,
          0.0,
          1.0
        ]
      ]
    },
    {
      "file_path": "/media/NFS/ttao/scannet/posed_images/scene0394_01/00444.jpg",
      "transform_matrix": [
        [
          0.823043,
          0.102355,
          -0.55868,
          2.246119
        ],
        [
          0.556558,
          -0.341594,
          0.757335,
          1.480107
        ],
        [
          -0.113325,
          -0.934257,
          -0.338113,
          1.532013
        ],
        [
          0.0,
          0.0,
          0.0,
          1.0
        ]
      ]
    },
    {
      "file_path": "/media/NFS/ttao/scannet/posed_images/scene0394_01/00449.jpg",
      "transform_matrix": [
        [
          0.827593,
          0.119696,
          -0.548419,
          2.340091
        ],
        [
          0.549222,
          -0.374484,
          0.747072,
          1.487657
        ],
        [
          -0.115953,
          -0.919475,
          -0.37566,
          1.513565
        ],
        [
          0.0,
          0.0,
          0.0,
          1.0
        ]
      ]
    },
    {
      "file_path": "/media/NFS/ttao/scannet/posed_images/scene0394_01/00455.jpg",
      "transform_matrix": [
        [
          0.844836,
          0.137356,
          -0.517093,
          2.425531
        ],
        [
          0.52618,
          -0.388318,
          0.756534,
          1.498854
        ],
        [
          -0.096882,
          -0.911232,
          -0.400339,
