{
  "frames": [
    {
      "file_path": "/media/NFS/ttao/scannet/posed_images/scene0356_02/00001.jpg",
      "transform_matrix": [
        [
          -0.30295,
          0.334424,
          -0.892403,
          2.948879
        ],
        [
          0.952084,
          0.065016,
          -0.298846,
          3.914402
        ],
        [
          -0.041921,
          -0.940178,
          -0.338096,
          1.498962
        ],
        [
          0.0,
          0.0,
          0.0,
          1.0
        ]
      ]
    },
    {
      "file_path": "/media/NFS/ttao/scannet/posed_images/scene0356_02/00004.jpg",
      "transform_matrix": [
        [
          -0.313945,
          0.314476,
          -0.895848,
          2.940907
        ],
        [
          0.948709,
          0.066855,
          -0.309001,
          3.922853
        ],
        [
          -0.037282,
          -0.946908,
          -0.319335,
          1.511571
        ],
        [
          0.0,
          0.0,
          0.0,
          1.0
        ]
      ]
    },
    {
      "file_path": "/media/NFS/ttao/scannet/posed_images/scene0356_02/00006.jpg",
      "transform_matrix": [
        [
          -0.317058,
          0.314781,
          -0.894644,
          2.93651
        ],
        [
          0.947784,
          0.071006,
          -0.310907,
          3.925233
        ],
        [
          -0.034343,
          -0.946505,
          -0.320857,
          1.511284
        ],
        [
          0.0,
          0.0,
          0.0,
          1.0
        ]
      ]
    },
    {
      "file_path": "/media/NFS/ttao/scannet/posed_images/scene0356_02/00008.jpg",
      "transform_matrix": [
        [
          -0.320056,
          0.312167,
          -0.894492,
          2.934206
        ],
        [
          0.946746,
          0.070338,
          -0.314205,
          3.9244
        ],
        [
          -0.035167,
          -0.94742,
          -0.318055,
          1.515008
        ],
        [
          0.0,
          0.0,
          0.0,
          1.0
        ]
      ]
    },
    {
      "file_path": "/media/NFS/ttao/scannet/posed_images/scene0356_02/00013.jpg",
      "transform_matrix": [
        [
          -0.331498,
          0.267776,
          -0.904657,
          2.929984
        ],
        [
          0.94243,
          0.049279,
          -0.330753,
          3.941949
        ],
        [
          -0.043987,
          -0.96222,
          -0.268697,
          1.521116
        ],
        [
          0.0,
          0.0,
          0.0,
          1.0
        ]
      ]
    },
    {
      "file_path": "/media/NFS/ttao/scannet/posed_images/scene0356_02/00016.jpg",
      "transform_matrix": [
        [
          -0.340587,
          0.256185,
          -0.904638,
          2.92749
        ],
        [
          0.939504,
          0.055367,
          -0.338034,
          3.942605
        ],
        [
          -0.036512,
          -0.965041,
          -0.259545,
          1.527604
        ],
        [
          0.0,
          0.0,
          0.0,
          1.0
        ]
      ]
    },
    {
      "file_path": "/media/NFS/ttao/scannet/posed_images/scene0356_02/00018.jpg",
      "transform_matrix": [
        [
          -0.346508,
          0.252502,
          -0.903424,
          2.923662
        ],
        [
          0.9375,
          0.060346,
          -0.342712,
          3.94563
        ],
        [
          -0.032018,
          -0.965713,
          -0.257631,
          1.530409
        ],
        [
          0.0,
          0.0,
          0.0,
          1.0
        ]
      ]
    },
    {
      "file_path": "/media/NFS/ttao/scannet/posed_images/scene0356_02/00020.jpg",
      "transform_matrix": [
        [
          -0.352788,
          0.243545,
          -0.903453,
          2.922367
        ],
        [
          0.935283,
          0.062838,
          -0.348278,
          3.951056
        ],
        [
          -0.02805,
          -0.967852,
          -0.249952,
          1.513683
        ],
        [
          0.0,
          0.0,
          0.0,
          1.0
        ]
      ]
    },
    {
      "file_path": "/media/NFS/ttao/scannet/posed_images/scene0356_02/00022.jpg",
      "transform_matrix": [
        [
          -0.358025,
          0.247739,
          -0.900247,
          2.917808
        ],
        [
          0.93342,
          0.07083,
          -0.351726,
          3.957044
        ],
        [
          -0.023372,
          -0.966234,
          -0.256604,
          1.507323
        ],
        [
          0.0,
          0.0,
          0.0,
          1.0
        ]
      ]
    },
    {
      "file_path": "/media/NFS/ttao/scannet/posed_images/scene0356_02/00026.jpg",
      "transform_matrix": [
        [
          -0.353233,
          0.266288,
          -0.896837,
          2.902286
        ],
        [
          0.935356,
          0.081732,
          -0.344136,
          3.964076
        ],
        [
          -0.018339,
          -0.960422,
          -0.277944,
          1.501922
        ],
        [
          0.0,
          0.0,
          0.0,
          1.0
        ]
      ]
    },
    {
      "file_path": "/media/NFS/ttao/scannet/posed_images/scene0356_02/00028.jpg",
      "transform_matrix": [
        [
          -0.349903,
          0.273834,
          -0.89587,
          2.893795
        ],
        [
          0.936636,
          0.085132,
          -0.339804,
          3.965578
        ],
        [
          -0.016782,
          -0.958002,
          -0.28627,
          1.49658
        ],
        [
          0.0,
          0.0,
          0.0,
          1.0
        ]
      ]
    },
    {
      "file_path": "/media/NFS/ttao/scannet/posed_images/scene0356_02/00033.jpg",
      "transform_matrix": [
        [
          -0.316894,
          0.310147,
          -0.896319,
          2.876719
        ],
        [
          0.947852,
          0.069695,
          -0.310997,
          3.976376
        ],
        [
          -0.033985,
          -0.948131,
          -0.316059,
          1.455951
        ],
        [
          0.0,
          0.0,
          0.0,
          1.0
        ]
      ]
    },
    {
      "file_path": "/media/NFS/ttao/scannet/posed_images/scene0356_02/00034.jpg",
      "transform_matrix": [
        [
          -0.31762,
          0.321995,
          -0.891873,
          2.871328
        ],
        [
          0.947604,
          0.073935,
          -0.310774,
          3.975409
        ],
        [
          -0.034127,
          -0.94385,
          -0.328607,
          1.454644
        ],
        [
          0.0,
          0.0,
          0.0,
          1.0
        ]
      ]
    },
    {
      "file_path": "/media/NFS/ttao/scannet/posed_images/scene0356_02/00038.jpg",
      "transform_matrix": [
        [
          -0.319115,
          0.354949,
          -0.878736,
          2.854909
        ],
        [
          0.947401,
          0.095577,
          -0.305444,
          3.971732
        ],
        [
          -0.02443,
          -0.929987,
          -0.36678,
          1.43815
        ],
        [
          0.0,
          0.0,
          0.0,
          1.0
        ]
      ]
    },
    {
      "file_path": "/media/NFS/ttao/scannet/posed_images/scene0356_02/00040.jpg",
      "transform_matrix": [
        [
          -0.31084,
          0.359319,
          -0.879925,
          2.845956
        ],
        [
          0.950338,
          0.10254,
          -0.293841,
          3.961744
        ],
        [
          -0.015355,
          -0.927564,
          -0.373348,
          1.44726
        ],
        [
          0.0,
          0.0,
          0.0,
          1.0
        ]
      ]
    },
    {
      "file_path": "/media/NFS/ttao/scannet/posed_images/scene0356_02/00042.jpg",
      "transform_matrix": [
        [
          -0.295632,
          0.354398,
          -0.887133,
          2.837469
        ],
        [
          0.955265,
          0.101492,
          -0.277791,
          3.956124
        ],
        [
          -0.008411,
          -0.929571,
          -0.368548,
          1.439571
        ],
        [
          0.0,
          0.0,
          0.0,
          1.0
        ]
      ]
    },
    {
      "file_path": "/media/NFS/ttao/scannet/posed_images/scene0356_02/00047.jpg",
      "transform_matrix": [
        [
          -0.27782,
          0.343554,
          -0.897099,
          2.826131
        ],
        [
          0.960594,
          0.090903,
          -0.262671,
          3.933689
        ],
        [
          -0.008692,
          -0.934723,
          -0.355271,
          1.429545
        ],
        [
          0.0,
          0.0,
          0.0,
          1.0
        ]
      ]
    },
    {
      "file_path": "/media/NFS/ttao/scannet/posed_images/scene0356_02/00048.jpg",
      "transform_matrix": [
        [
          -0.276252,
          0.348339,
          -0.895737,
          2.821616
        ],
        [
          0.961074,
          0.09553,
          -0.259252,
          3.928074
        ],
        [
          -0.004738,
          -0.932488,
          -0.361169,
          1.43147
        ],
        [
          0.0,
          0.0,
          0.0,
          1.0
        ]
      ]
    },
    {
      "file_path": "/media/NFS/ttao/scannet/posed_images/scene0356_02/00051.jpg",
      "transform_matrix": [
        [
          -0.267464,
          0.366373,
          -0.891198,
          2.824886
        ],
        [
          0.963566,
          0.103567,
          -0.246606,
          3.90142
        ],
        [
          0.001949,
          -0.924686,
          -0.380725,
          1.414164
        ],
        [
          0.0,
          0.0,
          0.0,
          1.0
        ]
      ]
    },
    {
      "file_path": "/media/NFS/ttao/scannet/posed_images/scene0356_02/00055.jpg",
      "transform_matrix": [
        [
          -0.237665,
          0.405406,
          -0.882701,
          2.818085
        ],
        [
          0.970852,
          0.070142,
          -0.229185,
          3.862097
        ],
        [
          -0.030999,
          -0.911442,
          -0.41026,
          1.403288
        ],
        [
          0.0,
          0.0,
          0.0,
          1.0
        ]
      ]
    },
    {
      "file_path": "/media/NFS/ttao/scannet/posed_images/scene0356_02/00058.jpg",
      "transform_matrix": [
        [
          -0.198498,
          0.414823,
          -0.887987,
          2.807146
        ],
        [
          0.979085,
          0.042684,
          -0.198922,
          3.81906
        ],
        [
          -0.044615,
          -0.9089,
          -0.41462,
          1.407853
        ],
        [
          0.0,
          0.0,
          0.0,
          1.0
        ]
      ]
    },
    {
      "file_path": "/media/NFS/ttao/scannet/posed_images/scene0356_02/00061.jpg",
      "transform_matrix": [
        [
          -0.16446,
          0.421004,
          -0.892025,
          2.791724
        ],
        [
          0.985238,
          0.02653,
          -0.169124,
          3.787623
        ],
        [
          -0.047537,
          -0.906671,
          -0.419152,
          1.42816
        ],
        [
          0.0,
          0.0,
          0.0,
          1.0
        ]
      ]
    },
    {
      "file_path": "/media/NFS/ttao/scannet/posed_images/scene0356_02/00062.jpg",
      "transform_matrix": [
        [
          -0.153959,
          0.423928,
          -0.892514,
          2.787099
        ],
        [
          0.986728,
          0.018775,
          -0.161293,
          3.776782
        ],
        [
          -0.051619,
          -0.905501,
          -0.421193,
          1.431259
        ],
        [
          0.0,
          0.0,
          0.0,
          1.0
        ]
      ]
    },
    {
      "file_path": "/media/NFS/ttao/scannet/posed_images/scene0356_02/00065.jpg",
      "transform_matrix": [
        [
          -0.12966,
          0.418444,
          -0.89894,
          2.782108
        ],
        [
          0.989689,
          -0.001025,
          -0.143227,
          3.746502
        ],
        [
          -0.060854,
          -0.908242,
          -0.413997,
          1.433495
        ],
        [
          0.0,
          0.0,
          0.0,
          1.0
        ]
      ]
    },
    {
      "file_path": "/media/NFS/ttao/scannet/posed_images/scene0356_02/00069.jpg",
      "transform_matrix": [
        [
          -0.087487,
          0.416526,
          -0.904904,
          2.775043
        ],
        [
          0.993491,
          -0.030038,
          -0.109878,
          3.711323
        ],
        [
          -0.072948,
          -0.908627,
          -0.411187,
          1.437268
        ],
        [
          0.0,
          0.0,
          0.0,
          1.0
        ]
      ]
    },
    {
      "file_path": "/media/NFS/ttao/scannet/posed_images/scene0356_02/00071.jpg",
      "transform_matrix": [
        [
          -0.07323,
          0.418959,
          -0.905047,
          2.774718
        ],
        [
          0.994249,
          -0.040439,
          -0.099167,
          3.698742
        ],
        [
          -0.078146,
          -0.907104,
          -0.413588,
          1.43845
        ],
        [
          0.0,
          0.0,
          0.0,
          1.0
        ]
      ]
    },
    {
      "file_path": "/media/NFS/ttao/scannet/posed_images/scene0356_02/00074.jpg",
      "transform_matrix": [
        [
          -0.045952,
          0.419764,
          -0.906469,
          2.768688
        ],
        [
          0.996496,
          -0.044223,
          -0.070994,
          3.678915
        ],
        [
          -0.069887,
          -0.906555,
          -0.416261,
          1.437296
        ],
        [
          0.0,
          0.0,
          0.0,
          1.0
        ]
      ]
    },
    {
      "file_path": "/media/NFS/ttao/scannet/posed_images/scene0356_02/00077.jpg",
      "transform_matrix": [
        [
          -0.023352,
          0.424157,
          -0.905287,
          2.759336
        ],
        [
          0.998081,
          -0.042049,
          -0.045447,
          3.663722
        ],
        [
          -0.057343,
          -0.904612,
          -0.422362,
          1.438858
        ],
        [
          0.0,
          0.0,
          0.0,
          1.0
        ]
      ]
    },
    {
      "file_path": "/media/NFS/ttao/scannet/posed_images/scene0356_02/00080.jpg",
      "transform_matrix": [
        [
          -0.001754,
          0.4257,
          -0.904863,
          2.744662
        ],
        [
          0.998968,
          -0.040328,
          -0.020909,
          3.654696
        ],
        [
          -0.045392,
          -0.903966,
          -0.425189,
          1.447878
        ],
        [
          0.0,
          0.0,
          0.0,
          1.0
        ]
      ]
    },
    {
      "file_path": "/media/NFS/ttao/scannet/posed_images/scene0356_02/00082.jpg",
      "transform_matrix": [
        [
          0.011178,
          0.426348,
          -0.90449,
          2.731647
        ],
        [
          0.999082,
          -0.042163,
          -0.007527,
          3.651813
        ],
        [
          -0.041345,
          -0.903576,
          -0.426428,
          1.451276
        ],
        [
          0.0,
          0.0,
          0.0,
          1.0
        ]
      ]
    },
    {
      "file_path": "/media/NFS/ttao/scannet/posed_images/scene0356_02/00086.jpg",
      "transform_matrix": [
        [
          0.038529,
          0.421085,
          -0.906202,
          2.703049
        ],
        [
          0.997736,
          -0.066238,
          0.011642,
          3.638839
        ],
        [
          -0.055122,
          -0.904599,
          -0.422684,
          1.451517
        ],
        [
          0.0,
          0.0,
          0.0,
          1.0
        ]
      ]
    },
    {
      "file_path": "/media/NFS/ttao/scannet/posed_images/scene0356_02/00089.jpg",
      "transform_matrix": [
        [
          0.061043,
          0.420563,
          -0.905207,
          2.670102
        ],
        [
          0.995151,
          -0.095724,
          0.022635,
          3.632826
        ],
        [
          -0.077131,
          -0.902199,
          -0.424367,
          1.455029
        ],
        [
          0.0,
          0.0,
          0.0,
          1.0
        ]
      ]
    },
    {
      "file_path": "/media/NFS/ttao/scannet/posed_images/scene0356_02/00092.jpg",
      "transform_matrix": [
        [
          0.087484,
          0.420156,
          -0.903225,
          2.627869
        ],
        [
          0.990763,
          -0.131004,
          0.035023,
          3.638544
        ],
        [
          -0.103611,
          -0.897946,
          -0.427736,
          1.455269
        ],
        [
          0.0,
          0.0,
          0.0,
          1.0
        ]
      ]
    },
    {
      "file_path": "/media/NFS/ttao/scannet/posed_images/scene0356_02/00093.jpg",
      "transform_matrix": [
        [
          0.099243,
          0.419021,
          -0.902536,
          2.609676
        ],
        [
          0.989198,
          -0.139879,
          0.043831,
          3.637249
        ],
        [
          -0.10788,
          -0.897137,
          -0.428377,
          1.461438
        ],
        [
          0.0,
          0.0,
          0.0,
          1.0
        ]
      ]
    },
    {
      "file_path": "/media/NFS/ttao/scannet/posed_images/scene0356_02/00096.jpg",
      "transform_matrix": [
        [
          0.132528,
          0.407948,
          -0.903335,
          2.564267
        ],
        [
          0.983977,
          -0.163817,
          0.070379,
          3.632591
        ],
        [
          -0.119271,
          -0.898189,
          -0.423122,
          1.460391
        ],
        [
          0.0,
          0.0,
          0.0,
          1.0
        ]
      ]
    },
    {
      "file_path": "/media/NFS/ttao/scannet/posed_images/scene0356_02/00100.jpg",
      "transform_matrix": [
        [
          0.172678,
          0.4099,
          -0.895636,
          2.50162
        ],
        [
          0.978269,
          -0.177326,
          0.107455,
          3.617638
        ],
        [
          -0.114774,
          -0.894728,
          -0.431613,
          1.459071
        ],
        [
          0.0,
          0.0,
          0.0,
          1.0
        ]
      ]
    },
    {
      "file_path": "/media/NFS/ttao/scannet/posed_images/scene0356_02/00103.jpg",
      "transform_matrix": [
        [
          0.223821,
          0.398481,
          -0.889448,
          2.453351
        ],
        [
          0.969208,
          -0.187129,
          0.160056,
          3.617065
        ],
        [
          -0.102662,
          -0.897884,
          -0.428095,
          1.460976
        ],
        [
          0.0,
          0.0,
          0.0,
          1.0
        ]
      ]
    },
    {
      "file_path": "/media/NFS/ttao/scannet/posed_images/scene0356_02/00104.jpg",
      "transform_matrix": [
        [
          0.237224,
          0.395653,
          -0.887234,
          2.44102
        ],
        [
          0.966149,
          -0.191418,
          0.172963,
          3.61369
        ],
        [
          -0.101399,
          -0.89823,
          -0.427669,
          1.457327
        ],
        [
          0.0,
          0.0,
          0.0,
          1.0
        ]
      ]
    },
    {
      "file_path": "/media/NFS/ttao/scannet/posed_images/scene0356_02/00109.jpg",
      "transform_matrix": [
        [
          0.28497,
          0.416319,
          -0.863406,
          2.381886
        ],
        [
          0.952711,
          -0.222174,
          0.207317,
          3.622238
        ],
        [
          -0.105517,
          -0.881656,
          -0.459944,
          1.451869
        ],
        [
          0.0,
          0.0,
          0.0,
          1.0
        ]
      ]
    },
    {
      "file_path": "/media/NFS/ttao/scannet/posed_images/scene0356_02/00111.jpg",
      "transform_matrix": [
        [
          0.31015,
          0.412688,
          -0.856443,
          2.360716
        ],
        [
          0.945206,
          -0.230463,
          0.231243,
          3.622252
        ],
        [
          -0.101947,
          -0.881235,
          -0.461553,
          1.454339
        ],
        [
          0.0,
          0.0,
          0.0,
          1.0
        ]
      ]
    },
    {
      "file_path": "/media/NFS/ttao/scannet/posed_images/scene0356_02/00114.jpg",
      "transform_matrix": [
        [
          0.331555,
          0.410693,
          -0.849354,
          2.334107
        ],
        [
          0.936031,
          -0.255772,
          0.241715,
          3.62486
        ],
        [
          -0.11797,
          -0.875164,
          -0.469224,
          1.452946
        ],
        [
          0.0,
          0.0,
          0.0,
          1.0
        ]
      ]
    },
    {
      "file_path": "/media/NFS/ttao/scannet/posed_images/scene0356_02/00117.jpg",
      "transform_matrix": [
        [
          0.366182,
          0.406378,
          -0.837118,
          2.306272
        ],
        [
          0.92197,
          -0.280274,
          0.267241,
          3.630582
        ],
        [
          -0.126021,
          -0.869657,
          -0.4773,
          1.448116
        ],
        [
          0.0,
          0.0,
          0.0,
          1.0
        ]
      ]
    },
    {
      "file_path": "/media/NFS/ttao/scannet/posed_images/scene0356_02/00120.jpg",
      "transform_matrix": [
        [
          0.411435,
          0.399126,
          -0.819402,
          2.27696
        ],
        [
          0.903833,
          -0.294572,
          0.310344,
          3.626432
        ],
        [
          -0.117506,
          -0.868289,
          -0.481941,
          1.441422
        ],
        [
          0.0,
          0.0,
          0.0,
          1.0
        ]
      ]
    },
    {
      "file_path": "/media/NFS/ttao/scannet/posed_images/scene0356_02/00123.jpg",
      "transform_matrix": [
        [
          0.460784,
          0.381886,
          -0.80115,
          2.248542
        ],
        [
          0.882582,
          -0.292183,
          0.368344,
          3.619103
        ],
        [
          -0.093417,
          -0.876808,
          -0.471679,
          1.433405
        ],
        [
          0.0,
          0.0,
          0.0,
          1.0
        ]
      ]
    },
    {
      "file_path": "/media/NFS/ttao/scannet/posed_images/scene0356_02/00126.jpg",
      "transform_matrix": [
        [
          0.506948,
          0.364405,
          -0.781162,
          2.216507
        ],
        [
          0.856779,
          -0.312392,
          0.410293,
          3.608741
        ],
        [
          -0.094516,
          -0.87728,
          -0.470581,
          1.437361
        ],
        [
          0.0,
          0.0,
          0.0,
          1.0
        ]
      ]
    },
    {
      "file_path": "/media/NFS/ttao/scannet/posed_images/scene0356_02/00128.jpg",
      "transform_matrix": [
        [
          0.532582,
          0.354392,
          -0.768611,
          2.196506
        ],
        [
          0.840795,
          -0.325664,
          0.432442,
          3.601613
        ],
        [
          -0.097055,
          -0.876556,
          -0.471414,
          1.441273
        ],
        [
          0.0,
          0.0,
          0.0,
          1.0
        ]
      ]
    },
    {
      "file_path": "/media/NFS/ttao/scannet/posed_images/scene0356_02/00132.jpg",
      "transform_matrix": [
        [
          0.584876,
          0.326984,
          -0.742295,
          2.160279
        ],
        [
          0.805743,
          -0.33944,
          0.485344,
          3.580732
        ],
        [
          -0.093265,
          -0.881965,
          -0.461996,
          1.442872
        ],
        [
          0.0,
          0.0,
          0.0,
          1.0
        ]
      ]
    },
    {
      "file_path": "/media/NFS/ttao/scannet/posed_images/scene0356_02/00135.jpg",
      "transform_matrix": [
        [
          0.627162,
          0.302092,
          -0.717919,
          2.130898
        ],
        [
          0.772746,
          -0.356858,
          0.524896,
          3.568301
        ],
        [
          -0.097628,
          -0.883964,
          -0.457248,
          1.449826
        ],
        [
          0.0,
          0.0,
          0.0,
          1.0
        ]
      ]
    },
    {
      "file_path": "/media/NFS/ttao/scannet/posed_images/scene0356_02/00136.jpg",
      "transform_matrix": [
        [
          0.635466,
          0.291568,
          -0.714963,
          2.125485
        ],
        [
          0.765171,
          -0.361828,
          0.532535,
          3.566109
        ],
        [
          -0.103423,
          -0.885477,
          -0.453028,
          1.452426
        ],
        [
          0.0,
          0.0,
          0.0,
          1.0
        ]
      ]
    },
    {
      "file_path": "/media/NFS/ttao/scannet/posed_images/scene0356_02/00138.jpg",
      "transform_matrix": [
        [
          0.649801,
          0.282895,
          -0.705499,
          2.114674
        ],
        [
          0.75295,
          -0.366615,
          0.546498,
          3.562557
        ],
        [
          -0.104044,
          -0.886321,
          -0.451233,
          1.454109
        ],
        [
          0.0,
          0.0,
          0.0,
          1.0
        ]
      ]
    },
    {
      "file_path": "/media/NFS/ttao/scannet/posed_images/scene0356_02/00142.jpg",
      "transform_matrix": [
        [
          0.702485,
          0.258176,
          -0.663219,
          2.082626
        ],
        [
          0.705019,
          -0.379816,
          0.598906,
          3.574918
        ],
        [
          -0.097278,
          -0.888305,
          -0.448834,
          1.475925
        ],
        [
          0.0,
          0.0,
          0.0,
          1.0
        ]
      ]
    },
    {
      "file_path": "/media/NFS/ttao/scannet/posed_images/scene0356_02/00144.jpg",
      "transform_matrix": [
        [
          0.718128,
          0.250273,
          -0.64935,
          2.065506
        ],
        [
          0.688886,
          -0.387897,
          0.612349,
          3.575488
        ],
        [
          -0.098626,
          -0.887074,
          -0.45097,
          1.476129
        ],
        [
          0.0,
          0.0,
          0.0,
          1.0
        ]
      ]
    },
    {
      "file_path": "/media/NFS/ttao/scannet/posed_images/scene0356_02/00148.jpg",
      "transform_matrix": [
        [
          0.752935,
          0.238322,
          -0.613426,
          2.034077
        ],
        [
          0.651971,
          -0.396996,
          0.646009,
          3.582992
        ],
        [
          -0.089569,
          -0.886339,
          -0.454291,
          1.467877
        ],
        [
          0.0,
          0.0,
          0.0,
          1.0
        ]
      ]
    },
    {
      "file_path": "/media/NFS/ttao/scannet/posed_images/scene0356_02/00151.jpg",
      "transform_matrix": [
        [
          0.775688,
          0.223062,
          -0.590383,
          2.006207
        ],
        [
          0.623577,
          -0.415048,
          0.662485,
          3.586245
        ],
        [
          -0.097262,
          -0.882031,
          -0.461044,
          1.451738
        ],
        [
          0.0,
          0.0,
          0.0,
          1.0
        ]
      ]
    },
    {
      "file_path": "/media/NFS/ttao/scannet/posed_images/scene0356_02/00153.jpg",
      "transform_matrix": [
        [
          0.791992,
          0.217087,
          -0.570632,
          1.986407
        ],
        [
          0.602775,
          -0.426541,
          0.674333,
          3.595913
        ],
        [
          -0.097009,
          -0.87803,
          -0.468672,
          1.446839
        ],
        [
          0.0,
          0.0,
          0.0,
          1.0
        ]
      ]
    },
    {
      "file_path": "/media/NFS/ttao/scannet/posed_images/scene0356_02/00157.jpg",
      "transform_matrix": [
        [
          0.832291,
          0.188386,
          -0.521347,
          1.938821
        ],
        [
          0.544985,
          -0.450119,
          0.707379,
          3.618739
        ],
        [
          -0.101408,
          -0.872871,
          -0.477298,
          1.447677
        ],
        [
          0.0,
          0.0,
          0.0,
          1.0
        ]
      ]
    },
    {
      "file_path": "/media/NFS/ttao/scannet/posed_images/scene0356_02/00158.jpg",
      "transform_matrix": [
        [
          0.838399,
          0.179662,
          -0.514596,
          1.929844
        ],
        [
          0.534594,
          -0.455155,
          0.71207,
          3.621701
        ],
        [
          -0.106289,
          -0.872099,
          -0.477647,
          1.445797
        ],
        [
          0.0,
          0.0,
          0.0,
          1.0
        ]
      ]
    },
    {
      "file_path": "/media/NFS/ttao/scannet/posed_images/scene0356_02/00162.jpg",
      "transform_matrix": [
        [
          0.865718,
          0.154109,
          -0.476218,
          1.888957
        ],
        [
          0.486548,
          -0.482424,
          0.72838,
          3.650502
        ],
        [
          -0.117489,
          -0.862275,
          -0.492625,
          1.448485
        ],
        [
          0.0,
          0.0,
          0.0,
          1.0
        ]
      ]
    },
    {
      "file_path": "/media/NFS/ttao/scannet/posed_images/scene0356_02/00166.jpg",
      "transform_matrix": [
        [
          0.893131,
          0.123086,
          -0.432628,
          1.854333
        ],
        [
          0.433578,
          -0.491548,
          0.755242,
          3.675208
        ],
        [
          -0.119698,
          -0.862108,
          -0.492384,
          1.451107
        ],
        [
          0.0,
          0.0,
          0.0,
          1.0
        ]
      ]
    },
    {
      "file_path": "/media/NFS/ttao/scannet/posed_images/scene0356_02/00169.jpg",
      "transform_matrix": [
        [
          0.912576,
          0.105306,
          -0.395115,
          1.83566
        ],
        [
          0.393494,
          -0.48895,
          0.778518,
          3.681572
        ],
        [
          -0.111209,
          -0.865932,
          -0.487641,
          1.443099
        ],
        [
          0.0,
          0.0,
          0.0,
          1.0
        ]
      ]
    },
    {
      "file_path": "/media/NFS/ttao/scannet/posed_images/scene0356_02/00170.jpg",
      "transform_matrix": [
        [
          0.918178,
          0.105503,
          -0.381862,
          1.839472
        ],
        [
          0.381976,
          -0.491448,
          0.782671,
          3.685134
        ],
        [
          -0.105091,
          -0.864493,
          -0.491536,
          1.441313
        ],
        [
          0.0,
          0.0,
          0.0,
          1.0
        ]
      ]
    },
    {
      "file_path": "/media/NFS/ttao/scannet/posed_images/scene0356_02/00173.jpg",
      "transform_matrix": [
        [
          0.933,
          0.098601,
          -0.346105,
          1.824512
        ],
        [
          0.347654,
          -0.495462,
          0.796024,
          3.687962
        ],
        [
          -0.092993,
          -0.863015,
          -0.496545,
          1.443863
        ],
        [
          0.0,
          0.0,
          0.0,
          1.0
        ]
      ]
    },
    {
      "file_path": "/media/NFS/ttao/scannet/posed_images/scene0356_02/00175.jpg",
      "transform_matrix": [
        [
          0.941056,
          0.088719,
          -0.326409,
          1.817235
        ],
        [
          0.325231,
          -0.50248,
          0.801086,
          3.685454
        ],
        [
          -0.092942,
          -0.860025,
          -0.501716,
          1.443566
        ],
        [
          0.0,
          0.0,
          0.0,
          1.0
        ]
      ]
    },
    {
      "file_path": "/media/NFS/ttao/scannet/posed_images/scene0356_02/00180.jpg",
      "transform_matrix": [
        [
          0.95939,
          0.050186,
          -0.277582,
          1.80547
        ],
        [
          0.260381,
          -0.536057,
          0.803022,
          3.661758
        ],
        [
          -0.1085,
          -0.842689,
          -0.527356,
          1.439631
        ],
        [
          0.0,
          0.0,
          0.0,
          1.0
        ]
      ]
    },
    {
      "file_path": "/media/NFS/ttao/scannet/posed_images/scene0356_02/00182.jpg",
      "transform_matrix": [
        [
          0.966519,
          0.040707,
          -0.253347,
          1.798982
        ],
        [
          0.23583,
          -0.53003,
          0.814526,
          3.649446
        ],
        [
          -0.101125,
          -0.847001,
          -0.521884,
          1.445629
        ],
        [
          0.0,
          0.0,
          0.0,
          1.0
        ]
      ]
    },
    {
      "file_path": "/media/NFS/ttao/scannet/posed_images/scene0356_02/00184.jpg",
      "transform_matrix": [
        [
          0.970061,
          0.03465,
          -0.240379,
          1.791781
        ],
        [
          0.222586,
          -0.52277,
          0.822901,
          3.6288
        ],
        [
          -0.097149,
          -0.851769,
          -0.514831,
          1.441924
        ],
        [
          0.0,
          0.0,
          0.0,
          1.0
        ]
      ]
    },
    {
      "file_path": "/media/NFS/ttao/scannet/posed_images/scene0356_02/00188.jpg",
      "transform_matrix": [
        [
          0.978631,
          0.01871,
          -0.204772,
          1.782592
        ],
        [
          0.183405,
          -0.529704,
          0.828116,
          3.593216
        ],
        [
          -0.092975,
          -0.847976,
          -0.521816,
          1.433765
        ],
        [
          0.0,
          0.0,
          0.0,
          1.0
        ]
      ]
    },
    {
      "file_path": "/media/NFS/ttao/scannet/posed_images/scene0356_02/00191.jpg",
      "transform_matrix": [
        [
          0.981209,
          0.006613,
          -0.192838,
          1.800985
        ],
        [
          0.164674,
          -0.549575,
          0.819054,
          3.570944
        ],
        [
          -0.100562,
          -0.835418,
          -0.540337,
          1.429829
        ],
        [
          0.0,
          0.0,
          0.0,
          1.0
        ]
      ]
    },
    {
      "file_path": "/media/NFS/ttao/scannet/posed_images/scene0356_02/00194.jpg",
      "transform_matrix": [
        [
          0.983733,
          -0.015081,
          -0.179003,
          1.797354
        ],
        [
          0.139938,
          -0.560464,
          0.816271,
          3.548706
        ],
        [
          -0.112635,
          -0.828042,
          -0.549237,
          1.43178
        ],
        [
          0.0,
          0.0,
          0.0,
          1.0
        ]
      ]
    },
    {
      "file_path": "/media/NFS/ttao/scannet/posed_images/scene0356_02/00197.jpg",
      "transform_matrix": [
        [
          0.988079,
          -0.030897,
          -0.150814,
          1.76712
        ],
        [
          0.107626,
          -0.561819,
          0.820229,
          3.529015
        ],
        [
          -0.110073,
          -0.826683,
          -0.551796,
          1.431975
        ],
        [
          0.0,
          0.0,
          0.0,
          1.0
        ]
      ]
    },
    {
      "file_path": "/media/NFS/ttao/scannet/posed_images/scene0356_02/00200.jpg",
      "transform_matrix": [
        [
          0.992193,
          -0.046565,
          -0.11569,
          1.782864
        ],
        [
          0.069485,
          -0.563918,
          0.822903,
          3.518029
        ],
        [
          -0.103558,
          -0.824517,
          -0.55628,
          1.433102
        ],
        [
          0.0,
          0.0,
          0.0,
          1.0
        ]
      ]
    },
    {
      "file_path": "/media/NFS/ttao/scannet/posed_images/scene0356_02/00203.jpg",
      "transform_matrix": [
        [
          0.993394,
          -0.066323,
          -0.09365,
          1.794946
        ],
        [
          0.040111,
          -0.563927,
          0.82485,
          3.508833
        ],
        [
          -0.107518,
          -0.823157,
          -0.557541,
          1.432873
        ],
        [
          0.0,
          0.0,
          0.0,
          1.0
        ]
      ]
    },
    {
      "file_path": "/media/NFS/ttao/scannet/posed_images/scene0356_02/00206.jpg",
      "transform_matrix": [
        [
          0.994327,
          -0.081932,
          -0.067839,
          1.808061
        ],
        [
          0.010046,
          -0.562577,
          0.826684,
          3.504795
        ],
        [
          -0.105896,
          -0.822675,
          -0.558562,
          1.436008
        ],
        [
          0.0,
          0.0,
          0.0,
          1.0
        ]
      ]
    },
    {
      "file_path": "/media/NFS/ttao/scannet/posed_images/scene0356_02/00207.jpg",
      "transform_matrix": [
        [
          0.994578,
          -0.085861,
          -0.058672,
          1.815975
        ],
        [
          0.000277,
          -0.562006,
          0.827133,
          3.504945
        ],
        [
          -0.103992,
          -0.822665,
          -0.558935,
          1.436658
        ],
        [
          0.0,
          0.0,
          0.0,
          1.0
        ]
      ]
    },
    {
      "file_path": "/media/NFS/ttao/scannet/posed_images/scene0356_02/00210.jpg",
      "transform_matrix": [
        [
          0.994899,
          -0.09851,
          -0.021723,
          1.824796
        ],
        [
          -0.037301,
          -0.559333,
          0.828104,
          3.504528
        ],
        [
          -0.093727,
          -0.823069,
          -0.560154,
          1.437965
        ],
        [
          0.0,
          0.0,
          0.0,
          1.0
        ]
      ]
    },
    {
      "file_path": "/media/NFS/ttao/scannet/posed_images/scene0356_02/00212.jpg",
      "transform_matrix": [
        [
          0.9943,
          -0.10661,
          -0.001719,
          1.834069
        ],
        [
          -0.058755,
          -0.561294,
          0.825529,
          3.509289
        ],
        [
          -0.088974,
          -0.820722,
          -0.564358,
          1.443898
        ],
        [
          0.0,
          0.0,
          0.0,
          1.0
        ]
      ]
    },
    {
      "file_path": "/media/NFS/ttao/scannet/posed_images/scene0356_02/00215.jpg",
      "transform_matrix": [
        [
          0.992712,
          -0.118691,
          0.020838,
          1.843744
        ],
        [
          -0.084119,
          -0.558699,
          0.825094,
          3.513463
        ],
        [
          -0.086289,
          -0.820834,
          -0.564612,
          1.44433
        ],
        [
          0.0,
          0.0,
          0.0,
          1.0
        ]
      ]
    },
    {
      "file_path": "/media/NFS/ttao/scannet/posed_images/scene0356_02/00218.jpg",
      "transform_matrix": [
        [
          0.989931,
          -0.133297,
          0.047635,
          1.855316
        ],
        [
          -0.114146,
          -0.552695,
          0.82553,
          3.520394
        ],
        [
          -0.083713,
          -0.822655,
