{
  "frames": [
    {
      "file_path": "/media/NFS/ttao/scannet/posed_images/scene0123_02/00000.jpg",
      "transform_matrix": [
        [
          0.890992,
          -0.228736,
          0.392189,
          3.668047
        ],
        [
          -0.453608,
          -0.411749,
          0.790382,
          4.38308
        ],
        [
          -0.019306,
          -0.882124,
          -0.470621,
          1.449299
        ],
        [
          0.0,
          0.0,
          0.0,
          1.0
        ]
      ]
    },
    {
      "file_path": "/media/NFS/ttao/scannet/posed_images/scene0123_02/00002.jpg",
      "transform_matrix": [
        [
          0.898617,
          -0.207213,
          0.386717,
          3.692653
        ],
        [
          -0.438373,
          -0.38832,
          0.810578,
          4.404967
        ],
        [
          -0.017793,
          -0.897926,
          -0.439788,
          1.452543
        ],
        [
          0.0,
          0.0,
          0.0,
          1.0
        ]
      ]
    },
    {
      "file_path": "/media/NFS/ttao/scannet/posed_images/scene0123_02/00007.jpg",
      "transform_matrix": [
        [
          0.924183,
          -0.162318,
          0.345743,
          3.764595
        ],
        [
          -0.381764,
          -0.364321,
          0.849427,
          4.425987
        ],
        [
          -0.011916,
          -0.917019,
          -0.398666,
          1.458776
        ],
        [
          0.0,
          0.0,
          0.0,
          1.0
        ]
      ]
    },
    {
      "file_path": "/media/NFS/ttao/scannet/posed_images/scene0123_02/00009.jpg",
      "transform_matrix": [
        [
          0.928693,
          -0.162504,
          0.333349,
          3.791812
        ],
        [
          -0.370617,
          -0.37488,
          0.84977,
          4.434175
        ],
        [
          -0.013125,
          -0.91272,
          -0.408375,
          1.45895
        ],
        [
          0.0,
          0.0,
          0.0,
          1.0
        ]
      ]
    },
    {
      "file_path": "/media/NFS/ttao/scannet/posed_images/scene0123_02/00011.jpg",
      "transform_matrix": [
        [
          0.932986,
          -0.169945,
          0.317263,
          3.823098
        ],
        [
          -0.359241,
          -0.385917,
          0.849714,
          4.437215
        ],
        [
          -0.021967,
          -0.906745,
          -0.421106,
          1.448966
        ],
        [
          0.0,
          0.0,
          0.0,
          1.0
        ]
      ]
    },
    {
      "file_path": "/media/NFS/ttao/scannet/posed_images/scene0123_02/00014.jpg",
      "transform_matrix": [
        [
          0.939182,
          -0.179762,
          0.292615,
          3.85606
        ],
        [
          -0.341904,
          -0.40946,
          0.84584,
          4.451646
        ],
        [
          -0.032236,
          -0.894443,
          -0.446018,
          1.437861
        ],
        [
          0.0,
          0.0,
          0.0,
          1.0
        ]
      ]
    },
    {
      "file_path": "/media/NFS/ttao/scannet/posed_images/scene0123_02/00016.jpg",
      "transform_matrix": [
        [
          0.944225,
          -0.182775,
          0.273922,
          3.870702
        ],
        [
          -0.327072,
          -0.423881,
          0.8446,
          4.457776
        ],
        [
          -0.038261,
          -0.887084,
          -0.46002,
          1.42972
        ],
        [
          0.0,
          0.0,
          0.0,
          1.0
        ]
      ]
    },
    {
      "file_path": "/media/NFS/ttao/scannet/posed_images/scene0123_02/00019.jpg",
      "transform_matrix": [
        [
          0.948578,
          -0.19195,
          0.251706,
          3.875808
        ],
        [
          -0.313072,
          -0.451444,
          0.835575,
          4.468157
        ],
        [
          -0.046757,
          -0.871409,
          -0.488323,
          1.415547
        ],
        [
          0.0,
          0.0,
          0.0,
          1.0
        ]
      ]
    },
    {
      "file_path": "/media/NFS/ttao/scannet/posed_images/scene0123_02/00024.jpg",
      "transform_matrix": [
        [
          0.954449,
          -0.205235,
          0.216577,
          3.891642
        ],
        [
          -0.291539,
          -0.486996,
          0.823311,
          4.476773
        ],
        [
          -0.063499,
          -0.848949,
          -0.524646,
          1.394046
        ],
        [
          0.0,
          0.0,
          0.0,
          1.0
        ]
      ]
    },
    {
      "file_path": "/media/NFS/ttao/scannet/posed_images/scene0123_02/00026.jpg",
      "transform_matrix": [
        [
          0.957149,
          -0.199217,
          0.210188,
          3.881536
        ],
        [
          -0.283585,
          -0.497649,
          0.81971,
          4.476794
        ],
        [
          -0.058701,
          -0.84419,
          -0.532819,
          1.386361
        ],
        [
          0.0,
          0.0,
          0.0,
          1.0
        ]
      ]
    },
    {
      "file_path": "/media/NFS/ttao/scannet/posed_images/scene0123_02/00028.jpg",
      "transform_matrix": [
        [
          0.957198,
          -0.19587,
          0.213089,
          3.869232
        ],
        [
          -0.284345,
          -0.498924,
          0.818671,
          4.476833
        ],
        [
          -0.054038,
          -0.844221,
          -0.533264,
          1.383533
        ],
        [
          0.0,
          0.0,
          0.0,
          1.0
        ]
      ]
    },
    {
      "file_path": "/media/NFS/ttao/scannet/posed_images/scene0123_02/00030.jpg",
      "transform_matrix": [
        [
          0.957773,
          -0.189569,
          0.216183,
          3.855865
        ],
        [
          -0.283592,
          -0.498878,
          0.818961,
          4.470133
        ],
        [
          -0.047401,
          -0.845686,
          -0.531572,
          1.389818
        ],
        [
          0.0,
          0.0,
          0.0,
          1.0
        ]
      ]
    },
    {
      "file_path": "/media/NFS/ttao/scannet/posed_images/scene0123_02/00034.jpg",
      "transform_matrix": [
        [
          0.955263,
          -0.177639,
          0.236469,
          3.817287
        ],
        [
          -0.293951,
          -0.481999,
          0.825391,
          4.453816
        ],
        [
          -0.032644,
          -0.857975,
          -0.512653,
          1.397057
        ],
        [
          0.0,
          0.0,
          0.0,
          1.0
        ]
      ]
    },
    {
      "file_path": "/media/NFS/ttao/scannet/posed_images/scene0123_02/00038.jpg",
      "transform_matrix": [
        [
          0.94994,
          -0.173624,
          0.259747,
          3.765396
        ],
        [
          -0.311494,
          -0.461931,
          0.830416,
          4.424863
        ],
        [
          -0.024195,
          -0.869755,
          -0.49289,
          1.404226
        ],
        [
          0.0,
          0.0,
          0.0,
          1.0
        ]
      ]
    },
    {
      "file_path": "/media/NFS/ttao/scannet/posed_images/scene0123_02/00039.jpg",
      "transform_matrix": [
        [
          0.947299,
          -0.177,
          0.267012,
          3.753507
        ],
        [
          -0.319419,
          -0.458362,
          0.829383,
          4.417399
        ],
        [
          -0.024412,
          -0.870962,
          -0.490744,
          1.404889
        ],
        [
          0.0,
          0.0,
          0.0,
          1.0
        ]
      ]
    },
    {
      "file_path": "/media/NFS/ttao/scannet/posed_images/scene0123_02/00043.jpg",
      "transform_matrix": [
        [
          0.929993,
          -0.197439,
          0.310049,
          3.690719
        ],
        [
          -0.366885,
          -0.446864,
          0.81591,
          4.382374
        ],
        [
          -0.022543,
          -0.872543,
          -0.488018,
          1.399582
        ],
        [
          0.0,
          0.0,
          0.0,
          1.0
        ]
      ]
    },
    {
      "file_path": "/media/NFS/ttao/scannet/posed_images/scene0123_02/00044.jpg",
      "transform_matrix": [
        [
          0.927328,
          -0.20311,
          0.314337,
          3.68031
        ],
        [
          -0.373401,
          -0.445654,
          0.813612,
          4.372487
        ],
        [
          -0.025167,
          -0.871859,
          -0.48911,
          1.398556
        ],
        [
          0.0,
          0.0,
          0.0,
          1.0
        ]
      ]
    },
    {
      "file_path": "/media/NFS/ttao/scannet/posed_images/scene0123_02/00049.jpg",
      "transform_matrix": [
        [
          0.907078,
          -0.234073,
          0.349885,
          3.630183
        ],
        [
          -0.419731,
          -0.439352,
          0.794227,
          4.337643
        ],
        [
          -0.032184,
          -0.867283,
          -0.496774,
          1.402598
        ],
        [
          0.0,
          0.0,
          0.0,
          1.0
        ]
      ]
    },
    {
      "file_path": "/media/NFS/ttao/scannet/posed_images/scene0123_02/00052.jpg",
      "transform_matrix": [
        [
          0.886734,
          -0.26277,
          0.380337,
          3.615205
        ],
        [
          -0.460376,
          -0.427332,
          0.778101,
          4.320709
        ],
        [
          -0.041931,
          -0.865066,
          -0.499902,
          1.411526
        ],
        [
          0.0,
          0.0,
          0.0,
          1.0
        ]
      ]
    },
    {
      "file_path": "/media/NFS/ttao/scannet/posed_images/scene0123_02/00054.jpg",
      "transform_matrix": [
        [
          0.877814,
          -0.27252,
          0.393923,
          3.619462
        ],
        [
          -0.476747,
          -0.417383,
          0.77363,
          4.314555
        ],
        [
          -0.046413,
          -0.866905,
          -0.496307,
          1.417265
        ],
        [
          0.0,
          0.0,
          0.0,
          1.0
        ]
      ]
    },
    {
      "file_path": "/media/NFS/ttao/scannet/posed_images/scene0123_02/00057.jpg",
      "transform_matrix": [
        [
          0.869424,
          -0.275822,
          0.409909,
          3.619752
        ],
        [
          -0.491732,
          -0.402492,
          0.77214,
          4.308397
        ],
        [
          -0.047988,
          -0.872882,
          -0.485566,
          1.42119
        ],
        [
          0.0,
          0.0,
          0.0,
          1.0
        ]
      ]
    },
    {
      "file_path": "/media/NFS/ttao/scannet/posed_images/scene0123_02/00058.jpg",
      "transform_matrix": [
        [
          0.869143,
          -0.274958,
          0.411082,
          3.61986
        ],
        [
          -0.492316,
          -0.401905,
          0.772074,
          4.308466
        ],
        [
          -0.047072,
          -0.873424,
          -0.48468,
          1.423175
        ],
        [
          0.0,
          0.0,
          0.0,
          1.0
        ]
      ]
    },
    {
      "file_path": "/media/NFS/ttao/scannet/posed_images/scene0123_02/00061.jpg",
      "transform_matrix": [
        [
          0.868964,
          -0.264918,
          0.417996,
          3.625655
        ],
        [
          -0.4933,
          -0.39635,
          0.774314,
          4.315955
        ],
        [
          -0.039457,
          -0.879048,
          -0.475098,
          1.429463
        ],
        [
          0.0,
          0.0,
          0.0,
          1.0
        ]
      ]
    },
    {
      "file_path": "/media/NFS/ttao/scannet/posed_images/scene0123_02/00066.jpg",
      "transform_matrix": [
        [
          0.873355,
          -0.265325,
          0.408476,
          3.657321
        ],
        [
          -0.483969,
          -0.378012,
          0.789228,
          4.339504
        ],
        [
          -0.054993,
          -0.886966,
          -0.458549,
          1.443309
        ],
        [
          0.0,
          0.0,
          0.0,
          1.0
        ]
      ]
    },
    {
      "file_path": "/media/NFS/ttao/scannet/posed_images/scene0123_02/00067.jpg",
      "transform_matrix": [
        [
          0.875956,
          -0.267185,
          0.401637,
          3.669609
        ],
        [
          -0.478525,
          -0.376102,
          0.793449,
          4.341663
        ],
        [
          -0.060941,
          -0.88722,
          -0.457304,
          1.44363
        ],
        [
          0.0,
          0.0,
          0.0,
          1.0
        ]
      ]
    },
    {
      "file_path": "/media/NFS/ttao/scannet/posed_images/scene0123_02/00069.jpg",
      "transform_matrix": [
        [
          0.880159,
          -0.262476,
          0.395508,
          3.689082
        ],
        [
          -0.470152,
          -0.367252,
          0.802548,
          4.34931
        ],
        [
          -0.065399,
          -0.892319,
          -0.446644,
          1.446175
        ],
        [
          0.0,
          0.0,
          0.0,
          1.0
        ]
      ]
    },
    {
      "file_path": "/media/NFS/ttao/scannet/posed_images/scene0123_02/00074.jpg",
      "transform_matrix": [
        [
          0.890759,
          -0.244147,
          0.383329,
          3.770208
        ],
        [
          -0.449628,
          -0.350541,
          0.821557,
          4.352217
        ],
        [
          -0.066208,
          -0.904164,
          -0.422023,
          1.464631
        ],
        [
          0.0,
          0.0,
          0.0,
          1.0
        ]
      ]
    },
    {
      "file_path": "/media/NFS/ttao/scannet/posed_images/scene0123_02/00075.jpg",
      "transform_matrix": [
        [
          0.891439,
          -0.242741,
          0.38264,
          3.783177
        ],
        [
          -0.44828,
          -0.349055,
          0.822925,
          4.352457
        ],
        [
          -0.066195,
          -0.905117,
          -0.419977,
          1.466112
        ],
        [
          0.0,
          0.0,
          0.0,
          1.0
        ]
      ]
    },
    {
      "file_path": "/media/NFS/ttao/scannet/posed_images/scene0123_02/00078.jpg",
      "transform_matrix": [
        [
          0.898147,
          -0.231874,
          0.373587,
          3.837551
        ],
        [
          -0.435021,
          -0.345029,
          0.831692,
          4.3606
        ],
        [
          -0.063949,
          -0.9095,
          -0.410756,
          1.473388
        ],
        [
          0.0,
          0.0,
          0.0,
          1.0
        ]
      ]
    },
    {
      "file_path": "/media/NFS/ttao/scannet/posed_images/scene0123_02/00082.jpg",
      "transform_matrix": [
        [
          0.901233,
          -0.230526,
          0.36693,
          3.872986
        ],
        [
          -0.427987,
          -0.340894,
          0.83703,
          4.36929
        ],
        [
          -0.067873,
          -0.9114,
          -0.405887,
          1.483549
        ],
        [
          0.0,
          0.0,
          0.0,
          1.0
        ]
      ]
    },
    {
      "file_path": "/media/NFS/ttao/scannet/posed_images/scene0123_02/00083.jpg",
      "transform_matrix": [
        [
          0.901156,
          -0.232966,
          0.365576,
          3.884275
        ],
        [
          -0.427558,
          -0.338548,
          0.8382,
          4.372033
        ],
        [
          -0.071507,
          -0.911654,
          -0.404691,
          1.48548
        ],
        [
          0.0,
          0.0,
          0.0,
          1.0
        ]
      ]
    },
    {
      "file_path": "/media/NFS/ttao/scannet/posed_images/scene0123_02/00087.jpg",
      "transform_matrix": [
        [
          0.895795,
          -0.239668,
          0.374313,
          3.910475
        ],
        [
          -0.437133,
          -0.322702,
          0.839511,
          4.370605
        ],
        [
          -0.080413,
          -0.915654,
          -0.393841,
          1.490252
        ],
        [
          0.0,
          0.0,
          0.0,
          1.0
        ]
      ]
    },
    {
      "file_path": "/media/NFS/ttao/scannet/posed_images/scene0123_02/00091.jpg",
      "transform_matrix": [
        [
          0.887373,
          -0.249321,
          0.387825,
          3.926661
        ],
        [
          -0.453382,
          -0.319086,
          0.832243,
          4.36784
        ],
        [
          -0.083746,
          -0.914343,
          -0.396186,
          1.489605
        ],
        [
          0.0,
          0.0,
          0.0,
          1.0
        ]
      ]
    },
    {
      "file_path": "/media/NFS/ttao/scannet/posed_images/scene0123_02/00093.jpg",
      "transform_matrix": [
        [
          0.881414,
          -0.253842,
          0.398338,
          3.924762
        ],
        [
          -0.465003,
          -0.318219,
          0.826141,
          4.369526
        ],
        [
          -0.082951,
          -0.913401,
          -0.39852,
          1.485927
        ],
        [
          0.0,
          0.0,
          0.0,
          1.0
        ]
      ]
    },
    {
      "file_path": "/media/NFS/ttao/scannet/posed_images/scene0123_02/00094.jpg",
      "transform_matrix": [
        [
          0.879214,
          -0.256465,
          0.401508,
          3.923086
        ],
        [
          -0.469136,
          -0.319166,
          0.823435,
          4.369247
        ],
        [
          -0.083035,
          -0.912337,
          -0.400933,
          1.486033
        ],
        [
          0.0,
          0.0,
          0.0,
          1.0
        ]
      ]
    },
    {
      "file_path": "/media/NFS/ttao/scannet/posed_images/scene0123_02/00099.jpg",
      "transform_matrix": [
        [
          0.85835,
          -0.269542,
          0.436558,
          3.902678
        ],
        [
          -0.508072,
          -0.328123,
          0.796366,
          4.369199
        ],
        [
          -0.071409,
          -0.905363,
          -0.418591,
          1.484386
        ],
        [
          0.0,
          0.0,
          0.0,
          1.0
        ]
      ]
    },
    {
      "file_path": "/media/NFS/ttao/scannet/posed_images/scene0123_02/00100.jpg",
      "transform_matrix": [
        [
          0.854288,
          -0.269679,
          0.444371,
          3.892273
        ],
        [
          -0.515285,
          -0.326935,
          0.792209,
          4.368188
        ],
        [
          -0.068362,
          -0.905752,
          -0.418258,
          1.48239
        ],
        [
          0.0,
          0.0,
          0.0,
          1.0
        ]
      ]
    },
    {
      "file_path": "/media/NFS/ttao/scannet/posed_images/scene0123_02/00103.jpg",
      "transform_matrix": [
        [
          0.840334,
          -0.275201,
          0.467016,
          3.854475
        ],
        [
          -0.538315,
          -0.32244,
          0.77862,
          4.364471
        ],
        [
          -0.063692,
          -0.905702,
          -0.419102,
          1.478495
        ],
        [
          0.0,
          0.0,
          0.0,
          1.0
        ]
      ]
    },
    {
      "file_path": "/media/NFS/ttao/scannet/posed_images/scene0123_02/00106.jpg",
      "transform_matrix": [
        [
          0.816822,
          -0.277648,
          0.505681,
          3.800229
        ],
        [
          -0.57465,
          -0.314427,
          0.755588,
          4.361205
        ],
        [
          -0.050788,
          -0.90777,
          -0.416381,
          1.474135
        ],
        [
          0.0,
          0.0,
          0.0,
          1.0
        ]
      ]
    },
    {
      "file_path": "/media/NFS/ttao/scannet/posed_images/scene0123_02/00109.jpg",
      "transform_matrix": [
        [
          0.791838,
          -0.28466,
          0.540335,
          3.739585
        ],
        [
          -0.609,
          -0.301442,
          0.733657,
          4.359116
        ],
        [
          -0.045963,
          -0.910001,
          -0.412051,
          1.468957
        ],
        [
          0.0,
          0.0,
          0.0,
          1.0
        ]
      ]
    },
    {
      "file_path": "/media/NFS/ttao/scannet/posed_images/scene0123_02/00113.jpg",
      "transform_matrix": [
        [
          0.763069,
          -0.301561,
          0.571652,
          3.642449
        ],
        [
          -0.6447,
          -0.292632,
          0.706207,
          4.354946
        ],
        [
          -0.04568,
          -0.907429,
          -0.417715,
          1.455087
        ],
        [
          0.0,
          0.0,
          0.0,
          1.0
        ]
      ]
    },
    {
      "file_path": "/media/NFS/ttao/scannet/posed_images/scene0123_02/00116.jpg",
      "transform_matrix": [
        [
          0.757526,
          -0.311014,
          0.573955,
          3.57765
        ],
        [
          -0.651063,
          -0.295754,
          0.699033,
          4.356427
        ],
        [
          -0.047659,
          -0.903217,
          -0.426531,
          1.456196
        ],
        [
          0.0,
          0.0,
          0.0,
          1.0
        ]
      ]
    },
    {
      "file_path": "/media/NFS/ttao/scannet/posed_images/scene0123_02/00117.jpg",
      "transform_matrix": [
        [
          0.7554,
          -0.316305,
          0.573865,
          3.560792
        ],
        [
          -0.653477,
          -0.299014,
          0.695384,
          4.353332
        ],
        [
          -0.04836,
          -0.900301,
          -0.432573,
          1.459013
        ],
        [
          0.0,
          0.0,
          0.0,
          1.0
        ]
      ]
    },
    {
      "file_path": "/media/NFS/ttao/scannet/posed_images/scene0123_02/00121.jpg",
      "transform_matrix": [
        [
          0.725437,
          -0.32003,
          0.609363,
          3.496372
        ],
        [
          -0.687179,
          -0.286494,
          0.667612,
          4.344387
        ],
        [
          -0.039077,
          -0.903051,
          -0.427751,
          1.463888
        ],
        [
          0.0,
          0.0,
          0.0,
          1.0
        ]
      ]
    },
    {
      "file_path": "/media/NFS/ttao/scannet/posed_images/scene0123_02/00124.jpg",
      "transform_matrix": [
        [
          0.705484,
          -0.315813,
          0.634472,
          3.461224
        ],
        [
          -0.70829,
          -0.282776,
          0.64681,
          4.330935
        ],
        [
          -0.024858,
          -0.905704,
          -0.423181,
          1.473568
        ],
        [
          0.0,
          0.0,
          0.0,
          1.0
        ]
      ]
    },
    {
      "file_path": "/media/NFS/ttao/scannet/posed_images/scene0123_02/00127.jpg",
      "transform_matrix": [
        [
          0.686511,
          -0.310659,
          0.657414,
          3.422387
        ],
        [
          -0.726922,
          -0.272168,
          0.630483,
          4.310074
        ],
        [
          -0.016938,
          -0.910723,
          -0.412671,
          1.475844
        ],
        [
          0.0,
          0.0,
          0.0,
          1.0
        ]
      ]
    },
    {
      "file_path": "/media/NFS/ttao/scannet/posed_images/scene0123_02/00128.jpg",
      "transform_matrix": [
        [
          0.679954,
          -0.313142,
          0.663027,
          3.415742
        ],
        [
          -0.733073,
          -0.270193,
          0.624179,
          4.303
        ],
        [
          -0.016311,
          -0.91046,
          -0.413275,
          1.477595
        ],
        [
          0.0,
          0.0,
          0.0,
          1.0
        ]
      ]
    },
    {
      "file_path": "/media/NFS/ttao/scannet/posed_images/scene0123_02/00133.jpg",
      "transform_matrix": [
        [
          0.635467,
          -0.341857,
          0.692327,
          3.348087
        ],
        [
          -0.771572,
          -0.247118,
          0.586182,
          4.263708
        ],
        [
          -0.029304,
          -0.906679,
          -0.420802,
          1.472113
        ],
        [
          0.0,
          0.0,
          0.0,
          1.0
        ]
      ]
    },
    {
      "file_path": "/media/NFS/ttao/scannet/posed_images/scene0123_02/00135.jpg",
      "transform_matrix": [
        [
          0.619901,
          -0.355227,
          0.699669,
          3.326922
        ],
        [
          -0.783688,
          -0.235461,
          0.574796,
          4.245843
        ],
        [
          -0.039438,
          -0.904639,
          -0.42435,
          1.472877
        ],
        [
          0.0,
          0.0,
          0.0,
          1.0
        ]
      ]
    },
    {
      "file_path": "/media/NFS/ttao/scannet/posed_images/scene0123_02/00136.jpg",
      "transform_matrix": [
        [
          0.611991,
          -0.362211,
          0.703044,
          3.31703
        ],
        [
          -0.789663,
          -0.230864,
          0.568449,
          4.237316
        ],
        [
          -0.043591,
          -0.903053,
          -0.427311,
          1.474423
        ],
        [
          0.0,
          0.0,
          0.0,
          1.0
        ]
      ]
    },
    {
      "file_path": "/media/NFS/ttao/scannet/posed_images/scene0123_02/00139.jpg",
      "transform_matrix": [
        [
          0.564391,
          -0.381129,
          0.732259,
          3.288311
        ],
        [
          -0.824428,
          -0.214893,
          0.523583,
          4.198676
        ],
        [
          -0.042195,
          -0.8992,
          -0.435498,
          1.484882
        ],
        [
          0.0,
          0.0,
          0.0,
          1.0
        ]
      ]
    },
    {
      "file_path": "/media/NFS/ttao/scannet/posed_images/scene0123_02/00143.jpg",
      "transform_matrix": [
        [
          0.512793,
          -0.402666,
          0.758224,
          3.237321
        ],
        [
          -0.857767,
          -0.203508,
          0.472038,
          4.211485
        ],
        [
          -0.035769,
          -0.892438,
          -0.449751,
          1.496993
        ],
        [
          0.0,
          0.0,
          0.0,
          1.0
        ]
      ]
    },
    {
      "file_path": "/media/NFS/ttao/scannet/posed_images/scene0123_02/00147.jpg",
      "transform_matrix": [
        [
          0.483586,
          -0.407423,
          0.774694,
          3.219052
        ],
        [
          -0.874756,
          -0.193839,
          0.444104,
          4.203445
        ],
        [
          -0.030772,
          -0.892431,
          -0.450134,
          1.509118
        ],
        [
          0.0,
          0.0,
          0.0,
          1.0
        ]
      ]
    },
    {
      "file_path": "/media/NFS/ttao/scannet/posed_images/scene0123_02/00149.jpg",
      "transform_matrix": [
        [
          0.465977,
          -0.400997,
          0.788712,
          3.203011
        ],
        [
          -0.884404,
          -0.184515,
          0.428701,
          4.210319
        ],
        [
          -0.026378,
          -0.897304,
          -0.440623,
          1.507874
        ],
        [
          0.0,
          0.0,
          0.0,
          1.0
        ]
      ]
    },
    {
      "file_path": "/media/NFS/ttao/scannet/posed_images/scene0123_02/00152.jpg",
      "transform_matrix": [
        [
          0.443953,
          -0.385052,
          0.809099,
          3.168747
        ],
        [
          -0.895823,
          -0.170395,
          0.410447,
          4.223259
        ],
        [
          -0.020177,
          -0.907029,
          -0.420586,
          1.503933
        ],
        [
          0.0,
          0.0,
          0.0,
          1.0
        ]
      ]
    },
    {
      "file_path": "/media/NFS/ttao/scannet/posed_images/scene0123_02/00153.jpg",
      "transform_matrix": [
        [
          0.435986,
          -0.381813,
          0.814945,
          3.15744
        ],
        [
          -0.899739,
          -0.16515,
          0.403975,
          4.228053
        ],
        [
          -0.019655,
          -0.909365,
          -0.415535,
          1.503182
        ],
        [
          0.0,
          0.0,
          0.0,
          1.0
        ]
      ]
    },
    {
      "file_path": "/media/NFS/ttao/scannet/posed_images/scene0123_02/00156.jpg",
      "transform_matrix": [
        [
          0.405169,
          -0.373823,
          0.834323,
          3.131625
        ],
        [
          -0.914151,
          -0.152843,
          0.375454,
          4.251204
        ],
        [
          -0.012833,
          -0.91482,
          -0.403658,
          1.512392
        ],
        [
          0.0,
          0.0,
          0.0,
          1.0
        ]
      ]
    },
    {
      "file_path": "/media/NFS/ttao/scannet/posed_images/scene0123_02/00161.jpg",
      "transform_matrix": [
        [
          0.31445,
          -0.377461,
          0.871002,
          3.074676
        ],
        [
          -0.949041,
          -0.104665,
          0.297265,
          4.324859
        ],
        [
          -0.021042,
          -0.920091,
          -0.391138,
          1.528618
        ],
        [
          0.0,
          0.0,
          0.0,
          1.0
        ]
      ]
    },
    {
      "file_path": "/media/NFS/ttao/scannet/posed_images/scene0123_02/00162.jpg",
      "transform_matrix": [
        [
          0.30501,
          -0.376017,
          0.874974,
          3.066516
        ],
        [
          -0.95205,
          -0.097376,
          0.290031,
          4.328251
        ],
        [
          -0.023855,
          -0.921482,
          -0.387688,
          1.531254
        ],
        [
          0.0,
          0.0,
          0.0,
          1.0
        ]
      ]
    },
    {
      "file_path": "/media/NFS/ttao/scannet/posed_images/scene0123_02/00166.jpg",
      "transform_matrix": [
        [
          0.25122,
          -0.369848,
          0.894483,
          3.035068
        ],
        [
          -0.967812,
          -0.081574,
          0.238086,
          4.359997
        ],
        [
          -0.01509,
          -0.925504,
          -0.378437,
          1.540232
        ],
        [
          0.0,
          0.0,
          0.0,
          1.0
        ]
      ]
    },
    {
      "file_path": "/media/NFS/ttao/scannet/posed_images/scene0123_02/00169.jpg",
      "transform_matrix": [
        [
          0.22125,
          -0.364393,
          0.90458,
          3.017064
        ],
        [
          -0.975171,
          -0.073612,
          0.208862,
          4.381334
        ],
        [
          -0.00952,
          -0.928331,
          -0.371632,
          1.543384
        ],
        [
          0.0,
          0.0,
          0.0,
          1.0
        ]
      ]
    },
    {
      "file_path": "/media/NFS/ttao/scannet/posed_images/scene0123_02/00172.jpg",
      "transform_matrix": [
        [
          0.195791,
          -0.356453,
          0.913568,
          3.002386
        ],
        [
          -0.980641,
          -0.068265,
          0.18353,
          4.402055
        ],
        [
          -0.003055,
          -0.931816,
          -0.362918,
          1.545992
        ],
        [
          0.0,
          0.0,
          0.0,
          1.0
        ]
      ]
    },
    {
      "file_path": "/media/NFS/ttao/scannet/posed_images/scene0123_02/00173.jpg",
      "transform_matrix": [
        [
          0.189213,
          -0.359219,
          0.913871,
          3.004143
        ],
        [
          -0.981936,
          -0.069468,
          0.176,
          4.410732
        ],
        [
          0.000263,
          -0.930664,
          -0.365874,
          1.552586
        ],
        [
          0.0,
          0.0,
          0.0,
          1.0
        ]
      ]
    },
    {
      "file_path": "/media/NFS/ttao/scannet/posed_images/scene0123_02/00176.jpg",
      "transform_matrix": [
        [
          0.180465,
          -0.350435,
          0.919036,
          2.996083
        ],
        [
          -0.983582,
          -0.064495,
          0.168547,
          4.412423
        ],
        [
          0.000208,
          -0.934364,
          -0.356321,
          1.546011
        ],
        [
          0.0,
          0.0,
          0.0,
          1.0
        ]
      ]
    },
    {
      "file_path": "/media/NFS/ttao/scannet/posed_images/scene0123_02/00178.jpg",
      "transform_matrix": [
        [
          0.170332,
          -0.348539,
          0.921687,
          2.998171
        ],
        [
          -0.985377,
          -0.055988,
          0.16093,
          4.413261
        ],
        [
          -0.004487,
          -0.935621,
          -0.352978,
          1.546302
        ],
        [
          0.0,
          0.0,
          0.0,
          1.0
        ]
      ]
    },
    {
      "file_path": "/media/NFS/ttao/scannet/posed_images/scene0123_02/00181.jpg",
      "transform_matrix": [
        [
          0.140944,
          -0.348109,
          0.926798,
          3.000676
        ],
        [
          -0.989845,
          -0.032048,
          0.138495,
          4.40663
        ],
        [
          -0.01851,
          -0.936906,
          -0.349091,
          1.538323
        ],
        [
          0.0,
          0.0,
          0.0,
          1.0
        ]
      ]
    },
    {
      "file_path": "/media/NFS/ttao/scannet/posed_images/scene0123_02/00184.jpg",
      "transform_matrix": [
        [
          0.111541,
          -0.354379,
          0.928426,
          3.009022
        ],
        [
          -0.993461,
          -0.01684,
          0.112926,
          4.396623
        ],
        [
          -0.024384,
          -0.93495,
          -0.35394,
          1.536307
        ],
        [
          0.0,
          0.0,
          0.0,
          1.0
        ]
      ]
    },
    {
      "file_path": "/media/NFS/ttao/scannet/posed_images/scene0123_02/00187.jpg",
      "transform_matrix": [
        [
          0.081138,
          -0.369433,
          0.925708,
          3.037983
        ],
        [
          -0.99628,
          -0.003023,
          0.086117,
          4.385264
        ],
        [
          -0.029016,
          -0.929253,
          -0.368304,
          1.538527
        ],
        [
          0.0,
          0.0,
          0.0,
          1.0
        ]
      ]
    },
    {
      "file_path": "/media/NFS/ttao/scannet/posed_images/scene0123_02/00189.jpg",
      "transform_matrix": [
        [
          0.054168,
          -0.378836,
          0.923877,
          3.055344
        ],
        [
          -0.998037,
          0.008587,
          0.062037,
          4.378449
        ],
        [
          -0.031435,
          -0.925424,
          -0.377627,
          1.5345
        ],
        [
          0.0,
          0.0,
          0.0,
          1.0
        ]
      ]
    },
    {
      "file_path": "/media/NFS/ttao/scannet/posed_images/scene0123_02/00193.jpg",
      "transform_matrix": [
        [
          -0.014679,
          -0.379129,
          0.925227,
          3.078545
        ],
        [
          -0.999079,
          0.042874,
          0.001718,
          4.388551
        ],
        [
          -0.04032,
          -0.92435,
          -0.379409,
          1.52184
        ],
        [
          0.0,
          0.0,
          0.0,
          1.0
        ]
      ]
    },
    {
      "file_path": "/media/NFS/ttao/scannet/posed_images/scene0123_02/00196.jpg",
      "transform_matrix": [
        [
          -0.072708,
          -0.37827,
          0.922835,
          3.112231
        ],
        [
          -0.995822,
          0.07879,
          -0.046162,
          4.380933
        ],
        [
          -0.055248,
          -0.922336,
          -0.382419,
          1.516153
        ],
        [
          0.0,
          0.0,
          0.0,
          1.0
        ]
      ]
    },
    {
      "file_path": "/media/NFS/ttao/scannet/posed_images/scene0123_02/00200.jpg",
      "transform_matrix": [
        [
          -0.133983,
          -0.372099,
          0.918472,
          3.144024
        ],
        [
          -0.988328,
          0.117983,
          -0.096375,
          4.349185
        ],
        [
          -0.072503,
          -0.920664,
          -0.383563,
          1.509713
        ],
        [
          0.0,
          0.0,
          0.0,
          1.0
        ]
      ]
    },
    {
      "file_path": "/media/NFS/ttao/scannet/posed_images/scene0123_02/00201.jpg",
      "transform_matrix": [
        [
          -0.144125,
          -0.370209,
          0.9177,
          3.152516
        ],
        [
          -0.986925,
          0.121401,
          -0.106022,
          4.335925
        ],
        [
          -0.072159,
          -0.920981,
          -0.382866,
          1.503761
        ],
        [
          0.0,
          0.0,
          0.0,
          1.0
        ]
      ]
    },
    {
      "file_path": "/media/NFS/ttao/scannet/posed_images/scene0123_02/00203.jpg",
      "transform_matrix": [
        [
          -0.174188,
          -0.370054,
          0.912534,
          3.176095
        ],
        [
          -0.981913,
          0.1351,
          -0.132645,
          4.331608
        ],
        [
          -0.074197,
          -0.919134,
          -0.386894,
          1.507758
        ],
        [
          0.0,
          0.0,
          0.0,
          1.0
        ]
      ]
    },
    {
      "file_path": "/media/NFS/ttao/scannet/posed_images/scene0123_02/00207.jpg",
      "transform_matrix": [
        [
          -0.229284,
          -0.369565,
          0.900472,
          3.209202
        ],
        [
          -0.970862,
          0.153066,
          -0.184386,
          4.311625
        ],
        [
          -0.069689,
          -0.916511,
          -0.393893,
          1.507267
        ],
        [
          0.0,
          0.0,
          0.0,
          1.0
        ]
      ]
    },
    {
      "file_path": "/media/NFS/ttao/scannet/posed_images/scene0123_02/00211.jpg",
      "transform_matrix": [
        [
          -0.29543,
          -0.368843,
          0.881292,
          3.261558
        ],
        [
          -0.953049,
          0.177965,
          -0.245002,
          4.306037
        ],
        [
          -0.066472,
          -0.912296,
          -0.404102,
          1.501719
        ],
        [
          0.0,
          0.0,
          0.0,
          1.0
        ]
      ]
    },
    {
      "file_path": "/media/NFS/ttao/scannet/posed_images/scene0123_02/00214.jpg",
      "transform_matrix": [
        [
          -0.324241,
          -0.378893,
          0.86678,
          3.300824
        ],
        [
          -0.943429,
          0.196688,
          -0.266936,
          4.312013
        ],
        [
          -0.069345,
          -0.904298,
          -0.421233,
          1.504152
        ],
        [
          0.0,
          0.0,
          0.0,
          1.0
        ]
      ]
    },
    {
      "file_path": "/media/NFS/ttao/scannet/posed_images/scene0123_02/00215.jpg",
      "transform_matrix": [
        [
          -0.330182,
          -0.380187,
          0.863966,
          3.310429
        ],
        [
          -0.9414,
          0.199442,
          -0.272011,
          4.314565
        ],
        [
          -0.068896,
