{
  "frames": [
    {
      "file_path": "/media/NFS/ttao/scannet/posed_images/scene0627_00/00002.jpg",
      "transform_matrix": [
        [
          0.693119,
          -0.319302,
          0.646245,
          1.731815
        ],
        [
          -0.719008,
          -0.24267,
          0.65126,
          8.055397
        ],
        [
          -0.051124,
          -0.916055,
          -0.39778,
          1.495731
        ],
        [
          0.0,
          0.0,
          0.0,
          1.0
        ]
      ]
    },
    {
      "file_path": "/media/NFS/ttao/scannet/posed_images/scene0627_00/00007.jpg",
      "transform_matrix": [
        [
          0.679122,
          -0.323528,
          0.65888,
          1.724773
        ],
        [
          -0.73205,
          -0.232713,
          0.640271,
          8.058369
        ],
        [
          -0.053816,
          -0.917155,
          -0.394879,
          1.502043
        ],
        [
          0.0,
          0.0,
          0.0,
          1.0
        ]
      ]
    },
    {
      "file_path": "/media/NFS/ttao/scannet/posed_images/scene0627_00/00018.jpg",
      "transform_matrix": [
        [
          0.676107,
          -0.311203,
          0.667856,
          1.76521
        ],
        [
          -0.731918,
          -0.179471,
          0.657332,
          8.032741
        ],
        [
          -0.084703,
          -0.933243,
          -0.349117,
          1.599673
        ],
        [
          0.0,
          0.0,
          0.0,
          1.0
        ]
      ]
    },
    {
      "file_path": "/media/NFS/ttao/scannet/posed_images/scene0627_00/00025.jpg",
      "transform_matrix": [
        [
          0.662862,
          -0.285313,
          0.69225,
          1.739569
        ],
        [
          -0.742843,
          -0.134771,
          0.65576,
          8.026289
        ],
        [
          -0.093802,
          -0.948911,
          -0.301278,
          1.604869
        ],
        [
          0.0,
          0.0,
          0.0,
          1.0
        ]
      ]
    },
    {
      "file_path": "/media/NFS/ttao/scannet/posed_images/scene0627_00/00029.jpg",
      "transform_matrix": [
        [
          0.657607,
          -0.277595,
          0.700353,
          1.729378
        ],
        [
          -0.745537,
          -0.106157,
          0.657956,
          8.025235
        ],
        [
          -0.108298,
          -0.954815,
          -0.276766,
          1.621509
        ],
        [
          0.0,
          0.0,
          0.0,
          1.0
        ]
      ]
    },
    {
      "file_path": "/media/NFS/ttao/scannet/posed_images/scene0627_00/00036.jpg",
      "transform_matrix": [
        [
          0.597879,
          -0.314106,
          0.737481,
          1.717481
        ],
        [
          -0.792192,
          -0.091089,
          0.603436,
          8.028106
        ],
        [
          -0.122366,
          -0.945008,
          -0.303292,
          1.605399
        ],
        [
          0.0,
          0.0,
          0.0,
          1.0
        ]
      ]
    },
    {
      "file_path": "/media/NFS/ttao/scannet/posed_images/scene0627_00/00050.jpg",
      "transform_matrix": [
        [
          0.488653,
          -0.356368,
          0.79638,
          1.752424
        ],
        [
          -0.86368,
          -0.068275,
          0.499396,
          8.040152
        ],
        [
          -0.123596,
          -0.931848,
          -0.34115,
          1.588675
        ],
        [
          0.0,
          0.0,
          0.0,
          1.0
        ]
      ]
    },
    {
      "file_path": "/media/NFS/ttao/scannet/posed_images/scene0627_00/00054.jpg",
      "transform_matrix": [
        [
          0.473312,
          -0.366115,
          0.801209,
          1.787917
        ],
        [
          -0.871922,
          -0.065223,
          0.485282,
          8.029443
        ],
        [
          -0.125412,
          -0.928281,
          -0.350095,
          1.592485
        ],
        [
          0.0,
          0.0,
          0.0,
          1.0
        ]
      ]
    },
    {
      "file_path": "/media/NFS/ttao/scannet/posed_images/scene0627_00/00063.jpg",
      "transform_matrix": [
        [
          0.433363,
          -0.370194,
          0.821677,
          1.85473
        ],
        [
          -0.894707,
          -0.067312,
          0.441553,
          8.027633
        ],
        [
          -0.108151,
          -0.926513,
          -0.360385,
          1.558258
        ],
        [
          0.0,
          0.0,
          0.0,
          1.0
        ]
      ]
    },
    {
      "file_path": "/media/NFS/ttao/scannet/posed_images/scene0627_00/00070.jpg",
      "transform_matrix": [
        [
          0.367429,
          -0.404405,
          0.837528,
          1.917367
        ],
        [
          -0.926911,
          -0.085278,
          0.365464,
          8.062676
        ],
        [
          -0.076373,
          -0.910596,
          -0.406181,
          1.559312
        ],
        [
          0.0,
          0.0,
          0.0,
          1.0
        ]
      ]
    },
    {
      "file_path": "/media/NFS/ttao/scannet/posed_images/scene0627_00/00079.jpg",
      "transform_matrix": [
        [
          0.233921,
          -0.440205,
          0.866891,
          2.011165
        ],
        [
          -0.97114,
          -0.063089,
          0.230015,
          8.128733
        ],
        [
          -0.046563,
          -0.895678,
          -0.442258,
          1.52558
        ],
        [
          0.0,
          0.0,
          0.0,
          1.0
        ]
      ]
    },
    {
      "file_path": "/media/NFS/ttao/scannet/posed_images/scene0627_00/00084.jpg",
      "transform_matrix": [
        [
          0.128381,
          -0.425597,
          0.89576,
          2.079166
        ],
        [
          -0.990697,
          -0.013919,
          0.135374,
          8.216598
        ],
        [
          -0.045147,
          -0.904806,
          -0.423424,
          1.522404
        ],
        [
          0.0,
          0.0,
          0.0,
          1.0
        ]
      ]
    },
    {
      "file_path": "/media/NFS/ttao/scannet/posed_images/scene0627_00/00090.jpg",
      "transform_matrix": [
        [
          0.02001,
          -0.41154,
          0.911172,
          2.166948
        ],
        [
          -0.998376,
          0.04039,
          0.040167,
          8.274712
        ],
        [
          -0.053333,
          -0.910496,
          -0.410064,
          1.525939
        ],
        [
          0.0,
          0.0,
          0.0,
          1.0
        ]
      ]
    },
    {
      "file_path": "/media/NFS/ttao/scannet/posed_images/scene0627_00/00100.jpg",
      "transform_matrix": [
        [
          -0.068207,
          -0.429908,
          0.900293,
          2.335932
        ],
        [
          -0.997316,
          0.053464,
          -0.050028,
          8.313667
        ],
        [
          -0.026626,
          -0.901288,
          -0.432401,
          1.502943
        ],
        [
          0.0,
          0.0,
          0.0,
          1.0
        ]
      ]
    },
    {
      "file_path": "/media/NFS/ttao/scannet/posed_images/scene0627_00/00106.jpg",
      "transform_matrix": [
        [
          -0.12083,
          -0.405806,
          0.905937,
          2.450039
        ],
        [
          -0.991133,
          0.100135,
          -0.087339,
          8.315437
        ],
        [
          -0.055273,
          -0.908457,
          -0.414307,
          1.50446
        ],
        [
          0.0,
          0.0,
          0.0,
          1.0
        ]
      ]
    },
    {
      "file_path": "/media/NFS/ttao/scannet/posed_images/scene0627_00/00111.jpg",
      "transform_matrix": [
        [
          -0.169683,
          -0.403654,
          0.899039,
          2.545056
        ],
        [
          -0.984297,
          0.114453,
          -0.134387,
          8.312738
        ],
        [
          -0.048652,
          -0.907724,
          -0.416736,
          1.501684
        ],
        [
          0.0,
          0.0,
          0.0,
          1.0
        ]
      ]
    },
    {
      "file_path": "/media/NFS/ttao/scannet/posed_images/scene0627_00/00120.jpg",
      "transform_matrix": [
        [
          -0.267341,
          -0.368761,
          0.89025,
          2.641406
        ],
        [
          -0.963327,
          0.124341,
          -0.237781,
          8.331923
        ],
        [
          -0.02301,
          -0.92117,
          -0.388479,
          1.508284
        ],
        [
          0.0,
          0.0,
          0.0,
          1.0
        ]
      ]
    },
    {
      "file_path": "/media/NFS/ttao/scannet/posed_images/scene0627_00/00127.jpg",
      "transform_matrix": [
        [
          -0.355551,
          -0.357197,
          0.863709,
          2.723053
        ],
        [
          -0.934531,
          0.151007,
          -0.322254,
          8.377831
        ],
        [
          -0.015317,
          -0.921741,
          -0.387503,
          1.516222
        ],
        [
          0.0,
          0.0,
          0.0,
          1.0
        ]
      ]
    },
    {
      "file_path": "/media/NFS/ttao/scannet/posed_images/scene0627_00/00140.jpg",
      "transform_matrix": [
        [
          -0.496456,
          -0.318291,
          0.807603,
          2.847067
        ],
        [
          -0.867803,
          0.204685,
          -0.452793,
          8.433425
        ],
        [
          -0.021185,
          -0.925632,
          -0.377831,
          1.519332
        ],
        [
          0.0,
          0.0,
          0.0,
          1.0
        ]
      ]
    },
    {
      "file_path": "/media/NFS/ttao/scannet/posed_images/scene0627_00/00145.jpg",
      "transform_matrix": [
        [
          -0.522409,
          -0.316611,
          0.791736,
          2.888575
        ],
        [
          -0.852676,
          0.200168,
          -0.482573,
          8.431344
        ],
        [
          -0.005692,
          -0.927195,
          -0.374536,
          1.520556
        ],
        [
          0.0,
          0.0,
          0.0,
          1.0
        ]
      ]
    },
    {
      "file_path": "/media/NFS/ttao/scannet/posed_images/scene0627_00/00149.jpg",
      "transform_matrix": [
        [
          -0.530245,
          -0.303132,
          0.791802,
          2.921664
        ],
        [
          -0.847842,
          0.187739,
          -0.4959,
          8.420443
        ],
        [
          0.001671,
          -0.934272,
          -0.356557,
          1.529387
        ],
        [
          0.0,
          0.0,
          0.0,
          1.0
        ]
      ]
    },
    {
      "file_path": "/media/NFS/ttao/scannet/posed_images/scene0627_00/00156.jpg",
      "transform_matrix": [
        [
          -0.541025,
          -0.275126,
          0.794731,
          2.971538
        ],
        [
          -0.841006,
          0.178258,
          -0.510816,
          8.372632
        ],
        [
          -0.001129,
          -0.944738,
          -0.327825,
          1.536315
        ],
        [
          0.0,
          0.0,
          0.0,
          1.0
        ]
      ]
    },
    {
      "file_path": "/media/NFS/ttao/scannet/posed_images/scene0627_00/00167.jpg",
      "transform_matrix": [
        [
          -0.605984,
          -0.273684,
          0.746914,
          3.035692
        ],
        [
          -0.795311,
          0.189296,
          -0.575888,
          8.318041
        ],
        [
          0.016224,
          -0.943008,
          -0.332375,
          1.525597
        ],
        [
          0.0,
          0.0,
          0.0,
          1.0
        ]
      ]
    },
    {
      "file_path": "/media/NFS/ttao/scannet/posed_images/scene0627_00/00176.jpg",
      "transform_matrix": [
        [
          -0.67278,
          -0.251115,
          0.695922,
          3.089869
        ],
        [
          -0.73982,
          0.220974,
          -0.635482,
          8.350606
        ],
        [
          0.005798,
          -0.942397,
          -0.334446,
          1.512015
        ],
        [
          0.0,
          0.0,
          0.0,
          1.0
        ]
      ]
    },
    {
      "file_path": "/media/NFS/ttao/scannet/posed_images/scene0627_00/00183.jpg",
      "transform_matrix": [
        [
          -0.726303,
          -0.238561,
          0.64465,
          3.136541
        ],
        [
          -0.687366,
          0.247234,
          -0.682937,
          8.410156
        ],
        [
          0.003543,
          -0.93913,
          -0.343545,
          1.496015
        ],
        [
          0.0,
          0.0,
          0.0,
          1.0
        ]
      ]
    },
    {
      "file_path": "/media/NFS/ttao/scannet/posed_images/scene0627_00/00188.jpg",
      "transform_matrix": [
        [
          -0.76028,
          -0.223587,
          0.609904,
          3.161159
        ],
        [
          -0.649534,
          0.24882,
          -0.718466,
          8.455247
        ],
        [
          0.008884,
          -0.942389,
          -0.3344,
          1.487261
        ],
        [
          0.0,
          0.0,
          0.0,
          1.0
        ]
      ]
    },
    {
      "file_path": "/media/NFS/ttao/scannet/posed_images/scene0627_00/00199.jpg",
      "transform_matrix": [
        [
          -0.797373,
          -0.234011,
          0.556268,
          3.163382
        ],
        [
          -0.603242,
          0.282878,
          -0.745707,
          8.538599
        ],
        [
          0.017147,
          -0.930171,
          -0.366725,
          1.472384
        ],
        [
          0.0,
          0.0,
          0.0,
          1.0
        ]
      ]
    },
    {
      "file_path": "/media/NFS/ttao/scannet/posed_images/scene0627_00/00201.jpg",
      "transform_matrix": [
        [
          -0.801059,
          -0.220924,
          0.556325,
          3.148988
        ],
        [
          -0.598507,
          0.280563,
          -0.750382,
          8.551508
        ],
        [
          0.009693,
          -0.934065,
          -0.356972,
          1.472704
        ],
        [
          0.0,
          0.0,
          0.0,
          1.0
        ]
      ]
    },
    {
      "file_path": "/media/NFS/ttao/scannet/posed_images/scene0627_00/00210.jpg",
      "transform_matrix": [
        [
          -0.844299,
          -0.172624,
          0.507306,
          3.082144
        ],
        [
          -0.535597,
          0.30212,
          -0.78858,
          8.617296
        ],
        [
          -0.017139,
          -0.93751,
          -0.347537,
          1.481949
        ],
        [
          0.0,
          0.0,
          0.0,
          1.0
        ]
      ]
    },
    {
      "file_path": "/media/NFS/ttao/scannet/posed_images/scene0627_00/00217.jpg",
      "transform_matrix": [
        [
          -0.886144,
          -0.156222,
          0.436284,
          3.035524
        ],
        [
          -0.463346,
          0.314369,
          -0.828542,
          8.662789
        ],
        [
          -0.007717,
          -0.936358,
          -0.350961,
          1.493024
        ],
        [
          0.0,
          0.0,
          0.0,
          1.0
        ]
      ]
    },
    {
      "file_path": "/media/NFS/ttao/scannet/posed_images/scene0627_00/00231.jpg",
      "transform_matrix": [
        [
          -0.938418,
          -0.132011,
          0.319289,
          3.016384
        ],
        [
          -0.345115,
          0.314397,
          -0.884336,
          8.717965
        ],
        [
          0.016359,
          -0.940068,
          -0.340595,
          1.497347
        ],
        [
          0.0,
          0.0,
          0.0,
          1.0
        ]
      ]
    },
    {
      "file_path": "/media/NFS/ttao/scannet/posed_images/scene0627_00/00235.jpg",
      "transform_matrix": [
        [
          -0.94484,
          -0.128573,
          0.301241,
          3.033129
        ],
        [
          -0.327281,
          0.334577,
          -0.883711,
          8.724608
        ],
        [
          0.012833,
          -0.933556,
          -0.358201,
          1.497999
        ],
        [
          0.0,
          0.0,
          0.0,
          1.0
        ]
      ]
    },
    {
      "file_path": "/media/NFS/ttao/scannet/posed_images/scene0627_00/00244.jpg",
      "transform_matrix": [
        [
          -0.966358,
          -0.117303,
          0.228895,
          3.075843
        ],
        [
          -0.255367,
          0.331463,
          -0.908251,
          8.740812
        ],
        [
          0.030671,
          -0.936148,
          -0.350267,
          1.48939
        ],
        [
          0.0,
          0.0,
          0.0,
          1.0
        ]
      ]
    },
    {
      "file_path": "/media/NFS/ttao/scannet/posed_images/scene0627_00/00253.jpg",
      "transform_matrix": [
        [
          -0.983712,
          -0.101812,
          0.148136,
          3.096093
        ],
        [
          -0.174567,
          0.344651,
          -0.922357,
          8.737158
        ],
        [
          0.042852,
          -0.933194,
          -0.35681,
          1.484433
        ],
        [
          0.0,
          0.0,
          0.0,
          1.0
        ]
      ]
    },
    {
      "file_path": "/media/NFS/ttao/scannet/posed_images/scene0627_00/00258.jpg",
      "transform_matrix": [
        [
          -0.989844,
          -0.090911,
          0.109293,
          3.10027
        ],
        [
          -0.134121,
          0.342319,
          -0.929962,
          8.739266
        ],
        [
          0.047131,
          -0.935175,
          -0.351035,
          1.482673
        ],
        [
          0.0,
          0.0,
          0.0,
          1.0
        ]
      ]
    },
    {
      "file_path": "/media/NFS/ttao/scannet/posed_images/scene0627_00/00267.jpg",
      "transform_matrix": [
        [
          -0.99643,
          -0.067108,
          0.051215,
          3.106076
        ],
        [
          -0.071472,
          0.347777,
          -0.934849,
          8.727826
        ],
        [
          0.044925,
          -0.935173,
          -0.351332,
          1.483507
        ],
        [
          0.0,
          0.0,
          0.0,
          1.0
        ]
      ]
    },
    {
      "file_path": "/media/NFS/ttao/scannet/posed_images/scene0627_00/00269.jpg",
      "transform_matrix": [
        [
          -0.997059,
          -0.065546,
          0.039698,
          3.10191
        ],
        [
          -0.060212,
          0.349681,
          -0.934932,
          8.724939
        ],
        [
          0.047399,
          -0.934573,
          -0.3526,
          1.482494
        ],
        [
          0.0,
          0.0,
          0.0,
          1.0
        ]
      ]
    },
    {
      "file_path": "/media/NFS/ttao/scannet/posed_images/scene0627_00/00280.jpg",
      "transform_matrix": [
        [
          -0.997813,
          -0.045588,
          -0.047871,
          3.147762
        ],
        [
          0.028282,
          0.360141,
          -0.932469,
          8.710677
        ],
        [
          0.05975,
          -0.931783,
          -0.358064,
          1.478265
        ],
        [
          0.0,
          0.0,
          0.0,
          1.0
        ]
      ]
    },
    {
      "file_path": "/media/NFS/ttao/scannet/posed_images/scene0627_00/00290.jpg",
      "transform_matrix": [
        [
          -0.989896,
          -0.018197,
          -0.140618,
          3.237309
        ],
        [
          0.121906,
          0.397252,
          -0.909576,
          8.686892
        ],
        [
          0.072412,
          -0.917529,
          -0.39102,
          1.458368
        ],
        [
          0.0,
          0.0,
          0.0,
          1.0
        ]
      ]
    },
    {
      "file_path": "/media/NFS/ttao/scannet/posed_images/scene0627_00/00296.jpg",
      "transform_matrix": [
        [
          -0.984963,
          -0.020244,
          -0.171577,
          3.301755
        ],
        [
          0.147221,
          0.421365,
          -0.894861,
          8.640922
        ],
        [
          0.090412,
          -0.906665,
          -0.412049,
          1.449808
        ],
        [
          0.0,
          0.0,
          0.0,
          1.0
        ]
      ]
    },
    {
      "file_path": "/media/NFS/ttao/scannet/posed_images/scene0627_00/00305.jpg",
      "transform_matrix": [
        [
          -0.986909,
          -0.025248,
          -0.159289,
          3.377012
        ],
        [
          0.134144,
          0.419792,
          -0.897653,
          8.546735
        ],
        [
          0.089533,
          -0.907269,
          -0.410909,
          1.430066
        ],
        [
          0.0,
          0.0,
          0.0,
          1.0
        ]
      ]
    },
    {
      "file_path": "/media/NFS/ttao/scannet/posed_images/scene0627_00/00310.jpg",
      "transform_matrix": [
        [
          -0.987312,
          -0.030814,
          -0.155775,
          3.413945
        ],
        [
          0.12612,
          0.443892,
          -0.88716,
          8.489275
        ],
        [
          0.096484,
          -0.89555,
          -0.434373,
          1.428704
        ],
        [
          0.0,
          0.0,
          0.0,
          1.0
        ]
      ]
    },
    {
      "file_path": "/media/NFS/ttao/scannet/posed_images/scene0627_00/00321.jpg",
      "transform_matrix": [
        [
          -0.965026,
          -0.039343,
          -0.259186,
          3.552701
        ],
        [
          0.212901,
          0.459272,
          -0.862405,
          8.360073
        ],
        [
          0.152966,
          -0.887424,
          -0.434833,
          1.405976
        ],
        [
          0.0,
          0.0,
          0.0,
          1.0
        ]
      ]
    },
    {
      "file_path": "/media/NFS/ttao/scannet/posed_images/scene0627_00/00323.jpg",
      "transform_matrix": [
        [
          -0.961185,
          -0.034522,
          -0.273736,
          3.58121
        ],
        [
          0.227722,
          0.460897,
          -0.857739,
          8.338257
        ],
        [
          0.155775,
          -0.886782,
          -0.435146,
          1.399737
        ],
        [
          0.0,
          0.0,
          0.0,
          1.0
        ]
      ]
    },
    {
      "file_path": "/media/NFS/ttao/scannet/posed_images/scene0627_00/00330.jpg",
      "transform_matrix": [
        [
          -0.930823,
          0.03338,
          -0.363943,
          3.718641
        ],
        [
          0.338305,
          0.455447,
          -0.823479,
          8.246859
        ],
        [
          0.138268,
          -0.889637,
          -0.435233,
          1.401571
        ],
        [
          0.0,
          0.0,
          0.0,
          1.0
        ]
      ]
    },
    {
      "file_path": "/media/NFS/ttao/scannet/posed_images/scene0627_00/00344.jpg",
      "transform_matrix": [
        [
          -0.931874,
          0.063474,
          -0.357186,
          3.94289
        ],
        [
          0.346106,
          0.450629,
          -0.822888,
          8.104813
        ],
        [
          0.108726,
          -0.890452,
          -0.441898,
          1.387365
        ],
        [
          0.0,
          0.0,
          0.0,
          1.0
        ]
      ]
    },
    {
      "file_path": "/media/NFS/ttao/scannet/posed_images/scene0627_00/00346.jpg",
      "transform_matrix": [
        [
          -0.929721,
          0.072814,
          -0.360995,
          3.966142
        ],
        [
          0.353798,
          0.44866,
          -0.820689,
          8.077712
        ],
        [
          0.102206,
          -0.890731,
          -0.44289,
          1.373384
        ],
        [
          0.0,
          0.0,
          0.0,
          1.0
        ]
      ]
    },
    {
      "file_path": "/media/NFS/ttao/scannet/posed_images/scene0627_00/00357.jpg",
      "transform_matrix": [
        [
          -0.927647,
          0.106556,
          -0.357935,
          4.12464
        ],
        [
          0.364554,
          0.46642,
          -0.805948,
          7.895476
        ],
        [
          0.081069,
          -0.878122,
          -0.471518,
          1.37217
        ],
        [
          0.0,
          0.0,
          0.0,
          1.0
        ]
      ]
    },
    {
      "file_path": "/media/NFS/ttao/scannet/posed_images/scene0627_00/00360.jpg",
      "transform_matrix": [
        [
          -0.92116,
          0.098032,
          -0.376635,
          4.176095
        ],
        [
          0.378335,
          0.452467,
          -0.80755,
          7.850904
        ],
        [
          0.091249,
          -0.886377,
          -0.453883,
          1.369394
        ],
        [
          0.0,
          0.0,
          0.0,
          1.0
        ]
      ]
    },
    {
      "file_path": "/media/NFS/ttao/scannet/posed_images/scene0627_00/00369.jpg",
      "transform_matrix": [
        [
          -0.891663,
          0.11192,
          -0.438648,
          4.356909
        ],
        [
          0.444759,
          0.397281,
          -0.802719,
          7.735361
        ],
        [
          0.084426,
          -0.910847,
          -0.404018,
          1.367978
        ],
        [
          0.0,
          0.0,
          0.0,
          1.0
        ]
      ]
    },
    {
      "file_path": "/media/NFS/ttao/scannet/posed_images/scene0627_00/00380.jpg",
      "transform_matrix": [
        [
          -0.901337,
          0.108218,
          -0.41938,
          4.450038
        ],
        [
          0.425727,
          0.399478,
          -0.811895,
          7.626339
        ],
        [
          0.079672,
          -0.910333,
          -0.406135,
          1.367353
        ],
        [
          0.0,
          0.0,
          0.0,
          1.0
        ]
      ]
    },
    {
      "file_path": "/media/NFS/ttao/scannet/posed_images/scene0627_00/00385.jpg",
      "transform_matrix": [
        [
          -0.90658,
          0.115351,
          -0.405965,
          4.50751
        ],
        [
          0.416881,
          0.394624,
          -0.818829,
          7.532228
        ],
        [
          0.065751,
          -0.911573,
          -0.405846,
          1.36725
        ],
        [
          0.0,
          0.0,
          0.0,
          1.0
        ]
      ]
    },
    {
      "file_path": "/media/NFS/ttao/scannet/posed_images/scene0627_00/00396.jpg",
      "transform_matrix": [
        [
          -0.929903,
          0.060274,
          -0.362833,
          4.622499
        ],
        [
          0.35427,
          0.411934,
          -0.839525,
          7.374831
        ],
        [
          0.098862,
          -0.909218,
          -0.404412,
          1.373791
        ],
        [
          0.0,
          0.0,
          0.0,
          1.0
        ]
      ]
    },
    {
      "file_path": "/media/NFS/ttao/scannet/posed_images/scene0627_00/00400.jpg",
      "transform_matrix": [
        [
          -0.926976,
          0.05564,
          -0.37097,
          4.684457
        ],
        [
          0.358873,
          0.419435,
          -0.833837,
          7.317581
        ],
        [
          0.109203,
          -0.906079,
          -0.408774,
          1.362517
        ],
        [
          0.0,
          0.0,
          0.0,
          1.0
        ]
      ]
    },
    {
      "file_path": "/media/NFS/ttao/scannet/posed_images/scene0627_00/00409.jpg",
      "transform_matrix": [
        [
          -0.901968,
          0.089428,
          -0.42244,
          4.889957
        ],
        [
          0.418105,
          0.425328,
          -0.802673,
          7.169587
        ],
        [
          0.107895,
          -0.90061,
          -0.421023,
          1.373787
        ],
        [
          0.0,
          0.0,
          0.0,
          1.0
        ]
      ]
    },
    {
      "file_path": "/media/NFS/ttao/scannet/posed_images/scene0627_00/00418.jpg",
      "transform_matrix": [
        [
          -0.899914,
          0.104037,
          -0.423475,
          4.991368
        ],
        [
          0.426453,
          0.412761,
          -0.804839,
          7.050835
        ],
        [
          0.091061,
          -0.904878,
          -0.415816,
          1.358906
        ],
        [
          0.0,
          0.0,
          0.0,
          1.0
        ]
      ]
    },
    {
      "file_path": "/media/NFS/ttao/scannet/posed_images/scene0627_00/00425.jpg",
      "transform_matrix": [
        [
          -0.922457,
          0.122559,
          -0.366132,
          5.086732
        ],
        [
          0.380596,
          0.448194,
          -0.808869,
          6.948983
        ],
        [
          0.064964,
          -0.885495,
          -0.460085,
          1.369044
        ],
        [
          0.0,
          0.0,
          0.0,
          1.0
        ]
      ]
    },
    {
      "file_path": "/media/NFS/ttao/scannet/posed_images/scene0627_00/00434.jpg",
      "transform_matrix": [
        [
          -0.926849,
          0.05634,
          -0.371182,
          5.237202
        ],
        [
          0.35671,
          0.440478,
          -0.823855,
          6.828872
        ],
        [
          0.117082,
          -0.895994,
          -0.428354,
          1.361805
        ],
        [
          0.0,
          0.0,
          0.0,
          1.0
        ]
      ]
    },
    {
      "file_path": "/media/NFS/ttao/scannet/posed_images/scene0627_00/00437.jpg",
      "transform_matrix": [
        [
          -0.912117,
          0.077949,
          -0.40245,
          5.308732
        ],
        [
          0.39588,
          0.422322,
          -0.815428,
          6.794451
        ],
        [
          0.106402,
          -0.903088,
          -0.416066,
          1.359913
        ],
        [
          0.0,
          0.0,
          0.0,
          1.0
        ]
      ]
    },
    {
      "file_path": "/media/NFS/ttao/scannet/posed_images/scene0627_00/00443.jpg",
      "transform_matrix": [
        [
          -0.898186,
          0.107416,
          -0.426292,
          5.454216
        ],
        [
          0.429757,
          0.41876,
          -0.799968,
          6.704269
        ],
        [
          0.092585,
          -0.901721,
          -0.422287,
          1.373676
        ],
        [
          0.0,
          0.0,
          0.0,
          1.0
        ]
      ]
    },
    {
      "file_path": "/media/NFS/ttao/scannet/posed_images/scene0627_00/00450.jpg",
      "transform_matrix": [
        [
          -0.898913,
          0.106524,
          -0.42498,
          5.584423
        ],
        [
          0.427721,
          0.423516,
          -0.798554,
          6.596293
        ],
        [
          0.094921,
          -0.899604,
          -0.426267,
          1.367909
        ],
        [
          0.0,
          0.0,
          0.0,
          1.0
        ]
      ]
    },
    {
      "file_path": "/media/NFS/ttao/scannet/posed_images/scene0627_00/00461.jpg",
      "transform_matrix": [
        [
          -0.898617,
          0.10501,
          -0.425982,
          5.770967
        ],
        [
          0.425523,
          0.445076,
          -0.787932,
          6.424585
        ],
        [
          0.106854,
          -0.889315,
          -0.444637,
          1.382721
        ],
        [
          0.0,
          0.0,
          0.0,
          1.0
        ]
      ]
    },
    {
      "file_path": "/media/NFS/ttao/scannet/posed_images/scene0627_00/00468.jpg",
      "transform_matrix": [
        [
          -0.880764,
          0.091914,
          -0.464549,
          5.923551
        ],
        [
          0.459303,
          0.40466,
          -0.790754,
          6.343685
        ],
        [
          0.115303,
          -0.909837,
          -0.398626,
          1.379519
        ],
        [
          0.0,
          0.0,
          0.0,
          1.0
        ]
      ]
    },
    {
      "file_path": "/media/NFS/ttao/scannet/posed_images/scene0627_00/00477.jpg",
      "transform_matrix": [
        [
          -0.779188,
          0.169204,
          -0.60352,
          6.079268
        ],
        [
          0.617301,
          0.374072,
          -0.692105,
          6.22786
        ],
        [
          0.108653,
          -0.911834,
          -0.395922,
          1.382416
        ],
        [
          0.0,
          0.0,
          0.0,
          1.0
        ]
      ]
    },
    {
      "file_path": "/media/NFS/ttao/scannet/posed_images/scene0627_00/00484.jpg",
      "transform_matrix": [
        [
          -0.668776,
          0.25148,
          -0.69964,
          6.149547
        ],
        [
          0.735652,
          0.359899,
          -0.573837,
          6.098489
        ],
        [
          0.107491,
          -0.89846,
          -0.425694,
          1.38662
        ],
        [
          0.0,
          0.0,
          0.0,
          1.0
        ]
      ]
    },
    {
      "file_path": "/media/NFS/ttao/scannet/posed_images/scene0627_00/00491.jpg",
      "transform_matrix": [
        [
          -0.578827,
          0.308867,
          -0.754693,
          6.185076
        ],
        [
          0.814419,
          0.265505,
          -0.515974,
          5.979791
        ],
        [
          0.041007,
          -0.913296,
          -0.405228,
          1.398296
        ],
        [
          0.0,
          0.0,
          0.0,
          1.0
        ]
      ]
    },
    {
      "file_path": "/media/NFS/ttao/scannet/posed_images/scene0627_00/00500.jpg",
      "transform_matrix": [
        [
          -0.449642,
          0.344262,
          -0.8242,
          6.21734
        ],
        [
          0.892777,
          0.201907,
          -0.402719,
          5.88891
        ],
        [
          0.027771,
          -0.916907,
          -0.398135,
          1.392617
        ],
        [
          0.0,
          0.0,
          0.0,
          1.0
        ]
      ]
    },
    {
      "file_path": "/media/NFS/ttao/scannet/posed_images/scene0627_00/00507.jpg",
      "transform_matrix": [
        [
          -0.264824,
          0.393959,
          -0.88015,
          6.267089
        ],
        [
          0.96407,
          0.127955,
          -0.2328,
          5.82252
        ],
        [
          0.020906,
          -0.910178,
          -0.41369,
          1.392504
        ],
        [
          0.0,
          0.0,
          0.0,
          1.0
        ]
      ]
    },
    {
      "file_path": "/media/NFS/ttao/scannet/posed_images/scene0627_00/00511.jpg",
      "transform_matrix": [
        [
          -0.189658,
          0.367225,
          -0.910591,
          6.310205
        ],
        [
          0.981816,
          0.078716,
          -0.172748,
          5.825665
        ],
        [
          0.008241,
          -0.926795,
          -0.375476,
          1.40247
        ],
        [
          0.0,
          0.0,
          0.0,
          1.0
        ]
      ]
    },
    {
      "file_path": "/media/NFS/ttao/scannet/posed_images/scene0627_00/00523.jpg",
      "transform_matrix": [
        [
          -0.048417,
          0.345836,
          -0.937045,
          6.419593
        ],
        [
          0.998674,
          0.033205,
          -0.039346,
          5.814407
        ],
        [
          0.017507,
          -0.937707,
          -0.346985,
          1.401178
        ],
        [
          0.0,
          0.0,
          0.0,
          1.0
        ]
      ]
    },
    {
      "file_path": "/media/NFS/ttao/scannet/posed_images/scene0627_00/00527.jpg",
      "transform_matrix": [
        [
          -0.053742,
          0.338194,
          -0.939541,
          6.455087
        ],
        [
          0.998205,
          -0.0067,
          -0.059509,
          5.838657
        ],
        [
          -0.026421,
          -0.941053,
          -0.337227,
          1.396913
        ],
        [
          0.0,
          0.0,
          0.0,
          1.0
        ]
      ]
    },
    {
      "file_path": "/media/NFS/ttao/scannet/posed_images/scene0627_00/00538.jpg",
      "transform_matrix": [
        [
          0.104039,
          0.329155,
          -0.938527,
          6.537628
        ],
        [
          0.994302,
          -0.05644,
          0.090428,
          5.847693
        ],
        [
          -0.023206,
          -0.942588,
          -0.333152,
          1.420826
        ],
        [
          0.0,
          0.0,
          0.0,
          1.0
        ]
      ]
    },
    {
      "file_path": "/media/NFS/ttao/scannet/posed_images/scene0627_00/00543.jpg",
      "transform_matrix": [
        [
          0.189217,
          0.293131,
          -0.937161,
          6.568073
        ],
        [
          0.981934,
          -0.057962,
          0.180127,
          5.837458
        ],
        [
          -0.001519,
          -0.954314,
          -0.298803,
          1.418189
        ],
        [
          0.0,
          0.0,
          0.0,
          1.0
        ]
      ]
    },
    {
      "file_path": "/media/NFS/ttao/scannet/posed_images/scene0627_00/00552.jpg",
      "transform_matrix": [
        [
          0.294426,
          0.278702,
          -0.914133,
          6.604438
        ],
        [
          0.955543,
          -0.070025,
          0.286414,
          5.769812
        ],
        [
          0.015812,
          -0.957821,
          -0.286929,
          1.414478
        ],
        [
          0.0,
          0.0,
          0.0,
          1.0
        ]
      ]
    },
    {
      "file_path": "/media/NFS/ttao/scannet/posed_images/scene0627_00/00556.jpg",
      "transform_matrix": [
        [
          0.354273,
          0.267715,
          -0.896002,
          6.611771
        ],
        [
          0.935141,
          -0.100204,
          0.339809,
          5.750747
        ],
        [
          0.001189,
          -0.958273,
          -0.285851,
          1.417354
        ],
        [
          0.0,
          0.0,
          0.0,
          1.0
        ]
      ]
    },
    {
      "file_path": "/media/NFS/ttao/scannet/posed_images/scene0627_00/00566.jpg",
      "transform_matrix": [
        [
          0.451391,
          0.249842,
          -0.856636,
          6.616271
        ],
        [
          0.892268,
          -0.115412,
          0.436507,
          5.727572
        ],
        [
          0.010192,
          -0.961384,
          -0.275022,
          1.428675
        ],
        [
          0.0,
          0.0,
          0.0,
          1.0
        ]
      ]
    },
    {
      "file_path": "/media/NFS/ttao/scannet/posed_images/scene0627_00/00572.jpg",
      "transform_matrix": [
        [
          0.474189,
          0.217382,
          -0.853165,
          6.630845
        ],
        [
          0.880412,
          -0.112089,
          0.460773,
          5.733844
        ],
        [
          0.004534,
          -0.969629,
          -0.244537,
          1.438241
        ],
        [
          0.0,
          0.0,
          0.0,
          1.0
        ]
      ]
    },
    {
      "file_path": "/media/NFS/ttao/scannet/posed_images/scene0627_00/00579.jpg",
      "transform_matrix": [
        [
          0.521221,
          0.226655,
          -0.822773,
          6.633237
        ],
        [
          0.853318,
          -0.123383,
          0.506582,
          5.732545
        ],
        [
          0.013303,
          -0.966128,
