{
  "frames": [
    {
      "file_path": "/media/NFS/ttao/scannet/posed_images/scene0581_01/00000.jpg",
      "transform_matrix": [
        [
          0.20441,
          0.365939,
          -0.907912,
          4.63176
        ],
        [
          0.978862,
          -0.082765,
          0.187025,
          2.335998
        ],
        [
          -0.006704,
          -0.926951,
          -0.375122,
          1.355435
        ],
        [
          0.0,
          0.0,
          0.0,
          1.0
        ]
      ]
    },
    {
      "file_path": "/media/NFS/ttao/scannet/posed_images/scene0581_01/00005.jpg",
      "transform_matrix": [
        [
          0.187225,
          0.355851,
          -0.915596,
          4.658436
        ],
        [
          0.982168,
          -0.08402,
          0.168183,
          2.364838
        ],
        [
          -0.017081,
          -0.930758,
          -0.365236,
          1.355074
        ],
        [
          0.0,
          0.0,
          0.0,
          1.0
        ]
      ]
    },
    {
      "file_path": "/media/NFS/ttao/scannet/posed_images/scene0581_01/00011.jpg",
      "transform_matrix": [
        [
          0.17685,
          0.38223,
          -0.906986,
          4.669024
        ],
        [
          0.984223,
          -0.073641,
          0.160876,
          2.380258
        ],
        [
          -0.0053,
          -0.921128,
          -0.389224,
          1.353004
        ],
        [
          0.0,
          0.0,
          0.0,
          1.0
        ]
      ]
    },
    {
      "file_path": "/media/NFS/ttao/scannet/posed_images/scene0581_01/00017.jpg",
      "transform_matrix": [
        [
          0.168094,
          0.376174,
          -0.911174,
          4.66866
        ],
        [
          0.985735,
          -0.056243,
          0.15863,
          2.373371
        ],
        [
          0.008426,
          -0.92484,
          -0.380262,
          1.355155
        ],
        [
          0.0,
          0.0,
          0.0,
          1.0
        ]
      ]
    },
    {
      "file_path": "/media/NFS/ttao/scannet/posed_images/scene0581_01/00020.jpg",
      "transform_matrix": [
        [
          0.177184,
          0.373085,
          -0.910721,
          4.657145
        ],
        [
          0.984169,
          -0.071035,
          0.162373,
          2.358419
        ],
        [
          -0.004114,
          -0.925074,
          -0.379765,
          1.356404
        ],
        [
          0.0,
          0.0,
          0.0,
          1.0
        ]
      ]
    },
    {
      "file_path": "/media/NFS/ttao/scannet/posed_images/scene0581_01/00025.jpg",
      "transform_matrix": [
        [
          0.202286,
          0.372778,
          -0.905603,
          4.619489
        ],
        [
          0.979019,
          -0.100149,
          0.177461,
          2.32074
        ],
        [
          -0.024541,
          -0.9225,
          -0.385215,
          1.366199
        ],
        [
          0.0,
          0.0,
          0.0,
          1.0
        ]
      ]
    },
    {
      "file_path": "/media/NFS/ttao/scannet/posed_images/scene0581_01/00034.jpg",
      "transform_matrix": [
        [
          0.259049,
          0.362093,
          -0.895423,
          4.550982
        ],
        [
          0.965026,
          -0.135646,
          0.224332,
          2.257054
        ],
        [
          -0.040231,
          -0.92222,
          -0.384568,
          1.3746
        ],
        [
          0.0,
          0.0,
          0.0,
          1.0
        ]
      ]
    },
    {
      "file_path": "/media/NFS/ttao/scannet/posed_images/scene0581_01/00036.jpg",
      "transform_matrix": [
        [
          0.266566,
          0.359594,
          -0.894223,
          4.539223
        ],
        [
          0.962682,
          -0.144351,
          0.228925,
          2.249963
        ],
        [
          -0.046762,
          -0.921876,
          -0.384654,
          1.374301
        ],
        [
          0.0,
          0.0,
          0.0,
          1.0
        ]
      ]
    },
    {
      "file_path": "/media/NFS/ttao/scannet/posed_images/scene0581_01/00043.jpg",
      "transform_matrix": [
        [
          0.313996,
          0.341516,
          -0.885875,
          4.486492
        ],
        [
          0.94791,
          -0.165441,
          0.272205,
          2.248751
        ],
        [
          -0.053597,
          -0.925201,
          -0.375674,
          1.375176
        ],
        [
          0.0,
          0.0,
          0.0,
          1.0
        ]
      ]
    },
    {
      "file_path": "/media/NFS/ttao/scannet/posed_images/scene0581_01/00050.jpg",
      "transform_matrix": [
        [
          0.368601,
          0.326383,
          -0.870406,
          4.419632
        ],
        [
          0.928889,
          -0.165612,
          0.331266,
          2.281904
        ],
        [
          -0.03603,
          -0.930616,
          -0.364219,
          1.373048
        ],
        [
          0.0,
          0.0,
          0.0,
          1.0
        ]
      ]
    },
    {
      "file_path": "/media/NFS/ttao/scannet/posed_images/scene0581_01/00054.jpg",
      "transform_matrix": [
        [
          0.39635,
          0.310515,
          -0.863995,
          4.377961
        ],
        [
          0.916721,
          -0.185394,
          0.353908,
          2.313394
        ],
        [
          -0.050286,
          -0.932314,
          -0.358136,
          1.373153
        ],
        [
          0.0,
          0.0,
          0.0,
          1.0
        ]
      ]
    },
    {
      "file_path": "/media/NFS/ttao/scannet/posed_images/scene0581_01/00056.jpg",
      "transform_matrix": [
        [
          0.40499,
          0.315534,
          -0.85815,
          4.356291
        ],
        [
          0.91259,
          -0.197217,
          0.358167,
          2.327824
        ],
        [
          -0.056228,
          -0.928194,
          -0.367824,
          1.374321
        ],
        [
          0.0,
          0.0,
          0.0,
          1.0
        ]
      ]
    },
    {
      "file_path": "/media/NFS/ttao/scannet/posed_images/scene0581_01/00061.jpg",
      "transform_matrix": [
        [
          0.451232,
          0.317505,
          -0.834014,
          4.30141
        ],
        [
          0.891327,
          -0.206293,
          0.403706,
          2.361496
        ],
        [
          -0.043873,
          -0.925545,
          -0.376087,
          1.371974
        ],
        [
          0.0,
          0.0,
          0.0,
          1.0
        ]
      ]
    },
    {
      "file_path": "/media/NFS/ttao/scannet/posed_images/scene0581_01/00068.jpg",
      "transform_matrix": [
        [
          0.51609,
          0.305441,
          -0.800223,
          4.245806
        ],
        [
          0.854983,
          -0.239914,
          0.459832,
          2.378222
        ],
        [
          -0.051533,
          -0.921492,
          -0.384964,
          1.374303
        ],
        [
          0.0,
          0.0,
          0.0,
          1.0
        ]
      ]
    },
    {
      "file_path": "/media/NFS/ttao/scannet/posed_images/scene0581_01/00075.jpg",
      "transform_matrix": [
        [
          0.593238,
          0.279372,
          -0.754997,
          4.186604
        ],
        [
          0.80253,
          -0.279052,
          0.527329,
          2.368177
        ],
        [
          -0.063363,
          -0.918739,
          -0.389749,
          1.386222
        ],
        [
          0.0,
          0.0,
          0.0,
          1.0
        ]
      ]
    },
    {
      "file_path": "/media/NFS/ttao/scannet/posed_images/scene0581_01/00078.jpg",
      "transform_matrix": [
        [
          0.625248,
          0.271063,
          -0.73184,
          4.161427
        ],
        [
          0.777172,
          -0.301803,
          0.552194,
          2.354647
        ],
        [
          -0.071192,
          -0.914024,
          -0.399364,
          1.392191
        ],
        [
          0.0,
          0.0,
          0.0,
          1.0
        ]
      ]
    },
    {
      "file_path": "/media/NFS/ttao/scannet/posed_images/scene0581_01/00082.jpg",
      "transform_matrix": [
        [
          0.663687,
          0.252037,
          -0.70427,
          4.136766
        ],
        [
          0.744347,
          -0.315598,
          0.588511,
          2.333544
        ],
        [
          -0.07394,
          -0.914809,
          -0.397062,
          1.400957
        ],
        [
          0.0,
          0.0,
          0.0,
          1.0
        ]
      ]
    },
    {
      "file_path": "/media/NFS/ttao/scannet/posed_images/scene0581_01/00089.jpg",
      "transform_matrix": [
        [
          0.741318,
          0.226728,
          -0.631697,
          4.108335
        ],
        [
          0.667767,
          -0.343608,
          0.660319,
          2.301625
        ],
        [
          -0.067343,
          -0.911333,
          -0.406124,
          1.406142
        ],
        [
          0.0,
          0.0,
          0.0,
          1.0
        ]
      ]
    },
    {
      "file_path": "/media/NFS/ttao/scannet/posed_images/scene0581_01/00092.jpg",
      "transform_matrix": [
        [
          0.768056,
          0.216712,
          -0.6026,
          4.100653
        ],
        [
          0.636296,
          -0.364402,
          0.679955,
          2.293916
        ],
        [
          -0.072234,
          -0.905675,
          -0.417774,
          1.405548
        ],
        [
          0.0,
          0.0,
          0.0,
          1.0
        ]
      ]
    },
    {
      "file_path": "/media/NFS/ttao/scannet/posed_images/scene0581_01/00098.jpg",
      "transform_matrix": [
        [
          0.819966,
          0.204487,
          -0.53464,
          4.088851
        ],
        [
          0.568638,
          -0.398055,
          0.719862,
          2.290645
        ],
        [
          -0.065614,
          -0.89428,
          -0.442671,
          1.403161
        ],
        [
          0.0,
          0.0,
          0.0,
          1.0
        ]
      ]
    },
    {
      "file_path": "/media/NFS/ttao/scannet/posed_images/scene0581_01/00106.jpg",
      "transform_matrix": [
        [
          0.858172,
          0.161556,
          -0.487279,
          4.093025
        ],
        [
          0.508869,
          -0.393014,
          0.765893,
          2.325478
        ],
        [
          -0.067773,
          -0.905229,
          -0.419484,
          1.408606
        ],
        [
          0.0,
          0.0,
          0.0,
          1.0
        ]
      ]
    },
    {
      "file_path": "/media/NFS/ttao/scannet/posed_images/scene0581_01/00112.jpg",
      "transform_matrix": [
        [
          0.882614,
          0.126412,
          -0.452784,
          4.098387
        ],
        [
          0.463747,
          -0.391931,
          0.794562,
          2.365834
        ],
        [
          -0.077018,
          -0.911269,
          -0.404547,
          1.417133
        ],
        [
          0.0,
          0.0,
          0.0,
          1.0
        ]
      ]
    },
    {
      "file_path": "/media/NFS/ttao/scannet/posed_images/scene0581_01/00113.jpg",
      "transform_matrix": [
        [
          0.886115,
          0.124981,
          -0.446295,
          4.099174
        ],
        [
          0.45698,
          -0.396134,
          0.796396,
          2.373546
        ],
        [
          -0.077258,
          -0.909647,
          -0.408134,
          1.41625
        ],
        [
          0.0,
          0.0,
          0.0,
          1.0
        ]
      ]
    },
    {
      "file_path": "/media/NFS/ttao/scannet/posed_images/scene0581_01/00118.jpg",
      "transform_matrix": [
        [
          0.902571,
          0.10908,
          -0.416492,
          4.097084
        ],
        [
          0.422724,
          -0.408009,
          0.809217,
          2.405398
        ],
        [
          -0.081663,
          -0.906438,
          -0.414368,
          1.414372
        ],
        [
          0.0,
          0.0,
          0.0,
          1.0
        ]
      ]
    },
    {
      "file_path": "/media/NFS/ttao/scannet/posed_images/scene0581_01/00123.jpg",
      "transform_matrix": [
        [
          0.924638,
          0.096424,
          -0.368438,
          4.090113
        ],
        [
          0.371845,
          -0.437665,
          0.818646,
          2.434325
        ],
        [
          -0.082315,
          -0.893953,
          -0.440536,
          1.409563
        ],
        [
          0.0,
          0.0,
          0.0,
          1.0
        ]
      ]
    },
    {
      "file_path": "/media/NFS/ttao/scannet/posed_images/scene0581_01/00132.jpg",
      "transform_matrix": [
        [
          0.960189,
          0.046905,
          -0.275386,
          4.043925
        ],
        [
          0.264586,
          -0.468954,
          0.84266,
          2.456369
        ],
        [
          -0.089619,
          -0.881976,
          -0.462695,
          1.414026
        ],
        [
          0.0,
          0.0,
          0.0,
          1.0
        ]
      ]
    },
    {
      "file_path": "/media/NFS/ttao/scannet/posed_images/scene0581_01/00135.jpg",
      "transform_matrix": [
        [
          0.96629,
          0.043213,
          -0.253805,
          4.025527
        ],
        [
          0.242528,
          -0.483603,
          0.841016,
          2.459264
        ],
        [
          -0.086398,
          -0.87422,
          -0.477781,
          1.413845
        ],
        [
          0.0,
          0.0,
          0.0,
          1.0
        ]
      ]
    },
    {
      "file_path": "/media/NFS/ttao/scannet/posed_images/scene0581_01/00143.jpg",
      "transform_matrix": [
        [
          0.982622,
          0.019084,
          -0.184637,
          3.979854
        ],
        [
          0.169341,
          -0.499527,
          0.849586,
          2.459369
        ],
        [
          -0.076018,
          -0.866088,
          -0.494078,
          1.412001
        ],
        [
          0.0,
          0.0,
          0.0,
          1.0
        ]
      ]
    },
    {
      "file_path": "/media/NFS/ttao/scannet/posed_images/scene0581_01/00148.jpg",
      "transform_matrix": [
        [
          0.98997,
          0.004873,
          -0.14119,
          3.950922
        ],
        [
          0.124523,
          -0.502133,
          0.855778,
          2.456376
        ],
        [
          -0.066726,
          -0.864777,
          -0.497704,
          1.41048
        ],
        [
          0.0,
          0.0,
          0.0,
          1.0
        ]
      ]
    },
    {
      "file_path": "/media/NFS/ttao/scannet/posed_images/scene0581_01/00151.jpg",
      "transform_matrix": [
        [
          0.992065,
          -0.004195,
          -0.125657,
          3.937773
        ],
        [
          0.106371,
          -0.504813,
          0.85665,
          2.455061
        ],
        [
          -0.067027,
          -0.863219,
          -0.500361,
          1.410164
        ],
        [
          0.0,
          0.0,
          0.0,
          1.0
        ]
      ]
    },
    {
      "file_path": "/media/NFS/ttao/scannet/posed_images/scene0581_01/00154.jpg",
      "transform_matrix": [
        [
          0.994366,
          -0.007714,
          -0.105715,
          3.922507
        ],
        [
          0.087185,
          -0.507688,
          0.857118,
          2.455064
        ],
        [
          -0.060282,
          -0.861507,
          -0.504155,
          1.411309
        ],
        [
          0.0,
          0.0,
          0.0,
          1.0
        ]
      ]
    },
    {
      "file_path": "/media/NFS/ttao/scannet/posed_images/scene0581_01/00163.jpg",
      "transform_matrix": [
        [
          0.99883,
          -0.044812,
          -0.018174,
          3.913269
        ],
        [
          -0.008259,
          -0.52839,
          0.848962,
          2.471795
        ],
        [
          -0.047647,
          -0.847818,
          -0.528142,
          1.403722
        ],
        [
          0.0,
          0.0,
          0.0,
          1.0
        ]
      ]
    },
    {
      "file_path": "/media/NFS/ttao/scannet/posed_images/scene0581_01/00166.jpg",
      "transform_matrix": [
        [
          0.997985,
          -0.061912,
          0.013899,
          3.919394
        ],
        [
          -0.045386,
          -0.543424,
          0.838231,
          2.486149
        ],
        [
          -0.044344,
          -0.837172,
          -0.545139,
          1.400851
        ],
        [
          0.0,
          0.0,
          0.0,
          1.0
        ]
      ]
    },
    {
      "file_path": "/media/NFS/ttao/scannet/posed_images/scene0581_01/00174.jpg",
      "transform_matrix": [
        [
          0.990246,
          -0.124028,
          0.06349,
          3.969409
        ],
        [
          -0.121839,
          -0.549737,
          0.826405,
          2.533634
        ],
        [
          -0.067594,
          -0.826079,
          -0.559486,
          1.380903
        ],
        [
          0.0,
          0.0,
          0.0,
          1.0
        ]
      ]
    },
    {
      "file_path": "/media/NFS/ttao/scannet/posed_images/scene0581_01/00179.jpg",
      "transform_matrix": [
        [
          0.98177,
          -0.166073,
          0.092455,
          4.010602
        ],
        [
          -0.169061,
          -0.540659,
          0.824079,
          2.574384
        ],
        [
          -0.086871,
          -0.824686,
          -0.558879,
          1.374973
        ],
        [
          0.0,
          0.0,
          0.0,
          1.0
        ]
      ]
    },
    {
      "file_path": "/media/NFS/ttao/scannet/posed_images/scene0581_01/00182.jpg",
      "transform_matrix": [
        [
          0.975191,
          -0.193509,
          0.107498,
          4.054745
        ],
        [
          -0.197454,
          -0.540885,
          0.817591,
          2.606728
        ],
        [
          -0.100067,
          -0.818534,
          -0.565676,
          1.380013
        ],
        [
          0.0,
          0.0,
          0.0,
          1.0
        ]
      ]
    },
    {
      "file_path": "/media/NFS/ttao/scannet/posed_images/scene0581_01/00189.jpg",
      "transform_matrix": [
        [
          0.962457,
          -0.222141,
          0.155978,
          4.119082
        ],
        [
          -0.254042,
          -0.534823,
          0.805871,
          2.662317
        ],
        [
          -0.095596,
          -0.815241,
          -0.571177,
          1.369346
        ],
        [
          0.0,
          0.0,
          0.0,
          1.0
        ]
      ]
    },
    {
      "file_path": "/media/NFS/ttao/scannet/posed_images/scene0581_01/00194.jpg",
      "transform_matrix": [
        [
          0.951357,
          -0.249045,
          0.181375,
          4.173935
        ],
        [
          -0.293262,
          -0.551569,
          0.780877,
          2.692476
        ],
        [
          -0.094433,
          -0.796083,
          -0.597774,
          1.360524
        ],
        [
          0.0,
          0.0,
          0.0,
          1.0
        ]
      ]
    },
    {
      "file_path": "/media/NFS/ttao/scannet/posed_images/scene0581_01/00199.jpg",
      "transform_matrix": [
        [
          0.931701,
          -0.283206,
          0.227436,
          4.205519
        ],
        [
          -0.350489,
          -0.536616,
          0.767594,
          2.723185
        ],
        [
          -0.095342,
          -0.794883,
          -0.599226,
          1.353674
        ],
        [
          0.0,
          0.0,
          0.0,
          1.0
        ]
      ]
    },
    {
      "file_path": "/media/NFS/ttao/scannet/posed_images/scene0581_01/00200.jpg",
      "transform_matrix": [
        [
          0.930775,
          -0.285321,
          0.228583,
          4.220761
        ],
        [
          -0.351871,
          -0.529455,
          0.771923,
          2.721412
        ],
        [
          -0.099221,
          -0.798918,
          -0.593199,
          1.346364
        ],
        [
          0.0,
          0.0,
          0.0,
          1.0
        ]
      ]
    },
    {
      "file_path": "/media/NFS/ttao/scannet/posed_images/scene0581_01/00208.jpg",
      "transform_matrix": [
        [
          0.894557,
          -0.31907,
          0.312989,
          4.255672
        ],
        [
          -0.438407,
          -0.490102,
          0.753392,
          2.792261
        ],
        [
          -0.086988,
          -0.811169,
          -0.578307,
          1.334214
        ],
        [
          0.0,
          0.0,
          0.0,
          1.0
        ]
      ]
    },
    {
      "file_path": "/media/NFS/ttao/scannet/posed_images/scene0581_01/00214.jpg",
      "transform_matrix": [
        [
          0.86625,
          -0.336048,
          0.369705,
          4.276552
        ],
        [
          -0.493803,
          -0.463388,
          0.735819,
          2.855332
        ],
        [
          -0.075954,
          -0.819965,
          -0.567352,
          1.329141
        ],
        [
          0.0,
          0.0,
          0.0,
          1.0
        ]
      ]
    },
    {
      "file_path": "/media/NFS/ttao/scannet/posed_images/scene0581_01/00217.jpg",
      "transform_matrix": [
        [
          0.846149,
          -0.353539,
          0.3988,
          4.284238
        ],
        [
          -0.527536,
          -0.449256,
          0.721023,
          2.891331
        ],
        [
          -0.075746,
          -0.820475,
          -0.566643,
          1.330948
        ],
        [
          0.0,
          0.0,
          0.0,
          1.0
        ]
      ]
    },
    {
      "file_path": "/media/NFS/ttao/scannet/posed_images/scene0581_01/00224.jpg",
      "transform_matrix": [
        [
          0.809289,
          -0.383548,
          0.444907,
          4.306501
        ],
        [
          -0.58303,
          -0.432159,
          0.687978,
          2.953225
        ],
        [
          -0.071602,
          -0.816168,
          -0.573361,
          1.324885
        ],
        [
          0.0,
          0.0,
          0.0,
          1.0
        ]
      ]
    },
    {
      "file_path": "/media/NFS/ttao/scannet/posed_images/scene0581_01/00230.jpg",
      "transform_matrix": [
        [
          0.79296,
          -0.393536,
          0.465128,
          4.335648
        ],
        [
          -0.605374,
          -0.422673,
          0.67444,
          2.995128
        ],
        [
          -0.068819,
          -0.81638,
          -0.5734,
          1.323486
        ],
        [
          0.0,
          0.0,
          0.0,
          1.0
        ]
      ]
    },
    {
      "file_path": "/media/NFS/ttao/scannet/posed_images/scene0581_01/00231.jpg",
      "transform_matrix": [
        [
          0.79186,
          -0.395414,
          0.465408,
          4.341141
        ],
        [
          -0.606431,
          -0.419152,
          0.675687,
          3.002107
        ],
        [
          -0.072099,
          -0.817288,
          -0.571702,
          1.323305
        ],
        [
          0.0,
          0.0,
          0.0,
          1.0
        ]
      ]
    },
    {
      "file_path": "/media/NFS/ttao/scannet/posed_images/scene0581_01/00238.jpg",
      "transform_matrix": [
        [
          0.795703,
          -0.374515,
          0.476021,
          4.391067
        ],
        [
          -0.600807,
          -0.38847,
          0.698658,
          3.051355
        ],
        [
          -0.076737,
          -0.84192,
          -0.534118,
          1.339874
        ],
        [
          0.0,
          0.0,
          0.0,
          1.0
        ]
      ]
    },
    {
      "file_path": "/media/NFS/ttao/scannet/posed_images/scene0581_01/00244.jpg",
      "transform_matrix": [
        [
          0.800964,
          -0.340863,
          0.492207,
          4.430812
        ],
        [
          -0.595211,
          -0.364571,
          0.716109,
          3.089033
        ],
        [
          -0.064651,
          -0.866545,
          -0.494894,
          1.347704
        ],
        [
          0.0,
          0.0,
          0.0,
          1.0
        ]
      ]
    },
    {
      "file_path": "/media/NFS/ttao/scannet/posed_images/scene0581_01/00250.jpg",
      "transform_matrix": [
        [
          0.814398,
          -0.319751,
          0.484268,
          4.460499
        ],
        [
          -0.577579,
          -0.365805,
          0.729788,
          3.113378
        ],
        [
          -0.056203,
          -0.87404,
          -0.482592,
          1.353405
        ],
        [
          0.0,
          0.0,
          0.0,
          1.0
        ]
      ]
    },
    {
      "file_path": "/media/NFS/ttao/scannet/posed_images/scene0581_01/00253.jpg",
      "transform_matrix": [
        [
          0.815993,
          -0.340311,
          0.467273,
          4.471491
        ],
        [
          -0.573087,
          -0.37042,
          0.731,
          3.129226
        ],
        [
          -0.07568,
          -0.864279,
          -0.497288,
          1.360782
        ],
        [
          0.0,
          0.0,
          0.0,
          1.0
        ]
      ]
    },
    {
      "file_path": "/media/NFS/ttao/scannet/posed_images/scene0581_01/00259.jpg",
      "transform_matrix": [
        [
          0.786468,
          -0.34498,
          0.512304,
          4.486637
        ],
        [
          -0.611952,
          -0.323026,
          0.72192,
          3.15981
        ],
        [
          -0.083561,
          -0.881273,
          -0.465162,
          1.38046
        ],
        [
          0.0,
          0.0,
          0.0,
          1.0
        ]
      ]
    },
    {
      "file_path": "/media/NFS/ttao/scannet/posed_images/scene0581_01/00267.jpg",
      "transform_matrix": [
        [
          0.743692,
          -0.362504,
          0.561706,
          4.471696
        ],
        [
          -0.662931,
          -0.291453,
          0.689621,
          3.195379
        ],
        [
          -0.08628,
          -0.885238,
          -0.457066,
          1.385404
        ],
        [
          0.0,
          0.0,
          0.0,
          1.0
        ]
      ]
    },
    {
      "file_path": "/media/NFS/ttao/scannet/posed_images/scene0581_01/00270.jpg",
      "transform_matrix": [
        [
          0.727055,
          -0.358829,
          0.585347,
          4.464664
        ],
        [
          -0.682587,
          -0.285974,
          0.672528,
          3.211831
        ],
        [
          -0.073929,
          -0.888516,
          -0.452851,
          1.393839
        ],
        [
          0.0,
          0.0,
          0.0,
          1.0
        ]
      ]
    },
    {
      "file_path": "/media/NFS/ttao/scannet/posed_images/scene0581_01/00273.jpg",
      "transform_matrix": [
        [
          0.71063,
          -0.364745,
          0.601636,
          4.457865
        ],
        [
          -0.698134,
          -0.259503,
          0.667283,
          3.220055
        ],
        [
          -0.087262,
          -0.894214,
          -0.439052,
          1.401868
        ],
        [
          0.0,
          0.0,
          0.0,
          1.0
        ]
      ]
    },
    {
      "file_path": "/media/NFS/ttao/scannet/posed_images/scene0581_01/00278.jpg",
      "transform_matrix": [
        [
          0.695287,
          -0.355959,
          0.624394,
          4.448991
        ],
        [
          -0.711903,
          -0.221604,
          0.666397,
          3.22651
        ],
        [
          -0.098842,
          -0.907846,
          -0.407487,
          1.417427
        ],
        [
          0.0,
          0.0,
          0.0,
          1.0
        ]
      ]
    },
    {
      "file_path": "/media/NFS/ttao/scannet/posed_images/scene0581_01/00287.jpg",
      "transform_matrix": [
        [
          0.659183,
          -0.329015,
          0.676185,
          4.420312
        ],
        [
          -0.745621,
          -0.169257,
          0.644516,
          3.234947
        ],
        [
          -0.097606,
          -0.929032,
          -0.356892,
          1.426915
        ],
        [
          0.0,
          0.0,
          0.0,
          1.0
        ]
      ]
    },
    {
      "file_path": "/media/NFS/ttao/scannet/posed_images/scene0581_01/00289.jpg",
      "transform_matrix": [
        [
          0.652695,
          -0.333007,
          0.680512,
          4.414918
        ],
        [
          -0.751206,
          -0.167818,
          0.638378,
          3.237076
        ],
        [
          -0.098382,
          -0.927871,
          -0.35969,
          1.429672
        ],
        [
          0.0,
          0.0,
          0.0,
          1.0
        ]
      ]
    },
    {
      "file_path": "/media/NFS/ttao/scannet/posed_images/scene0581_01/00295.jpg",
      "transform_matrix": [
        [
          0.615086,
          -0.351768,
          0.70564,
          4.385451
        ],
        [
          -0.783645,
          -0.173985,
          0.596347,
          3.251187
        ],
        [
          -0.087005,
          -0.919776,
          -0.382677,
          1.420811
        ],
        [
          0.0,
          0.0,
          0.0,
          1.0
        ]
      ]
    },
    {
      "file_path": "/media/NFS/ttao/scannet/posed_images/scene0581_01/00300.jpg",
      "transform_matrix": [
        [
          0.574003,
          -0.376829,
          0.726994,
          4.36983
        ],
        [
          -0.814154,
          -0.167657,
          0.555918,
          3.2468
        ],
        [
          -0.087601,
          -0.910983,
          -0.403033,
          1.418325
        ],
        [
          0.0,
          0.0,
          0.0,
          1.0
        ]
      ]
    },
    {
      "file_path": "/media/NFS/ttao/scannet/posed_images/scene0581_01/00306.jpg",
      "transform_matrix": [
        [
          0.538165,
          -0.392745,
          0.745741,
          4.34517
        ],
        [
          -0.838741,
          -0.162409,
          0.519746,
          3.226921
        ],
        [
          -0.083013,
          -0.905193,
          -0.416814,
          1.419762
        ],
        [
          0.0,
          0.0,
          0.0,
          1.0
        ]
      ]
    },
    {
      "file_path": "/media/NFS/ttao/scannet/posed_images/scene0581_01/00311.jpg",
      "transform_matrix": [
        [
          0.525048,
          -0.377775,
          0.762634,
          4.322098
        ],
        [
          -0.847426,
          -0.149206,
          0.509516,
          3.192804
        ],
        [
          -0.078693,
          -0.913796,
          -0.398477,
          1.418774
        ],
        [
          0.0,
          0.0,
          0.0,
          1.0
        ]
      ]
    },
    {
      "file_path": "/media/NFS/ttao/scannet/posed_images/scene0581_01/00318.jpg",
      "transform_matrix": [
        [
          0.495215,
          -0.404914,
          0.76864,
          4.286283
        ],
        [
          -0.864795,
          -0.145214,
          0.480668,
          3.138925
        ],
        [
          -0.083012,
          -0.90275,
          -0.42208,
          1.415265
        ],
        [
          0.0,
          0.0,
          0.0,
          1.0
        ]
      ]
    },
    {
      "file_path": "/media/NFS/ttao/scannet/posed_images/scene0581_01/00321.jpg",
      "transform_matrix": [
        [
          0.485654,
          -0.423167,
          0.764899,
          4.2703
        ],
        [
          -0.868982,
          -0.138695,
          0.475009,
          3.113178
        ],
        [
          -0.094921,
          -0.895374,
          -0.435082,
          1.408133
        ],
        [
          0.0,
          0.0,
          0.0,
          1.0
        ]
      ]
    },
    {
      "file_path": "/media/NFS/ttao/scannet/posed_images/scene0581_01/00325.jpg",
      "transform_matrix": [
        [
          0.467912,
          -0.44718,
          0.762292,
          4.241396
        ],
        [
          -0.877569,
          -0.133058,
          0.460617,
          3.088435
        ],
        [
          -0.10455,
          -0.884492,
          -0.45469,
          1.397285
        ],
        [
          0.0,
          0.0,
          0.0,
          1.0
        ]
      ]
    },
    {
      "file_path": "/media/NFS/ttao/scannet/posed_images/scene0581_01/00334.jpg",
      "transform_matrix": [
        [
          0.479027,
          -0.49544,
          0.724618,
          4.176569
        ],
        [
          -0.871325,
          -0.168293,
          0.460945,
          3.067983
        ],
        [
          -0.106423,
          -0.852183,
          -0.512306,
          1.383066
        ],
        [
          0.0,
          0.0,
          0.0,
          1.0
        ]
      ]
    },
    {
      "file_path": "/media/NFS/ttao/scannet/posed_images/scene0581_01/00339.jpg",
      "transform_matrix": [
        [
          0.470878,
          -0.491713,
          0.732456,
          4.147288
        ],
        [
          -0.876383,
          -0.165553,
          0.452266,
          3.070929
        ],
        [
          -0.101124,
          -0.854875,
          -0.508884,
          1.383951
        ],
        [
          0.0,
          0.0,
          0.0,
          1.0
        ]
      ]
    },
    {
      "file_path": "/media/NFS/ttao/scannet/posed_images/scene0581_01/00340.jpg",
      "transform_matrix": [
        [
          0.468258,
          -0.489498,
          0.735613,
          4.141681
        ],
        [
          -0.877954,
          -0.163855,
          0.449832,
          3.070674
        ],
        [
          -0.099658,
          -0.856472,
          -0.506483,
          1.381706
        ],
        [
          0.0,
          0.0,
          0.0,
          1.0
        ]
      ]
    },
    {
      "file_path": "/media/NFS/ttao/scannet/posed_images/scene0581_01/00346.jpg",
      "transform_matrix": [
        [
          0.410731,
          -0.489103,
          0.769466,
          4.115765
        ],
        [
          -0.906974,
          -0.13285,
          0.399687,
          3.095208
        ],
        [
          -0.093264,
          -0.862049,
          -0.49817,
          1.382308
        ],
        [
          0.0,
          0.0,
          0.0,
          1.0
        ]
      ]
    },
    {
      "file_path": "/media/NFS/ttao/scannet/posed_images/scene0581_01/00351.jpg",
      "transform_matrix": [
        [
          0.352867,
          -0.509215,
          0.784975,
          4.097683
        ],
        [
          -0.929941,
          -0.098138,
          0.354371,
          3.119888
        ],
        [
          -0.103415,
          -0.855026,
          -0.508169,
          1.378802
        ],
        [
          0.0,
          0.0,
          0.0,
          1.0
        ]
      ]
    },
    {
      "file_path": "/media/NFS/ttao/scannet/posed_images/scene0581_01/00360.jpg",
      "transform_matrix": [
        [
          0.238051,
          -0.522005,
          0.819049,
          4.066125
        ],
        [
          -0.96705,
          -0.049027,
          0.249819,
          3.154971
        ],
        [
          -0.090251,
          -0.851532,
          -0.516477,
          1.372944
        ],
        [
          0.0,
          0.0,
          0.0,
          1.0
        ]
      ]
    },
    {
      "file_path": "/media/NFS/ttao/scannet/posed_images/scene0581_01/00362.jpg",
      "transform_matrix": [
        [
          0.209326,
          -0.519744,
          0.82828,
          4.056706
        ],
        [
          -0.973681,
          -0.032691,
          0.225558,
          3.161486
        ],
        [
          -0.090156,
          -0.853696,
          -0.512908,
          1.369079
        ],
        [
          0.0,
          0.0,
          0.0,
          1.0
        ]
      ]
    },
    {
      "file_path": "/media/NFS/ttao/scannet/posed_images/scene0581_01/00370.jpg",
      "transform_matrix": [
        [
          0.124721,
          -0.534459,
          0.835941,
          4.051572
        ],
        [
          -0.988048,
          0.010014,
          0.153818,
          3.153817
        ],
        [
          -0.09058,
          -0.845135,
          -0.526823,
          1.365839
        ],
        [
          0.0,
          0.0,
          0.0,
          1.0
        ]
      ]
    },
    {
      "file_path": "/media/NFS/ttao/scannet/posed_images/scene0581_01/00371.jpg",
      "transform_matrix": [
        [
          0.115492,
          -0.531366,
          0.839233,
          4.051281
        ],
        [
          -0.98944,
          0.012949,
          0.144362,
          3.152378
        ],
        [
          -0.087576,
          -0.847044,
          -0.524259,
          1.365703
        ],
        [
          0.0,
          0.0,
          0.0,
          1.0
        ]
      ]
    },
    {
      "file_path": "/media/NFS/ttao/scannet/posed_images/scene0581_01/00379.jpg",
      "transform_matrix": [
        [
          0.034448,
          -0.508583,
          0.860323,
          4.051017
        ],
        [
          -0.99671,
          0.045702,
          0.066927,
          3.139775
        ],
        [
          -0.073357,
          -0.859799,
          -0.505336,
          1.369047
        ],
        [
          0.0,
          0.0,
          0.0,
          1.0
        ]
      ]
    },
    {
      "file_path": "/media/NFS/ttao/scannet/posed_images/scene0581_01/00382.jpg",
      "transform_matrix": [
        [
          0.011277,
          -0.518115,
          0.855237,
          4.072553
        ],
        [
          -0.997036,
          0.059276,
          0.049057,
          3.111964
        ],
        [
          -0.076113,
          -0.853254,
          -0.515911,
          1.384629
        ],
        [
          0.0,
          0.0,
          0.0,
          1.0
        ]
      ]
    },
    {
      "file_path": "/media/NFS/ttao/scannet/posed_images/scene0581_01/00390.jpg",
      "transform_matrix": [
        [
          -0.07165,
          -0.513415,
          0.855144,
          4.097601
        ],
        [
          -0.994555,
          0.101827,
          -0.022195,
          3.072145
        ],
        [
          -0.075682,
          -0.852077,
          -0.517915,
          1.376653
        ],
        [
          0.0,
          0.0,
          0.0,
          1.0
        ]
      ]
    },
    {
      "file_path": "/media/NFS/ttao/scannet/posed_images/scene0581_01/00393.jpg",
      "transform_matrix": [
        [
          -0.102027,
          -0.512538,
          0.852582,
          4.114096
        ],
        [
          -0.99256,
          0.109702,
          -0.052829,
          3.051564
        ],
        [
          -0.066454,
          -0.851628,
          -0.519917,
          1.375716
        ],
        [
          0.0,
          0.0,
          0.0,
          1.0
        ]
      ]
    },
    {
      "file_path": "/media/NFS/ttao/scannet/posed_images/scene0581_01/00398.jpg",
      "transform_matrix": [
        [
          -0.12756,
          -0.499158,
          0.85707,
          4.135886
        ],
        [
          -0.989566,
          0.122412,
          -0.075987,
          3.022917
        ],
        [
          -0.066986,
          -0.857821,
