{
  "frames": [
    {
      "file_path": "/media/NFS/ttao/scannet/posed_images/scene0692_04/00000.jpg",
      "transform_matrix": [
        [
          -0.748641,
          -0.151027,
          0.645545,
          3.906398
        ],
        [
          -0.659403,
          0.270576,
          -0.701411,
          1.691973
        ],
        [
          -0.068737,
          -0.950778,
          -0.302151,
          2.632561
        ],
        [
          0.0,
          0.0,
          0.0,
          1.0
        ]
      ]
    },
    {
      "file_path": "/media/NFS/ttao/scannet/posed_images/scene0692_04/00004.jpg",
      "transform_matrix": [
        [
          -0.757675,
          -0.159638,
          0.632807,
          3.886048
        ],
        [
          -0.649736,
          0.275749,
          -0.708382,
          1.692057
        ],
        [
          -0.061412,
          -0.947881,
          -0.312651,
          2.616061
        ],
        [
          0.0,
          0.0,
          0.0,
          1.0
        ]
      ]
    },
    {
      "file_path": "/media/NFS/ttao/scannet/posed_images/scene0692_04/00009.jpg",
      "transform_matrix": [
        [
          -0.754891,
          -0.171319,
          0.633079,
          3.875787
        ],
        [
          -0.652404,
          0.294968,
          -0.698113,
          1.688078
        ],
        [
          -0.067138,
          -0.940023,
          -0.334438,
          2.605923
        ],
        [
          0.0,
          0.0,
          0.0,
          1.0
        ]
      ]
    },
    {
      "file_path": "/media/NFS/ttao/scannet/posed_images/scene0692_04/00013.jpg",
      "transform_matrix": [
        [
          -0.738322,
          -0.19711,
          0.645003,
          3.870428
        ],
        [
          -0.669168,
          0.333526,
          -0.664059,
          1.675567
        ],
        [
          -0.084233,
          -0.921905,
          -0.378149,
          2.577124
        ],
        [
          0.0,
          0.0,
          0.0,
          1.0
        ]
      ]
    },
    {
      "file_path": "/media/NFS/ttao/scannet/posed_images/scene0692_04/00022.jpg",
      "transform_matrix": [
        [
          -0.711304,
          -0.295773,
          0.637625,
          3.882419
        ],
        [
          -0.696902,
          0.414882,
          -0.584979,
          1.666968
        ],
        [
          -0.091518,
          -0.86046,
          -0.501232,
          2.505861
        ],
        [
          0.0,
          0.0,
          0.0,
          1.0
        ]
      ]
    },
    {
      "file_path": "/media/NFS/ttao/scannet/posed_images/scene0692_04/00026.jpg",
      "transform_matrix": [
        [
          -0.687429,
          -0.334165,
          0.644807,
          3.882043
        ],
        [
          -0.720047,
          0.429413,
          -0.545103,
          1.663601
        ],
        [
          -0.094735,
          -0.83901,
          -0.535805,
          2.482632
        ],
        [
          0.0,
          0.0,
          0.0,
          1.0
        ]
      ]
    },
    {
      "file_path": "/media/NFS/ttao/scannet/posed_images/scene0692_04/00032.jpg",
      "transform_matrix": [
        [
          -0.651869,
          -0.380163,
          0.656158,
          3.892856
        ],
        [
          -0.750757,
          0.44552,
          -0.487725,
          1.673454
        ],
        [
          -0.106916,
          -0.810548,
          -0.575831,
          2.452847
        ],
        [
          0.0,
          0.0,
          0.0,
          1.0
        ]
      ]
    },
    {
      "file_path": "/media/NFS/ttao/scannet/posed_images/scene0692_04/00035.jpg",
      "transform_matrix": [
        [
          -0.650413,
          -0.389771,
          0.651952,
          3.899283
        ],
        [
          -0.752984,
          0.443727,
          -0.485923,
          1.67505
        ],
        [
          -0.09989,
          -0.80696,
          -0.582097,
          2.456385
        ],
        [
          0.0,
          0.0,
          0.0,
          1.0
        ]
      ]
    },
    {
      "file_path": "/media/NFS/ttao/scannet/posed_images/scene0692_04/00038.jpg",
      "transform_matrix": [
        [
          -0.651343,
          -0.378494,
          0.657643,
          3.905101
        ],
        [
          -0.752713,
          0.431716,
          -0.497036,
          1.676392
        ],
        [
          -0.09579,
          -0.818757,
          -0.566092,
          2.476197
        ],
        [
          0.0,
          0.0,
          0.0,
          1.0
        ]
      ]
    },
    {
      "file_path": "/media/NFS/ttao/scannet/posed_images/scene0692_04/00042.jpg",
      "transform_matrix": [
        [
          -0.663861,
          -0.314446,
          0.678537,
          3.907676
        ],
        [
          -0.742535,
          0.385182,
          -0.547975,
          1.682005
        ],
        [
          -0.089051,
          -0.867616,
          -0.489195,
          2.518305
        ],
        [
          0.0,
          0.0,
          0.0,
          1.0
        ]
      ]
    },
    {
      "file_path": "/media/NFS/ttao/scannet/posed_images/scene0692_04/00048.jpg",
      "transform_matrix": [
        [
          -0.683949,
          -0.199407,
          0.701749,
          3.900518
        ],
        [
          -0.726785,
          0.26962,
          -0.631735,
          1.681575
        ],
        [
          -0.063233,
          -0.942094,
          -0.329332,
          2.607058
        ],
        [
          0.0,
          0.0,
          0.0,
          1.0
        ]
      ]
    },
    {
      "file_path": "/media/NFS/ttao/scannet/posed_images/scene0692_04/00055.jpg",
      "transform_matrix": [
        [
          -0.701745,
          -0.047369,
          0.710852,
          3.872188
        ],
        [
          -0.708628,
          0.149336,
          -0.689598,
          1.693576
        ],
        [
          -0.07349,
          -0.987651,
          -0.138362,
          2.649295
        ],
        [
          0.0,
          0.0,
          0.0,
          1.0
        ]
      ]
    },
    {
      "file_path": "/media/NFS/ttao/scannet/posed_images/scene0692_04/00061.jpg",
      "transform_matrix": [
        [
          -0.724519,
          0.020238,
          0.688958,
          3.863292
        ],
        [
          -0.685306,
          0.0857,
          -0.723195,
          1.698797
        ],
        [
          -0.073679,
          -0.996115,
          -0.048222,
          2.735459
        ],
        [
          0.0,
          0.0,
          0.0,
          1.0
        ]
      ]
    },
    {
      "file_path": "/media/NFS/ttao/scannet/posed_images/scene0692_04/00064.jpg",
      "transform_matrix": [
        [
          -0.727633,
          0.065148,
          0.682866,
          3.856082
        ],
        [
          -0.680943,
          0.051658,
          -0.730512,
          1.704778
        ],
        [
          -0.082867,
          -0.996538,
          0.006774,
          2.765467
        ],
        [
          0.0,
          0.0,
          0.0,
          1.0
        ]
      ]
    },
    {
      "file_path": "/media/NFS/ttao/scannet/posed_images/scene0692_04/00069.jpg",
      "transform_matrix": [
        [
          -0.751291,
          0.133082,
          0.646414,
          3.842539
        ],
        [
          -0.656273,
          -0.047112,
          -0.753051,
          1.722299
        ],
        [
          -0.069764,
          -0.989985,
          0.122733,
          2.825816
        ],
        [
          0.0,
          0.0,
          0.0,
          1.0
        ]
      ]
    },
    {
      "file_path": "/media/NFS/ttao/scannet/posed_images/scene0692_04/00072.jpg",
      "transform_matrix": [
        [
          -0.761409,
          0.165008,
          0.62692,
          3.853375
        ],
        [
          -0.644235,
          -0.084846,
          -0.760107,
          1.744701
        ],
        [
          -0.072232,
          -0.982636,
          0.170906,
          2.864068
        ],
        [
          0.0,
          0.0,
          0.0,
          1.0
        ]
      ]
    },
    {
      "file_path": "/media/NFS/ttao/scannet/posed_images/scene0692_04/00078.jpg",
      "transform_matrix": [
        [
          -0.781856,
          0.203005,
          0.589484,
          3.851367
        ],
        [
          -0.620927,
          -0.1684,
          -0.765566,
          1.76484
        ],
        [
          -0.056144,
          -0.964588,
          0.257716,
          2.905497
        ],
        [
          0.0,
          0.0,
          0.0,
          1.0
        ]
      ]
    },
    {
      "file_path": "/media/NFS/ttao/scannet/posed_images/scene0692_04/00084.jpg",
      "transform_matrix": [
        [
          -0.784026,
          0.259581,
          0.563845,
          3.848011
        ],
        [
          -0.616655,
          -0.221815,
          -0.755338,
          1.786999
        ],
        [
          -0.071002,
          -0.939902,
          0.333981,
          2.943434
        ],
        [
          0.0,
          0.0,
          0.0,
          1.0
        ]
      ]
    },
    {
      "file_path": "/media/NFS/ttao/scannet/posed_images/scene0692_04/00085.jpg",
      "transform_matrix": [
        [
          -0.783528,
          0.271198,
          0.559049,
          3.844985
        ],
        [
          -0.617213,
          -0.23596,
          -0.75058,
          1.788409
        ],
        [
          -0.071643,
          -0.933153,
          0.352269,
          2.950419
        ],
        [
          0.0,
          0.0,
          0.0,
          1.0
        ]
      ]
    },
    {
      "file_path": "/media/NFS/ttao/scannet/posed_images/scene0692_04/00091.jpg",
      "transform_matrix": [
        [
          -0.798994,
          0.325896,
          0.505372,
          3.858668
        ],
        [
          -0.596377,
          -0.321694,
          -0.735424,
          1.815719
        ],
        [
          -0.077096,
          -0.888991,
          0.451388,
          2.9619
        ],
        [
          0.0,
          0.0,
          0.0,
          1.0
        ]
      ]
    },
    {
      "file_path": "/media/NFS/ttao/scannet/posed_images/scene0692_04/00098.jpg",
      "transform_matrix": [
        [
          -0.823369,
          0.354889,
          0.442851,
          3.871898
        ],
        [
          -0.56263,
          -0.40839,
          -0.718794,
          1.844019
        ],
        [
          -0.074236,
          -0.840994,
          0.535927,
          2.993963
        ],
        [
          0.0,
          0.0,
          0.0,
          1.0
        ]
      ]
    },
    {
      "file_path": "/media/NFS/ttao/scannet/posed_images/scene0692_04/00100.jpg",
      "transform_matrix": [
        [
          -0.835898,
          0.348272,
          0.424241,
          3.880077
        ],
        [
          -0.5449,
          -0.433565,
          -0.717709,
          1.841677
        ],
        [
          -0.066022,
          -0.8311,
          0.552189,
          2.984639
        ],
        [
          0.0,
          0.0,
          0.0,
          1.0
        ]
      ]
    },
    {
      "file_path": "/media/NFS/ttao/scannet/posed_images/scene0692_04/00106.jpg",
      "transform_matrix": [
        [
          -0.865078,
          0.331765,
          0.37626,
          3.895487
        ],
        [
          -0.495905,
          -0.452534,
          -0.741142,
          1.83375
        ],
        [
          -0.075614,
          -0.827735,
          0.556001,
          2.98946
        ],
        [
          0.0,
          0.0,
          0.0,
          1.0
        ]
      ]
    },
    {
      "file_path": "/media/NFS/ttao/scannet/posed_images/scene0692_04/00110.jpg",
      "transform_matrix": [
        [
          -0.879624,
          0.309593,
          0.361129,
          3.912164
        ],
        [
          -0.469595,
          -0.44424,
          -0.762975,
          1.811366
        ],
        [
          -0.075784,
          -0.840715,
          0.536147,
          2.981835
        ],
        [
          0.0,
          0.0,
          0.0,
          1.0
        ]
      ]
    },
    {
      "file_path": "/media/NFS/ttao/scannet/posed_images/scene0692_04/00116.jpg",
      "transform_matrix": [
        [
          -0.891033,
          0.305174,
          0.33605,
          3.921468
        ],
        [
          -0.445064,
          -0.441635,
          -0.779023,
          1.769399
        ],
        [
          -0.089326,
          -0.843698,
          0.529333,
          2.969121
        ],
        [
          0.0,
          0.0,
          0.0,
          1.0
        ]
      ]
    },
    {
      "file_path": "/media/NFS/ttao/scannet/posed_images/scene0692_04/00123.jpg",
      "transform_matrix": [
        [
          -0.887446,
          0.262633,
          0.378767,
          3.958468
        ],
        [
          -0.450587,
          -0.321371,
          -0.832882,
          1.68302
        ],
        [
          -0.097017,
          -0.909805,
          0.403538,
          2.899467
        ],
        [
          0.0,
          0.0,
          0.0,
          1.0
        ]
      ]
    },
    {
      "file_path": "/media/NFS/ttao/scannet/posed_images/scene0692_04/00124.jpg",
      "transform_matrix": [
        [
          -Infinity,
          -Infinity,
          -Infinity,
          -Infinity
        ],
        [
          -Infinity,
          -Infinity,
          -Infinity,
          -Infinity
        ],
        [
          -Infinity,
          -Infinity,
          -Infinity,
          -Infinity
        ],
        [
          -Infinity,
          -Infinity,
          -Infinity,
          -Infinity
        ]
      ]
    },
    {
      "file_path": "/media/NFS/ttao/scannet/posed_images/scene0692_04/00133.jpg",
      "transform_matrix": [
        [
          -0.889076,
          0.097297,
          0.4473,
          4.046491
        ],
        [
          -0.447815,
          0.017705,
          -0.893951,
          1.555958
        ],
        [
          -0.094898,
          -0.995098,
          0.02783,
          2.772596
        ],
        [
          0.0,
          0.0,
          0.0,
          1.0
        ]
      ]
    },
    {
      "file_path": "/media/NFS/ttao/scannet/posed_images/scene0692_04/00134.jpg",
      "transform_matrix": [
        [
          -0.887654,
          0.090903,
          0.45145,
          4.056168
        ],
        [
          -0.448994,
          0.047039,
          -0.892296,
          1.548222
        ],
        [
          -0.102348,
          -0.994748,
          -0.000939,
          2.757784
        ],
        [
          0.0,
          0.0,
          0.0,
          1.0
        ]
      ]
    },
    {
      "file_path": "/media/NFS/ttao/scannet/posed_images/scene0692_04/00142.jpg",
      "transform_matrix": [
        [
          -0.898714,
          -0.008039,
          0.438462,
          4.148352
        ],
        [
          -0.425383,
          0.259016,
          -0.867156,
          1.525934
        ],
        [
          -0.106598,
          -0.96584,
          -0.236201,
          2.690765
        ],
        [
          0.0,
          0.0,
          0.0,
          1.0
        ]
      ]
    },
    {
      "file_path": "/media/NFS/ttao/scannet/posed_images/scene0692_04/00145.jpg",
      "transform_matrix": [
        [
          -0.913489,
          -0.03339,
          0.40549,
          4.188823
        ],
        [
          -0.391608,
          0.342506,
          -0.85401,
          1.527391
        ],
        [
          -0.110367,
          -0.938922,
          -0.325951,
          2.662925
        ],
        [
          0.0,
          0.0,
          0.0,
          1.0
        ]
      ]
    },
    {
      "file_path": "/media/NFS/ttao/scannet/posed_images/scene0692_04/00150.jpg",
      "transform_matrix": [
        [
          -0.941996,
          -0.046839,
          0.332339,
          4.248841
        ],
        [
          -0.315647,
          0.460161,
          -0.829831,
          1.52797
        ],
        [
          -0.114061,
          -0.886599,
          -0.448255,
          2.609593
        ],
        [
          0.0,
          0.0,
          0.0,
          1.0
        ]
      ]
    },
    {
      "file_path": "/media/NFS/ttao/scannet/posed_images/scene0692_04/00153.jpg",
      "transform_matrix": [
        [
          -0.954337,
          -0.038865,
          0.296193,
          4.261133
        ],
        [
          -0.274111,
          0.50809,
          -0.816522,
          1.531611
        ],
        [
          -0.118759,
          -0.860427,
          -0.495543,
          2.571564
        ],
        [
          0.0,
          0.0,
          0.0,
          1.0
        ]
      ]
    },
    {
      "file_path": "/media/NFS/ttao/scannet/posed_images/scene0692_04/00162.jpg",
      "transform_matrix": [
        [
          -0.982294,
          -0.01278,
          0.18691,
          4.293269
        ],
        [
          -0.1575,
          0.596587,
          -0.786942,
          1.535065
        ],
        [
          -0.101451,
          -0.802446,
          -0.588037,
          2.541076
        ],
        [
          0.0,
          0.0,
          0.0,
          1.0
        ]
      ]
    },
    {
      "file_path": "/media/NFS/ttao/scannet/posed_images/scene0692_04/00165.jpg",
      "transform_matrix": [
        [
          -0.987263,
          0.016858,
          0.158204,
          4.279256
        ],
        [
          -0.12284,
          0.551161,
          -0.825307,
          1.528735
        ],
        [
          -0.101109,
          -0.834228,
          -0.54207,
          2.568195
        ],
        [
          0.0,
          0.0,
          0.0,
          1.0
        ]
      ]
    },
    {
      "file_path": "/media/NFS/ttao/scannet/posed_images/scene0692_04/00168.jpg",
      "transform_matrix": [
        [
          -0.992533,
          0.037074,
          0.116208,
          4.262562
        ],
        [
          -0.082886,
          0.493969,
          -0.86552,
          1.521062
        ],
        [
          -0.089491,
          -0.868689,
          -0.487207,
          2.603338
        ],
        [
          0.0,
          0.0,
          0.0,
          1.0
        ]
      ]
    },
    {
      "file_path": "/media/NFS/ttao/scannet/posed_images/scene0692_04/00176.jpg",
      "transform_matrix": [
        [
          -0.994609,
          0.10122,
          0.022535,
          4.167213
        ],
        [
          0.013677,
          0.343457,
          -0.939069,
          1.499119
        ],
        [
          -0.102792,
          -0.933698,
          -0.34299,
          2.697873
        ],
        [
          0.0,
          0.0,
          0.0,
          1.0
        ]
      ]
    },
    {
      "file_path": "/media/NFS/ttao/scannet/posed_images/scene0692_04/00181.jpg",
      "transform_matrix": [
        [
          -Infinity,
          -Infinity,
          -Infinity,
          -Infinity
        ],
        [
          -Infinity,
          -Infinity,
          -Infinity,
          -Infinity
        ],
        [
          -Infinity,
          -Infinity,
          -Infinity,
          -Infinity
        ],
        [
          -Infinity,
          -Infinity,
          -Infinity,
          -Infinity
        ]
      ]
    },
    {
      "file_path": "/media/NFS/ttao/scannet/posed_images/scene0692_04/00184.jpg",
      "transform_matrix": [
        [
          -Infinity,
          -Infinity,
          -Infinity,
          -Infinity
        ],
        [
          -Infinity,
          -Infinity,
          -Infinity,
          -Infinity
        ],
        [
          -Infinity,
          -Infinity,
          -Infinity,
          -Infinity
        ],
        [
          -Infinity,
          -Infinity,
          -Infinity,
          -Infinity
        ]
      ]
    },
    {
      "file_path": "/media/NFS/ttao/scannet/posed_images/scene0692_04/00191.jpg",
      "transform_matrix": [
        [
          -Infinity,
          -Infinity,
          -Infinity,
          -Infinity
        ],
        [
          -Infinity,
          -Infinity,
          -Infinity,
          -Infinity
        ],
        [
          -Infinity,
          -Infinity,
          -Infinity,
          -Infinity
        ],
        [
          -Infinity,
          -Infinity,
          -Infinity,
          -Infinity
        ]
      ]
    },
    {
      "file_path": "/media/NFS/ttao/scannet/posed_images/scene0692_04/00192.jpg",
      "transform_matrix": [
        [
          -Infinity,
          -Infinity,
          -Infinity,
          -Infinity
        ],
        [
          -Infinity,
          -Infinity,
          -Infinity,
          -Infinity
        ],
        [
          -Infinity,
          -Infinity,
          -Infinity,
          -Infinity
        ],
        [
          -Infinity,
          -Infinity,
          -Infinity,
          -Infinity
        ]
      ]
    },
    {
      "file_path": "/media/NFS/ttao/scannet/posed_images/scene0692_04/00200.jpg",
      "transform_matrix": [
        [
          -Infinity,
          -Infinity,
          -Infinity,
          -Infinity
        ],
        [
          -Infinity,
          -Infinity,
          -Infinity,
          -Infinity
        ],
        [
          -Infinity,
          -Infinity,
          -Infinity,
          -Infinity
        ],
        [
          -Infinity,
          -Infinity,
          -Infinity,
          -Infinity
        ]
      ]
    },
    {
      "file_path": "/media/NFS/ttao/scannet/posed_images/scene0692_04/00201.jpg",
      "transform_matrix": [
        [
          -Infinity,
          -Infinity,
          -Infinity,
          -Infinity
        ],
        [
          -Infinity,
          -Infinity,
          -Infinity,
          -Infinity
        ],
        [
          -Infinity,
          -Infinity,
          -Infinity,
          -Infinity
        ],
        [
          -Infinity,
          -Infinity,
          -Infinity,
          -Infinity
        ]
      ]
    },
    {
      "file_path": "/media/NFS/ttao/scannet/posed_images/scene0692_04/00207.jpg",
      "transform_matrix": [
        [
          -Infinity,
          -Infinity,
          -Infinity,
          -Infinity
        ],
        [
          -Infinity,
          -Infinity,
          -Infinity,
          -Infinity
        ],
        [
          -Infinity,
          -Infinity,
          -Infinity,
          -Infinity
        ],
        [
          -Infinity,
          -Infinity,
          -Infinity,
          -Infinity
        ]
      ]
    },
    {
      "file_path": "/media/NFS/ttao/scannet/posed_images/scene0692_04/00214.jpg",
      "transform_matrix": [
        [
          -0.901562,
          0.326405,
          -0.283983,
          4.127888
        ],
        [
          0.421189,
          0.512072,
          -0.748586,
          1.388877
        ],
        [
          -0.098923,
          -0.794507,
          -0.599143,
          2.545834
        ],
        [
          0.0,
          0.0,
          0.0,
          1.0
        ]
      ]
    },
    {
      "file_path": "/media/NFS/ttao/scannet/posed_images/scene0692_04/00220.jpg",
      "transform_matrix": [
        [
          -0.859173,
          0.377353,
          -0.34558,
          4.149122
        ],
        [
          0.502155,
          0.492081,
          -0.711124,
          1.38788
        ],
        [
          -0.098291,
          -0.784513,
          -0.612273,
          2.536696
        ],
        [
          0.0,
          0.0,
          0.0,
          1.0
        ]
      ]
    },
    {
      "file_path": "/media/NFS/ttao/scannet/posed_images/scene0692_04/00224.jpg",
      "transform_matrix": [
        [
          -0.830096,
          0.394253,
          -0.394341,
          4.14614
        ],
        [
          0.548054,
          0.4464,
          -0.707364,
          1.388159
        ],
        [
          -0.102846,
          -0.8033,
          -0.586627,
          2.562309
        ],
        [
          0.0,
          0.0,
          0.0,
          1.0
        ]
      ]
    },
    {
      "file_path": "/media/NFS/ttao/scannet/posed_images/scene0692_04/00226.jpg",
      "transform_matrix": [
        [
          -0.810904,
          0.392674,
          -0.43387,
          4.141551
        ],
        [
          0.577965,
          0.421365,
          -0.698862,
          1.3813
        ],
        [
          -0.091608,
          -0.817471,
          -0.568638,
          2.588894
        ],
        [
          0.0,
          0.0,
          0.0,
          1.0
        ]
      ]
    },
    {
      "file_path": "/media/NFS/ttao/scannet/posed_images/scene0692_04/00234.jpg",
      "transform_matrix": [
        [
          -Infinity,
          -Infinity,
          -Infinity,
          -Infinity
        ],
        [
          -Infinity,
          -Infinity,
          -Infinity,
          -Infinity
        ],
        [
          -Infinity,
          -Infinity,
          -Infinity,
          -Infinity
        ],
        [
          -Infinity,
          -Infinity,
          -Infinity,
          -Infinity
        ]
      ]
    },
    {
      "file_path": "/media/NFS/ttao/scannet/posed_images/scene0692_04/00237.jpg",
      "transform_matrix": [
        [
          -Infinity,
          -Infinity,
          -Infinity,
          -Infinity
        ],
        [
          -Infinity,
          -Infinity,
          -Infinity,
          -Infinity
        ],
        [
          -Infinity,
          -Infinity,
          -Infinity,
          -Infinity
        ],
        [
          -Infinity,
          -Infinity,
          -Infinity,
          -Infinity
        ]
      ]
    },
    {
      "file_path": "/media/NFS/ttao/scannet/posed_images/scene0692_04/00243.jpg",
      "transform_matrix": [
        [
          -Infinity,
          -Infinity,
          -Infinity,
          -Infinity
        ],
        [
          -Infinity,
          -Infinity,
          -Infinity,
          -Infinity
        ],
        [
          -Infinity,
          -Infinity,
          -Infinity,
          -Infinity
        ],
        [
          -Infinity,
          -Infinity,
          -Infinity,
          -Infinity
        ]
      ]
    },
    {
      "file_path": "/media/NFS/ttao/scannet/posed_images/scene0692_04/00249.jpg",
      "transform_matrix": [
        [
          -Infinity,
          -Infinity,
          -Infinity,
          -Infinity
        ],
        [
          -Infinity,
          -Infinity,
          -Infinity,
          -Infinity
        ],
        [
          -Infinity,
          -Infinity,
          -Infinity,
          -Infinity
        ],
        [
          -Infinity,
          -Infinity,
          -Infinity,
          -Infinity
        ]
      ]
    },
    {
      "file_path": "/media/NFS/ttao/scannet/posed_images/scene0692_04/00252.jpg",
      "transform_matrix": [
        [
          -Infinity,
          -Infinity,
          -Infinity,
          -Infinity
        ],
        [
          -Infinity,
          -Infinity,
          -Infinity,
          -Infinity
        ],
        [
          -Infinity,
          -Infinity,
          -Infinity,
          -Infinity
        ],
        [
          -Infinity,
          -Infinity,
          -Infinity,
          -Infinity
        ]
      ]
    },
    {
      "file_path": "/media/NFS/ttao/scannet/posed_images/scene0692_04/00254.jpg",
      "transform_matrix": [
        [
          -Infinity,
          -Infinity,
          -Infinity,
          -Infinity
        ],
        [
          -Infinity,
          -Infinity,
          -Infinity,
          -Infinity
        ],
        [
          -Infinity,
          -Infinity,
          -Infinity,
          -Infinity
        ],
        [
          -Infinity,
          -Infinity,
          -Infinity,
          -Infinity
        ]
      ]
    },
    {
      "file_path": "/media/NFS/ttao/scannet/posed_images/scene0692_04/00262.jpg",
      "transform_matrix": [
        [
          -Infinity,
          -Infinity,
          -Infinity,
          -Infinity
        ],
        [
          -Infinity,
          -Infinity,
          -Infinity,
          -Infinity
        ],
        [
          -Infinity,
          -Infinity,
          -Infinity,
          -Infinity
        ],
        [
          -Infinity,
          -Infinity,
          -Infinity,
          -Infinity
        ]
      ]
    },
    {
      "file_path": "/media/NFS/ttao/scannet/posed_images/scene0692_04/00266.jpg",
      "transform_matrix": [
        [
          -Infinity,
          -Infinity,
          -Infinity,
          -Infinity
        ],
        [
          -Infinity,
          -Infinity,
          -Infinity,
          -Infinity
        ],
        [
          -Infinity,
          -Infinity,
          -Infinity,
          -Infinity
        ],
        [
          -Infinity,
          -Infinity,
          -Infinity,
          -Infinity
        ]
      ]
    },
    {
      "file_path": "/media/NFS/ttao/scannet/posed_images/scene0692_04/00269.jpg",
      "transform_matrix": [
        [
          -Infinity,
          -Infinity,
          -Infinity,
          -Infinity
        ],
        [
          -Infinity,
          -Infinity,
          -Infinity,
          -Infinity
        ],
        [
          -Infinity,
          -Infinity,
          -Infinity,
          -Infinity
        ],
        [
          -Infinity,
          -Infinity,
          -Infinity,
          -Infinity
        ]
      ]
    },
    {
      "file_path": "/media/NFS/ttao/scannet/posed_images/scene0692_04/00273.jpg",
      "transform_matrix": [
        [
          -0.476795,
          0.4886,
          -0.73071,
          4.007529
        ],
        [
          0.878926,
          0.253187,
          -0.40421,
          1.312162
        ],
        [
          -0.012491,
          -0.834965,
          -0.550161,
          2.483941
        ],
        [
          0.0,
          0.0,
          0.0,
          1.0
        ]
      ]
    },
    {
      "file_path": "/media/NFS/ttao/scannet/posed_images/scene0692_04/00282.jpg",
      "transform_matrix": [
        [
          -0.381227,
          0.651194,
          -0.656211,
          4.032952
        ],
        [
          0.92263,
          0.223096,
          -0.314614,
          1.262843
        ],
        [
          -0.058477,
          -0.725379,
          -0.685862,
          2.496454
        ],
        [
          0.0,
          0.0,
          0.0,
          1.0
        ]
      ]
    },
    {
      "file_path": "/media/NFS/ttao/scannet/posed_images/scene0692_04/00283.jpg",
      "transform_matrix": [
        [
          -0.373812,
          0.653512,
          -0.658169,
          4.035374
        ],
        [
          0.925551,
          0.216795,
          -0.310413,
          1.258866
        ],
        [
          -0.060171,
          -0.725205,
          -0.685899,
          2.498881
        ],
        [
          0.0,
          0.0,
          0.0,
          1.0
        ]
      ]
    },
    {
      "file_path": "/media/NFS/ttao/scannet/posed_images/scene0692_04/00292.jpg",
      "transform_matrix": [
        [
          -0.302249,
          0.583513,
          -0.753763,
          4.021649
        ],
        [
          0.95168,
          0.139658,
          -0.273498,
          1.237852
        ],
        [
          -0.054321,
          -0.800005,
          -0.597529,
          2.619391
        ],
        [
          0.0,
          0.0,
          0.0,
          1.0
        ]
      ]
    },
    {
      "file_path": "/media/NFS/ttao/scannet/posed_images/scene0692_04/00294.jpg",
      "transform_matrix": [
        [
          -0.290423,
          0.538278,
          -0.791146,
          4.020422
        ],
        [
          0.955345,
          0.116008,
          -0.271769,
          1.254707
        ],
        [
          -0.054508,
          -0.834745,
          -0.547933,
          2.632996
        ],
        [
          0.0,
          0.0,
          0.0,
          1.0
        ]
      ]
    },
    {
      "file_path": "/media/NFS/ttao/scannet/posed_images/scene0692_04/00301.jpg",
      "transform_matrix": [
        [
          -Infinity,
          -Infinity,
          -Infinity,
          -Infinity
        ],
        [
          -Infinity,
          -Infinity,
          -Infinity,
          -Infinity
        ],
        [
          -Infinity,
          -Infinity,
          -Infinity,
          -Infinity
        ],
        [
          -Infinity,
          -Infinity,
          -Infinity,
          -Infinity
        ]
      ]
    },
    {
      "file_path": "/media/NFS/ttao/scannet/posed_images/scene0692_04/00302.jpg",
      "transform_matrix": [
        [
          -Infinity,
          -Infinity,
          -Infinity,
          -Infinity
        ],
        [
          -Infinity,
          -Infinity,
          -Infinity,
          -Infinity
        ],
        [
          -Infinity,
          -Infinity,
          -Infinity,
          -Infinity
        ],
        [
          -Infinity,
          -Infinity,
          -Infinity,
          -Infinity
        ]
      ]
    },
    {
      "file_path": "/media/NFS/ttao/scannet/posed_images/scene0692_04/00309.jpg",
      "transform_matrix": [
        [
          -Infinity,
          -Infinity,
          -Infinity,
          -Infinity
        ],
        [
          -Infinity,
          -Infinity,
          -Infinity,
          -Infinity
        ],
        [
          -Infinity,
          -Infinity,
          -Infinity,
          -Infinity
        ],
        [
          -Infinity,
          -Infinity,
          -Infinity,
          -Infinity
        ]
      ]
    },
    {
      "file_path": "/media/NFS/ttao/scannet/posed_images/scene0692_04/00315.jpg",
      "transform_matrix": [
        [
          -Infinity,
          -Infinity,
          -Infinity,
          -Infinity
        ],
        [
          -Infinity,
          -Infinity,
          -Infinity,
          -Infinity
        ],
        [
          -Infinity,
          -Infinity,
          -Infinity,
          -Infinity
        ],
        [
          -Infinity,
          -Infinity,
          -Infinity,
          -Infinity
        ]
      ]
    },
    {
      "file_path": "/media/NFS/ttao/scannet/posed_images/scene0692_04/00318.jpg",
      "transform_matrix": [
        [
          -Infinity,
          -Infinity,
          -Infinity,
          -Infinity
        ],
        [
          -Infinity,
          -Infinity,
          -Infinity,
          -Infinity
        ],
        [
          -Infinity,
          -Infinity,
          -Infinity,
          -Infinity
        ],
        [
          -Infinity,
          -Infinity,
          -Infinity,
          -Infinity
        ]
      ]
    },
    {
      "file_path": "/media/NFS/ttao/scannet/posed_images/scene0692_04/00322.jpg",
      "transform_matrix": [
        [
          -Infinity,
          -Infinity,
          -Infinity,
          -Infinity
        ],
        [
          -Infinity,
          -Infinity,
          -Infinity,
          -Infinity
        ],
        [
          -Infinity,
          -Infinity,
          -Infinity,
          -Infinity
        ],
        [
          -Infinity,
          -Infinity,
          -Infinity,
          -Infinity
        ]
      ]
    },
    {
      "file_path": "/media/NFS/ttao/scannet/posed_images/scene0692_04/00327.jpg",
      "transform_matrix": [
        [
          -Infinity,
          -Infinity,
          -Infinity,
          -Infinity
        ],
        [
          -Infinity,
          -Infinity,
          -Infinity,
          -Infinity
        ],
        [
          -Infinity,
          -Infinity,
          -Infinity,
          -Infinity
        ],
        [
          -Infinity,
          -Infinity,
          -Infinity,
          -Infinity
        ]
      ]
    },
    {
      "file_path": "/media/NFS/ttao/scannet/posed_images/scene0692_04/00335.jpg",
      "transform_matrix": [
        [
          -Infinity,
          -Infinity,
          -Infinity,
          -Infinity
        ],
        [
          -Infinity,
          -Infinity,
          -Infinity,
          -Infinity
        ],
        [
          -Infinity,
          -Infinity,
          -Infinity,
          -Infinity
        ],
        [
          -Infinity,
          -Infinity,
          -Infinity,
          -Infinity
        ]
      ]
    },
    {
      "file_path": "/media/NFS/ttao/scannet/posed_images/scene0692_04/00337.jpg",
      "transform_matrix": [
        [
          -Infinity,
          -Infinity,
          -Infinity,
          -Infinity
        ],
        [
          -Infinity,
          -Infinity,
          -Infinity,
          -Infinity
        ],
        [
          -Infinity,
          -Infinity,
          -Infinity,
          -Infinity
        ],
        [
          -Infinity,
          -Infinity,
          -Infinity,
          -Infinity
        ]
      ]
    },
    {
      "file_path": "/media/NFS/ttao/scannet/posed_images/scene0692_04/00343.jpg",
      "transform_matrix": [
        [
          -Infinity,
          -Infinity,
          -Infinity,
          -Infinity
        ],
        [
          -Infinity,
          -Infinity,
          -Infinity,
          -Infinity
        ],
        [
          -Infinity,
          -Infinity,
          -Infinity,
          -Infinity
        ],
        [
          -Infinity,
          -Infinity,
          -Infinity,
          -Infinity
        ]
      ]
    },
    {
      "file_path": "/media/NFS/ttao/scannet/posed_images/scene0692_04/00350.jpg",
      "transform_matrix": [
        [
          -Infinity,
          -Infinity,
          -Infinity,
          -Infinity
        ],
        [
          -Infinity,
          -Infinity,
          -Infinity,
          -Infinity
        ],
        [
          -Infinity,
          -Infinity,
          -Infinity,
          -Infinity
        ],
        [
          -Infinity,
          -Infinity,
          -Infinity,
          -Infinity
        ]
      ]
    },
    {
      "file_path": "/media/NFS/ttao/scannet/posed_images/scene0692_04/00354.jpg",
      "transform_matrix": [
        [
          -Infinity,
          -Infinity,
          -Infinity,
          -Infinity
        ],
        [
          -Infinity,
          -Infinity,
          -Infinity,
          -Infinity
        ],
        [
          -Infinity,
          -Infinity,
          -Infinity,
          -Infinity
        ],
        [
          -Infinity,
          -Infinity,
          -Infinity,
          -Infinity
        ]
      ]
    },
    {
      "file_path": "/media/NFS/ttao/scannet/posed_images/scene0692_04/00356.jpg",
      "transform_matrix": [
        [
          -Infinity,
          -Infinity,
          -Infinity,
          -Infinity
        ],
        [
          -Infinity,
          -Infinity,
          -Infinity,
          -Infinity
        ],
        [
          -Infinity,
          -Infinity,
          -Infinity,
          -Infinity
        ],
        [
          -Infinity,
          -Infinity,
          -Infinity,
          -Infinity
        ]
      ]
    },
    {
      "file_path": "/media/NFS/ttao/scannet/posed_images/scene0692_04/00360.jpg",
      "transform_matrix": [
        [
          -Infinity,
          -Infinity,
          -Infinity,
          -Infinity
        ],
        [
          -Infinity,
          -Infinity,
          -Infinity,
          -Infinity
        ],
        [
          -Infinity,
          -Infinity,
          -Infinity,
          -Infinity
        ],
