{
  "frames": [
    {
      "file_path": "/media/NFS/ttao/scannet/posed_images/scene0286_01/00000.jpg",
      "transform_matrix": [
        [
          -0.373984,
          -0.377698,
          0.847042,
          4.485719
        ],
        [
          -0.927435,
          0.151225,
          -0.342047,
          1.873116
        ],
        [
          0.001096,
          -0.913496,
          -0.406846,
          1.391352
        ],
        [
          0.0,
          0.0,
          0.0,
          1.0
        ]
      ]
    },
    {
      "file_path": "/media/NFS/ttao/scannet/posed_images/scene0286_01/00013.jpg",
      "transform_matrix": [
        [
          -0.253558,
          -0.389516,
          0.88543,
          4.495085
        ],
        [
          -0.967107,
          0.121316,
          -0.223579,
          1.688848
        ],
        [
          -0.020329,
          -0.912995,
          -0.407464,
          1.401459
        ],
        [
          0.0,
          0.0,
          0.0,
          1.0
        ]
      ]
    },
    {
      "file_path": "/media/NFS/ttao/scannet/posed_images/scene0286_01/00020.jpg",
      "transform_matrix": [
        [
          -0.192703,
          -0.388672,
          0.901,
          4.490538
        ],
        [
          -0.98046,
          0.113266,
          -0.160837,
          1.590032
        ],
        [
          -0.03954,
          -0.914388,
          -0.402904,
          1.384055
        ],
        [
          0.0,
          0.0,
          0.0,
          1.0
        ]
      ]
    },
    {
      "file_path": "/media/NFS/ttao/scannet/posed_images/scene0286_01/00023.jpg",
      "transform_matrix": [
        [
          -0.175061,
          -0.401862,
          0.898811,
          4.505099
        ],
        [
          -0.983456,
          0.114546,
          -0.140334,
          1.559543
        ],
        [
          -0.04656,
          -0.908508,
          -0.415266,
          1.369679
        ],
        [
          0.0,
          0.0,
          0.0,
          1.0
        ]
      ]
    },
    {
      "file_path": "/media/NFS/ttao/scannet/posed_images/scene0286_01/00036.jpg",
      "transform_matrix": [
        [
          -0.06594,
          -0.510725,
          0.857212,
          4.576552
        ],
        [
          -0.997582,
          0.052638,
          -0.045376,
          1.384812
        ],
        [
          -0.021948,
          -0.858131,
          -0.512961,
          1.297925
        ],
        [
          0.0,
          0.0,
          0.0,
          1.0
        ]
      ]
    },
    {
      "file_path": "/media/NFS/ttao/scannet/posed_images/scene0286_01/00046.jpg",
      "transform_matrix": [
        [
          -0.04363,
          -0.546011,
          0.836641,
          4.593471
        ],
        [
          -0.99902,
          0.030133,
          -0.032432,
          1.273063
        ],
        [
          -0.007502,
          -0.837236,
          -0.54679,
          1.307589
        ],
        [
          0.0,
          0.0,
          0.0,
          1.0
        ]
      ]
    },
    {
      "file_path": "/media/NFS/ttao/scannet/posed_images/scene0286_01/00048.jpg",
      "transform_matrix": [
        [
          -0.029053,
          -0.55173,
          0.833517,
          4.590812
        ],
        [
          -0.999573,
          0.018789,
          -0.022405,
          1.259865
        ],
        [
          -0.0033,
          -0.833812,
          -0.55204,
          1.308017
        ],
        [
          0.0,
          0.0,
          0.0,
          1.0
        ]
      ]
    },
    {
      "file_path": "/media/NFS/ttao/scannet/posed_images/scene0286_01/00058.jpg",
      "transform_matrix": [
        [
          0.071435,
          -0.520193,
          0.851056,
          4.508341
        ],
        [
          -0.997418,
          -0.030946,
          0.064805,
          1.150095
        ],
        [
          -0.007374,
          -0.853488,
          -0.521061,
          1.309333
        ],
        [
          0.0,
          0.0,
          0.0,
          1.0
        ]
      ]
    },
    {
      "file_path": "/media/NFS/ttao/scannet/posed_images/scene0286_01/00069.jpg",
      "transform_matrix": [
        [
          0.132077,
          -0.543995,
          0.828628,
          4.390991
        ],
        [
          -0.991231,
          -0.07586,
          0.108193,
          1.055732
        ],
        [
          0.004003,
          -0.835652,
          -0.549245,
          1.325896
        ],
        [
          0.0,
          0.0,
          0.0,
          1.0
        ]
      ]
    },
    {
      "file_path": "/media/NFS/ttao/scannet/posed_images/scene0286_01/00074.jpg",
      "transform_matrix": [
        [
          0.150121,
          -0.508153,
          0.848083,
          4.355785
        ],
        [
          -0.988665,
          -0.079385,
          0.127439,
          1.034418
        ],
        [
          0.002566,
          -0.857601,
          -0.51431,
          1.337169
        ],
        [
          0.0,
          0.0,
          0.0,
          1.0
        ]
      ]
    },
    {
      "file_path": "/media/NFS/ttao/scannet/posed_images/scene0286_01/00089.jpg",
      "transform_matrix": [
        [
          0.244641,
          -0.540479,
          0.805005,
          4.240545
        ],
        [
          -0.969551,
          -0.145819,
          0.196743,
          1.07742
        ],
        [
          0.01105,
          -0.828625,
          -0.559695,
          1.303384
        ],
        [
          0.0,
          0.0,
          0.0,
          1.0
        ]
      ]
    },
    {
      "file_path": "/media/NFS/ttao/scannet/posed_images/scene0286_01/00097.jpg",
      "transform_matrix": [
        [
          0.265166,
          -0.563073,
          0.78271,
          4.206347
        ],
        [
          -0.9642,
          -0.156736,
          0.213896,
          1.089398
        ],
        [
          0.002239,
          -0.811408,
          -0.584476,
          1.296314
        ],
        [
          0.0,
          0.0,
          0.0,
          1.0
        ]
      ]
    },
    {
      "file_path": "/media/NFS/ttao/scannet/posed_images/scene0286_01/00099.jpg",
      "transform_matrix": [
        [
          0.262394,
          -0.563827,
          0.783102,
          4.206538
        ],
        [
          -0.964952,
          -0.156726,
          0.210485,
          1.091807
        ],
        [
          0.004055,
          -0.810886,
          -0.585191,
          1.300719
        ],
        [
          0.0,
          0.0,
          0.0,
          1.0
        ]
      ]
    },
    {
      "file_path": "/media/NFS/ttao/scannet/posed_images/scene0286_01/00114.jpg",
      "transform_matrix": [
        [
          0.273082,
          -0.456999,
          0.846509,
          4.300559
        ],
        [
          -0.961954,
          -0.121971,
          0.244476,
          1.074039
        ],
        [
          -0.008476,
          -0.881065,
          -0.47292,
          1.370243
        ],
        [
          0.0,
          0.0,
          0.0,
          1.0
        ]
      ]
    },
    {
      "file_path": "/media/NFS/ttao/scannet/posed_images/scene0286_01/00119.jpg",
      "transform_matrix": [
        [
          0.280329,
          -0.425433,
          0.860478,
          4.360832
        ],
        [
          -0.959864,
          -0.116083,
          0.255314,
          1.060041
        ],
        [
          -0.008732,
          -0.897514,
          -0.440899,
          1.388406
        ],
        [
          0.0,
          0.0,
          0.0,
          1.0
        ]
      ]
    },
    {
      "file_path": "/media/NFS/ttao/scannet/posed_images/scene0286_01/00130.jpg",
      "transform_matrix": [
        [
          0.233065,
          -0.383233,
          0.893763,
          4.469785
        ],
        [
          -0.972173,
          -0.069442,
          0.223735,
          1.070377
        ],
        [
          -0.023678,
          -0.921037,
          -0.388754,
          1.413198
        ],
        [
          0.0,
          0.0,
          0.0,
          1.0
        ]
      ]
    },
    {
      "file_path": "/media/NFS/ttao/scannet/posed_images/scene0286_01/00140.jpg",
      "transform_matrix": [
        [
          0.234532,
          -0.386408,
          0.892011,
          4.500888
        ],
        [
          -0.970043,
          -0.03325,
          0.240645,
          1.185307
        ],
        [
          -0.063328,
          -0.921728,
          -0.382631,
          1.419025
        ],
        [
          0.0,
          0.0,
          0.0,
          1.0
        ]
      ]
    },
    {
      "file_path": "/media/NFS/ttao/scannet/posed_images/scene0286_01/00142.jpg",
      "transform_matrix": [
        [
          0.229796,
          -0.383822,
          0.894357,
          4.499289
        ],
        [
          -0.971405,
          -0.034065,
          0.234973,
          1.212851
        ],
        [
          -0.059722,
          -0.922779,
          -0.380675,
          1.415927
        ],
        [
          0.0,
          0.0,
          0.0,
          1.0
        ]
      ]
    },
    {
      "file_path": "/media/NFS/ttao/scannet/posed_images/scene0286_01/00152.jpg",
      "transform_matrix": [
        [
          0.158762,
          -0.411259,
          0.897586,
          4.478096
        ],
        [
          -0.98683,
          -0.037544,
          0.157345,
          1.375266
        ],
        [
          -0.031011,
          -0.910745,
          -0.411803,
          1.395481
        ],
        [
          0.0,
          0.0,
          0.0,
          1.0
        ]
      ]
    },
    {
      "file_path": "/media/NFS/ttao/scannet/posed_images/scene0286_01/00160.jpg",
      "transform_matrix": [
        [
          0.213389,
          -0.417808,
          0.88312,
          4.455115
        ],
        [
          -0.976938,
          -0.098286,
          0.189559,
          1.486451
        ],
        [
          0.007599,
          -0.903204,
          -0.429145,
          1.376985
        ],
        [
          0.0,
          0.0,
          0.0,
          1.0
        ]
      ]
    },
    {
      "file_path": "/media/NFS/ttao/scannet/posed_images/scene0286_01/00168.jpg",
      "transform_matrix": [
        [
          0.296259,
          -0.448975,
          0.843002,
          4.412993
        ],
        [
          -0.953778,
          -0.185629,
          0.236325,
          1.531035
        ],
        [
          0.050381,
          -0.87405,
          -0.483216,
          1.341811
        ],
        [
          0.0,
          0.0,
          0.0,
          1.0
        ]
      ]
    },
    {
      "file_path": "/media/NFS/ttao/scannet/posed_images/scene0286_01/00180.jpg",
      "transform_matrix": [
        [
          0.370591,
          -0.496828,
          0.784745,
          4.36189
        ],
        [
          -0.927496,
          -0.242649,
          0.284381,
          1.489069
        ],
        [
          0.049128,
          -0.833237,
          -0.55073,
          1.316394
        ],
        [
          0.0,
          0.0,
          0.0,
          1.0
        ]
      ]
    },
    {
      "file_path": "/media/NFS/ttao/scannet/posed_images/scene0286_01/00191.jpg",
      "transform_matrix": [
        [
          0.468936,
          -0.499006,
          0.728761,
          4.3009
        ],
        [
          -0.882373,
          -0.30107,
          0.361627,
          1.385976
        ],
        [
          0.038954,
          -0.812619,
          -0.581492,
          1.307501
        ],
        [
          0.0,
          0.0,
          0.0,
          1.0
        ]
      ]
    },
    {
      "file_path": "/media/NFS/ttao/scannet/posed_images/scene0286_01/00193.jpg",
      "transform_matrix": [
        [
          0.487349,
          -0.48789,
          0.724192,
          4.28792
        ],
        [
          -0.872219,
          -0.311437,
          0.377149,
          1.362285
        ],
        [
          0.041533,
          -0.815457,
          -0.577326,
          1.30573
        ],
        [
          0.0,
          0.0,
          0.0,
          1.0
        ]
      ]
    },
    {
      "file_path": "/media/NFS/ttao/scannet/posed_images/scene0286_01/00201.jpg",
      "transform_matrix": [
        [
          0.553856,
          -0.471539,
          0.686218,
          4.235991
        ],
        [
          -0.832086,
          -0.342773,
          0.43605,
          1.31085
        ],
        [
          0.029602,
          -0.812501,
          -0.582208,
          1.30771
        ],
        [
          0.0,
          0.0,
          0.0,
          1.0
        ]
      ]
    },
    {
      "file_path": "/media/NFS/ttao/scannet/posed_images/scene0286_01/00211.jpg",
      "transform_matrix": [
        [
          0.601334,
          -0.447995,
          0.661588,
          4.229964
        ],
        [
          -0.798951,
          -0.346123,
          0.491809,
          1.312054
        ],
        [
          0.008662,
          -0.824318,
          -0.566061,
          1.313691
        ],
        [
          0.0,
          0.0,
          0.0,
          1.0
        ]
      ]
    },
    {
      "file_path": "/media/NFS/ttao/scannet/posed_images/scene0286_01/00224.jpg",
      "transform_matrix": [
        [
          0.613061,
          -0.425869,
          0.665426,
          4.285655
        ],
        [
          -0.789927,
          -0.316463,
          0.525229,
          1.472677
        ],
        [
          -0.013096,
          -0.847636,
          -0.530417,
          1.330587
        ],
        [
          0.0,
          0.0,
          0.0,
          1.0
        ]
      ]
    },
    {
      "file_path": "/media/NFS/ttao/scannet/posed_images/scene0286_01/00231.jpg",
      "transform_matrix": [
        [
          0.621586,
          -0.409106,
          0.668029,
          4.33672
        ],
        [
          -0.782958,
          -0.297632,
          0.546252,
          1.608246
        ],
        [
          -0.024648,
          -0.862582,
          -0.505317,
          1.359111
        ],
        [
          0.0,
          0.0,
          0.0,
          1.0
        ]
      ]
    },
    {
      "file_path": "/media/NFS/ttao/scannet/posed_images/scene0286_01/00241.jpg",
      "transform_matrix": [
        [
          0.537903,
          -0.422238,
          0.729641,
          4.420119
        ],
        [
          -0.842541,
          -0.24048,
          0.48197,
          1.719853
        ],
        [
          -0.028042,
          -0.874005,
          -0.485107,
          1.374481
        ],
        [
          0.0,
          0.0,
          0.0,
          1.0
        ]
      ]
    },
    {
      "file_path": "/media/NFS/ttao/scannet/posed_images/scene0286_01/00249.jpg",
      "transform_matrix": [
        [
          0.456343,
          -0.436788,
          0.775221,
          4.453812
        ],
        [
          -0.889769,
          -0.216245,
          0.401933,
          1.803798
        ],
        [
          -0.007922,
          -0.873187,
          -0.487322,
          1.361869
        ],
        [
          0.0,
          0.0,
          0.0,
          1.0
        ]
      ]
    },
    {
      "file_path": "/media/NFS/ttao/scannet/posed_images/scene0286_01/00259.jpg",
      "transform_matrix": [
        [
          0.374449,
          -0.436577,
          0.818039,
          4.501283
        ],
        [
          -0.927225,
          -0.182481,
          0.327039,
          1.951371
        ],
        [
          0.006499,
          -0.880966,
          -0.473135,
          1.369133
        ],
        [
          0.0,
          0.0,
          0.0,
          1.0
        ]
      ]
    },
    {
      "file_path": "/media/NFS/ttao/scannet/posed_images/scene0286_01/00267.jpg",
      "transform_matrix": [
        [
          0.337462,
          -0.437491,
          0.833499,
          4.503379
        ],
        [
          -0.941324,
          -0.161906,
          0.296135,
          2.090676
        ],
        [
          0.005392,
          -0.884527,
          -0.466458,
          1.371359
        ],
        [
          0.0,
          0.0,
          0.0,
          1.0
        ]
      ]
    },
    {
      "file_path": "/media/NFS/ttao/scannet/posed_images/scene0286_01/00269.jpg",
      "transform_matrix": [
        [
          0.310694,
          -0.444947,
          0.839935,
          4.49693
        ],
        [
          -0.950505,
          -0.142644,
          0.276029,
          2.13225
        ],
        [
          -0.003006,
          -0.884124,
          -0.467243,
          1.373358
        ],
        [
          0.0,
          0.0,
          0.0,
          1.0
        ]
      ]
    },
    {
      "file_path": "/media/NFS/ttao/scannet/posed_images/scene0286_01/00277.jpg",
      "transform_matrix": [
        [
          0.221285,
          -0.469939,
          0.854512,
          4.444242
        ],
        [
          -0.97488,
          -0.083827,
          0.206355,
          2.321599
        ],
        [
          -0.025343,
          -0.87871,
          -0.476684,
          1.395238
        ],
        [
          0.0,
          0.0,
          0.0,
          1.0
        ]
      ]
    },
    {
      "file_path": "/media/NFS/ttao/scannet/posed_images/scene0286_01/00290.jpg",
      "transform_matrix": [
        [
          0.052568,
          -0.394689,
          0.91731,
          4.463184
        ],
        [
          -0.998596,
          -0.014805,
          0.050856,
          2.601828
        ],
        [
          -0.006491,
          -0.918696,
          -0.394913,
          1.430761
        ],
        [
          0.0,
          0.0,
          0.0,
          1.0
        ]
      ]
    },
    {
      "file_path": "/media/NFS/ttao/scannet/posed_images/scene0286_01/00300.jpg",
      "transform_matrix": [
        [
          0.047444,
          -0.372366,
          0.926873,
          4.527096
        ],
        [
          -0.996798,
          0.042149,
          0.067956,
          2.838516
        ],
        [
          -0.064371,
          -0.927129,
          -0.369174,
          1.452146
        ],
        [
          0.0,
          0.0,
          0.0,
          1.0
        ]
      ]
    },
    {
      "file_path": "/media/NFS/ttao/scannet/posed_images/scene0286_01/00310.jpg",
      "transform_matrix": [
        [
          -0.148098,
          -0.298792,
          0.942757,
          4.581409
        ],
        [
          -0.987136,
          0.102732,
          -0.122511,
          3.033226
        ],
        [
          -0.060246,
          -0.948773,
          -0.310163,
          1.462861
        ],
        [
          0.0,
          0.0,
          0.0,
          1.0
        ]
      ]
    },
    {
      "file_path": "/media/NFS/ttao/scannet/posed_images/scene0286_01/00318.jpg",
      "transform_matrix": [
        [
          -0.288613,
          -0.319953,
          0.902404,
          4.64616
        ],
        [
          -0.956241,
          0.143598,
          -0.254918,
          3.172221
        ],
        [
          -0.048022,
          -0.936488,
          -0.347397,
          1.457091
        ],
        [
          0.0,
          0.0,
          0.0,
          1.0
        ]
      ]
    },
    {
      "file_path": "/media/NFS/ttao/scannet/posed_images/scene0286_01/00320.jpg",
      "transform_matrix": [
        [
          -0.332322,
          -0.324967,
          0.885415,
          4.670232
        ],
        [
          -0.942535,
          0.148757,
          -0.299164,
          3.212335
        ],
        [
          -0.034493,
          -0.933953,
          -0.355728,
          1.457893
        ],
        [
          0.0,
          0.0,
          0.0,
          1.0
        ]
      ]
    },
    {
      "file_path": "/media/NFS/ttao/scannet/posed_images/scene0286_01/00328.jpg",
      "transform_matrix": [
        [
          -0.38384,
          -0.338444,
          0.859141,
          4.74973
        ],
        [
          -0.923352,
          0.150106,
          -0.353396,
          3.331191
        ],
        [
          -0.009358,
          -0.928937,
          -0.37012,
          1.412994
        ],
        [
          0.0,
          0.0,
          0.0,
          1.0
        ]
      ]
    },
    {
      "file_path": "/media/NFS/ttao/scannet/posed_images/scene0286_01/00338.jpg",
      "transform_matrix": [
        [
          -0.386801,
          -0.461187,
          0.798556,
          4.803815
        ],
        [
          -0.920588,
          0.142523,
          -0.363599,
          3.456329
        ],
        [
          0.053875,
          -0.875782,
          -0.479691,
          1.360792
        ],
        [
          0.0,
          0.0,
          0.0,
          1.0
        ]
      ]
    },
    {
      "file_path": "/media/NFS/ttao/scannet/posed_images/scene0286_01/00351.jpg",
      "transform_matrix": [
        [
          -0.475859,
          -0.481421,
          0.736066,
          4.748715
        ],
        [
          -0.879472,
          0.251519,
          -0.404064,
          3.52282
        ],
        [
          0.009391,
          -0.839626,
          -0.543084,
          1.349616
        ],
        [
          0.0,
          0.0,
          0.0,
          1.0
        ]
      ]
    },
    {
      "file_path": "/media/NFS/ttao/scannet/posed_images/scene0286_01/00361.jpg",
      "transform_matrix": [
        [
          -0.387557,
          -0.448029,
          0.805649,
          4.762619
        ],
        [
          -0.921786,
          0.198315,
          -0.333139,
          3.527365
        ],
        [
          -0.010516,
          -0.871746,
          -0.489846,
          1.40453
        ],
        [
          0.0,
          0.0,
          0.0,
          1.0
        ]
      ]
    },
    {
      "file_path": "/media/NFS/ttao/scannet/posed_images/scene0286_01/00366.jpg",
      "transform_matrix": [
        [
          -0.3527,
          -0.427188,
          0.832534,
          4.775583
        ],
        [
          -0.935709,
          0.167835,
          -0.31029,
          3.487478
        ],
        [
          -0.007176,
          -0.888449,
          -0.458919,
          1.423439
        ],
        [
          0.0,
          0.0,
          0.0,
          1.0
        ]
      ]
    },
    {
      "file_path": "/media/NFS/ttao/scannet/posed_images/scene0286_01/00376.jpg",
      "transform_matrix": [
        [
          -0.209819,
          -0.384527,
          0.898952,
          4.806057
        ],
        [
          -0.976778,
          0.123216,
          -0.175279,
          3.356409
        ],
        [
          -0.043366,
          -0.914853,
          -0.401451,
          1.465804
        ],
        [
          0.0,
          0.0,
          0.0,
          1.0
        ]
      ]
    },
    {
      "file_path": "/media/NFS/ttao/scannet/posed_images/scene0286_01/00386.jpg",
      "transform_matrix": [
        [
          -0.109124,
          -0.366292,
          0.924079,
          4.833844
        ],
        [
          -0.992064,
          0.098551,
          -0.078087,
          3.180795
        ],
        [
          -0.062467,
          -0.925266,
          -0.374139,
          1.47518
        ],
        [
          0.0,
          0.0,
          0.0,
          1.0
        ]
      ]
    },
    {
      "file_path": "/media/NFS/ttao/scannet/posed_images/scene0286_01/00394.jpg",
      "transform_matrix": [
        [
          -0.019945,
          -0.354676,
          0.934776,
          4.88363
        ],
        [
          -0.996454,
          0.083492,
          0.010417,
          3.05495
        ],
        [
          -0.081741,
          -0.931254,
          -0.355084,
          1.46123
        ],
        [
          0.0,
          0.0,
          0.0,
          1.0
        ]
      ]
    },
    {
      "file_path": "/media/NFS/ttao/scannet/posed_images/scene0286_01/00396.jpg",
      "transform_matrix": [
        [
          -0.000908,
          -0.350073,
          0.936722,
          4.900681
        ],
        [
          -0.997116,
          0.071404,
          0.025718,
          3.021319
        ],
        [
          -0.07589,
          -0.933997,
          -0.349128,
          1.460023
        ],
        [
          0.0,
          0.0,
          0.0,
          1.0
        ]
      ]
    },
    {
      "file_path": "/media/NFS/ttao/scannet/posed_images/scene0286_01/00404.jpg",
      "transform_matrix": [
        [
          0.10959,
          -0.34838,
          0.930925,
          4.958044
        ],
        [
          -0.993837,
          -0.022712,
          0.108496,
          2.884273
        ],
        [
          -0.016655,
          -0.937078,
          -0.348723,
          1.452253
        ],
        [
          0.0,
          0.0,
          0.0,
          1.0
        ]
      ]
    },
    {
      "file_path": "/media/NFS/ttao/scannet/posed_images/scene0286_01/00419.jpg",
      "transform_matrix": [
        [
          0.373253,
          -0.384921,
          0.844108,
          4.958227
        ],
        [
          -0.927728,
          -0.153324,
          0.340311,
          2.58973
        ],
        [
          -0.001571,
          -0.910125,
          -0.414331,
          1.438058
        ],
        [
          0.0,
          0.0,
          0.0,
          1.0
        ]
      ]
    },
    {
      "file_path": "/media/NFS/ttao/scannet/posed_images/scene0286_01/00427.jpg",
      "transform_matrix": [
        [
          0.51058,
          -0.338264,
          0.790497,
          4.954138
        ],
        [
          -0.859791,
          -0.1921,
          0.473135,
          2.411994
        ],
        [
          -0.00819,
          -0.921236,
          -0.388919,
          1.42
        ],
        [
          0.0,
          0.0,
          0.0,
          1.0
        ]
      ]
    },
    {
      "file_path": "/media/NFS/ttao/scannet/posed_images/scene0286_01/00437.jpg",
      "transform_matrix": [
        [
          0.625818,
          -0.320778,
          0.710952,
          4.991349
        ],
        [
          -0.77994,
          -0.265281,
          0.566851,
          2.273965
        ],
        [
          0.006769,
          -0.909246,
          -0.416205,
          1.387511
        ],
        [
          0.0,
          0.0,
          0.0,
          1.0
        ]
      ]
    },
    {
      "file_path": "/media/NFS/ttao/scannet/posed_images/scene0286_01/00440.jpg",
      "transform_matrix": [
        [
          0.646133,
          -0.31445,
          0.695437,
          5.006711
        ],
        [
          -0.762778,
          -0.297228,
          0.574304,
          2.227462
        ],
        [
          0.026113,
          -0.901541,
          -0.431905,
          1.392456
        ],
        [
          0.0,
          0.0,
          0.0,
          1.0
        ]
      ]
    },
    {
      "file_path": "/media/NFS/ttao/scannet/posed_images/scene0286_01/00447.jpg",
      "transform_matrix": [
        [
          0.667503,
          -0.319166,
          0.672735,
          5.029933
        ],
        [
          -0.744475,
          -0.269022,
          0.611052,
          2.113845
        ],
        [
          -0.014046,
          -0.908714,
          -0.417184,
          1.40647
        ],
        [
          0.0,
          0.0,
          0.0,
          1.0
        ]
      ]
    },
    {
      "file_path": "/media/NFS/ttao/scannet/posed_images/scene0286_01/00460.jpg",
      "transform_matrix": [
        [
          0.728312,
          -0.314468,
          0.608828,
          5.038189
        ],
        [
          -0.684018,
          -0.280466,
          0.673394,
          1.837219
        ],
        [
          -0.041006,
          -0.90689,
          -0.419368,
          1.419134
        ],
        [
          0.0,
          0.0,
          0.0,
          1.0
        ]
      ]
    },
    {
      "file_path": "/media/NFS/ttao/scannet/posed_images/scene0286_01/00468.jpg",
      "transform_matrix": [
        [
          0.727504,
          -0.295527,
          0.619194,
          5.090399
        ],
        [
          -0.685292,
          -0.269095,
          0.67673,
          1.727279
        ],
        [
          -0.03337,
          -0.916653,
          -0.39829,
          1.412787
        ],
        [
          0.0,
          0.0,
          0.0,
          1.0
        ]
      ]
    },
    {
      "file_path": "/media/NFS/ttao/scannet/posed_images/scene0286_01/00473.jpg",
      "transform_matrix": [
        [
          0.748486,
          -0.299878,
          0.591474,
          5.126356
        ],
        [
          -0.662384,
          -0.295224,
          0.688542,
          1.68361
        ],
        [
          -0.031861,
          -0.907148,
          -0.419605,
          1.389064
        ],
        [
          0.0,
          0.0,
          0.0,
          1.0
        ]
      ]
    },
    {
      "file_path": "/media/NFS/ttao/scannet/posed_images/scene0286_01/00480.jpg",
      "transform_matrix": [
        [
          0.810829,
          -0.236848,
          0.53522,
          5.207971
        ],
        [
          -0.585141,
          -0.307844,
          0.750228,
          1.636264
        ],
        [
          -0.012925,
          -0.921485,
          -0.388198,
          1.387273
        ],
        [
          0.0,
          0.0,
          0.0,
          1.0
        ]
      ]
    },
    {
      "file_path": "/media/NFS/ttao/scannet/posed_images/scene0286_01/00495.jpg",
      "transform_matrix": [
        [
          0.91485,
          -0.212658,
          0.343259,
          5.395647
        ],
        [
          -0.400286,
          -0.3658,
          0.840215,
          1.551515
        ],
        [
          -0.053114,
          -0.906072,
          -0.419776,
          1.384593
        ],
        [
          0.0,
          0.0,
          0.0,
          1.0
        ]
      ]
    },
    {
      "file_path": "/media/NFS/ttao/scannet/posed_images/scene0286_01/00498.jpg",
      "transform_matrix": [
        [
          0.934408,
          -0.20203,
          0.293369,
          5.431178
        ],
        [
          -0.351149,
          -0.384192,
          0.853868,
          1.526679
        ],
        [
          -0.059797,
          -0.900878,
          -0.429935,
          1.387102
        ],
        [
          0.0,
          0.0,
          0.0,
          1.0
        ]
      ]
    },
    {
      "file_path": "/media/NFS/ttao/scannet/posed_images/scene0286_01/00506.jpg",
      "transform_matrix": [
        [
          0.973543,
          -0.129915,
          0.18798,
          5.550938
        ],
        [
          -0.224747,
          -0.39582,
          0.890402,
          1.444149
        ],
        [
          -0.04127,
          -0.909093,
          -0.414545,
          1.404002
        ],
        [
          0.0,
          0.0,
          0.0,
          1.0
        ]
      ]
    },
    {
      "file_path": "/media/NFS/ttao/scannet/posed_images/scene0286_01/00521.jpg",
      "transform_matrix": [
        [
          0.999435,
          -0.028297,
          0.018139,
          5.773993
        ],
        [
          -0.027622,
          -0.383977,
          0.922929,
          1.419344
        ],
        [
          -0.019151,
          -0.922909,
          -0.384542,
          1.364578
        ],
        [
          0.0,
          0.0,
          0.0,
          1.0
        ]
      ]
    },
    {
      "file_path": "/media/NFS/ttao/scannet/posed_images/scene0286_01/00523.jpg",
      "transform_matrix": [
        [
          0.999961,
          0.008679,
          0.00148,
          5.814341
        ],
        [
          0.001951,
          -0.382327,
          0.924025,
          1.424754
        ],
        [
          0.008585,
          -0.923986,
          -0.382329,
          1.350059
        ],
        [
          0.0,
          0.0,
          0.0,
          1.0
        ]
      ]
    },
    {
      "file_path": "/media/NFS/ttao/scannet/posed_images/scene0286_01/00531.jpg",
      "transform_matrix": [
        [
          0.991345,
          0.046901,
          -0.122622,
          5.952436
        ],
        [
          0.131076,
          -0.406321,
          0.90428,
          1.460575
        ],
        [
          -0.007412,
          -0.912526,
          -0.408951,
          1.377812
        ],
        [
          0.0,
          0.0,
          0.0,
          1.0
        ]
      ]
    },
    {
      "file_path": "/media/NFS/ttao/scannet/posed_images/scene0286_01/00546.jpg",
      "transform_matrix": [
        [
          0.935352,
          0.028281,
          -0.352586,
          6.213855
        ],
        [
          0.335815,
          -0.384107,
          0.860053,
          1.484857
        ],
        [
          -0.111107,
          -0.922855,
          -0.368773,
          1.379921
        ],
        [
          0.0,
          0.0,
          0.0,
          1.0
        ]
      ]
    },
    {
      "file_path": "/media/NFS/ttao/scannet/posed_images/scene0286_01/00549.jpg",
      "transform_matrix": [
        [
          0.926103,
          0.046127,
          -0.374441,
          6.269026
        ],
        [
          0.363361,
          -0.376076,
          0.852371,
          1.49754
        ],
        [
          -0.101501,
          -0.92544,
          -0.365045,
          1.378998
        ],
        [
          0.0,
          0.0,
          0.0,
          1.0
        ]
      ]
    },
    {
      "file_path": "/media/NFS/ttao/scannet/posed_images/scene0286_01/00564.jpg",
      "transform_matrix": [
        [
          0.92623,
          0.054624,
          -0.37298,
          6.411141
        ],
        [
          0.361843,
          -0.406208,
          0.839086,
          1.572696
        ],
        [
          -0.105673,
          -0.912147,
          -0.396007,
          1.344147
        ],
        [
          0.0,
          0.0,
          0.0,
          1.0
        ]
      ]
    },
    {
      "file_path": "/media/NFS/ttao/scannet/posed_images/scene0286_01/00572.jpg",
      "transform_matrix": [
        [
          0.930711,
          0.071343,
          -0.358731,
          6.413825
        ],
        [
          0.354089,
          -0.421493,
          0.834844,
          1.597181
        ],
        [
          -0.091642,
          -0.904021,
          -0.41755,
          1.327869
        ],
        [
          0.0,
          0.0,
          0.0,
          1.0
        ]
      ]
    },
    {
      "file_path": "/media/NFS/ttao/scannet/posed_images/scene0286_01/00574.jpg",
      "transform_matrix": [
        [
          0.930568,
          0.066735,
          -0.359984,
          6.412985
        ],
        [
          0.352915,
          -0.425174,
          0.833474,
          1.601585
        ],
        [
          -0.097434,
          -0.902648,
          -0.419205,
          1.327938
        ],
        [
          0.0,
          0.0,
          0.0,
          1.0
        ]
      ]
    },
    {
      "file_path": "/media/NFS/ttao/scannet/posed_images/scene0286_01/00582.jpg",
      "transform_matrix": [
        [
          0.929199,
          0.069429,
          -0.363001,
          6.392415
        ],
        [
          0.359089,
          -0.401967,
          0.842305,
          1.600799
        ],
        [
          -0.087434,
          -0.913018,
          -0.398439,
          1.337833
        ],
        [
          0.0,
          0.0,
          0.0,
          1.0
        ]
      ]
    },
    {
      "file_path": "/media/NFS/ttao/scannet/posed_images/scene0286_01/00597.jpg",
      "transform_matrix": [
        [
          0.947,
          0.117907,
          -0.298814,
          6.164217
        ],
        [
          0.320898,
          -0.389814,
          0.863174,
          1.557934
        ],
        [
          -0.014708,
          -0.913314,
          -0.40699,
          1.36986
        ],
        [
          0.0,
          0.0,
          0.0,
          1.0
        ]
      ]
    },
    {
      "file_path": "/media/NFS/ttao/scannet/posed_images/scene0286_01/00600.jpg",
      "transform_matrix": [
        [
          0.956246,
          0.128205,
          -0.262977,
          6.075899
        ],
        [
          0.292309,
          -0.381228,
          0.877052,
          1.540076
        ],
        [
          0.012189,
          -0.915548,
          -0.402023,
          1.382223
        ],
        [
          0.0,
          0.0,
          0.0,
          1.0
        ]
      ]
    },
    {
      "file_path": "/media/NFS/ttao/scannet/posed_images/scene0286_01/00612.jpg",
      "transform_matrix": [
        [
          0.973935,
          0.079176,
          -0.21256,
          5.754561
        ],
        [
          0.225953,
          -0.420807,
          0.878559,
          1.494001
        ],
        [
          -0.019886,
          -0.903689,
          -0.427729,
          1.399021
        ],
        [
          0.0,
          0.0,
          0.0,
          1.0
        ]
      ]
    },
    {
      "file_path": "/media/NFS/ttao/scannet/posed_images/scene0286_01/00617.jpg",
      "transform_matrix": [
        [
          0.984959,
          0.07543,
          -0.155456,
          5.658631
        ],
        [
          0.172737,
          -0.45196,
          0.875153,
          1.510768
        ],
        [
          -0.004247,
          -0.888843,
          -0.458192,
          1.400596
        ],
        [
          0.0,
          0.0,
          0.0,
          1.0
        ]
      ]
    },
    {
      "file_path": "/media/NFS/ttao/scannet/posed_images/scene0286_01/00625.jpg",
      "transform_matrix": [
        [
          0.985919,
          0.021209,
          -0.165871,
          5.490239
        ],
        [
          0.159697,
          -0.413622,
          0.896334,
          1.542808
        ],
        [
          -0.049597,
          -0.910202,
          -0.411185,
          1.398719
        ],
        [
          0.0,
          0.0,
          0.0,
          1.0
        ]
      ]
    },
    {
      "file_path": "/media/NFS/ttao/scannet/posed_images/scene0286_01/00640.jpg",
      "transform_matrix": [
        [
          0.995738,
          -0.005675,
          -0.092049,
          5.181972
        ],
        [
          0.079898,
          -0.445399,
          0.89176,
          1.649806
        ],
        [
          -0.046059,
          -0.895314,
          -0.443047,
          1.445148
        ],
        [
          0.0,
          0.0,
          0.0,
          1.0
        ]
      ]
    },
    {
      "file_path": "/media/NFS/ttao/scannet/posed_images/scene0286_01/00645.jpg",
      "transform_matrix": [
        [
          0.997922,
          -0.033832,
          -0.054839,
          5.069099
        ],
        [
          0.034312,
          -0.441359,
          0.896674,
          1.674403
        ],
        [
          -0.05454,
          -0.896693,
          -0.439281,
          1.463672
        ],
        [
          0.0,
          0.0,
          0.0,
          1.0
        ]
      ]
    },
    {
      "file_path": "/media/NFS/ttao/scannet/posed_images/scene0286_01/00650.jpg",
      "transform_matrix": [
        [
          0.998538,
          -0.051942,
          0.014992,
          4.992888
        ],
        [
          -0.036256,
          -0.437677,
          0.898401,
          1.698198
        ],
        [
          -0.040103,
          -0.897631,
