{
  "frames": [
    {
      "file_path": "/media/NFS/ttao/scannet/posed_images/scene0260_02/00000.jpg",
      "transform_matrix": [
        [
          -0.942625,
          0.227418,
          -0.244415,
          1.62245
        ],
        [
          0.333776,
          0.657605,
          -0.675389,
          1.436868
        ],
        [
          0.007133,
          -0.718218,
          -0.695782,
          1.254592
        ],
        [
          0.0,
          0.0,
          0.0,
          1.0
        ]
      ]
    },
    {
      "file_path": "/media/NFS/ttao/scannet/posed_images/scene0260_02/00008.jpg",
      "transform_matrix": [
        [
          -0.949575,
          0.199355,
          -0.242001,
          1.622078
        ],
        [
          0.313265,
          0.635507,
          -0.705688,
          1.44238
        ],
        [
          0.013111,
          -0.745915,
          -0.665913,
          1.269283
        ],
        [
          0.0,
          0.0,
          0.0,
          1.0
        ]
      ]
    },
    {
      "file_path": "/media/NFS/ttao/scannet/posed_images/scene0260_02/00011.jpg",
      "transform_matrix": [
        [
          -0.948477,
          0.200437,
          -0.245391,
          1.620551
        ],
        [
          0.316619,
          0.628931,
          -0.710069,
          1.446369
        ],
        [
          0.01201,
          -0.75118,
          -0.659989,
          1.267981
        ],
        [
          0.0,
          0.0,
          0.0,
          1.0
        ]
      ]
    },
    {
      "file_path": "/media/NFS/ttao/scannet/posed_images/scene0260_02/00017.jpg",
      "transform_matrix": [
        [
          -0.945433,
          0.213446,
          -0.246164,
          1.617677
        ],
        [
          0.325816,
          0.620149,
          -0.713624,
          1.453138
        ],
        [
          0.000338,
          -0.754888,
          -0.655854,
          1.269836
        ],
        [
          0.0,
          0.0,
          0.0,
          1.0
        ]
      ]
    },
    {
      "file_path": "/media/NFS/ttao/scannet/posed_images/scene0260_02/00024.jpg",
      "transform_matrix": [
        [
          -0.940535,
          0.240499,
          -0.239903,
          1.623339
        ],
        [
          0.339622,
          0.680517,
          -0.649271,
          1.457101
        ],
        [
          0.007109,
          -0.692139,
          -0.721729,
          1.236055
        ],
        [
          0.0,
          0.0,
          0.0,
          1.0
        ]
      ]
    },
    {
      "file_path": "/media/NFS/ttao/scannet/posed_images/scene0260_02/00027.jpg",
      "transform_matrix": [
        [
          -0.936853,
          0.250465,
          -0.244076,
          1.624963
        ],
        [
          0.349658,
          0.684286,
          -0.639915,
          1.462496
        ],
        [
          0.006742,
          -0.68485,
          -0.728653,
          1.2299
        ],
        [
          0.0,
          0.0,
          0.0,
          1.0
        ]
      ]
    },
    {
      "file_path": "/media/NFS/ttao/scannet/posed_images/scene0260_02/00035.jpg",
      "transform_matrix": [
        [
          -0.908974,
          0.297856,
          -0.291631,
          1.628823
        ],
        [
          0.416113,
          0.606672,
          -0.677347,
          1.474985
        ],
        [
          -0.024828,
          -0.737042,
          -0.675391,
          1.216016
        ],
        [
          0.0,
          0.0,
          0.0,
          1.0
        ]
      ]
    },
    {
      "file_path": "/media/NFS/ttao/scannet/posed_images/scene0260_02/00036.jpg",
      "transform_matrix": [
        [
          -0.901973,
          0.307397,
          -0.303236,
          1.630097
        ],
        [
          0.431007,
          0.598603,
          -0.675209,
          1.474188
        ],
        [
          -0.026039,
          -0.739717,
          -0.672414,
          1.210691
        ],
        [
          0.0,
          0.0,
          0.0,
          1.0
        ]
      ]
    },
    {
      "file_path": "/media/NFS/ttao/scannet/posed_images/scene0260_02/00042.jpg",
      "transform_matrix": [
        [
          -0.858285,
          0.361861,
          -0.363872,
          1.651514
        ],
        [
          0.512278,
          0.562289,
          -0.649155,
          1.476787
        ],
        [
          -0.030302,
          -0.743564,
          -0.667978,
          1.179183
        ],
        [
          0.0,
          0.0,
          0.0,
          1.0
        ]
      ]
    },
    {
      "file_path": "/media/NFS/ttao/scannet/posed_images/scene0260_02/00050.jpg",
      "transform_matrix": [
        [
          -0.764706,
          0.411392,
          -0.495965,
          1.721728
        ],
        [
          0.644145,
          0.467319,
          -0.605549,
          1.453391
        ],
        [
          -0.017344,
          -0.78254,
          -0.622358,
          1.142472
        ],
        [
          0.0,
          0.0,
          0.0,
          1.0
        ]
      ]
    },
    {
      "file_path": "/media/NFS/ttao/scannet/posed_images/scene0260_02/00055.jpg",
      "transform_matrix": [
        [
          -0.780782,
          0.39812,
          -0.481539,
          1.777559
        ],
        [
          0.624803,
          0.497556,
          -0.601713,
          1.433523
        ],
        [
          3.9e-05,
          -0.770674,
          -0.63723,
          1.126023
        ],
        [
          0.0,
          0.0,
          0.0,
          1.0
        ]
      ]
    },
    {
      "file_path": "/media/NFS/ttao/scannet/posed_images/scene0260_02/00060.jpg",
      "transform_matrix": [
        [
          -0.804504,
          0.354429,
          -0.476607,
          1.82597
        ],
        [
          0.593635,
          0.505867,
          -0.625857,
          1.428049
        ],
        [
          0.019278,
          -0.786435,
          -0.617373,
          1.116852
        ],
        [
          0.0,
          0.0,
          0.0,
          1.0
        ]
      ]
    },
    {
      "file_path": "/media/NFS/ttao/scannet/posed_images/scene0260_02/00063.jpg",
      "transform_matrix": [
        [
          -0.817549,
          0.338168,
          -0.466108,
          1.839163
        ],
        [
          0.575323,
          0.514581,
          -0.635775,
          1.427914
        ],
        [
          0.024852,
          -0.78794,
          -0.615251,
          1.118648
        ],
        [
          0.0,
          0.0,
          0.0,
          1.0
        ]
      ]
    },
    {
      "file_path": "/media/NFS/ttao/scannet/posed_images/scene0260_02/00069.jpg",
      "transform_matrix": [
        [
          -0.830506,
          0.351989,
          -0.431699,
          1.846873
        ],
        [
          0.556949,
          0.536225,
          -0.634247,
          1.439447
        ],
        [
          0.00824,
          -0.767181,
          -0.641378,
          1.114252
        ],
        [
          0.0,
          0.0,
          0.0,
          1.0
        ]
      ]
    },
    {
      "file_path": "/media/NFS/ttao/scannet/posed_images/scene0260_02/00072.jpg",
      "transform_matrix": [
        [
          -0.837296,
          0.352591,
          -0.417868,
          1.836545
        ],
        [
          0.54667,
          0.552862,
          -0.628884,
          1.453466
        ],
        [
          0.009285,
          -0.754999,
          -0.655661,
          1.111532
        ],
        [
          0.0,
          0.0,
          0.0,
          1.0
        ]
      ]
    },
    {
      "file_path": "/media/NFS/ttao/scannet/posed_images/scene0260_02/00079.jpg",
      "transform_matrix": [
        [
          -0.842874,
          0.375476,
          -0.385461,
          1.792622
        ],
        [
          0.537984,
          0.572441,
          -0.618776,
          1.487223
        ],
        [
          -0.011682,
          -0.728923,
          -0.684497,
          1.110765
        ],
        [
          0.0,
          0.0,
          0.0,
          1.0
        ]
      ]
    },
    {
      "file_path": "/media/NFS/ttao/scannet/posed_images/scene0260_02/00083.jpg",
      "transform_matrix": [
        [
          -0.841827,
          0.383223,
          -0.380089,
          1.760019
        ],
        [
          0.539295,
          0.568363,
          -0.621389,
          1.511546
        ],
        [
          -0.022102,
          -0.728082,
          -0.685134,
          1.113741
        ],
        [
          0.0,
          0.0,
          0.0,
          1.0
        ]
      ]
    },
    {
      "file_path": "/media/NFS/ttao/scannet/posed_images/scene0260_02/00090.jpg",
      "transform_matrix": [
        [
          -0.840659,
          0.394352,
          -0.371186,
          1.691407
        ],
        [
          0.537309,
          0.521575,
          -0.662766,
          1.551681
        ],
        [
          -0.067762,
          -0.756602,
          -0.650356,
          1.140384
        ],
        [
          0.0,
          0.0,
          0.0,
          1.0
        ]
      ]
    },
    {
      "file_path": "/media/NFS/ttao/scannet/posed_images/scene0260_02/00096.jpg",
      "transform_matrix": [
        [
          -0.833786,
          0.397829,
          -0.382796,
          1.658437
        ],
        [
          0.54556,
          0.487403,
          -0.681765,
          1.570495
        ],
        [
          -0.08465,
          -0.777284,
          -0.62343,
          1.151415
        ],
        [
          0.0,
          0.0,
          0.0,
          1.0
        ]
      ]
    },
    {
      "file_path": "/media/NFS/ttao/scannet/posed_images/scene0260_02/00101.jpg",
      "transform_matrix": [
        [
          -0.835957,
          0.397103,
          -0.378793,
          1.64244
        ],
        [
          0.54313,
          0.499737,
          -0.674739,
          1.579181
        ],
        [
          -0.078644,
          -0.769787,
          -0.633438,
          1.157377
        ],
        [
          0.0,
          0.0,
          0.0,
          1.0
        ]
      ]
    },
    {
      "file_path": "/media/NFS/ttao/scannet/posed_images/scene0260_02/00107.jpg",
      "transform_matrix": [
        [
          -0.870811,
          0.340016,
          -0.355072,
          1.63152
        ],
        [
          0.489386,
          0.530823,
          -0.691902,
          1.582953
        ],
        [
          -0.046777,
          -0.776284,
          -0.628646,
          1.180831
        ],
        [
          0.0,
          0.0,
          0.0,
          1.0
        ]
      ]
    },
    {
      "file_path": "/media/NFS/ttao/scannet/posed_images/scene0260_02/00113.jpg",
      "transform_matrix": [
        [
          -0.8968,
          0.293467,
          -0.331099,
          1.62937
        ],
        [
          0.441724,
          0.551461,
          -0.707651,
          1.588021
        ],
        [
          -0.025084,
          -0.780876,
          -0.624182,
          1.206572
        ],
        [
          0.0,
          0.0,
          0.0,
          1.0
        ]
      ]
    },
    {
      "file_path": "/media/NFS/ttao/scannet/posed_images/scene0260_02/00116.jpg",
      "transform_matrix": [
        [
          -0.902254,
          0.296196,
          -0.313379,
          1.626159
        ],
        [
          0.430113,
          0.566466,
          -0.702936,
          1.586702
        ],
        [
          -0.030688,
          -0.769015,
          -0.638494,
          1.21956
        ],
        [
          0.0,
          0.0,
          0.0,
          1.0
        ]
      ]
    },
    {
      "file_path": "/media/NFS/ttao/scannet/posed_images/scene0260_02/00120.jpg",
      "transform_matrix": [
        [
          -0.90791,
          0.288013,
          -0.304546,
          1.618229
        ],
        [
          0.416624,
          0.540163,
          -0.731196,
          1.587965
        ],
        [
          -0.046089,
          -0.790742,
          -0.610413,
          1.243356
        ],
        [
          0.0,
          0.0,
          0.0,
          1.0
        ]
      ]
    },
    {
      "file_path": "/media/NFS/ttao/scannet/posed_images/scene0260_02/00127.jpg",
      "transform_matrix": [
        [
          -0.92429,
          0.271742,
          -0.268038,
          1.612176
        ],
        [
          0.372734,
          0.491356,
          -0.787171,
          1.587669
        ],
        [
          -0.082205,
          -0.827481,
          -0.555444,
          1.284031
        ],
        [
          0.0,
          0.0,
          0.0,
          1.0
        ]
      ]
    },
    {
      "file_path": "/media/NFS/ttao/scannet/posed_images/scene0260_02/00131.jpg",
      "transform_matrix": [
        [
          -0.928288,
          0.242775,
          -0.281678,
          1.617598
        ],
        [
          0.367301,
          0.480324,
          -0.796479,
          1.582952
        ],
        [
          -0.058068,
          -0.842822,
          -0.535051,
          1.290367
        ],
        [
          0.0,
          0.0,
          0.0,
          1.0
        ]
      ]
    },
    {
      "file_path": "/media/NFS/ttao/scannet/posed_images/scene0260_02/00137.jpg",
      "transform_matrix": [
        [
          -0.935569,
          0.209968,
          -0.283943,
          1.619331
        ],
        [
          0.350867,
          0.461539,
          -0.814785,
          1.575557
        ],
        [
          -0.040028,
          -0.861914,
          -0.505473,
          1.305477
        ],
        [
          0.0,
          0.0,
          0.0,
          1.0
        ]
      ]
    },
    {
      "file_path": "/media/NFS/ttao/scannet/posed_images/scene0260_02/00140.jpg",
      "transform_matrix": [
        [
          -0.935729,
          0.204025,
          -0.287725,
          1.617781
        ],
        [
          0.350474,
          0.445881,
          -0.823625,
          1.573001
        ],
        [
          -0.039749,
          -0.87153,
          -0.488729,
          1.312106
        ],
        [
          0.0,
          0.0,
          0.0,
          1.0
        ]
      ]
    },
    {
      "file_path": "/media/NFS/ttao/scannet/posed_images/scene0260_02/00146.jpg",
      "transform_matrix": [
        [
          -0.928412,
          0.205222,
          -0.309733,
          1.609042
        ],
        [
          0.369494,
          0.422353,
          -0.827703,
          1.563746
        ],
        [
          -0.039047,
          -0.882894,
          -0.467946,
          1.328787
        ],
        [
          0.0,
          0.0,
          0.0,
          1.0
        ]
      ]
    },
    {
      "file_path": "/media/NFS/ttao/scannet/posed_images/scene0260_02/00151.jpg",
      "transform_matrix": [
        [
          -0.920213,
          0.208402,
          -0.331324,
          1.600227
        ],
        [
          0.388477,
          0.382701,
          -0.838228,
          1.56284
        ],
        [
          -0.047891,
          -0.900061,
          -0.433126,
          1.34547
        ],
        [
          0.0,
          0.0,
          0.0,
          1.0
        ]
      ]
    },
    {
      "file_path": "/media/NFS/ttao/scannet/posed_images/scene0260_02/00159.jpg",
      "transform_matrix": [
        [
          -0.908579,
          0.20203,
          -0.365607,
          1.591998
        ],
        [
          0.415187,
          0.340654,
          -0.843549,
          1.563111
        ],
        [
          -0.045877,
          -0.918226,
          -0.393392,
          1.363284
        ],
        [
          0.0,
          0.0,
          0.0,
          1.0
        ]
      ]
    },
    {
      "file_path": "/media/NFS/ttao/scannet/posed_images/scene0260_02/00165.jpg",
      "transform_matrix": [
        [
          -0.899127,
          0.205154,
          -0.386629,
          1.586099
        ],
        [
          0.435113,
          0.323302,
          -0.840329,
          1.566202
        ],
        [
          -0.047399,
          -0.92379,
          -0.379955,
          1.37078
        ],
        [
          0.0,
          0.0,
          0.0,
          1.0
        ]
      ]
    },
    {
      "file_path": "/media/NFS/ttao/scannet/posed_images/scene0260_02/00170.jpg",
      "transform_matrix": [
        [
          -0.893857,
          0.195753,
          -0.403362,
          1.588049
        ],
        [
          0.446571,
          0.308573,
          -0.839856,
          1.56882
        ],
        [
          -0.039938,
          -0.93084,
          -0.363237,
          1.375843
        ],
        [
          0.0,
          0.0,
          0.0,
          1.0
        ]
      ]
    },
    {
      "file_path": "/media/NFS/ttao/scannet/posed_images/scene0260_02/00175.jpg",
      "transform_matrix": [
        [
          -0.889887,
          0.187802,
          -0.41573,
          1.585596
        ],
        [
          0.454563,
          0.288391,
          -0.842735,
          1.569766
        ],
        [
          -0.038375,
          -0.938915,
          -0.342003,
          1.386872
        ],
        [
          0.0,
          0.0,
          0.0,
          1.0
        ]
      ]
    },
    {
      "file_path": "/media/NFS/ttao/scannet/posed_images/scene0260_02/00181.jpg",
      "transform_matrix": [
        [
          -0.887138,
          0.17372,
          -0.42756,
          1.585983
        ],
        [
          0.459753,
          0.252031,
          -0.851532,
          1.571319
        ],
        [
          -0.04017,
          -0.951999,
          -0.303455,
          1.403356
        ],
        [
          0.0,
          0.0,
          0.0,
          1.0
        ]
      ]
    },
    {
      "file_path": "/media/NFS/ttao/scannet/posed_images/scene0260_02/00184.jpg",
      "transform_matrix": [
        [
          -0.889185,
          0.163472,
          -0.42735,
          1.584412
        ],
        [
          0.455342,
          0.224541,
          -0.861536,
          1.574673
        ],
        [
          -0.044879,
          -0.960655,
          -0.274094,
          1.415737
        ],
        [
          0.0,
          0.0,
          0.0,
          1.0
        ]
      ]
    },
    {
      "file_path": "/media/NFS/ttao/scannet/posed_images/scene0260_02/00192.jpg",
      "transform_matrix": [
        [
          -0.880758,
          0.147378,
          -0.450051,
          1.578706
        ],
        [
          0.47169,
          0.188475,
          -0.861386,
          1.580385
        ],
        [
          -0.042126,
          -0.970957,
          -0.235518,
          1.439129
        ],
        [
          0.0,
          0.0,
          0.0,
          1.0
        ]
      ]
    },
    {
      "file_path": "/media/NFS/ttao/scannet/posed_images/scene0260_02/00197.jpg",
      "transform_matrix": [
        [
          -0.87897,
          0.146034,
          -0.453967,
          1.574113
        ],
        [
          0.474592,
          0.174797,
          -0.862675,
          1.583827
        ],
        [
          -0.046628,
          -0.973715,
          -0.222948,
          1.450599
        ],
        [
          0.0,
          0.0,
          0.0,
          1.0
        ]
      ]
    },
    {
      "file_path": "/media/NFS/ttao/scannet/posed_images/scene0260_02/00200.jpg",
      "transform_matrix": [
        [
          -0.879652,
          0.124843,
          -0.45894,
          1.57754
        ],
        [
          0.474618,
          0.167894,
          -0.864031,
          1.584911
        ],
        [
          -0.030815,
          -0.977868,
          -0.206941,
          1.450897
        ],
        [
          0.0,
          0.0,
          0.0,
          1.0
        ]
      ]
    },
    {
      "file_path": "/media/NFS/ttao/scannet/posed_images/scene0260_02/00203.jpg",
      "transform_matrix": [
        [
          -0.880027,
          0.129078,
          -0.457046,
          1.576498
        ],
        [
          0.473138,
          0.154906,
          -0.867263,
          1.587159
        ],
        [
          -0.041146,
          -0.979461,
          -0.197393,
          1.461363
        ],
        [
          0.0,
          0.0,
          0.0,
          1.0
        ]
      ]
    },
    {
      "file_path": "/media/NFS/ttao/scannet/posed_images/scene0260_02/00209.jpg",
      "transform_matrix": [
        [
          -0.888512,
          0.120883,
          -0.442644,
          1.574233
        ],
        [
          0.456282,
          0.130781,
          -0.880172,
          1.591193
        ],
        [
          -0.048509,
          -0.984014,
          -0.171357,
          1.475183
        ],
        [
          0.0,
          0.0,
          0.0,
          1.0
        ]
      ]
    },
    {
      "file_path": "/media/NFS/ttao/scannet/posed_images/scene0260_02/00216.jpg",
      "transform_matrix": [
        [
          -0.906948,
          0.079216,
          -0.413728,
          1.581856
        ],
        [
          0.4195,
          0.080566,
          -0.904173,
          1.600753
        ],
        [
          -0.038292,
          -0.993597,
          -0.1063,
          1.492241
        ],
        [
          0.0,
          0.0,
          0.0,
          1.0
        ]
      ]
    },
    {
      "file_path": "/media/NFS/ttao/scannet/posed_images/scene0260_02/00223.jpg",
      "transform_matrix": [
        [
          -0.917729,
          0.053323,
          -0.393612,
          1.59102
        ],
        [
          0.396371,
          0.058669,
          -0.916214,
          1.604648
        ],
        [
          -0.025762,
          -0.996852,
          -0.074978,
          1.496555
        ],
        [
          0.0,
          0.0,
          0.0,
          1.0
        ]
      ]
    },
    {
      "file_path": "/media/NFS/ttao/scannet/posed_images/scene0260_02/00228.jpg",
      "transform_matrix": [
        [
          -0.921167,
          0.052339,
          -0.385631,
          1.594088
        ],
        [
          0.388073,
          0.049302,
          -0.920309,
          1.606921
        ],
        [
          -0.029156,
          -0.997412,
          -0.065726,
          1.502466
        ],
        [
          0.0,
          0.0,
          0.0,
          1.0
        ]
      ]
    },
    {
      "file_path": "/media/NFS/ttao/scannet/posed_images/scene0260_02/00231.jpg",
      "transform_matrix": [
        [
          -0.921373,
          0.04337,
          -0.386253,
          1.597404
        ],
        [
          0.388066,
          0.046783,
          -0.920443,
          1.608599
        ],
        [
          -0.02185,
          -0.997963,
          -0.059935,
          1.505888
        ],
        [
          0.0,
          0.0,
          0.0,
          1.0
        ]
      ]
    },
    {
      "file_path": "/media/NFS/ttao/scannet/posed_images/scene0260_02/00236.jpg",
      "transform_matrix": [
        [
          -0.92864,
          0.045809,
          -0.368143,
          1.602318
        ],
        [
          0.369982,
          0.041509,
          -0.928111,
          1.611873
        ],
        [
          -0.027234,
          -0.998088,
          -0.055495,
          1.509305
        ],
        [
          0.0,
          0.0,
          0.0,
          1.0
        ]
      ]
    },
    {
      "file_path": "/media/NFS/ttao/scannet/posed_images/scene0260_02/00244.jpg",
      "transform_matrix": [
        [
          -0.950586,
          0.062678,
          -0.30407,
          1.610356
        ],
        [
          0.305846,
          0.020785,
          -0.951854,
          1.614496
        ],
        [
          -0.05334,
          -0.997817,
          -0.038928,
          1.516203
        ],
        [
          0.0,
          0.0,
          0.0,
          1.0
        ]
      ]
    },
    {
      "file_path": "/media/NFS/ttao/scannet/posed_images/scene0260_02/00245.jpg",
      "transform_matrix": [
        [
          -0.953705,
          0.063072,
          -0.294054,
          1.613236
        ],
        [
          0.295742,
          0.019117,
          -0.955077,
          1.613668
        ],
        [
          -0.054617,
          -0.997826,
          -0.036885,
          1.517875
        ],
        [
          0.0,
          0.0,
          0.0,
          1.0
        ]
      ]
    },
    {
      "file_path": "/media/NFS/ttao/scannet/posed_images/scene0260_02/00252.jpg",
      "transform_matrix": [
        [
          -0.973322,
          0.064269,
          -0.22026,
          1.631227
        ],
        [
          0.220553,
          -0.002579,
          -0.975371,
          1.611362
        ],
        [
          -0.063254,
          -0.997929,
          -0.011664,
          1.526655
        ],
        [
          0.0,
          0.0,
          0.0,
          1.0
        ]
      ]
    },
    {
      "file_path": "/media/NFS/ttao/scannet/posed_images/scene0260_02/00260.jpg",
      "transform_matrix": [
        [
          -0.985451,
          0.047894,
          -0.163074,
          1.638041
        ],
        [
          0.160135,
          -0.059879,
          -0.985277,
          1.617854
        ],
        [
          -0.056953,
          -0.997056,
          0.051338,
          1.541649
        ],
        [
          0.0,
          0.0,
          0.0,
          1.0
        ]
      ]
    },
    {
      "file_path": "/media/NFS/ttao/scannet/posed_images/scene0260_02/00264.jpg",
      "transform_matrix": [
        [
          -0.984991,
          0.034558,
          -0.169108,
          1.638756
        ],
        [
          0.166325,
          -0.071787,
          -0.983454,
          1.619099
        ],
        [
          -0.046126,
          -0.996821,
          0.064962,
          1.535135
        ],
        [
          0.0,
          0.0,
          0.0,
          1.0
        ]
      ]
    },
    {
      "file_path": "/media/NFS/ttao/scannet/posed_images/scene0260_02/00269.jpg",
      "transform_matrix": [
        [
          -0.985233,
          0.053692,
          -0.162583,
          1.635806
        ],
        [
          0.161682,
          -0.020745,
          -0.986625,
          1.614126
        ],
        [
          -0.056346,
          -0.998342,
          0.011758,
          1.518584
        ],
        [
          0.0,
          0.0,
          0.0,
          1.0
        ]
      ]
    },
    {
      "file_path": "/media/NFS/ttao/scannet/posed_images/scene0260_02/00274.jpg",
      "transform_matrix": [
        [
          -0.983734,
          0.081503,
          -0.160075,
          1.631644
        ],
        [
          0.16432,
          0.048315,
          -0.985223,
          1.607238
        ],
        [
          -0.072565,
          -0.995501,
          -0.060922,
          1.499602
        ],
        [
          0.0,
          0.0,
          0.0,
          1.0
        ]
      ]
    },
    {
      "file_path": "/media/NFS/ttao/scannet/posed_images/scene0260_02/00277.jpg",
      "transform_matrix": [
        [
          -0.982817,
          0.092138,
          -0.159944,
          1.635249
        ],
        [
          0.169335,
          0.105178,
          -0.97993,
          1.602402
        ],
        [
          -0.073466,
          -0.990176,
          -0.118973,
          1.48889
        ],
        [
          0.0,
          0.0,
          0.0,
          1.0
        ]
      ]
    },
    {
      "file_path": "/media/NFS/ttao/scannet/posed_images/scene0260_02/00286.jpg",
      "transform_matrix": [
        [
          -0.982073,
          0.115275,
          -0.149148,
          1.640063
        ],
        [
          0.172983,
          0.236715,
          -0.956056,
          1.58738
        ],
        [
          -0.074904,
          -0.964717,
          -0.252412,
          1.450316
        ],
        [
          0.0,
          0.0,
          0.0,
          1.0
        ]
      ]
    },
    {
      "file_path": "/media/NFS/ttao/scannet/posed_images/scene0260_02/00291.jpg",
      "transform_matrix": [
        [
          -0.982608,
          0.119346,
          -0.14226,
          1.641768
        ],
        [
          0.169506,
          0.263663,
          -0.949605,
          1.583786
        ],
        [
          -0.075823,
          -0.957203,
          -0.279307,
          1.443252
        ],
        [
          0.0,
          0.0,
          0.0,
          1.0
        ]
      ]
    },
    {
      "file_path": "/media/NFS/ttao/scannet/posed_images/scene0260_02/00293.jpg",
      "transform_matrix": [
        [
          -0.982641,
          0.113328,
          -0.146878,
          1.642473
        ],
        [
          0.172952,
          0.273205,
          -0.946281,
          1.582646
        ],
        [
          -0.067113,
          -0.955257,
          -0.288062,
          1.439582
        ],
        [
          0.0,
          0.0,
          0.0,
          1.0
        ]
      ]
    },
    {
      "file_path": "/media/NFS/ttao/scannet/posed_images/scene0260_02/00300.jpg",
      "transform_matrix": [
        [
          -0.983247,
          0.088163,
          -0.159538,
          1.648547
        ],
        [
          0.179962,
          0.330436,
          -0.926513,
          1.571271
        ],
        [
          -0.028967,
          -0.939702,
          -0.340766,
          1.418842
        ],
        [
          0.0,
          0.0,
          0.0,
          1.0
        ]
      ]
    },
    {
      "file_path": "/media/NFS/ttao/scannet/posed_images/scene0260_02/00304.jpg",
      "transform_matrix": [
        [
          -0.985771,
          0.088863,
          -0.142684,
          1.646941
        ],
        [
          0.165369,
          0.360489,
          -0.917987,
          1.56839
        ],
        [
          -0.030139,
          -0.928521,
          -0.370055,
          1.411042
        ],
        [
          0.0,
          0.0,
          0.0,
          1.0
        ]
      ]
    },
    {
      "file_path": "/media/NFS/ttao/scannet/posed_images/scene0260_02/00308.jpg",
      "transform_matrix": [
        [
          -0.983808,
          0.100463,
          -0.148419,
          1.644456
        ],
        [
          0.177211,
          0.421525,
          -0.889332,
          1.55948
        ],
        [
          -0.026782,
          -0.901234,
          -0.432503,
          1.393685
        ],
        [
          0.0,
          0.0,
          0.0,
          1.0
        ]
      ]
    },
    {
      "file_path": "/media/NFS/ttao/scannet/posed_images/scene0260_02/00315.jpg",
      "transform_matrix": [
        [
          -0.976189,
          0.127099,
          -0.175788,
          1.635934
        ],
        [
          0.215916,
          0.491308,
          -0.843799,
          1.542868
        ],
        [
          -0.02088,
          -0.861662,
          -0.507052,
          1.351638
        ],
        [
          0.0,
          0.0,
          0.0,
          1.0
        ]
      ]
    },
    {
      "file_path": "/media/NFS/ttao/scannet/posed_images/scene0260_02/00321.jpg",
      "transform_matrix": [
        [
          -0.965456,
          0.162358,
          -0.203798,
          1.627518
        ],
        [
          0.259444,
          0.526503,
          -0.80962,
          1.53165
        ],
        [
          -0.024148,
          -0.834527,
          -0.550438,
          1.342913
        ],
        [
          0.0,
          0.0,
          0.0,
          1.0
        ]
      ]
    },
    {
      "file_path": "/media/NFS/ttao/scannet/posed_images/scene0260_02/00327.jpg",
      "transform_matrix": [
        [
          -0.963198,
          0.17775,
          -0.201628,
          1.647741
        ],
        [
          0.266694,
          0.538456,
          -0.799337,
          1.535681
        ],
        [
          -0.033514,
          -0.823693,
          -0.566045,
          1.333963
        ],
        [
          0.0,
          0.0,
          0.0,
          1.0
        ]
      ]
    },
    {
      "file_path": "/media/NFS/ttao/scannet/posed_images/scene0260_02/00330.jpg",
      "transform_matrix": [
        [
          -0.958269,
          0.188711,
          -0.214729,
          1.655955
        ],
        [
          0.283303,
          0.526505,
          -0.801581,
          1.536958
        ],
        [
          -0.038211,
          -0.828964,
          -0.557996,
          1.334221
        ],
        [
          0.0,
          0.0,
          0.0,
          1.0
        ]
      ]
    },
    {
      "file_path": "/media/NFS/ttao/scannet/posed_images/scene0260_02/00335.jpg",
      "transform_matrix": [
        [
          -0.968934,
          0.146447,
          -0.199301,
          1.667715
        ],
        [
          0.246281,
          0.497517,
          -0.831758,
          1.539657
        ],
        [
          -0.022653,
          -0.855003,
          -0.518129,
          1.339931
        ],
        [
          0.0,
          0.0,
          0.0,
          1.0
        ]
      ]
    },
    {
      "file_path": "/media/NFS/ttao/scannet/posed_images/scene0260_02/00340.jpg",
      "transform_matrix": [
        [
          -0.979973,
          0.101728,
          -0.171186,
          1.66401
        ],
        [
          0.199001,
          0.531314,
          -0.82347,
          1.533936
        ],
        [
          0.007184,
          -0.841045,
          -0.540918,
          1.33121
        ],
        [
          0.0,
          0.0,
          0.0,
          1.0
        ]
      ]
    },
    {
      "file_path": "/media/NFS/ttao/scannet/posed_images/scene0260_02/00346.jpg",
      "transform_matrix": [
        [
          -0.99431,
          0.055141,
          -0.091143,
          1.624725
        ],
        [
          0.106513,
          0.527492,
          -0.842857,
          1.525746
        ],
        [
          0.001602,
          -0.847769,
          -0.530364,
          1.317567
        ],
        [
          0.0,
          0.0,
          0.0,
          1.0
        ]
      ]
    },
    {
      "file_path": "/media/NFS/ttao/scannet/posed_images/scene0260_02/00354.jpg",
      "transform_matrix": [
        [
          -0.996501,
          -0.05009,
          0.06691,
          1.534479
        ],
        [
          -0.083078,
          0.505802,
          -0.858639,
          1.519705
        ],
        [
          0.009166,
          -0.861194,
          -0.508194,
          1.326037
        ],
        [
          0.0,
          0.0,
          0.0,
          1.0
        ]
      ]
    },
    {
      "file_path": "/media/NFS/ttao/scannet/posed_images/scene0260_02/00355.jpg",
      "transform_matrix": [
        [
          -0.994815,
          -0.063034,
          0.079817,
          1.523138
        ],
        [
          -0.100776,
          0.505073,
          -0.857173,
          1.521661
        ],
        [
          0.013717,
          -0.860772,
          -0.508807,
          1.325718
        ],
        [
          0.0,
          0.0,
          0.0,
          1.0
        ]
      ]
    },
    {
      "file_path": "/media/NFS/ttao/scannet/posed_images/scene0260_02/00365.jpg",
      "transform_matrix": [
        [
          -0.973589,
          -0.119669,
          0.194431,
          1.449934
        ],
        [
          -0.228161,
          0.479581,
          -0.847316,
          1.536043
        ],
        [
          0.008152,
          -0.8693,
          -0.494219,
          1.337432
        ],
        [
          0.0,
          0.0,
          0.0,
          1.0
        ]
      ]
    },
    {
      "file_path": "/media/NFS/ttao/scannet/posed_images/scene0260_02/00368.jpg",
      "transform_matrix": [
        [
          -0.970463,
          -0.125229,
          0.2062,
          1.441998
        ],
        [
          -0.241029,
          0.466891,
          -0.850833,
          1.54332
        ],
        [
          0.010277,
          -0.875403,
          -0.483285,
          1.340826
        ],
        [
          0.0,
          0.0,
          0.0,
          1.0
        ]
      ]
    },
    {
      "file_path": "/media/NFS/ttao/scannet/posed_images/scene0260_02/00373.jpg",
      "transform_matrix": [
        [
          -0.97106,
          -0.130659,
          0.199924,
          1.437039
        ],
        [
          -0.237735,
          0.448624,
          -0.861521,
          1.557156
        ],
        [
          0.022875,
          -0.884118,
          -0.466703,
          1.339934
        ],
        [
          0.0,
          0.0,
          0.0,
          1.0
        ]
      ]
    },
    {
      "file_path": "/media/NFS/ttao/scannet/posed_images/scene0260_02/00378.jpg",
      "transform_matrix": [
        [
          -0.970719,
          -0.144507,
          0.191893,
          1.440266
        ],
        [
          -0.236156,
          0.427769,
          -0.872493,
          1.564255
        ],
        [
          0.043996,
          -0.892262,
          -0.44937,
          1.342564
        ],
        [
          0.0,
          0.0,
          0.0,
          1.0
        ]
      ]
    },
    {
      "file_path": "/media/NFS/ttao/scannet/posed_images/scene0260_02/00382.jpg",
      "transform_matrix": [
        [
          -0.969561,
          -0.136662,
          0.203161,
          1.439301
        ],
        [
          -0.241883,
          0.405864,
          -0.881344,
          1.565278
        ],
        [
          0.037991,
          -0.903658,
          -0.426566,
          1.351616
        ],
        [
          0.0,
          0.0,
          0.0,
          1.0
        ]
      ]
    },
    {
      "file_path": "/media/NFS/ttao/scannet/posed_images/scene0260_02/00387.jpg",
      "transform_matrix": [
        [
          -0.968395,
          -0.12196,
          0.21757,
          1.426697
        ],
        [
          -0.247592,
          0.364609,
          -0.89764,
          1.551462
        ],
        [
          0.030148,
          -0.923139,
          -0.383282,
          1.370143
        ],
        [
          0.0,
          0.0,
          0.0,
          1.0
        ]
      ]
    },
    {
      "file_path": "/media/NFS/ttao/scannet/posed_images/scene0260_02/00395.jpg",
      "transform_matrix": [
        [
          -0.961303,
          -0.130864,
          0.242427,
          1.395103
        ],
        [
          -0.272517,
          0.322724,
          -0.906412,
          1.509641
        ],
        [
          0.04038,
          -0.937403,
          -0.345898,
          1.386394
        ],
        [
          0.0,
          0.0,
          0.0,
          1.0
        ]
      ]
    },
    {
      "file_path": "/media/NFS/ttao/scannet/posed_images/scene0260_02/00400.jpg",
      "transform_matrix": [
        [
          -0.948416,
          -0.151035,
          0.278739,
          1.381115
        ],
        [
          -0.31312,
          0.30864,
          -0.898163,
          1.488242
        ],
        [
          0.049624,
          -0.939111,
          -0.340012,
          1.391287
        ],
        [
          0.0,
          0.0,
          0.0,
          1.0
        ]
      ]
    },
    {
      "file_path": "/media/NFS/ttao/scannet/posed_images/scene0260_02/00406.jpg",
      "transform_matrix": [
        [
          -0.919088,
          -0.19089,
          0.344729,
          1.375894
        ],
        [
          -0.389776,
          0.311875,
          -0.866492,
          1.480307
        ],
        [
          0.057893,
