{
  "frames": [
    {
      "file_path": "/media/NFS/ttao/scannet/posed_images/scene0629_00/00000.jpg",
      "transform_matrix": [
        [
          0.892782,
          -0.160226,
          0.421032,
          3.541296
        ],
        [
          -0.450127,
          -0.279828,
          0.847987,
          3.848104
        ],
        [
          -0.018053,
          -0.946586,
          -0.321947,
          1.867339
        ],
        [
          0.0,
          0.0,
          0.0,
          1.0
        ]
      ]
    },
    {
      "file_path": "/media/NFS/ttao/scannet/posed_images/scene0629_00/00014.jpg",
      "transform_matrix": [
        [
          0.901067,
          -0.146641,
          0.408135,
          3.532419
        ],
        [
          -0.433504,
          -0.27778,
          0.857271,
          3.864371
        ],
        [
          -0.01234,
          -0.949387,
          -0.313868,
          1.874913
        ],
        [
          0.0,
          0.0,
          0.0,
          1.0
        ]
      ]
    },
    {
      "file_path": "/media/NFS/ttao/scannet/posed_images/scene0629_00/00019.jpg",
      "transform_matrix": [
        [
          0.909818,
          -0.131257,
          0.393705,
          3.534565
        ],
        [
          -0.41482,
          -0.259055,
          0.872247,
          3.867295
        ],
        [
          -0.012497,
          -0.956902,
          -0.290141,
          1.886575
        ],
        [
          0.0,
          0.0,
          0.0,
          1.0
        ]
      ]
    },
    {
      "file_path": "/media/NFS/ttao/scannet/posed_images/scene0629_00/00025.jpg",
      "transform_matrix": [
        [
          0.900729,
          -0.103365,
          0.421904,
          3.535275
        ],
        [
          -0.434185,
          -0.243441,
          0.867306,
          3.867445
        ],
        [
          0.013059,
          -0.964392,
          -0.264154,
          1.891917
        ],
        [
          0.0,
          0.0,
          0.0,
          1.0
        ]
      ]
    },
    {
      "file_path": "/media/NFS/ttao/scannet/posed_images/scene0629_00/00038.jpg",
      "transform_matrix": [
        [
          0.84179,
          -0.17368,
          0.511101,
          3.389052
        ],
        [
          -0.539786,
          -0.262947,
          0.799681,
          3.953167
        ],
        [
          -0.004496,
          -0.949049,
          -0.315096,
          1.834948
        ],
        [
          0.0,
          0.0,
          0.0,
          1.0
        ]
      ]
    },
    {
      "file_path": "/media/NFS/ttao/scannet/posed_images/scene0629_00/00044.jpg",
      "transform_matrix": [
        [
          0.816665,
          -0.237629,
          0.525918,
          3.30282
        ],
        [
          -0.573059,
          -0.226105,
          0.787706,
          3.996338
        ],
        [
          -0.068269,
          -0.944674,
          -0.320828,
          1.845452
        ],
        [
          0.0,
          0.0,
          0.0,
          1.0
        ]
      ]
    },
    {
      "file_path": "/media/NFS/ttao/scannet/posed_images/scene0629_00/00058.jpg",
      "transform_matrix": [
        [
          0.730403,
          -0.306395,
          0.610438,
          3.149178
        ],
        [
          -0.681741,
          -0.272441,
          0.678973,
          4.021967
        ],
        [
          -0.041726,
          -0.912084,
          -0.407874,
          1.792515
        ],
        [
          0.0,
          0.0,
          0.0,
          1.0
        ]
      ]
    },
    {
      "file_path": "/media/NFS/ttao/scannet/posed_images/scene0629_00/00066.jpg",
      "transform_matrix": [
        [
          0.684845,
          -0.343624,
          0.642581,
          3.060824
        ],
        [
          -0.727818,
          -0.279452,
          0.626249,
          4.014259
        ],
        [
          -0.035624,
          -0.896565,
          -0.441477,
          1.789991
        ],
        [
          0.0,
          0.0,
          0.0,
          1.0
        ]
      ]
    },
    {
      "file_path": "/media/NFS/ttao/scannet/posed_images/scene0629_00/00071.jpg",
      "transform_matrix": [
        [
          0.66597,
          -0.378452,
          0.642851,
          3.035137
        ],
        [
          -0.743105,
          -0.260991,
          0.616181,
          4.027184
        ],
        [
          -0.065416,
          -0.888064,
          -0.455042,
          1.835272
        ],
        [
          0.0,
          0.0,
          0.0,
          1.0
        ]
      ]
    },
    {
      "file_path": "/media/NFS/ttao/scannet/posed_images/scene0629_00/00080.jpg",
      "transform_matrix": [
        [
          0.66499,
          -0.324182,
          0.672825,
          3.003807
        ],
        [
          -0.745567,
          -0.235333,
          0.623497,
          4.084682
        ],
        [
          -0.043789,
          -0.916256,
          -0.398193,
          1.833685
        ],
        [
          0.0,
          0.0,
          0.0,
          1.0
        ]
      ]
    },
    {
      "file_path": "/media/NFS/ttao/scannet/posed_images/scene0629_00/00096.jpg",
      "transform_matrix": [
        [
          0.603626,
          -0.333062,
          0.724365,
          2.995036
        ],
        [
          -0.792611,
          -0.152637,
          0.590314,
          4.377041
        ],
        [
          -0.086046,
          -0.930468,
          -0.356124,
          1.897998
        ],
        [
          0.0,
          0.0,
          0.0,
          1.0
        ]
      ]
    },
    {
      "file_path": "/media/NFS/ttao/scannet/posed_images/scene0629_00/00101.jpg",
      "transform_matrix": [
        [
          0.598865,
          -0.321703,
          0.733395,
          3.031299
        ],
        [
          -0.794708,
          -0.125519,
          0.593872,
          4.416486
        ],
        [
          -0.098996,
          -0.938484,
          -0.330829,
          1.887965
        ],
        [
          0.0,
          0.0,
          0.0,
          1.0
        ]
      ]
    },
    {
      "file_path": "/media/NFS/ttao/scannet/posed_images/scene0629_00/00112.jpg",
      "transform_matrix": [
        [
          0.615912,
          -0.260298,
          0.74357,
          3.118547
        ],
        [
          -0.786166,
          -0.14205,
          0.601469,
          4.509015
        ],
        [
          -0.050937,
          -0.955022,
          -0.292128,
          1.867956
        ],
        [
          0.0,
          0.0,
          0.0,
          1.0
        ]
      ]
    },
    {
      "file_path": "/media/NFS/ttao/scannet/posed_images/scene0629_00/00121.jpg",
      "transform_matrix": [
        [
          0.625105,
          -0.263313,
          0.734786,
          3.180478
        ],
        [
          -0.779254,
          -0.156489,
          0.606857,
          4.569164
        ],
        [
          -0.044808,
          -0.951934,
          -0.30301,
          1.876066
        ],
        [
          0.0,
          0.0,
          0.0,
          1.0
        ]
      ]
    },
    {
      "file_path": "/media/NFS/ttao/scannet/posed_images/scene0629_00/00129.jpg",
      "transform_matrix": [
        [
          0.616661,
          -0.230191,
          0.752822,
          3.183048
        ],
        [
          -0.786933,
          -0.154066,
          0.597494,
          4.614985
        ],
        [
          -0.021553,
          -0.960872,
          -0.276152,
          1.886178
        ],
        [
          0.0,
          0.0,
          0.0,
          1.0
        ]
      ]
    },
    {
      "file_path": "/media/NFS/ttao/scannet/posed_images/scene0629_00/00134.jpg",
      "transform_matrix": [
        [
          0.602069,
          -0.236829,
          0.762512,
          3.182071
        ],
        [
          -0.797815,
          -0.140543,
          0.586293,
          4.635971
        ],
        [
          -0.031685,
          -0.961332,
          -0.273563,
          1.887066
        ],
        [
          0.0,
          0.0,
          0.0,
          1.0
        ]
      ]
    },
    {
      "file_path": "/media/NFS/ttao/scannet/posed_images/scene0629_00/00145.jpg",
      "transform_matrix": [
        [
          0.516471,
          -0.25057,
          0.818824,
          3.166281
        ],
        [
          -0.856271,
          -0.14258,
          0.496459,
          4.669887
        ],
        [
          -0.00765,
          -0.957542,
          -0.288194,
          1.884793
        ],
        [
          0.0,
          0.0,
          0.0,
          1.0
        ]
      ]
    },
    {
      "file_path": "/media/NFS/ttao/scannet/posed_images/scene0629_00/00154.jpg",
      "transform_matrix": [
        [
          0.452241,
          -0.270377,
          0.849926,
          3.12897
        ],
        [
          -0.891546,
          -0.11035,
          0.439282,
          4.633664
        ],
        [
          -0.024982,
          -0.956409,
          -0.290958,
          1.880741
        ],
        [
          0.0,
          0.0,
          0.0,
          1.0
        ]
      ]
    },
    {
      "file_path": "/media/NFS/ttao/scannet/posed_images/scene0629_00/00170.jpg",
      "transform_matrix": [
        [
          0.506569,
          -0.301667,
          0.807703,
          3.021131
        ],
        [
          -0.860826,
          -0.124088,
          0.49354,
          4.400744
        ],
        [
          -0.048659,
          -0.945304,
          -0.322542,
          1.867044
        ],
        [
          0.0,
          0.0,
          0.0,
          1.0
        ]
      ]
    },
    {
      "file_path": "/media/NFS/ttao/scannet/posed_images/scene0629_00/00176.jpg",
      "transform_matrix": [
        [
          0.522508,
          -0.301241,
          0.797646,
          2.963022
        ],
        [
          -0.851114,
          -0.128433,
          0.509028,
          4.342001
        ],
        [
          -0.050896,
          -0.944859,
          -0.323498,
          1.873733
        ],
        [
          0.0,
          0.0,
          0.0,
          1.0
        ]
      ]
    },
    {
      "file_path": "/media/NFS/ttao/scannet/posed_images/scene0629_00/00181.jpg",
      "transform_matrix": [
        [
          0.498459,
          -0.303347,
          0.812107,
          2.91977
        ],
        [
          -0.866047,
          -0.132375,
          0.48212,
          4.321894
        ],
        [
          -0.038747,
          -0.94364,
          -0.328697,
          1.885864
        ],
        [
          0.0,
          0.0,
          0.0,
          1.0
        ]
      ]
    },
    {
      "file_path": "/media/NFS/ttao/scannet/posed_images/scene0629_00/00197.jpg",
      "transform_matrix": [
        [
          0.382001,
          -0.301513,
          0.873593,
          2.77087
        ],
        [
          -0.92407,
          -0.111332,
          0.365648,
          4.276201
        ],
        [
          -0.012989,
          -0.94694,
          -0.321149,
          1.885397
        ],
        [
          0.0,
          0.0,
          0.0,
          1.0
        ]
      ]
    },
    {
      "file_path": "/media/NFS/ttao/scannet/posed_images/scene0629_00/00200.jpg",
      "transform_matrix": [
        [
          0.381753,
          -0.297722,
          0.875,
          2.74854
        ],
        [
          -0.924026,
          -0.101455,
          0.368622,
          4.260136
        ],
        [
          -0.020974,
          -0.949246,
          -0.313834,
          1.884848
        ],
        [
          0.0,
          0.0,
          0.0,
          1.0
        ]
      ]
    },
    {
      "file_path": "/media/NFS/ttao/scannet/posed_images/scene0629_00/00208.jpg",
      "transform_matrix": [
        [
          0.419119,
          -0.29865,
          0.857407,
          2.716879
        ],
        [
          -0.907355,
          -0.104132,
          0.407263,
          4.182051
        ],
        [
          -0.032345,
          -0.948665,
          -0.314626,
          1.88267
        ],
        [
          0.0,
          0.0,
          0.0,
          1.0
        ]
      ]
    },
    {
      "file_path": "/media/NFS/ttao/scannet/posed_images/scene0629_00/00217.jpg",
      "transform_matrix": [
        [
          0.381969,
          -0.312116,
          0.869875,
          2.711621
        ],
        [
          -0.924157,
          -0.123096,
          0.361637,
          4.095467
        ],
        [
          -0.005795,
          -0.942035,
          -0.335463,
          1.901867
        ],
        [
          0.0,
          0.0,
          0.0,
          1.0
        ]
      ]
    },
    {
      "file_path": "/media/NFS/ttao/scannet/posed_images/scene0629_00/00233.jpg",
      "transform_matrix": [
        [
          0.239964,
          -0.248423,
          0.938458,
          2.670727
        ],
        [
          -0.970494,
          -0.084941,
          0.22567,
          4.09011
        ],
        [
          0.023652,
          -0.96492,
          -0.261476,
          1.923108
        ],
        [
          0.0,
          0.0,
          0.0,
          1.0
        ]
      ]
    },
    {
      "file_path": "/media/NFS/ttao/scannet/posed_images/scene0629_00/00236.jpg",
      "transform_matrix": [
        [
          0.225813,
          -0.23852,
          0.944519,
          2.657308
        ],
        [
          -0.97388,
          -0.078969,
          0.212891,
          4.105423
        ],
        [
          0.023809,
          -0.967922,
          -0.250122,
          1.933881
        ],
        [
          0.0,
          0.0,
          0.0,
          1.0
        ]
      ]
    },
    {
      "file_path": "/media/NFS/ttao/scannet/posed_images/scene0629_00/00244.jpg",
      "transform_matrix": [
        [
          0.138144,
          -0.219624,
          0.965754,
          2.654066
        ],
        [
          -0.990411,
          -0.028802,
          0.135121,
          4.09602
        ],
        [
          -0.00186,
          -0.975159,
          -0.221497,
          1.942388
        ],
        [
          0.0,
          0.0,
          0.0,
          1.0
        ]
      ]
    },
    {
      "file_path": "/media/NFS/ttao/scannet/posed_images/scene0629_00/00258.jpg",
      "transform_matrix": [
        [
          0.030218,
          -0.209783,
          0.977281,
          2.725952
        ],
        [
          -0.999474,
          -0.017894,
          0.027063,
          3.981568
        ],
        [
          0.011811,
          -0.977584,
          -0.210213,
          1.932871
        ],
        [
          0.0,
          0.0,
          0.0,
          1.0
        ]
      ]
    },
    {
      "file_path": "/media/NFS/ttao/scannet/posed_images/scene0629_00/00263.jpg",
      "transform_matrix": [
        [
          0.046057,
          -0.209775,
          0.976664,
          2.754355
        ],
        [
          -0.998895,
          -0.000473,
          0.047004,
          3.836055
        ],
        [
          -0.009398,
          -0.977749,
          -0.209565,
          1.885741
        ],
        [
          0.0,
          0.0,
          0.0,
          1.0
        ]
      ]
    },
    {
      "file_path": "/media/NFS/ttao/scannet/posed_images/scene0629_00/00280.jpg",
      "transform_matrix": [
        [
          -0.017983,
          -0.323059,
          0.946208,
          2.851954
        ],
        [
          -0.999695,
          0.021835,
          -0.011544,
          3.737022
        ],
        [
          -0.016931,
          -0.946127,
          -0.323353,
          1.848763
        ],
        [
          0.0,
          0.0,
          0.0,
          1.0
        ]
      ]
    },
    {
      "file_path": "/media/NFS/ttao/scannet/posed_images/scene0629_00/00283.jpg",
      "transform_matrix": [
        [
          -0.038495,
          -0.333854,
          0.941838,
          2.873196
        ],
        [
          -0.999139,
          0.027465,
          -0.031101,
          3.742061
        ],
        [
          -0.015484,
          -0.942225,
          -0.334624,
          1.860499
        ],
        [
          0.0,
          0.0,
          0.0,
          1.0
        ]
      ]
    },
    {
      "file_path": "/media/NFS/ttao/scannet/posed_images/scene0629_00/00291.jpg",
      "transform_matrix": [
        [
          -0.097563,
          -0.307223,
          0.946623,
          2.903053
        ],
        [
          -0.9952,
          0.022768,
          -0.09518,
          3.697063
        ],
        [
          0.007688,
          -0.951365,
          -0.30797,
          1.852858
        ],
        [
          0.0,
          0.0,
          0.0,
          1.0
        ]
      ]
    },
    {
      "file_path": "/media/NFS/ttao/scannet/posed_images/scene0629_00/00299.jpg",
      "transform_matrix": [
        [
          -0.222733,
          -0.236058,
          0.945868,
          2.970994
        ],
        [
          -0.974831,
          0.044241,
          -0.218511,
          3.773977
        ],
        [
          0.009735,
          -0.970731,
          -0.239971,
          1.878477
        ],
        [
          0.0,
          0.0,
          0.0,
          1.0
        ]
      ]
    },
    {
      "file_path": "/media/NFS/ttao/scannet/posed_images/scene0629_00/00313.jpg",
      "transform_matrix": [
        [
          -0.237857,
          -0.204281,
          0.949575,
          3.050897
        ],
        [
          -0.971292,
          0.046122,
          -0.233375,
          3.804225
        ],
        [
          0.003878,
          -0.977825,
          -0.209387,
          1.908899
        ],
        [
          0.0,
          0.0,
          0.0,
          1.0
        ]
      ]
    },
    {
      "file_path": "/media/NFS/ttao/scannet/posed_images/scene0629_00/00318.jpg",
      "transform_matrix": [
        [
          -0.269191,
          -0.154166,
          0.950668,
          3.113763
        ],
        [
          -0.962916,
          0.061705,
          -0.262653,
          3.824628
        ],
        [
          -0.018169,
          -0.986116,
          -0.165059,
          1.906719
        ],
        [
          0.0,
          0.0,
          0.0,
          1.0
        ]
      ]
    },
    {
      "file_path": "/media/NFS/ttao/scannet/posed_images/scene0629_00/00335.jpg",
      "transform_matrix": [
        [
          -0.319132,
          -0.145484,
          0.936477,
          3.299722
        ],
        [
          -0.947697,
          0.054293,
          -0.314521,
          3.867279
        ],
        [
          -0.005086,
          -0.98787,
          -0.155201,
          1.921591
        ],
        [
          0.0,
          0.0,
          0.0,
          1.0
        ]
      ]
    },
    {
      "file_path": "/media/NFS/ttao/scannet/posed_images/scene0629_00/00337.jpg",
      "transform_matrix": [
        [
          -0.328081,
          -0.145108,
          0.933438,
          3.318955
        ],
        [
          -0.944649,
          0.04908,
          -0.324391,
          3.885951
        ],
        [
          0.001258,
          -0.988198,
          -0.153178,
          1.913316
        ],
        [
          0.0,
          0.0,
          0.0,
          1.0
        ]
      ]
    },
    {
      "file_path": "/media/NFS/ttao/scannet/posed_images/scene0629_00/00351.jpg",
      "transform_matrix": [
        [
          -0.436453,
          -0.14938,
          0.88724,
          3.437577
        ],
        [
          -0.898227,
          0.129266,
          -0.420094,
          4.088083
        ],
        [
          -0.051936,
          -0.980294,
          -0.190595,
          1.918905
        ],
        [
          0.0,
          0.0,
          0.0,
          1.0
        ]
      ]
    },
    {
      "file_path": "/media/NFS/ttao/scannet/posed_images/scene0629_00/00354.jpg",
      "transform_matrix": [
        [
          -0.455217,
          -0.156078,
          0.876594,
          3.46087
        ],
        [
          -0.889376,
          0.126476,
          -0.439335,
          4.122577
        ],
        [
          -0.042297,
          -0.979614,
          -0.196386,
          1.916525
        ],
        [
          0.0,
          0.0,
          0.0,
          1.0
        ]
      ]
    },
    {
      "file_path": "/media/NFS/ttao/scannet/posed_images/scene0629_00/00370.jpg",
      "transform_matrix": [
        [
          -0.45428,
          -0.174933,
          0.873515,
          3.607043
        ],
        [
          -0.889551,
          0.142202,
          -0.434142,
          4.262875
        ],
        [
          -0.04827,
          -0.974257,
          -0.220212,
          1.872599
        ],
        [
          0.0,
          0.0,
          0.0,
          1.0
        ]
      ]
    },
    {
      "file_path": "/media/NFS/ttao/scannet/posed_images/scene0629_00/00379.jpg",
      "transform_matrix": [
        [
          -0.486862,
          -0.240084,
          0.839836,
          3.661851
        ],
        [
          -0.873476,
          0.136378,
          -0.467377,
          4.348082
        ],
        [
          -0.002326,
          -0.961125,
          -0.276105,
          1.843276
        ],
        [
          0.0,
          0.0,
          0.0,
          1.0
        ]
      ]
    },
    {
      "file_path": "/media/NFS/ttao/scannet/posed_images/scene0629_00/00381.jpg",
      "transform_matrix": [
        [
          -0.504631,
          -0.247102,
          0.827217,
          3.674484
        ],
        [
          -0.863302,
          0.152803,
          -0.481,
          4.374411
        ],
        [
          -0.007545,
          -0.956866,
          -0.290433,
          1.843011
        ],
        [
          0.0,
          0.0,
          0.0,
          1.0
        ]
      ]
    },
    {
      "file_path": "/media/NFS/ttao/scannet/posed_images/scene0629_00/00392.jpg",
      "transform_matrix": [
        [
          -0.587663,
          -0.245833,
          0.770856,
          3.69944
        ],
        [
          -0.807651,
          0.235343,
          -0.540661,
          4.457122
        ],
        [
          -0.048503,
          -0.940308,
          -0.336849,
          1.87112
        ],
        [
          0.0,
          0.0,
          0.0,
          1.0
        ]
      ]
    },
    {
      "file_path": "/media/NFS/ttao/scannet/posed_images/scene0629_00/00400.jpg",
      "transform_matrix": [
        [
          -0.588383,
          -0.209238,
          0.78104,
          3.634403
        ],
        [
          -0.808244,
          0.180144,
          -0.560616,
          4.419811
        ],
        [
          -0.023397,
          -0.961128,
          -0.275109,
          1.896727
        ],
        [
          0.0,
          0.0,
          0.0,
          1.0
        ]
      ]
    },
    {
      "file_path": "/media/NFS/ttao/scannet/posed_images/scene0629_00/00417.jpg",
      "transform_matrix": [
        [
          -0.499119,
          -0.166565,
          0.850374,
          3.463309
        ],
        [
          -0.866417,
          0.079786,
          -0.492906,
          4.164657
        ],
        [
          0.014253,
          -0.982797,
          -0.184137,
          1.913836
        ],
        [
          0.0,
          0.0,
          0.0,
          1.0
        ]
      ]
    },
    {
      "file_path": "/media/NFS/ttao/scannet/posed_images/scene0629_00/00422.jpg",
      "transform_matrix": [
        [
          -0.470813,
          -0.151822,
          0.869071,
          3.449421
        ],
        [
          -0.882229,
          0.083991,
          -0.463268,
          4.101859
        ],
        [
          -0.00266,
          -0.984833,
          -0.173486,
          1.915849
        ],
        [
          0.0,
          0.0,
          0.0,
          1.0
        ]
      ]
    },
    {
      "file_path": "/media/NFS/ttao/scannet/posed_images/scene0629_00/00428.jpg",
      "transform_matrix": [
        [
          -0.421431,
          -0.16217,
          0.892242,
          3.440896
        ],
        [
          -0.906814,
          0.06537,
          -0.416432,
          3.991518
        ],
        [
          0.009207,
          -0.984595,
          -0.174607,
          1.89844
        ],
        [
          0.0,
          0.0,
          0.0,
          1.0
        ]
      ]
    },
    {
      "file_path": "/media/NFS/ttao/scannet/posed_images/scene0629_00/00436.jpg",
      "transform_matrix": [
        [
          -0.361915,
          -0.20279,
          0.909887,
          3.425385
        ],
        [
          -0.932177,
          0.070372,
          -0.355097,
          3.822314
        ],
        [
          0.00798,
          -0.97669,
          -0.214505,
          1.878689
        ],
        [
          0.0,
          0.0,
          0.0,
          1.0
        ]
      ]
    },
    {
      "file_path": "/media/NFS/ttao/scannet/posed_images/scene0629_00/00453.jpg",
      "transform_matrix": [
        [
          -0.214603,
          -0.268267,
          0.939137,
          3.39868
        ],
        [
          -0.976262,
          0.030075,
          -0.214495,
          3.434888
        ],
        [
          0.029297,
          -0.962875,
          -0.268353,
          1.876581
        ],
        [
          0.0,
          0.0,
          0.0,
          1.0
        ]
      ]
    },
    {
      "file_path": "/media/NFS/ttao/scannet/posed_images/scene0629_00/00458.jpg",
      "transform_matrix": [
        [
          -0.176531,
          -0.275242,
          0.945028,
          3.411508
        ],
        [
          -0.984295,
          0.049378,
          -0.169484,
          3.362522
        ],
        [
          -1.5e-05,
          -0.960106,
          -0.279636,
          1.863722
        ],
        [
          0.0,
          0.0,
          0.0,
          1.0
        ]
      ]
    },
    {
      "file_path": "/media/NFS/ttao/scannet/posed_images/scene0629_00/00469.jpg",
      "transform_matrix": [
        [
          -0.113798,
          -0.275553,
          0.954526,
          3.504153
        ],
        [
          -0.993413,
          0.018539,
          -0.113082,
          3.1751
        ],
        [
          0.013464,
          -0.961107,
          -0.275848,
          1.856413
        ],
        [
          0.0,
          0.0,
          0.0,
          1.0
        ]
      ]
    },
    {
      "file_path": "/media/NFS/ttao/scannet/posed_images/scene0629_00/00477.jpg",
      "transform_matrix": [
        [
          -0.068729,
          -0.264212,
          0.962012,
          3.573448
        ],
        [
          -0.997347,
          0.041391,
          -0.059885,
          3.042091
        ],
        [
          -0.023997,
          -0.963576,
          -0.266356,
          1.872274
        ],
        [
          0.0,
          0.0,
          0.0,
          1.0
        ]
      ]
    },
    {
      "file_path": "/media/NFS/ttao/scannet/posed_images/scene0629_00/00486.jpg",
      "transform_matrix": [
        [
          0.050671,
          -0.29688,
          0.953569,
          3.662001
        ],
        [
          -0.998476,
          0.005862,
          0.054882,
          2.883075
        ],
        [
          -0.021883,
          -0.954897,
          -0.29613,
          1.850315
        ],
        [
          0.0,
          0.0,
          0.0,
          1.0
        ]
      ]
    },
    {
      "file_path": "/media/NFS/ttao/scannet/posed_images/scene0629_00/00496.jpg",
      "transform_matrix": [
        [
          0.13356,
          -0.337488,
          0.931806,
          3.793208
        ],
        [
          -0.989519,
          0.006664,
          0.144246,
          2.723288
        ],
        [
          -0.054891,
          -0.941306,
          -0.333061,
          1.86355
        ],
        [
          0.0,
          0.0,
          0.0,
          1.0
        ]
      ]
    },
    {
      "file_path": "/media/NFS/ttao/scannet/posed_images/scene0629_00/00507.jpg",
      "transform_matrix": [
        [
          0.121962,
          -0.364326,
          0.92325,
          3.917298
        ],
        [
          -0.992134,
          -0.01831,
          0.123837,
          2.655298
        ],
        [
          -0.028213,
          -0.931091,
          -0.363693,
          1.840151
        ],
        [
          0.0,
          0.0,
          0.0,
          1.0
        ]
      ]
    },
    {
      "file_path": "/media/NFS/ttao/scannet/posed_images/scene0629_00/00510.jpg",
      "transform_matrix": [
        [
          0.12036,
          -0.364306,
          0.923469,
          3.937129
        ],
        [
          -0.992701,
          -0.051275,
          0.109155,
          2.663548
        ],
        [
          0.007585,
          -0.929867,
          -0.367818,
          1.874891
        ],
        [
          0.0,
          0.0,
          0.0,
          1.0
        ]
      ]
    },
    {
      "file_path": "/media/NFS/ttao/scannet/posed_images/scene0629_00/00524.jpg",
      "transform_matrix": [
        [
          0.003574,
          -0.29423,
          0.955728,
          3.869716
        ],
        [
          -0.997967,
          -0.06186,
          -0.015312,
          2.806822
        ],
        [
          0.063626,
          -0.953731,
          -0.293853,
          1.892605
        ],
        [
          0.0,
          0.0,
          0.0,
          1.0
        ]
      ]
    },
    {
      "file_path": "/media/NFS/ttao/scannet/posed_images/scene0629_00/00535.jpg",
      "transform_matrix": [
        [
          -0.15313,
          -0.210209,
          0.96559,
          3.756985
        ],
        [
          -0.98517,
          -0.04406,
          -0.165827,
          2.966723
        ],
        [
          0.077403,
          -0.976663,
          -0.200345,
          1.939172
        ],
        [
          0.0,
          0.0,
          0.0,
          1.0
        ]
      ]
    },
    {
      "file_path": "/media/NFS/ttao/scannet/posed_images/scene0629_00/00540.jpg",
      "transform_matrix": [
        [
          -0.222842,
          -0.190724,
          0.956016,
          3.706581
        ],
        [
          -0.972131,
          -0.029779,
          -0.232539,
          3.0764
        ],
        [
          0.07282,
          -0.981192,
          -0.178772,
          1.947395
        ],
        [
          0.0,
          0.0,
          0.0,
          1.0
        ]
      ]
    },
    {
      "file_path": "/media/NFS/ttao/scannet/posed_images/scene0629_00/00551.jpg",
      "transform_matrix": [
        [
          -0.274583,
          -0.118358,
          0.954251,
          3.612945
        ],
        [
          -0.961471,
          0.020029,
          -0.274176,
          3.295434
        ],
        [
          0.013338,
          -0.992769,
          -0.119297,
          1.957839
        ],
        [
          0.0,
          0.0,
          0.0,
          1.0
        ]
      ]
    },
    {
      "file_path": "/media/NFS/ttao/scannet/posed_images/scene0629_00/00560.jpg",
      "transform_matrix": [
        [
          -0.321811,
          -0.091919,
          0.942331,
          3.512485
        ],
        [
          -0.946794,
          0.035895,
          -0.319833,
          3.443632
        ],
        [
          -0.004426,
          -0.995119,
          -0.09858,
          1.970347
        ],
        [
          0.0,
          0.0,
          0.0,
          1.0
        ]
      ]
    },
    {
      "file_path": "/media/NFS/ttao/scannet/posed_images/scene0629_00/00565.jpg",
      "transform_matrix": [
        [
          -0.352571,
          -0.086121,
          0.931814,
          3.444277
        ],
        [
          -0.935615,
          0.051441,
          -0.349255,
          3.501131
        ],
        [
          -0.017855,
          -0.994956,
          -0.098712,
          1.947832
        ],
        [
          0.0,
          0.0,
          0.0,
          1.0
        ]
      ]
    },
    {
      "file_path": "/media/NFS/ttao/scannet/posed_images/scene0629_00/00582.jpg",
      "transform_matrix": [
        [
          -0.481272,
          -0.06456,
          0.874191,
          3.336178
        ],
        [
          -0.876571,
          0.03663,
          -0.479877,
          3.708724
        ],
        [
          -0.001041,
          -0.997241,
          -0.07422,
          1.987495
        ],
        [
          0.0,
          0.0,
          0.0,
          1.0
        ]
      ]
    },
    {
      "file_path": "/media/NFS/ttao/scannet/posed_images/scene0629_00/00584.jpg",
      "transform_matrix": [
        [
          -0.492003,
          -0.042476,
          0.869557,
          3.327227
        ],
        [
          -0.87055,
          0.033993,
          -0.490905,
          3.737029
        ],
        [
          -0.008707,
          -0.998519,
          -0.053702,
          1.983271
        ],
        [
          0.0,
          0.0,
          0.0,
          1.0
        ]
      ]
    },
    {
      "file_path": "/media/NFS/ttao/scannet/posed_images/scene0629_00/00592.jpg",
      "transform_matrix": [
        [
          -0.549861,
          0.011698,
          0.835174,
          3.31772
        ],
        [
          -0.83299,
          0.065927,
          -0.549347,
          3.815768
        ],
        [
          -0.061486,
          -0.997756,
          -0.026507,
          2.006748
        ],
        [
          0.0,
          0.0,
          0.0,
          1.0
        ]
      ]
    },
    {
      "file_path": "/media/NFS/ttao/scannet/posed_images/scene0629_00/00606.jpg",
      "transform_matrix": [
        [
          -0.666048,
          -0.003698,
          0.7459,
          3.326209
        ],
        [
          -0.744371,
          0.067473,
          -0.664348,
          3.908516
        ],
        [
          -0.047871,
          -0.997714,
          -0.047693,
          1.992836
        ],
        [
          0.0,
          0.0,
          0.0,
          1.0
        ]
      ]
    },
    {
      "file_path": "/media/NFS/ttao/scannet/posed_images/scene0629_00/00612.jpg",
      "transform_matrix": [
        [
          -0.69315,
          -0.011861,
          0.720696,
          3.305842
        ],
        [
          -0.719649,
          0.06772,
          -0.691028,
          3.903184
        ],
        [
          -0.040609,
          -0.997634,
          -0.055475,
          1.981478
        ],
        [
          0.0,
          0.0,
          0.0,
          1.0
        ]
      ]
    },
    {
      "file_path": "/media/NFS/ttao/scannet/posed_images/scene0629_00/00625.jpg",
      "transform_matrix": [
        [
          -0.759212,
          -0.063115,
          0.647776,
          3.274796
        ],
        [
          -0.649087,
          0.146499,
          -0.746475,
          3.869403
        ],
        [
          -0.047785,
          -0.987195,
          -0.152191,
          1.956983
        ],
        [
          0.0,
          0.0,
          0.0,
          1.0
        ]
      ]
    },
    {
      "file_path": "/media/NFS/ttao/scannet/posed_images/scene0629_00/00628.jpg",
      "transform_matrix": [
        [
          -0.758308,
          -0.077339,
          0.647292,
          3.273369
        ],
        [
          -0.649674,
          0.171569,
          -0.7406,
          3.863551
        ],
        [
          -0.053779,
          -0.982132,
          -0.180347,
          1.941008
        ],
        [
          0.0,
          0.0,
          0.0,
          1.0
        ]
      ]
    },
    {
      "file_path": "/media/NFS/ttao/scannet/posed_images/scene0629_00/00639.jpg",
      "transform_matrix": [
        [
          -0.743721,
          -0.173176,
          0.645669,
          3.2965
        ],
        [
          -0.66761,
          0.241957,
          -0.704098,
          3.870988
        ],
        [
          -0.034291,
          -0.954708,
          -0.295563,
          1.883762
        ],
        [
          0.0,
          0.0,
          0.0,
          1.0
        ]
      ]
    },
    {
      "file_path": "/media/NFS/ttao/scannet/posed_images/scene0629_00/00650.jpg",
      "transform_matrix": [
        [
          -0.790716,
          -0.144346,
          0.594922,
          3.359588
        ],
        [
          -0.612182,
          0.18735,
          -0.768201,
          3.934699
        ],
        [
          -0.000572,
          -0.97163,
          -0.236507,
          1.912936
        ],
        [
          0.0,
          0.0,
          0.0,
          1.0
        ]
      ]
    },
    {
      "file_path": "/media/NFS/ttao/scannet/posed_images/scene0629_00/00658.jpg",
      "transform_matrix": [
        [
          -0.837947,
          -0.096779,
          0.537102,
          3.448873
        ],
        [
          -0.545673,
          0.165243,
          -0.821545,
          4.014593
        ],
        [
          -0.009244,
          -0.981493,
          -0.191275,
          1.929898
        ],
        [
          0.0,
          0.0,
          0.0,
          1.0
        ]
      ]
    },
    {
      "file_path": "/media/NFS/ttao/scannet/posed_images/scene0629_00/00669.jpg",
      "transform_matrix": [
        [
          -0.870693,
          -0.047406,
          0.489537,
          3.53494
        ],
        [
          -0.49092,
          0.144188,
          -0.85919,
          4.041107
        ],
        [
          -0.029854,
          -0.988414,
          -0.148816,
          1.964172
        ],
        [
          0.0,
          0.0,
          0.0,
          1.0
        ]
      ]
    },
    {
      "file_path": "/media/NFS/ttao/scannet/posed_images/scene0629_00/00680.jpg",
      "transform_matrix": [
        [
          -0.905306,
          0.007695,
          0.42469,
          3.629619
        ],
        [
          -0.420961,
          0.117168,
          -0.89948,
          4.018805
        ],
        [
          -0.056682,
          -0.993082,
          -0.102833,
          1.942436
        ],
        [
          0.0,
          0.0,
          0.0,
          1.0
        ]
      ]
    },
    {
      "file_path": "/media/NFS/ttao/scannet/posed_images/scene0629_00/00683.jpg",
      "transform_matrix": [
        [
          -0.916813,
          0.028158,
          0.398322,
          3.662927
        ],
        [
          -0.392728,
          0.116869,
          -0.912199,
          4.013584
        ],
        [
          -0.072237,
          -0.992748,
          -0.096088,
          1.93325
        ],
        [
          0.0,
          0.0,
          0.0,
          1.0
        ]
      ]
    },
    {
      "file_path": "/media/NFS/ttao/scannet/posed_images/scene0629_00/00699.jpg",
      "transform_matrix": [
        [
          -0.969671,
          -0.000213,
          0.244412,
          3.82831
        ],
        [
          -0.239198,
          0.206281,
          -0.948806,
          3.985105
        ],
        [
          -0.050215,
          -0.978493,
          -0.200076,
          1.899328
        ],
        [
          0.0,
          0.0,
          0.0,
          1.0
        ]
      ]
    },
    {
      "file_path": "/media/NFS/ttao/scannet/posed_images/scene0629_00/00708.jpg",
      "transform_matrix": [
        [
          -0.991925,
          -0.001197,
          0.126819,
          3.988793
        ],
        [
          -0.124126,
          0.214333,
          -0.968842,
          4.026565
        ],
        [
