{
  "frames": [
    {
      "file_path": "/media/NFS/ttao/scannet/posed_images/scene0485_00/00000.jpg",
      "transform_matrix": [
        [
          -0.575001,
          -0.385693,
          0.721537,
          -0.018564
        ],
        [
          -0.8181,
          0.281095,
          -0.501695,
          4.105455
        ],
        [
          -0.00932,
          -0.878764,
          -0.477165,
          1.483367
        ],
        [
          0.0,
          0.0,
          0.0,
          1.0
        ]
      ]
    },
    {
      "file_path": "/media/NFS/ttao/scannet/posed_images/scene0485_00/00001.jpg",
      "transform_matrix": [
        [
          -0.574259,
          -0.383333,
          0.723383,
          -0.04277
        ],
        [
          -0.818593,
          0.281307,
          -0.500772,
          4.081159
        ],
        [
          -0.01153,
          -0.879728,
          -0.475337,
          1.470468
        ],
        [
          0.0,
          0.0,
          0.0,
          1.0
        ]
      ]
    },
    {
      "file_path": "/media/NFS/ttao/scannet/posed_images/scene0485_00/00002.jpg",
      "transform_matrix": [
        [
          -0.583052,
          -0.38394,
          0.71599,
          -0.042969
        ],
        [
          -0.812345,
          0.288644,
          -0.506735,
          4.081609
        ],
        [
          -0.01211,
          -0.877083,
          -0.480186,
          1.475868
        ],
        [
          0.0,
          0.0,
          0.0,
          1.0
        ]
      ]
    },
    {
      "file_path": "/media/NFS/ttao/scannet/posed_images/scene0485_00/00003.jpg",
      "transform_matrix": [
        [
          -0.585649,
          -0.382579,
          0.714597,
          -0.050439
        ],
        [
          -0.810496,
          0.287908,
          -0.510103,
          4.079032
        ],
        [
          -0.010584,
          -0.877919,
          -0.478692,
          1.470383
        ],
        [
          0.0,
          0.0,
          0.0,
          1.0
        ]
      ]
    },
    {
      "file_path": "/media/NFS/ttao/scannet/posed_images/scene0485_00/00005.jpg",
      "transform_matrix": [
        [
          -0.59382,
          -0.382444,
          0.707894,
          -0.057288
        ],
        [
          -0.804551,
          0.291729,
          -0.517293,
          4.07963
        ],
        [
          -0.008677,
          -0.876716,
          -0.48093,
          1.463756
        ],
        [
          0.0,
          0.0,
          0.0,
          1.0
        ]
      ]
    },
    {
      "file_path": "/media/NFS/ttao/scannet/posed_images/scene0485_00/00006.jpg",
      "transform_matrix": [
        [
          -0.598383,
          -0.38574,
          0.702241,
          -0.057242
        ],
        [
          -0.801185,
          0.295038,
          -0.52063,
          4.082509
        ],
        [
          -0.00636,
          -0.874161,
          -0.485594,
          1.46209
        ],
        [
          0.0,
          0.0,
          0.0,
          1.0
        ]
      ]
    },
    {
      "file_path": "/media/NFS/ttao/scannet/posed_images/scene0485_00/00008.jpg",
      "transform_matrix": [
        [
          -0.613519,
          -0.388761,
          0.687357,
          -0.060564
        ],
        [
          -0.789623,
          0.312446,
          -0.528084,
          4.087203
        ],
        [
          -0.009464,
          -0.866742,
          -0.498667,
          1.455955
        ],
        [
          0.0,
          0.0,
          0.0,
          1.0
        ]
      ]
    },
    {
      "file_path": "/media/NFS/ttao/scannet/posed_images/scene0485_00/00009.jpg",
      "transform_matrix": [
        [
          -0.625746,
          -0.383079,
          0.67948,
          -0.064932
        ],
        [
          -0.779932,
          0.320869,
          -0.537354,
          4.090691
        ],
        [
          -0.012175,
          -0.866195,
          -0.499558,
          1.451518
        ],
        [
          0.0,
          0.0,
          0.0,
          1.0
        ]
      ]
    },
    {
      "file_path": "/media/NFS/ttao/scannet/posed_images/scene0485_00/00010.jpg",
      "transform_matrix": [
        [
          -0.644107,
          -0.380888,
          0.663363,
          -0.051035
        ],
        [
          -0.76486,
          0.3329,
          -0.551514,
          4.112524
        ],
        [
          -0.010768,
          -0.862613,
          -0.505749,
          1.456656
        ],
        [
          0.0,
          0.0,
          0.0,
          1.0
        ]
      ]
    },
    {
      "file_path": "/media/NFS/ttao/scannet/posed_images/scene0485_00/00012.jpg",
      "transform_matrix": [
        [
          -0.66186,
          -0.372951,
          0.650269,
          -0.057146
        ],
        [
          -0.749354,
          0.352578,
          -0.560497,
          4.113183
        ],
        [
          -0.020233,
          -0.858252,
          -0.51283,
          1.449982
        ],
        [
          0.0,
          0.0,
          0.0,
          1.0
        ]
      ]
    },
    {
      "file_path": "/media/NFS/ttao/scannet/posed_images/scene0485_00/00013.jpg",
      "transform_matrix": [
        [
          -0.66851,
          -0.366906,
          0.646897,
          -0.06089
        ],
        [
          -0.74328,
          0.358982,
          -0.564506,
          4.115732
        ],
        [
          -0.025104,
          -0.858203,
          -0.512697,
          1.44646
        ],
        [
          0.0,
          0.0,
          0.0,
          1.0
        ]
      ]
    },
    {
      "file_path": "/media/NFS/ttao/scannet/posed_images/scene0485_00/00014.jpg",
      "transform_matrix": [
        [
          -0.674154,
          -0.363159,
          0.643143,
          -0.060649
        ],
        [
          -0.738021,
          0.36542,
          -0.567267,
          4.115858
        ],
        [
          -0.02901,
          -0.857079,
          -0.514368,
          1.44648
        ],
        [
          0.0,
          0.0,
          0.0,
          1.0
        ]
      ]
    },
    {
      "file_path": "/media/NFS/ttao/scannet/posed_images/scene0485_00/00016.jpg",
      "transform_matrix": [
        [
          -0.682932,
          -0.358268,
          0.636591,
          -0.064876
        ],
        [
          -0.729792,
          0.372511,
          -0.573271,
          4.118015
        ],
        [
          -0.031752,
          -0.856084,
          -0.515861,
          1.444981
        ],
        [
          0.0,
          0.0,
          0.0,
          1.0
        ]
      ]
    },
    {
      "file_path": "/media/NFS/ttao/scannet/posed_images/scene0485_00/00017.jpg",
      "transform_matrix": [
        [
          -0.686052,
          -0.357585,
          0.633613,
          -0.06561
        ],
        [
          -0.726908,
          0.37352,
          -0.57627,
          4.118627
        ],
        [
          -0.030601,
          -0.85593,
          -0.516186,
          1.443417
        ],
        [
          0.0,
          0.0,
          0.0,
          1.0
        ]
      ]
    },
    {
      "file_path": "/media/NFS/ttao/scannet/posed_images/scene0485_00/00018.jpg",
      "transform_matrix": [
        [
          -0.690502,
          -0.358769,
          0.628086,
          -0.065232
        ],
        [
          -0.722809,
          0.375193,
          -0.580325,
          4.120321
        ],
        [
          -0.027451,
          -0.854702,
          -0.518393,
          1.443179
        ],
        [
          0.0,
          0.0,
          0.0,
          1.0
        ]
      ]
    },
    {
      "file_path": "/media/NFS/ttao/scannet/posed_images/scene0485_00/00020.jpg",
      "transform_matrix": [
        [
          -0.697949,
          -0.362679,
          0.617521,
          -0.067752
        ],
        [
          -0.715881,
          0.376894,
          -0.587764,
          4.117043
        ],
        [
          -0.01957,
          -0.8523,
          -0.522687,
          1.44676
        ],
        [
          0.0,
          0.0,
          0.0,
          1.0
        ]
      ]
    },
    {
      "file_path": "/media/NFS/ttao/scannet/posed_images/scene0485_00/00021.jpg",
      "transform_matrix": [
        [
          -0.700546,
          -0.362532,
          0.61466,
          -0.071823
        ],
        [
          -0.7134,
          0.376571,
          -0.590978,
          4.114002
        ],
        [
          -0.017215,
          -0.852505,
          -0.522436,
          1.445566
        ],
        [
          0.0,
          0.0,
          0.0,
          1.0
        ]
      ]
    },
    {
      "file_path": "/media/NFS/ttao/scannet/posed_images/scene0485_00/00022.jpg",
      "transform_matrix": [
        [
          -0.704158,
          -0.361757,
          0.610978,
          -0.07375
        ],
        [
          -0.709898,
          0.376108,
          -0.595473,
          4.113868
        ],
        [
          -0.014377,
          -0.853039,
          -0.521649,
          1.442563
        ],
        [
          0.0,
          0.0,
          0.0,
          1.0
        ]
      ]
    },
    {
      "file_path": "/media/NFS/ttao/scannet/posed_images/scene0485_00/00023.jpg",
      "transform_matrix": [
        [
          -0.709037,
          -0.360431,
          0.606099,
          -0.069197
        ],
        [
          -0.705044,
          0.378664,
          -0.599605,
          4.116242
        ],
        [
          -0.013391,
          -0.852468,
          -0.522607,
          1.44249
        ],
        [
          0.0,
          0.0,
          0.0,
          1.0
        ]
      ]
    },
    {
      "file_path": "/media/NFS/ttao/scannet/posed_images/scene0485_00/00025.jpg",
      "transform_matrix": [
        [
          -0.71336,
          -0.355573,
          0.603892,
          -0.071047
        ],
        [
          -0.700602,
          0.382222,
          -0.602547,
          4.1236
        ],
        [
          -0.016571,
          -0.852921,
          -0.521777,
          1.436206
        ],
        [
          0.0,
          0.0,
          0.0,
          1.0
        ]
      ]
    },
    {
      "file_path": "/media/NFS/ttao/scannet/posed_images/scene0485_00/00026.jpg",
      "transform_matrix": [
        [
          -0.717887,
          -0.350858,
          0.60128,
          -0.070753
        ],
        [
          -0.695883,
          0.386005,
          -0.605596,
          4.125855
        ],
        [
          -0.019619,
          -0.85317,
          -0.521264,
          1.428419
        ],
        [
          0.0,
          0.0,
          0.0,
          1.0
        ]
      ]
    },
    {
      "file_path": "/media/NFS/ttao/scannet/posed_images/scene0485_00/00028.jpg",
      "transform_matrix": [
        [
          -0.731897,
          -0.340047,
          0.590504,
          -0.06486
        ],
        [
          -0.68087,
          0.399598,
          -0.613789,
          4.125907
        ],
        [
          -0.027247,
          -0.851287,
          -0.523993,
          1.430991
        ],
        [
          0.0,
          0.0,
          0.0,
          1.0
        ]
      ]
    },
    {
      "file_path": "/media/NFS/ttao/scannet/posed_images/scene0485_00/00029.jpg",
      "transform_matrix": [
        [
          -0.738033,
          -0.333073,
          0.58683,
          -0.062989
        ],
        [
          -0.674034,
          0.40438,
          -0.618187,
          4.124414
        ],
        [
          -0.0314,
          -0.851786,
          -0.522948,
          1.431875
        ],
        [
          0.0,
          0.0,
          0.0,
          1.0
        ]
      ]
    },
    {
      "file_path": "/media/NFS/ttao/scannet/posed_images/scene0485_00/00030.jpg",
      "transform_matrix": [
        [
          -0.745933,
          -0.326555,
          0.580471,
          -0.055885
        ],
        [
          -0.665213,
          0.408217,
          -0.625181,
          4.134571
        ],
        [
          -0.032802,
          -0.852479,
          -0.521731,
          1.424942
        ],
        [
          0.0,
          0.0,
          0.0,
          1.0
        ]
      ]
    },
    {
      "file_path": "/media/NFS/ttao/scannet/posed_images/scene0485_00/00031.jpg",
      "transform_matrix": [
        [
          -0.750128,
          -0.324587,
          0.576152,
          -0.04916
        ],
        [
          -0.660196,
          0.417735,
          -0.624211,
          4.130232
        ],
        [
          -0.038068,
          -0.848612,
          -0.527645,
          1.432381
        ],
        [
          0.0,
          0.0,
          0.0,
          1.0
        ]
      ]
    },
    {
      "file_path": "/media/NFS/ttao/scannet/posed_images/scene0485_00/00033.jpg",
      "transform_matrix": [
        [
          -0.756481,
          -0.314822,
          0.573257,
          -0.038142
        ],
        [
          -0.652602,
          0.42096,
          -0.630003,
          4.120629
        ],
        [
          -0.042979,
          -0.850694,
          -0.523901,
          1.439812
        ],
        [
          0.0,
          0.0,
          0.0,
          1.0
        ]
      ]
    },
    {
      "file_path": "/media/NFS/ttao/scannet/posed_images/scene0485_00/00034.jpg",
      "transform_matrix": [
        [
          -0.758409,
          -0.311115,
          0.572733,
          -0.031287
        ],
        [
          -0.650592,
          0.414373,
          -0.636417,
          4.1213
        ],
        [
          -0.039326,
          -0.855279,
          -0.516673,
          1.437459
        ],
        [
          0.0,
          0.0,
          0.0,
          1.0
        ]
      ]
    },
    {
      "file_path": "/media/NFS/ttao/scannet/posed_images/scene0485_00/00035.jpg",
      "transform_matrix": [
        [
          -0.759846,
          -0.307953,
          0.572538,
          -0.025242
        ],
        [
          -0.649005,
          0.410503,
          -0.640531,
          4.120718
        ],
        [
          -0.037776,
          -0.858284,
          -0.511782,
          1.438381
        ],
        [
          0.0,
          0.0,
          0.0,
          1.0
        ]
      ]
    },
    {
      "file_path": "/media/NFS/ttao/scannet/posed_images/scene0485_00/00037.jpg",
      "transform_matrix": [
        [
          -0.758494,
          -0.307701,
          0.574462,
          -0.009252
        ],
        [
          -0.650841,
          0.402373,
          -0.643818,
          4.109793
        ],
        [
          -0.033045,
          -0.862216,
          -0.505462,
          1.440301
        ],
        [
          0.0,
          0.0,
          0.0,
          1.0
        ]
      ]
    },
    {
      "file_path": "/media/NFS/ttao/scannet/posed_images/scene0485_00/00038.jpg",
      "transform_matrix": [
        [
          -0.757188,
          -0.309925,
          0.574989,
          -0.00068
        ],
        [
          -0.652591,
          0.396835,
          -0.645482,
          4.104945
        ],
        [
          -0.028125,
          -0.863984,
          -0.502733,
          1.442153
        ],
        [
          0.0,
          0.0,
          0.0,
          1.0
        ]
      ]
    },
    {
      "file_path": "/media/NFS/ttao/scannet/posed_images/scene0485_00/00039.jpg",
      "transform_matrix": [
        [
          -0.757121,
          -0.310678,
          0.574671,
          0.009942
        ],
        [
          -0.652837,
          0.392006,
          -0.648179,
          4.097112
        ],
        [
          -0.0239,
          -0.865916,
          -0.499618,
          1.442816
        ],
        [
          0.0,
          0.0,
          0.0,
          1.0
        ]
      ]
    },
    {
      "file_path": "/media/NFS/ttao/scannet/posed_images/scene0485_00/00040.jpg",
      "transform_matrix": [
        [
          -0.759276,
          -0.305539,
          0.574584,
          0.016694
        ],
        [
          -0.65048,
          0.382662,
          -0.656084,
          4.098074
        ],
        [
          -0.019413,
          -0.871904,
          -0.489293,
          1.428186
        ],
        [
          0.0,
          0.0,
          0.0,
          1.0
        ]
      ]
    },
    {
      "file_path": "/media/NFS/ttao/scannet/posed_images/scene0485_00/00042.jpg",
      "transform_matrix": [
        [
          -0.764315,
          -0.30324,
          0.569094,
          0.038841
        ],
        [
          -0.644618,
          0.382612,
          -0.661873,
          4.073604
        ],
        [
          -0.017035,
          -0.872728,
          -0.48791,
          1.443327
        ],
        [
          0.0,
          0.0,
          0.0,
          1.0
        ]
      ]
    },
    {
      "file_path": "/media/NFS/ttao/scannet/posed_images/scene0485_00/00043.jpg",
      "transform_matrix": [
        [
          -0.76943,
          -0.296125,
          0.56594,
          0.053028
        ],
        [
          -0.638514,
          0.379723,
          -0.66941,
          4.066936
        ],
        [
          -0.016671,
          -0.876425,
          -0.48125,
          1.439255
        ],
        [
          0.0,
          0.0,
          0.0,
          1.0
        ]
      ]
    },
    {
      "file_path": "/media/NFS/ttao/scannet/posed_images/scene0485_00/00044.jpg",
      "transform_matrix": [
        [
          -0.773368,
          -0.29077,
          0.563343,
          0.066296
        ],
        [
          -0.633756,
          0.37699,
          -0.675449,
          4.057031
        ],
        [
          -0.015974,
          -0.879393,
          -0.475829,
          1.435926
        ],
        [
          0.0,
          0.0,
          0.0,
          1.0
        ]
      ]
    },
    {
      "file_path": "/media/NFS/ttao/scannet/posed_images/scene0485_00/00046.jpg",
      "transform_matrix": [
        [
          -0.779639,
          -0.279946,
          0.560173,
          0.093223
        ],
        [
          -0.625968,
          0.374261,
          -0.684174,
          4.037564
        ],
        [
          -0.018119,
          -0.884058,
          -0.467026,
          1.43472
        ],
        [
          0.0,
          0.0,
          0.0,
          1.0
        ]
      ]
    },
    {
      "file_path": "/media/NFS/ttao/scannet/posed_images/scene0485_00/00047.jpg",
      "transform_matrix": [
        [
          -0.781358,
          -0.270296,
          0.562512,
          0.104086
        ],
        [
          -0.623777,
          0.366503,
          -0.690346,
          4.03019
        ],
        [
          -0.019565,
          -0.890289,
          -0.454975,
          1.425344
        ],
        [
          0.0,
          0.0,
          0.0,
          1.0
        ]
      ]
    },
    {
      "file_path": "/media/NFS/ttao/scannet/posed_images/scene0485_00/00049.jpg",
      "transform_matrix": [
        [
          -0.787887,
          -0.258828,
          0.558786,
          0.132819
        ],
        [
          -0.615481,
          0.361059,
          -0.700585,
          4.001077
        ],
        [
          -0.020424,
          -0.895904,
          -0.443778,
          1.437455
        ],
        [
          0.0,
          0.0,
          0.0,
          1.0
        ]
      ]
    },
    {
      "file_path": "/media/NFS/ttao/scannet/posed_images/scene0485_00/00050.jpg",
      "transform_matrix": [
        [
          -0.794453,
          -0.246296,
          0.555142,
          0.136349
        ],
        [
          -0.606932,
          0.354874,
          -0.711124,
          3.991202
        ],
        [
          -0.021859,
          -0.901888,
          -0.431416,
          1.42566
        ],
        [
          0.0,
          0.0,
          0.0,
          1.0
        ]
      ]
    },
    {
      "file_path": "/media/NFS/ttao/scannet/posed_images/scene0485_00/00051.jpg",
      "transform_matrix": [
        [
          -0.798969,
          -0.236107,
          0.553084,
          0.136843
        ],
        [
          -0.600599,
          0.359919,
          -0.713961,
          3.968189
        ],
        [
          -0.030494,
          -0.902614,
          -0.42937,
          1.433914
        ],
        [
          0.0,
          0.0,
          0.0,
          1.0
        ]
      ]
    },
    {
      "file_path": "/media/NFS/ttao/scannet/posed_images/scene0485_00/00052.jpg",
      "transform_matrix": [
        [
          -0.806827,
          -0.221851,
          0.547551,
          0.147501
        ],
        [
          -0.589622,
          0.36056,
          -0.722732,
          3.962812
        ],
        [
          -0.037086,
          -0.905969,
          -0.421718,
          1.427231
        ],
        [
          0.0,
          0.0,
          0.0,
          1.0
        ]
      ]
    },
    {
      "file_path": "/media/NFS/ttao/scannet/posed_images/scene0485_00/00054.jpg",
      "transform_matrix": [
        [
          -0.812768,
          -0.209484,
          0.543623,
          0.172562
        ],
        [
          -0.580784,
          0.364716,
          -0.727785,
          3.939797
        ],
        [
          -0.045809,
          -0.907248,
          -0.418095,
          1.440155
        ],
        [
          0.0,
          0.0,
          0.0,
          1.0
        ]
      ]
    },
    {
      "file_path": "/media/NFS/ttao/scannet/posed_images/scene0485_00/00055.jpg",
      "transform_matrix": [
        [
          -0.809817,
          -0.210345,
          0.547679,
          0.178734
        ],
        [
          -0.584851,
          0.363164,
          -0.725301,
          3.928945
        ],
        [
          -0.046334,
          -0.907671,
          -0.417116,
          1.442531
        ],
        [
          0.0,
          0.0,
          0.0,
          1.0
        ]
      ]
    },
    {
      "file_path": "/media/NFS/ttao/scannet/posed_images/scene0485_00/00056.jpg",
      "transform_matrix": [
        [
          -0.808336,
          -0.214248,
          0.548353,
          0.193233
        ],
        [
          -0.58708,
          0.362868,
          -0.723647,
          3.922336
        ],
        [
          -0.04394,
          -0.906877,
          -0.419099,
          1.446867
        ],
        [
          0.0,
          0.0,
          0.0,
          1.0
        ]
      ]
    },
    {
      "file_path": "/media/NFS/ttao/scannet/posed_images/scene0485_00/00058.jpg",
      "transform_matrix": [
        [
          -0.803001,
          -0.220724,
          0.553598,
          0.207984
        ],
        [
          -0.594891,
          0.352934,
          -0.722179,
          3.905715
        ],
        [
          -0.035981,
          -0.909241,
          -0.414713,
          1.447204
        ],
        [
          0.0,
          0.0,
          0.0,
          1.0
        ]
      ]
    },
    {
      "file_path": "/media/NFS/ttao/scannet/posed_images/scene0485_00/00059.jpg",
      "transform_matrix": [
        [
          -0.802292,
          -0.223325,
          0.553583,
          0.216921
        ],
        [
          -0.596278,
          0.343212,
          -0.725712,
          3.901978
        ],
        [
          -0.027927,
          -0.912322,
          -0.40852,
          1.446763
        ],
        [
          0.0,
          0.0,
          0.0,
          1.0
        ]
      ]
    },
    {
      "file_path": "/media/NFS/ttao/scannet/posed_images/scene0485_00/00061.jpg",
      "transform_matrix": [
        [
          -0.800166,
          -0.228091,
          0.554716,
          0.256465
        ],
        [
          -0.599438,
          0.335351,
          -0.726783,
          3.887495
        ],
        [
          -0.020252,
          -0.914065,
          -0.405063,
          1.461946
        ],
        [
          0.0,
          0.0,
          0.0,
          1.0
        ]
      ]
    },
    {
      "file_path": "/media/NFS/ttao/scannet/posed_images/scene0485_00/00062.jpg",
      "transform_matrix": [
        [
          -0.795942,
          -0.233886,
          0.558368,
          0.265998
        ],
        [
          -0.605136,
          0.333252,
          -0.723017,
          3.877384
        ],
        [
          -0.016974,
          -0.913368,
          -0.406782,
          1.468724
        ],
        [
          0.0,
          0.0,
          0.0,
          1.0
        ]
      ]
    },
    {
      "file_path": "/media/NFS/ttao/scannet/posed_images/scene0485_00/00063.jpg",
      "transform_matrix": [
        [
          -0.795515,
          -0.233568,
          0.559108,
          0.281284
        ],
        [
          -0.605777,
          0.327557,
          -0.72508,
          3.87757
        ],
        [
          -0.013784,
          -0.915507,
          -0.402067,
          1.466724
        ],
        [
          0.0,
          0.0,
          0.0,
          1.0
        ]
      ]
    },
    {
      "file_path": "/media/NFS/ttao/scannet/posed_images/scene0485_00/00065.jpg",
      "transform_matrix": [
        [
          -0.796552,
          -0.231231,
          0.558604,
          0.306376
        ],
        [
          -0.604556,
          0.311056,
          -0.733319,
          3.868858
        ],
        [
          -0.004191,
          -0.921834,
          -0.387564,
          1.47012
        ],
        [
          0.0,
          0.0,
          0.0,
          1.0
        ]
      ]
    },
    {
      "file_path": "/media/NFS/ttao/scannet/posed_images/scene0485_00/00066.jpg",
      "transform_matrix": [
        [
          -0.799384,
          -0.227275,
          0.556175,
          0.322355
        ],
        [
          -0.600815,
          0.306329,
          -0.738366,
          3.864036
        ],
        [
          -0.002561,
          -0.924396,
          -0.381425,
          1.477917
        ],
        [
          0.0,
          0.0,
          0.0,
          1.0
        ]
      ]
    },
    {
      "file_path": "/media/NFS/ttao/scannet/posed_images/scene0485_00/00067.jpg",
      "transform_matrix": [
        [
          -0.800705,
          -0.216387,
          0.558613,
          0.329218
        ],
        [
          -0.59903,
          0.298382,
          -0.743055,
          3.856603
        ],
        [
          -0.005893,
          -0.929594,
          -0.368538,
          1.479001
        ],
        [
          0.0,
          0.0,
          0.0,
          1.0
        ]
      ]
    },
    {
      "file_path": "/media/NFS/ttao/scannet/posed_images/scene0485_00/00068.jpg",
      "transform_matrix": [
        [
          -0.802118,
          -0.207322,
          0.560022,
          0.340033
        ],
        [
          -0.59711,
          0.291314,
          -0.747393,
          3.851713
        ],
        [
          -0.008191,
          -0.933892,
          -0.357462,
          1.483716
        ],
        [
          0.0,
          0.0,
          0.0,
          1.0
        ]
      ]
    },
    {
      "file_path": "/media/NFS/ttao/scannet/posed_images/scene0485_00/00070.jpg",
      "transform_matrix": [
        [
          -0.808165,
          -0.189018,
          0.557801,
          0.367427
        ],
        [
          -0.588739,
          0.284972,
          -0.756424,
          3.846988
        ],
        [
          -0.01598,
          -0.939715,
          -0.341586,
          1.492808
        ],
        [
          0.0,
          0.0,
          0.0,
          1.0
        ]
      ]
    },
    {
      "file_path": "/media/NFS/ttao/scannet/posed_images/scene0485_00/00071.jpg",
      "transform_matrix": [
        [
          -0.811729,
          -0.177574,
          0.556384,
          0.379913
        ],
        [
          -0.583708,
          0.278495,
          -0.762709,
          3.845699
        ],
        [
          -0.019513,
          -0.943879,
          -0.329714,
          1.498841
        ],
        [
          0.0,
          0.0,
          0.0,
          1.0
        ]
      ]
    },
    {
      "file_path": "/media/NFS/ttao/scannet/posed_images/scene0485_00/00072.jpg",
      "transform_matrix": [
        [
          -0.812303,
          -0.166194,
          0.559056,
          0.388249
        ],
        [
          -0.582813,
          0.267773,
          -0.76722,
          3.84169
        ],
        [
          -0.022193,
          -0.94904,
          -0.314373,
          1.503588
        ],
        [
          0.0,
          0.0,
          0.0,
          1.0
        ]
      ]
    },
    {
      "file_path": "/media/NFS/ttao/scannet/posed_images/scene0485_00/00074.jpg",
      "transform_matrix": [
        [
          -0.814961,
          -0.147647,
          0.560392,
          0.407953
        ],
        [
          -0.578969,
          0.249471,
          -0.776247,
          3.834843
        ],
        [
          -0.025191,
          -0.95706,
          -0.288792,
          1.518353
        ],
        [
          0.0,
          0.0,
          0.0,
          1.0
        ]
      ]
    },
    {
      "file_path": "/media/NFS/ttao/scannet/posed_images/scene0485_00/00075.jpg",
      "transform_matrix": [
        [
          -0.819088,
          -0.137861,
          0.556857,
          0.42112
        ],
        [
          -0.573059,
          0.241377,
          -0.783161,
          3.830699
        ],
        [
          -0.026445,
          -0.960589,
          -0.276711,
          1.531757
        ],
        [
          0.0,
          0.0,
          0.0,
          1.0
        ]
      ]
    },
    {
      "file_path": "/media/NFS/ttao/scannet/posed_images/scene0485_00/00076.jpg",
      "transform_matrix": [
        [
          -0.821513,
          -0.135704,
          0.553806,
          0.430253
        ],
        [
          -0.569791,
          0.231713,
          -0.788447,
          3.826658
        ],
        [
          -0.021328,
          -0.963273,
          -0.267678,
          1.53833
        ],
        [
          0.0,
          0.0,
          0.0,
          1.0
        ]
      ]
    },
    {
      "file_path": "/media/NFS/ttao/scannet/posed_images/scene0485_00/00078.jpg",
      "transform_matrix": [
        [
          -0.827245,
          -0.136749,
          0.544947,
          0.448637
        ],
        [
          -0.561627,
          0.228152,
          -0.795313,
          3.811496
        ],
        [
          -0.015572,
          -0.963974,
          -0.265539,
          1.562942
        ],
        [
          0.0,
          0.0,
          0.0,
          1.0
        ]
      ]
    },
    {
      "file_path": "/media/NFS/ttao/scannet/posed_images/scene0485_00/00079.jpg",
      "transform_matrix": [
        [
          -0.82884,
          -0.135701,
          0.542779,
          0.450537
        ],
        [
          -0.559403,
          0.217627,
          -0.799817,
          3.811626
        ],
        [
          -0.009587,
          -0.966553,
          -0.256289,
          1.553285
        ],
        [
          0.0,
          0.0,
          0.0,
          1.0
        ]
      ]
    },
    {
      "file_path": "/media/NFS/ttao/scannet/posed_images/scene0485_00/00080.jpg",
      "transform_matrix": [
        [
          -0.827796,
          -0.134923,
          0.544565,
          0.451112
        ],
        [
          -0.561022,
          0.204237,
          -0.80221,
          3.808804
        ],
        [
          -0.002984,
          -0.969579,
          -0.244762,
          1.539615
        ],
        [
          0.0,
          0.0,
          0.0,
          1.0
        ]
      ]
    },
    {
      "file_path": "/media/NFS/ttao/scannet/posed_images/scene0485_00/00081.jpg",
      "transform_matrix": [
        [
          -0.828303,
          -0.134514,
          0.543893,
          0.457435
        ],
        [
          -0.560276,
          0.202665,
          -0.80313,
          3.804345
        ],
        [
          -0.002195,
          -0.969965,
          -0.243233,
          1.552832
        ],
        [
          0.0,
          0.0,
          0.0,
          1.0
        ]
      ]
    },
    {
      "file_path": "/media/NFS/ttao/scannet/posed_images/scene0485_00/00083.jpg",
      "transform_matrix": [
        [
          -0.826422,
          -0.133258,
          0.547056,
          0.469358
        ],
        [
          -0.56305,
          0.192647,
          -0.803656,
          3.795513
        ],
        [
          0.001705,
          -0.972178,
          -0.234239,
          1.577214
        ],
        [
          0.0,
          0.0,
          0.0,
          1.0
        ]
      ]
    },
    {
      "file_path": "/media/NFS/ttao/scannet/posed_images/scene0485_00/00084.jpg",
      "transform_matrix": [
        [
          -0.825881,
          -0.130594,
          0.548512,
          0.481239
        ],
        [
          -0.563844,
          0.191064,
          -0.803476,
          3.7942
        ],
        [
          0.000128,
          -0.972852,
          -0.231431,
          1.594358
        ],
        [
          0.0,
          0.0,
          0.0,
          1.0
        ]
      ]
    },
    {
      "file_path": "/media/NFS/ttao/scannet/posed_images/scene0485_00/00086.jpg",
      "transform_matrix": [
        [
          -0.820643,
          -0.109633,
          0.560827,
          0.492909
        ],
        [
          -0.571402,
          0.169042,
          -0.803072,
          3.795605
        ],
        [
          -0.00676,
          -0.979492,
          -0.201368,
          1.604848
        ],
        [
          0.0,
          0.0,
          0.0,
          1.0
        ]
      ]
    },
    {
      "file_path": "/media/NFS/ttao/scannet/posed_images/scene0485_00/00087.jpg",
      "transform_matrix": [
        [
          -0.816438,
          -0.098177,
          0.569026,
          0.49925
        ],
        [
          -0.577336,
          0.156884,
          -0.801293,
          3.793442
        ],
        [
          -0.010603,
          -0.982725,
          -0.184767,
          1.623075
        ],
        [
          0.0,
          0.0,
          0.0,
          1.0
        ]
      ]
    },
    {
      "file_path": "/media/NFS/ttao/scannet/posed_images/scene0485_00/00088.jpg",
      "transform_matrix": [
        [
          -0.812396,
          -0.081779,
          0.577343,
          0.504053
        ],
        [
          -0.582931,
          0.138193,
          -0.800684,
          3.79776
        ],
        [
          -0.014306,
          -0.987023,
          -0.159939,
          1.622988
        ],
        [
          0.0,
          0.0,
          0.0,
          1.0
        ]
      ]
    },
    {
      "file_path": "/media/NFS/ttao/scannet/posed_images/scene0485_00/00089.jpg",
      "transform_matrix": [
        [
          -0.809331,
          -0.070412,
          0.583117,
          0.507813
        ],
        [
          -0.587021,
          0.13029,
          -0.799018,
          3.801098
        ],
        [
          -0.019714,
          -0.988972,
          -0.146782,
          1.622086
        ],
        [
          0.0,
          0.0,
          0.0,
          1.0
        ]
      ]
    },
    {
      "file_path": "/media/NFS/ttao/scannet/posed_images/scene0485_00/00091.jpg",
      "transform_matrix": [
        [
          -0.798054,
          -0.060936,
          0.599497,
          0.512787
        ],
        [
          -0.60184,
          0.130085,
          -0.787951,
          3.800007
        ],
        [
          -0.029971,
          -0.989629,
          -0.140489,
          1.607632
        ],
        [
          0.0,
          0.0,
          0.0,
          1.0
        ]
      ]
    },
    {
      "file_path": "/media/NFS/ttao/scannet/posed_images/scene0485_00/00092.jpg",
      "transform_matrix": [
        [
          -0.791025,
          -0.061522,
          0.608683,
          0.515554
        ],
        [
          -0.610937,
          0.131787,
          -0.780633,
          3.795774
        ],
        [
          -0.03219,
          -0.989367,
          -0.141833,
          1.61411
        ],
        [
          0.0,
          0.0,
          0.0,
          1.0
        ]
      ]
    },
    {
      "file_path": "/media/NFS/ttao/scannet/posed_images/scene0485_00/00093.jpg",
      "transform_matrix": [
        [
          -0.78494,
          -0.053455,
          0.617262,
          0.521115
        ],
        [
          -0.61834,
          0.130402,
          -0.775017,
          3.79546
        ],
        [
          -0.039064,
          -0.990019,
          -0.135411,
          1.619934
        ],
        [
          0.0,
          0.0,
          0.0,
          1.0
        ]
      ]
    },
    {
      "file_path": "/media/NFS/ttao/scannet/posed_images/scene0485_00/00095.jpg",
      "transform_matrix": [
        [
          -0.766501,
          -0.040347,
          0.640975,
          0.526844
        ],
        [
          -0.640389,
          0.123812,
          -0.758006,
          3.794463
        ],
        [
          -0.048777,
          -0.991485,
          -0.12074,
          1.630948
        ],
        [
          0.0,
          0.0,
          0.0,
          1.0
        ]
      ]
    },
    {
      "file_path": "/media/NFS/ttao/scannet/posed_images/scene0485_00/00096.jpg",
      "transform_matrix": [
        [
          -0.75826,
          -0.033788,
          0.651076,
          0.526346
        ],
        [
          -0.649484,
          0.125969,
          -0.749868,
          3.793826
        ],
        [
          -0.056679,
          -0.991459,
          -0.117462,
          1.644006
        ],
        [
          0.0,
          0.0,
          0.0,
          1.0
        ]
      ]
    },
    {
      "file_path": "/media/NFS/ttao/scannet/posed_images/scene0485_00/00098.jpg",
      "transform_matrix": [
        [
          -0.726352,
          -0.051001,
          0.685429,
          0.48723
        ],
        [
          -0.686376,
          0.106177,
          -0.719455,
          3.770969
        ],
        [
          -0.036084,
          -0.993038,
          -0.112128,
          1.651055
        ],
        [
          0.0,
          0.0,
          0.0,
          1.0
        ]
      ]
    },
    {
      "file_path": "/media/NFS/ttao/scannet/posed_images/scene0485_00/00099.jpg",
      "transform_matrix": [
        [
          -0.707009,
          -0.054882,
          0.705073,
          0.458304
        ],
        [
          -0.706659,
          0.093988,
          -0.701284,
          3.758109
        ],
        [
          -0.027781,
          -0.99406,
          -0.105233,
          1.645834
        ],
        [
          0.0,
          0.0,
          0.0,
          1.0
        ]
      ]
    },
    {
      "file_path": "/media/NFS/ttao/scannet/posed_images/scene0485_00/00100.jpg",
      "transform_matrix": [
        [
          -Infinity,
          -Infinity,
          -Infinity,
          -Infinity
        ],
        [
          -Infinity,
          -Infinity,
          -Infinity,
          -Infinity
        ],
        [
          -Infinity,
          -Infinity,
          -Infinity,
          -Infinity
        ],
        [
          -Infinity,
          -Infinity,
          -Infinity,
          -Infinity
        ]
      ]
    },
    {
      "file_path": "/media/NFS/ttao/scannet/posed_images/scene0485_00/00101.jpg",
      "transform_matrix": [
        [
          -Infinity,
          -Infinity,
          -Infinity,
          -Infinity
        ],
