{
  "frames": [
    {
      "file_path": "/media/NFS/ttao/scannet/posed_images/scene0539_02/00007.jpg",
      "transform_matrix": [
        [
          -0.737882,
          0.041379,
          0.673661,
          1.322827
        ],
        [
          -0.674913,
          -0.052358,
          -0.736038,
          1.373435
        ],
        [
          0.004815,
          -0.997771,
          0.066561,
          1.507498
        ],
        [
          0.0,
          0.0,
          0.0,
          1.0
        ]
      ]
    },
    {
      "file_path": "/media/NFS/ttao/scannet/posed_images/scene0539_02/00011.jpg",
      "transform_matrix": [
        [
          -0.716941,
          0.016363,
          0.696942,
          1.28794
        ],
        [
          -0.696771,
          -0.049063,
          -0.715613,
          1.348858
        ],
        [
          0.022484,
          -0.998662,
          0.046576,
          1.53531
        ],
        [
          0.0,
          0.0,
          0.0,
          1.0
        ]
      ]
    },
    {
      "file_path": "/media/NFS/ttao/scannet/posed_images/scene0539_02/00021.jpg",
      "transform_matrix": [
        [
          -0.706761,
          -0.030269,
          0.706805,
          1.299465
        ],
        [
          -0.706944,
          -0.007649,
          -0.707228,
          1.334463
        ],
        [
          0.026814,
          -0.999513,
          -0.015993,
          1.511047
        ],
        [
          0.0,
          0.0,
          0.0,
          1.0
        ]
      ]
    },
    {
      "file_path": "/media/NFS/ttao/scannet/posed_images/scene0539_02/00035.jpg",
      "transform_matrix": [
        [
          -0.684573,
          -0.074212,
          0.725157,
          1.299269
        ],
        [
          -0.728585,
          0.038439,
          -0.683876,
          1.32715
        ],
        [
          0.022877,
          -0.996501,
          -0.080384,
          1.487906
        ],
        [
          0.0,
          0.0,
          0.0,
          1.0
        ]
      ]
    },
    {
      "file_path": "/media/NFS/ttao/scannet/posed_images/scene0539_02/00046.jpg",
      "transform_matrix": [
        [
          -0.687826,
          -0.149314,
          0.710353,
          1.313489
        ],
        [
          -0.725145,
          0.09742,
          -0.68167,
          1.310084
        ],
        [
          0.03258,
          -0.983979,
          -0.175282,
          1.449052
        ],
        [
          0.0,
          0.0,
          0.0,
          1.0
        ]
      ]
    },
    {
      "file_path": "/media/NFS/ttao/scannet/posed_images/scene0539_02/00057.jpg",
      "transform_matrix": [
        [
          -0.689649,
          -0.223265,
          0.688867,
          1.325039
        ],
        [
          -0.722568,
          0.149436,
          -0.674955,
          1.294191
        ],
        [
          0.047753,
          -0.963235,
          -0.264383,
          1.411938
        ],
        [
          0.0,
          0.0,
          0.0,
          1.0
        ]
      ]
    },
    {
      "file_path": "/media/NFS/ttao/scannet/posed_images/scene0539_02/00074.jpg",
      "transform_matrix": [
        [
          -0.660078,
          -0.318446,
          0.680359,
          1.334423
        ],
        [
          -0.750008,
          0.228439,
          -0.620728,
          1.285569
        ],
        [
          0.042248,
          -0.920004,
          -0.389625,
          1.348617
        ],
        [
          0.0,
          0.0,
          0.0,
          1.0
        ]
      ]
    },
    {
      "file_path": "/media/NFS/ttao/scannet/posed_images/scene0539_02/00081.jpg",
      "transform_matrix": [
        [
          -0.657644,
          -0.353591,
          0.66519,
          1.329754
        ],
        [
          -0.752322,
          0.262629,
          -0.604184,
          1.285016
        ],
        [
          0.038936,
          -0.897775,
          -0.438731,
          1.321358
        ],
        [
          0.0,
          0.0,
          0.0,
          1.0
        ]
      ]
    },
    {
      "file_path": "/media/NFS/ttao/scannet/posed_images/scene0539_02/00092.jpg",
      "transform_matrix": [
        [
          -0.667423,
          -0.40903,
          0.622286,
          1.328255
        ],
        [
          -0.743674,
          0.322701,
          -0.585503,
          1.298589
        ],
        [
          0.038676,
          -0.853556,
          -0.519563,
          1.274652
        ],
        [
          0.0,
          0.0,
          0.0,
          1.0
        ]
      ]
    },
    {
      "file_path": "/media/NFS/ttao/scannet/posed_images/scene0539_02/00113.jpg",
      "transform_matrix": [
        [
          -0.668926,
          -0.455332,
          0.587547,
          1.309241
        ],
        [
          -0.742472,
          0.447243,
          -0.498708,
          1.303173
        ],
        [
          -0.035699,
          -0.769836,
          -0.637243,
          1.199538
        ],
        [
          0.0,
          0.0,
          0.0,
          1.0
        ]
      ]
    },
    {
      "file_path": "/media/NFS/ttao/scannet/posed_images/scene0539_02/00124.jpg",
      "transform_matrix": [
        [
          -0.610826,
          -0.471519,
          0.636051,
          1.257496
        ],
        [
          -0.791087,
          0.396688,
          -0.46564,
          1.232258
        ],
        [
          -0.032756,
          -0.787597,
          -0.61532,
          1.203243
        ],
        [
          0.0,
          0.0,
          0.0,
          1.0
        ]
      ]
    },
    {
      "file_path": "/media/NFS/ttao/scannet/posed_images/scene0539_02/00127.jpg",
      "transform_matrix": [
        [
          -0.567298,
          -0.493016,
          0.659627,
          1.236686
        ],
        [
          -0.823316,
          0.357064,
          -0.441199,
          1.192649
        ],
        [
          -0.018011,
          -0.793373,
          -0.60847,
          1.204706
        ],
        [
          0.0,
          0.0,
          0.0,
          1.0
        ]
      ]
    },
    {
      "file_path": "/media/NFS/ttao/scannet/posed_images/scene0539_02/00141.jpg",
      "transform_matrix": [
        [
          -0.384202,
          -0.521043,
          0.76217,
          1.182121
        ],
        [
          -0.922913,
          0.194482,
          -0.332277,
          1.074285
        ],
        [
          0.024902,
          -0.831078,
          -0.555598,
          1.239272
        ],
        [
          0.0,
          0.0,
          0.0,
          1.0
        ]
      ]
    },
    {
      "file_path": "/media/NFS/ttao/scannet/posed_images/scene0539_02/00159.jpg",
      "transform_matrix": [
        [
          -0.318919,
          -0.42228,
          0.848511,
          1.177939
        ],
        [
          -0.944767,
          0.070291,
          -0.320116,
          1.167434
        ],
        [
          0.075536,
          -0.903736,
          -0.421374,
          1.313639
        ],
        [
          0.0,
          0.0,
          0.0,
          1.0
        ]
      ]
    },
    {
      "file_path": "/media/NFS/ttao/scannet/posed_images/scene0539_02/00170.jpg",
      "transform_matrix": [
        [
          -0.309029,
          -0.399735,
          0.862967,
          1.177765
        ],
        [
          -0.947774,
          0.054157,
          -0.314312,
          1.240824
        ],
        [
          0.078906,
          -0.91503,
          -0.395594,
          1.326908
        ],
        [
          0.0,
          0.0,
          0.0,
          1.0
        ]
      ]
    },
    {
      "file_path": "/media/NFS/ttao/scannet/posed_images/scene0539_02/00177.jpg",
      "transform_matrix": [
        [
          -0.350343,
          -0.365809,
          0.862231,
          1.176019
        ],
        [
          -0.935522,
          0.092088,
          -0.341054,
          1.272574
        ],
        [
          0.045359,
          -0.926123,
          -0.374485,
          1.339368
        ],
        [
          0.0,
          0.0,
          0.0,
          1.0
        ]
      ]
    },
    {
      "file_path": "/media/NFS/ttao/scannet/posed_images/scene0539_02/00194.jpg",
      "transform_matrix": [
        [
          -0.462758,
          -0.276602,
          0.842227,
          1.169271
        ],
        [
          -0.88636,
          0.160304,
          -0.43436,
          1.327715
        ],
        [
          -0.014868,
          -0.94752,
          -0.319351,
          1.368317
        ],
        [
          0.0,
          0.0,
          0.0,
          1.0
        ]
      ]
    },
    {
      "file_path": "/media/NFS/ttao/scannet/posed_images/scene0539_02/00201.jpg",
      "transform_matrix": [
        [
          -0.47936,
          -0.258572,
          0.838662,
          1.167718
        ],
        [
          -0.877274,
          0.167948,
          -0.449649,
          1.334346
        ],
        [
          -0.024585,
          -0.95128,
          -0.307347,
          1.372513
        ],
        [
          0.0,
          0.0,
          0.0,
          1.0
        ]
      ]
    },
    {
      "file_path": "/media/NFS/ttao/scannet/posed_images/scene0539_02/00208.jpg",
      "transform_matrix": [
        [
          -0.467642,
          -0.285035,
          0.836699,
          1.172311
        ],
        [
          -0.883741,
          0.169683,
          -0.43613,
          1.341657
        ],
        [
          -0.017662,
          -0.943379,
          -0.331248,
          1.361521
        ],
        [
          0.0,
          0.0,
          0.0,
          1.0
        ]
      ]
    },
    {
      "file_path": "/media/NFS/ttao/scannet/posed_images/scene0539_02/00230.jpg",
      "transform_matrix": [
        [
          -0.443663,
          -0.404609,
          0.799659,
          1.209526
        ],
        [
          -0.894511,
          0.145277,
          -0.422781,
          1.353829
        ],
        [
          0.054889,
          -0.902877,
          -0.426381,
          1.325208
        ],
        [
          0.0,
          0.0,
          0.0,
          1.0
        ]
      ]
    },
    {
      "file_path": "/media/NFS/ttao/scannet/posed_images/scene0539_02/00240.jpg",
      "transform_matrix": [
        [
          -0.315765,
          -0.472634,
          0.822745,
          1.272508
        ],
        [
          -0.947372,
          0.108876,
          -0.301051,
          1.340151
        ],
        [
          0.052709,
          -0.874507,
          -0.48214,
          1.302796
        ],
        [
          0.0,
          0.0,
          0.0,
          1.0
        ]
      ]
    },
    {
      "file_path": "/media/NFS/ttao/scannet/posed_images/scene0539_02/00254.jpg",
      "transform_matrix": [
        [
          -0.159657,
          -0.469874,
          0.868175,
          1.406996
        ],
        [
          -0.986651,
          0.047384,
          -0.1558,
          1.257252
        ],
        [
          0.032068,
          -0.881461,
          -0.471167,
          1.322298
        ],
        [
          0.0,
          0.0,
          0.0,
          1.0
        ]
      ]
    },
    {
      "file_path": "/media/NFS/ttao/scannet/posed_images/scene0539_02/00261.jpg",
      "transform_matrix": [
        [
          -0.111191,
          -0.501593,
          0.857928,
          1.461314
        ],
        [
          -0.9934,
          0.031638,
          -0.110251,
          1.231961
        ],
        [
          0.028158,
          -0.864525,
          -0.501801,
          1.314532
        ],
        [
          0.0,
          0.0,
          0.0,
          1.0
        ]
      ]
    },
    {
      "file_path": "/media/NFS/ttao/scannet/posed_images/scene0539_02/00276.jpg",
      "transform_matrix": [
        [
          -0.150456,
          -0.519566,
          0.841079,
          1.434077
        ],
        [
          -0.987616,
          0.04071,
          -0.151521,
          1.239641
        ],
        [
          0.044485,
          -0.85346,
          -0.519256,
          1.310296
        ],
        [
          0.0,
          0.0,
          0.0,
          1.0
        ]
      ]
    },
    {
      "file_path": "/media/NFS/ttao/scannet/posed_images/scene0539_02/00279.jpg",
      "transform_matrix": [
        [
          -0.190306,
          -0.508856,
          0.839553,
          1.415832
        ],
        [
          -0.980412,
          0.054288,
          -0.189331,
          1.250624
        ],
        [
          0.050764,
          -0.859138,
          -0.509219,
          1.316884
        ],
        [
          0.0,
          0.0,
          0.0,
          1.0
        ]
      ]
    },
    {
      "file_path": "/media/NFS/ttao/scannet/posed_images/scene0539_02/00300.jpg",
      "transform_matrix": [
        [
          -0.541569,
          -0.224142,
          0.810225,
          1.22908
        ],
        [
          -0.840458,
          0.123413,
          -0.527636,
          1.371971
        ],
        [
          0.018273,
          -0.966711,
          -0.255219,
          1.417174
        ],
        [
          0.0,
          0.0,
          0.0,
          1.0
        ]
      ]
    },
    {
      "file_path": "/media/NFS/ttao/scannet/posed_images/scene0539_02/00307.jpg",
      "transform_matrix": [
        [
          -0.562756,
          -0.17506,
          0.807874,
          1.20143
        ],
        [
          -0.82654,
          0.105274,
          -0.552946,
          1.389819
        ],
        [
          0.011751,
          -0.978914,
          -0.203937,
          1.440964
        ],
        [
          0.0,
          0.0,
          0.0,
          1.0
        ]
      ]
    },
    {
      "file_path": "/media/NFS/ttao/scannet/posed_images/scene0539_02/00318.jpg",
      "transform_matrix": [
        [
          -0.509351,
          -0.081409,
          0.8567,
          1.159977
        ],
        [
          -0.86025,
          0.074872,
          -0.504346,
          1.404958
        ],
        [
          -0.023085,
          -0.993865,
          -0.108168,
          1.477561
        ],
        [
          0.0,
          0.0,
          0.0,
          1.0
        ]
      ]
    },
    {
      "file_path": "/media/NFS/ttao/scannet/posed_images/scene0539_02/00336.jpg",
      "transform_matrix": [
        [
          -0.419146,
          0.016006,
          0.907778,
          1.122188
        ],
        [
          -0.907849,
          -0.019851,
          -0.418828,
          1.415326
        ],
        [
          0.011317,
          -0.999675,
          0.022851,
          1.505703
        ],
        [
          0.0,
          0.0,
          0.0,
          1.0
        ]
      ]
    },
    {
      "file_path": "/media/NFS/ttao/scannet/posed_images/scene0539_02/00339.jpg",
      "transform_matrix": [
        [
          -0.413279,
          0.029056,
          0.910141,
          1.116705
        ],
        [
          -0.910518,
          -0.026981,
          -0.412589,
          1.415433
        ],
        [
          0.012568,
          -0.999214,
          0.037607,
          1.512923
        ],
        [
          0.0,
          0.0,
          0.0,
          1.0
        ]
      ]
    },
    {
      "file_path": "/media/NFS/ttao/scannet/posed_images/scene0539_02/00360.jpg",
      "transform_matrix": [
        [
          -0.339433,
          0.108043,
          0.934405,
          1.088622
        ],
        [
          -0.940528,
          -0.053646,
          -0.335454,
          1.428452
        ],
        [
          0.013883,
          -0.992698,
          0.119827,
          1.53511
        ],
        [
          0.0,
          0.0,
          0.0,
          1.0
        ]
      ]
    },
    {
      "file_path": "/media/NFS/ttao/scannet/posed_images/scene0539_02/00364.jpg",
      "transform_matrix": [
        [
          -0.330785,
          0.110525,
          0.937212,
          1.08864
        ],
        [
          -0.943692,
          -0.044248,
          -0.327854,
          1.431303
        ],
        [
          0.005234,
          -0.992888,
          0.118938,
          1.53706
        ],
        [
          0.0,
          0.0,
          0.0,
          1.0
        ]
      ]
    },
    {
      "file_path": "/media/NFS/ttao/scannet/posed_images/scene0539_02/00382.jpg",
      "transform_matrix": [
        [
          -0.250568,
          0.032967,
          0.967537,
          1.093954
        ],
        [
          -0.968045,
          -0.019137,
          -0.250047,
          1.431476
        ],
        [
          0.010272,
          -0.999273,
          0.036709,
          1.495139
        ],
        [
          0.0,
          0.0,
          0.0,
          1.0
        ]
      ]
    },
    {
      "file_path": "/media/NFS/ttao/scannet/posed_images/scene0539_02/00392.jpg",
      "transform_matrix": [
        [
          -0.280154,
          -0.030127,
          0.959482,
          1.102351
        ],
        [
          -0.959949,
          0.012408,
          -0.2799,
          1.425933
        ],
        [
          -0.003473,
          -0.999469,
          -0.032397,
          1.474149
        ],
        [
          0.0,
          0.0,
          0.0,
          1.0
        ]
      ]
    },
    {
      "file_path": "/media/NFS/ttao/scannet/posed_images/scene0539_02/00403.jpg",
      "transform_matrix": [
        [
          -0.308643,
          -0.064725,
          0.948973,
          1.105203
        ],
        [
          -0.9511,
          0.033793,
          -0.30703,
          1.419393
        ],
        [
          -0.012196,
          -0.997331,
          -0.07199,
          1.457729
        ],
        [
          0.0,
          0.0,
          0.0,
          1.0
        ]
      ]
    },
    {
      "file_path": "/media/NFS/ttao/scannet/posed_images/scene0539_02/00417.jpg",
      "transform_matrix": [
        [
          -0.336184,
          -0.189269,
          0.922582,
          1.128046
        ],
        [
          -0.941795,
          0.065643,
          -0.329718,
          1.410824
        ],
        [
          0.001845,
          -0.979729,
          -0.200321,
          1.40609
        ],
        [
          0.0,
          0.0,
          0.0,
          1.0
        ]
      ]
    },
    {
      "file_path": "/media/NFS/ttao/scannet/posed_images/scene0539_02/00427.jpg",
      "transform_matrix": [
        [
          -0.315139,
          -0.315814,
          0.894957,
          1.151259
        ],
        [
          -0.94874,
          0.080919,
          -0.305523,
          1.399621
        ],
        [
          0.02407,
          -0.945364,
          -0.325126,
          1.364269
        ],
        [
          0.0,
          0.0,
          0.0,
          1.0
        ]
      ]
    },
    {
      "file_path": "/media/NFS/ttao/scannet/posed_images/scene0539_02/00435.jpg",
      "transform_matrix": [
        [
          -0.328709,
          -0.400904,
          0.855118,
          1.169605
        ],
        [
          -0.943972,
          0.111245,
          -0.31071,
          1.393458
        ],
        [
          0.029438,
          -0.909341,
          -0.41501,
          1.321278
        ],
        [
          0.0,
          0.0,
          0.0,
          1.0
        ]
      ]
    },
    {
      "file_path": "/media/NFS/ttao/scannet/posed_images/scene0539_02/00452.jpg",
      "transform_matrix": [
        [
          -0.241209,
          -0.536927,
          0.80841,
          1.154935
        ],
        [
          -0.970248,
          0.115489,
          -0.212792,
          1.33439
        ],
        [
          0.020891,
          -0.835686,
          -0.54881,
          1.240132
        ],
        [
          0.0,
          0.0,
          0.0,
          1.0
        ]
      ]
    },
    {
      "file_path": "/media/NFS/ttao/scannet/posed_images/scene0539_02/00456.jpg",
      "transform_matrix": [
        [
          -0.183733,
          -0.559379,
          0.808293,
          1.131781
        ],
        [
          -0.982436,
          0.077241,
          -0.169863,
          1.299442
        ],
        [
          0.032584,
          -0.825305,
          -0.563746,
          1.231055
        ],
        [
          0.0,
          0.0,
          0.0,
          1.0
        ]
      ]
    },
    {
      "file_path": "/media/NFS/ttao/scannet/posed_images/scene0539_02/00470.jpg",
      "transform_matrix": [
        [
          -0.092781,
          -0.659566,
          0.745899,
          1.098591
        ],
        [
          -0.995571,
          0.050016,
          -0.07961,
          1.24182
        ],
        [
          0.015201,
          -0.749981,
          -0.661285,
          1.204037
        ],
        [
          0.0,
          0.0,
          0.0,
          1.0
        ]
      ]
    },
    {
      "file_path": "/media/NFS/ttao/scannet/posed_images/scene0539_02/00480.jpg",
      "transform_matrix": [
        [
          -0.088163,
          -0.732428,
          0.675112,
          1.096589
        ],
        [
          -0.995809,
          0.081364,
          -0.041771,
          1.209247
        ],
        [
          -0.024336,
          -0.675965,
          -0.736532,
          1.198902
        ],
        [
          0.0,
          0.0,
          0.0,
          1.0
        ]
      ]
    },
    {
      "file_path": "/media/NFS/ttao/scannet/posed_images/scene0539_02/00498.jpg",
      "transform_matrix": [
        [
          0.066792,
          -0.785935,
          0.614691,
          1.11447
        ],
        [
          -0.997314,
          -0.034028,
          0.06486,
          1.087203
        ],
        [
          -0.030059,
          -0.617372,
          -0.786097,
          1.218462
        ],
        [
          0.0,
          0.0,
          0.0,
          1.0
        ]
      ]
    },
    {
      "file_path": "/media/NFS/ttao/scannet/posed_images/scene0539_02/00505.jpg",
      "transform_matrix": [
        [
          0.148297,
          -0.785289,
          0.601107,
          1.109409
        ],
        [
          -0.988031,
          -0.091557,
          0.124144,
          1.028857
        ],
        [
          -0.042453,
          -0.612322,
          -0.789468,
          1.218939
        ],
        [
          0.0,
          0.0,
          0.0,
          1.0
        ]
      ]
    },
    {
      "file_path": "/media/NFS/ttao/scannet/posed_images/scene0539_02/00519.jpg",
      "transform_matrix": [
        [
          0.378067,
          -0.711415,
          0.592414,
          1.065427
        ],
        [
          -0.925646,
          -0.279653,
          0.254901,
          0.850167
        ],
        [
          -0.01567,
          -0.644735,
          -0.764245,
          1.226266
        ],
        [
          0.0,
          0.0,
          0.0,
          1.0
        ]
      ]
    },
    {
      "file_path": "/media/NFS/ttao/scannet/posed_images/scene0539_02/00537.jpg",
      "transform_matrix": [
        [
          0.459521,
          -0.637768,
          0.618137,
          1.032271
        ],
        [
          -0.887477,
          -0.357137,
          0.291269,
          0.802877
        ],
        [
          0.034997,
          -0.682426,
          -0.730116,
          1.215637
        ],
        [
          0.0,
          0.0,
          0.0,
          1.0
        ]
      ]
    },
    {
      "file_path": "/media/NFS/ttao/scannet/posed_images/scene0539_02/00544.jpg",
      "transform_matrix": [
        [
          0.464705,
          -0.641189,
          0.610678,
          1.00929
        ],
        [
          -0.88474,
          -0.364157,
          0.290905,
          0.811634
        ],
        [
          0.035857,
          -0.675475,
          -0.73651,
          1.211829
        ],
        [
          0.0,
          0.0,
          0.0,
          1.0
        ]
      ]
    },
    {
      "file_path": "/media/NFS/ttao/scannet/posed_images/scene0539_02/00558.jpg",
      "transform_matrix": [
        [
          0.593765,
          -0.603313,
          0.532407,
          1.021113
        ],
        [
          -0.804568,
          -0.453894,
          0.382949,
          0.769535
        ],
        [
          0.010618,
          -0.655739,
          -0.754913,
          1.202811
        ],
        [
          0.0,
          0.0,
          0.0,
          1.0
        ]
      ]
    },
    {
      "file_path": "/media/NFS/ttao/scannet/posed_images/scene0539_02/00562.jpg",
      "transform_matrix": [
        [
          0.636202,
          -0.559549,
          0.53118,
          1.030784
        ],
        [
          -0.770958,
          -0.487408,
          0.409948,
          0.741286
        ],
        [
          0.029515,
          -0.670327,
          -0.741478,
          1.206368
        ],
        [
          0.0,
          0.0,
          0.0,
          1.0
        ]
      ]
    },
    {
      "file_path": "/media/NFS/ttao/scannet/posed_images/scene0539_02/00583.jpg",
      "transform_matrix": [
        [
          0.690037,
          -0.452507,
          0.564878,
          1.044982
        ],
        [
          -0.723774,
          -0.430485,
          0.539291,
          0.703483
        ],
        [
          -0.000861,
          -0.780974,
          -0.624563,
          1.265816
        ],
        [
          0.0,
          0.0,
          0.0,
          1.0
        ]
      ]
    },
    {
      "file_path": "/media/NFS/ttao/scannet/posed_images/scene0539_02/00594.jpg",
      "transform_matrix": [
        [
          0.694627,
          -0.379849,
          0.610908,
          1.030551
        ],
        [
          -0.719368,
          -0.364826,
          0.59111,
          0.713623
        ],
        [
          -0.001658,
          -0.850069,
          -0.52667,
          1.307672
        ],
        [
          0.0,
          0.0,
          0.0,
          1.0
        ]
      ]
    },
    {
      "file_path": "/media/NFS/ttao/scannet/posed_images/scene0539_02/00601.jpg",
      "transform_matrix": [
        [
          0.685382,
          -0.371784,
          0.626122,
          1.037074
        ],
        [
          -0.728126,
          -0.33909,
          0.595693,
          0.722149
        ],
        [
          -0.009157,
          -0.864173,
          -0.503112,
          1.326355
        ],
        [
          0.0,
          0.0,
          0.0,
          1.0
        ]
      ]
    },
    {
      "file_path": "/media/NFS/ttao/scannet/posed_images/scene0539_02/00618.jpg",
      "transform_matrix": [
        [
          0.720041,
          -0.354939,
          0.596288,
          1.074093
        ],
        [
          -0.692523,
          -0.312821,
          0.650043,
          0.719338
        ],
        [
          -0.044194,
          -0.881,
          -0.471047,
          1.340482
        ],
        [
          0.0,
          0.0,
          0.0,
          1.0
        ]
      ]
    },
    {
      "file_path": "/media/NFS/ttao/scannet/posed_images/scene0539_02/00622.jpg",
      "transform_matrix": [
        [
          0.733701,
          -0.358736,
          0.577054,
          1.082457
        ],
        [
          -0.677549,
          -0.322413,
          0.661043,
          0.719414
        ],
        [
          -0.051091,
          -0.87599,
          -0.479616,
          1.341522
        ],
        [
          0.0,
          0.0,
          0.0,
          1.0
        ]
      ]
    },
    {
      "file_path": "/media/NFS/ttao/scannet/posed_images/scene0539_02/00643.jpg",
      "transform_matrix": [
        [
          0.870677,
          -0.21703,
          0.441383,
          1.011073
        ],
        [
          -0.490962,
          -0.32945,
          0.806486,
          0.730312
        ],
        [
          -0.029618,
          -0.918891,
          -0.393398,
          1.373797
        ],
        [
          0.0,
          0.0,
          0.0,
          1.0
        ]
      ]
    },
    {
      "file_path": "/media/NFS/ttao/scannet/posed_images/scene0539_02/00654.jpg",
      "transform_matrix": [
        [
          0.888825,
          -0.186203,
          0.41871,
          0.999501
        ],
        [
          -0.457839,
          -0.322317,
          0.82855,
          0.734169
        ],
        [
          -0.019322,
          -0.928138,
          -0.371734,
          1.388346
        ],
        [
          0.0,
          0.0,
          0.0,
          1.0
        ]
      ]
    },
    {
      "file_path": "/media/NFS/ttao/scannet/posed_images/scene0539_02/00664.jpg",
      "transform_matrix": [
        [
          0.891084,
          -0.140769,
          0.431455,
          1.000328
        ],
        [
          -0.453786,
          -0.290871,
          0.842302,
          0.733112
        ],
        [
          0.006928,
          -0.94635,
          -0.32307,
          1.408185
        ],
        [
          0.0,
          0.0,
          0.0,
          1.0
        ]
      ]
    },
    {
      "file_path": "/media/NFS/ttao/scannet/posed_images/scene0539_02/00668.jpg",
      "transform_matrix": [
        [
          0.896316,
          -0.135554,
          0.422188,
          1.00242
        ],
        [
          -0.443361,
          -0.288955,
          0.848491,
          0.728973
        ],
        [
          0.006977,
          -0.947697,
          -0.319094,
          1.399277
        ],
        [
          0.0,
          0.0,
          0.0,
          1.0
        ]
      ]
    },
    {
      "file_path": "/media/NFS/ttao/scannet/posed_images/scene0539_02/00685.jpg",
      "transform_matrix": [
        [
          0.9044,
          -0.202798,
          0.375411,
          1.017005
        ],
        [
          -0.425957,
          -0.480488,
          0.766611,
          0.724066
        ],
        [
          0.024914,
          -0.853232,
          -0.520936,
          1.291279
        ],
        [
          0.0,
          0.0,
          0.0,
          1.0
        ]
      ]
    },
    {
      "file_path": "/media/NFS/ttao/scannet/posed_images/scene0539_02/00692.jpg",
      "transform_matrix": [
        [
          0.910159,
          -0.206376,
          0.359194,
          1.007617
        ],
        [
          -0.412295,
          -0.535627,
          0.736965,
          0.718546
        ],
        [
          0.040301,
          -0.818849,
          -0.572593,
          1.26004
        ],
        [
          0.0,
          0.0,
          0.0,
          1.0
        ]
      ]
    },
    {
      "file_path": "/media/NFS/ttao/scannet/posed_images/scene0539_02/00703.jpg",
      "transform_matrix": [
        [
          0.897726,
          -0.255005,
          0.35925,
          1.006893
        ],
        [
          -0.438663,
          -0.592875,
          0.675332,
          0.713682
        ],
        [
          0.040777,
          -0.763853,
          -0.644101,
          1.221126
        ],
        [
          0.0,
          0.0,
          0.0,
          1.0
        ]
      ]
    },
    {
      "file_path": "/media/NFS/ttao/scannet/posed_images/scene0539_02/00724.jpg",
      "transform_matrix": [
        [
          0.869745,
          -0.370267,
          0.32626,
          1.001285
        ],
        [
          -0.492554,
          -0.692244,
          0.527437,
          0.714426
        ],
        [
          0.030559,
          -0.619436,
          -0.784452,
          1.165277
        ],
        [
          0.0,
          0.0,
          0.0,
          1.0
        ]
      ]
    },
    {
      "file_path": "/media/NFS/ttao/scannet/posed_images/scene0539_02/00735.jpg",
      "transform_matrix": [
        [
          0.879892,
          -0.367544,
          0.301168,
          0.983456
        ],
        [
          -0.474798,
          -0.705293,
          0.52643,
          0.723617
        ],
        [
          0.018925,
          -0.606195,
          -0.795091,
          1.172522
        ],
        [
          0.0,
          0.0,
          0.0,
          1.0
        ]
      ]
    },
    {
      "file_path": "/media/NFS/ttao/scannet/posed_images/scene0539_02/00738.jpg",
      "transform_matrix": [
        [
          0.88681,
          -0.35692,
          0.293559,
          0.975655
        ],
        [
          -0.461883,
          -0.705479,
          0.537553,
          0.726963
        ],
        [
          0.015236,
          -0.612298,
          -0.790481,
          1.176591
        ],
        [
          0.0,
          0.0,
          0.0,
          1.0
        ]
      ]
    },
    {
      "file_path": "/media/NFS/ttao/scannet/posed_images/scene0539_02/00753.jpg",
      "transform_matrix": [
        [
          0.93449,
          -0.287634,
          0.20975,
          0.925457
        ],
        [
          -0.355121,
          -0.712092,
          0.605652,
          0.740004
        ],
        [
          -0.024844,
          -0.640462,
          -0.767588,
          1.190323
        ],
        [
          0.0,
          0.0,
          0.0,
          1.0
        ]
      ]
    },
    {
      "file_path": "/media/NFS/ttao/scannet/posed_images/scene0539_02/00767.jpg",
      "transform_matrix": [
        [
          0.943061,
          -0.234574,
          0.235818,
          0.886312
        ],
        [
          -0.332616,
          -0.668092,
          0.665598,
          0.754961
        ],
        [
          0.001416,
          -0.706136,
          -0.708075,
          1.216305
        ],
        [
          0.0,
          0.0,
          0.0,
          1.0
        ]
      ]
    },
    {
      "file_path": "/media/NFS/ttao/scannet/posed_images/scene0539_02/00781.jpg",
      "transform_matrix": [
        [
          0.94637,
          -0.217636,
          0.238785,
          0.840344
        ],
        [
          -0.323061,
          -0.628554,
          0.707497,
          0.784735
        ],
        [
          -0.003888,
          -0.746696,
          -0.665154,
          1.236422
        ],
        [
          0.0,
          0.0,
          0.0,
          1.0
        ]
      ]
    },
    {
      "file_path": "/media/NFS/ttao/scannet/posed_images/scene0539_02/00788.jpg",
      "transform_matrix": [
        [
          0.948905,
          -0.220236,
          0.225999,
          0.823536
        ],
        [
          -0.31508,
          -0.621695,
          0.717091,
          0.807842
        ],
        [
          -0.017427,
          -0.751659,
          -0.659322,
          1.239284
        ],
        [
          0.0,
          0.0,
          0.0,
          1.0
        ]
      ]
    },
    {
      "file_path": "/media/NFS/ttao/scannet/posed_images/scene0539_02/00798.jpg",
      "transform_matrix": [
        [
          0.959408,
          -0.200892,
          0.197939,
          0.838895
        ],
        [
          -0.280255,
          -0.600651,
          0.748783,
          0.869514
        ],
        [
          -0.031532,
          -0.773861,
          -0.63257,
          1.236503
        ],
        [
          0.0,
          0.0,
          0.0,
          1.0
        ]
      ]
    },
    {
      "file_path": "/media/NFS/ttao/scannet/posed_images/scene0539_02/00809.jpg",
      "transform_matrix": [
        [
          0.964067,
          -0.196408,
          0.178884,
          0.891414
        ],
        [
          -0.262473,
          -0.6002,
          0.755558,
          0.970921
        ],
        [
          -0.041032,
          -0.775361,
          -0.630184,
          1.241853
        ],
        [
          0.0,
          0.0,
          0.0,
          1.0
        ]
      ]
    },
    {
      "file_path": "/media/NFS/ttao/scannet/posed_images/scene0539_02/00830.jpg",
      "transform_matrix": [
        [
          0.894351,
          -0.260444,
          0.363739,
          0.882715
        ],
        [
          -0.446883,
          -0.48228,
          0.75346,
          1.091007
        ],
        [
          -0.020809,
          -0.836406,
          -0.547715,
          1.300778
        ],
        [
          0.0,
          0.0,
          0.0,
          1.0
        ]
      ]
    },
    {
      "file_path": "/media/NFS/ttao/scannet/posed_images/scene0539_02/00834.jpg",
      "transform_matrix": [
        [
          0.877713,
          -0.267702,
          0.397436,
          0.860122
        ],
        [
          -0.47874,
          -0.45411,
          0.751394,
          1.102226
        ],
        [
          -0.020669,
          -0.849777,
          -0.526738,
          1.313059
        ],
        [
          0.0,
          0.0,
          0.0,
          1.0
        ]
      ]
    },
    {
      "file_path": "/media/NFS/ttao/scannet/posed_images/scene0539_02/00851.jpg",
      "transform_matrix": [
        [
          0.889793,
          -0.251966,
          0.380502,
          0.823638
        ],
        [
          -0.455504,
          -0.439142,
          0.774384,
          1.084884
        ],
        [
          -0.028024,
          -0.862361,
          -0.505517,
          1.324848
        ],
        [
          0.0,
          0.0,
          0.0,
          1.0
        ]
      ]
    },
    {
      "file_path": "/media/NFS/ttao/scannet/posed_images/scene0539_02/00859.jpg",
      "transform_matrix": [
        [
          0.896826,
          -0.197094,
          0.396051,
          0.812917
        ],
        [
          -0.442309,
          -0.415826,
          0.794639,
          1.08794
        ],
        [
          0.00807,
          -0.88783,
          -0.4601,
          1.341257
        ],
        [
          0.0,
          0.0,
          0.0,
          1.0
        ]
      ]
    },
    {
      "file_path": "/media/NFS/ttao/scannet/posed_images/scene0539_02/00873.jpg",
      "transform_matrix": [
        [
          0.882683,
          -0.147131,
          0.446344,
          0.770029
        ],
        [
          -0.468234,
          -0.356844,
          0.808344,
          1.150968
        ],
        [
          0.040342,
          -0.922505,
          -0.383872,
          1.381184
        ],
        [
          0.0,
          0.0,
          0.0,
          1.0
        ]
      ]
    },
    {
      "file_path": "/media/NFS/ttao/scannet/posed_images/scene0539_02/00890.jpg",
      "transform_matrix": [
        [
          0.88822,
          -0.089108,
          0.450694,
          0.763476
        ],
        [
          -0.459018,
          -0.213068,
          0.862499,
          1.13484
        ],
        [
          0.019173,
          -0.972966,
          -0.230153,
          1.434231
        ],
        [
          0.0,
          0.0,
          0.0,
          1.0
        ]
      ]
    },
    {
      "file_path": "/media/NFS/ttao/scannet/posed_images/scene0539_02/00901.jpg",
      "transform_matrix": [
        [
          0.905529,
          -0.065307,
          0.419229,
          0.76373
        ],
        [
          -0.424112,
          -0.167524,
          0.88998,
          1.103522
        ],
        [
          0.012109,
          -0.983703,
          -0.179396,
          1.443887
        ],
        [
          0.0,
          0.0,
          0.0,
          1.0
        ]
      ]
    },
    {
      "file_path": "/media/NFS/ttao/scannet/posed_images/scene0539_02/00908.jpg",
      "transform_matrix": [
        [
          0.903043,
          -0.063391,
          0.424848,
          0.76401
        ],
        [
          -0.429537,
          -0.141358,
          0.891917,
          1.100773
        ],
        [
          0.003516,
