{
  "frames": [
    {
      "file_path": "/media/NFS/ttao/scannet/posed_images/scene0022_00/00000.jpg",
      "transform_matrix": [
        [
          -0.060487,
          0.154719,
          -0.986105,
          6.630666
        ],
        [
          0.998165,
          0.006603,
          -0.060191,
          2.572317
        ],
        [
          -0.002801,
          -0.987936,
          -0.154835,
          1.44523
        ],
        [
          0.0,
          0.0,
          0.0,
          1.0
        ]
      ]
    },
    {
      "file_path": "/media/NFS/ttao/scannet/posed_images/scene0022_00/00008.jpg",
      "transform_matrix": [
        [
          -0.07786,
          0.207624,
          -0.975105,
          6.624494
        ],
        [
          0.996963,
          0.014576,
          -0.076501,
          2.565033
        ],
        [
          -0.00167,
          -0.9781,
          -0.208128,
          1.441552
        ],
        [
          0.0,
          0.0,
          0.0,
          1.0
        ]
      ]
    },
    {
      "file_path": "/media/NFS/ttao/scannet/posed_images/scene0022_00/00013.jpg",
      "transform_matrix": [
        [
          -0.046032,
          0.238799,
          -0.969977,
          6.601065
        ],
        [
          0.998918,
          0.00459,
          -0.046276,
          2.490182
        ],
        [
          -0.006598,
          -0.971058,
          -0.238752,
          1.447451
        ],
        [
          0.0,
          0.0,
          0.0,
          1.0
        ]
      ]
    },
    {
      "file_path": "/media/NFS/ttao/scannet/posed_images/scene0022_00/00017.jpg",
      "transform_matrix": [
        [
          -0.040687,
          0.222228,
          -0.974146,
          6.611063
        ],
        [
          0.99914,
          0.01692,
          -0.037871,
          2.487483
        ],
        [
          0.008066,
          -0.974848,
          -0.222725,
          1.450095
        ],
        [
          0.0,
          0.0,
          0.0,
          1.0
        ]
      ]
    },
    {
      "file_path": "/media/NFS/ttao/scannet/posed_images/scene0022_00/00028.jpg",
      "transform_matrix": [
        [
          0.008601,
          0.265511,
          -0.964069,
          6.6091
        ],
        [
          0.999619,
          0.022994,
          0.015251,
          2.491689
        ],
        [
          0.026217,
          -0.963833,
          -0.265213,
          1.448643
        ],
        [
          0.0,
          0.0,
          0.0,
          1.0
        ]
      ]
    },
    {
      "file_path": "/media/NFS/ttao/scannet/posed_images/scene0022_00/00034.jpg",
      "transform_matrix": [
        [
          0.057917,
          0.263949,
          -0.962796,
          6.613436
        ],
        [
          0.998033,
          0.007864,
          0.062193,
          2.496622
        ],
        [
          0.023987,
          -0.964505,
          -0.262974,
          1.450571
        ],
        [
          0.0,
          0.0,
          0.0,
          1.0
        ]
      ]
    },
    {
      "file_path": "/media/NFS/ttao/scannet/posed_images/scene0022_00/00042.jpg",
      "transform_matrix": [
        [
          0.102635,
          0.264613,
          -0.958878,
          6.609237
        ],
        [
          0.994712,
          -0.023692,
          0.099932,
          2.499801
        ],
        [
          0.003726,
          -0.964064,
          -0.265646,
          1.45308
        ],
        [
          0.0,
          0.0,
          0.0,
          1.0
        ]
      ]
    },
    {
      "file_path": "/media/NFS/ttao/scannet/posed_images/scene0022_00/00047.jpg",
      "transform_matrix": [
        [
          0.130975,
          0.269166,
          -0.954147,
          6.606316
        ],
        [
          0.991382,
          -0.038235,
          0.1253,
          2.497353
        ],
        [
          -0.002756,
          -0.962335,
          -0.271854,
          1.448992
        ],
        [
          0.0,
          0.0,
          0.0,
          1.0
        ]
      ]
    },
    {
      "file_path": "/media/NFS/ttao/scannet/posed_images/scene0022_00/00049.jpg",
      "transform_matrix": [
        [
          0.144792,
          0.270991,
          -0.95163,
          6.604094
        ],
        [
          0.989438,
          -0.046347,
          0.137347,
          2.495932
        ],
        [
          -0.006885,
          -0.961466,
          -0.274839,
          1.451219
        ],
        [
          0.0,
          0.0,
          0.0,
          1.0
        ]
      ]
    },
    {
      "file_path": "/media/NFS/ttao/scannet/posed_images/scene0022_00/00055.jpg",
      "transform_matrix": [
        [
          0.187102,
          0.263379,
          -0.946374,
          6.592047
        ],
        [
          0.982051,
          -0.073543,
          0.173688,
          2.501706
        ],
        [
          -0.023854,
          -0.961885,
          -0.272411,
          1.4533
        ],
        [
          0.0,
          0.0,
          0.0,
          1.0
        ]
      ]
    },
    {
      "file_path": "/media/NFS/ttao/scannet/posed_images/scene0022_00/00066.jpg",
      "transform_matrix": [
        [
          0.291867,
          0.273701,
          -0.916461,
          6.551735
        ],
        [
          0.955887,
          -0.116602,
          0.2696,
          2.520098
        ],
        [
          -0.033072,
          -0.954721,
          -0.29566,
          1.447153
        ],
        [
          0.0,
          0.0,
          0.0,
          1.0
        ]
      ]
    },
    {
      "file_path": "/media/NFS/ttao/scannet/posed_images/scene0022_00/00072.jpg",
      "transform_matrix": [
        [
          0.308682,
          0.259566,
          -0.915063,
          6.537317
        ],
        [
          0.950619,
          -0.116799,
          0.287545,
          2.565082
        ],
        [
          -0.032242,
          -0.958636,
          -0.282802,
          1.440734
        ],
        [
          0.0,
          0.0,
          0.0,
          1.0
        ]
      ]
    },
    {
      "file_path": "/media/NFS/ttao/scannet/posed_images/scene0022_00/00078.jpg",
      "transform_matrix": [
        [
          0.335362,
          0.248192,
          -0.908809,
          6.513422
        ],
        [
          0.940827,
          -0.13815,
          0.309449,
          2.605481
        ],
        [
          -0.048749,
          -0.958809,
          -0.279836,
          1.447038
        ],
        [
          0.0,
          0.0,
          0.0,
          1.0
        ]
      ]
    },
    {
      "file_path": "/media/NFS/ttao/scannet/posed_images/scene0022_00/00085.jpg",
      "transform_matrix": [
        [
          0.382878,
          0.240975,
          -0.891816,
          6.480297
        ],
        [
          0.923187,
          -0.134946,
          0.359883,
          2.642805
        ],
        [
          -0.033624,
          -0.961104,
          -0.274133,
          1.43295
        ],
        [
          0.0,
          0.0,
          0.0,
          1.0
        ]
      ]
    },
    {
      "file_path": "/media/NFS/ttao/scannet/posed_images/scene0022_00/00091.jpg",
      "transform_matrix": [
        [
          0.459905,
          0.233947,
          -0.856596,
          6.443006
        ],
        [
          0.887552,
          -0.150637,
          0.435384,
          2.659951
        ],
        [
          -0.027179,
          -0.960509,
          -0.276919,
          1.418254
        ],
        [
          0.0,
          0.0,
          0.0,
          1.0
        ]
      ]
    },
    {
      "file_path": "/media/NFS/ttao/scannet/posed_images/scene0022_00/00095.jpg",
      "transform_matrix": [
        [
          0.512989,
          0.213246,
          -0.831486,
          6.415805
        ],
        [
          0.857695,
          -0.166448,
          0.486471,
          2.674687
        ],
        [
          -0.034661,
          -0.962716,
          -0.268286,
          1.427565
        ],
        [
          0.0,
          0.0,
          0.0,
          1.0
        ]
      ]
    },
    {
      "file_path": "/media/NFS/ttao/scannet/posed_images/scene0022_00/00102.jpg",
      "transform_matrix": [
        [
          0.597775,
          0.187416,
          -0.779449,
          6.352496
        ],
        [
          0.800549,
          -0.190822,
          0.568075,
          2.679524
        ],
        [
          -0.042269,
          -0.963567,
          -0.264104,
          1.445331
        ],
        [
          0.0,
          0.0,
          0.0,
          1.0
        ]
      ]
    },
    {
      "file_path": "/media/NFS/ttao/scannet/posed_images/scene0022_00/00108.jpg",
      "transform_matrix": [
        [
          0.653031,
          0.155403,
          -0.741215,
          6.295225
        ],
        [
          0.755519,
          -0.201336,
          0.623421,
          2.660249
        ],
        [
          -0.052352,
          -0.967116,
          -0.248889,
          1.452816
        ],
        [
          0.0,
          0.0,
          0.0,
          1.0
        ]
      ]
    },
    {
      "file_path": "/media/NFS/ttao/scannet/posed_images/scene0022_00/00116.jpg",
      "transform_matrix": [
        [
          0.724603,
          0.133766,
          -0.67606,
          6.247231
        ],
        [
          0.685877,
          -0.235709,
          0.688487,
          2.654334
        ],
        [
          -0.067257,
          -0.962574,
          -0.262542,
          1.45126
        ],
        [
          0.0,
          0.0,
          0.0,
          1.0
        ]
      ]
    },
    {
      "file_path": "/media/NFS/ttao/scannet/posed_images/scene0022_00/00123.jpg",
      "transform_matrix": [
        [
          0.760687,
          0.127283,
          -0.636517,
          6.279444
        ],
        [
          0.646462,
          -0.237179,
          0.725144,
          2.653356
        ],
        [
          -0.05867,
          -0.963092,
          -0.262703,
          1.434221
        ],
        [
          0.0,
          0.0,
          0.0,
          1.0
        ]
      ]
    },
    {
      "file_path": "/media/NFS/ttao/scannet/posed_images/scene0022_00/00125.jpg",
      "transform_matrix": [
        [
          0.773629,
          0.126466,
          -0.62089,
          6.272439
        ],
        [
          0.631164,
          -0.240323,
          0.73748,
          2.64678
        ],
        [
          -0.055948,
          -0.96242,
          -0.265741,
          1.430387
        ],
        [
          0.0,
          0.0,
          0.0,
          1.0
        ]
      ]
    },
    {
      "file_path": "/media/NFS/ttao/scannet/posed_images/scene0022_00/00133.jpg",
      "transform_matrix": [
        [
          0.824864,
          0.103851,
          -0.55571,
          6.264882
        ],
        [
          0.56199,
          -0.257342,
          0.786093,
          2.642524
        ],
        [
          -0.061371,
          -0.960724,
          -0.270636,
          1.431346
        ],
        [
          0.0,
          0.0,
          0.0,
          1.0
        ]
      ]
    },
    {
      "file_path": "/media/NFS/ttao/scannet/posed_images/scene0022_00/00142.jpg",
      "transform_matrix": [
        [
          0.879205,
          0.074131,
          -0.470642,
          6.279312
        ],
        [
          0.472369,
          -0.264551,
          0.840762,
          2.626259
        ],
        [
          -0.062182,
          -0.961518,
          -0.267611,
          1.427794
        ],
        [
          0.0,
          0.0,
          0.0,
          1.0
        ]
      ]
    },
    {
      "file_path": "/media/NFS/ttao/scannet/posed_images/scene0022_00/00148.jpg",
      "transform_matrix": [
        [
          0.896676,
          0.050439,
          -0.439804,
          6.31679
        ],
        [
          0.436255,
          -0.269412,
          0.858545,
          2.610317
        ],
        [
          -0.075185,
          -0.961703,
          -0.263579,
          1.421168
        ],
        [
          0.0,
          0.0,
          0.0,
          1.0
        ]
      ]
    },
    {
      "file_path": "/media/NFS/ttao/scannet/posed_images/scene0022_00/00150.jpg",
      "transform_matrix": [
        [
          0.899033,
          0.049394,
          -0.435086,
          6.336199
        ],
        [
          0.431385,
          -0.270427,
          0.860684,
          2.61417
        ],
        [
          -0.075147,
          -0.961472,
          -0.264431,
          1.417855
        ],
        [
          0.0,
          0.0,
          0.0,
          1.0
        ]
      ]
    },
    {
      "file_path": "/media/NFS/ttao/scannet/posed_images/scene0022_00/00159.jpg",
      "transform_matrix": [
        [
          0.932712,
          0.044066,
          -0.35792,
          6.382122
        ],
        [
          0.355101,
          -0.285246,
          0.890246,
          2.588397
        ],
        [
          -0.062866,
          -0.957441,
          -0.281701,
          1.41146
        ],
        [
          0.0,
          0.0,
          0.0,
          1.0
        ]
      ]
    },
    {
      "file_path": "/media/NFS/ttao/scannet/posed_images/scene0022_00/00163.jpg",
      "transform_matrix": [
        [
          0.938213,
          0.034125,
          -0.344372,
          6.437879
        ],
        [
          0.338432,
          -0.298259,
          0.892472,
          2.602276
        ],
        [
          -0.072256,
          -0.953875,
          -0.291379,
          1.408735
        ],
        [
          0.0,
          0.0,
          0.0,
          1.0
        ]
      ]
    },
    {
      "file_path": "/media/NFS/ttao/scannet/posed_images/scene0022_00/00174.jpg",
      "transform_matrix": [
        [
          0.981863,
          -0.028669,
          -0.187414,
          6.493752
        ],
        [
          0.170151,
          -0.302804,
          0.937742,
          2.597328
        ],
        [
          -0.083634,
          -0.952622,
          -0.292434,
          1.401502
        ],
        [
          0.0,
          0.0,
          0.0,
          1.0
        ]
      ]
    },
    {
      "file_path": "/media/NFS/ttao/scannet/posed_images/scene0022_00/00176.jpg",
      "transform_matrix": [
        [
          0.987319,
          -0.042807,
          -0.152871,
          6.486197
        ],
        [
          0.132721,
          -0.305776,
          0.942808,
          2.598732
        ],
        [
          -0.087103,
          -0.951141,
          -0.296217,
          1.403467
        ],
        [
          0.0,
          0.0,
          0.0,
          1.0
        ]
      ]
    },
    {
      "file_path": "/media/NFS/ttao/scannet/posed_images/scene0022_00/00186.jpg",
      "transform_matrix": [
        [
          0.996674,
          -0.075293,
          -0.031185,
          6.491158
        ],
        [
          0.007144,
          -0.30047,
          0.953765,
          2.609899
        ],
        [
          -0.081182,
          -0.950815,
          -0.298933,
          1.396845
        ],
        [
          0.0,
          0.0,
          0.0,
          1.0
        ]
      ]
    },
    {
      "file_path": "/media/NFS/ttao/scannet/posed_images/scene0022_00/00190.jpg",
      "transform_matrix": [
        [
          0.996614,
          -0.082128,
          -0.004048,
          6.508934
        ],
        [
          -0.021778,
          -0.311098,
          0.950128,
          2.616217
        ],
        [
          -0.079292,
          -0.946822,
          -0.311833,
          1.398081
        ],
        [
          0.0,
          0.0,
          0.0,
          1.0
        ]
      ]
    },
    {
      "file_path": "/media/NFS/ttao/scannet/posed_images/scene0022_00/00197.jpg",
      "transform_matrix": [
        [
          0.991666,
          -0.115865,
          0.056331,
          6.493807
        ],
        [
          -0.090619,
          -0.31652,
          0.944247,
          2.634573
        ],
        [
          -0.091575,
          -0.941483,
          -0.324382,
          1.398713
        ],
        [
          0.0,
          0.0,
          0.0,
          1.0
        ]
      ]
    },
    {
      "file_path": "/media/NFS/ttao/scannet/posed_images/scene0022_00/00201.jpg",
      "transform_matrix": [
        [
          0.989503,
          -0.124458,
          0.073442,
          6.537609
        ],
        [
          -0.110024,
          -0.319328,
          0.941236,
          2.63303
        ],
        [
          -0.093692,
          -0.939436,
          -0.32967,
          1.392356
        ],
        [
          0.0,
          0.0,
          0.0,
          1.0
        ]
      ]
    },
    {
      "file_path": "/media/NFS/ttao/scannet/posed_images/scene0022_00/00212.jpg",
      "transform_matrix": [
        [
          0.972167,
          -0.174407,
          0.156441,
          6.623307
        ],
        [
          -0.206073,
          -0.318845,
          0.925134,
          2.679843
        ],
        [
          -0.11147,
          -0.931622,
          -0.345911,
          1.38817
        ],
        [
          0.0,
          0.0,
          0.0,
          1.0
        ]
      ]
    },
    {
      "file_path": "/media/NFS/ttao/scannet/posed_images/scene0022_00/00214.jpg",
      "transform_matrix": [
        [
          0.969199,
          -0.17813,
          0.17007,
          6.637079
        ],
        [
          -0.219802,
          -0.314145,
          0.92358,
          2.693375
        ],
        [
          -0.111091,
          -0.932514,
          -0.343622,
          1.386479
        ],
        [
          0.0,
          0.0,
          0.0,
          1.0
        ]
      ]
    },
    {
      "file_path": "/media/NFS/ttao/scannet/posed_images/scene0022_00/00220.jpg",
      "transform_matrix": [
        [
          0.952818,
          -0.215927,
          0.213338,
          6.704767
        ],
        [
          -0.27288,
          -0.301506,
          0.913581,
          2.740982
        ],
        [
          -0.132944,
          -0.928692,
          -0.346203,
          1.387903
        ],
        [
          0.0,
          0.0,
          0.0,
          1.0
        ]
      ]
    },
    {
      "file_path": "/media/NFS/ttao/scannet/posed_images/scene0022_00/00231.jpg",
      "transform_matrix": [
        [
          0.908784,
          -0.277911,
          0.311251,
          6.795352
        ],
        [
          -0.385917,
          -0.276138,
          0.880236,
          2.807175
        ],
        [
          -0.158679,
          -0.920062,
          -0.3582,
          1.389252
        ],
        [
          0.0,
          0.0,
          0.0,
          1.0
        ]
      ]
    },
    {
      "file_path": "/media/NFS/ttao/scannet/posed_images/scene0022_00/00233.jpg",
      "transform_matrix": [
        [
          0.897782,
          -0.284033,
          0.33662,
          6.80329
        ],
        [
          -0.412277,
          -0.273031,
          0.869185,
          2.816937
        ],
        [
          -0.154969,
          -0.919119,
          -0.362222,
          1.391212
        ],
        [
          0.0,
          0.0,
          0.0,
          1.0
        ]
      ]
    },
    {
      "file_path": "/media/NFS/ttao/scannet/posed_images/scene0022_00/00239.jpg",
      "transform_matrix": [
        [
          0.851752,
          -0.314648,
          0.418945,
          6.807331
        ],
        [
          -0.500812,
          -0.253956,
          0.827462,
          2.852517
        ],
        [
          -0.153966,
          -0.914605,
          -0.373887,
          1.391945
        ],
        [
          0.0,
          0.0,
          0.0,
          1.0
        ]
      ]
    },
    {
      "file_path": "/media/NFS/ttao/scannet/posed_images/scene0022_00/00248.jpg",
      "transform_matrix": [
        [
          0.75886,
          -0.36053,
          0.542356,
          6.783729
        ],
        [
          -0.631448,
          -0.203504,
          0.748237,
          2.930116
        ],
        [
          -0.15939,
          -0.910277,
          -0.382087,
          1.406776
        ],
        [
          0.0,
          0.0,
          0.0,
          1.0
        ]
      ]
    },
    {
      "file_path": "/media/NFS/ttao/scannet/posed_images/scene0022_00/00254.jpg",
      "transform_matrix": [
        [
          0.696595,
          -0.361035,
          0.620007,
          6.757659
        ],
        [
          -0.701743,
          -0.162939,
          0.693547,
          2.980312
        ],
        [
          -0.149371,
          -0.918207,
          -0.366857,
          1.426011
        ],
        [
          0.0,
          0.0,
          0.0,
          1.0
        ]
      ]
    },
    {
      "file_path": "/media/NFS/ttao/scannet/posed_images/scene0022_00/00260.jpg",
      "transform_matrix": [
        [
          0.621842,
          -0.374879,
          0.687589,
          6.733453
        ],
        [
          -0.766564,
          -0.111666,
          0.632384,
          3.015919
        ],
        [
          -0.160287,
          -0.920324,
          -0.356808,
          1.438582
        ],
        [
          0.0,
          0.0,
          0.0,
          1.0
        ]
      ]
    },
    {
      "file_path": "/media/NFS/ttao/scannet/posed_images/scene0022_00/00267.jpg",
      "transform_matrix": [
        [
          0.54928,
          -0.351173,
          0.758267,
          6.711623
        ],
        [
          -0.818001,
          -0.040512,
          0.573789,
          3.033979
        ],
        [
          -0.17078,
          -0.935434,
          -0.309512,
          1.463014
        ],
        [
          0.0,
          0.0,
          0.0,
          1.0
        ]
      ]
    },
    {
      "file_path": "/media/NFS/ttao/scannet/posed_images/scene0022_00/00275.jpg",
      "transform_matrix": [
        [
          0.462349,
          -0.30865,
          0.831245,
          6.663151
        ],
        [
          -0.875074,
          -0.007532,
          0.48393,
          3.031608
        ],
        [
          -0.143104,
          -0.951146,
          -0.273574,
          1.473565
        ],
        [
          0.0,
          0.0,
          0.0,
          1.0
        ]
      ]
    },
    {
      "file_path": "/media/NFS/ttao/scannet/posed_images/scene0022_00/00279.jpg",
      "transform_matrix": [
        [
          0.434011,
          -0.296126,
          0.850849,
          6.644527
        ],
        [
          -0.892092,
          -0.009462,
          0.451755,
          3.032326
        ],
        [
          -0.125726,
          -0.955102,
          -0.268278,
          1.48304
        ],
        [
          0.0,
          0.0,
          0.0,
          1.0
        ]
      ]
    },
    {
      "file_path": "/media/NFS/ttao/scannet/posed_images/scene0022_00/00286.jpg",
      "transform_matrix": [
        [
          0.371774,
          -0.240156,
          0.896721,
          6.596104
        ],
        [
          -0.92388,
          -0.001321,
          0.38268,
          3.02262
        ],
        [
          -0.090718,
          -0.970734,
          -0.222367,
          1.491165
        ],
        [
          0.0,
          0.0,
          0.0,
          1.0
        ]
      ]
    },
    {
      "file_path": "/media/NFS/ttao/scannet/posed_images/scene0022_00/00292.jpg",
      "transform_matrix": [
        [
          0.41247,
          -0.225282,
          0.882676,
          6.565747
        ],
        [
          -0.904914,
          0.010226,
          0.425472,
          3.002798
        ],
        [
          -0.104877,
          -0.97424,
          -0.199643,
          1.510674
        ],
        [
          0.0,
          0.0,
          0.0,
          1.0
        ]
      ]
    },
    {
      "file_path": "/media/NFS/ttao/scannet/posed_images/scene0022_00/00300.jpg",
      "transform_matrix": [
        [
          0.338594,
          -0.215277,
          0.915975,
          6.522565
        ],
        [
          -0.93665,
          0.015663,
          0.349917,
          2.969781
        ],
        [
          -0.089675,
          -0.976427,
          -0.196336,
          1.523278
        ],
        [
          0.0,
          0.0,
          0.0,
          1.0
        ]
      ]
    },
    {
      "file_path": "/media/NFS/ttao/scannet/posed_images/scene0022_00/00307.jpg",
      "transform_matrix": [
        [
          0.27764,
          -0.201668,
          0.939279,
          6.475597
        ],
        [
          -0.951773,
          0.075127,
          0.297463,
          2.973869
        ],
        [
          -0.130554,
          -0.976568,
          -0.171084,
          1.521039
        ],
        [
          0.0,
          0.0,
          0.0,
          1.0
        ]
      ]
    },
    {
      "file_path": "/media/NFS/ttao/scannet/posed_images/scene0022_00/00313.jpg",
      "transform_matrix": [
        [
          0.223689,
          -0.235834,
          0.945698,
          6.469669
        ],
        [
          -0.966177,
          0.074086,
          0.247008,
          2.985135
        ],
        [
          -0.128316,
          -0.968965,
          -0.211286,
          1.518541
        ],
        [
          0.0,
          0.0,
          0.0,
          1.0
        ]
      ]
    },
    {
      "file_path": "/media/NFS/ttao/scannet/posed_images/scene0022_00/00317.jpg",
      "transform_matrix": [
        [
          0.204263,
          -0.246238,
          0.94744,
          6.464425
        ],
        [
          -0.971112,
          0.070997,
          0.227818,
          2.992456
        ],
        [
          -0.123363,
          -0.966606,
          -0.224623,
          1.50726
        ],
        [
          0.0,
          0.0,
          0.0,
          1.0
        ]
      ]
    },
    {
      "file_path": "/media/NFS/ttao/scannet/posed_images/scene0022_00/00324.jpg",
      "transform_matrix": [
        [
          0.077849,
          -0.29641,
          0.951883,
          6.461017
        ],
        [
          -0.990848,
          0.082606,
          0.106759,
          3.093494
        ],
        [
          -0.110276,
          -0.951482,
          -0.287266,
          1.49056
        ],
        [
          0.0,
          0.0,
          0.0,
          1.0
        ]
      ]
    },
    {
      "file_path": "/media/NFS/ttao/scannet/posed_images/scene0022_00/00328.jpg",
      "transform_matrix": [
        [
          0.002971,
          -0.319045,
          0.947735,
          6.465024
        ],
        [
          -0.990445,
          0.129734,
          0.046779,
          3.154103
        ],
        [
          -0.137878,
          -0.938818,
          -0.315611,
          1.470705
        ],
        [
          0.0,
          0.0,
          0.0,
          1.0
        ]
      ]
    },
    {
      "file_path": "/media/NFS/ttao/scannet/posed_images/scene0022_00/00337.jpg",
      "transform_matrix": [
        [
          -0.111069,
          -0.358414,
          0.926932,
          6.511708
        ],
        [
          -0.984648,
          0.166064,
          -0.053774,
          3.069072
        ],
        [
          -0.134657,
          -0.918674,
          -0.371356,
          1.454265
        ],
        [
          0.0,
          0.0,
          0.0,
          1.0
        ]
      ]
    },
    {
      "file_path": "/media/NFS/ttao/scannet/posed_images/scene0022_00/00345.jpg",
      "transform_matrix": [
        [
          -0.232742,
          -0.362903,
          0.902293,
          6.497441
        ],
        [
          -0.963782,
          0.210283,
          -0.164026,
          2.931677
        ],
        [
          -0.130211,
          -0.90779,
          -0.398701,
          1.429366
        ],
        [
          0.0,
          0.0,
          0.0,
          1.0
        ]
      ]
    },
    {
      "file_path": "/media/NFS/ttao/scannet/posed_images/scene0022_00/00351.jpg",
      "transform_matrix": [
        [
          -0.349676,
          -0.353393,
          0.867663,
          6.481153
        ],
        [
          -0.931551,
          0.229706,
          -0.281866,
          2.922559
        ],
        [
          -0.099698,
          -0.906834,
          -0.409527,
          1.424555
        ],
        [
          0.0,
          0.0,
          0.0,
          1.0
        ]
      ]
    },
    {
      "file_path": "/media/NFS/ttao/scannet/posed_images/scene0022_00/00353.jpg",
      "transform_matrix": [
        [
          -0.381075,
          -0.348951,
          0.856163,
          6.479327
        ],
        [
          -0.920023,
          0.234596,
          -0.313883,
          2.923048
        ],
        [
          -0.091323,
          -0.907303,
          -0.410441,
          1.422182
        ],
        [
          0.0,
          0.0,
          0.0,
          1.0
        ]
      ]
    },
    {
      "file_path": "/media/NFS/ttao/scannet/posed_images/scene0022_00/00364.jpg",
      "transform_matrix": [
        [
          -0.464648,
          -0.34419,
          0.815865,
          6.467918
        ],
        [
          -0.883494,
          0.242122,
          -0.401019,
          2.897249
        ],
        [
          -0.059512,
          -0.907144,
          -0.416591,
          1.431308
        ],
        [
          0.0,
          0.0,
          0.0,
          1.0
        ]
      ]
    },
    {
      "file_path": "/media/NFS/ttao/scannet/posed_images/scene0022_00/00368.jpg",
      "transform_matrix": [
        [
          -0.475535,
          -0.33717,
          0.812516,
          6.47025
        ],
        [
          -0.877151,
          0.251949,
          -0.408812,
          2.874753
        ],
        [
          -0.066873,
          -0.907104,
          -0.41556,
          1.426386
        ],
        [
          0.0,
          0.0,
          0.0,
          1.0
        ]
      ]
    },
    {
      "file_path": "/media/NFS/ttao/scannet/posed_images/scene0022_00/00372.jpg",
      "transform_matrix": [
        [
          -0.485539,
          -0.337498,
          0.806441,
          6.481575
        ],
        [
          -0.87184,
          0.254884,
          -0.418245,
          2.840549
        ],
        [
          -0.064392,
          -0.906162,
          -0.418,
          1.432064
        ],
        [
          0.0,
          0.0,
          0.0,
          1.0
        ]
      ]
    },
    {
      "file_path": "/media/NFS/ttao/scannet/posed_images/scene0022_00/00383.jpg",
      "transform_matrix": [
        [
          -0.470136,
          -0.336074,
          0.816104,
          6.48407
        ],
        [
          -0.881911,
          0.21525,
          -0.419405,
          2.728298
        ],
        [
          -0.034715,
          -0.916909,
          -0.397584,
          1.445963
        ],
        [
          0.0,
          0.0,
          0.0,
          1.0
        ]
      ]
    },
    {
      "file_path": "/media/NFS/ttao/scannet/posed_images/scene0022_00/00387.jpg",
      "transform_matrix": [
        [
          -0.454913,
          -0.348121,
          0.819675,
          6.494342
        ],
        [
          -0.889988,
          0.209998,
          -0.404749,
          2.694817
        ],
        [
          -0.031229,
          -0.913626,
          -0.405354,
          1.446605
        ],
        [
          0.0,
          0.0,
          0.0,
          1.0
        ]
      ]
    },
    {
      "file_path": "/media/NFS/ttao/scannet/posed_images/scene0022_00/00394.jpg",
      "transform_matrix": [
        [
          -0.476297,
          -0.347447,
          0.807726,
          6.508962
        ],
        [
          -0.878379,
          0.229687,
          -0.419159,
          2.643368
        ],
        [
          -0.039889,
          -0.909134,
          -0.414589,
          1.430421
        ],
        [
          0.0,
          0.0,
          0.0,
          1.0
        ]
      ]
    },
    {
      "file_path": "/media/NFS/ttao/scannet/posed_images/scene0022_00/00400.jpg",
      "transform_matrix": [
        [
          -0.525049,
          -0.350511,
          0.775542,
          6.568534
        ],
        [
          -0.850898,
          0.23463,
          -0.470023,
          2.638082
        ],
        [
          -0.017217,
          -0.906692,
          -0.421441,
          1.447965
        ],
        [
          0.0,
          0.0,
          0.0,
          1.0
        ]
      ]
    },
    {
      "file_path": "/media/NFS/ttao/scannet/posed_images/scene0022_00/00408.jpg",
      "transform_matrix": [
        [
          -0.595546,
          -0.288163,
          0.749858,
          6.652324
        ],
        [
          -0.802489,
          0.255889,
          -0.539011,
          2.656015
        ],
        [
          -0.036558,
          -0.922758,
          -0.383641,
          1.45122
        ],
        [
          0.0,
          0.0,
          0.0,
          1.0
        ]
      ]
    },
    {
      "file_path": "/media/NFS/ttao/scannet/posed_images/scene0022_00/00410.jpg",
      "transform_matrix": [
        [
          -0.614676,
          -0.281429,
          0.736866,
          6.695951
        ],
        [
          -0.787904,
          0.263071,
          -0.556777,
          2.686256
        ],
        [
          -0.037155,
          -0.922817,
          -0.383443,
          1.471185
        ],
        [
          0.0,
          0.0,
          0.0,
          1.0
        ]
      ]
    },
    {
      "file_path": "/media/NFS/ttao/scannet/posed_images/scene0022_00/00421.jpg",
      "transform_matrix": [
        [
          -0.677216,
          -0.237962,
          0.696241,
          6.763019
        ],
        [
          -0.735524,
          0.244108,
          -0.631994,
          2.736295
        ],
        [
          -0.019567,
          -0.940099,
          -0.340341,
          1.479551
        ],
        [
          0.0,
          0.0,
          0.0,
          1.0
        ]
      ]
    },
    {
      "file_path": "/media/NFS/ttao/scannet/posed_images/scene0022_00/00423.jpg",
      "transform_matrix": [
        [
          -0.68473,
          -0.238309,
          0.688733,
          6.768515
        ],
        [
          -0.7287,
          0.239303,
          -0.641662,
          2.746587
        ],
        [
          -0.011902,
          -0.941245,
          -0.337514,
          1.482345
        ],
        [
          0.0,
          0.0,
          0.0,
          1.0
        ]
      ]
    },
    {
      "file_path": "/media/NFS/ttao/scannet/posed_images/scene0022_00/00428.jpg",
      "transform_matrix": [
        [
          -0.700028,
          -0.246143,
          0.670354,
          6.765656
        ],
        [
          -0.714108,
          0.245646,
          -0.655521,
          2.767664
        ],
        [
          -0.003318,
          -0.937588,
          -0.347732,
          1.479138
        ],
        [
          0.0,
          0.0,
          0.0,
          1.0
        ]
      ]
    },
    {
      "file_path": "/media/NFS/ttao/scannet/posed_images/scene0022_00/00440.jpg",
      "transform_matrix": [
        [
          -0.751707,
          -0.221639,
          0.621139,
          6.674848
        ],
        [
          -0.659023,
          0.288174,
          -0.694726,
          2.879172
        ],
        [
          -0.025018,
          -0.931575,
          -0.362687,
          1.472087
        ],
        [
          0.0,
          0.0,
          0.0,
          1.0
        ]
      ]
    },
    {
      "file_path": "/media/NFS/ttao/scannet/posed_images/scene0022_00/00442.jpg",
      "transform_matrix": [
        [
          -0.752517,
          -0.218389,
          0.621309,
          6.645179
        ],
        [
          -0.658,
          0.288673,
          -0.695488,
          2.900887
        ],
        [
          -0.027468,
          -0.932188,
          -0.360931,
          1.459505
        ],
        [
          0.0,
          0.0,
          0.0,
          1.0
        ]
      ]
    },
    {
      "file_path": "/media/NFS/ttao/scannet/posed_images/scene0022_00/00447.jpg",
      "transform_matrix": [
        [
          -0.770319,
          -0.235192,
          0.5927,
          6.577646
        ],
        [
          -0.637288,
          0.315658,
          -0.703011,
          2.958835
        ],
        [
          -0.021748,
          -0.919263,
          -0.393043,
          1.426547
        ],
        [
          0.0,
          0.0,
          0.0,
          1.0
        ]
      ]
    },
    {
      "file_path": "/media/NFS/ttao/scannet/posed_images/scene0022_00/00459.jpg",
      "transform_matrix": [
        [
          -0.861071,
          -0.207824,
          0.464075,
          6.49776
        ],
        [
          -0.508163,
          0.384142,
          -0.770847,
          3.106397
        ],
        [
          -0.01807,
          -0.89958,
          -0.436382,
          1.45441
        ],
        [
          0.0,
          0.0,
          0.0,
          1.0
        ]
      ]
    },
    {
      "file_path": "/media/NFS/ttao/scannet/posed_images/scene0022_00/00461.jpg",
      "transform_matrix": [
        [
          -0.872326,
          -0.196051,
          0.447897,
          6.476005
        ],
        [
          -0.488418,
          0.391147,
          -0.780034,
          3.119541
        ],
        [
          -0.022267,
          -0.899204,
          -0.436962,
          1.456849
        ],
        [
          0.0,
          0.0,
          0.0,
          1.0
        ]
      ]
    },
    {
      "file_path": "/media/NFS/ttao/scannet/posed_images/scene0022_00/00470.jpg",
      "transform_matrix": [
        [
          -0.942588,
          -0.156254,
          0.295148,
          6.431573
        ],
        [
          -0.333948,
          0.434034,
          -0.836716,
          3.235231
        ],
        [
          0.002636,
          -0.887242,
          -0.461296,
          1.449607
        ],
        [
          0.0,
          0.0,
          0.0,
          1.0
        ]
      ]
    },
    {
      "file_path": "/media/NFS/ttao/scannet/posed_images/scene0022_00/00472.jpg",
      "transform_matrix": [
        [
          -0.956106,
          -0.139129,
          0.257886,
          6.428761
        ],
        [
          -0.292949,
          0.434238,
          -0.851832,
          3.264979
        ],
        [
          0.00653,
          -0.889989,
          -0.455935,
          1.444801
        ],
        [
          0.0,
          0.0,
          0.0,
          1.0
        ]
      ]
    },
    {
      "file_path": "/media/NFS/ttao/scannet/posed_images/scene0022_00/00482.jpg",
      "transform_matrix": [
        [
          -0.987458,
          -0.121168,
          0.101218,
          6.328975
        ],
        [
          -0.145761,
          0.453302,
          -0.879359,
          3.340398
        ],
        [
          0.060668,
          -0.883083,
          -0.465278,
          1.448717
        ],
        [
          0.0,
          0.0,
          0.0,
          1.0
        ]
      ]
    },
    {
      "file_path": "/media/NFS/ttao/scannet/posed_images/scene0022_00/00489.jpg",
      "transform_matrix": [
        [
          -0.997445,
          -0.040067,
          -0.059145,
          6.235328
        ],
        [
          0.033881,
          0.463568,
          -0.885413,
          3.35854
        ],
        [
          0.062893,
