{
  "frames": [
    {
      "file_path": "/media/NFS/ttao/scannet/posed_images/scene0176_00/00000.jpg",
      "transform_matrix": [
        [
          -0.355681,
          -0.20797,
          0.911175,
          0.539195
        ],
        [
          -0.934036,
          0.113197,
          -0.338769,
          4.841905
        ],
        [
          -0.032689,
          -0.971563,
          -0.234514,
          1.636959
        ],
        [
          0.0,
          0.0,
          0.0,
          1.0
        ]
      ]
    },
    {
      "file_path": "/media/NFS/ttao/scannet/posed_images/scene0176_00/00005.jpg",
      "transform_matrix": [
        [
          -0.360039,
          -0.219212,
          0.906818,
          0.533196
        ],
        [
          -0.932614,
          0.110181,
          -0.343645,
          4.838181
        ],
        [
          -0.024583,
          -0.969436,
          -0.24411,
          1.626739
        ],
        [
          0.0,
          0.0,
          0.0,
          1.0
        ]
      ]
    },
    {
      "file_path": "/media/NFS/ttao/scannet/posed_images/scene0176_00/00008.jpg",
      "transform_matrix": [
        [
          -0.359075,
          -0.221594,
          0.906621,
          0.530784
        ],
        [
          -0.933104,
          0.105581,
          -0.343759,
          4.837682
        ],
        [
          -0.019547,
          -0.969406,
          -0.244682,
          1.622762
        ],
        [
          0.0,
          0.0,
          0.0,
          1.0
        ]
      ]
    },
    {
      "file_path": "/media/NFS/ttao/scannet/posed_images/scene0176_00/00010.jpg",
      "transform_matrix": [
        [
          -0.361403,
          -0.21887,
          0.906358,
          0.534456
        ],
        [
          -0.93239,
          0.091094,
          -0.349786,
          4.846387
        ],
        [
          -0.006007,
          -0.971493,
          -0.236994,
          1.613338
        ],
        [
          0.0,
          0.0,
          0.0,
          1.0
        ]
      ]
    },
    {
      "file_path": "/media/NFS/ttao/scannet/posed_images/scene0176_00/00014.jpg",
      "transform_matrix": [
        [
          -0.367236,
          -0.215214,
          0.904887,
          0.534321
        ],
        [
          -0.930127,
          0.086212,
          -0.356976,
          4.836972
        ],
        [
          -0.001185,
          -0.972754,
          -0.231837,
          1.625435
        ],
        [
          0.0,
          0.0,
          0.0,
          1.0
        ]
      ]
    },
    {
      "file_path": "/media/NFS/ttao/scannet/posed_images/scene0176_00/00018.jpg",
      "transform_matrix": [
        [
          -0.382416,
          -0.198969,
          0.902314,
          0.531273
        ],
        [
          -0.923985,
          0.07891,
          -0.374201,
          4.833189
        ],
        [
          0.003253,
          -0.976824,
          -0.21402,
          1.63402
        ],
        [
          0.0,
          0.0,
          0.0,
          1.0
        ]
      ]
    },
    {
      "file_path": "/media/NFS/ttao/scannet/posed_images/scene0176_00/00024.jpg",
      "transform_matrix": [
        [
          -0.418449,
          -0.170254,
          0.89214,
          0.528918
        ],
        [
          -0.908154,
          0.064866,
          -0.413581,
          4.823742
        ],
        [
          0.012544,
          -0.983263,
          -0.181759,
          1.634363
        ],
        [
          0.0,
          0.0,
          0.0,
          1.0
        ]
      ]
    },
    {
      "file_path": "/media/NFS/ttao/scannet/posed_images/scene0176_00/00025.jpg",
      "transform_matrix": [
        [
          -0.42612,
          -0.167241,
          0.889074,
          0.531459
        ],
        [
          -0.904574,
          0.064713,
          -0.421376,
          4.824624
        ],
        [
          0.012937,
          -0.98379,
          -0.178858,
          1.63625
        ],
        [
          0.0,
          0.0,
          0.0,
          1.0
        ]
      ]
    },
    {
      "file_path": "/media/NFS/ttao/scannet/posed_images/scene0176_00/00028.jpg",
      "transform_matrix": [
        [
          -0.443297,
          -0.154722,
          0.882921,
          0.524287
        ],
        [
          -0.896311,
          0.064691,
          -0.438683,
          4.812385
        ],
        [
          0.010757,
          -0.985838,
          -0.167356,
          1.639183
        ],
        [
          0.0,
          0.0,
          0.0,
          1.0
        ]
      ]
    },
    {
      "file_path": "/media/NFS/ttao/scannet/posed_images/scene0176_00/00031.jpg",
      "transform_matrix": [
        [
          -0.466516,
          -0.146716,
          0.87226,
          0.520197
        ],
        [
          -0.88447,
          0.067681,
          -0.461663,
          4.79186
        ],
        [
          0.008697,
          -0.986861,
          -0.16134,
          1.651335
        ],
        [
          0.0,
          0.0,
          0.0,
          1.0
        ]
      ]
    },
    {
      "file_path": "/media/NFS/ttao/scannet/posed_images/scene0176_00/00035.jpg",
      "transform_matrix": [
        [
          -0.51602,
          -0.134295,
          0.845984,
          0.521122
        ],
        [
          -0.856485,
          0.066428,
          -0.511881,
          4.771198
        ],
        [
          0.012546,
          -0.988712,
          -0.1493,
          1.647295
        ],
        [
          0.0,
          0.0,
          0.0,
          1.0
        ]
      ]
    },
    {
      "file_path": "/media/NFS/ttao/scannet/posed_images/scene0176_00/00039.jpg",
      "transform_matrix": [
        [
          -0.553497,
          -0.132402,
          0.82226,
          0.521402
        ],
        [
          -0.832679,
          0.06789,
          -0.549579,
          4.741164
        ],
        [
          0.016942,
          -0.988868,
          -0.147825,
          1.638444
        ],
        [
          0.0,
          0.0,
          0.0,
          1.0
        ]
      ]
    },
    {
      "file_path": "/media/NFS/ttao/scannet/posed_images/scene0176_00/00045.jpg",
      "transform_matrix": [
        [
          -0.624463,
          -0.132525,
          0.769729,
          0.566254
        ],
        [
          -0.78097,
          0.091488,
          -0.617831,
          4.740526
        ],
        [
          0.011457,
          -0.986948,
          -0.160629,
          1.637562
        ],
        [
          0.0,
          0.0,
          0.0,
          1.0
        ]
      ]
    },
    {
      "file_path": "/media/NFS/ttao/scannet/posed_images/scene0176_00/00047.jpg",
      "transform_matrix": [
        [
          -0.637301,
          -0.131291,
          0.759349,
          0.564013
        ],
        [
          -0.770562,
          0.097053,
          -0.629932,
          4.731116
        ],
        [
          0.009008,
          -0.986582,
          -0.16302,
          1.640302
        ],
        [
          0.0,
          0.0,
          0.0,
          1.0
        ]
      ]
    },
    {
      "file_path": "/media/NFS/ttao/scannet/posed_images/scene0176_00/00049.jpg",
      "transform_matrix": [
        [
          -0.652155,
          -0.13018,
          0.746825,
          0.568342
        ],
        [
          -0.758027,
          0.099667,
          -0.644563,
          4.72708
        ],
        [
          0.009475,
          -0.986468,
          -0.163679,
          1.642133
        ],
        [
          0.0,
          0.0,
          0.0,
          1.0
        ]
      ]
    },
    {
      "file_path": "/media/NFS/ttao/scannet/posed_images/scene0176_00/00055.jpg",
      "transform_matrix": [
        [
          -0.676435,
          -0.161657,
          0.718543,
          0.573937
        ],
        [
          -0.735907,
          0.109115,
          -0.668233,
          4.713315
        ],
        [
          0.029621,
          -0.980796,
          -0.192774,
          1.63995
        ],
        [
          0.0,
          0.0,
          0.0,
          1.0
        ]
      ]
    },
    {
      "file_path": "/media/NFS/ttao/scannet/posed_images/scene0176_00/00057.jpg",
      "transform_matrix": [
        [
          -0.688229,
          -0.163506,
          0.706828,
          0.571579
        ],
        [
          -0.72492,
          0.116266,
          -0.67895,
          4.709289
        ],
        [
          0.028832,
          -0.979667,
          -0.198546,
          1.63726
        ],
        [
          0.0,
          0.0,
          0.0,
          1.0
        ]
      ]
    },
    {
      "file_path": "/media/NFS/ttao/scannet/posed_images/scene0176_00/00062.jpg",
      "transform_matrix": [
        [
          -0.689255,
          -0.219119,
          0.69059,
          0.555622
        ],
        [
          -0.723396,
          0.155065,
          -0.672796,
          4.696661
        ],
        [
          0.040336,
          -0.963297,
          -0.265389,
          1.613925
        ],
        [
          0.0,
          0.0,
          0.0,
          1.0
        ]
      ]
    },
    {
      "file_path": "/media/NFS/ttao/scannet/posed_images/scene0176_00/00063.jpg",
      "transform_matrix": [
        [
          -0.68902,
          -0.222843,
          0.689632,
          0.549964
        ],
        [
          -0.723798,
          0.163013,
          -0.670481,
          4.694713
        ],
        [
          0.036992,
          -0.961129,
          -0.273612,
          1.608136
        ],
        [
          0.0,
          0.0,
          0.0,
          1.0
        ]
      ]
    },
    {
      "file_path": "/media/NFS/ttao/scannet/posed_images/scene0176_00/00069.jpg",
      "transform_matrix": [
        [
          -0.682719,
          -0.254958,
          0.684757,
          0.543069
        ],
        [
          -0.730149,
          0.202285,
          -0.652658,
          4.688499
        ],
        [
          0.027884,
          -0.945556,
          -0.324261,
          1.595577
        ],
        [
          0.0,
          0.0,
          0.0,
          1.0
        ]
      ]
    },
    {
      "file_path": "/media/NFS/ttao/scannet/posed_images/scene0176_00/00071.jpg",
      "transform_matrix": [
        [
          -0.68209,
          -0.272308,
          0.678677,
          0.536057
        ],
        [
          -0.730103,
          0.20122,
          -0.653039,
          4.693452
        ],
        [
          0.041264,
          -0.940935,
          -0.336063,
          1.57944
        ],
        [
          0.0,
          0.0,
          0.0,
          1.0
        ]
      ]
    },
    {
      "file_path": "/media/NFS/ttao/scannet/posed_images/scene0176_00/00077.jpg",
      "transform_matrix": [
        [
          -0.679159,
          -0.314997,
          0.662963,
          0.531365
        ],
        [
          -0.732612,
          0.235572,
          -0.638581,
          4.695151
        ],
        [
          0.044976,
          -0.919393,
          -0.390761,
          1.562281
        ],
        [
          0.0,
          0.0,
          0.0,
          1.0
        ]
      ]
    },
    {
      "file_path": "/media/NFS/ttao/scannet/posed_images/scene0176_00/00079.jpg",
      "transform_matrix": [
        [
          -0.672161,
          -0.325724,
          0.664909,
          0.526477
        ],
        [
          -0.739012,
          0.240068,
          -0.629467,
          4.697609
        ],
        [
          0.045409,
          -0.914479,
          -0.402078,
          1.55207
        ],
        [
          0.0,
          0.0,
          0.0,
          1.0
        ]
      ]
    },
    {
      "file_path": "/media/NFS/ttao/scannet/posed_images/scene0176_00/00082.jpg",
      "transform_matrix": [
        [
          -0.667897,
          -0.358644,
          0.652142,
          0.524068
        ],
        [
          -0.742257,
          0.256843,
          -0.618939,
          4.702439
        ],
        [
          0.054481,
          -0.897444,
          -0.437751,
          1.535397
        ],
        [
          0.0,
          0.0,
          0.0,
          1.0
        ]
      ]
    },
    {
      "file_path": "/media/NFS/ttao/scannet/posed_images/scene0176_00/00087.jpg",
      "transform_matrix": [
        [
          -0.647444,
          -0.411358,
          0.641561,
          0.531989
        ],
        [
          -0.760764,
          0.298794,
          -0.57616,
          4.703415
        ],
        [
          0.045314,
          -0.861108,
          -0.506399,
          1.515524
        ],
        [
          0.0,
          0.0,
          0.0,
          1.0
        ]
      ]
    },
    {
      "file_path": "/media/NFS/ttao/scannet/posed_images/scene0176_00/00091.jpg",
      "transform_matrix": [
        [
          -0.644513,
          -0.43656,
          0.627709,
          0.539783
        ],
        [
          -0.763052,
          0.315153,
          -0.564296,
          4.703727
        ],
        [
          0.048525,
          -0.842671,
          -0.536238,
          1.493203
        ],
        [
          0.0,
          0.0,
          0.0,
          1.0
        ]
      ]
    },
    {
      "file_path": "/media/NFS/ttao/scannet/posed_images/scene0176_00/00093.jpg",
      "transform_matrix": [
        [
          -0.639067,
          -0.434305,
          0.634801,
          0.540248
        ],
        [
          -0.768117,
          0.317575,
          -0.556007,
          4.703545
        ],
        [
          0.039879,
          -0.842927,
          -0.536548,
          1.492771
        ],
        [
          0.0,
          0.0,
          0.0,
          1.0
        ]
      ]
    },
    {
      "file_path": "/media/NFS/ttao/scannet/posed_images/scene0176_00/00096.jpg",
      "transform_matrix": [
        [
          -0.631303,
          -0.429997,
          0.645414,
          0.538137
        ],
        [
          -0.774907,
          0.316231,
          -0.547281,
          4.703229
        ],
        [
          0.03123,
          -0.845636,
          -0.532845,
          1.49086
        ],
        [
          0.0,
          0.0,
          0.0,
          1.0
        ]
      ]
    },
    {
      "file_path": "/media/NFS/ttao/scannet/posed_images/scene0176_00/00100.jpg",
      "transform_matrix": [
        [
          -0.621915,
          -0.432592,
          0.652753,
          0.534465
        ],
        [
          -0.782807,
          0.321214,
          -0.532949,
          4.701386
        ],
        [
          0.020876,
          -0.842429,
          -0.538404,
          1.487779
        ],
        [
          0.0,
          0.0,
          0.0,
          1.0
        ]
      ]
    },
    {
      "file_path": "/media/NFS/ttao/scannet/posed_images/scene0176_00/00103.jpg",
      "transform_matrix": [
        [
          -0.620553,
          -0.445254,
          0.645495,
          0.533217
        ],
        [
          -0.783931,
          0.332166,
          -0.524517,
          4.696709
        ],
        [
          0.019132,
          -0.831514,
          -0.555175,
          1.480963
        ],
        [
          0.0,
          0.0,
          0.0,
          1.0
        ]
      ]
    },
    {
      "file_path": "/media/NFS/ttao/scannet/posed_images/scene0176_00/00110.jpg",
      "transform_matrix": [
        [
          -0.631311,
          -0.476546,
          0.611842,
          0.524126
        ],
        [
          -0.77469,
          0.350792,
          -0.526119,
          4.680788
        ],
        [
          0.036091,
          -0.806132,
          -0.590634,
          1.465104
        ],
        [
          0.0,
          0.0,
          0.0,
          1.0
        ]
      ]
    },
    {
      "file_path": "/media/NFS/ttao/scannet/posed_images/scene0176_00/00113.jpg",
      "transform_matrix": [
        [
          -0.638237,
          -0.477401,
          0.603939,
          0.512843
        ],
        [
          -0.768864,
          0.355796,
          -0.531279,
          4.664306
        ],
        [
          0.038754,
          -0.803429,
          -0.594138,
          1.463557
        ],
        [
          0.0,
          0.0,
          0.0,
          1.0
        ]
      ]
    },
    {
      "file_path": "/media/NFS/ttao/scannet/posed_images/scene0176_00/00116.jpg",
      "transform_matrix": [
        [
          -0.651985,
          -0.468346,
          0.596295,
          0.505997
        ],
        [
          -0.757146,
          0.360082,
          -0.545042,
          4.654526
        ],
        [
          0.040553,
          -0.806842,
          -0.589374,
          1.46157
        ],
        [
          0.0,
          0.0,
          0.0,
          1.0
        ]
      ]
    },
    {
      "file_path": "/media/NFS/ttao/scannet/posed_images/scene0176_00/00118.jpg",
      "transform_matrix": [
        [
          -0.664083,
          -0.460866,
          0.588724,
          0.502675
        ],
        [
          -0.746559,
          0.366051,
          -0.555569,
          4.648377
        ],
        [
          0.04054,
          -0.808461,
          -0.587152,
          1.460992
        ],
        [
          0.0,
          0.0,
          0.0,
          1.0
        ]
      ]
    },
    {
      "file_path": "/media/NFS/ttao/scannet/posed_images/scene0176_00/00122.jpg",
      "transform_matrix": [
        [
          -0.679645,
          -0.456278,
          0.574364,
          0.497837
        ],
        [
          -0.73207,
          0.372329,
          -0.570478,
          4.635376
        ],
        [
          0.046445,
          -0.808196,
          -0.587079,
          1.459256
        ],
        [
          0.0,
          0.0,
          0.0,
          1.0
        ]
      ]
    },
    {
      "file_path": "/media/NFS/ttao/scannet/posed_images/scene0176_00/00125.jpg",
      "transform_matrix": [
        [
          -0.690699,
          -0.450075,
          0.56601,
          0.503128
        ],
        [
          -0.721199,
          0.371386,
          -0.58476,
          4.632025
        ],
        [
          0.052977,
          -0.812099,
          -0.581109,
          1.461725
        ],
        [
          0.0,
          0.0,
          0.0,
          1.0
        ]
      ]
    },
    {
      "file_path": "/media/NFS/ttao/scannet/posed_images/scene0176_00/00131.jpg",
      "transform_matrix": [
        [
          -0.724494,
          -0.394589,
          0.565163,
          0.524454
        ],
        [
          -0.687788,
          0.359888,
          -0.63042,
          4.63604
        ],
        [
          0.045362,
          -0.845447,
          -0.53213,
          1.477455
        ],
        [
          0.0,
          0.0,
          0.0,
          1.0
        ]
      ]
    },
    {
      "file_path": "/media/NFS/ttao/scannet/posed_images/scene0176_00/00132.jpg",
      "transform_matrix": [
        [
          -0.725856,
          -0.388643,
          0.56753,
          0.530322
        ],
        [
          -0.686413,
          0.356019,
          -0.634104,
          4.639682
        ],
        [
          0.044388,
          -0.849828,
          -0.525187,
          1.479431
        ],
        [
          0.0,
          0.0,
          0.0,
          1.0
        ]
      ]
    },
    {
      "file_path": "/media/NFS/ttao/scannet/posed_images/scene0176_00/00137.jpg",
      "transform_matrix": [
        [
          -0.729961,
          -0.36247,
          0.579459,
          0.568625
        ],
        [
          -0.682415,
          0.338993,
          -0.647606,
          4.654335
        ],
        [
          0.038305,
          -0.868159,
          -0.494807,
          1.488137
        ],
        [
          0.0,
          0.0,
          0.0,
          1.0
        ]
      ]
    },
    {
      "file_path": "/media/NFS/ttao/scannet/posed_images/scene0176_00/00142.jpg",
      "transform_matrix": [
        [
          -0.763839,
          -0.312029,
          0.564967,
          0.618628
        ],
        [
          -0.644968,
          0.336763,
          -0.686008,
          4.666142
        ],
        [
          0.023795,
          -0.888385,
          -0.458481,
          1.495361
        ],
        [
          0.0,
          0.0,
          0.0,
          1.0
        ]
      ]
    },
    {
      "file_path": "/media/NFS/ttao/scannet/posed_images/scene0176_00/00143.jpg",
      "transform_matrix": [
        [
          -0.772776,
          -0.298787,
          0.559949,
          0.626505
        ],
        [
          -0.634278,
          0.33225,
          -0.69807,
          4.667991
        ],
        [
          0.022531,
          -0.894615,
          -0.446269,
          1.497142
        ],
        [
          0.0,
          0.0,
          0.0,
          1.0
        ]
      ]
    },
    {
      "file_path": "/media/NFS/ttao/scannet/posed_images/scene0176_00/00147.jpg",
      "transform_matrix": [
        [
          -0.815027,
          -0.257483,
          0.51907,
          0.665053
        ],
        [
          -0.578972,
          0.326563,
          -0.747093,
          4.675263
        ],
        [
          0.022855,
          -0.909428,
          -0.415233,
          1.508029
        ],
        [
          0.0,
          0.0,
          0.0,
          1.0
        ]
      ]
    },
    {
      "file_path": "/media/NFS/ttao/scannet/posed_images/scene0176_00/00150.jpg",
      "transform_matrix": [
        [
          -0.845017,
          -0.240294,
          0.477709,
          0.701124
        ],
        [
          -0.533365,
          0.314717,
          -0.78516,
          4.680734
        ],
        [
          0.038327,
          -0.918266,
          -0.394105,
          1.526617
        ],
        [
          0.0,
          0.0,
          0.0,
          1.0
        ]
      ]
    },
    {
      "file_path": "/media/NFS/ttao/scannet/posed_images/scene0176_00/00156.jpg",
      "transform_matrix": [
        [
          -0.885846,
          -0.200016,
          0.418653,
          0.738493
        ],
        [
          -0.460771,
          0.273308,
          -0.844389,
          4.683661
        ],
        [
          0.05447,
          -0.940902,
          -0.334271,
          1.542369
        ],
        [
          0.0,
          0.0,
          0.0,
          1.0
        ]
      ]
    },
    {
      "file_path": "/media/NFS/ttao/scannet/posed_images/scene0176_00/00159.jpg",
      "transform_matrix": [
        [
          -0.896962,
          -0.187698,
          0.400286,
          0.753282
        ],
        [
          -0.437882,
          0.252283,
          -0.86291,
          4.687083
        ],
        [
          0.060981,
          -0.949275,
          -0.308477,
          1.547113
        ],
        [
          0.0,
          0.0,
          0.0,
          1.0
        ]
      ]
    },
    {
      "file_path": "/media/NFS/ttao/scannet/posed_images/scene0176_00/00163.jpg",
      "transform_matrix": [
        [
          -0.910101,
          -0.182297,
          0.372134,
          0.783605
        ],
        [
          -0.407975,
          0.23682,
          -0.881744,
          4.696669
        ],
        [
          0.072611,
          -0.954298,
          -0.289903,
          1.549186
        ],
        [
          0.0,
          0.0,
          0.0,
          1.0
        ]
      ]
    },
    {
      "file_path": "/media/NFS/ttao/scannet/posed_images/scene0176_00/00164.jpg",
      "transform_matrix": [
        [
          -0.911415,
          -0.184686,
          0.367715,
          0.788977
        ],
        [
          -0.404112,
          0.23328,
          -0.884463,
          4.699285
        ],
        [
          0.077568,
          -0.95471,
          -0.287249,
          1.549329
        ],
        [
          0.0,
          0.0,
          0.0,
          1.0
        ]
      ]
    },
    {
      "file_path": "/media/NFS/ttao/scannet/posed_images/scene0176_00/00168.jpg",
      "transform_matrix": [
        [
          -0.918046,
          -0.194608,
          0.345425,
          0.80955
        ],
        [
          -0.384867,
          0.228174,
          -0.894323,
          4.700239
        ],
        [
          0.095225,
          -0.953973,
          -0.284373,
          1.541808
        ],
        [
          0.0,
          0.0,
          0.0,
          1.0
        ]
      ]
    },
    {
      "file_path": "/media/NFS/ttao/scannet/posed_images/scene0176_00/00171.jpg",
      "transform_matrix": [
        [
          -0.930968,
          -0.190305,
          0.31158,
          0.835277
        ],
        [
          -0.351027,
          0.231901,
          -0.907195,
          4.6962
        ],
        [
          0.100388,
          -0.953943,
          -0.282694,
          1.543497
        ],
        [
          0.0,
          0.0,
          0.0,
          1.0
        ]
      ]
    },
    {
      "file_path": "/media/NFS/ttao/scannet/posed_images/scene0176_00/00177.jpg",
      "transform_matrix": [
        [
          -0.941301,
          -0.170616,
          0.291278,
          0.874192
        ],
        [
          -0.324655,
          0.221175,
          -0.919609,
          4.679008
        ],
        [
          0.092476,
          -0.960194,
          -0.263584,
          1.543864
        ],
        [
          0.0,
          0.0,
          0.0,
          1.0
        ]
      ]
    },
    {
      "file_path": "/media/NFS/ttao/scannet/posed_images/scene0176_00/00179.jpg",
      "transform_matrix": [
        [
          -0.941814,
          -0.169832,
          0.290076,
          0.8924
        ],
        [
          -0.323419,
          0.222732,
          -0.919669,
          4.66703
        ],
        [
          0.09158,
          -0.959973,
          -0.264699,
          1.541379
        ],
        [
          0.0,
          0.0,
          0.0,
          1.0
        ]
      ]
    },
    {
      "file_path": "/media/NFS/ttao/scannet/posed_images/scene0176_00/00182.jpg",
      "transform_matrix": [
        [
          -0.942816,
          -0.166303,
          0.288862,
          0.932838
        ],
        [
          -0.321206,
          0.221853,
          -0.920656,
          4.649518
        ],
        [
          0.089023,
          -0.960794,
          -0.262584,
          1.531798
        ],
        [
          0.0,
          0.0,
          0.0,
          1.0
        ]
      ]
    },
    {
      "file_path": "/media/NFS/ttao/scannet/posed_images/scene0176_00/00188.jpg",
      "transform_matrix": [
        [
          -0.953388,
          -0.133353,
          0.270681,
          0.994026
        ],
        [
          -0.295384,
          0.229198,
          -0.927479,
          4.585817
        ],
        [
          0.061642,
          -0.964202,
          -0.257905,
          1.53264
        ],
        [
          0.0,
          0.0,
          0.0,
          1.0
        ]
      ]
    },
    {
      "file_path": "/media/NFS/ttao/scannet/posed_images/scene0176_00/00189.jpg",
      "transform_matrix": [
        [
          -0.957007,
          -0.130557,
          0.259021,
          1.001863
        ],
        [
          -0.283499,
          0.232085,
          -0.930465,
          4.573935
        ],
        [
          0.061364,
          -0.963894,
          -0.25912,
          1.530064
        ],
        [
          0.0,
          0.0,
          0.0,
          1.0
        ]
      ]
    },
    {
      "file_path": "/media/NFS/ttao/scannet/posed_images/scene0176_00/00195.jpg",
      "transform_matrix": [
        [
          -0.964125,
          -0.144717,
          0.222532,
          1.063493
        ],
        [
          -0.254764,
          0.269,
          -0.928835,
          4.513639
        ],
        [
          0.074557,
          -0.952206,
          -0.296219,
          1.535861
        ],
        [
          0.0,
          0.0,
          0.0,
          1.0
        ]
      ]
    },
    {
      "file_path": "/media/NFS/ttao/scannet/posed_images/scene0176_00/00199.jpg",
      "transform_matrix": [
        [
          -0.972551,
          -0.138827,
          0.186738,
          1.087899
        ],
        [
          -0.218847,
          0.273068,
          -0.936771,
          4.478835
        ],
        [
          0.079056,
          -0.951925,
          -0.295955,
          1.538686
        ],
        [
          0.0,
          0.0,
          0.0,
          1.0
        ]
      ]
    },
    {
      "file_path": "/media/NFS/ttao/scannet/posed_images/scene0176_00/00200.jpg",
      "transform_matrix": [
        [
          -0.974503,
          -0.138362,
          0.176639,
          1.09549
        ],
        [
          -0.20912,
          0.274725,
          -0.938507,
          4.474442
        ],
        [
          0.081326,
          -0.951516,
          -0.296654,
          1.541347
        ],
        [
          0.0,
          0.0,
          0.0,
          1.0
        ]
      ]
    },
    {
      "file_path": "/media/NFS/ttao/scannet/posed_images/scene0176_00/00203.jpg",
      "transform_matrix": [
        [
          -0.982365,
          -0.122866,
          0.140937,
          1.103508
        ],
        [
          -0.170048,
          0.273717,
          -0.946659,
          4.45517
        ],
        [
          0.077735,
          -0.95393,
          -0.289783,
          1.538361
        ],
        [
          0.0,
          0.0,
          0.0,
          1.0
        ]
      ]
    },
    {
      "file_path": "/media/NFS/ttao/scannet/posed_images/scene0176_00/00209.jpg",
      "transform_matrix": [
        [
          -0.994158,
          -0.077141,
          0.075492,
          1.123592
        ],
        [
          -0.09464,
          0.286728,
          -0.953326,
          4.423932
        ],
        [
          0.051895,
          -0.954901,
          -0.292353,
          1.545507
        ],
        [
          0.0,
          0.0,
          0.0,
          1.0
        ]
      ]
    },
    {
      "file_path": "/media/NFS/ttao/scannet/posed_images/scene0176_00/00212.jpg",
      "transform_matrix": [
        [
          -0.995485,
          -0.077181,
          0.055256,
          1.149665
        ],
        [
          -0.075412,
          0.289533,
          -0.954193,
          4.421659
        ],
        [
          0.057647,
          -0.954051,
          -0.294046,
          1.548983
        ],
        [
          0.0,
          0.0,
          0.0,
          1.0
        ]
      ]
    },
    {
      "file_path": "/media/NFS/ttao/scannet/posed_images/scene0176_00/00217.jpg",
      "transform_matrix": [
        [
          -0.995763,
          -0.082159,
          0.041311,
          1.167981
        ],
        [
          -0.06339,
          0.28779,
          -0.955593,
          4.421082
        ],
        [
          0.066621,
          -0.954163,
          -0.291779,
          1.544177
        ],
        [
          0.0,
          0.0,
          0.0,
          1.0
        ]
      ]
    },
    {
      "file_path": "/media/NFS/ttao/scannet/posed_images/scene0176_00/00218.jpg",
      "transform_matrix": [
        [
          -0.995499,
          -0.08539,
          0.041119,
          1.169362
        ],
        [
          -0.064075,
          0.286715,
          -0.955871,
          4.421722
        ],
        [
          0.069833,
          -0.954203,
          -0.290896,
          1.544063
        ],
        [
          0.0,
          0.0,
          0.0,
          1.0
        ]
      ]
    },
    {
      "file_path": "/media/NFS/ttao/scannet/posed_images/scene0176_00/00221.jpg",
      "transform_matrix": [
        [
          -0.995029,
          -0.091733,
          0.038767,
          1.190174
        ],
        [
          -0.063964,
          0.290321,
          -0.954789,
          4.423299
        ],
        [
          0.076331,
          -0.952522,
          -0.294745,
          1.546322
        ],
        [
          0.0,
          0.0,
          0.0,
          1.0
        ]
      ]
    },
    {
      "file_path": "/media/NFS/ttao/scannet/posed_images/scene0176_00/00226.jpg",
      "transform_matrix": [
        [
          -0.993187,
          -0.099564,
          0.060549,
          1.206143
        ],
        [
          -0.087978,
          0.299942,
          -0.949892,
          4.429698
        ],
        [
          0.076414,
          -0.948748,
          -0.306658,
          1.541895
        ],
        [
          0.0,
          0.0,
          0.0,
          1.0
        ]
      ]
    },
    {
      "file_path": "/media/NFS/ttao/scannet/posed_images/scene0176_00/00229.jpg",
      "transform_matrix": [
        [
          -0.990678,
          -0.106344,
          0.085135,
          1.211823
        ],
        [
          -0.113519,
          0.299006,
          -0.947475,
          4.435407
        ],
        [
          0.075303,
          -0.948307,
          -0.308291,
          1.53556
        ],
        [
          0.0,
          0.0,
          0.0,
          1.0
        ]
      ]
    },
    {
      "file_path": "/media/NFS/ttao/scannet/posed_images/scene0176_00/00232.jpg",
      "transform_matrix": [
        [
          -0.98341,
          -0.125818,
          0.130674,
          1.207624
        ],
        [
          -0.164344,
          0.313007,
          -0.935424,
          4.435592
        ],
        [
          0.076792,
          -0.94138,
          -0.328491,
          1.531187
        ],
        [
          0.0,
          0.0,
          0.0,
          1.0
        ]
      ]
    },
    {
      "file_path": "/media/NFS/ttao/scannet/posed_images/scene0176_00/00236.jpg",
      "transform_matrix": [
        [
          -0.973021,
          -0.165553,
          0.160696,
          1.197262
        ],
        [
          -0.20886,
          0.336125,
          -0.918367,
          4.428579
        ],
        [
          0.098025,
          -0.927153,
          -0.361634,
          1.5204
        ],
        [
          0.0,
          0.0,
          0.0,
          1.0
        ]
      ]
    },
    {
      "file_path": "/media/NFS/ttao/scannet/posed_images/scene0176_00/00240.jpg",
      "transform_matrix": [
        [
          -0.957099,
          -0.19487,
          0.214445,
          1.160042
        ],
        [
          -0.272171,
          0.350682,
          -0.896072,
          4.407734
        ],
        [
          0.099415,
          -0.915996,
          -0.388676,
          1.508665
        ],
        [
          0.0,
          0.0,
          0.0,
          1.0
        ]
      ]
    },
    {
      "file_path": "/media/NFS/ttao/scannet/posed_images/scene0176_00/00243.jpg",
      "transform_matrix": [
        [
          -0.940568,
          -0.214293,
          0.263458,
          1.130002
        ],
        [
          -0.326376,
          0.355973,
          -0.875649,
          4.395411
        ],
        [
          0.093862,
          -0.909594,
          -0.404757,
          1.504965
        ],
        [
          0.0,
          0.0,
          0.0,
          1.0
        ]
      ]
    },
    {
      "file_path": "/media/NFS/ttao/scannet/posed_images/scene0176_00/00248.jpg",
      "transform_matrix": [
        [
          -0.892917,
          -0.253381,
          0.372152,
          1.059745
        ],
        [
          -0.438143,
          0.298866,
          -0.847767,
          4.370676
        ],
        [
          0.103585,
          -0.920042,
          -0.37788,
          1.516269
        ],
        [
          0.0,
          0.0,
          0.0,
          1.0
        ]
      ]
    },
    {
      "file_path": "/media/NFS/ttao/scannet/posed_images/scene0176_00/00250.jpg",
      "transform_matrix": [
        [
          -0.871242,
          -0.262659,
          0.414666,
          1.026154
        ],
        [
          -0.480289,
          0.281843,
          -0.830595,
          4.357306
        ],
        [
          0.101292,
          -0.922808,
          -0.371705,
          1.519729
        ],
        [
          0.0,
          0.0,
          0.0,
          1.0
        ]
      ]
    },
    {
      "file_path": "/media/NFS/ttao/scannet/posed_images/scene0176_00/00255.jpg",
      "transform_matrix": [
        [
          -0.80772,
          -0.278338,
          0.519728,
          0.97896
        ],
        [
          -0.583987,
          0.256724,
          -0.770099,
          4.332049
        ],
        [
          0.080921,
          -0.925538,
          -0.369907,
          1.534579
        ],
        [
          0.0,
          0.0,
          0.0,
          1.0
        ]
      ]
    },
    {
      "file_path": "/media/NFS/ttao/scannet/posed_images/scene0176_00/00260.jpg",
      "transform_matrix": [
        [
          -0.77922,
          -0.221708,
          0.586226,
          0.945498
        ],
        [
          -0.625817,
          0.224197,
          -0.747054,
          4.284097
        ],
        [
          0.034198,
          -0.94899,
          -0.313448,
          1.568232
        ],
        [
          0.0,
          0.0,
          0.0,
          1.0
        ]
      ]
    },
    {
      "file_path": "/media/NFS/ttao/scannet/posed_images/scene0176_00/00261.jpg",
      "transform_matrix": [
        [
          -0.773519,
          -0.208007,
          0.598667,
          0.940416
        ],
        [
          -0.633184,
          0.212909,
          -0.744142,
          4.272593
        ],
        [
          0.027325,
          -0.954674,
          -0.296396,
          1.576386
        ],
        [
          0.0,
          0.0,
          0.0,
          1.0
        ]
      ]
    },
    {
      "file_path": "/media/NFS/ttao/scannet/posed_images/scene0176_00/00266.jpg",
      "transform_matrix": [
        [
          -0.756938,
          -0.171157,
          0.630674,
          0.948628
        ],
        [
          -0.652773,
          0.152946,
          -0.741954,
          4.222922
        ],
        [
          0.030532,
          -0.9733,
          -0.227497,
          1.603397
        ],
        [
          0.0,
          0.0,
          0.0,
          1.0
        ]
      ]
    },
    {
      "file_path": "/media/NFS/ttao/scannet/posed_images/scene0176_00/00267.jpg",
      "transform_matrix": [
        [
          -0.751454,
          -0.166893,
          0.638329,
          0.951128
        ],
        [
          -0.658645,
          0.132888,
          -0.740627,
          4.208914
        ],
        [
          0.038779,
          -0.976979,
          -0.209782,
          1.61186
        ],
        [
          0.0,
          0.0,
          0.0,
          1.0
        ]
      ]
    },
    {
      "file_path": "/media/NFS/ttao/scannet/posed_images/scene0176_00/00274.jpg",
      "transform_matrix": [
        [
          -0.702074,
          -0.116065,
          0.702582,
          0.943537
        ],
        [
          -0.711519,
          0.074346,
          -0.698723,
          4.137627
        ],
        [
          0.028863,
          -0.990455,
          -0.134779,
          1.592996
        ],
        [
          0.0,
          0.0,
          0.0,
          1.0
        ]
      ]
    },
    {
      "file_path": "/media/NFS/ttao/scannet/posed_images/scene0176_00/00275.jpg",
      "transform_matrix": [
        [
          -0.692056,
          -0.119409,
          0.711899,
          0.939692
        ],
        [
          -0.721185,
          0.072261,
          -0.688963,
          4.123549
        ],
        [
