{
  "frames": [
    {
      "file_path": "/media/NFS/ttao/scannet/posed_images/scene0259_01/00000.jpg",
      "transform_matrix": [
        [
          0.860094,
          -0.174652,
          0.479306,
          2.265031
        ],
        [
          -0.509946,
          -0.268759,
          0.817144,
          5.315369
        ],
        [
          -0.013898,
          -0.947241,
          -0.320222,
          1.419853
        ],
        [
          0.0,
          0.0,
          0.0,
          1.0
        ]
      ]
    },
    {
      "file_path": "/media/NFS/ttao/scannet/posed_images/scene0259_01/00001.jpg",
      "transform_matrix": [
        [
          0.853818,
          -0.174722,
          0.490374,
          2.264404
        ],
        [
          -0.520341,
          -0.258394,
          0.813928,
          5.315445
        ],
        [
          -0.015501,
          -0.950108,
          -0.311536,
          1.41588
        ],
        [
          0.0,
          0.0,
          0.0,
          1.0
        ]
      ]
    },
    {
      "file_path": "/media/NFS/ttao/scannet/posed_images/scene0259_01/00002.jpg",
      "transform_matrix": [
        [
          0.846692,
          -0.176982,
          0.501786,
          2.282909
        ],
        [
          -0.531825,
          -0.252152,
          0.808444,
          5.309497
        ],
        [
          -0.016554,
          -0.951366,
          -0.307619,
          1.426083
        ],
        [
          0.0,
          0.0,
          0.0,
          1.0
        ]
      ]
    },
    {
      "file_path": "/media/NFS/ttao/scannet/posed_images/scene0259_01/00004.jpg",
      "transform_matrix": [
        [
          0.835512,
          -0.177364,
          0.520059,
          2.274228
        ],
        [
          -0.549317,
          -0.247166,
          0.798223,
          5.316916
        ],
        [
          -0.013035,
          -0.952602,
          -0.303939,
          1.413665
        ],
        [
          0.0,
          0.0,
          0.0,
          1.0
        ]
      ]
    },
    {
      "file_path": "/media/NFS/ttao/scannet/posed_images/scene0259_01/00005.jpg",
      "transform_matrix": [
        [
          0.833178,
          -0.179345,
          0.523115,
          2.278101
        ],
        [
          -0.552936,
          -0.255268,
          0.793158,
          5.321464
        ],
        [
          -0.008715,
          -0.950091,
          -0.31185,
          1.424083
        ],
        [
          0.0,
          0.0,
          0.0,
          1.0
        ]
      ]
    },
    {
      "file_path": "/media/NFS/ttao/scannet/posed_images/scene0259_01/00007.jpg",
      "transform_matrix": [
        [
          0.832538,
          -0.180394,
          0.523773,
          2.282677
        ],
        [
          -0.553947,
          -0.262998,
          0.789921,
          5.324547
        ],
        [
          -0.004746,
          -0.947782,
          -0.318884,
          1.414919
        ],
        [
          0.0,
          0.0,
          0.0,
          1.0
        ]
      ]
    },
    {
      "file_path": "/media/NFS/ttao/scannet/posed_images/scene0259_01/00009.jpg",
      "transform_matrix": [
        [
          0.834001,
          -0.186069,
          0.519443,
          2.292663
        ],
        [
          -0.55174,
          -0.272625,
          0.788199,
          5.331695
        ],
        [
          -0.005046,
          -0.943957,
          -0.330031,
          1.424155
        ],
        [
          0.0,
          0.0,
          0.0,
          1.0
        ]
      ]
    },
    {
      "file_path": "/media/NFS/ttao/scannet/posed_images/scene0259_01/00010.jpg",
      "transform_matrix": [
        [
          0.831759,
          -0.191775,
          0.520959,
          2.290646
        ],
        [
          -0.554996,
          -0.266155,
          0.788125,
          5.338697
        ],
        [
          -0.012487,
          -0.944661,
          -0.327811,
          1.415179
        ],
        [
          0.0,
          0.0,
          0.0,
          1.0
        ]
      ]
    },
    {
      "file_path": "/media/NFS/ttao/scannet/posed_images/scene0259_01/00011.jpg",
      "transform_matrix": [
        [
          0.831092,
          -0.196806,
          0.520148,
          2.292372
        ],
        [
          -0.555829,
          -0.262909,
          0.788627,
          5.341484
        ],
        [
          -0.018455,
          -0.944535,
          -0.327892,
          1.414162
        ],
        [
          0.0,
          0.0,
          0.0,
          1.0
        ]
      ]
    },
    {
      "file_path": "/media/NFS/ttao/scannet/posed_images/scene0259_01/00012.jpg",
      "transform_matrix": [
        [
          0.830444,
          -0.202047,
          0.519173,
          2.296706
        ],
        [
          -0.556598,
          -0.261249,
          0.788637,
          5.345023
        ],
        [
          -0.023708,
          -0.943889,
          -0.329412,
          1.41922
        ],
        [
          0.0,
          0.0,
          0.0,
          1.0
        ]
      ]
    },
    {
      "file_path": "/media/NFS/ttao/scannet/posed_images/scene0259_01/00014.jpg",
      "transform_matrix": [
        [
          0.827981,
          -0.214312,
          0.518186,
          2.303667
        ],
        [
          -0.559422,
          -0.252005,
          0.789645,
          5.347567
        ],
        [
          -0.038645,
          -0.943697,
          -0.328547,
          1.419299
        ],
        [
          0.0,
          0.0,
          0.0,
          1.0
        ]
      ]
    },
    {
      "file_path": "/media/NFS/ttao/scannet/posed_images/scene0259_01/00015.jpg",
      "transform_matrix": [
        [
          0.826524,
          -0.218055,
          0.518951,
          2.309679
        ],
        [
          -0.561242,
          -0.248496,
          0.789467,
          5.352745
        ],
        [
          -0.04319,
          -0.94377,
          -0.327769,
          1.420852
        ],
        [
          0.0,
          0.0,
          0.0,
          1.0
        ]
      ]
    },
    {
      "file_path": "/media/NFS/ttao/scannet/posed_images/scene0259_01/00017.jpg",
      "transform_matrix": [
        [
          0.819701,
          -0.219146,
          0.529212,
          2.321429
        ],
        [
          -0.570991,
          -0.239419,
          0.785269,
          5.35502
        ],
        [
          -0.045385,
          -0.945861,
          -0.321383,
          1.42262
        ],
        [
          0.0,
          0.0,
          0.0,
          1.0
        ]
      ]
    },
    {
      "file_path": "/media/NFS/ttao/scannet/posed_images/scene0259_01/00018.jpg",
      "transform_matrix": [
        [
          0.815822,
          -0.219498,
          0.535027,
          2.328881
        ],
        [
          -0.576429,
          -0.234225,
          0.782859,
          5.354724
        ],
        [
          -0.046519,
          -0.947079,
          -0.317612,
          1.421963
        ],
        [
          0.0,
          0.0,
          0.0,
          1.0
        ]
      ]
    },
    {
      "file_path": "/media/NFS/ttao/scannet/posed_images/scene0259_01/00020.jpg",
      "transform_matrix": [
        [
          0.812354,
          -0.219253,
          0.540379,
          2.348876
        ],
        [
          -0.581177,
          -0.227931,
          0.781205,
          5.355474
        ],
        [
          -0.048113,
          -0.94867,
          -0.312586,
          1.433843
        ],
        [
          0.0,
          0.0,
          0.0,
          1.0
        ]
      ]
    },
    {
      "file_path": "/media/NFS/ttao/scannet/posed_images/scene0259_01/00021.jpg",
      "transform_matrix": [
        [
          0.811366,
          -0.219407,
          0.541799,
          2.35466
        ],
        [
          -0.58265,
          -0.229099,
          0.779765,
          5.359225
        ],
        [
          -0.04696,
          -0.948353,
          -0.313721,
          1.438132
        ],
        [
          0.0,
          0.0,
          0.0,
          1.0
        ]
      ]
    },
    {
      "file_path": "/media/NFS/ttao/scannet/posed_images/scene0259_01/00023.jpg",
      "transform_matrix": [
        [
          0.807131,
          -0.214475,
          0.550037,
          2.361793
        ],
        [
          -0.588662,
          -0.221498,
          0.777442,
          5.364869
        ],
        [
          -0.04491,
          -0.951283,
          -0.305031,
          1.434865
        ],
        [
          0.0,
          0.0,
          0.0,
          1.0
        ]
      ]
    },
    {
      "file_path": "/media/NFS/ttao/scannet/posed_images/scene0259_01/00024.jpg",
      "transform_matrix": [
        [
          0.807422,
          -0.215267,
          0.549299,
          2.370155
        ],
        [
          -0.588189,
          -0.221333,
          0.777847,
          5.365682
        ],
        [
          -0.045867,
          -0.951142,
          -0.305327,
          1.43732
        ],
        [
          0.0,
          0.0,
          0.0,
          1.0
        ]
      ]
    },
    {
      "file_path": "/media/NFS/ttao/scannet/posed_images/scene0259_01/00025.jpg",
      "transform_matrix": [
        [
          0.808614,
          -0.217233,
          0.546766,
          2.375828
        ],
        [
          -0.586503,
          -0.224243,
          0.778286,
          5.367064
        ],
        [
          -0.046461,
          -0.950013,
          -0.308734,
          1.438321
        ],
        [
          0.0,
          0.0,
          0.0,
          1.0
        ]
      ]
    },
    {
      "file_path": "/media/NFS/ttao/scannet/posed_images/scene0259_01/00027.jpg",
      "transform_matrix": [
        [
          0.81134,
          -0.213649,
          0.544134,
          2.380457
        ],
        [
          -0.583171,
          -0.231359,
          0.778707,
          5.373857
        ],
        [
          -0.040479,
          -0.949119,
          -0.312305,
          1.432564
        ],
        [
          0.0,
          0.0,
          0.0,
          1.0
        ]
      ]
    },
    {
      "file_path": "/media/NFS/ttao/scannet/posed_images/scene0259_01/00029.jpg",
      "transform_matrix": [
        [
          0.816016,
          -0.20503,
          0.540445,
          2.391603
        ],
        [
          -0.577074,
          -0.23524,
          0.782079,
          5.376903
        ],
        [
          -0.033215,
          -0.950066,
          -0.310277,
          1.431565
        ],
        [
          0.0,
          0.0,
          0.0,
          1.0
        ]
      ]
    },
    {
      "file_path": "/media/NFS/ttao/scannet/posed_images/scene0259_01/00030.jpg",
      "transform_matrix": [
        [
          0.817526,
          -0.203236,
          0.538838,
          2.399731
        ],
        [
          -0.57506,
          -0.237808,
          0.782786,
          5.378901
        ],
        [
          -0.030951,
          -0.949812,
          -0.311287,
          1.435914
        ],
        [
          0.0,
          0.0,
          0.0,
          1.0
        ]
      ]
    },
    {
      "file_path": "/media/NFS/ttao/scannet/posed_images/scene0259_01/00031.jpg",
      "transform_matrix": [
        [
          0.818888,
          -0.198896,
          0.538389,
          2.405254
        ],
        [
          -0.57324,
          -0.236666,
          0.784465,
          5.375382
        ],
        [
          -0.028608,
          -0.951015,
          -0.307818,
          1.423728
        ],
        [
          0.0,
          0.0,
          0.0,
          1.0
        ]
      ]
    },
    {
      "file_path": "/media/NFS/ttao/scannet/posed_images/scene0259_01/00033.jpg",
      "transform_matrix": [
        [
          0.811351,
          -0.200722,
          0.549017,
          2.409066
        ],
        [
          -0.584129,
          -0.242372,
          0.774629,
          5.383376
        ],
        [
          -0.022418,
          -0.949193,
          -0.313896,
          1.419898
        ],
        [
          0.0,
          0.0,
          0.0,
          1.0
        ]
      ]
    },
    {
      "file_path": "/media/NFS/ttao/scannet/posed_images/scene0259_01/00034.jpg",
      "transform_matrix": [
        [
          0.805072,
          -0.207286,
          0.55578,
          2.418664
        ],
        [
          -0.592665,
          -0.242161,
          0.768184,
          5.383501
        ],
        [
          -0.024645,
          -0.947835,
          -0.317809,
          1.419869
        ],
        [
          0.0,
          0.0,
          0.0,
          1.0
        ]
      ]
    },
    {
      "file_path": "/media/NFS/ttao/scannet/posed_images/scene0259_01/00036.jpg",
      "transform_matrix": [
        [
          0.789127,
          -0.215795,
          0.575075,
          2.433139
        ],
        [
          -0.613752,
          -0.240097,
          0.752105,
          5.387941
        ],
        [
          -0.024226,
          -0.94646,
          -0.321912,
          1.415325
        ],
        [
          0.0,
          0.0,
          0.0,
          1.0
        ]
      ]
    },
    {
      "file_path": "/media/NFS/ttao/scannet/posed_images/scene0259_01/00037.jpg",
      "transform_matrix": [
        [
          0.781011,
          -0.224196,
          0.582887,
          2.440809
        ],
        [
          -0.623934,
          -0.239801,
          0.743775,
          5.38908
        ],
        [
          -0.026975,
          -0.94458,
          -0.327171,
          1.41681
        ],
        [
          0.0,
          0.0,
          0.0,
          1.0
        ]
      ]
    },
    {
      "file_path": "/media/NFS/ttao/scannet/posed_images/scene0259_01/00038.jpg",
      "transform_matrix": [
        [
          0.772758,
          -0.23514,
          0.589537,
          2.44556
        ],
        [
          -0.634063,
          -0.244376,
          0.733652,
          5.392646
        ],
        [
          -0.028442,
          -0.940739,
          -0.337937,
          1.413705
        ],
        [
          0.0,
          0.0,
          0.0,
          1.0
        ]
      ]
    },
    {
      "file_path": "/media/NFS/ttao/scannet/posed_images/scene0259_01/00040.jpg",
      "transform_matrix": [
        [
          0.756785,
          -0.256571,
          0.601205,
          2.466257
        ],
        [
          -0.652832,
          -0.250298,
          0.714955,
          5.389818
        ],
        [
          -0.032956,
          -0.933554,
          -0.356919,
          1.413562
        ],
        [
          0.0,
          0.0,
          0.0,
          1.0
        ]
      ]
    },
    {
      "file_path": "/media/NFS/ttao/scannet/posed_images/scene0259_01/00042.jpg",
      "transform_matrix": [
        [
          0.737844,
          -0.262192,
          0.621965,
          2.479172
        ],
        [
          -0.674458,
          -0.250493,
          0.694521,
          5.38529
        ],
        [
          -0.0263,
          -0.931938,
          -0.361662,
          1.399927
        ],
        [
          0.0,
          0.0,
          0.0,
          1.0
        ]
      ]
    },
    {
      "file_path": "/media/NFS/ttao/scannet/posed_images/scene0259_01/00043.jpg",
      "transform_matrix": [
        [
          0.727397,
          -0.263723,
          0.633517,
          2.482706
        ],
        [
          -0.685831,
          -0.248439,
          0.684042,
          5.386401
        ],
        [
          -0.023007,
          -0.932056,
          -0.361583,
          1.398533
        ],
        [
          0.0,
          0.0,
          0.0,
          1.0
        ]
      ]
    },
    {
      "file_path": "/media/NFS/ttao/scannet/posed_images/scene0259_01/00044.jpg",
      "transform_matrix": [
        [
          0.715781,
          -0.266286,
          0.645561,
          2.483142
        ],
        [
          -0.697947,
          -0.242374,
          0.673888,
          5.389238
        ],
        [
          -0.022979,
          -0.932924,
          -0.359341,
          1.397484
        ],
        [
          0.0,
          0.0,
          0.0,
          1.0
        ]
      ]
    },
    {
      "file_path": "/media/NFS/ttao/scannet/posed_images/scene0259_01/00046.jpg",
      "transform_matrix": [
        [
          0.691643,
          -0.279204,
          0.666089,
          2.482253
        ],
        [
          -0.721884,
          -0.23832,
          0.649682,
          5.396037
        ],
        [
          -0.022651,
          -0.930187,
          -0.366386,
          1.390405
        ],
        [
          0.0,
          0.0,
          0.0,
          1.0
        ]
      ]
    },
    {
      "file_path": "/media/NFS/ttao/scannet/posed_images/scene0259_01/00047.jpg",
      "transform_matrix": [
        [
          0.67648,
          -0.287464,
          0.678041,
          2.482699
        ],
        [
          -0.736056,
          -0.233388,
          0.635414,
          5.397346
        ],
        [
          -0.024412,
          -0.928921,
          -0.369472,
          1.38884
        ],
        [
          0.0,
          0.0,
          0.0,
          1.0
        ]
      ]
    },
    {
      "file_path": "/media/NFS/ttao/scannet/posed_images/scene0259_01/00049.jpg",
      "transform_matrix": [
        [
          0.64279,
          -0.298279,
          0.705585,
          2.477547
        ],
        [
          -0.765786,
          -0.226394,
          0.601928,
          5.407159
        ],
        [
          -0.019802,
          -0.927241,
          -0.373942,
          1.387907
        ],
        [
          0.0,
          0.0,
          0.0,
          1.0
        ]
      ]
    },
    {
      "file_path": "/media/NFS/ttao/scannet/posed_images/scene0259_01/00050.jpg",
      "transform_matrix": [
        [
          0.620081,
          -0.30601,
          0.722397,
          2.469376
        ],
        [
          -0.784329,
          -0.220575,
          0.579805,
          5.420217
        ],
        [
          -0.018084,
          -0.926123,
          -0.376787,
          1.394411
        ],
        [
          0.0,
          0.0,
          0.0,
          1.0
        ]
      ]
    },
    {
      "file_path": "/media/NFS/ttao/scannet/posed_images/scene0259_01/00051.jpg",
      "transform_matrix": [
        [
          0.604588,
          -0.305598,
          0.735583,
          2.468773
        ],
        [
          -0.796257,
          -0.207359,
          0.56831,
          5.411719
        ],
        [
          -0.021145,
          -0.929308,
          -0.368701,
          1.377226
        ],
        [
          0.0,
          0.0,
          0.0,
          1.0
        ]
      ]
    },
    {
      "file_path": "/media/NFS/ttao/scannet/posed_images/scene0259_01/00053.jpg",
      "transform_matrix": [
        [
          0.566338,
          -0.328995,
          0.755661,
          2.458437
        ],
        [
          -0.823436,
          -0.187101,
          0.535674,
          5.418697
        ],
        [
          -0.034849,
          -0.925611,
          -0.376868,
          1.380563
        ],
        [
          0.0,
          0.0,
          0.0,
          1.0
        ]
      ]
    },
    {
      "file_path": "/media/NFS/ttao/scannet/posed_images/scene0259_01/00055.jpg",
      "transform_matrix": [
        [
          0.534593,
          -0.351618,
          0.768489,
          2.444216
        ],
        [
          -0.843766,
          -0.170808,
          0.508807,
          5.426565
        ],
        [
          -0.047642,
          -0.920429,
          -0.387996,
          1.385166
        ],
        [
          0.0,
          0.0,
          0.0,
          1.0
        ]
      ]
    },
    {
      "file_path": "/media/NFS/ttao/scannet/posed_images/scene0259_01/00056.jpg",
      "transform_matrix": [
        [
          0.517618,
          -0.35515,
          0.778421,
          2.438038
        ],
        [
          -0.854385,
          -0.165853,
          0.492461,
          5.432599
        ],
        [
          -0.045794,
          -0.919979,
          -0.389284,
          1.38573
        ],
        [
          0.0,
          0.0,
          0.0,
          1.0
        ]
      ]
    },
    {
      "file_path": "/media/NFS/ttao/scannet/posed_images/scene0259_01/00058.jpg",
      "transform_matrix": [
        [
          0.480538,
          -0.356839,
          0.801092,
          2.423542
        ],
        [
          -0.875958,
          -0.151352,
          0.458028,
          5.434422
        ],
        [
          -0.042195,
          -0.921824,
          -0.385306,
          1.389435
        ],
        [
          0.0,
          0.0,
          0.0,
          1.0
        ]
      ]
    },
    {
      "file_path": "/media/NFS/ttao/scannet/posed_images/scene0259_01/00059.jpg",
      "transform_matrix": [
        [
          0.464079,
          -0.359524,
          0.809551,
          2.415892
        ],
        [
          -0.884672,
          -0.142133,
          0.444021,
          5.430264
        ],
        [
          -0.044572,
          -0.922248,
          -0.384021,
          1.392341
        ],
        [
          0.0,
          0.0,
          0.0,
          1.0
        ]
      ]
    },
    {
      "file_path": "/media/NFS/ttao/scannet/posed_images/scene0259_01/00060.jpg",
      "transform_matrix": [
        [
          0.443289,
          -0.365177,
          0.818621,
          2.402114
        ],
        [
          -0.895195,
          -0.133426,
          0.425234,
          5.450239
        ],
        [
          -0.04606,
          -0.921327,
          -0.386051,
          1.402352
        ],
        [
          0.0,
          0.0,
          0.0,
          1.0
        ]
      ]
    },
    {
      "file_path": "/media/NFS/ttao/scannet/posed_images/scene0259_01/00061.jpg",
      "transform_matrix": [
        [
          0.432662,
          -0.370151,
          0.822065,
          2.396461
        ],
        [
          -0.899928,
          -0.122544,
          0.418464,
          5.443002
        ],
        [
          -0.054156,
          -0.920854,
          -0.386129,
          1.401837
        ],
        [
          0.0,
          0.0,
          0.0,
          1.0
        ]
      ]
    },
    {
      "file_path": "/media/NFS/ttao/scannet/posed_images/scene0259_01/00063.jpg",
      "transform_matrix": [
        [
          0.413659,
          -0.379817,
          0.82742,
          2.383728
        ],
        [
          -0.908657,
          -0.115511,
          0.401248,
          5.436152
        ],
        [
          -0.056825,
          -0.917821,
          -0.392906,
          1.39933
        ],
        [
          0.0,
          0.0,
          0.0,
          1.0
        ]
      ]
    },
    {
      "file_path": "/media/NFS/ttao/scannet/posed_images/scene0259_01/00065.jpg",
      "transform_matrix": [
        [
          0.388931,
          -0.381127,
          0.838734,
          2.372302
        ],
        [
          -0.920171,
          -0.116322,
          0.373837,
          5.43165
        ],
        [
          -0.044917,
          -0.917176,
          -0.395943,
          1.397422
        ],
        [
          0.0,
          0.0,
          0.0,
          1.0
        ]
      ]
    },
    {
      "file_path": "/media/NFS/ttao/scannet/posed_images/scene0259_01/00066.jpg",
      "transform_matrix": [
        [
          0.376985,
          -0.387974,
          0.841046,
          2.370265
        ],
        [
          -0.925141,
          -0.113934,
          0.362122,
          5.424108
        ],
        [
          -0.04467,
          -0.914601,
          -0.401882,
          1.397756
        ],
        [
          0.0,
          0.0,
          0.0,
          1.0
        ]
      ]
    },
    {
      "file_path": "/media/NFS/ttao/scannet/posed_images/scene0259_01/00068.jpg",
      "transform_matrix": [
        [
          0.355305,
          -0.395066,
          0.847161,
          2.364419
        ],
        [
          -0.933975,
          -0.113123,
          0.338961,
          5.413268
        ],
        [
          -0.038078,
          -0.911661,
          -0.409175,
          1.392452
        ],
        [
          0.0,
          0.0,
          0.0,
          1.0
        ]
      ]
    },
    {
      "file_path": "/media/NFS/ttao/scannet/posed_images/scene0259_01/00069.jpg",
      "transform_matrix": [
        [
          0.343794,
          -0.399582,
          0.849788,
          2.362967
        ],
        [
          -0.938351,
          -0.111391,
          0.327246,
          5.404103
        ],
        [
          -0.036103,
          -0.909905,
          -0.413243,
          1.389786
        ],
        [
          0.0,
          0.0,
          0.0,
          1.0
        ]
      ]
    },
    {
      "file_path": "/media/NFS/ttao/scannet/posed_images/scene0259_01/00071.jpg",
      "transform_matrix": [
        [
          0.309745,
          -0.404007,
          0.860718,
          2.360599
        ],
        [
          -0.95046,
          -0.106685,
          0.291964,
          5.411965
        ],
        [
          -0.02613,
          -0.908513,
          -0.417038,
          1.392984
        ],
        [
          0.0,
          0.0,
          0.0,
          1.0
        ]
      ]
    },
    {
      "file_path": "/media/NFS/ttao/scannet/posed_images/scene0259_01/00072.jpg",
      "transform_matrix": [
        [
          0.299393,
          -0.410136,
          0.861482,
          2.361361
        ],
        [
          -0.953702,
          -0.101605,
          0.283071,
          5.404793
        ],
        [
          -0.028567,
          -0.906347,
          -0.421568,
          1.391176
        ],
        [
          0.0,
          0.0,
          0.0,
          1.0
        ]
      ]
    },
    {
      "file_path": "/media/NFS/ttao/scannet/posed_images/scene0259_01/00073.jpg",
      "transform_matrix": [
        [
          0.290856,
          -0.419402,
          0.859945,
          2.360964
        ],
        [
          -0.956353,
          -0.101009,
          0.274201,
          5.401805
        ],
        [
          -0.028138,
          -0.902164,
          -0.430475,
          1.387527
        ],
        [
          0.0,
          0.0,
          0.0,
          1.0
        ]
      ]
    },
    {
      "file_path": "/media/NFS/ttao/scannet/posed_images/scene0259_01/00075.jpg",
      "transform_matrix": [
        [
          0.271533,
          -0.43759,
          0.857196,
          2.362264
        ],
        [
          -0.96217,
          -0.102778,
          0.252319,
          5.396514
        ],
        [
          -0.022311,
          -0.893281,
          -0.448944,
          1.382568
        ],
        [
          0.0,
          0.0,
          0.0,
          1.0
        ]
      ]
    },
    {
      "file_path": "/media/NFS/ttao/scannet/posed_images/scene0259_01/00076.jpg",
      "transform_matrix": [
        [
          0.259516,
          -0.441239,
          0.859046,
          2.362872
        ],
        [
          -0.965585,
          -0.102693,
          0.238954,
          5.389619
        ],
        [
          -0.017218,
          -0.891495,
          -0.452704,
          1.378242
        ],
        [
          0.0,
          0.0,
          0.0,
          1.0
        ]
      ]
    },
    {
      "file_path": "/media/NFS/ttao/scannet/posed_images/scene0259_01/00077.jpg",
      "transform_matrix": [
        [
          0.24331,
          -0.445794,
          0.861434,
          2.364893
        ],
        [
          -0.969868,
          -0.100355,
          0.222003,
          5.388141
        ],
        [
          -0.012518,
          -0.889493,
          -0.456778,
          1.376891
        ],
        [
          0.0,
          0.0,
          0.0,
          1.0
        ]
      ]
    },
    {
      "file_path": "/media/NFS/ttao/scannet/posed_images/scene0259_01/00079.jpg",
      "transform_matrix": [
        [
          0.220222,
          -0.456231,
          0.862181,
          2.371245
        ],
        [
          -0.975396,
          -0.093716,
          0.19955,
          5.380062
        ],
        [
          -0.010241,
          -0.884913,
          -0.465644,
          1.377256
        ],
        [
          0.0,
          0.0,
          0.0,
          1.0
        ]
      ]
    },
    {
      "file_path": "/media/NFS/ttao/scannet/posed_images/scene0259_01/00081.jpg",
      "transform_matrix": [
        [
          0.202278,
          -0.454959,
          0.867234,
          2.373552
        ],
        [
          -0.979296,
          -0.086777,
          0.182892,
          5.364319
        ],
        [
          -0.007953,
          -0.886274,
          -0.463092,
          1.3707
        ],
        [
          0.0,
          0.0,
          0.0,
          1.0
        ]
      ]
    },
    {
      "file_path": "/media/NFS/ttao/scannet/posed_images/scene0259_01/00082.jpg",
      "transform_matrix": [
        [
          0.181057,
          -0.455076,
          0.871851,
          2.379376
        ],
        [
          -0.983463,
          -0.079951,
          0.162504,
          5.35646
        ],
        [
          -0.004246,
          -0.886856,
          -0.462026,
          1.370224
        ],
        [
          0.0,
          0.0,
          0.0,
          1.0
        ]
      ]
    },
    {
      "file_path": "/media/NFS/ttao/scannet/posed_images/scene0259_01/00083.jpg",
      "transform_matrix": [
        [
          0.172043,
          -0.454108,
          0.874178,
          2.383219
        ],
        [
          -0.985088,
          -0.077555,
          0.153583,
          5.350333
        ],
        [
          -0.001947,
          -0.887565,
          -0.460679,
          1.371721
        ],
        [
          0.0,
          0.0,
          0.0,
          1.0
        ]
      ]
    },
    {
      "file_path": "/media/NFS/ttao/scannet/posed_images/scene0259_01/00084.jpg",
      "transform_matrix": [
        [
          0.162395,
          -0.449586,
          0.878351,
          2.386659
        ],
        [
          -0.986726,
          -0.0735,
          0.14481,
          5.346412
        ],
        [
          -0.000546,
          -0.890208,
          -0.455554,
          1.370638
        ],
        [
          0.0,
          0.0,
          0.0,
          1.0
        ]
      ]
    },
    {
      "file_path": "/media/NFS/ttao/scannet/posed_images/scene0259_01/00086.jpg",
      "transform_matrix": [
        [
          0.138559,
          -0.446845,
          0.883816,
          2.396593
        ],
        [
          -0.990334,
          -0.056876,
          0.126502,
          5.337136
        ],
        [
          -0.006259,
          -0.892801,
          -0.450407,
          1.376162
        ],
        [
          0.0,
          0.0,
          0.0,
          1.0
        ]
      ]
    },
    {
      "file_path": "/media/NFS/ttao/scannet/posed_images/scene0259_01/00088.jpg",
      "transform_matrix": [
        [
          0.117786,
          -0.445239,
          0.887631,
          2.407601
        ],
        [
          -0.992853,
          -0.035512,
          0.113936,
          5.325875
        ],
        [
          -0.019207,
          -0.894707,
          -0.44624,
          1.38144
        ],
        [
          0.0,
          0.0,
          0.0,
          1.0
        ]
      ]
    },
    {
      "file_path": "/media/NFS/ttao/scannet/posed_images/scene0259_01/00089.jpg",
      "transform_matrix": [
        [
          0.110599,
          -0.443162,
          0.889593,
          2.413879
        ],
        [
          -0.99355,
          -0.026778,
          0.110183,
          5.31812
        ],
        [
          -0.025008,
          -0.896042,
          -0.443265,
          1.386083
        ],
        [
          0.0,
          0.0,
          0.0,
          1.0
        ]
      ]
    },
    {
      "file_path": "/media/NFS/ttao/scannet/posed_images/scene0259_01/00091.jpg",
      "transform_matrix": [
        [
          0.089366,
          -0.436292,
          0.895356,
          2.424462
        ],
        [
          -0.995616,
          -0.014215,
          0.092446,
          5.315483
        ],
        [
          -0.027606,
          -0.899693,
          -0.43565,
          1.388187
        ],
        [
          0.0,
          0.0,
          0.0,
          1.0
        ]
      ]
    },
    {
      "file_path": "/media/NFS/ttao/scannet/posed_images/scene0259_01/00092.jpg",
      "transform_matrix": [
        [
          0.08006,
          -0.433408,
          0.897634,
          2.43089
        ],
        [
          -0.996296,
          -0.006435,
          0.085753,
          5.309876
        ],
        [
          -0.031389,
          -0.901175,
          -0.432318,
          1.390994
        ],
        [
          0.0,
          0.0,
          0.0,
          1.0
        ]
      ]
    },
    {
      "file_path": "/media/NFS/ttao/scannet/posed_images/scene0259_01/00094.jpg",
      "transform_matrix": [
        [
          0.065128,
          -0.430111,
          0.900424,
          2.445953
        ],
        [
          -0.997238,
          0.004221,
          0.074147,
          5.29635
        ],
        [
          -0.035691,
          -0.902766,
          -0.428648,
          1.395319
        ],
        [
          0.0,
          0.0,
          0.0,
          1.0
        ]
      ]
    },
    {
      "file_path": "/media/NFS/ttao/scannet/posed_images/scene0259_01/00095.jpg",
      "transform_matrix": [
        [
          0.058914,
          -0.428345,
          0.901692,
          2.45392
        ],
        [
          -0.997509,
          0.009851,
          0.069854,
          5.28827
        ],
        [
          -0.038804,
          -0.903561,
          -0.426698,
          1.398174
        ],
        [
          0.0,
          0.0,
          0.0,
          1.0
        ]
      ]
    },
    {
      "file_path": "/media/NFS/ttao/scannet/posed_images/scene0259_01/00096.jpg",
      "transform_matrix": [
        [
          0.053178,
          -0.426891,
          0.902738,
          2.461786
        ],
        [
          -0.997686,
          0.015645,
          0.066169,
          5.281995
        ],
        [
          -0.042371,
          -0.904168,
          -0.425071,
          1.400047
        ],
        [
          0.0,
          0.0,
          0.0,
          1.0
        ]
      ]
    },
    {
      "file_path": "/media/NFS/ttao/scannet/posed_images/scene0259_01/00098.jpg",
      "transform_matrix": [
        [
          0.041103,
          -0.42711,
          0.903265,
          2.478485
        ],
        [
          -0.998075,
          0.02447,
          0.056988,
          5.270267
        ],
        [
          -0.046443,
          -0.903869,
          -0.425282,
          1.402717
        ],
        [
          0.0,
          0.0,
          0.0,
          1.0
        ]
      ]
    },
    {
      "file_path": "/media/NFS/ttao/scannet/posed_images/scene0259_01/00099.jpg",
      "transform_matrix": [
        [
          0.033291,
          -0.427937,
          0.903195,
          2.487572
        ],
        [
          -0.99823,
          0.030326,
          0.051162,
          5.263185
        ],
        [
          -0.049284,
          -0.9033,
          -0.42617,
          1.403613
        ],
        [
          0.0,
          0.0,
          0.0,
          1.0
        ]
      ]
    },
    {
      "file_path": "/media/NFS/ttao/scannet/posed_images/scene0259_01/00100.jpg",
      "transform_matrix": [
        [
          0.027639,
          -0.422075,
          0.906139,
          2.493249
        ],
        [
          -0.998384,
          0.03337,
          0.045996,
          5.251036
        ],
        [
          -0.049651,
          -0.905947,
          -0.42047,
          1.398234
        ],
        [
          0.0,
          0.0,
          0.0,
          1.0
        ]
      ]
    },
    {
      "file_path": "/media/NFS/ttao/scannet/posed_images/scene0259_01/00102.jpg",
      "transform_matrix": [
        [
          0.010536,
          -0.421994,
          0.906537,
          2.512759
        ],
        [
          -0.998869,
          0.037586,
          0.029106,
          5.236801
        ],
        [
          -0.046355,
          -0.905819,
          -0.421121,
          1.39791
        ],
        [
          0.0,
          0.0,
          0.0,
          1.0
        ]
      ]
    },
    {
      "file_path": "/media/NFS/ttao/scannet/posed_images/scene0259_01/00104.jpg",
      "transform_matrix": [
        [
          -0.003732,
          -0.421509,
          0.906816,
          2.534903
        ],
        [
          -0.99915,
          0.038807,
          0.013927,
          5.218622
        ],
        [
          -0.041061,
          -0.905993,
          -0.421295,
          1.398962
        ],
        [
          0.0,
          0.0,
          0.0,
          1.0
        ]
      ]
    },
    {
      "file_path": "/media/NFS/ttao/scannet/posed_images/scene0259_01/00105.jpg",
      "transform_matrix": [
        [
          -0.014463,
          -0.418748,
          0.907987,
          2.545907
        ],
        [
          -0.999159,
          0.040896,
          0.002945,
          5.212465
        ],
        [
          -0.038366,
          -0.907181,
          -0.418987,
          1.398906
        ],
        [
          0.0,
          0.0,
          0.0,
          1.0
        ]
      ]
    },
    {
      "file_path": "/media/NFS/ttao/scannet/posed_images/scene0259_01/00107.jpg",
      "transform_matrix": [
        [
          -0.032117,
          -0.409012,
          0.911963,
          2.56795
        ],
        [
          -0.998916,
          0.043887,
          -0.015496,
          5.197528
        ],
        [
          -0.033685,
          -0.911473,
          -0.409978,
          1.401369
        ],
        [
          0.0,
          0.0,
          0.0,
          1.0
        ]
      ]
    },
    {
      "file_path": "/media/NFS/ttao/scannet/posed_images/scene0259_01/00108.jpg",
      "transform_matrix": [
        [
          -0.036236,
          -0.402867,
          0.914541,
          2.578323
        ],
        [
          -0.998741,
          0.046368,
          -0.019146,
          5.183123
        ],
        [
          -0.034693,
          -0.914083,
          -0.40404,
          1.403007
        ],
        [
          0.0,
          0.0,
          0.0,
          1.0
        ]
      ]
    },
    {
      "file_path": "/media/NFS/ttao/scannet/posed_images/scene0259_01/00109.jpg",
      "transform_matrix": [
        [
          -0.042751,
          -0.398531,
          0.916158,
          2.589937
        ],
        [
          -0.998458,
          0.049548,
          -0.025038,
          5.175327
        ],
        [
          -0.035416,
          -0.915815,
          -0.400035,
          1.405507
        ],
        [
          0.0,
          0.0,
          0.0,
          1.0
        ]
      ]
    },
    {
      "file_path": "/media/NFS/ttao/scannet/posed_images/scene0259_01/00110.jpg",
      "transform_matrix": [
        [
          -0.048263,
          -0.385984,
          0.921242,
          2.596821
        ],
        [
          -0.997884,
          0.058856,
          -0.027618,
          5.16322
        ],
        [
