{
  "frames": [
    {
      "file_path": "/media/NFS/ttao/scannet/posed_images/scene0214_02/00000.jpg",
      "transform_matrix": [
        [
          -0.74205,
          -0.343982,
          0.575359,
          4.190248
        ],
        [
          -0.66441,
          0.49136,
          -0.563138,
          5.242894
        ],
        [
          -0.088999,
          -0.800151,
          -0.593159,
          1.338896
        ],
        [
          0.0,
          0.0,
          0.0,
          1.0
        ]
      ]
    },
    {
      "file_path": "/media/NFS/ttao/scannet/posed_images/scene0214_02/00003.jpg",
      "transform_matrix": [
        [
          -0.741137,
          -0.327761,
          0.585909,
          4.166675
        ],
        [
          -0.666053,
          0.468431,
          -0.580471,
          5.251436
        ],
        [
          -0.084202,
          -0.820454,
          -0.565478,
          1.348747
        ],
        [
          0.0,
          0.0,
          0.0,
          1.0
        ]
      ]
    },
    {
      "file_path": "/media/NFS/ttao/scannet/posed_images/scene0214_02/00007.jpg",
      "transform_matrix": [
        [
          -0.716631,
          -0.337413,
          0.610404,
          4.154142
        ],
        [
          -0.693867,
          0.433543,
          -0.574969,
          5.257927
        ],
        [
          -0.070634,
          -0.83558,
          -0.54481,
          1.35317
        ],
        [
          0.0,
          0.0,
          0.0,
          1.0
        ]
      ]
    },
    {
      "file_path": "/media/NFS/ttao/scannet/posed_images/scene0214_02/00012.jpg",
      "transform_matrix": [
        [
          -0.662965,
          -0.349617,
          0.662001,
          4.142743
        ],
        [
          -0.743935,
          0.406748,
          -0.530206,
          5.26529
        ],
        [
          -0.083899,
          -0.843993,
          -0.529752,
          1.350736
        ],
        [
          0.0,
          0.0,
          0.0,
          1.0
        ]
      ]
    },
    {
      "file_path": "/media/NFS/ttao/scannet/posed_images/scene0214_02/00016.jpg",
      "transform_matrix": [
        [
          -0.614635,
          -0.349358,
          0.707229,
          4.140324
        ],
        [
          -0.785975,
          0.347198,
          -0.511563,
          5.276431
        ],
        [
          -0.06683,
          -0.870289,
          -0.487987,
          1.362738
        ],
        [
          0.0,
          0.0,
          0.0,
          1.0
        ]
      ]
    },
    {
      "file_path": "/media/NFS/ttao/scannet/posed_images/scene0214_02/00017.jpg",
      "transform_matrix": [
        [
          -0.606291,
          -0.350021,
          0.71407,
          4.139421
        ],
        [
          -0.792488,
          0.340605,
          -0.505915,
          5.27716
        ],
        [
          -0.066135,
          -0.872624,
          -0.483894,
          1.365741
        ],
        [
          0.0,
          0.0,
          0.0,
          1.0
        ]
      ]
    },
    {
      "file_path": "/media/NFS/ttao/scannet/posed_images/scene0214_02/00021.jpg",
      "transform_matrix": [
        [
          -0.575359,
          -0.301956,
          0.760121,
          4.13931
        ],
        [
          -0.816757,
          0.261245,
          -0.51445,
          5.287793
        ],
        [
          -0.043237,
          -0.916828,
          -0.396935,
          1.38161
        ],
        [
          0.0,
          0.0,
          0.0,
          1.0
        ]
      ]
    },
    {
      "file_path": "/media/NFS/ttao/scannet/posed_images/scene0214_02/00025.jpg",
      "transform_matrix": [
        [
          -0.567852,
          -0.259046,
          0.781306,
          4.14424
        ],
        [
          -0.823044,
          0.192487,
          -0.534367,
          5.293536
        ],
        [
          -0.011966,
          -0.94649,
          -0.322511,
          1.393729
        ],
        [
          0.0,
          0.0,
          0.0,
          1.0
        ]
      ]
    },
    {
      "file_path": "/media/NFS/ttao/scannet/posed_images/scene0214_02/00027.jpg",
      "transform_matrix": [
        [
          -0.574376,
          -0.240526,
          0.782457,
          4.148551
        ],
        [
          -0.818432,
          0.149866,
          -0.554715,
          5.299111
        ],
        [
          0.01616,
          -0.959003,
          -0.282934,
          1.406539
        ],
        [
          0.0,
          0.0,
          0.0,
          1.0
        ]
      ]
    },
    {
      "file_path": "/media/NFS/ttao/scannet/posed_images/scene0214_02/00033.jpg",
      "transform_matrix": [
        [
          -0.590144,
          -0.177365,
          0.787573,
          4.11741
        ],
        [
          -0.807257,
          0.139447,
          -0.57349,
          5.247568
        ],
        [
          -0.008108,
          -0.974216,
          -0.225473,
          1.503768
        ],
        [
          0.0,
          0.0,
          0.0,
          1.0
        ]
      ]
    },
    {
      "file_path": "/media/NFS/ttao/scannet/posed_images/scene0214_02/00035.jpg",
      "transform_matrix": [
        [
          -0.585622,
          -0.157138,
          0.795207,
          4.116324
        ],
        [
          -0.810582,
          0.111365,
          -0.574938,
          5.244597
        ],
        [
          0.001787,
          -0.981278,
          -0.192591,
          1.515321
        ],
        [
          0.0,
          0.0,
          0.0,
          1.0
        ]
      ]
    },
    {
      "file_path": "/media/NFS/ttao/scannet/posed_images/scene0214_02/00040.jpg",
      "transform_matrix": [
        [
          -0.597651,
          -0.056789,
          0.799742,
          4.099131
        ],
        [
          -0.801743,
          0.036707,
          -0.59654,
          5.234982
        ],
        [
          0.004521,
          -0.997711,
          -0.067468,
          1.56273
        ],
        [
          0.0,
          0.0,
          0.0,
          1.0
        ]
      ]
    },
    {
      "file_path": "/media/NFS/ttao/scannet/posed_images/scene0214_02/00042.jpg",
      "transform_matrix": [
        [
          -0.597088,
          -0.022798,
          0.801851,
          4.093266
        ],
        [
          -0.802114,
          0.029395,
          -0.596448,
          5.230301
        ],
        [
          -0.009972,
          -0.999308,
          -0.035838,
          1.583309
        ],
        [
          0.0,
          0.0,
          0.0,
          1.0
        ]
      ]
    },
    {
      "file_path": "/media/NFS/ttao/scannet/posed_images/scene0214_02/00046.jpg",
      "transform_matrix": [
        [
          -0.599501,
          -0.018007,
          0.800171,
          4.090296
        ],
        [
          -0.80035,
          0.005741,
          -0.599505,
          5.222868
        ],
        [
          0.006201,
          -0.999821,
          -0.017854,
          1.607238
        ],
        [
          0.0,
          0.0,
          0.0,
          1.0
        ]
      ]
    },
    {
      "file_path": "/media/NFS/ttao/scannet/posed_images/scene0214_02/00049.jpg",
      "transform_matrix": [
        [
          -0.611421,
          -0.018484,
          0.791089,
          4.091706
        ],
        [
          -0.791183,
          -0.003321,
          -0.611571,
          5.217421
        ],
        [
          0.013932,
          -0.999824,
          -0.012594,
          1.621041
        ],
        [
          0.0,
          0.0,
          0.0,
          1.0
        ]
      ]
    },
    {
      "file_path": "/media/NFS/ttao/scannet/posed_images/scene0214_02/00051.jpg",
      "transform_matrix": [
        [
          -0.60772,
          0.021108,
          0.793871,
          4.089628
        ],
        [
          -0.794046,
          -0.03244,
          -0.606992,
          5.217775
        ],
        [
          0.012941,
          -0.999251,
          0.036475,
          1.625607
        ],
        [
          0.0,
          0.0,
          0.0,
          1.0
        ]
      ]
    },
    {
      "file_path": "/media/NFS/ttao/scannet/posed_images/scene0214_02/00058.jpg",
      "transform_matrix": [
        [
          -0.607879,
          0.063405,
          0.791494,
          4.080937
        ],
        [
          -0.7926,
          -0.10823,
          -0.600059,
          5.21728
        ],
        [
          0.047616,
          -0.992102,
          0.116046,
          1.660877
        ],
        [
          0.0,
          0.0,
          0.0,
          1.0
        ]
      ]
    },
    {
      "file_path": "/media/NFS/ttao/scannet/posed_images/scene0214_02/00061.jpg",
      "transform_matrix": [
        [
          -0.651115,
          0.022495,
          0.758646,
          4.089151
        ],
        [
          -0.753254,
          -0.141698,
          -0.642285,
          5.219633
        ],
        [
          0.09305,
          -0.989654,
          0.109206,
          1.656888
        ],
        [
          0.0,
          0.0,
          0.0,
          1.0
        ]
      ]
    },
    {
      "file_path": "/media/NFS/ttao/scannet/posed_images/scene0214_02/00064.jpg",
      "transform_matrix": [
        [
          -0.649602,
          0.023547,
          0.75991,
          4.086288
        ],
        [
          -0.753589,
          -0.152204,
          -0.639482,
          5.213903
        ],
        [
          0.100603,
          -0.988069,
          0.116617,
          1.663636
        ],
        [
          0.0,
          0.0,
          0.0,
          1.0
        ]
      ]
    },
    {
      "file_path": "/media/NFS/ttao/scannet/posed_images/scene0214_02/00066.jpg",
      "transform_matrix": [
        [
          -0.670868,
          0.001805,
          0.741574,
          4.091607
        ],
        [
          -0.732211,
          -0.160042,
          -0.662007,
          5.214034
        ],
        [
          0.117488,
          -0.987109,
          0.108688,
          1.673302
        ],
        [
          0.0,
          0.0,
          0.0,
          1.0
        ]
      ]
    },
    {
      "file_path": "/media/NFS/ttao/scannet/posed_images/scene0214_02/00071.jpg",
      "transform_matrix": [
        [
          -0.717313,
          0.019586,
          0.696476,
          4.090127
        ],
        [
          -0.690875,
          -0.14954,
          -0.707339,
          5.206098
        ],
        [
          0.090297,
          -0.988562,
          0.120798,
          1.69176
        ],
        [
          0.0,
          0.0,
          0.0,
          1.0
        ]
      ]
    },
    {
      "file_path": "/media/NFS/ttao/scannet/posed_images/scene0214_02/00072.jpg",
      "transform_matrix": [
        [
          -0.729965,
          0.018534,
          0.683233,
          4.090279
        ],
        [
          -0.678352,
          -0.141928,
          -0.720899,
          5.205667
        ],
        [
          0.083609,
          -0.989703,
          0.116175,
          1.69457
        ],
        [
          0.0,
          0.0,
          0.0,
          1.0
        ]
      ]
    },
    {
      "file_path": "/media/NFS/ttao/scannet/posed_images/scene0214_02/00078.jpg",
      "transform_matrix": [
        [
          -0.798128,
          0.009287,
          0.602416,
          4.089326
        ],
        [
          -0.601109,
          -0.079888,
          -0.795164,
          5.193607
        ],
        [
          0.040742,
          -0.99676,
          0.069343,
          1.678011
        ],
        [
          0.0,
          0.0,
          0.0,
          1.0
        ]
      ]
    },
    {
      "file_path": "/media/NFS/ttao/scannet/posed_images/scene0214_02/00082.jpg",
      "transform_matrix": [
        [
          -0.813752,
          -0.011438,
          0.581099,
          4.085658
        ],
        [
          -0.580996,
          -0.011201,
          -0.813829,
          5.17144
        ],
        [
          0.015818,
          -0.999872,
          0.00247,
          1.667977
        ],
        [
          0.0,
          0.0,
          0.0,
          1.0
        ]
      ]
    },
    {
      "file_path": "/media/NFS/ttao/scannet/posed_images/scene0214_02/00086.jpg",
      "transform_matrix": [
        [
          -0.848306,
          -0.02527,
          0.528903,
          4.102721
        ],
        [
          -0.529507,
          0.040806,
          -0.847324,
          5.169393
        ],
        [
          -0.00017,
          -0.998847,
          -0.047997,
          1.627752
        ],
        [
          0.0,
          0.0,
          0.0,
          1.0
        ]
      ]
    },
    {
      "file_path": "/media/NFS/ttao/scannet/posed_images/scene0214_02/00087.jpg",
      "transform_matrix": [
        [
          -0.850395,
          -0.028121,
          0.525393,
          4.105748
        ],
        [
          -0.52613,
          0.053053,
          -0.848747,
          5.168962
        ],
        [
          -0.004006,
          -0.998196,
          -0.059912,
          1.622881
        ],
        [
          0.0,
          0.0,
          0.0,
          1.0
        ]
      ]
    },
    {
      "file_path": "/media/NFS/ttao/scannet/posed_images/scene0214_02/00092.jpg",
      "transform_matrix": [
        [
          -0.862084,
          -0.057146,
          0.503532,
          4.126525
        ],
        [
          -0.50592,
          0.154382,
          -0.848652,
          5.149714
        ],
        [
          -0.029239,
          -0.986357,
          -0.162002,
          1.576551
        ],
        [
          0.0,
          0.0,
          0.0,
          1.0
        ]
      ]
    },
    {
      "file_path": "/media/NFS/ttao/scannet/posed_images/scene0214_02/00093.jpg",
      "transform_matrix": [
        [
          -0.86179,
          -0.059793,
          0.503729,
          4.12744
        ],
        [
          -0.506113,
          0.168248,
          -0.845897,
          5.146009
        ],
        [
          -0.034173,
          -0.98393,
          -0.175257,
          1.568906
        ],
        [
          0.0,
          0.0,
          0.0,
          1.0
        ]
      ]
    },
    {
      "file_path": "/media/NFS/ttao/scannet/posed_images/scene0214_02/00100.jpg",
      "transform_matrix": [
        [
          -0.877982,
          -0.081376,
          0.471726,
          4.156647
        ],
        [
          -0.475056,
          0.269384,
          -0.837708,
          5.139339
        ],
        [
          -0.058906,
          -0.959588,
          -0.275173,
          1.538399
        ],
        [
          0.0,
          0.0,
          0.0,
          1.0
        ]
      ]
    },
    {
      "file_path": "/media/NFS/ttao/scannet/posed_images/scene0214_02/00101.jpg",
      "transform_matrix": [
        [
          -0.883476,
          -0.078987,
          0.46177,
          4.157188
        ],
        [
          -0.464277,
          0.279306,
          -0.840497,
          5.142093
        ],
        [
          -0.062587,
          -0.956948,
          -0.283432,
          1.524577
        ],
        [
          0.0,
          0.0,
          0.0,
          1.0
        ]
      ]
    },
    {
      "file_path": "/media/NFS/ttao/scannet/posed_images/scene0214_02/00106.jpg",
      "transform_matrix": [
        [
          -0.905775,
          -0.090748,
          0.413927,
          4.168382
        ],
        [
          -0.419659,
          0.327622,
          -0.846493,
          5.15293
        ],
        [
          -0.058794,
          -0.940441,
          -0.334835,
          1.495444
        ],
        [
          0.0,
          0.0,
          0.0,
          1.0
        ]
      ]
    },
    {
      "file_path": "/media/NFS/ttao/scannet/posed_images/scene0214_02/00108.jpg",
      "transform_matrix": [
        [
          -0.918389,
          -0.088995,
          0.38554,
          4.170456
        ],
        [
          -0.391139,
          0.351365,
          -0.850619,
          5.158218
        ],
        [
          -0.059765,
          -0.931999,
          -0.357499,
          1.486913
        ],
        [
          0.0,
          0.0,
          0.0,
          1.0
        ]
      ]
    },
    {
      "file_path": "/media/NFS/ttao/scannet/posed_images/scene0214_02/00113.jpg",
      "transform_matrix": [
        [
          -0.940923,
          -0.048298,
          0.335157,
          4.168854
        ],
        [
          -0.324256,
          0.413728,
          -0.850698,
          5.168311
        ],
        [
          -0.097577,
          -0.909119,
          -0.404947,
          1.458093
        ],
        [
          0.0,
          0.0,
          0.0,
          1.0
        ]
      ]
    },
    {
      "file_path": "/media/NFS/ttao/scannet/posed_images/scene0214_02/00114.jpg",
      "transform_matrix": [
        [
          -0.940904,
          -0.040297,
          0.336266,
          4.166873
        ],
        [
          -0.321689,
          0.416816,
          -0.850165,
          5.17242
        ],
        [
          -0.105902,
          -0.908097,
          -0.405148,
          1.451992
        ],
        [
          0.0,
          0.0,
          0.0,
          1.0
        ]
      ]
    },
    {
      "file_path": "/media/NFS/ttao/scannet/posed_images/scene0214_02/00121.jpg",
      "transform_matrix": [
        [
          -0.954046,
          0.034335,
          0.297686,
          4.153024
        ],
        [
          -0.247986,
          0.467221,
          -0.84865,
          5.203883
        ],
        [
          -0.168224,
          -0.883474,
          -0.437236,
          1.427704
        ],
        [
          0.0,
          0.0,
          0.0,
          1.0
        ]
      ]
    },
    {
      "file_path": "/media/NFS/ttao/scannet/posed_images/scene0214_02/00122.jpg",
      "transform_matrix": [
        [
          -0.954242,
          0.05158,
          0.294553,
          4.148004
        ],
        [
          -0.23734,
          0.468572,
          -0.850946,
          5.208323
        ],
        [
          -0.181911,
          -0.881918,
          -0.43489,
          1.422463
        ],
        [
          0.0,
          0.0,
          0.0,
          1.0
        ]
      ]
    },
    {
      "file_path": "/media/NFS/ttao/scannet/posed_images/scene0214_02/00127.jpg",
      "transform_matrix": [
        [
          -0.971517,
          0.086105,
          0.220772,
          4.125652
        ],
        [
          -0.145688,
          0.517749,
          -0.843036,
          5.226801
        ],
        [
          -0.186895,
          -0.851188,
          -0.490458,
          1.410087
        ],
        [
          0.0,
          0.0,
          0.0,
          1.0
        ]
      ]
    },
    {
      "file_path": "/media/NFS/ttao/scannet/posed_images/scene0214_02/00131.jpg",
      "transform_matrix": [
        [
          -0.987011,
          0.098089,
          0.127227,
          4.152818
        ],
        [
          -0.050388,
          0.562975,
          -0.824937,
          5.24079
        ],
        [
          -0.152543,
          -0.820633,
          -0.55072,
          1.418345
        ],
        [
          0.0,
          0.0,
          0.0,
          1.0
        ]
      ]
    },
    {
      "file_path": "/media/NFS/ttao/scannet/posed_images/scene0214_02/00132.jpg",
      "transform_matrix": [
        [
          -0.988139,
          0.102326,
          0.114497,
          4.151508
        ],
        [
          -0.037111,
          0.564392,
          -0.824673,
          5.243697
        ],
        [
          -0.149007,
          -0.819141,
          -0.5539,
          1.415966
        ],
        [
          0.0,
          0.0,
          0.0,
          1.0
        ]
      ]
    },
    {
      "file_path": "/media/NFS/ttao/scannet/posed_images/scene0214_02/00139.jpg",
      "transform_matrix": [
        [
          -0.992363,
          0.121834,
          0.019282,
          4.145231
        ],
        [
          0.0542,
          0.571097,
          -0.819091,
          5.249046
        ],
        [
          -0.110805,
          -0.811791,
          -0.57334,
          1.422054
        ],
        [
          0.0,
          0.0,
          0.0,
          1.0
        ]
      ]
    },
    {
      "file_path": "/media/NFS/ttao/scannet/posed_images/scene0214_02/00141.jpg",
      "transform_matrix": [
        [
          -0.992727,
          0.118715,
          -0.02001,
          4.161567
        ],
        [
          0.082855,
          0.553131,
          -0.828964,
          5.27014
        ],
        [
          -0.087342,
          -0.824592,
          -0.558945,
          1.414743
        ],
        [
          0.0,
          0.0,
          0.0,
          1.0
        ]
      ]
    },
    {
      "file_path": "/media/NFS/ttao/scannet/posed_images/scene0214_02/00145.jpg",
      "transform_matrix": [
        [
          -0.990754,
          0.116807,
          -0.069006,
          4.155628
        ],
        [
          0.12154,
          0.538189,
          -0.834014,
          5.257226
        ],
        [
          -0.06028,
          -0.834691,
          -0.54741,
          1.426232
        ],
        [
          0.0,
          0.0,
          0.0,
          1.0
        ]
      ]
    },
    {
      "file_path": "/media/NFS/ttao/scannet/posed_images/scene0214_02/00147.jpg",
      "transform_matrix": [
        [
          -0.987786,
          0.11878,
          -0.100849,
          4.151282
        ],
        [
          0.14854,
          0.52233,
          -0.839707,
          5.248662
        ],
        [
          -0.047064,
          -0.844431,
          -0.533594,
          1.436887
        ],
        [
          0.0,
          0.0,
          0.0,
          1.0
        ]
      ]
    },
    {
      "file_path": "/media/NFS/ttao/scannet/posed_images/scene0214_02/00152.jpg",
      "transform_matrix": [
        [
          -0.98608,
          0.106116,
          -0.128009,
          4.155272
        ],
        [
          0.163766,
          0.486609,
          -0.858133,
          5.227631
        ],
        [
          -0.028771,
          -0.867151,
          -0.497214,
          1.440666
        ],
        [
          0.0,
          0.0,
          0.0,
          1.0
        ]
      ]
    },
    {
      "file_path": "/media/NFS/ttao/scannet/posed_images/scene0214_02/00153.jpg",
      "transform_matrix": [
        [
          -0.986427,
          0.10512,
          -0.126143,
          4.153096
        ],
        [
          0.161622,
          0.48593,
          -0.858924,
          5.224401
        ],
        [
          -0.028994,
          -0.867653,
          -0.496324,
          1.44238
        ],
        [
          0.0,
          0.0,
          0.0,
          1.0
        ]
      ]
    },
    {
      "file_path": "/media/NFS/ttao/scannet/posed_images/scene0214_02/00158.jpg",
      "transform_matrix": [
        [
          -0.990894,
          0.091043,
          -0.099196,
          4.130591
        ],
        [
          0.130743,
          0.474596,
          -0.870439,
          5.18664
        ],
        [
          -0.03217,
          -0.875482,
          -0.482178,
          1.461236
        ],
        [
          0.0,
          0.0,
          0.0,
          1.0
        ]
      ]
    },
    {
      "file_path": "/media/NFS/ttao/scannet/posed_images/scene0214_02/00162.jpg",
      "transform_matrix": [
        [
          -0.99644,
          0.067223,
          -0.050874,
          4.110592
        ],
        [
          0.076041,
          0.456131,
          -0.886658,
          5.162372
        ],
        [
          -0.036399,
          -0.88737,
          -0.459619,
          1.460523
        ],
        [
          0.0,
          0.0,
          0.0,
          1.0
        ]
      ]
    },
    {
      "file_path": "/media/NFS/ttao/scannet/posed_images/scene0214_02/00166.jpg",
      "transform_matrix": [
        [
          -0.997027,
          0.041856,
          0.064693,
          4.084122
        ],
        [
          -0.039823,
          0.43885,
          -0.897677,
          5.143905
        ],
        [
          -0.065964,
          -0.897585,
          -0.435879,
          1.456351
        ],
        [
          0.0,
          0.0,
          0.0,
          1.0
        ]
      ]
    },
    {
      "file_path": "/media/NFS/ttao/scannet/posed_images/scene0214_02/00168.jpg",
      "transform_matrix": [
        [
          -0.993681,
          0.028241,
          0.108628,
          4.081025
        ],
        [
          -0.085119,
          0.441233,
          -0.893347,
          5.137269
        ],
        [
          -0.07316,
          -0.896948,
          -0.436041,
          1.458197
        ],
        [
          0.0,
          0.0,
          0.0,
          1.0
        ]
      ]
    },
    {
      "file_path": "/media/NFS/ttao/scannet/posed_images/scene0214_02/00172.jpg",
      "transform_matrix": [
        [
          -0.973582,
          0.001965,
          0.22833,
          4.047551
        ],
        [
          -0.203746,
          0.443954,
          -0.872578,
          5.115223
        ],
        [
          -0.103083,
          -0.896048,
          -0.431825,
          1.465935
        ],
        [
          0.0,
          0.0,
          0.0,
          1.0
        ]
      ]
    },
    {
      "file_path": "/media/NFS/ttao/scannet/posed_images/scene0214_02/00176.jpg",
      "transform_matrix": [
        [
          -0.937404,
          -0.012254,
          0.348027,
          4.037781
        ],
        [
          -0.321694,
          0.413196,
          -0.851928,
          5.104503
        ],
        [
          -0.133364,
          -0.91056,
          -0.391274,
          1.470371
        ],
        [
          0.0,
          0.0,
          0.0,
          1.0
        ]
      ]
    },
    {
      "file_path": "/media/NFS/ttao/scannet/posed_images/scene0214_02/00181.jpg",
      "transform_matrix": [
        [
          -0.892996,
          -0.054626,
          0.446736,
          4.027304
        ],
        [
          -0.436732,
          0.344977,
          -0.830816,
          5.102558
        ],
        [
          -0.10873,
          -0.93702,
          -0.331921,
          1.453295
        ],
        [
          0.0,
          0.0,
          0.0,
          1.0
        ]
      ]
    },
    {
      "file_path": "/media/NFS/ttao/scannet/posed_images/scene0214_02/00182.jpg",
      "transform_matrix": [
        [
          -0.881774,
          -0.063025,
          0.467443,
          4.029736
        ],
        [
          -0.458865,
          0.344002,
          -0.81921,
          5.104841
        ],
        [
          -0.10917,
          -0.936851,
          -0.332252,
          1.458576
        ],
        [
          0.0,
          0.0,
          0.0,
          1.0
        ]
      ]
    },
    {
      "file_path": "/media/NFS/ttao/scannet/posed_images/scene0214_02/00186.jpg",
      "transform_matrix": [
        [
          -0.834506,
          -0.113629,
          0.539155,
          4.025686
        ],
        [
          -0.543642,
          0.329164,
          -0.772078,
          5.101297
        ],
        [
          -0.08974,
          -0.937411,
          -0.336463,
          1.454107
        ],
        [
          0.0,
          0.0,
          0.0,
          1.0
        ]
      ]
    },
    {
      "file_path": "/media/NFS/ttao/scannet/posed_images/scene0214_02/00188.jpg",
      "transform_matrix": [
        [
          -0.817924,
          -0.118677,
          0.562952,
          4.031034
        ],
        [
          -0.568093,
          0.321267,
          -0.757666,
          5.105832
        ],
        [
          -0.090941,
          -0.939523,
          -0.330192,
          1.44702
        ],
        [
          0.0,
          0.0,
          0.0,
          1.0
        ]
      ]
    },
    {
      "file_path": "/media/NFS/ttao/scannet/posed_images/scene0214_02/00194.jpg",
      "transform_matrix": [
        [
          -0.746557,
          -0.115002,
          0.655307,
          4.037328
        ],
        [
          -0.658197,
          0.271418,
          -0.702217,
          5.094622
        ],
        [
          -0.097106,
          -0.955566,
          -0.278323,
          1.474598
        ],
        [
          0.0,
          0.0,
          0.0,
          1.0
        ]
      ]
    },
    {
      "file_path": "/media/NFS/ttao/scannet/posed_images/scene0214_02/00195.jpg",
      "transform_matrix": [
        [
          -0.74137,
          -0.113643,
          0.661405,
          4.038149
        ],
        [
          -0.664952,
          0.257464,
          -0.701108,
          5.09341
        ],
        [
          -0.090612,
          -0.959582,
          -0.266443,
          1.48099
        ],
        [
          0.0,
          0.0,
          0.0,
          1.0
        ]
      ]
    },
    {
      "file_path": "/media/NFS/ttao/scannet/posed_images/scene0214_02/00200.jpg",
      "transform_matrix": [
        [
          -0.718924,
          -0.07952,
          0.690525,
          4.043026
        ],
        [
          -0.692848,
          0.161676,
          -0.702725,
          5.105609
        ],
        [
          -0.055761,
          -0.983635,
          -0.171328,
          1.513219
        ],
        [
          0.0,
          0.0,
          0.0,
          1.0
        ]
      ]
    },
    {
      "file_path": "/media/NFS/ttao/scannet/posed_images/scene0214_02/00203.jpg",
      "transform_matrix": [
        [
          -0.722465,
          -0.034236,
          0.690559,
          4.041294
        ],
        [
          -0.689902,
          0.101575,
          -0.716741,
          5.109266
        ],
        [
          -0.045605,
          -0.994238,
          -0.097004,
          1.539364
        ],
        [
          0.0,
          0.0,
          0.0,
          1.0
        ]
      ]
    },
    {
      "file_path": "/media/NFS/ttao/scannet/posed_images/scene0214_02/00207.jpg",
      "transform_matrix": [
        [
          -0.735765,
          -0.012069,
          0.677129,
          4.038232
        ],
        [
          -0.677118,
          0.031856,
          -0.735185,
          5.119492
        ],
        [
          -0.012698,
          -0.99942,
          -0.031611,
          1.565131
        ],
        [
          0.0,
          0.0,
          0.0,
          1.0
        ]
      ]
    },
    {
      "file_path": "/media/NFS/ttao/scannet/posed_images/scene0214_02/00211.jpg",
      "transform_matrix": [
        [
          -0.758043,
          -0.008561,
          0.652149,
          4.034471
        ],
        [
          -0.652038,
          -0.012711,
          -0.75808,
          5.12833
        ],
        [
          0.01478,
          -0.999883,
          0.004054,
          1.592102
        ],
        [
          0.0,
          0.0,
          0.0,
          1.0
        ]
      ]
    },
    {
      "file_path": "/media/NFS/ttao/scannet/posed_images/scene0214_02/00213.jpg",
      "transform_matrix": [
        [
          -0.765434,
          0.005162,
          0.643493,
          4.029043
        ],
        [
          -0.643296,
          -0.032171,
          -0.764941,
          5.131461
        ],
        [
          0.016753,
          -0.999469,
          0.027945,
          1.60191
        ],
        [
          0.0,
          0.0,
          0.0,
          1.0
        ]
      ]
    },
    {
      "file_path": "/media/NFS/ttao/scannet/posed_images/scene0214_02/00217.jpg",
      "transform_matrix": [
        [
          -0.804808,
          0.024139,
          0.593043,
          4.026346
        ],
        [
          -0.592694,
          -0.085836,
          -0.800841,
          5.153255
        ],
        [
          0.031573,
          -0.996017,
          0.083389,
          1.62811
        ],
        [
          0.0,
          0.0,
          0.0,
          1.0
        ]
      ]
    },
    {
      "file_path": "/media/NFS/ttao/scannet/posed_images/scene0214_02/00222.jpg",
      "transform_matrix": [
        [
          -0.85761,
          -0.011675,
          0.514168,
          4.027903
        ],
        [
          -0.510318,
          -0.104859,
          -0.853569,
          5.171184
        ],
        [
          0.063881,
          -0.994419,
          0.08397,
          1.647154
        ],
        [
          0.0,
          0.0,
          0.0,
          1.0
        ]
      ]
    },
    {
      "file_path": "/media/NFS/ttao/scannet/posed_images/scene0214_02/00224.jpg",
      "transform_matrix": [
        [
          -0.880867,
          -0.034196,
          0.472126,
          4.035938
        ],
        [
          -0.467175,
          -0.097945,
          -0.878723,
          5.181171
        ],
        [
          0.076291,
          -0.994604,
          0.070301,
          1.637863
        ],
        [
          0.0,
          0.0,
          0.0,
          1.0
        ]
      ]
    },
    {
      "file_path": "/media/NFS/ttao/scannet/posed_images/scene0214_02/00227.jpg",
      "transform_matrix": [
        [
          -0.905906,
          -0.00536,
          0.423444,
          4.034636
        ],
        [
          -0.418803,
          -0.136838,
          -0.897708,
          5.204177
        ],
        [
          0.062755,
          -0.990579,
          0.121718,
          1.633429
        ],
        [
          0.0,
          0.0,
          0.0,
          1.0
        ]
      ]
    },
    {
      "file_path": "/media/NFS/ttao/scannet/posed_images/scene0214_02/00233.jpg",
      "transform_matrix": [
        [
          -0.93653,
          0.038716,
          0.348443,
          4.021591
        ],
        [
          -0.348115,
          -0.220518,
          -0.911146,
          5.231145
        ],
        [
          0.041561,
          -0.974614,
          0.219999,
          1.669614
        ],
        [
          0.0,
          0.0,
          0.0,
          1.0
        ]
      ]
    },
    {
      "file_path": "/media/NFS/ttao/scannet/posed_images/scene0214_02/00234.jpg",
      "transform_matrix": [
        [
          -0.940532,
          0.039747,
          0.337371,
          4.018924
        ],
        [
          -0.337291,
          -0.227431,
          -0.913515,
          5.2352
        ],
        [
          0.040419,
          -0.972983,
          0.227312,
          1.674686
        ],
        [
          0.0,
          0.0,
          0.0,
          1.0
        ]
      ]
    },
    {
      "file_path": "/media/NFS/ttao/scannet/posed_images/scene0214_02/00237.jpg",
      "transform_matrix": [
        [
          -0.953618,
          0.043852,
          0.297807,
          4.010236
        ],
        [
          -0.298668,
          -0.261235,
          -0.917907,
          5.250389
        ],
        [
          0.037545,
          -0.964278,
          0.262216,
          1.68011
        ],
        [
          0.0,
          0.0,
          0.0,
          1.0
        ]
      ]
    },
    {
      "file_path": "/media/NFS/ttao/scannet/posed_images/scene0214_02/00242.jpg",
      "transform_matrix": [
        [
          -0.976612,
          0.032762,
          0.212499,
          4.025156
        ],
        [
          -0.21165,
          -0.320523,
          -0.923293,
          5.282629
        ],
        [
          0.037862,
          -0.946674,
          0.319961,
          1.694334
        ],
        [
          0.0,
          0.0,
          0.0,
          1.0
        ]
      ]
    },
    {
      "file_path": "/media/NFS/ttao/scannet/posed_images/scene0214_02/00247.jpg",
      "transform_matrix": [
        [
          -0.988986,
          0.015629,
          0.147183,
          4.01532
        ],
        [
          -0.143335,
          -0.349109,
          -0.926055,
          5.305936
        ],
        [
          0.036909,
          -0.936952,
          0.347503,
          1.702774
        ],
        [
          0.0,
          0.0,
          0.0,
          1.0
        ]
      ]
    },
    {
      "file_path": "/media/NFS/ttao/scannet/posed_images/scene0214_02/00250.jpg",
      "transform_matrix": [
        [
          -0.993136,
          0.017081,
          0.115708,
          4.027062
        ],
        [
          -0.114393,
          -0.348039,
          -0.930475,
          5.314233
        ],
        [
          0.024377,
          -0.937324,
          0.347604,
          1.709955
        ],
        [
          0.0,
          0.0,
          0.0,
          1.0
        ]
      ]
    },
    {
      "file_path": "/media/NFS/ttao/scannet/posed_images/scene0214_02/00251.jpg",
      "transform_matrix": [
        [
          -0.99481,
          0.018207,
          0.100113,
          4.027491
        ],
        [
          -0.100201,
          -0.346625,
          -0.932637,
          5.314066
        ],
        [
          0.017721,
          -0.937827,
          0.34665,
          1.709054
        ],
        [
          0.0,
          0.0,
          0.0,
          1.0
        ]
      ]
    },
    {
      "file_path": "/media/NFS/ttao/scannet/posed_images/scene0214_02/00257.jpg",
      "transform_matrix": [
        [
          -0.998476,
          0.021447,
          0.050846,
          4.030563
        ],
        [
          -0.054864,
          -0.286838,
          -0.956407,
          5.304679
        ],
        [
          -0.005928,
          -0.957739,
          0.287577,
          1.69956
        ],
        [
          0.0,
          0.0,
          0.0,
          1.0
        ]
      ]
    },
    {
      "file_path": "/media/NFS/ttao/scannet/posed_images/scene0214_02/00260.jpg",
      "transform_matrix": [
        [
          -0.998918,
          0.025458,
          0.038926,
          4.042102
        ],
        [
          -0.044001,
          -0.245935,
          -0.968287,
          5.300496
        ],
        [
          -0.015077,
          -0.968952,
          0.246789,
          1.693179
        ],
        [
          0.0,
          0.0,
          0.0,
          1.0
        ]
      ]
    },
    {
      "file_path": "/media/NFS/ttao/scannet/posed_images/scene0214_02/00262.jpg",
      "transform_matrix": [
        [
          -0.998926,
          0.024933,
          0.039056,
          4.046546
        ],
        [
          -0.04324,
          -0.198688,
          -0.979108,
          5.29067
        ],
        [
          -0.016652,
          -0.979746,
          0.199553,
          1.685863
        ],
        [
          0.0,
          0.0,
          0.0,
          1.0
        ]
      ]
    },
    {
      "file_path": "/media/NFS/ttao/scannet/posed_images/scene0214_02/00267.jpg",
      "transform_matrix": [
        [
          -0.998979,
          0.010735,
          0.043884,
          4.057438
        ],
        [
          -0.0447,
          -0.093943,
          -0.994574,
          5.267343
        ],
        [
          -0.006554,
          -0.99552,
          0.094326,
          1.662244
        ],
        [
          0.0,
          0.0,
          0.0,
          1.0
        ]
      ]
    },
    {
      "file_path": "/media/NFS/ttao/scannet/posed_images/scene0214_02/00271.jpg",
      "transform_matrix": [
        [
          -0.998993,
          0.005865,
          0.044477,
          4.08555
        ],
        [
          -0.044622,
          -0.02744,
          -0.998627,
          5.256056
        ],
        [
          -0.004637,
