{
  "frames": [
    {
      "file_path": "/media/NFS/ttao/scannet/posed_images/scene0145_00/00000.jpg",
      "transform_matrix": [
        [
          -0.341382,
          0.594812,
          -0.727775,
          7.151203
        ],
        [
          0.932196,
          0.11517,
          -0.343142,
          3.587152
        ],
        [
          -0.120287,
          -0.795572,
          -0.593798,
          1.581923
        ],
        [
          0.0,
          0.0,
          0.0,
          1.0
        ]
      ]
    },
    {
      "file_path": "/media/NFS/ttao/scannet/posed_images/scene0145_00/00007.jpg",
      "transform_matrix": [
        [
          -0.368132,
          0.570731,
          -0.733992,
          7.157272
        ],
        [
          0.918805,
          0.102406,
          -0.381196,
          3.664292
        ],
        [
          -0.142395,
          -0.814726,
          -0.56209,
          1.578003
        ],
        [
          0.0,
          0.0,
          0.0,
          1.0
        ]
      ]
    },
    {
      "file_path": "/media/NFS/ttao/scannet/posed_images/scene0145_00/00008.jpg",
      "transform_matrix": [
        [
          -0.374689,
          0.570804,
          -0.73061,
          7.155308
        ],
        [
          0.916413,
          0.108426,
          -0.385267,
          3.6709
        ],
        [
          -0.140695,
          -0.813896,
          -0.563718,
          1.581162
        ],
        [
          0.0,
          0.0,
          0.0,
          1.0
        ]
      ]
    },
    {
      "file_path": "/media/NFS/ttao/scannet/posed_images/scene0145_00/00016.jpg",
      "transform_matrix": [
        [
          -0.4131,
          0.551458,
          -0.724736,
          7.149466
        ],
        [
          0.893643,
          0.092228,
          -0.439199,
          3.71238
        ],
        [
          -0.175359,
          -0.829089,
          -0.530906,
          1.599394
        ],
        [
          0.0,
          0.0,
          0.0,
          1.0
        ]
      ]
    },
    {
      "file_path": "/media/NFS/ttao/scannet/posed_images/scene0145_00/00017.jpg",
      "transform_matrix": [
        [
          -0.415689,
          0.553167,
          -0.721948,
          7.14544
        ],
        [
          0.892306,
          0.094395,
          -0.441452,
          3.718696
        ],
        [
          -0.176049,
          -0.827705,
          -0.532833,
          1.600591
        ],
        [
          0.0,
          0.0,
          0.0,
          1.0
        ]
      ]
    },
    {
      "file_path": "/media/NFS/ttao/scannet/posed_images/scene0145_00/00021.jpg",
      "transform_matrix": [
        [
          -0.427699,
          0.545181,
          -0.721007,
          7.144648
        ],
        [
          0.883774,
          0.084739,
          -0.460178,
          3.735689
        ],
        [
          -0.189783,
          -0.834024,
          -0.518059,
          1.607674
        ],
        [
          0.0,
          0.0,
          0.0,
          1.0
        ]
      ]
    },
    {
      "file_path": "/media/NFS/ttao/scannet/posed_images/scene0145_00/00029.jpg",
      "transform_matrix": [
        [
          -0.444769,
          0.51971,
          -0.72944,
          7.1195
        ],
        [
          0.873471,
          0.07159,
          -0.481584,
          3.761984
        ],
        [
          -0.198063,
          -0.851338,
          -0.485793,
          1.625478
        ],
        [
          0.0,
          0.0,
          0.0,
          1.0
        ]
      ]
    },
    {
      "file_path": "/media/NFS/ttao/scannet/posed_images/scene0145_00/00030.jpg",
      "transform_matrix": [
        [
          -0.445853,
          0.515065,
          -0.732067,
          7.114304
        ],
        [
          0.873804,
          0.073085,
          -0.480754,
          3.764293
        ],
        [
          -0.194117,
          -0.854029,
          -0.482651,
          1.625473
        ],
        [
          0.0,
          0.0,
          0.0,
          1.0
        ]
      ]
    },
    {
      "file_path": "/media/NFS/ttao/scannet/posed_images/scene0145_00/00037.jpg",
      "transform_matrix": [
        [
          -0.449544,
          0.488088,
          -0.748118,
          7.087561
        ],
        [
          0.870985,
          0.053652,
          -0.488372,
          3.774102
        ],
        [
          -0.19823,
          -0.871144,
          -0.449236,
          1.637979
        ],
        [
          0.0,
          0.0,
          0.0,
          1.0
        ]
      ]
    },
    {
      "file_path": "/media/NFS/ttao/scannet/posed_images/scene0145_00/00038.jpg",
      "transform_matrix": [
        [
          -0.44849,
          0.489356,
          -0.747922,
          7.078069
        ],
        [
          0.872344,
          0.057458,
          -0.485504,
          3.773179
        ],
        [
          -0.19461,
          -0.870189,
          -0.452656,
          1.641712
        ],
        [
          0.0,
          0.0,
          0.0,
          1.0
        ]
      ]
    },
    {
      "file_path": "/media/NFS/ttao/scannet/posed_images/scene0145_00/00044.jpg",
      "transform_matrix": [
        [
          -0.418845,
          0.466922,
          -0.778815,
          7.03491
        ],
        [
          0.89248,
          0.053493,
          -0.447903,
          3.763166
        ],
        [
          -0.167474,
          -0.882679,
          -0.439124,
          1.649411
        ],
        [
          0.0,
          0.0,
          0.0,
          1.0
        ]
      ]
    },
    {
      "file_path": "/media/NFS/ttao/scannet/posed_images/scene0145_00/00050.jpg",
      "transform_matrix": [
        [
          -0.384387,
          0.433127,
          -0.815259,
          6.982636
        ],
        [
          0.914292,
          0.056414,
          -0.401108,
          3.747958
        ],
        [
          -0.127739,
          -0.899566,
          -0.417689,
          1.659299
        ],
        [
          0.0,
          0.0,
          0.0,
          1.0
        ]
      ]
    },
    {
      "file_path": "/media/NFS/ttao/scannet/posed_images/scene0145_00/00056.jpg",
      "transform_matrix": [
        [
          -0.336473,
          0.400938,
          -0.852077,
          6.94151
        ],
        [
          0.935681,
          0.040257,
          -0.350544,
          3.730257
        ],
        [
          -0.106245,
          -0.91522,
          -0.388695,
          1.668233
        ],
        [
          0.0,
          0.0,
          0.0,
          1.0
        ]
      ]
    },
    {
      "file_path": "/media/NFS/ttao/scannet/posed_images/scene0145_00/00057.jpg",
      "transform_matrix": [
        [
          -0.332632,
          0.396427,
          -0.855688,
          6.935769
        ],
        [
          0.937595,
          0.041508,
          -0.345242,
          3.731336
        ],
        [
          -0.101345,
          -0.917127,
          -0.385495,
          1.666029
        ],
        [
          0.0,
          0.0,
          0.0,
          1.0
        ]
      ]
    },
    {
      "file_path": "/media/NFS/ttao/scannet/posed_images/scene0145_00/00064.jpg",
      "transform_matrix": [
        [
          -0.246704,
          0.403921,
          -0.8809,
          6.890389
        ],
        [
          0.96467,
          0.015629,
          -0.262998,
          3.702624
        ],
        [
          -0.092463,
          -0.91466,
          -0.393506,
          1.651822
        ],
        [
          0.0,
          0.0,
          0.0,
          1.0
        ]
      ]
    },
    {
      "file_path": "/media/NFS/ttao/scannet/posed_images/scene0145_00/00065.jpg",
      "transform_matrix": [
        [
          -0.241317,
          0.402133,
          -0.883207,
          6.887416
        ],
        [
          0.965498,
          0.007702,
          -0.260295,
          3.702029
        ],
        [
          -0.097871,
          -0.915549,
          -0.390118,
          1.647978
        ],
        [
          0.0,
          0.0,
          0.0,
          1.0
        ]
      ]
    },
    {
      "file_path": "/media/NFS/ttao/scannet/posed_images/scene0145_00/00072.jpg",
      "transform_matrix": [
        [
          -0.198733,
          0.415985,
          -0.88739,
          6.838892
        ],
        [
          0.972021,
          -0.032027,
          -0.232699,
          3.699852
        ],
        [
          -0.12522,
          -0.908807,
          -0.397981,
          1.638415
        ],
        [
          0.0,
          0.0,
          0.0,
          1.0
        ]
      ]
    },
    {
      "file_path": "/media/NFS/ttao/scannet/posed_images/scene0145_00/00074.jpg",
      "transform_matrix": [
        [
          -0.192131,
          0.420929,
          -0.886513,
          6.830036
        ],
        [
          0.973133,
          -0.035073,
          -0.227557,
          3.695281
        ],
        [
          -0.126878,
          -0.906415,
          -0.402881,
          1.635813
        ],
        [
          0.0,
          0.0,
          0.0,
          1.0
        ]
      ]
    },
    {
      "file_path": "/media/NFS/ttao/scannet/posed_images/scene0145_00/00082.jpg",
      "transform_matrix": [
        [
          -0.125364,
          0.427706,
          -0.895182,
          6.799001
        ],
        [
          0.987496,
          -0.033135,
          -0.154124,
          3.705962
        ],
        [
          -0.095582,
          -0.90331,
          -0.418204,
          1.630774
        ],
        [
          0.0,
          0.0,
          0.0,
          1.0
        ]
      ]
    },
    {
      "file_path": "/media/NFS/ttao/scannet/posed_images/scene0145_00/00086.jpg",
      "transform_matrix": [
        [
          -0.121824,
          0.412083,
          -0.902965,
          6.780702
        ],
        [
          0.987254,
          -0.043558,
          -0.153074,
          3.720944
        ],
        [
          -0.102411,
          -0.910105,
          -0.401524,
          1.628714
        ],
        [
          0.0,
          0.0,
          0.0,
          1.0
        ]
      ]
    },
    {
      "file_path": "/media/NFS/ttao/scannet/posed_images/scene0145_00/00089.jpg",
      "transform_matrix": [
        [
          -0.119076,
          0.42956,
          -0.895153,
          6.758984
        ],
        [
          0.989397,
          -0.02417,
          -0.143211,
          3.742301
        ],
        [
          -0.083154,
          -0.902715,
          -0.422127,
          1.626217
        ],
        [
          0.0,
          0.0,
          0.0,
          1.0
        ]
      ]
    },
    {
      "file_path": "/media/NFS/ttao/scannet/posed_images/scene0145_00/00095.jpg",
      "transform_matrix": [
        [
          -0.137612,
          0.420981,
          -0.89657,
          6.72155
        ],
        [
          0.985843,
          -0.029329,
          -0.165086,
          3.778785
        ],
        [
          -0.095794,
          -0.906595,
          -0.410985,
          1.627541
        ],
        [
          0.0,
          0.0,
          0.0,
          1.0
        ]
      ]
    },
    {
      "file_path": "/media/NFS/ttao/scannet/posed_images/scene0145_00/00097.jpg",
      "transform_matrix": [
        [
          -0.135775,
          0.418052,
          -0.898219,
          6.709848
        ],
        [
          0.985618,
          -0.035069,
          -0.165308,
          3.793936
        ],
        [
          -0.100607,
          -0.907746,
          -0.407278,
          1.624327
        ],
        [
          0.0,
          0.0,
          0.0,
          1.0
        ]
      ]
    },
    {
      "file_path": "/media/NFS/ttao/scannet/posed_images/scene0145_00/00103.jpg",
      "transform_matrix": [
        [
          -0.042387,
          0.441317,
          -0.89635,
          6.670138
        ],
        [
          0.995547,
          -0.05695,
          -0.075117,
          3.819055
        ],
        [
          -0.084198,
          -0.895542,
          -0.436938,
          1.606623
        ],
        [
          0.0,
          0.0,
          0.0,
          1.0
        ]
      ]
    },
    {
      "file_path": "/media/NFS/ttao/scannet/posed_images/scene0145_00/00109.jpg",
      "transform_matrix": [
        [
          0.029507,
          0.414494,
          -0.909574,
          6.620584
        ],
        [
          0.993769,
          -0.110012,
          -0.017894,
          3.829146
        ],
        [
          -0.107481,
          -0.903378,
          -0.415157,
          1.607278
        ],
        [
          0.0,
          0.0,
          0.0,
          1.0
        ]
      ]
    },
    {
      "file_path": "/media/NFS/ttao/scannet/posed_images/scene0145_00/00111.jpg",
      "transform_matrix": [
        [
          0.062015,
          0.423783,
          -0.903638,
          6.589768
        ],
        [
          0.991352,
          -0.131065,
          0.006569,
          3.823197
        ],
        [
          -0.115652,
          -0.896231,
          -0.428246,
          1.605502
        ],
        [
          0.0,
          0.0,
          0.0,
          1.0
        ]
      ]
    },
    {
      "file_path": "/media/NFS/ttao/scannet/posed_images/scene0145_00/00117.jpg",
      "transform_matrix": [
        [
          0.149875,
          0.40343,
          -0.902653,
          6.547554
        ],
        [
          0.983076,
          -0.158086,
          0.092574,
          3.80907
        ],
        [
          -0.105349,
          -0.901251,
          -0.420295,
          1.606506
        ],
        [
          0.0,
          0.0,
          0.0,
          1.0
        ]
      ]
    },
    {
      "file_path": "/media/NFS/ttao/scannet/posed_images/scene0145_00/00118.jpg",
      "transform_matrix": [
        [
          0.152478,
          0.402677,
          -0.902553,
          6.540502
        ],
        [
          0.982315,
          -0.162161,
          0.093604,
          3.807258
        ],
        [
          -0.108667,
          -0.900863,
          -0.420281,
          1.606349
        ],
        [
          0.0,
          0.0,
          0.0,
          1.0
        ]
      ]
    },
    {
      "file_path": "/media/NFS/ttao/scannet/posed_images/scene0145_00/00126.jpg",
      "transform_matrix": [
        [
          0.211285,
          0.378259,
          -0.901265,
          6.505129
        ],
        [
          0.966914,
          -0.215744,
          0.136128,
          3.799857
        ],
        [
          -0.142951,
          -0.900208,
          -0.411327,
          1.604599
        ],
        [
          0.0,
          0.0,
          0.0,
          1.0
        ]
      ]
    },
    {
      "file_path": "/media/NFS/ttao/scannet/posed_images/scene0145_00/00127.jpg",
      "transform_matrix": [
        [
          0.22153,
          0.376376,
          -0.899592,
          6.504365
        ],
        [
          0.964779,
          -0.218798,
          0.146042,
          3.798376
        ],
        [
          -0.141862,
          -0.90026,
          -0.41159,
          1.603011
        ],
        [
          0.0,
          0.0,
          0.0,
          1.0
        ]
      ]
    },
    {
      "file_path": "/media/NFS/ttao/scannet/posed_images/scene0145_00/00134.jpg",
      "transform_matrix": [
        [
          0.310131,
          0.380003,
          -0.871445,
          6.485649
        ],
        [
          0.942177,
          -0.245275,
          0.228348,
          3.792696
        ],
        [
          -0.12697,
          -0.891873,
          -0.434097,
          1.602066
        ],
        [
          0.0,
          0.0,
          0.0,
          1.0
        ]
      ]
    },
    {
      "file_path": "/media/NFS/ttao/scannet/posed_images/scene0145_00/00137.jpg",
      "transform_matrix": [
        [
          0.332566,
          0.374815,
          -0.865398,
          6.48078
        ],
        [
          0.935401,
          -0.247963,
          0.252071,
          3.794166
        ],
        [
          -0.120106,
          -0.893324,
          -0.433066,
          1.59828
        ],
        [
          0.0,
          0.0,
          0.0,
          1.0
        ]
      ]
    },
    {
      "file_path": "/media/NFS/ttao/scannet/posed_images/scene0145_00/00143.jpg",
      "transform_matrix": [
        [
          0.382249,
          0.397831,
          -0.834036,
          6.477437
        ],
        [
          0.918923,
          -0.258689,
          0.29776,
          3.810389
        ],
        [
          -0.097298,
          -0.880233,
          -0.46446,
          1.594946
        ],
        [
          0.0,
          0.0,
          0.0,
          1.0
        ]
      ]
    },
    {
      "file_path": "/media/NFS/ttao/scannet/posed_images/scene0145_00/00147.jpg",
      "transform_matrix": [
        [
          0.406653,
          0.377464,
          -0.831958,
          6.473469
        ],
        [
          0.907609,
          -0.270883,
          0.32073,
          3.826942
        ],
        [
          -0.104299,
          -0.885518,
          -0.452746,
          1.592121
        ],
        [
          0.0,
          0.0,
          0.0,
          1.0
        ]
      ]
    },
    {
      "file_path": "/media/NFS/ttao/scannet/posed_images/scene0145_00/00150.jpg",
      "transform_matrix": [
        [
          0.430667,
          0.389911,
          -0.813938,
          6.472738
        ],
        [
          0.898599,
          -0.26913,
          0.346538,
          3.839245
        ],
        [
          -0.083936,
          -0.880647,
          -0.466279,
          1.586358
        ],
        [
          0.0,
          0.0,
          0.0,
          1.0
        ]
      ]
    },
    {
      "file_path": "/media/NFS/ttao/scannet/posed_images/scene0145_00/00154.jpg",
      "transform_matrix": [
        [
          0.485351,
          0.405049,
          -0.774835,
          6.451133
        ],
        [
          0.871678,
          -0.293001,
          0.392845,
          3.858466
        ],
        [
          -0.067906,
          -0.866075,
          -0.495281,
          1.593583
        ],
        [
          0.0,
          0.0,
          0.0,
          1.0
        ]
      ]
    },
    {
      "file_path": "/media/NFS/ttao/scannet/posed_images/scene0145_00/00160.jpg",
      "transform_matrix": [
        [
          0.514319,
          0.35298,
          -0.781589,
          6.440207
        ],
        [
          0.853154,
          -0.303262,
          0.424453,
          3.889939
        ],
        [
          -0.087203,
          -0.88512,
          -0.45712,
          1.592447
        ],
        [
          0.0,
          0.0,
          0.0,
          1.0
        ]
      ]
    },
    {
      "file_path": "/media/NFS/ttao/scannet/posed_images/scene0145_00/00163.jpg",
      "transform_matrix": [
        [
          0.530586,
          0.350167,
          -0.771921,
          6.427506
        ],
        [
          0.843875,
          -0.30386,
          0.442204,
          3.899158
        ],
        [
          -0.07971,
          -0.886032,
          -0.456721,
          1.590475
        ],
        [
          0.0,
          0.0,
          0.0,
          1.0
        ]
      ]
    },
    {
      "file_path": "/media/NFS/ttao/scannet/posed_images/scene0145_00/00167.jpg",
      "transform_matrix": [
        [
          0.551033,
          0.376344,
          -0.7448,
          6.39398
        ],
        [
          0.83303,
          -0.300719,
          0.464358,
          3.902871
        ],
        [
          -0.049217,
          -0.876318,
          -0.479212,
          1.584284
        ],
        [
          0.0,
          0.0,
          0.0,
          1.0
        ]
      ]
    },
    {
      "file_path": "/media/NFS/ttao/scannet/posed_images/scene0145_00/00174.jpg",
      "transform_matrix": [
        [
          0.621647,
          0.381872,
          -0.683906,
          6.291912
        ],
        [
          0.783285,
          -0.307915,
          0.540049,
          3.894632
        ],
        [
          -0.004356,
          -0.871414,
          -0.49053,
          1.585289
        ],
        [
          0.0,
          0.0,
          0.0,
          1.0
        ]
      ]
    },
    {
      "file_path": "/media/NFS/ttao/scannet/posed_images/scene0145_00/00178.jpg",
      "transform_matrix": [
        [
          0.660534,
          0.35574,
          -0.661169,
          6.217305
        ],
        [
          0.75075,
          -0.322746,
          0.576376,
          3.872745
        ],
        [
          -0.00835,
          -0.877089,
          -0.480256,
          1.587765
        ],
        [
          0.0,
          0.0,
          0.0,
          1.0
        ]
      ]
    },
    {
      "file_path": "/media/NFS/ttao/scannet/posed_images/scene0145_00/00182.jpg",
      "transform_matrix": [
        [
          0.683354,
          0.322578,
          -0.654959,
          6.146249
        ],
        [
          0.728811,
          -0.354429,
          0.585845,
          3.847982
        ],
        [
          -0.043156,
          -0.877681,
          -0.477299,
          1.591252
        ],
        [
          0.0,
          0.0,
          0.0,
          1.0
        ]
      ]
    },
    {
      "file_path": "/media/NFS/ttao/scannet/posed_images/scene0145_00/00188.jpg",
      "transform_matrix": [
        [
          0.696773,
          0.329247,
          -0.637262,
          6.04784
        ],
        [
          0.715663,
          -0.378931,
          0.586717,
          3.82032
        ],
        [
          -0.048303,
          -0.864874,
          -0.499659,
          1.601045
        ],
        [
          0.0,
          0.0,
          0.0,
          1.0
        ]
      ]
    },
    {
      "file_path": "/media/NFS/ttao/scannet/posed_images/scene0145_00/00192.jpg",
      "transform_matrix": [
        [
          0.713886,
          0.297819,
          -0.633775,
          5.989138
        ],
        [
          0.698814,
          -0.361164,
          0.61743,
          3.814139
        ],
        [
          -0.045014,
          -0.883665,
          -0.46595,
          1.611855
        ],
        [
          0.0,
          0.0,
          0.0,
          1.0
        ]
      ]
    },
    {
      "file_path": "/media/NFS/ttao/scannet/posed_images/scene0145_00/00194.jpg",
      "transform_matrix": [
        [
          0.719359,
          0.295178,
          -0.628803,
          5.964327
        ],
        [
          0.693205,
          -0.363186,
          0.622545,
          3.815503
        ],
        [
          -0.044611,
          -0.883723,
          -0.46588,
          1.609838
        ],
        [
          0.0,
          0.0,
          0.0,
          1.0
        ]
      ]
    },
    {
      "file_path": "/media/NFS/ttao/scannet/posed_images/scene0145_00/00199.jpg",
      "transform_matrix": [
        [
          0.746586,
          0.300446,
          -0.593584,
          5.886858
        ],
        [
          0.665108,
          -0.35787,
          0.655409,
          3.832689
        ],
        [
          -0.015511,
          -0.884116,
          -0.467009,
          1.604239
        ],
        [
          0.0,
          0.0,
          0.0,
          1.0
        ]
      ]
    },
    {
      "file_path": "/media/NFS/ttao/scannet/posed_images/scene0145_00/00204.jpg",
      "transform_matrix": [
        [
          0.744926,
          0.310886,
          -0.590283,
          5.799435
        ],
        [
          0.665548,
          -0.407513,
          0.625283,
          3.878282
        ],
        [
          -0.046156,
          -0.858652,
          -0.510477,
          1.597702
        ],
        [
          0.0,
          0.0,
          0.0,
          1.0
        ]
      ]
    },
    {
      "file_path": "/media/NFS/ttao/scannet/posed_images/scene0145_00/00210.jpg",
      "transform_matrix": [
        [
          0.767054,
          0.257228,
          -0.58776,
          5.674288
        ],
        [
          0.636686,
          -0.418145,
          0.647909,
          3.936492
        ],
        [
          -0.079108,
          -0.871199,
          -0.484513,
          1.618428
        ],
        [
          0.0,
          0.0,
          0.0,
          1.0
        ]
      ]
    },
    {
      "file_path": "/media/NFS/ttao/scannet/posed_images/scene0145_00/00215.jpg",
      "transform_matrix": [
        [
          0.77597,
          0.19861,
          -0.598685,
          5.578578
        ],
        [
          0.619971,
          -0.415015,
          0.665881,
          3.983584
        ],
        [
          -0.116213,
          -0.887872,
          -0.445172,
          1.641834
        ],
        [
          0.0,
          0.0,
          0.0,
          1.0
        ]
      ]
    },
    {
      "file_path": "/media/NFS/ttao/scannet/posed_images/scene0145_00/00216.jpg",
      "transform_matrix": [
        [
          0.777383,
          0.196333,
          -0.597602,
          5.562653
        ],
        [
          0.61822,
          -0.41382,
          0.668249,
          3.985097
        ],
        [
          -0.1161,
          -0.888935,
          -0.443074,
          1.638739
        ],
        [
          0.0,
          0.0,
          0.0,
          1.0
        ]
      ]
    },
    {
      "file_path": "/media/NFS/ttao/scannet/posed_images/scene0145_00/00220.jpg",
      "transform_matrix": [
        [
          0.807764,
          0.184996,
          -0.559727,
          5.478764
        ],
        [
          0.578394,
          -0.432191,
          0.69186,
          4.020697
        ],
        [
          -0.113918,
          -0.882602,
          -0.456109,
          1.637759
        ],
        [
          0.0,
          0.0,
          0.0,
          1.0
        ]
      ]
    },
    {
      "file_path": "/media/NFS/ttao/scannet/posed_images/scene0145_00/00227.jpg",
      "transform_matrix": [
        [
          0.846737,
          0.196312,
          -0.494467,
          5.342669
        ],
        [
          0.523821,
          -0.47009,
          0.710371,
          4.059161
        ],
        [
          -0.09299,
          -0.86051,
          -0.500875,
          1.611997
        ],
        [
          0.0,
          0.0,
          0.0,
          1.0
        ]
      ]
    },
    {
      "file_path": "/media/NFS/ttao/scannet/posed_images/scene0145_00/00229.jpg",
      "transform_matrix": [
        [
          0.864491,
          0.183407,
          -0.467993,
          5.300529
        ],
        [
          0.493933,
          -0.482593,
          0.72328,
          4.067954
        ],
        [
          -0.093196,
          -0.856426,
          -0.507788,
          1.608612
        ],
        [
          0.0,
          0.0,
          0.0,
          1.0
        ]
      ]
    },
    {
      "file_path": "/media/NFS/ttao/scannet/posed_images/scene0145_00/00235.jpg",
      "transform_matrix": [
        [
          0.906351,
          0.1191,
          -0.405392,
          5.171456
        ],
        [
          0.406653,
          -0.506391,
          0.760396,
          4.104468
        ],
        [
          -0.114724,
          -0.85404,
          -0.5074,
          1.618567
        ],
        [
          0.0,
          0.0,
          0.0,
          1.0
        ]
      ]
    },
    {
      "file_path": "/media/NFS/ttao/scannet/posed_images/scene0145_00/00240.jpg",
      "transform_matrix": [
        [
          0.926255,
          0.087176,
          -0.366677,
          5.077665
        ],
        [
          0.357844,
          -0.508831,
          0.782968,
          4.125665
        ],
        [
          -0.118321,
          -0.856441,
          -0.502503,
          1.624115
        ],
        [
          0.0,
          0.0,
          0.0,
          1.0
        ]
      ]
    },
    {
      "file_path": "/media/NFS/ttao/scannet/posed_images/scene0145_00/00243.jpg",
      "transform_matrix": [
        [
          0.939836,
          0.071851,
          -0.333984,
          5.031168
        ],
        [
          0.319508,
          -0.530916,
          0.784883,
          4.142842
        ],
        [
          -0.120923,
          -0.844373,
          -0.521932,
          1.6251
        ],
        [
          0.0,
          0.0,
          0.0,
          1.0
        ]
      ]
    },
    {
      "file_path": "/media/NFS/ttao/scannet/posed_images/scene0145_00/00247.jpg",
      "transform_matrix": [
        [
          0.957638,
          0.033587,
          -0.286011,
          4.970366
        ],
        [
          0.259736,
          -0.529655,
          0.807467,
          4.170476
        ],
        [
          -0.124367,
          -0.847548,
          -0.515942,
          1.627429
        ],
        [
          0.0,
          0.0,
          0.0,
          1.0
        ]
      ]
    },
    {
      "file_path": "/media/NFS/ttao/scannet/posed_images/scene0145_00/00255.jpg",
      "transform_matrix": [
        [
          0.983981,
          -0.049986,
          -0.171123,
          4.842296
        ],
        [
          0.123818,
          -0.498975,
          0.857726,
          4.247861
        ],
        [
          -0.128261,
          -0.865174,
          -0.484792,
          1.614986
        ],
        [
          0.0,
          0.0,
          0.0,
          1.0
        ]
      ]
    },
    {
      "file_path": "/media/NFS/ttao/scannet/posed_images/scene0145_00/00259.jpg",
      "transform_matrix": [
        [
          0.986381,
          -0.087795,
          -0.139081,
          4.782279
        ],
        [
          0.07521,
          -0.511259,
          0.856129,
          4.294785
        ],
        [
          -0.146271,
          -0.854931,
          -0.497693,
          1.617901
        ],
        [
          0.0,
          0.0,
          0.0,
          1.0
        ]
      ]
    },
    {
      "file_path": "/media/NFS/ttao/scannet/posed_images/scene0145_00/00263.jpg",
      "transform_matrix": [
        [
          0.987501,
          -0.12351,
          -0.097912,
          4.72001
        ],
        [
          0.027887,
          -0.474498,
          0.879815,
          4.335915
        ],
        [
          -0.155125,
          -0.871548,
          -0.465123,
          1.620435
        ],
        [
          0.0,
          0.0,
          0.0,
          1.0
        ]
      ]
    },
    {
      "file_path": "/media/NFS/ttao/scannet/posed_images/scene0145_00/00264.jpg",
      "transform_matrix": [
        [
          0.989126,
          -0.122653,
          -0.081153,
          4.708282
        ],
        [
          0.012844,
          -0.477647,
          0.878458,
          4.345953
        ],
        [
          -0.146508,
          -0.869948,
          -0.470878,
          1.619524
        ],
        [
          0.0,
          0.0,
          0.0,
          1.0
        ]
      ]
    },
    {
      "file_path": "/media/NFS/ttao/scannet/posed_images/scene0145_00/00272.jpg",
      "transform_matrix": [
        [
          0.986543,
          -0.161288,
          0.026799,
          4.616636
        ],
        [
          -0.098707,
          -0.45687,
          0.88404,
          4.401733
        ],
        [
          -0.130342,
          -0.874789,
          -0.466643,
          1.624666
        ],
        [
          0.0,
          0.0,
          0.0,
          1.0
        ]
      ]
    },
    {
      "file_path": "/media/NFS/ttao/scannet/posed_images/scene0145_00/00273.jpg",
      "transform_matrix": [
        [
          0.985373,
          -0.166241,
          0.037471,
          4.606238
        ],
        [
          -0.110714,
          -0.457351,
          0.882367,
          4.410551
        ],
        [
          -0.129548,
          -0.87361,
          -0.469066,
          1.624408
        ],
        [
          0.0,
          0.0,
          0.0,
          1.0
        ]
      ]
    },
    {
      "file_path": "/media/NFS/ttao/scannet/posed_images/scene0145_00/00278.jpg",
      "transform_matrix": [
        [
          0.969781,
          -0.212046,
          0.120664,
          4.55685
        ],
        [
          -0.204747,
          -0.438396,
          0.87515,
          4.438079
        ],
        [
          -0.132674,
          -0.87341,
          -0.468565,
          1.62812
        ],
        [
          0.0,
          0.0,
          0.0,
          1.0
        ]
      ]
    },
    {
      "file_path": "/media/NFS/ttao/scannet/posed_images/scene0145_00/00285.jpg",
      "transform_matrix": [
        [
          0.938892,
          -0.276767,
          0.204651,
          4.531979
        ],
        [
          -0.309102,
          -0.416322,
          0.855062,
          4.469588
        ],
        [
          -0.151452,
          -0.866069,
          -0.476431,
          1.632209
        ],
        [
          0.0,
          0.0,
          0.0,
          1.0
        ]
      ]
    },
    {
      "file_path": "/media/NFS/ttao/scannet/posed_images/scene0145_00/00286.jpg",
      "transform_matrix": [
        [
          0.935239,
          -0.280223,
          0.21634,
          4.52706
        ],
        [
          -0.321305,
          -0.415315,
          0.851044,
          4.472979
        ],
        [
          -0.148633,
          -0.865441,
          -0.478456,
          1.62901
        ],
        [
          0.0,
          0.0,
          0.0,
          1.0
        ]
      ]
    },
    {
      "file_path": "/media/NFS/ttao/scannet/posed_images/scene0145_00/00292.jpg",
      "transform_matrix": [
        [
          0.903684,
          -0.301407,
          0.304153,
          4.515799
        ],
        [
          -0.407252,
          -0.385533,
          0.827955,
          4.52328
        ],
        [
          -0.13229,
          -0.872077,
          -0.471149,
          1.627511
        ],
        [
          0.0,
          0.0,
          0.0,
          1.0
        ]
      ]
    },
    {
      "file_path": "/media/NFS/ttao/scannet/posed_images/scene0145_00/00297.jpg",
      "transform_matrix": [
        [
          0.868791,
          -0.310061,
          0.386088,
          4.510804
        ],
        [
          -0.485405,
          -0.379117,
          0.787815,
          4.585621
        ],
        [
          -0.097898,
          -0.871856,
          -0.479879,
          1.616028
        ],
        [
          0.0,
          0.0,
          0.0,
          1.0
        ]
      ]
    },
    {
      "file_path": "/media/NFS/ttao/scannet/posed_images/scene0145_00/00302.jpg",
      "transform_matrix": [
        [
          0.83155,
          -0.334824,
          0.443189,
          4.533993
        ],
        [
          -0.545831,
          -0.344737,
          0.763691,
          4.655682
        ],
        [
          -0.102918,
          -0.876954,
          -0.469424,
          1.611566
        ],
        [
          0.0,
          0.0,
          0.0,
          1.0
        ]
      ]
    },
    {
      "file_path": "/media/NFS/ttao/scannet/posed_images/scene0145_00/00304.jpg",
      "transform_matrix": [
        [
          0.815714,
          -0.349685,
          0.460794,
          4.54232
        ],
        [
          -0.569022,
          -0.341794,
          0.747924,
          4.687354
        ],
        [
          -0.104042,
          -0.872294,
          -0.477785,
          1.609582
        ],
        [
          0.0,
          0.0,
          0.0,
          1.0
        ]
      ]
    },
    {
      "file_path": "/media/NFS/ttao/scannet/posed_images/scene0145_00/00312.jpg",
      "transform_matrix": [
        [
          0.734797,
          -0.392783,
          0.552988,
          4.58305
        ],
        [
          -0.672156,
          -0.312284,
          0.671331,
          4.794807
        ],
        [
          -0.090998,
          -0.864986,
          -0.493477,
          1.591795
        ],
        [
          0.0,
          0.0,
          0.0,
          1.0
        ]
      ]
    },
    {
      "file_path": "/media/NFS/ttao/scannet/posed_images/scene0145_00/00313.jpg",
      "transform_matrix": [
        [
          0.724423,
          -0.398688,
          0.562369,
          4.590522
        ],
        [
          -0.683294,
          -0.307341,
          0.662307,
          4.804039
        ],
        [
          -0.091215,
          -0.864054,
          -0.495066,
          1.588467
        ],
        [
          0.0,
          0.0,
          0.0,
          1.0
        ]
      ]
    },
    {
      "file_path": "/media/NFS/ttao/scannet/posed_images/scene0145_00/00318.jpg",
      "transform_matrix": [
        [
          0.648708,
          -0.430613,
          0.627495,
          4.614902
        ],
        [
          -0.757415,
          -0.284956,
          0.587471,
          4.84594
        ],
        [
          -0.074165,
          -0.856372,
          -0.511006,
          1.584079
        ],
        [
          0.0,
          0.0,
          0.0,
          1.0
        ]
      ]
    },
    {
      "file_path": "/media/NFS/ttao/scannet/posed_images/scene0145_00/00322.jpg",
      "transform_matrix": [
        [
          0.571904,
          -0.441158,
          0.691596,
          4.622019
        ],
        [
          -0.818285,
          -0.247451,
          0.518823,
          4.878882
        ],
        [
          -0.057747,
          -0.86264,
          -0.502511,
          1.578771
        ],
        [
          0.0,
          0.0,
          0.0,
          1.0
        ]
      ]
    },
    {
      "file_path": "/media/NFS/ttao/scannet/posed_images/scene0145_00/00329.jpg",
      "transform_matrix": [
        [
          0.45034,
          -0.48962,
          0.746636,
          4.624134
        ],
        [
          -0.890538,
          -0.186084,
          0.415108,
          4.908331
        ],
        [
          -0.064308,
          -0.851848,
          -0.519827,
          1.582333
        ],
        [
          0.0,
          0.0,
          0.0,
          1.0
        ]
      ]
    },
    {
      "file_path": "/media/NFS/ttao/scannet/posed_images/scene0145_00/00334.jpg",
      "transform_matrix": [
        [
          0.359978,
          -0.487654,
          0.795368,
          4.610312
        ],
        [
          -0.930883,
          -0.130865,
          0.341075,
          4.918037
        ],
        [
          -0.062241,
          -0.863173,
          -0.501057,
          1.578467
        ],
        [
          0.0,
          0.0,
          0.0,
          1.0
        ]
      ]
    },
    {
      "file_path": "/media/NFS/ttao/scannet/posed_images/scene0145_00/00337.jpg",
      "transform_matrix": [
        [
          0.30603,
          -0.498303,
          0.811196,
          4.604705
        ],
        [
          -0.950202,
          -0.107219,
          0.292608,
          4.920218
        ],
        [
          -0.058832,
          -0.860348,
          -0.506301,
          1.577695
        ],
        [
          0.0,
          0.0,
          0.0,
          1.0
        ]
      ]
    },
    {
      "file_path": "/media/NFS/ttao/scannet/posed_images/scene0145_00/00339.jpg",
      "transform_matrix": [
        [
          0.262079,
          -0.501786,
          0.824334,
          4.602818
        ],
        [
          -0.963599,
          -0.089301,
          0.251996,
          4.917537
        ],
        [
          -0.052835,
          -0.86037,
