{
  "frames": [
    {
      "file_path": "/media/NFS/ttao/scannet/posed_images/scene0548_00/00000.jpg",
      "transform_matrix": [
        [
          0.964768,
          0.131996,
          -0.227595,
          1.866549
        ],
        [
          0.260601,
          -0.598389,
          0.757639,
          1.601087
        ],
        [
          -0.036185,
          -0.790258,
          -0.611705,
          1.378156
        ],
        [
          0.0,
          0.0,
          0.0,
          1.0
        ]
      ]
    },
    {
      "file_path": "/media/NFS/ttao/scannet/posed_images/scene0548_00/00012.jpg",
      "transform_matrix": [
        [
          0.975929,
          0.107451,
          -0.189782,
          1.84234
        ],
        [
          0.217524,
          -0.54221,
          0.811598,
          1.585685
        ],
        [
          -0.015695,
          -0.833344,
          -0.552531,
          1.409758
        ],
        [
          0.0,
          0.0,
          0.0,
          1.0
        ]
      ]
    },
    {
      "file_path": "/media/NFS/ttao/scannet/posed_images/scene0548_00/00031.jpg",
      "transform_matrix": [
        [
          0.970871,
          0.080911,
          -0.225529,
          1.866015
        ],
        [
          0.235195,
          -0.501553,
          0.832543,
          1.590816
        ],
        [
          -0.045753,
          -0.861335,
          -0.505973,
          1.435164
        ],
        [
          0.0,
          0.0,
          0.0,
          1.0
        ]
      ]
    },
    {
      "file_path": "/media/NFS/ttao/scannet/posed_images/scene0548_00/00039.jpg",
      "transform_matrix": [
        [
          0.950412,
          0.127666,
          -0.283583,
          1.91611
        ],
        [
          0.309281,
          -0.483605,
          0.818823,
          1.603624
        ],
        [
          -0.032606,
          -0.865926,
          -0.499108,
          1.442392
        ],
        [
          0.0,
          0.0,
          0.0,
          1.0
        ]
      ]
    },
    {
      "file_path": "/media/NFS/ttao/scannet/posed_images/scene0548_00/00058.jpg",
      "transform_matrix": [
        [
          0.885674,
          0.198944,
          -0.419527,
          1.971772
        ],
        [
          0.461293,
          -0.479827,
          0.746308,
          1.677966
        ],
        [
          -0.052827,
          -0.85451,
          -0.516741,
          1.430641
        ],
        [
          0.0,
          0.0,
          0.0,
          1.0
        ]
      ]
    },
    {
      "file_path": "/media/NFS/ttao/scannet/posed_images/scene0548_00/00062.jpg",
      "transform_matrix": [
        [
          0.870035,
          0.227013,
          -0.437612,
          1.961702
        ],
        [
          0.491252,
          -0.473684,
          0.730955,
          1.704999
        ],
        [
          -0.041353,
          -0.850934,
          -0.523642,
          1.426582
        ],
        [
          0.0,
          0.0,
          0.0,
          1.0
        ]
      ]
    },
    {
      "file_path": "/media/NFS/ttao/scannet/posed_images/scene0548_00/00086.jpg",
      "transform_matrix": [
        [
          0.63338,
          0.36896,
          -0.680219,
          1.963184
        ],
        [
          0.773054,
          -0.341296,
          0.5347,
          1.767954
        ],
        [
          -0.034873,
          -0.864514,
          -0.501397,
          1.453542
        ],
        [
          0.0,
          0.0,
          0.0,
          1.0
        ]
      ]
    },
    {
      "file_path": "/media/NFS/ttao/scannet/posed_images/scene0548_00/00097.jpg",
      "transform_matrix": [
        [
          0.475752,
          0.401639,
          -0.782526,
          2.020555
        ],
        [
          0.878186,
          -0.266944,
          0.3969,
          1.79561
        ],
        [
          -0.04948,
          -0.876029,
          -0.479713,
          1.460123
        ],
        [
          0.0,
          0.0,
          0.0,
          1.0
        ]
      ]
    },
    {
      "file_path": "/media/NFS/ttao/scannet/posed_images/scene0548_00/00109.jpg",
      "transform_matrix": [
        [
          0.339185,
          0.41597,
          -0.843755,
          2.057999
        ],
        [
          0.937491,
          -0.223709,
          0.266579,
          1.808457
        ],
        [
          -0.077867,
          -0.881433,
          -0.465847,
          1.469878
        ],
        [
          0.0,
          0.0,
          0.0,
          1.0
        ]
      ]
    },
    {
      "file_path": "/media/NFS/ttao/scannet/posed_images/scene0548_00/00121.jpg",
      "transform_matrix": [
        [
          0.219296,
          0.440082,
          -0.870768,
          2.079954
        ],
        [
          0.972697,
          -0.168095,
          0.160012,
          1.817984
        ],
        [
          -0.075954,
          -0.882084,
          -0.464929,
          1.464924
        ],
        [
          0.0,
          0.0,
          0.0,
          1.0
        ]
      ]
    },
    {
      "file_path": "/media/NFS/ttao/scannet/posed_images/scene0548_00/00132.jpg",
      "transform_matrix": [
        [
          0.109971,
          0.482942,
          -0.86872,
          2.056285
        ],
        [
          0.991604,
          -0.113129,
          0.062636,
          1.818632
        ],
        [
          -0.068028,
          -0.868314,
          -0.491328,
          1.457581
        ],
        [
          0.0,
          0.0,
          0.0,
          1.0
        ]
      ]
    },
    {
      "file_path": "/media/NFS/ttao/scannet/posed_images/scene0548_00/00148.jpg",
      "transform_matrix": [
        [
          -0.023438,
          0.493543,
          -0.869405,
          2.009066
        ],
        [
          0.999055,
          -0.020272,
          -0.038441,
          1.746015
        ],
        [
          -0.036597,
          -0.869485,
          -0.492602,
          1.454324
        ],
        [
          0.0,
          0.0,
          0.0,
          1.0
        ]
      ]
    },
    {
      "file_path": "/media/NFS/ttao/scannet/posed_images/scene0548_00/00152.jpg",
      "transform_matrix": [
        [
          -0.059874,
          0.500797,
          -0.863492,
          1.995788
        ],
        [
          0.997774,
          0.004587,
          -0.066524,
          1.729919
        ],
        [
          -0.029354,
          -0.865553,
          -0.499957,
          1.446235
        ],
        [
          0.0,
          0.0,
          0.0,
          1.0
        ]
      ]
    },
    {
      "file_path": "/media/NFS/ttao/scannet/posed_images/scene0548_00/00167.jpg",
      "transform_matrix": [
        [
          -0.263402,
          0.513244,
          -0.816823,
          1.963469
        ],
        [
          0.963103,
          0.091415,
          -0.253133,
          1.71831
        ],
        [
          -0.055249,
          -0.85336,
          -0.518386,
          1.443904
        ],
        [
          0.0,
          0.0,
          0.0,
          1.0
        ]
      ]
    },
    {
      "file_path": "/media/NFS/ttao/scannet/posed_images/scene0548_00/00183.jpg",
      "transform_matrix": [
        [
          -0.533976,
          0.478561,
          -0.697029,
          1.912645
        ],
        [
          0.843636,
          0.246871,
          -0.476794,
          1.797393
        ],
        [
          -0.056099,
          -0.842635,
          -0.535555,
          1.438164
        ],
        [
          0.0,
          0.0,
          0.0,
          1.0
        ]
      ]
    },
    {
      "file_path": "/media/NFS/ttao/scannet/posed_images/scene0548_00/00198.jpg",
      "transform_matrix": [
        [
          -0.737388,
          0.401446,
          -0.543231,
          1.870584
        ],
        [
          0.673276,
          0.372063,
          -0.638959,
          1.792261
        ],
        [
          -0.054392,
          -0.836905,
          -0.544639,
          1.43556
        ],
        [
          0.0,
          0.0,
          0.0,
          1.0
        ]
      ]
    },
    {
      "file_path": "/media/NFS/ttao/scannet/posed_images/scene0548_00/00206.jpg",
      "transform_matrix": [
        [
          -0.809449,
          0.327785,
          -0.487186,
          1.84186
        ],
        [
          0.58695,
          0.427941,
          -0.687281,
          1.766246
        ],
        [
          -0.016794,
          -0.842273,
          -0.53879,
          1.431629
        ],
        [
          0.0,
          0.0,
          0.0,
          1.0
        ]
      ]
    },
    {
      "file_path": "/media/NFS/ttao/scannet/posed_images/scene0548_00/00218.jpg",
      "transform_matrix": [
        [
          -0.921639,
          0.269873,
          -0.278838,
          1.824951
        ],
        [
          0.37949,
          0.476743,
          -0.792908,
          1.786424
        ],
        [
          -0.081051,
          -0.836591,
          -0.541799,
          1.44717
        ],
        [
          0.0,
          0.0,
          0.0,
          1.0
        ]
      ]
    },
    {
      "file_path": "/media/NFS/ttao/scannet/posed_images/scene0548_00/00241.jpg",
      "transform_matrix": [
        [
          -0.992146,
          0.119522,
          0.036907,
          1.840223
        ],
        [
          0.02975,
          0.512034,
          -0.85845,
          1.880132
        ],
        [
          -0.121502,
          -0.850609,
          -0.511567,
          1.45517
        ],
        [
          0.0,
          0.0,
          0.0,
          1.0
        ]
      ]
    },
    {
      "file_path": "/media/NFS/ttao/scannet/posed_images/scene0548_00/00249.jpg",
      "transform_matrix": [
        [
          -0.993276,
          0.095131,
          0.065977,
          1.841657
        ],
        [
          -0.006905,
          0.520193,
          -0.854021,
          1.880854
        ],
        [
          -0.115565,
          -0.848734,
          -0.516038,
          1.451986
        ],
        [
          0.0,
          0.0,
          0.0,
          1.0
        ]
      ]
    },
    {
      "file_path": "/media/NFS/ttao/scannet/posed_images/scene0548_00/00257.jpg",
      "transform_matrix": [
        [
          -0.992357,
          0.068487,
          0.102654,
          1.852045
        ],
        [
          -0.050641,
          0.532576,
          -0.844866,
          1.875448
        ],
        [
          -0.112534,
          -0.843607,
          -0.525037,
          1.4541
        ],
        [
          0.0,
          0.0,
          0.0,
          1.0
        ]
      ]
    },
    {
      "file_path": "/media/NFS/ttao/scannet/posed_images/scene0548_00/00269.jpg",
      "transform_matrix": [
        [
          -0.977742,
          0.006534,
          0.20971,
          1.883417
        ],
        [
          -0.171384,
          0.551699,
          -0.816245,
          1.854999
        ],
        [
          -0.12103,
          -0.834018,
          -0.538299,
          1.453593
        ],
        [
          0.0,
          0.0,
          0.0,
          1.0
        ]
      ]
    },
    {
      "file_path": "/media/NFS/ttao/scannet/posed_images/scene0548_00/00292.jpg",
      "transform_matrix": [
        [
          -0.929505,
          -0.070916,
          0.361928,
          1.909261
        ],
        [
          -0.341349,
          0.536996,
          -0.771437,
          1.793214
        ],
        [
          -0.139646,
          -0.840599,
          -0.523348,
          1.439737
        ],
        [
          0.0,
          0.0,
          0.0,
          1.0
        ]
      ]
    },
    {
      "file_path": "/media/NFS/ttao/scannet/posed_images/scene0548_00/00300.jpg",
      "transform_matrix": [
        [
          -0.894513,
          -0.10024,
          0.435659,
          1.906042
        ],
        [
          -0.419939,
          0.522581,
          -0.741998,
          1.766022
        ],
        [
          -0.153289,
          -0.846677,
          -0.50955,
          1.45069
        ],
        [
          0.0,
          0.0,
          0.0,
          1.0
        ]
      ]
    },
    {
      "file_path": "/media/NFS/ttao/scannet/posed_images/scene0548_00/00319.jpg",
      "transform_matrix": [
        [
          -0.748053,
          -0.238991,
          0.619113,
          1.921353
        ],
        [
          -0.642958,
          0.492075,
          -0.586913,
          1.735522
        ],
        [
          -0.164383,
          -0.837105,
          -0.521759,
          1.444282
        ],
        [
          0.0,
          0.0,
          0.0,
          1.0
        ]
      ]
    },
    {
      "file_path": "/media/NFS/ttao/scannet/posed_images/scene0548_00/00331.jpg",
      "transform_matrix": [
        [
          -0.724338,
          -0.279036,
          0.630455,
          1.966266
        ],
        [
          -0.675381,
          0.470932,
          -0.567523,
          1.710987
        ],
        [
          -0.138542,
          -0.836876,
          -0.52957,
          1.44006
        ],
        [
          0.0,
          0.0,
          0.0,
          1.0
        ]
      ]
    },
    {
      "file_path": "/media/NFS/ttao/scannet/posed_images/scene0548_00/00335.jpg",
      "transform_matrix": [
        [
          -0.719216,
          -0.294121,
          0.629461,
          1.981118
        ],
        [
          -0.682304,
          0.469957,
          -0.560001,
          1.698144
        ],
        [
          -0.131111,
          -0.832246,
          -0.538681,
          1.441499
        ],
        [
          0.0,
          0.0,
          0.0,
          1.0
        ]
      ]
    },
    {
      "file_path": "/media/NFS/ttao/scannet/posed_images/scene0548_00/00346.jpg",
      "transform_matrix": [
        [
          -0.698383,
          -0.32061,
          0.639898,
          2.022581
        ],
        [
          -0.705706,
          0.457525,
          -0.540971,
          1.679348
        ],
        [
          -0.119329,
          -0.829385,
          -0.545784,
          1.434251
        ],
        [
          0.0,
          0.0,
          0.0,
          1.0
        ]
      ]
    },
    {
      "file_path": "/media/NFS/ttao/scannet/posed_images/scene0548_00/00362.jpg",
      "transform_matrix": [
        [
          -0.627476,
          -0.372576,
          0.683712,
          2.039248
        ],
        [
          -0.772889,
          0.404515,
          -0.488886,
          1.66362
        ],
        [
          -0.094425,
          -0.835198,
          -0.541783,
          1.449061
        ],
        [
          0.0,
          0.0,
          0.0,
          1.0
        ]
      ]
    },
    {
      "file_path": "/media/NFS/ttao/scannet/posed_images/scene0548_00/00378.jpg",
      "transform_matrix": [
        [
          -0.523408,
          -0.420234,
          0.741247,
          2.03326
        ],
        [
          -0.848188,
          0.340032,
          -0.406147,
          1.655753
        ],
        [
          -0.081371,
          -0.841298,
          -0.534413,
          1.435531
        ],
        [
          0.0,
          0.0,
          0.0,
          1.0
        ]
      ]
    },
    {
      "file_path": "/media/NFS/ttao/scannet/posed_images/scene0548_00/00385.jpg",
      "transform_matrix": [
        [
          -0.501251,
          -0.42904,
          0.751447,
          2.033376
        ],
        [
          -0.861461,
          0.329164,
          -0.386699,
          1.643853
        ],
        [
          -0.08144,
          -0.841175,
          -0.534595,
          1.435476
        ],
        [
          0.0,
          0.0,
          0.0,
          1.0
        ]
      ]
    },
    {
      "file_path": "/media/NFS/ttao/scannet/posed_images/scene0548_00/00405.jpg",
      "transform_matrix": [
        [
          -0.420958,
          -0.456189,
          0.784019,
          2.038705
        ],
        [
          -0.902175,
          0.30033,
          -0.309649,
          1.627692
        ],
        [
          -0.094207,
          -0.837672,
          -0.537988,
          1.441587
        ],
        [
          0.0,
          0.0,
          0.0,
          1.0
        ]
      ]
    },
    {
      "file_path": "/media/NFS/ttao/scannet/posed_images/scene0548_00/00413.jpg",
      "transform_matrix": [
        [
          -Infinity,
          -Infinity,
          -Infinity,
          -Infinity
        ],
        [
          -Infinity,
          -Infinity,
          -Infinity,
          -Infinity
        ],
        [
          -Infinity,
          -Infinity,
          -Infinity,
          -Infinity
        ],
        [
          -Infinity,
          -Infinity,
          -Infinity,
          -Infinity
        ]
      ]
    },
    {
      "file_path": "/media/NFS/ttao/scannet/posed_images/scene0548_00/00436.jpg",
      "transform_matrix": [
        [
          -0.265688,
          -0.496409,
          0.826431,
          2.066251
        ],
        [
          -0.956679,
          0.241627,
          -0.162425,
          1.643944
        ],
        [
          -0.119058,
          -0.833784,
          -0.539101,
          1.440851
        ],
        [
          0.0,
          0.0,
          0.0,
          1.0
        ]
      ]
    },
    {
      "file_path": "/media/NFS/ttao/scannet/posed_images/scene0548_00/00448.jpg",
      "transform_matrix": [
        [
          -Infinity,
          -Infinity,
          -Infinity,
          -Infinity
        ],
        [
          -Infinity,
          -Infinity,
          -Infinity,
          -Infinity
        ],
        [
          -Infinity,
          -Infinity,
          -Infinity,
          -Infinity
        ],
        [
          -Infinity,
          -Infinity,
          -Infinity,
          -Infinity
        ]
      ]
    },
    {
      "file_path": "/media/NFS/ttao/scannet/posed_images/scene0548_00/00451.jpg",
      "transform_matrix": [
        [
          -Infinity,
          -Infinity,
          -Infinity,
          -Infinity
        ],
        [
          -Infinity,
          -Infinity,
          -Infinity,
          -Infinity
        ],
        [
          -Infinity,
          -Infinity,
          -Infinity,
          -Infinity
        ],
        [
          -Infinity,
          -Infinity,
          -Infinity,
          -Infinity
        ]
      ]
    },
    {
      "file_path": "/media/NFS/ttao/scannet/posed_images/scene0548_00/00475.jpg",
      "transform_matrix": [
        [
          -Infinity,
          -Infinity,
          -Infinity,
          -Infinity
        ],
        [
          -Infinity,
          -Infinity,
          -Infinity,
          -Infinity
        ],
        [
          -Infinity,
          -Infinity,
          -Infinity,
          -Infinity
        ],
        [
          -Infinity,
          -Infinity,
          -Infinity,
          -Infinity
        ]
      ]
    },
    {
      "file_path": "/media/NFS/ttao/scannet/posed_images/scene0548_00/00486.jpg",
      "transform_matrix": [
        [
          0.293272,
          -0.558913,
          0.775634,
          2.158965
        ],
        [
          -0.948522,
          -0.068636,
          0.309183,
          1.566994
        ],
        [
          -0.11957,
          -0.826381,
          -0.55027,
          1.41511
        ],
        [
          0.0,
          0.0,
          0.0,
          1.0
        ]
      ]
    },
    {
      "file_path": "/media/NFS/ttao/scannet/posed_images/scene0548_00/00494.jpg",
      "transform_matrix": [
        [
          0.447783,
          -0.52502,
          0.723771,
          2.16245
        ],
        [
          -0.888789,
          -0.17291,
          0.424448,
          1.628656
        ],
        [
          -0.097697,
          -0.833341,
          -0.544058,
          1.421504
        ],
        [
          0.0,
          0.0,
          0.0,
          1.0
        ]
      ]
    },
    {
      "file_path": "/media/NFS/ttao/scannet/posed_images/scene0548_00/00510.jpg",
      "transform_matrix": [
        [
          0.746002,
          -0.399845,
          0.532546,
          2.055753
        ],
        [
          -0.662066,
          -0.359137,
          0.657791,
          1.556214
        ],
        [
          -0.071758,
          -0.843294,
          -0.532641,
          1.431288
        ],
        [
          0.0,
          0.0,
          0.0,
          1.0
        ]
      ]
    },
    {
      "file_path": "/media/NFS/ttao/scannet/posed_images/scene0548_00/00518.jpg",
      "transform_matrix": [
        [
          0.808524,
          -0.353499,
          0.470454,
          2.001532
        ],
        [
          -0.586208,
          -0.413912,
          0.696446,
          1.491602
        ],
        [
          -0.051467,
          -0.838877,
          -0.541882,
          1.428365
        ],
        [
          0.0,
          0.0,
          0.0,
          1.0
        ]
      ]
    },
    {
      "file_path": "/media/NFS/ttao/scannet/posed_images/scene0548_00/00529.jpg",
      "transform_matrix": [
        [
          0.823532,
          -0.370925,
          0.429197,
          1.946032
        ],
        [
          -0.565961,
          -0.485859,
          0.666055,
          1.447929
        ],
        [
          -0.038527,
          -0.791426,
          -0.61005,
          1.424315
        ],
        [
          0.0,
          0.0,
          0.0,
          1.0
        ]
      ]
    },
    {
      "file_path": "/media/NFS/ttao/scannet/posed_images/scene0548_00/00553.jpg",
      "transform_matrix": [
        [
          0.827869,
          -0.387859,
          0.405215,
          1.832478
        ],
        [
          -0.560659,
          -0.550044,
          0.618962,
          1.453503
        ],
        [
          -0.017184,
          -0.739606,
          -0.672821,
          1.380433
        ],
        [
          0.0,
          0.0,
          0.0,
          1.0
        ]
      ]
    },
    {
      "file_path": "/media/NFS/ttao/scannet/posed_images/scene0548_00/00560.jpg",
      "transform_matrix": [
        [
          0.830589,
          -0.390654,
          0.396877,
          1.8215
        ],
        [
          -0.556552,
          -0.557621,
          0.615881,
          1.448165
        ],
        [
          -0.01929,
          -0.732426,
          -0.680573,
          1.368669
        ],
        [
          0.0,
          0.0,
          0.0,
          1.0
        ]
      ]
    },
    {
      "file_path": "/media/NFS/ttao/scannet/posed_images/scene0548_00/00568.jpg",
      "transform_matrix": [
        [
          0.862336,
          -0.340868,
          0.374414,
          1.820552
        ],
        [
          -0.506169,
          -0.561298,
          0.65478,
          1.425948
        ],
        [
          -0.013036,
          -0.754157,
          -0.656564,
          1.365302
        ],
        [
          0.0,
          0.0,
          0.0,
          1.0
        ]
      ]
    },
    {
      "file_path": "/media/NFS/ttao/scannet/posed_images/scene0548_00/00580.jpg",
      "transform_matrix": [
        [
          0.875341,
          -0.336568,
          0.347131,
          1.826671
        ],
        [
          -0.482445,
          -0.560446,
          0.673162,
          1.403705
        ],
        [
          -0.032017,
          -0.756718,
          -0.652957,
          1.359752
        ],
        [
          0.0,
          0.0,
          0.0,
          1.0
        ]
      ]
    },
    {
      "file_path": "/media/NFS/ttao/scannet/posed_images/scene0548_00/00595.jpg",
      "transform_matrix": [
        [
          0.878349,
          -0.3511,
          0.324397,
          1.831223
        ],
        [
          -0.476076,
          -0.581346,
          0.65984,
          1.390748
        ],
        [
          -0.043083,
          -0.734006,
          -0.677775,
          1.338127
        ],
        [
          0.0,
          0.0,
          0.0,
          1.0
        ]
      ]
    },
    {
      "file_path": "/media/NFS/ttao/scannet/posed_images/scene0548_00/00607.jpg",
      "transform_matrix": [
        [
          0.868246,
          -0.374357,
          0.325586,
          1.857189
        ],
        [
          -0.4916,
          -0.560618,
          0.666361,
          1.383235
        ],
        [
          -0.066927,
          -0.738623,
          -0.670788,
          1.345431
        ],
        [
          0.0,
          0.0,
          0.0,
          1.0
        ]
      ]
    },
    {
      "file_path": "/media/NFS/ttao/scannet/posed_images/scene0548_00/00619.jpg",
      "transform_matrix": [
        [
          0.884216,
          -0.356898,
          0.301306,
          1.927379
        ],
        [
          -0.460995,
          -0.563061,
          0.685891,
          1.349273
        ],
        [
          -0.075139,
          -0.745376,
          -0.662396,
          1.353679
        ],
        [
          0.0,
          0.0,
          0.0,
          1.0
        ]
      ]
    },
    {
      "file_path": "/media/NFS/ttao/scannet/posed_images/scene0548_00/00634.jpg",
      "transform_matrix": [
        [
          0.951906,
          -0.243221,
          0.186327,
          2.068163
        ],
        [
          -0.300407,
          -0.621316,
          0.723686,
          1.293344
        ],
        [
          -0.060248,
          -0.744856,
          -0.6645,
          1.346377
        ],
        [
          0.0,
          0.0,
          0.0,
          1.0
        ]
      ]
    },
    {
      "file_path": "/media/NFS/ttao/scannet/posed_images/scene0548_00/00646.jpg",
      "transform_matrix": [
        [
          0.981486,
          -0.150209,
          0.118838,
          2.185079
        ],
        [
          -0.186876,
          -0.614995,
          0.766067,
          1.315997
        ],
        [
          -0.041985,
          -0.774092,
          -0.63168,
          1.345426
        ],
        [
          0.0,
          0.0,
          0.0,
          1.0
        ]
      ]
    },
    {
      "file_path": "/media/NFS/ttao/scannet/posed_images/scene0548_00/00658.jpg",
      "transform_matrix": [
        [
          0.988859,
          -0.110153,
          0.100116,
          2.284955
        ],
        [
          -0.148275,
          -0.669786,
          0.7276,
          1.340631
        ],
        [
          -0.013092,
          -0.734339,
          -0.678657,
          1.347208
        ],
        [
          0.0,
          0.0,
          0.0,
          1.0
        ]
      ]
    },
    {
      "file_path": "/media/NFS/ttao/scannet/posed_images/scene0548_00/00681.jpg",
      "transform_matrix": [
        [
          0.99587,
          0.037542,
          -0.082661,
          2.394935
        ],
        [
          0.089195,
          -0.574365,
          0.813726,
          1.220908
        ],
        [
          -0.016928,
          -0.817738,
          -0.575341,
          1.40569
        ],
        [
          0.0,
          0.0,
          0.0,
          1.0
        ]
      ]
    },
    {
      "file_path": "/media/NFS/ttao/scannet/posed_images/scene0548_00/00693.jpg",
      "transform_matrix": [
        [
          0.994683,
          0.03843,
          -0.09555,
          2.370671
        ],
        [
          0.100586,
          -0.561719,
          0.821191,
          1.168783
        ],
        [
          -0.022114,
          -0.826435,
          -0.562598,
          1.421676
        ],
        [
          0.0,
          0.0,
          0.0,
          1.0
        ]
      ]
    },
    {
      "file_path": "/media/NFS/ttao/scannet/posed_images/scene0548_00/00708.jpg",
      "transform_matrix": [
        [
          0.996058,
          0.049769,
          -0.073425,
          2.312963
        ],
        [
          0.088428,
          -0.492061,
          0.866058,
          1.119319
        ],
        [
          0.006973,
          -0.869137,
          -0.494523,
          1.462091
        ],
        [
          0.0,
          0.0,
          0.0,
          1.0
        ]
      ]
    },
    {
      "file_path": "/media/NFS/ttao/scannet/posed_images/scene0548_00/00716.jpg",
      "transform_matrix": [
        [
          0.997104,
          0.053366,
          -0.05419,
          2.301624
        ],
        [
          0.07221,
          -0.440551,
          0.894818,
          1.104752
        ],
        [
          0.023879,
          -0.89614,
          -0.443129,
          1.481056
        ],
        [
          0.0,
          0.0,
          0.0,
          1.0
        ]
      ]
    },
    {
      "file_path": "/media/NFS/ttao/scannet/posed_images/scene0548_00/00732.jpg",
      "transform_matrix": [
        [
          0.999546,
          0.025449,
          -0.016128,
          2.304691
        ],
        [
          0.02448,
          -0.373911,
          0.927142,
          1.104953
        ],
        [
          0.017564,
          -0.927115,
          -0.374364,
          1.510728
        ],
        [
          0.0,
          0.0,
          0.0,
          1.0
        ]
      ]
    },
    {
      "file_path": "/media/NFS/ttao/scannet/posed_images/scene0548_00/00747.jpg",
      "transform_matrix": [
        [
          0.999996,
          -0.002427,
          0.001815,
          2.316512
        ],
        [
          -0.002459,
          -0.299452,
          0.954108,
          1.106465
        ],
        [
          -0.001772,
          -0.954108,
          -0.299456,
          1.530379
        ],
        [
          0.0,
          0.0,
          0.0,
          1.0
        ]
      ]
    },
    {
      "file_path": "/media/NFS/ttao/scannet/posed_images/scene0548_00/00751.jpg",
      "transform_matrix": [
        [
          0.999991,
          -0.001811,
          0.004,
          2.314153
        ],
        [
          -0.004348,
          -0.279882,
          0.960024,
          1.10402
        ],
        [
          -0.000619,
          -0.960033,
          -0.279887,
          1.53587
        ],
        [
          0.0,
          0.0,
          0.0,
          1.0
        ]
      ]
    },
    {
      "file_path": "/media/NFS/ttao/scannet/posed_images/scene0548_00/00771.jpg",
      "transform_matrix": [
        [
          0.999958,
          0.009186,
          -0.000369,
          2.317683
        ],
        [
          0.001744,
          -0.150146,
          0.988662,
          1.10146
        ],
        [
          0.009026,
          -0.988621,
          -0.150156,
          1.569709
        ],
        [
          0.0,
          0.0,
          0.0,
          1.0
        ]
      ]
    },
    {
      "file_path": "/media/NFS/ttao/scannet/posed_images/scene0548_00/00778.jpg",
      "transform_matrix": [
        [
          0.999959,
          0.007126,
          0.005581,
          2.316813
        ],
        [
          -0.004719,
          -0.115795,
          0.993262,
          1.101127
        ],
        [
          0.007724,
          -0.993248,
          -0.115756,
          1.584245
        ],
        [
          0.0,
          0.0,
          0.0,
          1.0
        ]
      ]
    },
    {
      "file_path": "/media/NFS/ttao/scannet/posed_images/scene0548_00/00798.jpg",
      "transform_matrix": [
        [
          0.999649,
          0.020353,
          0.016978,
          2.316453
        ],
        [
          -0.01626,
          -0.034934,
          0.999257,
          1.09456
        ],
        [
          0.020931,
          -0.999182,
          -0.034591,
          1.604891
        ],
        [
          0.0,
          0.0,
          0.0,
          1.0
        ]
      ]
    },
    {
      "file_path": "/media/NFS/ttao/scannet/posed_images/scene0548_00/00802.jpg",
      "transform_matrix": [
        [
          0.999555,
          0.024283,
          0.017312,
          2.314448
        ],
        [
          -0.016927,
          -0.01599,
          0.999729,
          1.091571
        ],
        [
          0.024553,
          -0.999577,
          -0.015572,
          1.600069
        ],
        [
          0.0,
          0.0,
          0.0,
          1.0
        ]
      ]
    },
    {
      "file_path": "/media/NFS/ttao/scannet/posed_images/scene0548_00/00825.jpg",
      "transform_matrix": [
        [
          0.999516,
          0.0309,
          0.003513,
          2.312181
        ],
        [
          -0.005662,
          0.069739,
          0.997549,
          1.073215
        ],
        [
          0.030579,
          -0.997086,
          0.069881,
          1.612258
        ],
        [
          0.0,
          0.0,
          0.0,
          1.0
        ]
      ]
    },
    {
      "file_path": "/media/NFS/ttao/scannet/posed_images/scene0548_00/00829.jpg",
      "transform_matrix": [
        [
          0.999503,
          0.031535,
          5.9e-05,
          2.311488
        ],
        [
          -0.002306,
          0.071207,
          0.997459,
          1.071384
        ],
        [
          0.03145,
          -0.996963,
          0.071244,
          1.618014
        ],
        [
          0.0,
          0.0,
          0.0,
          1.0
        ]
      ]
    },
    {
      "file_path": "/media/NFS/ttao/scannet/posed_images/scene0548_00/00845.jpg",
      "transform_matrix": [
        [
          0.996517,
          0.034037,
          -0.076131,
          2.314916
        ],
        [
          0.074405,
          0.049362,
          0.996006,
          1.069664
        ],
        [
          0.037659,
          -0.998201,
          0.046658,
          1.611112
        ],
        [
          0.0,
          0.0,
          0.0,
          1.0
        ]
      ]
    },
    {
      "file_path": "/media/NFS/ttao/scannet/posed_images/scene0548_00/00856.jpg",
      "transform_matrix": [
        [
          0.988954,
          0.030718,
          -0.145007,
          2.315999
        ],
        [
          0.144636,
          0.013984,
          0.989386,
          1.07381
        ],
        [
          0.03242,
          -0.99943,
          0.009386,
          1.602253
        ],
        [
          0.0,
          0.0,
          0.0,
          1.0
        ]
      ]
    },
    {
      "file_path": "/media/NFS/ttao/scannet/posed_images/scene0548_00/00876.jpg",
      "transform_matrix": [
        [
          0.99913,
          0.009896,
          -0.040527,
          2.333241
        ],
        [
          0.041646,
          -0.293705,
          0.954988,
          1.136434
        ],
        [
          -0.002453,
          -0.955845,
          -0.293862,
          1.524921
        ],
        [
          0.0,
          0.0,
          0.0,
          1.0
        ]
      ]
    },
    {
      "file_path": "/media/NFS/ttao/scannet/posed_images/scene0548_00/00883.jpg",
      "transform_matrix": [
        [
          0.999431,
          0.007017,
          -0.032993,
          2.342854
        ],
        [
          0.033168,
          -0.382287,
          0.923448,
          1.155971
        ],
        [
          -0.006133,
          -0.924017,
          -0.382302,
          1.501254
        ],
        [
          0.0,
          0.0,
          0.0,
          1.0
        ]
      ]
    },
    {
      "file_path": "/media/NFS/ttao/scannet/posed_images/scene0548_00/00891.jpg",
      "transform_matrix": [
        [
          0.998816,
          0.010928,
          -0.047409,
          2.350921
        ],
        [
          0.047177,
          -0.455698,
          0.888884,
          1.169091
        ],
        [
          -0.01189,
          -0.890068,
          -0.455673,
          1.479944
        ],
        [
          0.0,
          0.0,
          0.0,
          1.0
        ]
      ]
    },
    {
      "file_path": "/media/NFS/ttao/scannet/posed_images/scene0548_00/00907.jpg",
      "transform_matrix": [
        [
          0.993248,
          0.033693,
          -0.11101,
          2.347061
        ],
        [
          0.112311,
          -0.518981,
          0.847376,
          1.170622
        ],
        [
          -0.029062,
          -0.854122,
          -0.51926,
          1.447048
        ],
        [
          0.0,
          0.0,
          0.0,
          1.0
        ]
      ]
    },
    {
      "file_path": "/media/NFS/ttao/scannet/posed_images/scene0548_00/00922.jpg",
      "transform_matrix": [
        [
          0.960841,
          0.106146,
          -0.255963,
          2.323344
        ],
        [
          0.272979,
          -0.521282,
          0.808547,
          1.154504
        ],
        [
          -0.047605,
          -0.846758,
          -0.529844,
          1.432169
        ],
        [
          0.0,
          0.0,
          0.0,
          1.0
        ]
      ]
    },
    {
      "file_path": "/media/NFS/ttao/scannet/posed_images/scene0548_00/00938.jpg",
      "transform_matrix": [
        [
          0.87916,
          0.187708,
          -0.437999,
          2.281215
        ],
        [
          0.467533,
          -0.517507,
          0.716659,
          1.133213
        ],
        [
          -0.092145,
          -0.834837,
          -0.542731,
          1.429319
        ],
        [
          0.0,
          0.0,
          0.0,
          1.0
        ]
      ]
    },
    {
      "file_path": "/media/NFS/ttao/scannet/posed_images/scene0548_00/00954.jpg",
      "transform_matrix": [
        [
          0.805574,
          0.267778,
          -0.528531,
          2.216523
        ],
        [
          0.586547,
          -0.486501,
          0.647518,
          1.133744
        ],
        [
          -0.083739,
          -0.831632,
          -0.548977,
          1.419476
        ],
        [
          0.0,
          0.0,
          0.0,
          1.0
        ]
      ]
    },
    {
      "file_path": "/media/NFS/ttao/scannet/posed_images/scene0548_00/00957.jpg",
      "transform_matrix": [
        [
          0.799569,
          0.279242,
          -0.531708,
          2.202618
        ],
        [
          0.595397,
          -0.484563,
          0.64086,
          1.133106
        ],
        [
          -0.078692,
          -0.828989,
          -0.553701,
          1.414935
        ],
        [
          0.0,
          0.0,
          0.0,
          1.0
        ]
      ]
    },
    {
      "file_path": "/media/NFS/ttao/scannet/posed_images/scene0548_00/00981.jpg",
      "transform_matrix": [
        [
          0.668664,
          0.383378,
          -0.63711,
          2.107225
        ],
        [
          0.740737,
          -0.418099,
          0.525834,
          1.113468
        ],
        [
          -0.064782,
          -0.823537,
          -0.563551,
          1.418694
        ],
        [
          0.0,
          0.0,
          0.0,
          1.0
        ]
      ]
    },
    {
      "file_path": "/media/NFS/ttao/scannet/posed_images/scene0548_00/00992.jpg",
      "transform_matrix": [
        [
          0.60852,
          0.379907,
          -0.696688,
          2.115866
        ],
        [
          0.791875,
          -0.347532,
          0.50215,
          1.127441
        ],
        [
          -0.051351,
          -0.857259,
          -0.512319,
          1.443168
        ],
        [
          0.0,
          0.0,
          0.0,
          1.0
        ]
      ]
    },
    {
      "file_path": "/media/NFS/ttao/scannet/posed_images/scene0548_00/01000.jpg",
      "transform_matrix": [
        [
          0.5732,
          0.357964,
          -0.737092,
          2.124979
        ],
        [
          0.81806,
          -0.301716,
