{
  "frames": [
    {
      "file_path": "/media/NFS/ttao/scannet/posed_images/scene0121_00/00000.jpg",
      "transform_matrix": [
        [
          0.88123,
          -0.188698,
          0.433389,
          1.061636
        ],
        [
          -0.470321,
          -0.258404,
          0.843816,
          1.321782
        ],
        [
          -0.047237,
          -0.947428,
          -0.316462,
          1.457525
        ],
        [
          0.0,
          0.0,
          0.0,
          1.0
        ]
      ]
    },
    {
      "file_path": "/media/NFS/ttao/scannet/posed_images/scene0121_00/00007.jpg",
      "transform_matrix": [
        [
          0.880784,
          -0.175152,
          0.439933,
          0.982099
        ],
        [
          -0.469594,
          -0.203737,
          0.859053,
          1.272795
        ],
        [
          -0.060834,
          -0.96323,
          -0.261699,
          1.472318
        ],
        [
          0.0,
          0.0,
          0.0,
          1.0
        ]
      ]
    },
    {
      "file_path": "/media/NFS/ttao/scannet/posed_images/scene0121_00/00011.jpg",
      "transform_matrix": [
        [
          0.86853,
          -0.170842,
          0.465263,
          0.941773
        ],
        [
          -0.492334,
          -0.189174,
          0.849601,
          1.251016
        ],
        [
          -0.057132,
          -0.966968,
          -0.248414,
          1.476739
        ],
        [
          0.0,
          0.0,
          0.0,
          1.0
        ]
      ]
    },
    {
      "file_path": "/media/NFS/ttao/scannet/posed_images/scene0121_00/00018.jpg",
      "transform_matrix": [
        [
          0.855494,
          -0.144922,
          0.497119,
          0.89847
        ],
        [
          -0.515935,
          -0.156888,
          0.842139,
          1.221269
        ],
        [
          -0.044052,
          -0.976926,
          -0.208987,
          1.483616
        ],
        [
          0.0,
          0.0,
          0.0,
          1.0
        ]
      ]
    },
    {
      "file_path": "/media/NFS/ttao/scannet/posed_images/scene0121_00/00027.jpg",
      "transform_matrix": [
        [
          0.836928,
          -0.119698,
          0.534063,
          0.889117
        ],
        [
          -0.547119,
          -0.157015,
          0.822197,
          1.20137
        ],
        [
          -0.01456,
          -0.980316,
          -0.196899,
          1.497899
        ],
        [
          0.0,
          0.0,
          0.0,
          1.0
        ]
      ]
    },
    {
      "file_path": "/media/NFS/ttao/scannet/posed_images/scene0121_00/00031.jpg",
      "transform_matrix": [
        [
          0.841096,
          -0.10055,
          0.531458,
          0.893005
        ],
        [
          -0.540856,
          -0.145963,
          0.828354,
          1.19516
        ],
        [
          -0.005718,
          -0.984167,
          -0.177152,
          1.505383
        ],
        [
          0.0,
          0.0,
          0.0,
          1.0
        ]
      ]
    },
    {
      "file_path": "/media/NFS/ttao/scannet/posed_images/scene0121_00/00040.jpg",
      "transform_matrix": [
        [
          0.834866,
          -0.076351,
          0.545133,
          0.907846
        ],
        [
          -0.55045,
          -0.119279,
          0.826303,
          1.182368
        ],
        [
          0.001934,
          -0.989921,
          -0.14161,
          1.528434
        ],
        [
          0.0,
          0.0,
          0.0,
          1.0
        ]
      ]
    },
    {
      "file_path": "/media/NFS/ttao/scannet/posed_images/scene0121_00/00041.jpg",
      "transform_matrix": [
        [
          0.836936,
          -0.0743,
          0.542234,
          0.907494
        ],
        [
          -0.547298,
          -0.117108,
          0.828704,
          1.181685
        ],
        [
          0.001927,
          -0.990336,
          -0.138677,
          1.532947
        ],
        [
          0.0,
          0.0,
          0.0,
          1.0
        ]
      ]
    },
    {
      "file_path": "/media/NFS/ttao/scannet/posed_images/scene0121_00/00050.jpg",
      "transform_matrix": [
        [
          0.871475,
          -0.055608,
          0.487277,
          0.910934
        ],
        [
          -0.490436,
          -0.102784,
          0.865395,
          1.176009
        ],
        [
          0.001961,
          -0.993148,
          -0.116846,
          1.547194
        ],
        [
          0.0,
          0.0,
          0.0,
          1.0
        ]
      ]
    },
    {
      "file_path": "/media/NFS/ttao/scannet/posed_images/scene0121_00/00057.jpg",
      "transform_matrix": [
        [
          0.888535,
          -0.046503,
          0.456446,
          0.925588
        ],
        [
          -0.458701,
          -0.068511,
          0.885945,
          1.167758
        ],
        [
          -0.009928,
          -0.996566,
          -0.082206,
          1.55958
        ],
        [
          0.0,
          0.0,
          0.0,
          1.0
        ]
      ]
    },
    {
      "file_path": "/media/NFS/ttao/scannet/posed_images/scene0121_00/00059.jpg",
      "transform_matrix": [
        [
          0.891835,
          -0.043802,
          0.450235,
          0.932017
        ],
        [
          -0.452334,
          -0.0754,
          0.888656,
          1.166835
        ],
        [
          -0.004977,
          -0.996191,
          -0.087057,
          1.562426
        ],
        [
          0.0,
          0.0,
          0.0,
          1.0
        ]
      ]
    },
    {
      "file_path": "/media/NFS/ttao/scannet/posed_images/scene0121_00/00068.jpg",
      "transform_matrix": [
        [
          0.925271,
          -0.020216,
          0.378768,
          0.962521
        ],
        [
          -0.379223,
          -0.070401,
          0.922624,
          1.166906
        ],
        [
          0.008014,
          -0.997314,
          -0.072806,
          1.574765
        ],
        [
          0.0,
          0.0,
          0.0,
          1.0
        ]
      ]
    },
    {
      "file_path": "/media/NFS/ttao/scannet/posed_images/scene0121_00/00070.jpg",
      "transform_matrix": [
        [
          0.931348,
          -0.008765,
          0.364025,
          0.973612
        ],
        [
          -0.363646,
          -0.073985,
          0.928595,
          1.166658
        ],
        [
          0.018793,
          -0.997221,
          -0.072093,
          1.571376
        ],
        [
          0.0,
          0.0,
          0.0,
          1.0
        ]
      ]
    },
    {
      "file_path": "/media/NFS/ttao/scannet/posed_images/scene0121_00/00077.jpg",
      "transform_matrix": [
        [
          0.953514,
          -0.014739,
          0.300988,
          1.003869
        ],
        [
          -0.301348,
          -0.048078,
          0.952301,
          1.171564
        ],
        [
          0.000435,
          -0.998735,
          -0.050285,
          1.578812
        ],
        [
          0.0,
          0.0,
          0.0,
          1.0
        ]
      ]
    },
    {
      "file_path": "/media/NFS/ttao/scannet/posed_images/scene0121_00/00083.jpg",
      "transform_matrix": [
        [
          0.976164,
          -0.038188,
          0.213648,
          1.038521
        ],
        [
          -0.214976,
          -0.034906,
          0.975995,
          1.184655
        ],
        [
          -0.029814,
          -0.998661,
          -0.042283,
          1.576297
        ],
        [
          0.0,
          0.0,
          0.0,
          1.0
        ]
      ]
    },
    {
      "file_path": "/media/NFS/ttao/scannet/posed_images/scene0121_00/00093.jpg",
      "transform_matrix": [
        [
          0.996762,
          -0.041623,
          0.068795,
          1.088937
        ],
        [
          -0.071151,
          -0.058069,
          0.995774,
          1.24022
        ],
        [
          -0.037452,
          -0.997445,
          -0.060842,
          1.563567
        ],
        [
          0.0,
          0.0,
          0.0,
          1.0
        ]
      ]
    },
    {
      "file_path": "/media/NFS/ttao/scannet/posed_images/scene0121_00/00095.jpg",
      "transform_matrix": [
        [
          0.997577,
          -0.036225,
          0.059392,
          1.094533
        ],
        [
          -0.061465,
          -0.059071,
          0.99636,
          1.256831
        ],
        [
          -0.032585,
          -0.997596,
          -0.061155,
          1.564211
        ],
        [
          0.0,
          0.0,
          0.0,
          1.0
        ]
      ]
    },
    {
      "file_path": "/media/NFS/ttao/scannet/posed_images/scene0121_00/00101.jpg",
      "transform_matrix": [
        [
          0.999801,
          0.004992,
          0.0193,
          1.103078
        ],
        [
          -0.018972,
          -0.05906,
          0.998074,
          1.324069
        ],
        [
          0.006123,
          -0.998242,
          -0.058953,
          1.563256
        ],
        [
          0.0,
          0.0,
          0.0,
          1.0
        ]
      ]
    },
    {
      "file_path": "/media/NFS/ttao/scannet/posed_images/scene0121_00/00108.jpg",
      "transform_matrix": [
        [
          0.999288,
          0.0258,
          -0.027533,
          1.102301
        ],
        [
          0.029184,
          -0.065966,
          0.997395,
          1.389516
        ],
        [
          0.023916,
          -0.997488,
          -0.066672,
          1.570886
        ],
        [
          0.0,
          0.0,
          0.0,
          1.0
        ]
      ]
    },
    {
      "file_path": "/media/NFS/ttao/scannet/posed_images/scene0121_00/00113.jpg",
      "transform_matrix": [
        [
          0.999979,
          0.00609,
          -0.002044,
          1.113608
        ],
        [
          0.002674,
          -0.105284,
          0.994439,
          1.425387
        ],
        [
          0.005841,
          -0.994423,
          -0.105299,
          1.562707
        ],
        [
          0.0,
          0.0,
          0.0,
          1.0
        ]
      ]
    },
    {
      "file_path": "/media/NFS/ttao/scannet/posed_images/scene0121_00/00120.jpg",
      "transform_matrix": [
        [
          0.997442,
          -0.01011,
          -0.070765,
          1.145281
        ],
        [
          0.069125,
          -0.115757,
          0.990869,
          1.456064
        ],
        [
          -0.018209,
          -0.993226,
          -0.114762,
          1.561157
        ],
        [
          0.0,
          0.0,
          0.0,
          1.0
        ]
      ]
    },
    {
      "file_path": "/media/NFS/ttao/scannet/posed_images/scene0121_00/00128.jpg",
      "transform_matrix": [
        [
          0.979472,
          0.022869,
          -0.200279,
          1.202741
        ],
        [
          0.201556,
          -0.095709,
          0.97479,
          1.475845
        ],
        [
          0.003124,
          -0.995147,
          -0.098354,
          1.560861
        ],
        [
          0.0,
          0.0,
          0.0,
          1.0
        ]
      ]
    },
    {
      "file_path": "/media/NFS/ttao/scannet/posed_images/scene0121_00/00135.jpg",
      "transform_matrix": [
        [
          0.940385,
          0.039983,
          -0.337753,
          1.254433
        ],
        [
          0.339932,
          -0.078226,
          0.937191,
          1.474893
        ],
        [
          0.011051,
          -0.996134,
          -0.087154,
          1.557881
        ],
        [
          0.0,
          0.0,
          0.0,
          1.0
        ]
      ]
    },
    {
      "file_path": "/media/NFS/ttao/scannet/posed_images/scene0121_00/00136.jpg",
      "transform_matrix": [
        [
          0.934076,
          0.040529,
          -0.354767,
          1.258662
        ],
        [
          0.356968,
          -0.081803,
          0.930528,
          1.474692
        ],
        [
          0.008693,
          -0.995824,
          -0.090877,
          1.556801
        ],
        [
          0.0,
          0.0,
          0.0,
          1.0
        ]
      ]
    },
    {
      "file_path": "/media/NFS/ttao/scannet/posed_images/scene0121_00/00142.jpg",
      "transform_matrix": [
        [
          0.883755,
          0.032325,
          -0.466832,
          1.286207
        ],
        [
          0.46734,
          -0.11187,
          0.876971,
          1.468306
        ],
        [
          -0.023877,
          -0.993197,
          -0.113972,
          1.551581
        ],
        [
          0.0,
          0.0,
          0.0,
          1.0
        ]
      ]
    },
    {
      "file_path": "/media/NFS/ttao/scannet/posed_images/scene0121_00/00149.jpg",
      "transform_matrix": [
        [
          0.839937,
          0.051441,
          -0.54024,
          1.304401
        ],
        [
          0.541781,
          -0.136874,
          0.8293,
          1.457976
        ],
        [
          -0.031284,
          -0.989252,
          -0.142835,
          1.545268
        ],
        [
          0.0,
          0.0,
          0.0,
          1.0
        ]
      ]
    },
    {
      "file_path": "/media/NFS/ttao/scannet/posed_images/scene0121_00/00158.jpg",
      "transform_matrix": [
        [
          0.797155,
          0.073635,
          -0.599268,
          1.276208
        ],
        [
          0.603354,
          -0.134218,
          0.786098,
          1.397534
        ],
        [
          -0.022548,
          -0.988212,
          -0.15142,
          1.534777
        ],
        [
          0.0,
          0.0,
          0.0,
          1.0
        ]
      ]
    },
    {
      "file_path": "/media/NFS/ttao/scannet/posed_images/scene0121_00/00160.jpg",
      "transform_matrix": [
        [
          0.785956,
          0.07193,
          -0.614084,
          1.265476
        ],
        [
          0.617728,
          -0.13342,
          0.774992,
          1.374235
        ],
        [
          -0.026186,
          -0.988446,
          -0.149295,
          1.530653
        ],
        [
          0.0,
          0.0,
          0.0,
          1.0
        ]
      ]
    },
    {
      "file_path": "/media/NFS/ttao/scannet/posed_images/scene0121_00/00171.jpg",
      "transform_matrix": [
        [
          0.699045,
          0.124974,
          -0.704072,
          1.222676
        ],
        [
          0.714961,
          -0.139966,
          0.685012,
          1.24466
        ],
        [
          -0.012938,
          -0.982238,
          -0.187194,
          1.505242
        ],
        [
          0.0,
          0.0,
          0.0,
          1.0
        ]
      ]
    },
    {
      "file_path": "/media/NFS/ttao/scannet/posed_images/scene0121_00/00174.jpg",
      "transform_matrix": [
        [
          0.681954,
          0.134698,
          -0.718885,
          1.216504
        ],
        [
          0.731329,
          -0.138824,
          0.667747,
          1.216196
        ],
        [
          -0.009854,
          -0.981114,
          -0.19318,
          1.501664
        ],
        [
          0.0,
          0.0,
          0.0,
          1.0
        ]
      ]
    },
    {
      "file_path": "/media/NFS/ttao/scannet/posed_images/scene0121_00/00178.jpg",
      "transform_matrix": [
        [
          0.650603,
          0.142035,
          -0.746018,
          1.210952
        ],
        [
          0.759317,
          -0.137733,
          0.635978,
          1.179449
        ],
        [
          -0.01242,
          -0.980233,
          -0.197458,
          1.490371
        ],
        [
          0.0,
          0.0,
          0.0,
          1.0
        ]
      ]
    },
    {
      "file_path": "/media/NFS/ttao/scannet/posed_images/scene0121_00/00189.jpg",
      "transform_matrix": [
        [
          0.532071,
          0.189809,
          -0.82515,
          1.20412
        ],
        [
          0.84644,
          -0.095097,
          0.523924,
          1.149311
        ],
        [
          0.020976,
          -0.977205,
          -0.21126,
          1.471807
        ],
        [
          0.0,
          0.0,
          0.0,
          1.0
        ]
      ]
    },
    {
      "file_path": "/media/NFS/ttao/scannet/posed_images/scene0121_00/00192.jpg",
      "transform_matrix": [
        [
          0.4877,
          0.202203,
          -0.849272,
          1.20443
        ],
        [
          0.872629,
          -0.084104,
          0.481088,
          1.156783
        ],
        [
          0.02585,
          -0.975726,
          -0.217466,
          1.474356
        ],
        [
          0.0,
          0.0,
          0.0,
          1.0
        ]
      ]
    },
    {
      "file_path": "/media/NFS/ttao/scannet/posed_images/scene0121_00/00201.jpg",
      "transform_matrix": [
        [
          0.332402,
          0.256018,
          -0.907724,
          1.224059
        ],
        [
          0.94159,
          -0.034973,
          0.33494,
          1.233186
        ],
        [
          0.054004,
          -0.966039,
          -0.252689,
          1.465729
        ],
        [
          0.0,
          0.0,
          0.0,
          1.0
        ]
      ]
    },
    {
      "file_path": "/media/NFS/ttao/scannet/posed_images/scene0121_00/00203.jpg",
      "transform_matrix": [
        [
          0.299191,
          0.265927,
          -0.916388,
          1.226608
        ],
        [
          0.952183,
          -0.0209,
          0.304813,
          1.251025
        ],
        [
          0.061905,
          -0.963767,
          -0.259464,
          1.463785
        ],
        [
          0.0,
          0.0,
          0.0,
          1.0
        ]
      ]
    },
    {
      "file_path": "/media/NFS/ttao/scannet/posed_images/scene0121_00/00212.jpg",
      "transform_matrix": [
        [
          0.149268,
          0.271451,
          -0.950806,
          1.228194
        ],
        [
          0.987933,
          -0.000759,
          0.15488,
          1.317222
        ],
        [
          0.041321,
          -0.962452,
          -0.268289,
          1.462783
        ],
        [
          0.0,
          0.0,
          0.0,
          1.0
        ]
      ]
    },
    {
      "file_path": "/media/NFS/ttao/scannet/posed_images/scene0121_00/00217.jpg",
      "transform_matrix": [
        [
          0.08826,
          0.271241,
          -0.958456,
          1.205891
        ],
        [
          0.995728,
          0.002189,
          0.092312,
          1.349828
        ],
        [
          0.027136,
          -0.962509,
          -0.269889,
          1.45555
        ],
        [
          0.0,
          0.0,
          0.0,
          1.0
        ]
      ]
    },
    {
      "file_path": "/media/NFS/ttao/scannet/posed_images/scene0121_00/00221.jpg",
      "transform_matrix": [
        [
          0.046169,
          0.276229,
          -0.959982,
          1.178474
        ],
        [
          0.998328,
          0.020698,
          0.053969,
          1.373069
        ],
        [
          0.034777,
          -0.960869,
          -0.274812,
          1.449221
        ],
        [
          0.0,
          0.0,
          0.0,
          1.0
        ]
      ]
    },
    {
      "file_path": "/media/NFS/ttao/scannet/posed_images/scene0121_00/00230.jpg",
      "transform_matrix": [
        [
          -0.14231,
          0.239887,
          -0.960313,
          1.095557
        ],
        [
          0.988689,
          0.080868,
          -0.126314,
          1.429886
        ],
        [
          0.047357,
          -0.967427,
          -0.248682,
          1.449931
        ],
        [
          0.0,
          0.0,
          0.0,
          1.0
        ]
      ]
    },
    {
      "file_path": "/media/NFS/ttao/scannet/posed_images/scene0121_00/00232.jpg",
      "transform_matrix": [
        [
          -0.160784,
          0.235664,
          -0.958442,
          1.0771
        ],
        [
          0.985441,
          0.0927,
          -0.14252,
          1.444455
        ],
        [
          0.055261,
          -0.967403,
          -0.247138,
          1.446536
        ],
        [
          0.0,
          0.0,
          0.0,
          1.0
        ]
      ]
    },
    {
      "file_path": "/media/NFS/ttao/scannet/posed_images/scene0121_00/00239.jpg",
      "transform_matrix": [
        [
          -0.214304,
          0.269237,
          -0.938927,
          1.023624
        ],
        [
          0.975328,
          0.111136,
          -0.190744,
          1.494528
        ],
        [
          0.052993,
          -0.95664,
          -0.286412,
          1.441013
        ],
        [
          0.0,
          0.0,
          0.0,
          1.0
        ]
      ]
    },
    {
      "file_path": "/media/NFS/ttao/scannet/posed_images/scene0121_00/00244.jpg",
      "transform_matrix": [
        [
          -0.294104,
          0.271452,
          -0.916415,
          1.004716
        ],
        [
          0.954763,
          0.127517,
          -0.268639,
          1.532608
        ],
        [
          0.043936,
          -0.953967,
          -0.296676,
          1.441263
        ],
        [
          0.0,
          0.0,
          0.0,
          1.0
        ]
      ]
    },
    {
      "file_path": "/media/NFS/ttao/scannet/posed_images/scene0121_00/00251.jpg",
      "transform_matrix": [
        [
          -0.427826,
          0.274982,
          -0.861016,
          1.008051
        ],
        [
          0.903257,
          0.164897,
          -0.396152,
          1.588435
        ],
        [
          0.033044,
          -0.947203,
          -0.318927,
          1.45407
        ],
        [
          0.0,
          0.0,
          0.0,
          1.0
        ]
      ]
    },
    {
      "file_path": "/media/NFS/ttao/scannet/posed_images/scene0121_00/00257.jpg",
      "transform_matrix": [
        [
          -0.527783,
          0.258131,
          -0.809204,
          1.020934
        ],
        [
          0.84874,
          0.197207,
          -0.490662,
          1.618161
        ],
        [
          0.032926,
          -0.945768,
          -0.323169,
          1.459017
        ],
        [
          0.0,
          0.0,
          0.0,
          1.0
        ]
      ]
    },
    {
      "file_path": "/media/NFS/ttao/scannet/posed_images/scene0121_00/00266.jpg",
      "transform_matrix": [
        [
          -0.635524,
          0.255433,
          -0.728603,
          1.007911
        ],
        [
          0.772058,
          0.217493,
          -0.597179,
          1.631987
        ],
        [
          0.005926,
          -0.942046,
          -0.335431,
          1.457087
        ],
        [
          0.0,
          0.0,
          0.0,
          1.0
        ]
      ]
    },
    {
      "file_path": "/media/NFS/ttao/scannet/posed_images/scene0121_00/00271.jpg",
      "transform_matrix": [
        [
          -0.673306,
          0.23162,
          -0.702147,
          0.990454
        ],
        [
          0.739047,
          0.238626,
          -0.629974,
          1.617589
        ],
        [
          0.021636,
          -0.943085,
          -0.331846,
          1.454318
        ],
        [
          0.0,
          0.0,
          0.0,
          1.0
        ]
      ]
    },
    {
      "file_path": "/media/NFS/ttao/scannet/posed_images/scene0121_00/00275.jpg",
      "transform_matrix": [
        [
          -0.706479,
          0.207363,
          -0.676674,
          0.966459
        ],
        [
          0.707093,
          0.247502,
          -0.662392,
          1.600713
        ],
        [
          0.030123,
          -0.946437,
          -0.32148,
          1.459153
        ],
        [
          0.0,
          0.0,
          0.0,
          1.0
        ]
      ]
    },
    {
      "file_path": "/media/NFS/ttao/scannet/posed_images/scene0121_00/00280.jpg",
      "transform_matrix": [
        [
          -0.749029,
          0.169452,
          -0.6405,
          0.941205
        ],
        [
          0.660922,
          0.258552,
          -0.704508,
          1.575238
        ],
        [
          0.046222,
          -0.951019,
          -0.305658,
          1.460154
        ],
        [
          0.0,
          0.0,
          0.0,
          1.0
        ]
      ]
    },
    {
      "file_path": "/media/NFS/ttao/scannet/posed_images/scene0121_00/00286.jpg",
      "transform_matrix": [
        [
          -0.785926,
          0.148853,
          -0.600136,
          0.90987
        ],
        [
          0.617243,
          0.246147,
          -0.747277,
          1.546989
        ],
        [
          0.036488,
          -0.957734,
          -0.285332,
          1.473132
        ],
        [
          0.0,
          0.0,
          0.0,
          1.0
        ]
      ]
    },
    {
      "file_path": "/media/NFS/ttao/scannet/posed_images/scene0121_00/00293.jpg",
      "transform_matrix": [
        [
          -0.845808,
          0.143258,
          -0.513894,
          0.886694
        ],
        [
          0.533252,
          0.255718,
          -0.806382,
          1.529481
        ],
        [
          0.015891,
          -0.956078,
          -0.292681,
          1.479493
        ],
        [
          0.0,
          0.0,
          0.0,
          1.0
        ]
      ]
    },
    {
      "file_path": "/media/NFS/ttao/scannet/posed_images/scene0121_00/00300.jpg",
      "transform_matrix": [
        [
          -0.896241,
          0.110969,
          -0.429462,
          0.881968
        ],
        [
          0.443223,
          0.262171,
          -0.857217,
          1.551974
        ],
        [
          0.017468,
          -0.95862,
          -0.284152,
          1.491776
        ],
        [
          0.0,
          0.0,
          0.0,
          1.0
        ]
      ]
    },
    {
      "file_path": "/media/NFS/ttao/scannet/posed_images/scene0121_00/00305.jpg",
      "transform_matrix": [
        [
          -0.929301,
          0.094632,
          -0.356995,
          0.886554
        ],
        [
          0.368993,
          0.278822,
          -0.886624,
          1.586023
        ],
        [
          0.015635,
          -0.955669,
          -0.294028,
          1.498527
        ],
        [
          0.0,
          0.0,
          0.0,
          1.0
        ]
      ]
    },
    {
      "file_path": "/media/NFS/ttao/scannet/posed_images/scene0121_00/00313.jpg",
      "transform_matrix": [
        [
          -0.958962,
          0.082542,
          -0.271253,
          0.89793
        ],
        [
          0.283523,
          0.287593,
          -0.914825,
          1.648826
        ],
        [
          0.002499,
          -0.954189,
          -0.299193,
          1.503961
        ],
        [
          0.0,
          0.0,
          0.0,
          1.0
        ]
      ]
    },
    {
      "file_path": "/media/NFS/ttao/scannet/posed_images/scene0121_00/00320.jpg",
      "transform_matrix": [
        [
          -0.976822,
          0.09032,
          -0.194062,
          0.914926
        ],
        [
          0.212721,
          0.30872,
          -0.92706,
          1.688674
        ],
        [
          -0.023821,
          -0.946855,
          -0.320778,
          1.500261
        ],
        [
          0.0,
          0.0,
          0.0,
          1.0
        ]
      ]
    },
    {
      "file_path": "/media/NFS/ttao/scannet/posed_images/scene0121_00/00327.jpg",
      "transform_matrix": [
        [
          -0.988427,
          0.063856,
          -0.137598,
          0.940072
        ],
        [
          0.150662,
          0.307672,
          -0.939488,
          1.710001
        ],
        [
          -0.017657,
          -0.949347,
          -0.313733,
          1.498048
        ],
        [
          0.0,
          0.0,
          0.0,
          1.0
        ]
      ]
    },
    {
      "file_path": "/media/NFS/ttao/scannet/posed_images/scene0121_00/00329.jpg",
      "transform_matrix": [
        [
          -0.990729,
          0.052857,
          -0.125148,
          0.946642
        ],
        [
          0.1354,
          0.309066,
          -0.941353,
          1.714967
        ],
        [
          -0.011078,
          -0.949571,
          -0.313357,
          1.496752
        ],
        [
          0.0,
          0.0,
          0.0,
          1.0
        ]
      ]
    },
    {
      "file_path": "/media/NFS/ttao/scannet/posed_images/scene0121_00/00338.jpg",
      "transform_matrix": [
        [
          -0.997654,
          0.024083,
          -0.064079,
          0.959762
        ],
        [
          0.068429,
          0.324844,
          -0.943288,
          1.734013
        ],
        [
          -0.001902,
          -0.945461,
          -0.32573,
          1.488939
        ],
        [
          0.0,
          0.0,
          0.0,
          1.0
        ]
      ]
    },
    {
      "file_path": "/media/NFS/ttao/scannet/posed_images/scene0121_00/00339.jpg",
      "transform_matrix": [
        [
          -0.997645,
          0.02308,
          -0.064587,
          0.963228
        ],
        [
          0.068582,
          0.324138,
          -0.94352,
          1.735783
        ],
        [
          -0.000841,
          -0.945728,
          -0.324958,
          1.488609
        ],
        [
          0.0,
          0.0,
          0.0,
          1.0
        ]
      ]
    },
    {
      "file_path": "/media/NFS/ttao/scannet/posed_images/scene0121_00/00347.jpg",
      "transform_matrix": [
        [
          -0.997133,
          0.018714,
          -0.073312,
          0.990857
        ],
        [
          0.075491,
          0.311386,
          -0.94728,
          1.75217
        ],
        [
          0.005101,
          -0.950099,
          -0.311906,
          1.48795
        ],
        [
          0.0,
          0.0,
          0.0,
          1.0
        ]
      ]
    },
    {
      "file_path": "/media/NFS/ttao/scannet/posed_images/scene0121_00/00352.jpg",
      "transform_matrix": [
        [
          -0.997615,
          0.020543,
          -0.065897,
          1.011254
        ],
        [
          0.069008,
          0.318048,
          -0.94556,
          1.764566
        ],
        [
          0.001534,
          -0.947852,
          -0.318707,
          1.485568
        ],
        [
          0.0,
          0.0,
          0.0,
          1.0
        ]
      ]
    },
    {
      "file_path": "/media/NFS/ttao/scannet/posed_images/scene0121_00/00363.jpg",
      "transform_matrix": [
        [
          -0.999667,
          0.025224,
          0.005469,
          1.074232
        ],
        [
          0.002998,
          0.323961,
          -0.946066,
          1.793112
        ],
        [
          -0.025635,
          -0.945734,
          -0.323929,
          1.474862
        ],
        [
          0.0,
          0.0,
          0.0,
          1.0
        ]
      ]
    },
    {
      "file_path": "/media/NFS/ttao/scannet/posed_images/scene0121_00/00365.jpg",
      "transform_matrix": [
        [
          -0.999829,
          0.018434,
          -0.001209,
          1.085829
        ],
        [
          0.007252,
          0.331423,
          -0.943454,
          1.799135
        ],
        [
          -0.016991,
          -0.943302,
          -0.3315,
          1.47687
        ],
        [
          0.0,
          0.0,
          0.0,
          1.0
        ]
      ]
    },
    {
      "file_path": "/media/NFS/ttao/scannet/posed_images/scene0121_00/00372.jpg",
      "transform_matrix": [
        [
          -0.999589,
          0.025805,
          0.01249,
          1.095712
        ],
        [
          -0.002915,
          0.341926,
          -0.939722,
          1.822042
        ],
        [
          -0.02852,
          -0.939373,
          -0.34171,
          1.464374
        ],
        [
          0.0,
          0.0,
          0.0,
          1.0
        ]
      ]
    },
    {
      "file_path": "/media/NFS/ttao/scannet/posed_images/scene0121_00/00381.jpg",
      "transform_matrix": [
        [
          -0.996391,
          -0.003006,
          0.084835,
          1.058273
        ],
        [
          -0.080459,
          0.352042,
          -0.93252,
          1.835352
        ],
        [
          -0.027063,
          -0.935979,
          -0.351014,
          1.454404
        ],
        [
          0.0,
          0.0,
          0.0,
          1.0
        ]
      ]
    },
    {
      "file_path": "/media/NFS/ttao/scannet/posed_images/scene0121_00/00386.jpg",
      "transform_matrix": [
        [
          -0.991223,
          -0.012242,
          0.131632,
          1.026557
        ],
        [
          -0.127669,
          0.347099,
          -0.929098,
          1.842279
        ],
        [
          -0.034315,
          -0.937748,
          -0.345616,
          1.452447
        ],
        [
          0.0,
          0.0,
          0.0,
          1.0
        ]
      ]
    },
    {
      "file_path": "/media/NFS/ttao/scannet/posed_images/scene0121_00/00388.jpg",
      "transform_matrix": [
        [
          -0.988796,
          -0.016627,
          0.148345,
          1.014525
        ],
        [
          -0.144853,
          0.346934,
          -0.926636,
          1.844978
        ],
        [
          -0.036058,
          -0.937742,
          -0.345455,
          1.452059
        ],
        [
          0.0,
          0.0,
          0.0,
          1.0
        ]
      ]
    },
    {
      "file_path": "/media/NFS/ttao/scannet/posed_images/scene0121_00/00397.jpg",
      "transform_matrix": [
        [
          -0.969204,
          -0.042674,
          0.24253,
          0.966612
        ],
        [
          -0.242268,
          0.341758,
          -0.908024,
          1.850526
        ],
        [
          -0.044138,
          -0.938819,
          -0.341572,
          1.44334
        ],
        [
          0.0,
          0.0,
          0.0,
          1.0
        ]
      ]
    },
    {
      "file_path": "/media/NFS/ttao/scannet/posed_images/scene0121_00/00402.jpg",
      "transform_matrix": [
        [
          -0.946571,
          -0.054969,
          0.317777,
          0.946485
        ],
        [
          -0.3172,
          0.336542,
          -0.886636,
          1.831609
        ],
        [
          -0.058208,
          -0.940063,
          -0.335997,
          1.446511
        ],
        [
          0.0,
          0.0,
          0.0,
          1.0
        ]
      ]
    },
    {
      "file_path": "/media/NFS/ttao/scannet/posed_images/scene0121_00/00409.jpg",
      "transform_matrix": [
        [
          -0.918953,
          -0.063996,
          0.38914,
          0.942735
        ],
        [
          -0.390405,
          0.287143,
          -0.874719,
          1.804032
        ],
        [
          -0.055761,
          -0.955747,
          -0.288856,
          1.458817
        ],
        [
          0.0,
          0.0,
          0.0,
          1.0
        ]
      ]
    },
    {
      "file_path": "/media/NFS/ttao/scannet/posed_images/scene0121_00/00417.jpg",
      "transform_matrix": [
        [
          -0.898651,
          -0.085111,
          0.430329,
          0.959508
        ],
        [
          -0.438238,
          0.217486,
          -0.872151,
          1.760298
        ],
        [
          -0.01936,
          -0.972346,
          -0.232743,
          1.460559
        ],
        [
          0.0,
          0.0,
          0.0,
          1.0
        ]
      ]
    },
    {
      "file_path": "/media/NFS/ttao/scannet/posed_images/scene0121_00/00418.jpg",
      "transform_matrix": [
        [
          -0.899661,
          -0.088342,
          0.427559,
          0.961258
        ],
        [
          -0.43644,
          0.207614,
          -0.875452,
          1.751687
        ],
        [
          -0.011428,
          -0.974213,
          -0.225339,
          1.463723
        ],
        [
          0.0,
          0.0,
          0.0,
          1.0
        ]
      ]
    },
    {
      "file_path": "/media/NFS/ttao/scannet/posed_images/scene0121_00/00427.jpg",
      "transform_matrix": [
        [
          -0.923547,
          -0.076237,
          0.37583,
          1.007423
        ],
        [
          -0.383317,
          0.154617,
          -0.910583,
          1.67087
        ],
        [
          0.01131,
          -0.985029,
          -0.172019,
          1.49982
        ],
        [
          0.0,
          0.0,
          0.0,
          1.0
        ]
      ]
    },
    {
      "file_path": "/media/NFS/ttao/scannet/posed_images/scene0121_00/00435.jpg",
      "transform_matrix": [
        [
          -0.937546,
          -0.064726,
          0.341787,
          1.053513
        ],
        [
          -0.347184,
          0.112844,
          -0.930983,
          1.612009
        ],
        [
          0.021691,
          -0.991502,
          -0.128269,
          1.524614
        ],
        [
          0.0,
          0.0,
          0.0,
          1.0
        ]
      ]
    },
    {
      "file_path": "/media/NFS/ttao/scannet/posed_images/scene0121_00/00436.jpg",
      "transform_matrix": [
        [
          -0.93801,
          -0.06167,
          0.341078,
          1.057767
        ],
        [
          -0.345945,
          0.105707,
          -0.932281,
          1.605638
        ],
        [
          0.02144,
          -0.992483,
          -0.120488,
          1.52733
        ],
        [
          0.0,
          0.0,
          0.0,
          1.0
        ]
      ]
    },
    {
      "file_path": "/media/NFS/ttao/scannet/posed_images/scene0121_00/00445.jpg",
      "transform_matrix": [
        [
          -0.960287,
          -0.084517,
          0.265905,
          1.104344
        ],
        [
          -0.274388,
          0.113253,
          -0.954926,
          1.567517
        ],
        [
          0.050593,
          -0.989965,
          -0.131946,
          1.548326
        ],
        [
          0.0,
          0.0,
          0.0,
          1.0
        ]
      ]
    },
    {
      "file_path": "/media/NFS/ttao/scannet/posed_images/scene0121_00/00449.jpg",
      "transform_matrix": [
        [
          -0.964519,
          -0.078234,
          0.252155,
          1.119336
        ],
        [
          -0.260013,
          0.115856,
          -0.958629,
          1.554497
        ],
        [
          0.045784,
          -0.99018,
          -0.132088,
          1.543505
        ],
        [
          0.0,
          0.0,
          0.0,
          1.0
        ]
      ]
    },
    {
      "file_path": "/media/NFS/ttao/scannet/posed_images/scene0121_00/00454.jpg",
      "transform_matrix": [
        [
          -0.962752,
          -0.085589,
          0.25648,
          1.13799
        ],
        [
          -0.266813,
          0.147068,
          -0.952461,
          1.538059
        ],
        [
          0.0438,
          -0.985416,
          -0.164426,
          1.536005
        ],
        [
          0.0,
          0.0,
          0.0,
          1.0
        ]
      ]
    },
    {
      "file_path": "/media/NFS/ttao/scannet/posed_images/scene0121_00/00462.jpg",
      "transform_matrix": [
        [
          -0.956272,
          -0.07394,
          0.282979,
          1.139452
        ],
        [
          -0.292008,
          0.186485,
          -0.938059,
          1.506212
        ],
        [
          0.016588,
          -0.979672,
          -0.199921,
