{
  "frames": [
    {
      "file_path": "/media/NFS/ttao/scannet/posed_images/scene0112_00/00001.jpg",
      "transform_matrix": [
        [
          0.695871,
          -0.418819,
          0.583399,
          2.469546
        ],
        [
          -0.716734,
          -0.353708,
          0.600986,
          0.651931
        ],
        [
          -0.045352,
          -0.83635,
          -0.546317,
          1.473078
        ],
        [
          0.0,
          0.0,
          0.0,
          1.0
        ]
      ]
    },
    {
      "file_path": "/media/NFS/ttao/scannet/posed_images/scene0112_00/00002.jpg",
      "transform_matrix": [
        [
          0.694995,
          -0.417186,
          0.58561,
          2.468435
        ],
        [
          -0.71783,
          -0.35584,
          0.598413,
          0.652249
        ],
        [
          -0.041266,
          -0.836262,
          -0.546775,
          1.472357
        ],
        [
          0.0,
          0.0,
          0.0,
          1.0
        ]
      ]
    },
    {
      "file_path": "/media/NFS/ttao/scannet/posed_images/scene0112_00/00005.jpg",
      "transform_matrix": [
        [
          0.692311,
          -0.417607,
          0.588482,
          2.468105
        ],
        [
          -0.720706,
          -0.359577,
          0.592695,
          0.649057
        ],
        [
          -0.035909,
          -0.834451,
          -0.549911,
          1.470215
        ],
        [
          0.0,
          0.0,
          0.0,
          1.0
        ]
      ]
    },
    {
      "file_path": "/media/NFS/ttao/scannet/posed_images/scene0112_00/00008.jpg",
      "transform_matrix": [
        [
          0.69359,
          -0.422421,
          0.583519,
          2.46715
        ],
        [
          -0.719503,
          -0.366499,
          0.58991,
          0.648645
        ],
        [
          -0.035331,
          -0.828999,
          -0.558133,
          1.464043
        ],
        [
          0.0,
          0.0,
          0.0,
          1.0
        ]
      ]
    },
    {
      "file_path": "/media/NFS/ttao/scannet/posed_images/scene0112_00/00013.jpg",
      "transform_matrix": [
        [
          0.681705,
          -0.440964,
          0.583806,
          2.455378
        ],
        [
          -0.73149,
          -0.395338,
          0.555546,
          0.677583
        ],
        [
          -0.014175,
          -0.805766,
          -0.592064,
          1.463428
        ],
        [
          0.0,
          0.0,
          0.0,
          1.0
        ]
      ]
    },
    {
      "file_path": "/media/NFS/ttao/scannet/posed_images/scene0112_00/00014.jpg",
      "transform_matrix": [
        [
          0.679984,
          -0.443006,
          0.584267,
          2.456487
        ],
        [
          -0.733109,
          -0.3965,
          0.552575,
          0.677479
        ],
        [
          -0.013132,
          -0.804073,
          -0.594385,
          1.460149
        ],
        [
          0.0,
          0.0,
          0.0,
          1.0
        ]
      ]
    },
    {
      "file_path": "/media/NFS/ttao/scannet/posed_images/scene0112_00/00019.jpg",
      "transform_matrix": [
        [
          0.674297,
          -0.469881,
          0.569681,
          2.468829
        ],
        [
          -0.737962,
          -0.400401,
          0.543224,
          0.68283
        ],
        [
          -0.027149,
          -0.786696,
          -0.616743,
          1.438241
        ],
        [
          0.0,
          0.0,
          0.0,
          1.0
        ]
      ]
    },
    {
      "file_path": "/media/NFS/ttao/scannet/posed_images/scene0112_00/00020.jpg",
      "transform_matrix": [
        [
          0.674442,
          -0.474899,
          0.565331,
          2.477044
        ],
        [
          -0.737533,
          -0.397829,
          0.545689,
          0.679078
        ],
        [
          -0.034242,
          -0.784986,
          -0.618566,
          1.435442
        ],
        [
          0.0,
          0.0,
          0.0,
          1.0
        ]
      ]
    },
    {
      "file_path": "/media/NFS/ttao/scannet/posed_images/scene0112_00/00025.jpg",
      "transform_matrix": [
        [
          0.673904,
          -0.460475,
          0.577769,
          2.501842
        ],
        [
          -0.737922,
          -0.380979,
          0.557069,
          0.68834
        ],
        [
          -0.036398,
          -0.801759,
          -0.596538,
          1.437192
        ],
        [
          0.0,
          0.0,
          0.0,
          1.0
        ]
      ]
    },
    {
      "file_path": "/media/NFS/ttao/scannet/posed_images/scene0112_00/00028.jpg",
      "transform_matrix": [
        [
          0.694016,
          -0.447644,
          0.563877,
          2.512311
        ],
        [
          -0.719222,
          -0.395627,
          0.571138,
          0.691618
        ],
        [
          -0.032582,
          -0.801932,
          -0.596527,
          1.432368
        ],
        [
          0.0,
          0.0,
          0.0,
          1.0
        ]
      ]
    },
    {
      "file_path": "/media/NFS/ttao/scannet/posed_images/scene0112_00/00029.jpg",
      "transform_matrix": [
        [
          0.702922,
          -0.44303,
          0.55644,
          2.518451
        ],
        [
          -0.710606,
          -0.403703,
          0.57625,
          0.690553
        ],
        [
          -0.03066,
          -0.800468,
          -0.598591,
          1.429841
        ],
        [
          0.0,
          0.0,
          0.0,
          1.0
        ]
      ]
    },
    {
      "file_path": "/media/NFS/ttao/scannet/posed_images/scene0112_00/00034.jpg",
      "transform_matrix": [
        [
          0.762885,
          -0.422734,
          0.489187,
          2.553997
        ],
        [
          -0.645985,
          -0.467177,
          0.603697,
          0.688009
        ],
        [
          -0.026666,
          -0.776558,
          -0.629481,
          1.414492
        ],
        [
          0.0,
          0.0,
          0.0,
          1.0
        ]
      ]
    },
    {
      "file_path": "/media/NFS/ttao/scannet/posed_images/scene0112_00/00035.jpg",
      "transform_matrix": [
        [
          0.770813,
          -0.415761,
          0.48269,
          2.565517
        ],
        [
          -0.636718,
          -0.477927,
          0.605124,
          0.686342
        ],
        [
          -0.020896,
          -0.773776,
          -0.633115,
          1.414523
        ],
        [
          0.0,
          0.0,
          0.0,
          1.0
        ]
      ]
    },
    {
      "file_path": "/media/NFS/ttao/scannet/posed_images/scene0112_00/00038.jpg",
      "transform_matrix": [
        [
          0.784165,
          -0.393084,
          0.480177,
          2.579333
        ],
        [
          -0.620553,
          -0.496407,
          0.607038,
          0.691819
        ],
        [
          -0.000254,
          -0.773993,
          -0.633195,
          1.410777
        ],
        [
          0.0,
          0.0,
          0.0,
          1.0
        ]
      ]
    },
    {
      "file_path": "/media/NFS/ttao/scannet/posed_images/scene0112_00/00042.jpg",
      "transform_matrix": [
        [
          0.814545,
          -0.378627,
          0.439498,
          2.630709
        ],
        [
          -0.5801,
          -0.531115,
          0.617577,
          0.681913
        ],
        [
          -0.000407,
          -0.757997,
          -0.652258,
          1.411712
        ],
        [
          0.0,
          0.0,
          0.0,
          1.0
        ]
      ]
    },
    {
      "file_path": "/media/NFS/ttao/scannet/posed_images/scene0112_00/00043.jpg",
      "transform_matrix": [
        [
          0.820964,
          -0.372801,
          0.432478,
          2.643204
        ],
        [
          -0.57098,
          -0.536287,
          0.621594,
          0.680073
        ],
        [
          0.000201,
          -0.757242,
          -0.653134,
          1.411298
        ],
        [
          0.0,
          0.0,
          0.0,
          1.0
        ]
      ]
    },
    {
      "file_path": "/media/NFS/ttao/scannet/posed_images/scene0112_00/00047.jpg",
      "transform_matrix": [
        [
          0.838379,
          -0.374521,
          0.396048,
          2.697333
        ],
        [
          -0.544422,
          -0.539455,
          0.642334,
          0.684795
        ],
        [
          -0.026917,
          -0.754137,
          -0.656165,
          1.414867
        ],
        [
          0.0,
          0.0,
          0.0,
          1.0
        ]
      ]
    },
    {
      "file_path": "/media/NFS/ttao/scannet/posed_images/scene0112_00/00049.jpg",
      "transform_matrix": [
        [
          0.835956,
          -0.377742,
          0.398106,
          2.725889
        ],
        [
          -0.548224,
          -0.541689,
          0.6372,
          0.693397
        ],
        [
          -0.025048,
          -0.750922,
          -0.659916,
          1.41436
        ],
        [
          0.0,
          0.0,
          0.0,
          1.0
        ]
      ]
    },
    {
      "file_path": "/media/NFS/ttao/scannet/posed_images/scene0112_00/00053.jpg",
      "transform_matrix": [
        [
          0.833752,
          -0.356967,
          0.421228,
          2.791095
        ],
        [
          -0.552051,
          -0.552561,
          0.624433,
          0.714337
        ],
        [
          0.009853,
          -0.753161,
          -0.657763,
          1.40722
        ],
        [
          0.0,
          0.0,
          0.0,
          1.0
        ]
      ]
    },
    {
      "file_path": "/media/NFS/ttao/scannet/posed_images/scene0112_00/00057.jpg",
      "transform_matrix": [
        [
          0.840707,
          -0.322294,
          0.43513,
          2.868217
        ],
        [
          -0.538743,
          -0.578686,
          0.612274,
          0.749201
        ],
        [
          0.054471,
          -0.749166,
          -0.660139,
          1.403397
        ],
        [
          0.0,
          0.0,
          0.0,
          1.0
        ]
      ]
    },
    {
      "file_path": "/media/NFS/ttao/scannet/posed_images/scene0112_00/00059.jpg",
      "transform_matrix": [
        [
          0.851958,
          -0.304643,
          0.425865,
          2.905447
        ],
        [
          -0.519126,
          -0.597654,
          0.610998,
          0.771342
        ],
        [
          0.068384,
          -0.741622,
          -0.667324,
          1.40299
        ],
        [
          0.0,
          0.0,
          0.0,
          1.0
        ]
      ]
    },
    {
      "file_path": "/media/NFS/ttao/scannet/posed_images/scene0112_00/00061.jpg",
      "transform_matrix": [
        [
          0.860703,
          -0.297927,
          0.412831,
          2.944908
        ],
        [
          -0.50338,
          -0.619302,
          0.602556,
          0.781403
        ],
        [
          0.07615,
          -0.726433,
          -0.683006,
          1.394433
        ],
        [
          0.0,
          0.0,
          0.0,
          1.0
        ]
      ]
    },
    {
      "file_path": "/media/NFS/ttao/scannet/posed_images/scene0112_00/00065.jpg",
      "transform_matrix": [
        [
          0.858085,
          -0.311043,
          0.408587,
          3.023071
        ],
        [
          -0.507403,
          -0.635917,
          0.581508,
          0.811411
        ],
        [
          0.078954,
          -0.706301,
          -0.703495,
          1.40019
        ],
        [
          0.0,
          0.0,
          0.0,
          1.0
        ]
      ]
    },
    {
      "file_path": "/media/NFS/ttao/scannet/posed_images/scene0112_00/00069.jpg",
      "transform_matrix": [
        [
          0.870246,
          -0.326517,
          0.368862,
          3.089936
        ],
        [
          -0.490617,
          -0.641895,
          0.589293,
          0.827062
        ],
        [
          0.044357,
          -0.6938,
          -0.7188,
          1.395885
        ],
        [
          0.0,
          0.0,
          0.0,
          1.0
        ]
      ]
    },
    {
      "file_path": "/media/NFS/ttao/scannet/posed_images/scene0112_00/00070.jpg",
      "transform_matrix": [
        [
          0.875599,
          -0.326689,
          0.355811,
          3.107
        ],
        [
          -0.481495,
          -0.649145,
          0.588875,
          0.833039
        ],
        [
          0.038594,
          -0.686939,
          -0.725689,
          1.394235
        ],
        [
          0.0,
          0.0,
          0.0,
          1.0
        ]
      ]
    },
    {
      "file_path": "/media/NFS/ttao/scannet/posed_images/scene0112_00/00073.jpg",
      "transform_matrix": [
        [
          0.898659,
          -0.307518,
          0.312803,
          3.149226
        ],
        [
          -0.437984,
          -0.668309,
          0.601276,
          0.841907
        ],
        [
          0.024146,
          -0.677345,
          -0.73527,
          1.380987
        ],
        [
          0.0,
          0.0,
          0.0,
          1.0
        ]
      ]
    },
    {
      "file_path": "/media/NFS/ttao/scannet/posed_images/scene0112_00/00076.jpg",
      "transform_matrix": [
        [
          0.930188,
          -0.263764,
          0.255302,
          3.18668
        ],
        [
          -0.366833,
          -0.693627,
          0.619932,
          0.851585
        ],
        [
          0.013568,
          -0.670306,
          -0.741961,
          1.367048
        ],
        [
          0.0,
          0.0,
          0.0,
          1.0
        ]
      ]
    },
    {
      "file_path": "/media/NFS/ttao/scannet/posed_images/scene0112_00/00079.jpg",
      "transform_matrix": [
        [
          0.961532,
          -0.200438,
          0.187831,
          3.221601
        ],
        [
          -0.274446,
          -0.72992,
          0.626017,
          0.856396
        ],
        [
          0.011624,
          -0.653485,
          -0.75685,
          1.350237
        ],
        [
          0.0,
          0.0,
          0.0,
          1.0
        ]
      ]
    },
    {
      "file_path": "/media/NFS/ttao/scannet/posed_images/scene0112_00/00082.jpg",
      "transform_matrix": [
        [
          0.984348,
          -0.130733,
          0.118183,
          3.264242
        ],
        [
          -0.175949,
          -0.767146,
          0.616871,
          0.858735
        ],
        [
          0.010018,
          -0.62801,
          -0.778141,
          1.340454
        ],
        [
          0.0,
          0.0,
          0.0,
          1.0
        ]
      ]
    },
    {
      "file_path": "/media/NFS/ttao/scannet/posed_images/scene0112_00/00085.jpg",
      "transform_matrix": [
        [
          0.9964,
          -0.049372,
          0.068914,
          3.299811
        ],
        [
          -0.081064,
          -0.792769,
          0.604108,
          0.850483
        ],
        [
          0.024807,
          -0.60752,
          -0.793917,
          1.327619
        ],
        [
          0.0,
          0.0,
          0.0,
          1.0
        ]
      ]
    },
    {
      "file_path": "/media/NFS/ttao/scannet/posed_images/scene0112_00/00087.jpg",
      "transform_matrix": [
        [
          0.998339,
          -0.004,
          0.057479,
          3.324585
        ],
        [
          -0.037601,
          -0.801112,
          0.597332,
          0.848739
        ],
        [
          0.043658,
          -0.598501,
          -0.799932,
          1.327824
        ],
        [
          0.0,
          0.0,
          0.0,
          1.0
        ]
      ]
    },
    {
      "file_path": "/media/NFS/ttao/scannet/posed_images/scene0112_00/00092.jpg",
      "transform_matrix": [
        [
          0.997631,
          0.056253,
          0.039596,
          3.372351
        ],
        [
          0.018123,
          -0.770179,
          0.63757,
          0.853076
        ],
        [
          0.066361,
          -0.635342,
          -0.769374,
          1.356636
        ],
        [
          0.0,
          0.0,
          0.0,
          1.0
        ]
      ]
    },
    {
      "file_path": "/media/NFS/ttao/scannet/posed_images/scene0112_00/00094.jpg",
      "transform_matrix": [
        [
          0.996832,
          0.074208,
          0.028608,
          3.380652
        ],
        [
          0.035658,
          -0.738546,
          0.673259,
          0.850893
        ],
        [
          0.07109,
          -0.670107,
          -0.738853,
          1.373755
        ],
        [
          0.0,
          0.0,
          0.0,
          1.0
        ]
      ]
    },
    {
      "file_path": "/media/NFS/ttao/scannet/posed_images/scene0112_00/00097.jpg",
      "transform_matrix": [
        [
          0.995728,
          0.091969,
          0.008258,
          3.386038
        ],
        [
          0.057463,
          -0.687166,
          0.724225,
          0.850688
        ],
        [
          0.072281,
          -0.720656,
          -0.689515,
          1.406478
        ],
        [
          0.0,
          0.0,
          0.0,
          1.0
        ]
      ]
    },
    {
      "file_path": "/media/NFS/ttao/scannet/posed_images/scene0112_00/00100.jpg",
      "transform_matrix": [
        [
          0.993396,
          0.114468,
          -0.007816,
          3.388059
        ],
        [
          0.076824,
          -0.613016,
          0.786327,
          0.827468
        ],
        [
          0.085218,
          -0.781735,
          -0.617762,
          1.420501
        ],
        [
          0.0,
          0.0,
          0.0,
          1.0
        ]
      ]
    },
    {
      "file_path": "/media/NFS/ttao/scannet/posed_images/scene0112_00/00103.jpg",
      "transform_matrix": [
        [
          0.992095,
          0.124025,
          -0.019103,
          3.385794
        ],
        [
          0.085766,
          -0.559028,
          0.824701,
          0.82584
        ],
        [
          0.091605,
          -0.81982,
          -0.565246,
          1.453021
        ],
        [
          0.0,
          0.0,
          0.0,
          1.0
        ]
      ]
    },
    {
      "file_path": "/media/NFS/ttao/scannet/posed_images/scene0112_00/00107.jpg",
      "transform_matrix": [
        [
          0.99116,
          0.128524,
          -0.032924,
          3.380733
        ],
        [
          0.092486,
          -0.491394,
          0.866013,
          0.821143
        ],
        [
          0.095124,
          -0.861402,
          -0.498936,
          1.49285
        ],
        [
          0.0,
          0.0,
          0.0,
          1.0
        ]
      ]
    },
    {
      "file_path": "/media/NFS/ttao/scannet/posed_images/scene0112_00/00110.jpg",
      "transform_matrix": [
        [
          0.989335,
          0.143532,
          -0.024794,
          3.368999
        ],
        [
          0.086629,
          -0.442968,
          0.892342,
          0.811167
        ],
        [
          0.117096,
          -0.884973,
          -0.450678,
          1.502155
        ],
        [
          0.0,
          0.0,
          0.0,
          1.0
        ]
      ]
    },
    {
      "file_path": "/media/NFS/ttao/scannet/posed_images/scene0112_00/00113.jpg",
      "transform_matrix": [
        [
          0.988875,
          0.147834,
          -0.016474,
          3.355793
        ],
        [
          0.078083,
          -0.421636,
          0.903397,
          0.807691
        ],
        [
          0.126607,
          -0.894633,
          -0.428489,
          1.520213
        ],
        [
          0.0,
          0.0,
          0.0,
          1.0
        ]
      ]
    },
    {
      "file_path": "/media/NFS/ttao/scannet/posed_images/scene0112_00/00114.jpg",
      "transform_matrix": [
        [
          0.988436,
          0.150638,
          -0.017418,
          3.352711
        ],
        [
          0.079838,
          -0.419306,
          0.904328,
          0.806038
        ],
        [
          0.128922,
          -0.89526,
          -0.426484,
          1.524255
        ],
        [
          0.0,
          0.0,
          0.0,
          1.0
        ]
      ]
    },
    {
      "file_path": "/media/NFS/ttao/scannet/posed_images/scene0112_00/00117.jpg",
      "transform_matrix": [
        [
          0.986773,
          0.159358,
          -0.029734,
          3.343725
        ],
        [
          0.092485,
          -0.402772,
          0.910616,
          0.798426
        ],
        [
          0.133138,
          -0.901321,
          -0.412183,
          1.528065
        ],
        [
          0.0,
          0.0,
          0.0,
          1.0
        ]
      ]
    },
    {
      "file_path": "/media/NFS/ttao/scannet/posed_images/scene0112_00/00122.jpg",
      "transform_matrix": [
        [
          0.980596,
          0.179866,
          -0.077972,
          3.320205
        ],
        [
          0.141541,
          -0.374394,
          0.916403,
          0.788919
        ],
        [
          0.135638,
          -0.909658,
          -0.392588,
          1.533324
        ],
        [
          0.0,
          0.0,
          0.0,
          1.0
        ]
      ]
    },
    {
      "file_path": "/media/NFS/ttao/scannet/posed_images/scene0112_00/00123.jpg",
      "transform_matrix": [
        [
          0.978577,
          0.184884,
          -0.09058,
          3.314206
        ],
        [
          0.154132,
          -0.366207,
          0.91768,
          0.786831
        ],
        [
          0.136493,
          -0.911982,
          -0.386858,
          1.533866
        ],
        [
          0.0,
          0.0,
          0.0,
          1.0
        ]
      ]
    },
    {
      "file_path": "/media/NFS/ttao/scannet/posed_images/scene0112_00/00127.jpg",
      "transform_matrix": [
        [
          0.966984,
          0.206447,
          -0.149405,
          3.286911
        ],
        [
          0.213151,
          -0.333886,
          0.918198,
          0.776199
        ],
        [
          0.139674,
          -0.919728,
          -0.366867,
          1.539043
        ],
        [
          0.0,
          0.0,
          0.0,
          1.0
        ]
      ]
    },
    {
      "file_path": "/media/NFS/ttao/scannet/posed_images/scene0112_00/00130.jpg",
      "transform_matrix": [
        [
          0.952438,
          0.248795,
          -0.175964,
          3.251422
        ],
        [
          0.251459,
          -0.315487,
          0.915006,
          0.768517
        ],
        [
          0.172135,
          -0.915734,
          -0.363043,
          1.549765
        ],
        [
          0.0,
          0.0,
          0.0,
          1.0
        ]
      ]
    },
    {
      "file_path": "/media/NFS/ttao/scannet/posed_images/scene0112_00/00132.jpg",
      "transform_matrix": [
        [
          0.940279,
          0.269192,
          -0.208352,
          3.234482
        ],
        [
          0.287541,
          -0.300499,
          0.909407,
          0.762653
        ],
        [
          0.182195,
          -0.915006,
          -0.359956,
          1.549185
        ],
        [
          0.0,
          0.0,
          0.0,
          1.0
        ]
      ]
    },
    {
      "file_path": "/media/NFS/ttao/scannet/posed_images/scene0112_00/00134.jpg",
      "transform_matrix": [
        [
          0.92791,
          0.279793,
          -0.246373,
          3.219025
        ],
        [
          0.325148,
          -0.284074,
          0.901988,
          0.757405
        ],
        [
          0.182382,
          -0.91707,
          -0.354569,
          1.547697
        ],
        [
          0.0,
          0.0,
          0.0,
          1.0
        ]
      ]
    },
    {
      "file_path": "/media/NFS/ttao/scannet/posed_images/scene0112_00/00139.jpg",
      "transform_matrix": [
        [
          0.890995,
          0.311792,
          -0.330021,
          3.181312
        ],
        [
          0.415017,
          -0.264597,
          0.870488,
          0.749269
        ],
        [
          0.184089,
          -0.912565,
          -0.365154,
          1.545077
        ],
        [
          0.0,
          0.0,
          0.0,
          1.0
        ]
      ]
    },
    {
      "file_path": "/media/NFS/ttao/scannet/posed_images/scene0112_00/00140.jpg",
      "transform_matrix": [
        [
          0.889275,
          0.309912,
          -0.33637,
          3.199159
        ],
        [
          0.421033,
          -0.2674,
          0.866735,
          0.746341
        ],
        [
          0.178666,
          -0.912388,
          -0.368275,
          1.549102
        ],
        [
          0.0,
          0.0,
          0.0,
          1.0
        ]
      ]
    },
    {
      "file_path": "/media/NFS/ttao/scannet/posed_images/scene0112_00/00143.jpg",
      "transform_matrix": [
        [
          0.865384,
          0.318814,
          -0.386612,
          3.181467
        ],
        [
          0.472155,
          -0.260298,
          0.842208,
          0.743514
        ],
        [
          0.167873,
          -0.911374,
          -0.375787,
          1.545874
        ],
        [
          0.0,
          0.0,
          0.0,
          1.0
        ]
      ]
    },
    {
      "file_path": "/media/NFS/ttao/scannet/posed_images/scene0112_00/00146.jpg",
      "transform_matrix": [
        [
          0.840507,
          0.322703,
          -0.435213,
          3.165438
        ],
        [
          0.519448,
          -0.251618,
          0.816616,
          0.739869
        ],
        [
          0.154018,
          -0.912442,
          -0.379115,
          1.542291
        ],
        [
          0.0,
          0.0,
          0.0,
          1.0
        ]
      ]
    },
    {
      "file_path": "/media/NFS/ttao/scannet/posed_images/scene0112_00/00150.jpg",
      "transform_matrix": [
        [
          0.821371,
          0.32395,
          -0.469474,
          3.143786
        ],
        [
          0.552843,
          -0.249529,
          0.795048,
          0.732308
        ],
        [
          0.140409,
          -0.912574,
          -0.384049,
          1.537765
        ],
        [
          0.0,
          0.0,
          0.0,
          1.0
        ]
      ]
    },
    {
      "file_path": "/media/NFS/ttao/scannet/posed_images/scene0112_00/00154.jpg",
      "transform_matrix": [
        [
          0.794258,
          0.334975,
          -0.506898,
          3.127728
        ],
        [
          0.592639,
          -0.243242,
          0.767863,
          0.727382
        ],
        [
          0.133916,
          -0.910289,
          -0.391716,
          1.531224
        ],
        [
          0.0,
          0.0,
          0.0,
          1.0
        ]
      ]
    },
    {
      "file_path": "/media/NFS/ttao/scannet/posed_images/scene0112_00/00157.jpg",
      "transform_matrix": [
        [
          0.774555,
          0.347628,
          -0.528413,
          3.115813
        ],
        [
          0.618807,
          -0.243541,
          0.746837,
          0.725097
        ],
        [
          0.130931,
          -0.905452,
          -0.403751,
          1.531445
        ],
        [
          0.0,
          0.0,
          0.0,
          1.0
        ]
      ]
    },
    {
      "file_path": "/media/NFS/ttao/scannet/posed_images/scene0112_00/00160.jpg",
      "transform_matrix": [
        [
          0.755036,
          0.359132,
          -0.548585,
          3.107552
        ],
        [
          0.643991,
          -0.248869,
          0.723423,
          0.720511
        ],
        [
          0.123279,
          -0.899494,
          -0.419182,
          1.518816
        ],
        [
          0.0,
          0.0,
          0.0,
          1.0
        ]
      ]
    },
    {
      "file_path": "/media/NFS/ttao/scannet/posed_images/scene0112_00/00161.jpg",
      "transform_matrix": [
        [
          0.747631,
          0.361793,
          -0.556915,
          3.107299
        ],
        [
          0.65305,
          -0.248064,
          0.715535,
          0.719741
        ],
        [
          0.120725,
          -0.898649,
          -0.421729,
          1.513961
        ],
        [
          0.0,
          0.0,
          0.0,
          1.0
        ]
      ]
    },
    {
      "file_path": "/media/NFS/ttao/scannet/posed_images/scene0112_00/00166.jpg",
      "transform_matrix": [
        [
          0.71078,
          0.382558,
          -0.59029,
          3.087092
        ],
        [
          0.694816,
          -0.251019,
          0.673959,
          0.716604
        ],
        [
          0.109654,
          -0.889179,
          -0.444226,
          1.507246
        ],
        [
          0.0,
          0.0,
          0.0,
          1.0
        ]
      ]
    },
    {
      "file_path": "/media/NFS/ttao/scannet/posed_images/scene0112_00/00167.jpg",
      "transform_matrix": [
        [
          0.701606,
          0.386378,
          -0.598716,
          3.086605
        ],
        [
          0.704685,
          -0.25161,
          0.66341,
          0.715898
        ],
        [
          0.105684,
          -0.887358,
          -0.448806,
          1.503338
        ],
        [
          0.0,
          0.0,
          0.0,
          1.0
        ]
      ]
    },
    {
      "file_path": "/media/NFS/ttao/scannet/posed_images/scene0112_00/00171.jpg",
      "transform_matrix": [
        [
          0.656248,
          0.410835,
          -0.632893,
          3.072634
        ],
        [
          0.749441,
          -0.257493,
          0.609948,
          0.711244
        ],
        [
          0.087622,
          -0.874592,
          -0.476876,
          1.483907
        ],
        [
          0.0,
          0.0,
          0.0,
          1.0
        ]
      ]
    },
    {
      "file_path": "/media/NFS/ttao/scannet/posed_images/scene0112_00/00173.jpg",
      "transform_matrix": [
        [
          0.629601,
          0.426878,
          -0.649136,
          3.048278
        ],
        [
          0.772831,
          -0.258519,
          0.579569,
          0.706745
        ],
        [
          0.079591,
          -0.86657,
          -0.492668,
          1.46845
        ],
        [
          0.0,
          0.0,
          0.0,
          1.0
        ]
      ]
    },
    {
      "file_path": "/media/NFS/ttao/scannet/posed_images/scene0112_00/00176.jpg",
      "transform_matrix": [
        [
          0.606872,
          0.436131,
          -0.664452,
          3.015947
        ],
        [
          0.790966,
          -0.249396,
          0.558726,
          0.704163
        ],
        [
          0.077966,
          -0.864634,
          -0.496316,
          1.466938
        ],
        [
          0.0,
          0.0,
          0.0,
          1.0
        ]
      ]
    },
    {
      "file_path": "/media/NFS/ttao/scannet/posed_images/scene0112_00/00179.jpg",
      "transform_matrix": [
        [
          0.594084,
          0.42694,
          -0.681753,
          2.974738
        ],
        [
          0.800712,
          -0.232755,
          0.551984,
          0.698523
        ],
        [
          0.076983,
          -0.873812,
          -0.480132,
          1.4718
        ],
        [
          0.0,
          0.0,
          0.0,
          1.0
        ]
      ]
    },
    {
      "file_path": "/media/NFS/ttao/scannet/posed_images/scene0112_00/00182.jpg",
      "transform_matrix": [
        [
          0.588033,
          0.409909,
          -0.697275,
          2.938453
        ],
        [
          0.805936,
          -0.223984,
          0.547996,
          0.695557
        ],
        [
          0.06845,
          -0.884198,
          -0.46207,
          1.471619
        ],
        [
          0.0,
          0.0,
          0.0,
          1.0
        ]
      ]
    },
    {
      "file_path": "/media/NFS/ttao/scannet/posed_images/scene0112_00/00184.jpg",
      "transform_matrix": [
        [
          0.588405,
          0.401164,
          -0.702031,
          2.905179
        ],
        [
          0.805729,
          -0.218229,
          0.550615,
          0.690803
        ],
        [
          0.067683,
          -0.889631,
          -0.451637,
          1.476089
        ],
        [
          0.0,
          0.0,
          0.0,
          1.0
        ]
      ]
    },
    {
      "file_path": "/media/NFS/ttao/scannet/posed_images/scene0112_00/00189.jpg",
      "transform_matrix": [
        [
          0.593683,
          0.382937,
          -0.707742,
          2.816146
        ],
        [
          0.801778,
          -0.206623,
          0.560767,
          0.673722
        ],
        [
          0.068503,
          -0.90037,
          -0.4297,
          1.486648
        ],
        [
          0.0,
          0.0,
          0.0,
          1.0
        ]
      ]
    },
    {
      "file_path": "/media/NFS/ttao/scannet/posed_images/scene0112_00/00192.jpg",
      "transform_matrix": [
        [
          0.593373,
          0.380185,
          -0.709485,
          2.774788
        ],
        [
          0.801642,
          -0.199551,
          0.563516,
          0.667213
        ],
        [
          0.072662,
          -0.903127,
          -0.42318,
          1.485634
        ],
        [
          0.0,
          0.0,
          0.0,
          1.0
        ]
      ]
    },
    {
      "file_path": "/media/NFS/ttao/scannet/posed_images/scene0112_00/00193.jpg",
      "transform_matrix": [
        [
          0.591461,
          0.383459,
          -0.709319,
          2.756061
        ],
        [
          0.803081,
          -0.201204,
          0.560873,
          0.666
        ],
        [
          0.072354,
          -0.901375,
          -0.426953,
          1.489592
        ],
        [
          0.0,
          0.0,
          0.0,
          1.0
        ]
      ]
    },
    {
      "file_path": "/media/NFS/ttao/scannet/posed_images/scene0112_00/00196.jpg",
      "transform_matrix": [
        [
          0.576383,
          0.38123,
          -0.722805,
          2.716872
        ],
        [
          0.814144,
          -0.191724,
          0.548098,
          0.665907
        ],
        [
          0.070372,
          -0.904381,
          -0.420883,
          1.492942
        ],
        [
          0.0,
          0.0,
          0.0,
          1.0
        ]
      ]
    },
    {
      "file_path": "/media/NFS/ttao/scannet/posed_images/scene0112_00/00200.jpg",
      "transform_matrix": [
        [
          0.550129,
          0.394123,
          -0.736224,
          2.670028
        ],
        [
          0.831573,
          -0.177829,
          0.526179,
          0.669729
        ],
        [
          0.076457,
          -0.90169,
          -0.425571,
          1.488793
        ],
        [
          0.0,
          0.0,
          0.0,
          1.0
        ]
      ]
    },
    {
      "file_path": "/media/NFS/ttao/scannet/posed_images/scene0112_00/00202.jpg",
      "transform_matrix": [
        [
          0.551043,
          0.40668,
          -0.728673,
          2.641003
        ],
        [
          0.829644,
          -0.173143,
          0.530767,
          0.672619
        ],
        [
          0.089687,
          -0.897014,
          -0.432808,
          1.48455
        ],
        [
          0.0,
          0.0,
          0.0,
          1.0
        ]
      ]
    },
    {
      "file_path": "/media/NFS/ttao/scannet/posed_images/scene0112_00/00207.jpg",
      "transform_matrix": [
        [
          0.536885,
          0.407558,
          -0.738682,
          2.561567
        ],
        [
          0.838711,
          -0.163179,
          0.519555,
          0.692259
        ],
        [
          0.091212,
          -0.898482,
          -0.429431,
          1.482379
        ],
        [
          0.0,
          0.0,
          0.0,
          1.0
        ]
      ]
    },
    {
      "file_path": "/media/NFS/ttao/scannet/posed_images/scene0112_00/00208.jpg",
      "transform_matrix": [
        [
          0.531686,
          0.406785,
          -0.742857,
          2.544879
        ],
        [
          0.842382,
          -0.163098,
          0.513607,
          0.699619
        ],
        [
          0.087769,
          -0.898847,
          -0.429385,
          1.483384
        ],
        [
          0.0,
          0.0,
          0.0,
          1.0
        ]
      ]
    },
    {
      "file_path": "/media/NFS/ttao/scannet/posed_images/scene0112_00/00210.jpg",
      "transform_matrix": [
        [
          0.5252,
          0.394427,
          -0.75405,
          2.517847
        ],
        [
          0.847373,
          -0.160912,
          0.50603,
          0.712596
        ],
        [
          0.078256,
          -0.904729,
          -0.418738,
          1.479512
        ],
        [
          0.0,
          0.0,
          0.0,
          1.0
        ]
      ]
    },
    {
      "file_path": "/media/NFS/ttao/scannet/posed_images/scene0112_00/00214.jpg",
      "transform_matrix": [
        [
          0.511628,
          0.365128,
          -0.777765,
          2.441595
        ],
        [
          0.857106,
          -0.153629,
          0.491698,
          0.742253
        ],
        [
          0.060046,
          -0.918194,
          -0.391554,
          1.484204
        ],
        [
          0.0,
          0.0,
          0.0,
          1.0
        ]
      ]
    },
    {
      "file_path": "/media/NFS/ttao/scannet/posed_images/scene0112_00/00218.jpg",
      "transform_matrix": [
        [
          0.487116,
          0.3536,
          -0.798552,
          2.365847
        ],
        [
          0.87236,
          -0.153756,
          0.464056,
          0.768047
        ],
        [
          0.041308,
          -0.922674,
          -0.383363,
          1.499252
        ],
        [
          0.0,
          0.0,
          0.0,
          1.0
        ]
      ]
    },
    {
      "file_path": "/media/NFS/ttao/scannet/posed_images/scene0112_00/00220.jpg",
      "transform_matrix": [
        [
          0.476594,
          0.368725,
          -0.79806,
          2.330671
        ],
        [
          0.877771,
          -0.149255,
          0.455237,
          0.772982
        ],
        [
          0.048742,
          -0.917478,
          -0.39479,
          1.505511
        ],
        [
          0.0,
          0.0,
          0.0,
          1.0
        ]
      ]
    },
    {
      "file_path": "/media/NFS/ttao/scannet/posed_images/scene0112_00/00222.jpg",
      "transform_matrix": [
        [
          0.474651,
          0.369041,
          -0.799072,
          2.295406
        ],
        [
          0.878222,
          -0.138135,
          0.45787,
          0.780006
        ],
        [
          0.058593,
          -0.919091,
          -0.389666,
          1.513681
        ],
        [
          0.0,
          0.0,
          0.0,
          1.0
        ]
      ]
    },
    {
      "file_path": "/media/NFS/ttao/scannet/posed_images/scene0112_00/00226.jpg",
      "transform_matrix": [
        [
          0.485965,
          0.355913,
          -0.798225,
          2.235608
        ],
        [
          0.870932,
          -0.121017,
          0.476271,
          0.79506
        ],
        [
          0.072913,
          -0.92665,
          -0.368786,
          1.529481
        ],
        [
          0.0,
