{
  "frames": [
    {
      "file_path": "/media/NFS/ttao/scannet/posed_images/scene0401_00/00002.jpg",
      "transform_matrix": [
        [
          0.382686,
          -0.312221,
          0.869523,
          3.265405
        ],
        [
          -0.923652,
          -0.108472,
          0.36756,
          3.265007
        ],
        [
          -0.020441,
          -0.943797,
          -0.329894,
          1.370328
        ],
        [
          0.0,
          0.0,
          0.0,
          1.0
        ]
      ]
    },
    {
      "file_path": "/media/NFS/ttao/scannet/posed_images/scene0401_00/00007.jpg",
      "transform_matrix": [
        [
          0.383348,
          -0.313187,
          0.868884,
          3.273677
        ],
        [
          -0.923436,
          -0.111998,
          0.367046,
          3.278127
        ],
        [
          -0.017641,
          -0.943065,
          -0.332142,
          1.369218
        ],
        [
          0.0,
          0.0,
          0.0,
          1.0
        ]
      ]
    },
    {
      "file_path": "/media/NFS/ttao/scannet/posed_images/scene0401_00/00015.jpg",
      "transform_matrix": [
        [
          0.382961,
          -0.322625,
          0.865595,
          3.291222
        ],
        [
          -0.92376,
          -0.136688,
          0.357749,
          3.332806
        ],
        [
          0.002898,
          -0.936606,
          -0.350374,
          1.389007
        ],
        [
          0.0,
          0.0,
          0.0,
          1.0
        ]
      ]
    },
    {
      "file_path": "/media/NFS/ttao/scannet/posed_images/scene0401_00/00029.jpg",
      "transform_matrix": [
        [
          0.367189,
          -0.312983,
          0.875908,
          3.301225
        ],
        [
          -0.930064,
          -0.11096,
          0.350242,
          3.378767
        ],
        [
          -0.012429,
          -0.943255,
          -0.331837,
          1.396031
        ],
        [
          0.0,
          0.0,
          0.0,
          1.0
        ]
      ]
    },
    {
      "file_path": "/media/NFS/ttao/scannet/posed_images/scene0401_00/00034.jpg",
      "transform_matrix": [
        [
          0.345514,
          -0.324811,
          0.880408,
          3.320351
        ],
        [
          -0.938106,
          -0.09553,
          0.332914,
          3.387694
        ],
        [
          -0.024028,
          -0.940942,
          -0.337714,
          1.395935
        ],
        [
          0.0,
          0.0,
          0.0,
          1.0
        ]
      ]
    },
    {
      "file_path": "/media/NFS/ttao/scannet/posed_images/scene0401_00/00039.jpg",
      "transform_matrix": [
        [
          0.310863,
          -0.342597,
          0.886562,
          3.331877
        ],
        [
          -0.950046,
          -0.084647,
          0.300412,
          3.407747
        ],
        [
          -0.027876,
          -0.935661,
          -0.351797,
          1.39225
        ],
        [
          0.0,
          0.0,
          0.0,
          1.0
        ]
      ]
    },
    {
      "file_path": "/media/NFS/ttao/scannet/posed_images/scene0401_00/00049.jpg",
      "transform_matrix": [
        [
          0.243022,
          -0.375234,
          0.894505,
          3.380651
        ],
        [
          -0.969551,
          -0.065275,
          0.236028,
          3.397927
        ],
        [
          -0.030177,
          -0.924629,
          -0.379672,
          1.381048
        ],
        [
          0.0,
          0.0,
          0.0,
          1.0
        ]
      ]
    },
    {
      "file_path": "/media/NFS/ttao/scannet/posed_images/scene0401_00/00056.jpg",
      "transform_matrix": [
        [
          0.200751,
          -0.362307,
          0.910183,
          3.428679
        ],
        [
          -0.979558,
          -0.06206,
          0.191349,
          3.356126
        ],
        [
          -0.012841,
          -0.92999,
          -0.36736,
          1.377223
        ],
        [
          0.0,
          0.0,
          0.0,
          1.0
        ]
      ]
    },
    {
      "file_path": "/media/NFS/ttao/scannet/posed_images/scene0401_00/00068.jpg",
      "transform_matrix": [
        [
          0.157029,
          -0.351268,
          0.923013,
          3.521366
        ],
        [
          -0.987561,
          -0.06345,
          0.143863,
          3.195262
        ],
        [
          0.008031,
          -0.934123,
          -0.356862,
          1.393697
        ],
        [
          0.0,
          0.0,
          0.0,
          1.0
        ]
      ]
    },
    {
      "file_path": "/media/NFS/ttao/scannet/posed_images/scene0401_00/00076.jpg",
      "transform_matrix": [
        [
          0.067201,
          -0.370091,
          0.926562,
          3.568482
        ],
        [
          -0.997281,
          -0.053053,
          0.05114,
          3.159492
        ],
        [
          0.03023,
          -0.927479,
          -0.37265,
          1.406212
        ],
        [
          0.0,
          0.0,
          0.0,
          1.0
        ]
      ]
    },
    {
      "file_path": "/media/NFS/ttao/scannet/posed_images/scene0401_00/00080.jpg",
      "transform_matrix": [
        [
          0.026091,
          -0.355897,
          0.934161,
          3.578078
        ],
        [
          -0.999325,
          -0.033442,
          0.01517,
          3.12185
        ],
        [
          0.025842,
          -0.933927,
          -0.356529,
          1.402866
        ],
        [
          0.0,
          0.0,
          0.0,
          1.0
        ]
      ]
    },
    {
      "file_path": "/media/NFS/ttao/scannet/posed_images/scene0401_00/00090.jpg",
      "transform_matrix": [
        [
          -0.171714,
          -0.351641,
          0.920251,
          3.640302
        ],
        [
          -0.985039,
          0.04746,
          -0.165668,
          3.153136
        ],
        [
          0.01458,
          -0.934931,
          -0.35453,
          1.399185
        ],
        [
          0.0,
          0.0,
          0.0,
          1.0
        ]
      ]
    },
    {
      "file_path": "/media/NFS/ttao/scannet/posed_images/scene0401_00/00097.jpg",
      "transform_matrix": [
        [
          -0.288779,
          -0.333401,
          0.897469,
          3.687766
        ],
        [
          -0.957394,
          0.102337,
          -0.270044,
          3.194857
        ],
        [
          -0.001812,
          -0.937214,
          -0.348749,
          1.381099
        ],
        [
          0.0,
          0.0,
          0.0,
          1.0
        ]
      ]
    },
    {
      "file_path": "/media/NFS/ttao/scannet/posed_images/scene0401_00/00107.jpg",
      "transform_matrix": [
        [
          -0.388729,
          -0.31805,
          0.864716,
          3.71821
        ],
        [
          -0.921222,
          0.149904,
          -0.358996,
          3.208859
        ],
        [
          -0.015446,
          -0.936148,
          -0.351267,
          1.366493
        ],
        [
          0.0,
          0.0,
          0.0,
          1.0
        ]
      ]
    },
    {
      "file_path": "/media/NFS/ttao/scannet/posed_images/scene0401_00/00115.jpg",
      "transform_matrix": [
        [
          -0.485757,
          -0.322628,
          0.812374,
          3.747178
        ],
        [
          -0.873991,
          0.165035,
          -0.457059,
          3.204643
        ],
        [
          0.01339,
          -0.932027,
          -0.362141,
          1.367611
        ],
        [
          0.0,
          0.0,
          0.0,
          1.0
        ]
      ]
    },
    {
      "file_path": "/media/NFS/ttao/scannet/posed_images/scene0401_00/00122.jpg",
      "transform_matrix": [
        [
          -0.531248,
          -0.334878,
          0.778224,
          3.776796
        ],
        [
          -0.846904,
          0.184962,
          -0.498541,
          3.169133
        ],
        [
          0.023008,
          -0.92393,
          -0.38187,
          1.375079
        ],
        [
          0.0,
          0.0,
          0.0,
          1.0
        ]
      ]
    },
    {
      "file_path": "/media/NFS/ttao/scannet/posed_images/scene0401_00/00134.jpg",
      "transform_matrix": [
        [
          -0.601008,
          -0.326536,
          0.729496,
          3.796027
        ],
        [
          -0.798309,
          0.201148,
          -0.567663,
          3.106176
        ],
        [
          0.038626,
          -0.923533,
          -0.381569,
          1.374981
        ],
        [
          0.0,
          0.0,
          0.0,
          1.0
        ]
      ]
    },
    {
      "file_path": "/media/NFS/ttao/scannet/posed_images/scene0401_00/00136.jpg",
      "transform_matrix": [
        [
          -0.622055,
          -0.322266,
          0.713577,
          3.795296
        ],
        [
          -0.782165,
          0.214345,
          -0.585042,
          3.093231
        ],
        [
          0.035587,
          -0.922063,
          -0.385399,
          1.377762
        ],
        [
          0.0,
          0.0,
          0.0,
          1.0
        ]
      ]
    },
    {
      "file_path": "/media/NFS/ttao/scannet/posed_images/scene0401_00/00146.jpg",
      "transform_matrix": [
        [
          -0.736355,
          -0.303433,
          0.604739,
          3.843222
        ],
        [
          -0.67407,
          0.251849,
          -0.694408,
          3.088439
        ],
        [
          0.058403,
          -0.918967,
          -0.389985,
          1.385863
        ],
        [
          0.0,
          0.0,
          0.0,
          1.0
        ]
      ]
    },
    {
      "file_path": "/media/NFS/ttao/scannet/posed_images/scene0401_00/00156.jpg",
      "transform_matrix": [
        [
          -0.808828,
          -0.298094,
          0.50689,
          3.911889
        ],
        [
          -0.584333,
          0.31072,
          -0.749672,
          3.089746
        ],
        [
          0.065972,
          -0.902548,
          -0.425505,
          1.380176
        ],
        [
          0.0,
          0.0,
          0.0,
          1.0
        ]
      ]
    },
    {
      "file_path": "/media/NFS/ttao/scannet/posed_images/scene0401_00/00163.jpg",
      "transform_matrix": [
        [
          -0.847408,
          -0.274411,
          0.454531,
          3.940253
        ],
        [
          -0.526423,
          0.322779,
          -0.78657,
          3.082585
        ],
        [
          0.06913,
          -0.905821,
          -0.417981,
          1.383627
        ],
        [
          0.0,
          0.0,
          0.0,
          1.0
        ]
      ]
    },
    {
      "file_path": "/media/NFS/ttao/scannet/posed_images/scene0401_00/00171.jpg",
      "transform_matrix": [
        [
          -0.892876,
          -0.208795,
          0.39897,
          3.942925
        ],
        [
          -0.448949,
          0.344139,
          -0.824629,
          3.065792
        ],
        [
          0.034877,
          -0.915409,
          -0.401011,
          1.38844
        ],
        [
          0.0,
          0.0,
          0.0,
          1.0
        ]
      ]
    },
    {
      "file_path": "/media/NFS/ttao/scannet/posed_images/scene0401_00/00178.jpg",
      "transform_matrix": [
        [
          -0.936798,
          -0.146603,
          0.317673,
          3.947741
        ],
        [
          -0.349841,
          0.380915,
          -0.855871,
          3.067696
        ],
        [
          0.004467,
          -0.912914,
          -0.408129,
          1.382274
        ],
        [
          0.0,
          0.0,
          0.0,
          1.0
        ]
      ]
    },
    {
      "file_path": "/media/NFS/ttao/scannet/posed_images/scene0401_00/00190.jpg",
      "transform_matrix": [
        [
          -0.966552,
          -0.095007,
          0.238225,
          3.89508
        ],
        [
          -0.25586,
          0.421262,
          -0.8701,
          3.070257
        ],
        [
          -0.01769,
          -0.901949,
          -0.43148,
          1.372216
        ],
        [
          0.0,
          0.0,
          0.0,
          1.0
        ]
      ]
    },
    {
      "file_path": "/media/NFS/ttao/scannet/posed_images/scene0401_00/00197.jpg",
      "transform_matrix": [
        [
          -0.98438,
          -0.080403,
          0.156623,
          3.847877
        ],
        [
          -0.176051,
          0.4432,
          -0.878965,
          3.095792
        ],
        [
          0.001256,
          -0.89281,
          -0.450432,
          1.369954
        ],
        [
          0.0,
          0.0,
          0.0,
          1.0
        ]
      ]
    },
    {
      "file_path": "/media/NFS/ttao/scannet/posed_images/scene0401_00/00207.jpg",
      "transform_matrix": [
        [
          -0.997101,
          0.000878,
          0.076088,
          3.783004
        ],
        [
          -0.068161,
          0.434199,
          -0.898234,
          3.120776
        ],
        [
          -0.033826,
          -0.900817,
          -0.43288,
          1.379233
        ],
        [
          0.0,
          0.0,
          0.0,
          1.0
        ]
      ]
    },
    {
      "file_path": "/media/NFS/ttao/scannet/posed_images/scene0401_00/00214.jpg",
      "transform_matrix": [
        [
          -0.999092,
          0.040466,
          0.01333,
          3.70915
        ],
        [
          0.004637,
          0.414292,
          -0.910132,
          3.134143
        ],
        [
          -0.042352,
          -0.909244,
          -0.414104,
          1.386499
        ],
        [
          0.0,
          0.0,
          0.0,
          1.0
        ]
      ]
    },
    {
      "file_path": "/media/NFS/ttao/scannet/posed_images/scene0401_00/00224.jpg",
      "transform_matrix": [
        [
          -0.994467,
          0.07181,
          -0.076677,
          3.627175
        ],
        [
          0.099063,
          0.398104,
          -0.911976,
          3.146044
        ],
        [
          -0.034964,
          -0.914526,
          -0.403015,
          1.391989
        ],
        [
          0.0,
          0.0,
          0.0,
          1.0
        ]
      ]
    },
    {
      "file_path": "/media/NFS/ttao/scannet/posed_images/scene0401_00/00227.jpg",
      "transform_matrix": [
        [
          -0.989278,
          0.082131,
          -0.120762,
          3.634023
        ],
        [
          0.143367,
          0.38854,
          -0.91021,
          3.145557
        ],
        [
          -0.027836,
          -0.917764,
          -0.396149,
          1.392591
        ],
        [
          0.0,
          0.0,
          0.0,
          1.0
        ]
      ]
    },
    {
      "file_path": "/media/NFS/ttao/scannet/posed_images/scene0401_00/00234.jpg",
      "transform_matrix": [
        [
          -0.968816,
          0.129832,
          -0.211042,
          3.593851
        ],
        [
          0.245506,
          0.387844,
          -0.888427,
          3.152944
        ],
        [
          -0.033495,
          -0.912535,
          -0.407624,
          1.380301
        ],
        [
          0.0,
          0.0,
          0.0,
          1.0
        ]
      ]
    },
    {
      "file_path": "/media/NFS/ttao/scannet/posed_images/scene0401_00/00246.jpg",
      "transform_matrix": [
        [
          -0.894512,
          0.19887,
          -0.400372,
          3.57913
        ],
        [
          0.445415,
          0.320113,
          -0.836142,
          3.109924
        ],
        [
          -0.03812,
          -0.926271,
          -0.374925,
          1.390173
        ],
        [
          0.0,
          0.0,
          0.0,
          1.0
        ]
      ]
    },
    {
      "file_path": "/media/NFS/ttao/scannet/posed_images/scene0401_00/00253.jpg",
      "transform_matrix": [
        [
          -0.876882,
          0.211179,
          -0.431836,
          3.508014
        ],
        [
          0.478435,
          0.296172,
          -0.826669,
          3.108976
        ],
        [
          -0.046677,
          -0.931496,
          -0.360743,
          1.404017
        ],
        [
          0.0,
          0.0,
          0.0,
          1.0
        ]
      ]
    },
    {
      "file_path": "/media/NFS/ttao/scannet/posed_images/scene0401_00/00258.jpg",
      "transform_matrix": [
        [
          -0.833545,
          0.22506,
          -0.50453,
          3.525264
        ],
        [
          0.550742,
          0.266732,
          -0.790909,
          3.100641
        ],
        [
          -0.043428,
          -0.937124,
          -0.346283,
          1.410648
        ],
        [
          0.0,
          0.0,
          0.0,
          1.0
        ]
      ]
    },
    {
      "file_path": "/media/NFS/ttao/scannet/posed_images/scene0401_00/00266.jpg",
      "transform_matrix": [
        [
          -0.71055,
          0.277079,
          -0.646796,
          3.549087
        ],
        [
          0.701146,
          0.201382,
          -0.683988,
          3.110492
        ],
        [
          -0.059266,
          -0.939506,
          -0.337365,
          1.408933
        ],
        [
          0.0,
          0.0,
          0.0,
          1.0
        ]
      ]
    },
    {
      "file_path": "/media/NFS/ttao/scannet/posed_images/scene0401_00/00275.jpg",
      "transform_matrix": [
        [
          -0.522787,
          0.336281,
          -0.783332,
          3.580103
        ],
        [
          0.849191,
          0.124999,
          -0.513079,
          3.102054
        ],
        [
          -0.074623,
          -0.933429,
          -0.350915,
          1.397558
        ],
        [
          0.0,
          0.0,
          0.0,
          1.0
        ]
      ]
    },
    {
      "file_path": "/media/NFS/ttao/scannet/posed_images/scene0401_00/00285.jpg",
      "transform_matrix": [
        [
          -0.408439,
          0.332397,
          -0.850111,
          3.607449
        ],
        [
          0.911353,
          0.09635,
          -0.40019,
          3.129353
        ],
        [
          -0.051113,
          -0.938205,
          -0.342284,
          1.393148
        ],
        [
          0.0,
          0.0,
          0.0,
          1.0
        ]
      ]
    },
    {
      "file_path": "/media/NFS/ttao/scannet/posed_images/scene0401_00/00297.jpg",
      "transform_matrix": [
        [
          -0.37933,
          0.327035,
          -0.865538,
          3.676234
        ],
        [
          0.92387,
          0.08259,
          -0.373689,
          3.16606
        ],
        [
          -0.050725,
          -0.941396,
          -0.333466,
          1.391992
        ],
        [
          0.0,
          0.0,
          0.0,
          1.0
        ]
      ]
    },
    {
      "file_path": "/media/NFS/ttao/scannet/posed_images/scene0401_00/00300.jpg",
      "transform_matrix": [
        [
          -0.368758,
          0.334811,
          -0.867133,
          3.687076
        ],
        [
          0.928032,
          0.079749,
          -0.363864,
          3.154596
        ],
        [
          -0.052673,
          -0.938904,
          -0.340123,
          1.398176
        ],
        [
          0.0,
          0.0,
          0.0,
          1.0
        ]
      ]
    },
    {
      "file_path": "/media/NFS/ttao/scannet/posed_images/scene0401_00/00307.jpg",
      "transform_matrix": [
        [
          -0.32679,
          0.347941,
          -0.878718,
          3.728065
        ],
        [
          0.942821,
          0.055527,
          -0.328643,
          3.158645
        ],
        [
          -0.065556,
          -0.935871,
          -0.346191,
          1.398809
        ],
        [
          0.0,
          0.0,
          0.0,
          1.0
        ]
      ]
    },
    {
      "file_path": "/media/NFS/ttao/scannet/posed_images/scene0401_00/00314.jpg",
      "transform_matrix": [
        [
          -0.300079,
          0.371914,
          -0.878427,
          3.743163
        ],
        [
          0.948889,
          0.021979,
          -0.314844,
          3.209164
        ],
        [
          -0.097788,
          -0.928007,
          -0.3595,
          1.395621
        ],
        [
          0.0,
          0.0,
          0.0,
          1.0
        ]
      ]
    },
    {
      "file_path": "/media/NFS/ttao/scannet/posed_images/scene0401_00/00329.jpg",
      "transform_matrix": [
        [
          -0.11897,
          0.395509,
          -0.910724,
          3.760716
        ],
        [
          0.991682,
          0.001957,
          -0.128696,
          3.181309
        ],
        [
          -0.049118,
          -0.91846,
          -0.392452,
          1.39843
        ],
        [
          0.0,
          0.0,
          0.0,
          1.0
        ]
      ]
    },
    {
      "file_path": "/media/NFS/ttao/scannet/posed_images/scene0401_00/00334.jpg",
      "transform_matrix": [
        [
          -0.072034,
          0.407484,
          -0.910367,
          3.738558
        ],
        [
          0.996007,
          -0.018871,
          -0.087257,
          3.177752
        ],
        [
          -0.052735,
          -0.913017,
          -0.404498,
          1.402233
        ],
        [
          0.0,
          0.0,
          0.0,
          1.0
        ]
      ]
    },
    {
      "file_path": "/media/NFS/ttao/scannet/posed_images/scene0401_00/00344.jpg",
      "transform_matrix": [
        [
          0.040595,
          0.418353,
          -0.907377,
          3.717016
        ],
        [
          0.997674,
          -0.066744,
          0.013862,
          3.152235
        ],
        [
          -0.054763,
          -0.905829,
          -0.42009,
          1.397448
        ],
        [
          0.0,
          0.0,
          0.0,
          1.0
        ]
      ]
    },
    {
      "file_path": "/media/NFS/ttao/scannet/posed_images/scene0401_00/00348.jpg",
      "transform_matrix": [
        [
          0.117929,
          0.41309,
          -0.903023,
          3.722609
        ],
        [
          0.991617,
          -0.097346,
          0.084968,
          3.135055
        ],
        [
          -0.052806,
          -0.905473,
          -0.421107,
          1.391225
        ],
        [
          0.0,
          0.0,
          0.0,
          1.0
        ]
      ]
    },
    {
      "file_path": "/media/NFS/ttao/scannet/posed_images/scene0401_00/00361.jpg",
      "transform_matrix": [
        [
          0.346253,
          0.426333,
          -0.835673,
          3.725799
        ],
        [
          0.937344,
          -0.193917,
          0.28945,
          3.106826
        ],
        [
          -0.038649,
          -0.883536,
          -0.466765,
          1.387574
        ],
        [
          0.0,
          0.0,
          0.0,
          1.0
        ]
      ]
    },
    {
      "file_path": "/media/NFS/ttao/scannet/posed_images/scene0401_00/00370.jpg",
      "transform_matrix": [
        [
          0.430096,
          0.42361,
          -0.797228,
          3.753598
        ],
        [
          0.902036,
          -0.237556,
          0.360413,
          3.073757
        ],
        [
          -0.036712,
          -0.874141,
          -0.484284,
          1.387523
        ],
        [
          0.0,
          0.0,
          0.0,
          1.0
        ]
      ]
    },
    {
      "file_path": "/media/NFS/ttao/scannet/posed_images/scene0401_00/00378.jpg",
      "transform_matrix": [
        [
          0.470197,
          0.4208,
          -0.775785,
          3.792079
        ],
        [
          0.882415,
          -0.240169,
          0.404553,
          3.010856
        ],
        [
          -0.016084,
          -0.874784,
          -0.484247,
          1.386825
        ],
        [
          0.0,
          0.0,
          0.0,
          1.0
        ]
      ]
    },
    {
      "file_path": "/media/NFS/ttao/scannet/posed_images/scene0401_00/00385.jpg",
      "transform_matrix": [
        [
          0.511739,
          0.415758,
          -0.751843,
          3.873029
        ],
        [
          0.858887,
          -0.268833,
          0.435937,
          2.975637
        ],
        [
          -0.020876,
          -0.868835,
          -0.494662,
          1.389957
        ],
        [
          0.0,
          0.0,
          0.0,
          1.0
        ]
      ]
    },
    {
      "file_path": "/media/NFS/ttao/scannet/posed_images/scene0401_00/00387.jpg",
      "transform_matrix": [
        [
          0.524677,
          0.398471,
          -0.752286,
          3.889899
        ],
        [
          0.850819,
          -0.275168,
          0.447647,
          2.957557
        ],
        [
          -0.028631,
          -0.874931,
          -0.483401,
          1.393209
        ],
        [
          0.0,
          0.0,
          0.0,
          1.0
        ]
      ]
    },
    {
      "file_path": "/media/NFS/ttao/scannet/posed_images/scene0401_00/00402.jpg",
      "transform_matrix": [
        [
          0.627117,
          0.355366,
          -0.693138,
          3.983325
        ],
        [
          0.777392,
          -0.341356,
          0.528335,
          2.856714
        ],
        [
          -0.048854,
          -0.870167,
          -0.490329,
          1.405759
        ],
        [
          0.0,
          0.0,
          0.0,
          1.0
        ]
      ]
    },
    {
      "file_path": "/media/NFS/ttao/scannet/posed_images/scene0401_00/00409.jpg",
      "transform_matrix": [
        [
          0.665401,
          0.324626,
          -0.672205,
          3.976783
        ],
        [
          0.745287,
          -0.339921,
          0.573586,
          2.804471
        ],
        [
          -0.042295,
          -0.88265,
          -0.468123,
          1.413231
        ],
        [
          0.0,
          0.0,
          0.0,
          1.0
        ]
      ]
    },
    {
      "file_path": "/media/NFS/ttao/scannet/posed_images/scene0401_00/00414.jpg",
      "transform_matrix": [
        [
          0.670907,
          0.297053,
          -0.679443,
          3.96278
        ],
        [
          0.738973,
          -0.344012,
          0.579287,
          2.787186
        ],
        [
          -0.061658,
          -0.890739,
          -0.450314,
          1.422368
        ],
        [
          0.0,
          0.0,
          0.0,
          1.0
        ]
      ]
    },
    {
      "file_path": "/media/NFS/ttao/scannet/posed_images/scene0401_00/00426.jpg",
      "transform_matrix": [
        [
          0.752823,
          0.214079,
          -0.622436,
          3.931864
        ],
        [
          0.656156,
          -0.318945,
          0.68391,
          2.734236
        ],
        [
          -0.052112,
          -0.923279,
          -0.380579,
          1.435907
        ],
        [
          0.0,
          0.0,
          0.0,
          1.0
        ]
      ]
    },
    {
      "file_path": "/media/NFS/ttao/scannet/posed_images/scene0401_00/00429.jpg",
      "transform_matrix": [
        [
          0.774346,
          0.206385,
          -0.598158,
          3.920225
        ],
        [
          0.631617,
          -0.308944,
          0.711065,
          2.713533
        ],
        [
          -0.038044,
          -0.928417,
          -0.369586,
          1.43383
        ],
        [
          0.0,
          0.0,
          0.0,
          1.0
        ]
      ]
    },
    {
      "file_path": "/media/NFS/ttao/scannet/posed_images/scene0401_00/00444.jpg",
      "transform_matrix": [
        [
          0.855393,
          0.163206,
          -0.491596,
          3.95779
        ],
        [
          0.517968,
          -0.263302,
          0.813868,
          2.725682
        ],
        [
          0.00339,
          -0.950808,
          -0.309762,
          1.475038
        ],
        [
          0.0,
          0.0,
          0.0,
          1.0
        ]
      ]
    },
    {
      "file_path": "/media/NFS/ttao/scannet/posed_images/scene0401_00/00448.jpg",
      "transform_matrix": [
        [
          0.872252,
          0.153613,
          -0.464306,
          3.959635
        ],
        [
          0.489007,
          -0.26032,
          0.83253,
          2.714409
        ],
        [
          0.007019,
          -0.953224,
          -0.302182,
          1.471988
        ],
        [
          0.0,
          0.0,
          0.0,
          1.0
        ]
      ]
    },
    {
      "file_path": "/media/NFS/ttao/scannet/posed_images/scene0401_00/00458.jpg",
      "transform_matrix": [
        [
          0.909418,
          0.138169,
          -0.39226,
          3.984969
        ],
        [
          0.415442,
          -0.258384,
          0.87215,
          2.727477
        ],
        [
          0.01915,
          -0.95611,
          -0.292381,
          1.480504
        ],
        [
          0.0,
          0.0,
          0.0,
          1.0
        ]
      ]
    },
    {
      "file_path": "/media/NFS/ttao/scannet/posed_images/scene0401_00/00468.jpg",
      "transform_matrix": [
        [
          0.941208,
          0.128992,
          -0.312233,
          4.009247
        ],
        [
          0.337051,
          -0.295852,
          0.893794,
          2.769629
        ],
        [
          0.022918,
          -0.946484,
          -0.321935,
          1.47986
        ],
        [
          0.0,
          0.0,
          0.0,
          1.0
        ]
      ]
    },
    {
      "file_path": "/media/NFS/ttao/scannet/posed_images/scene0401_00/00475.jpg",
      "transform_matrix": [
        [
          0.965369,
          0.108796,
          -0.237121,
          4.041842
        ],
        [
          0.259744,
          -0.315771,
          0.912591,
          2.803746
        ],
        [
          0.02441,
          -0.942577,
          -0.333095,
          1.481261
        ],
        [
          0.0,
          0.0,
          0.0,
          1.0
        ]
      ]
    },
    {
      "file_path": "/media/NFS/ttao/scannet/posed_images/scene0401_00/00480.jpg",
      "transform_matrix": [
        [
          0.9767,
          0.094805,
          -0.192533,
          4.076627
        ],
        [
          0.2132,
          -0.325998,
          0.921016,
          2.832532
        ],
        [
          0.024551,
          -0.940605,
          -0.338615,
          1.476694
        ],
        [
          0.0,
          0.0,
          0.0,
          1.0
        ]
      ]
    },
    {
      "file_path": "/media/NFS/ttao/scannet/posed_images/scene0401_00/00492.jpg",
      "transform_matrix": [
        [
          0.991294,
          0.071827,
          -0.110349,
          4.149338
        ],
        [
          0.128977,
          -0.361195,
          0.923528,
          2.893899
        ],
        [
          0.026476,
          -0.92972,
          -0.367314,
          1.460288
        ],
        [
          0.0,
          0.0,
          0.0,
          1.0
        ]
      ]
    },
    {
      "file_path": "/media/NFS/ttao/scannet/posed_images/scene0401_00/00495.jpg",
      "transform_matrix": [
        [
          0.993977,
          0.062411,
          -0.090081,
          4.160006
        ],
        [
          0.106805,
          -0.367588,
          0.923835,
          2.902568
        ],
        [
          0.024545,
          -0.927892,
          -0.37204,
          1.458298
        ],
        [
          0.0,
          0.0,
          0.0,
          1.0
        ]
      ]
    },
    {
      "file_path": "/media/NFS/ttao/scannet/posed_images/scene0401_00/00504.jpg",
      "transform_matrix": [
        [
          0.999652,
          0.019034,
          -0.018246,
          4.248236
        ],
        [
          0.024313,
          -0.397674,
          0.917204,
          2.940292
        ],
        [
          0.010202,
          -0.917329,
          -0.397999,
          1.443951
        ],
        [
          0.0,
          0.0,
          0.0,
          1.0
        ]
      ]
    },
    {
      "file_path": "/media/NFS/ttao/scannet/posed_images/scene0401_00/00514.jpg",
      "transform_matrix": [
        [
          0.993314,
          -0.037516,
          0.109179,
          4.329918
        ],
        [
          -0.114945,
          -0.4093,
          0.90513,
          2.976926
        ],
        [
          0.01073,
          -0.911628,
          -0.410876,
          1.438751
        ],
        [
          0.0,
          0.0,
          0.0,
          1.0
        ]
      ]
    },
    {
      "file_path": "/media/NFS/ttao/scannet/posed_images/scene0401_00/00522.jpg",
      "transform_matrix": [
        [
          0.967802,
          -0.085819,
          0.236633,
          4.361735
        ],
        [
          -0.250677,
          -0.413838,
          0.875157,
          3.012225
        ],
        [
          0.022822,
          -0.906297,
          -0.422026,
          1.432161
        ],
        [
          0.0,
          0.0,
          0.0,
          1.0
        ]
      ]
    },
    {
      "file_path": "/media/NFS/ttao/scannet/posed_images/scene0401_00/00531.jpg",
      "transform_matrix": [
        [
          0.928322,
          -0.109524,
          0.355278,
          4.350061
        ],
        [
          -0.367876,
          -0.408678,
          0.835254,
          3.058892
        ],
        [
          0.053714,
          -0.906083,
          -0.419677,
          1.431448
        ],
        [
          0.0,
          0.0,
          0.0,
          1.0
        ]
      ]
    },
    {
      "file_path": "/media/NFS/ttao/scannet/posed_images/scene0401_00/00536.jpg",
      "transform_matrix": [
        [
          0.906183,
          -0.123371,
          0.404489,
          4.343495
        ],
        [
          -0.418842,
          -0.393784,
          0.818233,
          3.083401
        ],
        [
          0.058336,
          -0.910886,
          -0.408514,
          1.430692
        ],
        [
          0.0,
          0.0,
          0.0,
          1.0
        ]
      ]
    },
    {
      "file_path": "/media/NFS/ttao/scannet/posed_images/scene0401_00/00546.jpg",
      "transform_matrix": [
        [
          0.841146,
          -0.151232,
          0.519233,
          4.308108
        ],
        [
          -0.534421,
          -0.379565,
          0.755198,
          3.136481
        ],
        [
          0.082872,
          -0.912721,
          -0.400091,
          1.431769
        ],
        [
          0.0,
          0.0,
          0.0,
          1.0
        ]
      ]
    },
    {
      "file_path": "/media/NFS/ttao/scannet/posed_images/scene0401_00/00553.jpg",
      "transform_matrix": [
        [
          0.791821,
          -0.189967,
          0.580459,
          4.320833
        ],
        [
          -0.606676,
          -0.354278,
          0.71164,
          3.155765
        ],
        [
          0.070456,
          -0.915642,
          -0.395773,
          1.429363
        ],
        [
          0.0,
          0.0,
          0.0,
          1.0
        ]
      ]
    },
    {
      "file_path": "/media/NFS/ttao/scannet/posed_images/scene0401_00/00558.jpg",
      "transform_matrix": [
        [
          0.753207,
          -0.220818,
          0.619612,
          4.32653
        ],
        [
          -0.654811,
          -0.341157,
          0.674414,
          3.166245
        ],
        [
          0.062462,
          -0.913702,
          -0.401556,
          1.425857
        ],
        [
          0.0,
          0.0,
          0.0,
          1.0
        ]
      ]
    },
    {
      "file_path": "/media/NFS/ttao/scannet/posed_images/scene0401_00/00570.jpg",
      "transform_matrix": [
        [
          0.685815,
          -0.239128,
          0.687369,
          4.343256
        ],
        [
          -0.723659,
          -0.324391,
          0.60917,
          3.162427
        ],
        [
          0.077306,
          -0.915199,
          -0.395519,
          1.428374
        ],
        [
          0.0,
          0.0,
          0.0,
          1.0
        ]
      ]
    },
    {
      "file_path": "/media/NFS/ttao/scannet/posed_images/scene0401_00/00580.jpg",
      "transform_matrix": [
        [
          0.633248,
          -0.249337,
          0.732685,
          4.388899
        ],
        [
          -0.770318,
          -0.294645,
          0.565504,
          3.138495
        ],
        [
          0.074881,
          -0.922505,
          -0.378652,
          1.441143
        ],
        [
          0.0,
          0.0,
          0.0,
          1.0
        ]
      ]
    },
    {
      "file_path": "/media/NFS/ttao/scannet/posed_images/scene0401_00/00582.jpg",
      "transform_matrix": [
        [
          0.620962,
          -0.252252,
          0.742142,
          4.393628
        ],
        [
          -0.780079,
          -0.291529,
          0.553614,
          3.133648
        ],
        [
          0.076706,
          -0.922702,
          -0.377805,
          1.441722
        ],
        [
          0.0,
          0.0,
          0.0,
          1.0
        ]
      ]
    },
    {
      "file_path": "/media/NFS/ttao/scannet/posed_images/scene0401_00/00592.jpg",
      "transform_matrix": [
        [
          0.574231,
          -0.276256,
          0.770676,
          4.433316
        ],
        [
          -0.817024,
          -0.253456,
          0.517911,
          3.098145
        ],
        [
          0.052257,
          -0.927061,
          -0.37125,
          1.442604
        ],
        [
          0.0,
          0.0,
          0.0,
          1.0
        ]
      ]
    },
    {
      "file_path": "/media/NFS/ttao/scannet/posed_images/scene0401_00/00604.jpg",
      "transform_matrix": [
        [
          0.510591,
          -0.312838,
          0.800893,
          4.474567
        ],
        [
          -0.857567,
          -0.252734,
          0.448001,
          3.05101
        ],
        [
          0.062261,
          -0.915564,
          -0.397323,
          1.427055
        ],
        [
          0.0,
          0.0,
          0.0,
          1.0
        ]
      ]
    },
    {
      "file_path": "/media/NFS/ttao/scannet/posed_images/scene0401_00/00612.jpg",
      "transform_matrix": [
        [
          0.41072,
          -0.329102,
          0.850294,
          4.464917
        ],
        [
          -0.90782,
          -0.23423,
          0.347849,
          3.042275
        ],
        [
          0.084687,
          -0.914783,
          -0.394969,
          1.423757
        ],
        [
          0.0,
          0.0,
          0.0,
          1.0
        ]
      ]
    },
    {
      "file_path": "/media/NFS/ttao/scannet/posed_images/scene0401_00/00617.jpg",
      "transform_matrix": [
        [
          0.353705,
          -0.344272,
          0.869695,
          4.445123
        ],
        [
          -0.933044,
          -0.195212,
          0.302194,
          3.062232
        ],
        [
          0.065738,
          -0.918351,
          -0.390268,
          1.424303
        ],
        [
          0.0,
          0.0,
          0.0,
          1.0
        ]
      ]
    },
    {
      "file_path": "/media/NFS/ttao/scannet/posed_images/scene0401_00/00626.jpg",
      "transform_matrix": [
        [
          0.267447,
          -0.387738,
          0.882118,
          4.395106
        ],
        [
          -0.961899,
          -0.161363,
          0.220708,
          3.083825
        ],
        [
          0.056764,
          -0.907536,
          -0.416121,
