{
  "frames": [
    {
      "file_path": "/media/NFS/ttao/scannet/posed_images/scene0663_01/00007.jpg",
      "transform_matrix": [
        [
          -0.834737,
          0.251209,
          -0.490009,
          2.342572
        ],
        [
          0.550563,
          0.364978,
          -0.750781,
          2.900511
        ],
        [
          -0.00976,
          -0.896485,
          -0.442967,
          1.346921
        ],
        [
          0.0,
          0.0,
          0.0,
          1.0
        ]
      ]
    },
    {
      "file_path": "/media/NFS/ttao/scannet/posed_images/scene0663_01/00011.jpg",
      "transform_matrix": [
        [
          -0.805601,
          0.246587,
          -0.538704,
          2.356628
        ],
        [
          0.592334,
          0.316557,
          -0.740899,
          2.912328
        ],
        [
          -0.012165,
          -0.915962,
          -0.401081,
          1.335562
        ],
        [
          0.0,
          0.0,
          0.0,
          1.0
        ]
      ]
    },
    {
      "file_path": "/media/NFS/ttao/scannet/posed_images/scene0663_01/00021.jpg",
      "transform_matrix": [
        [
          -0.730699,
          0.234102,
          -0.641307,
          2.387646
        ],
        [
          0.682695,
          0.254128,
          -0.685089,
          2.902999
        ],
        [
          0.002593,
          -0.938411,
          -0.345511,
          1.349214
        ],
        [
          0.0,
          0.0,
          0.0,
          1.0
        ]
      ]
    },
    {
      "file_path": "/media/NFS/ttao/scannet/posed_images/scene0663_01/00043.jpg",
      "transform_matrix": [
        [
          -0.550182,
          0.265895,
          -0.791581,
          2.632195
        ],
        [
          0.834922,
          0.158879,
          -0.526937,
          2.65392
        ],
        [
          -0.014345,
          -0.950819,
          -0.309414,
          1.351413
        ],
        [
          0.0,
          0.0,
          0.0,
          1.0
        ]
      ]
    },
    {
      "file_path": "/media/NFS/ttao/scannet/posed_images/scene0663_01/00047.jpg",
      "transform_matrix": [
        [
          -0.556996,
          0.247877,
          -0.792661,
          2.672205
        ],
        [
          0.830458,
          0.177384,
          -0.528086,
          2.615218
        ],
        [
          0.009705,
          -0.952414,
          -0.304654,
          1.345591
        ],
        [
          0.0,
          0.0,
          0.0,
          1.0
        ]
      ]
    },
    {
      "file_path": "/media/NFS/ttao/scannet/posed_images/scene0663_01/00061.jpg",
      "transform_matrix": [
        [
          -0.665797,
          0.224505,
          -0.711556,
          2.726111
        ],
        [
          0.74279,
          0.2896,
          -0.603651,
          2.594465
        ],
        [
          0.070544,
          -0.930446,
          -0.359575,
          1.293369
        ],
        [
          0.0,
          0.0,
          0.0,
          1.0
        ]
      ]
    },
    {
      "file_path": "/media/NFS/ttao/scannet/posed_images/scene0663_01/00075.jpg",
      "transform_matrix": [
        [
          -0.713098,
          0.280425,
          -0.642536,
          2.743279
        ],
        [
          0.69971,
          0.34164,
          -0.627446,
          2.667171
        ],
        [
          0.043565,
          -0.897019,
          -0.439839,
          1.263192
        ],
        [
          0.0,
          0.0,
          0.0,
          1.0
        ]
      ]
    },
    {
      "file_path": "/media/NFS/ttao/scannet/posed_images/scene0663_01/00086.jpg",
      "transform_matrix": [
        [
          -0.681898,
          0.349538,
          -0.642524,
          2.742837
        ],
        [
          0.730668,
          0.366025,
          -0.576324,
          2.673751
        ],
        [
          0.033733,
          -0.862467,
          -0.504988,
          1.251495
        ],
        [
          0.0,
          0.0,
          0.0,
          1.0
        ]
      ]
    },
    {
      "file_path": "/media/NFS/ttao/scannet/posed_images/scene0663_01/00093.jpg",
      "transform_matrix": [
        [
          -0.687335,
          0.329988,
          -0.647054,
          2.758836
        ],
        [
          0.724645,
          0.372383,
          -0.579846,
          2.676802
        ],
        [
          0.04961,
          -0.867432,
          -0.495076,
          1.247732
        ],
        [
          0.0,
          0.0,
          0.0,
          1.0
        ]
      ]
    },
    {
      "file_path": "/media/NFS/ttao/scannet/posed_images/scene0663_01/00111.jpg",
      "transform_matrix": [
        [
          -0.507758,
          0.312617,
          -0.802778,
          3.001509
        ],
        [
          0.858983,
          0.254889,
          -0.444049,
          2.529048
        ],
        [
          0.065802,
          -0.915042,
          -0.397955,
          1.259435
        ],
        [
          0.0,
          0.0,
          0.0,
          1.0
        ]
      ]
    },
    {
      "file_path": "/media/NFS/ttao/scannet/posed_images/scene0663_01/00122.jpg",
      "transform_matrix": [
        [
          -0.449968,
          0.287988,
          -0.845335,
          3.108339
        ],
        [
          0.891027,
          0.208364,
          -0.403304,
          2.415737
        ],
        [
          0.059991,
          -0.934691,
          -0.350363,
          1.277166
        ],
        [
          0.0,
          0.0,
          0.0,
          1.0
        ]
      ]
    },
    {
      "file_path": "/media/NFS/ttao/scannet/posed_images/scene0663_01/00136.jpg",
      "transform_matrix": [
        [
          -0.385132,
          0.28531,
          -0.877651,
          3.146786
        ],
        [
          0.922686,
          0.137596,
          -0.360164,
          2.263762
        ],
        [
          0.018002,
          -0.948507,
          -0.316244,
          1.311951
        ],
        [
          0.0,
          0.0,
          0.0,
          1.0
        ]
      ]
    },
    {
      "file_path": "/media/NFS/ttao/scannet/posed_images/scene0663_01/00140.jpg",
      "transform_matrix": [
        [
          -0.361659,
          0.293629,
          -0.884864,
          3.163281
        ],
        [
          0.932173,
          0.130201,
          -0.33779,
          2.230548
        ],
        [
          0.016025,
          -0.947011,
          -0.320801,
          1.315459
        ],
        [
          0.0,
          0.0,
          0.0,
          1.0
        ]
      ]
    },
    {
      "file_path": "/media/NFS/ttao/scannet/posed_images/scene0663_01/00161.jpg",
      "transform_matrix": [
        [
          -0.428533,
          0.399517,
          -0.810399,
          3.349221
        ],
        [
          0.902413,
          0.233768,
          -0.361945,
          2.100146
        ],
        [
          0.044842,
          -0.886419,
          -0.460706,
          1.288771
        ],
        [
          0.0,
          0.0,
          0.0,
          1.0
        ]
      ]
    },
    {
      "file_path": "/media/NFS/ttao/scannet/posed_images/scene0663_01/00165.jpg",
      "transform_matrix": [
        [
          -0.441268,
          0.412055,
          -0.797178,
          3.362398
        ],
        [
          0.895788,
          0.255074,
          -0.364007,
          2.11002
        ],
        [
          0.053348,
          -0.874727,
          -0.48167,
          1.282177
        ],
        [
          0.0,
          0.0,
          0.0,
          1.0
        ]
      ]
    },
    {
      "file_path": "/media/NFS/ttao/scannet/posed_images/scene0663_01/00183.jpg",
      "transform_matrix": [
        [
          -0.538992,
          0.469076,
          -0.699611,
          3.360854
        ],
        [
          0.842013,
          0.277965,
          -0.462331,
          2.215807
        ],
        [
          -0.0224,
          -0.838274,
          -0.544789,
          1.263234
        ],
        [
          0.0,
          0.0,
          0.0,
          1.0
        ]
      ]
    },
    {
      "file_path": "/media/NFS/ttao/scannet/posed_images/scene0663_01/00197.jpg",
      "transform_matrix": [
        [
          -0.396778,
          0.54985,
          -0.735005,
          3.241209
        ],
        [
          0.917431,
          0.211571,
          -0.336983,
          2.397768
        ],
        [
          -0.029785,
          -0.808024,
          -0.588396,
          1.245143
        ],
        [
          0.0,
          0.0,
          0.0,
          1.0
        ]
      ]
    },
    {
      "file_path": "/media/NFS/ttao/scannet/posed_images/scene0663_01/00204.jpg",
      "transform_matrix": [
        [
          -0.32269,
          0.582563,
          -0.745984,
          3.191423
        ],
        [
          0.945151,
          0.156197,
          -0.286865,
          2.459642
        ],
        [
          -0.050597,
          -0.797636,
          -0.601013,
          1.256812
        ],
        [
          0.0,
          0.0,
          0.0,
          1.0
        ]
      ]
    },
    {
      "file_path": "/media/NFS/ttao/scannet/posed_images/scene0663_01/00222.jpg",
      "transform_matrix": [
        [
          -0.121087,
          0.627741,
          -0.768946,
          3.111031
        ],
        [
          0.990053,
          0.020461,
          -0.139201,
          2.529135
        ],
        [
          -0.071649,
          -0.778153,
          -0.623975,
          1.24528
        ],
        [
          0.0,
          0.0,
          0.0,
          1.0
        ]
      ]
    },
    {
      "file_path": "/media/NFS/ttao/scannet/posed_images/scene0663_01/00226.jpg",
      "transform_matrix": [
        [
          -0.08628,
          0.634913,
          -0.767751,
          3.081266
        ],
        [
          0.993498,
          -0.002618,
          -0.113815,
          2.554918
        ],
        [
          -0.074272,
          -0.772579,
          -0.630559,
          1.248254
        ],
        [
          0.0,
          0.0,
          0.0,
          1.0
        ]
      ]
    },
    {
      "file_path": "/media/NFS/ttao/scannet/posed_images/scene0663_01/00240.jpg",
      "transform_matrix": [
        [
          0.036108,
          0.557856,
          -0.829152,
          2.973994
        ],
        [
          0.997659,
          -0.068331,
          -0.002528,
          2.700252
        ],
        [
          -0.058067,
          -0.82712,
          -0.559017,
          1.239556
        ],
        [
          0.0,
          0.0,
          0.0,
          1.0
        ]
      ]
    },
    {
      "file_path": "/media/NFS/ttao/scannet/posed_images/scene0663_01/00251.jpg",
      "transform_matrix": [
        [
          0.088903,
          0.551023,
          -0.829741,
          2.909214
        ],
        [
          0.994271,
          -0.098719,
          0.040974,
          2.764159
        ],
        [
          -0.059334,
          -0.828631,
          -0.556643,
          1.261526
        ],
        [
          0.0,
          0.0,
          0.0,
          1.0
        ]
      ]
    },
    {
      "file_path": "/media/NFS/ttao/scannet/posed_images/scene0663_01/00265.jpg",
      "transform_matrix": [
        [
          0.093355,
          0.445368,
          -0.890467,
          2.846897
        ],
        [
          0.995019,
          -0.073133,
          0.067738,
          2.74744
        ],
        [
          -0.034954,
          -0.892356,
          -0.449977,
          1.24892
        ],
        [
          0.0,
          0.0,
          0.0,
          1.0
        ]
      ]
    },
    {
      "file_path": "/media/NFS/ttao/scannet/posed_images/scene0663_01/00276.jpg",
      "transform_matrix": [
        [
          0.047268,
          0.47888,
          -0.876607,
          2.811159
        ],
        [
          0.997697,
          -0.065378,
          0.018082,
          2.726215
        ],
        [
          -0.048652,
          -0.875443,
          -0.480867,
          1.154204
        ],
        [
          0.0,
          0.0,
          0.0,
          1.0
        ]
      ]
    },
    {
      "file_path": "/media/NFS/ttao/scannet/posed_images/scene0663_01/00290.jpg",
      "transform_matrix": [
        [
          0.032728,
          0.473213,
          -0.88034,
          2.832064
        ],
        [
          0.998006,
          -0.063042,
          0.003215,
          2.779781
        ],
        [
          -0.053977,
          -0.878689,
          -0.474333,
          1.060237
        ],
        [
          0.0,
          0.0,
          0.0,
          1.0
        ]
      ]
    },
    {
      "file_path": "/media/NFS/ttao/scannet/posed_images/scene0663_01/00297.jpg",
      "transform_matrix": [
        [
          0.058344,
          0.473777,
          -0.87871,
          2.832073
        ],
        [
          0.996214,
          -0.084455,
          0.02061,
          2.798116
        ],
        [
          -0.064447,
          -0.876586,
          -0.476911,
          1.02977
        ],
        [
          0.0,
          0.0,
          0.0,
          1.0
        ]
      ]
    },
    {
      "file_path": "/media/NFS/ttao/scannet/posed_images/scene0663_01/00308.jpg",
      "transform_matrix": [
        [
          0.051824,
          0.56043,
          -0.826578,
          2.830911
        ],
        [
          0.996857,
          -0.078692,
          0.009146,
          2.772285
        ],
        [
          -0.059919,
          -0.824455,
          -0.562747,
          0.998709
        ],
        [
          0.0,
          0.0,
          0.0,
          1.0
        ]
      ]
    },
    {
      "file_path": "/media/NFS/ttao/scannet/posed_images/scene0663_01/00326.jpg",
      "transform_matrix": [
        [
          0.158287,
          0.47005,
          -0.86833,
          2.7982
        ],
        [
          0.987251,
          -0.090245,
          0.131113,
          2.510715
        ],
        [
          -0.016733,
          -0.878014,
          -0.478343,
          1.066977
        ],
        [
          0.0,
          0.0,
          0.0,
          1.0
        ]
      ]
    },
    {
      "file_path": "/media/NFS/ttao/scannet/posed_images/scene0663_01/00337.jpg",
      "transform_matrix": [
        [
          0.225563,
          0.506527,
          -0.832197,
          2.780908
        ],
        [
          0.971931,
          -0.058365,
          0.227912,
          2.352136
        ],
        [
          0.066872,
          -0.860247,
          -0.505474,
          1.039716
        ],
        [
          0.0,
          0.0,
          0.0,
          1.0
        ]
      ]
    },
    {
      "file_path": "/media/NFS/ttao/scannet/posed_images/scene0663_01/00344.jpg",
      "transform_matrix": [
        [
          0.236899,
          0.502473,
          -0.831505,
          2.769054
        ],
        [
          0.9637,
          -0.013066,
          0.266667,
          2.301933
        ],
        [
          0.123128,
          -0.864494,
          -0.487328,
          1.034482
        ],
        [
          0.0,
          0.0,
          0.0,
          1.0
        ]
      ]
    },
    {
      "file_path": "/media/NFS/ttao/scannet/posed_images/scene0663_01/00365.jpg",
      "transform_matrix": [
        [
          0.184934,
          0.420098,
          -0.888435,
          2.751376
        ],
        [
          0.982749,
          -0.077547,
          0.167898,
          2.337169
        ],
        [
          0.001638,
          -0.90416,
          -0.427192,
          1.163203
        ],
        [
          0.0,
          0.0,
          0.0,
          1.0
        ]
      ]
    },
    {
      "file_path": "/media/NFS/ttao/scannet/posed_images/scene0663_01/00369.jpg",
      "transform_matrix": [
        [
          0.163105,
          0.410244,
          -0.897272,
          2.740154
        ],
        [
          0.98474,
          -0.123641,
          0.122474,
          2.384326
        ],
        [
          -0.060696,
          -0.903556,
          -0.42415,
          1.2054
        ],
        [
          0.0,
          0.0,
          0.0,
          1.0
        ]
      ]
    },
    {
      "file_path": "/media/NFS/ttao/scannet/posed_images/scene0663_01/00380.jpg",
      "transform_matrix": [
        [
          -0.07237,
          0.412238,
          -0.908198,
          2.731718
        ],
        [
          0.99363,
          -0.049065,
          -0.101449,
          2.551222
        ],
        [
          -0.086381,
          -0.909754,
          -0.406061,
          1.279665
        ],
        [
          0.0,
          0.0,
          0.0,
          1.0
        ]
      ]
    },
    {
      "file_path": "/media/NFS/ttao/scannet/posed_images/scene0663_01/00401.jpg",
      "transform_matrix": [
        [
          -0.413585,
          0.23165,
          -0.880503,
          2.850899
        ],
        [
          0.906124,
          0.010395,
          -0.422884,
          2.583685
        ],
        [
          -0.088808,
          -0.972744,
          -0.214203,
          1.411887
        ],
        [
          0.0,
          0.0,
          0.0,
          1.0
        ]
      ]
    },
    {
      "file_path": "/media/NFS/ttao/scannet/posed_images/scene0663_01/00405.jpg",
      "transform_matrix": [
        [
          -0.457696,
          0.217465,
          -0.862104,
          2.882329
        ],
        [
          0.884015,
          0.007661,
          -0.467396,
          2.583557
        ],
        [
          -0.095038,
          -0.976038,
          -0.195748,
          1.413637
        ],
        [
          0.0,
          0.0,
          0.0,
          1.0
        ]
      ]
    },
    {
      "file_path": "/media/NFS/ttao/scannet/posed_images/scene0663_01/00423.jpg",
      "transform_matrix": [
        [
          -0.574787,
          0.096913,
          -0.812544,
          2.954524
        ],
        [
          0.814907,
          -0.02258,
          -0.579152,
          2.608085
        ],
        [
          -0.074474,
          -0.995037,
          -0.065996,
          1.46159
        ],
        [
          0.0,
          0.0,
          0.0,
          1.0
        ]
      ]
    },
    {
      "file_path": "/media/NFS/ttao/scannet/posed_images/scene0663_01/00426.jpg",
      "transform_matrix": [
        [
          -0.570328,
          0.067666,
          -0.818625,
          2.955412
        ],
        [
          0.818965,
          -0.030106,
          -0.573054,
          2.611512
        ],
        [
          -0.063422,
          -0.997254,
          -0.038246,
          1.477697
        ],
        [
          0.0,
          0.0,
          0.0,
          1.0
        ]
      ]
    },
    {
      "file_path": "/media/NFS/ttao/scannet/posed_images/scene0663_01/00441.jpg",
      "transform_matrix": [
        [
          -0.551915,
          -0.012108,
          -0.833812,
          2.946378
        ],
        [
          0.83193,
          -0.076694,
          -0.549555,
          2.667763
        ],
        [
          -0.057295,
          -0.996981,
          0.052401,
          1.534626
        ],
        [
          0.0,
          0.0,
          0.0,
          1.0
        ]
      ]
    },
    {
      "file_path": "/media/NFS/ttao/scannet/posed_images/scene0663_01/00458.jpg",
      "transform_matrix": [
        [
          -0.499505,
          -0.08175,
          -0.862445,
          2.962569
        ],
        [
          0.86369,
          -0.124369,
          -0.488437,
          2.678686
        ],
        [
          -0.067332,
          -0.988863,
          0.132729,
          1.551082
        ],
        [
          0.0,
          0.0,
          0.0,
          1.0
        ]
      ]
    },
    {
      "file_path": "/media/NFS/ttao/scannet/posed_images/scene0663_01/00466.jpg",
      "transform_matrix": [
        [
          -0.490381,
          -0.113393,
          -0.8641,
          2.978235
        ],
        [
          0.868573,
          -0.144886,
          -0.473908,
          2.672299
        ],
        [
          -0.071458,
          -0.982929,
          0.169539,
          1.54844
        ],
        [
          0.0,
          0.0,
          0.0,
          1.0
        ]
      ]
    },
    {
      "file_path": "/media/NFS/ttao/scannet/posed_images/scene0663_01/00484.jpg",
      "transform_matrix": [
        [
          -0.322172,
          0.061796,
          -0.944662,
          2.932211
        ],
        [
          0.937336,
          -0.119038,
          -0.32746,
          2.639611
        ],
        [
          -0.132687,
          -0.990965,
          -0.019573,
          1.472367
        ],
        [
          0.0,
          0.0,
          0.0,
          1.0
        ]
      ]
    },
    {
      "file_path": "/media/NFS/ttao/scannet/posed_images/scene0663_01/00494.jpg",
      "transform_matrix": [
        [
          -0.187244,
          0.12375,
          -0.974487,
          2.888874
        ],
        [
          0.977308,
          -0.076554,
          -0.197507,
          2.659948
        ],
        [
          -0.099043,
          -0.989356,
          -0.106608,
          1.4469
        ],
        [
          0.0,
          0.0,
          0.0,
          1.0
        ]
      ]
    },
    {
      "file_path": "/media/NFS/ttao/scannet/posed_images/scene0663_01/00498.jpg",
      "transform_matrix": [
        [
          -0.137341,
          0.142923,
          -0.980158,
          2.874221
        ],
        [
          0.985691,
          -0.077905,
          -0.149476,
          2.665838
        ],
        [
          -0.097723,
          -0.986663,
          -0.130179,
          1.438861
        ],
        [
          0.0,
          0.0,
          0.0,
          1.0
        ]
      ]
    },
    {
      "file_path": "/media/NFS/ttao/scannet/posed_images/scene0663_01/00516.jpg",
      "transform_matrix": [
        [
          0.01527,
          0.275183,
          -0.961271,
          2.751693
        ],
        [
          0.995395,
          -0.095177,
          -0.011434,
          2.822845
        ],
        [
          -0.094637,
          -0.956669,
          -0.275369,
          1.357494
        ],
        [
          0.0,
          0.0,
          0.0,
          1.0
        ]
      ]
    },
    {
      "file_path": "/media/NFS/ttao/scannet/posed_images/scene0663_01/00530.jpg",
      "transform_matrix": [
        [
          0.14145,
          0.390913,
          -0.909494,
          2.705616
        ],
        [
          0.988386,
          -0.107324,
          0.10759,
          2.826509
        ],
        [
          -0.055552,
          -0.914149,
          -0.401554,
          1.295853
        ],
        [
          0.0,
          0.0,
          0.0,
          1.0
        ]
      ]
    },
    {
      "file_path": "/media/NFS/ttao/scannet/posed_images/scene0663_01/00541.jpg",
      "transform_matrix": [
        [
          0.222133,
          0.422933,
          -0.878513,
          2.718488
        ],
        [
          0.974173,
          -0.13374,
          0.181935,
          2.770036
        ],
        [
          -0.040546,
          -0.896238,
          -0.441718,
          1.277778
        ],
        [
          0.0,
          0.0,
          0.0,
          1.0
        ]
      ]
    },
    {
      "file_path": "/media/NFS/ttao/scannet/posed_images/scene0663_01/00552.jpg",
      "transform_matrix": [
        [
          0.390643,
          0.373609,
          -0.841317,
          2.782043
        ],
        [
          0.920417,
          -0.173619,
          0.350271,
          2.604136
        ],
        [
          -0.015204,
          -0.911193,
          -0.411699,
          1.279588
        ],
        [
          0.0,
          0.0,
          0.0,
          1.0
        ]
      ]
    },
    {
      "file_path": "/media/NFS/ttao/scannet/posed_images/scene0663_01/00559.jpg",
      "transform_matrix": [
        [
          0.492129,
          0.359074,
          -0.793016,
          2.826136
        ],
        [
          0.870337,
          -0.221726,
          0.439716,
          2.519136
        ],
        [
          -0.017942,
          -0.906589,
          -0.421634,
          1.290692
        ],
        [
          0.0,
          0.0,
          0.0,
          1.0
        ]
      ]
    },
    {
      "file_path": "/media/NFS/ttao/scannet/posed_images/scene0663_01/00577.jpg",
      "transform_matrix": [
        [
          0.579912,
          0.41775,
          -0.699419,
          2.950466
        ],
        [
          0.814666,
          -0.30223,
          0.494951,
          2.500114
        ],
        [
          -0.00462,
          -0.856821,
          -0.515594,
          1.217432
        ],
        [
          0.0,
          0.0,
          0.0,
          1.0
        ]
      ]
    },
    {
      "file_path": "/media/NFS/ttao/scannet/posed_images/scene0663_01/00591.jpg",
      "transform_matrix": [
        [
          0.647292,
          0.422276,
          -0.634583,
          2.987929
        ],
        [
          0.76219,
          -0.368323,
          0.532358,
          2.48762
        ],
        [
          -0.008929,
          -0.828264,
          -0.560267,
          1.21524
        ],
        [
          0.0,
          0.0,
          0.0,
          1.0
        ]
      ]
    },
    {
      "file_path": "/media/NFS/ttao/scannet/posed_images/scene0663_01/00598.jpg",
      "transform_matrix": [
        [
          0.684518,
          0.380367,
          -0.621897,
          2.969606
        ],
        [
          0.728569,
          -0.38613,
          0.565766,
          2.447294
        ],
        [
          -0.024934,
          -0.840372,
          -0.541436,
          1.230576
        ],
        [
          0.0,
          0.0,
          0.0,
          1.0
        ]
      ]
    },
    {
      "file_path": "/media/NFS/ttao/scannet/posed_images/scene0663_01/00613.jpg",
      "transform_matrix": [
        [
          0.813806,
          0.283719,
          -0.507171,
          2.918843
        ],
        [
          0.581136,
          -0.397939,
          0.709877,
          2.393699
        ],
        [
          -0.000418,
          -0.872438,
          -0.488724,
          1.251864
        ],
        [
          0.0,
          0.0,
          0.0,
          1.0
        ]
      ]
    },
    {
      "file_path": "/media/NFS/ttao/scannet/posed_images/scene0663_01/00623.jpg",
      "transform_matrix": [
        [
          0.816693,
          0.257763,
          -0.516305,
          2.894025
        ],
        [
          0.577051,
          -0.372489,
          0.726818,
          2.443471
        ],
        [
          -0.004971,
          -0.891522,
          -0.452951,
          1.263573
        ],
        [
          0.0,
          0.0,
          0.0,
          1.0
        ]
      ]
    },
    {
      "file_path": "/media/NFS/ttao/scannet/posed_images/scene0663_01/00634.jpg",
      "transform_matrix": [
        [
          0.767998,
          0.260011,
          -0.585298,
          2.881385
        ],
        [
          0.64007,
          -0.34319,
          0.687409,
          2.593942
        ],
        [
          -0.022134,
          -0.90256,
          -0.429995,
          1.272635
        ],
        [
          0.0,
          0.0,
          0.0,
          1.0
        ]
      ]
    },
    {
      "file_path": "/media/NFS/ttao/scannet/posed_images/scene0663_01/00648.jpg",
      "transform_matrix": [
        [
          0.708269,
          0.284176,
          -0.646219,
          2.826631
        ],
        [
          0.705594,
          -0.313742,
          0.635376,
          2.743459
        ],
        [
          -0.022187,
          -0.905985,
          -0.422727,
          1.282809
        ],
        [
          0.0,
          0.0,
          0.0,
          1.0
        ]
      ]
    },
    {
      "file_path": "/media/NFS/ttao/scannet/posed_images/scene0663_01/00663.jpg",
      "transform_matrix": [
        [
          0.789916,
          0.231116,
          -0.567995,
          2.708546
        ],
        [
          0.61305,
          -0.319165,
          0.722706,
          2.839625
        ],
        [
          -0.014255,
          -0.919086,
          -0.393799,
          1.270889
        ],
        [
          0.0,
          0.0,
          0.0,
          1.0
        ]
      ]
    },
    {
      "file_path": "/media/NFS/ttao/scannet/posed_images/scene0663_01/00666.jpg",
      "transform_matrix": [
        [
          0.800173,
          0.232851,
          -0.552724,
          2.687849
        ],
        [
          0.599667,
          -0.327638,
          0.730105,
          2.865332
        ],
        [
          -0.011088,
          -0.91566,
          -0.4018,
          1.273836
        ],
        [
          0.0,
          0.0,
          0.0,
          1.0
        ]
      ]
    },
    {
      "file_path": "/media/NFS/ttao/scannet/posed_images/scene0663_01/00688.jpg",
      "transform_matrix": [
        [
          0.815442,
          0.154903,
          -0.557727,
          2.564172
        ],
        [
          0.574992,
          -0.327665,
          0.749679,
          3.112903
        ],
        [
          -0.06662,
          -0.932009,
          -0.35626,
          1.297252
        ],
        [
          0.0,
          0.0,
          0.0,
          1.0
        ]
      ]
    },
    {
      "file_path": "/media/NFS/ttao/scannet/posed_images/scene0663_01/00691.jpg",
      "transform_matrix": [
        [
          0.812015,
          0.165869,
          -0.55957,
          2.551015
        ],
        [
          0.580521,
          -0.328474,
          0.74505,
          3.150359
        ],
        [
          -0.060223,
          -0.929835,
          -0.363016,
          1.293072
        ],
        [
          0.0,
          0.0,
          0.0,
          1.0
        ]
      ]
    },
    {
      "file_path": "/media/NFS/ttao/scannet/posed_images/scene0663_01/00702.jpg",
      "transform_matrix": [
        [
          0.783152,
          0.213694,
          -0.583959,
          2.471273
        ],
        [
          0.62088,
          -0.320605,
          0.715346,
          3.240685
        ],
        [
          -0.034355,
          -0.922793,
          -0.383761,
          1.282828
        ],
        [
          0.0,
          0.0,
          0.0,
          1.0
        ]
      ]
    },
    {
      "file_path": "/media/NFS/ttao/scannet/posed_images/scene0663_01/00713.jpg",
      "transform_matrix": [
        [
          0.786868,
          0.217735,
          -0.577435,
          2.373623
        ],
        [
          0.61663,
          -0.314738,
          0.7216,
          3.309144
        ],
        [
          -0.024623,
          -0.923868,
          -0.381919,
          1.27755
        ],
        [
          0.0,
          0.0,
          0.0,
          1.0
        ]
      ]
    },
    {
      "file_path": "/media/NFS/ttao/scannet/posed_images/scene0663_01/00734.jpg",
      "transform_matrix": [
        [
          0.559071,
          0.284292,
          -0.778857,
          2.257701
        ],
        [
          0.827931,
          -0.241714,
          0.506068,
          3.4762
        ],
        [
          -0.044389,
          -0.927767,
          -0.37051,
          1.27778
        ],
        [
          0.0,
          0.0,
          0.0,
          1.0
        ]
      ]
    },
    {
      "file_path": "/media/NFS/ttao/scannet/posed_images/scene0663_01/00738.jpg",
      "transform_matrix": [
        [
          0.535524,
          0.275598,
          -0.798285,
          2.2286
        ],
        [
          0.842598,
          -0.238094,
          0.483052,
          3.571723
        ],
        [
          -0.056938,
          -0.93132,
          -0.359723,
          1.268354
        ],
        [
          0.0,
          0.0,
          0.0,
          1.0
        ]
      ]
    },
    {
      "file_path": "/media/NFS/ttao/scannet/posed_images/scene0663_01/00752.jpg",
      "transform_matrix": [
        [
          0.560344,
          0.429555,
          -0.708165,
          2.141537
        ],
        [
          0.827322,
          -0.249594,
          0.503231,
          3.801594
        ],
        [
          0.039411,
          -0.867862,
          -0.495239,
          1.290273
        ],
        [
          0.0,
          0.0,
          0.0,
          1.0
        ]
      ]
    },
    {
      "file_path": "/media/NFS/ttao/scannet/posed_images/scene0663_01/00763.jpg",
      "transform_matrix": [
        [
          0.535121,
          0.408785,
          -0.739284,
          2.109848
        ],
        [
          0.844592,
          -0.240644,
          0.478283,
          3.823706
        ],
        [
          0.01761,
          -0.880332,
          -0.47403,
          1.281625
        ],
        [
          0.0,
          0.0,
          0.0,
          1.0
        ]
      ]
    },
    {
      "file_path": "/media/NFS/ttao/scannet/posed_images/scene0663_01/00781.jpg",
      "transform_matrix": [
        [
          0.185379,
          0.543854,
          -0.818448,
          2.137038
        ],
        [
          0.982084,
          -0.073849,
          0.17337,
          3.855927
        ],
        [
          0.033847,
          -0.835924,
          -0.547801,
          1.247395
        ],
        [
          0.0,
          0.0,
          0.0,
          1.0
        ]
      ]
    },
    {
      "file_path": "/media/NFS/ttao/scannet/posed_images/scene0663_01/00795.jpg",
      "transform_matrix": [
        [
          -0.105514,
          0.494889,
          -0.862527,
          2.23102
        ],
        [
          0.994251,
          0.068372,
          -0.082398,
          3.993291
        ],
        [
          0.018195,
          -0.866262,
          -0.499258,
          1.315555
        ],
        [
          0.0,
          0.0,
          0.0,
          1.0
        ]
      ]
    },
    {
      "file_path": "/media/NFS/ttao/scannet/posed_images/scene0663_01/00802.jpg",
      "transform_matrix": [
        [
          -0.213113,
          0.478334,
          -0.851927,
          2.249336
        ],
        [
          0.976983,
          0.112626,
          -0.18116,
          3.976228
        ],
        [
          0.009295,
          -0.870926,
          -0.491326,
          1.333467
        ],
        [
          0.0,
          0.0,
          0.0,
          1.0
        ]
      ]
    },
    {
      "file_path": "/media/NFS/ttao/scannet/posed_images/scene0663_01/00817.jpg",
      "transform_matrix": [
        [
          -0.304838,
          0.361323,
          -0.881203,
          2.310705
        ],
        [
          0.951939,
          0.144519,
          -0.270049,
          3.889112
        ],
        [
          0.029776,
          -0.921173,
          -0.388012,
          1.365716
        ],
        [
          0.0,
          0.0,
          0.0,
          1.0
        ]
      ]
    },
    {
      "file_path": "/media/NFS/ttao/scannet/posed_images/scene0663_01/00820.jpg",
      "transform_matrix": [
        [
          -0.300036,
          0.348134,
          -0.888133,
          2.321822
        ],
        [
          0.953563,
          0.1352,
          -0.269144,
          3.887472
        ],
        [
          0.026378,
          -0.927644,
          -0.372533,
          1.377135
        ],
        [
          0.0,
          0.0,
          0.0,
          1.0
        ]
      ]
    },
    {
      "file_path": "/media/NFS/ttao/scannet/posed_images/scene0663_01/00838.jpg",
      "transform_matrix": [
        [
          -0.178596,
          0.249565,
          -0.951746,
          2.358821
        ],
        [
          0.983862,
          0.055984,
          -0.169942,
          3.91335
        ],
        [
          0.010871,
          -0.966738,
          -0.255536,
          1.441806
        ],
        [
          0.0,
          0.0,
          0.0,
          1.0
        ]
      ]
    },
    {
      "file_path": "/media/NFS/ttao/scannet/posed_images/scene0663_01/00853.jpg",
      "transform_matrix": [
        [
          -0.056064,
          0.201709,
          -0.97784,
          2.34889
        ],
        [
          0.998426,
          0.010071,
          -0.055166,
          3.972785
        ],
        [
          -0.001279,
          -0.979394,
          -0.201956,
          1.443358
        ],
        [
          0.0,
          0.0,
          0.0,
          1.0
        ]
      ]
    },
    {
      "file_path": "/media/NFS/ttao/scannet/posed_images/scene0663_01/00860.jpg",
      "transform_matrix": [
        [
          -0.039031,
          0.155484,
          -0.987067,
          2.353212
        ],
        [
          0.999227,
          0.010658,
          -0.037833,
          3.983537
        ],
        [
          0.004638,
          -0.987781,
          -0.15578,
          1.451903
        ],
        [
          0.0,
          0.0,
          0.0,
          1.0
        ]
      ]
    },
    {
      "file_path": "/media/NFS/ttao/scannet/posed_images/scene0663_01/00870.jpg",
      "transform_matrix": [
        [
          -0.031495,
          0.075987,
          -0.996611,
          2.366428
        ],
        [
          0.999262,
          0.024339,
          -0.029723,
          3.992158
        ],
        [
          0.021998,
          -0.996812,
          -0.076698,
          1.484027
        ],
        [
          0.0,
          0.0,
          0.0,
          1.0
        ]
      ]
    },
    {
      "file_path": "/media/NFS/ttao/scannet/posed_images/scene0663_01/00885.jpg",
      "transform_matrix": [
        [
          -0.055326,
          -0.026206,
          -0.998124,
          2.398967
        ],
        [
          0.997273,
          0.047447,
          -0.056525,
          3.988073
        ],
        [
          0.04884,
          -0.99853,
          0.02351,
          1.503273
        ],
        [
          0.0,
          0.0,
          0.0,
          1.0
        ]
      ]
    },
    {
      "file_path": "/media/NFS/ttao/scannet/posed_images/scene0663_01/00892.jpg",
      "transform_matrix": [
        [
          -0.056824,
          -0.053613,
          -0.996944,
          2.406609
        ],
        [
          0.997549,
          0.037798,
          -0.058891,
          3.993369
        ],
        [
          0.040839,
          -0.997846,
          0.051334,
          1.497532
        ],
        [
          0.0,
          0.0,
          0.0,
          1.0
        ]
      ]
    },
    {
      "file_path": "/media/NFS/ttao/scannet/posed_images/scene0663_01/00906.jpg",
      "transform_matrix": [
        [
          -0.059306,
          -0.148458,
          -0.987139,
          2.429568
        ],
        [
          0.997876,
          0.01786,
          -0.062638,
          3.998625
        ],
        [
          0.026929,
          -0.988757,
          0.147083,
          1.497677
        ],
        [
          0.0,
          0.0,
          0.0,
          1.0
        ]
      ]
    },
    {
      "file_path": "/media/NFS/ttao/scannet/posed_images/scene0663_01/00924.jpg",
      "transform_matrix": [
        [
          0.063878,
          -0.009969,
          -0.997908,
          2.387907
        ],
        [
          0.997917,
          -0.008414,
          0.063963,
          3.99918
        ],
        [
          -0.009034,
          -0.999915,
          0.009411,
