{
  "frames": [
    {
      "file_path": "/media/NFS/ttao/scannet/posed_images/scene0153_01/00000.jpg",
      "transform_matrix": [
        [
          -0.973011,
          -0.064043,
          0.221693,
          1.913437
        ],
        [
          -0.230094,
          0.342058,
          -0.911072,
          3.613979
        ],
        [
          -0.017484,
          -0.937494,
          -0.347562,
          1.347365
        ],
        [
          0.0,
          0.0,
          0.0,
          1.0
        ]
      ]
    },
    {
      "file_path": "/media/NFS/ttao/scannet/posed_images/scene0153_01/00003.jpg",
      "transform_matrix": [
        [
          -0.974435,
          -0.06883,
          0.213868,
          1.915835
        ],
        [
          -0.224377,
          0.346847,
          -0.910688,
          3.615041
        ],
        [
          -0.011497,
          -0.935393,
          -0.353423,
          1.345746
        ],
        [
          0.0,
          0.0,
          0.0,
          1.0
        ]
      ]
    },
    {
      "file_path": "/media/NFS/ttao/scannet/posed_images/scene0153_01/00006.jpg",
      "transform_matrix": [
        [
          -0.974513,
          -0.070625,
          0.212924,
          1.915324
        ],
        [
          -0.224061,
          0.352987,
          -0.908404,
          3.613899
        ],
        [
          -0.011003,
          -0.932959,
          -0.359814,
          1.344198
        ],
        [
          0.0,
          0.0,
          0.0,
          1.0
        ]
      ]
    },
    {
      "file_path": "/media/NFS/ttao/scannet/posed_images/scene0153_01/00007.jpg",
      "transform_matrix": [
        [
          -0.974588,
          -0.071021,
          0.212448,
          1.915175
        ],
        [
          -0.223731,
          0.355538,
          -0.90749,
          3.613381
        ],
        [
          -0.011083,
          -0.93196,
          -0.362393,
          1.344462
        ],
        [
          0.0,
          0.0,
          0.0,
          1.0
        ]
      ]
    },
    {
      "file_path": "/media/NFS/ttao/scannet/posed_images/scene0153_01/00011.jpg",
      "transform_matrix": [
        [
          -0.9773,
          -0.068556,
          0.20046,
          1.914744
        ],
        [
          -0.211575,
          0.364807,
          -0.906726,
          3.607254
        ],
        [
          -0.010967,
          -0.928556,
          -0.37103,
          1.344274
        ],
        [
          0.0,
          0.0,
          0.0,
          1.0
        ]
      ]
    },
    {
      "file_path": "/media/NFS/ttao/scannet/posed_images/scene0153_01/00012.jpg",
      "transform_matrix": [
        [
          -0.977405,
          -0.068607,
          0.199933,
          1.914417
        ],
        [
          -0.211111,
          0.364223,
          -0.907069,
          3.605577
        ],
        [
          -0.010589,
          -0.928781,
          -0.370477,
          1.344959
        ],
        [
          0.0,
          0.0,
          0.0,
          1.0
        ]
      ]
    },
    {
      "file_path": "/media/NFS/ttao/scannet/posed_images/scene0153_01/00014.jpg",
      "transform_matrix": [
        [
          -0.977858,
          -0.070506,
          0.197034,
          1.913971
        ],
        [
          -0.20917,
          0.358303,
          -0.909872,
          3.604143
        ],
        [
          -0.006446,
          -0.930939,
          -0.365117,
          1.347405
        ],
        [
          0.0,
          0.0,
          0.0,
          1.0
        ]
      ]
    },
    {
      "file_path": "/media/NFS/ttao/scannet/posed_images/scene0153_01/00017.jpg",
      "transform_matrix": [
        [
          -0.97962,
          -0.065592,
          0.189846,
          1.911862
        ],
        [
          -0.200825,
          0.337136,
          -0.919787,
          3.603895
        ],
        [
          -0.003673,
          -0.939168,
          -0.343438,
          1.351893
        ],
        [
          0.0,
          0.0,
          0.0,
          1.0
        ]
      ]
    },
    {
      "file_path": "/media/NFS/ttao/scannet/posed_images/scene0153_01/00019.jpg",
      "transform_matrix": [
        [
          -0.980267,
          -0.06093,
          0.188056,
          1.908808
        ],
        [
          -0.197666,
          0.313628,
          -0.928744,
          3.601587
        ],
        [
          -0.002391,
          -0.947589,
          -0.319483,
          1.362513
        ],
        [
          0.0,
          0.0,
          0.0,
          1.0
        ]
      ]
    },
    {
      "file_path": "/media/NFS/ttao/scannet/posed_images/scene0153_01/00023.jpg",
      "transform_matrix": [
        [
          -0.98347,
          -0.054914,
          0.172545,
          1.907772
        ],
        [
          -0.181069,
          0.291881,
          -0.939159,
          3.599151
        ],
        [
          0.001211,
          -0.954877,
          -0.296999,
          1.370823
        ],
        [
          0.0,
          0.0,
          0.0,
          1.0
        ]
      ]
    },
    {
      "file_path": "/media/NFS/ttao/scannet/posed_images/scene0153_01/00024.jpg",
      "transform_matrix": [
        [
          -0.984331,
          -0.053543,
          0.168007,
          1.906242
        ],
        [
          -0.176331,
          0.294502,
          -0.939242,
          3.597797
        ],
        [
          0.000812,
          -0.95415,
          -0.299328,
          1.370572
        ],
        [
          0.0,
          0.0,
          0.0,
          1.0
        ]
      ]
    },
    {
      "file_path": "/media/NFS/ttao/scannet/posed_images/scene0153_01/00028.jpg",
      "transform_matrix": [
        [
          -0.992408,
          -0.046415,
          0.1139,
          1.893184
        ],
        [
          -0.122904,
          0.338769,
          -0.932808,
          3.585251
        ],
        [
          0.004711,
          -0.939724,
          -0.341901,
          1.358811
        ],
        [
          0.0,
          0.0,
          0.0,
          1.0
        ]
      ]
    },
    {
      "file_path": "/media/NFS/ttao/scannet/posed_images/scene0153_01/00029.jpg",
      "transform_matrix": [
        [
          -0.994454,
          -0.041862,
          0.096485,
          1.890023
        ],
        [
          -0.105048,
          0.350252,
          -0.930746,
          3.581336
        ],
        [
          0.005169,
          -0.935719,
          -0.352707,
          1.354873
        ],
        [
          0.0,
          0.0,
          0.0,
          1.0
        ]
      ]
    },
    {
      "file_path": "/media/NFS/ttao/scannet/posed_images/scene0153_01/00032.jpg",
      "transform_matrix": [
        [
          -0.999086,
          -0.01059,
          0.041422,
          1.877882
        ],
        [
          -0.042307,
          0.384707,
          -0.922068,
          3.565708
        ],
        [
          -0.00617,
          -0.922978,
          -0.384803,
          1.346127
        ],
        [
          0.0,
          0.0,
          0.0,
          1.0
        ]
      ]
    },
    {
      "file_path": "/media/NFS/ttao/scannet/posed_images/scene0153_01/00033.jpg",
      "transform_matrix": [
        [
          -0.999494,
          -0.002908,
          0.031673,
          1.87466
        ],
        [
          -0.030287,
          0.391069,
          -0.919863,
          3.563382
        ],
        [
          -0.009712,
          -0.920357,
          -0.390959,
          1.343953
        ],
        [
          0.0,
          0.0,
          0.0,
          1.0
        ]
      ]
    },
    {
      "file_path": "/media/NFS/ttao/scannet/posed_images/scene0153_01/00037.jpg",
      "transform_matrix": [
        [
          -0.999776,
          0.017477,
          -0.011899,
          1.865411
        ],
        [
          0.018234,
          0.427847,
          -0.903667,
          3.552564
        ],
        [
          -0.010702,
          -0.903682,
          -0.42807,
          1.332351
        ],
        [
          0.0,
          0.0,
          0.0,
          1.0
        ]
      ]
    },
    {
      "file_path": "/media/NFS/ttao/scannet/posed_images/scene0153_01/00040.jpg",
      "transform_matrix": [
        [
          -0.998247,
          0.031582,
          -0.050062,
          1.846344
        ],
        [
          0.058962,
          0.456085,
          -0.887981,
          3.540188
        ],
        [
          -0.005211,
          -0.889376,
          -0.457147,
          1.31947
        ],
        [
          0.0,
          0.0,
          0.0,
          1.0
        ]
      ]
    },
    {
      "file_path": "/media/NFS/ttao/scannet/posed_images/scene0153_01/00041.jpg",
      "transform_matrix": [
        [
          -0.997623,
          0.035274,
          -0.059191,
          1.846304
        ],
        [
          0.068792,
          0.460974,
          -0.884743,
          3.537289
        ],
        [
          -0.003923,
          -0.886712,
          -0.462305,
          1.317327
        ],
        [
          0.0,
          0.0,
          0.0,
          1.0
        ]
      ]
    },
    {
      "file_path": "/media/NFS/ttao/scannet/posed_images/scene0153_01/00044.jpg",
      "transform_matrix": [
        [
          -0.996033,
          0.045291,
          -0.076592,
          1.842614
        ],
        [
          0.088917,
          0.473963,
          -0.876044,
          3.530098
        ],
        [
          -0.003375,
          -0.879379,
          -0.47611,
          1.312456
        ],
        [
          0.0,
          0.0,
          0.0,
          1.0
        ]
      ]
    },
    {
      "file_path": "/media/NFS/ttao/scannet/posed_images/scene0153_01/00046.jpg",
      "transform_matrix": [
        [
          -0.994585,
          0.052992,
          -0.089397,
          1.838318
        ],
        [
          0.103898,
          0.488151,
          -0.866553,
          3.522645
        ],
        [
          -0.002281,
          -0.871149,
          -0.491014,
          1.307812
        ],
        [
          0.0,
          0.0,
          0.0,
          1.0
        ]
      ]
    },
    {
      "file_path": "/media/NFS/ttao/scannet/posed_images/scene0153_01/00048.jpg",
      "transform_matrix": [
        [
          -0.993693,
          0.056473,
          -0.096876,
          1.833318
        ],
        [
          0.112131,
          0.49381,
          -0.86231,
          3.519033
        ],
        [
          -0.000859,
          -0.867734,
          -0.497028,
          1.301154
        ],
        [
          0.0,
          0.0,
          0.0,
          1.0
        ]
      ]
    },
    {
      "file_path": "/media/NFS/ttao/scannet/posed_images/scene0153_01/00051.jpg",
      "transform_matrix": [
        [
          -0.98965,
          0.062495,
          -0.129177,
          1.829788
        ],
        [
          0.143034,
          0.502147,
          -0.852872,
          3.504967
        ],
        [
          0.011566,
          -0.862521,
          -0.505888,
          1.297558
        ],
        [
          0.0,
          0.0,
          0.0,
          1.0
        ]
      ]
    },
    {
      "file_path": "/media/NFS/ttao/scannet/posed_images/scene0153_01/00054.jpg",
      "transform_matrix": [
        [
          -0.980669,
          0.076045,
          -0.18029,
          1.828758
        ],
        [
          0.194154,
          0.492693,
          -0.848267,
          3.492906
        ],
        [
          0.024321,
          -0.866874,
          -0.497934,
          1.297248
        ],
        [
          0.0,
          0.0,
          0.0,
          1.0
        ]
      ]
    },
    {
      "file_path": "/media/NFS/ttao/scannet/posed_images/scene0153_01/00055.jpg",
      "transform_matrix": [
        [
          -0.97702,
          0.082486,
          -0.196538,
          1.829139
        ],
        [
          0.211458,
          0.490931,
          -0.845146,
          3.489546
        ],
        [
          0.026774,
          -0.867285,
          -0.497092,
          1.297321
        ],
        [
          0.0,
          0.0,
          0.0,
          1.0
        ]
      ]
    },
    {
      "file_path": "/media/NFS/ttao/scannet/posed_images/scene0153_01/00058.jpg",
      "transform_matrix": [
        [
          -0.962444,
          0.102643,
          -0.25133,
          1.83379
        ],
        [
          0.269437,
          0.474542,
          -0.837982,
          3.478649
        ],
        [
          0.033253,
          -0.874228,
          -0.484376,
          1.2983
        ],
        [
          0.0,
          0.0,
          0.0,
          1.0
        ]
      ]
    },
    {
      "file_path": "/media/NFS/ttao/scannet/posed_images/scene0153_01/00061.jpg",
      "transform_matrix": [
        [
          -0.939946,
          0.119942,
          -0.319555,
          1.848373
        ],
        [
          0.33873,
          0.442978,
          -0.83008,
          3.459074
        ],
        [
          0.041994,
          -0.888473,
          -0.457004,
          1.30577
        ],
        [
          0.0,
          0.0,
          0.0,
          1.0
        ]
      ]
    },
    {
      "file_path": "/media/NFS/ttao/scannet/posed_images/scene0153_01/00064.jpg",
      "transform_matrix": [
        [
          -0.922365,
          0.138867,
          -0.360498,
          1.865061
        ],
        [
          0.384496,
          0.420552,
          -0.821765,
          3.44716
        ],
        [
          0.037492,
          -0.896578,
          -0.441297,
          1.31597
        ],
        [
          0.0,
          0.0,
          0.0,
          1.0
        ]
      ]
    },
    {
      "file_path": "/media/NFS/ttao/scannet/posed_images/scene0153_01/00066.jpg",
      "transform_matrix": [
        [
          -0.907083,
          0.155459,
          -0.391195,
          1.891324
        ],
        [
          0.420133,
          0.392311,
          -0.818279,
          3.435925
        ],
        [
          0.026261,
          -0.9066,
          -0.421172,
          1.326644
        ],
        [
          0.0,
          0.0,
          0.0,
          1.0
        ]
      ]
    },
    {
      "file_path": "/media/NFS/ttao/scannet/posed_images/scene0153_01/00067.jpg",
      "transform_matrix": [
        [
          -0.902522,
          0.160903,
          -0.399455,
          1.901405
        ],
        [
          0.430054,
          0.385274,
          -0.816466,
          3.430201
        ],
        [
          0.022527,
          -0.908666,
          -0.416915,
          1.329742
        ],
        [
          0.0,
          0.0,
          0.0,
          1.0
        ]
      ]
    },
    {
      "file_path": "/media/NFS/ttao/scannet/posed_images/scene0153_01/00070.jpg",
      "transform_matrix": [
        [
          -0.885345,
          0.163592,
          -0.435204,
          1.937015
        ],
        [
          0.464591,
          0.34727,
          -0.814591,
          3.412621
        ],
        [
          0.017873,
          -0.923386,
          -0.383457,
          1.342231
        ],
        [
          0.0,
          0.0,
          0.0,
          1.0
        ]
      ]
    },
    {
      "file_path": "/media/NFS/ttao/scannet/posed_images/scene0153_01/00073.jpg",
      "transform_matrix": [
        [
          -0.857533,
          0.1536,
          -0.490963,
          1.964458
        ],
        [
          0.51335,
          0.317293,
          -0.797369,
          3.397408
        ],
        [
          0.033303,
          -0.935806,
          -0.35094,
          1.358108
        ],
        [
          0.0,
          0.0,
          0.0,
          1.0
        ]
      ]
    },
    {
      "file_path": "/media/NFS/ttao/scannet/posed_images/scene0153_01/00074.jpg",
      "transform_matrix": [
        [
          -0.852948,
          0.150438,
          -0.499848,
          1.966882
        ],
        [
          0.520847,
          0.308775,
          -0.795849,
          3.399094
        ],
        [
          0.034614,
          -0.939163,
          -0.341724,
          1.358736
        ],
        [
          0.0,
          0.0,
          0.0,
          1.0
        ]
      ]
    },
    {
      "file_path": "/media/NFS/ttao/scannet/posed_images/scene0153_01/00078.jpg",
      "transform_matrix": [
        [
          -0.838842,
          0.127157,
          -0.529315,
          1.986121
        ],
        [
          0.541898,
          0.287688,
          -0.789672,
          3.393682
        ],
        [
          0.051866,
          -0.949245,
          -0.310231,
          1.367388
        ],
        [
          0.0,
          0.0,
          0.0,
          1.0
        ]
      ]
    },
    {
      "file_path": "/media/NFS/ttao/scannet/posed_images/scene0153_01/00080.jpg",
      "transform_matrix": [
        [
          -0.837303,
          0.123698,
          -0.532562,
          1.98408
        ],
        [
          0.544071,
          0.28462,
          -0.78929,
          3.397062
        ],
        [
          0.053945,
          -0.950626,
          -0.305613,
          1.366524
        ],
        [
          0.0,
          0.0,
          0.0,
          1.0
        ]
      ]
    },
    {
      "file_path": "/media/NFS/ttao/scannet/posed_images/scene0153_01/00082.jpg",
      "transform_matrix": [
        [
          -0.836377,
          0.122516,
          -0.534287,
          1.987085
        ],
        [
          0.54533,
          0.284777,
          -0.788363,
          3.395723
        ],
        [
          0.055565,
          -0.950732,
          -0.304993,
          1.366361
        ],
        [
          0.0,
          0.0,
          0.0,
          1.0
        ]
      ]
    },
    {
      "file_path": "/media/NFS/ttao/scannet/posed_images/scene0153_01/00084.jpg",
      "transform_matrix": [
        [
          -0.833646,
          0.128973,
          -0.53703,
          1.986231
        ],
        [
          0.54989,
          0.284555,
          -0.78527,
          3.394809
        ],
        [
          0.051536,
          -0.949944,
          -0.308139,
          1.365284
        ],
        [
          0.0,
          0.0,
          0.0,
          1.0
        ]
      ]
    },
    {
      "file_path": "/media/NFS/ttao/scannet/posed_images/scene0153_01/00087.jpg",
      "transform_matrix": [
        [
          -0.831849,
          0.165658,
          -0.529703,
          1.97851
        ],
        [
          0.554214,
          0.298775,
          -0.776904,
          3.39602
        ],
        [
          0.029561,
          -0.939835,
          -0.340346,
          1.350422
        ],
        [
          0.0,
          0.0,
          0.0,
          1.0
        ]
      ]
    },
    {
      "file_path": "/media/NFS/ttao/scannet/posed_images/scene0153_01/00090.jpg",
      "transform_matrix": [
        [
          -0.83465,
          0.199086,
          -0.51354,
          1.970649
        ],
        [
          0.550649,
          0.321988,
          -0.770136,
          3.393576
        ],
        [
          0.012031,
          -0.925575,
          -0.378374,
          1.33581
        ],
        [
          0.0,
          0.0,
          0.0,
          1.0
        ]
      ]
    },
    {
      "file_path": "/media/NFS/ttao/scannet/posed_images/scene0153_01/00093.jpg",
      "transform_matrix": [
        [
          -0.826996,
          0.229087,
          -0.513417,
          1.963864
        ],
        [
          0.562109,
          0.354044,
          -0.747453,
          3.387141
        ],
        [
          0.01054,
          -0.906737,
          -0.421565,
          1.320424
        ],
        [
          0.0,
          0.0,
          0.0,
          1.0
        ]
      ]
    },
    {
      "file_path": "/media/NFS/ttao/scannet/posed_images/scene0153_01/00095.jpg",
      "transform_matrix": [
        [
          -0.820715,
          0.244121,
          -0.516558,
          1.961777
        ],
        [
          0.571256,
          0.366003,
          -0.734649,
          3.38044
        ],
        [
          0.009719,
          -0.898024,
          -0.439839,
          1.315197
        ],
        [
          0.0,
          0.0,
          0.0,
          1.0
        ]
      ]
    },
    {
      "file_path": "/media/NFS/ttao/scannet/posed_images/scene0153_01/00098.jpg",
      "transform_matrix": [
        [
          -0.802975,
          0.260493,
          -0.536073,
          1.962371
        ],
        [
          0.595616,
          0.383525,
          -0.705798,
          3.366163
        ],
        [
          0.021742,
          -0.886032,
          -0.463115,
          1.30461
        ],
        [
          0.0,
          0.0,
          0.0,
          1.0
        ]
      ]
    },
    {
      "file_path": "/media/NFS/ttao/scannet/posed_images/scene0153_01/00100.jpg",
      "transform_matrix": [
        [
          -0.78396,
          0.279678,
          -0.554245,
          1.953645
        ],
        [
          0.620181,
          0.393029,
          -0.678898,
          3.35842
        ],
        [
          0.027961,
          -0.875961,
          -0.48157,
          1.299298
        ],
        [
          0.0,
          0.0,
          0.0,
          1.0
        ]
      ]
    },
    {
      "file_path": "/media/NFS/ttao/scannet/posed_images/scene0153_01/00102.jpg",
      "transform_matrix": [
        [
          -0.742235,
          0.305608,
          -0.596398,
          1.958668
        ],
        [
          0.668858,
          0.392848,
          -0.631109,
          3.33865
        ],
        [
          0.041422,
          -0.867337,
          -0.495994,
          1.288712
        ],
        [
          0.0,
          0.0,
          0.0,
          1.0
        ]
      ]
    },
    {
      "file_path": "/media/NFS/ttao/scannet/posed_images/scene0153_01/00103.jpg",
      "transform_matrix": [
        [
          -0.729385,
          0.314146,
          -0.607708,
          1.96266
        ],
        [
          0.682752,
          0.390081,
          -0.617808,
          3.333633
        ],
        [
          0.042973,
          -0.865534,
          -0.499003,
          1.282552
        ],
        [
          0.0,
          0.0,
          0.0,
          1.0
        ]
      ]
    },
    {
      "file_path": "/media/NFS/ttao/scannet/posed_images/scene0153_01/00107.jpg",
      "transform_matrix": [
        [
          -0.668266,
          0.381464,
          -0.638675,
          1.979226
        ],
        [
          0.743104,
          0.382544,
          -0.54905,
          3.28865
        ],
        [
          0.034878,
          -0.841514,
          -0.539109,
          1.267301
        ],
        [
          0.0,
          0.0,
          0.0,
          1.0
        ]
      ]
    },
    {
      "file_path": "/media/NFS/ttao/scannet/posed_images/scene0153_01/00109.jpg",
      "transform_matrix": [
        [
          -0.645808,
          0.406739,
          -0.646139,
          1.986034
        ],
        [
          0.762881,
          0.377824,
          -0.524653,
          3.268339
        ],
        [
          0.030729,
          -0.831752,
          -0.554296,
          1.26266
        ],
        [
          0.0,
          0.0,
          0.0,
          1.0
        ]
      ]
    },
    {
      "file_path": "/media/NFS/ttao/scannet/posed_images/scene0153_01/00112.jpg",
      "transform_matrix": [
        [
          -0.593069,
          0.452494,
          -0.665971,
          1.983749
        ],
        [
          0.80463,
          0.362833,
          -0.470024,
          3.237649
        ],
        [
          0.028953,
          -0.814618,
          -0.579275,
          1.260104
        ],
        [
          0.0,
          0.0,
          0.0,
          1.0
        ]
      ]
    },
    {
      "file_path": "/media/NFS/ttao/scannet/posed_images/scene0153_01/00113.jpg",
      "transform_matrix": [
        [
          -0.578615,
          0.460044,
          -0.673472,
          1.984886
        ],
        [
          0.815092,
          0.355325,
          -0.457569,
          3.233318
        ],
        [
          0.028799,
          -0.813698,
          -0.580574,
          1.256248
        ],
        [
          0.0,
          0.0,
          0.0,
          1.0
        ]
      ]
    },
    {
      "file_path": "/media/NFS/ttao/scannet/posed_images/scene0153_01/00117.jpg",
      "transform_matrix": [
        [
          -0.523105,
          0.485829,
          -0.700237,
          1.987453
        ],
        [
          0.851306,
          0.336895,
          -0.402219,
          3.208225
        ],
        [
          0.040497,
          -0.806518,
          -0.589821,
          1.243759
        ],
        [
          0.0,
          0.0,
          0.0,
          1.0
        ]
      ]
    },
    {
      "file_path": "/media/NFS/ttao/scannet/posed_images/scene0153_01/00119.jpg",
      "transform_matrix": [
        [
          -0.487433,
          0.510126,
          -0.708647,
          1.979123
        ],
        [
          0.871473,
          0.334657,
          -0.358525,
          3.189084
        ],
        [
          0.054261,
          -0.792323,
          -0.607684,
          1.235774
        ],
        [
          0.0,
          0.0,
          0.0,
          1.0
        ]
      ]
    },
    {
      "file_path": "/media/NFS/ttao/scannet/posed_images/scene0153_01/00121.jpg",
      "transform_matrix": [
        [
          -0.468366,
          0.523662,
          -0.711626,
          1.961508
        ],
        [
          0.881427,
          0.332526,
          -0.335429,
          3.181819
        ],
        [
          0.060982,
          -0.78435,
          -0.617314,
          1.234742
        ],
        [
          0.0,
          0.0,
          0.0,
          1.0
        ]
      ]
    },
    {
      "file_path": "/media/NFS/ttao/scannet/posed_images/scene0153_01/00123.jpg",
      "transform_matrix": [
        [
          -0.429557,
          0.537773,
          -0.725452,
          1.940038
        ],
        [
          0.90094,
          0.309966,
          -0.303691,
          3.162234
        ],
        [
          0.061548,
          -0.784042,
          -0.617649,
          1.236272
        ],
        [
          0.0,
          0.0,
          0.0,
          1.0
        ]
      ]
    },
    {
      "file_path": "/media/NFS/ttao/scannet/posed_images/scene0153_01/00126.jpg",
      "transform_matrix": [
        [
          -0.406674,
          0.532225,
          -0.742531,
          1.91939
        ],
        [
          0.912267,
          0.28002,
          -0.298926,
          3.146568
        ],
        [
          0.048828,
          -0.798953,
          -0.599408,
          1.237966
        ],
        [
          0.0,
          0.0,
          0.0,
          1.0
        ]
      ]
    },
    {
      "file_path": "/media/NFS/ttao/scannet/posed_images/scene0153_01/00129.jpg",
      "transform_matrix": [
        [
          -0.389564,
          0.525927,
          -0.756069,
          1.880485
        ],
        [
          0.920359,
          0.252908,
          -0.29829,
          3.122824
        ],
        [
          0.034337,
          -0.812058,
          -0.582565,
          1.243244
        ],
        [
          0.0,
          0.0,
          0.0,
          1.0
        ]
      ]
    },
    {
      "file_path": "/media/NFS/ttao/scannet/posed_images/scene0153_01/00131.jpg",
      "transform_matrix": [
        [
          -0.385394,
          0.50758,
          -0.770606,
          1.845674
        ],
        [
          0.922363,
          0.236141,
          -0.30575,
          3.110237
        ],
        [
          0.026779,
          -0.828613,
          -0.559181,
          1.245501
        ],
        [
          0.0,
          0.0,
          0.0,
          1.0
        ]
      ]
    },
    {
      "file_path": "/media/NFS/ttao/scannet/posed_images/scene0153_01/00132.jpg",
      "transform_matrix": [
        [
          -0.380097,
          0.50502,
          -0.774907,
          1.833264
        ],
        [
          0.924468,
          0.234378,
          -0.30071,
          3.100976
        ],
        [
          0.029757,
          -0.830675,
          -0.555962,
          1.247849
        ],
        [
          0.0,
          0.0,
          0.0,
          1.0
        ]
      ]
    },
    {
      "file_path": "/media/NFS/ttao/scannet/posed_images/scene0153_01/00136.jpg",
      "transform_matrix": [
        [
          -0.351739,
          0.496075,
          -0.793845,
          1.770201
        ],
        [
          0.935587,
          0.214323,
          -0.280611,
          3.066099
        ],
        [
          0.030935,
          -0.841413,
          -0.539507,
          1.257561
        ],
        [
          0.0,
          0.0,
          0.0,
          1.0
        ]
      ]
    },
    {
      "file_path": "/media/NFS/ttao/scannet/posed_images/scene0153_01/00137.jpg",
      "transform_matrix": [
        [
          -0.344707,
          0.495571,
          -0.797237,
          1.759235
        ],
        [
          0.938063,
          0.213389,
          -0.272952,
          3.057351
        ],
        [
          0.034854,
          -0.841947,
          -0.538433,
          1.259535
        ],
        [
          0.0,
          0.0,
          0.0,
          1.0
        ]
      ]
    },
    {
      "file_path": "/media/NFS/ttao/scannet/posed_images/scene0153_01/00141.jpg",
      "transform_matrix": [
        [
          -0.300985,
          0.501186,
          -0.811308,
          1.704132
        ],
        [
          0.952522,
          0.198985,
          -0.230451,
          3.03095
        ],
        [
          0.045939,
          -0.842151,
          -0.537282,
          1.264615
        ],
        [
          0.0,
          0.0,
          0.0,
          1.0
        ]
      ]
    },
    {
      "file_path": "/media/NFS/ttao/scannet/posed_images/scene0153_01/00142.jpg",
      "transform_matrix": [
        [
          -0.29269,
          0.4987,
          -0.815862,
          1.694686
        ],
        [
          0.954922,
          0.196659,
          -0.222369,
          3.023891
        ],
        [
          0.049551,
          -0.84417,
          -0.53378,
          1.266592
        ],
        [
          0.0,
          0.0,
          0.0,
          1.0
        ]
      ]
    },
    {
      "file_path": "/media/NFS/ttao/scannet/posed_images/scene0153_01/00146.jpg",
      "transform_matrix": [
        [
          -0.241416,
          0.4998,
          -0.831816,
          1.644314
        ],
        [
          0.969156,
          0.167947,
          -0.180364,
          2.976845
        ],
        [
          0.049555,
          -0.849702,
          -0.524929,
          1.268638
        ],
        [
          0.0,
          0.0,
          0.0,
          1.0
        ]
      ]
    },
    {
      "file_path": "/media/NFS/ttao/scannet/posed_images/scene0153_01/00147.jpg",
      "transform_matrix": [
        [
          -0.229763,
          0.500565,
          -0.834652,
          1.633526
        ],
        [
          0.971982,
          0.161726,
          -0.170575,
          2.966077
        ],
        [
          0.049601,
          -0.850459,
          -0.523698,
          1.267833
        ],
        [
          0.0,
          0.0,
          0.0,
          1.0
        ]
      ]
    },
    {
      "file_path": "/media/NFS/ttao/scannet/posed_images/scene0153_01/00151.jpg",
      "transform_matrix": [
        [
          -0.151229,
          0.505024,
          -0.849753,
          1.576557
        ],
        [
          0.987158,
          0.121916,
          -0.103226,
          2.901279
        ],
        [
          0.051467,
          -0.854451,
          -0.516976,
          1.272232
        ],
        [
          0.0,
          0.0,
          0.0,
          1.0
        ]
      ]
    },
    {
      "file_path": "/media/NFS/ttao/scannet/posed_images/scene0153_01/00153.jpg",
      "transform_matrix": [
        [
          -0.121892,
          0.509568,
          -0.851753,
          1.545274
        ],
        [
          0.991844,
          0.094751,
          -0.085255,
          2.863196
        ],
        [
          0.037262,
          -0.855197,
          -0.516961,
          1.277088
        ],
        [
          0.0,
          0.0,
          0.0,
          1.0
        ]
      ]
    },
    {
      "file_path": "/media/NFS/ttao/scannet/posed_images/scene0153_01/00154.jpg",
      "transform_matrix": [
        [
          -0.11165,
          0.508399,
          -0.853853,
          1.535322
        ],
        [
          0.992926,
          0.092002,
          -0.075056,
          2.849239
        ],
        [
          0.040398,
          -0.856193,
          -0.515075,
          1.277466
        ],
        [
          0.0,
          0.0,
          0.0,
          1.0
        ]
      ]
    },
    {
      "file_path": "/media/NFS/ttao/scannet/posed_images/scene0153_01/00158.jpg",
      "transform_matrix": [
        [
          -0.05136,
          0.515034,
          -0.85563,
          1.484633
        ],
        [
          0.997288,
          0.071667,
          -0.016724,
          2.796214
        ],
        [
          0.052707,
          -0.854169,
          -0.517318,
          1.281662
        ],
        [
          0.0,
          0.0,
          0.0,
          1.0
        ]
      ]
    },
    {
      "file_path": "/media/NFS/ttao/scannet/posed_images/scene0153_01/00160.jpg",
      "transform_matrix": [
        [
          -0.020484,
          0.522698,
          -0.852272,
          1.464721
        ],
        [
          0.997916,
          0.062858,
          0.014566,
          2.783891
        ],
        [
          0.061186,
          -0.850197,
          -0.522897,
          1.283357
        ],
        [
          0.0,
          0.0,
          0.0,
          1.0
        ]
      ]
    },
    {
      "file_path": "/media/NFS/ttao/scannet/posed_images/scene0153_01/00163.jpg",
      "transform_matrix": [
        [
          0.038425,
          0.521314,
          -0.852499,
          1.440704
        ],
        [
          0.996721,
          0.040798,
          0.069873,
          2.774492
        ],
        [
          0.071206,
          -0.852389,
          -0.518037,
          1.281273
        ],
        [
          0.0,
          0.0,
          0.0,
          1.0
        ]
      ]
    },
    {
      "file_path": "/media/NFS/ttao/scannet/posed_images/scene0153_01/00164.jpg",
      "transform_matrix": [
        [
          0.049236,
          0.52188,
          -0.851597,
          1.435931
        ],
        [
          0.996268,
          0.034858,
          0.078962,
          2.774795
        ],
        [
          0.070894,
          -0.852306,
          -0.518216,
          1.282812
        ],
        [
          0.0,
          0.0,
          0.0,
          1.0
        ]
      ]
    },
    {
      "file_path": "/media/NFS/ttao/scannet/posed_images/scene0153_01/00167.jpg",
      "transform_matrix": [
        [
          0.089684,
          0.531702,
          -0.84217,
          1.425566
        ],
        [
          0.993545,
          0.011212,
          0.112883,
          2.777797
        ],
        [
          0.069463,
          -0.846857,
          -0.527265,
          1.277715
        ],
        [
          0.0,
          0.0,
          0.0,
          1.0
        ]
      ]
    },
    {
      "file_path": "/media/NFS/ttao/scannet/posed_images/scene0153_01/00170.jpg",
      "transform_matrix": [
        [
          0.13137,
          0.537903,
          -0.832708,
          1.42728
        ],
        [
          0.989049,
          -0.014131,
          0.146906,
          2.788104
        ],
        [
          0.067254,
          -0.842888,
          -0.533869,
          1.273584
        ],
        [
          0.0,
          0.0,
          0.0,
          1.0
        ]
      ]
    },
    {
      "file_path": "/media/NFS/ttao/scannet/posed_images/scene0153_01/00171.jpg",
      "transform_matrix": [
        [
          0.141082,
          0.541235,
          -0.828951,
          1.428018
        ],
        [
          0.987825,
          -0.021513,
          0.154074,
          2.790983
        ],
        [
          0.065557,
          -0.840596,
          -0.53768,
          1.273309
        ],
        [
          0.0,
          0.0,
          0.0,
          1.0
        ]
      ]
    },
    {
      "file_path": "/media/NFS/ttao/scannet/posed_images/scene0153_01/00175.jpg",
      "transform_matrix": [
        [
          0.182771,
          0.545577,
          -0.817888,
          1.44411
        ],
        [
          0.981745,
          -0.056739,
          0.181539,
          2.804463
        ],
        [
          0.052637,
          -0.836138,
          -0.545988,
          1.267812
        ],
        [
          0.0,
          0.0,
          0.0,
          1.0
        ]
      ]
    },
    {
      "file_path": "/media/NFS/ttao/scannet/posed_images/scene0153_01/00176.jpg",
      "transform_matrix": [
        [
          0.189938,
          0.547136,
          -0.815209,
          1.448513
        ],
        [
          0.980659,
          -0.065782,
          0.184337,
          2.806527
        ],
        [
          0.047231,
          -0.834455,
          -0.549049,
          1.266995
        ],
        [
          0.0,
          0.0,
          0.0,
          1.0
        ]
      ]
    },
    {
      "file_path": "/media/NFS/ttao/scannet/posed_images/scene0153_01/00180.jpg",
      "transform_matrix": [
        [
          0.211855,
          0.55283,
          -0.805913,
          1.483729
        ],
        [
          0.976825,
          -0.094062,
          0.19226,
          2.813515
        ],
        [
          0.030482,
          -0.827968,
          -0.559946,
          1.260402
        ],
        [
          0.0,
          0.0,
          0.0,
          1.0
        ]
      ]
    },
    {
      "file_path": "/media/NFS/ttao/scannet/posed_images/scene0153_01/00181.jpg",
      "transform_matrix": [
        [
          0.214654,
          0.552561,
          -0.805357,
          1.493933
        ],
        [
          0.976202,
          -0.095306,
          0.1948,
          2.815273
        ],
        [
          0.030883,
          -0.828005,
          -0.559869,
          1.258857
        ],
        [
          0.0,
          0.0,
          0.0,
          1.0
        ]
      ]
    },
    {
      "file_path": "/media/NFS/ttao/scannet/posed_images/scene0153_01/00185.jpg",
      "transform_matrix": [
        [
          0.244714,
          0.546197,
          -0.801114,
          1.551153
        ],
        [
          0.969028,
          -0.109525,
          0.221333,
          2.824347
        ],
        [
          0.033149,
          -0.830466,
          -0.556082,
          1.26166
        ],
        [
          0.0,
          0.0,
          0.0,
          1.0
        ]
      ]
    },
    {
      "file_path": "/media/NFS/ttao/scannet/posed_images/scene0153_01/00187.jpg",
      "transform_matrix": [
        [
          0.256676,
          0.540303,
          -0.801367,
          1.57956
        ],
        [
          0.966072,
          -0.118821,
          0.229318,
          2.830942
        ],
        [
          0.028682,
          -0.833039,
          -0.55247,
          1.2607
