{
  "frames": [
    {
      "file_path": "/media/NFS/ttao/scannet/posed_images/scene0510_02/00002.jpg",
      "transform_matrix": [
        [
          -0.629698,
          0.267437,
          -0.729354,
          3.79413
        ],
        [
          0.775111,
          0.153707,
          -0.612843,
          1.425965
        ],
        [
          -0.05179,
          -0.951237,
          -0.304082,
          1.432409
        ],
        [
          0.0,
          0.0,
          0.0,
          1.0
        ]
      ]
    },
    {
      "file_path": "/media/NFS/ttao/scannet/posed_images/scene0510_02/00006.jpg",
      "transform_matrix": [
        [
          -0.646805,
          0.253467,
          -0.719303,
          3.759579
        ],
        [
          0.761004,
          0.152476,
          -0.630574,
          1.390856
        ],
        [
          -0.050153,
          -0.955251,
          -0.291512,
          1.42873
        ],
        [
          0.0,
          0.0,
          0.0,
          1.0
        ]
      ]
    },
    {
      "file_path": "/media/NFS/ttao/scannet/posed_images/scene0510_02/00007.jpg",
      "transform_matrix": [
        [
          -0.646405,
          0.253679,
          -0.719588,
          3.749974
        ],
        [
          0.76134,
          0.152373,
          -0.630194,
          1.382389
        ],
        [
          -0.050221,
          -0.955212,
          -0.291631,
          1.426536
        ],
        [
          0.0,
          0.0,
          0.0,
          1.0
        ]
      ]
    },
    {
      "file_path": "/media/NFS/ttao/scannet/posed_images/scene0510_02/00014.jpg",
      "transform_matrix": [
        [
          -0.659418,
          0.299273,
          -0.68964,
          3.685201
        ],
        [
          0.749466,
          0.18983,
          -0.634244,
          1.333179
        ],
        [
          -0.058897,
          -0.935094,
          -0.349472,
          1.401592
        ],
        [
          0.0,
          0.0,
          0.0,
          1.0
        ]
      ]
    },
    {
      "file_path": "/media/NFS/ttao/scannet/posed_images/scene0510_02/00016.jpg",
      "transform_matrix": [
        [
          -0.659715,
          0.318578,
          -0.680649,
          3.663009
        ],
        [
          0.749559,
          0.213618,
          -0.626521,
          1.319368
        ],
        [
          -0.054197,
          -0.923512,
          -0.37972,
          1.383692
        ],
        [
          0.0,
          0.0,
          0.0,
          1.0
        ]
      ]
    },
    {
      "file_path": "/media/NFS/ttao/scannet/posed_images/scene0510_02/00022.jpg",
      "transform_matrix": [
        [
          -0.658226,
          0.359553,
          -0.661407,
          3.639655
        ],
        [
          0.750787,
          0.249007,
          -0.611812,
          1.302901
        ],
        [
          -0.055283,
          -0.899287,
          -0.433851,
          1.353112
        ],
        [
          0.0,
          0.0,
          0.0,
          1.0
        ]
      ]
    },
    {
      "file_path": "/media/NFS/ttao/scannet/posed_images/scene0510_02/00027.jpg",
      "transform_matrix": [
        [
          -0.664421,
          0.378776,
          -0.644262,
          3.630589
        ],
        [
          0.745122,
          0.269094,
          -0.610231,
          1.300045
        ],
        [
          -0.057774,
          -0.885504,
          -0.461026,
          1.337724
        ],
        [
          0.0,
          0.0,
          0.0,
          1.0
        ]
      ]
    },
    {
      "file_path": "/media/NFS/ttao/scannet/posed_images/scene0510_02/00029.jpg",
      "transform_matrix": [
        [
          -0.663469,
          0.378584,
          -0.645355,
          3.626091
        ],
        [
          0.746235,
          0.272286,
          -0.607449,
          1.298024
        ],
        [
          -0.05425,
          -0.88461,
          -0.463166,
          1.330633
        ],
        [
          0.0,
          0.0,
          0.0,
          1.0
        ]
      ]
    },
    {
      "file_path": "/media/NFS/ttao/scannet/posed_images/scene0510_02/00035.jpg",
      "transform_matrix": [
        [
          -0.65598,
          0.394148,
          -0.643691,
          3.603558
        ],
        [
          0.752909,
          0.281723,
          -0.594778,
          1.294622
        ],
        [
          -0.053088,
          -0.874803,
          -0.481562,
          1.322437
        ],
        [
          0.0,
          0.0,
          0.0,
          1.0
        ]
      ]
    },
    {
      "file_path": "/media/NFS/ttao/scannet/posed_images/scene0510_02/00036.jpg",
      "transform_matrix": [
        [
          -0.656545,
          0.39318,
          -0.643707,
          3.60244
        ],
        [
          0.752556,
          0.283664,
          -0.594301,
          1.294467
        ],
        [
          -0.051071,
          -0.874611,
          -0.482128,
          1.321802
        ],
        [
          0.0,
          0.0,
          0.0,
          1.0
        ]
      ]
    },
    {
      "file_path": "/media/NFS/ttao/scannet/posed_images/scene0510_02/00044.jpg",
      "transform_matrix": [
        [
          -0.61625,
          0.372498,
          -0.693889,
          3.598239
        ],
        [
          0.787038,
          0.259497,
          -0.559672,
          1.307334
        ],
        [
          -0.028415,
          -0.891014,
          -0.453085,
          1.34299
        ],
        [
          0.0,
          0.0,
          0.0,
          1.0
        ]
      ]
    },
    {
      "file_path": "/media/NFS/ttao/scannet/posed_images/scene0510_02/00047.jpg",
      "transform_matrix": [
        [
          -0.588974,
          0.365217,
          -0.72092,
          3.607609
        ],
        [
          0.807669,
          0.235162,
          -0.540713,
          1.313367
        ],
        [
          -0.027945,
          -0.90073,
          -0.433479,
          1.356237
        ],
        [
          0.0,
          0.0,
          0.0,
          1.0
        ]
      ]
    },
    {
      "file_path": "/media/NFS/ttao/scannet/posed_images/scene0510_02/00051.jpg",
      "transform_matrix": [
        [
          -0.538495,
          0.347009,
          -0.76786,
          3.647261
        ],
        [
          0.842399,
          0.200381,
          -0.500212,
          1.319312
        ],
        [
          -0.019713,
          -0.916206,
          -0.400224,
          1.376177
        ],
        [
          0.0,
          0.0,
          0.0,
          1.0
        ]
      ]
    },
    {
      "file_path": "/media/NFS/ttao/scannet/posed_images/scene0510_02/00055.jpg",
      "transform_matrix": [
        [
          -0.478933,
          0.33679,
          -0.810676,
          3.700051
        ],
        [
          0.877634,
          0.163133,
          -0.450718,
          1.322834
        ],
        [
          -0.019549,
          -0.927341,
          -0.373708,
          1.376325
        ],
        [
          0.0,
          0.0,
          0.0,
          1.0
        ]
      ]
    },
    {
      "file_path": "/media/NFS/ttao/scannet/posed_images/scene0510_02/00057.jpg",
      "transform_matrix": [
        [
          -0.44165,
          0.346259,
          -0.827677,
          3.73202
        ],
        [
          0.8968,
          0.143262,
          -0.418601,
          1.324167
        ],
        [
          -0.02637,
          -0.927136,
          -0.373796,
          1.374135
        ],
        [
          0.0,
          0.0,
          0.0,
          1.0
        ]
      ]
    },
    {
      "file_path": "/media/NFS/ttao/scannet/posed_images/scene0510_02/00061.jpg",
      "transform_matrix": [
        [
          -0.380281,
          0.364095,
          -0.850189,
          3.80835
        ],
        [
          0.92327,
          0.095382,
          -0.372121,
          1.32466
        ],
        [
          -0.054394,
          -0.926465,
          -0.37243,
          1.360423
        ],
        [
          0.0,
          0.0,
          0.0,
          1.0
        ]
      ]
    },
    {
      "file_path": "/media/NFS/ttao/scannet/posed_images/scene0510_02/00068.jpg",
      "transform_matrix": [
        [
          -0.303852,
          0.422148,
          -0.854087,
          3.903498
        ],
        [
          0.952324,
          0.108766,
          -0.285042,
          1.331386
        ],
        [
          -0.027434,
          -0.899978,
          -0.435071,
          1.332414
        ],
        [
          0.0,
          0.0,
          0.0,
          1.0
        ]
      ]
    },
    {
      "file_path": "/media/NFS/ttao/scannet/posed_images/scene0510_02/00072.jpg",
      "transform_matrix": [
        [
          -0.254871,
          0.435197,
          -0.863507,
          3.928777
        ],
        [
          0.966834,
          0.099454,
          -0.235245,
          1.35011
        ],
        [
          -0.016499,
          -0.894826,
          -0.446111,
          1.329278
        ],
        [
          0.0,
          0.0,
          0.0,
          1.0
        ]
      ]
    },
    {
      "file_path": "/media/NFS/ttao/scannet/posed_images/scene0510_02/00073.jpg",
      "transform_matrix": [
        [
          -0.24333,
          0.438333,
          -0.865248,
          3.933143
        ],
        [
          0.969822,
          0.095848,
          -0.224182,
          1.353999
        ],
        [
          -0.015334,
          -0.893688,
          -0.448427,
          1.327527
        ],
        [
          0.0,
          0.0,
          0.0,
          1.0
        ]
      ]
    },
    {
      "file_path": "/media/NFS/ttao/scannet/posed_images/scene0510_02/00081.jpg",
      "transform_matrix": [
        [
          -0.156949,
          0.471689,
          -0.867685,
          3.938896
        ],
        [
          0.987517,
          0.063092,
          -0.144327,
          1.351616
        ],
        [
          -0.013334,
          -0.879505,
          -0.475703,
          1.305369
        ],
        [
          0.0,
          0.0,
          0.0,
          1.0
        ]
      ]
    },
    {
      "file_path": "/media/NFS/ttao/scannet/posed_images/scene0510_02/00085.jpg",
      "transform_matrix": [
        [
          -0.114124,
          0.487409,
          -0.865683,
          3.924701
        ],
        [
          0.99323,
          0.036965,
          -0.110126,
          1.341936
        ],
        [
          -0.021676,
          -0.872391,
          -0.488328,
          1.289844
        ],
        [
          0.0,
          0.0,
          0.0,
          1.0
        ]
      ]
    },
    {
      "file_path": "/media/NFS/ttao/scannet/posed_images/scene0510_02/00090.jpg",
      "transform_matrix": [
        [
          -0.026888,
          0.514128,
          -0.857292,
          3.896053
        ],
        [
          0.999027,
          -0.016171,
          -0.041032,
          1.32453
        ],
        [
          -0.034958,
          -0.857561,
          -0.513193,
          1.276142
        ],
        [
          0.0,
          0.0,
          0.0,
          1.0
        ]
      ]
    },
    {
      "file_path": "/media/NFS/ttao/scannet/posed_images/scene0510_02/00093.jpg",
      "transform_matrix": [
        [
          0.019423,
          0.53565,
          -0.844216,
          3.876132
        ],
        [
          0.998988,
          -0.044656,
          -0.00535,
          1.311448
        ],
        [
          -0.040565,
          -0.843259,
          -0.535975,
          1.272543
        ],
        [
          0.0,
          0.0,
          0.0,
          1.0
        ]
      ]
    },
    {
      "file_path": "/media/NFS/ttao/scannet/posed_images/scene0510_02/00096.jpg",
      "transform_matrix": [
        [
          0.064592,
          0.549637,
          -0.832902,
          3.859501
        ],
        [
          0.996896,
          -0.073179,
          0.029019,
          1.295102
        ],
        [
          -0.045001,
          -0.832192,
          -0.552658,
          1.264813
        ],
        [
          0.0,
          0.0,
          0.0,
          1.0
        ]
      ]
    },
    {
      "file_path": "/media/NFS/ttao/scannet/posed_images/scene0510_02/00098.jpg",
      "transform_matrix": [
        [
          0.087654,
          0.547628,
          -0.832118,
          3.849146
        ],
        [
          0.995123,
          -0.086085,
          0.048171,
          1.285619
        ],
        [
          -0.045253,
          -0.832282,
          -0.552503,
          1.26719
        ],
        [
          0.0,
          0.0,
          0.0,
          1.0
        ]
      ]
    },
    {
      "file_path": "/media/NFS/ttao/scannet/posed_images/scene0510_02/00104.jpg",
      "transform_matrix": [
        [
          0.210424,
          0.537304,
          -0.816717,
          3.818217
        ],
        [
          0.977343,
          -0.135134,
          0.162907,
          1.247865
        ],
        [
          -0.022836,
          -0.832492,
          -0.553566,
          1.274737
        ],
        [
          0.0,
          0.0,
          0.0,
          1.0
        ]
      ]
    },
    {
      "file_path": "/media/NFS/ttao/scannet/posed_images/scene0510_02/00107.jpg",
      "transform_matrix": [
        [
          0.291199,
          0.52687,
          -0.798505,
          3.807366
        ],
        [
          0.956544,
          -0.173478,
          0.234369,
          1.231314
        ],
        [
          -0.015041,
          -0.832054,
          -0.554491,
          1.277135
        ],
        [
          0.0,
          0.0,
          0.0,
          1.0
        ]
      ]
    },
    {
      "file_path": "/media/NFS/ttao/scannet/posed_images/scene0510_02/00112.jpg",
      "transform_matrix": [
        [
          0.41203,
          0.499554,
          -0.762022,
          3.805483
        ],
        [
          0.910894,
          -0.246434,
          0.330972,
          1.187927
        ],
        [
          -0.02245,
          -0.830491,
          -0.556579,
          1.275829
        ],
        [
          0.0,
          0.0,
          0.0,
          1.0
        ]
      ]
    },
    {
      "file_path": "/media/NFS/ttao/scannet/posed_images/scene0510_02/00116.jpg",
      "transform_matrix": [
        [
          0.482915,
          0.507819,
          -0.713381,
          3.804638
        ],
        [
          0.874891,
          -0.314093,
          0.368661,
          1.156873
        ],
        [
          -0.036855,
          -0.802163,
          -0.595967,
          1.273216
        ],
        [
          0.0,
          0.0,
          0.0,
          1.0
        ]
      ]
    },
    {
      "file_path": "/media/NFS/ttao/scannet/posed_images/scene0510_02/00119.jpg",
      "transform_matrix": [
        [
          0.530459,
          0.50307,
          -0.6823,
          3.806372
        ],
        [
          0.847132,
          -0.34431,
          0.404744,
          1.142292
        ],
        [
          -0.031308,
          -0.792699,
          -0.608809,
          1.271312
        ],
        [
          0.0,
          0.0,
          0.0,
          1.0
        ]
      ]
    },
    {
      "file_path": "/media/NFS/ttao/scannet/posed_images/scene0510_02/00126.jpg",
      "transform_matrix": [
        [
          0.617345,
          0.470986,
          -0.630125,
          3.805753
        ],
        [
          0.786665,
          -0.376316,
          0.489433,
          1.143649
        ],
        [
          -0.00661,
          -0.797846,
          -0.602825,
          1.283967
        ],
        [
          0.0,
          0.0,
          0.0,
          1.0
        ]
      ]
    },
    {
      "file_path": "/media/NFS/ttao/scannet/posed_images/scene0510_02/00128.jpg",
      "transform_matrix": [
        [
          0.631535,
          0.452599,
          -0.629538,
          3.803703
        ],
        [
          0.775344,
          -0.371232,
          0.51091,
          1.150915
        ],
        [
          -0.002467,
          -0.810766,
          -0.585366,
          1.293123
        ],
        [
          0.0,
          0.0,
          0.0,
          1.0
        ]
      ]
    },
    {
      "file_path": "/media/NFS/ttao/scannet/posed_images/scene0510_02/00132.jpg",
      "transform_matrix": [
        [
          0.653392,
          0.41316,
          -0.634332,
          3.797922
        ],
        [
          0.757003,
          -0.3622,
          0.543837,
          1.16774
        ],
        [
          -0.005063,
          -0.83553,
          -0.549422,
          1.300569
        ],
        [
          0.0,
          0.0,
          0.0,
          1.0
        ]
      ]
    },
    {
      "file_path": "/media/NFS/ttao/scannet/posed_images/scene0510_02/00139.jpg",
      "transform_matrix": [
        [
          0.63148,
          0.378841,
          -0.676545,
          3.773877
        ],
        [
          0.774417,
          -0.351882,
          0.525792,
          1.218983
        ],
        [
          -0.038872,
          -0.855955,
          -0.515588,
          1.322412
        ],
        [
          0.0,
          0.0,
          0.0,
          1.0
        ]
      ]
    },
    {
      "file_path": "/media/NFS/ttao/scannet/posed_images/scene0510_02/00141.jpg",
      "transform_matrix": [
        [
          0.634244,
          0.368257,
          -0.679795,
          3.757689
        ],
        [
          0.772011,
          -0.34902,
          0.531211,
          1.24475
        ],
        [
          -0.04164,
          -0.861726,
          -0.505662,
          1.326112
        ],
        [
          0.0,
          0.0,
          0.0,
          1.0
        ]
      ]
    },
    {
      "file_path": "/media/NFS/ttao/scannet/posed_images/scene0510_02/00147.jpg",
      "transform_matrix": [
        [
          0.639466,
          0.380169,
          -0.668248,
          3.716828
        ],
        [
          0.767938,
          -0.357458,
          0.531503,
          1.305751
        ],
        [
          -0.03681,
          -0.853051,
          -0.520528,
          1.339475
        ],
        [
          0.0,
          0.0,
          0.0,
          1.0
        ]
      ]
    },
    {
      "file_path": "/media/NFS/ttao/scannet/posed_images/scene0510_02/00149.jpg",
      "transform_matrix": [
        [
          0.635672,
          0.391805,
          -0.66514,
          3.702357
        ],
        [
          0.77113,
          -0.362224,
          0.523596,
          1.3198
        ],
        [
          -0.035783,
          -0.845744,
          -0.532388,
          1.341224
        ],
        [
          0.0,
          0.0,
          0.0,
          1.0
        ]
      ]
    },
    {
      "file_path": "/media/NFS/ttao/scannet/posed_images/scene0510_02/00153.jpg",
      "transform_matrix": [
        [
          0.632786,
          0.406339,
          -0.659144,
          3.668114
        ],
        [
          0.773644,
          -0.367521,
          0.516143,
          1.339223
        ],
        [
          -0.032521,
          -0.836551,
          -0.546924,
          1.340395
        ],
        [
          0.0,
          0.0,
          0.0,
          1.0
        ]
      ]
    },
    {
      "file_path": "/media/NFS/ttao/scannet/posed_images/scene0510_02/00157.jpg",
      "transform_matrix": [
        [
          0.632316,
          0.39962,
          -0.663687,
          3.630774
        ],
        [
          0.774402,
          -0.350205,
          0.526932,
          1.353472
        ],
        [
          -0.021854,
          -0.847149,
          -0.530906,
          1.342894
        ],
        [
          0.0,
          0.0,
          0.0,
          1.0
        ]
      ]
    },
    {
      "file_path": "/media/NFS/ttao/scannet/posed_images/scene0510_02/00160.jpg",
      "transform_matrix": [
        [
          0.642952,
          0.386069,
          -0.661486,
          3.602399
        ],
        [
          0.76586,
          -0.333665,
          0.549661,
          1.358126
        ],
        [
          -0.008508,
          -0.86001,
          -0.510206,
          1.345875
        ],
        [
          0.0,
          0.0,
          0.0,
          1.0
        ]
      ]
    },
    {
      "file_path": "/media/NFS/ttao/scannet/posed_images/scene0510_02/00168.jpg",
      "transform_matrix": [
        [
          0.749629,
          0.316452,
          -0.581304,
          3.494711
        ],
        [
          0.661693,
          -0.338689,
          0.668919,
          1.36562
        ],
        [
          0.0148,
          -0.886086,
          -0.463285,
          1.369749
        ],
        [
          0.0,
          0.0,
          0.0,
          1.0
        ]
      ]
    },
    {
      "file_path": "/media/NFS/ttao/scannet/posed_images/scene0510_02/00172.jpg",
      "transform_matrix": [
        [
          0.802535,
          0.278131,
          -0.527807,
          3.453581
        ],
        [
          0.596516,
          -0.358787,
          0.717942,
          1.369378
        ],
        [
          0.010312,
          -0.891019,
          -0.453849,
          1.380499
        ],
        [
          0.0,
          0.0,
          0.0,
          1.0
        ]
      ]
    },
    {
      "file_path": "/media/NFS/ttao/scannet/posed_images/scene0510_02/00177.jpg",
      "transform_matrix": [
        [
          0.850399,
          0.219653,
          -0.478094,
          3.412424
        ],
        [
          0.526136,
          -0.357597,
          0.771561,
          1.36846
        ],
        [
          -0.00149,
          -0.907677,
          -0.419667,
          1.405825
        ],
        [
          0.0,
          0.0,
          0.0,
          1.0
        ]
      ]
    },
    {
      "file_path": "/media/NFS/ttao/scannet/posed_images/scene0510_02/00180.jpg",
      "transform_matrix": [
        [
          0.861318,
          0.197326,
          -0.468183,
          3.405709
        ],
        [
          0.508063,
          -0.338287,
          0.792107,
          1.360583
        ],
        [
          -0.002077,
          -0.920122,
          -0.391627,
          1.41407
        ],
        [
          0.0,
          0.0,
          0.0,
          1.0
        ]
      ]
    },
    {
      "file_path": "/media/NFS/ttao/scannet/posed_images/scene0510_02/00182.jpg",
      "transform_matrix": [
        [
          0.86785,
          0.192632,
          -0.457962,
          3.404554
        ],
        [
          0.496824,
          -0.333309,
          0.801294,
          1.355794
        ],
        [
          0.001712,
          -0.922929,
          -0.384966,
          1.421914
        ],
        [
          0.0,
          0.0,
          0.0,
          1.0
        ]
      ]
    },
    {
      "file_path": "/media/NFS/ttao/scannet/posed_images/scene0510_02/00189.jpg",
      "transform_matrix": [
        [
          0.879609,
          0.149194,
          -0.451696,
          3.433696
        ],
        [
          0.475647,
          -0.289773,
          0.830537,
          1.314231
        ],
        [
          -0.006978,
          -0.945396,
          -0.32585,
          1.457593
        ],
        [
          0.0,
          0.0,
          0.0,
          1.0
        ]
      ]
    },
    {
      "file_path": "/media/NFS/ttao/scannet/posed_images/scene0510_02/00192.jpg",
      "transform_matrix": [
        [
          0.883694,
          0.123967,
          -0.45135,
          3.477727
        ],
        [
          0.467954,
          -0.25494,
          0.846182,
          1.287939
        ],
        [
          -0.010169,
          -0.958977,
          -0.2833,
          1.480027
        ],
        [
          0.0,
          0.0,
          0.0,
          1.0
        ]
      ]
    },
    {
      "file_path": "/media/NFS/ttao/scannet/posed_images/scene0510_02/00197.jpg",
      "transform_matrix": [
        [
          0.885526,
          0.09637,
          -0.454485,
          3.538162
        ],
        [
          0.464202,
          -0.223518,
          0.857063,
          1.250188
        ],
        [
          -0.01899,
          -0.969924,
          -0.242666,
          1.496722
        ],
        [
          0.0,
          0.0,
          0.0,
          1.0
        ]
      ]
    },
    {
      "file_path": "/media/NFS/ttao/scannet/posed_images/scene0510_02/00198.jpg",
      "transform_matrix": [
        [
          0.884546,
          0.09009,
          -0.457671,
          3.55058
        ],
        [
          0.465822,
          -0.221648,
          0.856669,
          1.244031
        ],
        [
          -0.024265,
          -0.970956,
          -0.238023,
          1.500454
        ],
        [
          0.0,
          0.0,
          0.0,
          1.0
        ]
      ]
    },
    {
      "file_path": "/media/NFS/ttao/scannet/posed_images/scene0510_02/00205.jpg",
      "transform_matrix": [
        [
          0.888394,
          0.041577,
          -0.457196,
          3.628827
        ],
        [
          0.455801,
          -0.198748,
          0.867609,
          1.206681
        ],
        [
          -0.054794,
          -0.979168,
          -0.195517,
          1.529757
        ],
        [
          0.0,
          0.0,
          0.0,
          1.0
        ]
      ]
    },
    {
      "file_path": "/media/NFS/ttao/scannet/posed_images/scene0510_02/00208.jpg",
      "transform_matrix": [
        [
          0.885379,
          0.006121,
          -0.46483,
          3.666276
        ],
        [
          0.458673,
          -0.174232,
          0.871357,
          1.191464
        ],
        [
          -0.075655,
          -0.984686,
          -0.157069,
          1.551749
        ],
        [
          0.0,
          0.0,
          0.0,
          1.0
        ]
      ]
    },
    {
      "file_path": "/media/NFS/ttao/scannet/posed_images/scene0510_02/00214.jpg",
      "transform_matrix": [
        [
          0.887387,
          -0.001903,
          -0.461022,
          3.712936
        ],
        [
          0.451134,
          -0.202453,
          0.86919,
          1.192599
        ],
        [
          -0.094989,
          -0.97929,
          -0.178796,
          1.539082
        ],
        [
          0.0,
          0.0,
          0.0,
          1.0
        ]
      ]
    },
    {
      "file_path": "/media/NFS/ttao/scannet/posed_images/scene0510_02/00215.jpg",
      "transform_matrix": [
        [
          0.886667,
          6.2e-05,
          -0.462407,
          3.71808
        ],
        [
          0.451906,
          -0.212024,
          0.866503,
          1.192921
        ],
        [
          -0.097988,
          -0.977265,
          -0.188022,
          1.531354
        ],
        [
          0.0,
          0.0,
          0.0,
          1.0
        ]
      ]
    },
    {
      "file_path": "/media/NFS/ttao/scannet/posed_images/scene0510_02/00219.jpg",
      "transform_matrix": [
        [
          0.883951,
          0.029476,
          -0.466648,
          3.734376
        ],
        [
          0.457454,
          -0.261082,
          0.850043,
          1.199707
        ],
        [
          -0.096777,
          -0.964867,
          -0.244268,
          1.489607
        ],
        [
          0.0,
          0.0,
          0.0,
          1.0
        ]
      ]
    },
    {
      "file_path": "/media/NFS/ttao/scannet/posed_images/scene0510_02/00224.jpg",
      "transform_matrix": [
        [
          0.879409,
          0.062173,
          -0.471989,
          3.742415
        ],
        [
          0.4643,
          -0.331069,
          0.821473,
          1.211994
        ],
        [
          -0.105188,
          -0.941556,
          -0.320012,
          1.426146
        ],
        [
          0.0,
          0.0,
          0.0,
          1.0
        ]
      ]
    },
    {
      "file_path": "/media/NFS/ttao/scannet/posed_images/scene0510_02/00229.jpg",
      "transform_matrix": [
        [
          0.869848,
          0.082999,
          -0.486287,
          3.746193
        ],
        [
          0.475145,
          -0.406054,
          0.780613,
          1.234657
        ],
        [
          -0.132669,
          -0.910072,
          -0.392643,
          1.378374
        ],
        [
          0.0,
          0.0,
          0.0,
          1.0
        ]
      ]
    },
    {
      "file_path": "/media/NFS/ttao/scannet/posed_images/scene0510_02/00233.jpg",
      "transform_matrix": [
        [
          0.862352,
          0.109534,
          -0.494319,
          3.751728
        ],
        [
          0.486285,
          -0.451043,
          0.74839,
          1.261384
        ],
        [
          -0.140985,
          -0.885755,
          -0.442223,
          1.349755
        ],
        [
          0.0,
          0.0,
          0.0,
          1.0
        ]
      ]
    },
    {
      "file_path": "/media/NFS/ttao/scannet/posed_images/scene0510_02/00235.jpg",
      "transform_matrix": [
        [
          0.859272,
          0.124686,
          -0.496089,
          3.7586
        ],
        [
          0.492196,
          -0.465584,
          0.73551,
          1.276282
        ],
        [
          -0.139263,
          -0.876176,
          -0.461434,
          1.331814
        ],
        [
          0.0,
          0.0,
          0.0,
          1.0
        ]
      ]
    },
    {
      "file_path": "/media/NFS/ttao/scannet/posed_images/scene0510_02/00243.jpg",
      "transform_matrix": [
        [
          0.85528,
          0.223149,
          -0.467654,
          3.799387
        ],
        [
          0.512278,
          -0.499811,
          0.698398,
          1.395096
        ],
        [
          -0.077892,
          -0.836895,
          -0.541793,
          1.276631
        ],
        [
          0.0,
          0.0,
          0.0,
          1.0
        ]
      ]
    },
    {
      "file_path": "/media/NFS/ttao/scannet/posed_images/scene0510_02/00246.jpg",
      "transform_matrix": [
        [
          0.864598,
          0.250289,
          -0.43569,
          3.811638
        ],
        [
          0.500843,
          -0.498887,
          0.707296,
          1.451258
        ],
        [
          -0.040331,
          -0.829739,
          -0.556692,
          1.272176
        ],
        [
          0.0,
          0.0,
          0.0,
          1.0
        ]
      ]
    },
    {
      "file_path": "/media/NFS/ttao/scannet/posed_images/scene0510_02/00248.jpg",
      "transform_matrix": [
        [
          0.864629,
          0.25796,
          -0.431131,
          3.820032
        ],
        [
          0.500871,
          -0.509716,
          0.699513,
          1.48836
        ],
        [
          -0.039308,
          -0.82076,
          -0.56992,
          1.278317
        ],
        [
          0.0,
          0.0,
          0.0,
          1.0
        ]
      ]
    },
    {
      "file_path": "/media/NFS/ttao/scannet/posed_images/scene0510_02/00255.jpg",
      "transform_matrix": [
        [
          0.878794,
          0.232198,
          -0.416899,
          3.859581
        ],
        [
          0.476102,
          -0.485881,
          0.732971,
          1.605492
        ],
        [
          -0.032368,
          -0.842617,
          -0.53754,
          1.299187
        ],
        [
          0.0,
          0.0,
          0.0,
          1.0
        ]
      ]
    },
    {
      "file_path": "/media/NFS/ttao/scannet/posed_images/scene0510_02/00259.jpg",
      "transform_matrix": [
        [
          0.880195,
          0.20748,
          -0.426859,
          3.888938
        ],
        [
          0.472661,
          -0.464676,
          0.748777,
          1.678477
        ],
        [
          -0.042995,
          -0.86083,
          -0.507073,
          1.312446
        ],
        [
          0.0,
          0.0,
          0.0,
          1.0
        ]
      ]
    },
    {
      "file_path": "/media/NFS/ttao/scannet/posed_images/scene0510_02/00264.jpg",
      "transform_matrix": [
        [
          0.862806,
          0.208286,
          -0.460633,
          3.928183
        ],
        [
          0.504256,
          -0.41938,
          0.754882,
          1.764711
        ],
        [
          -0.035949,
          -0.883594,
          -0.466873,
          1.316436
        ],
        [
          0.0,
          0.0,
          0.0,
          1.0
        ]
      ]
    },
    {
      "file_path": "/media/NFS/ttao/scannet/posed_images/scene0510_02/00267.jpg",
      "transform_matrix": [
        [
          0.847221,
          0.219776,
          -0.483648,
          3.953743
        ],
        [
          0.530374,
          -0.401915,
          0.746437,
          1.818872
        ],
        [
          -0.030337,
          -0.888911,
          -0.457074,
          1.32115
        ],
        [
          0.0,
          0.0,
          0.0,
          1.0
        ]
      ]
    },
    {
      "file_path": "/media/NFS/ttao/scannet/posed_images/scene0510_02/00269.jpg",
      "transform_matrix": [
        [
          0.836815,
          0.239701,
          -0.492224,
          3.967105
        ],
        [
          0.54692,
          -0.406881,
          0.73166,
          1.855694
        ],
        [
          -0.024896,
          -0.881471,
          -0.471581,
          1.325931
        ],
        [
          0.0,
          0.0,
          0.0,
          1.0
        ]
      ]
    },
    {
      "file_path": "/media/NFS/ttao/scannet/posed_images/scene0510_02/00275.jpg",
      "transform_matrix": [
        [
          0.792478,
          0.253761,
          -0.554602,
          3.993783
        ],
        [
          0.609241,
          -0.371631,
          0.700511,
          1.953859
        ],
        [
          -0.028345,
          -0.893026,
          -0.449111,
          1.336699
        ],
        [
          0.0,
          0.0,
          0.0,
          1.0
        ]
      ]
    },
    {
      "file_path": "/media/NFS/ttao/scannet/posed_images/scene0510_02/00279.jpg",
      "transform_matrix": [
        [
          0.770927,
          0.265811,
          -0.578806,
          3.993558
        ],
        [
          0.63635,
          -0.360027,
          0.682232,
          2.006197
        ],
        [
          -0.027041,
          -0.894273,
          -0.446703,
          1.345702
        ],
        [
          0.0,
          0.0,
          0.0,
          1.0
        ]
      ]
    },
    {
      "file_path": "/media/NFS/ttao/scannet/posed_images/scene0510_02/00282.jpg",
      "transform_matrix": [
        [
          0.764722,
          0.24855,
          -0.594495,
          3.990534
        ],
        [
          0.643599,
          -0.339485,
          0.685953,
          2.040277
        ],
        [
          -0.031329,
          -0.907179,
          -0.419578,
          1.347392
        ],
        [
          0.0,
          0.0,
          0.0,
          1.0
        ]
      ]
    },
    {
      "file_path": "/media/NFS/ttao/scannet/posed_images/scene0510_02/00289.jpg",
      "transform_matrix": [
        [
          0.767361,
          0.194397,
          -0.611038,
          3.966152
        ],
        [
          0.640933,
          -0.260813,
          0.721929,
          2.125942
        ],
        [
          -0.019026,
          -0.945614,
          -0.324734,
          1.408337
        ],
        [
          0.0,
          0.0,
          0.0,
          1.0
        ]
      ]
    },
    {
      "file_path": "/media/NFS/ttao/scannet/posed_images/scene0510_02/00290.jpg",
      "transform_matrix": [
        [
          0.766505,
          0.184764,
          -0.615088,
          3.965547
        ],
        [
          0.641725,
          -0.258632,
          0.72201,
          2.125444
        ],
        [
          -0.02568,
          -0.948141,
          -0.316811,
          1.411693
        ],
        [
          0.0,
          0.0,
          0.0,
          1.0
        ]
      ]
    },
    {
      "file_path": "/media/NFS/ttao/scannet/posed_images/scene0510_02/00296.jpg",
      "transform_matrix": [
        [
          0.761062,
          0.151148,
          -0.630825,
          3.947687
        ],
        [
          0.648344,
          -0.208539,
          0.732231,
          2.18359
        ],
        [
          -0.020877,
          -0.966264,
          -0.256707,
          1.458169
        ],
        [
          0.0,
          0.0,
          0.0,
          1.0
        ]
      ]
    },
    {
      "file_path": "/media/NFS/ttao/scannet/posed_images/scene0510_02/00300.jpg",
      "transform_matrix": [
        [
          0.752406,
          0.127017,
          -0.646337,
          3.945814
        ],
        [
          0.657944,
          -0.191914,
          0.728203,
          2.213055
        ],
        [
          -0.031547,
          -0.973158,
          -0.227967,
          1.470721
        ],
        [
          0.0,
          0.0,
          0.0,
          1.0
        ]
      ]
    },
    {
      "file_path": "/media/NFS/ttao/scannet/posed_images/scene0510_02/00305.jpg",
      "transform_matrix": [
        [
          0.739746,
          0.092397,
          -0.666512,
          3.947806
        ],
        [
          0.671748,
          -0.159004,
          0.723514,
          2.256606
        ],
        [
          -0.039128,
          -0.982945,
          -0.17969,
          1.496655
        ],
        [
          0.0,
          0.0,
          0.0,
          1.0
        ]
      ]
    },
    {
      "file_path": "/media/NFS/ttao/scannet/posed_images/scene0510_02/00309.jpg",
      "transform_matrix": [
        [
          0.731019,
          0.083187,
          -0.677267,
          3.955828
        ],
        [
          0.681671,
          -0.133525,
          0.719372,
          2.289104
        ],
        [
          -0.03059,
          -0.987548,
          -0.154316,
          1.517549
        ],
        [
          0.0,
          0.0,
          0.0,
          1.0
        ]
      ]
    },
    {
      "file_path": "/media/NFS/ttao/scannet/posed_images/scene0510_02/00310.jpg",
      "transform_matrix": [
        [
          0.725057,
          0.080109,
          -0.684014,
          3.9599
        ],
        [
          0.688193,
          -0.121967,
          0.715203,
          2.295933
        ],
        [
          -0.026133,
          -0.989296,
          -0.143563,
          1.51882
        ],
        [
          0.0,
          0.0,
          0.0,
          1.0
        ]
      ]
    },
    {
      "file_path": "/media/NFS/ttao/scannet/posed_images/scene0510_02/00315.jpg",
      "transform_matrix": [
        [
          0.692008,
          0.065234,
          -0.718936,
          3.980637
        ],
        [
          0.721745,
          -0.082435,
          0.687232,
          2.336117
        ],
        [
          -0.014434,
          -0.994459,
          -0.104128,
          1.534769
        ],
        [
          0.0,
          0.0,
          0.0,
          1.0
        ]
      ]
    },
    {
      "file_path": "/media/NFS/ttao/scannet/posed_images/scene0510_02/00318.jpg",
      "transform_matrix": [
        [
          0.676522,
          0.067197,
          -0.733351,
          3.995385
        ],
        [
          0.735874,
          -0.10014,
          0.669673,
          2.36679
        ],
        [
          -0.028438,
          -0.992702,
          -0.117195,
          1.529775
