{
  "frames": [
    {
      "file_path": "/media/NFS/ttao/scannet/posed_images/scene0035_00/00000.jpg",
      "transform_matrix": [
        [
          0.991592,
          0.052224,
          -0.118397,
          2.177373
        ],
        [
          0.1292,
          -0.348306,
          0.928435,
          2.142725
        ],
        [
          0.007248,
          -0.935925,
          -0.352124,
          1.46728
        ],
        [
          0.0,
          0.0,
          0.0,
          1.0
        ]
      ]
    },
    {
      "file_path": "/media/NFS/ttao/scannet/posed_images/scene0035_00/00007.jpg",
      "transform_matrix": [
        [
          0.990189,
          0.050751,
          -0.130191,
          2.191554
        ],
        [
          0.139728,
          -0.351595,
          0.925666,
          2.14589
        ],
        [
          0.001204,
          -0.934776,
          -0.355237,
          1.463799
        ],
        [
          0.0,
          0.0,
          0.0,
          1.0
        ]
      ]
    },
    {
      "file_path": "/media/NFS/ttao/scannet/posed_images/scene0035_00/00010.jpg",
      "transform_matrix": [
        [
          0.990323,
          0.038046,
          -0.133463,
          2.195402
        ],
        [
          0.138026,
          -0.37011,
          0.918677,
          2.164958
        ],
        [
          -0.014444,
          -0.928208,
          -0.37178,
          1.492067
        ],
        [
          0.0,
          0.0,
          0.0,
          1.0
        ]
      ]
    },
    {
      "file_path": "/media/NFS/ttao/scannet/posed_images/scene0035_00/00013.jpg",
      "transform_matrix": [
        [
          0.989585,
          0.040965,
          -0.138001,
          2.201622
        ],
        [
          0.143287,
          -0.372409,
          0.916941,
          2.164287
        ],
        [
          -0.01383,
          -0.927164,
          -0.3744,
          1.489566
        ],
        [
          0.0,
          0.0,
          0.0,
          1.0
        ]
      ]
    },
    {
      "file_path": "/media/NFS/ttao/scannet/posed_images/scene0035_00/00019.jpg",
      "transform_matrix": [
        [
          0.988625,
          0.042082,
          -0.144393,
          2.210861
        ],
        [
          0.149651,
          -0.370944,
          0.916518,
          2.164827
        ],
        [
          -0.014992,
          -0.927701,
          -0.373022,
          1.48883
        ],
        [
          0.0,
          0.0,
          0.0,
          1.0
        ]
      ]
    },
    {
      "file_path": "/media/NFS/ttao/scannet/posed_images/scene0035_00/00024.jpg",
      "transform_matrix": [
        [
          0.989653,
          0.058829,
          -0.130865,
          2.219469
        ],
        [
          0.143329,
          -0.363459,
          0.920519,
          2.172956
        ],
        [
          0.006589,
          -0.929751,
          -0.36813,
          1.483048
        ],
        [
          0.0,
          0.0,
          0.0,
          1.0
        ]
      ]
    },
    {
      "file_path": "/media/NFS/ttao/scannet/posed_images/scene0035_00/00032.jpg",
      "transform_matrix": [
        [
          0.992775,
          0.04458,
          -0.111406,
          2.229769
        ],
        [
          0.119958,
          -0.391393,
          0.912371,
          2.199862
        ],
        [
          -0.00293,
          -0.919143,
          -0.393913,
          1.484859
        ],
        [
          0.0,
          0.0,
          0.0,
          1.0
        ]
      ]
    },
    {
      "file_path": "/media/NFS/ttao/scannet/posed_images/scene0035_00/00037.jpg",
      "transform_matrix": [
        [
          0.992981,
          0.053259,
          -0.105604,
          2.234739
        ],
        [
          0.118018,
          -0.387477,
          0.914294,
          2.215265
        ],
        [
          0.007775,
          -0.92034,
          -0.391043,
          1.482133
        ],
        [
          0.0,
          0.0,
          0.0,
          1.0
        ]
      ]
    },
    {
      "file_path": "/media/NFS/ttao/scannet/posed_images/scene0035_00/00041.jpg",
      "transform_matrix": [
        [
          0.990393,
          0.051869,
          -0.128185,
          2.238696
        ],
        [
          0.138267,
          -0.384958,
          0.912518,
          2.221534
        ],
        [
          -0.002014,
          -0.921475,
          -0.388432,
          1.47762
        ],
        [
          0.0,
          0.0,
          0.0,
          1.0
        ]
      ]
    },
    {
      "file_path": "/media/NFS/ttao/scannet/posed_images/scene0035_00/00043.jpg",
      "transform_matrix": [
        [
          0.991115,
          0.046264,
          -0.124703,
          2.2364
        ],
        [
          0.132878,
          -0.385978,
          0.912888,
          2.227415
        ],
        [
          -0.005899,
          -0.921347,
          -0.388696,
          1.475166
        ],
        [
          0.0,
          0.0,
          0.0,
          1.0
        ]
      ]
    },
    {
      "file_path": "/media/NFS/ttao/scannet/posed_images/scene0035_00/00050.jpg",
      "transform_matrix": [
        [
          0.997619,
          0.011457,
          -0.068015,
          2.219054
        ],
        [
          0.066793,
          -0.406452,
          0.911228,
          2.274006
        ],
        [
          -0.017205,
          -0.9136,
          -0.406249,
          1.476985
        ],
        [
          0.0,
          0.0,
          0.0,
          1.0
        ]
      ]
    },
    {
      "file_path": "/media/NFS/ttao/scannet/posed_images/scene0035_00/00053.jpg",
      "transform_matrix": [
        [
          0.999512,
          -0.004817,
          -0.030861,
          2.20419
        ],
        [
          0.026044,
          -0.416905,
          0.908577,
          2.2974
        ],
        [
          -0.017243,
          -0.908937,
          -0.416576,
          1.478717
        ],
        [
          0.0,
          0.0,
          0.0,
          1.0
        ]
      ]
    },
    {
      "file_path": "/media/NFS/ttao/scannet/posed_images/scene0035_00/00060.jpg",
      "transform_matrix": [
        [
          0.995909,
          -0.039806,
          0.081123,
          2.160503
        ],
        [
          -0.090222,
          -0.387886,
          0.917281,
          2.339046
        ],
        [
          -0.005047,
          -0.920847,
          -0.389891,
          1.484433
        ],
        [
          0.0,
          0.0,
          0.0,
          1.0
        ]
      ]
    },
    {
      "file_path": "/media/NFS/ttao/scannet/posed_images/scene0035_00/00063.jpg",
      "transform_matrix": [
        [
          0.990492,
          -0.056673,
          0.125353,
          2.145506
        ],
        [
          -0.137481,
          -0.375288,
          0.916656,
          2.354229
        ],
        [
          -0.004906,
          -0.925174,
          -0.379511,
          1.486872
        ],
        [
          0.0,
          0.0,
          0.0,
          1.0
        ]
      ]
    },
    {
      "file_path": "/media/NFS/ttao/scannet/posed_images/scene0035_00/00071.jpg",
      "transform_matrix": [
        [
          0.965797,
          -0.127439,
          0.225822,
          2.118947
        ],
        [
          -0.258166,
          -0.391248,
          0.883332,
          2.399336
        ],
        [
          -0.024218,
          -0.911419,
          -0.410767,
          1.480779
        ],
        [
          0.0,
          0.0,
          0.0,
          1.0
        ]
      ]
    },
    {
      "file_path": "/media/NFS/ttao/scannet/posed_images/scene0035_00/00072.jpg",
      "transform_matrix": [
        [
          0.962368,
          -0.130989,
          0.238095,
          2.118863
        ],
        [
          -0.270834,
          -0.390482,
          0.879871,
          2.406053
        ],
        [
          -0.022282,
          -0.911244,
          -0.411264,
          1.478486
        ],
        [
          0.0,
          0.0,
          0.0,
          1.0
        ]
      ]
    },
    {
      "file_path": "/media/NFS/ttao/scannet/posed_images/scene0035_00/00081.jpg",
      "transform_matrix": [
        [
          0.932665,
          -0.189522,
          0.30695,
          2.157398
        ],
        [
          -0.358081,
          -0.383157,
          0.851451,
          2.466362
        ],
        [
          -0.043758,
          -0.904031,
          -0.425221,
          1.471741
        ],
        [
          0.0,
          0.0,
          0.0,
          1.0
        ]
      ]
    },
    {
      "file_path": "/media/NFS/ttao/scannet/posed_images/scene0035_00/00086.jpg",
      "transform_matrix": [
        [
          0.91878,
          -0.220232,
          0.32763,
          2.189219
        ],
        [
          -0.38991,
          -0.37642,
          0.840404,
          2.506138
        ],
        [
          -0.061758,
          -0.899892,
          -0.431717,
          1.469265
        ],
        [
          0.0,
          0.0,
          0.0,
          1.0
        ]
      ]
    },
    {
      "file_path": "/media/NFS/ttao/scannet/posed_images/scene0035_00/00091.jpg",
      "transform_matrix": [
        [
          0.895744,
          -0.240175,
          0.37411,
          2.227973
        ],
        [
          -0.440747,
          -0.369631,
          0.817994,
          2.548548
        ],
        [
          -0.058179,
          -0.897602,
          -0.436951,
          1.461196
        ],
        [
          0.0,
          0.0,
          0.0,
          1.0
        ]
      ]
    },
    {
      "file_path": "/media/NFS/ttao/scannet/posed_images/scene0035_00/00096.jpg",
      "transform_matrix": [
        [
          0.87455,
          -0.266359,
          0.405235,
          2.272627
        ],
        [
          -0.481343,
          -0.375271,
          0.792136,
          2.578732
        ],
        [
          -0.058919,
          -0.88782,
          -0.456404,
          1.459324
        ],
        [
          0.0,
          0.0,
          0.0,
          1.0
        ]
      ]
    },
    {
      "file_path": "/media/NFS/ttao/scannet/posed_images/scene0035_00/00100.jpg",
      "transform_matrix": [
        [
          0.856248,
          -0.275571,
          0.43692,
          2.296708
        ],
        [
          -0.514245,
          -0.374665,
          0.771478,
          2.595104
        ],
        [
          -0.048898,
          -0.885261,
          -0.462517,
          1.455096
        ],
        [
          0.0,
          0.0,
          0.0,
          1.0
        ]
      ]
    },
    {
      "file_path": "/media/NFS/ttao/scannet/posed_images/scene0035_00/00102.jpg",
      "transform_matrix": [
        [
          0.846604,
          -0.277686,
          0.45404,
          2.307124
        ],
        [
          -0.530499,
          -0.371655,
          0.761869,
          2.597781
        ],
        [
          -0.042814,
          -0.885868,
          -0.461957,
          1.451065
        ],
        [
          0.0,
          0.0,
          0.0,
          1.0
        ]
      ]
    },
    {
      "file_path": "/media/NFS/ttao/scannet/posed_images/scene0035_00/00108.jpg",
      "transform_matrix": [
        [
          0.814245,
          -0.309007,
          0.491447,
          2.325535
        ],
        [
          -0.578407,
          -0.359648,
          0.732187,
          2.605711
        ],
        [
          -0.049503,
          -0.880436,
          -0.471574,
          1.454799
        ],
        [
          0.0,
          0.0,
          0.0,
          1.0
        ]
      ]
    },
    {
      "file_path": "/media/NFS/ttao/scannet/posed_images/scene0035_00/00112.jpg",
      "transform_matrix": [
        [
          0.786254,
          -0.323211,
          0.52663,
          2.323837
        ],
        [
          -0.615842,
          -0.340337,
          0.71057,
          2.61102
        ],
        [
          -0.050432,
          -0.883009,
          -0.466639,
          1.461921
        ],
        [
          0.0,
          0.0,
          0.0,
          1.0
        ]
      ]
    },
    {
      "file_path": "/media/NFS/ttao/scannet/posed_images/scene0035_00/00121.jpg",
      "transform_matrix": [
        [
          0.707187,
          -0.374281,
          0.599833,
          2.297451
        ],
        [
          -0.705005,
          -0.309179,
          0.638261,
          2.626423
        ],
        [
          -0.053433,
          -0.874255,
          -0.482517,
          1.468101
        ],
        [
          0.0,
          0.0,
          0.0,
          1.0
        ]
      ]
    },
    {
      "file_path": "/media/NFS/ttao/scannet/posed_images/scene0035_00/00122.jpg",
      "transform_matrix": [
        [
          0.698171,
          -0.377891,
          0.608076,
          2.292364
        ],
        [
          -0.713948,
          -0.304312,
          0.630613,
          2.628243
        ],
        [
          -0.053258,
          -0.87441,
          -0.482256,
          1.467729
        ],
        [
          0.0,
          0.0,
          0.0,
          1.0
        ]
      ]
    },
    {
      "file_path": "/media/NFS/ttao/scannet/posed_images/scene0035_00/00127.jpg",
      "transform_matrix": [
        [
          0.656401,
          -0.387145,
          0.647501,
          2.263082
        ],
        [
          -0.753309,
          -0.289953,
          0.590299,
          2.637211
        ],
        [
          -0.040786,
          -0.87524,
          -0.481965,
          1.467152
        ],
        [
          0.0,
          0.0,
          0.0,
          1.0
        ]
      ]
    },
    {
      "file_path": "/media/NFS/ttao/scannet/posed_images/scene0035_00/00136.jpg",
      "transform_matrix": [
        [
          0.589545,
          -0.40683,
          0.697801,
          2.212055
        ],
        [
          -0.806878,
          -0.256827,
          0.531966,
          2.642429
        ],
        [
          -0.037206,
          -0.876658,
          -0.479673,
          1.472558
        ],
        [
          0.0,
          0.0,
          0.0,
          1.0
        ]
      ]
    },
    {
      "file_path": "/media/NFS/ttao/scannet/posed_images/scene0035_00/00140.jpg",
      "transform_matrix": [
        [
          0.563039,
          -0.410795,
          0.717102,
          2.200192
        ],
        [
          -0.82578,
          -0.245224,
          0.507891,
          2.641886
        ],
        [
          -0.032788,
          -0.87813,
          -0.477297,
          1.476234
        ],
        [
          0.0,
          0.0,
          0.0,
          1.0
        ]
      ]
    },
    {
      "file_path": "/media/NFS/ttao/scannet/posed_images/scene0035_00/00143.jpg",
      "transform_matrix": [
        [
          0.542844,
          -0.415144,
          0.730052,
          2.195041
        ],
        [
          -0.839278,
          -0.236541,
          0.489551,
          2.637779
        ],
        [
          -0.030547,
          -0.878467,
          -0.476826,
          1.47634
        ],
        [
          0.0,
          0.0,
          0.0,
          1.0
        ]
      ]
    },
    {
      "file_path": "/media/NFS/ttao/scannet/posed_images/scene0035_00/00146.jpg",
      "transform_matrix": [
        [
          0.524047,
          -0.420624,
          0.740574,
          2.19238
        ],
        [
          -0.851353,
          -0.234292,
          0.469367,
          2.635447
        ],
        [
          -0.023917,
          -0.87646,
          -0.48088,
          1.476937
        ],
        [
          0.0,
          0.0,
          0.0,
          1.0
        ]
      ]
    },
    {
      "file_path": "/media/NFS/ttao/scannet/posed_images/scene0035_00/00152.jpg",
      "transform_matrix": [
        [
          0.475077,
          -0.4448,
          0.759247,
          2.189084
        ],
        [
          -0.879781,
          -0.223449,
          0.419591,
          2.631759
        ],
        [
          -0.016981,
          -0.867308,
          -0.497482,
          1.471482
        ],
        [
          0.0,
          0.0,
          0.0,
          1.0
        ]
      ]
    },
    {
      "file_path": "/media/NFS/ttao/scannet/posed_images/scene0035_00/00159.jpg",
      "transform_matrix": [
        [
          0.409965,
          -0.474484,
          0.77897,
          2.212699
        ],
        [
          -0.912068,
          -0.205968,
          0.354555,
          2.629074
        ],
        [
          -0.007787,
          -0.855829,
          -0.517201,
          1.463267
        ],
        [
          0.0,
          0.0,
          0.0,
          1.0
        ]
      ]
    },
    {
      "file_path": "/media/NFS/ttao/scannet/posed_images/scene0035_00/00161.jpg",
      "transform_matrix": [
        [
          0.395925,
          -0.479466,
          0.78317,
          2.223372
        ],
        [
          -0.918257,
          -0.200243,
          0.341625,
          2.627001
        ],
        [
          -0.006974,
          -0.854409,
          -0.519554,
          1.46027
        ],
        [
          0.0,
          0.0,
          0.0,
          1.0
        ]
      ]
    },
    {
      "file_path": "/media/NFS/ttao/scannet/posed_images/scene0035_00/00167.jpg",
      "transform_matrix": [
        [
          0.340204,
          -0.50589,
          0.792677,
          2.261819
        ],
        [
          -0.940307,
          -0.174751,
          0.292037,
          2.63374
        ],
        [
          -0.009217,
          -0.844712,
          -0.535142,
          1.449446
        ],
        [
          0.0,
          0.0,
          0.0,
          1.0
        ]
      ]
    },
    {
      "file_path": "/media/NFS/ttao/scannet/posed_images/scene0035_00/00174.jpg",
      "transform_matrix": [
        [
          0.256037,
          -0.542893,
          0.79982,
          2.329314
        ],
        [
          -0.966648,
          -0.138604,
          0.215362,
          2.6533
        ],
        [
          -0.00606,
          -0.828285,
          -0.560274,
          1.433141
        ],
        [
          0.0,
          0.0,
          0.0,
          1.0
        ]
      ]
    },
    {
      "file_path": "/media/NFS/ttao/scannet/posed_images/scene0035_00/00180.jpg",
      "transform_matrix": [
        [
          0.172205,
          -0.565591,
          0.806506,
          2.402043
        ],
        [
          -0.985029,
          -0.092269,
          0.145616,
          2.658849
        ],
        [
          -0.007944,
          -0.819508,
          -0.573013,
          1.425405
        ],
        [
          0.0,
          0.0,
          0.0,
          1.0
        ]
      ]
    },
    {
      "file_path": "/media/NFS/ttao/scannet/posed_images/scene0035_00/00184.jpg",
      "transform_matrix": [
        [
          0.12578,
          -0.585899,
          0.800564,
          2.445553
        ],
        [
          -0.991999,
          -0.065481,
          0.107935,
          2.661408
        ],
        [
          -0.010817,
          -0.807734,
          -0.589447,
          1.417422
        ],
        [
          0.0,
          0.0,
          0.0,
          1.0
        ]
      ]
    },
    {
      "file_path": "/media/NFS/ttao/scannet/posed_images/scene0035_00/00189.jpg",
      "transform_matrix": [
        [
          0.052429,
          -0.611701,
          0.78935,
          2.497789
        ],
        [
          -0.998617,
          -0.029099,
          0.043779,
          2.665873
        ],
        [
          -0.003811,
          -0.790554,
          -0.612381,
          1.403246
        ],
        [
          0.0,
          0.0,
          0.0,
          1.0
        ]
      ]
    },
    {
      "file_path": "/media/NFS/ttao/scannet/posed_images/scene0035_00/00190.jpg",
      "transform_matrix": [
        [
          0.038974,
          -0.616431,
          0.786444,
          2.506532
        ],
        [
          -0.999214,
          -0.018294,
          0.03518,
          2.667683
        ],
        [
          -0.007299,
          -0.787196,
          -0.61666,
          1.405546
        ],
        [
          0.0,
          0.0,
          0.0,
          1.0
        ]
      ]
    },
    {
      "file_path": "/media/NFS/ttao/scannet/posed_images/scene0035_00/00196.jpg",
      "transform_matrix": [
        [
          -0.025012,
          -0.617354,
          0.786288,
          2.546143
        ],
        [
          -0.999683,
          0.017673,
          -0.017925,
          2.689343
        ],
        [
          -0.00283,
          -0.786487,
          -0.6176,
          1.40053
        ],
        [
          0.0,
          0.0,
          0.0,
          1.0
        ]
      ]
    },
    {
      "file_path": "/media/NFS/ttao/scannet/posed_images/scene0035_00/00201.jpg",
      "transform_matrix": [
        [
          -0.107313,
          -0.612863,
          0.782869,
          2.572
        ],
        [
          -0.99419,
          0.059516,
          -0.089688,
          2.718935
        ],
        [
          0.008374,
          -0.787945,
          -0.615689,
          1.394234
        ],
        [
          0.0,
          0.0,
          0.0,
          1.0
        ]
      ]
    },
    {
      "file_path": "/media/NFS/ttao/scannet/posed_images/scene0035_00/00209.jpg",
      "transform_matrix": [
        [
          -0.260166,
          -0.600666,
          0.755986,
          2.612815
        ],
        [
          -0.965522,
          0.15453,
          -0.209494,
          2.786771
        ],
        [
          0.009013,
          -0.784424,
          -0.620159,
          1.399991
        ],
        [
          0.0,
          0.0,
          0.0,
          1.0
        ]
      ]
    },
    {
      "file_path": "/media/NFS/ttao/scannet/posed_images/scene0035_00/00214.jpg",
      "transform_matrix": [
        [
          -0.342615,
          -0.571429,
          0.745711,
          2.625192
        ],
        [
          -0.939456,
          0.213555,
          -0.267986,
          2.81462
        ],
        [
          -0.006116,
          -0.792378,
          -0.609999,
          1.409626
        ],
        [
          0.0,
          0.0,
          0.0,
          1.0
        ]
      ]
    },
    {
      "file_path": "/media/NFS/ttao/scannet/posed_images/scene0035_00/00215.jpg",
      "transform_matrix": [
        [
          -0.352556,
          -0.569762,
          0.742344,
          2.627859
        ],
        [
          -0.935768,
          0.220153,
          -0.275446,
          2.821929
        ],
        [
          -0.00649,
          -0.791772,
          -0.610782,
          1.41021
        ],
        [
          0.0,
          0.0,
          0.0,
          1.0
        ]
      ]
    },
    {
      "file_path": "/media/NFS/ttao/scannet/posed_images/scene0035_00/00220.jpg",
      "transform_matrix": [
        [
          -0.401947,
          -0.557698,
          0.726231,
          2.639872
        ],
        [
          -0.915657,
          0.241965,
          -0.320975,
          2.841649
        ],
        [
          0.003284,
          -0.793994,
          -0.607917,
          1.408942
        ],
        [
          0.0,
          0.0,
          0.0,
          1.0
        ]
      ]
    },
    {
      "file_path": "/media/NFS/ttao/scannet/posed_images/scene0035_00/00226.jpg",
      "transform_matrix": [
        [
          -0.450362,
          -0.550894,
          0.702631,
          2.673894
        ],
        [
          -0.892798,
          0.269737,
          -0.360768,
          2.851969
        ],
        [
          0.009219,
          -0.789784,
          -0.613316,
          1.403048
        ],
        [
          0.0,
          0.0,
          0.0,
          1.0
        ]
      ]
    },
    {
      "file_path": "/media/NFS/ttao/scannet/posed_images/scene0035_00/00233.jpg",
      "transform_matrix": [
        [
          -0.493173,
          -0.520423,
          0.697094,
          2.723972
        ],
        [
          -0.869313,
          0.325038,
          -0.372352,
          2.837645
        ],
        [
          -0.032802,
          -0.789626,
          -0.61271,
          1.407953
        ],
        [
          0.0,
          0.0,
          0.0,
          1.0
        ]
      ]
    },
    {
      "file_path": "/media/NFS/ttao/scannet/posed_images/scene0035_00/00235.jpg",
      "transform_matrix": [
        [
          -0.506498,
          -0.509565,
          0.695559,
          2.739344
        ],
        [
          -0.861232,
          0.337991,
          -0.379527,
          2.832429
        ],
        [
          -0.041699,
          -0.791268,
          -0.610046,
          1.410946
        ],
        [
          0.0,
          0.0,
          0.0,
          1.0
        ]
      ]
    },
    {
      "file_path": "/media/NFS/ttao/scannet/posed_images/scene0035_00/00243.jpg",
      "transform_matrix": [
        [
          -0.545182,
          -0.492152,
          0.678649,
          2.794601
        ],
        [
          -0.836654,
          0.370403,
          -0.403499,
          2.809248
        ],
        [
          -0.052791,
          -0.787774,
          -0.613697,
          1.41814
        ],
        [
          0.0,
          0.0,
          0.0,
          1.0
        ]
      ]
    },
    {
      "file_path": "/media/NFS/ttao/scannet/posed_images/scene0035_00/00248.jpg",
      "transform_matrix": [
        [
          -0.57738,
          -0.494782,
          0.649479,
          2.819934
        ],
        [
          -0.815799,
          0.381993,
          -0.434229,
          2.799274
        ],
        [
          -0.033248,
          -0.780559,
          -0.624197,
          1.409557
        ],
        [
          0.0,
          0.0,
          0.0,
          1.0
        ]
      ]
    },
    {
      "file_path": "/media/NFS/ttao/scannet/posed_images/scene0035_00/00251.jpg",
      "transform_matrix": [
        [
          -0.603862,
          -0.486644,
          0.63129,
          2.828873
        ],
        [
          -0.796564,
          0.397164,
          -0.455793,
          2.789962
        ],
        [
          -0.028917,
          -0.778099,
          -0.627476,
          1.405984
        ],
        [
          0.0,
          0.0,
          0.0,
          1.0
        ]
      ]
    },
    {
      "file_path": "/media/NFS/ttao/scannet/posed_images/scene0035_00/00258.jpg",
      "transform_matrix": [
        [
          -0.681338,
          -0.454299,
          0.573926,
          2.842321
        ],
        [
          -0.731684,
          0.444592,
          -0.516698,
          2.777869
        ],
        [
          -0.020427,
          -0.771978,
          -0.635321,
          1.405113
        ],
        [
          0.0,
          0.0,
          0.0,
          1.0
        ]
      ]
    },
    {
      "file_path": "/media/NFS/ttao/scannet/posed_images/scene0035_00/00263.jpg",
      "transform_matrix": [
        [
          -0.725389,
          -0.41893,
          0.546175,
          2.835456
        ],
        [
          -0.687729,
          0.47447,
          -0.549461,
          2.780154
        ],
        [
          -0.028958,
          -0.774194,
          -0.632286,
          1.408111
        ],
        [
          0.0,
          0.0,
          0.0,
          1.0
        ]
      ]
    },
    {
      "file_path": "/media/NFS/ttao/scannet/posed_images/scene0035_00/00266.jpg",
      "transform_matrix": [
        [
          -0.75057,
          -0.39923,
          0.526554,
          2.831491
        ],
        [
          -0.660178,
          0.487346,
          -0.57154,
          2.783582
        ],
        [
          -0.028438,
          -0.776601,
          -0.62935,
          1.408206
        ],
        [
          0.0,
          0.0,
          0.0,
          1.0
        ]
      ]
    },
    {
      "file_path": "/media/NFS/ttao/scannet/posed_images/scene0035_00/00270.jpg",
      "transform_matrix": [
        [
          -0.780733,
          -0.376981,
          0.498339,
          2.826559
        ],
        [
          -0.623989,
          0.512568,
          -0.589841,
          2.787127
        ],
        [
          -0.033074,
          -0.771466,
          -0.63541,
          1.408095
        ],
        [
          0.0,
          0.0,
          0.0,
          1.0
        ]
      ]
    },
    {
      "file_path": "/media/NFS/ttao/scannet/posed_images/scene0035_00/00274.jpg",
      "transform_matrix": [
        [
          -0.806112,
          -0.352906,
          0.475017,
          2.817777
        ],
        [
          -0.590994,
          0.521042,
          -0.615826,
          2.788784
        ],
        [
          -0.030175,
          -0.777157,
          -0.628583,
          1.40968
        ],
        [
          0.0,
          0.0,
          0.0,
          1.0
        ]
      ]
    },
    {
      "file_path": "/media/NFS/ttao/scannet/posed_images/scene0035_00/00279.jpg",
      "transform_matrix": [
        [
          -0.823961,
          -0.333389,
          0.458193,
          2.805159
        ],
        [
          -0.565469,
          0.535885,
          -0.626954,
          2.788838
        ],
        [
          -0.036519,
          -0.77568,
          -0.630069,
          1.413365
        ],
        [
          0.0,
          0.0,
          0.0,
          1.0
        ]
      ]
    },
    {
      "file_path": "/media/NFS/ttao/scannet/posed_images/scene0035_00/00288.jpg",
      "transform_matrix": [
        [
          -0.852224,
          -0.305175,
          0.424949,
          2.785157
        ],
        [
          -0.522092,
          0.548356,
          -0.653243,
          2.789069
        ],
        [
          -0.03367,
          -0.778572,
          -0.626651,
          1.412698
        ],
        [
          0.0,
          0.0,
          0.0,
          1.0
        ]
      ]
    },
    {
      "file_path": "/media/NFS/ttao/scannet/posed_images/scene0035_00/00291.jpg",
      "transform_matrix": [
        [
          -0.86682,
          -0.288059,
          0.406996,
          2.77885
        ],
        [
          -0.497584,
          0.552345,
          -0.668824,
          2.785702
        ],
        [
          -0.032142,
          -0.782264,
          -0.622117,
          1.410802
        ],
        [
          0.0,
          0.0,
          0.0,
          1.0
        ]
      ]
    },
    {
      "file_path": "/media/NFS/ttao/scannet/posed_images/scene0035_00/00296.jpg",
      "transform_matrix": [
        [
          -0.889903,
          -0.259802,
          0.374934,
          2.766394
        ],
        [
          -0.455,
          0.563887,
          -0.689207,
          2.76827
        ],
        [
          -0.032363,
          -0.783922,
          -0.620014,
          1.411943
        ],
        [
          0.0,
          0.0,
          0.0,
          1.0
        ]
      ]
    },
    {
      "file_path": "/media/NFS/ttao/scannet/posed_images/scene0035_00/00302.jpg",
      "transform_matrix": [
        [
          -0.916626,
          -0.217442,
          0.335434,
          2.743469
        ],
        [
          -0.398305,
          0.567997,
          -0.720231,
          2.743614
        ],
        [
          -0.033917,
          -0.793787,
          -0.607249,
          1.417051
        ],
        [
          0.0,
          0.0,
          0.0,
          1.0
        ]
      ]
    },
    {
      "file_path": "/media/NFS/ttao/scannet/posed_images/scene0035_00/00307.jpg",
      "transform_matrix": [
        [
          -0.92731,
          -0.196023,
          0.318861,
          2.730514
        ],
        [
          -0.372305,
          0.570799,
          -0.731832,
          2.727864
        ],
        [
          -0.038549,
          -0.797348,
          -0.602287,
          1.422903
        ],
        [
          0.0,
          0.0,
          0.0,
          1.0
        ]
      ]
    },
    {
      "file_path": "/media/NFS/ttao/scannet/posed_images/scene0035_00/00313.jpg",
      "transform_matrix": [
        [
          -0.939966,
          -0.172417,
          0.294513,
          2.713371
        ],
        [
          -0.338895,
          0.573233,
          -0.746026,
          2.699285
        ],
        [
          -0.040197,
          -0.801047,
          -0.59725,
          1.430852
        ],
        [
          0.0,
          0.0,
          0.0,
          1.0
        ]
      ]
    },
    {
      "file_path": "/media/NFS/ttao/scannet/posed_images/scene0035_00/00314.jpg",
      "transform_matrix": [
        [
          -0.941501,
          -0.166329,
          0.293105,
          2.707823
        ],
        [
          -0.334248,
          0.571996,
          -0.749066,
          2.693278
        ],
        [
          -0.043063,
          -0.803216,
          -0.59413,
          1.42974
        ],
        [
          0.0,
          0.0,
          0.0,
          1.0
        ]
      ]
    },
    {
      "file_path": "/media/NFS/ttao/scannet/posed_images/scene0035_00/00319.jpg",
      "transform_matrix": [
        [
          -0.95179,
          -0.137673,
          0.274122,
          2.690832
        ],
        [
          -0.301827,
          0.579807,
          -0.756786,
          2.657863
        ],
        [
          -0.054749,
          -0.803038,
          -0.593407,
          1.432914
        ],
        [
          0.0,
          0.0,
          0.0,
          1.0
        ]
      ]
    },
    {
      "file_path": "/media/NFS/ttao/scannet/posed_images/scene0035_00/00326.jpg",
      "transform_matrix": [
        [
          -0.963628,
          -0.11395,
          0.241736,
          2.672123
        ],
        [
          -0.261614,
          0.586947,
          -0.766193,
          2.59673
        ],
        [
          -0.054578,
          -0.801566,
          -0.595409,
          1.433631
        ],
        [
          0.0,
          0.0,
          0.0,
          1.0
        ]
      ]
    },
    {
      "file_path": "/media/NFS/ttao/scannet/posed_images/scene0035_00/00329.jpg",
      "transform_matrix": [
        [
          -0.967812,
          -0.101609,
          0.230251,
          2.661432
        ],
        [
          -0.245101,
          0.588262,
          -0.770632,
          2.563599
        ],
        [
          -0.057145,
          -0.802261,
          -0.594232,
          1.43616
        ],
        [
          0.0,
          0.0,
          0.0,
          1.0
        ]
      ]
    },
    {
      "file_path": "/media/NFS/ttao/scannet/posed_images/scene0035_00/00335.jpg",
      "transform_matrix": [
        [
          -0.974623,
          -0.073804,
          0.211336,
          2.631327
        ],
        [
          -0.213628,
          0.588724,
          -0.779594,
          2.497187
        ],
        [
          -0.066881,
          -0.804957,
          -0.589551,
          1.4374
        ],
        [
          0.0,
          0.0,
          0.0,
          1.0
        ]
      ]
    },
    {
      "file_path": "/media/NFS/ttao/scannet/posed_images/scene0035_00/00342.jpg",
      "transform_matrix": [
        [
          -0.98065,
          -0.052383,
          0.188632,
          2.592478
        ],
        [
          -0.184033,
          0.575279,
          -0.796985,
          2.419511
        ],
        [
          -0.066768,
          -0.816278,
          -0.573788,
          1.440228
        ],
        [
          0.0,
          0.0,
          0.0,
          1.0
        ]
      ]
    },
    {
      "file_path": "/media/NFS/ttao/scannet/posed_images/scene0035_00/00345.jpg",
      "transform_matrix": [
        [
          -0.982389,
          -0.047182,
          0.180794,
          2.576678
        ],
        [
          -0.174924,
          0.572372,
          -0.801119,
          2.395848
        ],
        [
          -0.065683,
          -0.818635,
          -0.570545,
          1.439781
        ],
        [
          0.0,
          0.0,
          0.0,
          1.0
        ]
      ]
    },
    {
      "file_path": "/media/NFS/ttao/scannet/posed_images/scene0035_00/00348.jpg",
      "transform_matrix": [
        [
          -0.985081,
          -0.040715,
          0.167208,
          2.560756
        ],
        [
          -0.160355,
          0.569859,
          -0.805945,
          2.373585
        ],
        [
          -0.062471,
          -0.820733,
          -0.567886,
          1.438843
        ],
        [
          0.0,
          0.0,
          0.0,
          1.0
        ]
      ]
    },
    {
      "file_path": "/media/NFS/ttao/scannet/posed_images/scene0035_00/00354.jpg",
      "transform_matrix": [
        [
          -0.990175,
          -0.017511,
          0.138737,
          2.535312
        ],
        [
          -0.123626,
          0.573304,
          -0.809963,
          2.338814
        ],
        [
          -0.065355,
          -0.819156,
          -0.569835,
          1.439002
        ],
        [
          0.0,
          0.0,
          0.0,
          1.0
        ]
      ]
    },
    {
      "file_path": "/media/NFS/ttao/scannet/posed_images/scene0035_00/00360.jpg",
      "transform_matrix": [
        [
          -0.994954,
          0.01221,
          0.099583,
          2.523178
        ],
        [
          -0.074587,
          0.573821,
          -0.815577,
          2.315758
        ],
        [
          -0.067101,
          -0.81889,
          -0.570015,
          1.439783
        ],
        [
          0.0,
          0.0,
          0.0,
          1.0
        ]
      ]
    },
    {
      "file_path": "/media/NFS/ttao/scannet/posed_images/scene0035_00/00366.jpg",
      "transform_matrix": [
        [
          -0.997744,
          0.037657,
          0.055571,
          2.536518
        ],
        [
          -0.023938,
          0.573816,
          -0.818635,
          2.306703
        ],
        [
          -0.062715,
          -0.818118,
          -0.57162,
          1.43817
        ],
        [
          0.0,
          0.0,
          0.0,
          1.0
        ]
      ]
    },
    {
      "file_path": "/media/NFS/ttao/scannet/posed_images/scene0035_00/00369.jpg",
      "transform_matrix": [
        [
          -0.997884,
          0.056637,
          0.031924,
          2.54999
        ],
        [
          0.006269,
          0.572556,
          -0.819842,
          2.305848
        ],
        [
          -0.064711,
          -0.817907,
          -0.5717,
          1.438121
        ],
        [
          0.0,
          0.0,
          0.0,
          1.0
        ]
      ]
    },
    {
      "file_path": "/media/NFS/ttao/scannet/posed_images/scene0035_00/00376.jpg",
      "transform_matrix": [
        [
          -0.995635,
          0.09156,
          -0.018106,
          2.590918
        ],
        [
          0.067634,
          0.574108,
          -0.815981,
          2.302682
        ],
        [
          -0.064316,
          -0.813644,
          -0.577794,
          1.445167
        ],
        [
          0.0,
          0.0,
          0.0,
          1.0
        ]
      ]
    },
    {
      "file_path": "/media/NFS/ttao/scannet/posed_images/scene0035_00/00379.jpg",
      "transform_matrix": [
        [
          -0.993504,
          0.106798,
          -0.039304,
          2.607802
        ],
        [
          0.093946,
          0.574785,
          -0.812894,
          2.303855
        ],
        [
