{
  "frames": [
    {
      "file_path": "/media/NFS/ttao/scannet/posed_images/scene0434_02/00002.jpg",
      "transform_matrix": [
        [
          -0.875823,
          0.292147,
          -0.384168,
          3.360282
        ],
        [
          0.482458,
          0.508494,
          -0.71321,
          1.215369
        ],
        [
          -0.013015,
          -0.80999,
          -0.586299,
          1.309306
        ],
        [
          0.0,
          0.0,
          0.0,
          1.0
        ]
      ]
    },
    {
      "file_path": "/media/NFS/ttao/scannet/posed_images/scene0434_02/00005.jpg",
      "transform_matrix": [
        [
          -0.87733,
          0.291811,
          -0.380969,
          3.362279
        ],
        [
          0.479748,
          0.514239,
          -0.710915,
          1.215859
        ],
        [
          -0.011544,
          -0.806477,
          -0.591154,
          1.306792
        ],
        [
          0.0,
          0.0,
          0.0,
          1.0
        ]
      ]
    },
    {
      "file_path": "/media/NFS/ttao/scannet/posed_images/scene0434_02/00012.jpg",
      "transform_matrix": [
        [
          -0.878721,
          0.305895,
          -0.366439,
          3.367415
        ],
        [
          0.477042,
          0.535867,
          -0.696618,
          1.217248
        ],
        [
          -0.01673,
          -0.78694,
          -0.616803,
          1.297118
        ],
        [
          0.0,
          0.0,
          0.0,
          1.0
        ]
      ]
    },
    {
      "file_path": "/media/NFS/ttao/scannet/posed_images/scene0434_02/00014.jpg",
      "transform_matrix": [
        [
          -0.878524,
          0.306915,
          -0.366059,
          3.369822
        ],
        [
          0.477431,
          0.538481,
          -0.694332,
          1.218135
        ],
        [
          -0.015985,
          -0.784756,
          -0.619599,
          1.294571
        ],
        [
          0.0,
          0.0,
          0.0,
          1.0
        ]
      ]
    },
    {
      "file_path": "/media/NFS/ttao/scannet/posed_images/scene0434_02/00023.jpg",
      "transform_matrix": [
        [
          -0.882322,
          0.31512,
          -0.349583,
          3.384293
        ],
        [
          0.470354,
          0.564165,
          -0.67859,
          1.225558
        ],
        [
          -0.016615,
          -0.763163,
          -0.645993,
          1.272874
        ],
        [
          0.0,
          0.0,
          0.0,
          1.0
        ]
      ]
    },
    {
      "file_path": "/media/NFS/ttao/scannet/posed_images/scene0434_02/00025.jpg",
      "transform_matrix": [
        [
          -0.884356,
          0.313803,
          -0.345604,
          3.387499
        ],
        [
          0.466626,
          0.573314,
          -0.673477,
          1.227383
        ],
        [
          -0.013199,
          -0.756861,
          -0.653442,
          1.266892
        ],
        [
          0.0,
          0.0,
          0.0,
          1.0
        ]
      ]
    },
    {
      "file_path": "/media/NFS/ttao/scannet/posed_images/scene0434_02/00029.jpg",
      "transform_matrix": [
        [
          -0.889883,
          0.315007,
          -0.329968,
          3.392054
        ],
        [
          0.456137,
          0.60354,
          -0.653971,
          1.230403
        ],
        [
          -0.006857,
          -0.732469,
          -0.680766,
          1.253529
        ],
        [
          0.0,
          0.0,
          0.0,
          1.0
        ]
      ]
    },
    {
      "file_path": "/media/NFS/ttao/scannet/posed_images/scene0434_02/00038.jpg",
      "transform_matrix": [
        [
          -0.904381,
          0.294892,
          -0.308437,
          3.403654
        ],
        [
          0.425785,
          0.671578,
          -0.606375,
          1.239608
        ],
        [
          0.028324,
          -0.679722,
          -0.732923,
          1.227735
        ],
        [
          0.0,
          0.0,
          0.0,
          1.0
        ]
      ]
    },
    {
      "file_path": "/media/NFS/ttao/scannet/posed_images/scene0434_02/00040.jpg",
      "transform_matrix": [
        [
          -0.906449,
          0.291302,
          -0.305767,
          3.405785
        ],
        [
          0.421139,
          0.677512,
          -0.603009,
          1.242614
        ],
        [
          0.031503,
          -0.675367,
          -0.736808,
          1.225398
        ],
        [
          0.0,
          0.0,
          0.0,
          1.0
        ]
      ]
    },
    {
      "file_path": "/media/NFS/ttao/scannet/posed_images/scene0434_02/00044.jpg",
      "transform_matrix": [
        [
          -0.911966,
          0.280273,
          -0.299608,
          3.412477
        ],
        [
          0.408629,
          0.685695,
          -0.602365,
          1.248512
        ],
        [
          0.036613,
          -0.671765,
          -0.739859,
          1.2225
        ],
        [
          0.0,
          0.0,
          0.0,
          1.0
        ]
      ]
    },
    {
      "file_path": "/media/NFS/ttao/scannet/posed_images/scene0434_02/00051.jpg",
      "transform_matrix": [
        [
          -0.920543,
          0.270928,
          -0.281424,
          3.423258
        ],
        [
          0.389077,
          0.700309,
          -0.598487,
          1.252377
        ],
        [
          0.034937,
          -0.660428,
          -0.750076,
          1.219462
        ],
        [
          0.0,
          0.0,
          0.0,
          1.0
        ]
      ]
    },
    {
      "file_path": "/media/NFS/ttao/scannet/posed_images/scene0434_02/00058.jpg",
      "transform_matrix": [
        [
          -0.93403,
          0.25458,
          -0.250554,
          3.442374
        ],
        [
          0.35704,
          0.686116,
          -0.633851,
          1.256387
        ],
        [
          0.010543,
          -0.681494,
          -0.731748,
          1.225893
        ],
        [
          0.0,
          0.0,
          0.0,
          1.0
        ]
      ]
    },
    {
      "file_path": "/media/NFS/ttao/scannet/posed_images/scene0434_02/00061.jpg",
      "transform_matrix": [
        [
          -0.943831,
          0.232957,
          -0.234337,
          3.452336
        ],
        [
          0.330074,
          0.697562,
          -0.63597,
          1.259763
        ],
        [
          0.01531,
          -0.677597,
          -0.735274,
          1.220271
        ],
        [
          0.0,
          0.0,
          0.0,
          1.0
        ]
      ]
    },
    {
      "file_path": "/media/NFS/ttao/scannet/posed_images/scene0434_02/00069.jpg",
      "transform_matrix": [
        [
          -0.971106,
          0.150285,
          -0.185387,
          3.489862
        ],
        [
          0.236654,
          0.706692,
          -0.66677,
          1.270416
        ],
        [
          0.030805,
          -0.691376,
          -0.721838,
          1.207761
        ],
        [
          0.0,
          0.0,
          0.0,
          1.0
        ]
      ]
    },
    {
      "file_path": "/media/NFS/ttao/scannet/posed_images/scene0434_02/00072.jpg",
      "transform_matrix": [
        [
          -0.97829,
          0.135428,
          -0.156867,
          3.496824
        ],
        [
          0.206,
          0.7181,
          -0.664753,
          1.275574
        ],
        [
          0.02262,
          -0.682636,
          -0.730409,
          1.196685
        ],
        [
          0.0,
          0.0,
          0.0,
          1.0
        ]
      ]
    },
    {
      "file_path": "/media/NFS/ttao/scannet/posed_images/scene0434_02/00077.jpg",
      "transform_matrix": [
        [
          -0.98714,
          0.113496,
          -0.112575,
          3.500789
        ],
        [
          0.159432,
          0.750325,
          -0.641555,
          1.279165
        ],
        [
          0.011654,
          -0.651253,
          -0.758771,
          1.190171
        ],
        [
          0.0,
          0.0,
          0.0,
          1.0
        ]
      ]
    },
    {
      "file_path": "/media/NFS/ttao/scannet/posed_images/scene0434_02/00084.jpg",
      "transform_matrix": [
        [
          -0.996121,
          0.076949,
          -0.042684,
          3.479179
        ],
        [
          0.08579,
          0.741357,
          -0.665605,
          1.306263
        ],
        [
          -0.019574,
          -0.666685,
          -0.745083,
          1.198689
        ],
        [
          0.0,
          0.0,
          0.0,
          1.0
        ]
      ]
    },
    {
      "file_path": "/media/NFS/ttao/scannet/posed_images/scene0434_02/00086.jpg",
      "transform_matrix": [
        [
          -0.996811,
          0.072276,
          -0.033826,
          3.474055
        ],
        [
          0.076263,
          0.73801,
          -0.670466,
          1.314374
        ],
        [
          -0.023494,
          -0.670907,
          -0.741169,
          1.198419
        ],
        [
          0.0,
          0.0,
          0.0,
          1.0
        ]
      ]
    },
    {
      "file_path": "/media/NFS/ttao/scannet/posed_images/scene0434_02/00090.jpg",
      "transform_matrix": [
        [
          -0.996905,
          0.076239,
          -0.019204,
          3.467039
        ],
        [
          0.069616,
          0.742475,
          -0.666246,
          1.32867
        ],
        [
          -0.036536,
          -0.665521,
          -0.745484,
          1.197489
        ],
        [
          0.0,
          0.0,
          0.0,
          1.0
        ]
      ]
    },
    {
      "file_path": "/media/NFS/ttao/scannet/posed_images/scene0434_02/00098.jpg",
      "transform_matrix": [
        [
          -0.997292,
          0.061147,
          -0.04087,
          3.461226
        ],
        [
          0.072516,
          0.724711,
          -0.685226,
          1.346266
        ],
        [
          -0.01228,
          -0.686334,
          -0.727183,
          1.198204
        ],
        [
          0.0,
          0.0,
          0.0,
          1.0
        ]
      ]
    },
    {
      "file_path": "/media/NFS/ttao/scannet/posed_images/scene0434_02/00104.jpg",
      "transform_matrix": [
        [
          -0.999681,
          -0.008089,
          0.023941,
          3.444035
        ],
        [
          -0.022436,
          0.720077,
          -0.693532,
          1.369671
        ],
        [
          -0.011629,
          -0.693847,
          -0.720028,
          1.20009
        ],
        [
          0.0,
          0.0,
          0.0,
          1.0
        ]
      ]
    },
    {
      "file_path": "/media/NFS/ttao/scannet/posed_images/scene0434_02/00109.jpg",
      "transform_matrix": [
        [
          -0.997252,
          -0.041886,
          0.061105,
          3.415063
        ],
        [
          -0.072352,
          0.72791,
          -0.681845,
          1.373209
        ],
        [
          -0.01592,
          -0.684392,
          -0.72894,
          1.201847
        ],
        [
          0.0,
          0.0,
          0.0,
          1.0
        ]
      ]
    },
    {
      "file_path": "/media/NFS/ttao/scannet/posed_images/scene0434_02/00113.jpg",
      "transform_matrix": [
        [
          -0.992875,
          -0.08542,
          0.083078,
          3.384075
        ],
        [
          -0.119157,
          0.709773,
          -0.694279,
          1.375281
        ],
        [
          0.000339,
          -0.699232,
          -0.714895,
          1.203287
        ],
        [
          0.0,
          0.0,
          0.0,
          1.0
        ]
      ]
    },
    {
      "file_path": "/media/NFS/ttao/scannet/posed_images/scene0434_02/00120.jpg",
      "transform_matrix": [
        [
          -0.96572,
          -0.190387,
          0.17646,
          3.30194
        ],
        [
          -0.258913,
          0.657474,
          -0.707596,
          1.374142
        ],
        [
          0.018699,
          -0.729028,
          -0.684229,
          1.186719
        ],
        [
          0.0,
          0.0,
          0.0,
          1.0
        ]
      ]
    },
    {
      "file_path": "/media/NFS/ttao/scannet/posed_images/scene0434_02/00121.jpg",
      "transform_matrix": [
        [
          -0.960281,
          -0.207116,
          0.186985,
          3.289388
        ],
        [
          -0.278075,
          0.654802,
          -0.702786,
          1.373109
        ],
        [
          0.02312,
          -0.726868,
          -0.686388,
          1.182072
        ],
        [
          0.0,
          0.0,
          0.0,
          1.0
        ]
      ]
    },
    {
      "file_path": "/media/NFS/ttao/scannet/posed_images/scene0434_02/00130.jpg",
      "transform_matrix": [
        [
          -0.916497,
          -0.279116,
          0.286579,
          3.190319
        ],
        [
          -0.399813,
          0.663328,
          -0.632571,
          1.3726
        ],
        [
          -0.013535,
          -0.694327,
          -0.719533,
          1.160038
        ],
        [
          0.0,
          0.0,
          0.0,
          1.0
        ]
      ]
    },
    {
      "file_path": "/media/NFS/ttao/scannet/posed_images/scene0434_02/00132.jpg",
      "transform_matrix": [
        [
          -0.91273,
          -0.279827,
          0.297692,
          3.174869
        ],
        [
          -0.407969,
          0.663524,
          -0.627134,
          1.376667
        ],
        [
          -0.022037,
          -0.693853,
          -0.719779,
          1.160345
        ],
        [
          0.0,
          0.0,
          0.0,
          1.0
        ]
      ]
    },
    {
      "file_path": "/media/NFS/ttao/scannet/posed_images/scene0434_02/00138.jpg",
      "transform_matrix": [
        [
          -0.914911,
          -0.264843,
          0.304625,
          3.137007
        ],
        [
          -0.40202,
          0.665725,
          -0.628641,
          1.388748
        ],
        [
          -0.036305,
          -0.697616,
          -0.715551,
          1.15992
        ],
        [
          0.0,
          0.0,
          0.0,
          1.0
        ]
      ]
    },
    {
      "file_path": "/media/NFS/ttao/scannet/posed_images/scene0434_02/00146.jpg",
      "transform_matrix": [
        [
          -0.917111,
          -0.251934,
          0.30893,
          3.112813
        ],
        [
          -0.395787,
          0.667905,
          -0.630282,
          1.400864
        ],
        [
          -0.047547,
          -0.700309,
          -0.712255,
          1.156092
        ],
        [
          0.0,
          0.0,
          0.0,
          1.0
        ]
      ]
    },
    {
      "file_path": "/media/NFS/ttao/scannet/posed_images/scene0434_02/00147.jpg",
      "transform_matrix": [
        [
          -0.91719,
          -0.250768,
          0.309642,
          3.111243
        ],
        [
          -0.395534,
          0.666872,
          -0.631534,
          1.401805
        ],
        [
          -0.048123,
          -0.70171,
          -0.710835,
          1.155746
        ],
        [
          0.0,
          0.0,
          0.0,
          1.0
        ]
      ]
    },
    {
      "file_path": "/media/NFS/ttao/scannet/posed_images/scene0434_02/00156.jpg",
      "transform_matrix": [
        [
          -0.921886,
          -0.241733,
          0.302808,
          3.120234
        ],
        [
          -0.385789,
          0.645236,
          -0.659423,
          1.400319
        ],
        [
          -0.035978,
          -0.724732,
          -0.688091,
          1.167492
        ],
        [
          0.0,
          0.0,
          0.0,
          1.0
        ]
      ]
    },
    {
      "file_path": "/media/NFS/ttao/scannet/posed_images/scene0434_02/00161.jpg",
      "transform_matrix": [
        [
          -0.926761,
          -0.244035,
          0.285589,
          3.139938
        ],
        [
          -0.375219,
          0.637834,
          -0.672591,
          1.3971
        ],
        [
          -0.018023,
          -0.73049,
          -0.682686,
          1.175297
        ],
        [
          0.0,
          0.0,
          0.0,
          1.0
        ]
      ]
    },
    {
      "file_path": "/media/NFS/ttao/scannet/posed_images/scene0434_02/00162.jpg",
      "transform_matrix": [
        [
          -0.927942,
          -0.244017,
          0.281745,
          3.143526
        ],
        [
          -0.372399,
          0.638595,
          -0.673436,
          1.395993
        ],
        [
          -0.015591,
          -0.72983,
          -0.683451,
          1.175859
        ],
        [
          0.0,
          0.0,
          0.0,
          1.0
        ]
      ]
    },
    {
      "file_path": "/media/NFS/ttao/scannet/posed_images/scene0434_02/00172.jpg",
      "transform_matrix": [
        [
          -0.957479,
          -0.20781,
          0.200123,
          3.220181
        ],
        [
          -0.288307,
          0.66365,
          -0.690251,
          1.378833
        ],
        [
          0.01063,
          -0.718598,
          -0.695344,
          1.188016
        ],
        [
          0.0,
          0.0,
          0.0,
          1.0
        ]
      ]
    },
    {
      "file_path": "/media/NFS/ttao/scannet/posed_images/scene0434_02/00175.jpg",
      "transform_matrix": [
        [
          -0.958819,
          -0.214707,
          0.185922,
          3.255424
        ],
        [
          -0.283268,
          0.675404,
          -0.680873,
          1.370812
        ],
        [
          0.020616,
          -0.7055,
          -0.70841,
          1.196932
        ],
        [
          0.0,
          0.0,
          0.0,
          1.0
        ]
      ]
    },
    {
      "file_path": "/media/NFS/ttao/scannet/posed_images/scene0434_02/00181.jpg",
      "transform_matrix": [
        [
          -0.977667,
          -0.168922,
          0.125028,
          3.342163
        ],
        [
          -0.206893,
          0.669151,
          -0.713745,
          1.349337
        ],
        [
          0.036904,
          -0.723673,
          -0.689156,
          1.219194
        ],
        [
          0.0,
          0.0,
          0.0,
          1.0
        ]
      ]
    },
    {
      "file_path": "/media/NFS/ttao/scannet/posed_images/scene0434_02/00184.jpg",
      "transform_matrix": [
        [
          -0.987662,
          -0.136018,
          0.077608,
          3.385009
        ],
        [
          -0.149995,
          0.679239,
          -0.718426,
          1.34034
        ],
        [
          0.045004,
          -0.721203,
          -0.691261,
          1.223014
        ],
        [
          0.0,
          0.0,
          0.0,
          1.0
        ]
      ]
    },
    {
      "file_path": "/media/NFS/ttao/scannet/posed_images/scene0434_02/00192.jpg",
      "transform_matrix": [
        [
          -0.998839,
          -0.018257,
          -0.04457,
          3.494321
        ],
        [
          0.019685,
          0.689812,
          -0.723721,
          1.336448
        ],
        [
          0.043958,
          -0.723759,
          -0.688652,
          1.216031
        ],
        [
          0.0,
          0.0,
          0.0,
          1.0
        ]
      ]
    },
    {
      "file_path": "/media/NFS/ttao/scannet/posed_images/scene0434_02/00193.jpg",
      "transform_matrix": [
        [
          -0.998464,
          -0.009301,
          -0.054619,
          3.505837
        ],
        [
          0.033258,
          0.68784,
          -0.7251,
          1.337257
        ],
        [
          0.044314,
          -0.725803,
          -0.686474,
          1.213298
        ],
        [
          0.0,
          0.0,
          0.0,
          1.0
        ]
      ]
    },
    {
      "file_path": "/media/NFS/ttao/scannet/posed_images/scene0434_02/00199.jpg",
      "transform_matrix": [
        [
          -0.997566,
          0.000969,
          -0.069718,
          3.564476
        ],
        [
          0.050457,
          0.70012,
          -0.71224,
          1.341892
        ],
        [
          0.048121,
          -0.714024,
          -0.698465,
          1.206069
        ],
        [
          0.0,
          0.0,
          0.0,
          1.0
        ]
      ]
    },
    {
      "file_path": "/media/NFS/ttao/scannet/posed_images/scene0434_02/00207.jpg",
      "transform_matrix": [
        [
          -0.999531,
          -0.015637,
          -0.026348,
          3.60097
        ],
        [
          0.009918,
          0.648528,
          -0.761126,
          1.356735
        ],
        [
          0.02899,
          -0.76103,
          -0.648069,
          1.233275
        ],
        [
          0.0,
          0.0,
          0.0,
          1.0
        ]
      ]
    },
    {
      "file_path": "/media/NFS/ttao/scannet/posed_images/scene0434_02/00208.jpg",
      "transform_matrix": [
        [
          -0.999632,
          -0.018447,
          -0.0199,
          3.601625
        ],
        [
          0.003312,
          0.644946,
          -0.764221,
          1.358168
        ],
        [
          0.026932,
          -0.764006,
          -0.644647,
          1.236362
        ],
        [
          0.0,
          0.0,
          0.0,
          1.0
        ]
      ]
    },
    {
      "file_path": "/media/NFS/ttao/scannet/posed_images/scene0434_02/00218.jpg",
      "transform_matrix": [
        [
          -0.995616,
          -0.064444,
          0.067791,
          3.600685
        ],
        [
          -0.093265,
          0.629028,
          -0.771768,
          1.38419
        ],
        [
          0.007093,
          -0.774707,
          -0.632281,
          1.247145
        ],
        [
          0.0,
          0.0,
          0.0,
          1.0
        ]
      ]
    },
    {
      "file_path": "/media/NFS/ttao/scannet/posed_images/scene0434_02/00219.jpg",
      "transform_matrix": [
        [
          -0.994847,
          -0.070717,
          0.072659,
          3.599226
        ],
        [
          -0.10099,
          0.627409,
          -0.772113,
          1.386642
        ],
        [
          0.009014,
          -0.775472,
          -0.631317,
          1.246108
        ],
        [
          0.0,
          0.0,
          0.0,
          1.0
        ]
      ]
    },
    {
      "file_path": "/media/NFS/ttao/scannet/posed_images/scene0434_02/00224.jpg",
      "transform_matrix": [
        [
          -0.990944,
          -0.096006,
          0.093877,
          3.583408
        ],
        [
          -0.133778,
          0.645693,
          -0.751787,
          1.391174
        ],
        [
          0.011561,
          -0.757538,
          -0.652689,
          1.238808
        ],
        [
          0.0,
          0.0,
          0.0,
          1.0
        ]
      ]
    },
    {
      "file_path": "/media/NFS/ttao/scannet/posed_images/scene0434_02/00233.jpg",
      "transform_matrix": [
        [
          -0.975071,
          -0.150864,
          0.162714,
          3.535485
        ],
        [
          -0.221633,
          0.697596,
          -0.681351,
          1.400701
        ],
        [
          -0.010718,
          -0.700429,
          -0.713642,
          1.220114
        ],
        [
          0.0,
          0.0,
          0.0,
          1.0
        ]
      ]
    },
    {
      "file_path": "/media/NFS/ttao/scannet/posed_images/scene0434_02/00238.jpg",
      "transform_matrix": [
        [
          -0.964549,
          -0.185589,
          0.187619,
          3.508859
        ],
        [
          -0.26371,
          0.704955,
          -0.658404,
          1.406987
        ],
        [
          -0.01007,
          -0.684541,
          -0.728905,
          1.215191
        ],
        [
          0.0,
          0.0,
          0.0,
          1.0
        ]
      ]
    },
    {
      "file_path": "/media/NFS/ttao/scannet/posed_images/scene0434_02/00239.jpg",
      "transform_matrix": [
        [
          -0.963273,
          -0.188932,
          0.190813,
          3.502254
        ],
        [
          -0.268317,
          0.705118,
          -0.656364,
          1.407783
        ],
        [
          -0.010538,
          -0.683457,
          -0.729915,
          1.215038
        ],
        [
          0.0,
          0.0,
          0.0,
          1.0
        ]
      ]
    },
    {
      "file_path": "/media/NFS/ttao/scannet/posed_images/scene0434_02/00244.jpg",
      "transform_matrix": [
        [
          -0.962593,
          -0.196805,
          0.186234,
          3.472375
        ],
        [
          -0.270946,
          0.703871,
          -0.656623,
          1.410018
        ],
        [
          -0.001858,
          -0.68252,
          -0.730865,
          1.215118
        ],
        [
          0.0,
          0.0,
          0.0,
          1.0
        ]
      ]
    },
    {
      "file_path": "/media/NFS/ttao/scannet/posed_images/scene0434_02/00251.jpg",
      "transform_matrix": [
        [
          -0.971431,
          -0.16221,
          0.17323,
          3.431128
        ],
        [
          -0.237306,
          0.671683,
          -0.701803,
          1.400671
        ],
        [
          -0.002516,
          -0.722862,
          -0.690988,
          1.240863
        ],
        [
          0.0,
          0.0,
          0.0,
          1.0
        ]
      ]
    },
    {
      "file_path": "/media/NFS/ttao/scannet/posed_images/scene0434_02/00258.jpg",
      "transform_matrix": [
        [
          -0.984988,
          -0.083349,
          0.151166,
          3.403418
        ],
        [
          -0.17,
          0.62041,
          -0.765631,
          1.389905
        ],
        [
          -0.029971,
          -0.779836,
          -0.625266,
          1.275249
        ],
        [
          0.0,
          0.0,
          0.0,
          1.0
        ]
      ]
    },
    {
      "file_path": "/media/NFS/ttao/scannet/posed_images/scene0434_02/00262.jpg",
      "transform_matrix": [
        [
          -0.988466,
          -0.05169,
          0.14235,
          3.397156
        ],
        [
          -0.14488,
          0.596494,
          -0.789433,
          1.390016
        ],
        [
          -0.044105,
          -0.800951,
          -0.597103,
          1.283943
        ],
        [
          0.0,
          0.0,
          0.0,
          1.0
        ]
      ]
    },
    {
      "file_path": "/media/NFS/ttao/scannet/posed_images/scene0434_02/00268.jpg",
      "transform_matrix": [
        [
          -0.992497,
          -0.024937,
          0.119698,
          3.401604
        ],
        [
          -0.112623,
          0.567558,
          -0.815594,
          1.383146
        ],
        [
          -0.047597,
          -0.822956,
          -0.566108,
          1.300058
        ],
        [
          0.0,
          0.0,
          0.0,
          1.0
        ]
      ]
    },
    {
      "file_path": "/media/NFS/ttao/scannet/posed_images/scene0434_02/00270.jpg",
      "transform_matrix": [
        [
          -0.992899,
          -0.018359,
          0.117536,
          3.403975
        ],
        [
          -0.107718,
          0.558036,
          -0.822795,
          1.383744
        ],
        [
          -0.050484,
          -0.829614,
          -0.556051,
          1.301879
        ],
        [
          0.0,
          0.0,
          0.0,
          1.0
        ]
      ]
    },
    {
      "file_path": "/media/NFS/ttao/scannet/posed_images/scene0434_02/00274.jpg",
      "transform_matrix": [
        [
          -0.993389,
          -0.006939,
          0.11459,
          3.408042
        ],
        [
          -0.100209,
          0.539406,
          -0.836062,
          1.380671
        ],
        [
          -0.056009,
          -0.842017,
          -0.536535,
          1.309695
        ],
        [
          0.0,
          0.0,
          0.0,
          1.0
        ]
      ]
    },
    {
      "file_path": "/media/NFS/ttao/scannet/posed_images/scene0434_02/00282.jpg",
      "transform_matrix": [
        [
          -0.995407,
          0.013392,
          0.094796,
          3.411252
        ],
        [
          -0.077066,
          0.475389,
          -0.876394,
          1.374541
        ],
        [
          -0.056801,
          -0.879674,
          -0.472173,
          1.335346
        ],
        [
          0.0,
          0.0,
          0.0,
          1.0
        ]
      ]
    },
    {
      "file_path": "/media/NFS/ttao/scannet/posed_images/scene0434_02/00287.jpg",
      "transform_matrix": [
        [
          -0.997577,
          0.027461,
          0.063925,
          3.412025
        ],
        [
          -0.045631,
          0.435352,
          -0.899103,
          1.369841
        ],
        [
          -0.05252,
          -0.899841,
          -0.433044,
          1.351092
        ],
        [
          0.0,
          0.0,
          0.0,
          1.0
        ]
      ]
    },
    {
      "file_path": "/media/NFS/ttao/scannet/posed_images/scene0434_02/00294.jpg",
      "transform_matrix": [
        [
          -0.99856,
          0.048097,
          0.023766,
          3.407135
        ],
        [
          -0.002657,
          0.398121,
          -0.917329,
          1.362653
        ],
        [
          -0.053582,
          -0.916071,
          -0.39742,
          1.368037
        ],
        [
          0.0,
          0.0,
          0.0,
          1.0
        ]
      ]
    },
    {
      "file_path": "/media/NFS/ttao/scannet/posed_images/scene0434_02/00299.jpg",
      "transform_matrix": [
        [
          -0.997838,
          0.064376,
          0.013218,
          3.403556
        ],
        [
          0.012496,
          0.383321,
          -0.923531,
          1.361769
        ],
        [
          -0.06452,
          -0.921369,
          -0.383297,
          1.37391
        ],
        [
          0.0,
          0.0,
          0.0,
          1.0
        ]
      ]
    },
    {
      "file_path": "/media/NFS/ttao/scannet/posed_images/scene0434_02/00300.jpg",
      "transform_matrix": [
        [
          -0.99735,
          0.071167,
          0.015126,
          3.400373
        ],
        [
          0.013089,
          0.380015,
          -0.924888,
          1.363203
        ],
        [
          -0.07157,
          -0.922238,
          -0.379939,
          1.374819
        ],
        [
          0.0,
          0.0,
          0.0,
          1.0
        ]
      ]
    },
    {
      "file_path": "/media/NFS/ttao/scannet/posed_images/scene0434_02/00310.jpg",
      "transform_matrix": [
        [
          -0.996089,
          0.087681,
          -0.010882,
          3.388754
        ],
        [
          0.040406,
          0.342525,
          -0.93864,
          1.363612
        ],
        [
          -0.078574,
          -0.935409,
          -0.344728,
          1.386185
        ],
        [
          0.0,
          0.0,
          0.0,
          1.0
        ]
      ]
    },
    {
      "file_path": "/media/NFS/ttao/scannet/posed_images/scene0434_02/00311.jpg",
      "transform_matrix": [
        [
          -0.995823,
          0.090275,
          -0.013676,
          3.386092
        ],
        [
          0.043832,
          0.341269,
          -0.938943,
          1.362989
        ],
        [
          -0.080096,
          -0.935621,
          -0.3438,
          1.38726
        ],
        [
          0.0,
          0.0,
          0.0,
          1.0
        ]
      ]
    },
    {
      "file_path": "/media/NFS/ttao/scannet/posed_images/scene0434_02/00316.jpg",
      "transform_matrix": [
        [
          -0.994836,
          0.096903,
          -0.030186,
          3.379239
        ],
        [
          0.060419,
          0.326442,
          -0.943284,
          1.362037
        ],
        [
          -0.081553,
          -0.940237,
          -0.330611,
          1.391949
        ],
        [
          0.0,
          0.0,
          0.0,
          1.0
        ]
      ]
    },
    {
      "file_path": "/media/NFS/ttao/scannet/posed_images/scene0434_02/00320.jpg",
      "transform_matrix": [
        [
          -0.994662,
          0.095455,
          -0.039199,
          3.375384
        ],
        [
          0.066669,
          0.304508,
          -0.950174,
          1.361873
        ],
        [
          -0.078762,
          -0.947715,
          -0.309246,
          1.40093
        ],
        [
          0.0,
          0.0,
          0.0,
          1.0
        ]
      ]
    },
    {
      "file_path": "/media/NFS/ttao/scannet/posed_images/scene0434_02/00327.jpg",
      "transform_matrix": [
        [
          -0.996024,
          0.077438,
          -0.04404,
          3.372202
        ],
        [
          0.062738,
          0.258772,
          -0.963899,
          1.362282
        ],
        [
          -0.063247,
          -0.962829,
          -0.262602,
          1.418921
        ],
        [
          0.0,
          0.0,
          0.0,
          1.0
        ]
      ]
    },
    {
      "file_path": "/media/NFS/ttao/scannet/posed_images/scene0434_02/00333.jpg",
      "transform_matrix": [
        [
          -0.994951,
          0.081852,
          -0.058073,
          3.363012
        ],
        [
          0.076225,
          0.239913,
          -0.967797,
          1.360063
        ],
        [
          -0.065284,
          -0.967338,
          -0.244941,
          1.429739
        ],
        [
          0.0,
          0.0,
          0.0,
          1.0
        ]
      ]
    },
    {
      "file_path": "/media/NFS/ttao/scannet/posed_images/scene0434_02/00336.jpg",
      "transform_matrix": [
        [
          -0.994181,
          0.085273,
          -0.06583,
          3.358427
        ],
        [
          0.084203,
          0.233956,
          -0.968594,
          1.357249
        ],
        [
          -0.067194,
          -0.9685,
          -0.239775,
          1.436045
        ],
        [
          0.0,
          0.0,
          0.0,
          1.0
        ]
      ]
    },
    {
      "file_path": "/media/NFS/ttao/scannet/posed_images/scene0434_02/00343.jpg",
      "transform_matrix": [
        [
          -0.996099,
          0.075609,
          -0.045488,
          3.360626
        ],
        [
          0.059435,
          0.193897,
          -0.97922,
          1.359195
        ],
        [
          -0.065218,
          -0.978104,
          -0.197634,
          1.45076
        ],
        [
          0.0,
          0.0,
          0.0,
          1.0
        ]
      ]
    },
    {
      "file_path": "/media/NFS/ttao/scannet/posed_images/scene0434_02/00346.jpg",
      "transform_matrix": [
        [
          -0.997357,
          0.063681,
          -0.034995,
          3.36539
        ],
        [
          0.045932,
          0.179351,
          -0.982712,
          1.360252
        ],
        [
          -0.056303,
          -0.981722,
          -0.181801,
          1.454279
        ],
        [
          0.0,
          0.0,
          0.0,
          1.0
        ]
      ]
    },
    {
      "file_path": "/media/NFS/ttao/scannet/posed_images/scene0434_02/00353.jpg",
      "transform_matrix": [
        [
          -0.999694,
          0.020046,
          -0.014493,
          3.379414
        ],
        [
          0.016925,
          0.127048,
          -0.991752,
          1.368833
        ],
        [
          -0.01804,
          -0.991694,
          -0.127349,
          1.461944
        ],
        [
          0.0,
          0.0,
          0.0,
          1.0
        ]
      ]
    },
    {
      "file_path": "/media/NFS/ttao/scannet/posed_images/scene0434_02/00357.jpg",
      "transform_matrix": [
        [
          -0.99985,
          0.0049,
          0.016628,
          3.387556
        ],
        [
          -0.016082,
          0.095996,
          -0.995252,
          1.374597
        ],
        [
          -0.006473,
          -0.99537,
          -0.095903,
          1.469194
        ],
        [
          0.0,
          0.0,
          0.0,
          1.0
        ]
      ]
    },
    {
      "file_path": "/media/NFS/ttao/scannet/posed_images/scene0434_02/00363.jpg",
      "transform_matrix": [
        [
          -0.996336,
          0.007521,
          0.0852,
          3.398786
        ],
        [
          -0.084722,
          0.049897,
          -0.995155,
          1.387197
        ],
        [
          -0.011736,
          -0.998726,
          -0.049077,
          1.482184
        ],
        [
          0.0,
          0.0,
          0.0,
          1.0
        ]
      ]
    },
    {
      "file_path": "/media/NFS/ttao/scannet/posed_images/scene0434_02/00371.jpg",
      "transform_matrix": [
        [
          -0.988609,
          0.010362,
          0.150148,
          3.408978
        ],
        [
          -0.150143,
          0.001207,
          -0.988664,
          1.400564
        ],
        [
          -0.010426,
          -0.999946,
          0.000362,
          1.499559
        ],
        [
          0.0,
          0.0,
          0.0,
          1.0
        ]
      ]
    },
    {
      "file_path": "/media/NFS/ttao/scannet/posed_images/scene0434_02/00376.jpg",
      "transform_matrix": [
        [
          -0.986511,
          0.014871,
          0.163018,
          3.40982
        ],
        [
          -0.16339,
          -0.028771,
          -0.986142,
          1.406899
        ],
        [
          -0.009975,
          -0.999475,
          0.030813,
          1.508845
        ],
        [
          0.0,
          0.0,
          0.0,
          1.0
        ]
      ]
    },
    {
      "file_path": "/media/NFS/ttao/scannet/posed_images/scene0434_02/00379.jpg",
      "transform_matrix": [
        [
          -0.984184,
          0.015367,
          0.176483,
          3.413377
        ],
        [
          -0.176949,
          -0.037749,
          -0.983496,
          1.409609
        ],
        [
          -0.008452,
          -0.999169,
          0.039871,
          1.512483
        ],
        [
          0.0,
          0.0,
          0.0,
          1.0
        ]
      ]
    },
    {
      "file_path": "/media/NFS/ttao/scannet/posed_images/scene0434_02/00385.jpg",
      "transform_matrix": [
        [
          -0.976162,
          0.013664,
          0.216613,
          3.421058
        ],
        [
          -0.217023,
          -0.0478,
          -0.974995,
          1.413917
        ],
        [
          -0.002968,
          -0.998764,
          0.049626,
          1.518552
        ],
        [
          0.0,
          0.0,
          0.0,
          1.0
        ]
      ]
    },
    {
      "file_path": "/media/NFS/ttao/scannet/posed_images/scene0434_02/00388.jpg",
      "transform_matrix": [
        [
          -0.969759,
          0.013261,
          0.243706,
          3.424361
        ],
        [
          -0.244065,
          -0.055918,
          -0.968145,
          1.418295
        ],
        [
          0.000789,
          -0.998347,
          0.057463,
          1.523093
        ],
        [
          0.0,
          0.0,
          0.0,
          1.0
        ]
      ]
    },
    {
      "file_path": "/media/NFS/ttao/scannet/posed_images/scene0434_02/00394.jpg",
      "transform_matrix": [
        [
          -0.962283,
          0.023899,
          0.270999,
          3.42551
        ],
        [
          -0.272046,
          -0.078574,
          -0.959071,
          1.425353
        ],
        [
          -0.001627,
