{
  "frames": [
    {
      "file_path": "/media/NFS/ttao/scannet/posed_images/scene0519_00/00001.jpg",
      "transform_matrix": [
        [
          0.196679,
          0.55926,
          -0.805323,
          2.951308
        ],
        [
          0.980358,
          -0.099874,
          0.170068,
          0.665119
        ],
        [
          0.014681,
          -0.822954,
          -0.567919,
          1.257649
        ],
        [
          0.0,
          0.0,
          0.0,
          1.0
        ]
      ]
    },
    {
      "file_path": "/media/NFS/ttao/scannet/posed_images/scene0519_00/00006.jpg",
      "transform_matrix": [
        [
          0.204535,
          0.564869,
          -0.799431,
          2.947883
        ],
        [
          0.978732,
          -0.104821,
          0.176343,
          0.666657
        ],
        [
          0.015814,
          -0.818496,
          -0.574294,
          1.256239
        ],
        [
          0.0,
          0.0,
          0.0,
          1.0
        ]
      ]
    },
    {
      "file_path": "/media/NFS/ttao/scannet/posed_images/scene0519_00/00009.jpg",
      "transform_matrix": [
        [
          0.210803,
          0.567464,
          -0.795956,
          2.947414
        ],
        [
          0.977415,
          -0.10995,
          0.180474,
          0.66885
        ],
        [
          0.014897,
          -0.816024,
          -0.577826,
          1.254301
        ],
        [
          0.0,
          0.0,
          0.0,
          1.0
        ]
      ]
    },
    {
      "file_path": "/media/NFS/ttao/scannet/posed_images/scene0519_00/00015.jpg",
      "transform_matrix": [
        [
          0.227574,
          0.571841,
          -0.788168,
          2.947001
        ],
        [
          0.973618,
          -0.119754,
          0.194236,
          0.671378
        ],
        [
          0.016686,
          -0.811577,
          -0.584007,
          1.249982
        ],
        [
          0.0,
          0.0,
          0.0,
          1.0
        ]
      ]
    },
    {
      "file_path": "/media/NFS/ttao/scannet/posed_images/scene0519_00/00017.jpg",
      "transform_matrix": [
        [
          0.233579,
          0.573408,
          -0.785267,
          2.945919
        ],
        [
          0.97219,
          -0.123634,
          0.1989,
          0.673686
        ],
        [
          0.016965,
          -0.809887,
          -0.58634,
          1.249981
        ],
        [
          0.0,
          0.0,
          0.0,
          1.0
        ]
      ]
    },
    {
      "file_path": "/media/NFS/ttao/scannet/posed_images/scene0519_00/00020.jpg",
      "transform_matrix": [
        [
          0.244724,
          0.575111,
          -0.780614,
          2.944653
        ],
        [
          0.969398,
          -0.128972,
          0.208889,
          0.678428
        ],
        [
          0.019457,
          -0.807845,
          -0.589074,
          1.249858
        ],
        [
          0.0,
          0.0,
          0.0,
          1.0
        ]
      ]
    },
    {
      "file_path": "/media/NFS/ttao/scannet/posed_images/scene0519_00/00024.jpg",
      "transform_matrix": [
        [
          0.267057,
          0.573674,
          -0.774325,
          2.9428
        ],
        [
          0.963286,
          -0.135923,
          0.231526,
          0.683236
        ],
        [
          0.027572,
          -0.807727,
          -0.588912,
          1.249675
        ],
        [
          0.0,
          0.0,
          0.0,
          1.0
        ]
      ]
    },
    {
      "file_path": "/media/NFS/ttao/scannet/posed_images/scene0519_00/00031.jpg",
      "transform_matrix": [
        [
          0.356596,
          0.53457,
          -0.766208,
          2.930204
        ],
        [
          0.932766,
          -0.157379,
          0.324313,
          0.68662
        ],
        [
          0.052783,
          -0.830342,
          -0.55475,
          1.263089
        ],
        [
          0.0,
          0.0,
          0.0,
          1.0
        ]
      ]
    },
    {
      "file_path": "/media/NFS/ttao/scannet/posed_images/scene0519_00/00036.jpg",
      "transform_matrix": [
        [
          0.451053,
          0.488483,
          -0.74695,
          2.909745
        ],
        [
          0.888707,
          -0.168772,
          0.426282,
          0.666307
        ],
        [
          0.082167,
          -0.856096,
          -0.510244,
          1.266796
        ],
        [
          0.0,
          0.0,
          0.0,
          1.0
        ]
      ]
    },
    {
      "file_path": "/media/NFS/ttao/scannet/posed_images/scene0519_00/00037.jpg",
      "transform_matrix": [
        [
          0.467481,
          0.484059,
          -0.739695,
          2.902604
        ],
        [
          0.879376,
          -0.169135,
          0.445075,
          0.66003
        ],
        [
          0.090334,
          -0.858534,
          -0.504737,
          1.267433
        ],
        [
          0.0,
          0.0,
          0.0,
          1.0
        ]
      ]
    },
    {
      "file_path": "/media/NFS/ttao/scannet/posed_images/scene0519_00/00042.jpg",
      "transform_matrix": [
        [
          0.543195,
          0.444114,
          -0.712532,
          2.862281
        ],
        [
          0.83315,
          -0.180069,
          0.522912,
          0.615063
        ],
        [
          0.103928,
          -0.877689,
          -0.467826,
          1.267643
        ],
        [
          0.0,
          0.0,
          0.0,
          1.0
        ]
      ]
    },
    {
      "file_path": "/media/NFS/ttao/scannet/posed_images/scene0519_00/00049.jpg",
      "transform_matrix": [
        [
          0.64549,
          0.402298,
          -0.64923,
          2.809523
        ],
        [
          0.759461,
          -0.24793,
          0.601456,
          0.554446
        ],
        [
          0.081001,
          -0.881299,
          -0.465566,
          1.282818
        ],
        [
          0.0,
          0.0,
          0.0,
          1.0
        ]
      ]
    },
    {
      "file_path": "/media/NFS/ttao/scannet/posed_images/scene0519_00/00050.jpg",
      "transform_matrix": [
        [
          0.661615,
          0.396637,
          -0.636353,
          2.802782
        ],
        [
          0.745914,
          -0.261365,
          0.612617,
          0.549679
        ],
        [
          0.076666,
          -0.879982,
          -0.46878,
          1.289402
        ],
        [
          0.0,
          0.0,
          0.0,
          1.0
        ]
      ]
    },
    {
      "file_path": "/media/NFS/ttao/scannet/posed_images/scene0519_00/00058.jpg",
      "transform_matrix": [
        [
          0.742248,
          0.33118,
          -0.582569,
          2.784557
        ],
        [
          0.666926,
          -0.280224,
          0.690424,
          0.537049
        ],
        [
          0.065405,
          -0.900996,
          -0.428868,
          1.32461
        ],
        [
          0.0,
          0.0,
          0.0,
          1.0
        ]
      ]
    },
    {
      "file_path": "/media/NFS/ttao/scannet/posed_images/scene0519_00/00060.jpg",
      "transform_matrix": [
        [
          0.754089,
          0.313893,
          -0.576906,
          2.792519
        ],
        [
          0.653566,
          -0.271953,
          0.706324,
          0.541537
        ],
        [
          0.064819,
          -0.909677,
          -0.410227,
          1.331649
        ],
        [
          0.0,
          0.0,
          0.0,
          1.0
        ]
      ]
    },
    {
      "file_path": "/media/NFS/ttao/scannet/posed_images/scene0519_00/00067.jpg",
      "transform_matrix": [
        [
          0.772282,
          0.276191,
          -0.5721,
          2.819742
        ],
        [
          0.634245,
          -0.283826,
          0.71915,
          0.576149
        ],
        [
          0.036246,
          -0.918238,
          -0.394367,
          1.341765
        ],
        [
          0.0,
          0.0,
          0.0,
          1.0
        ]
      ]
    },
    {
      "file_path": "/media/NFS/ttao/scannet/posed_images/scene0519_00/00070.jpg",
      "transform_matrix": [
        [
          0.779278,
          0.269092,
          -0.565965,
          2.830897
        ],
        [
          0.626125,
          -0.296348,
          0.721211,
          0.593473
        ],
        [
          0.02635,
          -0.916388,
          -0.399422,
          1.345739
        ],
        [
          0.0,
          0.0,
          0.0,
          1.0
        ]
      ]
    },
    {
      "file_path": "/media/NFS/ttao/scannet/posed_images/scene0519_00/00072.jpg",
      "transform_matrix": [
        [
          0.78361,
          0.265227,
          -0.561792,
          2.836756
        ],
        [
          0.620882,
          -0.303062,
          0.722952,
          0.601793
        ],
        [
          0.021488,
          -0.915319,
          -0.402157,
          1.351136
        ],
        [
          0.0,
          0.0,
          0.0,
          1.0
        ]
      ]
    },
    {
      "file_path": "/media/NFS/ttao/scannet/posed_images/scene0519_00/00076.jpg",
      "transform_matrix": [
        [
          0.801128,
          0.241918,
          -0.54742,
          2.849232
        ],
        [
          0.598177,
          -0.29396,
          0.745501,
          0.610553
        ],
        [
          0.01943,
          -0.924696,
          -0.38021,
          1.36274
        ],
        [
          0.0,
          0.0,
          0.0,
          1.0
        ]
      ]
    },
    {
      "file_path": "/media/NFS/ttao/scannet/posed_images/scene0519_00/00083.jpg",
      "transform_matrix": [
        [
          0.832265,
          0.19652,
          -0.518378,
          2.850634
        ],
        [
          0.553554,
          -0.243617,
          0.796385,
          0.606463
        ],
        [
          0.03022,
          -0.949753,
          -0.311538,
          1.394817
        ],
        [
          0.0,
          0.0,
          0.0,
          1.0
        ]
      ]
    },
    {
      "file_path": "/media/NFS/ttao/scannet/posed_images/scene0519_00/00087.jpg",
      "transform_matrix": [
        [
          0.850123,
          0.187839,
          -0.491942,
          2.839004
        ],
        [
          0.524693,
          -0.223055,
          0.82155,
          0.59069
        ],
        [
          0.044589,
          -0.956537,
          -0.288182,
          1.399201
        ],
        [
          0.0,
          0.0,
          0.0,
          1.0
        ]
      ]
    },
    {
      "file_path": "/media/NFS/ttao/scannet/posed_images/scene0519_00/00088.jpg",
      "transform_matrix": [
        [
          0.856272,
          0.185255,
          -0.482161,
          2.835721
        ],
        [
          0.514501,
          -0.22335,
          0.827891,
          0.587101
        ],
        [
          0.04568,
          -0.956972,
          -0.286562,
          1.400892
        ],
        [
          0.0,
          0.0,
          0.0,
          1.0
        ]
      ]
    },
    {
      "file_path": "/media/NFS/ttao/scannet/posed_images/scene0519_00/00096.jpg",
      "transform_matrix": [
        [
          0.900489,
          0.101503,
          -0.422867,
          2.799815
        ],
        [
          0.434878,
          -0.210253,
          0.8756,
          0.550852
        ],
        [
          -3.4e-05,
          -0.972364,
          -0.233472,
          1.427644
        ],
        [
          0.0,
          0.0,
          0.0,
          1.0
        ]
      ]
    },
    {
      "file_path": "/media/NFS/ttao/scannet/posed_images/scene0519_00/00100.jpg",
      "transform_matrix": [
        [
          0.90929,
          0.068217,
          -0.410535,
          2.779318
        ],
        [
          0.415841,
          -0.18779,
          0.889838,
          0.529583
        ],
        [
          -0.016392,
          -0.979838,
          -0.199123,
          1.44458
        ],
        [
          0.0,
          0.0,
          0.0,
          1.0
        ]
      ]
    },
    {
      "file_path": "/media/NFS/ttao/scannet/posed_images/scene0519_00/00101.jpg",
      "transform_matrix": [
        [
          0.911982,
          0.064813,
          -0.405077,
          2.772945
        ],
        [
          0.409964,
          -0.179484,
          0.894268,
          0.524383
        ],
        [
          -0.014744,
          -0.981624,
          -0.190257,
          1.448375
        ],
        [
          0.0,
          0.0,
          0.0,
          1.0
        ]
      ]
    },
    {
      "file_path": "/media/NFS/ttao/scannet/posed_images/scene0519_00/00108.jpg",
      "transform_matrix": [
        [
          0.931427,
          0.033817,
          -0.362354,
          2.748206
        ],
        [
          0.362981,
          -0.158102,
          0.918286,
          0.504398
        ],
        [
          -0.026235,
          -0.986844,
          -0.159535,
          1.466735
        ],
        [
          0.0,
          0.0,
          0.0,
          1.0
        ]
      ]
    },
    {
      "file_path": "/media/NFS/ttao/scannet/posed_images/scene0519_00/00113.jpg",
      "transform_matrix": [
        [
          0.932841,
          0.001192,
          -0.360287,
          2.748011
        ],
        [
          0.356252,
          -0.152341,
          0.921888,
          0.497623
        ],
        [
          -0.053787,
          -0.988327,
          -0.142535,
          1.467701
        ],
        [
          0.0,
          0.0,
          0.0,
          1.0
        ]
      ]
    },
    {
      "file_path": "/media/NFS/ttao/scannet/posed_images/scene0519_00/00114.jpg",
      "transform_matrix": [
        [
          0.932578,
          -0.004481,
          -0.360941,
          2.748817
        ],
        [
          0.355955,
          -0.154662,
          0.921616,
          0.496623
        ],
        [
          -0.059954,
          -0.987957,
          -0.142639,
          1.4685
        ],
        [
          0.0,
          0.0,
          0.0,
          1.0
        ]
      ]
    },
    {
      "file_path": "/media/NFS/ttao/scannet/posed_images/scene0519_00/00122.jpg",
      "transform_matrix": [
        [
          0.928793,
          0.018433,
          -0.370141,
          2.764097
        ],
        [
          0.36373,
          -0.236757,
          0.900914,
          0.496946
        ],
        [
          -0.071026,
          -0.971394,
          -0.226603,
          1.417152
        ],
        [
          0.0,
          0.0,
          0.0,
          1.0
        ]
      ]
    },
    {
      "file_path": "/media/NFS/ttao/scannet/posed_images/scene0519_00/00125.jpg",
      "transform_matrix": [
        [
          0.926526,
          0.049452,
          -0.372967,
          2.770555
        ],
        [
          0.372439,
          -0.260953,
          0.890614,
          0.489013
        ],
        [
          -0.053285,
          -0.964084,
          -0.260198,
          1.390939
        ],
        [
          0.0,
          0.0,
          0.0,
          1.0
        ]
      ]
    },
    {
      "file_path": "/media/NFS/ttao/scannet/posed_images/scene0519_00/00129.jpg",
      "transform_matrix": [
        [
          0.924599,
          0.082218,
          -0.371964,
          2.792165
        ],
        [
          0.378612,
          -0.306188,
          0.873443,
          0.483728
        ],
        [
          -0.042079,
          -0.948414,
          -0.314229,
          1.360454
        ],
        [
          0.0,
          0.0,
          0.0,
          1.0
        ]
      ]
    },
    {
      "file_path": "/media/NFS/ttao/scannet/posed_images/scene0519_00/00132.jpg",
      "transform_matrix": [
        [
          0.917828,
          0.095625,
          -0.385288,
          2.811321
        ],
        [
          0.393683,
          -0.344035,
          0.85244,
          0.481393
        ],
        [
          -0.051038,
          -0.934075,
          -0.353411,
          1.340205
        ],
        [
          0.0,
          0.0,
          0.0,
          1.0
        ]
      ]
    },
    {
      "file_path": "/media/NFS/ttao/scannet/posed_images/scene0519_00/00137.jpg",
      "transform_matrix": [
        [
          0.909082,
          0.106449,
          -0.402788,
          2.832792
        ],
        [
          0.41108,
          -0.386296,
          0.825705,
          0.474994
        ],
        [
          -0.067701,
          -0.916212,
          -0.394934,
          1.323661
        ],
        [
          0.0,
          0.0,
          0.0,
          1.0
        ]
      ]
    },
    {
      "file_path": "/media/NFS/ttao/scannet/posed_images/scene0519_00/00140.jpg",
      "transform_matrix": [
        [
          0.907024,
          0.11672,
          -0.404578,
          2.842535
        ],
        [
          0.415357,
          -0.405848,
          0.814104,
          0.472402
        ],
        [
          -0.069174,
          -0.906457,
          -0.416594,
          1.316394
        ],
        [
          0.0,
          0.0,
          0.0,
          1.0
        ]
      ]
    },
    {
      "file_path": "/media/NFS/ttao/scannet/posed_images/scene0519_00/00145.jpg",
      "transform_matrix": [
        [
          0.909794,
          0.140218,
          -0.390657,
          2.85204
        ],
        [
          0.411935,
          -0.420297,
          0.808493,
          0.467168
        ],
        [
          -0.050827,
          -0.896488,
          -0.440144,
          1.305258
        ],
        [
          0.0,
          0.0,
          0.0,
          1.0
        ]
      ]
    },
    {
      "file_path": "/media/NFS/ttao/scannet/posed_images/scene0519_00/00151.jpg",
      "transform_matrix": [
        [
          0.904668,
          0.153322,
          -0.397578,
          2.856294
        ],
        [
          0.421727,
          -0.455741,
          0.783867,
          0.46465
        ],
        [
          -0.061009,
          -0.876809,
          -0.476954,
          1.291059
        ],
        [
          0.0,
          0.0,
          0.0,
          1.0
        ]
      ]
    },
    {
      "file_path": "/media/NFS/ttao/scannet/posed_images/scene0519_00/00152.jpg",
      "transform_matrix": [
        [
          0.904632,
          0.154171,
          -0.397331,
          2.856704
        ],
        [
          0.421389,
          -0.463138,
          0.779701,
          0.464599
        ],
        [
          -0.063811,
          -0.872774,
          -0.483936,
          1.288154
        ],
        [
          0.0,
          0.0,
          0.0,
          1.0
        ]
      ]
    },
    {
      "file_path": "/media/NFS/ttao/scannet/posed_images/scene0519_00/00160.jpg",
      "transform_matrix": [
        [
          0.922827,
          0.156223,
          -0.352113,
          2.839343
        ],
        [
          0.380509,
          -0.512105,
          0.77004,
          0.463282
        ],
        [
          -0.060021,
          -0.844597,
          -0.532029,
          1.266097
        ],
        [
          0.0,
          0.0,
          0.0,
          1.0
        ]
      ]
    },
    {
      "file_path": "/media/NFS/ttao/scannet/posed_images/scene0519_00/00164.jpg",
      "transform_matrix": [
        [
          0.934704,
          0.152092,
          -0.321241,
          2.821315
        ],
        [
          0.352453,
          -0.513279,
          0.78251,
          0.466587
        ],
        [
          -0.045872,
          -0.844638,
          -0.533369,
          1.259524
        ],
        [
          0.0,
          0.0,
          0.0,
          1.0
        ]
      ]
    },
    {
      "file_path": "/media/NFS/ttao/scannet/posed_images/scene0519_00/00165.jpg",
      "transform_matrix": [
        [
          0.936663,
          0.149591,
          -0.316677,
          2.815891
        ],
        [
          0.347177,
          -0.515728,
          0.783258,
          0.46827
        ],
        [
          -0.04615,
          -0.843592,
          -0.534998,
          1.258374
        ],
        [
          0.0,
          0.0,
          0.0,
          1.0
        ]
      ]
    },
    {
      "file_path": "/media/NFS/ttao/scannet/posed_images/scene0519_00/00172.jpg",
      "transform_matrix": [
        [
          0.968197,
          0.112108,
          -0.223664,
          2.758707
        ],
        [
          0.247636,
          -0.556779,
          0.79289,
          0.485419
        ],
        [
          -0.035642,
          -0.823061,
          -0.566834,
          1.243873
        ],
        [
          0.0,
          0.0,
          0.0,
          1.0
        ]
      ]
    },
    {
      "file_path": "/media/NFS/ttao/scannet/posed_images/scene0519_00/00177.jpg",
      "transform_matrix": [
        [
          0.985267,
          0.059889,
          -0.160194,
          2.705191
        ],
        [
          0.166391,
          -0.552198,
          0.81694,
          0.49752
        ],
        [
          -0.039533,
          -0.831559,
          -0.554027,
          1.244261
        ],
        [
          0.0,
          0.0,
          0.0,
          1.0
        ]
      ]
    },
    {
      "file_path": "/media/NFS/ttao/scannet/posed_images/scene0519_00/00180.jpg",
      "transform_matrix": [
        [
          0.991917,
          0.003281,
          -0.126844,
          2.67356
        ],
        [
          0.106983,
          -0.559135,
          0.822146,
          0.509786
        ],
        [
          -0.068225,
          -0.829071,
          -0.554966,
          1.24385
        ],
        [
          0.0,
          0.0,
          0.0,
          1.0
        ]
      ]
    },
    {
      "file_path": "/media/NFS/ttao/scannet/posed_images/scene0519_00/00184.jpg",
      "transform_matrix": [
        [
          0.996092,
          -0.021887,
          -0.085568,
          2.656501
        ],
        [
          0.057493,
          -0.574764,
          0.816297,
          0.519078
        ],
        [
          -0.067047,
          -0.818026,
          -0.57126,
          1.240023
        ],
        [
          0.0,
          0.0,
          0.0,
          1.0
        ]
      ]
    },
    {
      "file_path": "/media/NFS/ttao/scannet/posed_images/scene0519_00/00189.jpg",
      "transform_matrix": [
        [
          0.999024,
          -0.026399,
          -0.03542,
          2.650533
        ],
        [
          0.013651,
          -0.578078,
          0.815867,
          0.522386
        ],
        [
          -0.042013,
          -0.815554,
          -0.577153,
          1.238855
        ],
        [
          0.0,
          0.0,
          0.0,
          1.0
        ]
      ]
    },
    {
      "file_path": "/media/NFS/ttao/scannet/posed_images/scene0519_00/00191.jpg",
      "transform_matrix": [
        [
          0.999331,
          -0.027311,
          -0.024336,
          2.654301
        ],
        [
          0.004011,
          -0.579457,
          0.814993,
          0.523343
        ],
        [
          -0.036359,
          -0.814546,
          -0.578959,
          1.239647
        ],
        [
          0.0,
          0.0,
          0.0,
          1.0
        ]
      ]
    },
    {
      "file_path": "/media/NFS/ttao/scannet/posed_images/scene0519_00/00197.jpg",
      "transform_matrix": [
        [
          0.998673,
          -0.049456,
          0.014394,
          2.671155
        ],
        [
          -0.040303,
          -0.576277,
          0.81626,
          0.523041
        ],
        [
          -0.032074,
          -0.815757,
          -0.577505,
          1.245146
        ],
        [
          0.0,
          0.0,
          0.0,
          1.0
        ]
      ]
    },
    {
      "file_path": "/media/NFS/ttao/scannet/posed_images/scene0519_00/00200.jpg",
      "transform_matrix": [
        [
          0.996858,
          -0.068313,
          0.04009,
          2.680306
        ],
        [
          -0.072101,
          -0.573063,
          0.816334,
          0.522168
        ],
        [
          -0.032792,
          -0.81666,
          -0.576188,
          1.24748
        ],
        [
          0.0,
          0.0,
          0.0,
          1.0
        ]
      ]
    },
    {
      "file_path": "/media/NFS/ttao/scannet/posed_images/scene0519_00/00207.jpg",
      "transform_matrix": [
        [
          0.984705,
          -0.130891,
          0.114995,
          2.685748
        ],
        [
          -0.169763,
          -0.572291,
          0.802287,
          0.516145
        ],
        [
          -0.039201,
          -0.809538,
          -0.585758,
          1.248059
        ],
        [
          0.0,
          0.0,
          0.0,
          1.0
        ]
      ]
    },
    {
      "file_path": "/media/NFS/ttao/scannet/posed_images/scene0519_00/00211.jpg",
      "transform_matrix": [
        [
          0.977556,
          -0.154518,
          0.143207,
          2.690852
        ],
        [
          -0.206134,
          -0.56115,
          0.801636,
          0.517478
        ],
        [
          -0.043507,
          -0.813164,
          -0.580407,
          1.246545
        ],
        [
          0.0,
          0.0,
          0.0,
          1.0
        ]
      ]
    },
    {
      "file_path": "/media/NFS/ttao/scannet/posed_images/scene0519_00/00212.jpg",
      "transform_matrix": [
        [
          0.976189,
          -0.158846,
          0.147728,
          2.691226
        ],
        [
          -0.212405,
          -0.561675,
          0.799629,
          0.519456
        ],
        [
          -0.044043,
          -0.811967,
          -0.58204,
          1.245561
        ],
        [
          0.0,
          0.0,
          0.0,
          1.0
        ]
      ]
    },
    {
      "file_path": "/media/NFS/ttao/scannet/posed_images/scene0519_00/00220.jpg",
      "transform_matrix": [
        [
          0.958536,
          -0.197274,
          0.205649,
          2.679838
        ],
        [
          -0.283393,
          -0.584034,
          0.760653,
          0.56
        ],
        [
          -0.029951,
          -0.787393,
          -0.615723,
          1.226519
        ],
        [
          0.0,
          0.0,
          0.0,
          1.0
        ]
      ]
    },
    {
      "file_path": "/media/NFS/ttao/scannet/posed_images/scene0519_00/00224.jpg",
      "transform_matrix": [
        [
          0.945337,
          -0.229343,
          0.231819,
          2.675389
        ],
        [
          -0.323608,
          -0.572145,
          0.75361,
          0.585781
        ],
        [
          -0.040201,
          -0.787434,
          -0.615087,
          1.221554
        ],
        [
          0.0,
          0.0,
          0.0,
          1.0
        ]
      ]
    },
    {
      "file_path": "/media/NFS/ttao/scannet/posed_images/scene0519_00/00225.jpg",
      "transform_matrix": [
        [
          0.94291,
          -0.236823,
          0.234172,
          2.674897
        ],
        [
          -0.329811,
          -0.566155,
          0.755443,
          0.593177
        ],
        [
          -0.046328,
          -0.789546,
          -0.61194,
          1.221336
        ],
        [
          0.0,
          0.0,
          0.0,
          1.0
        ]
      ]
    },
    {
      "file_path": "/media/NFS/ttao/scannet/posed_images/scene0519_00/00230.jpg",
      "transform_matrix": [
        [
          0.93885,
          -0.260996,
          0.224592,
          2.673688
        ],
        [
          -0.339083,
          -0.587407,
          0.734831,
          0.637859
        ],
        [
          -0.059861,
          -0.766051,
          -0.639986,
          1.220296
        ],
        [
          0.0,
          0.0,
          0.0,
          1.0
        ]
      ]
    },
    {
      "file_path": "/media/NFS/ttao/scannet/posed_images/scene0519_00/00234.jpg",
      "transform_matrix": [
        [
          0.936286,
          -0.276914,
          0.216071,
          2.668812
        ],
        [
          -0.344092,
          -0.599688,
          0.722479,
          0.665469
        ],
        [
          -0.07049,
          -0.750795,
          -0.656763,
          1.220744
        ],
        [
          0.0,
          0.0,
          0.0,
          1.0
        ]
      ]
    },
    {
      "file_path": "/media/NFS/ttao/scannet/posed_images/scene0519_00/00238.jpg",
      "transform_matrix": [
        [
          0.938945,
          -0.256545,
          0.229272,
          2.662687
        ],
        [
          -0.341805,
          -0.619242,
          0.706901,
          0.684614
        ],
        [
          -0.039377,
          -0.742108,
          -0.669123,
          1.219156
        ],
        [
          0.0,
          0.0,
          0.0,
          1.0
        ]
      ]
    },
    {
      "file_path": "/media/NFS/ttao/scannet/posed_images/scene0519_00/00244.jpg",
      "transform_matrix": [
        [
          0.922232,
          -0.282281,
          0.264207,
          2.651999
        ],
        [
          -0.386255,
          -0.642288,
          0.662022,
          0.694262
        ],
        [
          -0.017179,
          -0.712589,
          -0.701371,
          1.212863
        ],
        [
          0.0,
          0.0,
          0.0,
          1.0
        ]
      ]
    },
    {
      "file_path": "/media/NFS/ttao/scannet/posed_images/scene0519_00/00247.jpg",
      "transform_matrix": [
        [
          0.903999,
          -0.314148,
          0.289996,
          2.644284
        ],
        [
          -0.427279,
          -0.640326,
          0.638291,
          0.695312
        ],
        [
          -0.014826,
          -0.700923,
          -0.713083,
          1.210005
        ],
        [
          0.0,
          0.0,
          0.0,
          1.0
        ]
      ]
    },
    {
      "file_path": "/media/NFS/ttao/scannet/posed_images/scene0519_00/00253.jpg",
      "transform_matrix": [
        [
          0.856227,
          -0.403352,
          0.322774,
          2.610125
        ],
        [
          -0.512686,
          -0.5867,
          0.626846,
          0.699211
        ],
        [
          -0.063468,
          -0.702204,
          -0.709141,
          1.212337
        ],
        [
          0.0,
          0.0,
          0.0,
          1.0
        ]
      ]
    },
    {
      "file_path": "/media/NFS/ttao/scannet/posed_images/scene0519_00/00257.jpg",
      "transform_matrix": [
        [
          0.794174,
          -0.487875,
          0.362307,
          2.582742
        ],
        [
          -0.599819,
          -0.533681,
          0.596156,
          0.714039
        ],
        [
          -0.097493,
          -0.69077,
          -0.716472,
          1.218157
        ],
        [
          0.0,
          0.0,
          0.0,
          1.0
        ]
      ]
    },
    {
      "file_path": "/media/NFS/ttao/scannet/posed_images/scene0519_00/00260.jpg",
      "transform_matrix": [
        [
          0.759629,
          -0.523198,
          0.386299,
          2.570148
        ],
        [
          -0.642329,
          -0.51053,
          0.57164,
          0.72476
        ],
        [
          -0.101863,
          -0.682366,
          -0.723879,
          1.217923
        ],
        [
          0.0,
          0.0,
          0.0,
          1.0
        ]
      ]
    },
    {
      "file_path": "/media/NFS/ttao/scannet/posed_images/scene0519_00/00266.jpg",
      "transform_matrix": [
        [
          0.686313,
          -0.56305,
          0.46038,
          2.555541
        ],
        [
          -0.722825,
          -0.457877,
          0.517564,
          0.733156
        ],
        [
          -0.080617,
          -0.687985,
          -0.721234,
          1.211009
        ],
        [
          0.0,
          0.0,
          0.0,
          1.0
        ]
      ]
    },
    {
      "file_path": "/media/NFS/ttao/scannet/posed_images/scene0519_00/00271.jpg",
      "transform_matrix": [
        [
          0.64108,
          -0.580911,
          0.501556,
          2.549469
        ],
        [
          -0.764148,
          -0.422367,
          0.487529,
          0.730913
        ],
        [
          -0.07137,
          -0.695808,
          -0.714673,
          1.205028
        ],
        [
          0.0,
          0.0,
          0.0,
          1.0
        ]
      ]
    },
    {
      "file_path": "/media/NFS/ttao/scannet/posed_images/scene0519_00/00273.jpg",
      "transform_matrix": [
        [
          0.619194,
          -0.589712,
          0.518496,
          2.548004
        ],
        [
          -0.782431,
          -0.407567,
          0.470842,
          0.731403
        ],
        [
          -0.06634,
          -0.69723,
          -0.713772,
          1.202945
        ],
        [
          0.0,
          0.0,
          0.0,
          1.0
        ]
      ]
    },
    {
      "file_path": "/media/NFS/ttao/scannet/posed_images/scene0519_00/00278.jpg",
      "transform_matrix": [
        [
          0.552803,
          -0.624653,
          0.551558,
          2.559866
        ],
        [
          -0.831539,
          -0.370355,
          0.41398,
          0.734671
        ],
        [
          -0.054322,
          -0.687492,
          -0.724157,
          1.196722
        ],
        [
          0.0,
          0.0,
          0.0,
          1.0
        ]
      ]
    },
    {
      "file_path": "/media/NFS/ttao/scannet/posed_images/scene0519_00/00283.jpg",
      "transform_matrix": [
        [
          0.567553,
          -0.647649,
          0.508366,
          2.555275
        ],
        [
          -0.820063,
          -0.389658,
          0.419122,
          0.740528
        ],
        [
          -0.073355,
          -0.654766,
          -0.752264,
          1.185015
        ],
        [
          0.0,
          0.0,
          0.0,
          1.0
        ]
      ]
    },
    {
      "file_path": "/media/NFS/ttao/scannet/posed_images/scene0519_00/00288.jpg",
      "transform_matrix": [
        [
          0.538683,
          -0.665823,
          0.516237,
          2.554795
        ],
        [
          -0.840178,
          -0.378982,
          0.387911,
          0.741498
        ],
        [
          -0.062635,
          -0.642691,
          -0.763561,
          1.179355
        ],
        [
          0.0,
          0.0,
          0.0,
          1.0
        ]
      ]
    },
    {
      "file_path": "/media/NFS/ttao/scannet/posed_images/scene0519_00/00292.jpg",
      "transform_matrix": [
        [
          0.510819,
          -0.671831,
          0.536384,
          2.556793
        ],
        [
          -0.85781,
          -0.357099,
          0.369652,
          0.742924
        ],
        [
          -0.056801,
          -0.648941,
          -0.758716,
          1.179219
        ],
        [
          0.0,
          0.0,
          0.0,
          1.0
        ]
      ]
    },
    {
      "file_path": "/media/NFS/ttao/scannet/posed_images/scene0519_00/00293.jpg",
      "transform_matrix": [
        [
          0.503909,
          -0.673085,
          0.541324,
          2.557097
        ],
        [
          -0.861896,
          -0.350715,
          0.366244,
          0.743853
        ],
        [
          -0.056663,
          -0.651119,
          -0.756858,
          1.179427
        ],
        [
          0.0,
          0.0,
          0.0,
          1.0
        ]
      ]
    },
    {
      "file_path": "/media/NFS/ttao/scannet/posed_images/scene0519_00/00300.jpg",
      "transform_matrix": [
        [
          0.450506,
          -0.688696,
          0.568105,
          2.563854
        ],
        [
          -0.891697,
          -0.315866,
          0.324199,
          0.747478
        ],
        [
          -0.04383,
          -0.652631,
          -0.756407,
          1.178296
        ],
        [
          0.0,
          0.0,
          0.0,
          1.0
        ]
      ]
    },
    {
      "file_path": "/media/NFS/ttao/scannet/posed_images/scene0519_00/00302.jpg",
      "transform_matrix": [
        [
          0.431763,
          -0.695173,
          0.57473,
          2.566555
        ],
        [
          -0.900896,
          -0.301027,
          0.312681,
          0.747967
        ],
        [
          -0.044358,
          -0.652776,
          -0.756251,
          1.178073
        ],
        [
          0.0,
          0.0,
          0.0,
          1.0
        ]
      ]
    },
    {
      "file_path": "/media/NFS/ttao/scannet/posed_images/scene0519_00/00308.jpg",
      "transform_matrix": [
        [
          0.369334,
          -0.713239,
          0.59572,
          2.577049
        ],
        [
          -0.928638,
          -0.259136,
          0.26548,
          0.758045
        ],
        [
          -0.034978,
          -0.651259,
          -0.758049,
          1.179855
        ],
        [
          0.0,
          0.0,
          0.0,
          1.0
        ]
      ]
    },
    {
      "file_path": "/media/NFS/ttao/scannet/posed_images/scene0519_00/00311.jpg",
      "transform_matrix": [
        [
          0.349412,
          -0.71364,
          0.607148,
          2.580007
        ],
        [
          -0.936359,
          -0.242566,
          0.25376,
          0.762388
        ],
        [
          -0.03382,
          -0.657176,
          -0.752979,
          1.182141
        ],
        [
          0.0,
          0.0,
          0.0,
          1.0
        ]
      ]
    },
    {
      "file_path": "/media/NFS/ttao/scannet/posed_images/scene0519_00/00315.jpg",
      "transform_matrix": [
        [
          0.328646,
          -0.709433,
          0.623456,
          2.58577
        ],
        [
          -0.944284,
          -0.234326,
          0.231125,
          0.774588
        ],
        [
          -0.017875,
          -0.664678,
          -0.746917,
          1.186338
        ],
        [
          0.0,
          0.0,
          0.0,
          1.0
        ]
      ]
    },
    {
      "file_path": "/media/NFS/ttao/scannet/posed_images/scene0519_00/00323.jpg",
      "transform_matrix": [
        [
          0.229657,
          -0.70153,
          0.67462,
          2.604647
        ],
        [
          -0.973269,
          -0.166965,
          0.157699,
          0.778562
        ],
        [
          0.002007,
          -0.692804,
          -0.721123,
          1.198149
        ],
        [
          0.0,
          0.0,
          0.0,
          1.0
        ]
      ]
    },
    {
      "file_path": "/media/NFS/ttao/scannet/posed_images/scene0519_00/00325.jpg",
      "transform_matrix": [
        [
          0.200623,
          -0.702524,
          0.682796,
          2.612071
        ],
        [
          -0.979666,
          -0.145287,
          0.138367,
          0.778047
        ],
        [
          0.001996,
          -0.696672,
          -0.717387,
          1.202179
        ],
        [
          0.0,
          0.0,
          0.0,
          1.0
        ]
      ]
    },
    {
      "file_path": "/media/NFS/ttao/scannet/posed_images/scene0519_00/00329.jpg",
      "transform_matrix": [
        [
          0.140347,
          -0.710083,
          0.689989,
          2.628773
        ],
        [
          -0.990098,
          -0.098548,
          0.099973,
          0.775683
        ],
        [
          -0.002992,
          -0.697188,
          -0.716883,
          1.20769
