{
  "frames": [
    {
      "file_path": "/media/NFS/ttao/scannet/posed_images/scene0003_00/00000.jpg",
      "transform_matrix": [
        [
          -0.928375,
          -0.17783,
          0.326339,
          2.096006
        ],
        [
          -0.371449,
          0.415395,
          -0.830345,
          1.919092
        ],
        [
          0.012101,
          -0.892089,
          -0.451697,
          1.36174
        ],
        [
          0.0,
          0.0,
          0.0,
          1.0
        ]
      ]
    },
    {
      "file_path": "/media/NFS/ttao/scannet/posed_images/scene0003_00/00005.jpg",
      "transform_matrix": [
        [
          -0.929353,
          -0.181318,
          0.3216,
          2.091461
        ],
        [
          -0.368705,
          0.411065,
          -0.833717,
          1.929471
        ],
        [
          0.018969,
          -0.893392,
          -0.448877,
          1.363424
        ],
        [
          0.0,
          0.0,
          0.0,
          1.0
        ]
      ]
    },
    {
      "file_path": "/media/NFS/ttao/scannet/posed_images/scene0003_00/00012.jpg",
      "transform_matrix": [
        [
          -0.932258,
          -0.175599,
          0.316322,
          2.085867
        ],
        [
          -0.361134,
          0.398864,
          -0.842906,
          1.945764
        ],
        [
          0.021844,
          -0.90004,
          -0.435259,
          1.370625
        ],
        [
          0.0,
          0.0,
          0.0,
          1.0
        ]
      ]
    },
    {
      "file_path": "/media/NFS/ttao/scannet/posed_images/scene0003_00/00016.jpg",
      "transform_matrix": [
        [
          -0.935469,
          -0.160882,
          0.314667,
          2.081401
        ],
        [
          -0.353201,
          0.394945,
          -0.848097,
          1.955492
        ],
        [
          0.012167,
          -0.904509,
          -0.426282,
          1.373151
        ],
        [
          0.0,
          0.0,
          0.0,
          1.0
        ]
      ]
    },
    {
      "file_path": "/media/NFS/ttao/scannet/posed_images/scene0003_00/00026.jpg",
      "transform_matrix": [
        [
          -0.952375,
          -0.151762,
          0.26448,
          2.065356
        ],
        [
          -0.304715,
          0.441202,
          -0.844091,
          1.977765
        ],
        [
          0.011412,
          -0.884482,
          -0.466434,
          1.342874
        ],
        [
          0.0,
          0.0,
          0.0,
          1.0
        ]
      ]
    },
    {
      "file_path": "/media/NFS/ttao/scannet/posed_images/scene0003_00/00030.jpg",
      "transform_matrix": [
        [
          -0.946213,
          -0.167041,
          0.277089,
          2.057141
        ],
        [
          -0.323267,
          0.452683,
          -0.831009,
          1.996385
        ],
        [
          0.013379,
          -0.875885,
          -0.482334,
          1.329979
        ],
        [
          0.0,
          0.0,
          0.0,
          1.0
        ]
      ]
    },
    {
      "file_path": "/media/NFS/ttao/scannet/posed_images/scene0003_00/00033.jpg",
      "transform_matrix": [
        [
          -0.9452,
          -0.172481,
          0.277214,
          2.040546
        ],
        [
          -0.326319,
          0.471338,
          -0.819364,
          2.006504
        ],
        [
          0.010663,
          -0.864923,
          -0.501792,
          1.324531
        ],
        [
          0.0,
          0.0,
          0.0,
          1.0
        ]
      ]
    },
    {
      "file_path": "/media/NFS/ttao/scannet/posed_images/scene0003_00/00040.jpg",
      "transform_matrix": [
        [
          -0.95241,
          -0.169038,
          0.253656,
          1.974097
        ],
        [
          -0.304668,
          0.5016,
          -0.809676,
          2.028571
        ],
        [
          0.009632,
          -0.848425,
          -0.529229,
          1.306355
        ],
        [
          0.0,
          0.0,
          0.0,
          1.0
        ]
      ]
    },
    {
      "file_path": "/media/NFS/ttao/scannet/posed_images/scene0003_00/00047.jpg",
      "transform_matrix": [
        [
          -0.969445,
          -0.11562,
          0.216354,
          1.912734
        ],
        [
          -0.244993,
          0.501215,
          -0.829917,
          2.032165
        ],
        [
          -0.012485,
          -0.857564,
          -0.514226,
          1.313424
        ],
        [
          0.0,
          0.0,
          0.0,
          1.0
        ]
      ]
    },
    {
      "file_path": "/media/NFS/ttao/scannet/posed_images/scene0003_00/00056.jpg",
      "transform_matrix": [
        [
          -0.982741,
          -0.100802,
          0.155112,
          1.884875
        ],
        [
          -0.184854,
          0.503079,
          -0.84424,
          2.024204
        ],
        [
          0.007067,
          -0.858342,
          -0.51303,
          1.31708
        ],
        [
          0.0,
          0.0,
          0.0,
          1.0
        ]
      ]
    },
    {
      "file_path": "/media/NFS/ttao/scannet/posed_images/scene0003_00/00059.jpg",
      "transform_matrix": [
        [
          -0.984137,
          -0.092946,
          0.151115,
          1.879583
        ],
        [
          -0.177354,
          0.493801,
          -0.851297,
          2.024401
        ],
        [
          0.004504,
          -0.864593,
          -0.502452,
          1.320208
        ],
        [
          0.0,
          0.0,
          0.0,
          1.0
        ]
      ]
    },
    {
      "file_path": "/media/NFS/ttao/scannet/posed_images/scene0003_00/00062.jpg",
      "transform_matrix": [
        [
          -0.983597,
          -0.095832,
          0.152819,
          1.88339
        ],
        [
          -0.180151,
          0.479108,
          -0.85907,
          2.026299
        ],
        [
          0.00911,
          -0.872509,
          -0.488513,
          1.325324
        ],
        [
          0.0,
          0.0,
          0.0,
          1.0
        ]
      ]
    },
    {
      "file_path": "/media/NFS/ttao/scannet/posed_images/scene0003_00/00071.jpg",
      "transform_matrix": [
        [
          -0.988344,
          -0.07303,
          0.133577,
          1.876223
        ],
        [
          -0.15211,
          0.437917,
          -0.886054,
          2.030367
        ],
        [
          0.006213,
          -0.896044,
          -0.443921,
          1.350669
        ],
        [
          0.0,
          0.0,
          0.0,
          1.0
        ]
      ]
    },
    {
      "file_path": "/media/NFS/ttao/scannet/posed_images/scene0003_00/00076.jpg",
      "transform_matrix": [
        [
          -0.990298,
          -0.053525,
          0.128243,
          1.868934
        ],
        [
          -0.138848,
          0.418964,
          -0.897324,
          2.033591
        ],
        [
          -0.0057,
          -0.906424,
          -0.422331,
          1.364193
        ],
        [
          0.0,
          0.0,
          0.0,
          1.0
        ]
      ]
    },
    {
      "file_path": "/media/NFS/ttao/scannet/posed_images/scene0003_00/00080.jpg",
      "transform_matrix": [
        [
          -0.992248,
          -0.047541,
          0.11482,
          1.861819
        ],
        [
          -0.124062,
          0.432804,
          -0.892911,
          2.034344
        ],
        [
          -0.007245,
          -0.900234,
          -0.435347,
          1.362359
        ],
        [
          0.0,
          0.0,
          0.0,
          1.0
        ]
      ]
    },
    {
      "file_path": "/media/NFS/ttao/scannet/posed_images/scene0003_00/00090.jpg",
      "transform_matrix": [
        [
          -0.998766,
          -0.020063,
          0.045424,
          1.821758
        ],
        [
          -0.049143,
          0.530801,
          -0.846071,
          2.033407
        ],
        [
          -0.007136,
          -0.847259,
          -0.531132,
          1.306304
        ],
        [
          0.0,
          0.0,
          0.0,
          1.0
        ]
      ]
    },
    {
      "file_path": "/media/NFS/ttao/scannet/posed_images/scene0003_00/00095.jpg",
      "transform_matrix": [
        [
          -0.999932,
          -0.00607,
          0.009939,
          1.820539
        ],
        [
          -0.011633,
          0.561163,
          -0.827624,
          2.031956
        ],
        [
          -0.000554,
          -0.827683,
          -0.561195,
          1.28447
        ],
        [
          0.0,
          0.0,
          0.0,
          1.0
        ]
      ]
    },
    {
      "file_path": "/media/NFS/ttao/scannet/posed_images/scene0003_00/00101.jpg",
      "transform_matrix": [
        [
          -0.999951,
          -0.005388,
          0.008275,
          1.826243
        ],
        [
          -0.009871,
          0.56832,
          -0.822749,
          2.036092
        ],
        [
          -0.00027,
          -0.82279,
          -0.568345,
          1.272344
        ],
        [
          0.0,
          0.0,
          0.0,
          1.0
        ]
      ]
    },
    {
      "file_path": "/media/NFS/ttao/scannet/posed_images/scene0003_00/00102.jpg",
      "transform_matrix": [
        [
          -0.999941,
          -0.006244,
          0.008917,
          1.826604
        ],
        [
          -0.010886,
          0.567917,
          -0.823014,
          2.037015
        ],
        [
          7.4e-05,
          -0.823062,
          -0.567952,
          1.271963
        ],
        [
          0.0,
          0.0,
          0.0,
          1.0
        ]
      ]
    },
    {
      "file_path": "/media/NFS/ttao/scannet/posed_images/scene0003_00/00109.jpg",
      "transform_matrix": [
        [
          -0.999705,
          -0.009168,
          0.022502,
          1.824076
        ],
        [
          -0.023814,
          0.553593,
          -0.832447,
          2.03955
        ],
        [
          -0.004826,
          -0.832737,
          -0.553648,
          1.27561
        ],
        [
          0.0,
          0.0,
          0.0,
          1.0
        ]
      ]
    },
    {
      "file_path": "/media/NFS/ttao/scannet/posed_images/scene0003_00/00115.jpg",
      "transform_matrix": [
        [
          -0.998468,
          -0.024282,
          0.049724,
          1.826344
        ],
        [
          -0.05529,
          0.474416,
          -0.878563,
          2.038061
        ],
        [
          -0.002257,
          -0.879966,
          -0.475032,
          1.310432
        ],
        [
          0.0,
          0.0,
          0.0,
          1.0
        ]
      ]
    },
    {
      "file_path": "/media/NFS/ttao/scannet/posed_images/scene0003_00/00125.jpg",
      "transform_matrix": [
        [
          -0.995305,
          -0.032904,
          0.091026,
          1.834193
        ],
        [
          -0.09679,
          0.342378,
          -0.934564,
          2.03561
        ],
        [
          -0.000414,
          -0.938986,
          -0.343955,
          1.397093
        ],
        [
          0.0,
          0.0,
          0.0,
          1.0
        ]
      ]
    },
    {
      "file_path": "/media/NFS/ttao/scannet/posed_images/scene0003_00/00130.jpg",
      "transform_matrix": [
        [
          -0.994942,
          -0.051081,
          0.086495,
          1.840573
        ],
        [
          -0.098269,
          0.316393,
          -0.943525,
          2.033175
        ],
        [
          0.02083,
          -0.947252,
          -0.319813,
          1.414382
        ],
        [
          0.0,
          0.0,
          0.0,
          1.0
        ]
      ]
    },
    {
      "file_path": "/media/NFS/ttao/scannet/posed_images/scene0003_00/00132.jpg",
      "transform_matrix": [
        [
          -0.994482,
          -0.054917,
          0.08939,
          1.842649
        ],
        [
          -0.102024,
          0.307686,
          -0.946003,
          2.030205
        ],
        [
          0.024448,
          -0.949902,
          -0.311591,
          1.423822
        ],
        [
          0.0,
          0.0,
          0.0,
          1.0
        ]
      ]
    },
    {
      "file_path": "/media/NFS/ttao/scannet/posed_images/scene0003_00/00142.jpg",
      "transform_matrix": [
        [
          -0.99324,
          -0.049343,
          0.105068,
          1.847284
        ],
        [
          -0.113687,
          0.230785,
          -0.96634,
          2.033835
        ],
        [
          0.023434,
          -0.971753,
          -0.234835,
          1.461939
        ],
        [
          0.0,
          0.0,
          0.0,
          1.0
        ]
      ]
    },
    {
      "file_path": "/media/NFS/ttao/scannet/posed_images/scene0003_00/00146.jpg",
      "transform_matrix": [
        [
          -0.992771,
          -0.044508,
          0.111467,
          1.845603
        ],
        [
          -0.118008,
          0.192455,
          -0.974184,
          2.03635
        ],
        [
          0.021907,
          -0.980296,
          -0.196316,
          1.479972
        ],
        [
          0.0,
          0.0,
          0.0,
          1.0
        ]
      ]
    },
    {
      "file_path": "/media/NFS/ttao/scannet/posed_images/scene0003_00/00149.jpg",
      "transform_matrix": [
        [
          -0.992088,
          -0.034296,
          0.120767,
          1.842583
        ],
        [
          -0.124743,
          0.160923,
          -0.979052,
          2.039525
        ],
        [
          0.014144,
          -0.986371,
          -0.163928,
          1.493295
        ],
        [
          0.0,
          0.0,
          0.0,
          1.0
        ]
      ]
    },
    {
      "file_path": "/media/NFS/ttao/scannet/posed_images/scene0003_00/00160.jpg",
      "transform_matrix": [
        [
          -0.990213,
          -0.033212,
          0.135554,
          1.837175
        ],
        [
          -0.138261,
          0.101069,
          -0.985225,
          2.054816
        ],
        [
          0.019021,
          -0.994325,
          -0.104672,
          1.511181
        ],
        [
          0.0,
          0.0,
          0.0,
          1.0
        ]
      ]
    },
    {
      "file_path": "/media/NFS/ttao/scannet/posed_images/scene0003_00/00163.jpg",
      "transform_matrix": [
        [
          -0.989973,
          -0.03394,
          0.137118,
          1.836527
        ],
        [
          -0.139661,
          0.089673,
          -0.986131,
          2.058456
        ],
        [
          0.021173,
          -0.995393,
          -0.093514,
          1.515709
        ],
        [
          0.0,
          0.0,
          0.0,
          1.0
        ]
      ]
    },
    {
      "file_path": "/media/NFS/ttao/scannet/posed_images/scene0003_00/00168.jpg",
      "transform_matrix": [
        [
          -0.990222,
          -0.040282,
          0.133556,
          1.837173
        ],
        [
          -0.136086,
          0.068464,
          -0.988329,
          2.065515
        ],
        [
          0.030668,
          -0.99684,
          -0.073277,
          1.522233
        ],
        [
          0.0,
          0.0,
          0.0,
          1.0
        ]
      ]
    },
    {
      "file_path": "/media/NFS/ttao/scannet/posed_images/scene0003_00/00175.jpg",
      "transform_matrix": [
        [
          -0.988817,
          -0.044015,
          0.142491,
          1.84245
        ],
        [
          -0.144581,
          0.048637,
          -0.988297,
          2.075051
        ],
        [
          0.03657,
          -0.997846,
          -0.054457,
          1.527529
        ],
        [
          0.0,
          0.0,
          0.0,
          1.0
        ]
      ]
    },
    {
      "file_path": "/media/NFS/ttao/scannet/posed_images/scene0003_00/00181.jpg",
      "transform_matrix": [
        [
          -0.986623,
          -0.043184,
          0.157193,
          1.844996
        ],
        [
          -0.157806,
          0.011148,
          -0.987407,
          2.086985
        ],
        [
          0.040888,
          -0.999005,
          -0.017814,
          1.538911
        ],
        [
          0.0,
          0.0,
          0.0,
          1.0
        ]
      ]
    },
    {
      "file_path": "/media/NFS/ttao/scannet/posed_images/scene0003_00/00187.jpg",
      "transform_matrix": [
        [
          -0.984346,
          -0.047593,
          0.169702,
          1.848653
        ],
        [
          -0.167265,
          -0.051237,
          -0.98458,
          2.102789
        ],
        [
          0.055554,
          -0.997552,
          0.042474,
          1.559607
        ],
        [
          0.0,
          0.0,
          0.0,
          1.0
        ]
      ]
    },
    {
      "file_path": "/media/NFS/ttao/scannet/posed_images/scene0003_00/00193.jpg",
      "transform_matrix": [
        [
          -0.984933,
          -0.050802,
          0.165309,
          1.85496
        ],
        [
          -0.160237,
          -0.091494,
          -0.982829,
          2.113383
        ],
        [
          0.065054,
          -0.994509,
          0.081975,
          1.575511
        ],
        [
          0.0,
          0.0,
          0.0,
          1.0
        ]
      ]
    },
    {
      "file_path": "/media/NFS/ttao/scannet/posed_images/scene0003_00/00200.jpg",
      "transform_matrix": [
        [
          -0.983556,
          -0.040289,
          0.176052,
          1.861539
        ],
        [
          -0.169559,
          -0.129666,
          -0.976953,
          2.129771
        ],
        [
          0.062188,
          -0.990739,
          0.120703,
          1.593192
        ],
        [
          0.0,
          0.0,
          0.0,
          1.0
        ]
      ]
    },
    {
      "file_path": "/media/NFS/ttao/scannet/posed_images/scene0003_00/00201.jpg",
      "transform_matrix": [
        [
          -0.983189,
          -0.037799,
          0.178633,
          1.862005
        ],
        [
          -0.172259,
          -0.132386,
          -0.976115,
          2.131717
        ],
        [
          0.060544,
          -0.990477,
          0.123649,
          1.595765
        ],
        [
          0.0,
          0.0,
          0.0,
          1.0
        ]
      ]
    },
    {
      "file_path": "/media/NFS/ttao/scannet/posed_images/scene0003_00/00210.jpg",
      "transform_matrix": [
        [
          -0.973923,
          -0.026603,
          0.225315,
          1.876473
        ],
        [
          -0.217455,
          -0.173826,
          -0.960468,
          2.153181
        ],
        [
          0.064717,
          -0.984417,
          0.163508,
          1.606664
        ],
        [
          0.0,
          0.0,
          0.0,
          1.0
        ]
      ]
    },
    {
      "file_path": "/media/NFS/ttao/scannet/posed_images/scene0003_00/00214.jpg",
      "transform_matrix": [
        [
          -0.967454,
          -0.030125,
          0.251249,
          1.880434
        ],
        [
          -0.241107,
          -0.19168,
          -0.951381,
          2.161557
        ],
        [
          0.07682,
          -0.980995,
          0.178178,
          1.607965
        ],
        [
          0.0,
          0.0,
          0.0,
          1.0
        ]
      ]
    },
    {
      "file_path": "/media/NFS/ttao/scannet/posed_images/scene0003_00/00222.jpg",
      "transform_matrix": [
        [
          -0.960052,
          -0.00606,
          0.279755,
          1.886296
        ],
        [
          -0.269945,
          -0.243215,
          -0.931653,
          2.179187
        ],
        [
          0.073686,
          -0.969953,
          0.231863,
          1.617064
        ],
        [
          0.0,
          0.0,
          0.0,
          1.0
        ]
      ]
    },
    {
      "file_path": "/media/NFS/ttao/scannet/posed_images/scene0003_00/00224.jpg",
      "transform_matrix": [
        [
          -0.959799,
          -0.003489,
          0.280665,
          1.886605
        ],
        [
          -0.270822,
          -0.251254,
          -0.929262,
          2.182888
        ],
        [
          0.07376,
          -0.967915,
          0.240209,
          1.620157
        ],
        [
          0.0,
          0.0,
          0.0,
          1.0
        ]
      ]
    },
    {
      "file_path": "/media/NFS/ttao/scannet/posed_images/scene0003_00/00231.jpg",
      "transform_matrix": [
        [
          -0.956089,
          0.021743,
          0.292269,
          1.883043
        ],
        [
          -0.286687,
          -0.276496,
          -0.917257,
          2.19067
        ],
        [
          0.060868,
          -0.960769,
          0.270588,
          1.620692
        ],
        [
          0.0,
          0.0,
          0.0,
          1.0
        ]
      ]
    },
    {
      "file_path": "/media/NFS/ttao/scannet/posed_images/scene0003_00/00236.jpg",
      "transform_matrix": [
        [
          -0.962841,
          0.019227,
          0.269383,
          1.876344
        ],
        [
          -0.265526,
          -0.249574,
          -0.931241,
          2.173678
        ],
        [
          0.049326,
          -0.968165,
          0.245405,
          1.601846
        ],
        [
          0.0,
          0.0,
          0.0,
          1.0
        ]
      ]
    },
    {
      "file_path": "/media/NFS/ttao/scannet/posed_images/scene0003_00/00247.jpg",
      "transform_matrix": [
        [
          -0.978982,
          -0.012205,
          0.203583,
          1.870789
        ],
        [
          -0.203176,
          -0.028416,
          -0.97873,
          2.115263
        ],
        [
          0.01773,
          -0.999521,
          0.025339,
          1.52376
        ],
        [
          0.0,
          0.0,
          0.0,
          1.0
        ]
      ]
    },
    {
      "file_path": "/media/NFS/ttao/scannet/posed_images/scene0003_00/00250.jpg",
      "transform_matrix": [
        [
          -0.980134,
          -0.028638,
          0.196258,
          1.868815
        ],
        [
          -0.19711,
          0.03074,
          -0.9799,
          2.106938
        ],
        [
          0.022029,
          -0.999117,
          -0.035774,
          1.515104
        ],
        [
          0.0,
          0.0,
          0.0,
          1.0
        ]
      ]
    },
    {
      "file_path": "/media/NFS/ttao/scannet/posed_images/scene0003_00/00257.jpg",
      "transform_matrix": [
        [
          -0.981538,
          -0.033772,
          0.18826,
          1.864099
        ],
        [
          -0.190741,
          0.099945,
          -0.97654,
          2.08894
        ],
        [
          0.014164,
          -0.99442,
          -0.104542,
          1.476583
        ],
        [
          0.0,
          0.0,
          0.0,
          1.0
        ]
      ]
    },
    {
      "file_path": "/media/NFS/ttao/scannet/posed_images/scene0003_00/00262.jpg",
      "transform_matrix": [
        [
          -0.984435,
          -0.046544,
          0.169473,
          1.870408
        ],
        [
          -0.17492,
          0.16597,
          -0.970493,
          2.069196
        ],
        [
          0.017043,
          -0.985032,
          -0.171528,
          1.44965
        ],
        [
          0.0,
          0.0,
          0.0,
          1.0
        ]
      ]
    },
    {
      "file_path": "/media/NFS/ttao/scannet/posed_images/scene0003_00/00269.jpg",
      "transform_matrix": [
        [
          -0.981743,
          -0.064237,
          0.179037,
          1.881312
        ],
        [
          -0.189615,
          0.256003,
          -0.947897,
          2.039821
        ],
        [
          0.015056,
          -0.964539,
          -0.263509,
          1.412158
        ],
        [
          0.0,
          0.0,
          0.0,
          1.0
        ]
      ]
    },
    {
      "file_path": "/media/NFS/ttao/scannet/posed_images/scene0003_00/00271.jpg",
      "transform_matrix": [
        [
          -0.983893,
          -0.074324,
          0.162575,
          1.896392
        ],
        [
          -0.177347,
          0.291766,
          -0.939905,
          2.027664
        ],
        [
          0.022424,
          -0.953598,
          -0.300247,
          1.411602
        ],
        [
          0.0,
          0.0,
          0.0,
          1.0
        ]
      ]
    },
    {
      "file_path": "/media/NFS/ttao/scannet/posed_images/scene0003_00/00278.jpg",
      "transform_matrix": [
        [
          -0.993227,
          -0.079686,
          0.084566,
          1.913557
        ],
        [
          -0.107532,
          0.354627,
          -0.928804,
          1.986346
        ],
        [
          0.044023,
          -0.931606,
          -0.360794,
          1.373736
        ],
        [
          0.0,
          0.0,
          0.0,
          1.0
        ]
      ]
    },
    {
      "file_path": "/media/NFS/ttao/scannet/posed_images/scene0003_00/00286.jpg",
      "transform_matrix": [
        [
          -0.999613,
          -0.024977,
          -0.012237,
          1.919749
        ],
        [
          -0.000328,
          0.450532,
          -0.89276,
          1.938794
        ],
        [
          0.027811,
          -0.892411,
          -0.450366,
          1.352513
        ],
        [
          0.0,
          0.0,
          0.0,
          1.0
        ]
      ]
    },
    {
      "file_path": "/media/NFS/ttao/scannet/posed_images/scene0003_00/00292.jpg",
      "transform_matrix": [
        [
          -0.994881,
          0.052417,
          -0.086391,
          1.908308
        ],
        [
          0.101041,
          0.504917,
          -0.857234,
          1.911464
        ],
        [
          -0.001313,
          -0.861575,
          -0.507629,
          1.336196
        ],
        [
          0.0,
          0.0,
          0.0,
          1.0
        ]
      ]
    },
    {
      "file_path": "/media/NFS/ttao/scannet/posed_images/scene0003_00/00297.jpg",
      "transform_matrix": [
        [
          -0.984661,
          0.100719,
          -0.14247,
          1.89564
        ],
        [
          0.174306,
          0.531804,
          -0.828735,
          1.900403
        ],
        [
          -0.007703,
          -0.840857,
          -0.541203,
          1.324651
        ],
        [
          0.0,
          0.0,
          0.0,
          1.0
        ]
      ]
    },
    {
      "file_path": "/media/NFS/ttao/scannet/posed_images/scene0003_00/00300.jpg",
      "transform_matrix": [
        [
          -0.977661,
          0.128615,
          -0.166247,
          1.877759
        ],
        [
          0.209853,
          0.552495,
          -0.806667,
          1.897348
        ],
        [
          -0.011899,
          -0.823534,
          -0.567142,
          1.313613
        ],
        [
          0.0,
          0.0,
          0.0,
          1.0
        ]
      ]
    },
    {
      "file_path": "/media/NFS/ttao/scannet/posed_images/scene0003_00/00309.jpg",
      "transform_matrix": [
        [
          -0.951889,
          0.192469,
          -0.23846,
          1.833817
        ],
        [
          0.306137,
          0.562445,
          -0.768073,
          1.907406
        ],
        [
          -0.013709,
          -0.804121,
          -0.594307,
          1.303939
        ],
        [
          0.0,
          0.0,
          0.0,
          1.0
        ]
      ]
    },
    {
      "file_path": "/media/NFS/ttao/scannet/posed_images/scene0003_00/00314.jpg",
      "transform_matrix": [
        [
          -0.934323,
          0.198632,
          -0.295948,
          1.804068
        ],
        [
          0.356251,
          0.546464,
          -0.757933,
          1.91918
        ],
        [
          0.011176,
          -0.813586,
          -0.581337,
          1.310342
        ],
        [
          0.0,
          0.0,
          0.0,
          1.0
        ]
      ]
    },
    {
      "file_path": "/media/NFS/ttao/scannet/posed_images/scene0003_00/00321.jpg",
      "transform_matrix": [
        [
          -0.894954,
          0.209377,
          -0.393978,
          1.79773
        ],
        [
          0.441577,
          0.541904,
          -0.715088,
          1.924504
        ],
        [
          0.063775,
          -0.813942,
          -0.577435,
          1.311735
        ],
        [
          0.0,
          0.0,
          0.0,
          1.0
        ]
      ]
    },
    {
      "file_path": "/media/NFS/ttao/scannet/posed_images/scene0003_00/00326.jpg",
      "transform_matrix": [
        [
          -0.879739,
          0.204249,
          -0.429351,
          1.796175
        ],
        [
          0.468741,
          0.523832,
          -0.711254,
          1.929554
        ],
        [
          0.079635,
          -0.826972,
          -0.556575,
          1.313733
        ],
        [
          0.0,
          0.0,
          0.0,
          1.0
        ]
      ]
    },
    {
      "file_path": "/media/NFS/ttao/scannet/posed_images/scene0003_00/00333.jpg",
      "transform_matrix": [
        [
          -0.861331,
          0.212297,
          -0.461562,
          1.807793
        ],
        [
          0.501408,
          0.501593,
          -0.704979,
          1.928208
        ],
        [
          0.081852,
          -0.83865,
          -0.538485,
          1.309128
        ],
        [
          0.0,
          0.0,
          0.0,
          1.0
        ]
      ]
    },
    {
      "file_path": "/media/NFS/ttao/scannet/posed_images/scene0003_00/00335.jpg",
      "transform_matrix": [
        [
          -0.8604,
          0.214093,
          -0.462468,
          1.808953
        ],
        [
          0.503409,
          0.4983,
          -0.705887,
          1.927047
        ],
        [
          0.079323,
          -0.840156,
          -0.536513,
          1.310694
        ],
        [
          0.0,
          0.0,
          0.0,
          1.0
        ]
      ]
    },
    {
      "file_path": "/media/NFS/ttao/scannet/posed_images/scene0003_00/00340.jpg",
      "transform_matrix": [
        [
          -0.850162,
          0.233395,
          -0.471966,
          1.809733
        ],
        [
          0.521532,
          0.496399,
          -0.693969,
          1.922523
        ],
        [
          0.072315,
          -0.836131,
          -0.543742,
          1.313347
        ],
        [
          0.0,
          0.0,
          0.0,
          1.0
        ]
      ]
    },
    {
      "file_path": "/media/NFS/ttao/scannet/posed_images/scene0003_00/00351.jpg",
      "transform_matrix": [
        [
          -0.799002,
          0.249021,
          -0.547343,
          1.805933
        ],
        [
          0.596964,
          0.437947,
          -0.672188,
          1.912988
        ],
        [
          0.072318,
          -0.863824,
          -0.498577,
          1.335118
        ],
        [
          0.0,
          0.0,
          0.0,
          1.0
        ]
      ]
    },
    {
      "file_path": "/media/NFS/ttao/scannet/posed_images/scene0003_00/00352.jpg",
      "transform_matrix": [
        [
          -0.795497,
          0.250603,
          -0.551709,
          1.805746
        ],
        [
          0.601818,
          0.432979,
          -0.671077,
          1.911754
        ],
        [
          0.070705,
          -0.865868,
          -0.495251,
          1.336241
        ],
        [
          0.0,
          0.0,
          0.0,
          1.0
        ]
      ]
    },
    {
      "file_path": "/media/NFS/ttao/scannet/posed_images/scene0003_00/00361.jpg",
      "transform_matrix": [
        [
          -0.76194,
          0.240777,
          -0.601228,
          1.804921
        ],
        [
          0.64467,
          0.370881,
          -0.668467,
          1.901269
        ],
        [
          0.062032,
          -0.896925,
          -0.43781,
          1.361016
        ],
        [
          0.0,
          0.0,
          0.0,
          1.0
        ]
      ]
    },
    {
      "file_path": "/media/NFS/ttao/scannet/posed_images/scene0003_00/00365.jpg",
      "transform_matrix": [
        [
          -0.75898,
          0.237166,
          -0.606384,
          1.809439
        ],
        [
          0.648805,
          0.353829,
          -0.673689,
          1.895879
        ],
        [
          0.05478,
          -0.904742,
          -0.422423,
          1.364277
        ],
        [
          0.0,
          0.0,
          0.0,
          1.0
        ]
      ]
    },
    {
      "file_path": "/media/NFS/ttao/scannet/posed_images/scene0003_00/00373.jpg",
      "transform_matrix": [
        [
          -0.76884,
          0.24207,
          -0.591851,
          1.826118
        ],
        [
          0.637492,
          0.362377,
          -0.679917,
          1.874206
        ],
        [
          0.049886,
          -0.900047,
          -0.432928,
          1.35613
        ],
        [
          0.0,
          0.0,
          0.0,
          1.0
        ]
      ]
    },
    {
      "file_path": "/media/NFS/ttao/scannet/posed_images/scene0003_00/00377.jpg",
      "transform_matrix": [
        [
          -0.770763,
          0.236373,
          -0.591652,
          1.822037
        ],
        [
          0.634481,
          0.369236,
          -0.679042,
          1.85792
        ],
        [
          0.057952,
          -0.898773,
          -0.434568,
          1.359923
        ],
        [
          0.0,
          0.0,
          0.0,
          1.0
        ]
      ]
    },
    {
      "file_path": "/media/NFS/ttao/scannet/posed_images/scene0003_00/00385.jpg",
      "transform_matrix": [
        [
          -0.75677,
          0.224023,
          -0.614095,
          1.764936
        ],
        [
          0.652245,
          0.321021,
          -0.686675,
          1.811965
        ],
        [
          0.043307,
          -0.920195,
          -0.389057,
          1.396608
        ],
        [
          0.0,
          0.0,
          0.0,
          1.0
        ]
      ]
    },
    {
      "file_path": "/media/NFS/ttao/scannet/posed_images/scene0003_00/00387.jpg",
      "transform_matrix": [
        [
          -0.7578,
          0.217803,
          -0.615062,
          1.751951
        ],
        [
          0.650964,
          0.316742,
          -0.689871,
          1.798912
        ],
        [
          0.04456,
          -0.923167,
          -0.381808,
          1.401359
        ],
        [
          0.0,
          0.0,
          0.0,
          1.0
        ]
      ]
    },
    {
      "file_path": "/media/NFS/ttao/scannet/posed_images/scene0003_00/00394.jpg",
      "transform_matrix": [
        [
          -0.758131,
          0.171242,
          -0.629217,
          1.69393
        ],
        [
          0.648664,
          0.296996,
          -0.700735,
          1.772717
        ],
        [
          0.06688,
          -0.939399,
          -0.33624,
          1.42865
        ],
        [
          0.0,
          0.0,
          0.0,
          1.0
        ]
      ]
    },
    {
      "file_path": "/media/NFS/ttao/scannet/posed_images/scene0003_00/00403.jpg",
      "transform_matrix": [
        [
          -0.728587,
          0.141871,
          -0.670099,
          1.638401
        ],
        [
          0.682851,
          0.227032,
          -0.694386,
          1.756556
        ],
        [
          0.053621,
          -0.963499,
          -0.262289,
          1.459635
        ],
        [
          0.0,
          0.0,
          0.0,
          1.0
        ]
      ]
    },
    {
      "file_path": "/media/NFS/ttao/scannet/posed_images/scene0003_00/00406.jpg",
      "transform_matrix": [
        [
          -0.724333,
          0.137526,
          -0.675595,
          1.625343
        ],
        [
          0.68827,
          0.201551,
          -0.696894,
          1.754206
        ],
        [
          0.040326,
          -0.969775,
          -0.240645,
          1.473419
        ],
        [
          0.0,
          0.0,
          0.0,
          1.0
        ]
      ]
    },
    {
      "file_path": "/media/NFS/ttao/scannet/posed_images/scene0003_00/00410.jpg",
      "transform_matrix": [
        [
          -0.722658,
          0.121431,
          -0.680456,
          1.609117
        ],
        [
          0.690717,
          0.1639,
          -0.704306,
          1.762352
        ],
        [
          0.026002,
          -0.978975,
          -0.202318,
          1.492352
        ],
        [
          0.0,
          0.0,
          0.0,
          1.0
        ]
      ]
    },
    {
      "file_path": "/media/NFS/ttao/scannet/posed_images/scene0003_00/00420.jpg",
      "transform_matrix": [
        [
          -0.68662,
          0.080573,
          -0.722538,
          1.597462
        ],
        [
          0.726256,
          0.121458,
          -0.676609,
          1.772945
        ],
        [
          0.033242,
          -0.989321,
          -0.141912,
          1.512479
        ],
        [
          0.0,
          0.0,
          0.0,
          1.0
        ]
      ]
    },
    {
      "file_path": "/media/NFS/ttao/scannet/posed_images/scene0003_00/00425.jpg",
      "transform_matrix": [
        [
          -0.663581,
          0.0684,
          -0.744971,
          1.598791
        ],
        [
          0.746977,
          0.115244,
          -0.654786,
          1.769538
        ],
        [
          0.041066,
          -0.99098,
          -0.127567,
          1.513175
        ],
        [
          0.0,
          0.0,
          0.0,
          1.0
        ]
      ]
    },
    {
      "file_path": "/media/NFS/ttao/scannet/posed_images/scene0003_00/00427.jpg",
      "transform_matrix": [
        [
          -0.651211,
          0.066231,
          -0.756001,
          1.600492
        ],
        [
          0.757523,
          0.116635,
          -0.642304,
          1.765626
        ],
        [
          0.045636,
          -0.990964,
          -0.126125,
          1.512249
        ],
        [
          0.0,
          0.0,
          0.0,
          1.0
        ]
      ]
    },
    {
      "file_path": "/media/NFS/ttao/scannet/posed_images/scene0003_00/00432.jpg",
      "transform_matrix": [
        [
          -0.618271,
          0.055272,
          -0.784019,
          1.614072
        ],
        [
          0.784047,
          0.113014,
          -0.610326,
          1.745446
        ],
        [
          0.054871,
          -0.992055,
          -0.11321,
          1.520829
        ],
        [
          0.0,
          0.0,
          0.0,
          1.0
        ]
      ]
    },
    {
      "file_path": "/media/NFS/ttao/scannet/posed_images/scene0003_00/00441.jpg",
      "transform_matrix": [
        [
          -0.550792,
          0.000713,
          -0.834642,
          1.669674
        ],
        [
          0.831345,
          0.089281,
          -0.548539,
          1.690084
        ],
        [
          0.074126,
          -0.996006,
          -0.049768,
          1.525257
        ],
        [
          0.0,
          0.0,
          0.0,
          1.0
        ]
      ]
    },
    {
      "file_path": "/media/NFS/ttao/scannet/posed_images/scene0003_00/00444.jpg",
      "transform_matrix": [
        [
          -0.530648,
          0.015883,
          -0.847444,
          1.688648
        ],
        [
          0.84502,
          0.08776,
          -0.527485,
          1.665803
        ],
        [
          0.065993,
