{
  "frames": [
    {
      "file_path": "/media/NFS/ttao/scannet/posed_images/scene0299_01/00003.jpg",
      "transform_matrix": [
        [
          -0.10969,
          0.365019,
          -0.924516,
          5.403757
        ],
        [
          0.981625,
          0.185893,
          -0.043071,
          7.061919
        ],
        [
          0.156139,
          -0.912253,
          -0.378702,
          1.612208
        ],
        [
          0.0,
          0.0,
          0.0,
          1.0
        ]
      ]
    },
    {
      "file_path": "/media/NFS/ttao/scannet/posed_images/scene0299_01/00005.jpg",
      "transform_matrix": [
        [
          -0.111893,
          0.364247,
          -0.924556,
          5.404904
        ],
        [
          0.980845,
          0.189767,
          -0.043943,
          7.064035
        ],
        [
          0.159444,
          -0.911763,
          -0.378504,
          1.609477
        ],
        [
          0.0,
          0.0,
          0.0,
          1.0
        ]
      ]
    },
    {
      "file_path": "/media/NFS/ttao/scannet/posed_images/scene0299_01/00013.jpg",
      "transform_matrix": [
        [
          -0.129247,
          0.35673,
          -0.925224,
          5.401984
        ],
        [
          0.978257,
          0.198491,
          -0.060125,
          7.06813
        ],
        [
          0.1622,
          -0.912877,
          -0.374628,
          1.615692
        ],
        [
          0.0,
          0.0,
          0.0,
          1.0
        ]
      ]
    },
    {
      "file_path": "/media/NFS/ttao/scannet/posed_images/scene0299_01/00020.jpg",
      "transform_matrix": [
        [
          -0.121683,
          0.345477,
          -0.930505,
          5.388761
        ],
        [
          0.978436,
          0.199384,
          -0.053924,
          7.039703
        ],
        [
          0.166899,
          -0.917001,
          -0.362289,
          1.624128
        ],
        [
          0.0,
          0.0,
          0.0,
          1.0
        ]
      ]
    },
    {
      "file_path": "/media/NFS/ttao/scannet/posed_images/scene0299_01/00021.jpg",
      "transform_matrix": [
        [
          -0.121572,
          0.345637,
          -0.93046,
          5.38927
        ],
        [
          0.97829,
          0.20023,
          -0.053443,
          7.040949
        ],
        [
          0.167834,
          -0.916757,
          -0.362475,
          1.622222
        ],
        [
          0.0,
          0.0,
          0.0,
          1.0
        ]
      ]
    },
    {
      "file_path": "/media/NFS/ttao/scannet/posed_images/scene0299_01/00029.jpg",
      "transform_matrix": [
        [
          -0.099656,
          0.362444,
          -0.926662,
          5.390217
        ],
        [
          0.981681,
          0.187804,
          -0.032117,
          7.095415
        ],
        [
          0.16239,
          -0.912888,
          -0.37452,
          1.631422
        ],
        [
          0.0,
          0.0,
          0.0,
          1.0
        ]
      ]
    },
    {
      "file_path": "/media/NFS/ttao/scannet/posed_images/scene0299_01/00031.jpg",
      "transform_matrix": [
        [
          -0.104475,
          0.358491,
          -0.927669,
          5.391652
        ],
        [
          0.982102,
          0.184175,
          -0.039432,
          7.11593
        ],
        [
          0.156718,
          -0.915185,
          -0.371316,
          1.632332
        ],
        [
          0.0,
          0.0,
          0.0,
          1.0
        ]
      ]
    },
    {
      "file_path": "/media/NFS/ttao/scannet/posed_images/scene0299_01/00037.jpg",
      "transform_matrix": [
        [
          -0.166644,
          0.341679,
          -0.924925,
          5.390368
        ],
        [
          0.977078,
          0.183249,
          -0.108346,
          7.231162
        ],
        [
          0.132472,
          -0.921778,
          -0.364384,
          1.645901
        ],
        [
          0.0,
          0.0,
          0.0,
          1.0
        ]
      ]
    },
    {
      "file_path": "/media/NFS/ttao/scannet/posed_images/scene0299_01/00046.jpg",
      "transform_matrix": [
        [
          -0.191158,
          0.366665,
          -0.910503,
          5.345815
        ],
        [
          0.972297,
          0.197862,
          -0.124451,
          7.394445
        ],
        [
          0.134522,
          -0.90907,
          -0.39433,
          1.637711
        ],
        [
          0.0,
          0.0,
          0.0,
          1.0
        ]
      ]
    },
    {
      "file_path": "/media/NFS/ttao/scannet/posed_images/scene0299_01/00049.jpg",
      "transform_matrix": [
        [
          -0.197382,
          0.374093,
          -0.906143,
          5.33127
        ],
        [
          0.971987,
          0.194988,
          -0.131225,
          7.422425
        ],
        [
          0.127597,
          -0.906661,
          -0.402101,
          1.631549
        ],
        [
          0.0,
          0.0,
          0.0,
          1.0
        ]
      ]
    },
    {
      "file_path": "/media/NFS/ttao/scannet/posed_images/scene0299_01/00057.jpg",
      "transform_matrix": [
        [
          -0.221174,
          0.425778,
          -0.87738,
          5.298382
        ],
        [
          0.968207,
          0.203677,
          -0.145229,
          7.458146
        ],
        [
          0.116866,
          -0.881606,
          -0.457289,
          1.604261
        ],
        [
          0.0,
          0.0,
          0.0,
          1.0
        ]
      ]
    },
    {
      "file_path": "/media/NFS/ttao/scannet/posed_images/scene0299_01/00059.jpg",
      "transform_matrix": [
        [
          -0.229462,
          0.429144,
          -0.873603,
          5.292418
        ],
        [
          0.967137,
          0.20152,
          -0.155036,
          7.461653
        ],
        [
          0.109515,
          -0.880469,
          -0.461282,
          1.608655
        ],
        [
          0.0,
          0.0,
          0.0,
          1.0
        ]
      ]
    },
    {
      "file_path": "/media/NFS/ttao/scannet/posed_images/scene0299_01/00067.jpg",
      "transform_matrix": [
        [
          -0.272449,
          0.413848,
          -0.868621,
          5.293793
        ],
        [
          0.957307,
          0.207249,
          -0.201523,
          7.445963
        ],
        [
          0.096621,
          -0.886441,
          -0.452644,
          1.599624
        ],
        [
          0.0,
          0.0,
          0.0,
          1.0
        ]
      ]
    },
    {
      "file_path": "/media/NFS/ttao/scannet/posed_images/scene0299_01/00073.jpg",
      "transform_matrix": [
        [
          -0.274048,
          0.437822,
          -0.856277,
          5.297403
        ],
        [
          0.957416,
          0.208304,
          -0.199909,
          7.40066
        ],
        [
          0.090841,
          -0.874598,
          -0.476263,
          1.581966
        ],
        [
          0.0,
          0.0,
          0.0,
          1.0
        ]
      ]
    },
    {
      "file_path": "/media/NFS/ttao/scannet/posed_images/scene0299_01/00075.jpg",
      "transform_matrix": [
        [
          -0.272828,
          0.439347,
          -0.855885,
          5.298231
        ],
        [
          0.957904,
          0.206682,
          -0.199253,
          7.385008
        ],
        [
          0.089355,
          -0.874218,
          -0.477241,
          1.578567
        ],
        [
          0.0,
          0.0,
          0.0,
          1.0
        ]
      ]
    },
    {
      "file_path": "/media/NFS/ttao/scannet/posed_images/scene0299_01/00080.jpg",
      "transform_matrix": [
        [
          -0.270458,
          0.435265,
          -0.858719,
          5.306333
        ],
        [
          0.958326,
          0.206954,
          -0.196929,
          7.320372
        ],
        [
          0.091999,
          -0.876193,
          -0.473098,
          1.565163
        ],
        [
          0.0,
          0.0,
          0.0,
          1.0
        ]
      ]
    },
    {
      "file_path": "/media/NFS/ttao/scannet/posed_images/scene0299_01/00086.jpg",
      "transform_matrix": [
        [
          -0.29718,
          0.440224,
          -0.847282,
          5.310941
        ],
        [
          0.949564,
          0.229254,
          -0.213941,
          7.258503
        ],
        [
          0.100061,
          -0.868128,
          -0.48615,
          1.538875
        ],
        [
          0.0,
          0.0,
          0.0,
          1.0
        ]
      ]
    },
    {
      "file_path": "/media/NFS/ttao/scannet/posed_images/scene0299_01/00091.jpg",
      "transform_matrix": [
        [
          -0.317564,
          0.443661,
          -0.838044,
          5.313353
        ],
        [
          0.942319,
          0.246242,
          -0.226716,
          7.20186
        ],
        [
          0.105777,
          -0.861702,
          -0.496268,
          1.529972
        ],
        [
          0.0,
          0.0,
          0.0,
          1.0
        ]
      ]
    },
    {
      "file_path": "/media/NFS/ttao/scannet/posed_images/scene0299_01/00099.jpg",
      "transform_matrix": [
        [
          -0.411934,
          0.425296,
          -0.805875,
          5.320407
        ],
        [
          0.903204,
          0.307577,
          -0.299363,
          7.165684
        ],
        [
          0.120551,
          -0.851187,
          -0.51083,
          1.495344
        ],
        [
          0.0,
          0.0,
          0.0,
          1.0
        ]
      ]
    },
    {
      "file_path": "/media/NFS/ttao/scannet/posed_images/scene0299_01/00104.jpg",
      "transform_matrix": [
        [
          -0.469408,
          0.418499,
          -0.777506,
          5.346453
        ],
        [
          0.874791,
          0.340073,
          -0.345096,
          7.133962
        ],
        [
          0.119987,
          -0.842146,
          -0.525732,
          1.468025
        ],
        [
          0.0,
          0.0,
          0.0,
          1.0
        ]
      ]
    },
    {
      "file_path": "/media/NFS/ttao/scannet/posed_images/scene0299_01/00107.jpg",
      "transform_matrix": [
        [
          -0.506832,
          0.412231,
          -0.757091,
          5.356266
        ],
        [
          0.854066,
          0.359341,
          -0.376092,
          7.123395
        ],
        [
          0.117017,
          -0.837221,
          -0.534198,
          1.461437
        ],
        [
          0.0,
          0.0,
          0.0,
          1.0
        ]
      ]
    },
    {
      "file_path": "/media/NFS/ttao/scannet/posed_images/scene0299_01/00114.jpg",
      "transform_matrix": [
        [
          -0.558373,
          0.387169,
          -0.733703,
          5.393511
        ],
        [
          0.821412,
          0.381901,
          -0.423596,
          7.082826
        ],
        [
          0.116199,
          -0.839197,
          -0.531268,
          1.463198
        ],
        [
          0.0,
          0.0,
          0.0,
          1.0
        ]
      ]
    },
    {
      "file_path": "/media/NFS/ttao/scannet/posed_images/scene0299_01/00119.jpg",
      "transform_matrix": [
        [
          -0.584252,
          0.364862,
          -0.724932,
          5.407326
        ],
        [
          0.802626,
          0.392039,
          -0.449553,
          7.049288
        ],
        [
          0.120176,
          -0.844501,
          -0.521896,
          1.469368
        ],
        [
          0.0,
          0.0,
          0.0,
          1.0
        ]
      ]
    },
    {
      "file_path": "/media/NFS/ttao/scannet/posed_images/scene0299_01/00124.jpg",
      "transform_matrix": [
        [
          -0.59811,
          0.355108,
          -0.718445,
          5.417115
        ],
        [
          0.793133,
          0.390823,
          -0.467115,
          6.995361
        ],
        [
          0.114909,
          -0.849209,
          -0.515403,
          1.472269
        ],
        [
          0.0,
          0.0,
          0.0,
          1.0
        ]
      ]
    },
    {
      "file_path": "/media/NFS/ttao/scannet/posed_images/scene0299_01/00133.jpg",
      "transform_matrix": [
        [
          -0.645175,
          0.341425,
          -0.683504,
          5.461058
        ],
        [
          0.759657,
          0.38228,
          -0.526101,
          6.914045
        ],
        [
          0.081666,
          -0.858656,
          -0.506004,
          1.48196
        ],
        [
          0.0,
          0.0,
          0.0,
          1.0
        ]
      ]
    },
    {
      "file_path": "/media/NFS/ttao/scannet/posed_images/scene0299_01/00135.jpg",
      "transform_matrix": [
        [
          -0.649594,
          0.339255,
          -0.680392,
          5.465181
        ],
        [
          0.755805,
          0.385126,
          -0.529563,
          6.901181
        ],
        [
          0.08238,
          -0.858245,
          -0.506586,
          1.478436
        ],
        [
          0.0,
          0.0,
          0.0,
          1.0
        ]
      ]
    },
    {
      "file_path": "/media/NFS/ttao/scannet/posed_images/scene0299_01/00140.jpg",
      "transform_matrix": [
        [
          -0.659306,
          0.335005,
          -0.673117,
          5.485012
        ],
        [
          0.746919,
          0.394441,
          -0.535283,
          6.878076
        ],
        [
          0.086182,
          -0.85568,
          -0.510279,
          1.463823
        ],
        [
          0.0,
          0.0,
          0.0,
          1.0
        ]
      ]
    },
    {
      "file_path": "/media/NFS/ttao/scannet/posed_images/scene0299_01/00150.jpg",
      "transform_matrix": [
        [
          -0.681809,
          0.359535,
          -0.63708,
          5.536924
        ],
        [
          0.725082,
          0.447519,
          -0.523434,
          6.869275
        ],
        [
          0.096912,
          -0.818817,
          -0.565815,
          1.429752
        ],
        [
          0.0,
          0.0,
          0.0,
          1.0
        ]
      ]
    },
    {
      "file_path": "/media/NFS/ttao/scannet/posed_images/scene0299_01/00151.jpg",
      "transform_matrix": [
        [
          -0.675765,
          0.36393,
          -0.641012,
          5.543036
        ],
        [
          0.730594,
          0.446126,
          -0.516918,
          6.867263
        ],
        [
          0.09785,
          -0.817635,
          -0.567361,
          1.426401
        ],
        [
          0.0,
          0.0,
          0.0,
          1.0
        ]
      ]
    },
    {
      "file_path": "/media/NFS/ttao/scannet/posed_images/scene0299_01/00158.jpg",
      "transform_matrix": [
        [
          -0.667461,
          0.369401,
          -0.646559,
          5.582295
        ],
        [
          0.733604,
          0.475169,
          -0.48584,
          6.850628
        ],
        [
          0.127754,
          -0.798597,
          -0.588151,
          1.408085
        ],
        [
          0.0,
          0.0,
          0.0,
          1.0
        ]
      ]
    },
    {
      "file_path": "/media/NFS/ttao/scannet/posed_images/scene0299_01/00166.jpg",
      "transform_matrix": [
        [
          -0.690938,
          0.353157,
          -0.630781,
          5.605524
        ],
        [
          0.713043,
          0.476624,
          -0.514197,
          6.835426
        ],
        [
          0.119053,
          -0.805052,
          -0.581134,
          1.431556
        ],
        [
          0.0,
          0.0,
          0.0,
          1.0
        ]
      ]
    },
    {
      "file_path": "/media/NFS/ttao/scannet/posed_images/scene0299_01/00168.jpg",
      "transform_matrix": [
        [
          -0.691492,
          0.359432,
          -0.626616,
          5.60107
        ],
        [
          0.713514,
          0.475352,
          -0.514721,
          6.834226
        ],
        [
          0.112856,
          -0.803025,
          -0.585162,
          1.435827
        ],
        [
          0.0,
          0.0,
          0.0,
          1.0
        ]
      ]
    },
    {
      "file_path": "/media/NFS/ttao/scannet/posed_images/scene0299_01/00176.jpg",
      "transform_matrix": [
        [
          -0.648899,
          0.401857,
          -0.646096,
          5.59367
        ],
        [
          0.751734,
          0.469824,
          -0.462775,
          6.792699
        ],
        [
          0.117582,
          -0.785987,
          -0.606958,
          1.447854
        ],
        [
          0.0,
          0.0,
          0.0,
          1.0
        ]
      ]
    },
    {
      "file_path": "/media/NFS/ttao/scannet/posed_images/scene0299_01/00177.jpg",
      "transform_matrix": [
        [
          -0.641917,
          0.407941,
          -0.64925,
          5.592638
        ],
        [
          0.757992,
          0.465384,
          -0.457018,
          6.782085
        ],
        [
          0.115714,
          -0.785495,
          -0.607954,
          1.4504
        ],
        [
          0.0,
          0.0,
          0.0,
          1.0
        ]
      ]
    },
    {
      "file_path": "/media/NFS/ttao/scannet/posed_images/scene0299_01/00184.jpg",
      "transform_matrix": [
        [
          -0.585406,
          0.419963,
          -0.693492,
          5.587054
        ],
        [
          0.799157,
          0.442982,
          -0.406342,
          6.708525
        ],
        [
          0.136556,
          -0.792084,
          -0.594941,
          1.469055
        ],
        [
          0.0,
          0.0,
          0.0,
          1.0
        ]
      ]
    },
    {
      "file_path": "/media/NFS/ttao/scannet/posed_images/scene0299_01/00192.jpg",
      "transform_matrix": [
        [
          -0.491548,
          0.402889,
          -0.772049,
          5.630128
        ],
        [
          0.853829,
          0.397388,
          -0.336241,
          6.58109
        ],
        [
          0.171336,
          -0.824477,
          -0.539334,
          1.491054
        ],
        [
          0.0,
          0.0,
          0.0,
          1.0
        ]
      ]
    },
    {
      "file_path": "/media/NFS/ttao/scannet/posed_images/scene0299_01/00194.jpg",
      "transform_matrix": [
        [
          -0.479857,
          0.39567,
          -0.78306,
          5.645222
        ],
        [
          0.860814,
          0.384784,
          -0.333078,
          6.565415
        ],
        [
          0.16952,
          -0.833898,
          -0.52524,
          1.482208
        ],
        [
          0.0,
          0.0,
          0.0,
          1.0
        ]
      ]
    },
    {
      "file_path": "/media/NFS/ttao/scannet/posed_images/scene0299_01/00200.jpg",
      "transform_matrix": [
        [
          -0.397475,
          0.4216,
          -0.815026,
          5.718525
        ],
        [
          0.907016,
          0.315104,
          -0.279339,
          6.453085
        ],
        [
          0.139048,
          -0.850272,
          -0.507644,
          1.484432
        ],
        [
          0.0,
          0.0,
          0.0,
          1.0
        ]
      ]
    },
    {
      "file_path": "/media/NFS/ttao/scannet/posed_images/scene0299_01/00207.jpg",
      "transform_matrix": [
        [
          -0.308711,
          0.459015,
          -0.833068,
          5.787051
        ],
        [
          0.946719,
          0.232787,
          -0.222562,
          6.331032
        ],
        [
          0.091768,
          -0.857389,
          -0.506422,
          1.497481
        ],
        [
          0.0,
          0.0,
          0.0,
          1.0
        ]
      ]
    },
    {
      "file_path": "/media/NFS/ttao/scannet/posed_images/scene0299_01/00210.jpg",
      "transform_matrix": [
        [
          -0.27297,
          0.46147,
          -0.844117,
          5.802315
        ],
        [
          0.956205,
          0.226497,
          -0.185394,
          6.283046
        ],
        [
          0.105636,
          -0.857756,
          -0.503087,
          1.50066
        ],
        [
          0.0,
          0.0,
          0.0,
          1.0
        ]
      ]
    },
    {
      "file_path": "/media/NFS/ttao/scannet/posed_images/scene0299_01/00217.jpg",
      "transform_matrix": [
        [
          -0.18882,
          0.443886,
          -0.875964,
          5.811814
        ],
        [
          0.972402,
          0.209002,
          -0.103698,
          6.147393
        ],
        [
          0.137048,
          -0.871369,
          -0.471099,
          1.486246
        ],
        [
          0.0,
          0.0,
          0.0,
          1.0
        ]
      ]
    },
    {
      "file_path": "/media/NFS/ttao/scannet/posed_images/scene0299_01/00225.jpg",
      "transform_matrix": [
        [
          -0.140715,
          0.455731,
          -0.878925,
          5.798908
        ],
        [
          0.986887,
          0.135467,
          -0.087758,
          5.987161
        ],
        [
          0.079071,
          -0.879749,
          -0.468817,
          1.459918
        ],
        [
          0.0,
          0.0,
          0.0,
          1.0
        ]
      ]
    },
    {
      "file_path": "/media/NFS/ttao/scannet/posed_images/scene0299_01/00231.jpg",
      "transform_matrix": [
        [
          -0.093048,
          0.477161,
          -0.873876,
          5.781441
        ],
        [
          0.990445,
          0.134088,
          -0.032245,
          5.837258
        ],
        [
          0.10179,
          -0.868526,
          -0.485079,
          1.448879
        ],
        [
          0.0,
          0.0,
          0.0,
          1.0
        ]
      ]
    },
    {
      "file_path": "/media/NFS/ttao/scannet/posed_images/scene0299_01/00233.jpg",
      "transform_matrix": [
        [
          -0.068713,
          0.476061,
          -0.876723,
          5.774572
        ],
        [
          0.989871,
          0.141965,
          -0.000494,
          5.793285
        ],
        [
          0.124229,
          -0.867877,
          -0.480995,
          1.444896
        ],
        [
          0.0,
          0.0,
          0.0,
          1.0
        ]
      ]
    },
    {
      "file_path": "/media/NFS/ttao/scannet/posed_images/scene0299_01/00238.jpg",
      "transform_matrix": [
        [
          0.006939,
          0.470118,
          -0.882576,
          5.760676
        ],
        [
          0.987126,
          0.137818,
          0.081171,
          5.678724
        ],
        [
          0.159795,
          -0.871777,
          -0.463109,
          1.429546
        ],
        [
          0.0,
          0.0,
          0.0,
          1.0
        ]
      ]
    },
    {
      "file_path": "/media/NFS/ttao/scannet/posed_images/scene0299_01/00247.jpg",
      "transform_matrix": [
        [
          0.040461,
          0.46815,
          -0.882722,
          5.746134
        ],
        [
          0.990031,
          0.100505,
          0.098682,
          5.496226
        ],
        [
          0.134916,
          -0.877915,
          -0.459417,
          1.407308
        ],
        [
          0.0,
          0.0,
          0.0,
          1.0
        ]
      ]
    },
    {
      "file_path": "/media/NFS/ttao/scannet/posed_images/scene0299_01/00252.jpg",
      "transform_matrix": [
        [
          0.069312,
          0.480204,
          -0.874414,
          5.714004
        ],
        [
          0.98704,
          0.094159,
          0.129949,
          5.407433
        ],
        [
          0.144736,
          -0.872089,
          -0.467454,
          1.397507
        ],
        [
          0.0,
          0.0,
          0.0,
          1.0
        ]
      ]
    },
    {
      "file_path": "/media/NFS/ttao/scannet/posed_images/scene0299_01/00257.jpg",
      "transform_matrix": [
        [
          0.088026,
          0.477345,
          -0.874296,
          5.678548
        ],
        [
          0.983554,
          0.097311,
          0.152155,
          5.334104
        ],
        [
          0.157709,
          -0.873311,
          -0.460929,
          1.376338
        ],
        [
          0.0,
          0.0,
          0.0,
          1.0
        ]
      ]
    },
    {
      "file_path": "/media/NFS/ttao/scannet/posed_images/scene0299_01/00259.jpg",
      "transform_matrix": [
        [
          0.091869,
          0.476979,
          -0.8741,
          5.660532
        ],
        [
          0.983147,
          0.095883,
          0.155652,
          5.304967
        ],
        [
          0.158054,
          -0.873669,
          -0.460132,
          1.367743
        ],
        [
          0.0,
          0.0,
          0.0,
          1.0
        ]
      ]
    },
    {
      "file_path": "/media/NFS/ttao/scannet/posed_images/scene0299_01/00267.jpg",
      "transform_matrix": [
        [
          0.074782,
          0.510377,
          -0.856693,
          5.565477
        ],
        [
          0.988716,
          0.073877,
          0.130318,
          5.20082
        ],
        [
          0.129801,
          -0.856771,
          -0.499093,
          1.347575
        ],
        [
          0.0,
          0.0,
          0.0,
          1.0
        ]
      ]
    },
    {
      "file_path": "/media/NFS/ttao/scannet/posed_images/scene0299_01/00272.jpg",
      "transform_matrix": [
        [
          0.102772,
          0.522356,
          -0.846512,
          5.496015
        ],
        [
          0.986866,
          0.053082,
          0.152568,
          5.121273
        ],
        [
          0.124629,
          -0.851074,
          -0.510041,
          1.340295
        ],
        [
          0.0,
          0.0,
          0.0,
          1.0
        ]
      ]
    },
    {
      "file_path": "/media/NFS/ttao/scannet/posed_images/scene0299_01/00280.jpg",
      "transform_matrix": [
        [
          0.137177,
          0.526793,
          -0.838851,
          5.403839
        ],
        [
          0.981788,
          0.040062,
          0.18571,
          5.016279
        ],
        [
          0.131437,
          -0.849049,
          -0.511703,
          1.319835
        ],
        [
          0.0,
          0.0,
          0.0,
          1.0
        ]
      ]
    },
    {
      "file_path": "/media/NFS/ttao/scannet/posed_images/scene0299_01/00285.jpg",
      "transform_matrix": [
        [
          0.149177,
          0.541644,
          -0.827265,
          5.347638
        ],
        [
          0.978031,
          0.042376,
          0.204109,
          4.928937
        ],
        [
          0.14561,
          -0.839539,
          -0.523423,
          1.295891
        ],
        [
          0.0,
          0.0,
          0.0,
          1.0
        ]
      ]
    },
    {
      "file_path": "/media/NFS/ttao/scannet/posed_images/scene0299_01/00287.jpg",
      "transform_matrix": [
        [
          0.15695,
          0.547266,
          -0.822111,
          5.32382
        ],
        [
          0.978249,
          0.028169,
          0.205511,
          4.89816
        ],
        [
          0.135628,
          -0.836484,
          -0.530942,
          1.298393
        ],
        [
          0.0,
          0.0,
          0.0,
          1.0
        ]
      ]
    },
    {
      "file_path": "/media/NFS/ttao/scannet/posed_images/scene0299_01/00296.jpg",
      "transform_matrix": [
        [
          0.179273,
          0.508964,
          -0.841913,
          5.245982
        ],
        [
          0.978116,
          -0.000359,
          0.208059,
          4.828572
        ],
        [
          0.105592,
          -0.860788,
          -0.497891,
          1.307389
        ],
        [
          0.0,
          0.0,
          0.0,
          1.0
        ]
      ]
    },
    {
      "file_path": "/media/NFS/ttao/scannet/posed_images/scene0299_01/00300.jpg",
      "transform_matrix": [
        [
          0.223672,
          0.504338,
          -0.834035,
          5.214825
        ],
        [
          0.966944,
          -0.00733,
          0.254883,
          4.81165
        ],
        [
          0.122434,
          -0.863475,
          -0.489306,
          1.298819
        ],
        [
          0.0,
          0.0,
          0.0,
          1.0
        ]
      ]
    },
    {
      "file_path": "/media/NFS/ttao/scannet/posed_images/scene0299_01/00303.jpg",
      "transform_matrix": [
        [
          0.242244,
          0.503717,
          -0.829209,
          5.192214
        ],
        [
          0.96259,
          -0.017835,
          0.270376,
          4.806448
        ],
        [
          0.121404,
          -0.863685,
          -0.489193,
          1.297705
        ],
        [
          0.0,
          0.0,
          0.0,
          1.0
        ]
      ]
    },
    {
      "file_path": "/media/NFS/ttao/scannet/posed_images/scene0299_01/00313.jpg",
      "transform_matrix": [
        [
          0.160376,
          0.492659,
          -0.855317,
          5.114387
        ],
        [
          0.982193,
          0.006256,
          0.187769,
          4.795834
        ],
        [
          0.097857,
          -0.8702,
          -0.482883,
          1.246257
        ],
        [
          0.0,
          0.0,
          0.0,
          1.0
        ]
      ]
    },
    {
      "file_path": "/media/NFS/ttao/scannet/posed_images/scene0299_01/00317.jpg",
      "transform_matrix": [
        [
          0.132666,
          0.478257,
          -0.868142,
          5.095672
        ],
        [
          0.988237,
          0.003403,
          0.152893,
          4.819274
        ],
        [
          0.076077,
          -0.878214,
          -0.472179,
          1.213015
        ],
        [
          0.0,
          0.0,
          0.0,
          1.0
        ]
      ]
    },
    {
      "file_path": "/media/NFS/ttao/scannet/posed_images/scene0299_01/00319.jpg",
      "transform_matrix": [
        [
          0.144433,
          0.473293,
          -0.868984,
          5.09392
        ],
        [
          0.987037,
          -0.006799,
          0.160351,
          4.828772
        ],
        [
          0.069985,
          -0.880879,
          -0.468139,
          1.190548
        ],
        [
          0.0,
          0.0,
          0.0,
          1.0
        ]
      ]
    },
    {
      "file_path": "/media/NFS/ttao/scannet/posed_images/scene0299_01/00327.jpg",
      "transform_matrix": [
        [
          0.233532,
          0.464644,
          -0.854148,
          5.106494
        ],
        [
          0.970096,
          -0.051576,
          0.237177,
          4.830099
        ],
        [
          0.06615,
          -0.883994,
          -0.462795,
          1.107901
        ],
        [
          0.0,
          0.0,
          0.0,
          1.0
        ]
      ]
    },
    {
      "file_path": "/media/NFS/ttao/scannet/posed_images/scene0299_01/00334.jpg",
      "transform_matrix": [
        [
          0.231579,
          0.380899,
          -0.895146,
          5.150303
        ],
        [
          0.971969,
          -0.05221,
          0.229237,
          4.84115
        ],
        [
          0.040581,
          -0.923141,
          -0.382313,
          1.074398
        ],
        [
          0.0,
          0.0,
          0.0,
          1.0
        ]
      ]
    },
    {
      "file_path": "/media/NFS/ttao/scannet/posed_images/scene0299_01/00337.jpg",
      "transform_matrix": [
        [
          0.23134,
          0.374895,
          -0.897739,
          5.159497
        ],
        [
          0.970854,
          -0.02954,
          0.237845,
          4.833436
        ],
        [
          0.062647,
          -0.926597,
          -0.370802,
          1.06131
        ],
        [
          0.0,
          0.0,
          0.0,
          1.0
        ]
      ]
    },
    {
      "file_path": "/media/NFS/ttao/scannet/posed_images/scene0299_01/00340.jpg",
      "transform_matrix": [
        [
          0.228748,
          0.379187,
          -0.8966,
          5.161472
        ],
        [
          0.971099,
          -0.024432,
          0.237423,
          4.818179
        ],
        [
          0.068122,
          -0.924997,
          -0.373817,
          1.0752
        ],
        [
          0.0,
          0.0,
          0.0,
          1.0
        ]
      ]
    },
    {
      "file_path": "/media/NFS/ttao/scannet/posed_images/scene0299_01/00347.jpg",
      "transform_matrix": [
        [
          0.20647,
          0.370329,
          -0.905664,
          5.143991
        ],
        [
          0.977609,
          -0.03964,
          0.206663,
          4.797122
        ],
        [
          0.040633,
          -0.928055,
          -0.370221,
          1.163256
        ],
        [
          0.0,
          0.0,
          0.0,
          1.0
        ]
      ]
    },
    {
      "file_path": "/media/NFS/ttao/scannet/posed_images/scene0299_01/00353.jpg",
      "transform_matrix": [
        [
          0.180682,
          0.358223,
          -0.915986,
          5.109406
        ],
        [
          0.983281,
          -0.04436,
          0.176607,
          4.78361
        ],
        [
          0.022631,
          -0.932582,
          -0.360249,
          1.247864
        ],
        [
          0.0,
          0.0,
          0.0,
          1.0
        ]
      ]
    },
    {
      "file_path": "/media/NFS/ttao/scannet/posed_images/scene0299_01/00360.jpg",
      "transform_matrix": [
        [
          0.149567,
          0.347151,
          -0.925806,
          5.055513
        ],
        [
          0.988516,
          -0.032055,
          0.147678,
          4.790295
        ],
        [
          0.02159,
          -0.937261,
          -0.347959,
          1.319239
        ],
        [
          0.0,
          0.0,
          0.0,
          1.0
        ]
      ]
    },
    {
      "file_path": "/media/NFS/ttao/scannet/posed_images/scene0299_01/00366.jpg",
      "transform_matrix": [
        [
          0.092998,
          0.371725,
          -0.923673,
          5.021869
        ],
        [
          0.995472,
          -0.016406,
          0.093625,
          4.802882
        ],
        [
          0.019649,
          -0.928198,
          -0.371567,
          1.341626
        ],
        [
          0.0,
          0.0,
          0.0,
          1.0
        ]
      ]
    },
    {
      "file_path": "/media/NFS/ttao/scannet/posed_images/scene0299_01/00368.jpg",
      "transform_matrix": [
        [
          0.09057,
          0.373836,
          -0.923062,
          5.012634
        ],
        [
          0.99564,
          -0.01322,
          0.092338,
          4.803366
        ],
        [
          0.022316,
          -0.927401,
          -0.373404,
          1.343846
        ],
        [
          0.0,
          0.0,
          0.0,
          1.0
        ]
      ]
    },
    {
      "file_path": "/media/NFS/ttao/scannet/posed_images/scene0299_01/00373.jpg",
      "transform_matrix": [
        [
          0.094512,
          0.37413,
          -0.922548,
          4.986667
        ],
        [
          0.995352,
          -0.018323,
          0.094541,
          4.799435
        ],
        [
          0.018467,
          -0.927195,
          -0.374122,
          1.353684
        ],
        [
          0.0,
          0.0,
          0.0,
          1.0
        ]
      ]
    },
    {
      "file_path": "/media/NFS/ttao/scannet/posed_images/scene0299_01/00379.jpg",
      "transform_matrix": [
        [
          0.091927,
          0.374082,
          -0.922828,
          4.974583
        ],
        [
          0.995441,
          -0.010859,
          0.094758,
          4.754982
        ],
        [
          0.025427,
          -0.927332,
          -0.373375,
          1.337873
        ],
        [
          0.0,
          0.0,
          0.0,
          1.0
        ]
      ]
    },
    {
      "file_path": "/media/NFS/ttao/scannet/posed_images/scene0299_01/00386.jpg",
      "transform_matrix": [
        [
          0.077626,
          0.413203,
          -0.907324,
          4.970467
        ],
        [
          0.995865,
          0.010944,
          0.090185,
          4.696609
        ],
        [
          0.047195,
          -0.910573,
          -0.410645,
          1.315143
        ],
        [
          0.0,
          0.0,
          0.0,
          1.0
        ]
      ]
    },
    {
      "file_path": "/media/NFS/ttao/scannet/posed_images/scene0299_01/00389.jpg",
      "transform_matrix": [
        [
          0.085467,
          0.430953,
          -0.898318,
          4.967683
        ],
        [
          0.995366,
          0.00294,
          0.09611,
          4.658732
        ],
        [
          0.04406,
          -0.90237,
          -0.428705,
          1.312809
        ],
        [
          0.0,
          0.0,
          0.0,
          1.0
        ]
      ]
    },
    {
      "file_path": "/media/NFS/ttao/scannet/posed_images/scene0299_01/00397.jpg",
      "transform_matrix": [
        [
          0.073009,
          0.517295,
          -0.852687,
          4.966919
        ],
        [
          0.99671,
          -0.00766,
          0.080693,
          4.558854
        ],
        [
          0.03521,
          -0.855773,
          -0.516152,
          1.271538
        ],
        [
          0.0,
          0.0,
          0.0,
          1.0
        ]
      ]
    },
    {
      "file_path": "/media/NFS/ttao/scannet/posed_images/scene0299_01/00404.jpg",
      "transform_matrix": [
        [
          0.010153,
          0.56265,
          -0.826633,
          4.959157
        ],
        [
          0.99922,
          0.025838,
          0.029859,
          4.516343
        ],
        [
          0.038159,
          -0.826291,
          -0.561949,
          1.264886
        ],
        [
          0.0,
          0.0,
          0.0,
          1.0
        ]
      ]
    },
    {
      "file_path": "/media/NFS/ttao/scannet/posed_images/scene0299_01/00405.jpg",
      "transform_matrix": [
        [
          0.005105,
          0.564994,
          -0.825079,
          4.957026
        ],
        [
          0.99917,
          0.030461,
          0.027041,
          4.513116
        ],
        [
          0.040411,
          -0.824533,
          -0.564369,
          1.267017
        ],
        [
          0.0,
          0.0,
          0.0,
          1.0
        ]
      ]
    },
    {
      "file_path": "/media/NFS/ttao/scannet/posed_images/scene0299_01/00414.jpg",
      "transform_matrix": [
        [
          -0.014903,
          0.539164,
          -0.842069,
          4.941452
        ],
        [
          0.999098,
          0.041516,
          0.0089,
          4.48457
        ],
        [
          0.039758,
          -0.841177,
          -0.539296,
          1.272447
        ],
        [
          0.0,
          0.0,
          0.0,
          1.0
        ]
      ]
    },
    {
      "file_path": "/media/NFS/ttao/scannet/posed_images/scene0299_01/00417.jpg",
      "transform_matrix": [
        [
          -0.021344,
          0.533985,
          -0.845225,
          4.935544
        ],
        [
          0.999149,
          0.041239,
          0.000822,
          4.482338
        ],
        [
          0.035295,
          -0.844487,
          -0.534411,
          1.280146
        ],
        [
          0.0,
          0.0,
