{
  "frames": [
    {
      "file_path": "/media/NFS/ttao/scannet/posed_images/scene0640_02/00000.jpg",
      "transform_matrix": [
        [
          -0.735608,
          -0.301706,
          0.60651,
          2.975972
        ],
        [
          -0.677285,
          0.310531,
          -0.666975,
          1.941869
        ],
        [
          0.01289,
          -0.901412,
          -0.43277,
          1.438064
        ],
        [
          0.0,
          0.0,
          0.0,
          1.0
        ]
      ]
    },
    {
      "file_path": "/media/NFS/ttao/scannet/posed_images/scene0640_02/00014.jpg",
      "transform_matrix": [
        [
          -0.749607,
          -0.328108,
          0.574835,
          3.095274
        ],
        [
          -0.661147,
          0.330221,
          -0.673676,
          1.954368
        ],
        [
          0.031216,
          -0.885042,
          -0.464463,
          1.354091
        ],
        [
          0.0,
          0.0,
          0.0,
          1.0
        ]
      ]
    },
    {
      "file_path": "/media/NFS/ttao/scannet/posed_images/scene0640_02/00020.jpg",
      "transform_matrix": [
        [
          -0.735462,
          -0.353094,
          0.57829,
          3.087238
        ],
        [
          -0.677494,
          0.370844,
          -0.635198,
          1.959975
        ],
        [
          0.009829,
          -0.858953,
          -0.511961,
          1.325247
        ],
        [
          0.0,
          0.0,
          0.0,
          1.0
        ]
      ]
    },
    {
      "file_path": "/media/NFS/ttao/scannet/posed_images/scene0640_02/00034.jpg",
      "transform_matrix": [
        [
          -0.785841,
          -0.305277,
          0.53783,
          2.874873
        ],
        [
          -0.617596,
          0.432519,
          -0.656889,
          1.9511
        ],
        [
          -0.032089,
          -0.848371,
          -0.528429,
          1.313558
        ],
        [
          0.0,
          0.0,
          0.0,
          1.0
        ]
      ]
    },
    {
      "file_path": "/media/NFS/ttao/scannet/posed_images/scene0640_02/00043.jpg",
      "transform_matrix": [
        [
          -0.818929,
          -0.261103,
          0.511058,
          2.721846
        ],
        [
          -0.571289,
          0.455656,
          -0.682646,
          1.944627
        ],
        [
          -0.054625,
          -0.851001,
          -0.522316,
          1.334374
        ],
        [
          0.0,
          0.0,
          0.0,
          1.0
        ]
      ]
    },
    {
      "file_path": "/media/NFS/ttao/scannet/posed_images/scene0640_02/00046.jpg",
      "transform_matrix": [
        [
          -0.82775,
          -0.247103,
          0.503756,
          2.688244
        ],
        [
          -0.557614,
          0.462146,
          -0.689556,
          1.945975
        ],
        [
          -0.062417,
          -0.851681,
          -0.52033,
          1.336441
        ],
        [
          0.0,
          0.0,
          0.0,
          1.0
        ]
      ]
    },
    {
      "file_path": "/media/NFS/ttao/scannet/posed_images/scene0640_02/00054.jpg",
      "transform_matrix": [
        [
          -0.860026,
          -0.220823,
          0.459991,
          2.620851
        ],
        [
          -0.506164,
          0.483075,
          -0.714449,
          1.941194
        ],
        [
          -0.064444,
          -0.847275,
          -0.52723,
          1.329368
        ],
        [
          0.0,
          0.0,
          0.0,
          1.0
        ]
      ]
    },
    {
      "file_path": "/media/NFS/ttao/scannet/posed_images/scene0640_02/00065.jpg",
      "transform_matrix": [
        [
          -0.934181,
          -0.159248,
          0.319288,
          2.581058
        ],
        [
          -0.353951,
          0.526444,
          -0.77303,
          1.907746
        ],
        [
          -0.044984,
          -0.835163,
          -0.548161,
          1.33268
        ],
        [
          0.0,
          0.0,
          0.0,
          1.0
        ]
      ]
    },
    {
      "file_path": "/media/NFS/ttao/scannet/posed_images/scene0640_02/00074.jpg",
      "transform_matrix": [
        [
          -0.973131,
          -0.136655,
          0.185314,
          2.619319
        ],
        [
          -0.230051,
          0.543416,
          -0.807326,
          1.884661
        ],
        [
          0.009623,
          -0.828266,
          -0.560253,
          1.341715
        ],
        [
          0.0,
          0.0,
          0.0,
          1.0
        ]
      ]
    },
    {
      "file_path": "/media/NFS/ttao/scannet/posed_images/scene0640_02/00091.jpg",
      "transform_matrix": [
        [
          -0.981739,
          0.134405,
          -0.134623,
          2.822599
        ],
        [
          0.187167,
          0.55595,
          -0.809869,
          1.863201
        ],
        [
          -0.034006,
          -0.820277,
          -0.570954,
          1.367654
        ],
        [
          0.0,
          0.0,
          0.0,
          1.0
        ]
      ]
    },
    {
      "file_path": "/media/NFS/ttao/scannet/posed_images/scene0640_02/00100.jpg",
      "transform_matrix": [
        [
          -0.952472,
          0.147371,
          -0.266606,
          2.921244
        ],
        [
          0.302707,
          0.555949,
          -0.774138,
          1.789288
        ],
        [
          0.034133,
          -0.818048,
          -0.574136,
          1.3418
        ],
        [
          0.0,
          0.0,
          0.0,
          1.0
        ]
      ]
    },
    {
      "file_path": "/media/NFS/ttao/scannet/posed_images/scene0640_02/00108.jpg",
      "transform_matrix": [
        [
          -0.871623,
          0.316037,
          -0.374691,
          2.991235
        ],
        [
          0.488195,
          0.491043,
          -0.721486,
          1.691615
        ],
        [
          -0.044027,
          -0.811786,
          -0.582292,
          1.348875
        ],
        [
          0.0,
          0.0,
          0.0,
          1.0
        ]
      ]
    },
    {
      "file_path": "/media/NFS/ttao/scannet/posed_images/scene0640_02/00111.jpg",
      "transform_matrix": [
        [
          -0.84854,
          0.338917,
          -0.406342,
          3.012166
        ],
        [
          0.52657,
          0.465415,
          -0.711416,
          1.660471
        ],
        [
          -0.051993,
          -0.817633,
          -0.573387,
          1.368695
        ],
        [
          0.0,
          0.0,
          0.0,
          1.0
        ]
      ]
    },
    {
      "file_path": "/media/NFS/ttao/scannet/posed_images/scene0640_02/00122.jpg",
      "transform_matrix": [
        [
          -0.710111,
          0.402809,
          -0.577483,
          3.131991
        ],
        [
          0.702707,
          0.354071,
          -0.61712,
          1.574212
        ],
        [
          -0.044111,
          -0.844025,
          -0.534487,
          1.38694
        ],
        [
          0.0,
          0.0,
          0.0,
          1.0
        ]
      ]
    },
    {
      "file_path": "/media/NFS/ttao/scannet/posed_images/scene0640_02/00131.jpg",
      "transform_matrix": [
        [
          -0.619694,
          0.368411,
          -0.693003,
          3.276975
        ],
        [
          0.784729,
          0.305941,
          -0.539074,
          1.496561
        ],
        [
          0.013417,
          -0.87788,
          -0.478693,
          1.431845
        ],
        [
          0.0,
          0.0,
          0.0,
          1.0
        ]
      ]
    },
    {
      "file_path": "/media/NFS/ttao/scannet/posed_images/scene0640_02/00139.jpg",
      "transform_matrix": [
        [
          -0.573968,
          0.35052,
          -0.740066,
          3.316534
        ],
        [
          0.818711,
          0.263872,
          -0.509984,
          1.477246
        ],
        [
          0.016523,
          -0.898614,
          -0.438428,
          1.458026
        ],
        [
          0.0,
          0.0,
          0.0,
          1.0
        ]
      ]
    },
    {
      "file_path": "/media/NFS/ttao/scannet/posed_images/scene0640_02/00156.jpg",
      "transform_matrix": [
        [
          -0.565373,
          0.241977,
          -0.788543,
          3.288692
        ],
        [
          0.824812,
          0.172971,
          -0.538299,
          1.551289
        ],
        [
          0.006139,
          -0.95474,
          -0.297379,
          1.525314
        ],
        [
          0.0,
          0.0,
          0.0,
          1.0
        ]
      ]
    },
    {
      "file_path": "/media/NFS/ttao/scannet/posed_images/scene0640_02/00159.jpg",
      "transform_matrix": [
        [
          -0.564977,
          0.225605,
          -0.793664,
          3.283006
        ],
        [
          0.825048,
          0.165951,
          -0.540145,
          1.561971
        ],
        [
          0.00985,
          -0.95998,
          -0.279894,
          1.53819
        ],
        [
          0.0,
          0.0,
          0.0,
          1.0
        ]
      ]
    },
    {
      "file_path": "/media/NFS/ttao/scannet/posed_images/scene0640_02/00174.jpg",
      "transform_matrix": [
        [
          -0.550848,
          0.072706,
          -0.831432,
          3.287545
        ],
        [
          0.834474,
          0.06564,
          -0.547124,
          1.592708
        ],
        [
          0.014796,
          -0.995191,
          -0.096829,
          1.607759
        ],
        [
          0.0,
          0.0,
          0.0,
          1.0
        ]
      ]
    },
    {
      "file_path": "/media/NFS/ttao/scannet/posed_images/scene0640_02/00179.jpg",
      "transform_matrix": [
        [
          -0.566288,
          0.044342,
          -0.823014,
          3.29845
        ],
        [
          0.824056,
          0.049607,
          -0.564332,
          1.591853
        ],
        [
          0.015804,
          -0.997784,
          -0.064632,
          1.630168
        ],
        [
          0.0,
          0.0,
          0.0,
          1.0
        ]
      ]
    },
    {
      "file_path": "/media/NFS/ttao/scannet/posed_images/scene0640_02/00191.jpg",
      "transform_matrix": [
        [
          -0.570342,
          -0.037706,
          -0.820541,
          3.306772
        ],
        [
          0.820541,
          0.019704,
          -0.571248,
          1.600122
        ],
        [
          0.037708,
          -0.999095,
          0.019701,
          1.607438
        ],
        [
          0.0,
          0.0,
          0.0,
          1.0
        ]
      ]
    },
    {
      "file_path": "/media/NFS/ttao/scannet/posed_images/scene0640_02/00196.jpg",
      "transform_matrix": [
        [
          -0.585007,
          0.001235,
          -0.811027,
          3.311466
        ],
        [
          0.810929,
          0.016522,
          -0.584911,
          1.599094
        ],
        [
          0.012677,
          -0.999863,
          -0.010667,
          1.586866
        ],
        [
          0.0,
          0.0,
          0.0,
          1.0
        ]
      ]
    },
    {
      "file_path": "/media/NFS/ttao/scannet/posed_images/scene0640_02/00208.jpg",
      "transform_matrix": [
        [
          -0.605997,
          0.218898,
          -0.764756,
          3.270406
        ],
        [
          0.795446,
          0.159713,
          -0.584601,
          1.585992
        ],
        [
          -0.005827,
          -0.962588,
          -0.270907,
          1.48172
        ],
        [
          0.0,
          0.0,
          0.0,
          1.0
        ]
      ]
    },
    {
      "file_path": "/media/NFS/ttao/scannet/posed_images/scene0640_02/00222.jpg",
      "transform_matrix": [
        [
          -0.600239,
          0.404579,
          -0.689949,
          3.213974
        ],
        [
          0.798353,
          0.250818,
          -0.54747,
          1.614112
        ],
        [
          -0.048443,
          -0.879435,
          -0.473547,
          1.385715
        ],
        [
          0.0,
          0.0,
          0.0,
          1.0
        ]
      ]
    },
    {
      "file_path": "/media/NFS/ttao/scannet/posed_images/scene0640_02/00233.jpg",
      "transform_matrix": [
        [
          -0.568271,
          0.468183,
          -0.676663,
          3.196847
        ],
        [
          0.82157,
          0.27714,
          -0.498213,
          1.634393
        ],
        [
          -0.045725,
          -0.839046,
          -0.542136,
          1.330761
        ],
        [
          0.0,
          0.0,
          0.0,
          1.0
        ]
      ]
    },
    {
      "file_path": "/media/NFS/ttao/scannet/posed_images/scene0640_02/00242.jpg",
      "transform_matrix": [
        [
          -0.500132,
          0.515162,
          -0.696043,
          3.209546
        ],
        [
          0.8653,
          0.266193,
          -0.424732,
          1.636023
        ],
        [
          -0.033524,
          -0.814708,
          -0.578901,
          1.317437
        ],
        [
          0.0,
          0.0,
          0.0,
          1.0
        ]
      ]
    },
    {
      "file_path": "/media/NFS/ttao/scannet/posed_images/scene0640_02/00248.jpg",
      "transform_matrix": [
        [
          -0.413368,
          0.532087,
          -0.738925,
          3.255889
        ],
        [
          0.910236,
          0.219677,
          -0.351017,
          1.61397
        ],
        [
          -0.024447,
          -0.817695,
          -0.575132,
          1.319951
        ],
        [
          0.0,
          0.0,
          0.0,
          1.0
        ]
      ]
    },
    {
      "file_path": "/media/NFS/ttao/scannet/posed_images/scene0640_02/00256.jpg",
      "transform_matrix": [
        [
          -0.293736,
          0.556779,
          -0.776992,
          3.3929
        ],
        [
          0.955566,
          0.150002,
          -0.253756,
          1.515473
        ],
        [
          -0.024736,
          -0.817005,
          -0.5761,
          1.301679
        ],
        [
          0.0,
          0.0,
          0.0,
          1.0
        ]
      ]
    },
    {
      "file_path": "/media/NFS/ttao/scannet/posed_images/scene0640_02/00265.jpg",
      "transform_matrix": [
        [
          -0.256389,
          0.605232,
          -0.753631,
          3.523596
        ],
        [
          0.966463,
          0.148693,
          -0.209381,
          1.423142
        ],
        [
          -0.014665,
          -0.782039,
          -0.623057,
          1.304962
        ],
        [
          0.0,
          0.0,
          0.0,
          1.0
        ]
      ]
    },
    {
      "file_path": "/media/NFS/ttao/scannet/posed_images/scene0640_02/00276.jpg",
      "transform_matrix": [
        [
          -0.153534,
          0.651854,
          -0.74264,
          3.586094
        ],
        [
          0.986623,
          0.059452,
          -0.151791,
          1.423716
        ],
        [
          -0.054794,
          -0.756011,
          -0.652262,
          1.311342
        ],
        [
          0.0,
          0.0,
          0.0,
          1.0
        ]
      ]
    },
    {
      "file_path": "/media/NFS/ttao/scannet/posed_images/scene0640_02/00287.jpg",
      "transform_matrix": [
        [
          -0.057948,
          0.648521,
          -0.758988,
          3.622975
        ],
        [
          0.991881,
          -0.048802,
          -0.117429,
          1.476433
        ],
        [
          -0.113195,
          -0.759631,
          -0.640428,
          1.334105
        ],
        [
          0.0,
          0.0,
          0.0,
          1.0
        ]
      ]
    },
    {
      "file_path": "/media/NFS/ttao/scannet/posed_images/scene0640_02/00299.jpg",
      "transform_matrix": [
        [
          0.039022,
          0.602262,
          -0.797344,
          3.664745
        ],
        [
          0.99381,
          -0.106453,
          -0.031771,
          1.462488
        ],
        [
          -0.104014,
          -0.791169,
          -0.602688,
          1.355023
        ],
        [
          0.0,
          0.0,
          0.0,
          1.0
        ]
      ]
    },
    {
      "file_path": "/media/NFS/ttao/scannet/posed_images/scene0640_02/00302.jpg",
      "transform_matrix": [
        [
          0.056783,
          0.592593,
          -0.803498,
          3.678816
        ],
        [
          0.993561,
          -0.11258,
          -0.012815,
          1.438556
        ],
        [
          -0.098051,
          -0.797596,
          -0.595169,
          1.352744
        ],
        [
          0.0,
          0.0,
          0.0,
          1.0
        ]
      ]
    },
    {
      "file_path": "/media/NFS/ttao/scannet/posed_images/scene0640_02/00313.jpg",
      "transform_matrix": [
        [
          0.157641,
          0.595915,
          -0.787423,
          3.717384
        ],
        [
          0.984053,
          -0.161332,
          0.074911,
          1.310703
        ],
        [
          -0.082396,
          -0.786675,
          -0.611845,
          1.341618
        ],
        [
          0.0,
          0.0,
          0.0,
          1.0
        ]
      ]
    },
    {
      "file_path": "/media/NFS/ttao/scannet/posed_images/scene0640_02/00321.jpg",
      "transform_matrix": [
        [
          0.269554,
          0.570386,
          -0.775887,
          3.694618
        ],
        [
          0.961431,
          -0.205159,
          0.183194,
          1.288504
        ],
        [
          -0.054689,
          -0.795343,
          -0.603688,
          1.342867
        ],
        [
          0.0,
          0.0,
          0.0,
          1.0
        ]
      ]
    },
    {
      "file_path": "/media/NFS/ttao/scannet/posed_images/scene0640_02/00330.jpg",
      "transform_matrix": [
        [
          0.408658,
          0.543958,
          -0.732877,
          3.606184
        ],
        [
          0.911709,
          -0.28048,
          0.300198,
          1.296274
        ],
        [
          -0.042262,
          -0.790848,
          -0.610551,
          1.315657
        ],
        [
          0.0,
          0.0,
          0.0,
          1.0
        ]
      ]
    },
    {
      "file_path": "/media/NFS/ttao/scannet/posed_images/scene0640_02/00344.jpg",
      "transform_matrix": [
        [
          0.60446,
          0.478572,
          -0.636865,
          3.413508
        ],
        [
          0.794998,
          -0.413608,
          0.443741,
          1.383697
        ],
        [
          -0.05105,
          -0.77453,
          -0.630474,
          1.312992
        ],
        [
          0.0,
          0.0,
          0.0,
          1.0
        ]
      ]
    },
    {
      "file_path": "/media/NFS/ttao/scannet/posed_images/scene0640_02/00356.jpg",
      "transform_matrix": [
        [
          0.786875,
          0.371232,
          -0.492965,
          3.238796
        ],
        [
          0.616902,
          -0.494025,
          0.612675,
          1.417465
        ],
        [
          -0.016092,
          -0.78621,
          -0.617749,
          1.318375
        ],
        [
          0.0,
          0.0,
          0.0,
          1.0
        ]
      ]
    },
    {
      "file_path": "/media/NFS/ttao/scannet/posed_images/scene0640_02/00361.jpg",
      "transform_matrix": [
        [
          0.840951,
          0.333436,
          -0.42617,
          3.148365
        ],
        [
          0.540896,
          -0.540173,
          0.644706,
          1.391426
        ],
        [
          -0.015238,
          -0.77268,
          -0.634613,
          1.306785
        ],
        [
          0.0,
          0.0,
          0.0,
          1.0
        ]
      ]
    },
    {
      "file_path": "/media/NFS/ttao/scannet/posed_images/scene0640_02/00376.jpg",
      "transform_matrix": [
        [
          0.904216,
          0.284903,
          -0.318156,
          3.040056
        ],
        [
          0.426272,
          -0.556409,
          0.713234,
          1.398946
        ],
        [
          0.026178,
          -0.780538,
          -0.62456,
          1.322257
        ],
        [
          0.0,
          0.0,
          0.0,
          1.0
        ]
      ]
    },
    {
      "file_path": "/media/NFS/ttao/scannet/posed_images/scene0640_02/00378.jpg",
      "transform_matrix": [
        [
          0.901902,
          0.291652,
          -0.31861,
          3.040299
        ],
        [
          0.430848,
          -0.554974,
          0.7116,
          1.404507
        ],
        [
          0.030719,
          -0.779066,
          -0.62619,
          1.323789
        ],
        [
          0.0,
          0.0,
          0.0,
          1.0
        ]
      ]
    },
    {
      "file_path": "/media/NFS/ttao/scannet/posed_images/scene0640_02/00393.jpg",
      "transform_matrix": [
        [
          0.840708,
          0.33019,
          -0.429166,
          3.141598
        ],
        [
          0.541157,
          -0.484614,
          0.68724,
          1.519078
        ],
        [
          0.01894,
          -0.810015,
          -0.586104,
          1.372445
        ],
        [
          0.0,
          0.0,
          0.0,
          1.0
        ]
      ]
    },
    {
      "file_path": "/media/NFS/ttao/scannet/posed_images/scene0640_02/00395.jpg",
      "transform_matrix": [
        [
          0.833658,
          0.328942,
          -0.443634,
          3.167725
        ],
        [
          0.552001,
          -0.470727,
          0.688267,
          1.540761
        ],
        [
          0.01757,
          -0.818666,
          -0.574001,
          1.373286
        ],
        [
          0.0,
          0.0,
          0.0,
          1.0
        ]
      ]
    },
    {
      "file_path": "/media/NFS/ttao/scannet/posed_images/scene0640_02/00413.jpg",
      "transform_matrix": [
        [
          0.799435,
          0.31564,
          -0.511151,
          3.273768
        ],
        [
          0.600197,
          -0.38303,
          0.702177,
          1.729818
        ],
        [
          0.025849,
          -0.868136,
          -0.495653,
          1.431968
        ],
        [
          0.0,
          0.0,
          0.0,
          1.0
        ]
      ]
    },
    {
      "file_path": "/media/NFS/ttao/scannet/posed_images/scene0640_02/00418.jpg",
      "transform_matrix": [
        [
          0.813935,
          0.282378,
          -0.507712,
          3.247101
        ],
        [
          0.580553,
          -0.362802,
          0.728926,
          1.749255
        ],
        [
          0.021634,
          -0.888053,
          -0.459233,
          1.469918
        ],
        [
          0.0,
          0.0,
          0.0,
          1.0
        ]
      ]
    },
    {
      "file_path": "/media/NFS/ttao/scannet/posed_images/scene0640_02/00424.jpg",
      "transform_matrix": [
        [
          0.837622,
          0.232265,
          -0.494412,
          3.177464
        ],
        [
          0.545921,
          -0.324503,
          0.772443,
          1.736887
        ],
        [
          0.018973,
          -0.916925,
          -0.398609,
          1.501626
        ],
        [
          0.0,
          0.0,
          0.0,
          1.0
        ]
      ]
    },
    {
      "file_path": "/media/NFS/ttao/scannet/posed_images/scene0640_02/00435.jpg",
      "transform_matrix": [
        [
          0.87972,
          0.167344,
          -0.445071,
          3.053836
        ],
        [
          0.475331,
          -0.333854,
          0.814004,
          1.688122
        ],
        [
          -0.01237,
          -0.927652,
          -0.373242,
          1.495413
        ],
        [
          0.0,
          0.0,
          0.0,
          1.0
        ]
      ]
    },
    {
      "file_path": "/media/NFS/ttao/scannet/posed_images/scene0640_02/00447.jpg",
      "transform_matrix": [
        [
          0.918173,
          0.170384,
          -0.357669,
          2.870953
        ],
        [
          0.395345,
          -0.33549,
          0.855072,
          1.638502
        ],
        [
          0.025696,
          -0.926507,
          -0.375399,
          1.444128
        ],
        [
          0.0,
          0.0,
          0.0,
          1.0
        ]
      ]
    },
    {
      "file_path": "/media/NFS/ttao/scannet/posed_images/scene0640_02/00458.jpg",
      "transform_matrix": [
        [
          0.920482,
          0.133226,
          -0.367374,
          2.721957
        ],
        [
          0.390377,
          -0.356453,
          0.848851,
          1.631111
        ],
        [
          -0.017862,
          -0.924766,
          -0.380117,
          1.419922
        ],
        [
          0.0,
          0.0,
          0.0,
          1.0
        ]
      ]
    },
    {
      "file_path": "/media/NFS/ttao/scannet/posed_images/scene0640_02/00467.jpg",
      "transform_matrix": [
        [
          0.927823,
          0.128544,
          -0.350172,
          2.589575
        ],
        [
          0.372502,
          -0.368767,
          0.851618,
          1.618029
        ],
        [
          -0.019662,
          -0.920591,
          -0.390034,
          1.418447
        ],
        [
          0.0,
          0.0,
          0.0,
          1.0
        ]
      ]
    },
    {
      "file_path": "/media/NFS/ttao/scannet/posed_images/scene0640_02/00472.jpg",
      "transform_matrix": [
        [
          0.93673,
          0.135961,
          -0.322569,
          2.481975
        ],
        [
          0.350051,
          -0.361688,
          0.864087,
          1.595188
        ],
        [
          0.000813,
          -0.922332,
          -0.386397,
          1.41088
        ],
        [
          0.0,
          0.0,
          0.0,
          1.0
        ]
      ]
    },
    {
      "file_path": "/media/NFS/ttao/scannet/posed_images/scene0640_02/00481.jpg",
      "transform_matrix": [
        [
          0.945083,
          0.148959,
          -0.290908,
          2.320753
        ],
        [
          0.326374,
          -0.383251,
          0.864059,
          1.561067
        ],
        [
          0.017219,
          -0.911554,
          -0.410821,
          1.403974
        ],
        [
          0.0,
          0.0,
          0.0,
          1.0
        ]
      ]
    },
    {
      "file_path": "/media/NFS/ttao/scannet/posed_images/scene0640_02/00498.jpg",
      "transform_matrix": [
        [
          0.975337,
          0.120283,
          -0.185066,
          2.098767
        ],
        [
          0.219055,
          -0.424703,
          0.878432,
          1.62428
        ],
        [
          0.027062,
          -0.897307,
          -0.440577,
          1.377862
        ],
        [
          0.0,
          0.0,
          0.0,
          1.0
        ]
      ]
    },
    {
      "file_path": "/media/NFS/ttao/scannet/posed_images/scene0640_02/00501.jpg",
      "transform_matrix": [
        [
          0.981483,
          0.089882,
          -0.16915,
          2.061648
        ],
        [
          0.191384,
          -0.423723,
          0.885343,
          1.638527
        ],
        [
          0.007904,
          -0.901322,
          -0.433079,
          1.373769
        ],
        [
          0.0,
          0.0,
          0.0,
          1.0
        ]
      ]
    },
    {
      "file_path": "/media/NFS/ttao/scannet/posed_images/scene0640_02/00509.jpg",
      "transform_matrix": [
        [
          0.995293,
          0.022319,
          -0.0943,
          1.958176
        ],
        [
          0.094625,
          -0.433676,
          0.896087,
          1.705744
        ],
        [
          -0.020896,
          -0.900792,
          -0.433747,
          1.385416
        ],
        [
          0.0,
          0.0,
          0.0,
          1.0
        ]
      ]
    },
    {
      "file_path": "/media/NFS/ttao/scannet/posed_images/scene0640_02/00521.jpg",
      "transform_matrix": [
        [
          0.993425,
          -0.060118,
          0.097426,
          1.734476
        ],
        [
          -0.113879,
          -0.431725,
          0.894788,
          1.731582
        ],
        [
          -0.011732,
          -0.9,
          -0.435732,
          1.358051
        ],
        [
          0.0,
          0.0,
          0.0,
          1.0
        ]
      ]
    },
    {
      "file_path": "/media/NFS/ttao/scannet/posed_images/scene0640_02/00535.jpg",
      "transform_matrix": [
        [
          0.970984,
          -0.115381,
          0.209466,
          1.369905
        ],
        [
          -0.238695,
          -0.414073,
          0.87839,
          1.66699
        ],
        [
          -0.014616,
          -0.902901,
          -0.429599,
          1.354019
        ],
        [
          0.0,
          0.0,
          0.0,
          1.0
        ]
      ]
    },
    {
      "file_path": "/media/NFS/ttao/scannet/posed_images/scene0640_02/00538.jpg",
      "transform_matrix": [
        [
          0.967708,
          -0.112318,
          0.225667,
          1.330205
        ],
        [
          -0.252072,
          -0.432948,
          0.865457,
          1.662862
        ],
        [
          0.000495,
          -0.894394,
          -0.44728,
          1.338466
        ],
        [
          0.0,
          0.0,
          0.0,
          1.0
        ]
      ]
    },
    {
      "file_path": "/media/NFS/ttao/scannet/posed_images/scene0640_02/00549.jpg",
      "transform_matrix": [
        [
          0.954838,
          -0.138776,
          0.262727,
          1.229482
        ],
        [
          -0.296633,
          -0.496146,
          0.815995,
          1.643686
        ],
        [
          0.01711,
          -0.857076,
          -0.514905,
          1.289482
        ],
        [
          0.0,
          0.0,
          0.0,
          1.0
        ]
      ]
    },
    {
      "file_path": "/media/NFS/ttao/scannet/posed_images/scene0640_02/00563.jpg",
      "transform_matrix": [
        [
          0.925214,
          -0.201361,
          0.321611,
          1.094239
        ],
        [
          -0.377143,
          -0.581262,
          0.72104,
          1.615855
        ],
        [
          0.041751,
          -0.788409,
          -0.613733,
          1.256246
        ],
        [
          0.0,
          0.0,
          0.0,
          1.0
        ]
      ]
    },
    {
      "file_path": "/media/NFS/ttao/scannet/posed_images/scene0640_02/00575.jpg",
      "transform_matrix": [
        [
          0.907578,
          -0.223479,
          0.355471,
          1.085886
        ],
        [
          -0.416363,
          -0.588401,
          0.693128,
          1.609091
        ],
        [
          0.05426,
          -0.777072,
          -0.627068,
          1.261496
        ],
        [
          0.0,
          0.0,
          0.0,
          1.0
        ]
      ]
    },
    {
      "file_path": "/media/NFS/ttao/scannet/posed_images/scene0640_02/00578.jpg",
      "transform_matrix": [
        [
          0.905694,
          -0.233271,
          0.35398,
          1.102743
        ],
        [
          -0.422264,
          -0.570374,
          0.704532,
          1.6096
        ],
        [
          0.037554,
          -0.787565,
          -0.615087,
          1.274375
        ],
        [
          0.0,
          0.0,
          0.0,
          1.0
        ]
      ]
    },
    {
      "file_path": "/media/NFS/ttao/scannet/posed_images/scene0640_02/00592.jpg",
      "transform_matrix": [
        [
          0.884097,
          -0.303807,
          0.355069,
          1.279943
        ],
        [
          -0.463623,
          -0.475076,
          0.747902,
          1.603876
        ],
        [
          -0.058533,
          -0.825836,
          -0.560865,
          1.338465
        ],
        [
          0.0,
          0.0,
          0.0,
          1.0
        ]
      ]
    },
    {
      "file_path": "/media/NFS/ttao/scannet/posed_images/scene0640_02/00600.jpg",
      "transform_matrix": [
        [
          0.857244,
          -0.317459,
          0.405404,
          1.373413
        ],
        [
          -0.510528,
          -0.421526,
          0.749451,
          1.603971
        ],
        [
          -0.067032,
          -0.849433,
          -0.523422,
          1.3663
        ],
        [
          0.0,
          0.0,
          0.0,
          1.0
        ]
      ]
    },
    {
      "file_path": "/media/NFS/ttao/scannet/posed_images/scene0640_02/00612.jpg",
      "transform_matrix": [
        [
          0.801835,
          -0.337162,
          0.493339,
          1.440537
        ],
        [
          -0.591986,
          -0.335855,
          0.732636,
          1.674995
        ],
        [
          -0.081327,
          -0.879502,
          -0.468895,
          1.421689
        ],
        [
          0.0,
          0.0,
          0.0,
          1.0
        ]
      ]
    },
    {
      "file_path": "/media/NFS/ttao/scannet/posed_images/scene0640_02/00620.jpg",
      "transform_matrix": [
        [
          0.728114,
          -0.326451,
          0.602727,
          1.489422
        ],
        [
          -0.682249,
          -0.260176,
          0.683261,
          1.771419
        ],
        [
          -0.066236,
          -0.908702,
          -0.412158,
          1.450984
        ],
        [
          0.0,
          0.0,
          0.0,
          1.0
        ]
      ]
    },
    {
      "file_path": "/media/NFS/ttao/scannet/posed_images/scene0640_02/00623.jpg",
      "transform_matrix": [
        [
          0.705169,
          -0.315654,
          0.634901,
          1.506842
        ],
        [
          -0.706623,
          -0.239005,
          0.666004,
          1.804479
        ],
        [
          -0.058482,
          -0.918281,
          -0.391587,
          1.467359
        ],
        [
          0.0,
          0.0,
          0.0,
          1.0
        ]
      ]
    },
    {
      "file_path": "/media/NFS/ttao/scannet/posed_images/scene0640_02/00640.jpg",
      "transform_matrix": [
        [
          0.688427,
          -0.313979,
          0.653823,
          1.776759
        ],
        [
          -0.720645,
          -0.194078,
          0.665586,
          1.77587
        ],
        [
          -0.082087,
          -0.929382,
          -0.359876,
          1.453262
        ],
        [
          0.0,
          0.0,
          0.0,
          1.0
        ]
      ]
    },
    {
      "file_path": "/media/NFS/ttao/scannet/posed_images/scene0640_02/00649.jpg",
      "transform_matrix": [
        [
          0.718656,
          -0.323556,
          0.615504,
          1.942485
        ],
        [
          -0.692966,
          -0.259765,
          0.672548,
          1.713941
        ],
        [
          -0.057721,
          -0.909853,
          -0.410895,
          1.432429
        ],
        [
          0.0,
          0.0,
          0.0,
          1.0
        ]
      ]
    },
    {
      "file_path": "/media/NFS/ttao/scannet/posed_images/scene0640_02/00652.jpg",
      "transform_matrix": [
        [
          0.72934,
          -0.333959,
          0.597105,
          1.987889
        ],
        [
          -0.681528,
          -0.278296,
          0.67681,
          1.710904
        ],
        [
          -0.059855,
          -0.900568,
          -0.430574,
          1.434121
        ],
        [
          0.0,
          0.0,
          0.0,
          1.0
        ]
      ]
    },
    {
      "file_path": "/media/NFS/ttao/scannet/posed_images/scene0640_02/00669.jpg",
      "transform_matrix": [
        [
          0.84056,
          -0.246626,
          0.482322,
          2.319649
        ],
        [
          -0.540142,
          -0.313675,
          0.780932,
          1.668447
        ],
        [
          -0.041306,
          -0.916943,
          -0.396876,
          1.419142
        ],
        [
          0.0,
          0.0,
          0.0,
          1.0
        ]
      ]
    },
    {
      "file_path": "/media/NFS/ttao/scannet/posed_images/scene0640_02/00674.jpg",
      "transform_matrix": [
        [
          0.853912,
          -0.248428,
          0.457294,
          2.432385
        ],
        [
          -0.516228,
          -0.293074,
          0.804746,
          1.642444
        ],
        [
          -0.0659,
          -0.923251,
          -0.378505,
          1.443192
        ],
        [
          0.0,
          0.0,
          0.0,
          1.0
        ]
      ]
    },
    {
      "file_path": "/media/NFS/ttao/scannet/posed_images/scene0640_02/00680.jpg",
      "transform_matrix": [
        [
          0.895125,
          -0.188017,
          0.40423,
          2.558963
        ],
        [
          -0.44274,
          -0.268567,
          0.855484,
          1.586148
        ],
        [
          -0.052283,
          -0.944734,
          -0.323643,
          1.451412
        ],
        [
          0.0,
          0.0,
          0.0,
          1.0
        ]
      ]
    },
    {
      "file_path": "/media/NFS/ttao/scannet/posed_images/scene0640_02/00694.jpg",
      "transform_matrix": [
        [
          0.954377,
          -0.123652,
          0.271798,
          2.803629
        ],
        [
          -0.296842,
          -0.294175,
          0.908486,
          1.499259
        ],
        [
          -0.03238,
          -0.947719,
          -0.317459,
          1.501054
        ],
        [
          0.0,
          0.0,
          0.0,
          1.0
        ]
      ]
    },
    {
      "file_path": "/media/NFS/ttao/scannet/posed_images/scene0640_02/00700.jpg",
      "transform_matrix": [
        [
          0.94951,
          -0.12677,
          0.286982,
          2.87021
        ],
        [
          -0.311218,
          -0.264947,
          0.912659,
          1.512947
        ],
        [
          -0.039663,
          -0.955894,
          -0.291023,
          1.499265
        ],
        [
          0.0,
          0.0,
          0.0,
          1.0
        ]
      ]
    },
    {
      "file_path": "/media/NFS/ttao/scannet/posed_images/scene0640_02/00717.jpg",
      "transform_matrix": [
        [
          0.976151,
          -0.090427,
          0.197359,
          2.993982
        ],
        [
          -0.215555,
          -0.295856,
          0.930594,
          1.557004
        ],
        [
          -0.025761,
          -0.950943,
          -0.308292,
          1.497553
        ],
        [
          0.0,
          0.0,
          0.0,
          1.0
        ]
      ]
    },
    {
      "file_path": "/media/NFS/ttao/scannet/posed_images/scene0640_02/00720.jpg",
      "transform_matrix": [
        [
          0.980398,
          -0.095374,
          0.172402,
          3.044449
        ],
        [
          -0.193328,
          -0.296967,
          0.935112,
          1.5539
        ],
        [
          -0.037988,
          -0.950113,
          -0.309585,
          1.490411
        ],
        [
          0.0,
          0.0,
          0.0,
          1.0
        ]
      ]
    },
    {
      "file_path": "/media/NFS/ttao/scannet/posed_images/scene0640_02/00734.jpg",
      "transform_matrix": [
        [
          0.999834,
          -0.015718,
          -0.009163,
          3.238784
        ],
        [
          0.002623,
          -0.37383,
          0.927494,
          1.530169
        ],
        [
          -0.018004,
          -0.927364,
          -0.373727,
