{
  "frames": [
    {
      "file_path": "/media/NFS/ttao/scannet/posed_images/scene0043_01/00000.jpg",
      "transform_matrix": [
        [
          -0.055236,
          0.424036,
          -0.903959,
          4.024209
        ],
        [
          0.9979,
          -0.00722,
          -0.064363,
          2.584755
        ],
        [
          -0.033819,
          -0.905617,
          -0.422747,
          1.374462
        ],
        [
          0.0,
          0.0,
          0.0,
          1.0
        ]
      ]
    },
    {
      "file_path": "/media/NFS/ttao/scannet/posed_images/scene0043_01/00003.jpg",
      "transform_matrix": [
        [
          -0.016482,
          0.409729,
          -0.912058,
          4.042831
        ],
        [
          0.999023,
          -0.03067,
          -0.031831,
          2.550553
        ],
        [
          -0.041015,
          -0.911692,
          -0.408823,
          1.372334
        ],
        [
          0.0,
          0.0,
          0.0,
          1.0
        ]
      ]
    },
    {
      "file_path": "/media/NFS/ttao/scannet/posed_images/scene0043_01/00008.jpg",
      "transform_matrix": [
        [
          0.023392,
          0.434506,
          -0.900365,
          4.080632
        ],
        [
          0.999367,
          -0.034306,
          0.009408,
          2.505275
        ],
        [
          -0.0268,
          -0.900016,
          -0.435033,
          1.38255
        ],
        [
          0.0,
          0.0,
          0.0,
          1.0
        ]
      ]
    },
    {
      "file_path": "/media/NFS/ttao/scannet/posed_images/scene0043_01/00012.jpg",
      "transform_matrix": [
        [
          0.0345,
          0.413648,
          -0.909783,
          4.129066
        ],
        [
          0.999334,
          -0.025133,
          0.026469,
          2.493044
        ],
        [
          -0.011917,
          -0.91009,
          -0.414239,
          1.405411
        ],
        [
          0.0,
          0.0,
          0.0,
          1.0
        ]
      ]
    },
    {
      "file_path": "/media/NFS/ttao/scannet/posed_images/scene0043_01/00013.jpg",
      "transform_matrix": [
        [
          0.034624,
          0.405801,
          -0.913305,
          4.146951
        ],
        [
          0.999345,
          -0.023724,
          0.027345,
          2.495178
        ],
        [
          -0.010571,
          -0.913653,
          -0.406357,
          1.39862
        ],
        [
          0.0,
          0.0,
          0.0,
          1.0
        ]
      ]
    },
    {
      "file_path": "/media/NFS/ttao/scannet/posed_images/scene0043_01/00019.jpg",
      "transform_matrix": [
        [
          0.02214,
          0.436168,
          -0.899593,
          4.231131
        ],
        [
          0.999747,
          -0.013179,
          0.018215,
          2.50323
        ],
        [
          -0.00391,
          -0.899769,
          -0.43635,
          1.375576
        ],
        [
          0.0,
          0.0,
          0.0,
          1.0
        ]
      ]
    },
    {
      "file_path": "/media/NFS/ttao/scannet/posed_images/scene0043_01/00020.jpg",
      "transform_matrix": [
        [
          0.054041,
          0.444175,
          -0.894309,
          4.234252
        ],
        [
          0.998491,
          -0.03277,
          0.044061,
          2.420577
        ],
        [
          -0.009736,
          -0.895341,
          -0.445276,
          1.391717
        ],
        [
          0.0,
          0.0,
          0.0,
          1.0
        ]
      ]
    },
    {
      "file_path": "/media/NFS/ttao/scannet/posed_images/scene0043_01/00024.jpg",
      "transform_matrix": [
        [
          0.054935,
          0.421535,
          -0.905147,
          4.267645
        ],
        [
          0.997936,
          -0.053386,
          0.035705,
          2.434776
        ],
        [
          -0.033271,
          -0.90524,
          -0.423597,
          1.45478
        ],
        [
          0.0,
          0.0,
          0.0,
          1.0
        ]
      ]
    },
    {
      "file_path": "/media/NFS/ttao/scannet/posed_images/scene0043_01/00029.jpg",
      "transform_matrix": [
        [
          0.11524,
          0.315538,
          -0.941889,
          4.324883
        ],
        [
          0.993326,
          -0.041177,
          0.107739,
          2.397153
        ],
        [
          -0.004788,
          -0.948019,
          -0.318177,
          1.453651
        ],
        [
          0.0,
          0.0,
          0.0,
          1.0
        ]
      ]
    },
    {
      "file_path": "/media/NFS/ttao/scannet/posed_images/scene0043_01/00031.jpg",
      "transform_matrix": [
        [
          0.135653,
          0.307019,
          -0.941986,
          4.338423
        ],
        [
          0.990689,
          -0.053094,
          0.125362,
          2.405619
        ],
        [
          -0.011525,
          -0.950221,
          -0.311363,
          1.455109
        ],
        [
          0.0,
          0.0,
          0.0,
          1.0
        ]
      ]
    },
    {
      "file_path": "/media/NFS/ttao/scannet/posed_images/scene0043_01/00035.jpg",
      "transform_matrix": [
        [
          0.153571,
          0.278031,
          -0.948217,
          4.355519
        ],
        [
          0.988136,
          -0.045136,
          0.146802,
          2.379419
        ],
        [
          -0.001984,
          -0.959511,
          -0.281664,
          1.483369
        ],
        [
          0.0,
          0.0,
          0.0,
          1.0
        ]
      ]
    },
    {
      "file_path": "/media/NFS/ttao/scannet/posed_images/scene0043_01/00039.jpg",
      "transform_matrix": [
        [
          0.154108,
          0.240039,
          -0.958453,
          4.372233
        ],
        [
          0.988052,
          -0.035595,
          0.149953,
          2.348781
        ],
        [
          0.001879,
          -0.97011,
          -0.242657,
          1.504898
        ],
        [
          0.0,
          0.0,
          0.0,
          1.0
        ]
      ]
    },
    {
      "file_path": "/media/NFS/ttao/scannet/posed_images/scene0043_01/00040.jpg",
      "transform_matrix": [
        [
          0.144084,
          0.23025,
          -0.962406,
          4.381096
        ],
        [
          0.989558,
          -0.02965,
          0.141056,
          2.388594
        ],
        [
          0.003943,
          -0.97268,
          -0.232117,
          1.509529
        ],
        [
          0.0,
          0.0,
          0.0,
          1.0
        ]
      ]
    },
    {
      "file_path": "/media/NFS/ttao/scannet/posed_images/scene0043_01/00045.jpg",
      "transform_matrix": [
        [
          0.219687,
          0.185703,
          -0.957733,
          4.400612
        ],
        [
          0.975558,
          -0.03688,
          0.216625,
          2.322851
        ],
        [
          0.004907,
          -0.981914,
          -0.189266,
          1.538619
        ],
        [
          0.0,
          0.0,
          0.0,
          1.0
        ]
      ]
    },
    {
      "file_path": "/media/NFS/ttao/scannet/posed_images/scene0043_01/00047.jpg",
      "transform_matrix": [
        [
          0.25686,
          0.163473,
          -0.952522,
          4.406331
        ],
        [
          0.966423,
          -0.03628,
          0.254382,
          2.290883
        ],
        [
          0.007027,
          -0.985881,
          -0.167303,
          1.54978
        ],
        [
          0.0,
          0.0,
          0.0,
          1.0
        ]
      ]
    },
    {
      "file_path": "/media/NFS/ttao/scannet/posed_images/scene0043_01/00054.jpg",
      "transform_matrix": [
        [
          0.378978,
          0.08886,
          -0.921129,
          4.418166
        ],
        [
          0.925071,
          -0.009621,
          0.379672,
          2.178796
        ],
        [
          0.024875,
          -0.995998,
          -0.085848,
          1.596722
        ],
        [
          0.0,
          0.0,
          0.0,
          1.0
        ]
      ]
    },
    {
      "file_path": "/media/NFS/ttao/scannet/posed_images/scene0043_01/00055.jpg",
      "transform_matrix": [
        [
          0.394083,
          0.096536,
          -0.913991,
          4.418479
        ],
        [
          0.918522,
          -0.006884,
          0.39531,
          2.17101
        ],
        [
          0.031869,
          -0.995306,
          -0.091383,
          1.612487
        ],
        [
          0.0,
          0.0,
          0.0,
          1.0
        ]
      ]
    },
    {
      "file_path": "/media/NFS/ttao/scannet/posed_images/scene0043_01/00060.jpg",
      "transform_matrix": [
        [
          0.466615,
          0.071303,
          -0.881581,
          4.441635
        ],
        [
          0.883847,
          -0.000482,
          0.467776,
          2.17562
        ],
        [
          0.032929,
          -0.997455,
          -0.063246,
          1.595288
        ],
        [
          0.0,
          0.0,
          0.0,
          1.0
        ]
      ]
    },
    {
      "file_path": "/media/NFS/ttao/scannet/posed_images/scene0043_01/00063.jpg",
      "transform_matrix": [
        [
          0.514253,
          0.064975,
          -0.855173,
          4.447636
        ],
        [
          0.857191,
          -0.006731,
          0.514955,
          2.159102
        ],
        [
          0.027703,
          -0.997864,
          -0.059157,
          1.596868
        ],
        [
          0.0,
          0.0,
          0.0,
          1.0
        ]
      ]
    },
    {
      "file_path": "/media/NFS/ttao/scannet/posed_images/scene0043_01/00065.jpg",
      "transform_matrix": [
        [
          0.552903,
          0.07458,
          -0.829901,
          4.429661
        ],
        [
          0.832701,
          -0.013455,
          0.553559,
          2.130809
        ],
        [
          0.030118,
          -0.997124,
          -0.069542,
          1.602472
        ],
        [
          0.0,
          0.0,
          0.0,
          1.0
        ]
      ]
    },
    {
      "file_path": "/media/NFS/ttao/scannet/posed_images/scene0043_01/00070.jpg",
      "transform_matrix": [
        [
          0.595372,
          0.09676,
          -0.797602,
          4.442486
        ],
        [
          0.802938,
          -0.036223,
          0.594961,
          2.158178
        ],
        [
          0.028677,
          -0.994648,
          -0.099259,
          1.576758
        ],
        [
          0.0,
          0.0,
          0.0,
          1.0
        ]
      ]
    },
    {
      "file_path": "/media/NFS/ttao/scannet/posed_images/scene0043_01/00072.jpg",
      "transform_matrix": [
        [
          0.602836,
          0.106046,
          -0.790786,
          4.450191
        ],
        [
          0.797213,
          -0.039999,
          0.602371,
          2.163034
        ],
        [
          0.032248,
          -0.993556,
          -0.108654,
          1.576759
        ],
        [
          0.0,
          0.0,
          0.0,
          1.0
        ]
      ]
    },
    {
      "file_path": "/media/NFS/ttao/scannet/posed_images/scene0043_01/00077.jpg",
      "transform_matrix": [
        [
          0.601233,
          0.111362,
          -0.791275,
          4.455795
        ],
        [
          0.798919,
          -0.064296,
          0.597992,
          2.1851
        ],
        [
          0.015717,
          -0.991698,
          -0.127626,
          1.559393
        ],
        [
          0.0,
          0.0,
          0.0,
          1.0
        ]
      ]
    },
    {
      "file_path": "/media/NFS/ttao/scannet/posed_images/scene0043_01/00078.jpg",
      "transform_matrix": [
        [
          0.597443,
          0.11572,
          -0.793518,
          4.466593
        ],
        [
          0.801758,
          -0.066827,
          0.593901,
          2.196848
        ],
        [
          0.015697,
          -0.991031,
          -0.132705,
          1.552829
        ],
        [
          0.0,
          0.0,
          0.0,
          1.0
        ]
      ]
    },
    {
      "file_path": "/media/NFS/ttao/scannet/posed_images/scene0043_01/00082.jpg",
      "transform_matrix": [
        [
          0.598604,
          0.151015,
          -0.786681,
          4.462132
        ],
        [
          0.80042,
          -0.073972,
          0.594858,
          2.215846
        ],
        [
          0.03164,
          -0.98576,
          -0.165156,
          1.519548
        ],
        [
          0.0,
          0.0,
          0.0,
          1.0
        ]
      ]
    },
    {
      "file_path": "/media/NFS/ttao/scannet/posed_images/scene0043_01/00088.jpg",
      "transform_matrix": [
        [
          0.608072,
          0.203445,
          -0.767371,
          4.457466
        ],
        [
          0.79317,
          -0.114755,
          0.598091,
          2.237653
        ],
        [
          0.033619,
          -0.972338,
          -0.231146,
          1.464833
        ],
        [
          0.0,
          0.0,
          0.0,
          1.0
        ]
      ]
    },
    {
      "file_path": "/media/NFS/ttao/scannet/posed_images/scene0043_01/00090.jpg",
      "transform_matrix": [
        [
          0.613737,
          0.230171,
          -0.755214,
          4.445814
        ],
        [
          0.789031,
          -0.145492,
          0.596876,
          2.223184
        ],
        [
          0.027506,
          -0.962213,
          -0.270906,
          1.451974
        ],
        [
          0.0,
          0.0,
          0.0,
          1.0
        ]
      ]
    },
    {
      "file_path": "/media/NFS/ttao/scannet/posed_images/scene0043_01/00093.jpg",
      "transform_matrix": [
        [
          0.630406,
          0.240623,
          -0.73803,
          4.432686
        ],
        [
          0.7762,
          -0.183004,
          0.603343,
          2.223323
        ],
        [
          0.010116,
          -0.95321,
          -0.302139,
          1.435772
        ],
        [
          0.0,
          0.0,
          0.0,
          1.0
        ]
      ]
    },
    {
      "file_path": "/media/NFS/ttao/scannet/posed_images/scene0043_01/00097.jpg",
      "transform_matrix": [
        [
          0.65525,
          0.235316,
          -0.717826,
          4.422727
        ],
        [
          0.755215,
          -0.225748,
          0.615376,
          2.217741
        ],
        [
          -0.01724,
          -0.945338,
          -0.325636,
          1.410343
        ],
        [
          0.0,
          0.0,
          0.0,
          1.0
        ]
      ]
    },
    {
      "file_path": "/media/NFS/ttao/scannet/posed_images/scene0043_01/00100.jpg",
      "transform_matrix": [
        [
          0.683865,
          0.239434,
          -0.689202,
          4.411974
        ],
        [
          0.729337,
          -0.250069,
          0.636814,
          2.21469
        ],
        [
          -0.019873,
          -0.938156,
          -0.345642,
          1.388944
        ],
        [
          0.0,
          0.0,
          0.0,
          1.0
        ]
      ]
    },
    {
      "file_path": "/media/NFS/ttao/scannet/posed_images/scene0043_01/00104.jpg",
      "transform_matrix": [
        [
          0.723693,
          0.244566,
          -0.645333,
          4.382148
        ],
        [
          0.689912,
          -0.279434,
          0.667786,
          2.195657
        ],
        [
          -0.01701,
          -0.928496,
          -0.370954,
          1.369938
        ],
        [
          0.0,
          0.0,
          0.0,
          1.0
        ]
      ]
    },
    {
      "file_path": "/media/NFS/ttao/scannet/posed_images/scene0043_01/00107.jpg",
      "transform_matrix": [
        [
          0.758738,
          0.237956,
          -0.606377,
          4.366949
        ],
        [
          0.651267,
          -0.295641,
          0.698891,
          2.18076
        ],
        [
          -0.012965,
          -0.925188,
          -0.379287,
          1.35412
        ],
        [
          0.0,
          0.0,
          0.0,
          1.0
        ]
      ]
    },
    {
      "file_path": "/media/NFS/ttao/scannet/posed_images/scene0043_01/00109.jpg",
      "transform_matrix": [
        [
          0.782422,
          0.232504,
          -0.577718,
          4.362344
        ],
        [
          0.62262,
          -0.310946,
          0.718093,
          2.173771
        ],
        [
          -0.012679,
          -0.92155,
          -0.388052,
          1.344579
        ],
        [
          0.0,
          0.0,
          0.0,
          1.0
        ]
      ]
    },
    {
      "file_path": "/media/NFS/ttao/scannet/posed_images/scene0043_01/00115.jpg",
      "transform_matrix": [
        [
          0.868992,
          0.200352,
          -0.45245,
          4.324454
        ],
        [
          0.494703,
          -0.372068,
          0.785388,
          2.159608
        ],
        [
          -0.010988,
          -0.906325,
          -0.422439,
          1.328076
        ],
        [
          0.0,
          0.0,
          0.0,
          1.0
        ]
      ]
    },
    {
      "file_path": "/media/NFS/ttao/scannet/posed_images/scene0043_01/00119.jpg",
      "transform_matrix": [
        [
          0.912013,
          0.16912,
          -0.373671,
          4.313748
        ],
        [
          0.410011,
          -0.400452,
          0.819468,
          2.161706
        ],
        [
          -0.011049,
          -0.900576,
          -0.434559,
          1.323959
        ],
        [
          0.0,
          0.0,
          0.0,
          1.0
        ]
      ]
    },
    {
      "file_path": "/media/NFS/ttao/scannet/posed_images/scene0043_01/00121.jpg",
      "transform_matrix": [
        [
          0.926992,
          0.154587,
          -0.341745,
          4.317544
        ],
        [
          0.374942,
          -0.406821,
          0.833016,
          2.165047
        ],
        [
          -0.010256,
          -0.900333,
          -0.435081,
          1.321266
        ],
        [
          0.0,
          0.0,
          0.0,
          1.0
        ]
      ]
    },
    {
      "file_path": "/media/NFS/ttao/scannet/posed_images/scene0043_01/00125.jpg",
      "transform_matrix": [
        [
          0.947622,
          0.151873,
          -0.280975,
          4.302687
        ],
        [
          0.318571,
          -0.386322,
          0.865603,
          2.165489
        ],
        [
          0.022915,
          -0.909775,
          -0.41447,
          1.315663
        ],
        [
          0.0,
          0.0,
          0.0,
          1.0
        ]
      ]
    },
    {
      "file_path": "/media/NFS/ttao/scannet/posed_images/scene0043_01/00129.jpg",
      "transform_matrix": [
        [
          0.945135,
          0.178094,
          -0.273865,
          4.28969
        ],
        [
          0.323434,
          -0.392266,
          0.861114,
          2.164275
        ],
        [
          0.045931,
          -0.902447,
          -0.428346,
          1.307033
        ],
        [
          0.0,
          0.0,
          0.0,
          1.0
        ]
      ]
    },
    {
      "file_path": "/media/NFS/ttao/scannet/posed_images/scene0043_01/00130.jpg",
      "transform_matrix": [
        [
          0.944109,
          0.181579,
          -0.275111,
          4.28813
        ],
        [
          0.326137,
          -0.393354,
          0.859597,
          2.172962
        ],
        [
          0.047869,
          -0.901278,
          -0.430589,
          1.313412
        ],
        [
          0.0,
          0.0,
          0.0,
          1.0
        ]
      ]
    },
    {
      "file_path": "/media/NFS/ttao/scannet/posed_images/scene0043_01/00133.jpg",
      "transform_matrix": [
        [
          0.949169,
          0.155181,
          -0.273855,
          4.276263
        ],
        [
          0.312932,
          -0.37144,
          0.874131,
          2.169137
        ],
        [
          0.033928,
          -0.915397,
          -0.401121,
          1.312245
        ],
        [
          0.0,
          0.0,
          0.0,
          1.0
        ]
      ]
    },
    {
      "file_path": "/media/NFS/ttao/scannet/posed_images/scene0043_01/00137.jpg",
      "transform_matrix": [
        [
          0.961066,
          0.145321,
          -0.235018,
          4.236652
        ],
        [
          0.274833,
          -0.414666,
          0.867478,
          2.175115
        ],
        [
          0.028609,
          -0.898295,
          -0.438461,
          1.315968
        ],
        [
          0.0,
          0.0,
          0.0,
          1.0
        ]
      ]
    },
    {
      "file_path": "/media/NFS/ttao/scannet/posed_images/scene0043_01/00142.jpg",
      "transform_matrix": [
        [
          0.977874,
          0.106832,
          -0.179856,
          4.156275
        ],
        [
          0.207277,
          -0.378748,
          0.90199,
          2.167946
        ],
        [
          0.028242,
          -0.919313,
          -0.392512,
          1.324364
        ],
        [
          0.0,
          0.0,
          0.0,
          1.0
        ]
      ]
    },
    {
      "file_path": "/media/NFS/ttao/scannet/posed_images/scene0043_01/00144.jpg",
      "transform_matrix": [
        [
          0.980961,
          0.100129,
          -0.166403,
          4.122506
        ],
        [
          0.191879,
          -0.367483,
          0.910021,
          2.156814
        ],
        [
          0.029969,
          -0.924625,
          -0.379699,
          1.320426
        ],
        [
          0.0,
          0.0,
          0.0,
          1.0
        ]
      ]
    },
    {
      "file_path": "/media/NFS/ttao/scannet/posed_images/scene0043_01/00150.jpg",
      "transform_matrix": [
        [
          0.980458,
          0.109747,
          -0.163269,
          4.01414
        ],
        [
          0.19194,
          -0.351692,
          0.916227,
          2.143009
        ],
        [
          0.043132,
          -0.929661,
          -0.365884,
          1.328764
        ],
        [
          0.0,
          0.0,
          0.0,
          1.0
        ]
      ]
    },
    {
      "file_path": "/media/NFS/ttao/scannet/posed_images/scene0043_01/00151.jpg",
      "transform_matrix": [
        [
          0.981153,
          0.106659,
          -0.161131,
          3.999985
        ],
        [
          0.188745,
          -0.350297,
          0.917425,
          2.139451
        ],
        [
          0.041408,
          -0.930546,
          -0.363826,
          1.325037
        ],
        [
          0.0,
          0.0,
          0.0,
          1.0
        ]
      ]
    },
    {
      "file_path": "/media/NFS/ttao/scannet/posed_images/scene0043_01/00157.jpg",
      "transform_matrix": [
        [
          0.97946,
          0.136932,
          -0.148009,
          3.905575
        ],
        [
          0.189388,
          -0.37282,
          0.908371,
          2.162843
        ],
        [
          0.069205,
          -0.917745,
          -0.391096,
          1.325094
        ],
        [
          0.0,
          0.0,
          0.0,
          1.0
        ]
      ]
    },
    {
      "file_path": "/media/NFS/ttao/scannet/posed_images/scene0043_01/00158.jpg",
      "transform_matrix": [
        [
          0.979435,
          0.136927,
          -0.148184,
          3.891273
        ],
        [
          0.18951,
          -0.372311,
          0.908554,
          2.167381
        ],
        [
          0.069235,
          -0.917952,
          -0.390604,
          1.32293
        ],
        [
          0.0,
          0.0,
          0.0,
          1.0
        ]
      ]
    },
    {
      "file_path": "/media/NFS/ttao/scannet/posed_images/scene0043_01/00161.jpg",
      "transform_matrix": [
        [
          0.983069,
          0.122811,
          -0.135987,
          3.842159
        ],
        [
          0.17292,
          -0.376313,
          0.910213,
          2.191322
        ],
        [
          0.060611,
          -0.918317,
          -0.391179,
          1.31679
        ],
        [
          0.0,
          0.0,
          0.0,
          1.0
        ]
      ]
    },
    {
      "file_path": "/media/NFS/ttao/scannet/posed_images/scene0043_01/00164.jpg",
      "transform_matrix": [
        [
          0.985686,
          0.107309,
          -0.130028,
          3.789461
        ],
        [
          0.161183,
          -0.373727,
          0.913427,
          2.221957
        ],
        [
          0.049424,
          -0.921311,
          -0.385674,
          1.311158
        ],
        [
          0.0,
          0.0,
          0.0,
          1.0
        ]
      ]
    },
    {
      "file_path": "/media/NFS/ttao/scannet/posed_images/scene0043_01/00168.jpg",
      "transform_matrix": [
        [
          0.990489,
          0.071125,
          -0.11778,
          3.714283
        ],
        [
          0.136294,
          -0.389986,
          0.910678,
          2.272993
        ],
        [
          0.018839,
          -0.91807,
          -0.395971,
          1.302886
        ],
        [
          0.0,
          0.0,
          0.0,
          1.0
        ]
      ]
    },
    {
      "file_path": "/media/NFS/ttao/scannet/posed_images/scene0043_01/00173.jpg",
      "transform_matrix": [
        [
          0.983729,
          0.093375,
          -0.153489,
          3.64052
        ],
        [
          0.17929,
          -0.45538,
          0.872057,
          2.346979
        ],
        [
          0.011532,
          -0.885387,
          -0.464712,
          1.311418
        ],
        [
          0.0,
          0.0,
          0.0,
          1.0
        ]
      ]
    },
    {
      "file_path": "/media/NFS/ttao/scannet/posed_images/scene0043_01/00175.jpg",
      "transform_matrix": [
        [
          0.98359,
          0.105835,
          -0.146118,
          3.602501
        ],
        [
          0.178025,
          -0.437785,
          0.881278,
          2.361992
        ],
        [
          0.029302,
          -0.892829,
          -0.449442,
          1.31385
        ],
        [
          0.0,
          0.0,
          0.0,
          1.0
        ]
      ]
    },
    {
      "file_path": "/media/NFS/ttao/scannet/posed_images/scene0043_01/00181.jpg",
      "transform_matrix": [
        [
          0.988008,
          0.102978,
          -0.115049,
          3.485708
        ],
        [
          0.146234,
          -0.384905,
          0.911298,
          2.396199
        ],
        [
          0.049561,
          -0.917193,
          -0.395348,
          1.328309
        ],
        [
          0.0,
          0.0,
          0.0,
          1.0
        ]
      ]
    },
    {
      "file_path": "/media/NFS/ttao/scannet/posed_images/scene0043_01/00182.jpg",
      "transform_matrix": [
        [
          0.989867,
          0.099416,
          -0.101391,
          3.467243
        ],
        [
          0.132126,
          -0.383245,
          0.914148,
          2.404949
        ],
        [
          0.052024,
          -0.918281,
          -0.392497,
          1.33029
        ],
        [
          0.0,
          0.0,
          0.0,
          1.0
        ]
      ]
    },
    {
      "file_path": "/media/NFS/ttao/scannet/posed_images/scene0043_01/00188.jpg",
      "transform_matrix": [
        [
          0.999476,
          0.031762,
          -0.006233,
          3.372566
        ],
        [
          0.017521,
          -0.368993,
          0.929267,
          2.447869
        ],
        [
          0.027216,
          -0.92889,
          -0.369356,
          1.338906
        ],
        [
          0.0,
          0.0,
          0.0,
          1.0
        ]
      ]
    },
    {
      "file_path": "/media/NFS/ttao/scannet/posed_images/scene0043_01/00189.jpg",
      "transform_matrix": [
        [
          0.999763,
          0.021735,
          0.001406,
          3.361785
        ],
        [
          0.006813,
          -0.373418,
          0.927638,
          2.455048
        ],
        [
          0.020688,
          -0.927409,
          -0.373478,
          1.344564
        ],
        [
          0.0,
          0.0,
          0.0,
          1.0
        ]
      ]
    },
    {
      "file_path": "/media/NFS/ttao/scannet/posed_images/scene0043_01/00194.jpg",
      "transform_matrix": [
        [
          0.995434,
          -0.000269,
          0.095445,
          3.32213
        ],
        [
          -0.090041,
          -0.334394,
          0.938122,
          2.503175
        ],
        [
          0.031664,
          -0.942433,
          -0.332892,
          1.370004
        ],
        [
          0.0,
          0.0,
          0.0,
          1.0
        ]
      ]
    },
    {
      "file_path": "/media/NFS/ttao/scannet/posed_images/scene0043_01/00198.jpg",
      "transform_matrix": [
        [
          0.982925,
          -0.038932,
          0.179841,
          3.28585
        ],
        [
          -0.181763,
          -0.357578,
          0.916024,
          2.544341
        ],
        [
          0.028645,
          -0.933071,
          -0.358549,
          1.371219
        ],
        [
          0.0,
          0.0,
          0.0,
          1.0
        ]
      ]
    },
    {
      "file_path": "/media/NFS/ttao/scannet/posed_images/scene0043_01/00200.jpg",
      "transform_matrix": [
        [
          0.974328,
          -0.063824,
          0.215895,
          3.288382
        ],
        [
          -0.224567,
          -0.343421,
          0.911939,
          2.562633
        ],
        [
          0.01594,
          -0.93701,
          -0.348938,
          1.37332
        ],
        [
          0.0,
          0.0,
          0.0,
          1.0
        ]
      ]
    },
    {
      "file_path": "/media/NFS/ttao/scannet/posed_images/scene0043_01/00203.jpg",
      "transform_matrix": [
        [
          0.955978,
          -0.098368,
          0.27646,
          3.272675
        ],
        [
          -0.293369,
          -0.299883,
          0.907747,
          2.598554
        ],
        [
          -0.006387,
          -0.948891,
          -0.31554,
          1.3663
        ],
        [
          0.0,
          0.0,
          0.0,
          1.0
        ]
      ]
    },
    {
      "file_path": "/media/NFS/ttao/scannet/posed_images/scene0043_01/00206.jpg",
      "transform_matrix": [
        [
          0.943191,
          -0.111802,
          0.312875,
          3.267425
        ],
        [
          -0.332231,
          -0.327764,
          0.884417,
          2.639264
        ],
        [
          0.003669,
          -0.938121,
          -0.346288,
          1.374556
        ],
        [
          0.0,
          0.0,
          0.0,
          1.0
        ]
      ]
    },
    {
      "file_path": "/media/NFS/ttao/scannet/posed_images/scene0043_01/00209.jpg",
      "transform_matrix": [
        [
          0.935116,
          -0.1296,
          0.329791,
          3.260995
        ],
        [
          -0.353867,
          -0.293383,
          0.888091,
          2.664975
        ],
        [
          -0.018341,
          -0.94717,
          -0.320208,
          1.366754
        ],
        [
          0.0,
          0.0,
          0.0,
          1.0
        ]
      ]
    },
    {
      "file_path": "/media/NFS/ttao/scannet/posed_images/scene0043_01/00213.jpg",
      "transform_matrix": [
        [
          0.915201,
          -0.173585,
          0.363697,
          3.266284
        ],
        [
          -0.402134,
          -0.33428,
          0.852376,
          2.710517
        ],
        [
          -0.026383,
          -0.926351,
          -0.375737,
          1.39351
        ],
        [
          0.0,
          0.0,
          0.0,
          1.0
        ]
      ]
    },
    {
      "file_path": "/media/NFS/ttao/scannet/posed_images/scene0043_01/00219.jpg",
      "transform_matrix": [
        [
          0.848562,
          -0.174269,
          0.499573,
          3.221168
        ],
        [
          -0.528949,
          -0.25719,
          0.808743,
          2.751899
        ],
        [
          -0.012454,
          -0.950518,
          -0.310421,
          1.405029
        ],
        [
          0.0,
          0.0,
          0.0,
          1.0
        ]
      ]
    },
    {
      "file_path": "/media/NFS/ttao/scannet/posed_images/scene0043_01/00221.jpg",
      "transform_matrix": [
        [
          0.828101,
          -0.177936,
          0.53159,
          3.225277
        ],
        [
          -0.560312,
          -0.23344,
          0.794705,
          2.76954
        ],
        [
          -0.017312,
          -0.955952,
          -0.293012,
          1.401308
        ],
        [
          0.0,
          0.0,
          0.0,
          1.0
        ]
      ]
    },
    {
      "file_path": "/media/NFS/ttao/scannet/posed_images/scene0043_01/00223.jpg",
      "transform_matrix": [
        [
          0.813207,
          -0.185576,
          0.551594,
          3.217365
        ],
        [
          -0.581488,
          -0.220352,
          0.783145,
          2.782353
        ],
        [
          -0.023788,
          -0.957605,
          -0.287102,
          1.414555
        ],
        [
          0.0,
          0.0,
          0.0,
          1.0
        ]
      ]
    },
    {
      "file_path": "/media/NFS/ttao/scannet/posed_images/scene0043_01/00226.jpg",
      "transform_matrix": [
        [
          0.789268,
          -0.176648,
          0.588091,
          3.197705
        ],
        [
          -0.613508,
          -0.186637,
          0.767317,
          2.797397
        ],
        [
          -0.025785,
          -0.966417,
          -0.255682,
          1.430699
        ],
        [
          0.0,
          0.0,
          0.0,
          1.0
        ]
      ]
    },
    {
      "file_path": "/media/NFS/ttao/scannet/posed_images/scene0043_01/00231.jpg",
      "transform_matrix": [
        [
          0.751439,
          -0.144557,
          0.643772,
          3.167821
        ],
        [
          -0.659535,
          -0.136776,
          0.739125,
          2.829612
        ],
        [
          -0.018793,
          -0.979998,
          -0.19812,
          1.44779
        ],
        [
          0.0,
          0.0,
          0.0,
          1.0
        ]
      ]
    },
    {
      "file_path": "/media/NFS/ttao/scannet/posed_images/scene0043_01/00235.jpg",
      "transform_matrix": [
        [
          0.725602,
          -0.129771,
          0.675766,
          3.146578
        ],
        [
          -0.687876,
          -0.110955,
          0.717298,
          2.846912
        ],
        [
          -0.018105,
          -0.985317,
          -0.169776,
          1.466463
        ],
        [
          0.0,
          0.0,
          0.0,
          1.0
        ]
      ]
    },
    {
      "file_path": "/media/NFS/ttao/scannet/posed_images/scene0043_01/00236.jpg",
      "transform_matrix": [
        [
          0.725819,
          -0.128417,
          0.675793,
          3.143489
        ],
        [
          -0.687557,
          -0.10508,
          0.718486,
          2.845201
        ],
        [
          -0.021254,
          -0.986138,
          -0.164563,
          1.462891
        ],
        [
          0.0,
          0.0,
          0.0,
          1.0
        ]
      ]
    },
    {
      "file_path": "/media/NFS/ttao/scannet/posed_images/scene0043_01/00243.jpg",
      "transform_matrix": [
        [
          0.678084,
          -0.14192,
          0.721152,
          3.127539
        ],
        [
          -0.733741,
          -0.073657,
          0.675425,
          2.871153
        ],
        [
          -0.042738,
          -0.987134,
          -0.154078,
          1.48209
        ],
        [
          0.0,
          0.0,
          0.0,
          1.0
        ]
      ]
    },
    {
      "file_path": "/media/NFS/ttao/scannet/posed_images/scene0043_01/00244.jpg",
      "transform_matrix": [
        [
          0.669926,
          -0.143099,
          0.728506,
          3.124237
        ],
        [
          -0.741191,
          -0.072289,
          0.667391,
          2.869107
        ],
        [
          -0.04284,
          -0.987065,
          -0.154492,
          1.481539
        ],
        [
          0.0,
          0.0,
          0.0,
          1.0
        ]
      ]
    },
    {
      "file_path": "/media/NFS/ttao/scannet/posed_images/scene0043_01/00249.jpg",
      "transform_matrix": [
        [
          0.623052,
          -0.157191,
          0.766222,
          3.126509
        ],
        [
          -0.781127,
          -0.074235,
          0.619943,
          2.880709
        ],
        [
          -0.040569,
          -0.984774,
          -0.169039,
          1.487065
        ],
        [
          0.0,
          0.0,
          0.0,
          1.0
        ]
      ]
    },
    {
      "file_path": "/media/NFS/ttao/scannet/posed_images/scene0043_01/00253.jpg",
      "transform_matrix": [
        [
          0.596904,
          -0.157771,
          0.786647,
          3.132212
        ],
        [
          -0.801295,
          -0.067847,
          0.59441,
          2.871845
        ],
        [
          -0.04041,
          -0.985142,
          -0.166919,
          1.485893
        ],
        [
          0.0,
          0.0,
          0.0,
          1.0
        ]
      ]
    },
    {
      "file_path": "/media/NFS/ttao/scannet/posed_images/scene0043_01/00254.jpg",
      "transform_matrix": [
        [
          0.590521,
          -0.162501,
          0.790492,
          3.128541
        ],
        [
          -0.805736,
          -0.063448,
          0.588866,
          2.87474
        ],
        [
          -0.045536,
          -0.984666,
          -0.1684,
          1.484127
        ],
        [
          0.0,
          0.0,
          0.0,
          1.0
        ]
      ]
    },
    {
      "file_path": "/media/NFS/ttao/scannet/posed_images/scene0043_01/00257.jpg",
      "transform_matrix": [
        [
          0.576313,
          -0.174144,
          0.798458,
          3.122946
        ],
        [
          -0.81555,
          -0.059967,
          0.575571,
          2.870495
        ],
        [
          -0.052351,
          -0.982893,
          -0.176584,
          1.483471
        ],
        [
          0.0,
          0.0,
          0.0,
          1.0
        ]
      ]
    },
    {
      "file_path": "/media/NFS/ttao/scannet/posed_images/scene0043_01/00261.jpg",
      "transform_matrix": [
        [
          0.553371,
          -0.191525,
          0.810617,
          3.114211
        ],
        [
          -0.831005,
          -0.060733,
          0.55294,
          2.865939
        ],
        [
          -0.056671,
          -0.979607,
          -0.192766,
          1.464677
        ],
        [
          0.0,
          0.0,
          0.0,
          1.0
        ]
      ]
    },
    {
      "file_path": "/media/NFS/ttao/scannet/posed_images/scene0043_01/00266.jpg",
      "transform_matrix": [
        [
          0.521086,
          -0.230864,
          0.821688,
          3.122967
        ],
        [
          -0.852236,
          -0.088278,
          0.515656,
          2.860736
        ],
        [
          -0.04651,
          -0.968973,
          -0.24275,
          1.45014
        ],
        [
          0.0,
