{
  "frames": [
    {
      "file_path": "/media/NFS/ttao/scannet/posed_images/scene0397_01/00000.jpg",
      "transform_matrix": [
        [
          0.99159,
          -0.060568,
          0.114367,
          1.89074
        ],
        [
          -0.129415,
          -0.46154,
          0.877629,
          1.142495
        ],
        [
          -0.000371,
          -0.885049,
          -0.465497,
          1.514739
        ],
        [
          0.0,
          0.0,
          0.0,
          1.0
        ]
      ]
    },
    {
      "file_path": "/media/NFS/ttao/scannet/posed_images/scene0397_01/00009.jpg",
      "transform_matrix": [
        [
          0.99252,
          -0.053799,
          0.109589,
          1.889135
        ],
        [
          -0.122003,
          -0.469314,
          0.874562,
          1.144445
        ],
        [
          0.004381,
          -0.881391,
          -0.472368,
          1.51096
        ],
        [
          0.0,
          0.0,
          0.0,
          1.0
        ]
      ]
    },
    {
      "file_path": "/media/NFS/ttao/scannet/posed_images/scene0397_01/00013.jpg",
      "transform_matrix": [
        [
          0.993358,
          -0.054067,
          0.10157,
          1.894473
        ],
        [
          -0.115057,
          -0.476807,
          0.871446,
          1.148374
        ],
        [
          0.001313,
          -0.877344,
          -0.47986,
          1.51164
        ],
        [
          0.0,
          0.0,
          0.0,
          1.0
        ]
      ]
    },
    {
      "file_path": "/media/NFS/ttao/scannet/posed_images/scene0397_01/00021.jpg",
      "transform_matrix": [
        [
          0.995419,
          -0.050993,
          0.080878,
          1.886561
        ],
        [
          -0.095517,
          -0.492718,
          0.864931,
          1.150189
        ],
        [
          -0.004255,
          -0.868693,
          -0.495332,
          1.503633
        ],
        [
          0.0,
          0.0,
          0.0,
          1.0
        ]
      ]
    },
    {
      "file_path": "/media/NFS/ttao/scannet/posed_images/scene0397_01/00028.jpg",
      "transform_matrix": [
        [
          0.998841,
          -0.026611,
          0.040098,
          1.872018
        ],
        [
          -0.048054,
          -0.506334,
          0.860997,
          1.149422
        ],
        [
          -0.002609,
          -0.861927,
          -0.507026,
          1.494312
        ],
        [
          0.0,
          0.0,
          0.0,
          1.0
        ]
      ]
    },
    {
      "file_path": "/media/NFS/ttao/scannet/posed_images/scene0397_01/00034.jpg",
      "transform_matrix": [
        [
          0.999525,
          0.012711,
          -0.028077,
          1.856087
        ],
        [
          0.030582,
          -0.522092,
          0.852341,
          1.144683
        ],
        [
          -0.003825,
          -0.852795,
          -0.522233,
          1.481199
        ],
        [
          0.0,
          0.0,
          0.0,
          1.0
        ]
      ]
    },
    {
      "file_path": "/media/NFS/ttao/scannet/posed_images/scene0397_01/00043.jpg",
      "transform_matrix": [
        [
          0.989445,
          0.071031,
          -0.126304,
          1.825991
        ],
        [
          0.144586,
          -0.541932,
          0.827892,
          1.138435
        ],
        [
          -0.009642,
          -0.837415,
          -0.546482,
          1.476796
        ],
        [
          0.0,
          0.0,
          0.0,
          1.0
        ]
      ]
    },
    {
      "file_path": "/media/NFS/ttao/scannet/posed_images/scene0397_01/00054.jpg",
      "transform_matrix": [
        [
          0.966677,
          0.128276,
          -0.221541,
          1.794774
        ],
        [
          0.255671,
          -0.527545,
          0.810141,
          1.119506
        ],
        [
          -0.012952,
          -0.839787,
          -0.542762,
          1.477874
        ],
        [
          0.0,
          0.0,
          0.0,
          1.0
        ]
      ]
    },
    {
      "file_path": "/media/NFS/ttao/scannet/posed_images/scene0397_01/00056.jpg",
      "transform_matrix": [
        [
          0.961416,
          0.135982,
          -0.239138,
          1.789289
        ],
        [
          0.274603,
          -0.52645,
          0.804639,
          1.116582
        ],
        [
          -0.016478,
          -0.839261,
          -0.543479,
          1.479085
        ],
        [
          0.0,
          0.0,
          0.0,
          1.0
        ]
      ]
    },
    {
      "file_path": "/media/NFS/ttao/scannet/posed_images/scene0397_01/00068.jpg",
      "transform_matrix": [
        [
          0.916445,
          0.177959,
          -0.358411,
          1.763424
        ],
        [
          0.398087,
          -0.496494,
          0.771375,
          1.097376
        ],
        [
          -0.040676,
          -0.849602,
          -0.525853,
          1.493986
        ],
        [
          0.0,
          0.0,
          0.0,
          1.0
        ]
      ]
    },
    {
      "file_path": "/media/NFS/ttao/scannet/posed_images/scene0397_01/00075.jpg",
      "transform_matrix": [
        [
          0.890795,
          0.195551,
          -0.410175,
          1.750828
        ],
        [
          0.452036,
          -0.473419,
          0.756002,
          1.0886
        ],
        [
          -0.046348,
          -0.858857,
          -0.510115,
          1.503361
        ],
        [
          0.0,
          0.0,
          0.0,
          1.0
        ]
      ]
    },
    {
      "file_path": "/media/NFS/ttao/scannet/posed_images/scene0397_01/00081.jpg",
      "transform_matrix": [
        [
          0.876831,
          0.195198,
          -0.439392,
          1.746869
        ],
        [
          0.47836,
          -0.446104,
          0.756415,
          1.085921
        ],
        [
          -0.048364,
          -0.873435,
          -0.484533,
          1.51851
        ],
        [
          0.0,
          0.0,
          0.0,
          1.0
        ]
      ]
    },
    {
      "file_path": "/media/NFS/ttao/scannet/posed_images/scene0397_01/00090.jpg",
      "transform_matrix": [
        [
          0.870624,
          0.179622,
          -0.457984,
          1.753041
        ],
        [
          0.490331,
          -0.392271,
          0.778267,
          1.081006
        ],
        [
          -0.039859,
          -0.902142,
          -0.429595,
          1.540414
        ],
        [
          0.0,
          0.0,
          0.0,
          1.0
        ]
      ]
    },
    {
      "file_path": "/media/NFS/ttao/scannet/posed_images/scene0397_01/00096.jpg",
      "transform_matrix": [
        [
          0.874495,
          0.169718,
          -0.454372,
          1.763654
        ],
        [
          0.483936,
          -0.368287,
          0.793833,
          1.084595
        ],
        [
          -0.032611,
          -0.91409,
          -0.404198,
          1.54961
        ],
        [
          0.0,
          0.0,
          0.0,
          1.0
        ]
      ]
    },
    {
      "file_path": "/media/NFS/ttao/scannet/posed_images/scene0397_01/00103.jpg",
      "transform_matrix": [
        [
          0.885767,
          0.147707,
          -0.44,
          1.780374
        ],
        [
          0.462634,
          -0.357047,
          0.811472,
          1.088868
        ],
        [
          -0.03724,
          -0.922334,
          -0.384594,
          1.552277
        ],
        [
          0.0,
          0.0,
          0.0,
          1.0
        ]
      ]
    },
    {
      "file_path": "/media/NFS/ttao/scannet/posed_images/scene0397_01/00105.jpg",
      "transform_matrix": [
        [
          0.890076,
          0.143123,
          -0.432759,
          1.786336
        ],
        [
          0.45424,
          -0.357277,
          0.8161,
          1.093416
        ],
        [
          -0.037812,
          -0.922968,
          -0.383016,
          1.554721
        ],
        [
          0.0,
          0.0,
          0.0,
          1.0
        ]
      ]
    },
    {
      "file_path": "/media/NFS/ttao/scannet/posed_images/scene0397_01/00113.jpg",
      "transform_matrix": [
        [
          0.911072,
          0.123479,
          -0.393319,
          1.812903
        ],
        [
          0.41076,
          -0.352835,
          0.840704,
          1.102997
        ],
        [
          -0.034967,
          -0.927503,
          -0.372178,
          1.554298
        ],
        [
          0.0,
          0.0,
          0.0,
          1.0
        ]
      ]
    },
    {
      "file_path": "/media/NFS/ttao/scannet/posed_images/scene0397_01/00122.jpg",
      "transform_matrix": [
        [
          0.949327,
          0.074881,
          -0.305239,
          1.851449
        ],
        [
          0.311939,
          -0.343049,
          0.886009,
          1.124419
        ],
        [
          -0.038366,
          -0.936328,
          -0.349024,
          1.561765
        ],
        [
          0.0,
          0.0,
          0.0,
          1.0
        ]
      ]
    },
    {
      "file_path": "/media/NFS/ttao/scannet/posed_images/scene0397_01/00131.jpg",
      "transform_matrix": [
        [
          0.985372,
          0.035016,
          -0.166783,
          1.891128
        ],
        [
          0.168837,
          -0.333605,
          0.927471,
          1.164904
        ],
        [
          -0.023164,
          -0.942062,
          -0.334637,
          1.574202
        ],
        [
          0.0,
          0.0,
          0.0,
          1.0
        ]
      ]
    },
    {
      "file_path": "/media/NFS/ttao/scannet/posed_images/scene0397_01/00137.jpg",
      "transform_matrix": [
        [
          0.997961,
          0.001347,
          -0.063807,
          1.902436
        ],
        [
          0.060704,
          -0.328678,
          0.942489,
          1.198853
        ],
        [
          -0.019703,
          -0.944441,
          -0.32809,
          1.59143
        ],
        [
          0.0,
          0.0,
          0.0,
          1.0
        ]
      ]
    },
    {
      "file_path": "/media/NFS/ttao/scannet/posed_images/scene0397_01/00143.jpg",
      "transform_matrix": [
        [
          0.998591,
          -0.024681,
          0.046976,
          1.920681
        ],
        [
          -0.052285,
          -0.306357,
          0.95048,
          1.234496
        ],
        [
          -0.009067,
          -0.951597,
          -0.307216,
          1.592153
        ],
        [
          0.0,
          0.0,
          0.0,
          1.0
        ]
      ]
    },
    {
      "file_path": "/media/NFS/ttao/scannet/posed_images/scene0397_01/00154.jpg",
      "transform_matrix": [
        [
          0.96889,
          -0.066399,
          0.23842,
          1.928389
        ],
        [
          -0.247455,
          -0.276692,
          0.928551,
          1.315432
        ],
        [
          0.004314,
          -0.958662,
          -0.284514,
          1.614622
        ],
        [
          0.0,
          0.0,
          0.0,
          1.0
        ]
      ]
    },
    {
      "file_path": "/media/NFS/ttao/scannet/posed_images/scene0397_01/00156.jpg",
      "transform_matrix": [
        [
          0.961749,
          -0.073255,
          0.263957,
          1.922087
        ],
        [
          -0.2739,
          -0.272093,
          0.922466,
          1.330392
        ],
        [
          0.004246,
          -0.959478,
          -0.28175,
          1.619514
        ],
        [
          0.0,
          0.0,
          0.0,
          1.0
        ]
      ]
    },
    {
      "file_path": "/media/NFS/ttao/scannet/posed_images/scene0397_01/00165.jpg",
      "transform_matrix": [
        [
          0.949766,
          -0.067893,
          0.305506,
          2.048882
        ],
        [
          -0.312945,
          -0.215574,
          0.924983,
          1.315292
        ],
        [
          0.003059,
          -0.974124,
          -0.225992,
          1.587177
        ],
        [
          0.0,
          0.0,
          0.0,
          1.0
        ]
      ]
    },
    {
      "file_path": "/media/NFS/ttao/scannet/posed_images/scene0397_01/00175.jpg",
      "transform_matrix": [
        [
          0.919011,
          -0.06633,
          0.388611,
          2.049305
        ],
        [
          -0.393949,
          -0.19185,
          0.898887,
          1.298469
        ],
        [
          0.014932,
          -0.97918,
          -0.202443,
          1.587453
        ],
        [
          0.0,
          0.0,
          0.0,
          1.0
        ]
      ]
    },
    {
      "file_path": "/media/NFS/ttao/scannet/posed_images/scene0397_01/00178.jpg",
      "transform_matrix": [
        [
          0.905579,
          -0.074778,
          0.417535,
          2.036627
        ],
        [
          -0.423998,
          -0.18821,
          0.885891,
          1.307134
        ],
        [
          0.012339,
          -0.979278,
          -0.202145,
          1.591778
        ],
        [
          0.0,
          0.0,
          0.0,
          1.0
        ]
      ]
    },
    {
      "file_path": "/media/NFS/ttao/scannet/posed_images/scene0397_01/00186.jpg",
      "transform_matrix": [
        [
          0.864401,
          -0.068064,
          0.498174,
          2.038902
        ],
        [
          -0.502034,
          -0.171588,
          0.847655,
          1.293007
        ],
        [
          0.027786,
          -0.982815,
          -0.182492,
          1.594328
        ],
        [
          0.0,
          0.0,
          0.0,
          1.0
        ]
      ]
    },
    {
      "file_path": "/media/NFS/ttao/scannet/posed_images/scene0397_01/00197.jpg",
      "transform_matrix": [
        [
          0.76473,
          -0.038998,
          0.64317,
          1.984494
        ],
        [
          -0.641222,
          -0.144303,
          0.753665,
          1.308401
        ],
        [
          0.06342,
          -0.988765,
          -0.135359,
          1.586163
        ],
        [
          0.0,
          0.0,
          0.0,
          1.0
        ]
      ]
    },
    {
      "file_path": "/media/NFS/ttao/scannet/posed_images/scene0397_01/00203.jpg",
      "transform_matrix": [
        [
          0.707102,
          -0.039194,
          0.706024,
          1.961052
        ],
        [
          -0.702889,
          -0.147913,
          0.69575,
          1.326749
        ],
        [
          0.077161,
          -0.988223,
          -0.132139,
          1.588336
        ],
        [
          0.0,
          0.0,
          0.0,
          1.0
        ]
      ]
    },
    {
      "file_path": "/media/NFS/ttao/scannet/posed_images/scene0397_01/00205.jpg",
      "transform_matrix": [
        [
          0.688101,
          -0.046828,
          0.724102,
          1.954835
        ],
        [
          -0.72135,
          -0.152177,
          0.675645,
          1.333142
        ],
        [
          0.078552,
          -0.987243,
          -0.138492,
          1.589072
        ],
        [
          0.0,
          0.0,
          0.0,
          1.0
        ]
      ]
    },
    {
      "file_path": "/media/NFS/ttao/scannet/posed_images/scene0397_01/00216.jpg",
      "transform_matrix": [
        [
          0.600274,
          -0.121125,
          0.790569,
          1.953093
        ],
        [
          -0.795336,
          -0.194632,
          0.574073,
          1.373235
        ],
        [
          0.084336,
          -0.973369,
          -0.213168,
          1.589935
        ],
        [
          0.0,
          0.0,
          0.0,
          1.0
        ]
      ]
    },
    {
      "file_path": "/media/NFS/ttao/scannet/posed_images/scene0397_01/00220.jpg",
      "transform_matrix": [
        [
          0.569359,
          -0.140508,
          0.809992,
          1.957683
        ],
        [
          -0.817525,
          -0.200453,
          0.539881,
          1.376207
        ],
        [
          0.086507,
          -0.969575,
          -0.228999,
          1.587262
        ],
        [
          0.0,
          0.0,
          0.0,
          1.0
        ]
      ]
    },
    {
      "file_path": "/media/NFS/ttao/scannet/posed_images/scene0397_01/00227.jpg",
      "transform_matrix": [
        [
          0.5254,
          -0.17999,
          0.8316,
          1.967376
        ],
        [
          -0.846537,
          -0.208923,
          0.489618,
          1.375452
        ],
        [
          0.085614,
          -0.961226,
          -0.262137,
          1.559436
        ],
        [
          0.0,
          0.0,
          0.0,
          1.0
        ]
      ]
    },
    {
      "file_path": "/media/NFS/ttao/scannet/posed_images/scene0397_01/00240.jpg",
      "transform_matrix": [
        [
          0.464342,
          -0.318247,
          0.826502,
          1.991672
        ],
        [
          -0.882183,
          -0.248767,
          0.399836,
          1.415499
        ],
        [
          0.07836,
          -0.914786,
          -0.396265,
          1.547323
        ],
        [
          0.0,
          0.0,
          0.0,
          1.0
        ]
      ]
    },
    {
      "file_path": "/media/NFS/ttao/scannet/posed_images/scene0397_01/00244.jpg",
      "transform_matrix": [
        [
          0.461802,
          -0.353237,
          0.813611,
          1.993425
        ],
        [
          -0.883597,
          -0.263285,
          0.387219,
          1.422399
        ],
        [
          0.077431,
          -0.897722,
          -0.433704,
          1.533889
        ],
        [
          0.0,
          0.0,
          0.0,
          1.0
        ]
      ]
    },
    {
      "file_path": "/media/NFS/ttao/scannet/posed_images/scene0397_01/00248.jpg",
      "transform_matrix": [
        [
          0.466887,
          -0.387781,
          0.79476,
          1.997247
        ],
        [
          -0.881248,
          -0.278834,
          0.381645,
          1.426154
        ],
        [
          0.073612,
          -0.878566,
          -0.471915,
          1.518649
        ],
        [
          0.0,
          0.0,
          0.0,
          1.0
        ]
      ]
    },
    {
      "file_path": "/media/NFS/ttao/scannet/posed_images/scene0397_01/00255.jpg",
      "transform_matrix": [
        [
          0.477077,
          -0.435001,
          0.763657,
          2.011283
        ],
        [
          -0.876267,
          -0.302148,
          0.375315,
          1.417318
        ],
        [
          0.067475,
          -0.848222,
          -0.525325,
          1.490247
        ],
        [
          0.0,
          0.0,
          0.0,
          1.0
        ]
      ]
    },
    {
      "file_path": "/media/NFS/ttao/scannet/posed_images/scene0397_01/00263.jpg",
      "transform_matrix": [
        [
          0.481082,
          -0.491467,
          0.725961,
          2.023369
        ],
        [
          -0.874671,
          -0.325043,
          0.35958,
          1.418354
        ],
        [
          0.059247,
          -0.807965,
          -0.586245,
          1.461255
        ],
        [
          0.0,
          0.0,
          0.0,
          1.0
        ]
      ]
    },
    {
      "file_path": "/media/NFS/ttao/scannet/posed_images/scene0397_01/00272.jpg",
      "transform_matrix": [
        [
          0.492208,
          -0.537524,
          0.684689,
          2.037113
        ],
        [
          -0.868569,
          -0.355333,
          0.345436,
          1.426762
        ],
        [
          0.057613,
          -0.764726,
          -0.641775,
          1.43305
        ],
        [
          0.0,
          0.0,
          0.0,
          1.0
        ]
      ]
    },
    {
      "file_path": "/media/NFS/ttao/scannet/posed_images/scene0397_01/00282.jpg",
      "transform_matrix": [
        [
          0.503579,
          -0.577788,
          0.642316,
          2.06126
        ],
        [
          -0.862661,
          -0.376869,
          0.337322,
          1.449528
        ],
        [
          0.047169,
          -0.723969,
          -0.688219,
          1.397813
        ],
        [
          0.0,
          0.0,
          0.0,
          1.0
        ]
      ]
    },
    {
      "file_path": "/media/NFS/ttao/scannet/posed_images/scene0397_01/00287.jpg",
      "transform_matrix": [
        [
          0.506032,
          -0.581286,
          0.637212,
          2.094707
        ],
        [
          -0.861255,
          -0.380454,
          0.336889,
          1.470798
        ],
        [
          0.046601,
          -0.719278,
          -0.693157,
          1.384968
        ],
        [
          0.0,
          0.0,
          0.0,
          1.0
        ]
      ]
    },
    {
      "file_path": "/media/NFS/ttao/scannet/posed_images/scene0397_01/00291.jpg",
      "transform_matrix": [
        [
          0.514417,
          -0.588673,
          0.623569,
          2.14371
        ],
        [
          -0.856436,
          -0.389558,
          0.338764,
          1.504746
        ],
        [
          0.043495,
          -0.708314,
          -0.704557,
          1.387837
        ],
        [
          0.0,
          0.0,
          0.0,
          1.0
        ]
      ]
    },
    {
      "file_path": "/media/NFS/ttao/scannet/posed_images/scene0397_01/00300.jpg",
      "transform_matrix": [
        [
          0.592728,
          -0.515946,
          0.618444,
          2.283214
        ],
        [
          -0.805306,
          -0.391567,
          0.445149,
          1.564923
        ],
        [
          0.01249,
          -0.761889,
          -0.647587,
          1.407048
        ],
        [
          0.0,
          0.0,
          0.0,
          1.0
        ]
      ]
    },
    {
      "file_path": "/media/NFS/ttao/scannet/posed_images/scene0397_01/00306.jpg",
      "transform_matrix": [
        [
          0.65277,
          -0.448847,
          0.610268,
          2.364876
        ],
        [
          -0.757487,
          -0.397583,
          0.517823,
          1.602953
        ],
        [
          0.010209,
          -0.80029,
          -0.599526,
          1.4186
        ],
        [
          0.0,
          0.0,
          0.0,
          1.0
        ]
      ]
    },
    {
      "file_path": "/media/NFS/ttao/scannet/posed_images/scene0397_01/00312.jpg",
      "transform_matrix": [
        [
          0.71495,
          -0.401535,
          0.572377,
          2.445767
        ],
        [
          -0.699051,
          -0.42594,
          0.574372,
          1.619901
        ],
        [
          0.013168,
          -0.810768,
          -0.58522,
          1.420584
        ],
        [
          0.0,
          0.0,
          0.0,
          1.0
        ]
      ]
    },
    {
      "file_path": "/media/NFS/ttao/scannet/posed_images/scene0397_01/00325.jpg",
      "transform_matrix": [
        [
          0.783037,
          -0.319812,
          0.533454,
          2.601508
        ],
        [
          -0.621851,
          -0.419676,
          0.661191,
          1.735571
        ],
        [
          0.012422,
          -0.849466,
          -0.527498,
          1.414878
        ],
        [
          0.0,
          0.0,
          0.0,
          1.0
        ]
      ]
    },
    {
      "file_path": "/media/NFS/ttao/scannet/posed_images/scene0397_01/00330.jpg",
      "transform_matrix": [
        [
          0.804546,
          -0.302252,
          0.511224,
          2.661762
        ],
        [
          -0.593835,
          -0.421194,
          0.685533,
          1.779263
        ],
        [
          0.008121,
          -0.855125,
          -0.518358,
          1.411899
        ],
        [
          0.0,
          0.0,
          0.0,
          1.0
        ]
      ]
    },
    {
      "file_path": "/media/NFS/ttao/scannet/posed_images/scene0397_01/00336.jpg",
      "transform_matrix": [
        [
          0.828534,
          -0.285398,
          0.481746,
          2.729807
        ],
        [
          -0.559923,
          -0.428667,
          0.709035,
          1.836979
        ],
        [
          0.004152,
          -0.857201,
          -0.514966,
          1.423264
        ],
        [
          0.0,
          0.0,
          0.0,
          1.0
        ]
      ]
    },
    {
      "file_path": "/media/NFS/ttao/scannet/posed_images/scene0397_01/00345.jpg",
      "transform_matrix": [
        [
          0.886345,
          -0.20291,
          0.416197,
          2.847242
        ],
        [
          -0.462515,
          -0.430165,
          0.775266,
          1.901483
        ],
        [
          0.021725,
          -0.879651,
          -0.475124,
          1.422298
        ],
        [
          0.0,
          0.0,
          0.0,
          1.0
        ]
      ]
    },
    {
      "file_path": "/media/NFS/ttao/scannet/posed_images/scene0397_01/00351.jpg",
      "transform_matrix": [
        [
          0.918758,
          -0.13148,
          0.372286,
          2.918169
        ],
        [
          -0.389817,
          -0.451735,
          0.802483,
          1.94807
        ],
        [
          0.062664,
          -0.882411,
          -0.466288,
          1.436173
        ],
        [
          0.0,
          0.0,
          0.0,
          1.0
        ]
      ]
    },
    {
      "file_path": "/media/NFS/ttao/scannet/posed_images/scene0397_01/00360.jpg",
      "transform_matrix": [
        [
          0.957237,
          -0.071891,
          0.28023,
          2.991981
        ],
        [
          -0.284323,
          -0.412756,
          0.865328,
          2.010219
        ],
        [
          0.053457,
          -0.908,
          -0.415546,
          1.455851
        ],
        [
          0.0,
          0.0,
          0.0,
          1.0
        ]
      ]
    },
    {
      "file_path": "/media/NFS/ttao/scannet/posed_images/scene0397_01/00364.jpg",
      "transform_matrix": [
        [
          0.965244,
          -0.065471,
          0.253015,
          3.00936
        ],
        [
          -0.257434,
          -0.405131,
          0.877267,
          2.054257
        ],
        [
          0.045069,
          -0.911911,
          -0.407905,
          1.469848
        ],
        [
          0.0,
          0.0,
          0.0,
          1.0
        ]
      ]
    },
    {
      "file_path": "/media/NFS/ttao/scannet/posed_images/scene0397_01/00374.jpg",
      "transform_matrix": [
        [
          0.957707,
          -0.054094,
          0.282615,
          3.037955
        ],
        [
          -0.285571,
          -0.299204,
          0.910454,
          2.186354
        ],
        [
          0.035309,
          -0.952654,
          -0.301998,
          1.48786
        ],
        [
          0.0,
          0.0,
          0.0,
          1.0
        ]
      ]
    },
    {
      "file_path": "/media/NFS/ttao/scannet/posed_images/scene0397_01/00381.jpg",
      "transform_matrix": [
        [
          0.953162,
          -0.041477,
          0.299603,
          3.055685
        ],
        [
          -0.301251,
          -0.218651,
          0.928138,
          2.267251
        ],
        [
          0.027012,
          -0.974921,
          -0.220905,
          1.503296
        ],
        [
          0.0,
          0.0,
          0.0,
          1.0
        ]
      ]
    },
    {
      "file_path": "/media/NFS/ttao/scannet/posed_images/scene0397_01/00389.jpg",
      "transform_matrix": [
        [
          0.951547,
          -0.021163,
          0.306775,
          3.086154
        ],
        [
          -0.306603,
          -0.1416,
          0.941246,
          2.335113
        ],
        [
          0.023519,
          -0.989698,
          -0.141227,
          1.54257
        ],
        [
          0.0,
          0.0,
          0.0,
          1.0
        ]
      ]
    },
    {
      "file_path": "/media/NFS/ttao/scannet/posed_images/scene0397_01/00392.jpg",
      "transform_matrix": [
        [
          0.953746,
          -0.017091,
          0.300127,
          3.106359
        ],
        [
          -0.300018,
          -0.116901,
          0.946743,
          2.355998
        ],
        [
          0.018905,
          -0.992997,
          -0.116621,
          1.558652
        ],
        [
          0.0,
          0.0,
          0.0,
          1.0
        ]
      ]
    },
    {
      "file_path": "/media/NFS/ttao/scannet/posed_images/scene0397_01/00400.jpg",
      "transform_matrix": [
        [
          0.967347,
          0.014981,
          0.253013,
          3.15466
        ],
        [
          -0.251859,
          -0.055082,
          0.966195,
          2.385156
        ],
        [
          0.028411,
          -0.998369,
          -0.04951,
          1.600788
        ],
        [
          0.0,
          0.0,
          0.0,
          1.0
        ]
      ]
    },
    {
      "file_path": "/media/NFS/ttao/scannet/posed_images/scene0397_01/00407.jpg",
      "transform_matrix": [
        [
          0.974352,
          0.044784,
          0.220528,
          3.18592
        ],
        [
          -0.219914,
          -0.018266,
          0.975348,
          2.395089
        ],
        [
          0.047708,
          -0.99883,
          -0.007948,
          1.633297
        ],
        [
          0.0,
          0.0,
          0.0,
          1.0
        ]
      ]
    },
    {
      "file_path": "/media/NFS/ttao/scannet/posed_images/scene0397_01/00413.jpg",
      "transform_matrix": [
        [
          0.980018,
          0.040194,
          0.194807,
          3.197598
        ],
        [
          -0.195399,
          0.011323,
          0.980659,
          2.39439
        ],
        [
          0.037211,
          -0.999128,
          0.01895,
          1.655377
        ],
        [
          0.0,
          0.0,
          0.0,
          1.0
        ]
      ]
    },
    {
      "file_path": "/media/NFS/ttao/scannet/posed_images/scene0397_01/00419.jpg",
      "transform_matrix": [
        [
          0.986201,
          0.035742,
          0.161649,
          3.197429
        ],
        [
          -0.163287,
          0.048998,
          0.985361,
          2.390676
        ],
        [
          0.027298,
          -0.998159,
          0.054158,
          1.673045
        ],
        [
          0.0,
          0.0,
          0.0,
          1.0
        ]
      ]
    },
    {
      "file_path": "/media/NFS/ttao/scannet/posed_images/scene0397_01/00428.jpg",
      "transform_matrix": [
        [
          0.998345,
          0.023108,
          0.052666,
          3.181274
        ],
        [
          -0.054608,
          0.093552,
          0.994116,
          2.378109
        ],
        [
          0.018045,
          -0.995346,
          0.094659,
          1.680709
        ],
        [
          0.0,
          0.0,
          0.0,
          1.0
        ]
      ]
    },
    {
      "file_path": "/media/NFS/ttao/scannet/posed_images/scene0397_01/00439.jpg",
      "transform_matrix": [
        [
          0.991728,
          -0.005043,
          -0.128258,
          3.170825
        ],
        [
          0.127796,
          0.132065,
          0.982968,
          2.375992
        ],
        [
          0.011981,
          -0.991228,
          0.131617,
          1.668113
        ],
        [
          0.0,
          0.0,
          0.0,
          1.0
        ]
      ]
    },
    {
      "file_path": "/media/NFS/ttao/scannet/posed_images/scene0397_01/00443.jpg",
      "transform_matrix": [
        [
          0.985933,
          -0.00806,
          -0.166947,
          3.118965
        ],
        [
          0.166395,
          0.141609,
          0.975838,
          2.375814
        ],
        [
          0.015776,
          -0.98989,
          0.140959,
          1.654984
        ],
        [
          0.0,
          0.0,
          0.0,
          1.0
        ]
      ]
    },
    {
      "file_path": "/media/NFS/ttao/scannet/posed_images/scene0397_01/00454.jpg",
      "transform_matrix": [
        [
          0.938105,
          -0.014306,
          -0.346056,
          3.122061
        ],
        [
          0.34502,
          0.126144,
          0.93008,
          2.392797
        ],
        [
          0.030347,
          -0.991909,
          0.123272,
          1.640154
        ],
        [
          0.0,
          0.0,
          0.0,
          1.0
        ]
      ]
    },
    {
      "file_path": "/media/NFS/ttao/scannet/posed_images/scene0397_01/00456.jpg",
      "transform_matrix": [
        [
          0.923055,
          -0.020956,
          -0.384096,
          3.132497
        ],
        [
          0.383633,
          0.123316,
          0.915215,
          2.397717
        ],
        [
          0.028186,
          -0.992146,
          0.121867,
          1.63639
        ],
        [
          0.0,
          0.0,
          0.0,
          1.0
        ]
      ]
    },
    {
      "file_path": "/media/NFS/ttao/scannet/posed_images/scene0397_01/00467.jpg",
      "transform_matrix": [
        [
          0.86978,
          -0.014256,
          -0.493234,
          3.072223
        ],
        [
          0.492266,
          0.093952,
          0.865359,
          2.396739
        ],
        [
          0.034004,
          -0.995475,
          0.088735,
          1.620685
        ],
        [
          0.0,
          0.0,
          0.0,
          1.0
        ]
      ]
    },
    {
      "file_path": "/media/NFS/ttao/scannet/posed_images/scene0397_01/00469.jpg",
      "transform_matrix": [
        [
          0.85086,
          -0.004235,
          -0.525375,
          3.071873
        ],
        [
          0.523611,
          0.089092,
          0.847286,
          2.403257
        ],
        [
          0.043218,
          -0.996014,
          0.078023,
          1.614052
        ],
        [
          0.0,
          0.0,
          0.0,
          1.0
        ]
      ]
    },
    {
      "file_path": "/media/NFS/ttao/scannet/posed_images/scene0397_01/00482.jpg",
      "transform_matrix": [
        [
          0.77985,
          0.037794,
          -0.624824,
          3.001337
        ],
        [
          0.624627,
          0.018279,
          0.78071,
          2.40213
        ],
        [
          0.040928,
          -0.999118,
          -0.009352,
          1.607909
        ],
        [
          0.0,
          0.0,
          0.0,
          1.0
        ]
      ]
    },
    {
      "file_path": "/media/NFS/ttao/scannet/posed_images/scene0397_01/00488.jpg",
      "transform_matrix": [
        [
          0.729921,
          0.062595,
          -0.68066,
          2.98208
        ],
        [
          0.682297,
          -0.00689,
          0.731043,
          2.453787
        ],
        [
          0.04107,
          -0.998015,
          -0.047737,
          1.596226
        ],
        [
          0.0,
          0.0,
          0.0,
          1.0
        ]
      ]
    },
    {
      "file_path": "/media/NFS/ttao/scannet/posed_images/scene0397_01/00490.jpg",
      "transform_matrix": [
        [
          0.723678,
          0.058829,
          -0.687625,
          2.963925
        ],
        [
          0.689663,
          -0.024706,
          0.723709,
          2.46777
        ],
        [
          0.025586,
          -0.997962,
          -0.058452,
          1.600837
        ],
        [
          0.0,
          0.0,
          0.0,
          1.0
        ]
      ]
    },
    {
      "file_path": "/media/NFS/ttao/scannet/posed_images/scene0397_01/00499.jpg",
      "transform_matrix": [
        [
          0.65035,
          0.074086,
          -0.756013,
          2.88066
        ],
        [
          0.759311,
          -0.034374,
          0.649819,
          2.572147
        ],
        [
          0.022155,
          -0.996659,
          -0.07861,
          1.593346
        ],
        [
          0.0,
          0.0,
          0.0,
          1.0
        ]
      ]
    },
    {
      "file_path": "/media/NFS/ttao/scannet/posed_images/scene0397_01/00507.jpg",
      "transform_matrix": [
        [
          0.574884,
          0.091364,
          -0.813118,
          2.79436
        ],
        [
          0.818117,
          -0.047309,
          0.573103,
          2.668033
        ],
        [
          0.013894,
          -0.994693,
          -0.101944,
          1.587738
        ],
        [
          0.0,
          0.0,
          0.0,
          1.0
        ]
      ]
    },
    {
      "file_path": "/media/NFS/ttao/scannet/posed_images/scene0397_01/00514.jpg",
      "transform_matrix": [
        [
          0.526,
          0.140343,
          -0.838826,
          2.730928
        ],
        [
          0.849798,
          -0.047102,
          0.525,
          2.752546
        ],
        [
          0.034169,
          -0.988982,
          -0.144039,
          1.56065
        ],
        [
          0.0,
          0.0,
          0.0,
          1.0
        ]
      ]
    },
    {
      "file_path": "/media/NFS/ttao/scannet/posed_images/scene0397_01/00522.jpg",
      "transform_matrix": [
        [
          0.467444,
          0.175134,
          -0.866501,
          2.662073
        ],
        [
          0.883071,
          -0.047047,
          0.466875,
          2.859841
        ],
        [
          0.040999,
          -0.98342,
          -0.176648,
          1.54477
        ],
        [
          0.0,
          0.0,
          0.0,
          1.0
        ]
      ]
    },
    {
      "file_path": "/media/NFS/ttao/scannet/posed_images/scene0397_01/00529.jpg",
      "transform_matrix": [
        [
          0.398195,
          0.212274,
          -0.892401,
          2.617473
        ],
        [
          0.915437,
          -0.02998,
          0.401343,
          2.978967
        ],
        [
          0.058441,
          -0.97675,
          -0.206261,
          1.539914
        ],
        [
          0.0,
          0.0,
          0.0,
          1.0
        ]
      ]
    },
    {
      "file_path": "/media/NFS/ttao/scannet/posed_images/scene0397_01/00539.jpg",
      "transform_matrix": [
        [
          0.314798,
          0.301427,
          -0.900024,
          2.554462
        ],
        [
          0.947073,
          -0.036921,
          0.318889,
          3.116314
        ],
        [
          0.062892,
          -0.952774,
          -0.297096,
          1.503063
        ],
        [
          0.0,
          0.0,
          0.0,
          1.0
        ]
      ]
    },
    {
      "file_path": "/media/NFS/ttao/scannet/posed_images/scene0397_01/00544.jpg",
      "transform_matrix": [
        [
          0.306104,
          0.34137,
          -0.888688,
          2.515766
        ],
        [
          0.950587,
          -0.058795,
          0.30484,
          3.168114
        ],
        [
          0.051813,
          -0.938088,
          -0.3425,
          1.494081
        ],
        [
          0.0,
          0.0,
          0.0,
          1.0
        ]
      ]
    },
    {
      "file_path": "/media/NFS/ttao/scannet/posed_images/scene0397_01/00552.jpg",
      "transform_matrix": [
        [
          0.281641,
          0.407486,
          -0.868697,
          2.455919
        ],
        [
          0.957443,
          -0.059817,
          0.282355,
          3.264828
        ],
        [
          0.063093,
          -0.91125,
          -0.406991,
          1.461928
        ],
        [
          0.0,
          0.0,
