{
  "frames": [
    {
      "file_path": "/media/NFS/ttao/scannet/posed_images/scene0676_00/00000.jpg",
      "transform_matrix": [
        [
          0.998821,
          -0.045072,
          0.018028,
          3.711292
        ],
        [
          -0.040284,
          -0.562389,
          0.825891,
          0.793702
        ],
        [
          -0.027085,
          -0.825644,
          -0.563542,
          1.252483
        ],
        [
          0.0,
          0.0,
          0.0,
          1.0
        ]
      ]
    },
    {
      "file_path": "/media/NFS/ttao/scannet/posed_images/scene0676_00/00007.jpg",
      "transform_matrix": [
        [
          0.999154,
          -0.039198,
          0.012416,
          3.733332
        ],
        [
          -0.032147,
          -0.556417,
          0.830281,
          0.795589
        ],
        [
          -0.025637,
          -0.829979,
          -0.557206,
          1.265812
        ],
        [
          0.0,
          0.0,
          0.0,
          1.0
        ]
      ]
    },
    {
      "file_path": "/media/NFS/ttao/scannet/posed_images/scene0676_00/00011.jpg",
      "transform_matrix": [
        [
          0.999163,
          -0.039953,
          0.008827,
          3.737469
        ],
        [
          -0.029543,
          -0.555178,
          0.831207,
          0.794678
        ],
        [
          -0.028308,
          -0.830772,
          -0.555893,
          1.270869
        ],
        [
          0.0,
          0.0,
          0.0,
          1.0
        ]
      ]
    },
    {
      "file_path": "/media/NFS/ttao/scannet/posed_images/scene0676_00/00012.jpg",
      "transform_matrix": [
        [
          0.999174,
          -0.039815,
          0.00816,
          3.739292
        ],
        [
          -0.028925,
          -0.555567,
          0.830969,
          0.793854
        ],
        [
          -0.028551,
          -0.830518,
          -0.55626,
          1.271195
        ],
        [
          0.0,
          0.0,
          0.0,
          1.0
        ]
      ]
    },
    {
      "file_path": "/media/NFS/ttao/scannet/posed_images/scene0676_00/00019.jpg",
      "transform_matrix": [
        [
          0.999325,
          -0.036075,
          -0.007007,
          3.74794
        ],
        [
          -0.014879,
          -0.571535,
          0.820443,
          0.780306
        ],
        [
          -0.033602,
          -0.819785,
          -0.571686,
          1.2586
        ],
        [
          0.0,
          0.0,
          0.0,
          1.0
        ]
      ]
    },
    {
      "file_path": "/media/NFS/ttao/scannet/posed_images/scene0676_00/00025.jpg",
      "transform_matrix": [
        [
          0.999791,
          -0.014917,
          -0.013958,
          3.754395
        ],
        [
          0.00245,
          -0.590762,
          0.806842,
          0.767181
        ],
        [
          -0.020282,
          -0.806708,
          -0.590603,
          1.247112
        ],
        [
          0.0,
          0.0,
          0.0,
          1.0
        ]
      ]
    },
    {
      "file_path": "/media/NFS/ttao/scannet/posed_images/scene0676_00/00026.jpg",
      "transform_matrix": [
        [
          0.999803,
          -0.00945,
          -0.01745,
          3.755124
        ],
        [
          0.008474,
          -0.591791,
          0.806047,
          0.764148
        ],
        [
          -0.017944,
          -0.806036,
          -0.591595,
          1.246029
        ],
        [
          0.0,
          0.0,
          0.0,
          1.0
        ]
      ]
    },
    {
      "file_path": "/media/NFS/ttao/scannet/posed_images/scene0676_00/00034.jpg",
      "transform_matrix": [
        [
          0.998201,
          0.019026,
          -0.05686,
          3.749182
        ],
        [
          0.056507,
          -0.61563,
          0.786007,
          0.739008
        ],
        [
          -0.02005,
          -0.787806,
          -0.615597,
          1.231518
        ],
        [
          0.0,
          0.0,
          0.0,
          1.0
        ]
      ]
    },
    {
      "file_path": "/media/NFS/ttao/scannet/posed_images/scene0676_00/00036.jpg",
      "transform_matrix": [
        [
          0.9982,
          0.018662,
          -0.056993,
          3.749656
        ],
        [
          0.056381,
          -0.615851,
          0.785843,
          0.73446
        ],
        [
          -0.020434,
          -0.787642,
          -0.615795,
          1.228361
        ],
        [
          0.0,
          0.0,
          0.0,
          1.0
        ]
      ]
    },
    {
      "file_path": "/media/NFS/ttao/scannet/posed_images/scene0676_00/00043.jpg",
      "transform_matrix": [
        [
          0.999799,
          -0.017638,
          -0.009513,
          3.747929
        ],
        [
          -0.003638,
          -0.626545,
          0.779377,
          0.726671
        ],
        [
          -0.019707,
          -0.779186,
          -0.626484,
          1.225264
        ],
        [
          0.0,
          0.0,
          0.0,
          1.0
        ]
      ]
    },
    {
      "file_path": "/media/NFS/ttao/scannet/posed_images/scene0676_00/00045.jpg",
      "transform_matrix": [
        [
          0.999475,
          -0.03174,
          0.006554,
          3.741978
        ],
        [
          -0.024703,
          -0.615156,
          0.788019,
          0.722886
        ],
        [
          -0.02098,
          -0.787767,
          -0.615617,
          1.223806
        ],
        [
          0.0,
          0.0,
          0.0,
          1.0
        ]
      ]
    },
    {
      "file_path": "/media/NFS/ttao/scannet/posed_images/scene0676_00/00049.jpg",
      "transform_matrix": [
        [
          0.99716,
          -0.059594,
          0.046046,
          3.720238
        ],
        [
          -0.072599,
          -0.598077,
          0.798144,
          0.715873
        ],
        [
          -0.020025,
          -0.79922,
          -0.600705,
          1.218037
        ],
        [
          0.0,
          0.0,
          0.0,
          1.0
        ]
      ]
    },
    {
      "file_path": "/media/NFS/ttao/scannet/posed_images/scene0676_00/00054.jpg",
      "transform_matrix": [
        [
          0.989119,
          -0.110187,
          0.097478,
          3.67582
        ],
        [
          -0.143979,
          -0.588936,
          0.795251,
          0.709464
        ],
        [
          -0.030218,
          -0.800633,
          -0.598393,
          1.205315
        ],
        [
          0.0,
          0.0,
          0.0,
          1.0
        ]
      ]
    },
    {
      "file_path": "/media/NFS/ttao/scannet/posed_images/scene0676_00/00062.jpg",
      "transform_matrix": [
        [
          0.966694,
          -0.155786,
          0.203063,
          3.606136
        ],
        [
          -0.255776,
          -0.616178,
          0.744919,
          0.688241
        ],
        [
          0.009075,
          -0.772047,
          -0.635501,
          1.149308
        ],
        [
          0.0,
          0.0,
          0.0,
          1.0
        ]
      ]
    },
    {
      "file_path": "/media/NFS/ttao/scannet/posed_images/scene0676_00/00065.jpg",
      "transform_matrix": [
        [
          0.960679,
          -0.190428,
          0.202069,
          3.598873
        ],
        [
          -0.277363,
          -0.624531,
          0.73009,
          0.679749
        ],
        [
          -0.012831,
          -0.757429,
          -0.652792,
          1.132294
        ],
        [
          0.0,
          0.0,
          0.0,
          1.0
        ]
      ]
    },
    {
      "file_path": "/media/NFS/ttao/scannet/posed_images/scene0676_00/00070.jpg",
      "transform_matrix": [
        [
          0.949141,
          -0.21129,
          0.233425,
          3.583869
        ],
        [
          -0.314846,
          -0.633313,
          0.706956,
          0.672609
        ],
        [
          -0.001541,
          -0.744494,
          -0.667628,
          1.104575
        ],
        [
          0.0,
          0.0,
          0.0,
          1.0
        ]
      ]
    },
    {
      "file_path": "/media/NFS/ttao/scannet/posed_images/scene0676_00/00073.jpg",
      "transform_matrix": [
        [
          0.944815,
          -0.211328,
          0.250329,
          3.583127
        ],
        [
          -0.327315,
          -0.640973,
          0.694276,
          0.663736
        ],
        [
          0.013735,
          -0.737899,
          -0.674772,
          1.093651
        ],
        [
          0.0,
          0.0,
          0.0,
          1.0
        ]
      ]
    },
    {
      "file_path": "/media/NFS/ttao/scannet/posed_images/scene0676_00/00077.jpg",
      "transform_matrix": [
        [
          0.942095,
          -0.211285,
          0.260414,
          3.586534
        ],
        [
          -0.334818,
          -0.636175,
          0.69511,
          0.661881
        ],
        [
          0.018803,
          -0.742051,
          -0.67008,
          1.102521
        ],
        [
          0.0,
          0.0,
          0.0,
          1.0
        ]
      ]
    },
    {
      "file_path": "/media/NFS/ttao/scannet/posed_images/scene0676_00/00081.jpg",
      "transform_matrix": [
        [
          0.941222,
          -0.216954,
          0.258906,
          3.59872
        ],
        [
          -0.337702,
          -0.621695,
          0.706719,
          0.6661
        ],
        [
          0.007635,
          -0.752613,
          -0.658419,
          1.123726
        ],
        [
          0.0,
          0.0,
          0.0,
          1.0
        ]
      ]
    },
    {
      "file_path": "/media/NFS/ttao/scannet/posed_images/scene0676_00/00089.jpg",
      "transform_matrix": [
        [
          0.931241,
          -0.217903,
          0.292075,
          3.61768
        ],
        [
          -0.362254,
          -0.640498,
          0.677152,
          0.675305
        ],
        [
          0.03952,
          -0.736397,
          -0.675395,
          1.132907
        ],
        [
          0.0,
          0.0,
          0.0,
          1.0
        ]
      ]
    },
    {
      "file_path": "/media/NFS/ttao/scannet/posed_images/scene0676_00/00092.jpg",
      "transform_matrix": [
        [
          0.928738,
          -0.224174,
          0.295283,
          3.62444
        ],
        [
          -0.369027,
          -0.635401,
          0.678296,
          0.676089
        ],
        [
          0.035566,
          -0.738926,
          -0.672847,
          1.135221
        ],
        [
          0.0,
          0.0,
          0.0,
          1.0
        ]
      ]
    },
    {
      "file_path": "/media/NFS/ttao/scannet/posed_images/scene0676_00/00096.jpg",
      "transform_matrix": [
        [
          0.922912,
          -0.25133,
          0.291663,
          3.638532
        ],
        [
          -0.3846,
          -0.636844,
          0.668216,
          0.676988
        ],
        [
          0.017801,
          -0.728878,
          -0.684412,
          1.14342
        ],
        [
          0.0,
          0.0,
          0.0,
          1.0
        ]
      ]
    },
    {
      "file_path": "/media/NFS/ttao/scannet/posed_images/scene0676_00/00100.jpg",
      "transform_matrix": [
        [
          0.91189,
          -0.277876,
          0.302063,
          3.657431
        ],
        [
          -0.410432,
          -0.614705,
          0.67356,
          0.677653
        ],
        [
          -0.001486,
          -0.738189,
          -0.674592,
          1.153567
        ],
        [
          0.0,
          0.0,
          0.0,
          1.0
        ]
      ]
    },
    {
      "file_path": "/media/NFS/ttao/scannet/posed_images/scene0676_00/00106.jpg",
      "transform_matrix": [
        [
          0.896957,
          -0.311175,
          0.314067,
          3.682065
        ],
        [
          -0.441696,
          -0.599679,
          0.667301,
          0.676197
        ],
        [
          -0.019308,
          -0.737263,
          -0.675331,
          1.166325
        ],
        [
          0.0,
          0.0,
          0.0,
          1.0
        ]
      ]
    },
    {
      "file_path": "/media/NFS/ttao/scannet/posed_images/scene0676_00/00109.jpg",
      "transform_matrix": [
        [
          0.889586,
          -0.32458,
          0.321378,
          3.68919
        ],
        [
          -0.45604,
          -0.591452,
          0.66499,
          0.672976
        ],
        [
          -0.025763,
          -0.738128,
          -0.674169,
          1.169969
        ],
        [
          0.0,
          0.0,
          0.0,
          1.0
        ]
      ]
    },
    {
      "file_path": "/media/NFS/ttao/scannet/posed_images/scene0676_00/00117.jpg",
      "transform_matrix": [
        [
          0.862625,
          -0.382298,
          0.331248,
          3.684675
        ],
        [
          -0.504729,
          -0.607071,
          0.61377,
          0.672965
        ],
        [
          -0.033552,
          -0.696644,
          -0.716632,
          1.148161
        ],
        [
          0.0,
          0.0,
          0.0,
          1.0
        ]
      ]
    },
    {
      "file_path": "/media/NFS/ttao/scannet/posed_images/scene0676_00/00120.jpg",
      "transform_matrix": [
        [
          0.858323,
          -0.39138,
          0.33182,
          3.681285
        ],
        [
          -0.512333,
          -0.618108,
          0.596203,
          0.678164
        ],
        [
          -0.028241,
          -0.681736,
          -0.731053,
          1.142811
        ],
        [
          0.0,
          0.0,
          0.0,
          1.0
        ]
      ]
    },
    {
      "file_path": "/media/NFS/ttao/scannet/posed_images/scene0676_00/00122.jpg",
      "transform_matrix": [
        [
          0.853378,
          -0.406565,
          0.326269,
          3.680194
        ],
        [
          -0.519948,
          -0.618926,
          0.588714,
          0.677055
        ],
        [
          -0.037414,
          -0.672039,
          -0.739571,
          1.138066
        ],
        [
          0.0,
          0.0,
          0.0,
          1.0
        ]
      ]
    },
    {
      "file_path": "/media/NFS/ttao/scannet/posed_images/scene0676_00/00131.jpg",
      "transform_matrix": [
        [
          0.832593,
          -0.468248,
          0.295859,
          3.707879
        ],
        [
          -0.549591,
          -0.632018,
          0.546354,
          0.676118
        ],
        [
          -0.068841,
          -0.617492,
          -0.783559,
          1.123577
        ],
        [
          0.0,
          0.0,
          0.0,
          1.0
        ]
      ]
    },
    {
      "file_path": "/media/NFS/ttao/scannet/posed_images/scene0676_00/00132.jpg",
      "transform_matrix": [
        [
          0.826462,
          -0.481954,
          0.291,
          3.713855
        ],
        [
          -0.557456,
          -0.628231,
          0.542742,
          0.675154
        ],
        [
          -0.078762,
          -0.610775,
          -0.787877,
          1.123942
        ],
        [
          0.0,
          0.0,
          0.0,
          1.0
        ]
      ]
    },
    {
      "file_path": "/media/NFS/ttao/scannet/posed_images/scene0676_00/00137.jpg",
      "transform_matrix": [
        [
          0.795566,
          -0.52788,
          0.297352,
          3.738054
        ],
        [
          -0.598604,
          -0.609081,
          0.520282,
          0.669641
        ],
        [
          -0.093535,
          -0.591915,
          -0.800555,
          1.124405
        ],
        [
          0.0,
          0.0,
          0.0,
          1.0
        ]
      ]
    },
    {
      "file_path": "/media/NFS/ttao/scannet/posed_images/scene0676_00/00142.jpg",
      "transform_matrix": [
        [
          0.768799,
          -0.565273,
          0.299021,
          3.755635
        ],
        [
          -0.632893,
          -0.605574,
          0.482416,
          0.668379
        ],
        [
          -0.091617,
          -0.56013,
          -0.823323,
          1.119581
        ],
        [
          0.0,
          0.0,
          0.0,
          1.0
        ]
      ]
    },
    {
      "file_path": "/media/NFS/ttao/scannet/posed_images/scene0676_00/00148.jpg",
      "transform_matrix": [
        [
          0.750167,
          -0.577465,
          0.322155,
          3.760527
        ],
        [
          -0.658846,
          -0.611248,
          0.438518,
          0.666422
        ],
        [
          -0.056312,
          -0.541212,
          -0.838999,
          1.115807
        ],
        [
          0.0,
          0.0,
          0.0,
          1.0
        ]
      ]
    },
    {
      "file_path": "/media/NFS/ttao/scannet/posed_images/scene0676_00/00151.jpg",
      "transform_matrix": [
        [
          0.742012,
          -0.582685,
          0.331505,
          3.749992
        ],
        [
          -0.668649,
          -0.607689,
          0.428512,
          0.665611
        ],
        [
          -0.048235,
          -0.539621,
          -0.840525,
          1.115544
        ],
        [
          0.0,
          0.0,
          0.0,
          1.0
        ]
      ]
    },
    {
      "file_path": "/media/NFS/ttao/scannet/posed_images/scene0676_00/00155.jpg",
      "transform_matrix": [
        [
          0.75171,
          -0.565347,
          0.339581,
          3.734707
        ],
        [
          -0.658637,
          -0.617311,
          0.430262,
          0.671492
        ],
        [
          -0.03362,
          -0.547092,
          -0.836397,
          1.126908
        ],
        [
          0.0,
          0.0,
          0.0,
          1.0
        ]
      ]
    },
    {
      "file_path": "/media/NFS/ttao/scannet/posed_images/scene0676_00/00162.jpg",
      "transform_matrix": [
        [
          0.794061,
          -0.459851,
          0.397498,
          3.713833
        ],
        [
          -0.607663,
          -0.616261,
          0.500966,
          0.681524
        ],
        [
          0.014593,
          -0.639342,
          -0.768784,
          1.17084
        ],
        [
          0.0,
          0.0,
          0.0,
          1.0
        ]
      ]
    },
    {
      "file_path": "/media/NFS/ttao/scannet/posed_images/scene0676_00/00168.jpg",
      "transform_matrix": [
        [
          0.803034,
          -0.425903,
          0.416825,
          3.710734
        ],
        [
          -0.595603,
          -0.596849,
          0.537613,
          0.689837
        ],
        [
          0.019811,
          -0.679984,
          -0.73296,
          1.19989
        ],
        [
          0.0,
          0.0,
          0.0,
          1.0
        ]
      ]
    },
    {
      "file_path": "/media/NFS/ttao/scannet/posed_images/scene0676_00/00170.jpg",
      "transform_matrix": [
        [
          0.805862,
          -0.418642,
          0.418718,
          3.71022
        ],
        [
          -0.5919,
          -0.588109,
          0.551164,
          0.687573
        ],
        [
          0.015511,
          -0.692002,
          -0.72173,
          1.205302
        ],
        [
          0.0,
          0.0,
          0.0,
          1.0
        ]
      ]
    },
    {
      "file_path": "/media/NFS/ttao/scannet/posed_images/scene0676_00/00176.jpg",
      "transform_matrix": [
        [
          0.81037,
          -0.394393,
          0.433306,
          3.712119
        ],
        [
          -0.585688,
          -0.565987,
          0.580196,
          0.69178
        ],
        [
          0.01642,
          -0.723956,
          -0.689651,
          1.228481
        ],
        [
          0.0,
          0.0,
          0.0,
          1.0
        ]
      ]
    },
    {
      "file_path": "/media/NFS/ttao/scannet/posed_images/scene0676_00/00177.jpg",
      "transform_matrix": [
        [
          0.811579,
          -0.390792,
          0.434305,
          3.712171
        ],
        [
          -0.584038,
          -0.562353,
          0.58537,
          0.691988
        ],
        [
          0.015475,
          -0.728725,
          -0.684632,
          1.231883
        ],
        [
          0.0,
          0.0,
          0.0,
          1.0
        ]
      ]
    },
    {
      "file_path": "/media/NFS/ttao/scannet/posed_images/scene0676_00/00183.jpg",
      "transform_matrix": [
        [
          0.828531,
          -0.362273,
          0.426958,
          3.710371
        ],
        [
          -0.559938,
          -0.532999,
          0.634336,
          0.691087
        ],
        [
          -0.002234,
          -0.764637,
          -0.644457,
          1.252422
        ],
        [
          0.0,
          0.0,
          0.0,
          1.0
        ]
      ]
    },
    {
      "file_path": "/media/NFS/ttao/scannet/posed_images/scene0676_00/00190.jpg",
      "transform_matrix": [
        [
          0.862535,
          -0.313573,
          0.39712,
          3.690843
        ],
        [
          -0.505509,
          -0.499567,
          0.703486,
          0.68928
        ],
        [
          -0.022206,
          -0.80753,
          -0.589408,
          1.271098
        ],
        [
          0.0,
          0.0,
          0.0,
          1.0
        ]
      ]
    },
    {
      "file_path": "/media/NFS/ttao/scannet/posed_images/scene0676_00/00191.jpg",
      "transform_matrix": [
        [
          0.867834,
          -0.305147,
          0.392108,
          3.68962
        ],
        [
          -0.496314,
          -0.495631,
          0.712757,
          0.688555
        ],
        [
          -0.023154,
          -0.813164,
          -0.581575,
          1.275093
        ],
        [
          0.0,
          0.0,
          0.0,
          1.0
        ]
      ]
    },
    {
      "file_path": "/media/NFS/ttao/scannet/posed_images/scene0676_00/00199.jpg",
      "transform_matrix": [
        [
          0.898316,
          -0.255573,
          0.357367,
          3.673339
        ],
        [
          -0.437656,
          -0.449175,
          0.778909,
          0.691382
        ],
        [
          -0.038547,
          -0.85611,
          -0.515355,
          1.309624
        ],
        [
          0.0,
          0.0,
          0.0,
          1.0
        ]
      ]
    },
    {
      "file_path": "/media/NFS/ttao/scannet/posed_images/scene0676_00/00201.jpg",
      "transform_matrix": [
        [
          0.90189,
          -0.244677,
          0.355987,
          3.668004
        ],
        [
          -0.430184,
          -0.433992,
          0.791576,
          0.688683
        ],
        [
          -0.039185,
          -0.867055,
          -0.49667,
          1.311883
        ],
        [
          0.0,
          0.0,
          0.0,
          1.0
        ]
      ]
    },
    {
      "file_path": "/media/NFS/ttao/scannet/posed_images/scene0676_00/00209.jpg",
      "transform_matrix": [
        [
          0.914812,
          -0.214003,
          0.342523,
          3.667046
        ],
        [
          -0.401289,
          -0.385697,
          0.830786,
          0.690879
        ],
        [
          -0.045681,
          -0.897463,
          -0.438718,
          1.340209
        ],
        [
          0.0,
          0.0,
          0.0,
          1.0
        ]
      ]
    },
    {
      "file_path": "/media/NFS/ttao/scannet/posed_images/scene0676_00/00213.jpg",
      "transform_matrix": [
        [
          0.916184,
          -0.197012,
          0.348989,
          3.665434
        ],
        [
          -0.398451,
          -0.354498,
          0.845913,
          0.689716
        ],
        [
          -0.042939,
          -0.914067,
          -0.403285,
          1.354138
        ],
        [
          0.0,
          0.0,
          0.0,
          1.0
        ]
      ]
    },
    {
      "file_path": "/media/NFS/ttao/scannet/posed_images/scene0676_00/00217.jpg",
      "transform_matrix": [
        [
          0.913944,
          -0.185454,
          0.360989,
          3.666252
        ],
        [
          -0.40412,
          -0.334063,
          0.851521,
          0.689245
        ],
        [
          -0.037325,
          -0.924126,
          -0.380261,
          1.362732
        ],
        [
          0.0,
          0.0,
          0.0,
          1.0
        ]
      ]
    },
    {
      "file_path": "/media/NFS/ttao/scannet/posed_images/scene0676_00/00220.jpg",
      "transform_matrix": [
        [
          0.912919,
          -0.185376,
          0.363613,
          3.666674
        ],
        [
          -0.405746,
          -0.315828,
          0.857685,
          0.684954
        ],
        [
          -0.044155,
          -0.930531,
          -0.363541,
          1.360972
        ],
        [
          0.0,
          0.0,
          0.0,
          1.0
        ]
      ]
    },
    {
      "file_path": "/media/NFS/ttao/scannet/posed_images/scene0676_00/00227.jpg",
      "transform_matrix": [
        [
          0.914384,
          -0.172036,
          0.366478,
          3.672784
        ],
        [
          -0.402099,
          -0.280589,
          0.871542,
          0.685204
        ],
        [
          -0.047107,
          -0.944285,
          -0.325742,
          1.382031
        ],
        [
          0.0,
          0.0,
          0.0,
          1.0
        ]
      ]
    },
    {
      "file_path": "/media/NFS/ttao/scannet/posed_images/scene0676_00/00228.jpg",
      "transform_matrix": [
        [
          0.914629,
          -0.16805,
          0.367712,
          3.673513
        ],
        [
          -0.401867,
          -0.278404,
          0.87235,
          0.685558
        ],
        [
          -0.044226,
          -0.945648,
          -0.32217,
          1.385911
        ],
        [
          0.0,
          0.0,
          0.0,
          1.0
        ]
      ]
    },
    {
      "file_path": "/media/NFS/ttao/scannet/posed_images/scene0676_00/00236.jpg",
      "transform_matrix": [
        [
          0.921621,
          -0.151182,
          0.357433,
          3.678135
        ],
        [
          -0.385136,
          -0.242855,
          0.890332,
          0.683538
        ],
        [
          -0.047798,
          -0.95821,
          -0.282046,
          1.394952
        ],
        [
          0.0,
          0.0,
          0.0,
          1.0
        ]
      ]
    },
    {
      "file_path": "/media/NFS/ttao/scannet/posed_images/scene0676_00/00240.jpg",
      "transform_matrix": [
        [
          0.923756,
          -0.14332,
          0.355154,
          3.678382
        ],
        [
          -0.379611,
          -0.219883,
          0.898636,
          0.68227
        ],
        [
          -0.050701,
          -0.964941,
          -0.257524,
          1.398053
        ],
        [
          0.0,
          0.0,
          0.0,
          1.0
        ]
      ]
    },
    {
      "file_path": "/media/NFS/ttao/scannet/posed_images/scene0676_00/00245.jpg",
      "transform_matrix": [
        [
          0.925235,
          -0.13869,
          0.353137,
          3.681977
        ],
        [
          -0.374424,
          -0.183618,
          0.908895,
          0.678254
        ],
        [
          -0.061212,
          -0.973165,
          -0.221819,
          1.415062
        ],
        [
          0.0,
          0.0,
          0.0,
          1.0
        ]
      ]
    },
    {
      "file_path": "/media/NFS/ttao/scannet/posed_images/scene0676_00/00246.jpg",
      "transform_matrix": [
        [
          0.925569,
          -0.137292,
          0.352809,
          3.6828
        ],
        [
          -0.373451,
          -0.17823,
          0.910367,
          0.677662
        ],
        [
          -0.062105,
          -0.974364,
          -0.216236,
          1.41833
        ],
        [
          0.0,
          0.0,
          0.0,
          1.0
        ]
      ]
    },
    {
      "file_path": "/media/NFS/ttao/scannet/posed_images/scene0676_00/00254.jpg",
      "transform_matrix": [
        [
          0.934653,
          -0.116746,
          0.335849,
          3.682984
        ],
        [
          -0.34957,
          -0.12904,
          0.927981,
          0.669692
        ],
        [
          -0.065,
          -0.984743,
          -0.161418,
          1.444121
        ],
        [
          0.0,
          0.0,
          0.0,
          1.0
        ]
      ]
    },
    {
      "file_path": "/media/NFS/ttao/scannet/posed_images/scene0676_00/00257.jpg",
      "transform_matrix": [
        [
          0.935604,
          -0.111195,
          0.335082,
          3.685437
        ],
        [
          -0.347024,
          -0.115024,
          0.930776,
          0.667208
        ],
        [
          -0.064955,
          -0.98712,
          -0.146205,
          1.453219
        ],
        [
          0.0,
          0.0,
          0.0,
          1.0
        ]
      ]
    },
    {
      "file_path": "/media/NFS/ttao/scannet/posed_images/scene0676_00/00260.jpg",
      "transform_matrix": [
        [
          0.934973,
          -0.10334,
          0.339332,
          3.685809
        ],
        [
          -0.349389,
          -0.103083,
          0.93129,
          0.664174
        ],
        [
          -0.061261,
          -0.98929,
          -0.132486,
          1.469312
        ],
        [
          0.0,
          0.0,
          0.0,
          1.0
        ]
      ]
    },
    {
      "file_path": "/media/NFS/ttao/scannet/posed_images/scene0676_00/00265.jpg",
      "transform_matrix": [
        [
          0.931273,
          -0.10478,
          0.348931,
          3.688777
        ],
        [
          -0.356229,
          -0.061119,
          0.932397,
          0.660411
        ],
        [
          -0.07637,
          -0.992616,
          -0.094245,
          1.487636
        ],
        [
          0.0,
          0.0,
          0.0,
          1.0
        ]
      ]
    },
    {
      "file_path": "/media/NFS/ttao/scannet/posed_images/scene0676_00/00269.jpg",
      "transform_matrix": [
        [
          0.933755,
          -0.09791,
          0.344259,
          3.691012
        ],
        [
          -0.348976,
          -0.035476,
          0.93646,
          0.655217
        ],
        [
          -0.079476,
          -0.994563,
          -0.067295,
          1.5023
        ],
        [
          0.0,
          0.0,
          0.0,
          1.0
        ]
      ]
    },
    {
      "file_path": "/media/NFS/ttao/scannet/posed_images/scene0676_00/00278.jpg",
      "transform_matrix": [
        [
          0.942296,
          -0.044256,
          0.331842,
          3.689946
        ],
        [
          -0.330167,
          0.041134,
          0.943026,
          0.637099
        ],
        [
          -0.055384,
          -0.998173,
          0.024149,
          1.52333
        ],
        [
          0.0,
          0.0,
          0.0,
          1.0
        ]
      ]
    },
    {
      "file_path": "/media/NFS/ttao/scannet/posed_images/scene0676_00/00279.jpg",
      "transform_matrix": [
        [
          0.942285,
          -0.041301,
          0.332254,
          3.690568
        ],
        [
          -0.33053,
          0.043439,
          0.942795,
          0.635859
        ],
        [
          -0.053371,
          -0.998202,
          0.02728,
          1.527063
        ],
        [
          0.0,
          0.0,
          0.0,
          1.0
        ]
      ]
    },
    {
      "file_path": "/media/NFS/ttao/scannet/posed_images/scene0676_00/00286.jpg",
      "transform_matrix": [
        [
          0.941209,
          -0.025909,
          0.33683,
          3.693045
        ],
        [
          -0.334721,
          0.063334,
          0.940187,
          0.629917
        ],
        [
          -0.045692,
          -0.997656,
          0.050938,
          1.530568
        ],
        [
          0.0,
          0.0,
          0.0,
          1.0
        ]
      ]
    },
    {
      "file_path": "/media/NFS/ttao/scannet/posed_images/scene0676_00/00287.jpg",
      "transform_matrix": [
        [
          0.940986,
          -0.025378,
          0.337494,
          3.693018
        ],
        [
          -0.335366,
          0.064311,
          0.93989,
          0.629256
        ],
        [
          -0.045557,
          -0.997607,
          0.052005,
          1.532179
        ],
        [
          0.0,
          0.0,
          0.0,
          1.0
        ]
      ]
    },
    {
      "file_path": "/media/NFS/ttao/scannet/posed_images/scene0676_00/00293.jpg",
      "transform_matrix": [
        [
          0.93366,
          -0.029862,
          0.356914,
          3.697603
        ],
        [
          -0.354429,
          0.06645,
          0.932719,
          0.629886
        ],
        [
          -0.05157,
          -0.997343,
          0.051457,
          1.536903
        ],
        [
          0.0,
          0.0,
          0.0,
          1.0
        ]
      ]
    },
    {
      "file_path": "/media/NFS/ttao/scannet/posed_images/scene0676_00/00300.jpg",
      "transform_matrix": [
        [
          0.913869,
          -0.038773,
          0.404154,
          3.720176
        ],
        [
          -0.401564,
          0.060582,
          0.913825,
          0.626315
        ],
        [
          -0.059916,
          -0.99741,
          0.039794,
          1.549505
        ],
        [
          0.0,
          0.0,
          0.0,
          1.0
        ]
      ]
    },
    {
      "file_path": "/media/NFS/ttao/scannet/posed_images/scene0676_00/00301.jpg",
      "transform_matrix": [
        [
          0.908775,
          -0.038093,
          0.415544,
          3.720474
        ],
        [
          -0.412988,
          0.060462,
          0.908727,
          0.6262
        ],
        [
          -0.059741,
          -0.997443,
          0.039214,
          1.547614
        ],
        [
          0.0,
          0.0,
          0.0,
          1.0
        ]
      ]
    },
    {
      "file_path": "/media/NFS/ttao/scannet/posed_images/scene0676_00/00309.jpg",
      "transform_matrix": [
        [
          0.883834,
          -0.034821,
          0.466503,
          3.719776
        ],
        [
          -0.464989,
          0.043771,
          0.884234,
          0.629213
        ],
        [
          -0.051209,
          -0.998435,
          0.022494,
          1.538336
        ],
        [
          0.0,
          0.0,
          0.0,
          1.0
        ]
      ]
    },
    {
      "file_path": "/media/NFS/ttao/scannet/posed_images/scene0676_00/00312.jpg",
      "transform_matrix": [
        [
          0.879814,
          -0.052196,
          0.472443,
          3.718366
        ],
        [
          -0.471072,
          0.036792,
          0.881327,
          0.631782
        ],
        [
          -0.063384,
          -0.997959,
          0.007782,
          1.529363
        ],
        [
          0.0,
          0.0,
          0.0,
          1.0
        ]
      ]
    },
    {
      "file_path": "/media/NFS/ttao/scannet/posed_images/scene0676_00/00315.jpg",
      "transform_matrix": [
        [
          0.879891,
          -0.090665,
          0.466445,
          3.718749
        ],
        [
          -0.46621,
          0.025065,
          0.884319,
          0.636799
        ],
        [
          -0.091869,
          -0.995566,
          -0.020215,
          1.518003
        ],
        [
          0.0,
          0.0,
          0.0,
          1.0
        ]
      ]
    },
    {
      "file_path": "/media/NFS/ttao/scannet/posed_images/scene0676_00/00322.jpg",
      "transform_matrix": [
        [
          0.875497,
          -0.160811,
          0.455681,
          3.722866
        ],
        [
          -0.467922,
          -0.046697,
          0.882535,
          0.646305
        ],
        [
          -0.120643,
          -0.98588,
          -0.11613,
          1.489813
        ],
        [
          0.0,
          0.0,
          0.0,
          1.0
        ]
      ]
    },
    {
      "file_path": "/media/NFS/ttao/scannet/posed_images/scene0676_00/00326.jpg",
      "transform_matrix": [
        [
          0.8706,
          -0.166056,
          0.463121,
          3.71886
        ],
        [
          -0.479292,
          -0.073762,
          0.87455,
          0.646033
        ],
        [
          -0.111064,
          -0.983354,
          -0.143807,
          1.470065
        ],
        [
          0.0,
          0.0,
          0.0,
          1.0
        ]
      ]
    },
    {
      "file_path": "/media/NFS/ttao/scannet/posed_images/scene0676_00/00330.jpg",
      "transform_matrix": [
        [
          0.877402,
          -0.162306,
          0.451467,
          3.726029
        ],
        [
          -0.47058,
          -0.107988,
          0.875724,
          0.641382
        ],
        [
          -0.093382,
          -0.980814,
          -0.171126,
          1.464746
        ],
        [
          0.0,
          0.0,
          0.0,
          1.0
        ]
      ]
    },
    {
      "file_path": "/media/NFS/ttao/scannet/posed_images/scene0676_00/00337.jpg",
      "transform_matrix": [
        [
          0.873049,
          -0.173958,
          0.455547,
          3.722747
        ],
        [
          -0.481799,
          -0.163666,
          0.860862,
          0.641554
        ],
        [
          -0.075196,
          -0.971057,
          -0.226701,
          1.438257
        ],
        [
          0.0,
          0.0,
          0.0,
          1.0
        ]
      ]
    },
    {
      "file_path": "/media/NFS/ttao/scannet/posed_images/scene0676_00/00341.jpg",
      "transform_matrix": [
        [
          0.877855,
          -0.183599,
          0.442337,
          3.725272
        ],
        [
          -0.474784,
          -0.212411,
          0.854085,
          0.640377
        ],
        [
          -0.062852,
          -0.959778,
          -0.273637,
          1.422715
        ],
        [
          0.0,
          0.0,
          0.0,
          1.0
        ]
      ]
    },
    {
      "file_path": "/media/NFS/ttao/scannet/posed_images/scene0676_00/00342.jpg",
      "transform_matrix": [
        [
          0.878847,
          -0.185688,
          0.439486,
          3.724635
        ],
        [
          -0.473258,
          -0.222562,
          0.852346,
          0.64047
        ],
        [
          -0.060458,
          -0.957072,
          -0.283477,
          1.417748
        ],
        [
          0.0,
          0.0,
          0.0,
          1.0
        ]
      ]
    },
    {
      "file_path": "/media/NFS/ttao/scannet/posed_images/scene0676_00/00349.jpg",
      "transform_matrix": [
        [
          0.895585,
          -0.185385,
          0.404427,
          3.725819
        ],
        [
          -0.443657,
          -0.304479,
          0.842888,
          0.639947
        ],
        [
          -0.033119,
          -0.934305,
          -0.354934,
          1.384053
        ],
        [
          0.0,
          0.0,
          0.0,
          1.0
        ]
      ]
    },
    {
      "file_path": "/media/NFS/ttao/scannet/posed_images/scene0676_00/00352.jpg",
      "transform_matrix": [
        [
          0.90365,
          -0.181406,
          0.387955,
          3.717135
        ],
        [
          -0.42801,
          -0.350841,
          0.832897,
          0.645671
        ],
        [
          -0.014982,
          -0.918696,
          -0.394681,
