{
  "frames": [
    {
      "file_path": "/media/NFS/ttao/scannet/posed_images/scene0693_02/00000.jpg",
      "transform_matrix": [
        [
          0.817722,
          0.328023,
          -0.473002,
          2.970743
        ],
        [
          0.575347,
          -0.440789,
          0.688971,
          2.804568
        ],
        [
          0.017504,
          -0.835528,
          -0.54917,
          1.217165
        ],
        [
          0.0,
          0.0,
          0.0,
          1.0
        ]
      ]
    },
    {
      "file_path": "/media/NFS/ttao/scannet/posed_images/scene0693_02/00005.jpg",
      "transform_matrix": [
        [
          0.824775,
          0.29161,
          -0.484469,
          2.973937
        ],
        [
          0.565453,
          -0.420722,
          0.709405,
          2.804401
        ],
        [
          0.003043,
          -0.859044,
          -0.511893,
          1.234961
        ],
        [
          0.0,
          0.0,
          0.0,
          1.0
        ]
      ]
    },
    {
      "file_path": "/media/NFS/ttao/scannet/posed_images/scene0693_02/00013.jpg",
      "transform_matrix": [
        [
          0.82482,
          0.264264,
          -0.499837,
          2.977649
        ],
        [
          0.565396,
          -0.385882,
          0.728988,
          2.797409
        ],
        [
          -0.000233,
          -0.883889,
          -0.467697,
          1.244063
        ],
        [
          0.0,
          0.0,
          0.0,
          1.0
        ]
      ]
    },
    {
      "file_path": "/media/NFS/ttao/scannet/posed_images/scene0693_02/00016.jpg",
      "transform_matrix": [
        [
          0.82569,
          0.268867,
          -0.49593,
          2.980729
        ],
        [
          0.564047,
          -0.379005,
          0.733625,
          2.791946
        ],
        [
          0.009288,
          -0.885475,
          -0.464594,
          1.236213
        ],
        [
          0.0,
          0.0,
          0.0,
          1.0
        ]
      ]
    },
    {
      "file_path": "/media/NFS/ttao/scannet/posed_images/scene0693_02/00021.jpg",
      "transform_matrix": [
        [
          0.828323,
          0.284552,
          -0.482608,
          2.986424
        ],
        [
          0.559939,
          -0.391768,
          0.730059,
          2.784336
        ],
        [
          0.018669,
          -0.874956,
          -0.483843,
          1.216551
        ],
        [
          0.0,
          0.0,
          0.0,
          1.0
        ]
      ]
    },
    {
      "file_path": "/media/NFS/ttao/scannet/posed_images/scene0693_02/00029.jpg",
      "transform_matrix": [
        [
          0.844404,
          0.293694,
          -0.448025,
          2.997781
        ],
        [
          0.535705,
          -0.460445,
          0.707821,
          2.768236
        ],
        [
          0.001592,
          -0.837696,
          -0.546134,
          1.167313
        ],
        [
          0.0,
          0.0,
          0.0,
          1.0
        ]
      ]
    },
    {
      "file_path": "/media/NFS/ttao/scannet/posed_images/scene0693_02/00034.jpg",
      "transform_matrix": [
        [
          0.84234,
          0.293085,
          -0.452287,
          3.007695
        ],
        [
          0.538946,
          -0.458386,
          0.706697,
          2.753408
        ],
        [
          -0.0002,
          -0.839037,
          -0.544074,
          1.145181
        ],
        [
          0.0,
          0.0,
          0.0,
          1.0
        ]
      ]
    },
    {
      "file_path": "/media/NFS/ttao/scannet/posed_images/scene0693_02/00040.jpg",
      "transform_matrix": [
        [
          0.840272,
          0.292699,
          -0.456366,
          3.024302
        ],
        [
          0.542141,
          -0.445659,
          0.71237,
          2.754496
        ],
        [
          0.005126,
          -0.845999,
          -0.533159,
          1.133014
        ],
        [
          0.0,
          0.0,
          0.0,
          1.0
        ]
      ]
    },
    {
      "file_path": "/media/NFS/ttao/scannet/posed_images/scene0693_02/00042.jpg",
      "transform_matrix": [
        [
          0.842098,
          0.283224,
          -0.458971,
          3.030924
        ],
        [
          0.539252,
          -0.456034,
          0.707983,
          2.759153
        ],
        [
          -0.008789,
          -0.843693,
          -0.536754,
          1.131402
        ],
        [
          0.0,
          0.0,
          0.0,
          1.0
        ]
      ]
    },
    {
      "file_path": "/media/NFS/ttao/scannet/posed_images/scene0693_02/00047.jpg",
      "transform_matrix": [
        [
          0.842805,
          0.255333,
          -0.473798,
          3.055849
        ],
        [
          0.536946,
          -0.459381,
          0.707572,
          2.775754
        ],
        [
          -0.036987,
          -0.850749,
          -0.524269,
          1.131205
        ],
        [
          0.0,
          0.0,
          0.0,
          1.0
        ]
      ]
    },
    {
      "file_path": "/media/NFS/ttao/scannet/posed_images/scene0693_02/00053.jpg",
      "transform_matrix": [
        [
          0.82898,
          0.28172,
          -0.483142,
          3.103492
        ],
        [
          0.558987,
          -0.445228,
          0.699504,
          2.809767
        ],
        [
          -0.018044,
          -0.849945,
          -0.526563,
          1.129121
        ],
        [
          0.0,
          0.0,
          0.0,
          1.0
        ]
      ]
    },
    {
      "file_path": "/media/NFS/ttao/scannet/posed_images/scene0693_02/00061.jpg",
      "transform_matrix": [
        [
          0.812877,
          0.302536,
          -0.497697,
          3.181419
        ],
        [
          0.582272,
          -0.401909,
          0.706703,
          2.879693
        ],
        [
          0.013775,
          -0.864258,
          -0.502861,
          1.140685
        ],
        [
          0.0,
          0.0,
          0.0,
          1.0
        ]
      ]
    },
    {
      "file_path": "/media/NFS/ttao/scannet/posed_images/scene0693_02/00068.jpg",
      "transform_matrix": [
        [
          0.812435,
          0.310017,
          -0.493801,
          3.220611
        ],
        [
          0.582524,
          -0.395546,
          0.710077,
          2.924062
        ],
        [
          0.024815,
          -0.864542,
          -0.501948,
          1.150099
        ],
        [
          0.0,
          0.0,
          0.0,
          1.0
        ]
      ]
    },
    {
      "file_path": "/media/NFS/ttao/scannet/posed_images/scene0693_02/00069.jpg",
      "transform_matrix": [
        [
          0.810719,
          0.311565,
          -0.495644,
          3.221756
        ],
        [
          0.584942,
          -0.396326,
          0.70765,
          2.926505
        ],
        [
          0.024043,
          -0.863628,
          -0.503556,
          1.151634
        ],
        [
          0.0,
          0.0,
          0.0,
          1.0
        ]
      ]
    },
    {
      "file_path": "/media/NFS/ttao/scannet/posed_images/scene0693_02/00077.jpg",
      "transform_matrix": [
        [
          0.780206,
          0.289685,
          -0.554402,
          3.206639
        ],
        [
          0.625436,
          -0.376043,
          0.683683,
          2.933994
        ],
        [
          -0.010426,
          -0.880156,
          -0.47457,
          1.186508
        ],
        [
          0.0,
          0.0,
          0.0,
          1.0
        ]
      ]
    },
    {
      "file_path": "/media/NFS/ttao/scannet/posed_images/scene0693_02/00084.jpg",
      "transform_matrix": [
        [
          0.756006,
          0.273368,
          -0.594748,
          3.153288
        ],
        [
          0.654379,
          -0.337301,
          0.676769,
          2.92748
        ],
        [
          -0.015602,
          -0.900832,
          -0.433888,
          1.235041
        ],
        [
          0.0,
          0.0,
          0.0,
          1.0
        ]
      ]
    },
    {
      "file_path": "/media/NFS/ttao/scannet/posed_images/scene0693_02/00085.jpg",
      "transform_matrix": [
        [
          0.755727,
          0.269873,
          -0.596694,
          3.143478
        ],
        [
          0.654768,
          -0.328663,
          0.680631,
          2.927462
        ],
        [
          -0.012427,
          -0.905069,
          -0.425084,
          1.24192
        ],
        [
          0.0,
          0.0,
          0.0,
          1.0
        ]
      ]
    },
    {
      "file_path": "/media/NFS/ttao/scannet/posed_images/scene0693_02/00092.jpg",
      "transform_matrix": [
        [
          0.761149,
          0.258646,
          -0.594772,
          3.070456
        ],
        [
          0.647916,
          -0.261845,
          0.715292,
          2.914817
        ],
        [
          0.02927,
          -0.929806,
          -0.366884,
          1.285826
        ],
        [
          0.0,
          0.0,
          0.0,
          1.0
        ]
      ]
    },
    {
      "file_path": "/media/NFS/ttao/scannet/posed_images/scene0693_02/00100.jpg",
      "transform_matrix": [
        [
          0.778144,
          0.238195,
          -0.581167,
          2.991862
        ],
        [
          0.627675,
          -0.261468,
          0.733252,
          2.893211
        ],
        [
          0.0227,
          -0.93536,
          -0.352969,
          1.313169
        ],
        [
          0.0,
          0.0,
          0.0,
          1.0
        ]
      ]
    },
    {
      "file_path": "/media/NFS/ttao/scannet/posed_images/scene0693_02/00101.jpg",
      "transform_matrix": [
        [
          0.782877,
          0.236304,
          -0.575556,
          2.983799
        ],
        [
          0.621852,
          -0.267294,
          0.736107,
          2.892448
        ],
        [
          0.020102,
          -0.934192,
          -0.356204,
          1.314325
        ],
        [
          0.0,
          0.0,
          0.0,
          1.0
        ]
      ]
    },
    {
      "file_path": "/media/NFS/ttao/scannet/posed_images/scene0693_02/00109.jpg",
      "transform_matrix": [
        [
          0.840549,
          0.228298,
          -0.491282,
          2.917456
        ],
        [
          0.541693,
          -0.342802,
          0.767499,
          2.902261
        ],
        [
          0.006806,
          -0.911245,
          -0.411809,
          1.335754
        ],
        [
          0.0,
          0.0,
          0.0,
          1.0
        ]
      ]
    },
    {
      "file_path": "/media/NFS/ttao/scannet/posed_images/scene0693_02/00111.jpg",
      "transform_matrix": [
        [
          0.85608,
          0.223823,
          -0.465865,
          2.899974
        ],
        [
          0.516812,
          -0.360812,
          0.77635,
          2.907296
        ],
        [
          0.005675,
          -0.905383,
          -0.424558,
          1.347001
        ],
        [
          0.0,
          0.0,
          0.0,
          1.0
        ]
      ]
    },
    {
      "file_path": "/media/NFS/ttao/scannet/posed_images/scene0693_02/00118.jpg",
      "transform_matrix": [
        [
          0.874608,
          0.198421,
          -0.442368,
          2.865929
        ],
        [
          0.484821,
          -0.363462,
          0.795515,
          2.924937
        ],
        [
          -0.002937,
          -0.910233,
          -0.414086,
          1.380227
        ],
        [
          0.0,
          0.0,
          0.0,
          1.0
        ]
      ]
    },
    {
      "file_path": "/media/NFS/ttao/scannet/posed_images/scene0693_02/00122.jpg",
      "transform_matrix": [
        [
          0.869049,
          0.182643,
          -0.459777,
          2.85772
        ],
        [
          0.494672,
          -0.334435,
          0.802155,
          2.928182
        ],
        [
          -0.007258,
          -0.924551,
          -0.380989,
          1.388087
        ],
        [
          0.0,
          0.0,
          0.0,
          1.0
        ]
      ]
    },
    {
      "file_path": "/media/NFS/ttao/scannet/posed_images/scene0693_02/00130.jpg",
      "transform_matrix": [
        [
          0.847796,
          0.128666,
          -0.514477,
          2.846826
        ],
        [
          0.530314,
          -0.211291,
          0.82105,
          2.925723
        ],
        [
          -0.003063,
          -0.968918,
          -0.247365,
          1.415035
        ],
        [
          0.0,
          0.0,
          0.0,
          1.0
        ]
      ]
    },
    {
      "file_path": "/media/NFS/ttao/scannet/posed_images/scene0693_02/00135.jpg",
      "transform_matrix": [
        [
          0.855053,
          0.102393,
          -0.50833,
          2.845577
        ],
        [
          0.518538,
          -0.16592,
          0.838802,
          2.94286
        ],
        [
          0.001546,
          -0.980809,
          -0.194965,
          1.423238
        ],
        [
          0.0,
          0.0,
          0.0,
          1.0
        ]
      ]
    },
    {
      "file_path": "/media/NFS/ttao/scannet/posed_images/scene0693_02/00138.jpg",
      "transform_matrix": [
        [
          0.856359,
          0.081987,
          -0.509831,
          2.845135
        ],
        [
          0.516377,
          -0.131918,
          0.84614,
          2.95298
        ],
        [
          0.002117,
          -0.987864,
          -0.155306,
          1.433125
        ],
        [
          0.0,
          0.0,
          0.0,
          1.0
        ]
      ]
    },
    {
      "file_path": "/media/NFS/ttao/scannet/posed_images/scene0693_02/00145.jpg",
      "transform_matrix": [
        [
          0.86927,
          0.044783,
          -0.492305,
          2.839133
        ],
        [
          0.494333,
          -0.083309,
          0.865271,
          2.95716
        ],
        [
          -0.002263,
          -0.995517,
          -0.094556,
          1.443403
        ],
        [
          0.0,
          0.0,
          0.0,
          1.0
        ]
      ]
    },
    {
      "file_path": "/media/NFS/ttao/scannet/posed_images/scene0693_02/00153.jpg",
      "transform_matrix": [
        [
          0.901035,
          0.044915,
          -0.431415,
          2.805792
        ],
        [
          0.433742,
          -0.097766,
          0.895717,
          2.940973
        ],
        [
          -0.001946,
          -0.994195,
          -0.107573,
          1.423032
        ],
        [
          0.0,
          0.0,
          0.0,
          1.0
        ]
      ]
    },
    {
      "file_path": "/media/NFS/ttao/scannet/posed_images/scene0693_02/00155.jpg",
      "transform_matrix": [
        [
          0.915027,
          0.040364,
          -0.401368,
          2.792157
        ],
        [
          0.403307,
          -0.112008,
          0.908184,
          2.932075
        ],
        [
          -0.008298,
          -0.992887,
          -0.11877,
          1.417178
        ],
        [
          0.0,
          0.0,
          0.0,
          1.0
        ]
      ]
    },
    {
      "file_path": "/media/NFS/ttao/scannet/posed_images/scene0693_02/00164.jpg",
      "transform_matrix": [
        [
          0.963996,
          0.035398,
          -0.263552,
          2.728994
        ],
        [
          0.263601,
          -0.257751,
          0.929559,
          2.889965
        ],
        [
          -0.035026,
          -0.965563,
          -0.257802,
          1.364274
        ],
        [
          0.0,
          0.0,
          0.0,
          1.0
        ]
      ]
    },
    {
      "file_path": "/media/NFS/ttao/scannet/posed_images/scene0693_02/00169.jpg",
      "transform_matrix": [
        [
          0.982443,
          0.034165,
          -0.18341,
          2.722273
        ],
        [
          0.185205,
          -0.297083,
          0.936718,
          2.879104
        ],
        [
          -0.022485,
          -0.95424,
          -0.298194,
          1.341509
        ],
        [
          0.0,
          0.0,
          0.0,
          1.0
        ]
      ]
    },
    {
      "file_path": "/media/NFS/ttao/scannet/posed_images/scene0693_02/00172.jpg",
      "transform_matrix": [
        [
          0.987507,
          0.035709,
          -0.153477,
          2.727142
        ],
        [
          0.156961,
          -0.308881,
          0.93806,
          2.875297
        ],
        [
          -0.013909,
          -0.95043,
          -0.310627,
          1.336529
        ],
        [
          0.0,
          0.0,
          0.0,
          1.0
        ]
      ]
    },
    {
      "file_path": "/media/NFS/ttao/scannet/posed_images/scene0693_02/00180.jpg",
      "transform_matrix": [
        [
          0.994313,
          0.021122,
          -0.104382,
          2.766483
        ],
        [
          0.104905,
          -0.363132,
          0.925813,
          2.868508
        ],
        [
          -0.018349,
          -0.931498,
          -0.363283,
          1.307038
        ],
        [
          0.0,
          0.0,
          0.0,
          1.0
        ]
      ]
    },
    {
      "file_path": "/media/NFS/ttao/scannet/posed_images/scene0693_02/00184.jpg",
      "transform_matrix": [
        [
          0.995218,
          0.017166,
          -0.096159,
          2.782269
        ],
        [
          0.095278,
          -0.387533,
          0.916919,
          2.864973
        ],
        [
          -0.021525,
          -0.921696,
          -0.387315,
          1.293285
        ],
        [
          0.0,
          0.0,
          0.0,
          1.0
        ]
      ]
    },
    {
      "file_path": "/media/NFS/ttao/scannet/posed_images/scene0693_02/00190.jpg",
      "transform_matrix": [
        [
          0.995616,
          -0.015841,
          -0.092187,
          2.806315
        ],
        [
          0.076239,
          -0.433583,
          0.897883,
          2.864129
        ],
        [
          -0.054194,
          -0.900974,
          -0.430475,
          1.282612
        ],
        [
          0.0,
          0.0,
          0.0,
          1.0
        ]
      ]
    },
    {
      "file_path": "/media/NFS/ttao/scannet/posed_images/scene0693_02/00196.jpg",
      "transform_matrix": [
        [
          0.99706,
          -0.050551,
          -0.057579,
          2.814528
        ],
        [
          0.027944,
          -0.459811,
          0.887577,
          2.857657
        ],
        [
          -0.071343,
          -0.886577,
          -0.457047,
          1.265802
        ],
        [
          0.0,
          0.0,
          0.0,
          1.0
        ]
      ]
    },
    {
      "file_path": "/media/NFS/ttao/scannet/posed_images/scene0693_02/00200.jpg",
      "transform_matrix": [
        [
          0.997116,
          -0.073289,
          -0.019695,
          2.815621
        ],
        [
          -0.01743,
          -0.473747,
          0.880489,
          2.853442
        ],
        [
          -0.07386,
          -0.877606,
          -0.473658,
          1.25245
        ],
        [
          0.0,
          0.0,
          0.0,
          1.0
        ]
      ]
    },
    {
      "file_path": "/media/NFS/ttao/scannet/posed_images/scene0693_02/00204.jpg",
      "transform_matrix": [
        [
          0.993126,
          -0.109256,
          0.041983,
          2.807404
        ],
        [
          -0.089922,
          -0.4826,
          0.871212,
          2.848434
        ],
        [
          -0.074924,
          -0.868999,
          -0.489108,
          1.237835
        ],
        [
          0.0,
          0.0,
          0.0,
          1.0
        ]
      ]
    },
    {
      "file_path": "/media/NFS/ttao/scannet/posed_images/scene0693_02/00208.jpg",
      "transform_matrix": [
        [
          0.98246,
          -0.14963,
          0.111282,
          2.793106
        ],
        [
          -0.171852,
          -0.49487,
          0.851804,
          2.84063
        ],
        [
          -0.072386,
          -0.855988,
          -0.511904,
          1.225675
        ],
        [
          0.0,
          0.0,
          0.0,
          1.0
        ]
      ]
    },
    {
      "file_path": "/media/NFS/ttao/scannet/posed_images/scene0693_02/00214.jpg",
      "transform_matrix": [
        [
          0.955343,
          -0.202838,
          0.214888,
          2.771259
        ],
        [
          -0.289269,
          -0.493394,
          0.820296,
          2.821386
        ],
        [
          -0.060362,
          -0.845825,
          -0.530035,
          1.209206
        ],
        [
          0.0,
          0.0,
          0.0,
          1.0
        ]
      ]
    },
    {
      "file_path": "/media/NFS/ttao/scannet/posed_images/scene0693_02/00222.jpg",
      "transform_matrix": [
        [
          0.922801,
          -0.239055,
          0.302145,
          2.756619
        ],
        [
          -0.382872,
          -0.481488,
          0.788403,
          2.799194
        ],
        [
          -0.042992,
          -0.843221,
          -0.535845,
          1.187499
        ],
        [
          0.0,
          0.0,
          0.0,
          1.0
        ]
      ]
    },
    {
      "file_path": "/media/NFS/ttao/scannet/posed_images/scene0693_02/00229.jpg",
      "transform_matrix": [
        [
          0.918736,
          -0.259892,
          0.297287,
          2.750519
        ],
        [
          -0.390855,
          -0.49143,
          0.778286,
          2.774911
        ],
        [
          -0.056175,
          -0.831236,
          -0.553075,
          1.154278
        ],
        [
          0.0,
          0.0,
          0.0,
          1.0
        ]
      ]
    },
    {
      "file_path": "/media/NFS/ttao/scannet/posed_images/scene0693_02/00233.jpg",
      "transform_matrix": [
        [
          0.913998,
          -0.253656,
          0.316649,
          2.750547
        ],
        [
          -0.403679,
          -0.490409,
          0.772362,
          2.760976
        ],
        [
          -0.040627,
          -0.833761,
          -0.550628,
          1.135927
        ],
        [
          0.0,
          0.0,
          0.0,
          1.0
        ]
      ]
    },
    {
      "file_path": "/media/NFS/ttao/scannet/posed_images/scene0693_02/00238.jpg",
      "transform_matrix": [
        [
          0.905051,
          -0.235143,
          0.354389,
          2.752374
        ],
        [
          -0.424167,
          -0.43816,
          0.792527,
          2.736932
        ],
        [
          -0.031078,
          -0.867597,
          -0.496296,
          1.114276
        ],
        [
          0.0,
          0.0,
          0.0,
          1.0
        ]
      ]
    },
    {
      "file_path": "/media/NFS/ttao/scannet/posed_images/scene0693_02/00240.jpg",
      "transform_matrix": [
        [
          0.903001,
          -0.241211,
          0.355537,
          2.750947
        ],
        [
          -0.427747,
          -0.427174,
          0.796589,
          2.727029
        ],
        [
          -0.04027,
          -0.871401,
          -0.488916,
          1.099625
        ],
        [
          0.0,
          0.0,
          0.0,
          1.0
        ]
      ]
    },
    {
      "file_path": "/media/NFS/ttao/scannet/posed_images/scene0693_02/00250.jpg",
      "transform_matrix": [
        [
          0.902783,
          -0.253697,
          0.347305,
          2.763812
        ],
        [
          -0.429722,
          -0.498357,
          0.752981,
          2.71073
        ],
        [
          -0.017947,
          -0.829023,
          -0.558927,
          1.07035
        ],
        [
          0.0,
          0.0,
          0.0,
          1.0
        ]
      ]
    },
    {
      "file_path": "/media/NFS/ttao/scannet/posed_images/scene0693_02/00251.jpg",
      "transform_matrix": [
        [
          0.901039,
          -0.254874,
          0.350951,
          2.765075
        ],
        [
          -0.433385,
          -0.496436,
          0.75215,
          2.70917
        ],
        [
          -0.017479,
          -0.829814,
          -0.557767,
          1.068934
        ],
        [
          0.0,
          0.0,
          0.0,
          1.0
        ]
      ]
    },
    {
      "file_path": "/media/NFS/ttao/scannet/posed_images/scene0693_02/00259.jpg",
      "transform_matrix": [
        [
          0.900321,
          -0.277289,
          0.335459,
          2.805725
        ],
        [
          -0.434262,
          -0.521054,
          0.734791,
          2.705497
        ],
        [
          -0.028957,
          -0.807226,
          -0.589533,
          1.055675
        ],
        [
          0.0,
          0.0,
          0.0,
          1.0
        ]
      ]
    },
    {
      "file_path": "/media/NFS/ttao/scannet/posed_images/scene0693_02/00264.jpg",
      "transform_matrix": [
        [
          0.919671,
          -0.268103,
          0.286924,
          2.849851
        ],
        [
          -0.39062,
          -0.549687,
          0.738417,
          2.69989
        ],
        [
          -0.040253,
          -0.79118,
          -0.610258,
          1.050924
        ],
        [
          0.0,
          0.0,
          0.0,
          1.0
        ]
      ]
    },
    {
      "file_path": "/media/NFS/ttao/scannet/posed_images/scene0693_02/00270.jpg",
      "transform_matrix": [
        [
          0.961801,
          -0.200718,
          0.186149,
          2.921566
        ],
        [
          -0.270127,
          -0.585602,
          0.764265,
          2.69531
        ],
        [
          -0.044393,
          -0.785355,
          -0.617452,
          1.05663
        ],
        [
          0.0,
          0.0,
          0.0,
          1.0
        ]
      ]
    },
    {
      "file_path": "/media/NFS/ttao/scannet/posed_images/scene0693_02/00275.jpg",
      "transform_matrix": [
        [
          0.98385,
          -0.129144,
          0.123936,
          2.978885
        ],
        [
          -0.177747,
          -0.623363,
          0.761462,
          2.704412
        ],
        [
          -0.021081,
          -0.771194,
          -0.636251,
          1.064935
        ],
        [
          0.0,
          0.0,
          0.0,
          1.0
        ]
      ]
    },
    {
      "file_path": "/media/NFS/ttao/scannet/posed_images/scene0693_02/00280.jpg",
      "transform_matrix": [
        [
          0.995782,
          -0.046093,
          0.079332,
          3.02992
        ],
        [
          -0.090165,
          -0.651668,
          0.753126,
          2.712048
        ],
        [
          0.016984,
          -0.757102,
          -0.653076,
          1.066889
        ],
        [
          0.0,
          0.0,
          0.0,
          1.0
        ]
      ]
    },
    {
      "file_path": "/media/NFS/ttao/scannet/posed_images/scene0693_02/00287.jpg",
      "transform_matrix": [
        [
          0.99926,
          -0.01375,
          -0.035928,
          3.090037
        ],
        [
          0.018626,
          -0.644244,
          0.764594,
          2.717324
        ],
        [
          -0.033659,
          -0.764697,
          -0.643511,
          1.094586
        ],
        [
          0.0,
          0.0,
          0.0,
          1.0
        ]
      ]
    },
    {
      "file_path": "/media/NFS/ttao/scannet/posed_images/scene0693_02/00291.jpg",
      "transform_matrix": [
        [
          0.997275,
          0.022848,
          -0.070152,
          3.112509
        ],
        [
          0.068979,
          -0.626109,
          0.776679,
          2.721746
        ],
        [
          -0.026177,
          -0.779401,
          -0.625978,
          1.110323
        ],
        [
          0.0,
          0.0,
          0.0,
          1.0
        ]
      ]
    },
    {
      "file_path": "/media/NFS/ttao/scannet/posed_images/scene0693_02/00298.jpg",
      "transform_matrix": [
        [
          0.988231,
          0.09482,
          -0.120032,
          3.133104
        ],
        [
          0.152919,
          -0.592896,
          0.790626,
          2.723836
        ],
        [
          0.003801,
          -0.799677,
          -0.600418,
          1.127859
        ],
        [
          0.0,
          0.0,
          0.0,
          1.0
        ]
      ]
    },
    {
      "file_path": "/media/NFS/ttao/scannet/posed_images/scene0693_02/00299.jpg",
      "transform_matrix": [
        [
          0.987007,
          0.102587,
          -0.123666,
          3.135776
        ],
        [
          0.16048,
          -0.591222,
          0.790381,
          2.725839
        ],
        [
          0.007969,
          -0.799958,
          -0.600003,
          1.129779
        ],
        [
          0.0,
          0.0,
          0.0,
          1.0
        ]
      ]
    },
    {
      "file_path": "/media/NFS/ttao/scannet/posed_images/scene0693_02/00304.jpg",
      "transform_matrix": [
        [
          0.981386,
          0.115083,
          -0.153743,
          3.146559
        ],
        [
          0.192017,
          -0.574698,
          0.79552,
          2.74233
        ],
        [
          0.003195,
          -0.810234,
          -0.586099,
          1.147213
        ],
        [
          0.0,
          0.0,
          0.0,
          1.0
        ]
      ]
    },
    {
      "file_path": "/media/NFS/ttao/scannet/posed_images/scene0693_02/00314.jpg",
      "transform_matrix": [
        [
          0.942905,
          0.17487,
          -0.283463,
          3.199104
        ],
        [
          0.333029,
          -0.507006,
          0.795007,
          2.786639
        ],
        [
          -0.004694,
          -0.844018,
          -0.536295,
          1.174152
        ],
        [
          0.0,
          0.0,
          0.0,
          1.0
        ]
      ]
    },
    {
      "file_path": "/media/NFS/ttao/scannet/posed_images/scene0693_02/00319.jpg",
      "transform_matrix": [
        [
          0.945176,
          0.177503,
          -0.274109,
          3.235389
        ],
        [
          0.326562,
          -0.512732,
          0.794017,
          2.81901
        ],
        [
          0.000396,
          -0.839999,
          -0.542588,
          1.169028
        ],
        [
          0.0,
          0.0,
          0.0,
          1.0
        ]
      ]
    },
    {
      "file_path": "/media/NFS/ttao/scannet/posed_images/scene0693_02/00325.jpg",
      "transform_matrix": [
        [
          0.95541,
          0.149893,
          -0.25441,
          3.259658
        ],
        [
          0.294888,
          -0.528913,
          0.795796,
          2.842248
        ],
        [
          -0.015276,
          -0.835334,
          -0.549531,
          1.174035
        ],
        [
          0.0,
          0.0,
          0.0,
          1.0
        ]
      ]
    },
    {
      "file_path": "/media/NFS/ttao/scannet/posed_images/scene0693_02/00327.jpg",
      "transform_matrix": [
        [
          0.955227,
          0.148872,
          -0.255693,
          3.262545
        ],
        [
          0.295328,
          -0.532265,
          0.793395,
          2.845609
        ],
        [
          -0.017982,
          -0.833386,
          -0.5524,
          1.176198
        ],
        [
          0.0,
          0.0,
          0.0,
          1.0
        ]
      ]
    },
    {
      "file_path": "/media/NFS/ttao/scannet/posed_images/scene0693_02/00333.jpg",
      "transform_matrix": [
        [
          0.961813,
          0.163092,
          -0.219808,
          3.256027
        ],
        [
          0.273367,
          -0.532484,
          0.801081,
          2.852987
        ],
        [
          0.013605,
          -0.830579,
          -0.556735,
          1.184741
        ],
        [
          0.0,
          0.0,
          0.0,
          1.0
        ]
      ]
    },
    {
      "file_path": "/media/NFS/ttao/scannet/posed_images/scene0693_02/00340.jpg",
      "transform_matrix": [
        [
          0.975795,
          0.174264,
          -0.132122,
          3.214132
        ],
        [
          0.206601,
          -0.536529,
          0.818201,
          2.856086
        ],
        [
          0.071695,
          -0.825693,
          -0.559545,
          1.206876
        ],
        [
          0.0,
          0.0,
          0.0,
          1.0
        ]
      ]
    },
    {
      "file_path": "/media/NFS/ttao/scannet/posed_images/scene0693_02/00345.jpg",
      "transform_matrix": [
        [
          0.984427,
          0.146899,
          -0.096561,
          3.174368
        ],
        [
          0.162699,
          -0.553328,
          0.816919,
          2.848409
        ],
        [
          0.066575,
          -0.819908,
          -0.568612,
          1.227146
        ],
        [
          0.0,
          0.0,
          0.0,
          1.0
        ]
      ]
    },
    {
      "file_path": "/media/NFS/ttao/scannet/posed_images/scene0693_02/00351.jpg",
      "transform_matrix": [
        [
          0.987827,
          0.131376,
          -0.083291,
          3.114444
        ],
        [
          0.140617,
          -0.525232,
          0.83926,
          2.807974
        ],
        [
          0.066512,
          -0.840757,
          -0.537313,
          1.248324
        ],
        [
          0.0,
          0.0,
          0.0,
          1.0
        ]
      ]
    },
    {
      "file_path": "/media/NFS/ttao/scannet/posed_images/scene0693_02/00356.jpg",
      "transform_matrix": [
        [
          0.992599,
          0.106609,
          -0.058148,
          3.060019
        ],
        [
          0.102792,
          -0.482675,
          0.869747,
          2.782002
        ],
        [
          0.064656,
          -0.869287,
          -0.490061,
          1.274177
        ],
        [
          0.0,
          0.0,
          0.0,
          1.0
        ]
      ]
    },
    {
      "file_path": "/media/NFS/ttao/scannet/posed_images/scene0693_02/00362.jpg",
      "transform_matrix": [
        [
          0.997066,
          0.074386,
          -0.018056,
          3.007436
        ],
        [
          0.048287,
          -0.428196,
          0.902395,
          2.758156
        ],
        [
          0.059394,
          -0.900619,
          -0.430531,
          1.300314
        ],
        [
          0.0,
          0.0,
          0.0,
          1.0
        ]
      ]
    },
    {
      "file_path": "/media/NFS/ttao/scannet/posed_images/scene0693_02/00367.jpg",
      "transform_matrix": [
        [
          0.997791,
          0.066283,
          0.004344,
          2.972409
        ],
        [
          0.024776,
          -0.432045,
          0.901512,
          2.744302
        ],
        [
          0.061632,
          -0.899413,
          -0.432733,
          1.305221
        ],
        [
          0.0,
          0.0,
          0.0,
          1.0
        ]
      ]
    },
    {
      "file_path": "/media/NFS/ttao/scannet/posed_images/scene0693_02/00374.jpg",
      "transform_matrix": [
        [
          0.997236,
          0.05496,
          0.049989,
          2.919047
        ],
        [
          -0.021999,
          -0.42423,
          0.905287,
          2.726582
        ],
        [
          0.070962,
          -0.903885,
          -0.421849,
          1.308036
        ],
        [
          0.0,
          0.0,
          0.0,
          1.0
        ]
      ]
    },
    {
      "file_path": "/media/NFS/ttao/scannet/posed_images/scene0693_02/00378.jpg",
      "transform_matrix": [
        [
          0.996647,
          0.059479,
          0.056192,
          2.872395
        ],
        [
          -0.0265,
          -0.415104,
          0.909388,
          2.714966
        ],
        [
          0.077415,
          -0.907828,
          -0.412136,
          1.306065
        ],
        [
          0.0,
          0.0,
          0.0,
          1.0
        ]
      ]
    },
    {
      "file_path": "/media/NFS/ttao/scannet/posed_images/scene0693_02/00380.jpg",
      "transform_matrix": [
        [
          0.996085,
          0.065777,
          0.059059,
          2.847933
        ],
        [
          -0.026853,
          -0.411379,
          0.911069,
          2.711257
        ],
        [
          0.084223,
          -0.909088,
          -0.408003,
          1.307955
        ],
        [
          0.0,
          0.0,
          0.0,
          1.0
        ]
      ]
    },
    {
      "file_path": "/media/NFS/ttao/scannet/posed_images/scene0693_02/00390.jpg",
      "transform_matrix": [
        [
          0.99395,
          0.087677,
          0.066144,
          2.722837
        ],
        [
          -0.030532,
          -0.357926,
          0.933251,
          2.68863
        ],
        [
          0.1055,
          -0.929624,
          -0.353084,
          1.325876
        ],
        [
          0.0,
          0.0,
          0.0,
          1.0
        ]
      ]
    },
    {
      "file_path": "/media/NFS/ttao/scannet/posed_images/scene0693_02/00391.jpg",
      "transform_matrix": [
        [
          0.993839,
          0.087731,
          0.067736,
          2.71456
        ],
        [
          -0.031996,
          -0.358029,
          0.933162,
          2.687163
        ],
        [
          0.106119,
          -0.92958,
          -0.353016,
          1.32588
        ],
        [
          0.0,
          0.0,
          0.0,
          1.0
        ]
      ]
    },
    {
      "file_path": "/media/NFS/ttao/scannet/posed_images/scene0693_02/00396.jpg",
      "transform_matrix": [
        [
          0.995199,
          0.064135,
          0.073933,
          2.685449
        ],
        [
          -0.048627,
          -0.331557,
          0.942181,
          2.682267
        ],
        [
          0.08494,
          -0.941253,
          -0.326847,
          1.338424
        ],
        [
          0.0,
          0.0,
          0.0,
          1.0
        ]
      ]
    },
    {
      "file_path": "/media/NFS/ttao/scannet/posed_images/scene0693_02/00406.jpg",
      "transform_matrix": [
        [
          0.991335,
          0.022955,
          0.129336,
          2.668064
        ],
        [
          -0.120621,
          -0.230788,
          0.965499,
          2.672133
        ],
        [
          0.052012,
          -0.972733,
          -0.226019,
          1.360985
        ],
        [
          0.0,
          0.0,
          0.0,
          1.0
        ]
      ]
    },
    {
      "file_path": "/media/NFS/ttao/scannet/posed_images/scene0693_02/00409.jpg",
      "transform_matrix": [
        [
          0.990936,
          0.011982,
          0.133796,
          2.666165
        ],
        [
          -0.127698,
          -0.225095,
          0.965932,
          2.668766
        ],
        [
          0.041691,
          -0.974263,
          -0.221525,
          1.36635
        ],
        [
          0.0,
          0.0,
          0.0,
          1.0
        ]
      ]
    },
    {
      "file_path": "/media/NFS/ttao/scannet/posed_images/scene0693_02/00412.jpg",
      "transform_matrix": [
        [
          0.990969,
          -0.003035,
          0.134058,
          2.664958
        ],
        [
          -0.131517,
          -0.217003,
          0.967271,
          2.66328
        ],
        [
          0.026155,
          -0.976166,
          -0.215442,
          1.372811
        ],
        [
