{
  "frames": [
    {
      "file_path": "/media/NFS/ttao/scannet/posed_images/scene0274_00/00002.jpg",
      "transform_matrix": [
        [
          0.999307,
          0.036061,
          -0.00928,
          3.007997
        ],
        [
          0.019785,
          -0.303083,
          0.952759,
          3.123908
        ],
        [
          0.031545,
          -0.952282,
          -0.303586,
          1.427929
        ],
        [
          0.0,
          0.0,
          0.0,
          1.0
        ]
      ]
    },
    {
      "file_path": "/media/NFS/ttao/scannet/posed_images/scene0274_00/00006.jpg",
      "transform_matrix": [
        [
          0.999438,
          0.033527,
          0.000843,
          2.995764
        ],
        [
          0.009707,
          -0.313229,
          0.949628,
          3.127966
        ],
        [
          0.032102,
          -0.949086,
          -0.313378,
          1.418943
        ],
        [
          0.0,
          0.0,
          0.0,
          1.0
        ]
      ]
    },
    {
      "file_path": "/media/NFS/ttao/scannet/posed_images/scene0274_00/00017.jpg",
      "transform_matrix": [
        [
          0.998912,
          0.028884,
          0.03662,
          2.963636
        ],
        [
          -0.021775,
          -0.405526,
          0.913824,
          3.132068
        ],
        [
          0.041245,
          -0.913627,
          -0.404456,
          1.352479
        ],
        [
          0.0,
          0.0,
          0.0,
          1.0
        ]
      ]
    },
    {
      "file_path": "/media/NFS/ttao/scannet/posed_images/scene0274_00/00025.jpg",
      "transform_matrix": [
        [
          0.999075,
          0.002527,
          0.042938,
          2.958451
        ],
        [
          -0.03675,
          -0.468591,
          0.88265,
          3.081363
        ],
        [
          0.022351,
          -0.883412,
          -0.468065,
          1.309049
        ],
        [
          0.0,
          0.0,
          0.0,
          1.0
        ]
      ]
    },
    {
      "file_path": "/media/NFS/ttao/scannet/posed_images/scene0274_00/00030.jpg",
      "transform_matrix": [
        [
          0.998627,
          -0.022232,
          0.047439,
          2.973833
        ],
        [
          -0.052212,
          -0.49701,
          0.866173,
          3.019488
        ],
        [
          0.004321,
          -0.86746,
          -0.497488,
          1.290529
        ],
        [
          0.0,
          0.0,
          0.0,
          1.0
        ]
      ]
    },
    {
      "file_path": "/media/NFS/ttao/scannet/posed_images/scene0274_00/00036.jpg",
      "transform_matrix": [
        [
          0.997356,
          -0.027302,
          0.067345,
          2.98361
        ],
        [
          -0.071834,
          -0.510433,
          0.856912,
          2.949838
        ],
        [
          0.01098,
          -0.859484,
          -0.511045,
          1.284616
        ],
        [
          0.0,
          0.0,
          0.0,
          1.0
        ]
      ]
    },
    {
      "file_path": "/media/NFS/ttao/scannet/posed_images/scene0274_00/00046.jpg",
      "transform_matrix": [
        [
          0.986669,
          -0.021963,
          0.161252,
          2.955835
        ],
        [
          -0.154376,
          -0.439893,
          0.884682,
          2.938381
        ],
        [
          0.051503,
          -0.897781,
          -0.43742,
          1.34329
        ],
        [
          0.0,
          0.0,
          0.0,
          1.0
        ]
      ]
    },
    {
      "file_path": "/media/NFS/ttao/scannet/posed_images/scene0274_00/00049.jpg",
      "transform_matrix": [
        [
          0.984755,
          -0.018352,
          0.172979,
          2.947412
        ],
        [
          -0.163984,
          -0.429679,
          0.887967,
          2.943281
        ],
        [
          0.05803,
          -0.902795,
          -0.426138,
          1.353
        ],
        [
          0.0,
          0.0,
          0.0,
          1.0
        ]
      ]
    },
    {
      "file_path": "/media/NFS/ttao/scannet/posed_images/scene0274_00/00055.jpg",
      "transform_matrix": [
        [
          0.98249,
          -0.026775,
          0.184382,
          2.940058
        ],
        [
          -0.18017,
          -0.38861,
          0.903616,
          2.941162
        ],
        [
          0.047459,
          -0.921013,
          -0.386629,
          1.370674
        ],
        [
          0.0,
          0.0,
          0.0,
          1.0
        ]
      ]
    },
    {
      "file_path": "/media/NFS/ttao/scannet/posed_images/scene0274_00/00061.jpg",
      "transform_matrix": [
        [
          0.982679,
          -0.047682,
          0.179077,
          2.945174
        ],
        [
          -0.184494,
          -0.342638,
          0.921174,
          2.935857
        ],
        [
          0.017435,
          -0.938257,
          -0.3455,
          1.382779
        ],
        [
          0.0,
          0.0,
          0.0,
          1.0
        ]
      ]
    },
    {
      "file_path": "/media/NFS/ttao/scannet/posed_images/scene0274_00/00070.jpg",
      "transform_matrix": [
        [
          0.989501,
          -0.04247,
          0.138145,
          2.973659
        ],
        [
          -0.144505,
          -0.307202,
          0.940609,
          2.917802
        ],
        [
          0.002491,
          -0.950696,
          -0.310114,
          1.412529
        ],
        [
          0.0,
          0.0,
          0.0,
          1.0
        ]
      ]
    },
    {
      "file_path": "/media/NFS/ttao/scannet/posed_images/scene0274_00/00076.jpg",
      "transform_matrix": [
        [
          0.994412,
          -0.019673,
          0.103717,
          2.996128
        ],
        [
          -0.105164,
          -0.270296,
          0.957016,
          2.903404
        ],
        [
          0.009207,
          -0.962576,
          -0.270855,
          1.432377
        ],
        [
          0.0,
          0.0,
          0.0,
          1.0
        ]
      ]
    },
    {
      "file_path": "/media/NFS/ttao/scannet/posed_images/scene0274_00/00089.jpg",
      "transform_matrix": [
        [
          0.998056,
          0.014031,
          0.060721,
          2.982692
        ],
        [
          -0.057207,
          -0.180265,
          0.981953,
          2.908726
        ],
        [
          0.024723,
          -0.983518,
          -0.179112,
          1.48462
        ],
        [
          0.0,
          0.0,
          0.0,
          1.0
        ]
      ]
    },
    {
      "file_path": "/media/NFS/ttao/scannet/posed_images/scene0274_00/00093.jpg",
      "transform_matrix": [
        [
          0.995711,
          0.019248,
          0.090501,
          2.952451
        ],
        [
          -0.086952,
          -0.139675,
          0.986372,
          2.918444
        ],
        [
          0.031626,
          -0.99001,
          -0.137403,
          1.491575
        ],
        [
          0.0,
          0.0,
          0.0,
          1.0
        ]
      ]
    },
    {
      "file_path": "/media/NFS/ttao/scannet/posed_images/scene0274_00/00101.jpg",
      "transform_matrix": [
        [
          0.988821,
          0.002573,
          0.149086,
          2.859998
        ],
        [
          -0.147985,
          -0.105523,
          0.983344,
          2.955832
        ],
        [
          0.018262,
          -0.994414,
          -0.103962,
          1.499583
        ],
        [
          0.0,
          0.0,
          0.0,
          1.0
        ]
      ]
    },
    {
      "file_path": "/media/NFS/ttao/scannet/posed_images/scene0274_00/00103.jpg",
      "transform_matrix": [
        [
          0.985162,
          0.000201,
          0.171631,
          2.833924
        ],
        [
          -0.170677,
          -0.104112,
          0.979811,
          2.970934
        ],
        [
          0.018066,
          -0.994566,
          -0.102533,
          1.504782
        ],
        [
          0.0,
          0.0,
          0.0,
          1.0
        ]
      ]
    },
    {
      "file_path": "/media/NFS/ttao/scannet/posed_images/scene0274_00/00112.jpg",
      "transform_matrix": [
        [
          0.989052,
          0.001181,
          0.147565,
          2.738238
        ],
        [
          -0.146951,
          -0.08354,
          0.98561,
          3.015287
        ],
        [
          0.013492,
          -0.996504,
          -0.082452,
          1.501458
        ],
        [
          0.0,
          0.0,
          0.0,
          1.0
        ]
      ]
    },
    {
      "file_path": "/media/NFS/ttao/scannet/posed_images/scene0274_00/00122.jpg",
      "transform_matrix": [
        [
          0.994764,
          0.013315,
          0.101333,
          2.674579
        ],
        [
          -0.097855,
          -0.16204,
          0.98192,
          3.087988
        ],
        [
          0.029494,
          -0.986694,
          -0.159888,
          1.451735
        ],
        [
          0.0,
          0.0,
          0.0,
          1.0
        ]
      ]
    },
    {
      "file_path": "/media/NFS/ttao/scannet/posed_images/scene0274_00/00127.jpg",
      "transform_matrix": [
        [
          0.993862,
          -0.01616,
          0.109439,
          2.659782
        ],
        [
          -0.110544,
          -0.182973,
          0.976883,
          3.124835
        ],
        [
          0.004238,
          -0.982985,
          -0.183636,
          1.447799
        ],
        [
          0.0,
          0.0,
          0.0,
          1.0
        ]
      ]
    },
    {
      "file_path": "/media/NFS/ttao/scannet/posed_images/scene0274_00/00137.jpg",
      "transform_matrix": [
        [
          0.993367,
          -0.016003,
          0.113872,
          2.599095
        ],
        [
          -0.114762,
          -0.200389,
          0.972972,
          3.184149
        ],
        [
          0.007249,
          -0.979586,
          -0.200896,
          1.428395
        ],
        [
          0.0,
          0.0,
          0.0,
          1.0
        ]
      ]
    },
    {
      "file_path": "/media/NFS/ttao/scannet/posed_images/scene0274_00/00139.jpg",
      "transform_matrix": [
        [
          0.992123,
          -0.015817,
          0.124267,
          2.580151
        ],
        [
          -0.124904,
          -0.200596,
          0.971679,
          3.194338
        ],
        [
          0.009558,
          -0.979546,
          -0.200992,
          1.427321
        ],
        [
          0.0,
          0.0,
          0.0,
          1.0
        ]
      ]
    },
    {
      "file_path": "/media/NFS/ttao/scannet/posed_images/scene0274_00/00146.jpg",
      "transform_matrix": [
        [
          0.981852,
          -0.050682,
          0.182751,
          2.470719
        ],
        [
          -0.189174,
          -0.193649,
          0.962659,
          3.223357
        ],
        [
          -0.0134,
          -0.979761,
          -0.199723,
          1.424823
        ],
        [
          0.0,
          0.0,
          0.0,
          1.0
        ]
      ]
    },
    {
      "file_path": "/media/NFS/ttao/scannet/posed_images/scene0274_00/00154.jpg",
      "transform_matrix": [
        [
          0.967144,
          -0.050931,
          0.249077,
          2.308508
        ],
        [
          -0.253899,
          -0.243483,
          0.936083,
          3.264946
        ],
        [
          0.01297,
          -0.968567,
          -0.248415,
          1.4139
        ],
        [
          0.0,
          0.0,
          0.0,
          1.0
        ]
      ]
    },
    {
      "file_path": "/media/NFS/ttao/scannet/posed_images/scene0274_00/00160.jpg",
      "transform_matrix": [
        [
          0.965452,
          -0.045213,
          0.256629,
          2.22825
        ],
        [
          -0.25926,
          -0.265712,
          0.928537,
          3.313787
        ],
        [
          0.026208,
          -0.962992,
          -0.268254,
          1.406455
        ],
        [
          0.0,
          0.0,
          0.0,
          1.0
        ]
      ]
    },
    {
      "file_path": "/media/NFS/ttao/scannet/posed_images/scene0274_00/00173.jpg",
      "transform_matrix": [
        [
          0.946274,
          -0.109085,
          0.30441,
          2.176944
        ],
        [
          -0.323354,
          -0.32713,
          0.887935,
          3.438953
        ],
        [
          0.002721,
          -0.938662,
          -0.344828,
          1.378413
        ],
        [
          0.0,
          0.0,
          0.0,
          1.0
        ]
      ]
    },
    {
      "file_path": "/media/NFS/ttao/scannet/posed_images/scene0274_00/00175.jpg",
      "transform_matrix": [
        [
          0.940582,
          -0.115542,
          0.319304,
          2.171579
        ],
        [
          -0.339563,
          -0.324044,
          0.883002,
          3.455435
        ],
        [
          0.001444,
          -0.93896,
          -0.344023,
          1.377385
        ],
        [
          0.0,
          0.0,
          0.0,
          1.0
        ]
      ]
    },
    {
      "file_path": "/media/NFS/ttao/scannet/posed_images/scene0274_00/00182.jpg",
      "transform_matrix": [
        [
          0.921197,
          -0.13464,
          0.365061,
          2.14044
        ],
        [
          -0.388838,
          -0.28425,
          0.87636,
          3.497274
        ],
        [
          -0.014225,
          -0.949249,
          -0.314203,
          1.392612
        ],
        [
          0.0,
          0.0,
          0.0,
          1.0
        ]
      ]
    },
    {
      "file_path": "/media/NFS/ttao/scannet/posed_images/scene0274_00/00192.jpg",
      "transform_matrix": [
        [
          0.864374,
          -0.16225,
          0.475954,
          2.060102
        ],
        [
          -0.50269,
          -0.255018,
          0.825995,
          3.534635
        ],
        [
          -0.012641,
          -0.953226,
          -0.301993,
          1.386129
        ],
        [
          0.0,
          0.0,
          0.0,
          1.0
        ]
      ]
    },
    {
      "file_path": "/media/NFS/ttao/scannet/posed_images/scene0274_00/00201.jpg",
      "transform_matrix": [
        [
          0.816371,
          -0.189345,
          0.545608,
          1.923517
        ],
        [
          -0.577528,
          -0.266945,
          0.771493,
          3.574385
        ],
        [
          -0.000431,
          -0.944928,
          -0.327278,
          1.396451
        ],
        [
          0.0,
          0.0,
          0.0,
          1.0
        ]
      ]
    },
    {
      "file_path": "/media/NFS/ttao/scannet/posed_images/scene0274_00/00203.jpg",
      "transform_matrix": [
        [
          0.805422,
          -0.195664,
          0.559474,
          1.904981
        ],
        [
          -0.592699,
          -0.263512,
          0.761097,
          3.578747
        ],
        [
          -0.001491,
          -0.944604,
          -0.328208,
          1.394737
        ],
        [
          0.0,
          0.0,
          0.0,
          1.0
        ]
      ]
    },
    {
      "file_path": "/media/NFS/ttao/scannet/posed_images/scene0274_00/00213.jpg",
      "transform_matrix": [
        [
          0.775028,
          -0.266603,
          0.572935,
          1.869478
        ],
        [
          -0.630409,
          -0.26341,
          0.730205,
          3.577028
        ],
        [
          -0.043758,
          -0.927113,
          -0.372219,
          1.365898
        ],
        [
          0.0,
          0.0,
          0.0,
          1.0
        ]
      ]
    },
    {
      "file_path": "/media/NFS/ttao/scannet/posed_images/scene0274_00/00220.jpg",
      "transform_matrix": [
        [
          0.78194,
          -0.301106,
          0.545807,
          1.890122
        ],
        [
          -0.618216,
          -0.262409,
          0.740912,
          3.526462
        ],
        [
          -0.079868,
          -0.916775,
          -0.391336,
          1.348668
        ],
        [
          0.0,
          0.0,
          0.0,
          1.0
        ]
      ]
    },
    {
      "file_path": "/media/NFS/ttao/scannet/posed_images/scene0274_00/00228.jpg",
      "transform_matrix": [
        [
          0.810005,
          -0.299854,
          0.503964,
          1.896456
        ],
        [
          -0.582875,
          -0.317289,
          0.748053,
          3.45326
        ],
        [
          -0.064405,
          -0.899675,
          -0.431783,
          1.31533
        ],
        [
          0.0,
          0.0,
          0.0,
          1.0
        ]
      ]
    },
    {
      "file_path": "/media/NFS/ttao/scannet/posed_images/scene0274_00/00236.jpg",
      "transform_matrix": [
        [
          0.807543,
          -0.32358,
          0.493124,
          1.89457
        ],
        [
          -0.58735,
          -0.36492,
          0.722394,
          3.412154
        ],
        [
          -0.053801,
          -0.873001,
          -0.484743,
          1.296643
        ],
        [
          0.0,
          0.0,
          0.0,
          1.0
        ]
      ]
    },
    {
      "file_path": "/media/NFS/ttao/scannet/posed_images/scene0274_00/00243.jpg",
      "transform_matrix": [
        [
          0.800436,
          -0.317434,
          0.508466,
          1.852126
        ],
        [
          -0.599146,
          -0.398172,
          0.694609,
          3.42109
        ],
        [
          -0.018035,
          -0.860636,
          -0.508901,
          1.268113
        ],
        [
          0.0,
          0.0,
          0.0,
          1.0
        ]
      ]
    },
    {
      "file_path": "/media/NFS/ttao/scannet/posed_images/scene0274_00/00247.jpg",
      "transform_matrix": [
        [
          0.808539,
          -0.294241,
          0.509595,
          1.813088
        ],
        [
          -0.588331,
          -0.421056,
          0.690346,
          3.438986
        ],
        [
          0.01144,
          -0.857982,
          -0.513552,
          1.266173
        ],
        [
          0.0,
          0.0,
          0.0,
          1.0
        ]
      ]
    },
    {
      "file_path": "/media/NFS/ttao/scannet/posed_images/scene0274_00/00251.jpg",
      "transform_matrix": [
        [
          0.810839,
          -0.270826,
          0.518839,
          1.760995
        ],
        [
          -0.584505,
          -0.420026,
          0.694213,
          3.465262
        ],
        [
          0.029915,
          -0.866159,
          -0.498873,
          1.250435
        ],
        [
          0.0,
          0.0,
          0.0,
          1.0
        ]
      ]
    },
    {
      "file_path": "/media/NFS/ttao/scannet/posed_images/scene0274_00/00262.jpg",
      "transform_matrix": [
        [
          0.859616,
          -0.235599,
          0.45338,
          1.69396
        ],
        [
          -0.509182,
          -0.468564,
          0.721929,
          3.509974
        ],
        [
          0.042352,
          -0.851435,
          -0.522748,
          1.23927
        ],
        [
          0.0,
          0.0,
          0.0,
          1.0
        ]
      ]
    },
    {
      "file_path": "/media/NFS/ttao/scannet/posed_images/scene0274_00/00266.jpg",
      "transform_matrix": [
        [
          0.857343,
          -0.243995,
          0.453243,
          1.72002
        ],
        [
          -0.514008,
          -0.45293,
          0.728458,
          3.505353
        ],
        [
          0.027547,
          -0.857509,
          -0.513732,
          1.266707
        ],
        [
          0.0,
          0.0,
          0.0,
          1.0
        ]
      ]
    },
    {
      "file_path": "/media/NFS/ttao/scannet/posed_images/scene0274_00/00279.jpg",
      "transform_matrix": [
        [
          0.798057,
          -0.275436,
          0.535948,
          1.952159
        ],
        [
          -0.5986,
          -0.260288,
          0.757581,
          3.385236
        ],
        [
          -0.069164,
          -0.925411,
          -0.3726,
          1.367642
        ],
        [
          0.0,
          0.0,
          0.0,
          1.0
        ]
      ]
    },
    {
      "file_path": "/media/NFS/ttao/scannet/posed_images/scene0274_00/00283.jpg",
      "transform_matrix": [
        [
          0.838373,
          -0.24939,
          0.484701,
          2.04886
        ],
        [
          -0.541538,
          -0.279625,
          0.792809,
          3.322684
        ],
        [
          -0.062184,
          -0.927154,
          -0.369484,
          1.383788
        ],
        [
          0.0,
          0.0,
          0.0,
          1.0
        ]
      ]
    },
    {
      "file_path": "/media/NFS/ttao/scannet/posed_images/scene0274_00/00289.jpg",
      "transform_matrix": [
        [
          0.84964,
          -0.23096,
          0.474099,
          2.153813
        ],
        [
          -0.524773,
          -0.281271,
          0.80343,
          3.280436
        ],
        [
          -0.05221,
          -0.931421,
          -0.36018,
          1.39536
        ],
        [
          0.0,
          0.0,
          0.0,
          1.0
        ]
      ]
    },
    {
      "file_path": "/media/NFS/ttao/scannet/posed_images/scene0274_00/00300.jpg",
      "transform_matrix": [
        [
          0.84211,
          -0.191216,
          0.504269,
          2.375634
        ],
        [
          -0.538793,
          -0.257544,
          0.802105,
          3.264357
        ],
        [
          -0.023504,
          -0.947158,
          -0.319906,
          1.381393
        ],
        [
          0.0,
          0.0,
          0.0,
          1.0
        ]
      ]
    },
    {
      "file_path": "/media/NFS/ttao/scannet/posed_images/scene0274_00/00302.jpg",
      "transform_matrix": [
        [
          0.852679,
          -0.185891,
          0.488245,
          2.422529
        ],
        [
          -0.522068,
          -0.268173,
          0.809647,
          3.262283
        ],
        [
          -0.019572,
          -0.945266,
          -0.325713,
          1.391922
        ],
        [
          0.0,
          0.0,
          0.0,
          1.0
        ]
      ]
    },
    {
      "file_path": "/media/NFS/ttao/scannet/posed_images/scene0274_00/00312.jpg",
      "transform_matrix": [
        [
          0.885478,
          -0.153502,
          0.438597,
          2.585425
        ],
        [
          -0.4644,
          -0.259443,
          0.846771,
          3.249736
        ],
        [
          -0.01619,
          -0.953481,
          -0.301017,
          1.413537
        ],
        [
          0.0,
          0.0,
          0.0,
          1.0
        ]
      ]
    },
    {
      "file_path": "/media/NFS/ttao/scannet/posed_images/scene0274_00/00315.jpg",
      "transform_matrix": [
        [
          0.926928,
          -0.125351,
          0.353684,
          2.63133
        ],
        [
          -0.374865,
          -0.267185,
          0.887744,
          3.228244
        ],
        [
          -0.01678,
          -0.955458,
          -0.29465,
          1.416929
        ],
        [
          0.0,
          0.0,
          0.0,
          1.0
        ]
      ]
    },
    {
      "file_path": "/media/NFS/ttao/scannet/posed_images/scene0274_00/00327.jpg",
      "transform_matrix": [
        [
          0.99845,
          0.034706,
          -0.043504,
          2.730999
        ],
        [
          0.05217,
          -0.311583,
          0.948786,
          3.097982
        ],
        [
          0.019374,
          -0.949585,
          -0.312911,
          1.414081
        ],
        [
          0.0,
          0.0,
          0.0,
          1.0
        ]
      ]
    },
    {
      "file_path": "/media/NFS/ttao/scannet/posed_images/scene0274_00/00331.jpg",
      "transform_matrix": [
        [
          0.994894,
          0.043879,
          -0.09089,
          2.790026
        ],
        [
          0.099865,
          -0.297684,
          0.949427,
          3.064423
        ],
        [
          0.014604,
          -0.953655,
          -0.300546,
          1.428591
        ],
        [
          0.0,
          0.0,
          0.0,
          1.0
        ]
      ]
    },
    {
      "file_path": "/media/NFS/ttao/scannet/posed_images/scene0274_00/00336.jpg",
      "transform_matrix": [
        [
          0.986476,
          0.081845,
          -0.142008,
          2.822388
        ],
        [
          0.158835,
          -0.26352,
          0.951488,
          3.019578
        ],
        [
          0.040452,
          -0.961176,
          -0.272956,
          1.428029
        ],
        [
          0.0,
          0.0,
          0.0,
          1.0
        ]
      ]
    },
    {
      "file_path": "/media/NFS/ttao/scannet/posed_images/scene0274_00/00348.jpg",
      "transform_matrix": [
        [
          0.960729,
          0.075713,
          -0.266959,
          2.879198
        ],
        [
          0.277487,
          -0.260112,
          0.924847,
          2.885455
        ],
        [
          0.000584,
          -0.962605,
          -0.270907,
          1.427242
        ],
        [
          0.0,
          0.0,
          0.0,
          1.0
        ]
      ]
    },
    {
      "file_path": "/media/NFS/ttao/scannet/posed_images/scene0274_00/00350.jpg",
      "transform_matrix": [
        [
          0.957939,
          0.081748,
          -0.275083,
          2.89665
        ],
        [
          0.286935,
          -0.257105,
          0.922803,
          2.867363
        ],
        [
          0.004712,
          -0.96292,
          -0.269747,
          1.422198
        ],
        [
          0.0,
          0.0,
          0.0,
          1.0
        ]
      ]
    },
    {
      "file_path": "/media/NFS/ttao/scannet/posed_images/scene0274_00/00359.jpg",
      "transform_matrix": [
        [
          0.940626,
          0.05963,
          -0.334167,
          2.968363
        ],
        [
          0.338366,
          -0.243175,
          0.909051,
          2.848001
        ],
        [
          -0.027055,
          -0.968148,
          -0.248913,
          1.448583
        ],
        [
          0.0,
          0.0,
          0.0,
          1.0
        ]
      ]
    },
    {
      "file_path": "/media/NFS/ttao/scannet/posed_images/scene0274_00/00365.jpg",
      "transform_matrix": [
        [
          0.920469,
          0.063359,
          -0.385646,
          3.040132
        ],
        [
          0.389785,
          -0.220446,
          0.894131,
          2.873676
        ],
        [
          -0.028362,
          -0.973339,
          -0.22761,
          1.469151
        ],
        [
          0.0,
          0.0,
          0.0,
          1.0
        ]
      ]
    },
    {
      "file_path": "/media/NFS/ttao/scannet/posed_images/scene0274_00/00376.jpg",
      "transform_matrix": [
        [
          0.85412,
          0.054919,
          -0.517169,
          3.159767
        ],
        [
          0.515658,
          -0.218771,
          0.828393,
          2.936087
        ],
        [
          -0.067647,
          -0.97423,
          -0.215176,
          1.488667
        ],
        [
          0.0,
          0.0,
          0.0,
          1.0
        ]
      ]
    },
    {
      "file_path": "/media/NFS/ttao/scannet/posed_images/scene0274_00/00378.jpg",
      "transform_matrix": [
        [
          0.849115,
          0.049302,
          -0.525902,
          3.167797
        ],
        [
          0.523032,
          -0.21752,
          0.824089,
          2.938084
        ],
        [
          -0.073765,
          -0.97481,
          -0.210486,
          1.490842
        ],
        [
          0.0,
          0.0,
          0.0,
          1.0
        ]
      ]
    },
    {
      "file_path": "/media/NFS/ttao/scannet/posed_images/scene0274_00/00391.jpg",
      "transform_matrix": [
        [
          0.887171,
          0.050769,
          -0.458639,
          3.201408
        ],
        [
          0.460932,
          -0.144168,
          0.875647,
          2.896407
        ],
        [
          -0.021665,
          -0.98825,
          -0.151303,
          1.518989
        ],
        [
          0.0,
          0.0,
          0.0,
          1.0
        ]
      ]
    },
    {
      "file_path": "/media/NFS/ttao/scannet/posed_images/scene0274_00/00395.jpg",
      "transform_matrix": [
        [
          0.897826,
          0.045145,
          -0.43803,
          3.211204
        ],
        [
          0.440198,
          -0.118151,
          0.890093,
          2.879359
        ],
        [
          -0.01157,
          -0.991969,
          -0.125952,
          1.523615
        ],
        [
          0.0,
          0.0,
          0.0,
          1.0
        ]
      ]
    },
    {
      "file_path": "/media/NFS/ttao/scannet/posed_images/scene0274_00/00403.jpg",
      "transform_matrix": [
        [
          0.869433,
          0.033626,
          -0.492906,
          3.216746
        ],
        [
          0.49329,
          -0.114463,
          0.862301,
          2.875184
        ],
        [
          -0.027424,
          -0.992858,
          -0.116105,
          1.525529
        ],
        [
          0.0,
          0.0,
          0.0,
          1.0
        ]
      ]
    },
    {
      "file_path": "/media/NFS/ttao/scannet/posed_images/scene0274_00/00412.jpg",
      "transform_matrix": [
        [
          0.798557,
          0.024393,
          -0.601425,
          3.229855
        ],
        [
          0.600966,
          -0.088528,
          0.794357,
          2.899416
        ],
        [
          -0.033866,
          -0.995775,
          -0.085354,
          1.531395
        ],
        [
          0.0,
          0.0,
          0.0,
          1.0
        ]
      ]
    },
    {
      "file_path": "/media/NFS/ttao/scannet/posed_images/scene0274_00/00416.jpg",
      "transform_matrix": [
        [
          0.775198,
          0.041593,
          -0.630348,
          3.251696
        ],
        [
          0.631543,
          -0.074548,
          0.771749,
          2.935231
        ],
        [
          -0.014891,
          -0.99635,
          -0.084057,
          1.533585
        ],
        [
          0.0,
          0.0,
          0.0,
          1.0
        ]
      ]
    },
    {
      "file_path": "/media/NFS/ttao/scannet/posed_images/scene0274_00/00420.jpg",
      "transform_matrix": [
        [
          0.748447,
          0.054728,
          -0.660933,
          3.269023
        ],
        [
          0.663163,
          -0.07161,
          0.745042,
          2.963344
        ],
        [
          -0.006555,
          -0.99593,
          -0.08989,
          1.520922
        ],
        [
          0.0,
          0.0,
          0.0,
          1.0
        ]
      ]
    },
    {
      "file_path": "/media/NFS/ttao/scannet/posed_images/scene0274_00/00429.jpg",
      "transform_matrix": [
        [
          0.657988,
          0.063551,
          -0.750342,
          3.30934
        ],
        [
          0.752737,
          -0.083228,
          0.653039,
          3.032686
        ],
        [
          -0.020948,
          -0.994502,
          -0.1026,
          1.522148
        ],
        [
          0.0,
          0.0,
          0.0,
          1.0
        ]
      ]
    },
    {
      "file_path": "/media/NFS/ttao/scannet/posed_images/scene0274_00/00439.jpg",
      "transform_matrix": [
        [
          0.587266,
          0.082347,
          -0.805194,
          3.301421
        ],
        [
          0.809391,
          -0.057225,
          0.584475,
          3.035581
        ],
        [
          0.002053,
          -0.99496,
          -0.100257,
          1.500043
        ],
        [
          0.0,
          0.0,
          0.0,
          1.0
        ]
      ]
    },
    {
      "file_path": "/media/NFS/ttao/scannet/posed_images/scene0274_00/00448.jpg",
      "transform_matrix": [
        [
          0.567106,
          0.115792,
          -0.815465,
          3.264116
        ],
        [
          0.823356,
          -0.053507,
          0.564997,
          3.007417
        ],
        [
          0.021789,
          -0.991831,
          -0.125682,
          1.48409
        ],
        [
          0.0,
          0.0,
          0.0,
          1.0
        ]
      ]
    },
    {
      "file_path": "/media/NFS/ttao/scannet/posed_images/scene0274_00/00450.jpg",
      "transform_matrix": [
        [
          0.567214,
          0.109873,
          -0.816208,
          3.255124
        ],
        [
          0.82324,
          -0.04758,
          0.565696,
          2.996263
        ],
        [
          0.023319,
          -0.992806,
          -0.11744,
          1.480352
        ],
        [
          0.0,
          0.0,
          0.0,
          1.0
        ]
      ]
    },
    {
      "file_path": "/media/NFS/ttao/scannet/posed_images/scene0274_00/00458.jpg",
      "transform_matrix": [
        [
          0.529137,
          0.115939,
          -0.840579,
          3.255405
        ],
        [
          0.848414,
          -0.055459,
          0.52642,
          3.00604
        ],
        [
          0.014415,
          -0.991707,
          -0.12771,
          1.475094
        ],
        [
          0.0,
          0.0,
          0.0,
          1.0
        ]
      ]
    },
    {
      "file_path": "/media/NFS/ttao/scannet/posed_images/scene0274_00/00469.jpg",
      "transform_matrix": [
        [
          0.466227,
          0.18375,
          -0.865372,
          3.303981
        ],
        [
          0.884557,
          -0.081522,
          0.459253,
          3.088984
        ],
        [
          0.013841,
          -0.979587,
          -0.200545,
          1.440377
        ],
        [
          0.0,
          0.0,
          0.0,
          1.0
        ]
      ]
    },
    {
      "file_path": "/media/NFS/ttao/scannet/posed_images/scene0274_00/00475.jpg",
      "transform_matrix": [
        [
          0.419825,
          0.208147,
          -0.883415,
          3.353597
        ],
        [
          0.907429,
          -0.077063,
          0.413079,
          3.158115
        ],
        [
          0.017902,
          -0.975057,
          -0.221232,
          1.42333
        ],
        [
          0.0,
          0.0,
          0.0,
          1.0
        ]
      ]
    },
    {
      "file_path": "/media/NFS/ttao/scannet/posed_images/scene0274_00/00481.jpg",
      "transform_matrix": [
        [
          0.378769,
          0.224265,
          -0.897909,
          3.385384
        ],
        [
          0.925491,
          -0.090497,
          0.367801,
          3.189748
        ],
        [
          0.001227,
          -0.970317,
          -0.241833,
          1.429703
        ],
        [
          0.0,
          0.0,
          0.0,
          1.0
        ]
      ]
    },
    {
      "file_path": "/media/NFS/ttao/scannet/posed_images/scene0274_00/00486.jpg",
      "transform_matrix": [
        [
          0.35528,
          0.217264,
          -0.909161,
          3.414559
        ],
        [
          0.934735,
          -0.08967,
          0.343845,
          3.199672
        ],
        [
          -0.006819,
          -0.971986,
          -0.234942,
          1.428189
        ],
        [
          0.0,
          0.0,
          0.0,
          1.0
        ]
      ]
    },
    {
      "file_path": "/media/NFS/ttao/scannet/posed_images/scene0274_00/00496.jpg",
      "transform_matrix": [
        [
          0.296423,
          0.229788,
          -0.927001,
          3.482589
        ],
        [
          0.954311,
          -0.032918,
          0.296996,
          3.172617
        ],
        [
          0.037731,
          -0.972684,
          -0.229047,
          1.420519
        ],
        [
          0.0,
          0.0,
          0.0,
          1.0
        ]
      ]
    },
    {
      "file_path": "/media/NFS/ttao/scannet/posed_images/scene0274_00/00500.jpg",
      "transform_matrix": [
        [
          0.275263,
          0.245826,
          -0.929409,
          3.505533
        ],
        [
          0.959673,
          -0.012864,
          0.280823,
          3.15514
        ],
        [
          0.057078,
          -0.969229,
          -0.239454,
          1.423963
        ],
        [
          0.0,
          0.0,
          0.0,
          1.0
        ]
      ]
    },
    {
      "file_path": "/media/NFS/ttao/scannet/posed_images/scene0274_00/00511.jpg",
      "transform_matrix": [
        [
          0.166566,
          0.21903,
          -0.961396,
          3.568788
        ],
        [
          0.985625,
          -0.009042,
          0.168704,
          3.203235
        ],
        [
          0.028258,
          -0.975676,
          -0.217388,
          1.445018
        ],
        [
          0.0,
          0.0,
          0.0,
          1.0
        ]
      ]
    },
    {
      "file_path": "/media/NFS/ttao/scannet/posed_images/scene0274_00/00515.jpg",
      "transform_matrix": [
        [
          0.142223,
          0.212573,
          -0.96674,
          3.580488
        ],
        [
          0.989305,
          0.001419,
          0.145855,
          3.246211
        ],
        [
          0.032377,
          -0.977144,
          -0.210097,
          1.445558
        ],
        [
          0.0,
          0.0,
          0.0,
          1.0
        ]
      ]
    },
    {
      "file_path": "/media/NFS/ttao/scannet/posed_images/scene0274_00/00521.jpg",
      "transform_matrix": [
        [
          0.080832,
          0.208804,
          -0.974612,
          3.599286
        ],
        [
          0.995629,
          0.028989,
          0.088786,
          3.349502
        ],
        [
          0.046792,
          -0.977528,
          -0.205548,
          1.441449
        ],
        [
          0.0,
          0.0,
          0.0,
          1.0
        ]
      ]
    },
    {
      "file_path": "/media/NFS/ttao/scannet/posed_images/scene0274_00/00530.jpg",
      "transform_matrix": [
        [
          -0.025954,
          0.193382,
          -0.98078,
          3.616573
        ],
        [
          0.998217,
          0.057761,
          -0.015027,
          3.426565
        ],
        [
          0.053745,
          -0.979422,
          -0.194537,
          1.47937
        ],
        [
          0.0,
          0.0,
          0.0,
          1.0
        ]
      ]
    },
    {
      "file_path": "/media/NFS/ttao/scannet/posed_images/scene0274_00/00538.jpg",
      "transform_matrix": [
        [
          -0.086111,
          0.130191,
          -0.987743,
          3.620439
        ],
        [
          0.996107,
          0.030039,
          -0.082881,
          3.454903
        ],
        [
          0.018881,
          -0.991034,
          -0.132271,
          1.523146
        ],
        [
          0.0,
          0.0,
          0.0,
          1.0
        ]
      ]
    },
    {
      "file_path": "/media/NFS/ttao/scannet/posed_images/scene0274_00/00543.jpg",
      "transform_matrix": [
        [
          -0.102257,
          0.104234,
          -0.989282,
          3.606526
        ],
        [
          0.99429,
          0.041201,
          -0.098434,
          3.459952
        ],
        [
          0.0305,
          -0.993699,
          -0.107852,
          1.500391
        ],
        [
          0.0,
          0.0,
