{
  "frames": [
    {
      "file_path": "/media/NFS/ttao/scannet/posed_images/scene0375_01/00001.jpg",
      "transform_matrix": [
        [
          0.946307,
          0.066672,
          0.31632,
          1.237286
        ],
        [
          -0.311873,
          -0.069252,
          0.947597,
          0.791318
        ],
        [
          0.085084,
          -0.995369,
          -0.04474,
          1.650602
        ],
        [
          0.0,
          0.0,
          0.0,
          1.0
        ]
      ]
    },
    {
      "file_path": "/media/NFS/ttao/scannet/posed_images/scene0375_01/00005.jpg",
      "transform_matrix": [
        [
          0.943098,
          0.066208,
          0.325857,
          1.238323
        ],
        [
          -0.320366,
          -0.081563,
          0.943776,
          0.792239
        ],
        [
          0.089064,
          -0.994467,
          -0.055711,
          1.645071
        ],
        [
          0.0,
          0.0,
          0.0,
          1.0
        ]
      ]
    },
    {
      "file_path": "/media/NFS/ttao/scannet/posed_images/scene0375_01/00009.jpg",
      "transform_matrix": [
        [
          0.942511,
          0.064178,
          0.327954,
          1.239166
        ],
        [
          -0.321952,
          -0.088596,
          0.942601,
          0.794954
        ],
        [
          0.08955,
          -0.993998,
          -0.062841,
          1.645601
        ],
        [
          0.0,
          0.0,
          0.0,
          1.0
        ]
      ]
    },
    {
      "file_path": "/media/NFS/ttao/scannet/posed_images/scene0375_01/00010.jpg",
      "transform_matrix": [
        [
          0.942186,
          0.049947,
          0.331346,
          1.235226
        ],
        [
          -0.326721,
          -0.082681,
          0.941497,
          0.796916
        ],
        [
          0.074421,
          -0.995324,
          -0.061582,
          1.649064
        ],
        [
          0.0,
          0.0,
          0.0,
          1.0
        ]
      ]
    },
    {
      "file_path": "/media/NFS/ttao/scannet/posed_images/scene0375_01/00014.jpg",
      "transform_matrix": [
        [
          0.938004,
          0.071815,
          0.339104,
          1.236825
        ],
        [
          -0.336757,
          -0.042967,
          0.940611,
          0.790845
        ],
        [
          0.08212,
          -0.996492,
          -0.016119,
          1.667055
        ],
        [
          0.0,
          0.0,
          0.0,
          1.0
        ]
      ]
    },
    {
      "file_path": "/media/NFS/ttao/scannet/posed_images/scene0375_01/00018.jpg",
      "transform_matrix": [
        [
          0.92609,
          0.10289,
          0.363002,
          1.23681
        ],
        [
          -0.367058,
          0.02302,
          0.929913,
          0.778642
        ],
        [
          0.087322,
          -0.994426,
          0.059086,
          1.691262
        ],
        [
          0.0,
          0.0,
          0.0,
          1.0
        ]
      ]
    },
    {
      "file_path": "/media/NFS/ttao/scannet/posed_images/scene0375_01/00022.jpg",
      "transform_matrix": [
        [
          0.918308,
          0.112757,
          0.379468,
          1.241282
        ],
        [
          -0.388526,
          0.072973,
          0.918544,
          0.764387
        ],
        [
          0.075882,
          -0.990939,
          0.11082,
          1.701748
        ],
        [
          0.0,
          0.0,
          0.0,
          1.0
        ]
      ]
    },
    {
      "file_path": "/media/NFS/ttao/scannet/posed_images/scene0375_01/00027.jpg",
      "transform_matrix": [
        [
          0.90054,
          0.131236,
          0.414494,
          1.249523
        ],
        [
          -0.427916,
          0.098884,
          0.898393,
          0.754593
        ],
        [
          0.076915,
          -0.986407,
          0.145207,
          1.715026
        ],
        [
          0.0,
          0.0,
          0.0,
          1.0
        ]
      ]
    },
    {
      "file_path": "/media/NFS/ttao/scannet/posed_images/scene0375_01/00029.jpg",
      "transform_matrix": [
        [
          0.894855,
          0.125448,
          0.428366,
          1.25672
        ],
        [
          -0.440501,
          0.093248,
          0.892896,
          0.752867
        ],
        [
          0.072068,
          -0.987708,
          0.138703,
          1.717364
        ],
        [
          0.0,
          0.0,
          0.0,
          1.0
        ]
      ]
    },
    {
      "file_path": "/media/NFS/ttao/scannet/posed_images/scene0375_01/00032.jpg",
      "transform_matrix": [
        [
          0.882978,
          0.104412,
          0.457654,
          1.272386
        ],
        [
          -0.466249,
          0.082063,
          0.880839,
          0.751537
        ],
        [
          0.054414,
          -0.991143,
          0.121142,
          1.717054
        ],
        [
          0.0,
          0.0,
          0.0,
          1.0
        ]
      ]
    },
    {
      "file_path": "/media/NFS/ttao/scannet/posed_images/scene0375_01/00036.jpg",
      "transform_matrix": [
        [
          0.865061,
          0.084834,
          0.494442,
          1.294362
        ],
        [
          -0.499583,
          0.055942,
          0.864458,
          0.751216
        ],
        [
          0.045675,
          -0.994823,
          0.090775,
          1.70629
        ],
        [
          0.0,
          0.0,
          0.0,
          1.0
        ]
      ]
    },
    {
      "file_path": "/media/NFS/ttao/scannet/posed_images/scene0375_01/00040.jpg",
      "transform_matrix": [
        [
          0.840164,
          0.060914,
          0.538902,
          1.320237
        ],
        [
          -0.540387,
          0.009912,
          0.841358,
          0.75514
        ],
        [
          0.045909,
          -0.998094,
          0.041245,
          1.684361
        ],
        [
          0.0,
          0.0,
          0.0,
          1.0
        ]
      ]
    },
    {
      "file_path": "/media/NFS/ttao/scannet/posed_images/scene0375_01/00046.jpg",
      "transform_matrix": [
        [
          0.801284,
          -0.000782,
          0.598284,
          1.357768
        ],
        [
          -0.596926,
          -0.06839,
          0.799376,
          0.766797
        ],
        [
          0.040292,
          -0.997658,
          -0.055267,
          1.644757
        ],
        [
          0.0,
          0.0,
          0.0,
          1.0
        ]
      ]
    },
    {
      "file_path": "/media/NFS/ttao/scannet/posed_images/scene0375_01/00047.jpg",
      "transform_matrix": [
        [
          0.797378,
          -0.014323,
          0.60331,
          1.363817
        ],
        [
          -0.602314,
          -0.081024,
          0.794137,
          0.768506
        ],
        [
          0.037508,
          -0.996609,
          -0.073234,
          1.637392
        ],
        [
          0.0,
          0.0,
          0.0,
          1.0
        ]
      ]
    },
    {
      "file_path": "/media/NFS/ttao/scannet/posed_images/scene0375_01/00053.jpg",
      "transform_matrix": [
        [
          0.772719,
          -0.101656,
          0.626556,
          1.396146
        ],
        [
          -0.633729,
          -0.179492,
          0.752443,
          0.783177
        ],
        [
          0.035971,
          -0.978493,
          -0.203119,
          1.587844
        ],
        [
          0.0,
          0.0,
          0.0,
          1.0
        ]
      ]
    },
    {
      "file_path": "/media/NFS/ttao/scannet/posed_images/scene0375_01/00057.jpg",
      "transform_matrix": [
        [
          0.767109,
          -0.151172,
          0.62345,
          1.411441
        ],
        [
          -0.640404,
          -0.237661,
          0.730342,
          0.792528
        ],
        [
          0.037762,
          -0.959512,
          -0.279123,
          1.55393
        ],
        [
          0.0,
          0.0,
          0.0,
          1.0
        ]
      ]
    },
    {
      "file_path": "/media/NFS/ttao/scannet/posed_images/scene0375_01/00059.jpg",
      "transform_matrix": [
        [
          0.765598,
          -0.167434,
          0.621148,
          1.414524
        ],
        [
          -0.641948,
          -0.261833,
          0.720657,
          0.79734
        ],
        [
          0.041975,
          -0.950478,
          -0.307942,
          1.537262
        ],
        [
          0.0,
          0.0,
          0.0,
          1.0
        ]
      ]
    },
    {
      "file_path": "/media/NFS/ttao/scannet/posed_images/scene0375_01/00064.jpg",
      "transform_matrix": [
        [
          0.781014,
          -0.220974,
          0.584113,
          1.421281
        ],
        [
          -0.623551,
          -0.327825,
          0.709728,
          0.8109
        ],
        [
          0.034655,
          -0.918532,
          -0.393825,
          1.517094
        ],
        [
          0.0,
          0.0,
          0.0,
          1.0
        ]
      ]
    },
    {
      "file_path": "/media/NFS/ttao/scannet/posed_images/scene0375_01/00065.jpg",
      "transform_matrix": [
        [
          0.785355,
          -0.22683,
          0.575992,
          1.420436
        ],
        [
          -0.618211,
          -0.335691,
          0.710722,
          0.812667
        ],
        [
          0.032143,
          -0.914254,
          -0.403865,
          1.512134
        ],
        [
          0.0,
          0.0,
          0.0,
          1.0
        ]
      ]
    },
    {
      "file_path": "/media/NFS/ttao/scannet/posed_images/scene0375_01/00070.jpg",
      "transform_matrix": [
        [
          0.806093,
          -0.258851,
          0.532175,
          1.422776
        ],
        [
          -0.59138,
          -0.3858,
          0.708116,
          0.824344
        ],
        [
          0.022017,
          -0.885525,
          -0.46407,
          1.497148
        ],
        [
          0.0,
          0.0,
          0.0,
          1.0
        ]
      ]
    },
    {
      "file_path": "/media/NFS/ttao/scannet/posed_images/scene0375_01/00075.jpg",
      "transform_matrix": [
        [
          0.824912,
          -0.277899,
          0.492232,
          1.422359
        ],
        [
          -0.5649,
          -0.436419,
          0.700305,
          0.834469
        ],
        [
          0.020206,
          -0.855752,
          -0.516992,
          1.469011
        ],
        [
          0.0,
          0.0,
          0.0,
          1.0
        ]
      ]
    },
    {
      "file_path": "/media/NFS/ttao/scannet/posed_images/scene0375_01/00077.jpg",
      "transform_matrix": [
        [
          0.834308,
          -0.28822,
          0.469957,
          1.422769
        ],
        [
          -0.551144,
          -0.456257,
          0.698619,
          0.838375
        ],
        [
          0.013065,
          -0.841878,
          -0.53951,
          1.457769
        ],
        [
          0.0,
          0.0,
          0.0,
          1.0
        ]
      ]
    },
    {
      "file_path": "/media/NFS/ttao/scannet/posed_images/scene0375_01/00081.jpg",
      "transform_matrix": [
        [
          0.859401,
          -0.290853,
          0.420518,
          1.419613
        ],
        [
          -0.511295,
          -0.484133,
          0.710066,
          0.843472
        ],
        [
          -0.002938,
          -0.825239,
          -0.564776,
          1.442094
        ],
        [
          0.0,
          0.0,
          0.0,
          1.0
        ]
      ]
    },
    {
      "file_path": "/media/NFS/ttao/scannet/posed_images/scene0375_01/00084.jpg",
      "transform_matrix": [
        [
          0.874534,
          -0.284507,
          0.392742,
          1.416763
        ],
        [
          -0.484935,
          -0.503979,
          0.714734,
          0.846368
        ],
        [
          -0.005413,
          -0.815513,
          -0.578714,
          1.431777
        ],
        [
          0.0,
          0.0,
          0.0,
          1.0
        ]
      ]
    },
    {
      "file_path": "/media/NFS/ttao/scannet/posed_images/scene0375_01/00087.jpg",
      "transform_matrix": [
        [
          0.88703,
          -0.271609,
          0.373371,
          1.412065
        ],
        [
          -0.461686,
          -0.51329,
          0.72345,
          0.849366
        ],
        [
          -0.004848,
          -0.814102,
          -0.580702,
          1.42433
        ],
        [
          0.0,
          0.0,
          0.0,
          1.0
        ]
      ]
    },
    {
      "file_path": "/media/NFS/ttao/scannet/posed_images/scene0375_01/00091.jpg",
      "transform_matrix": [
        [
          0.909776,
          -0.255157,
          0.327418,
          1.412391
        ],
        [
          -0.414188,
          -0.50577,
          0.756733,
          0.849674
        ],
        [
          -0.027487,
          -0.82407,
          -0.565821,
          1.424177
        ],
        [
          0.0,
          0.0,
          0.0,
          1.0
        ]
      ]
    },
    {
      "file_path": "/media/NFS/ttao/scannet/posed_images/scene0375_01/00095.jpg",
      "transform_matrix": [
        [
          0.930795,
          -0.22223,
          0.29023,
          1.399957
        ],
        [
          -0.364336,
          -0.499613,
          0.785905,
          0.853694
        ],
        [
          -0.029649,
          -0.837258,
          -0.546004,
          1.429748
        ],
        [
          0.0,
          0.0,
          0.0,
          1.0
        ]
      ]
    },
    {
      "file_path": "/media/NFS/ttao/scannet/posed_images/scene0375_01/00100.jpg",
      "transform_matrix": [
        [
          0.953671,
          -0.167869,
          0.249663,
          1.39008
        ],
        [
          -0.30048,
          -0.490252,
          0.818147,
          0.85455
        ],
        [
          -0.014944,
          -0.855262,
          -0.517981,
          1.440958
        ],
        [
          0.0,
          0.0,
          0.0,
          1.0
        ]
      ]
    },
    {
      "file_path": "/media/NFS/ttao/scannet/posed_images/scene0375_01/00102.jpg",
      "transform_matrix": [
        [
          0.960316,
          -0.149438,
          0.235501,
          1.386832
        ],
        [
          -0.278653,
          -0.477571,
          0.833234,
          0.851906
        ],
        [
          -0.012048,
          -0.865791,
          -0.500261,
          1.444274
        ],
        [
          0.0,
          0.0,
          0.0,
          1.0
        ]
      ]
    },
    {
      "file_path": "/media/NFS/ttao/scannet/posed_images/scene0375_01/00107.jpg",
      "transform_matrix": [
        [
          0.975986,
          -0.098637,
          0.19422,
          1.365692
        ],
        [
          -0.217829,
          -0.437157,
          0.872608,
          0.852255
        ],
        [
          -0.001167,
          -0.89396,
          -0.448145,
          1.468264
        ],
        [
          0.0,
          0.0,
          0.0,
          1.0
        ]
      ]
    },
    {
      "file_path": "/media/NFS/ttao/scannet/posed_images/scene0375_01/00112.jpg",
      "transform_matrix": [
        [
          0.99162,
          -0.053852,
          0.117432,
          1.331279
        ],
        [
          -0.129112,
          -0.381299,
          0.915391,
          0.852668
        ],
        [
          -0.004519,
          -0.922882,
          -0.385057,
          1.501419
        ],
        [
          0.0,
          0.0,
          0.0,
          1.0
        ]
      ]
    },
    {
      "file_path": "/media/NFS/ttao/scannet/posed_images/scene0375_01/00115.jpg",
      "transform_matrix": [
        [
          0.99481,
          -0.025041,
          0.098621,
          1.310444
        ],
        [
          -0.100836,
          -0.372252,
          0.922638,
          0.853851
        ],
        [
          0.013608,
          -0.927794,
          -0.372845,
          1.509181
        ],
        [
          0.0,
          0.0,
          0.0,
          1.0
        ]
      ]
    },
    {
      "file_path": "/media/NFS/ttao/scannet/posed_images/scene0375_01/00116.jpg",
      "transform_matrix": [
        [
          0.995386,
          -0.02103,
          0.093614,
          1.303916
        ],
        [
          -0.0947,
          -0.372185,
          0.923315,
          0.854111
        ],
        [
          0.015424,
          -0.92792,
          -0.372459,
          1.509116
        ],
        [
          0.0,
          0.0,
          0.0,
          1.0
        ]
      ]
    },
    {
      "file_path": "/media/NFS/ttao/scannet/posed_images/scene0375_01/00123.jpg",
      "transform_matrix": [
        [
          0.996908,
          -0.035355,
          0.070176,
          1.272781
        ],
        [
          -0.078579,
          -0.449367,
          0.889885,
          0.863206
        ],
        [
          7.3e-05,
          -0.892647,
          -0.450755,
          1.468738
        ],
        [
          0.0,
          0.0,
          0.0,
          1.0
        ]
      ]
    },
    {
      "file_path": "/media/NFS/ttao/scannet/posed_images/scene0375_01/00126.jpg",
      "transform_matrix": [
        [
          0.995961,
          -0.06877,
          0.057734,
          1.27437
        ],
        [
          -0.084357,
          -0.496328,
          0.864027,
          0.864444
        ],
        [
          -0.030764,
          -0.865407,
          -0.500124,
          1.443847
        ],
        [
          0.0,
          0.0,
          0.0,
          1.0
        ]
      ]
    },
    {
      "file_path": "/media/NFS/ttao/scannet/posed_images/scene0375_01/00130.jpg",
      "transform_matrix": [
        [
          0.993464,
          -0.101188,
          0.052827,
          1.267297
        ],
        [
          -0.101411,
          -0.569964,
          0.815388,
          0.874299
        ],
        [
          -0.052398,
          -0.815415,
          -0.5765,
          1.415276
        ],
        [
          0.0,
          0.0,
          0.0,
          1.0
        ]
      ]
    },
    {
      "file_path": "/media/NFS/ttao/scannet/posed_images/scene0375_01/00131.jpg",
      "transform_matrix": [
        [
          0.99283,
          -0.106981,
          0.053335,
          1.26742
        ],
        [
          -0.106186,
          -0.58437,
          0.80451,
          0.873763
        ],
        [
          -0.0549,
          -0.804404,
          -0.59154,
          1.40591
        ],
        [
          0.0,
          0.0,
          0.0,
          1.0
        ]
      ]
    },
    {
      "file_path": "/media/NFS/ttao/scannet/posed_images/scene0375_01/00137.jpg",
      "transform_matrix": [
        [
          0.988294,
          -0.128134,
          0.082803,
          1.255946
        ],
        [
          -0.148277,
          -0.679035,
          0.718976,
          0.871396
        ],
        [
          -0.035899,
          -0.722837,
          -0.690085,
          1.355375
        ],
        [
          0.0,
          0.0,
          0.0,
          1.0
        ]
      ]
    },
    {
      "file_path": "/media/NFS/ttao/scannet/posed_images/scene0375_01/00140.jpg",
      "transform_matrix": [
        [
          0.985454,
          -0.138824,
          0.098027,
          1.257304
        ],
        [
          -0.167926,
          -0.706782,
          0.687211,
          0.86575
        ],
        [
          -0.026118,
          -0.693676,
          -0.719813,
          1.338585
        ],
        [
          0.0,
          0.0,
          0.0,
          1.0
        ]
      ]
    },
    {
      "file_path": "/media/NFS/ttao/scannet/posed_images/scene0375_01/00145.jpg",
      "transform_matrix": [
        [
          0.978377,
          -0.163508,
          0.126666,
          1.255248
        ],
        [
          -0.206607,
          -0.744095,
          0.635323,
          0.852124
        ],
        [
          -0.009629,
          -0.647756,
          -0.761787,
          1.320681
        ],
        [
          0.0,
          0.0,
          0.0,
          1.0
        ]
      ]
    },
    {
      "file_path": "/media/NFS/ttao/scannet/posed_images/scene0375_01/00147.jpg",
      "transform_matrix": [
        [
          0.974793,
          -0.179667,
          0.132279,
          1.254408
        ],
        [
          -0.222844,
          -0.755079,
          0.6166,
          0.845917
        ],
        [
          -0.010902,
          -0.630535,
          -0.776084,
          1.315056
        ],
        [
          0.0,
          0.0,
          0.0,
          1.0
        ]
      ]
    },
    {
      "file_path": "/media/NFS/ttao/scannet/posed_images/scene0375_01/00149.jpg",
      "transform_matrix": [
        [
          0.970805,
          -0.196222,
          0.137966,
          1.252009
        ],
        [
          -0.239568,
          -0.764274,
          0.598742,
          0.839208
        ],
        [
          -0.012043,
          -0.614314,
          -0.78897,
          1.308674
        ],
        [
          0.0,
          0.0,
          0.0,
          1.0
        ]
      ]
    },
    {
      "file_path": "/media/NFS/ttao/scannet/posed_images/scene0375_01/00154.jpg",
      "transform_matrix": [
        [
          0.957729,
          -0.235742,
          0.164869,
          1.248044
        ],
        [
          -0.287664,
          -0.789304,
          0.542446,
          0.820356
        ],
        [
          0.002255,
          -0.566943,
          -0.823754,
          1.291829
        ],
        [
          0.0,
          0.0,
          0.0,
          1.0
        ]
      ]
    },
    {
      "file_path": "/media/NFS/ttao/scannet/posed_images/scene0375_01/00157.jpg",
      "transform_matrix": [
        [
          0.948036,
          -0.257043,
          0.187503,
          1.248893
        ],
        [
          -0.317609,
          -0.799386,
          0.510006,
          0.811381
        ],
        [
          0.018793,
          -0.543056,
          -0.839486,
          1.284616
        ],
        [
          0.0,
          0.0,
          0.0,
          1.0
        ]
      ]
    },
    {
      "file_path": "/media/NFS/ttao/scannet/posed_images/scene0375_01/00162.jpg",
      "transform_matrix": [
        [
          0.918938,
          -0.296598,
          0.259969,
          1.2515
        ],
        [
          -0.385581,
          -0.814235,
          0.433992,
          0.807156
        ],
        [
          0.082954,
          -0.49905,
          -0.862593,
          1.279105
        ],
        [
          0.0,
          0.0,
          0.0,
          1.0
        ]
      ]
    },
    {
      "file_path": "/media/NFS/ttao/scannet/posed_images/scene0375_01/00167.jpg",
      "transform_matrix": [
        [
          0.880443,
          -0.324193,
          0.346006,
          1.255958
        ],
        [
          -0.451644,
          -0.795577,
          0.403825,
          0.805243
        ],
        [
          0.144357,
          -0.511816,
          -0.84688,
          1.288619
        ],
        [
          0.0,
          0.0,
          0.0,
          1.0
        ]
      ]
    },
    {
      "file_path": "/media/NFS/ttao/scannet/posed_images/scene0375_01/00170.jpg",
      "transform_matrix": [
        [
          0.85236,
          -0.336695,
          0.400149,
          1.253538
        ],
        [
          -0.493743,
          -0.77028,
          0.403593,
          0.809208
        ],
        [
          0.172339,
          -0.541577,
          -0.822796,
          1.301332
        ],
        [
          0.0,
          0.0,
          0.0,
          1.0
        ]
      ]
    },
    {
      "file_path": "/media/NFS/ttao/scannet/posed_images/scene0375_01/00171.jpg",
      "transform_matrix": [
        [
          0.84325,
          -0.341161,
          0.415378,
          1.257165
        ],
        [
          -0.508303,
          -0.757425,
          0.4098,
          0.807515
        ],
        [
          0.17481,
          -0.556701,
          -0.812111,
          1.306427
        ],
        [
          0.0,
          0.0,
          0.0,
          1.0
        ]
      ]
    },
    {
      "file_path": "/media/NFS/ttao/scannet/posed_images/scene0375_01/00178.jpg",
      "transform_matrix": [
        [
          0.793782,
          -0.351904,
          0.496058,
          1.279314
        ],
        [
          -0.589015,
          -0.64804,
          0.48281,
          0.813336
        ],
        [
          0.151562,
          -0.675431,
          -0.721679,
          1.358794
        ],
        [
          0.0,
          0.0,
          0.0,
          1.0
        ]
      ]
    },
    {
      "file_path": "/media/NFS/ttao/scannet/posed_images/scene0375_01/00180.jpg",
      "transform_matrix": [
        [
          0.789028,
          -0.33687,
          0.513764,
          1.275408
        ],
        [
          -0.598351,
          -0.611021,
          0.518295,
          0.815703
        ],
        [
          0.139322,
          -0.71636,
          -0.683679,
          1.373073
        ],
        [
          0.0,
          0.0,
          0.0,
          1.0
        ]
      ]
    },
    {
      "file_path": "/media/NFS/ttao/scannet/posed_images/scene0375_01/00182.jpg",
      "transform_matrix": [
        [
          0.791012,
          -0.319441,
          0.521783,
          1.273725
        ],
        [
          -0.600098,
          -0.571124,
          0.560089,
          0.820717
        ],
        [
          0.119087,
          -0.756158,
          -0.643462,
          1.395798
        ],
        [
          0.0,
          0.0,
          0.0,
          1.0
        ]
      ]
    },
    {
      "file_path": "/media/NFS/ttao/scannet/posed_images/scene0375_01/00186.jpg",
      "transform_matrix": [
        [
          0.8067,
          -0.259905,
          0.530739,
          1.263106
        ],
        [
          -0.584911,
          -0.479332,
          0.654308,
          0.827783
        ],
        [
          0.084343,
          -0.838266,
          -0.538699,
          1.448229
        ],
        [
          0.0,
          0.0,
          0.0,
          1.0
        ]
      ]
    },
    {
      "file_path": "/media/NFS/ttao/scannet/posed_images/scene0375_01/00192.jpg",
      "transform_matrix": [
        [
          0.830845,
          -0.155037,
          0.534472,
          1.243181
        ],
        [
          -0.553194,
          -0.334681,
          0.762866,
          0.82488
        ],
        [
          0.060605,
          -0.92949,
          -0.363834,
          1.515016
        ],
        [
          0.0,
          0.0,
          0.0,
          1.0
        ]
      ]
    },
    {
      "file_path": "/media/NFS/ttao/scannet/posed_images/scene0375_01/00193.jpg",
      "transform_matrix": [
        [
          0.833442,
          -0.136818,
          0.535402,
          1.238629
        ],
        [
          -0.548983,
          -0.315776,
          0.773889,
          0.825241
        ],
        [
          0.063185,
          -0.938918,
          -0.338291,
          1.524491
        ],
        [
          0.0,
          0.0,
          0.0,
          1.0
        ]
      ]
    },
    {
      "file_path": "/media/NFS/ttao/scannet/posed_images/scene0375_01/00200.jpg",
      "transform_matrix": [
        [
          0.856479,
          -0.041241,
          0.514531,
          1.20519
        ],
        [
          -0.512276,
          -0.190293,
          0.837473,
          0.828233
        ],
        [
          0.063373,
          -0.980861,
          -0.184109,
          1.560814
        ],
        [
          0.0,
          0.0,
          0.0,
          1.0
        ]
      ]
    },
    {
      "file_path": "/media/NFS/ttao/scannet/posed_images/scene0375_01/00201.jpg",
      "transform_matrix": [
        [
          0.85762,
          -0.035412,
          0.513064,
          1.200964
        ],
        [
          -0.510769,
          -0.175097,
          0.841699,
          0.828508
        ],
        [
          0.06003,
          -0.983914,
          -0.168254,
          1.56614
        ],
        [
          0.0,
          0.0,
          0.0,
          1.0
        ]
      ]
    },
    {
      "file_path": "/media/NFS/ttao/scannet/posed_images/scene0375_01/00206.jpg",
      "transform_matrix": [
        [
          0.861068,
          -0.01129,
          0.508364,
          1.187447
        ],
        [
          -0.506681,
          -0.103297,
          0.855923,
          0.825407
        ],
        [
          0.042849,
          -0.994586,
          -0.094666,
          1.586172
        ],
        [
          0.0,
          0.0,
          0.0,
          1.0
        ]
      ]
    },
    {
      "file_path": "/media/NFS/ttao/scannet/posed_images/scene0375_01/00210.jpg",
      "transform_matrix": [
        [
          0.850138,
          -0.031043,
          0.525644,
          1.19135
        ],
        [
          -0.526415,
          -0.073566,
          0.847039,
          0.825549
        ],
        [
          0.012374,
          -0.996807,
          -0.078883,
          1.594145
        ],
        [
          0.0,
          0.0,
          0.0,
          1.0
        ]
      ]
    },
    {
      "file_path": "/media/NFS/ttao/scannet/posed_images/scene0375_01/00212.jpg",
      "transform_matrix": [
        [
          0.840234,
          -0.031846,
          0.541288,
          1.195313
        ],
        [
          -0.542163,
          -0.064299,
          0.83781,
          0.827128
        ],
        [
          0.008124,
          -0.997422,
          -0.071292,
          1.593104
        ],
        [
          0.0,
          0.0,
          0.0,
          1.0
        ]
      ]
    },
    {
      "file_path": "/media/NFS/ttao/scannet/posed_images/scene0375_01/00215.jpg",
      "transform_matrix": [
        [
          0.808864,
          -0.049991,
          0.585866,
          1.209642
        ],
        [
          -0.587995,
          -0.06869,
          0.805942,
          0.835728
        ],
        [
          -4.7e-05,
          -0.996385,
          -0.084955,
          1.586637
        ],
        [
          0.0,
          0.0,
          0.0,
          1.0
        ]
      ]
    },
    {
      "file_path": "/media/NFS/ttao/scannet/posed_images/scene0375_01/00222.jpg",
      "transform_matrix": [
        [
          0.677819,
          -0.146198,
          0.720547,
          1.290336
        ],
        [
          -0.735173,
          -0.14689,
          0.661773,
          0.882815
        ],
        [
          0.009091,
          -0.978289,
          -0.207045,
          1.529082
        ],
        [
          0.0,
          0.0,
          0.0,
          1.0
        ]
      ]
    },
    {
      "file_path": "/media/NFS/ttao/scannet/posed_images/scene0375_01/00225.jpg",
      "transform_matrix": [
        [
          0.642559,
          -0.212991,
          0.736038,
          1.331025
        ],
        [
          -0.7662,
          -0.169222,
          0.619921,
          0.902529
        ],
        [
          -0.007484,
          -0.962288,
          -0.271929,
          1.500212
        ],
        [
          0.0,
          0.0,
          0.0,
          1.0
        ]
      ]
    },
    {
      "file_path": "/media/NFS/ttao/scannet/posed_images/scene0375_01/00226.jpg",
      "transform_matrix": [
        [
          0.632318,
          -0.235516,
          0.738042,
          1.344971
        ],
        [
          -0.774632,
          -0.178804,
          0.606609,
          0.908176
        ],
        [
          -0.010901,
          -0.955281,
          -0.295499,
          1.491684
        ],
        [
          0.0,
          0.0,
          0.0,
          1.0
        ]
      ]
    },
    {
      "file_path": "/media/NFS/ttao/scannet/posed_images/scene0375_01/00232.jpg",
      "transform_matrix": [
        [
          0.537829,
          -0.378997,
          0.753061,
          1.41545
        ],
        [
          -0.843051,
          -0.239401,
          0.481613,
          0.947943
        ],
        [
          -0.002246,
          -0.893895,
          -0.448271,
          1.460564
        ],
        [
          0.0,
          0.0,
          0.0,
          1.0
        ]
      ]
    },
    {
      "file_path": "/media/NFS/ttao/scannet/posed_images/scene0375_01/00236.jpg",
      "transform_matrix": [
        [
          0.46219,
          -0.456033,
          0.760535,
          1.44754
        ],
        [
          -0.886778,
          -0.235666,
          0.3976,
          0.959038
        ],
        [
          -0.002086,
          -0.858193,
          -0.513323,
          1.429537
        ],
        [
          0.0,
          0.0,
          0.0,
          1.0
        ]
      ]
    },
    {
      "file_path": "/media/NFS/ttao/scannet/posed_images/scene0375_01/00240.jpg",
      "transform_matrix": [
        [
          0.368231,
          -0.531478,
          0.762848,
          1.475758
        ],
        [
          -0.929695,
          -0.202934,
          0.307384,
          0.975462
        ],
        [
          -0.00856,
          -0.822404,
          -0.568839,
          1.408581
        ],
        [
          0.0,
          0.0,
          0.0,
          1.0
        ]
      ]
    },
    {
      "file_path": "/media/NFS/ttao/scannet/posed_images/scene0375_01/00242.jpg",
      "transform_matrix": [
        [
          0.31215,
          -0.561107,
          0.76663,
          1.485257
        ],
        [
          -0.950008,
          -0.17847,
          0.256191,
          0.984188
        ],
        [
          -0.00693,
          -0.808274,
          -0.588765,
          1.395736
        ],
        [
          0.0,
          0.0,
          0.0,
          1.0
        ]
      ]
    },
    {
      "file_path": "/media/NFS/ttao/scannet/posed_images/scene0375_01/00245.jpg",
      "transform_matrix": [
        [
          0.222565,
          -0.603,
          0.766065,
          1.495157
        ],
        [
          -0.974824,
          -0.126718,
          0.18347,
          1.000636
        ],
        [
          -0.013558,
          -0.787612,
          -0.616022,
          1.379033
        ],
        [
          0.0,
          0.0,
          0.0,
          1.0
        ]
      ]
    },
    {
      "file_path": "/media/NFS/ttao/scannet/posed_images/scene0375_01/00251.jpg",
      "transform_matrix": [
        [
          0.051062,
          -0.663539,
          0.746397,
          1.505163
        ],
        [
          -0.996504,
          0.015634,
          0.082071,
          1.030499
        ],
        [
          -0.066127,
          -0.747978,
          -0.660421,
          1.366357
        ],
        [
          0.0,
          0.0,
          0.0,
          1.0
        ]
      ]
    },
    {
      "file_path": "/media/NFS/ttao/scannet/posed_images/scene0375_01/00252.jpg",
      "transform_matrix": [
        [
          0.025808,
          -0.665115,
          0.746295,
          1.504388
        ],
        [
          -0.996948,
          0.037895,
          0.068249,
          1.032913
        ],
        [
          -0.073674,
          -0.745779,
          -0.662107,
          1.364835
        ],
        [
          0.0,
          0.0,
          0.0,
          1.0
        ]
      ]
    },
    {
      "file_path": "/media/NFS/ttao/scannet/posed_images/scene0375_01/00256.jpg",
      "transform_matrix": [
        [
          -0.072544,
          -0.669242,
          0.739495,
          1.500879
        ],
        [
          -0.994389,
          0.105771,
          -0.001827,
          1.033786
        ],
        [
          -0.076994,
          -0.735478,
          -0.67316,
          1.357478
        ],
        [
          0.0,
          0.0,
          0.0,
          1.0
        ]
      ]
    },
    {
      "file_path": "/media/NFS/ttao/scannet/posed_images/scene0375_01/00262.jpg",
      "transform_matrix": [
        [
          -0.168216,
          -0.676508,
          0.716967,
          1.492367
        ],
        [
          -0.984081,
          0.157562,
          -0.082216,
          1.013098
        ],
        [
          -0.057347,
          -0.719383,
          -0.692242,
          1.339037
        ],
        [
          0.0,
          0.0,
          0.0,
          1.0
        ]
      ]
    },
    {
      "file_path": "/media/NFS/ttao/scannet/posed_images/scene0375_01/00265.jpg",
      "transform_matrix": [
        [
          -0.209141,
          -0.684885,
          0.697992,
          1.488849
        ],
        [
          -0.976971,
          0.177199,
          -0.118861,
          0.997402
        ],
        [
          -0.042277,
          -0.706776,
          -0.706173,
          1.32756
        ],
        [
          0.0,
          0.0,
          0.0,
          1.0
        ]
      ]
    },
    {
      "file_path": "/media/NFS/ttao/scannet/posed_images/scene0375_01/00269.jpg",
      "transform_matrix": [
        [
          -0.274055,
          -0.691162,
          0.668722,
          1.485471
        ],
        [
          -0.961466,
          0.212702,
          -0.174187,
          0.978436
        ],
        [
          -0.021847,
          -0.69069,
          -0.722821,
          1.320236
        ],
        [
          0.0,
          0.0,
          0.0,
          1.0
        ]
      ]
    },
    {
      "file_path": "/media/NFS/ttao/scannet/posed_images/scene0375_01/00270.jpg",
      "transform_matrix": [
        [
          -0.30073,
          -0.68339,
          0.665237,
          1.485541
        ],
        [
          -0.953447,
          0.231808,
          -0.192885,
          0.979954
        ],
        [
          -0.022391,
          -0.692274,
          -0.721287,
          1.319295
        ],
        [
          0.0,
          0.0,
          0.0,
          1.0
        ]
      ]
    },
    {
      "file_path": "/media/NFS/ttao/scannet/posed_images/scene0375_01/00277.jpg",
      "transform_matrix": [
        [
          -0.46834,
          -0.610857,
          0.638366,
          1.489451
        ],
        [
          -0.883544,
          0.321581,
          -0.340493,
          0.951324
        ],
        [
          0.002706,
          -0.723491,
          -0.690328,
          1.327725
        ],
        [
          0.0,
          0.0,
          0.0,
          1.0
        ]
      ]
    },
    {
      "file_path": "/media/NFS/ttao/scannet/posed_images/scene0375_01/00279.jpg",
      "transform_matrix": [
        [
          -0.516522,
          -0.584295,
          0.625943,
          1.492985
        ],
        [
          -0.856222,
          0.344401,
          -0.385061,
          0.94498
        ],
        [
          0.009414,
          -0.734839,
          -0.678177,
          1.336019
        ],
        [
          0.0,
          0.0,
          0.0,
          1.0
        ]
      ]
    },
    {
      "file_path": "/media/NFS/ttao/scannet/posed_images/scene0375_01/00281.jpg",
      "transform_matrix": [
        [
          -0.566655,
          -0.546025,
          0.617056,
          1.493906
        ],
        [
          -0.823912,
          0.367831,
          -0.431127,
          0.943389
        ],
        [
          0.008434,
          -0.7527,
          -0.65831,
          1.344081
        ],
        [
