{
  "frames": [
    {
      "file_path": "/media/NFS/ttao/scannet/posed_images/scene0440_00/00002.jpg",
      "transform_matrix": [
        [
          -0.477803,
          0.333611,
          -0.812654,
          3.131819
        ],
        [
          0.877988,
          0.150823,
          -0.454301,
          2.650875
        ],
        [
          -0.028993,
          -0.930568,
          -0.36497,
          1.452789
        ],
        [
          0.0,
          0.0,
          0.0,
          1.0
        ]
      ]
    },
    {
      "file_path": "/media/NFS/ttao/scannet/posed_images/scene0440_00/00006.jpg",
      "transform_matrix": [
        [
          -0.487056,
          0.341932,
          -0.803654,
          3.062428
        ],
        [
          0.872807,
          0.157505,
          -0.461953,
          2.647938
        ],
        [
          -0.031377,
          -0.926431,
          -0.375154,
          1.455031
        ],
        [
          0.0,
          0.0,
          0.0,
          1.0
        ]
      ]
    },
    {
      "file_path": "/media/NFS/ttao/scannet/posed_images/scene0440_00/00008.jpg",
      "transform_matrix": [
        [
          -0.497029,
          0.34627,
          -0.79565,
          3.031534
        ],
        [
          0.867228,
          0.166917,
          -0.4691,
          2.650079
        ],
        [
          -0.029628,
          -0.923166,
          -0.383257,
          1.44844
        ],
        [
          0.0,
          0.0,
          0.0,
          1.0
        ]
      ]
    },
    {
      "file_path": "/media/NFS/ttao/scannet/posed_images/scene0440_00/00014.jpg",
      "transform_matrix": [
        [
          -0.552642,
          0.325005,
          -0.767437,
          2.949791
        ],
        [
          0.832952,
          0.184585,
          -0.52165,
          2.645083
        ],
        [
          -0.027882,
          -0.927524,
          -0.372723,
          1.469474
        ],
        [
          0.0,
          0.0,
          0.0,
          1.0
        ]
      ]
    },
    {
      "file_path": "/media/NFS/ttao/scannet/posed_images/scene0440_00/00016.jpg",
      "transform_matrix": [
        [
          -0.564058,
          0.314603,
          -0.763455,
          2.936047
        ],
        [
          0.825509,
          0.193216,
          -0.530285,
          2.651206
        ],
        [
          -0.019318,
          -0.929351,
          -0.368692,
          1.473105
        ],
        [
          0.0,
          0.0,
          0.0,
          1.0
        ]
      ]
    },
    {
      "file_path": "/media/NFS/ttao/scannet/posed_images/scene0440_00/00021.jpg",
      "transform_matrix": [
        [
          -0.599244,
          0.303167,
          -0.740943,
          2.917935
        ],
        [
          0.800524,
          0.217394,
          -0.558481,
          2.664053
        ],
        [
          -0.008236,
          -0.927809,
          -0.372965,
          1.477793
        ],
        [
          0.0,
          0.0,
          0.0,
          1.0
        ]
      ]
    },
    {
      "file_path": "/media/NFS/ttao/scannet/posed_images/scene0440_00/00023.jpg",
      "transform_matrix": [
        [
          -0.60829,
          0.299696,
          -0.734959,
          2.912046
        ],
        [
          0.79371,
          0.226593,
          -0.564517,
          2.667164
        ],
        [
          -0.002647,
          -0.926735,
          -0.375706,
          1.484203
        ],
        [
          0.0,
          0.0,
          0.0,
          1.0
        ]
      ]
    },
    {
      "file_path": "/media/NFS/ttao/scannet/posed_images/scene0440_00/00029.jpg",
      "transform_matrix": [
        [
          -0.644096,
          0.274016,
          -0.714182,
          2.900251
        ],
        [
          0.764944,
          0.231126,
          -0.601199,
          2.685266
        ],
        [
          0.000328,
          -0.93354,
          -0.358475,
          1.488458
        ],
        [
          0.0,
          0.0,
          0.0,
          1.0
        ]
      ]
    },
    {
      "file_path": "/media/NFS/ttao/scannet/posed_images/scene0440_00/00030.jpg",
      "transform_matrix": [
        [
          -0.648799,
          0.272221,
          -0.710602,
          2.898456
        ],
        [
          0.760952,
          0.227956,
          -0.607444,
          2.690758
        ],
        [
          -0.003373,
          -0.934843,
          -0.355045,
          1.485321
        ],
        [
          0.0,
          0.0,
          0.0,
          1.0
        ]
      ]
    },
    {
      "file_path": "/media/NFS/ttao/scannet/posed_images/scene0440_00/00035.jpg",
      "transform_matrix": [
        [
          -0.667811,
          0.274693,
          -0.691788,
          2.893283
        ],
        [
          0.744245,
          0.232353,
          -0.626188,
          2.694818
        ],
        [
          -0.011271,
          -0.933036,
          -0.359607,
          1.485539
        ],
        [
          0.0,
          0.0,
          0.0,
          1.0
        ]
      ]
    },
    {
      "file_path": "/media/NFS/ttao/scannet/posed_images/scene0440_00/00039.jpg",
      "transform_matrix": [
        [
          -0.688445,
          0.272133,
          -0.6723,
          2.891669
        ],
        [
          0.725107,
          0.237496,
          -0.646387,
          2.693139
        ],
        [
          -0.016235,
          -0.932491,
          -0.360828,
          1.484717
        ],
        [
          0.0,
          0.0,
          0.0,
          1.0
        ]
      ]
    },
    {
      "file_path": "/media/NFS/ttao/scannet/posed_images/scene0440_00/00044.jpg",
      "transform_matrix": [
        [
          -0.68395,
          0.280389,
          -0.673494,
          2.883441
        ],
        [
          0.729525,
          0.259985,
          -0.632614,
          2.690457
        ],
        [
          -0.00228,
          -0.924007,
          -0.382368,
          1.488236
        ],
        [
          0.0,
          0.0,
          0.0,
          1.0
        ]
      ]
    },
    {
      "file_path": "/media/NFS/ttao/scannet/posed_images/scene0440_00/00048.jpg",
      "transform_matrix": [
        [
          -0.670726,
          0.289914,
          -0.682698,
          2.88458
        ],
        [
          0.741699,
          0.25837,
          -0.618973,
          2.685921
        ],
        [
          -0.00306,
          -0.921518,
          -0.388325,
          1.489288
        ],
        [
          0.0,
          0.0,
          0.0,
          1.0
        ]
      ]
    },
    {
      "file_path": "/media/NFS/ttao/scannet/posed_images/scene0440_00/00050.jpg",
      "transform_matrix": [
        [
          -0.666655,
          0.292555,
          -0.685553,
          2.887927
        ],
        [
          0.745335,
          0.253159,
          -0.616755,
          2.684452
        ],
        [
          -0.006881,
          -0.922129,
          -0.386821,
          1.486518
        ],
        [
          0.0,
          0.0,
          0.0,
          1.0
        ]
      ]
    },
    {
      "file_path": "/media/NFS/ttao/scannet/posed_images/scene0440_00/00053.jpg",
      "transform_matrix": [
        [
          -0.664563,
          0.300597,
          -0.684103,
          2.890585
        ],
        [
          0.747058,
          0.24748,
          -0.616975,
          2.682746
        ],
        [
          -0.016159,
          -0.921084,
          -0.389029,
          1.47926
        ],
        [
          0.0,
          0.0,
          0.0,
          1.0
        ]
      ]
    },
    {
      "file_path": "/media/NFS/ttao/scannet/posed_images/scene0440_00/00056.jpg",
      "transform_matrix": [
        [
          -0.655609,
          0.315402,
          -0.686074,
          2.885961
        ],
        [
          0.754608,
          0.240857,
          -0.610373,
          2.681718
        ],
        [
          -0.027267,
          -0.917883,
          -0.395913,
          1.476649
        ],
        [
          0.0,
          0.0,
          0.0,
          1.0
        ]
      ]
    },
    {
      "file_path": "/media/NFS/ttao/scannet/posed_images/scene0440_00/00063.jpg",
      "transform_matrix": [
        [
          -0.571972,
          0.358578,
          -0.737746,
          2.879464
        ],
        [
          0.820022,
          0.227705,
          -0.525085,
          2.679994
        ],
        [
          -0.020295,
          -0.905302,
          -0.424282,
          1.480173
        ],
        [
          0.0,
          0.0,
          0.0,
          1.0
        ]
      ]
    },
    {
      "file_path": "/media/NFS/ttao/scannet/posed_images/scene0440_00/00065.jpg",
      "transform_matrix": [
        [
          -0.550812,
          0.3639,
          -0.751121,
          2.880885
        ],
        [
          0.83454,
          0.226933,
          -0.502041,
          2.678868
        ],
        [
          -0.012239,
          -0.90337,
          -0.428686,
          1.481683
        ],
        [
          0.0,
          0.0,
          0.0,
          1.0
        ]
      ]
    },
    {
      "file_path": "/media/NFS/ttao/scannet/posed_images/scene0440_00/00070.jpg",
      "transform_matrix": [
        [
          -0.503579,
          0.370823,
          -0.78032,
          2.889265
        ],
        [
          0.863914,
          0.224284,
          -0.450942,
          2.666039
        ],
        [
          0.007793,
          -0.901214,
          -0.433304,
          1.479654
        ],
        [
          0.0,
          0.0,
          0.0,
          1.0
        ]
      ]
    },
    {
      "file_path": "/media/NFS/ttao/scannet/posed_images/scene0440_00/00073.jpg",
      "transform_matrix": [
        [
          -0.485437,
          0.374131,
          -0.790175,
          2.887855
        ],
        [
          0.874265,
          0.211113,
          -0.43714,
          2.66114
        ],
        [
          0.003268,
          -0.903027,
          -0.429572,
          1.481395
        ],
        [
          0.0,
          0.0,
          0.0,
          1.0
        ]
      ]
    },
    {
      "file_path": "/media/NFS/ttao/scannet/posed_images/scene0440_00/00077.jpg",
      "transform_matrix": [
        [
          -0.442197,
          0.372736,
          -0.8158,
          2.892426
        ],
        [
          0.89669,
          0.204218,
          -0.392736,
          2.640831
        ],
        [
          0.020214,
          -0.905187,
          -0.424533,
          1.491841
        ],
        [
          0.0,
          0.0,
          0.0,
          1.0
        ]
      ]
    },
    {
      "file_path": "/media/NFS/ttao/scannet/posed_images/scene0440_00/00083.jpg",
      "transform_matrix": [
        [
          -0.378226,
          0.34806,
          -0.857787,
          2.90755
        ],
        [
          0.925666,
          0.151608,
          -0.346638,
          2.598307
        ],
        [
          0.009396,
          -0.925132,
          -0.379529,
          1.510847
        ],
        [
          0.0,
          0.0,
          0.0,
          1.0
        ]
      ]
    },
    {
      "file_path": "/media/NFS/ttao/scannet/posed_images/scene0440_00/00086.jpg",
      "transform_matrix": [
        [
          -0.360444,
          0.360348,
          -0.860366,
          2.906894
        ],
        [
          0.932733,
          0.129923,
          -0.336346,
          2.582636
        ],
        [
          -0.00942,
          -0.923726,
          -0.382938,
          1.516102
        ],
        [
          0.0,
          0.0,
          0.0,
          1.0
        ]
      ]
    },
    {
      "file_path": "/media/NFS/ttao/scannet/posed_images/scene0440_00/00089.jpg",
      "transform_matrix": [
        [
          -0.339491,
          0.366081,
          -0.866447,
          2.900908
        ],
        [
          0.940426,
          0.113893,
          -0.320356,
          2.569877
        ],
        [
          -0.018594,
          -0.923587,
          -0.382938,
          1.520344
        ],
        [
          0.0,
          0.0,
          0.0,
          1.0
        ]
      ]
    },
    {
      "file_path": "/media/NFS/ttao/scannet/posed_images/scene0440_00/00095.jpg",
      "transform_matrix": [
        [
          -0.271978,
          0.379116,
          -0.884477,
          2.860228
        ],
        [
          0.961946,
          0.082073,
          -0.260621,
          2.558659
        ],
        [
          -0.026213,
          -0.921702,
          -0.387011,
          1.525515
        ],
        [
          0.0,
          0.0,
          0.0,
          1.0
        ]
      ]
    },
    {
      "file_path": "/media/NFS/ttao/scannet/posed_images/scene0440_00/00098.jpg",
      "transform_matrix": [
        [
          -0.245378,
          0.378293,
          -0.892572,
          2.83749
        ],
        [
          0.968699,
          0.059992,
          -0.24088,
          2.555648
        ],
        [
          -0.037576,
          -0.92374,
          -0.381173,
          1.517702
        ],
        [
          0.0,
          0.0,
          0.0,
          1.0
        ]
      ]
    },
    {
      "file_path": "/media/NFS/ttao/scannet/posed_images/scene0440_00/00101.jpg",
      "transform_matrix": [
        [
          -0.238498,
          0.404243,
          -0.88301,
          2.794235
        ],
        [
          0.969029,
          0.039103,
          -0.243831,
          2.546442
        ],
        [
          -0.064038,
          -0.913815,
          -0.401049,
          1.502163
        ],
        [
          0.0,
          0.0,
          0.0,
          1.0
        ]
      ]
    },
    {
      "file_path": "/media/NFS/ttao/scannet/posed_images/scene0440_00/00105.jpg",
      "transform_matrix": [
        [
          -0.238358,
          0.401356,
          -0.884363,
          2.744492
        ],
        [
          0.969926,
          0.052159,
          -0.237748,
          2.538216
        ],
        [
          -0.049294,
          -0.914436,
          -0.401718,
          1.494473
        ],
        [
          0.0,
          0.0,
          0.0,
          1.0
        ]
      ]
    },
    {
      "file_path": "/media/NFS/ttao/scannet/posed_images/scene0440_00/00110.jpg",
      "transform_matrix": [
        [
          -0.22726,
          0.434238,
          -0.871659,
          2.65949
        ],
        [
          0.972619,
          0.056512,
          -0.22543,
          2.522148
        ],
        [
          -0.048631,
          -0.899024,
          -0.435191,
          1.502468
        ],
        [
          0.0,
          0.0,
          0.0,
          1.0
        ]
      ]
    },
    {
      "file_path": "/media/NFS/ttao/scannet/posed_images/scene0440_00/00112.jpg",
      "transform_matrix": [
        [
          -0.220879,
          0.433305,
          -0.873761,
          2.631122
        ],
        [
          0.973719,
          0.04697,
          -0.222855,
          2.519419
        ],
        [
          -0.055523,
          -0.900023,
          -0.432292,
          1.496351
        ],
        [
          0.0,
          0.0,
          0.0,
          1.0
        ]
      ]
    },
    {
      "file_path": "/media/NFS/ttao/scannet/posed_images/scene0440_00/00114.jpg",
      "transform_matrix": [
        [
          -0.216804,
          0.434845,
          -0.874017,
          2.603642
        ],
        [
          0.974545,
          0.044055,
          -0.219822,
          2.514253
        ],
        [
          -0.057083,
          -0.899427,
          -0.433327,
          1.494641
        ],
        [
          0.0,
          0.0,
          0.0,
          1.0
        ]
      ]
    },
    {
      "file_path": "/media/NFS/ttao/scannet/posed_images/scene0440_00/00119.jpg",
      "transform_matrix": [
        [
          -0.179938,
          0.421133,
          -0.888971,
          2.541272
        ],
        [
          0.983422,
          0.056412,
          -0.172332,
          2.488295
        ],
        [
          -0.022426,
          -0.905243,
          -0.424302,
          1.472485
        ],
        [
          0.0,
          0.0,
          0.0,
          1.0
        ]
      ]
    },
    {
      "file_path": "/media/NFS/ttao/scannet/posed_images/scene0440_00/00122.jpg",
      "transform_matrix": [
        [
          -0.175949,
          0.446009,
          -0.877563,
          2.512461
        ],
        [
          0.984104,
          0.057848,
          -0.16791,
          2.459837
        ],
        [
          -0.024124,
          -0.893157,
          -0.449097,
          1.457883
        ],
        [
          0.0,
          0.0,
          0.0,
          1.0
        ]
      ]
    },
    {
      "file_path": "/media/NFS/ttao/scannet/posed_images/scene0440_00/00126.jpg",
      "transform_matrix": [
        [
          -0.161547,
          0.461999,
          -0.872043,
          2.472479
        ],
        [
          0.986691,
          0.059016,
          -0.151519,
          2.42171
        ],
        [
          -0.018537,
          -0.884915,
          -0.465384,
          1.445133
        ],
        [
          0.0,
          0.0,
          0.0,
          1.0
        ]
      ]
    },
    {
      "file_path": "/media/NFS/ttao/scannet/posed_images/scene0440_00/00133.jpg",
      "transform_matrix": [
        [
          -0.111412,
          0.467922,
          -0.876719,
          2.401193
        ],
        [
          0.993537,
          0.033179,
          -0.108549,
          2.328807
        ],
        [
          -0.021704,
          -0.883147,
          -0.468594,
          1.46824
        ],
        [
          0.0,
          0.0,
          0.0,
          1.0
        ]
      ]
    },
    {
      "file_path": "/media/NFS/ttao/scannet/posed_images/scene0440_00/00134.jpg",
      "transform_matrix": [
        [
          -0.102427,
          0.464857,
          -0.879441,
          2.397098
        ],
        [
          0.994383,
          0.024149,
          -0.10305,
          2.317655
        ],
        [
          -0.026665,
          -0.885056,
          -0.464719,
          1.465734
        ],
        [
          0.0,
          0.0,
          0.0,
          1.0
        ]
      ]
    },
    {
      "file_path": "/media/NFS/ttao/scannet/posed_images/scene0440_00/00137.jpg",
      "transform_matrix": [
        [
          -0.065859,
          0.449302,
          -0.890949,
          2.369021
        ],
        [
          0.997104,
          -0.004389,
          -0.075919,
          2.2608
        ],
        [
          -0.038021,
          -0.893369,
          -0.447712,
          1.477958
        ],
        [
          0.0,
          0.0,
          0.0,
          1.0
        ]
      ]
    },
    {
      "file_path": "/media/NFS/ttao/scannet/posed_images/scene0440_00/00144.jpg",
      "transform_matrix": [
        [
          -0.009321,
          0.413502,
          -0.910455,
          2.338806
        ],
        [
          0.99806,
          -0.052204,
          -0.033927,
          2.208994
        ],
        [
          -0.061558,
          -0.909005,
          -0.412213,
          1.490304
        ],
        [
          0.0,
          0.0,
          0.0,
          1.0
        ]
      ]
    },
    {
      "file_path": "/media/NFS/ttao/scannet/posed_images/scene0440_00/00145.jpg",
      "transform_matrix": [
        [
          -0.000567,
          0.412855,
          -0.910796,
          2.334542
        ],
        [
          0.998145,
          -0.055219,
          -0.025652,
          2.205212
        ],
        [
          -0.060884,
          -0.909121,
          -0.412058,
          1.490036
        ],
        [
          0.0,
          0.0,
          0.0,
          1.0
        ]
      ]
    },
    {
      "file_path": "/media/NFS/ttao/scannet/posed_images/scene0440_00/00151.jpg",
      "transform_matrix": [
        [
          0.065399,
          0.394759,
          -0.916454,
          2.295374
        ],
        [
          0.995988,
          -0.082035,
          0.035738,
          2.204531
        ],
        [
          -0.061074,
          -0.915115,
          -0.398541,
          1.522755
        ],
        [
          0.0,
          0.0,
          0.0,
          1.0
        ]
      ]
    },
    {
      "file_path": "/media/NFS/ttao/scannet/posed_images/scene0440_00/00156.jpg",
      "transform_matrix": [
        [
          0.13207,
          0.353233,
          -0.926166,
          2.279723
        ],
        [
          0.989279,
          -0.10572,
          0.100749,
          2.227403
        ],
        [
          -0.062327,
          -0.929543,
          -0.363409,
          1.528393
        ],
        [
          0.0,
          0.0,
          0.0,
          1.0
        ]
      ]
    },
    {
      "file_path": "/media/NFS/ttao/scannet/posed_images/scene0440_00/00159.jpg",
      "transform_matrix": [
        [
          0.172224,
          0.338565,
          -0.925047,
          2.268675
        ],
        [
          0.982604,
          -0.125286,
          0.137085,
          2.241594
        ],
        [
          -0.069483,
          -0.932565,
          -0.354252,
          1.535486
        ],
        [
          0.0,
          0.0,
          0.0,
          1.0
        ]
      ]
    },
    {
      "file_path": "/media/NFS/ttao/scannet/posed_images/scene0440_00/00161.jpg",
      "transform_matrix": [
        [
          0.195683,
          0.335133,
          -0.921625,
          2.2582
        ],
        [
          0.977552,
          -0.141503,
          0.156103,
          2.249698
        ],
        [
          -0.078098,
          -0.931484,
          -0.3553,
          1.543929
        ],
        [
          0.0,
          0.0,
          0.0,
          1.0
        ]
      ]
    },
    {
      "file_path": "/media/NFS/ttao/scannet/posed_images/scene0440_00/00167.jpg",
      "transform_matrix": [
        [
          0.240523,
          0.316283,
          -0.917667,
          2.239507
        ],
        [
          0.96833,
          -0.143422,
          0.20437,
          2.288334
        ],
        [
          -0.066975,
          -0.937761,
          -0.340762,
          1.55402
        ],
        [
          0.0,
          0.0,
          0.0,
          1.0
        ]
      ]
    },
    {
      "file_path": "/media/NFS/ttao/scannet/posed_images/scene0440_00/00168.jpg",
      "transform_matrix": [
        [
          0.242767,
          0.31357,
          -0.918007,
          2.239667
        ],
        [
          0.967873,
          -0.14215,
          0.207399,
          2.295361
        ],
        [
          -0.06546,
          -0.938865,
          -0.338006,
          1.553766
        ],
        [
          0.0,
          0.0,
          0.0,
          1.0
        ]
      ]
    },
    {
      "file_path": "/media/NFS/ttao/scannet/posed_images/scene0440_00/00175.jpg",
      "transform_matrix": [
        [
          0.270817,
          0.303192,
          -0.913637,
          2.21802
        ],
        [
          0.9607,
          -0.145214,
          0.236578,
          2.339629
        ],
        [
          -0.060944,
          -0.9418,
          -0.330603,
          1.567069
        ],
        [
          0.0,
          0.0,
          0.0,
          1.0
        ]
      ]
    },
    {
      "file_path": "/media/NFS/ttao/scannet/posed_images/scene0440_00/00176.jpg",
      "transform_matrix": [
        [
          0.280463,
          0.304708,
          -0.910216,
          2.2131
        ],
        [
          0.957391,
          -0.156842,
          0.242494,
          2.354315
        ],
        [
          -0.06887,
          -0.939443,
          -0.335713,
          1.569471
        ],
        [
          0.0,
          0.0,
          0.0,
          1.0
        ]
      ]
    },
    {
      "file_path": "/media/NFS/ttao/scannet/posed_images/scene0440_00/00181.jpg",
      "transform_matrix": [
        [
          0.297592,
          0.301886,
          -0.905706,
          2.202979
        ],
        [
          0.952545,
          -0.157499,
          0.260485,
          2.390223
        ],
        [
          -0.064011,
          -0.940244,
          -0.334431,
          1.567145
        ],
        [
          0.0,
          0.0,
          0.0,
          1.0
        ]
      ]
    },
    {
      "file_path": "/media/NFS/ttao/scannet/posed_images/scene0440_00/00184.jpg",
      "transform_matrix": [
        [
          0.308542,
          0.307656,
          -0.900083,
          2.196487
        ],
        [
          0.948664,
          -0.168716,
          0.267527,
          2.416362
        ],
        [
          -0.069553,
          -0.93642,
          -0.343918,
          1.569006
        ],
        [
          0.0,
          0.0,
          0.0,
          1.0
        ]
      ]
    },
    {
      "file_path": "/media/NFS/ttao/scannet/posed_images/scene0440_00/00189.jpg",
      "transform_matrix": [
        [
          0.329987,
          0.314136,
          -0.890183,
          2.187685
        ],
        [
          0.941257,
          -0.181136,
          0.284999,
          2.451679
        ],
        [
          -0.071716,
          -0.931938,
          -0.355455,
          1.569039
        ],
        [
          0.0,
          0.0,
          0.0,
          1.0
        ]
      ]
    },
    {
      "file_path": "/media/NFS/ttao/scannet/posed_images/scene0440_00/00193.jpg",
      "transform_matrix": [
        [
          0.333959,
          0.302667,
          -0.892672,
          2.19455
        ],
        [
          0.940765,
          -0.1659,
          0.295701,
          2.470554
        ],
        [
          -0.058595,
          -0.938547,
          -0.340142,
          1.569363
        ],
        [
          0.0,
          0.0,
          0.0,
          1.0
        ]
      ]
    },
    {
      "file_path": "/media/NFS/ttao/scannet/posed_images/scene0440_00/00198.jpg",
      "transform_matrix": [
        [
          0.376935,
          0.306142,
          -0.874183,
          2.23599
        ],
        [
          0.923035,
          -0.202598,
          0.327048,
          2.491613
        ],
        [
          -0.076984,
          -0.930178,
          -0.358946,
          1.568608
        ],
        [
          0.0,
          0.0,
          0.0,
          1.0
        ]
      ]
    },
    {
      "file_path": "/media/NFS/ttao/scannet/posed_images/scene0440_00/00202.jpg",
      "transform_matrix": [
        [
          0.42799,
          0.310525,
          -0.848763,
          2.278674
        ],
        [
          0.900935,
          -0.221081,
          0.373414,
          2.488713
        ],
        [
          -0.071691,
          -0.924498,
          -0.374384,
          1.568143
        ],
        [
          0.0,
          0.0,
          0.0,
          1.0
        ]
      ]
    },
    {
      "file_path": "/media/NFS/ttao/scannet/posed_images/scene0440_00/00205.jpg",
      "transform_matrix": [
        [
          0.460648,
          0.307783,
          -0.83251,
          2.314626
        ],
        [
          0.885352,
          -0.225793,
          0.40641,
          2.479368
        ],
        [
          -0.062889,
          -0.924276,
          -0.376508,
          1.568366
        ],
        [
          0.0,
          0.0,
          0.0,
          1.0
        ]
      ]
    },
    {
      "file_path": "/media/NFS/ttao/scannet/posed_images/scene0440_00/00209.jpg",
      "transform_matrix": [
        [
          0.492281,
          0.299467,
          -0.817299,
          2.37318
        ],
        [
          0.867479,
          -0.246121,
          0.432324,
          2.462068
        ],
        [
          -0.071688,
          -0.921816,
          -0.380942,
          1.564665
        ],
        [
          0.0,
          0.0,
          0.0,
          1.0
        ]
      ]
    },
    {
      "file_path": "/media/NFS/ttao/scannet/posed_images/scene0440_00/00211.jpg",
      "transform_matrix": [
        [
          0.50399,
          0.290561,
          -0.813369,
          2.404087
        ],
        [
          0.860306,
          -0.252393,
          0.442912,
          2.446523
        ],
        [
          -0.076596,
          -0.922969,
          -0.377175,
          1.553404
        ],
        [
          0.0,
          0.0,
          0.0,
          1.0
        ]
      ]
    },
    {
      "file_path": "/media/NFS/ttao/scannet/posed_images/scene0440_00/00214.jpg",
      "transform_matrix": [
        [
          0.521858,
          0.302975,
          -0.797415,
          2.446164
        ],
        [
          0.849572,
          -0.268716,
          0.453894,
          2.436336
        ],
        [
          -0.076759,
          -0.914329,
          -0.397631,
          1.542706
        ],
        [
          0.0,
          0.0,
          0.0,
          1.0
        ]
      ]
    },
    {
      "file_path": "/media/NFS/ttao/scannet/posed_images/scene0440_00/00221.jpg",
      "transform_matrix": [
        [
          0.560678,
          0.342197,
          -0.754017,
          2.542083
        ],
        [
          0.82502,
          -0.308489,
          0.473473,
          2.431445
        ],
        [
          -0.070585,
          -0.887545,
          -0.455282,
          1.51883
        ],
        [
          0.0,
          0.0,
          0.0,
          1.0
        ]
      ]
    },
    {
      "file_path": "/media/NFS/ttao/scannet/posed_images/scene0440_00/00225.jpg",
      "transform_matrix": [
        [
          0.571377,
          0.358917,
          -0.738043,
          2.577471
        ],
        [
          0.818332,
          -0.317257,
          0.479251,
          2.444081
        ],
        [
          -0.062138,
          -0.877797,
          -0.474986,
          1.505234
        ],
        [
          0.0,
          0.0,
          0.0,
          1.0
        ]
      ]
    },
    {
      "file_path": "/media/NFS/ttao/scannet/posed_images/scene0440_00/00226.jpg",
      "transform_matrix": [
        [
          0.57581,
          0.36247,
          -0.732843,
          2.584552
        ],
        [
          0.815188,
          -0.323102,
          0.480701,
          2.449634
        ],
        [
          -0.062543,
          -0.874197,
          -0.481526,
          1.503308
        ],
        [
          0.0,
          0.0,
          0.0,
          1.0
        ]
      ]
    },
    {
      "file_path": "/media/NFS/ttao/scannet/posed_images/scene0440_00/00229.jpg",
      "transform_matrix": [
        [
          0.574285,
          0.379057,
          -0.725612,
          2.616719
        ],
        [
          0.816791,
          -0.325082,
          0.476628,
          2.474675
        ],
        [
          -0.055214,
          -0.866393,
          -0.4963,
          1.49178
        ],
        [
          0.0,
          0.0,
          0.0,
          1.0
        ]
      ]
    },
    {
      "file_path": "/media/NFS/ttao/scannet/posed_images/scene0440_00/00234.jpg",
      "transform_matrix": [
        [
          0.57484,
          0.40487,
          -0.711083,
          2.660383
        ],
        [
          0.81746,
          -0.322707,
          0.477095,
          2.514258
        ],
        [
          -0.03631,
          -0.855535,
          -0.51647,
          1.475538
        ],
        [
          0.0,
          0.0,
          0.0,
          1.0
        ]
      ]
    },
    {
      "file_path": "/media/NFS/ttao/scannet/posed_images/scene0440_00/00238.jpg",
      "transform_matrix": [
        [
          0.580656,
          0.419448,
          -0.697784,
          2.698835
        ],
        [
          0.813445,
          -0.334541,
          0.475805,
          2.557342
        ],
        [
          -0.033861,
          -0.843887,
          -0.535451,
          1.462005
        ],
        [
          0.0,
          0.0,
          0.0,
          1.0
        ]
      ]
    },
    {
      "file_path": "/media/NFS/ttao/scannet/posed_images/scene0440_00/00241.jpg",
      "transform_matrix": [
        [
          0.576839,
          0.428549,
          -0.695415,
          2.715707
        ],
        [
          0.815744,
          -0.346661,
          0.463021,
          2.580587
        ],
        [
          -0.042646,
          -0.834369,
          -0.549554,
          1.454672
        ],
        [
          0.0,
          0.0,
          0.0,
          1.0
        ]
      ]
    },
    {
      "file_path": "/media/NFS/ttao/scannet/posed_images/scene0440_00/00248.jpg",
      "transform_matrix": [
        [
          0.561132,
          0.40334,
          -0.722805,
          2.753216
        ],
        [
          0.826112,
          -0.327413,
          0.458629,
          2.626398
        ],
        [
          -0.051672,
          -0.854469,
          -0.516926,
          1.452512
        ],
        [
          0.0,
          0.0,
          0.0,
          1.0
        ]
      ]
    },
    {
      "file_path": "/media/NFS/ttao/scannet/posed_images/scene0440_00/00250.jpg",
      "transform_matrix": [
        [
          0.557736,
          0.398152,
          -0.728289,
          2.757317
        ],
        [
          0.828178,
          -0.325339,
          0.456372,
          2.632153
        ],
        [
          -0.055236,
          -0.857688,
          -0.511194,
          1.456629
        ],
        [
          0.0,
          0.0,
          0.0,
          1.0
        ]
      ]
    },
    {
      "file_path": "/media/NFS/ttao/scannet/posed_images/scene0440_00/00255.jpg",
      "transform_matrix": [
        [
          0.567254,
          0.373942,
          -0.733751,
          2.758894
        ],
        [
          0.821447,
          -0.320445,
          0.471742,
          2.645651
        ],
        [
          -0.058723,
          -0.870335,
          -0.488947,
          1.467963
        ],
        [
          0.0,
          0.0,
          0.0,
          1.0
        ]
      ]
    },
    {
      "file_path": "/media/NFS/ttao/scannet/posed_images/scene0440_00/00257.jpg",
      "transform_matrix": [
        [
          0.568648,
          0.366568,
          -0.736388,
          2.755729
        ],
        [
          0.820055,
          -0.322738,
          0.4726,
          2.648094
        ],
        [
          -0.06442,
          -0.872622,
          -0.48413,
          1.474301
        ],
        [
          0.0,
          0.0,
          0.0,
          1.0
        ]
      ]
    },
    {
      "file_path": "/media/NFS/ttao/scannet/posed_images/scene0440_00/00263.jpg",
      "transform_matrix": [
        [
          0.564414,
          0.3204,
          -0.760776,
          2.725211
        ],
        [
          0.821458,
          -0.308991,
          0.479303,
          2.626733
        ],
        [
          -0.081505,
          -0.895471,
          -0.437594,
          1.508248
        ],
        [
          0.0,
          0.0,
          0.0,
          1.0
        ]
      ]
    },
    {
      "file_path": "/media/NFS/ttao/scannet/posed_images/scene0440_00/00267.jpg",
      "transform_matrix": [
        [
          0.565176,
          0.295173,
          -0.770356,
          2.695349
        ],
        [
          0.819562,
          -0.307638,
          0.483401,
          2.597699
        ],
        [
          -0.094304,
          -0.904562,
          -0.415783,
          1.523976
        ],
        [
          0.0,
          0.0,
          0.0,
          1.0
        ]
      ]
    },
    {
      "file_path": "/media/NFS/ttao/scannet/posed_images/scene0440_00/00271.jpg",
      "transform_matrix": [
        [
          0.568623,
          0.270178,
          -0.776963,
          2.664063
        ],
        [
          0.815691,
          -0.307339,
          0.490093,
          2.566963
        ],
        [
          -0.106378,
          -0.91244,
          -0.395142,
          1.538641
        ],
        [
          0.0,
          0.0,
          0.0,
          1.0
        ]
      ]
    },
    {
      "file_path": "/media/NFS/ttao/scannet/posed_images/scene0440_00/00274.jpg",
      "transform_matrix": [
        [
          0.581885,
          0.237217,
          -0.777906,
          2.627326
        ],
        [
          0.802769,
          -0.320758,
          0.50267,
          2.533735
        ],
        [
          -0.130278,
          -0.916975,
          -0.377074,
          1.555603
        ],
        [
          0.0,
          0.0,
          0.0,
          1.0
        ]
      ]
    },
    {
      "file_path": "/media/NFS/ttao/scannet/posed_images/scene0440_00/00276.jpg",
      "transform_matrix": [
        [
          0.586647,
          0.219467,
          -0.779537,
          2.611586
        ],
        [
          0.79665,
          -0.32943,
          0.506779,
          2.518795
        ],
        [
          -0.145582,
          -0.918319,
          -0.368098,
          1.561527
        ],
        [
          0.0,
          0.0,
          0.0,
          1.0
        ]
      ]
    },
    {
      "file_path": "/media/NFS/ttao/scannet/posed_images/scene0440_00/00282.jpg",
      "transform_matrix": [
        [
          0.640062,
          0.185234,
          -0.74566,
          2.567543
        ],
        [
          0.749517,
          -0.363945,
          0.552963,
          2.499604
        ],
        [
          -0.168951,
          -0.912816,
          -0.371784,
          1.570388
        ],
        [
          0.0,
          0.0,
          0.0,
          1.0
        ]
      ]
    },
    {
      "file_path": "/media/NFS/ttao/scannet/posed_images/scene0440_00/00284.jpg",
      "transform_matrix": [
        [
          0.666122,
          0.17551,
          -0.724898,
          2.552391
        ],
        [
          0.726898,
          -0.370436,
          0.57827,
          2.505042
        ],
        [
          -0.167036,
          -0.912125,
          -0.374334,
          1.572043
        ],
        [
          0.0,
          0.0,
          0.0,
          1.0
        ]
      ]
    },
    {
      "file_path": "/media/NFS/ttao/scannet/posed_images/scene0440_00/00291.jpg",
      "transform_matrix": [
        [
          0.760423,
          0.126572,
          -0.636975,
          2.482649
        ],
        [
          0.627774,
          -0.394428,
          0.671063,
          2.561446
        ],
        [
          -0.166303,
          -0.910168,
          -0.379391,
          1.583816
        ],
        [
          0.0,
          0.0,
          0.0,
          1.0
        ]
      ]
    },
    {
      "file_path": "/media/NFS/ttao/scannet/posed_images/scene0440_00/00294.jpg",
      "transform_matrix": [
        [
          0.780899,
          0.098449,
          -0.616851,
          2.452726
        ],
        [
          0.595951,
          -0.413338,
          0.688472,
          2.589221
        ],
        [
          -0.187188,
          -0.90524,
          -0.381447,
          1.586055
        ],
        [
          0.0,
          0.0,
          0.0,
          1.0
        ]
      ]
    },
    {
      "file_path": "/media/NFS/ttao/scannet/posed_images/scene0440_00/00295.jpg",
      "transform_matrix": [
        [
          0.786931,
          0.088263,
          -0.610696,
          2.442351
        ],
        [
          0.585473,
          -0.419318,
          0.693826,
          2.599298
        ],
        [
          -0.194837,
          -0.903539,
          -0.38165,
