{
  "frames": [
    {
      "file_path": "/media/NFS/ttao/scannet/posed_images/scene0039_00/00000.jpg",
      "transform_matrix": [
        [
          -0.070416,
          -0.411804,
          0.908548,
          2.214543
        ],
        [
          -0.99671,
          0.065705,
          -0.047468,
          1.806687
        ],
        [
          -0.040148,
          -0.908901,
          -0.415075,
          1.391502
        ],
        [
          0.0,
          0.0,
          0.0,
          1.0
        ]
      ]
    },
    {
      "file_path": "/media/NFS/ttao/scannet/posed_images/scene0039_00/00004.jpg",
      "transform_matrix": [
        [
          -0.078798,
          -0.401808,
          0.912327,
          2.214502
        ],
        [
          -0.996147,
          0.067086,
          -0.056491,
          1.810217
        ],
        [
          -0.038506,
          -0.913263,
          -0.405546,
          1.39288
        ],
        [
          0.0,
          0.0,
          0.0,
          1.0
        ]
      ]
    },
    {
      "file_path": "/media/NFS/ttao/scannet/posed_images/scene0039_00/00007.jpg",
      "transform_matrix": [
        [
          -0.080091,
          -0.400835,
          0.912643,
          2.21383
        ],
        [
          -0.996159,
          0.064702,
          -0.059003,
          1.809628
        ],
        [
          -0.035399,
          -0.913863,
          -0.404477,
          1.392522
        ],
        [
          0.0,
          0.0,
          0.0,
          1.0
        ]
      ]
    },
    {
      "file_path": "/media/NFS/ttao/scannet/posed_images/scene0039_00/00014.jpg",
      "transform_matrix": [
        [
          -0.082201,
          -0.390766,
          0.916813,
          2.210986
        ],
        [
          -0.996072,
          0.062602,
          -0.062625,
          1.809613
        ],
        [
          -0.032923,
          -0.918359,
          -0.394376,
          1.39815
        ],
        [
          0.0,
          0.0,
          0.0,
          1.0
        ]
      ]
    },
    {
      "file_path": "/media/NFS/ttao/scannet/posed_images/scene0039_00/00015.jpg",
      "transform_matrix": [
        [
          -0.081889,
          -0.391217,
          0.916648,
          2.21162
        ],
        [
          -0.996097,
          0.062526,
          -0.062302,
          1.809608
        ],
        [
          -0.032941,
          -0.918172,
          -0.39481,
          1.401532
        ],
        [
          0.0,
          0.0,
          0.0,
          1.0
        ]
      ]
    },
    {
      "file_path": "/media/NFS/ttao/scannet/posed_images/scene0039_00/00021.jpg",
      "transform_matrix": [
        [
          -0.068989,
          -0.387662,
          0.919216,
          2.20799
        ],
        [
          -0.99729,
          0.05043,
          -0.053581,
          1.809822
        ],
        [
          -0.025585,
          -0.920421,
          -0.39009,
          1.39854
        ],
        [
          0.0,
          0.0,
          0.0,
          1.0
        ]
      ]
    },
    {
      "file_path": "/media/NFS/ttao/scannet/posed_images/scene0039_00/00026.jpg",
      "transform_matrix": [
        [
          -0.061137,
          -0.383736,
          0.921417,
          2.207407
        ],
        [
          -0.997894,
          0.04357,
          -0.048066,
          1.81142
        ],
        [
          -0.021702,
          -0.922415,
          -0.385591,
          1.40022
        ],
        [
          0.0,
          0.0,
          0.0,
          1.0
        ]
      ]
    },
    {
      "file_path": "/media/NFS/ttao/scannet/posed_images/scene0039_00/00027.jpg",
      "transform_matrix": [
        [
          -0.060415,
          -0.382389,
          0.922024,
          2.205897
        ],
        [
          -0.997948,
          0.042765,
          -0.047654,
          1.81063
        ],
        [
          -0.021208,
          -0.923011,
          -0.384188,
          1.398071
        ],
        [
          0.0,
          0.0,
          0.0,
          1.0
        ]
      ]
    },
    {
      "file_path": "/media/NFS/ttao/scannet/posed_images/scene0039_00/00033.jpg",
      "transform_matrix": [
        [
          -0.060455,
          -0.380453,
          0.922822,
          2.206075
        ],
        [
          -0.997947,
          0.042648,
          -0.047794,
          1.808299
        ],
        [
          -0.021173,
          -0.923816,
          -0.38225,
          1.393432
        ],
        [
          0.0,
          0.0,
          0.0,
          1.0
        ]
      ]
    },
    {
      "file_path": "/media/NFS/ttao/scannet/posed_images/scene0039_00/00034.jpg",
      "transform_matrix": [
        [
          -0.058931,
          -0.380079,
          0.923075,
          2.206575
        ],
        [
          -0.998046,
          0.041667,
          -0.046561,
          1.809506
        ],
        [
          -0.020765,
          -0.924015,
          -0.381792,
          1.391862
        ],
        [
          0.0,
          0.0,
          0.0,
          1.0
        ]
      ]
    },
    {
      "file_path": "/media/NFS/ttao/scannet/posed_images/scene0039_00/00039.jpg",
      "transform_matrix": [
        [
          -0.0494,
          -0.392711,
          0.918334,
          2.208635
        ],
        [
          -0.998661,
          0.033569,
          -0.039366,
          1.815829
        ],
        [
          -0.015368,
          -0.919049,
          -0.393843,
          1.388503
        ],
        [
          0.0,
          0.0,
          0.0,
          1.0
        ]
      ]
    },
    {
      "file_path": "/media/NFS/ttao/scannet/posed_images/scene0039_00/00043.jpg",
      "transform_matrix": [
        [
          -0.037616,
          -0.39384,
          0.918409,
          2.206525
        ],
        [
          -0.999236,
          0.024569,
          -0.03039,
          1.814849
        ],
        [
          -0.010596,
          -0.918851,
          -0.394463,
          1.38782
        ],
        [
          0.0,
          0.0,
          0.0,
          1.0
        ]
      ]
    },
    {
      "file_path": "/media/NFS/ttao/scannet/posed_images/scene0039_00/00046.jpg",
      "transform_matrix": [
        [
          -0.036519,
          -0.395642,
          0.917679,
          2.212458
        ],
        [
          -0.999299,
          0.006828,
          -0.036824,
          1.823461
        ],
        [
          0.008304,
          -0.91838,
          -0.395613,
          1.37899
        ],
        [
          0.0,
          0.0,
          0.0,
          1.0
        ]
      ]
    },
    {
      "file_path": "/media/NFS/ttao/scannet/posed_images/scene0039_00/00051.jpg",
      "transform_matrix": [
        [
          -0.047809,
          -0.419132,
          0.906666,
          2.228648
        ],
        [
          -0.998852,
          0.017308,
          -0.044669,
          1.842093
        ],
        [
          0.00303,
          -0.90776,
          -0.419479,
          1.37111
        ],
        [
          0.0,
          0.0,
          0.0,
          1.0
        ]
      ]
    },
    {
      "file_path": "/media/NFS/ttao/scannet/posed_images/scene0039_00/00057.jpg",
      "transform_matrix": [
        [
          -0.053197,
          -0.444218,
          0.894338,
          2.244137
        ],
        [
          -0.99856,
          0.02984,
          -0.044575,
          1.879191
        ],
        [
          -0.006886,
          -0.895422,
          -0.445166,
          1.369193
        ],
        [
          0.0,
          0.0,
          0.0,
          1.0
        ]
      ]
    },
    {
      "file_path": "/media/NFS/ttao/scannet/posed_images/scene0039_00/00060.jpg",
      "transform_matrix": [
        [
          -0.127441,
          -0.430945,
          0.893334,
          2.264391
        ],
        [
          -0.991719,
          0.069788,
          -0.10781,
          1.958661
        ],
        [
          -0.015884,
          -0.899676,
          -0.43627,
          1.375223
        ],
        [
          0.0,
          0.0,
          0.0,
          1.0
        ]
      ]
    },
    {
      "file_path": "/media/NFS/ttao/scannet/posed_images/scene0039_00/00063.jpg",
      "transform_matrix": [
        [
          -0.185305,
          -0.428511,
          0.88433,
          2.279656
        ],
        [
          -0.982315,
          0.105322,
          -0.154802,
          2.012933
        ],
        [
          -0.026805,
          -0.897377,
          -0.44045,
          1.39017
        ],
        [
          0.0,
          0.0,
          0.0,
          1.0
        ]
      ]
    },
    {
      "file_path": "/media/NFS/ttao/scannet/posed_images/scene0039_00/00066.jpg",
      "transform_matrix": [
        [
          -0.234968,
          -0.415869,
          0.878546,
          2.286511
        ],
        [
          -0.970953,
          0.142436,
          -0.192259,
          2.06342
        ],
        [
          -0.045182,
          -0.898201,
          -0.437257,
          1.399901
        ],
        [
          0.0,
          0.0,
          0.0,
          1.0
        ]
      ]
    },
    {
      "file_path": "/media/NFS/ttao/scannet/posed_images/scene0039_00/00073.jpg",
      "transform_matrix": [
        [
          -0.324768,
          -0.385911,
          0.86348,
          2.289184
        ],
        [
          -0.944371,
          0.182369,
          -0.273687,
          2.152548
        ],
        [
          -0.051853,
          -0.904331,
          -0.423671,
          1.398706
        ],
        [
          0.0,
          0.0,
          0.0,
          1.0
        ]
      ]
    },
    {
      "file_path": "/media/NFS/ttao/scannet/posed_images/scene0039_00/00077.jpg",
      "transform_matrix": [
        [
          -0.357028,
          -0.373522,
          0.856161,
          2.306252
        ],
        [
          -0.932409,
          0.197532,
          -0.302646,
          2.194077
        ],
        [
          -0.056074,
          -0.906345,
          -0.4188,
          1.407128
        ],
        [
          0.0,
          0.0,
          0.0,
          1.0
        ]
      ]
    },
    {
      "file_path": "/media/NFS/ttao/scannet/posed_images/scene0039_00/00078.jpg",
      "transform_matrix": [
        [
          -0.363101,
          -0.369963,
          0.855152,
          2.309677
        ],
        [
          -0.930065,
          0.199081,
          -0.308781,
          2.201695
        ],
        [
          -0.056007,
          -0.907466,
          -0.416376,
          1.406959
        ],
        [
          0.0,
          0.0,
          0.0,
          1.0
        ]
      ]
    },
    {
      "file_path": "/media/NFS/ttao/scannet/posed_images/scene0039_00/00085.jpg",
      "transform_matrix": [
        [
          -0.432047,
          -0.354803,
          0.829126,
          2.375526
        ],
        [
          -0.897879,
          0.255425,
          -0.35857,
          2.266303
        ],
        [
          -0.084558,
          -0.899373,
          -0.428926,
          1.410105
        ],
        [
          0.0,
          0.0,
          0.0,
          1.0
        ]
      ]
    },
    {
      "file_path": "/media/NFS/ttao/scannet/posed_images/scene0039_00/00086.jpg",
      "transform_matrix": [
        [
          -0.444603,
          -0.352543,
          0.823433,
          2.386
        ],
        [
          -0.890812,
          0.270202,
          -0.3653,
          2.271501
        ],
        [
          -0.093709,
          -0.895938,
          -0.434182,
          1.412059
        ],
        [
          0.0,
          0.0,
          0.0,
          1.0
        ]
      ]
    },
    {
      "file_path": "/media/NFS/ttao/scannet/posed_images/scene0039_00/00090.jpg",
      "transform_matrix": [
        [
          -0.489854,
          -0.325877,
          0.808608,
          2.424289
        ],
        [
          -0.862695,
          0.314928,
          -0.3957,
          2.300633
        ],
        [
          -0.125703,
          -0.891417,
          -0.435401,
          1.414498
        ],
        [
          0.0,
          0.0,
          0.0,
          1.0
        ]
      ]
    },
    {
      "file_path": "/media/NFS/ttao/scannet/posed_images/scene0039_00/00097.jpg",
      "transform_matrix": [
        [
          -0.546225,
          -0.314778,
          0.776242,
          2.463907
        ],
        [
          -0.830188,
          0.326768,
          -0.451676,
          2.334432
        ],
        [
          -0.111474,
          -0.891144,
          -0.439814,
          1.415925
        ],
        [
          0.0,
          0.0,
          0.0,
          1.0
        ]
      ]
    },
    {
      "file_path": "/media/NFS/ttao/scannet/posed_images/scene0039_00/00099.jpg",
      "transform_matrix": [
        [
          -0.563802,
          -0.306468,
          0.766945,
          2.465786
        ],
        [
          -0.819229,
          0.325392,
          -0.472212,
          2.343026
        ],
        [
          -0.10484,
          -0.894538,
          -0.434524,
          1.407651
        ],
        [
          0.0,
          0.0,
          0.0,
          1.0
        ]
      ]
    },
    {
      "file_path": "/media/NFS/ttao/scannet/posed_images/scene0039_00/00103.jpg",
      "transform_matrix": [
        [
          -0.609269,
          -0.296017,
          0.73564,
          2.464231
        ],
        [
          -0.787735,
          0.332302,
          -0.518699,
          2.353618
        ],
        [
          -0.090911,
          -0.895516,
          -0.435644,
          1.423976
        ],
        [
          0.0,
          0.0,
          0.0,
          1.0
        ]
      ]
    },
    {
      "file_path": "/media/NFS/ttao/scannet/posed_images/scene0039_00/00105.jpg",
      "transform_matrix": [
        [
          -0.629933,
          -0.293109,
          0.719216,
          2.45909
        ],
        [
          -0.771441,
          0.343211,
          -0.535803,
          2.361107
        ],
        [
          -0.089794,
          -0.892353,
          -0.442316,
          1.434768
        ],
        [
          0.0,
          0.0,
          0.0,
          1.0
        ]
      ]
    },
    {
      "file_path": "/media/NFS/ttao/scannet/posed_images/scene0039_00/00110.jpg",
      "transform_matrix": [
        [
          -0.672963,
          -0.267928,
          0.689445,
          2.416865
        ],
        [
          -0.734141,
          0.355752,
          -0.57834,
          2.381591
        ],
        [
          -0.090318,
          -0.895352,
          -0.436105,
          1.432977
        ],
        [
          0.0,
          0.0,
          0.0,
          1.0
        ]
      ]
    },
    {
      "file_path": "/media/NFS/ttao/scannet/posed_images/scene0039_00/00116.jpg",
      "transform_matrix": [
        [
          -0.719338,
          -0.230581,
          0.655275,
          2.366436
        ],
        [
          -0.687893,
          0.367797,
          -0.625723,
          2.401928
        ],
        [
          -0.096729,
          -0.900865,
          -0.423185,
          1.439439
        ],
        [
          0.0,
          0.0,
          0.0,
          1.0
        ]
      ]
    },
    {
      "file_path": "/media/NFS/ttao/scannet/posed_images/scene0039_00/00117.jpg",
      "transform_matrix": [
        [
          -0.724327,
          -0.22056,
          0.653225,
          2.353263
        ],
        [
          -0.681303,
          0.374254,
          -0.629095,
          2.401751
        ],
        [
          -0.105719,
          -0.900715,
          -0.42135,
          1.44173
        ],
        [
          0.0,
          0.0,
          0.0,
          1.0
        ]
      ]
    },
    {
      "file_path": "/media/NFS/ttao/scannet/posed_images/scene0039_00/00124.jpg",
      "transform_matrix": [
        [
          -0.758268,
          -0.189715,
          0.623728,
          2.300346
        ],
        [
          -0.642592,
          0.378946,
          -0.665939,
          2.421005
        ],
        [
          -0.110021,
          -0.905764,
          -0.409253,
          1.441586
        ],
        [
          0.0,
          0.0,
          0.0,
          1.0
        ]
      ]
    },
    {
      "file_path": "/media/NFS/ttao/scannet/posed_images/scene0039_00/00126.jpg",
      "transform_matrix": [
        [
          -0.766615,
          -0.183636,
          0.615287,
          2.286316
        ],
        [
          -0.632554,
          0.380654,
          -0.674521,
          2.420115
        ],
        [
          -0.110345,
          -0.906301,
          -0.407975,
          1.448817
        ],
        [
          0.0,
          0.0,
          0.0,
          1.0
        ]
      ]
    },
    {
      "file_path": "/media/NFS/ttao/scannet/posed_images/scene0039_00/00129.jpg",
      "transform_matrix": [
        [
          -0.781394,
          -0.163894,
          0.602131,
          2.261645
        ],
        [
          -0.613071,
          0.381714,
          -0.691692,
          2.414685
        ],
        [
          -0.116478,
          -0.909633,
          -0.398748,
          1.444671
        ],
        [
          0.0,
          0.0,
          0.0,
          1.0
        ]
      ]
    },
    {
      "file_path": "/media/NFS/ttao/scannet/posed_images/scene0039_00/00136.jpg",
      "transform_matrix": [
        [
          -0.812865,
          -0.143427,
          0.564517,
          2.22342
        ],
        [
          -0.571793,
          0.381071,
          -0.726524,
          2.397837
        ],
        [
          -0.110918,
          -0.913353,
          -0.391769,
          1.437839
        ],
        [
          0.0,
          0.0,
          0.0,
          1.0
        ]
      ]
    },
    {
      "file_path": "/media/NFS/ttao/scannet/posed_images/scene0039_00/00137.jpg",
      "transform_matrix": [
        [
          -0.817484,
          -0.142196,
          0.558122,
          2.219275
        ],
        [
          -0.565799,
          0.379416,
          -0.732063,
          2.395052
        ],
        [
          -0.107664,
          -0.914234,
          -0.39062,
          1.433555
        ],
        [
          0.0,
          0.0,
          0.0,
          1.0
        ]
      ]
    },
    {
      "file_path": "/media/NFS/ttao/scannet/posed_images/scene0039_00/00142.jpg",
      "transform_matrix": [
        [
          -0.84179,
          -0.134839,
          0.522693,
          2.196087
        ],
        [
          -0.530367,
          0.386869,
          -0.754349,
          2.362206
        ],
        [
          -0.100498,
          -0.912223,
          -0.397177,
          1.430032
        ],
        [
          0.0,
          0.0,
          0.0,
          1.0
        ]
      ]
    },
    {
      "file_path": "/media/NFS/ttao/scannet/posed_images/scene0039_00/00146.jpg",
      "transform_matrix": [
        [
          -0.862111,
          -0.131411,
          0.489382,
          2.190313
        ],
        [
          -0.498416,
          0.394034,
          -0.772217,
          2.346097
        ],
        [
          -0.091356,
          -0.909653,
          -0.405198,
          1.423654
        ],
        [
          0.0,
          0.0,
          0.0,
          1.0
        ]
      ]
    },
    {
      "file_path": "/media/NFS/ttao/scannet/posed_images/scene0039_00/00149.jpg",
      "transform_matrix": [
        [
          -0.875026,
          -0.134486,
          0.465018,
          2.203129
        ],
        [
          -0.478277,
          0.388431,
          -0.787638,
          2.352812
        ],
        [
          -0.074701,
          -0.911611,
          -0.404209,
          1.414387
        ],
        [
          0.0,
          0.0,
          0.0,
          1.0
        ]
      ]
    },
    {
      "file_path": "/media/NFS/ttao/scannet/posed_images/scene0039_00/00156.jpg",
      "transform_matrix": [
        [
          -Infinity,
          -Infinity,
          -Infinity,
          -Infinity
        ],
        [
          -Infinity,
          -Infinity,
          -Infinity,
          -Infinity
        ],
        [
          -Infinity,
          -Infinity,
          -Infinity,
          -Infinity
        ],
        [
          -Infinity,
          -Infinity,
          -Infinity,
          -Infinity
        ]
      ]
    },
    {
      "file_path": "/media/NFS/ttao/scannet/posed_images/scene0039_00/00157.jpg",
      "transform_matrix": [
        [
          -Infinity,
          -Infinity,
          -Infinity,
          -Infinity
        ],
        [
          -Infinity,
          -Infinity,
          -Infinity,
          -Infinity
        ],
        [
          -Infinity,
          -Infinity,
          -Infinity,
          -Infinity
        ],
        [
          -Infinity,
          -Infinity,
          -Infinity,
          -Infinity
        ]
      ]
    },
    {
      "file_path": "/media/NFS/ttao/scannet/posed_images/scene0039_00/00163.jpg",
      "transform_matrix": [
        [
          -Infinity,
          -Infinity,
          -Infinity,
          -Infinity
        ],
        [
          -Infinity,
          -Infinity,
          -Infinity,
          -Infinity
        ],
        [
          -Infinity,
          -Infinity,
          -Infinity,
          -Infinity
        ],
        [
          -Infinity,
          -Infinity,
          -Infinity,
          -Infinity
        ]
      ]
    },
    {
      "file_path": "/media/NFS/ttao/scannet/posed_images/scene0039_00/00168.jpg",
      "transform_matrix": [
        [
          -Infinity,
          -Infinity,
          -Infinity,
          -Infinity
        ],
        [
          -Infinity,
          -Infinity,
          -Infinity,
          -Infinity
        ],
        [
          -Infinity,
          -Infinity,
          -Infinity,
          -Infinity
        ],
        [
          -Infinity,
          -Infinity,
          -Infinity,
          -Infinity
        ]
      ]
    },
    {
      "file_path": "/media/NFS/ttao/scannet/posed_images/scene0039_00/00172.jpg",
      "transform_matrix": [
        [
          -Infinity,
          -Infinity,
          -Infinity,
          -Infinity
        ],
        [
          -Infinity,
          -Infinity,
          -Infinity,
          -Infinity
        ],
        [
          -Infinity,
          -Infinity,
          -Infinity,
          -Infinity
        ],
        [
          -Infinity,
          -Infinity,
          -Infinity,
          -Infinity
        ]
      ]
    },
    {
      "file_path": "/media/NFS/ttao/scannet/posed_images/scene0039_00/00175.jpg",
      "transform_matrix": [
        [
          -Infinity,
          -Infinity,
          -Infinity,
          -Infinity
        ],
        [
          -Infinity,
          -Infinity,
          -Infinity,
          -Infinity
        ],
        [
          -Infinity,
          -Infinity,
          -Infinity,
          -Infinity
        ],
        [
          -Infinity,
          -Infinity,
          -Infinity,
          -Infinity
        ]
      ]
    },
    {
      "file_path": "/media/NFS/ttao/scannet/posed_images/scene0039_00/00180.jpg",
      "transform_matrix": [
        [
          -Infinity,
          -Infinity,
          -Infinity,
          -Infinity
        ],
        [
          -Infinity,
          -Infinity,
          -Infinity,
          -Infinity
        ],
        [
          -Infinity,
          -Infinity,
          -Infinity,
          -Infinity
        ],
        [
          -Infinity,
          -Infinity,
          -Infinity,
          -Infinity
        ]
      ]
    },
    {
      "file_path": "/media/NFS/ttao/scannet/posed_images/scene0039_00/00181.jpg",
      "transform_matrix": [
        [
          -Infinity,
          -Infinity,
          -Infinity,
          -Infinity
        ],
        [
          -Infinity,
          -Infinity,
          -Infinity,
          -Infinity
        ],
        [
          -Infinity,
          -Infinity,
          -Infinity,
          -Infinity
        ],
        [
          -Infinity,
          -Infinity,
          -Infinity,
          -Infinity
        ]
      ]
    },
    {
      "file_path": "/media/NFS/ttao/scannet/posed_images/scene0039_00/00187.jpg",
      "transform_matrix": [
        [
          -Infinity,
          -Infinity,
          -Infinity,
          -Infinity
        ],
        [
          -Infinity,
          -Infinity,
          -Infinity,
          -Infinity
        ],
        [
          -Infinity,
          -Infinity,
          -Infinity,
          -Infinity
        ],
        [
          -Infinity,
          -Infinity,
          -Infinity,
          -Infinity
        ]
      ]
    },
    {
      "file_path": "/media/NFS/ttao/scannet/posed_images/scene0039_00/00189.jpg",
      "transform_matrix": [
        [
          -Infinity,
          -Infinity,
          -Infinity,
          -Infinity
        ],
        [
          -Infinity,
          -Infinity,
          -Infinity,
          -Infinity
        ],
        [
          -Infinity,
          -Infinity,
          -Infinity,
          -Infinity
        ],
        [
          -Infinity,
          -Infinity,
          -Infinity,
          -Infinity
        ]
      ]
    },
    {
      "file_path": "/media/NFS/ttao/scannet/posed_images/scene0039_00/00195.jpg",
      "transform_matrix": [
        [
          -Infinity,
          -Infinity,
          -Infinity,
          -Infinity
        ],
        [
          -Infinity,
          -Infinity,
          -Infinity,
          -Infinity
        ],
        [
          -Infinity,
          -Infinity,
          -Infinity,
          -Infinity
        ],
        [
          -Infinity,
          -Infinity,
          -Infinity,
          -Infinity
        ]
      ]
    },
    {
      "file_path": "/media/NFS/ttao/scannet/posed_images/scene0039_00/00197.jpg",
      "transform_matrix": [
        [
          -Infinity,
          -Infinity,
          -Infinity,
          -Infinity
        ],
        [
          -Infinity,
          -Infinity,
          -Infinity,
          -Infinity
        ],
        [
          -Infinity,
          -Infinity,
          -Infinity,
          -Infinity
        ],
        [
          -Infinity,
          -Infinity,
          -Infinity,
          -Infinity
        ]
      ]
    },
    {
      "file_path": "/media/NFS/ttao/scannet/posed_images/scene0039_00/00200.jpg",
      "transform_matrix": [
        [
          -Infinity,
          -Infinity,
          -Infinity,
          -Infinity
        ],
        [
          -Infinity,
          -Infinity,
          -Infinity,
          -Infinity
        ],
        [
          -Infinity,
          -Infinity,
          -Infinity,
          -Infinity
        ],
        [
          -Infinity,
          -Infinity,
          -Infinity,
          -Infinity
        ]
      ]
    },
    {
      "file_path": "/media/NFS/ttao/scannet/posed_images/scene0039_00/00207.jpg",
      "transform_matrix": [
        [
          -Infinity,
          -Infinity,
          -Infinity,
          -Infinity
        ],
        [
          -Infinity,
          -Infinity,
          -Infinity,
          -Infinity
        ],
        [
          -Infinity,
          -Infinity,
          -Infinity,
          -Infinity
        ],
        [
          -Infinity,
          -Infinity,
          -Infinity,
          -Infinity
        ]
      ]
    },
    {
      "file_path": "/media/NFS/ttao/scannet/posed_images/scene0039_00/00208.jpg",
      "transform_matrix": [
        [
          -Infinity,
          -Infinity,
          -Infinity,
          -Infinity
        ],
        [
          -Infinity,
          -Infinity,
          -Infinity,
          -Infinity
        ],
        [
          -Infinity,
          -Infinity,
          -Infinity,
          -Infinity
        ],
        [
          -Infinity,
          -Infinity,
          -Infinity,
          -Infinity
        ]
      ]
    },
    {
      "file_path": "/media/NFS/ttao/scannet/posed_images/scene0039_00/00212.jpg",
      "transform_matrix": [
        [
          -Infinity,
          -Infinity,
          -Infinity,
          -Infinity
        ],
        [
          -Infinity,
          -Infinity,
          -Infinity,
          -Infinity
        ],
        [
          -Infinity,
          -Infinity,
          -Infinity,
          -Infinity
        ],
        [
          -Infinity,
          -Infinity,
          -Infinity,
          -Infinity
        ]
      ]
    },
    {
      "file_path": "/media/NFS/ttao/scannet/posed_images/scene0039_00/00219.jpg",
      "transform_matrix": [
        [
          -Infinity,
          -Infinity,
          -Infinity,
          -Infinity
        ],
        [
          -Infinity,
          -Infinity,
          -Infinity,
          -Infinity
        ],
        [
          -Infinity,
          -Infinity,
          -Infinity,
          -Infinity
        ],
        [
          -Infinity,
          -Infinity,
          -Infinity,
          -Infinity
        ]
      ]
    },
    {
      "file_path": "/media/NFS/ttao/scannet/posed_images/scene0039_00/00223.jpg",
      "transform_matrix": [
        [
          -Infinity,
          -Infinity,
          -Infinity,
          -Infinity
        ],
        [
          -Infinity,
          -Infinity,
          -Infinity,
          -Infinity
        ],
        [
          -Infinity,
          -Infinity,
          -Infinity,
          -Infinity
        ],
        [
          -Infinity,
          -Infinity,
          -Infinity,
          -Infinity
        ]
      ]
    },
    {
      "file_path": "/media/NFS/ttao/scannet/posed_images/scene0039_00/00227.jpg",
      "transform_matrix": [
        [
          -Infinity,
          -Infinity,
          -Infinity,
          -Infinity
        ],
        [
          -Infinity,
          -Infinity,
          -Infinity,
          -Infinity
        ],
        [
          -Infinity,
          -Infinity,
          -Infinity,
          -Infinity
        ],
        [
          -Infinity,
          -Infinity,
          -Infinity,
          -Infinity
        ]
      ]
    },
    {
      "file_path": "/media/NFS/ttao/scannet/posed_images/scene0039_00/00229.jpg",
      "transform_matrix": [
        [
          -Infinity,
          -Infinity,
          -Infinity,
          -Infinity
        ],
        [
          -Infinity,
          -Infinity,
          -Infinity,
          -Infinity
        ],
        [
          -Infinity,
          -Infinity,
          -Infinity,
          -Infinity
        ],
        [
          -Infinity,
          -Infinity,
          -Infinity,
          -Infinity
        ]
      ]
    },
    {
      "file_path": "/media/NFS/ttao/scannet/posed_images/scene0039_00/00232.jpg",
      "transform_matrix": [
        [
          -Infinity,
          -Infinity,
          -Infinity,
          -Infinity
        ],
        [
          -Infinity,
          -Infinity,
          -Infinity,
          -Infinity
        ],
        [
          -Infinity,
          -Infinity,
          -Infinity,
          -Infinity
        ],
        [
          -Infinity,
          -Infinity,
          -Infinity,
          -Infinity
        ]
      ]
    },
    {
      "file_path": "/media/NFS/ttao/scannet/posed_images/scene0039_00/00236.jpg",
      "transform_matrix": [
        [
          -Infinity,
          -Infinity,
          -Infinity,
          -Infinity
        ],
        [
          -Infinity,
          -Infinity,
          -Infinity,
          -Infinity
        ],
        [
          -Infinity,
          -Infinity,
          -Infinity,
          -Infinity
        ],
        [
          -Infinity,
          -Infinity,
          -Infinity,
          -Infinity
        ]
      ]
    },
    {
      "file_path": "/media/NFS/ttao/scannet/posed_images/scene0039_00/00243.jpg",
      "transform_matrix": [
        [
          -Infinity,
          -Infinity,
          -Infinity,
          -Infinity
        ],
        [
          -Infinity,
          -Infinity,
          -Infinity,
          -Infinity
        ],
        [
          -Infinity,
          -Infinity,
          -Infinity,
          -Infinity
        ],
        [
          -Infinity,
          -Infinity,
          -Infinity,
          -Infinity
        ]
      ]
    },
    {
      "file_path": "/media/NFS/ttao/scannet/posed_images/scene0039_00/00246.jpg",
      "transform_matrix": [
        [
          -Infinity,
          -Infinity,
          -Infinity,
          -Infinity
        ],
        [
          -Infinity,
          -Infinity,
          -Infinity,
          -Infinity
        ],
        [
          -Infinity,
          -Infinity,
          -Infinity,
          -Infinity
        ],
        [
          -Infinity,
          -Infinity,
          -Infinity,
          -Infinity
        ]
      ]
    },
    {
      "file_path": "/media/NFS/ttao/scannet/posed_images/scene0039_00/00247.jpg",
      "transform_matrix": [
        [
          -Infinity,
          -Infinity,
          -Infinity,
          -Infinity
        ],
        [
          -Infinity,
          -Infinity,
          -Infinity,
          -Infinity
        ],
        [
          -Infinity,
          -Infinity,
          -Infinity,
          -Infinity
        ],
        [
          -Infinity,
          -Infinity,
          -Infinity,
          -Infinity
        ]
      ]
    },
    {
      "file_path": "/media/NFS/ttao/scannet/posed_images/scene0039_00/00255.jpg",
      "transform_matrix": [
        [
          -Infinity,
          -Infinity,
          -Infinity,
          -Infinity
        ],
        [
          -Infinity,
          -Infinity,
          -Infinity,
          -Infinity
        ],
        [
          -Infinity,
          -Infinity,
          -Infinity,
          -Infinity
        ],
        [
          -Infinity,
          -Infinity,
          -Infinity,
          -Infinity
        ]
      ]
    },
    {
      "file_path": "/media/NFS/ttao/scannet/posed_images/scene0039_00/00256.jpg",
      "transform_matrix": [
        [
          -Infinity,
          -Infinity,
          -Infinity,
          -Infinity
        ],
        [
          -Infinity,
          -Infinity,
          -Infinity,
          -Infinity
        ],
        [
          -Infinity,
          -Infinity,
          -Infinity,
          -Infinity
        ],
        [
          -Infinity,
          -Infinity,
          -Infinity,
          -Infinity
        ]
      ]
    },
    {
      "file_path": "/media/NFS/ttao/scannet/posed_images/scene0039_00/00262.jpg",
      "transform_matrix": [
        [
          -Infinity,
          -Infinity,
          -Infinity,
          -Infinity
        ],
        [
          -Infinity,
          -Infinity,
          -Infinity,
          -Infinity
        ],
        [
          -Infinity,
          -Infinity,
          -Infinity,
          -Infinity
        ],
        [
          -Infinity,
          -Infinity,
          -Infinity,
          -Infinity
        ]
      ]
    },
    {
      "file_path": "/media/NFS/ttao/scannet/posed_images/scene0039_00/00266.jpg",
      "transform_matrix": [
        [
          -Infinity,
          -Infinity,
          -Infinity,
          -Infinity
        ],
        [
          -Infinity,
          -Infinity,
          -Infinity,
          -Infinity
        ],
        [
          -Infinity,
          -Infinity,
          -Infinity,
          -Infinity
        ],
        [
          -Infinity,
          -Infinity,
          -Infinity,
          -Infinity
        ]
      ]
    },
    {
      "file_path": "/media/NFS/ttao/scannet/posed_images/scene0039_00/00269.jpg",
      "transform_matrix": [
        [
          -Infinity,
          -Infinity,
          -Infinity,
          -Infinity
        ],
        [
          -Infinity,
          -Infinity,
          -Infinity,
          -Infinity
        ],
        [
          -Infinity,
          -Infinity,
          -Infinity,
          -Infinity
        ],
        [
          -Infinity,
          -Infinity,
          -Infinity,
          -Infinity
        ]
      ]
    },
    {
      "file_path": "/media/NFS/ttao/scannet/posed_images/scene0039_00/00271.jpg",
      "transform_matrix": [
        [
          -Infinity,
          -Infinity,
          -Infinity,
          -Infinity
        ],
        [
          -Infinity,
          -Infinity,
          -Infinity,
          -Infinity
        ],
        [
          -Infinity,
          -Infinity,
          -Infinity,
          -Infinity
        ],
        [
          -Infinity,
          -Infinity,
          -Infinity,
          -Infinity
        ]
      ]
    },
    {
      "file_path": "/media/NFS/ttao/scannet/posed_images/scene0039_00/00277.jpg",
      "transform_matrix": [
        [
          -Infinity,
          -Infinity,
          -Infinity,
          -Infinity
        ],
        [
          -Infinity,
          -Infinity,
          -Infinity,
          -Infinity
        ],
        [
          -Infinity,
          -Infinity,
          -Infinity,
          -Infinity
        ],
        [
          -Infinity,
          -Infinity,
          -Infinity,
          -Infinity
        ]
      ]
    },
    {
      "file_path": "/media/NFS/ttao/scannet/posed_images/scene0039_00/00282.jpg",
      "transform_matrix": [
        [
          -Infinity,
          -Infinity,
          -Infinity,
          -Infinity
        ],
        [
          -Infinity,
          -Infinity,
          -Infinity,
          -Infinity
        ],
        [
          -Infinity,
          -Infinity,
          -Infinity,
          -Infinity
        ],
        [
          -Infinity,
          -Infinity,
          -Infinity,
          -Infinity
        ]
      ]
    },
    {
      "file_path": "/media/NFS/ttao/scannet/posed_images/scene0039_00/00283.jpg",
      "transform_matrix": [
        [
          -Infinity,
          -Infinity,
          -Infinity,
          -Infinity
        ],
        [
          -Infinity,
          -Infinity,
          -Infinity,
          -Infinity
        ],
        [
          -Infinity,
          -Infinity,
          -Infinity,
          -Infinity
        ],
        [
          -Infinity,
          -Infinity,
          -Infinity,
          -Infinity
        ]
      ]
    },
    {
      "file_path": "/media/NFS/ttao/scannet/posed_images/scene0039_00/00288.jpg",
      "transform_matrix": [
        [
          -Infinity,
          -Infinity,
          -Infinity,
          -Infinity
        ],
        [
          -Infinity,
          -Infinity,
          -Infinity,
          -Infinity
        ],
        [
          -Infinity,
          -Infinity,
          -Infinity,
          -Infinity
        ],
        [
          -Infinity,
          -Infinity,
          -Infinity,
          -Infinity
        ]
      ]
    },
    {
      "file_path": "/media/NFS/ttao/scannet/posed_images/scene0039_00/00292.jpg",
      "transform_matrix": [
        [
          -Infinity,
          -Infinity,
          -Infinity,
          -Infinity
        ],
        [
          -Infinity,
          -Infinity,
          -Infinity,
          -Infinity
        ],
        [
          -Infinity,
          -Infinity,
          -Infinity,
          -Infinity
        ],
        [
          -Infinity,
          -Infinity,
          -Infinity,
          -Infinity
        ]
      ]
    },
    {
      "file_path": "/media/NFS/ttao/scannet/posed_images/scene0039_00/00296.jpg",
      "transform_matrix": [
        [
          -Infinity,
          -Infinity,
          -Infinity,
          -Infinity
        ],
