{
  "frames": [
    {
      "file_path": "/media/NFS/ttao/scannet/posed_images/scene0602_00/00000.jpg",
      "transform_matrix": [
        [
          -0.97431,
          -0.134746,
          0.180456,
          3.097041
        ],
        [
          -0.225063,
          0.611738,
          -0.758369,
          2.375813
        ],
        [
          -0.008205,
          -0.7795,
          -0.626348,
          1.480264
        ],
        [
          0.0,
          0.0,
          0.0,
          1.0
        ]
      ]
    },
    {
      "file_path": "/media/NFS/ttao/scannet/posed_images/scene0602_00/00002.jpg",
      "transform_matrix": [
        [
          -0.974492,
          -0.142896,
          0.173048,
          3.095831
        ],
        [
          -0.224402,
          0.610178,
          -0.75982,
          2.391334
        ],
        [
          0.002985,
          -0.779271,
          -0.62668,
          1.476635
        ],
        [
          0.0,
          0.0,
          0.0,
          1.0
        ]
      ]
    },
    {
      "file_path": "/media/NFS/ttao/scannet/posed_images/scene0602_00/00007.jpg",
      "transform_matrix": [
        [
          -0.973844,
          -0.136588,
          0.181583,
          3.092747
        ],
        [
          -0.227167,
          0.602383,
          -0.765199,
          2.399781
        ],
        [
          -0.004866,
          -0.786434,
          -0.617655,
          1.48594
        ],
        [
          0.0,
          0.0,
          0.0,
          1.0
        ]
      ]
    },
    {
      "file_path": "/media/NFS/ttao/scannet/posed_images/scene0602_00/00010.jpg",
      "transform_matrix": [
        [
          -0.972661,
          -0.138511,
          0.186403,
          3.093389
        ],
        [
          -0.232227,
          0.585111,
          -0.776991,
          2.409243
        ],
        [
          -0.001445,
          -0.799037,
          -0.601281,
          1.485331
        ],
        [
          0.0,
          0.0,
          0.0,
          1.0
        ]
      ]
    },
    {
      "file_path": "/media/NFS/ttao/scannet/posed_images/scene0602_00/00012.jpg",
      "transform_matrix": [
        [
          -0.971394,
          -0.139431,
          0.19223,
          3.09322
        ],
        [
          -0.23745,
          0.581666,
          -0.777999,
          2.407578
        ],
        [
          -0.003337,
          -0.801389,
          -0.598135,
          1.493165
        ],
        [
          0.0,
          0.0,
          0.0,
          1.0
        ]
      ]
    },
    {
      "file_path": "/media/NFS/ttao/scannet/posed_images/scene0602_00/00014.jpg",
      "transform_matrix": [
        [
          -0.969293,
          -0.138205,
          0.203398,
          3.092984
        ],
        [
          -0.245785,
          0.570765,
          -0.783465,
          2.412496
        ],
        [
          -0.007814,
          -0.809399,
          -0.587207,
          1.499882
        ],
        [
          0.0,
          0.0,
          0.0,
          1.0
        ]
      ]
    },
    {
      "file_path": "/media/NFS/ttao/scannet/posed_images/scene0602_00/00018.jpg",
      "transform_matrix": [
        [
          -0.968007,
          -0.137461,
          0.209921,
          3.094471
        ],
        [
          -0.250893,
          0.543247,
          -0.801209,
          2.420834
        ],
        [
          -0.003904,
          -0.828244,
          -0.560355,
          1.508519
        ],
        [
          0.0,
          0.0,
          0.0,
          1.0
        ]
      ]
    },
    {
      "file_path": "/media/NFS/ttao/scannet/posed_images/scene0602_00/00021.jpg",
      "transform_matrix": [
        [
          -0.966497,
          -0.135159,
          0.21821,
          3.094348
        ],
        [
          -0.256629,
          0.525351,
          -0.811263,
          2.423709
        ],
        [
          -0.004987,
          -0.840083,
          -0.542436,
          1.52259
        ],
        [
          0.0,
          0.0,
          0.0,
          1.0
        ]
      ]
    },
    {
      "file_path": "/media/NFS/ttao/scannet/posed_images/scene0602_00/00023.jpg",
      "transform_matrix": [
        [
          -0.96489,
          -0.128706,
          0.228957,
          3.095448
        ],
        [
          -0.262479,
          0.504175,
          -0.822747,
          2.43055
        ],
        [
          -0.009542,
          -0.853957,
          -0.520257,
          1.527678
        ],
        [
          0.0,
          0.0,
          0.0,
          1.0
        ]
      ]
    },
    {
      "file_path": "/media/NFS/ttao/scannet/posed_images/scene0602_00/00025.jpg",
      "transform_matrix": [
        [
          -0.963149,
          -0.126986,
          0.237104,
          3.094709
        ],
        [
          -0.268706,
          0.493155,
          -0.827402,
          2.431191
        ],
        [
          -0.01186,
          -0.860623,
          -0.509104,
          1.535693
        ],
        [
          0.0,
          0.0,
          0.0,
          1.0
        ]
      ]
    },
    {
      "file_path": "/media/NFS/ttao/scannet/posed_images/scene0602_00/00027.jpg",
      "transform_matrix": [
        [
          -0.962233,
          -0.123952,
          0.242368,
          3.094808
        ],
        [
          -0.271942,
          0.478264,
          -0.835052,
          2.435013
        ],
        [
          -0.012409,
          -0.869425,
          -0.493909,
          1.540791
        ],
        [
          0.0,
          0.0,
          0.0,
          1.0
        ]
      ]
    },
    {
      "file_path": "/media/NFS/ttao/scannet/posed_images/scene0602_00/00032.jpg",
      "transform_matrix": [
        [
          -0.960873,
          -0.106108,
          0.25586,
          3.091986
        ],
        [
          -0.27616,
          0.438396,
          -0.855304,
          2.440578
        ],
        [
          -0.021414,
          -0.892497,
          -0.450546,
          1.557961
        ],
        [
          0.0,
          0.0,
          0.0,
          1.0
        ]
      ]
    },
    {
      "file_path": "/media/NFS/ttao/scannet/posed_images/scene0602_00/00034.jpg",
      "transform_matrix": [
        [
          -0.959162,
          -0.098456,
          0.265169,
          3.089695
        ],
        [
          -0.281515,
          0.423513,
          -0.861038,
          2.44374
        ],
        [
          -0.027529,
          -0.900524,
          -0.433934,
          1.56325
        ],
        [
          0.0,
          0.0,
          0.0,
          1.0
        ]
      ]
    },
    {
      "file_path": "/media/NFS/ttao/scannet/posed_images/scene0602_00/00036.jpg",
      "transform_matrix": [
        [
          -0.958191,
          -0.095943,
          0.269564,
          3.089447
        ],
        [
          -0.284854,
          0.40871,
          -0.867072,
          2.445667
        ],
        [
          -0.026984,
          -0.907608,
          -0.418952,
          1.572034
        ],
        [
          0.0,
          0.0,
          0.0,
          1.0
        ]
      ]
    },
    {
      "file_path": "/media/NFS/ttao/scannet/posed_images/scene0602_00/00040.jpg",
      "transform_matrix": [
        [
          -0.958557,
          -0.082615,
          0.272659,
          3.085972
        ],
        [
          -0.283311,
          0.377351,
          -0.881669,
          2.451163
        ],
        [
          -0.030049,
          -0.922378,
          -0.385118,
          1.578017
        ],
        [
          0.0,
          0.0,
          0.0,
          1.0
        ]
      ]
    },
    {
      "file_path": "/media/NFS/ttao/scannet/posed_images/scene0602_00/00043.jpg",
      "transform_matrix": [
        [
          -0.956765,
          -0.077185,
          0.280434,
          3.082208
        ],
        [
          -0.288966,
          0.362166,
          -0.886191,
          2.449172
        ],
        [
          -0.033163,
          -0.928912,
          -0.368812,
          1.593056
        ],
        [
          0.0,
          0.0,
          0.0,
          1.0
        ]
      ]
    },
    {
      "file_path": "/media/NFS/ttao/scannet/posed_images/scene0602_00/00045.jpg",
      "transform_matrix": [
        [
          -0.956218,
          -0.073444,
          0.283288,
          3.082797
        ],
        [
          -0.290695,
          0.350188,
          -0.89043,
          2.451397
        ],
        [
          -0.033808,
          -0.933796,
          -0.356206,
          1.59851
        ],
        [
          0.0,
          0.0,
          0.0,
          1.0
        ]
      ]
    },
    {
      "file_path": "/media/NFS/ttao/scannet/posed_images/scene0602_00/00048.jpg",
      "transform_matrix": [
        [
          -0.953829,
          -0.067262,
          0.292722,
          3.081638
        ],
        [
          -0.298,
          0.333636,
          -0.894362,
          2.455446
        ],
        [
          -0.037506,
          -0.940299,
          -0.338276,
          1.603246
        ],
        [
          0.0,
          0.0,
          0.0,
          1.0
        ]
      ]
    },
    {
      "file_path": "/media/NFS/ttao/scannet/posed_images/scene0602_00/00051.jpg",
      "transform_matrix": [
        [
          -0.95243,
          -0.065353,
          0.297668,
          3.085427
        ],
        [
          -0.302622,
          0.318244,
          -0.89841,
          2.461432
        ],
        [
          -0.036017,
          -0.945754,
          -0.322883,
          1.605965
        ],
        [
          0.0,
          0.0,
          0.0,
          1.0
        ]
      ]
    },
    {
      "file_path": "/media/NFS/ttao/scannet/posed_images/scene0602_00/00054.jpg",
      "transform_matrix": [
        [
          -0.949795,
          -0.066549,
          0.305712,
          3.086863
        ],
        [
          -0.310907,
          0.31008,
          -0.898436,
          2.464408
        ],
        [
          -0.035005,
          -0.948379,
          -0.315203,
          1.610261
        ],
        [
          0.0,
          0.0,
          0.0,
          1.0
        ]
      ]
    },
    {
      "file_path": "/media/NFS/ttao/scannet/posed_images/scene0602_00/00056.jpg",
      "transform_matrix": [
        [
          -0.94803,
          -0.068564,
          0.310705,
          3.088377
        ],
        [
          -0.316423,
          0.305643,
          -0.898031,
          2.466744
        ],
        [
          -0.033393,
          -0.949675,
          -0.311454,
          1.612952
        ],
        [
          0.0,
          0.0,
          0.0,
          1.0
        ]
      ]
    },
    {
      "file_path": "/media/NFS/ttao/scannet/posed_images/scene0602_00/00059.jpg",
      "transform_matrix": [
        [
          -0.94576,
          -0.070657,
          0.31709,
          3.08892
        ],
        [
          -0.323339,
          0.299289,
          -0.897707,
          2.46929
        ],
        [
          -0.031472,
          -0.951543,
          -0.305902,
          1.617491
        ],
        [
          0.0,
          0.0,
          0.0,
          1.0
        ]
      ]
    },
    {
      "file_path": "/media/NFS/ttao/scannet/posed_images/scene0602_00/00062.jpg",
      "transform_matrix": [
        [
          -0.945202,
          -0.070763,
          0.318726,
          3.091345
        ],
        [
          -0.325008,
          0.296766,
          -0.897942,
          2.471124
        ],
        [
          -0.031046,
          -0.952325,
          -0.303502,
          1.61707
        ],
        [
          0.0,
          0.0,
          0.0,
          1.0
        ]
      ]
    },
    {
      "file_path": "/media/NFS/ttao/scannet/posed_images/scene0602_00/00065.jpg",
      "transform_matrix": [
        [
          -0.945166,
          -0.070571,
          0.318876,
          3.090438
        ],
        [
          -0.325064,
          0.297591,
          -0.897649,
          2.471206
        ],
        [
          -0.031546,
          -0.952082,
          -0.304213,
          1.614583
        ],
        [
          0.0,
          0.0,
          0.0,
          1.0
        ]
      ]
    },
    {
      "file_path": "/media/NFS/ttao/scannet/posed_images/scene0602_00/00066.jpg",
      "transform_matrix": [
        [
          -0.945423,
          -0.069236,
          0.318404,
          3.091102
        ],
        [
          -0.324208,
          0.297702,
          -0.897921,
          2.470638
        ],
        [
          -0.032621,
          -0.952145,
          -0.303901,
          1.61614
        ],
        [
          0.0,
          0.0,
          0.0,
          1.0
        ]
      ]
    },
    {
      "file_path": "/media/NFS/ttao/scannet/posed_images/scene0602_00/00068.jpg",
      "transform_matrix": [
        [
          -0.944744,
          -0.067392,
          0.320806,
          3.091662
        ],
        [
          -0.326201,
          0.290064,
          -0.899698,
          2.46987
        ],
        [
          -0.032422,
          -0.954632,
          -0.29602,
          1.618311
        ],
        [
          0.0,
          0.0,
          0.0,
          1.0
        ]
      ]
    },
    {
      "file_path": "/media/NFS/ttao/scannet/posed_images/scene0602_00/00072.jpg",
      "transform_matrix": [
        [
          -0.941077,
          -0.060635,
          0.332711,
          3.0888
        ],
        [
          -0.336264,
          0.272643,
          -0.901439,
          2.466571
        ],
        [
          -0.036052,
          -0.960203,
          -0.276968,
          1.634722
        ],
        [
          0.0,
          0.0,
          0.0,
          1.0
        ]
      ]
    },
    {
      "file_path": "/media/NFS/ttao/scannet/posed_images/scene0602_00/00076.jpg",
      "transform_matrix": [
        [
          -0.941796,
          -0.053041,
          0.331975,
          3.087646
        ],
        [
          -0.333977,
          0.260611,
          -0.905837,
          2.464954
        ],
        [
          -0.03847,
          -0.963986,
          -0.263157,
          1.645555
        ],
        [
          0.0,
          0.0,
          0.0,
          1.0
        ]
      ]
    },
    {
      "file_path": "/media/NFS/ttao/scannet/posed_images/scene0602_00/00078.jpg",
      "transform_matrix": [
        [
          -0.942686,
          -0.050283,
          0.329869,
          3.087667
        ],
        [
          -0.331694,
          0.248896,
          -0.909962,
          2.465284
        ],
        [
          -0.036347,
          -0.967224,
          -0.251309,
          1.646053
        ],
        [
          0.0,
          0.0,
          0.0,
          1.0
        ]
      ]
    },
    {
      "file_path": "/media/NFS/ttao/scannet/posed_images/scene0602_00/00081.jpg",
      "transform_matrix": [
        [
          -0.944147,
          -0.045988,
          0.3263,
          3.084852
        ],
        [
          -0.327634,
          0.236924,
          -0.914616,
          2.468812
        ],
        [
          -0.035247,
          -0.970439,
          -0.238758,
          1.632634
        ],
        [
          0.0,
          0.0,
          0.0,
          1.0
        ]
      ]
    },
    {
      "file_path": "/media/NFS/ttao/scannet/posed_images/scene0602_00/00082.jpg",
      "transform_matrix": [
        [
          -0.944721,
          -0.046264,
          0.324594,
          3.084959
        ],
        [
          -0.325949,
          0.23967,
          -0.914503,
          2.467825
        ],
        [
          -0.035486,
          -0.969752,
          -0.241501,
          1.632361
        ],
        [
          0.0,
          0.0,
          0.0,
          1.0
        ]
      ]
    },
    {
      "file_path": "/media/NFS/ttao/scannet/posed_images/scene0602_00/00085.jpg",
      "transform_matrix": [
        [
          -0.945301,
          -0.048349,
          0.322597,
          3.08355
        ],
        [
          -0.323953,
          0.255026,
          -0.911052,
          2.46533
        ],
        [
          -0.038222,
          -0.965725,
          -0.256739,
          1.624764
        ],
        [
          0.0,
          0.0,
          0.0,
          1.0
        ]
      ]
    },
    {
      "file_path": "/media/NFS/ttao/scannet/posed_images/scene0602_00/00088.jpg",
      "transform_matrix": [
        [
          -0.94561,
          -0.058109,
          0.32007,
          3.083377
        ],
        [
          -0.323235,
          0.278594,
          -0.904381,
          2.462931
        ],
        [
          -0.036617,
          -0.95865,
          -0.282224,
          1.609334
        ],
        [
          0.0,
          0.0,
          0.0,
          1.0
        ]
      ]
    },
    {
      "file_path": "/media/NFS/ttao/scannet/posed_images/scene0602_00/00090.jpg",
      "transform_matrix": [
        [
          -0.945325,
          -0.06946,
          0.318647,
          3.084025
        ],
        [
          -0.324017,
          0.311084,
          -0.893442,
          2.455026
        ],
        [
          -0.037068,
          -0.947841,
          -0.316582,
          1.613781
        ],
        [
          0.0,
          0.0,
          0.0,
          1.0
        ]
      ]
    },
    {
      "file_path": "/media/NFS/ttao/scannet/posed_images/scene0602_00/00093.jpg",
      "transform_matrix": [
        [
          -0.945991,
          -0.08312,
          0.313354,
          3.083041
        ],
        [
          -0.322465,
          0.340877,
          -0.883074,
          2.452257
        ],
        [
          -0.033414,
          -0.936426,
          -0.34927,
          1.593877
        ],
        [
          0.0,
          0.0,
          0.0,
          1.0
        ]
      ]
    },
    {
      "file_path": "/media/NFS/ttao/scannet/posed_images/scene0602_00/00096.jpg",
      "transform_matrix": [
        [
          -0.947596,
          -0.094492,
          0.305176,
          3.081123
        ],
        [
          -0.317968,
          0.371465,
          -0.872301,
          2.448035
        ],
        [
          -0.030936,
          -0.923626,
          -0.382045,
          1.581066
        ],
        [
          0.0,
          0.0,
          0.0,
          1.0
        ]
      ]
    },
    {
      "file_path": "/media/NFS/ttao/scannet/posed_images/scene0602_00/00100.jpg",
      "transform_matrix": [
        [
          -0.952337,
          -0.113035,
          0.283333,
          3.077367
        ],
        [
          -0.304216,
          0.420495,
          -0.854773,
          2.439938
        ],
        [
          -0.022521,
          -0.900226,
          -0.434841,
          1.559568
        ],
        [
          0.0,
          0.0,
          0.0,
          1.0
        ]
      ]
    },
    {
      "file_path": "/media/NFS/ttao/scannet/posed_images/scene0602_00/00101.jpg",
      "transform_matrix": [
        [
          -0.953505,
          -0.114561,
          0.278754,
          3.074399
        ],
        [
          -0.300697,
          0.423689,
          -0.85444,
          2.440665
        ],
        [
          -0.02022,
          -0.898534,
          -0.438438,
          1.551089
        ],
        [
          0.0,
          0.0,
          0.0,
          1.0
        ]
      ]
    },
    {
      "file_path": "/media/NFS/ttao/scannet/posed_images/scene0602_00/00105.jpg",
      "transform_matrix": [
        [
          -0.957548,
          -0.115569,
          0.264092,
          3.067768
        ],
        [
          -0.287666,
          0.442483,
          -0.849386,
          2.441567
        ],
        [
          -0.018694,
          -0.889299,
          -0.456945,
          1.534318
        ],
        [
          0.0,
          0.0,
          0.0,
          1.0
        ]
      ]
    },
    {
      "file_path": "/media/NFS/ttao/scannet/posed_images/scene0602_00/00107.jpg",
      "transform_matrix": [
        [
          -0.958754,
          -0.116161,
          0.259416,
          3.063464
        ],
        [
          -0.283516,
          0.45577,
          -0.843737,
          2.438398
        ],
        [
          -0.020224,
          -0.882486,
          -0.469905,
          1.532041
        ],
        [
          0.0,
          0.0,
          0.0,
          1.0
        ]
      ]
    },
    {
      "file_path": "/media/NFS/ttao/scannet/posed_images/scene0602_00/00110.jpg",
      "transform_matrix": [
        [
          -0.962752,
          -0.1167,
          0.243905,
          3.059893
        ],
        [
          -0.269852,
          0.47135,
          -0.839648,
          2.434073
        ],
        [
          -0.016978,
          -0.874191,
          -0.485286,
          1.530842
        ],
        [
          0.0,
          0.0,
          0.0,
          1.0
        ]
      ]
    },
    {
      "file_path": "/media/NFS/ttao/scannet/posed_images/scene0602_00/00114.jpg",
      "transform_matrix": [
        [
          -0.969658,
          -0.102187,
          0.222085,
          3.048405
        ],
        [
          -0.243317,
          0.491438,
          -0.836233,
          2.42854
        ],
        [
          -0.023688,
          -0.864897,
          -0.50139,
          1.522201
        ],
        [
          0.0,
          0.0,
          0.0,
          1.0
        ]
      ]
    },
    {
      "file_path": "/media/NFS/ttao/scannet/posed_images/scene0602_00/00117.jpg",
      "transform_matrix": [
        [
          -0.974976,
          -0.096822,
          0.200117,
          3.039811
        ],
        [
          -0.221373,
          0.505362,
          -0.834028,
          2.424638
        ],
        [
          -0.020379,
          -0.857458,
          -0.51415,
          1.519017
        ],
        [
          0.0,
          0.0,
          0.0,
          1.0
        ]
      ]
    },
    {
      "file_path": "/media/NFS/ttao/scannet/posed_images/scene0602_00/00119.jpg",
      "transform_matrix": [
        [
          -0.978387,
          -0.092919,
          0.184729,
          3.033557
        ],
        [
          -0.206117,
          0.509836,
          -0.835214,
          2.423084
        ],
        [
          -0.016575,
          -0.855239,
          -0.517969,
          1.510427
        ],
        [
          0.0,
          0.0,
          0.0,
          1.0
        ]
      ]
    },
    {
      "file_path": "/media/NFS/ttao/scannet/posed_images/scene0602_00/00121.jpg",
      "transform_matrix": [
        [
          -0.980838,
          -0.093314,
          0.171022,
          3.025359
        ],
        [
          -0.194522,
          0.517916,
          -0.833022,
          2.418594
        ],
        [
          -0.010843,
          -0.850327,
          -0.526143,
          1.513534
        ],
        [
          0.0,
          0.0,
          0.0,
          1.0
        ]
      ]
    },
    {
      "file_path": "/media/NFS/ttao/scannet/posed_images/scene0602_00/00125.jpg",
      "transform_matrix": [
        [
          -0.988399,
          -0.080996,
          0.128475,
          3.012479
        ],
        [
          -0.151875,
          0.529055,
          -0.834886,
          2.416027
        ],
        [
          -0.000348,
          -0.844713,
          -0.53522,
          1.504503
        ],
        [
          0.0,
          0.0,
          0.0,
          1.0
        ]
      ]
    },
    {
      "file_path": "/media/NFS/ttao/scannet/posed_images/scene0602_00/00127.jpg",
      "transform_matrix": [
        [
          -0.991782,
          -0.074202,
          0.104224,
          3.004809
        ],
        [
          -0.127788,
          0.534876,
          -0.835211,
          2.415978
        ],
        [
          0.006228,
          -0.841666,
          -0.539963,
          1.494527
        ],
        [
          0.0,
          0.0,
          0.0,
          1.0
        ]
      ]
    },
    {
      "file_path": "/media/NFS/ttao/scannet/posed_images/scene0602_00/00129.jpg",
      "transform_matrix": [
        [
          -0.994564,
          -0.065318,
          0.081088,
          2.995796
        ],
        [
          -0.103578,
          0.541073,
          -0.834573,
          2.412704
        ],
        [
          0.010639,
          -0.838435,
          -0.544898,
          1.490656
        ],
        [
          0.0,
          0.0,
          0.0,
          1.0
        ]
      ]
    },
    {
      "file_path": "/media/NFS/ttao/scannet/posed_images/scene0602_00/00132.jpg",
      "transform_matrix": [
        [
          -0.997684,
          -0.04428,
          0.051623,
          2.978805
        ],
        [
          -0.067421,
          0.544001,
          -0.836372,
          2.408442
        ],
        [
          0.008952,
          -0.837916,
          -0.545726,
          1.479732
        ],
        [
          0.0,
          0.0,
          0.0,
          1.0
        ]
      ]
    },
    {
      "file_path": "/media/NFS/ttao/scannet/posed_images/scene0602_00/00136.jpg",
      "transform_matrix": [
        [
          -0.999682,
          -0.018993,
          0.016597,
          2.954931
        ],
        [
          -0.024247,
          0.542347,
          -0.839805,
          2.40078
        ],
        [
          0.006949,
          -0.83994,
          -0.542635,
          1.482415
        ],
        [
          0.0,
          0.0,
          0.0,
          1.0
        ]
      ]
    },
    {
      "file_path": "/media/NFS/ttao/scannet/posed_images/scene0602_00/00137.jpg",
      "transform_matrix": [
        [
          -0.999843,
          -0.017073,
          0.004631,
          2.950154
        ],
        [
          -0.013145,
          0.541842,
          -0.840377,
          2.3985
        ],
        [
          0.011838,
          -0.840307,
          -0.541982,
          1.484912
        ],
        [
          0.0,
          0.0,
          0.0,
          1.0
        ]
      ]
    },
    {
      "file_path": "/media/NFS/ttao/scannet/posed_images/scene0602_00/00142.jpg",
      "transform_matrix": [
        [
          -0.998044,
          0.003345,
          -0.062424,
          2.936045
        ],
        [
          0.054512,
          0.53537,
          -0.842857,
          2.400275
        ],
        [
          0.030601,
          -0.844611,
          -0.534505,
          1.474054
        ],
        [
          0.0,
          0.0,
          0.0,
          1.0
        ]
      ]
    },
    {
      "file_path": "/media/NFS/ttao/scannet/posed_images/scene0602_00/00143.jpg",
      "transform_matrix": [
        [
          -0.99731,
          0.008498,
          -0.072799,
          2.933008
        ],
        [
          0.066,
          0.536049,
          -0.841603,
          2.39797
        ],
        [
          0.031872,
          -0.844144,
          -0.535169,
          1.473466
        ],
        [
          0.0,
          0.0,
          0.0,
          1.0
        ]
      ]
    },
    {
      "file_path": "/media/NFS/ttao/scannet/posed_images/scene0602_00/00145.jpg",
      "transform_matrix": [
        [
          -0.995699,
          0.019355,
          -0.090606,
          2.920618
        ],
        [
          0.086852,
          0.535523,
          -0.840042,
          2.395478
        ],
        [
          0.032262,
          -0.844299,
          -0.534901,
          1.472793
        ],
        [
          0.0,
          0.0,
          0.0,
          1.0
        ]
      ]
    },
    {
      "file_path": "/media/NFS/ttao/scannet/posed_images/scene0602_00/00150.jpg",
      "transform_matrix": [
        [
          -0.989522,
          0.034705,
          -0.140151,
          2.915262
        ],
        [
          0.136852,
          0.534863,
          -0.833782,
          2.381456
        ],
        [
          0.046025,
          -0.844226,
          -0.534009,
          1.473828
        ],
        [
          0.0,
          0.0,
          0.0,
          1.0
        ]
      ]
    },
    {
      "file_path": "/media/NFS/ttao/scannet/posed_images/scene0602_00/00151.jpg",
      "transform_matrix": [
        [
          -0.989077,
          0.040499,
          -0.141723,
          2.907276
        ],
        [
          0.141323,
          0.533725,
          -0.833766,
          2.381909
        ],
        [
          0.041874,
          -0.844688,
          -0.533619,
          1.472093
        ],
        [
          0.0,
          0.0,
          0.0,
          1.0
        ]
      ]
    },
    {
      "file_path": "/media/NFS/ttao/scannet/posed_images/scene0602_00/00155.jpg",
      "transform_matrix": [
        [
          -0.982757,
          0.061678,
          -0.174312,
          2.896532
        ],
        [
          0.180325,
          0.528163,
          -0.829775,
          2.371986
        ],
        [
          0.040886,
          -0.8469,
          -0.530179,
          1.474999
        ],
        [
          0.0,
          0.0,
          0.0,
          1.0
        ]
      ]
    },
    {
      "file_path": "/media/NFS/ttao/scannet/posed_images/scene0602_00/00157.jpg",
      "transform_matrix": [
        [
          -0.976612,
          0.077811,
          -0.200433,
          2.888576
        ],
        [
          0.210849,
          0.529062,
          -0.821971,
          2.367174
        ],
        [
          0.042083,
          -0.845008,
          -0.533095,
          1.474111
        ],
        [
          0.0,
          0.0,
          0.0,
          1.0
        ]
      ]
    },
    {
      "file_path": "/media/NFS/ttao/scannet/posed_images/scene0602_00/00159.jpg",
      "transform_matrix": [
        [
          -0.969021,
          0.093121,
          -0.22875,
          2.884136
        ],
        [
          0.24264,
          0.531765,
          -0.811389,
          2.360673
        ],
        [
          0.046084,
          -0.841757,
          -0.537887,
          1.473419
        ],
        [
          0.0,
          0.0,
          0.0,
          1.0
        ]
      ]
    },
    {
      "file_path": "/media/NFS/ttao/scannet/posed_images/scene0602_00/00164.jpg",
      "transform_matrix": [
        [
          -0.945758,
          0.141103,
          -0.292628,
          2.903748
        ],
        [
          0.321165,
          0.541757,
          -0.776758,
          2.344966
        ],
        [
          0.04893,
          -0.828607,
          -0.557689,
          1.459032
        ],
        [
          0.0,
          0.0,
          0.0,
          1.0
        ]
      ]
    },
    {
      "file_path": "/media/NFS/ttao/scannet/posed_images/scene0602_00/00165.jpg",
      "transform_matrix": [
        [
          -0.943092,
          0.148522,
          -0.297521,
          2.906041
        ],
        [
          0.329311,
          0.541367,
          -0.773613,
          2.345331
        ],
        [
          0.046169,
          -0.827565,
          -0.559469,
          1.455399
        ],
        [
          0.0,
          0.0,
          0.0,
          1.0
        ]
      ]
    },
    {
      "file_path": "/media/NFS/ttao/scannet/posed_images/scene0602_00/00168.jpg",
      "transform_matrix": [
        [
          -0.935328,
          0.174783,
          -0.307591,
          2.913733
        ],
        [
          0.351871,
          0.549832,
          -0.757543,
          2.338071
        ],
        [
          0.036718,
          -0.816784,
          -0.575774,
          1.455037
        ],
        [
          0.0,
          0.0,
          0.0,
          1.0
        ]
      ]
    },
    {
      "file_path": "/media/NFS/ttao/scannet/posed_images/scene0602_00/00170.jpg",
      "transform_matrix": [
        [
          -0.929514,
          0.184443,
          -0.319351,
          2.929141
        ],
        [
          0.367175,
          0.543723,
          -0.754684,
          2.328959
        ],
        [
          0.034443,
          -0.818747,
          -0.573121,
          1.45979
        ],
        [
          0.0,
          0.0,
          0.0,
          1.0
        ]
      ]
    },
    {
      "file_path": "/media/NFS/ttao/scannet/posed_images/scene0602_00/00173.jpg",
      "transform_matrix": [
        [
          -0.923723,
          0.189005,
          -0.333186,
          2.940339
        ],
        [
          0.381723,
          0.526812,
          -0.759445,
          2.32524
        ],
        [
          0.031987,
          -0.828701,
          -0.558776,
          1.475487
        ],
        [
          0.0,
          0.0,
          0.0,
          1.0
        ]
      ]
    },
    {
      "file_path": "/media/NFS/ttao/scannet/posed_images/scene0602_00/00176.jpg",
      "transform_matrix": [
        [
          -0.917409,
          0.184541,
          -0.35257,
          2.954295
        ],
        [
          0.396484,
          0.499756,
          -0.770094,
          2.324507
        ],
        [
          0.034085,
          -0.846279,
          -0.531649,
          1.490533
        ],
        [
          0.0,
          0.0,
          0.0,
          1.0
        ]
      ]
    },
    {
      "file_path": "/media/NFS/ttao/scannet/posed_images/scene0602_00/00180.jpg",
      "transform_matrix": [
        [
          -0.907073,
          0.169781,
          -0.385217,
          2.980776
        ],
        [
          0.419284,
          0.446244,
          -0.790612,
          2.331346
        ],
        [
          0.03767,
          -0.878658,
          -0.475963,
          1.496731
        ],
        [
          0.0,
          0.0,
          0.0,
          1.0
        ]
      ]
    },
    {
      "file_path": "/media/NFS/ttao/scannet/posed_images/scene0602_00/00183.jpg",
      "transform_matrix": [
        [
          -0.899105,
          0.165946,
          -0.405058,
          2.994393
        ],
        [
          0.436181,
          0.417492,
          -0.797149,
          2.328214
        ],
        [
          0.036825,
          -0.8934,
          -0.447751,
          1.520006
        ],
        [
          0.0,
          0.0,
          0.0,
          1.0
        ]
      ]
    },
    {
      "file_path": "/media/NFS/ttao/scannet/posed_images/scene0602_00/00186.jpg",
      "transform_matrix": [
        [
          -0.891729,
          0.158036,
          -0.42408,
          3.008357
        ],
        [
          0.451449,
          0.376523,
          -0.808965,
          2.33182
        ],
        [
          0.03183,
          -0.912828,
          -0.407101,
          1.535167
        ],
        [
          0.0,
          0.0,
          0.0,
          1.0
        ]
      ]
    },
    {
      "file_path": "/media/NFS/ttao/scannet/posed_images/scene0602_00/00188.jpg",
      "transform_matrix": [
        [
          -0.890181,
          0.151217,
          -0.42978,
          3.012636
        ],
        [
          0.454367,
          0.364181,
          -0.812971,
          2.332392
        ],
        [
          0.033582,
          -0.91897,
          -0.392895,
          1.544702
        ],
        [
          0.0,
          0.0,
          0.0,
          1.0
        ]
      ]
    },
    {
      "file_path": "/media/NFS/ttao/scannet/posed_images/scene0602_00/00191.jpg",
      "transform_matrix": [
        [
          -0.884478,
          0.146743,
          -0.442905,
          3.019313
        ],
        [
          0.465414,
          0.344591,
          -0.815259,
          2.334661
        ],
        [
          0.032987,
          -0.927213,
          -0.37308,
          1.550853
        ],
        [
          0.0,
          0.0,
          0.0,
          1.0
        ]
      ]
    },
    {
      "file_path": "/media/NFS/ttao/scannet/posed_images/scene0602_00/00194.jpg",
      "transform_matrix": [
        [
          -0.878294,
          0.143218,
          -0.456166,
          3.02463
        ],
        [
          0.477162,
          0.322929,
          -0.817333,
          2.334285
        ],
        [
          0.030252,
          -0.935524,
          -0.351965,
          1.563618
        ],
        [
          0.0,
          0.0,
          0.0,
          1.0
        ]
      ]
    },
    {
      "file_path": "/media/NFS/ttao/scannet/posed_images/scene0602_00/00197.jpg",
      "transform_matrix": [
        [
          -0.874738,
          0.134558,
          -0.465539,
          3.030434
        ],
        [
          0.48381,
          0.297162,
          -0.823178,
          2.336194
        ],
        [
          0.027575,
          -0.945298,
          -0.325039,
          1.577306
        ],
        [
          0.0,
          0.0,
          0.0,
          1.0
        ]
      ]
    },
    {
      "file_path": "/media/NFS/ttao/scannet/posed_images/scene0602_00/00199.jpg",
      "transform_matrix": [
        [
          -0.871787,
          0.124587,
          -0.473777,
          3.033136
        ],
        [
          0.488659,
          0.289525,
          -0.823035,
          2.335374
        ],
        [
          0.034631,
          -0.949028,
          -0.313285,
          1.587742
        ],
        [
          0.0,
          0.0,
          0.0,
          1.0
        ]
      ]
    },
    {
      "file_path": "/media/NFS/ttao/scannet/posed_images/scene0602_00/00200.jpg",
      "transform_matrix": [
        [
          -0.870191,
          0.116297,
          -0.478792,
          3.034741
        ],
        [
          0.49126,
          0.279377,
          -0.824992,
          2.34112
        ],
        [
          0.037819,
          -0.953113,
          -0.300243,
          1.580569
        ],
        [
          0.0,
          0.0,
          0.0,
          1.0
        ]
      ]
    },
    {
      "file_path": "/media/NFS/ttao/scannet/posed_images/scene0602_00/00205.jpg",
      "transform_matrix": [
        [
          -0.86163,
          0.103456,
          -0.496881,
          3.050884
        ],
        [
          0.506101,
          0.248726,
          -0.825831,
          2.338073
        ],
        [
          0.03815,
          -0.963033,
          -0.266669,
          1.595358
        ],
        [
          0.0,
          0.0,
          0.0,
          1.0
        ]
      ]
    },
    {
      "file_path": "/media/NFS/ttao/scannet/posed_images/scene0602_00/00208.jpg",
      "transform_matrix": [
        [
          -0.860981,
          0.092848,
          -0.50009,
          3.057293
        ],
        [
          0.507255,
          0.229143,
          -0.830774,
          2.338931
        ],
        [
          0.037456,
          -0.968954,
          -0.244386,
          1.603511
        ],
        [
          0.0,
          0.0,
          0.0,
          1.0
        ]
      ]
    },
    {
      "file_path": "/media/NFS/ttao/scannet/posed_images/scene0602_00/00209.jpg",
      "transform_matrix": [
        [
          -0.860456,
          0.091378,
          -0.501264,
          3.06372
        ],
        [
          0.508214,
          0.224457,
          -0.831467,
          2.337205
        ],
        [
          0.036534,
          -0.970191,
          -0.239575,
          1.606302
        ],
        [
          0.0,
          0.0,
          0.0,
          1.0
        ]
      ]
    },
    {
      "file_path": "/media/NFS/ttao/scannet/posed_images/scene0602_00/00212.jpg",
      "transform_matrix": [
        [
          -0.863928,
          0.086529,
          -0.496126,
          3.071568
        ],
        [
          0.502804,
          0.204076,
          -0.839965,
          2.33996
        ],
        [
