{
  "frames": [
    {
      "file_path": "/media/NFS/ttao/scannet/posed_images/scene0517_02/00003.jpg",
      "transform_matrix": [
        [
          -0.035503,
          0.301729,
          -0.952733,
          3.367157
        ],
        [
          0.99935,
          0.016688,
          -0.031955,
          4.316544
        ],
        [
          0.006257,
          -0.953248,
          -0.302125,
          1.387558
        ],
        [
          0.0,
          0.0,
          0.0,
          1.0
        ]
      ]
    },
    {
      "file_path": "/media/NFS/ttao/scannet/posed_images/scene0517_02/00012.jpg",
      "transform_matrix": [
        [
          -0.044118,
          0.24795,
          -0.967768,
          3.362771
        ],
        [
          0.999006,
          0.01713,
          -0.041153,
          4.323339
        ],
        [
          0.006374,
          -0.968622,
          -0.248459,
          1.400816
        ],
        [
          0.0,
          0.0,
          0.0,
          1.0
        ]
      ]
    },
    {
      "file_path": "/media/NFS/ttao/scannet/posed_images/scene0517_02/00021.jpg",
      "transform_matrix": [
        [
          -0.020297,
          0.271349,
          -0.962267,
          3.359597
        ],
        [
          0.999787,
          0.009252,
          -0.018479,
          4.309034
        ],
        [
          0.003889,
          -0.962437,
          -0.271479,
          1.38008
        ],
        [
          0.0,
          0.0,
          0.0,
          1.0
        ]
      ]
    },
    {
      "file_path": "/media/NFS/ttao/scannet/posed_images/scene0517_02/00031.jpg",
      "transform_matrix": [
        [
          0.035395,
          0.34191,
          -0.939066,
          3.360928
        ],
        [
          0.999286,
          0.000288,
          0.03777,
          4.283882
        ],
        [
          0.013184,
          -0.939733,
          -0.341655,
          1.305814
        ],
        [
          0.0,
          0.0,
          0.0,
          1.0
        ]
      ]
    },
    {
      "file_path": "/media/NFS/ttao/scannet/posed_images/scene0517_02/00046.jpg",
      "transform_matrix": [
        [
          0.081243,
          0.489127,
          -0.868421,
          3.393334
        ],
        [
          0.993638,
          0.028436,
          0.108974,
          4.203427
        ],
        [
          0.077997,
          -0.871749,
          -0.483705,
          1.225792
        ],
        [
          0.0,
          0.0,
          0.0,
          1.0
        ]
      ]
    },
    {
      "file_path": "/media/NFS/ttao/scannet/posed_images/scene0517_02/00049.jpg",
      "transform_matrix": [
        [
          0.095258,
          0.489204,
          -0.866952,
          3.407037
        ],
        [
          0.991374,
          0.032133,
          0.127062,
          4.182202
        ],
        [
          0.090017,
          -0.871577,
          -0.481924,
          1.226375
        ],
        [
          0.0,
          0.0,
          0.0,
          1.0
        ]
      ]
    },
    {
      "file_path": "/media/NFS/ttao/scannet/posed_images/scene0517_02/00064.jpg",
      "transform_matrix": [
        [
          0.231495,
          0.487335,
          -0.841971,
          3.463054
        ],
        [
          0.965208,
          -0.006886,
          0.261392,
          4.177251
        ],
        [
          0.121588,
          -0.873188,
          -0.471973,
          1.230431
        ],
        [
          0.0,
          0.0,
          0.0,
          1.0
        ]
      ]
    },
    {
      "file_path": "/media/NFS/ttao/scannet/posed_images/scene0517_02/00073.jpg",
      "transform_matrix": [
        [
          0.348772,
          0.505277,
          -0.789337,
          3.478912
        ],
        [
          0.929483,
          -0.078571,
          0.3604,
          4.231216
        ],
        [
          0.120083,
          -0.859373,
          -0.49705,
          1.244308
        ],
        [
          0.0,
          0.0,
          0.0,
          1.0
        ]
      ]
    },
    {
      "file_path": "/media/NFS/ttao/scannet/posed_images/scene0517_02/00083.jpg",
      "transform_matrix": [
        [
          0.462788,
          0.445715,
          -0.766267,
          3.492259
        ],
        [
          0.883365,
          -0.159607,
          0.440672,
          4.29043
        ],
        [
          0.074113,
          -0.880831,
          -0.467593,
          1.26799
        ],
        [
          0.0,
          0.0,
          0.0,
          1.0
        ]
      ]
    },
    {
      "file_path": "/media/NFS/ttao/scannet/posed_images/scene0517_02/00089.jpg",
      "transform_matrix": [
        [
          0.482411,
          0.431529,
          -0.762274,
          3.480334
        ],
        [
          0.87344,
          -0.17122,
          0.455835,
          4.297247
        ],
        [
          0.066189,
          -0.885701,
          -0.459514,
          1.285875
        ],
        [
          0.0,
          0.0,
          0.0,
          1.0
        ]
      ]
    },
    {
      "file_path": "/media/NFS/ttao/scannet/posed_images/scene0517_02/00107.jpg",
      "transform_matrix": [
        [
          0.406652,
          0.21331,
          -0.888332,
          3.475552
        ],
        [
          0.912624,
          -0.050312,
          0.405691,
          4.290196
        ],
        [
          0.041844,
          -0.975688,
          -0.215132,
          1.404205
        ],
        [
          0.0,
          0.0,
          0.0,
          1.0
        ]
      ]
    },
    {
      "file_path": "/media/NFS/ttao/scannet/posed_images/scene0517_02/00110.jpg",
      "transform_matrix": [
        [
          0.384188,
          0.199147,
          -0.901521,
          3.488291
        ],
        [
          0.921992,
          -0.031698,
          0.38591,
          4.292424
        ],
        [
          0.048276,
          -0.979457,
          -0.19579,
          1.413009
        ],
        [
          0.0,
          0.0,
          0.0,
          1.0
        ]
      ]
    },
    {
      "file_path": "/media/NFS/ttao/scannet/posed_images/scene0517_02/00128.jpg",
      "transform_matrix": [
        [
          0.24128,
          0.078413,
          -0.967283,
          3.557744
        ],
        [
          0.970401,
          -0.03008,
          0.239619,
          4.263967
        ],
        [
          -0.010306,
          -0.996467,
          -0.08335,
          1.466386
        ],
        [
          0.0,
          0.0,
          0.0,
          1.0
        ]
      ]
    },
    {
      "file_path": "/media/NFS/ttao/scannet/posed_images/scene0517_02/00138.jpg",
      "transform_matrix": [
        [
          0.143851,
          0.08928,
          -0.985564,
          3.566168
        ],
        [
          0.989503,
          -0.02688,
          0.141991,
          4.233313
        ],
        [
          -0.013815,
          -0.995644,
          -0.09221,
          1.457713
        ],
        [
          0.0,
          0.0,
          0.0,
          1.0
        ]
      ]
    },
    {
      "file_path": "/media/NFS/ttao/scannet/posed_images/scene0517_02/00144.jpg",
      "transform_matrix": [
        [
          0.131859,
          0.086608,
          -0.987478,
          3.554261
        ],
        [
          0.991208,
          -0.022523,
          0.130382,
          4.219272
        ],
        [
          -0.010949,
          -0.995988,
          -0.088816,
          1.450414
        ],
        [
          0.0,
          0.0,
          0.0,
          1.0
        ]
      ]
    },
    {
      "file_path": "/media/NFS/ttao/scannet/posed_images/scene0517_02/00150.jpg",
      "transform_matrix": [
        [
          0.119545,
          0.097544,
          -0.988025,
          3.52277
        ],
        [
          0.992828,
          -0.010546,
          0.119085,
          4.228714
        ],
        [
          0.001197,
          -0.995175,
          -0.098105,
          1.456313
        ],
        [
          0.0,
          0.0,
          0.0,
          1.0
        ]
      ]
    },
    {
      "file_path": "/media/NFS/ttao/scannet/posed_images/scene0517_02/00165.jpg",
      "transform_matrix": [
        [
          0.055682,
          -0.003166,
          -0.998444,
          3.46962
        ],
        [
          0.997622,
          0.040863,
          0.055507,
          4.228058
        ],
        [
          0.040624,
          -0.99916,
          0.005434,
          1.491306
        ],
        [
          0.0,
          0.0,
          0.0,
          1.0
        ]
      ]
    },
    {
      "file_path": "/media/NFS/ttao/scannet/posed_images/scene0517_02/00177.jpg",
      "transform_matrix": [
        [
          0.249162,
          0.097348,
          -0.963557,
          3.409966
        ],
        [
          0.968462,
          -0.025514,
          0.247853,
          4.250337
        ],
        [
          -0.000456,
          -0.994923,
          -0.100635,
          1.450576
        ],
        [
          0.0,
          0.0,
          0.0,
          1.0
        ]
      ]
    },
    {
      "file_path": "/media/NFS/ttao/scannet/posed_images/scene0517_02/00190.jpg",
      "transform_matrix": [
        [
          0.526027,
          0.132108,
          -0.840145,
          3.331344
        ],
        [
          0.848637,
          -0.016757,
          0.52871,
          4.264658
        ],
        [
          0.055768,
          -0.991094,
          -0.120926,
          1.434294
        ],
        [
          0.0,
          0.0,
          0.0,
          1.0
        ]
      ]
    },
    {
      "file_path": "/media/NFS/ttao/scannet/posed_images/scene0517_02/00193.jpg",
      "transform_matrix": [
        [
          0.584897,
          0.126744,
          -0.801144,
          3.301757
        ],
        [
          0.808727,
          -0.015516,
          0.587979,
          4.245447
        ],
        [
          0.062093,
          -0.991814,
          -0.111577,
          1.432685
        ],
        [
          0.0,
          0.0,
          0.0,
          1.0
        ]
      ]
    },
    {
      "file_path": "/media/NFS/ttao/scannet/posed_images/scene0517_02/00202.jpg",
      "transform_matrix": [
        [
          0.749585,
          0.112435,
          -0.652288,
          3.239779
        ],
        [
          0.66123,
          -0.08261,
          0.745621,
          4.229105
        ],
        [
          0.029949,
          -0.990219,
          -0.136269,
          1.435745
        ],
        [
          0.0,
          0.0,
          0.0,
          1.0
        ]
      ]
    },
    {
      "file_path": "/media/NFS/ttao/scannet/posed_images/scene0517_02/00220.jpg",
      "transform_matrix": [
        [
          0.860141,
          0.158743,
          -0.484726,
          3.145201
        ],
        [
          0.509616,
          -0.227939,
          0.82966,
          4.309966
        ],
        [
          0.021215,
          -0.960648,
          -0.276957,
          1.349674
        ],
        [
          0.0,
          0.0,
          0.0,
          1.0
        ]
      ]
    },
    {
      "file_path": "/media/NFS/ttao/scannet/posed_images/scene0517_02/00223.jpg",
      "transform_matrix": [
        [
          0.864712,
          0.145776,
          -0.480648,
          3.127733
        ],
        [
          0.50225,
          -0.259067,
          0.825003,
          4.32764
        ],
        [
          -0.004254,
          -0.954795,
          -0.297235,
          1.332623
        ],
        [
          0.0,
          0.0,
          0.0,
          1.0
        ]
      ]
    },
    {
      "file_path": "/media/NFS/ttao/scannet/posed_images/scene0517_02/00232.jpg",
      "transform_matrix": [
        [
          0.878525,
          0.172749,
          -0.445366,
          3.08236
        ],
        [
          0.477259,
          -0.357299,
          0.802846,
          4.374668
        ],
        [
          -0.020438,
          -0.917876,
          -0.396342,
          1.28738
        ],
        [
          0.0,
          0.0,
          0.0,
          1.0
        ]
      ]
    },
    {
      "file_path": "/media/NFS/ttao/scannet/posed_images/scene0517_02/00242.jpg",
      "transform_matrix": [
        [
          0.917563,
          0.202847,
          -0.341953,
          3.06159
        ],
        [
          0.397102,
          -0.424905,
          0.81349,
          4.352486
        ],
        [
          0.019716,
          -0.882218,
          -0.470428,
          1.247431
        ],
        [
          0.0,
          0.0,
          0.0,
          1.0
        ]
      ]
    },
    {
      "file_path": "/media/NFS/ttao/scannet/posed_images/scene0517_02/00257.jpg",
      "transform_matrix": [
        [
          0.979759,
          0.135939,
          -0.146949,
          3.052059
        ],
        [
          0.197342,
          -0.532632,
          0.823019,
          4.203909
        ],
        [
          0.033611,
          -0.835359,
          -0.548677,
          1.22651
        ],
        [
          0.0,
          0.0,
          0.0,
          1.0
        ]
      ]
    },
    {
      "file_path": "/media/NFS/ttao/scannet/posed_images/scene0517_02/00266.jpg",
      "transform_matrix": [
        [
          0.98843,
          0.10734,
          -0.107169,
          3.07472
        ],
        [
          0.148386,
          -0.537818,
          0.8299,
          4.150721
        ],
        [
          0.031444,
          -0.8362,
          -0.547523,
          1.216187
        ],
        [
          0.0,
          0.0,
          0.0,
          1.0
        ]
      ]
    },
    {
      "file_path": "/media/NFS/ttao/scannet/posed_images/scene0517_02/00272.jpg",
      "transform_matrix": [
        [
          0.986529,
          0.09272,
          -0.134776,
          3.109692
        ],
        [
          0.163577,
          -0.548924,
          0.819711,
          4.126232
        ],
        [
          0.002022,
          -0.830714,
          -0.556696,
          1.201756
        ],
        [
          0.0,
          0.0,
          0.0,
          1.0
        ]
      ]
    },
    {
      "file_path": "/media/NFS/ttao/scannet/posed_images/scene0517_02/00291.jpg",
      "transform_matrix": [
        [
          0.995161,
          0.056883,
          -0.080125,
          3.308121
        ],
        [
          0.098261,
          -0.582122,
          0.807142,
          4.067066
        ],
        [
          -0.00073,
          -0.811109,
          -0.584894,
          1.220907
        ],
        [
          0.0,
          0.0,
          0.0,
          1.0
        ]
      ]
    },
    {
      "file_path": "/media/NFS/ttao/scannet/posed_images/scene0517_02/00297.jpg",
      "transform_matrix": [
        [
          0.996891,
          0.043005,
          -0.066023,
          3.353068
        ],
        [
          0.078789,
          -0.553457,
          0.829143,
          4.059354
        ],
        [
          -0.000883,
          -0.831767,
          -0.555124,
          1.225978
        ],
        [
          0.0,
          0.0,
          0.0,
          1.0
        ]
      ]
    },
    {
      "file_path": "/media/NFS/ttao/scannet/posed_images/scene0517_02/00309.jpg",
      "transform_matrix": [
        [
          0.999998,
          -0.001744,
          0.001111,
          3.398299
        ],
        [
          -0.001837,
          -0.502562,
          0.864539,
          4.094316
        ],
        [
          -0.000949,
          -0.864539,
          -0.502564,
          1.246985
        ],
        [
          0.0,
          0.0,
          0.0,
          1.0
        ]
      ]
    },
    {
      "file_path": "/media/NFS/ttao/scannet/posed_images/scene0517_02/00318.jpg",
      "transform_matrix": [
        [
          0.997678,
          -0.034653,
          0.058637,
          3.399519
        ],
        [
          -0.068035,
          -0.466258,
          0.882029,
          4.14491
        ],
        [
          -0.003224,
          -0.88397,
          -0.467533,
          1.265688
        ],
        [
          0.0,
          0.0,
          0.0,
          1.0
        ]
      ]
    },
    {
      "file_path": "/media/NFS/ttao/scannet/posed_images/scene0517_02/00324.jpg",
      "transform_matrix": [
        [
          0.983544,
          -0.087295,
          0.158178,
          3.397909
        ],
        [
          -0.180661,
          -0.467878,
          0.865131,
          4.18731
        ],
        [
          -0.001513,
          -0.879472,
          -0.475949,
          1.275439
        ],
        [
          0.0,
          0.0,
          0.0,
          1.0
        ]
      ]
    },
    {
      "file_path": "/media/NFS/ttao/scannet/posed_images/scene0517_02/00339.jpg",
      "transform_matrix": [
        [
          0.930091,
          -0.118414,
          0.34772,
          3.401542
        ],
        [
          -0.364742,
          -0.409871,
          0.836044,
          4.25999
        ],
        [
          0.043521,
          -0.904425,
          -0.424408,
          1.288604
        ],
        [
          0.0,
          0.0,
          0.0,
          1.0
        ]
      ]
    },
    {
      "file_path": "/media/NFS/ttao/scannet/posed_images/scene0517_02/00352.jpg",
      "transform_matrix": [
        [
          0.88188,
          -0.160694,
          0.443245,
          3.42216
        ],
        [
          -0.470474,
          -0.361179,
          0.805112,
          4.305716
        ],
        [
          0.030714,
          -0.918547,
          -0.394118,
          1.270877
        ],
        [
          0.0,
          0.0,
          0.0,
          1.0
        ]
      ]
    },
    {
      "file_path": "/media/NFS/ttao/scannet/posed_images/scene0517_02/00355.jpg",
      "transform_matrix": [
        [
          0.877293,
          -0.174913,
          0.446948,
          3.424663
        ],
        [
          -0.479599,
          -0.355395,
          0.802297,
          4.317134
        ],
        [
          0.018511,
          -0.918205,
          -0.395673,
          1.272295
        ],
        [
          0.0,
          0.0,
          0.0,
          1.0
        ]
      ]
    },
    {
      "file_path": "/media/NFS/ttao/scannet/posed_images/scene0517_02/00373.jpg",
      "transform_matrix": [
        [
          0.818595,
          -0.297242,
          0.491477,
          3.477732
        ],
        [
          -0.572876,
          -0.360833,
          0.735943,
          4.430745
        ],
        [
          -0.041412,
          -0.883995,
          -0.46566,
          1.231482
        ],
        [
          0.0,
          0.0,
          0.0,
          1.0
        ]
      ]
    },
    {
      "file_path": "/media/NFS/ttao/scannet/posed_images/scene0517_02/00376.jpg",
      "transform_matrix": [
        [
          0.815565,
          -0.298038,
          0.496012,
          3.477985
        ],
        [
          -0.57762,
          -0.367758,
          0.728773,
          4.448881
        ],
        [
          -0.03479,
          -0.880868,
          -0.472083,
          1.231993
        ],
        [
          0.0,
          0.0,
          0.0,
          1.0
        ]
      ]
    },
    {
      "file_path": "/media/NFS/ttao/scannet/posed_images/scene0517_02/00385.jpg",
      "transform_matrix": [
        [
          0.776576,
          -0.324839,
          0.539824,
          3.450784
        ],
        [
          -0.630023,
          -0.399204,
          0.666113,
          4.516171
        ],
        [
          -0.000879,
          -0.857389,
          -0.514668,
          1.218296
        ],
        [
          0.0,
          0.0,
          0.0,
          1.0
        ]
      ]
    },
    {
      "file_path": "/media/NFS/ttao/scannet/posed_images/scene0517_02/00404.jpg",
      "transform_matrix": [
        [
          0.557932,
          -0.49339,
          0.667292,
          3.246169
        ],
        [
          -0.829462,
          -0.305784,
          0.46743,
          4.690751
        ],
        [
          -0.026578,
          -0.814287,
          -0.579854,
          1.222146
        ],
        [
          0.0,
          0.0,
          0.0,
          1.0
        ]
      ]
    },
    {
      "file_path": "/media/NFS/ttao/scannet/posed_images/scene0517_02/00407.jpg",
      "transform_matrix": [
        [
          0.535741,
          -0.496689,
          0.682849,
          3.22402
        ],
        [
          -0.84423,
          -0.299688,
          0.444369,
          4.698131
        ],
        [
          -0.016071,
          -0.814548,
          -0.579874,
          1.221909
        ],
        [
          0.0,
          0.0,
          0.0,
          1.0
        ]
      ]
    },
    {
      "file_path": "/media/NFS/ttao/scannet/posed_images/scene0517_02/00416.jpg",
      "transform_matrix": [
        [
          0.416165,
          -0.504343,
          0.756601,
          3.169017
        ],
        [
          -0.908617,
          -0.262645,
          0.324704,
          4.715732
        ],
        [
          0.034955,
          -0.822591,
          -0.567558,
          1.211283
        ],
        [
          0.0,
          0.0,
          0.0,
          1.0
        ]
      ]
    },
    {
      "file_path": "/media/NFS/ttao/scannet/posed_images/scene0517_02/00425.jpg",
      "transform_matrix": [
        [
          0.287879,
          -0.538711,
          0.791781,
          3.121229
        ],
        [
          -0.957496,
          -0.177508,
          0.227358,
          4.697227
        ],
        [
          0.018067,
          -0.823579,
          -0.566914,
          1.215739
        ],
        [
          0.0,
          0.0,
          0.0,
          1.0
        ]
      ]
    },
    {
      "file_path": "/media/NFS/ttao/scannet/posed_images/scene0517_02/00443.jpg",
      "transform_matrix": [
        [
          0.004255,
          -0.549946,
          0.83519,
          3.12302
        ],
        [
          -0.999979,
          -0.006502,
          0.000814,
          4.686437
        ],
        [
          0.004983,
          -0.835175,
          -0.549962,
          1.215599
        ],
        [
          0.0,
          0.0,
          0.0,
          1.0
        ]
      ]
    },
    {
      "file_path": "/media/NFS/ttao/scannet/posed_images/scene0517_02/00446.jpg",
      "transform_matrix": [
        [
          -0.038603,
          -0.549071,
          0.834884,
          3.144104
        ],
        [
          -0.999255,
          0.021409,
          -0.032123,
          4.703943
        ],
        [
          -0.000236,
          -0.835502,
          -0.549488,
          1.21607
        ],
        [
          0.0,
          0.0,
          0.0,
          1.0
        ]
      ]
    },
    {
      "file_path": "/media/NFS/ttao/scannet/posed_images/scene0517_02/00465.jpg",
      "transform_matrix": [
        [
          -0.391134,
          -0.496784,
          0.774738,
          3.30766
        ],
        [
          -0.918871,
          0.258238,
          -0.298312,
          4.805691
        ],
        [
          -0.05187,
          -0.828564,
          -0.557486,
          1.240141
        ],
        [
          0.0,
          0.0,
          0.0,
          1.0
        ]
      ]
    },
    {
      "file_path": "/media/NFS/ttao/scannet/posed_images/scene0517_02/00474.jpg",
      "transform_matrix": [
        [
          -0.441184,
          -0.457542,
          0.772019,
          3.395959
        ],
        [
          -0.896584,
          0.261783,
          -0.357222,
          4.836848
        ],
        [
          -0.038657,
          -0.84978,
          -0.525719,
          1.244199
        ],
        [
          0.0,
          0.0,
          0.0,
          1.0
        ]
      ]
    },
    {
      "file_path": "/media/NFS/ttao/scannet/posed_images/scene0517_02/00477.jpg",
      "transform_matrix": [
        [
          -0.439762,
          -0.460187,
          0.771257,
          3.425026
        ],
        [
          -0.897299,
          0.261727,
          -0.355464,
          4.842638
        ],
        [
          -0.038279,
          -0.848367,
          -0.528023,
          1.242237
        ],
        [
          0.0,
          0.0,
          0.0,
          1.0
        ]
      ]
    },
    {
      "file_path": "/media/NFS/ttao/scannet/posed_images/scene0517_02/00486.jpg",
      "transform_matrix": [
        [
          -0.452873,
          -0.38652,
          0.803436,
          3.480626
        ],
        [
          -0.889342,
          0.259581,
          -0.376416,
          4.859912
        ],
        [
          -0.063065,
          -0.884997,
          -0.461306,
          1.272002
        ],
        [
          0.0,
          0.0,
          0.0,
          1.0
        ]
      ]
    },
    {
      "file_path": "/media/NFS/ttao/scannet/posed_images/scene0517_02/00505.jpg",
      "transform_matrix": [
        [
          -0.512847,
          -0.255068,
          0.819712,
          3.487847
        ],
        [
          -0.857942,
          0.186077,
          -0.478864,
          4.931703
        ],
        [
          -0.030386,
          -0.94885,
          -0.314263,
          1.343646
        ],
        [
          0.0,
          0.0,
          0.0,
          1.0
        ]
      ]
    },
    {
      "file_path": "/media/NFS/ttao/scannet/posed_images/scene0517_02/00508.jpg",
      "transform_matrix": [
        [
          -0.507853,
          -0.239958,
          0.827348,
          3.477802
        ],
        [
          -0.861209,
          0.163816,
          -0.481126,
          4.930962
        ],
        [
          -0.020083,
          -0.956862,
          -0.289849,
          1.351156
        ],
        [
          0.0,
          0.0,
          0.0,
          1.0
        ]
      ]
    },
    {
      "file_path": "/media/NFS/ttao/scannet/posed_images/scene0517_02/00526.jpg",
      "transform_matrix": [
        [
          -0.588687,
          -0.2184,
          0.778299,
          3.358526
        ],
        [
          -0.799859,
          0.296647,
          -0.521752,
          4.867084
        ],
        [
          -0.11693,
          -0.929679,
          -0.349321,
          1.337656
        ],
        [
          0.0,
          0.0,
          0.0,
          1.0
        ]
      ]
    },
    {
      "file_path": "/media/NFS/ttao/scannet/posed_images/scene0517_02/00532.jpg",
      "transform_matrix": [
        [
          -0.596583,
          -0.240429,
          0.765691,
          3.336344
        ],
        [
          -0.792811,
          0.324747,
          -0.515743,
          4.862345
        ],
        [
          -0.124656,
          -0.914732,
          -0.384353,
          1.320387
        ],
        [
          0.0,
          0.0,
          0.0,
          1.0
        ]
      ]
    },
    {
      "file_path": "/media/NFS/ttao/scannet/posed_images/scene0517_02/00538.jpg",
      "transform_matrix": [
        [
          -0.596279,
          -0.278963,
          0.752749,
          3.332103
        ],
        [
          -0.793563,
          0.346489,
          -0.500203,
          4.864994
        ],
        [
          -0.121281,
          -0.895615,
          -0.427979,
          1.296441
        ],
        [
          0.0,
          0.0,
          0.0,
          1.0
        ]
      ]
    },
    {
      "file_path": "/media/NFS/ttao/scannet/posed_images/scene0517_02/00550.jpg",
      "transform_matrix": [
        [
          -0.718195,
          -0.261273,
          0.644928,
          3.393118
        ],
        [
          -0.687135,
          0.412449,
          -0.598106,
          4.833648
        ],
        [
          -0.109731,
          -0.87271,
          -0.475749,
          1.261604
        ],
        [
          0.0,
          0.0,
          0.0,
          1.0
        ]
      ]
    },
    {
      "file_path": "/media/NFS/ttao/scannet/posed_images/scene0517_02/00560.jpg",
      "transform_matrix": [
        [
          -0.835444,
          -0.238773,
          0.494997,
          3.510474
        ],
        [
          -0.544552,
          0.481166,
          -0.686981,
          4.839474
        ],
        [
          -0.074143,
          -0.843485,
          -0.532011,
          1.261884
        ],
        [
          0.0,
          0.0,
          0.0,
          1.0
        ]
      ]
    },
    {
      "file_path": "/media/NFS/ttao/scannet/posed_images/scene0517_02/00575.jpg",
      "transform_matrix": [
        [
          -0.975946,
          -0.074346,
          0.204944,
          3.634503
        ],
        [
          -0.213072,
          0.524269,
          -0.824465,
          4.840569
        ],
        [
          -0.04615,
          -0.848301,
          -0.527499,
          1.301003
        ],
        [
          0.0,
          0.0,
          0.0,
          1.0
        ]
      ]
    },
    {
      "file_path": "/media/NFS/ttao/scannet/posed_images/scene0517_02/00578.jpg",
      "transform_matrix": [
        [
          -0.982524,
          -0.071765,
          0.171744,
          3.644116
        ],
        [
          -0.183382,
          0.531323,
          -0.827083,
          4.831476
        ],
        [
          -0.031896,
          -0.844124,
          -0.535198,
          1.298631
        ],
        [
          0.0,
          0.0,
          0.0,
          1.0
        ]
      ]
    },
    {
      "file_path": "/media/NFS/ttao/scannet/posed_images/scene0517_02/00593.jpg",
      "transform_matrix": [
        [
          -0.992276,
          0.020203,
          0.122394,
          3.653655
        ],
        [
          -0.097719,
          0.480494,
          -0.871537,
          4.763895
        ],
        [
          -0.076417,
          -0.876765,
          -0.474809,
          1.318526
        ],
        [
          0.0,
          0.0,
          0.0,
          1.0
        ]
      ]
    },
    {
      "file_path": "/media/NFS/ttao/scannet/posed_images/scene0517_02/00602.jpg",
      "transform_matrix": [
        [
          -0.997298,
          0.073435,
          -0.001907,
          3.708756
        ],
        [
          0.03123,
          0.400343,
          -0.915833,
          4.737599
        ],
        [
          -0.066491,
          -0.913418,
          -0.401555,
          1.347436
        ],
        [
          0.0,
          0.0,
          0.0,
          1.0
        ]
      ]
    },
    {
      "file_path": "/media/NFS/ttao/scannet/posed_images/scene0517_02/00615.jpg",
      "transform_matrix": [
        [
          -0.998817,
          0.048538,
          0.003037,
          3.820211
        ],
        [
          0.014199,
          0.350768,
          -0.936355,
          4.698564
        ],
        [
          -0.046514,
          -0.935204,
          -0.351042,
          1.378758
        ],
        [
          0.0,
          0.0,
          0.0,
          1.0
        ]
      ]
    },
    {
      "file_path": "/media/NFS/ttao/scannet/posed_images/scene0517_02/00624.jpg",
      "transform_matrix": [
        [
          -0.999875,
          0.015399,
          0.003534,
          3.814667
        ],
        [
          0.003014,
          0.405477,
          -0.9141,
          4.60853
        ],
        [
          -0.015509,
          -0.913975,
          -0.405473,
          1.349962
        ],
        [
          0.0,
          0.0,
          0.0,
          1.0
        ]
      ]
    },
    {
      "file_path": "/media/NFS/ttao/scannet/posed_images/scene0517_02/00633.jpg",
      "transform_matrix": [
        [
          -0.988713,
          -0.038511,
          0.144787,
          3.74103
        ],
        [
          -0.147812,
          0.408467,
          -0.900725,
          4.467589
        ],
        [
          -0.024453,
          -0.91196,
          -0.40955,
          1.325734
        ],
        [
          0.0,
          0.0,
          0.0,
          1.0
        ]
      ]
    },
    {
      "file_path": "/media/NFS/ttao/scannet/posed_images/scene0517_02/00648.jpg",
      "transform_matrix": [
        [
          -0.966434,
          -0.075681,
          0.245517,
          3.613122
        ],
        [
          -0.256063,
          0.361583,
          -0.896487,
          4.319436
        ],
        [
          -0.020928,
          -0.929263,
          -0.368825,
          1.364848
        ],
        [
          0.0,
          0.0,
          0.0,
          1.0
        ]
      ]
    },
    {
      "file_path": "/media/NFS/ttao/scannet/posed_images/scene0517_02/00657.jpg",
      "transform_matrix": [
        [
          -0.963551,
          -0.102519,
          0.247105,
          3.613411
        ],
        [
          -0.267327,
          0.404667,
          -0.874518,
          4.313658
        ],
        [
          -0.01034,
          -0.9087,
          -0.417323,
          1.341565
        ],
        [
          0.0,
          0.0,
          0.0,
          1.0
        ]
      ]
    },
    {
      "file_path": "/media/NFS/ttao/scannet/posed_images/scene0517_02/00661.jpg",
      "transform_matrix": [
        [
          -0.970484,
          -0.104485,
          0.217357,
          3.629568
        ],
        [
          -0.241166,
          0.418069,
          -0.875819,
          4.321864
        ],
        [
          0.00064,
          -0.902387,
          -0.430927,
          1.332553
        ],
        [
          0.0,
          0.0,
          0.0,
          1.0
        ]
      ]
    },
    {
      "file_path": "/media/NFS/ttao/scannet/posed_images/scene0517_02/00673.jpg",
      "transform_matrix": [
        [
          -0.989412,
          -0.087226,
          0.115995,
          3.704967
        ],
        [
          -0.143085,
          0.452504,
          -0.880208,
          4.412907
        ],
        [
          0.024289,
          -0.887486,
          -0.460194,
          1.316442
        ],
        [
          0.0,
          0.0,
          0.0,
          1.0
        ]
      ]
    },
    {
      "file_path": "/media/NFS/ttao/scannet/posed_images/scene0517_02/00682.jpg",
      "transform_matrix": [
        [
          -0.999785,
          -0.020545,
          0.002824,
          3.784325
        ],
        [
          -0.011722,
          0.447498,
          -0.894208,
          4.535676
        ],
        [
          0.017108,
          -0.894049,
          -0.447643,
          1.326142
        ],
        [
          0.0,
          0.0,
          0.0,
          1.0
        ]
      ]
    },
    {
      "file_path": "/media/NFS/ttao/scannet/posed_images/scene0517_02/00697.jpg",
      "transform_matrix": [
        [
          -0.981249,
          -0.014987,
          -0.192164,
          3.830635
        ],
        [
          0.175768,
          0.339577,
          -0.924009,
          4.658528
        ],
        [
          0.079103,
          -0.940459,
          -0.330575,
          1.378001
        ],
        [
          0.0,
          0.0,
          0.0,
          1.0
        ]
      ]
    },
    {
      "file_path": "/media/NFS/ttao/scannet/posed_images/scene0517_02/00700.jpg",
      "transform_matrix": [
        [
          -0.979693,
          -0.01453,
          -0.199979,
          3.825088
        ],
        [
          0.183115,
          0.341464,
          -0.921885,
          4.671993
        ],
        [
          0.081681,
          -0.939783,
          -0.331869,
          1.373159
        ],
        [
          0.0,
          0.0,
          0.0,
          1.0
        ]
      ]
    },
    {
      "file_path": "/media/NFS/ttao/scannet/posed_images/scene0517_02/00713.jpg",
      "transform_matrix": [
        [
          -0.996791,
          -0.019463,
          -0.077644,
          3.789885
        ],
        [
          0.065072,
          0.367853,
          -0.927604,
          4.713646
        ],
        [
          0.046616,
          -0.92968,
          -0.365407,
          1.37161
        ],
        [
          0.0,
          0.0,
          0.0,
          1.0
        ]
      ]
    },
    {
      "file_path": "/media/NFS/ttao/scannet/posed_images/scene0517_02/00725.jpg",
      "transform_matrix": [
        [
          -0.994709,
          -0.015602,
          -0.101549,
          3.757251
        ],
        [
          0.090607,
          0.332734,
          -0.938658,
          4.730286
        ],
        [
          0.048434,
          -0.942892,
          -0.329559,
          1.396067
        ],
        [
          0.0,
          0.0,
          0.0,
          1.0
        ]
      ]
    },
    {
      "file_path": "/media/NFS/ttao/scannet/posed_images/scene0517_02/00731.jpg",
      "transform_matrix": [
        [
          -0.991812,
          -0.008485,
          -0.127426,
          3.761551
        ],
        [
          0.117727,
          0.325948,
          -0.938029,
          4.724946
        ],
        [
          0.049493,
          -0.94535,
          -0.32228,
          1.406658
        ],
        [
          0.0,
          0.0,
          0.0,
          1.0
        ]
      ]
    },
    {
      "file_path": "/media/NFS/ttao/scannet/posed_images/scene0517_02/00743.jpg",
      "transform_matrix": [
        [
          -0.976945,
          0.018669,
          -0.212675,
          3.792743
        ],
        [
          0.212853,
          0.162272,
          -0.963515,
          4.713957
        ],
        [
          0.016524,
          -0.98657,
          -0.162504,
          1.469938
        ],
        [
          0.0,
          0.0,
          0.0,
          1.0
        ]
      ]
    },
    {
      "file_path": "/media/NFS/ttao/scannet/posed_images/scene0517_02/00758.jpg",
      "transform_matrix": [
        [
          -0.950859,
          0.006966,
          -0.309545,
          3.845806
        ],
        [
          0.309593,
          0.035259,
          -0.950215,
          4.694026
        ],
        [
          0.004295,
          -0.999354,
          -0.035683,
          1.545098
        ],
        [
          0.0,
          0.0,
          0.0,
          1.0
        ]
      ]
    },
    {
      "file_path": "/media/NFS/ttao/scannet/posed_images/scene0517_02/00771.jpg",
      "transform_matrix": [
        [
          -0.9394,
          0.007388,
          -0.342744,
          3.877715
        ],
        [
          0.342781,
          0.0046,
          -0.939404,
          4.689307
        ],
        [
          -0.005363,
          -0.999962,
          -0.006854,
          1.553658
        ],
        [
          0.0,
          0.0,
          0.0,
          1.0
        ]
      ]
    },
    {
      "file_path": "/media/NFS/ttao/scannet/posed_images/scene0517_02/00774.jpg",
      "transform_matrix": [
        [
          -0.937865,
          0.01268,
          -0.346768,
          3.880328
        ],
        [
          0.346843,
          0.004239,
          -0.937914,
          4.68679
        ],
        [
          -0.010422,
          -0.999911,
          -0.008373,
          1.554805
        ],
        [
          0.0,
          0.0,
          0.0,
          1.0
        ]
      ]
    },
    {
      "file_path": "/media/NFS/ttao/scannet/posed_images/scene0517_02/00789.jpg",
      "transform_matrix": [
        [
          -0.906842,
          0.102158,
          -0.408903,
          3.876648
        ],
        [
          0.420805,
          0.164907,
          -0.892037,
          4.640867
        ],
        [
          -0.023697,
          -0.981004,
          -0.192533,
