{
  "frames": [
    {
      "file_path": "/media/NFS/ttao/scannet/posed_images/scene0578_00/00001.jpg",
      "transform_matrix": [
        [
          -0.214186,
          -0.44957,
          0.867186,
          2.332159
        ],
        [
          -0.976133,
          0.065883,
          -0.206939,
          2.762763
        ],
        [
          0.0359,
          -0.890812,
          -0.452951,
          1.391243
        ],
        [
          0.0,
          0.0,
          0.0,
          1.0
        ]
      ]
    },
    {
      "file_path": "/media/NFS/ttao/scannet/posed_images/scene0578_00/00004.jpg",
      "transform_matrix": [
        [
          -0.21499,
          -0.44289,
          0.870418,
          2.314421
        ],
        [
          -0.976007,
          0.065965,
          -0.207506,
          2.780381
        ],
        [
          0.034485,
          -0.894146,
          -0.446445,
          1.382741
        ],
        [
          0.0,
          0.0,
          0.0,
          1.0
        ]
      ]
    },
    {
      "file_path": "/media/NFS/ttao/scannet/posed_images/scene0578_00/00009.jpg",
      "transform_matrix": [
        [
          -0.209601,
          -0.481927,
          0.850773,
          2.303015
        ],
        [
          -0.975175,
          0.039478,
          -0.217886,
          2.806872
        ],
        [
          0.071418,
          -0.875322,
          -0.478238,
          1.375767
        ],
        [
          0.0,
          0.0,
          0.0,
          1.0
        ]
      ]
    },
    {
      "file_path": "/media/NFS/ttao/scannet/posed_images/scene0578_00/00018.jpg",
      "transform_matrix": [
        [
          -0.219613,
          -0.483761,
          0.847199,
          2.318924
        ],
        [
          -0.973457,
          0.051302,
          -0.223048,
          2.806454
        ],
        [
          0.064439,
          -0.873695,
          -0.482187,
          1.393245
        ],
        [
          0.0,
          0.0,
          0.0,
          1.0
        ]
      ]
    },
    {
      "file_path": "/media/NFS/ttao/scannet/posed_images/scene0578_00/00021.jpg",
      "transform_matrix": [
        [
          -0.211909,
          -0.477914,
          0.852463,
          2.314091
        ],
        [
          -0.975303,
          0.04783,
          -0.21563,
          2.790935
        ],
        [
          0.06228,
          -0.877103,
          -0.476246,
          1.396034
        ],
        [
          0.0,
          0.0,
          0.0,
          1.0
        ]
      ]
    },
    {
      "file_path": "/media/NFS/ttao/scannet/posed_images/scene0578_00/00025.jpg",
      "transform_matrix": [
        [
          -0.206843,
          -0.467614,
          0.859392,
          2.315202
        ],
        [
          -0.976443,
          0.043503,
          -0.211345,
          2.770761
        ],
        [
          0.061442,
          -0.882862,
          -0.465596,
          1.401648
        ],
        [
          0.0,
          0.0,
          0.0,
          1.0
        ]
      ]
    },
    {
      "file_path": "/media/NFS/ttao/scannet/posed_images/scene0578_00/00031.jpg",
      "transform_matrix": [
        [
          -0.192478,
          -0.441205,
          0.876522,
          2.315089
        ],
        [
          -0.980076,
          0.041816,
          -0.19417,
          2.74213
        ],
        [
          0.049016,
          -0.896432,
          -0.440463,
          1.413139
        ],
        [
          0.0,
          0.0,
          0.0,
          1.0
        ]
      ]
    },
    {
      "file_path": "/media/NFS/ttao/scannet/posed_images/scene0578_00/00037.jpg",
      "transform_matrix": [
        [
          -0.164084,
          -0.419506,
          0.8928,
          2.320857
        ],
        [
          -0.985498,
          0.030036,
          -0.167007,
          2.703566
        ],
        [
          0.043244,
          -0.907255,
          -0.418351,
          1.411814
        ],
        [
          0.0,
          0.0,
          0.0,
          1.0
        ]
      ]
    },
    {
      "file_path": "/media/NFS/ttao/scannet/posed_images/scene0578_00/00040.jpg",
      "transform_matrix": [
        [
          -0.154198,
          -0.428654,
          0.890213,
          2.337193
        ],
        [
          -0.98691,
          0.023743,
          -0.159515,
          2.686352
        ],
        [
          0.04724,
          -0.903157,
          -0.426704,
          1.411003
        ],
        [
          0.0,
          0.0,
          0.0,
          1.0
        ]
      ]
    },
    {
      "file_path": "/media/NFS/ttao/scannet/posed_images/scene0578_00/00047.jpg",
      "transform_matrix": [
        [
          -0.143365,
          -0.441293,
          0.885837,
          2.385186
        ],
        [
          -0.989193,
          0.036114,
          -0.142101,
          2.670237
        ],
        [
          0.030717,
          -0.896636,
          -0.441702,
          1.404498
        ],
        [
          0.0,
          0.0,
          0.0,
          1.0
        ]
      ]
    },
    {
      "file_path": "/media/NFS/ttao/scannet/posed_images/scene0578_00/00049.jpg",
      "transform_matrix": [
        [
          -0.140533,
          -0.438897,
          0.88748,
          2.403683
        ],
        [
          -0.989658,
          0.03622,
          -0.1388,
          2.666692
        ],
        [
          0.028774,
          -0.897807,
          -0.439448,
          1.401298
        ],
        [
          0.0,
          0.0,
          0.0,
          1.0
        ]
      ]
    },
    {
      "file_path": "/media/NFS/ttao/scannet/posed_images/scene0578_00/00053.jpg",
      "transform_matrix": [
        [
          -0.129457,
          -0.431509,
          0.892772,
          2.448314
        ],
        [
          -0.991288,
          0.034282,
          -0.127172,
          2.667112
        ],
        [
          0.02427,
          -0.901457,
          -0.432188,
          1.394952
        ],
        [
          0.0,
          0.0,
          0.0,
          1.0
        ]
      ]
    },
    {
      "file_path": "/media/NFS/ttao/scannet/posed_images/scene0578_00/00058.jpg",
      "transform_matrix": [
        [
          -0.135859,
          -0.439886,
          0.887718,
          2.514847
        ],
        [
          -0.989516,
          0.015923,
          -0.143548,
          2.677099
        ],
        [
          0.049009,
          -0.897913,
          -0.437437,
          1.408988
        ],
        [
          0.0,
          0.0,
          0.0,
          1.0
        ]
      ]
    },
    {
      "file_path": "/media/NFS/ttao/scannet/posed_images/scene0578_00/00067.jpg",
      "transform_matrix": [
        [
          -0.14396,
          -0.381917,
          0.912916,
          2.610433
        ],
        [
          -0.989581,
          0.0533,
          -0.133751,
          2.676317
        ],
        [
          0.002423,
          -0.922658,
          -0.385611,
          1.41315
        ],
        [
          0.0,
          0.0,
          0.0,
          1.0
        ]
      ]
    },
    {
      "file_path": "/media/NFS/ttao/scannet/posed_images/scene0578_00/00068.jpg",
      "transform_matrix": [
        [
          -0.142366,
          -0.386983,
          0.91103,
          2.619273
        ],
        [
          -0.989806,
          0.059453,
          -0.129422,
          2.675057
        ],
        [
          -0.004079,
          -0.920168,
          -0.391502,
          1.412206
        ],
        [
          0.0,
          0.0,
          0.0,
          1.0
        ]
      ]
    },
    {
      "file_path": "/media/NFS/ttao/scannet/posed_images/scene0578_00/00073.jpg",
      "transform_matrix": [
        [
          -0.129467,
          -0.381771,
          0.915145,
          2.675397
        ],
        [
          -0.991449,
          0.065089,
          -0.113109,
          2.663164
        ],
        [
          -0.016384,
          -0.921962,
          -0.386933,
          1.421383
        ],
        [
          0.0,
          0.0,
          0.0,
          1.0
        ]
      ]
    },
    {
      "file_path": "/media/NFS/ttao/scannet/posed_images/scene0578_00/00082.jpg",
      "transform_matrix": [
        [
          -0.063025,
          -0.360193,
          0.930746,
          2.778316
        ],
        [
          -0.997999,
          0.027598,
          -0.056899,
          2.617666
        ],
        [
          -0.005192,
          -0.932469,
          -0.361212,
          1.429813
        ],
        [
          0.0,
          0.0,
          0.0,
          1.0
        ]
      ]
    },
    {
      "file_path": "/media/NFS/ttao/scannet/posed_images/scene0578_00/00083.jpg",
      "transform_matrix": [
        [
          -0.053428,
          -0.360968,
          0.931047,
          2.789954
        ],
        [
          -0.998538,
          0.02702,
          -0.046825,
          2.61012
        ],
        [
          -0.008255,
          -0.932187,
          -0.361884,
          1.426937
        ],
        [
          0.0,
          0.0,
          0.0,
          1.0
        ]
      ]
    },
    {
      "file_path": "/media/NFS/ttao/scannet/posed_images/scene0578_00/00088.jpg",
      "transform_matrix": [
        [
          -0.007246,
          -0.360236,
          0.932833,
          2.858768
        ],
        [
          -0.999704,
          -0.019056,
          -0.015125,
          2.566897
        ],
        [
          0.023224,
          -0.932667,
          -0.359991,
          1.455741
        ],
        [
          0.0,
          0.0,
          0.0,
          1.0
        ]
      ]
    },
    {
      "file_path": "/media/NFS/ttao/scannet/posed_images/scene0578_00/00095.jpg",
      "transform_matrix": [
        [
          0.024582,
          -0.308054,
          0.951051,
          2.924237
        ],
        [
          -0.998556,
          -0.053035,
          0.008632,
          2.534264
        ],
        [
          0.04778,
          -0.949889,
          -0.308913,
          1.470152
        ],
        [
          0.0,
          0.0,
          0.0,
          1.0
        ]
      ]
    },
    {
      "file_path": "/media/NFS/ttao/scannet/posed_images/scene0578_00/00101.jpg",
      "transform_matrix": [
        [
          0.048656,
          -0.250436,
          0.96691,
          2.994305
        ],
        [
          -0.998453,
          -0.038292,
          0.040326,
          2.523088
        ],
        [
          0.026926,
          -0.967376,
          -0.251912,
          1.486418
        ],
        [
          0.0,
          0.0,
          0.0,
          1.0
        ]
      ]
    },
    {
      "file_path": "/media/NFS/ttao/scannet/posed_images/scene0578_00/00102.jpg",
      "transform_matrix": [
        [
          0.050973,
          -0.248644,
          0.967253,
          3.007012
        ],
        [
          -0.998379,
          -0.037265,
          0.043034,
          2.522806
        ],
        [
          0.025345,
          -0.967878,
          -0.25014,
          1.487774
        ],
        [
          0.0,
          0.0,
          0.0,
          1.0
        ]
      ]
    },
    {
      "file_path": "/media/NFS/ttao/scannet/posed_images/scene0578_00/00111.jpg",
      "transform_matrix": [
        [
          0.025196,
          -0.181494,
          0.983069,
          3.109846
        ],
        [
          -0.999634,
          -0.014304,
          0.02298,
          2.551625
        ],
        [
          0.009891,
          -0.983288,
          -0.181787,
          1.51533
        ],
        [
          0.0,
          0.0,
          0.0,
          1.0
        ]
      ]
    },
    {
      "file_path": "/media/NFS/ttao/scannet/posed_images/scene0578_00/00116.jpg",
      "transform_matrix": [
        [
          0.029447,
          -0.174008,
          0.984304,
          3.166105
        ],
        [
          -0.999542,
          0.001816,
          0.030224,
          2.562724
        ],
        [
          -0.007047,
          -0.984743,
          -0.173874,
          1.521336
        ],
        [
          0.0,
          0.0,
          0.0,
          1.0
        ]
      ]
    },
    {
      "file_path": "/media/NFS/ttao/scannet/posed_images/scene0578_00/00120.jpg",
      "transform_matrix": [
        [
          0.034805,
          -0.209875,
          0.977108,
          3.201035
        ],
        [
          -0.999379,
          -0.001959,
          0.035178,
          2.561241
        ],
        [
          -0.005469,
          -0.977726,
          -0.209813,
          1.519226
        ],
        [
          0.0,
          0.0,
          0.0,
          1.0
        ]
      ]
    },
    {
      "file_path": "/media/NFS/ttao/scannet/posed_images/scene0578_00/00123.jpg",
      "transform_matrix": [
        [
          0.054938,
          -0.197936,
          0.978674,
          3.222365
        ],
        [
          -0.998434,
          -0.000512,
          0.055944,
          2.556149
        ],
        [
          -0.010572,
          -0.980215,
          -0.197654,
          1.517686
        ],
        [
          0.0,
          0.0,
          0.0,
          1.0
        ]
      ]
    },
    {
      "file_path": "/media/NFS/ttao/scannet/posed_images/scene0578_00/00129.jpg",
      "transform_matrix": [
        [
          0.105967,
          -0.171705,
          0.979433,
          3.244935
        ],
        [
          -0.994311,
          -0.007632,
          0.106238,
          2.543671
        ],
        [
          -0.010767,
          -0.985119,
          -0.171537,
          1.519595
        ],
        [
          0.0,
          0.0,
          0.0,
          1.0
        ]
      ]
    },
    {
      "file_path": "/media/NFS/ttao/scannet/posed_images/scene0578_00/00135.jpg",
      "transform_matrix": [
        [
          0.155319,
          -0.134263,
          0.978698,
          3.269062
        ],
        [
          -0.987811,
          -0.031438,
          0.152452,
          2.492399
        ],
        [
          0.0103,
          -0.990447,
          -0.137509,
          1.527182
        ],
        [
          0.0,
          0.0,
          0.0,
          1.0
        ]
      ]
    },
    {
      "file_path": "/media/NFS/ttao/scannet/posed_images/scene0578_00/00138.jpg",
      "transform_matrix": [
        [
          0.168458,
          -0.136682,
          0.976186,
          3.279157
        ],
        [
          -0.985647,
          -0.034413,
          0.165272,
          2.478846
        ],
        [
          0.011004,
          -0.990017,
          -0.140517,
          1.525938
        ],
        [
          0.0,
          0.0,
          0.0,
          1.0
        ]
      ]
    },
    {
      "file_path": "/media/NFS/ttao/scannet/posed_images/scene0578_00/00145.jpg",
      "transform_matrix": [
        [
          0.223259,
          -0.162212,
          0.961167,
          3.311971
        ],
        [
          -0.974663,
          -0.023309,
          0.22246,
          2.430776
        ],
        [
          -0.013681,
          -0.986481,
          -0.163306,
          1.51605
        ],
        [
          0.0,
          0.0,
          0.0,
          1.0
        ]
      ]
    },
    {
      "file_path": "/media/NFS/ttao/scannet/posed_images/scene0578_00/00147.jpg",
      "transform_matrix": [
        [
          0.23898,
          -0.162075,
          0.957403,
          3.320338
        ],
        [
          -0.970897,
          -0.02392,
          0.238299,
          2.422711
        ],
        [
          -0.015721,
          -0.986488,
          -0.163075,
          1.511772
        ],
        [
          0.0,
          0.0,
          0.0,
          1.0
        ]
      ]
    },
    {
      "file_path": "/media/NFS/ttao/scannet/posed_images/scene0578_00/00156.jpg",
      "transform_matrix": [
        [
          0.308836,
          -0.197354,
          0.930415,
          3.378735
        ],
        [
          -0.950989,
          -0.048121,
          0.305458,
          2.37701
        ],
        [
          -0.015511,
          -0.97915,
          -0.202543,
          1.480646
        ],
        [
          0.0,
          0.0,
          0.0,
          1.0
        ]
      ]
    },
    {
      "file_path": "/media/NFS/ttao/scannet/posed_images/scene0578_00/00157.jpg",
      "transform_matrix": [
        [
          0.320133,
          -0.199755,
          0.926074,
          3.386396
        ],
        [
          -0.947192,
          -0.048375,
          0.316998,
          2.370111
        ],
        [
          -0.018523,
          -0.978651,
          -0.204692,
          1.475504
        ],
        [
          0.0,
          0.0,
          0.0,
          1.0
        ]
      ]
    },
    {
      "file_path": "/media/NFS/ttao/scannet/posed_images/scene0578_00/00166.jpg",
      "transform_matrix": [
        [
          0.39065,
          -0.28131,
          0.876503,
          3.523427
        ],
        [
          -0.919729,
          -0.079338,
          0.384452,
          2.35827
        ],
        [
          -0.03861,
          -0.956332,
          -0.289722,
          1.435543
        ],
        [
          0.0,
          0.0,
          0.0,
          1.0
        ]
      ]
    },
    {
      "file_path": "/media/NFS/ttao/scannet/posed_images/scene0578_00/00169.jpg",
      "transform_matrix": [
        [
          0.391352,
          -0.281356,
          0.876175,
          3.568388
        ],
        [
          -0.920028,
          -0.099134,
          0.379105,
          2.370224
        ],
        [
          -0.019805,
          -0.954469,
          -0.297652,
          1.4231
        ],
        [
          0.0,
          0.0,
          0.0,
          1.0
        ]
      ]
    },
    {
      "file_path": "/media/NFS/ttao/scannet/posed_images/scene0578_00/00172.jpg",
      "transform_matrix": [
        [
          0.398224,
          -0.292192,
          0.869507,
          3.613263
        ],
        [
          -0.917284,
          -0.124039,
          0.378423,
          2.383082
        ],
        [
          -0.002719,
          -0.948282,
          -0.317418,
          1.418459
        ],
        [
          0.0,
          0.0,
          0.0,
          1.0
        ]
      ]
    },
    {
      "file_path": "/media/NFS/ttao/scannet/posed_images/scene0578_00/00181.jpg",
      "transform_matrix": [
        [
          0.465427,
          -0.364444,
          0.806572,
          3.758251
        ],
        [
          -0.883469,
          -0.136222,
          0.448248,
          2.391814
        ],
        [
          -0.053489,
          -0.921208,
          -0.385376,
          1.407572
        ],
        [
          0.0,
          0.0,
          0.0,
          1.0
        ]
      ]
    },
    {
      "file_path": "/media/NFS/ttao/scannet/posed_images/scene0578_00/00183.jpg",
      "transform_matrix": [
        [
          0.487849,
          -0.357439,
          0.796392,
          3.788196
        ],
        [
          -0.871283,
          -0.143401,
          0.469363,
          2.386774
        ],
        [
          -0.053565,
          -0.922861,
          -0.381389,
          1.399551
        ],
        [
          0.0,
          0.0,
          0.0,
          1.0
        ]
      ]
    },
    {
      "file_path": "/media/NFS/ttao/scannet/posed_images/scene0578_00/00188.jpg",
      "transform_matrix": [
        [
          0.545995,
          -0.355067,
          0.758826,
          3.866432
        ],
        [
          -0.837326,
          -0.201172,
          0.508346,
          2.372172
        ],
        [
          -0.027843,
          -0.912939,
          -0.407145,
          1.384449
        ],
        [
          0.0,
          0.0,
          0.0,
          1.0
        ]
      ]
    },
    {
      "file_path": "/media/NFS/ttao/scannet/posed_images/scene0578_00/00194.jpg",
      "transform_matrix": [
        [
          0.637549,
          -0.330164,
          0.696077,
          3.96233
        ],
        [
          -0.770121,
          -0.248383,
          0.587554,
          2.338404
        ],
        [
          -0.021095,
          -0.910658,
          -0.412623,
          1.382328
        ],
        [
          0.0,
          0.0,
          0.0,
          1.0
        ]
      ]
    },
    {
      "file_path": "/media/NFS/ttao/scannet/posed_images/scene0578_00/00200.jpg",
      "transform_matrix": [
        [
          0.706092,
          -0.293216,
          0.644561,
          4.042167
        ],
        [
          -0.708102,
          -0.285839,
          0.645668,
          2.313628
        ],
        [
          -0.00508,
          -0.912316,
          -0.409455,
          1.379228
        ],
        [
          0.0,
          0.0,
          0.0,
          1.0
        ]
      ]
    },
    {
      "file_path": "/media/NFS/ttao/scannet/posed_images/scene0578_00/00202.jpg",
      "transform_matrix": [
        [
          0.713869,
          -0.288523,
          0.63808,
          4.063994
        ],
        [
          -0.700276,
          -0.291125,
          0.651813,
          2.310556
        ],
        [
          -0.002302,
          -0.912141,
          -0.409871,
          1.376976
        ],
        [
          0.0,
          0.0,
          0.0,
          1.0
        ]
      ]
    },
    {
      "file_path": "/media/NFS/ttao/scannet/posed_images/scene0578_00/00206.jpg",
      "transform_matrix": [
        [
          0.723871,
          -0.288537,
          0.626704,
          4.126719
        ],
        [
          -0.689911,
          -0.295113,
          0.661007,
          2.309786
        ],
        [
          -0.005777,
          -0.910854,
          -0.412688,
          1.368157
        ],
        [
          0.0,
          0.0,
          0.0,
          1.0
        ]
      ]
    },
    {
      "file_path": "/media/NFS/ttao/scannet/posed_images/scene0578_00/00212.jpg",
      "transform_matrix": [
        [
          0.726334,
          -0.272211,
          0.631143,
          4.214836
        ],
        [
          -0.687199,
          -0.306362,
          0.658711,
          2.329507
        ],
        [
          0.01405,
          -0.912165,
          -0.409583,
          1.363825
        ],
        [
          0.0,
          0.0,
          0.0,
          1.0
        ]
      ]
    },
    {
      "file_path": "/media/NFS/ttao/scannet/posed_images/scene0578_00/00217.jpg",
      "transform_matrix": [
        [
          0.736266,
          -0.228844,
          0.636823,
          4.292094
        ],
        [
          -0.675013,
          -0.31463,
          0.667357,
          2.346308
        ],
        [
          0.047643,
          -0.921216,
          -0.386124,
          1.368587
        ],
        [
          0.0,
          0.0,
          0.0,
          1.0
        ]
      ]
    },
    {
      "file_path": "/media/NFS/ttao/scannet/posed_images/scene0578_00/00224.jpg",
      "transform_matrix": [
        [
          0.751712,
          -0.225663,
          0.619681,
          4.387742
        ],
        [
          -0.658808,
          -0.299728,
          0.690026,
          2.365234
        ],
        [
          0.030023,
          -0.926952,
          -0.373977,
          1.37531
        ],
        [
          0.0,
          0.0,
          0.0,
          1.0
        ]
      ]
    },
    {
      "file_path": "/media/NFS/ttao/scannet/posed_images/scene0578_00/00230.jpg",
      "transform_matrix": [
        [
          0.792878,
          -0.210398,
          0.571907,
          4.460145
        ],
        [
          -0.60891,
          -0.310435,
          0.729972,
          2.370376
        ],
        [
          0.023955,
          -0.927018,
          -0.374251,
          1.376714
        ],
        [
          0.0,
          0.0,
          0.0,
          1.0
        ]
      ]
    },
    {
      "file_path": "/media/NFS/ttao/scannet/posed_images/scene0578_00/00232.jpg",
      "transform_matrix": [
        [
          0.807692,
          -0.212407,
          0.550015,
          4.488408
        ],
        [
          -0.589449,
          -0.312335,
          0.744981,
          2.370605
        ],
        [
          0.013549,
          -0.925921,
          -0.377474,
          1.380272
        ],
        [
          0.0,
          0.0,
          0.0,
          1.0
        ]
      ]
    },
    {
      "file_path": "/media/NFS/ttao/scannet/posed_images/scene0578_00/00237.jpg",
      "transform_matrix": [
        [
          0.855278,
          -0.163539,
          0.491687,
          4.55264
        ],
        [
          -0.517498,
          -0.317911,
          0.794436,
          2.35878
        ],
        [
          0.026391,
          -0.93391,
          -0.356533,
          1.383414
        ],
        [
          0.0,
          0.0,
          0.0,
          1.0
        ]
      ]
    },
    {
      "file_path": "/media/NFS/ttao/scannet/posed_images/scene0578_00/00242.jpg",
      "transform_matrix": [
        [
          0.889279,
          -0.134299,
          0.437203,
          4.617249
        ],
        [
          -0.455366,
          -0.349253,
          0.818941,
          2.358876
        ],
        [
          0.042711,
          -0.927354,
          -0.371739,
          1.382424
        ],
        [
          0.0,
          0.0,
          0.0,
          1.0
        ]
      ]
    },
    {
      "file_path": "/media/NFS/ttao/scannet/posed_images/scene0578_00/00246.jpg",
      "transform_matrix": [
        [
          0.910578,
          -0.121556,
          0.395058,
          4.667192
        ],
        [
          -0.410968,
          -0.36842,
          0.83389,
          2.357311
        ],
        [
          0.044183,
          -0.921678,
          -0.385431,
          1.378501
        ],
        [
          0.0,
          0.0,
          0.0,
          1.0
        ]
      ]
    },
    {
      "file_path": "/media/NFS/ttao/scannet/posed_images/scene0578_00/00251.jpg",
      "transform_matrix": [
        [
          0.935289,
          -0.131324,
          0.328617,
          4.729042
        ],
        [
          -0.353551,
          -0.387168,
          0.85153,
          2.37252
        ],
        [
          0.015403,
          -0.912609,
          -0.408543,
          1.378205
        ],
        [
          0.0,
          0.0,
          0.0,
          1.0
        ]
      ]
    },
    {
      "file_path": "/media/NFS/ttao/scannet/posed_images/scene0578_00/00258.jpg",
      "transform_matrix": [
        [
          0.956154,
          -0.07405,
          0.283348,
          4.799496
        ],
        [
          -0.290841,
          -0.353609,
          0.889029,
          2.423053
        ],
        [
          0.034362,
          -0.932458,
          -0.359642,
          1.371611
        ],
        [
          0.0,
          0.0,
          0.0,
          1.0
        ]
      ]
    },
    {
      "file_path": "/media/NFS/ttao/scannet/posed_images/scene0578_00/00264.jpg",
      "transform_matrix": [
        [
          0.971656,
          -0.059646,
          0.228753,
          4.860721
        ],
        [
          -0.234398,
          -0.368786,
          0.899475,
          2.462415
        ],
        [
          0.030711,
          -0.927599,
          -0.372313,
          1.375431
        ],
        [
          0.0,
          0.0,
          0.0,
          1.0
        ]
      ]
    },
    {
      "file_path": "/media/NFS/ttao/scannet/posed_images/scene0578_00/00270.jpg",
      "transform_matrix": [
        [
          0.98688,
          -0.044209,
          0.155283,
          4.909528
        ],
        [
          -0.160069,
          -0.393596,
          0.90524,
          2.491887
        ],
        [
          0.021099,
          -0.91822,
          -0.395509,
          1.371377
        ],
        [
          0.0,
          0.0,
          0.0,
          1.0
        ]
      ]
    },
    {
      "file_path": "/media/NFS/ttao/scannet/posed_images/scene0578_00/00272.jpg",
      "transform_matrix": [
        [
          0.990996,
          -0.021914,
          0.132089,
          4.928929
        ],
        [
          -0.129994,
          -0.393857,
          0.909933,
          2.499788
        ],
        [
          0.032084,
          -0.918911,
          -0.393159,
          1.371227
        ],
        [
          0.0,
          0.0,
          0.0,
          1.0
        ]
      ]
    },
    {
      "file_path": "/media/NFS/ttao/scannet/posed_images/scene0578_00/00278.jpg",
      "transform_matrix": [
        [
          0.999078,
          0.024894,
          0.034978,
          5.005991
        ],
        [
          -0.021876,
          -0.405825,
          0.913689,
          2.505651
        ],
        [
          0.036941,
          -0.913612,
          -0.404907,
          1.3698
        ],
        [
          0.0,
          0.0,
          0.0,
          1.0
        ]
      ]
    },
    {
      "file_path": "/media/NFS/ttao/scannet/posed_images/scene0578_00/00285.jpg",
      "transform_matrix": [
        [
          0.997182,
          0.056607,
          -0.049239,
          5.079729
        ],
        [
          0.067961,
          -0.403506,
          0.91245,
          2.512908
        ],
        [
          0.031783,
          -0.913224,
          -0.406216,
          1.375808
        ],
        [
          0.0,
          0.0,
          0.0,
          1.0
        ]
      ]
    },
    {
      "file_path": "/media/NFS/ttao/scannet/posed_images/scene0578_00/00286.jpg",
      "transform_matrix": [
        [
          0.996587,
          0.058155,
          -0.058591,
          5.085999
        ],
        [
          0.077148,
          -0.403501,
          0.911721,
          2.516161
        ],
        [
          0.029379,
          -0.913129,
          -0.406611,
          1.375058
        ],
        [
          0.0,
          0.0,
          0.0,
          1.0
        ]
      ]
    },
    {
      "file_path": "/media/NFS/ttao/scannet/posed_images/scene0578_00/00294.jpg",
      "transform_matrix": [
        [
          0.989836,
          0.071759,
          -0.122785,
          5.137421
        ],
        [
          0.140686,
          -0.367729,
          0.91923,
          2.569749
        ],
        [
          0.020811,
          -0.92716,
          -0.374086,
          1.406661
        ],
        [
          0.0,
          0.0,
          0.0,
          1.0
        ]
      ]
    },
    {
      "file_path": "/media/NFS/ttao/scannet/posed_images/scene0578_00/00300.jpg",
      "transform_matrix": [
        [
          0.9892,
          0.076901,
          -0.124778,
          5.149077
        ],
        [
          0.142889,
          -0.316316,
          0.937831,
          2.639451
        ],
        [
          0.032651,
          -0.945532,
          -0.323888,
          1.419312
        ],
        [
          0.0,
          0.0,
          0.0,
          1.0
        ]
      ]
    },
    {
      "file_path": "/media/NFS/ttao/scannet/posed_images/scene0578_00/00301.jpg",
      "transform_matrix": [
        [
          0.988764,
          0.084156,
          -0.123543,
          5.148392
        ],
        [
          0.144249,
          -0.320389,
          0.936239,
          2.65228
        ],
        [
          0.039208,
          -0.94354,
          -0.328929,
          1.424018
        ],
        [
          0.0,
          0.0,
          0.0,
          1.0
        ]
      ]
    },
    {
      "file_path": "/media/NFS/ttao/scannet/posed_images/scene0578_00/00309.jpg",
      "transform_matrix": [
        [
          0.979132,
          0.082515,
          -0.185722,
          5.150316
        ],
        [
          0.202095,
          -0.298994,
          0.932609,
          2.72416
        ],
        [
          0.021425,
          -0.950681,
          -0.309431,
          1.436929
        ],
        [
          0.0,
          0.0,
          0.0,
          1.0
        ]
      ]
    },
    {
      "file_path": "/media/NFS/ttao/scannet/posed_images/scene0578_00/00313.jpg",
      "transform_matrix": [
        [
          0.964007,
          0.096547,
          -0.247727,
          5.158801
        ],
        [
          0.265116,
          -0.278656,
          0.923073,
          2.750159
        ],
        [
          0.020089,
          -0.955526,
          -0.294223,
          1.448157
        ],
        [
          0.0,
          0.0,
          0.0,
          1.0
        ]
      ]
    },
    {
      "file_path": "/media/NFS/ttao/scannet/posed_images/scene0578_00/00316.jpg",
      "transform_matrix": [
        [
          0.944941,
          0.102005,
          -0.310936,
          5.182885
        ],
        [
          0.327128,
          -0.269556,
          0.905719,
          2.768805
        ],
        [
          0.008574,
          -0.957567,
          -0.288083,
          1.453224
        ],
        [
          0.0,
          0.0,
          0.0,
          1.0
        ]
      ]
    },
    {
      "file_path": "/media/NFS/ttao/scannet/posed_images/scene0578_00/00322.jpg",
      "transform_matrix": [
        [
          0.921641,
          0.118885,
          -0.369385,
          5.197515
        ],
        [
          0.387418,
          -0.227814,
          0.893313,
          2.788779
        ],
        [
          0.02205,
          -0.96642,
          -0.25602,
          1.478576
        ],
        [
          0.0,
          0.0,
          0.0,
          1.0
        ]
      ]
    },
    {
      "file_path": "/media/NFS/ttao/scannet/posed_images/scene0578_00/00329.jpg",
      "transform_matrix": [
        [
          0.908844,
          0.109782,
          -0.402431,
          5.234532
        ],
        [
          0.416449,
          -0.183447,
          0.890459,
          2.820555
        ],
        [
          0.023932,
          -0.97688,
          -0.212444,
          1.504797
        ],
        [
          0.0,
          0.0,
          0.0,
          1.0
        ]
      ]
    },
    {
      "file_path": "/media/NFS/ttao/scannet/posed_images/scene0578_00/00331.jpg",
      "transform_matrix": [
        [
          0.903698,
          0.108213,
          -0.414271,
          5.250031
        ],
        [
          0.427517,
          -0.174604,
          0.886985,
          2.825949
        ],
        [
          0.02365,
          -0.978674,
          -0.204052,
          1.501726
        ],
        [
          0.0,
          0.0,
          0.0,
          1.0
        ]
      ]
    },
    {
      "file_path": "/media/NFS/ttao/scannet/posed_images/scene0578_00/00338.jpg",
      "transform_matrix": [
        [
          0.881675,
          0.136784,
          -0.451597,
          5.271409
        ],
        [
          0.468782,
          -0.14481,
          0.871363,
          2.841999
        ],
        [
          0.053792,
          -0.979959,
          -0.191797,
          1.517176
        ],
        [
          0.0,
          0.0,
          0.0,
          1.0
        ]
      ]
    },
    {
      "file_path": "/media/NFS/ttao/scannet/posed_images/scene0578_00/00340.jpg",
      "transform_matrix": [
        [
          0.878339,
          0.147913,
          -0.454579,
          5.275407
        ],
        [
          0.474072,
          -0.147286,
          0.86808,
          2.845867
        ],
        [
          0.061447,
          -0.977972,
          -0.199488,
          1.522615
        ],
        [
          0.0,
          0.0,
          0.0,
          1.0
        ]
      ]
    },
    {
      "file_path": "/media/NFS/ttao/scannet/posed_images/scene0578_00/00349.jpg",
      "transform_matrix": [
        [
          0.883999,
          0.135382,
          -0.447457,
          5.274783
        ],
        [
          0.465799,
          -0.173759,
          0.867663,
          2.851931
        ],
        [
          0.039716,
          -0.975438,
          -0.216664,
          1.531393
        ],
        [
          0.0,
          0.0,
          0.0,
          1.0
        ]
      ]
    },
    {
      "file_path": "/media/NFS/ttao/scannet/posed_images/scene0578_00/00352.jpg",
      "transform_matrix": [
        [
          0.886397,
          0.129967,
          -0.444307,
          5.268412
        ],
        [
          0.461355,
          -0.169023,
          0.870967,
          2.849288
        ],
        [
          0.038099,
          -0.977006,
          -0.209782,
          1.536527
        ],
        [
          0.0,
          0.0,
          0.0,
          1.0
        ]
      ]
    },
    {
      "file_path": "/media/NFS/ttao/scannet/posed_images/scene0578_00/00356.jpg",
      "transform_matrix": [
        [
          0.879647,
          0.115558,
          -0.461376,
          5.265835
        ],
        [
          0.47528,
          -0.176532,
          0.861943,
          2.849319
        ],
        [
          0.018157,
          -0.977488,
          -0.210208,
          1.534314
        ],
        [
          0.0,
          0.0,
          0.0,
          1.0
        ]
      ]
    },
    {
      "file_path": "/media/NFS/ttao/scannet/posed_images/scene0578_00/00364.jpg",
      "transform_matrix": [
        [
          0.865705,
          0.104517,
          -0.489521,
          5.261911
        ],
        [
          0.500018,
          -0.135309,
          0.855379,
          2.843503
        ],
        [
          0.023165,
          -0.985276,
          -0.169398,
          1.54098
        ],
        [
          0.0,
          0.0,
          0.0,
          1.0
        ]
      ]
    },
    {
      "file_path": "/media/NFS/ttao/scannet/posed_images/scene0578_00/00367.jpg",
      "transform_matrix": [
        [
          0.856464,
          0.106443,
          -0.505113,
          5.26017
        ],
        [
          0.515748,
          -0.135188,
          0.846007,
          2.842167
        ],
        [
          0.021766,
          -0.985086,
          -0.170681,
          1.540449
        ],
        [
          0.0,
          0.0,
          0.0,
          1.0
        ]
      ]
    },
    {
      "file_path": "/media/NFS/ttao/scannet/posed_images/scene0578_00/00374.jpg",
      "transform_matrix": [
        [
          0.853103,
          0.096786,
          -0.512686,
          5.259462
        ],
        [
          0.521059,
          -0.107764,
          0.846691,
          2.840582
        ],
        [
          0.026698,
          -0.989454,
          -0.142365,
          1.556404
        ],
        [
          0.0,
          0.0,
          0.0,
          1.0
        ]
      ]
    },
    {
      "file_path": "/media/NFS/ttao/scannet/posed_images/scene0578_00/00375.jpg",
      "transform_matrix": [
        [
          0.852791,
          0.094361,
          -0.513657,
          5.261719
        ],
        [
          0.521552,
          -0.102949,
          0.846986,
          2.840331
        ],
        [
          0.027041,
          -0.990201,
          -0.137008,
          1.556059
        ],
        [
          0.0,
          0.0,
          0.0,
          1.0
        ]
      ]
    },
    {
      "file_path": "/media/NFS/ttao/scannet/posed_images/scene0578_00/00380.jpg",
      "transform_matrix": [
        [
          0.855257,
          0.088631,
          -0.510568,
          5.264447
        ],
        [
          0.51712,
          -0.082261,
          0.851951,
          2.83399
        ],
        [
          0.033509,
          -0.992662,
          -0.116187,
