{
  "frames": [
    {
      "file_path": "/media/NFS/ttao/scannet/posed_images/scene0212_00/00004.jpg",
      "transform_matrix": [
        [
          -0.946962,
          0.043739,
          -0.318356,
          5.658307
        ],
        [
          0.321326,
          0.117553,
          -0.939644,
          4.828726
        ],
        [
          -0.003675,
          -0.992103,
          -0.125373,
          1.570884
        ],
        [
          0.0,
          0.0,
          0.0,
          1.0
        ]
      ]
    },
    {
      "file_path": "/media/NFS/ttao/scannet/posed_images/scene0212_00/00006.jpg",
      "transform_matrix": [
        [
          -0.947597,
          0.043022,
          -0.316559,
          5.655178
        ],
        [
          0.319452,
          0.117522,
          -0.940287,
          4.829483
        ],
        [
          -0.00325,
          -0.992138,
          -0.125107,
          1.56627
        ],
        [
          0.0,
          0.0,
          0.0,
          1.0
        ]
      ]
    },
    {
      "file_path": "/media/NFS/ttao/scannet/posed_images/scene0212_00/00015.jpg",
      "transform_matrix": [
        [
          -0.948974,
          0.04524,
          -0.312093,
          5.645057
        ],
        [
          0.315349,
          0.142324,
          -0.938243,
          4.824979
        ],
        [
          0.001972,
          -0.988786,
          -0.149328,
          1.590418
        ],
        [
          0.0,
          0.0,
          0.0,
          1.0
        ]
      ]
    },
    {
      "file_path": "/media/NFS/ttao/scannet/posed_images/scene0212_00/00017.jpg",
      "transform_matrix": [
        [
          -0.948681,
          0.037992,
          -0.313946,
          5.647618
        ],
        [
          0.316137,
          0.138745,
          -0.938513,
          4.822299
        ],
        [
          0.007902,
          -0.989599,
          -0.143636,
          1.592484
        ],
        [
          0.0,
          0.0,
          0.0,
          1.0
        ]
      ]
    },
    {
      "file_path": "/media/NFS/ttao/scannet/posed_images/scene0212_00/00028.jpg",
      "transform_matrix": [
        [
          -0.953986,
          0.040933,
          -0.297043,
          5.661585
        ],
        [
          0.299839,
          0.138909,
          -0.943823,
          4.817385
        ],
        [
          0.002628,
          -0.989459,
          -0.144791,
          1.59609
        ],
        [
          0.0,
          0.0,
          0.0,
          1.0
        ]
      ]
    },
    {
      "file_path": "/media/NFS/ttao/scannet/posed_images/scene0212_00/00030.jpg",
      "transform_matrix": [
        [
          -0.953678,
          0.038774,
          -0.29832,
          5.662921
        ],
        [
          0.300785,
          0.13988,
          -0.943378,
          4.817975
        ],
        [
          0.00515,
          -0.989409,
          -0.145063,
          1.588934
        ],
        [
          0.0,
          0.0,
          0.0,
          1.0
        ]
      ]
    },
    {
      "file_path": "/media/NFS/ttao/scannet/posed_images/scene0212_00/00035.jpg",
      "transform_matrix": [
        [
          -0.951472,
          0.050341,
          -0.303592,
          5.663521
        ],
        [
          0.307737,
          0.155208,
          -0.938727,
          4.820527
        ],
        [
          -0.000137,
          -0.986599,
          -0.163167,
          1.581131
        ],
        [
          0.0,
          0.0,
          0.0,
          1.0
        ]
      ]
    },
    {
      "file_path": "/media/NFS/ttao/scannet/posed_images/scene0212_00/00043.jpg",
      "transform_matrix": [
        [
          -0.939536,
          0.069003,
          -0.335427,
          5.680135
        ],
        [
          0.342445,
          0.183128,
          -0.921518,
          4.81841
        ],
        [
          -0.002161,
          -0.980664,
          -0.195685,
          1.563094
        ],
        [
          0.0,
          0.0,
          0.0,
          1.0
        ]
      ]
    },
    {
      "file_path": "/media/NFS/ttao/scannet/posed_images/scene0212_00/00050.jpg",
      "transform_matrix": [
        [
          -0.925611,
          0.089486,
          -0.367744,
          5.694198
        ],
        [
          0.378472,
          0.222715,
          -0.898419,
          4.811683
        ],
        [
          0.001506,
          -0.970768,
          -0.240015,
          1.549635
        ],
        [
          0.0,
          0.0,
          0.0,
          1.0
        ]
      ]
    },
    {
      "file_path": "/media/NFS/ttao/scannet/posed_images/scene0212_00/00054.jpg",
      "transform_matrix": [
        [
          -0.921185,
          0.105269,
          -0.374615,
          5.696602
        ],
        [
          0.389085,
          0.235581,
          -0.89057,
          4.812471
        ],
        [
          -0.005497,
          -0.966137,
          -0.257973,
          1.52953
        ],
        [
          0.0,
          0.0,
          0.0,
          1.0
        ]
      ]
    },
    {
      "file_path": "/media/NFS/ttao/scannet/posed_images/scene0212_00/00065.jpg",
      "transform_matrix": [
        [
          -0.88445,
          0.142926,
          -0.444207,
          5.690814
        ],
        [
          0.46599,
          0.320531,
          -0.82469,
          4.812686
        ],
        [
          0.024513,
          -0.936393,
          -0.350095,
          1.494572
        ],
        [
          0.0,
          0.0,
          0.0,
          1.0
        ]
      ]
    },
    {
      "file_path": "/media/NFS/ttao/scannet/posed_images/scene0212_00/00068.jpg",
      "transform_matrix": [
        [
          -0.863079,
          0.163348,
          -0.477925,
          5.689482
        ],
        [
          0.504349,
          0.329241,
          -0.798268,
          4.813806
        ],
        [
          0.026957,
          -0.93001,
          -0.366546,
          1.481897
        ],
        [
          0.0,
          0.0,
          0.0,
          1.0
        ]
      ]
    },
    {
      "file_path": "/media/NFS/ttao/scannet/posed_images/scene0212_00/00076.jpg",
      "transform_matrix": [
        [
          -0.799917,
          0.227927,
          -0.555142,
          5.675504
        ],
        [
          0.59939,
          0.348772,
          -0.720479,
          4.791522
        ],
        [
          0.029401,
          -0.90907,
          -0.415605,
          1.46845
        ],
        [
          0.0,
          0.0,
          0.0,
          1.0
        ]
      ]
    },
    {
      "file_path": "/media/NFS/ttao/scannet/posed_images/scene0212_00/00083.jpg",
      "transform_matrix": [
        [
          -0.680739,
          0.260716,
          -0.684559,
          5.680599
        ],
        [
          0.731134,
          0.299408,
          -0.613024,
          4.78814
        ],
        [
          0.045137,
          -0.917814,
          -0.394437,
          1.4711
        ],
        [
          0.0,
          0.0,
          0.0,
          1.0
        ]
      ]
    },
    {
      "file_path": "/media/NFS/ttao/scannet/posed_images/scene0212_00/00089.jpg",
      "transform_matrix": [
        [
          -0.56314,
          0.305177,
          -0.767946,
          5.713315
        ],
        [
          0.825519,
          0.249714,
          -0.506124,
          4.775985
        ],
        [
          0.037309,
          -0.918972,
          -0.392553,
          1.464442
        ],
        [
          0.0,
          0.0,
          0.0,
          1.0
        ]
      ]
    },
    {
      "file_path": "/media/NFS/ttao/scannet/posed_images/scene0212_00/00096.jpg",
      "transform_matrix": [
        [
          -0.379679,
          0.375344,
          -0.845554,
          5.77731
        ],
        [
          0.924584,
          0.185006,
          -0.333041,
          4.733606
        ],
        [
          0.031428,
          -0.908234,
          -0.41728,
          1.444665
        ],
        [
          0.0,
          0.0,
          0.0,
          1.0
        ]
      ]
    },
    {
      "file_path": "/media/NFS/ttao/scannet/posed_images/scene0212_00/00100.jpg",
      "transform_matrix": [
        [
          -0.318332,
          0.393031,
          -0.862665,
          5.770361
        ],
        [
          0.947226,
          0.168153,
          -0.272925,
          4.769559
        ],
        [
          0.037792,
          -0.904019,
          -0.425818,
          1.446373
        ],
        [
          0.0,
          0.0,
          0.0,
          1.0
        ]
      ]
    },
    {
      "file_path": "/media/NFS/ttao/scannet/posed_images/scene0212_00/00106.jpg",
      "transform_matrix": [
        [
          -0.216443,
          0.412161,
          -0.885029,
          5.781731
        ],
        [
          0.975292,
          0.13237,
          -0.176872,
          4.796173
        ],
        [
          0.044252,
          -0.901444,
          -0.430628,
          1.433157
        ],
        [
          0.0,
          0.0,
          0.0,
          1.0
        ]
      ]
    },
    {
      "file_path": "/media/NFS/ttao/scannet/posed_images/scene0212_00/00111.jpg",
      "transform_matrix": [
        [
          -0.140851,
          0.416495,
          -0.898161,
          5.808492
        ],
        [
          0.989052,
          0.099527,
          -0.108952,
          4.815129
        ],
        [
          0.044013,
          -0.903674,
          -0.425954,
          1.422686
        ],
        [
          0.0,
          0.0,
          0.0,
          1.0
        ]
      ]
    },
    {
      "file_path": "/media/NFS/ttao/scannet/posed_images/scene0212_00/00118.jpg",
      "transform_matrix": [
        [
          -0.076255,
          0.462632,
          -0.883265,
          5.841499
        ],
        [
          0.995824,
          0.079932,
          -0.044106,
          4.850317
        ],
        [
          0.050196,
          -0.88294,
          -0.466795,
          1.384702
        ],
        [
          0.0,
          0.0,
          0.0,
          1.0
        ]
      ]
    },
    {
      "file_path": "/media/NFS/ttao/scannet/posed_images/scene0212_00/00126.jpg",
      "transform_matrix": [
        [
          -0.045913,
          0.54622,
          -0.836383,
          5.902739
        ],
        [
          0.998663,
          0.045005,
          -0.025429,
          4.877075
        ],
        [
          0.023752,
          -0.836432,
          -0.547556,
          1.350203
        ],
        [
          0.0,
          0.0,
          0.0,
          1.0
        ]
      ]
    },
    {
      "file_path": "/media/NFS/ttao/scannet/posed_images/scene0212_00/00128.jpg",
      "transform_matrix": [
        [
          -0.037497,
          0.55228,
          -0.832815,
          5.9144
        ],
        [
          0.999297,
          0.02009,
          -0.03167,
          4.886726
        ],
        [
          -0.00076,
          -0.833417,
          -0.552645,
          1.348639
        ],
        [
          0.0,
          0.0,
          0.0,
          1.0
        ]
      ]
    },
    {
      "file_path": "/media/NFS/ttao/scannet/posed_images/scene0212_00/00139.jpg",
      "transform_matrix": [
        [
          0.132783,
          0.571391,
          -0.809865,
          5.964493
        ],
        [
          0.99098,
          -0.061614,
          0.119007,
          4.889046
        ],
        [
          0.0181,
          -0.818362,
          -0.574418,
          1.364453
        ],
        [
          0.0,
          0.0,
          0.0,
          1.0
        ]
      ]
    },
    {
      "file_path": "/media/NFS/ttao/scannet/posed_images/scene0212_00/00144.jpg",
      "transform_matrix": [
        [
          0.228124,
          0.526472,
          -0.819016,
          5.99657
        ],
        [
          0.973387,
          -0.10443,
          0.203993,
          4.884124
        ],
        [
          0.021867,
          -0.843755,
          -0.536283,
          1.395297
        ],
        [
          0.0,
          0.0,
          0.0,
          1.0
        ]
      ]
    },
    {
      "file_path": "/media/NFS/ttao/scannet/posed_images/scene0212_00/00152.jpg",
      "transform_matrix": [
        [
          0.338807,
          0.390599,
          -0.855945,
          6.023347
        ],
        [
          0.940365,
          -0.111203,
          0.321477,
          4.83414
        ],
        [
          0.030385,
          -0.91382,
          -0.404982,
          1.47827
        ],
        [
          0.0,
          0.0,
          0.0,
          1.0
        ]
      ]
    },
    {
      "file_path": "/media/NFS/ttao/scannet/posed_images/scene0212_00/00157.jpg",
      "transform_matrix": [
        [
          0.375218,
          0.328263,
          -0.866865,
          6.046648
        ],
        [
          0.925688,
          -0.084166,
          0.368807,
          4.811564
        ],
        [
          0.048105,
          -0.940829,
          -0.33545,
          1.508669
        ],
        [
          0.0,
          0.0,
          0.0,
          1.0
        ]
      ]
    },
    {
      "file_path": "/media/NFS/ttao/scannet/posed_images/scene0212_00/00159.jpg",
      "transform_matrix": [
        [
          0.379506,
          0.320113,
          -0.868046,
          6.053269
        ],
        [
          0.923286,
          -0.070886,
          0.377515,
          4.803126
        ],
        [
          0.059315,
          -0.944723,
          -0.322458,
          1.522772
        ],
        [
          0.0,
          0.0,
          0.0,
          1.0
        ]
      ]
    },
    {
      "file_path": "/media/NFS/ttao/scannet/posed_images/scene0212_00/00168.jpg",
      "transform_matrix": [
        [
          0.363445,
          0.257221,
          -0.895402,
          6.079838
        ],
        [
          0.929434,
          -0.034374,
          0.367385,
          4.776749
        ],
        [
          0.06372,
          -0.965741,
          -0.251562,
          1.558342
        ],
        [
          0.0,
          0.0,
          0.0,
          1.0
        ]
      ]
    },
    {
      "file_path": "/media/NFS/ttao/scannet/posed_images/scene0212_00/00176.jpg",
      "transform_matrix": [
        [
          0.349294,
          0.189029,
          -0.917748,
          6.095277
        ],
        [
          0.934391,
          0.002951,
          0.356236,
          4.755217
        ],
        [
          0.070047,
          -0.981967,
          -0.175596,
          1.581339
        ],
        [
          0.0,
          0.0,
          0.0,
          1.0
        ]
      ]
    },
    {
      "file_path": "/media/NFS/ttao/scannet/posed_images/scene0212_00/00178.jpg",
      "transform_matrix": [
        [
          0.351179,
          0.176606,
          -0.919502,
          6.097629
        ],
        [
          0.933167,
          0.01437,
          0.359157,
          4.752628
        ],
        [
          0.076642,
          -0.984177,
          -0.159757,
          1.588339
        ],
        [
          0.0,
          0.0,
          0.0,
          1.0
        ]
      ]
    },
    {
      "file_path": "/media/NFS/ttao/scannet/posed_images/scene0212_00/00183.jpg",
      "transform_matrix": [
        [
          0.368279,
          0.134968,
          -0.919867,
          6.101755
        ],
        [
          0.925484,
          0.041073,
          0.376555,
          4.739264
        ],
        [
          0.088605,
          -0.989998,
          -0.109784,
          1.596017
        ],
        [
          0.0,
          0.0,
          0.0,
          1.0
        ]
      ]
    },
    {
      "file_path": "/media/NFS/ttao/scannet/posed_images/scene0212_00/00191.jpg",
      "transform_matrix": [
        [
          0.381831,
          0.077116,
          -0.92101,
          6.110385
        ],
        [
          0.919797,
          0.065804,
          0.386838,
          4.729524
        ],
        [
          0.090438,
          -0.994848,
          -0.045805,
          1.616585
        ],
        [
          0.0,
          0.0,
          0.0,
          1.0
        ]
      ]
    },
    {
      "file_path": "/media/NFS/ttao/scannet/posed_images/scene0212_00/00200.jpg",
      "transform_matrix": [
        [
          0.408484,
          0.048423,
          -0.91148,
          6.109682
        ],
        [
          0.907103,
          0.089521,
          0.411278,
          4.716527
        ],
        [
          0.101512,
          -0.994807,
          -0.007357,
          1.627265
        ],
        [
          0.0,
          0.0,
          0.0,
          1.0
        ]
      ]
    },
    {
      "file_path": "/media/NFS/ttao/scannet/posed_images/scene0212_00/00202.jpg",
      "transform_matrix": [
        [
          0.407542,
          0.04312,
          -0.912168,
          6.108424
        ],
        [
          0.907751,
          0.089699,
          0.409809,
          4.712924
        ],
        [
          0.099491,
          -0.995035,
          -0.002586,
          1.629831
        ],
        [
          0.0,
          0.0,
          0.0,
          1.0
        ]
      ]
    },
    {
      "file_path": "/media/NFS/ttao/scannet/posed_images/scene0212_00/00209.jpg",
      "transform_matrix": [
        [
          0.382419,
          0.015126,
          -0.923865,
          6.107694
        ],
        [
          0.918334,
          0.104231,
          0.381836,
          4.7032
        ],
        [
          0.102071,
          -0.994438,
          0.025969,
          1.642063
        ],
        [
          0.0,
          0.0,
          0.0,
          1.0
        ]
      ]
    },
    {
      "file_path": "/media/NFS/ttao/scannet/posed_images/scene0212_00/00215.jpg",
      "transform_matrix": [
        [
          0.337401,
          -0.017328,
          -0.941202,
          6.113723
        ],
        [
          0.935227,
          0.120128,
          0.333047,
          4.698439
        ],
        [
          0.107293,
          -0.992607,
          0.056737,
          1.65067
        ],
        [
          0.0,
          0.0,
          0.0,
          1.0
        ]
      ]
    },
    {
      "file_path": "/media/NFS/ttao/scannet/posed_images/scene0212_00/00220.jpg",
      "transform_matrix": [
        [
          0.279922,
          -0.041212,
          -0.959138,
          6.110229
        ],
        [
          0.952506,
          0.136704,
          0.272113,
          4.679098
        ],
        [
          0.119904,
          -0.989754,
          0.077521,
          1.649119
        ],
        [
          0.0,
          0.0,
          0.0,
          1.0
        ]
      ]
    },
    {
      "file_path": "/media/NFS/ttao/scannet/posed_images/scene0212_00/00228.jpg",
      "transform_matrix": [
        [
          0.183625,
          -0.081968,
          -0.979573,
          6.112783
        ],
        [
          0.975321,
          0.139478,
          0.171157,
          4.660616
        ],
        [
          0.122599,
          -0.986827,
          0.105556,
          1.667464
        ],
        [
          0.0,
          0.0,
          0.0,
          1.0
        ]
      ]
    },
    {
      "file_path": "/media/NFS/ttao/scannet/posed_images/scene0212_00/00237.jpg",
      "transform_matrix": [
        [
          0.044356,
          -0.113375,
          -0.992562,
          6.126805
        ],
        [
          0.989506,
          0.141749,
          0.028028,
          4.661335
        ],
        [
          0.137517,
          -0.983389,
          0.118473,
          1.675737
        ],
        [
          0.0,
          0.0,
          0.0,
          1.0
        ]
      ]
    },
    {
      "file_path": "/media/NFS/ttao/scannet/posed_images/scene0212_00/00239.jpg",
      "transform_matrix": [
        [
          0.02056,
          -0.113493,
          -0.993326,
          6.126394
        ],
        [
          0.989386,
          0.145259,
          0.003882,
          4.652016
        ],
        [
          0.143849,
          -0.982863,
          0.115275,
          1.676025
        ],
        [
          0.0,
          0.0,
          0.0,
          1.0
        ]
      ]
    },
    {
      "file_path": "/media/NFS/ttao/scannet/posed_images/scene0212_00/00248.jpg",
      "transform_matrix": [
        [
          -0.107455,
          -0.080466,
          -0.990948,
          6.127515
        ],
        [
          0.979515,
          0.162168,
          -0.119383,
          4.632142
        ],
        [
          0.170306,
          -0.983477,
          0.061392,
          1.662993
        ],
        [
          0.0,
          0.0,
          0.0,
          1.0
        ]
      ]
    },
    {
      "file_path": "/media/NFS/ttao/scannet/posed_images/scene0212_00/00255.jpg",
      "transform_matrix": [
        [
          -0.220483,
          -0.015704,
          -0.975264,
          6.102659
        ],
        [
          0.955226,
          0.198784,
          -0.219154,
          4.628889
        ],
        [
          0.197308,
          -0.979918,
          -0.028827,
          1.647548
        ],
        [
          0.0,
          0.0,
          0.0,
          1.0
        ]
      ]
    },
    {
      "file_path": "/media/NFS/ttao/scannet/posed_images/scene0212_00/00263.jpg",
      "transform_matrix": [
        [
          -0.30999,
          0.063043,
          -0.948647,
          6.132101
        ],
        [
          0.932249,
          0.215989,
          -0.290278,
          4.595697
        ],
        [
          0.186597,
          -0.974358,
          -0.125726,
          1.535201
        ],
        [
          0.0,
          0.0,
          0.0,
          1.0
        ]
      ]
    },
    {
      "file_path": "/media/NFS/ttao/scannet/posed_images/scene0212_00/00268.jpg",
      "transform_matrix": [
        [
          -0.362777,
          0.134369,
          -0.922138,
          6.125571
        ],
        [
          0.909549,
          0.266372,
          -0.31901,
          4.574685
        ],
        [
          0.202766,
          -0.954459,
          -0.218849,
          1.526393
        ],
        [
          0.0,
          0.0,
          0.0,
          1.0
        ]
      ]
    },
    {
      "file_path": "/media/NFS/ttao/scannet/posed_images/scene0212_00/00270.jpg",
      "transform_matrix": [
        [
          -0.37173,
          0.156934,
          -0.91498,
          6.132126
        ],
        [
          0.90349,
          0.28768,
          -0.31772,
          4.540973
        ],
        [
          0.21336,
          -0.944781,
          -0.248728,
          1.527287
        ],
        [
          0.0,
          0.0,
          0.0,
          1.0
        ]
      ]
    },
    {
      "file_path": "/media/NFS/ttao/scannet/posed_images/scene0212_00/00281.jpg",
      "transform_matrix": [
        [
          -0.501115,
          0.245499,
          -0.829828,
          6.108315
        ],
        [
          0.852066,
          0.307537,
          -0.423562,
          4.53859
        ],
        [
          0.151219,
          -0.919321,
          -0.363293,
          1.497605
        ],
        [
          0.0,
          0.0,
          0.0,
          1.0
        ]
      ]
    },
    {
      "file_path": "/media/NFS/ttao/scannet/posed_images/scene0212_00/00283.jpg",
      "transform_matrix": [
        [
          -0.508364,
          0.274707,
          -0.816151,
          6.099669
        ],
        [
          0.843654,
          0.34891,
          -0.408056,
          4.540021
        ],
        [
          0.172668,
          -0.89599,
          -0.409131,
          1.48015
        ],
        [
          0.0,
          0.0,
          0.0,
          1.0
        ]
      ]
    },
    {
      "file_path": "/media/NFS/ttao/scannet/posed_images/scene0212_00/00291.jpg",
      "transform_matrix": [
        [
          -0.603781,
          0.308586,
          -0.734999,
          6.045536
        ],
        [
          0.775164,
          0.44234,
          -0.451061,
          4.579078
        ],
        [
          0.185929,
          -0.842087,
          -0.506281,
          1.444784
        ],
        [
          0.0,
          0.0,
          0.0,
          1.0
        ]
      ]
    },
    {
      "file_path": "/media/NFS/ttao/scannet/posed_images/scene0212_00/00300.jpg",
      "transform_matrix": [
        [
          -0.668198,
          0.320109,
          -0.671596,
          5.991226
        ],
        [
          0.726149,
          0.477076,
          -0.495082,
          4.639759
        ],
        [
          0.161922,
          -0.818492,
          -0.551228,
          1.424862
        ],
        [
          0.0,
          0.0,
          0.0,
          1.0
        ]
      ]
    },
    {
      "file_path": "/media/NFS/ttao/scannet/posed_images/scene0212_00/00305.jpg",
      "transform_matrix": [
        [
          -0.685022,
          0.360754,
          -0.632931,
          5.956183
        ],
        [
          0.718684,
          0.476931,
          -0.505995,
          4.675343
        ],
        [
          0.119324,
          -0.801495,
          -0.585976,
          1.416221
        ],
        [
          0.0,
          0.0,
          0.0,
          1.0
        ]
      ]
    },
    {
      "file_path": "/media/NFS/ttao/scannet/posed_images/scene0212_00/00309.jpg",
      "transform_matrix": [
        [
          -0.704387,
          0.381158,
          -0.598796,
          5.924262
        ],
        [
          0.705672,
          0.467056,
          -0.532809,
          4.708504
        ],
        [
          0.076587,
          -0.797858,
          -0.597961,
          1.416552
        ],
        [
          0.0,
          0.0,
          0.0,
          1.0
        ]
      ]
    },
    {
      "file_path": "/media/NFS/ttao/scannet/posed_images/scene0212_00/00317.jpg",
      "transform_matrix": [
        [
          -0.718977,
          0.394993,
          -0.571885,
          5.845589
        ],
        [
          0.694903,
          0.424467,
          -0.580463,
          4.757445
        ],
        [
          0.013468,
          -0.814744,
          -0.579664,
          1.421954
        ],
        [
          0.0,
          0.0,
          0.0,
          1.0
        ]
      ]
    },
    {
      "file_path": "/media/NFS/ttao/scannet/posed_images/scene0212_00/00324.jpg",
      "transform_matrix": [
        [
          -0.736861,
          0.365478,
          -0.568738,
          5.748498
        ],
        [
          0.675644,
          0.427082,
          -0.600921,
          4.745445
        ],
        [
          0.023274,
          -0.827059,
          -0.561632,
          1.424004
        ],
        [
          0.0,
          0.0,
          0.0,
          1.0
        ]
      ]
    },
    {
      "file_path": "/media/NFS/ttao/scannet/posed_images/scene0212_00/00329.jpg",
      "transform_matrix": [
        [
          -0.73247,
          0.33195,
          -0.594388,
          5.662039
        ],
        [
          0.679129,
          0.417393,
          -0.603793,
          4.71422
        ],
        [
          0.047665,
          -0.845927,
          -0.531165,
          1.445521
        ],
        [
          0.0,
          0.0,
          0.0,
          1.0
        ]
      ]
    },
    {
      "file_path": "/media/NFS/ttao/scannet/posed_images/scene0212_00/00333.jpg",
      "transform_matrix": [
        [
          -0.724616,
          0.301067,
          -0.619912,
          5.603621
        ],
        [
          0.685193,
          0.411038,
          -0.601298,
          4.682586
        ],
        [
          0.073776,
          -0.860469,
          -0.504134,
          1.461882
        ],
        [
          0.0,
          0.0,
          0.0,
          1.0
        ]
      ]
    },
    {
      "file_path": "/media/NFS/ttao/scannet/posed_images/scene0212_00/00341.jpg",
      "transform_matrix": [
        [
          -0.731009,
          0.270778,
          -0.626343,
          5.485084
        ],
        [
          0.67857,
          0.385174,
          -0.625447,
          4.664586
        ],
        [
          0.071894,
          -0.882224,
          -0.465308,
          1.466092
        ],
        [
          0.0,
          0.0,
          0.0,
          1.0
        ]
      ]
    },
    {
      "file_path": "/media/NFS/ttao/scannet/posed_images/scene0212_00/00348.jpg",
      "transform_matrix": [
        [
          -0.726554,
          0.257634,
          -0.63698,
          5.37009
        ],
        [
          0.681029,
          0.393074,
          -0.617813,
          4.678111
        ],
        [
          0.091211,
          -0.882676,
          -0.461046,
          1.472538
        ],
        [
          0.0,
          0.0,
          0.0,
          1.0
        ]
      ]
    },
    {
      "file_path": "/media/NFS/ttao/scannet/posed_images/scene0212_00/00354.jpg",
      "transform_matrix": [
        [
          -0.742665,
          0.239991,
          -0.625183,
          5.281579
        ],
        [
          0.662444,
          0.399993,
          -0.633382,
          4.703442
        ],
        [
          0.098063,
          -0.884539,
          -0.456042,
          1.471781
        ],
        [
          0.0,
          0.0,
          0.0,
          1.0
        ]
      ]
    },
    {
      "file_path": "/media/NFS/ttao/scannet/posed_images/scene0212_00/00359.jpg",
      "transform_matrix": [
        [
          -0.76945,
          0.259197,
          -0.58375,
          5.205987
        ],
        [
          0.635097,
          0.407529,
          -0.65618,
          4.727503
        ],
        [
          0.067815,
          -0.875635,
          -0.478188,
          1.476208
        ],
        [
          0.0,
          0.0,
          0.0,
          1.0
        ]
      ]
    },
    {
      "file_path": "/media/NFS/ttao/scannet/posed_images/scene0212_00/00366.jpg",
      "transform_matrix": [
        [
          -0.801391,
          0.274895,
          -0.53123,
          5.118546
        ],
        [
          0.596594,
          0.431194,
          -0.676866,
          4.740621
        ],
        [
          0.042996,
          -0.859363,
          -0.509556,
          1.482563
        ],
        [
          0.0,
          0.0,
          0.0,
          1.0
        ]
      ]
    },
    {
      "file_path": "/media/NFS/ttao/scannet/posed_images/scene0212_00/00368.jpg",
      "transform_matrix": [
        [
          -0.80291,
          0.270007,
          -0.531443,
          5.095379
        ],
        [
          0.594399,
          0.429963,
          -0.679575,
          4.740847
        ],
        [
          0.04501,
          -0.861527,
          -0.505713,
          1.480587
        ],
        [
          0.0,
          0.0,
          0.0,
          1.0
        ]
      ]
    },
    {
      "file_path": "/media/NFS/ttao/scannet/posed_images/scene0212_00/00376.jpg",
      "transform_matrix": [
        [
          -0.77217,
          0.299504,
          -0.560402,
          4.983756
        ],
        [
          0.634027,
          0.421437,
          -0.648383,
          4.710123
        ],
        [
          0.04198,
          -0.855972,
          -0.515315,
          1.474394
        ],
        [
          0.0,
          0.0,
          0.0,
          1.0
        ]
      ]
    },
    {
      "file_path": "/media/NFS/ttao/scannet/posed_images/scene0212_00/00383.jpg",
      "transform_matrix": [
        [
          -0.665508,
          0.337365,
          -0.665796,
          4.875219
        ],
        [
          0.741674,
          0.399026,
          -0.539164,
          4.657423
        ],
        [
          0.083775,
          -0.852621,
          -0.51577,
          1.475509
        ],
        [
          0.0,
          0.0,
          0.0,
          1.0
        ]
      ]
    },
    {
      "file_path": "/media/NFS/ttao/scannet/posed_images/scene0212_00/00392.jpg",
      "transform_matrix": [
        [
          -0.604207,
          0.329183,
          -0.725653,
          4.72326
        ],
        [
          0.791074,
          0.357042,
          -0.496713,
          4.61228
        ],
        [
          0.095579,
          -0.874163,
          -0.476135,
          1.495777
        ],
        [
          0.0,
          0.0,
          0.0,
          1.0
        ]
      ]
    },
    {
      "file_path": "/media/NFS/ttao/scannet/posed_images/scene0212_00/00398.jpg",
      "transform_matrix": [
        [
          -0.61221,
          0.331518,
          -0.71784,
          4.626806
        ],
        [
          0.785938,
          0.35457,
          -0.506538,
          4.60012
        ],
        [
          0.086599,
          -0.874286,
          -0.477624,
          1.498945
        ],
        [
          0.0,
          0.0,
          0.0,
          1.0
        ]
      ]
    },
    {
      "file_path": "/media/NFS/ttao/scannet/posed_images/scene0212_00/00400.jpg",
      "transform_matrix": [
        [
          -0.622784,
          0.334235,
          -0.707408,
          4.598643
        ],
        [
          0.778409,
          0.355833,
          -0.517168,
          4.60025
        ],
        [
          0.078863,
          -0.872737,
          -0.481779,
          1.501275
        ],
        [
          0.0,
          0.0,
          0.0,
          1.0
        ]
      ]
    },
    {
      "file_path": "/media/NFS/ttao/scannet/posed_images/scene0212_00/00411.jpg",
      "transform_matrix": [
        [
          -0.736668,
          0.281379,
          -0.614936,
          4.41041
        ],
        [
          0.673512,
          0.387087,
          -0.629719,
          4.652948
        ],
        [
          0.060844,
          -0.87806,
          -0.474666,
          1.503292
        ],
        [
          0.0,
          0.0,
          0.0,
          1.0
        ]
      ]
    },
    {
      "file_path": "/media/NFS/ttao/scannet/posed_images/scene0212_00/00413.jpg",
      "transform_matrix": [
        [
          -0.754693,
          0.267763,
          -0.598951,
          4.380839
        ],
        [
          0.652932,
          0.395831,
          -0.645753,
          4.661615
        ],
        [
          0.064175,
          -0.878419,
          -0.473562,
          1.500833
        ],
        [
          0.0,
          0.0,
          0.0,
          1.0
        ]
      ]
    },
    {
      "file_path": "/media/NFS/ttao/scannet/posed_images/scene0212_00/00422.jpg",
      "transform_matrix": [
        [
          -0.787098,
          0.288049,
          -0.54544,
          4.253146
        ],
        [
          0.615714,
          0.420024,
          -0.666691,
          4.679601
        ],
        [
          0.037058,
          -0.860586,
          -0.507955,
          1.505888
        ],
        [
          0.0,
          0.0,
          0.0,
          1.0
        ]
      ]
    },
    {
      "file_path": "/media/NFS/ttao/scannet/posed_images/scene0212_00/00424.jpg",
      "transform_matrix": [
        [
          -0.788393,
          0.29062,
          -0.542196,
          4.227707
        ],
        [
          0.614403,
          0.416051,
          -0.670381,
          4.678957
        ],
        [
          0.030755,
          -0.86165,
          -0.506569,
          1.508119
        ],
        [
          0.0,
          0.0,
          0.0,
          1.0
        ]
      ]
    },
    {
      "file_path": "/media/NFS/ttao/scannet/posed_images/scene0212_00/00431.jpg",
      "transform_matrix": [
        [
          -0.77513,
          0.293831,
          -0.559318,
          4.133008
        ],
        [
          0.630853,
          0.408436,
          -0.6597,
          4.663739
        ],
        [
          0.034605,
          -0.864201,
          -0.501956,
          1.501933
        ],
        [
          0.0,
          0.0,
          0.0,
          1.0
        ]
      ]
    },
    {
      "file_path": "/media/NFS/ttao/scannet/posed_images/scene0212_00/00439.jpg",
      "transform_matrix": [
        [
          -0.715027,
          0.267555,
          -0.645873,
          4.01652
        ],
        [
          0.695209,
          0.369433,
          -0.616607,
          4.59909
        ],
        [
          0.07363,
          -0.889907,
          -0.45016,
          1.527451
        ],
        [
          0.0,
          0.0,
          0.0,
          1.0
        ]
      ]
    },
    {
      "file_path": "/media/NFS/ttao/scannet/posed_images/scene0212_00/00442.jpg",
      "transform_matrix": [
        [
          -0.711395,
          0.260815,
          -0.652604,
          3.978001
        ],
        [
          0.697219,
          0.378622,
          -0.608712,
          4.565693
        ],
        [
          0.088329,
          -0.888043,
          -0.451195,
          1.526021
        ],
        [
          0.0,
          0.0,
          0.0,
          1.0
        ]
      ]
    },
    {
      "file_path": "/media/NFS/ttao/scannet/posed_images/scene0212_00/00453.jpg",
      "transform_matrix": [
        [
          -0.710581,
          0.192684,
          -0.676718,
          3.799521
        ],
        [
          0.694064,
          0.349886,
          -0.62917,
          4.476543
        ],
        [
          0.115543,
          -0.916762,
          -0.382357,
          1.575835
        ],
        [
          0.0,
          0.0,
          0.0,
          1.0
        ]
      ]
    },
    {
      "file_path": "/media/NFS/ttao/scannet/posed_images/scene0212_00/00455.jpg",
      "transform_matrix": [
        [
          -0.714476,
          0.182703,
          -0.675384,
          3.768193
        ],
        [
          0.689729,
          0.345986,
          -0.636056,
          4.474108
        ],
        [
          0.117465,
          -0.920279,
          -0.373214,
          1.5772
        ],
        [
          0.0,
          0.0,
          0.0,
          1.0
        ]
      ]
    },
    {
      "file_path": "/media/NFS/ttao/scannet/posed_images/scene0212_00/00465.jpg",
      "transform_matrix": [
        [
          -0.746202,
          0.186788,
          -0.638978,
          3.641035
        ],
        [
          0.656699,
          0.364007,
          -0.660489,
          4.449243
        ],
        [
          0.109221,
          -0.912474,
          -0.394286,
          1.59264
        ],
        [
          0.0,
          0.0,
          0.0,
          1.0
        ]
      ]
    },
    {
      "file_path": "/media/NFS/ttao/scannet/posed_images/scene0212_00/00470.jpg",
      "transform_matrix": [
        [
          -0.755694,
          0.170887,
          -0.632238,
          3.588436
        ],
        [
          0.644785,
          0.363348,
          -0.672481,
          4.43528
        ],
        [
          0.114804,
          -0.915847,
          -0.384765,
          1.596912
        ],
        [
          0.0,
          0.0,
          0.0,
          1.0
        ]
      ]
    },
    {
      "file_path": "/media/NFS/ttao/scannet/posed_images/scene0212_00/00474.jpg",
      "transform_matrix": [
        [
          -0.736515,
          0.159957,
          -0.657236,
          3.549855
        ],
        [
          0.662855,
          0.364296,
          -0.65415,
          4.410401
        ],
        [
          0.134793,
          -0.917443,
          -0.374338,
          1.604057
        ],
        [
          0.0,
