{
  "frames": [
    {
      "file_path": "/media/NFS/ttao/scannet/posed_images/scene0137_02/00000.jpg",
      "transform_matrix": [
        [
          0.746034,
          -0.320557,
          0.583674,
          3.497118
        ],
        [
          -0.665289,
          -0.321032,
          0.674039,
          2.246293
        ],
        [
          -0.02869,
          -0.891169,
          -0.452764,
          1.378289
        ],
        [
          0.0,
          0.0,
          0.0,
          1.0
        ]
      ]
    },
    {
      "file_path": "/media/NFS/ttao/scannet/posed_images/scene0137_02/00013.jpg",
      "transform_matrix": [
        [
          0.742942,
          -0.342692,
          0.574978,
          3.522216
        ],
        [
          -0.668324,
          -0.332086,
          0.66563,
          2.21757
        ],
        [
          -0.037164,
          -0.878795,
          -0.47575,
          1.349549
        ],
        [
          0.0,
          0.0,
          0.0,
          1.0
        ]
      ]
    },
    {
      "file_path": "/media/NFS/ttao/scannet/posed_images/scene0137_02/00020.jpg",
      "transform_matrix": [
        [
          0.782626,
          -0.352257,
          0.513236,
          3.509572
        ],
        [
          -0.620295,
          -0.372088,
          0.690496,
          2.212923
        ],
        [
          -0.052263,
          -0.858758,
          -0.509709,
          1.314828
        ],
        [
          0.0,
          0.0,
          0.0,
          1.0
        ]
      ]
    },
    {
      "file_path": "/media/NFS/ttao/scannet/posed_images/scene0137_02/00030.jpg",
      "transform_matrix": [
        [
          0.815914,
          -0.340613,
          0.467191,
          3.437458
        ],
        [
          -0.577903,
          -0.455699,
          0.677028,
          2.220039
        ],
        [
          -0.017707,
          -0.822388,
          -0.568652,
          1.289246
        ],
        [
          0.0,
          0.0,
          0.0,
          1.0
        ]
      ]
    },
    {
      "file_path": "/media/NFS/ttao/scannet/posed_images/scene0137_02/00035.jpg",
      "transform_matrix": [
        [
          0.795215,
          -0.339236,
          0.502546,
          3.380177
        ],
        [
          -0.606314,
          -0.450576,
          0.655259,
          2.213283
        ],
        [
          0.004147,
          -0.825773,
          -0.563988,
          1.282857
        ],
        [
          0.0,
          0.0,
          0.0,
          1.0
        ]
      ]
    },
    {
      "file_path": "/media/NFS/ttao/scannet/posed_images/scene0137_02/00040.jpg",
      "transform_matrix": [
        [
          0.792388,
          -0.339057,
          0.507112,
          3.324289
        ],
        [
          -0.609789,
          -0.46304,
          0.643235,
          2.195814
        ],
        [
          0.01672,
          -0.818923,
          -0.57366,
          1.270072
        ],
        [
          0.0,
          0.0,
          0.0,
          1.0
        ]
      ]
    },
    {
      "file_path": "/media/NFS/ttao/scannet/posed_images/scene0137_02/00053.jpg",
      "transform_matrix": [
        [
          0.831589,
          -0.318246,
          0.45517,
          3.228013
        ],
        [
          -0.555055,
          -0.504766,
          0.661155,
          2.117894
        ],
        [
          0.019344,
          -0.802453,
          -0.596402,
          1.247935
        ],
        [
          0.0,
          0.0,
          0.0,
          1.0
        ]
      ]
    },
    {
      "file_path": "/media/NFS/ttao/scannet/posed_images/scene0137_02/00060.jpg",
      "transform_matrix": [
        [
          0.862123,
          -0.277039,
          0.424255,
          3.226873
        ],
        [
          -0.506551,
          -0.451046,
          0.734822,
          2.010206
        ],
        [
          -0.012216,
          -0.848414,
          -0.529192,
          1.301937
        ],
        [
          0.0,
          0.0,
          0.0,
          1.0
        ]
      ]
    },
    {
      "file_path": "/media/NFS/ttao/scannet/posed_images/scene0137_02/00068.jpg",
      "transform_matrix": [
        [
          0.86524,
          -0.230382,
          0.445292,
          3.243884
        ],
        [
          -0.501337,
          -0.389272,
          0.772741,
          1.879665
        ],
        [
          -0.004686,
          -0.891848,
          -0.452312,
          1.337593
        ],
        [
          0.0,
          0.0,
          0.0,
          1.0
        ]
      ]
    },
    {
      "file_path": "/media/NFS/ttao/scannet/posed_images/scene0137_02/00078.jpg",
      "transform_matrix": [
        [
          0.883748,
          -0.214126,
          0.4161,
          3.278986
        ],
        [
          -0.466134,
          -0.324269,
          0.823146,
          1.793721
        ],
        [
          -0.041329,
          -0.921412,
          -0.386384,
          1.392954
        ],
        [
          0.0,
          0.0,
          0.0,
          1.0
        ]
      ]
    },
    {
      "file_path": "/media/NFS/ttao/scannet/posed_images/scene0137_02/00083.jpg",
      "transform_matrix": [
        [
          0.884921,
          -0.202694,
          0.419322,
          3.292603
        ],
        [
          -0.463066,
          -0.286547,
          0.838725,
          1.788667
        ],
        [
          -0.049849,
          -0.936379,
          -0.347432,
          1.428978
        ],
        [
          0.0,
          0.0,
          0.0,
          1.0
        ]
      ]
    },
    {
      "file_path": "/media/NFS/ttao/scannet/posed_images/scene0137_02/00095.jpg",
      "transform_matrix": [
        [
          0.913536,
          -0.195603,
          0.356639,
          3.342685
        ],
        [
          -0.398553,
          -0.255233,
          0.880915,
          1.813257
        ],
        [
          -0.081284,
          -0.946887,
          -0.311123,
          1.460093
        ],
        [
          0.0,
          0.0,
          0.0,
          1.0
        ]
      ]
    },
    {
      "file_path": "/media/NFS/ttao/scannet/posed_images/scene0137_02/00100.jpg",
      "transform_matrix": [
        [
          0.908683,
          -0.202342,
          0.365175,
          3.36173
        ],
        [
          -0.409723,
          -0.264314,
          0.873078,
          1.850139
        ],
        [
          -0.080139,
          -0.942972,
          -0.323082,
          1.461268
        ],
        [
          0.0,
          0.0,
          0.0,
          1.0
        ]
      ]
    },
    {
      "file_path": "/media/NFS/ttao/scannet/posed_images/scene0137_02/00108.jpg",
      "transform_matrix": [
        [
          0.918254,
          -0.179912,
          0.352761,
          3.388113
        ],
        [
          -0.391036,
          -0.271487,
          0.879424,
          1.943854
        ],
        [
          -0.062449,
          -0.945477,
          -0.319646,
          1.444953
        ],
        [
          0.0,
          0.0,
          0.0,
          1.0
        ]
      ]
    },
    {
      "file_path": "/media/NFS/ttao/scannet/posed_images/scene0137_02/00115.jpg",
      "transform_matrix": [
        [
          0.942245,
          -0.167314,
          0.290139,
          3.433606
        ],
        [
          -0.327094,
          -0.273472,
          0.904556,
          2.084592
        ],
        [
          -0.072,
          -0.947217,
          -0.312405,
          1.421128
        ],
        [
          0.0,
          0.0,
          0.0,
          1.0
        ]
      ]
    },
    {
      "file_path": "/media/NFS/ttao/scannet/posed_images/scene0137_02/00128.jpg",
      "transform_matrix": [
        [
          0.944588,
          -0.170898,
          0.280264,
          3.499285
        ],
        [
          -0.327858,
          -0.448969,
          0.831225,
          2.281986
        ],
        [
          -0.016225,
          -0.877052,
          -0.480121,
          1.442907
        ],
        [
          0.0,
          0.0,
          0.0,
          1.0
        ]
      ]
    },
    {
      "file_path": "/media/NFS/ttao/scannet/posed_images/scene0137_02/00138.jpg",
      "transform_matrix": [
        [
          0.94698,
          -0.143995,
          0.287219,
          3.524646
        ],
        [
          -0.321239,
          -0.440679,
          0.838216,
          2.33472
        ],
        [
          0.005872,
          -0.88604,
          -0.463571,
          1.478416
        ],
        [
          0.0,
          0.0,
          0.0,
          1.0
        ]
      ]
    },
    {
      "file_path": "/media/NFS/ttao/scannet/posed_images/scene0137_02/00145.jpg",
      "transform_matrix": [
        [
          0.932266,
          -0.203482,
          0.299124,
          3.579584
        ],
        [
          -0.3617,
          -0.507584,
          0.782004,
          2.368375
        ],
        [
          -0.007293,
          -0.837229,
          -0.546803,
          1.469939
        ],
        [
          0.0,
          0.0,
          0.0,
          1.0
        ]
      ]
    },
    {
      "file_path": "/media/NFS/ttao/scannet/posed_images/scene0137_02/00153.jpg",
      "transform_matrix": [
        [
          0.917839,
          -0.238482,
          0.317331,
          3.62873
        ],
        [
          -0.39629,
          -0.504242,
          0.767264,
          2.419009
        ],
        [
          -0.022967,
          -0.82998,
          -0.557321,
          1.480302
        ],
        [
          0.0,
          0.0,
          0.0,
          1.0
        ]
      ]
    },
    {
      "file_path": "/media/NFS/ttao/scannet/posed_images/scene0137_02/00158.jpg",
      "transform_matrix": [
        [
          0.906855,
          -0.253279,
          0.336846,
          3.64717
        ],
        [
          -0.420374,
          -0.486706,
          0.76577,
          2.431841
        ],
        [
          -0.030008,
          -0.836043,
          -0.547843,
          1.48743
        ],
        [
          0.0,
          0.0,
          0.0,
          1.0
        ]
      ]
    },
    {
      "file_path": "/media/NFS/ttao/scannet/posed_images/scene0137_02/00170.jpg",
      "transform_matrix": [
        [
          0.867172,
          -0.27758,
          0.413475,
          3.622175
        ],
        [
          -0.497996,
          -0.489342,
          0.715922,
          2.418248
        ],
        [
          0.003605,
          -0.826737,
          -0.562577,
          1.49237
        ],
        [
          0.0,
          0.0,
          0.0,
          1.0
        ]
      ]
    },
    {
      "file_path": "/media/NFS/ttao/scannet/posed_images/scene0137_02/00175.jpg",
      "transform_matrix": [
        [
          0.848212,
          -0.288687,
          0.444069,
          3.60084
        ],
        [
          -0.529626,
          -0.471485,
          0.705123,
          2.397541
        ],
        [
          0.005812,
          -0.833284,
          -0.552815,
          1.48279
        ],
        [
          0.0,
          0.0,
          0.0,
          1.0
        ]
      ]
    },
    {
      "file_path": "/media/NFS/ttao/scannet/posed_images/scene0137_02/00183.jpg",
      "transform_matrix": [
        [
          0.812786,
          -0.295171,
          0.502248,
          3.521206
        ],
        [
          -0.582498,
          -0.398916,
          0.708211,
          2.363236
        ],
        [
          -0.008689,
          -0.868182,
          -0.49617,
          1.456358
        ],
        [
          0.0,
          0.0,
          0.0,
          1.0
        ]
      ]
    },
    {
      "file_path": "/media/NFS/ttao/scannet/posed_images/scene0137_02/00190.jpg",
      "transform_matrix": [
        [
          0.764376,
          -0.283368,
          0.579164,
          3.451303
        ],
        [
          -0.64476,
          -0.340985,
          0.684115,
          2.344309
        ],
        [
          0.00363,
          -0.896344,
          -0.443346,
          1.39758
        ],
        [
          0.0,
          0.0,
          0.0,
          1.0
        ]
      ]
    },
    {
      "file_path": "/media/NFS/ttao/scannet/posed_images/scene0137_02/00200.jpg",
      "transform_matrix": [
        [
          0.839732,
          -0.262994,
          0.475062,
          3.376397
        ],
        [
          -0.542993,
          -0.411322,
          0.732101,
          2.328265
        ],
        [
          0.002865,
          -0.872725,
          -0.488205,
          1.317422
        ],
        [
          0.0,
          0.0,
          0.0,
          1.0
        ]
      ]
    },
    {
      "file_path": "/media/NFS/ttao/scannet/posed_images/scene0137_02/00210.jpg",
      "transform_matrix": [
        [
          0.934034,
          -0.210118,
          0.288844,
          3.299396
        ],
        [
          -0.353314,
          -0.424799,
          0.833496,
          2.209769
        ],
        [
          -0.052432,
          -0.880566,
          -0.471014,
          1.314711
        ],
        [
          0.0,
          0.0,
          0.0,
          1.0
        ]
      ]
    },
    {
      "file_path": "/media/NFS/ttao/scannet/posed_images/scene0137_02/00220.jpg",
      "transform_matrix": [
        [
          0.956833,
          -0.197969,
          0.21279,
          3.225839
        ],
        [
          -0.271427,
          -0.346887,
          0.897773,
          2.01521
        ],
        [
          -0.103917,
          -0.916776,
          -0.385647,
          1.350141
        ],
        [
          0.0,
          0.0,
          0.0,
          1.0
        ]
      ]
    },
    {
      "file_path": "/media/NFS/ttao/scannet/posed_images/scene0137_02/00228.jpg",
      "transform_matrix": [
        [
          0.96739,
          -0.18074,
          0.177454,
          3.18859
        ],
        [
          -0.232339,
          -0.354185,
          0.905854,
          1.908273
        ],
        [
          -0.100872,
          -0.917544,
          -0.384628,
          1.345541
        ],
        [
          0.0,
          0.0,
          0.0,
          1.0
        ]
      ]
    },
    {
      "file_path": "/media/NFS/ttao/scannet/posed_images/scene0137_02/00235.jpg",
      "transform_matrix": [
        [
          0.969026,
          -0.165665,
          0.183151,
          3.148896
        ],
        [
          -0.235382,
          -0.395153,
          0.887947,
          1.873619
        ],
        [
          -0.074729,
          -0.903554,
          -0.421908,
          1.337011
        ],
        [
          0.0,
          0.0,
          0.0,
          1.0
        ]
      ]
    },
    {
      "file_path": "/media/NFS/ttao/scannet/posed_images/scene0137_02/00243.jpg",
      "transform_matrix": [
        [
          0.97022,
          -0.158256,
          0.183378,
          3.087501
        ],
        [
          -0.233777,
          -0.413591,
          0.879938,
          1.816878
        ],
        [
          -0.063412,
          -0.896603,
          -0.438271,
          1.327473
        ],
        [
          0.0,
          0.0,
          0.0,
          1.0
        ]
      ]
    },
    {
      "file_path": "/media/NFS/ttao/scannet/posed_images/scene0137_02/00250.jpg",
      "transform_matrix": [
        [
          0.975007,
          -0.127906,
          0.181663,
          3.023016
        ],
        [
          -0.219202,
          -0.420495,
          0.880417,
          1.762507
        ],
        [
          -0.036222,
          -0.898234,
          -0.438023,
          1.338109
        ],
        [
          0.0,
          0.0,
          0.0,
          1.0
        ]
      ]
    },
    {
      "file_path": "/media/NFS/ttao/scannet/posed_images/scene0137_02/00258.jpg",
      "transform_matrix": [
        [
          0.970765,
          -0.111636,
          0.21249,
          3.001669
        ],
        [
          -0.238799,
          -0.359635,
          0.902019,
          1.715832
        ],
        [
          -0.024279,
          -0.926391,
          -0.375779,
          1.393849
        ],
        [
          0.0,
          0.0,
          0.0,
          1.0
        ]
      ]
    },
    {
      "file_path": "/media/NFS/ttao/scannet/posed_images/scene0137_02/00270.jpg",
      "transform_matrix": [
        [
          0.963001,
          -0.131168,
          0.235424,
          3.070846
        ],
        [
          -0.259656,
          -0.217653,
          0.940854,
          1.712241
        ],
        [
          -0.072169,
          -0.967172,
          -0.243659,
          1.442241
        ],
        [
          0.0,
          0.0,
          0.0,
          1.0
        ]
      ]
    },
    {
      "file_path": "/media/NFS/ttao/scannet/posed_images/scene0137_02/00273.jpg",
      "transform_matrix": [
        [
          0.968405,
          -0.12594,
          0.215245,
          3.10744
        ],
        [
          -0.238575,
          -0.216522,
          0.946679,
          1.732534
        ],
        [
          -0.072619,
          -0.968121,
          -0.239727,
          1.485213
        ],
        [
          0.0,
          0.0,
          0.0,
          1.0
        ]
      ]
    },
    {
      "file_path": "/media/NFS/ttao/scannet/posed_images/scene0137_02/00283.jpg",
      "transform_matrix": [
        [
          0.985492,
          -0.075539,
          0.151986,
          3.186477
        ],
        [
          -0.160653,
          -0.126359,
          0.978889,
          1.766715
        ],
        [
          -0.05474,
          -0.989104,
          -0.136661,
          1.495925
        ],
        [
          0.0,
          0.0,
          0.0,
          1.0
        ]
      ]
    },
    {
      "file_path": "/media/NFS/ttao/scannet/posed_images/scene0137_02/00295.jpg",
      "transform_matrix": [
        [
          0.997054,
          -0.076041,
          0.010073,
          3.212523
        ],
        [
          -0.024242,
          -0.187796,
          0.981909,
          1.821211
        ],
        [
          -0.072773,
          -0.97926,
          -0.189086,
          1.472666
        ],
        [
          0.0,
          0.0,
          0.0,
          1.0
        ]
      ]
    },
    {
      "file_path": "/media/NFS/ttao/scannet/posed_images/scene0137_02/00300.jpg",
      "transform_matrix": [
        [
          0.998444,
          -0.055722,
          -0.001907,
          3.143015
        ],
        [
          -0.010959,
          -0.229672,
          0.973206,
          1.848288
        ],
        [
          -0.054667,
          -0.971672,
          -0.229925,
          1.459877
        ],
        [
          0.0,
          0.0,
          0.0,
          1.0
        ]
      ]
    },
    {
      "file_path": "/media/NFS/ttao/scannet/posed_images/scene0137_02/00313.jpg",
      "transform_matrix": [
        [
          0.997716,
          -0.044346,
          -0.050954,
          3.075828
        ],
        [
          0.033096,
          -0.336654,
          0.941046,
          1.956439
        ],
        [
          -0.058885,
          -0.940584,
          -0.334417,
          1.436427
        ],
        [
          0.0,
          0.0,
          0.0,
          1.0
        ]
      ]
    },
    {
      "file_path": "/media/NFS/ttao/scannet/posed_images/scene0137_02/00315.jpg",
      "transform_matrix": [
        [
          0.998736,
          -0.04132,
          -0.028634,
          3.061207
        ],
        [
          0.012651,
          -0.344672,
          0.938638,
          1.983385
        ],
        [
          -0.048654,
          -0.937814,
          -0.343713,
          1.43636
        ],
        [
          0.0,
          0.0,
          0.0,
          1.0
        ]
      ]
    },
    {
      "file_path": "/media/NFS/ttao/scannet/posed_images/scene0137_02/00325.jpg",
      "transform_matrix": [
        [
          0.996207,
          -0.062922,
          0.060104,
          3.031285
        ],
        [
          -0.078734,
          -0.357722,
          0.930503,
          2.105585
        ],
        [
          -0.037048,
          -0.931706,
          -0.36132,
          1.490147
        ],
        [
          0.0,
          0.0,
          0.0,
          1.0
        ]
      ]
    },
    {
      "file_path": "/media/NFS/ttao/scannet/posed_images/scene0137_02/00335.jpg",
      "transform_matrix": [
        [
          0.996765,
          -0.040878,
          0.069196,
          3.01083
        ],
        [
          -0.079068,
          -0.344506,
          0.935449,
          2.193782
        ],
        [
          -0.014401,
          -0.937894,
          -0.346623,
          1.538134
        ],
        [
          0.0,
          0.0,
          0.0,
          1.0
        ]
      ]
    },
    {
      "file_path": "/media/NFS/ttao/scannet/posed_images/scene0137_02/00340.jpg",
      "transform_matrix": [
        [
          0.999137,
          -0.01902,
          0.036911,
          3.015389
        ],
        [
          -0.04123,
          -0.348992,
          0.936218,
          2.2358
        ],
        [
          -0.004925,
          -0.936933,
          -0.349476,
          1.541932
        ],
        [
          0.0,
          0.0,
          0.0,
          1.0
        ]
      ]
    },
    {
      "file_path": "/media/NFS/ttao/scannet/posed_images/scene0137_02/00353.jpg",
      "transform_matrix": [
        [
          0.999935,
          -0.007522,
          0.008537,
          3.040282
        ],
        [
          -0.010767,
          -0.382745,
          0.923791,
          2.297179
        ],
        [
          -0.003682,
          -0.923824,
          -0.382801,
          1.543437
        ],
        [
          0.0,
          0.0,
          0.0,
          1.0
        ]
      ]
    },
    {
      "file_path": "/media/NFS/ttao/scannet/posed_images/scene0137_02/00360.jpg",
      "transform_matrix": [
        [
          0.99971,
          -0.014927,
          0.018896,
          3.046331
        ],
        [
          -0.02328,
          -0.398326,
          0.916948,
          2.304148
        ],
        [
          -0.006161,
          -0.917122,
          -0.398558,
          1.550859
        ],
        [
          0.0,
          0.0,
          0.0,
          1.0
        ]
      ]
    },
    {
      "file_path": "/media/NFS/ttao/scannet/posed_images/scene0137_02/00365.jpg",
      "transform_matrix": [
        [
          0.999748,
          -0.008284,
          0.020842,
          3.03515
        ],
        [
          -0.022417,
          -0.398048,
          0.91709,
          2.293193
        ],
        [
          0.000699,
          -0.917327,
          -0.398134,
          1.550084
        ],
        [
          0.0,
          0.0,
          0.0,
          1.0
        ]
      ]
    },
    {
      "file_path": "/media/NFS/ttao/scannet/posed_images/scene0137_02/00373.jpg",
      "transform_matrix": [
        [
          0.999858,
          0.013746,
          0.009785,
          2.983189
        ],
        [
          -0.003368,
          -0.405669,
          0.914014,
          2.246446
        ],
        [
          0.016534,
          -0.913917,
          -0.405565,
          1.524226
        ],
        [
          0.0,
          0.0,
          0.0,
          1.0
        ]
      ]
    },
    {
      "file_path": "/media/NFS/ttao/scannet/posed_images/scene0137_02/00388.jpg",
      "transform_matrix": [
        [
          0.99647,
          0.038249,
          -0.074723,
          2.9102
        ],
        [
          0.083715,
          -0.387128,
          0.918218,
          2.122657
        ],
        [
          0.006194,
          -0.921233,
          -0.388963,
          1.46136
        ],
        [
          0.0,
          0.0,
          0.0,
          1.0
        ]
      ]
    },
    {
      "file_path": "/media/NFS/ttao/scannet/posed_images/scene0137_02/00390.jpg",
      "transform_matrix": [
        [
          0.995661,
          0.050184,
          -0.078361,
          2.898034
        ],
        [
          0.091599,
          -0.380308,
          0.920313,
          2.109357
        ],
        [
          0.016383,
          -0.923497,
          -0.383255,
          1.447675
        ],
        [
          0.0,
          0.0,
          0.0,
          1.0
        ]
      ]
    },
    {
      "file_path": "/media/NFS/ttao/scannet/posed_images/scene0137_02/00400.jpg",
      "transform_matrix": [
        [
          0.99032,
          0.080429,
          -0.113127,
          2.906173
        ],
        [
          0.135985,
          -0.398749,
          0.906922,
          2.051777
        ],
        [
          0.027834,
          -0.913526,
          -0.405827,
          1.391748
        ],
        [
          0.0,
          0.0,
          0.0,
          1.0
        ]
      ]
    },
    {
      "file_path": "/media/NFS/ttao/scannet/posed_images/scene0137_02/00408.jpg",
      "transform_matrix": [
        [
          0.988143,
          0.086934,
          -0.126557,
          2.974924
        ],
        [
          0.151208,
          -0.407922,
          0.900409,
          1.973767
        ],
        [
          0.026651,
          -0.908869,
          -0.41623,
          1.368204
        ],
        [
          0.0,
          0.0,
          0.0,
          1.0
        ]
      ]
    },
    {
      "file_path": "/media/NFS/ttao/scannet/posed_images/scene0137_02/00415.jpg",
      "transform_matrix": [
        [
          0.985556,
          0.11745,
          -0.122001,
          3.019066
        ],
        [
          0.160924,
          -0.425144,
          0.890705,
          1.896896
        ],
        [
          0.052745,
          -0.897473,
          -0.437904,
          1.348467
        ],
        [
          0.0,
          0.0,
          0.0,
          1.0
        ]
      ]
    },
    {
      "file_path": "/media/NFS/ttao/scannet/posed_images/scene0137_02/00423.jpg",
      "transform_matrix": [
        [
          0.982728,
          0.081398,
          -0.166189,
          3.063766
        ],
        [
          0.184797,
          -0.384541,
          0.904421,
          1.852437
        ],
        [
          0.009712,
          -0.919512,
          -0.392942,
          1.355396
        ],
        [
          0.0,
          0.0,
          0.0,
          1.0
        ]
      ]
    },
    {
      "file_path": "/media/NFS/ttao/scannet/posed_images/scene0137_02/00433.jpg",
      "transform_matrix": [
        [
          0.985118,
          0.063136,
          -0.159864,
          3.07238
        ],
        [
          0.171863,
          -0.374717,
          0.911071,
          1.876284
        ],
        [
          -0.002382,
          -0.924987,
          -0.379992,
          1.352268
        ],
        [
          0.0,
          0.0,
          0.0,
          1.0
        ]
      ]
    },
    {
      "file_path": "/media/NFS/ttao/scannet/posed_images/scene0137_02/00445.jpg",
      "transform_matrix": [
        [
          0.974546,
          0.119767,
          -0.189517,
          3.015546
        ],
        [
          0.220192,
          -0.35244,
          0.909561,
          1.951445
        ],
        [
          0.042142,
          -0.928139,
          -0.36984,
          1.356604
        ],
        [
          0.0,
          0.0,
          0.0,
          1.0
        ]
      ]
    },
    {
      "file_path": "/media/NFS/ttao/scannet/posed_images/scene0137_02/00455.jpg",
      "transform_matrix": [
        [
          0.947981,
          0.102858,
          -0.301252,
          3.018457
        ],
        [
          0.317863,
          -0.357003,
          0.878357,
          2.030336
        ],
        [
          -0.017202,
          -0.928423,
          -0.371127,
          1.371207
        ],
        [
          0.0,
          0.0,
          0.0,
          1.0
        ]
      ]
    },
    {
      "file_path": "/media/NFS/ttao/scannet/posed_images/scene0137_02/00458.jpg",
      "transform_matrix": [
        [
          0.939145,
          0.109698,
          -0.325535,
          3.028416
        ],
        [
          0.343047,
          -0.349248,
          0.871977,
          2.058756
        ],
        [
          -0.018038,
          -0.930587,
          -0.365626,
          1.365775
        ],
        [
          0.0,
          0.0,
          0.0,
          1.0
        ]
      ]
    },
    {
      "file_path": "/media/NFS/ttao/scannet/posed_images/scene0137_02/00465.jpg",
      "transform_matrix": [
        [
          0.908834,
          0.114744,
          -0.401066,
          3.08531
        ],
        [
          0.415984,
          -0.321335,
          0.850706,
          2.137184
        ],
        [
          -0.031263,
          -0.939988,
          -0.339773,
          1.36494
        ],
        [
          0.0,
          0.0,
          0.0,
          1.0
        ]
      ]
    },
    {
      "file_path": "/media/NFS/ttao/scannet/posed_images/scene0137_02/00478.jpg",
      "transform_matrix": [
        [
          0.847103,
          0.120299,
          -0.517633,
          3.106446
        ],
        [
          0.529392,
          -0.276212,
          0.802154,
          2.216997
        ],
        [
          -0.046478,
          -0.953538,
          -0.297666,
          1.404462
        ],
        [
          0.0,
          0.0,
          0.0,
          1.0
        ]
      ]
    },
    {
      "file_path": "/media/NFS/ttao/scannet/posed_images/scene0137_02/00485.jpg",
      "transform_matrix": [
        [
          0.836872,
          0.114083,
          -0.535379,
          3.089244
        ],
        [
          0.545193,
          -0.261432,
          0.796504,
          2.240685
        ],
        [
          -0.049097,
          -0.958456,
          -0.280983,
          1.432966
        ],
        [
          0.0,
          0.0,
          0.0,
          1.0
        ]
      ]
    },
    {
      "file_path": "/media/NFS/ttao/scannet/posed_images/scene0137_02/00490.jpg",
      "transform_matrix": [
        [
          0.834899,
          0.090991,
          -0.54283,
          3.07754
        ],
        [
          0.548664,
          -0.215926,
          0.807678,
          2.242676
        ],
        [
          -0.04372,
          -0.972161,
          -0.230199,
          1.440193
        ],
        [
          0.0,
          0.0,
          0.0,
          1.0
        ]
      ]
    },
    {
      "file_path": "/media/NFS/ttao/scannet/posed_images/scene0137_02/00500.jpg",
      "transform_matrix": [
        [
          0.859131,
          0.091978,
          -0.503421,
          2.979265
        ],
        [
          0.511659,
          -0.135311,
          0.848467,
          2.21231
        ],
        [
          0.009922,
          -0.986525,
          -0.163311,
          1.474107
        ],
        [
          0.0,
          0.0,
          0.0,
          1.0
        ]
      ]
    },
    {
      "file_path": "/media/NFS/ttao/scannet/posed_images/scene0137_02/00513.jpg",
      "transform_matrix": [
        [
          0.895356,
          -0.004846,
          -0.445324,
          2.790474
        ],
        [
          0.443975,
          -0.068816,
          0.893393,
          2.119195
        ],
        [
          -0.034975,
          -0.997618,
          -0.059463,
          1.536546
        ],
        [
          0.0,
          0.0,
          0.0,
          1.0
        ]
      ]
    },
    {
      "file_path": "/media/NFS/ttao/scannet/posed_images/scene0137_02/00520.jpg",
      "transform_matrix": [
        [
          0.892396,
          0.003832,
          -0.451236,
          2.737946
        ],
        [
          0.450799,
          -0.052387,
          0.891087,
          2.069513
        ],
        [
          -0.020224,
          -0.99862,
          -0.048477,
          1.543105
        ],
        [
          0.0,
          0.0,
          0.0,
          1.0
        ]
      ]
    },
    {
      "file_path": "/media/NFS/ttao/scannet/posed_images/scene0137_02/00523.jpg",
      "transform_matrix": [
        [
          0.896649,
          0.005298,
          -0.44271,
          2.724423
        ],
        [
          0.442515,
          -0.04271,
          0.895744,
          2.044402
        ],
        [
          -0.014163,
          -0.999074,
          -0.04064,
          1.548081
        ],
        [
          0.0,
          0.0,
          0.0,
          1.0
        ]
      ]
    },
    {
      "file_path": "/media/NFS/ttao/scannet/posed_images/scene0137_02/00538.jpg",
      "transform_matrix": [
        [
          0.926627,
          0.008063,
          -0.375894,
          2.693913
        ],
        [
          0.368936,
          -0.212126,
          0.904925,
          1.945782
        ],
        [
          -0.072441,
          -0.977209,
          -0.199536,
          1.420858
        ],
        [
          0.0,
          0.0,
          0.0,
          1.0
        ]
      ]
    },
    {
      "file_path": "/media/NFS/ttao/scannet/posed_images/scene0137_02/00543.jpg",
      "transform_matrix": [
        [
          0.933951,
          0.001309,
          -0.357398,
          2.697517
        ],
        [
          0.343535,
          -0.279121,
          0.896703,
          1.91446
        ],
        [
          -0.098583,
          -0.960255,
          -0.261135,
          1.402499
        ],
        [
          0.0,
          0.0,
          0.0,
          1.0
        ]
      ]
    },
    {
      "file_path": "/media/NFS/ttao/scannet/posed_images/scene0137_02/00548.jpg",
      "transform_matrix": [
        [
          0.939994,
          0.019948,
          -0.340606,
          2.6771
        ],
        [
          0.328364,
          -0.32403,
          0.887232,
          1.887777
        ],
        [
          -0.092668,
          -0.945837,
          -0.311137,
          1.378963
        ],
        [
          0.0,
          0.0,
          0.0,
          1.0
        ]
      ]
    },
    {
      "file_path": "/media/NFS/ttao/scannet/posed_images/scene0137_02/00558.jpg",
      "transform_matrix": [
        [
          0.962573,
          0.024401,
          -0.269923,
          2.609015
        ],
        [
          0.26198,
          -0.338897,
          0.903612,
          1.869288
        ],
        [
          -0.069427,
          -0.940507,
          -0.332606,
          1.352664
        ],
        [
          0.0,
          0.0,
          0.0,
          1.0
        ]
      ]
    },
    {
      "file_path": "/media/NFS/ttao/scannet/posed_images/scene0137_02/00570.jpg",
      "transform_matrix": [
        [
          0.974961,
          0.001451,
          -0.22237,
          2.441051
        ],
        [
          0.205151,
          -0.391745,
          0.896911,
          1.898908
        ],
        [
          -0.085811,
          -0.920073,
          -0.382234,
          1.353754
        ],
        [
          0.0,
          0.0,
          0.0,
          1.0
        ]
      ]
    },
    {
      "file_path": "/media/NFS/ttao/scannet/posed_images/scene0137_02/00573.jpg",
      "transform_matrix": [
        [
          0.978684,
          -0.024821,
          -0.203867,
          2.403445
        ],
        [
          0.177233,
          -0.399455,
          0.899457,
          1.907495
        ],
        [
          -0.103762,
          -0.916417,
          -0.386541,
          1.348537
        ],
        [
          0.0,
          0.0,
          0.0,
          1.0
        ]
      ]
    },
    {
      "file_path": "/media/NFS/ttao/scannet/posed_images/scene0137_02/00583.jpg",
      "transform_matrix": [
        [
          0.976143,
          -0.015469,
          -0.216579,
          2.319901
        ],
        [
          0.190396,
          -0.418518,
          0.888027,
          1.91647
        ],
        [
          -0.104379,
          -0.908077,
          -0.405588,
          1.33746
        ],
        [
          0.0,
          0.0,
          0.0,
          1.0
        ]
      ]
    },
    {
      "file_path": "/media/NFS/ttao/scannet/posed_images/scene0137_02/00590.jpg",
      "transform_matrix": [
        [
          0.978535,
          -0.001715,
          -0.206073,
          2.266248
        ],
        [
          0.188254,
          -0.399391,
          0.897244,
          1.911911
        ],
        [
          -0.083842,
          -0.916779,
          -0.390495,
          1.338748
        ],
        [
          0.0,
          0.0,
          0.0,
          1.0
        ]
      ]
    },
    {
      "file_path": "/media/NFS/ttao/scannet/posed_images/scene0137_02/00600.jpg",
      "transform_matrix": [
        [
          0.962328,
          0.064613,
          -0.264101,
          2.271533
        ],
        [
          0.267411,
          -0.400513,
          0.876402,
          1.897229
        ],
        [
          -0.049149,
          -0.91401,
          -0.402703,
          1.33955
        ],
        [
          0.0,
          0.0,
          0.0,
          1.0
        ]
      ]
    },
    {
      "file_path": "/media/NFS/ttao/scannet/posed_images/scene0137_02/00608.jpg",
      "transform_matrix": [
        [
          0.952256,
          0.038243,
          -0.302895,
          2.373154
        ],
        [
          0.290749,
          -0.416235,
          0.861518,
          1.903527
        ],
        [
          -0.093129,
          -0.908453,
          -0.407481,
          1.342287
        ],
        [
          0.0,
          0.0,
          0.0,
          1.0
        ]
      ]
    },
    {
      "file_path": "/media/NFS/ttao/scannet/posed_images/scene0137_02/00615.jpg",
      "transform_matrix": [
        [
          0.918575,
          0.070255,
          -0.388952,
          2.545846
        ],
        [
          0.383533,
          -0.39623,
          0.834209,
          1.91238
        ],
        [
          -0.095507,
          -0.91546,
          -0.390912,
          1.319836
        ],
        [
          0.0,
          0.0,
          0.0,
          1.0
        ]
      ]
    },
    {
      "file_path": "/media/NFS/ttao/scannet/posed_images/scene0137_02/00631.jpg",
      "transform_matrix": [
        [
          0.872932,
          0.109924,
          -0.475295,
          2.856267
        ],
        [
          0.481471,
          -0.351062,
          0.803083,
          2.013887
        ],
        [
          -0.07858,
          -0.929878,
          -0.359378,
          1.335487
        ],
        [
          0.0,
          0.0,
          0.0,
          1.0
        ]
      ]
    },
    {
      "file_path": "/media/NFS/ttao/scannet/posed_images/scene0137_02/00638.jpg",
      "transform_matrix": [
        [
          0.869326,
          0.143343,
          -0.472996,
          2.901406
        ],
        [
          0.492574,
          -0.329759,
          0.805376,
          2.108118
        ],
        [
          -0.04053,
          -0.93312,
          -0.357275,
          1.331358
        ],
        [
          0.0,
          0.0,
          0.0,
          1.0
        ]
      ]
    },
    {
      "file_path": "/media/NFS/ttao/scannet/posed_images/scene0137_02/00646.jpg",
      "transform_matrix": [
        [
          0.819222,
          0.197525,
          -0.538386,
          2.977851
        ],
        [
          0.573469,
          -0.277473,
          0.770806,
          2.260764
        ],
        [
          0.002866,
          -0.940209,
          -0.340586,
