{
  "frames": [
    {
      "file_path": "/media/NFS/ttao/scannet/posed_images/scene0127_00/00001.jpg",
      "transform_matrix": [
        [
          -0.441405,
          -0.472001,
          0.763136,
          2.45238
        ],
        [
          -0.897015,
          0.253848,
          -0.361837,
          1.90449
        ],
        [
          -0.022933,
          -0.844261,
          -0.535442,
          1.449179
        ],
        [
          0.0,
          0.0,
          0.0,
          1.0
        ]
      ]
    },
    {
      "file_path": "/media/NFS/ttao/scannet/posed_images/scene0127_00/00004.jpg",
      "transform_matrix": [
        [
          -0.44362,
          -0.475187,
          0.759868,
          2.452095
        ],
        [
          -0.895973,
          0.254861,
          -0.363701,
          1.901161
        ],
        [
          -0.020835,
          -0.842166,
          -0.538816,
          1.451891
        ],
        [
          0.0,
          0.0,
          0.0,
          1.0
        ]
      ]
    },
    {
      "file_path": "/media/NFS/ttao/scannet/posed_images/scene0127_00/00010.jpg",
      "transform_matrix": [
        [
          -0.445115,
          -0.45617,
          0.770572,
          2.453048
        ],
        [
          -0.895369,
          0.239867,
          -0.375205,
          1.90688
        ],
        [
          -0.013678,
          -0.856956,
          -0.515209,
          1.453635
        ],
        [
          0.0,
          0.0,
          0.0,
          1.0
        ]
      ]
    },
    {
      "file_path": "/media/NFS/ttao/scannet/posed_images/scene0127_00/00015.jpg",
      "transform_matrix": [
        [
          -0.450805,
          -0.440305,
          0.776471,
          2.459574
        ],
        [
          -0.892558,
          0.232789,
          -0.386199,
          1.907404
        ],
        [
          -0.010709,
          -0.867146,
          -0.49794,
          1.47226
        ],
        [
          0.0,
          0.0,
          0.0,
          1.0
        ]
      ]
    },
    {
      "file_path": "/media/NFS/ttao/scannet/posed_images/scene0127_00/00017.jpg",
      "transform_matrix": [
        [
          -0.450578,
          -0.427636,
          0.78365,
          2.460508
        ],
        [
          -0.892608,
          0.230705,
          -0.387332,
          1.90916
        ],
        [
          -0.015155,
          -0.874016,
          -0.485662,
          1.479568
        ],
        [
          0.0,
          0.0,
          0.0,
          1.0
        ]
      ]
    },
    {
      "file_path": "/media/NFS/ttao/scannet/posed_images/scene0127_00/00020.jpg",
      "transform_matrix": [
        [
          -0.452112,
          -0.402912,
          0.795774,
          2.459707
        ],
        [
          -0.891688,
          0.226243,
          -0.392055,
          1.916499
        ],
        [
          -0.022075,
          -0.886835,
          -0.461559,
          1.483602
        ],
        [
          0.0,
          0.0,
          0.0,
          1.0
        ]
      ]
    },
    {
      "file_path": "/media/NFS/ttao/scannet/posed_images/scene0127_00/00024.jpg",
      "transform_matrix": [
        [
          -0.451783,
          -0.377861,
          0.808154,
          2.460329
        ],
        [
          -0.891575,
          0.223116,
          -0.394097,
          1.920721
        ],
        [
          -0.031398,
          -0.898577,
          -0.437692,
          1.499969
        ],
        [
          0.0,
          0.0,
          0.0,
          1.0
        ]
      ]
    },
    {
      "file_path": "/media/NFS/ttao/scannet/posed_images/scene0127_00/00029.jpg",
      "transform_matrix": [
        [
          -0.451929,
          -0.351582,
          0.819848,
          2.460274
        ],
        [
          -0.891755,
          0.201865,
          -0.404999,
          1.928264
        ],
        [
          -0.023109,
          -0.914134,
          -0.404753,
          1.5081
        ],
        [
          0.0,
          0.0,
          0.0,
          1.0
        ]
      ]
    },
    {
      "file_path": "/media/NFS/ttao/scannet/posed_images/scene0127_00/00033.jpg",
      "transform_matrix": [
        [
          -0.434599,
          -0.334669,
          0.836134,
          2.466182
        ],
        [
          -0.90062,
          0.164304,
          -0.402353,
          1.942175
        ],
        [
          -0.002726,
          -0.927901,
          -0.372816,
          1.502937
        ],
        [
          0.0,
          0.0,
          0.0,
          1.0
        ]
      ]
    },
    {
      "file_path": "/media/NFS/ttao/scannet/posed_images/scene0127_00/00041.jpg",
      "transform_matrix": [
        [
          -0.3798,
          -0.325615,
          0.865868,
          2.50066
        ],
        [
          -0.925068,
          0.132592,
          -0.355905,
          1.98438
        ],
        [
          0.001081,
          -0.936159,
          -0.351575,
          1.491299
        ],
        [
          0.0,
          0.0,
          0.0,
          1.0
        ]
      ]
    },
    {
      "file_path": "/media/NFS/ttao/scannet/posed_images/scene0127_00/00042.jpg",
      "transform_matrix": [
        [
          -0.368943,
          -0.323418,
          0.871368,
          2.499602
        ],
        [
          -0.929446,
          0.124852,
          -0.347193,
          1.984858
        ],
        [
          0.003496,
          -0.937983,
          -0.346663,
          1.488246
        ],
        [
          0.0,
          0.0,
          0.0,
          1.0
        ]
      ]
    },
    {
      "file_path": "/media/NFS/ttao/scannet/posed_images/scene0127_00/00046.jpg",
      "transform_matrix": [
        [
          -0.337593,
          -0.320764,
          0.884953,
          2.522046
        ],
        [
          -0.941214,
          0.127159,
          -0.312964,
          2.001349
        ],
        [
          -0.012142,
          -0.938585,
          -0.344835,
          1.477133
        ],
        [
          0.0,
          0.0,
          0.0,
          1.0
        ]
      ]
    },
    {
      "file_path": "/media/NFS/ttao/scannet/posed_images/scene0127_00/00050.jpg",
      "transform_matrix": [
        [
          -0.304928,
          -0.354183,
          0.884067,
          2.553951
        ],
        [
          -0.952365,
          0.117769,
          -0.281304,
          2.016215
        ],
        [
          -0.004482,
          -0.927731,
          -0.373222,
          1.47389
        ],
        [
          0.0,
          0.0,
          0.0,
          1.0
        ]
      ]
    },
    {
      "file_path": "/media/NFS/ttao/scannet/posed_images/scene0127_00/00057.jpg",
      "transform_matrix": [
        [
          -0.268441,
          -0.367308,
          0.890519,
          2.635109
        ],
        [
          -0.963296,
          0.102956,
          -0.247913,
          2.011371
        ],
        [
          -0.000624,
          -0.924384,
          -0.381464,
          1.466786
        ],
        [
          0.0,
          0.0,
          0.0,
          1.0
        ]
      ]
    },
    {
      "file_path": "/media/NFS/ttao/scannet/posed_images/scene0127_00/00059.jpg",
      "transform_matrix": [
        [
          -0.254724,
          -0.35894,
          0.89793,
          2.659708
        ],
        [
          -0.966981,
          0.102204,
          -0.233457,
          2.005929
        ],
        [
          -0.007975,
          -0.927748,
          -0.373122,
          1.459923
        ],
        [
          0.0,
          0.0,
          0.0,
          1.0
        ]
      ]
    },
    {
      "file_path": "/media/NFS/ttao/scannet/posed_images/scene0127_00/00062.jpg",
      "transform_matrix": [
        [
          -0.217642,
          -0.350647,
          0.910867,
          2.695429
        ],
        [
          -0.975884,
          0.094238,
          -0.196899,
          1.982865
        ],
        [
          -0.016797,
          -0.931754,
          -0.362701,
          1.447117
        ],
        [
          0.0,
          0.0,
          0.0,
          1.0
        ]
      ]
    },
    {
      "file_path": "/media/NFS/ttao/scannet/posed_images/scene0127_00/00067.jpg",
      "transform_matrix": [
        [
          -0.138385,
          -0.351254,
          0.925997,
          2.781177
        ],
        [
          -0.990061,
          0.072726,
          -0.120372,
          1.958254
        ],
        [
          -0.025062,
          -0.933451,
          -0.357827,
          1.448673
        ],
        [
          0.0,
          0.0,
          0.0,
          1.0
        ]
      ]
    },
    {
      "file_path": "/media/NFS/ttao/scannet/posed_images/scene0127_00/00071.jpg",
      "transform_matrix": [
        [
          -0.089987,
          -0.401851,
          0.911273,
          2.84435
        ],
        [
          -0.995709,
          0.056127,
          -0.073575,
          1.922168
        ],
        [
          -0.021581,
          -0.913984,
          -0.405177,
          1.461696
        ],
        [
          0.0,
          0.0,
          0.0,
          1.0
        ]
      ]
    },
    {
      "file_path": "/media/NFS/ttao/scannet/posed_images/scene0127_00/00079.jpg",
      "transform_matrix": [
        [
          -0.031648,
          -0.428232,
          0.903114,
          2.942238
        ],
        [
          -0.99825,
          0.058697,
          -0.007149,
          1.912599
        ],
        [
          -0.049949,
          -0.90176,
          -0.429341,
          1.46034
        ],
        [
          0.0,
          0.0,
          0.0,
          1.0
        ]
      ]
    },
    {
      "file_path": "/media/NFS/ttao/scannet/posed_images/scene0127_00/00080.jpg",
      "transform_matrix": [
        [
          -0.020082,
          -0.419948,
          0.907326,
          2.958216
        ],
        [
          -0.998219,
          0.059408,
          0.005402,
          1.90289
        ],
        [
          -0.056171,
          -0.905602,
          -0.420393,
          1.463739
        ],
        [
          0.0,
          0.0,
          0.0,
          1.0
        ]
      ]
    },
    {
      "file_path": "/media/NFS/ttao/scannet/posed_images/scene0127_00/00087.jpg",
      "transform_matrix": [
        [
          0.043124,
          -0.424567,
          0.904369,
          3.057319
        ],
        [
          -0.998098,
          0.021607,
          0.057737,
          1.914706
        ],
        [
          -0.044054,
          -0.905139,
          -0.422827,
          1.440088
        ],
        [
          0.0,
          0.0,
          0.0,
          1.0
        ]
      ]
    },
    {
      "file_path": "/media/NFS/ttao/scannet/posed_images/scene0127_00/00088.jpg",
      "transform_matrix": [
        [
          0.045596,
          -0.425487,
          0.903815,
          3.072002
        ],
        [
          -0.998201,
          0.015846,
          0.057818,
          1.91559
        ],
        [
          -0.038922,
          -0.904826,
          -0.423999,
          1.43599
        ],
        [
          0.0,
          0.0,
          0.0,
          1.0
        ]
      ]
    },
    {
      "file_path": "/media/NFS/ttao/scannet/posed_images/scene0127_00/00095.jpg",
      "transform_matrix": [
        [
          0.082597,
          -0.431618,
          0.898267,
          3.245789
        ],
        [
          -0.995559,
          0.005121,
          0.094004,
          1.938575
        ],
        [
          -0.045174,
          -0.902042,
          -0.429278,
          1.432003
        ],
        [
          0.0,
          0.0,
          0.0,
          1.0
        ]
      ]
    },
    {
      "file_path": "/media/NFS/ttao/scannet/posed_images/scene0127_00/00099.jpg",
      "transform_matrix": [
        [
          0.117879,
          -0.435155,
          0.892606,
          3.322235
        ],
        [
          -0.992166,
          -0.014166,
          0.124121,
          1.948046
        ],
        [
          -0.041368,
          -0.900244,
          -0.433415,
          1.43714
        ],
        [
          0.0,
          0.0,
          0.0,
          1.0
        ]
      ]
    },
    {
      "file_path": "/media/NFS/ttao/scannet/posed_images/scene0127_00/00104.jpg",
      "transform_matrix": [
        [
          0.123883,
          -0.480921,
          0.867968,
          3.411255
        ],
        [
          -0.992024,
          -0.039507,
          0.119699,
          1.909125
        ],
        [
          -0.023275,
          -0.875874,
          -0.481979,
          1.423627
        ],
        [
          0.0,
          0.0,
          0.0,
          1.0
        ]
      ]
    },
    {
      "file_path": "/media/NFS/ttao/scannet/posed_images/scene0127_00/00106.jpg",
      "transform_matrix": [
        [
          0.132422,
          -0.486391,
          0.863648,
          3.437108
        ],
        [
          -0.990819,
          -0.041021,
          0.128818,
          1.900044
        ],
        [
          -0.027228,
          -0.872778,
          -0.487358,
          1.42099
        ],
        [
          0.0,
          0.0,
          0.0,
          1.0
        ]
      ]
    },
    {
      "file_path": "/media/NFS/ttao/scannet/posed_images/scene0127_00/00109.jpg",
      "transform_matrix": [
        [
          0.153978,
          -0.48435,
          0.861218,
          3.491101
        ],
        [
          -0.987758,
          -0.053421,
          0.146558,
          1.881239
        ],
        [
          -0.024978,
          -0.873242,
          -0.486646,
          1.428784
        ],
        [
          0.0,
          0.0,
          0.0,
          1.0
        ]
      ]
    },
    {
      "file_path": "/media/NFS/ttao/scannet/posed_images/scene0127_00/00113.jpg",
      "transform_matrix": [
        [
          0.19811,
          -0.463317,
          0.863765,
          3.56179
        ],
        [
          -0.980148,
          -0.086516,
          0.178397,
          1.847704
        ],
        [
          -0.007925,
          -0.881959,
          -0.471259,
          1.417945
        ],
        [
          0.0,
          0.0,
          0.0,
          1.0
        ]
      ]
    },
    {
      "file_path": "/media/NFS/ttao/scannet/posed_images/scene0127_00/00118.jpg",
      "transform_matrix": [
        [
          0.261887,
          -0.418539,
          0.869621,
          3.665638
        ],
        [
          -0.964969,
          -0.098793,
          0.243053,
          1.803124
        ],
        [
          -0.015815,
          -0.90281,
          -0.429749,
          1.430696
        ],
        [
          0.0,
          0.0,
          0.0,
          1.0
        ]
      ]
    },
    {
      "file_path": "/media/NFS/ttao/scannet/posed_images/scene0127_00/00125.jpg",
      "transform_matrix": [
        [
          0.322543,
          -0.445128,
          0.83536,
          3.77738
        ],
        [
          -0.946237,
          -0.128759,
          0.296744,
          1.751527
        ],
        [
          -0.024529,
          -0.886162,
          -0.462727,
          1.40382
        ],
        [
          0.0,
          0.0,
          0.0,
          1.0
        ]
      ]
    },
    {
      "file_path": "/media/NFS/ttao/scannet/posed_images/scene0127_00/00129.jpg",
      "transform_matrix": [
        [
          0.389563,
          -0.48589,
          0.782401,
          3.846612
        ],
        [
          -0.920407,
          -0.174905,
          0.349656,
          1.75545
        ],
        [
          -0.033048,
          -0.856341,
          -0.515353,
          1.418137
        ],
        [
          0.0,
          0.0,
          0.0,
          1.0
        ]
      ]
    },
    {
      "file_path": "/media/NFS/ttao/scannet/posed_images/scene0127_00/00134.jpg",
      "transform_matrix": [
        [
          0.445539,
          -0.464291,
          0.76546,
          3.929937
        ],
        [
          -0.894686,
          -0.200238,
          0.399301,
          1.772514
        ],
        [
          -0.032118,
          -0.862751,
          -0.504609,
          1.410251
        ],
        [
          0.0,
          0.0,
          0.0,
          1.0
        ]
      ]
    },
    {
      "file_path": "/media/NFS/ttao/scannet/posed_images/scene0127_00/00137.jpg",
      "transform_matrix": [
        [
          0.445886,
          -0.450398,
          0.773516,
          3.992288
        ],
        [
          -0.894917,
          -0.241302,
          0.375362,
          1.79395
        ],
        [
          0.017589,
          -0.859602,
          -0.510662,
          1.416486
        ],
        [
          0.0,
          0.0,
          0.0,
          1.0
        ]
      ]
    },
    {
      "file_path": "/media/NFS/ttao/scannet/posed_images/scene0127_00/00140.jpg",
      "transform_matrix": [
        [
          0.455805,
          -0.412974,
          0.788476,
          4.035118
        ],
        [
          -0.889003,
          -0.254785,
          0.380471,
          1.811925
        ],
        [
          0.043767,
          -0.874378,
          -0.483267,
          1.39817
        ],
        [
          0.0,
          0.0,
          0.0,
          1.0
        ]
      ]
    },
    {
      "file_path": "/media/NFS/ttao/scannet/posed_images/scene0127_00/00146.jpg",
      "transform_matrix": [
        [
          0.506657,
          -0.430035,
          0.747241,
          4.157252
        ],
        [
          -0.861676,
          -0.28125,
          0.422389,
          1.843332
        ],
        [
          0.02852,
          -0.857886,
          -0.513048,
          1.403704
        ],
        [
          0.0,
          0.0,
          0.0,
          1.0
        ]
      ]
    },
    {
      "file_path": "/media/NFS/ttao/scannet/posed_images/scene0127_00/00148.jpg",
      "transform_matrix": [
        [
          0.521219,
          -0.433602,
          0.735065,
          4.186689
        ],
        [
          -0.85283,
          -0.296731,
          0.429687,
          1.841992
        ],
        [
          0.031803,
          -0.850847,
          -0.524451,
          1.391996
        ],
        [
          0.0,
          0.0,
          0.0,
          1.0
        ]
      ]
    },
    {
      "file_path": "/media/NFS/ttao/scannet/posed_images/scene0127_00/00154.jpg",
      "transform_matrix": [
        [
          0.527866,
          -0.451101,
          0.719628,
          4.309078
        ],
        [
          -0.848537,
          -0.316656,
          0.423927,
          1.817943
        ],
        [
          0.036641,
          -0.834408,
          -0.549928,
          1.380979
        ],
        [
          0.0,
          0.0,
          0.0,
          1.0
        ]
      ]
    },
    {
      "file_path": "/media/NFS/ttao/scannet/posed_images/scene0127_00/00157.jpg",
      "transform_matrix": [
        [
          0.522897,
          -0.422335,
          0.740413,
          4.381601
        ],
        [
          -0.851253,
          -0.303696,
          0.427945,
          1.804587
        ],
        [
          0.044125,
          -0.854051,
          -0.518316,
          1.386774
        ],
        [
          0.0,
          0.0,
          0.0,
          1.0
        ]
      ]
    },
    {
      "file_path": "/media/NFS/ttao/scannet/posed_images/scene0127_00/00162.jpg",
      "transform_matrix": [
        [
          0.480375,
          -0.410259,
          0.775195,
          4.49369
        ],
        [
          -0.876437,
          -0.257929,
          0.406608,
          1.77214
        ],
        [
          0.033131,
          -0.874735,
          -0.483469,
          1.398305
        ],
        [
          0.0,
          0.0,
          0.0,
          1.0
        ]
      ]
    },
    {
      "file_path": "/media/NFS/ttao/scannet/posed_images/scene0127_00/00165.jpg",
      "transform_matrix": [
        [
          0.485003,
          -0.400355,
          0.777488,
          4.55793
        ],
        [
          -0.873493,
          -0.264685,
          0.408597,
          1.772908
        ],
        [
          0.042205,
          -0.877302,
          -0.47808,
          1.417304
        ],
        [
          0.0,
          0.0,
          0.0,
          1.0
        ]
      ]
    },
    {
      "file_path": "/media/NFS/ttao/scannet/posed_images/scene0127_00/00172.jpg",
      "transform_matrix": [
        [
          0.572919,
          -0.401588,
          0.714487,
          4.661721
        ],
        [
          -0.81922,
          -0.307538,
          0.484044,
          1.798288
        ],
        [
          0.025346,
          -0.86264,
          -0.505183,
          1.390768
        ],
        [
          0.0,
          0.0,
          0.0,
          1.0
        ]
      ]
    },
    {
      "file_path": "/media/NFS/ttao/scannet/posed_images/scene0127_00/00176.jpg",
      "transform_matrix": [
        [
          0.633238,
          -0.393138,
          0.666672,
          4.73563
        ],
        [
          -0.773842,
          -0.336447,
          0.53663,
          1.827064
        ],
        [
          0.013331,
          -0.855714,
          -0.517278,
          1.388626
        ],
        [
          0.0,
          0.0,
          0.0,
          1.0
        ]
      ]
    },
    {
      "file_path": "/media/NFS/ttao/scannet/posed_images/scene0127_00/00181.jpg",
      "transform_matrix": [
        [
          0.68241,
          -0.345659,
          0.644077,
          4.845197
        ],
        [
          -0.730332,
          -0.359214,
          0.581017,
          1.848679
        ],
        [
          0.030528,
          -0.866882,
          -0.497577,
          1.386108
        ],
        [
          0.0,
          0.0,
          0.0,
          1.0
        ]
      ]
    },
    {
      "file_path": "/media/NFS/ttao/scannet/posed_images/scene0127_00/00182.jpg",
      "transform_matrix": [
        [
          0.693599,
          -0.338786,
          0.635723,
          4.865609
        ],
        [
          -0.719507,
          -0.368787,
          0.588478,
          1.853387
        ],
        [
          0.035078,
          -0.865575,
          -0.49955,
          1.3821
        ],
        [
          0.0,
          0.0,
          0.0,
          1.0
        ]
      ]
    },
    {
      "file_path": "/media/NFS/ttao/scannet/posed_images/scene0127_00/00186.jpg",
      "transform_matrix": [
        [
          0.738193,
          -0.300022,
          0.6042,
          4.973977
        ],
        [
          -0.670744,
          -0.421938,
          0.609977,
          1.884884
        ],
        [
          0.071929,
          -0.855544,
          -0.51271,
          1.405667
        ],
        [
          0.0,
          0.0,
          0.0,
          1.0
        ]
      ]
    },
    {
      "file_path": "/media/NFS/ttao/scannet/posed_images/scene0127_00/00193.jpg",
      "transform_matrix": [
        [
          0.742675,
          -0.338725,
          0.577667,
          5.115184
        ],
        [
          -0.669406,
          -0.398937,
          0.626694,
          1.903411
        ],
        [
          0.018176,
          -0.852124,
          -0.523025,
          1.424298
        ],
        [
          0.0,
          0.0,
          0.0,
          1.0
        ]
      ]
    },
    {
      "file_path": "/media/NFS/ttao/scannet/posed_images/scene0127_00/00196.jpg",
      "transform_matrix": [
        [
          0.769011,
          -0.326226,
          0.549726,
          5.162108
        ],
        [
          -0.639192,
          -0.402462,
          0.655331,
          1.896843
        ],
        [
          0.007458,
          -0.855337,
          -0.518019,
          1.415546
        ],
        [
          0.0,
          0.0,
          0.0,
          1.0
        ]
      ]
    },
    {
      "file_path": "/media/NFS/ttao/scannet/posed_images/scene0127_00/00201.jpg",
      "transform_matrix": [
        [
          0.816411,
          -0.312752,
          0.485448,
          5.24852
        ],
        [
          -0.577167,
          -0.414604,
          0.70355,
          1.862582
        ],
        [
          -0.018768,
          -0.85457,
          -0.518998,
          1.403473
        ],
        [
          0.0,
          0.0,
          0.0,
          1.0
        ]
      ]
    },
    {
      "file_path": "/media/NFS/ttao/scannet/posed_images/scene0127_00/00206.jpg",
      "transform_matrix": [
        [
          0.844402,
          -0.286327,
          0.452771,
          5.319776
        ],
        [
          -0.535704,
          -0.44758,
          0.716026,
          1.86862
        ],
        [
          -0.002366,
          -0.847165,
          -0.531325,
          1.408967
        ],
        [
          0.0,
          0.0,
          0.0,
          1.0
        ]
      ]
    },
    {
      "file_path": "/media/NFS/ttao/scannet/posed_images/scene0127_00/00207.jpg",
      "transform_matrix": [
        [
          0.848779,
          -0.284858,
          0.445454,
          5.327663
        ],
        [
          -0.528743,
          -0.453897,
          0.717223,
          1.874837
        ],
        [
          -0.002117,
          -0.844294,
          -0.535876,
          1.409663
        ],
        [
          0.0,
          0.0,
          0.0,
          1.0
        ]
      ]
    },
    {
      "file_path": "/media/NFS/ttao/scannet/posed_images/scene0127_00/00214.jpg",
      "transform_matrix": [
        [
          0.895692,
          -0.243496,
          0.372082,
          5.437883
        ],
        [
          -0.44457,
          -0.472224,
          0.761158,
          1.921372
        ],
        [
          -0.009633,
          -0.84718,
          -0.531219,
          1.438275
        ],
        [
          0.0,
          0.0,
          0.0,
          1.0
        ]
      ]
    },
    {
      "file_path": "/media/NFS/ttao/scannet/posed_images/scene0127_00/00219.jpg",
      "transform_matrix": [
        [
          0.934273,
          -0.176054,
          0.310065,
          5.472244
        ],
        [
          -0.356534,
          -0.450869,
          0.818291,
          1.971968
        ],
        [
          -0.004265,
          -0.875056,
          -0.484003,
          1.433373
        ],
        [
          0.0,
          0.0,
          0.0,
          1.0
        ]
      ]
    },
    {
      "file_path": "/media/NFS/ttao/scannet/posed_images/scene0127_00/00220.jpg",
      "transform_matrix": [
        [
          0.949182,
          -0.156372,
          0.273134,
          5.485444
        ],
        [
          -0.314535,
          -0.440856,
          0.840663,
          1.957759
        ],
        [
          -0.011044,
          -0.883852,
          -0.467636,
          1.414505
        ],
        [
          0.0,
          0.0,
          0.0,
          1.0
        ]
      ]
    },
    {
      "file_path": "/media/NFS/ttao/scannet/posed_images/scene0127_00/00225.jpg",
      "transform_matrix": [
        [
          0.984609,
          -0.082368,
          0.154146,
          5.53968
        ],
        [
          -0.174741,
          -0.480735,
          0.859278,
          1.992274
        ],
        [
          0.003326,
          -0.872989,
          -0.487729,
          1.414334
        ],
        [
          0.0,
          0.0,
          0.0,
          1.0
        ]
      ]
    },
    {
      "file_path": "/media/NFS/ttao/scannet/posed_images/scene0127_00/00229.jpg",
      "transform_matrix": [
        [
          0.995979,
          -0.029029,
          0.084757,
          5.586448
        ],
        [
          -0.088085,
          -0.489967,
          0.867279,
          2.006616
        ],
        [
          0.016352,
          -0.871258,
          -0.490554,
          1.423284
        ],
        [
          0.0,
          0.0,
          0.0,
          1.0
        ]
      ]
    },
    {
      "file_path": "/media/NFS/ttao/scannet/posed_images/scene0127_00/00236.jpg",
      "transform_matrix": [
        [
          0.988106,
          0.101047,
          -0.115911,
          5.690523
        ],
        [
          0.1488,
          -0.438168,
          0.886492,
          1.994813
        ],
        [
          0.038789,
          -0.893196,
          -0.447992,
          1.41146
        ],
        [
          0.0,
          0.0,
          0.0,
          1.0
        ]
      ]
    },
    {
      "file_path": "/media/NFS/ttao/scannet/posed_images/scene0127_00/00237.jpg",
      "transform_matrix": [
        [
          0.982366,
          0.119317,
          -0.143943,
          5.70207
        ],
        [
          0.182047,
          -0.435006,
          0.881832,
          1.991499
        ],
        [
          0.042601,
          -0.892487,
          -0.449057,
          1.415196
        ],
        [
          0.0,
          0.0,
          0.0,
          1.0
        ]
      ]
    },
    {
      "file_path": "/media/NFS/ttao/scannet/posed_images/scene0127_00/00241.jpg",
      "transform_matrix": [
        [
          0.951277,
          0.164851,
          -0.260571,
          5.774493
        ],
        [
          0.307304,
          -0.437703,
          0.844973,
          1.967463
        ],
        [
          0.025242,
          -0.883878,
          -0.467036,
          1.404291
        ],
        [
          0.0,
          0.0,
          0.0,
          1.0
        ]
      ]
    },
    {
      "file_path": "/media/NFS/ttao/scannet/posed_images/scene0127_00/00248.jpg",
      "transform_matrix": [
        [
          0.895058,
          0.219529,
          -0.388173,
          5.835021
        ],
        [
          0.445766,
          -0.415418,
          0.792919,
          1.925101
        ],
        [
          0.012815,
          -0.882743,
          -0.469682,
          1.416319
        ],
        [
          0.0,
          0.0,
          0.0,
          1.0
        ]
      ]
    },
    {
      "file_path": "/media/NFS/ttao/scannet/posed_images/scene0127_00/00250.jpg",
      "transform_matrix": [
        [
          0.878098,
          0.224519,
          -0.422534,
          5.853162
        ],
        [
          0.478377,
          -0.393568,
          0.785022,
          1.911872
        ],
        [
          0.009957,
          -0.891457,
          -0.452996,
          1.419511
        ],
        [
          0.0,
          0.0,
          0.0,
          1.0
        ]
      ]
    },
    {
      "file_path": "/media/NFS/ttao/scannet/posed_images/scene0127_00/00253.jpg",
      "transform_matrix": [
        [
          0.853832,
          0.232202,
          -0.465891,
          5.867908
        ],
        [
          0.520547,
          -0.383491,
          0.762866,
          1.89176
        ],
        [
          -0.001526,
          -0.893878,
          -0.448309,
          1.424689
        ],
        [
          0.0,
          0.0,
          0.0,
          1.0
        ]
      ]
    },
    {
      "file_path": "/media/NFS/ttao/scannet/posed_images/scene0127_00/00258.jpg",
      "transform_matrix": [
        [
          0.811608,
          0.229175,
          -0.537374,
          5.87743
        ],
        [
          0.58104,
          -0.412242,
          0.701748,
          1.842463
        ],
        [
          -0.060705,
          -0.88178,
          -0.467739,
          1.419761
        ],
        [
          0.0,
          0.0,
          0.0,
          1.0
        ]
      ]
    },
    {
      "file_path": "/media/NFS/ttao/scannet/posed_images/scene0127_00/00262.jpg",
      "transform_matrix": [
        [
          0.781303,
          0.258434,
          -0.568136,
          5.877362
        ],
        [
          0.621325,
          -0.408579,
          0.668595,
          1.800209
        ],
        [
          -0.059341,
          -0.875372,
          -0.479795,
          1.412963
        ],
        [
          0.0,
          0.0,
          0.0,
          1.0
        ]
      ]
    },
    {
      "file_path": "/media/NFS/ttao/scannet/posed_images/scene0127_00/00270.jpg",
      "transform_matrix": [
        [
          0.713387,
          0.332457,
          -0.616888,
          5.898114
        ],
        [
          0.700192,
          -0.373919,
          0.608208,
          1.715007
        ],
        [
          -0.028464,
          -0.865828,
          -0.499533,
          1.403398
        ],
        [
          0.0,
          0.0,
          0.0,
          1.0
        ]
      ]
    },
    {
      "file_path": "/media/NFS/ttao/scannet/posed_images/scene0127_00/00272.jpg",
      "transform_matrix": [
        [
          0.705221,
          0.34912,
          -0.617073,
          5.905293
        ],
        [
          0.708867,
          -0.363313,
          0.604576,
          1.707387
        ],
        [
          -0.013121,
          -0.863782,
          -0.503696,
          1.402008
        ],
        [
          0.0,
          0.0,
          0.0,
          1.0
        ]
      ]
    },
    {
      "file_path": "/media/NFS/ttao/scannet/posed_images/scene0127_00/00275.jpg",
      "transform_matrix": [
        [
          0.6979,
          0.358944,
          -0.619754,
          5.914083
        ],
        [
          0.716147,
          -0.359763,
          0.598084,
          1.707072
        ],
        [
          -0.008286,
          -0.861238,
          -0.508135,
          1.409902
        ],
        [
          0.0,
          0.0,
          0.0,
          1.0
        ]
      ]
    },
    {
      "file_path": "/media/NFS/ttao/scannet/posed_images/scene0127_00/00283.jpg",
      "transform_matrix": [
        [
          0.606231,
          0.348617,
          -0.714808,
          5.945702
        ],
        [
          0.795131,
          -0.28364,
          0.536019,
          1.732012
        ],
        [
          -0.015883,
          -0.893317,
          -0.449147,
          1.439446
        ],
        [
          0.0,
          0.0,
          0.0,
          1.0
        ]
      ]
    },
    {
      "file_path": "/media/NFS/ttao/scannet/posed_images/scene0127_00/00286.jpg",
      "transform_matrix": [
        [
          0.57449,
          0.330134,
          -0.748982,
          5.96876
        ],
        [
          0.818254,
          -0.254609,
          0.515398,
          1.757569
        ],
        [
          -0.020548,
          -0.908948,
          -0.416404,
          1.450715
        ],
        [
          0.0,
          0.0,
          0.0,
          1.0
        ]
      ]
    },
    {
      "file_path": "/media/NFS/ttao/scannet/posed_images/scene0127_00/00288.jpg",
      "transform_matrix": [
        [
          0.560861,
          0.318843,
          -0.764051,
          5.979615
        ],
        [
          0.827668,
          -0.238219,
          0.50815,
          1.766833
        ],
        [
          -0.019991,
          -0.917382,
          -0.397505,
          1.456438
        ],
        [
          0.0,
          0.0,
          0.0,
          1.0
        ]
      ]
    },
    {
      "file_path": "/media/NFS/ttao/scannet/posed_images/scene0127_00/00295.jpg",
      "transform_matrix": [
        [
          0.493133,
          0.278645,
          -0.824122,
          6.025455
        ],
        [
          0.869483,
          -0.189049,
          0.456356,
          1.799728
        ],
        [
          -0.028638,
          -0.941604,
          -0.335503,
          1.482088
        ],
        [
          0.0,
          0.0,
          0.0,
          1.0
        ]
      ]
    },
    {
      "file_path": "/media/NFS/ttao/scannet/posed_images/scene0127_00/00297.jpg",
      "transform_matrix": [
        [
          0.475107,
          0.273265,
          -0.836421,
          6.033969
        ],
        [
          0.879459,
          -0.178529,
          0.441227,
          1.806414
        ],
        [
          -0.028753,
          -0.945227,
          -0.325145,
          1.4858
        ],
        [
          0.0,
          0.0,
          0.0,
          1.0
        ]
      ]
    },
    {
      "file_path": "/media/NFS/ttao/scannet/posed_images/scene0127_00/00300.jpg",
      "transform_matrix": [
        [
          0.454228,
          0.258956,
          -0.852419,
          6.043609
        ],
        [
          0.890483,
          -0.160721,
          0.425686,
          1.802829
        ],
        [
          -0.026768,
          -0.952424,
          -0.3036,
          1.495991
        ],
        [
          0.0,
          0.0,
          0.0,
          1.0
        ]
      ]
    },
    {
      "file_path": "/media/NFS/ttao/scannet/posed_images/scene0127_00/00308.jpg",
      "transform_matrix": [
        [
          0.420952,
          0.183199,
          -0.888391,
          6.077335
        ],
        [
          0.905986,
          -0.133077,
          0.401846,
          1.820624
        ],
        [
          -0.044606,
          -0.974027,
          -0.221995,
          1.538298
        ],
        [
          0.0,
          0.0,
          0.0,
          1.0
        ]
      ]
    },
    {
      "file_path": "/media/NFS/ttao/scannet/posed_images/scene0127_00/00312.jpg",
      "transform_matrix": [
        [
          0.415762,
          0.16152,
          -0.895016,
          6.097035
        ],
        [
          0.909085,
          -0.102572,
          0.403787,
          1.828764
        ],
        [
          -0.026584,
          -0.981525,
          -0.189481,
          1.537076
        ],
        [
          0.0,
          0.0,
          0.0,
          1.0
        ]
      ]
    },
    {
      "file_path": "/media/NFS/ttao/scannet/posed_images/scene0127_00/00313.jpg",
      "transform_matrix": [
        [
          0.413334,
          0.156269,
          -0.89707,
          6.099751
        ],
        [
          0.910164,
          -0.100651,
          0.401834,
          1.833642
        ],
        [
          -0.027496,
          -0.982573,
          -0.183833,
          1.540131
        ],
        [
          0.0,
          0.0,
          0.0,
          1.0
        ]
      ]
    },
    {
      "file_path": "/media/NFS/ttao/scannet/posed_images/scene0127_00/00317.jpg",
      "transform_matrix": [
        [
          0.387717,
          0.127179,
          -0.912963,
          6.107993
        ],
        [
          0.921074,
          -0.092166,
          0.378322,
          1.853441
        ],
        [
          -0.036029,
          -0.987589,
          -0.152876,
          1.561145
        ],
        [
          0.0,
          0.0,
          0.0,
          1.0
        ]
      ]
    },
    {
      "file_path": "/media/NFS/ttao/scannet/posed_images/scene0127_00/00323.jpg",
      "transform_matrix": [
        [
          0.364787,
          0.083177,
          -0.927368,
          6.080301
        ],
        [
          0.930181,
          -0.076573,
          0.359025,
          1.873706
        ],
        [
          -0.041149,
          -0.993589,
          -0.105302,
          1.554871
        ],
        [
          0.0,
          0.0,
          0.0,
          1.0
        ]
      ]
    },
    {
      "file_path": "/media/NFS/ttao/scannet/posed_images/scene0127_00/00327.jpg",
      "transform_matrix": [
        [
          0.338518,
          0.110622,
          -0.934435,
          6.036938
        ],
        [
          0.93885,
          -0.106176,
          0.327548,
          1.898503
        ],
        [
          -0.062981,
          -0.988175,
