{
  "frames": [
    {
      "file_path": "/media/NFS/ttao/scannet/posed_images/scene0452_01/00002.jpg",
      "transform_matrix": [
        [
          -0.137709,
          0.258886,
          -0.956041,
          2.568132
        ],
        [
          0.990457,
          0.030435,
          -0.134425,
          2.585375
        ],
        [
          -0.005703,
          -0.965429,
          -0.260606,
          1.399997
        ],
        [
          0.0,
          0.0,
          0.0,
          1.0
        ]
      ]
    },
    {
      "file_path": "/media/NFS/ttao/scannet/posed_images/scene0452_01/00012.jpg",
      "transform_matrix": [
        [
          -0.229652,
          0.282334,
          -0.931422,
          2.562821
        ],
        [
          0.973251,
          0.060125,
          -0.22174,
          2.648247
        ],
        [
          -0.006603,
          -0.95743,
          -0.28859,
          1.391548
        ],
        [
          0.0,
          0.0,
          0.0,
          1.0
        ]
      ]
    },
    {
      "file_path": "/media/NFS/ttao/scannet/posed_images/scene0452_01/00014.jpg",
      "transform_matrix": [
        [
          -0.229391,
          0.297285,
          -0.926823,
          2.566114
        ],
        [
          0.973334,
          0.068772,
          -0.218843,
          2.658456
        ],
        [
          -0.001319,
          -0.952309,
          -0.305133,
          1.383426
        ],
        [
          0.0,
          0.0,
          0.0,
          1.0
        ]
      ]
    },
    {
      "file_path": "/media/NFS/ttao/scannet/posed_images/scene0452_01/00026.jpg",
      "transform_matrix": [
        [
          -0.153872,
          0.417538,
          -0.895536,
          2.571022
        ],
        [
          0.987464,
          0.03271,
          -0.154416,
          2.674642
        ],
        [
          -0.035181,
          -0.908071,
          -0.417337,
          1.33974
        ],
        [
          0.0,
          0.0,
          0.0,
          1.0
        ]
      ]
    },
    {
      "file_path": "/media/NFS/ttao/scannet/posed_images/scene0452_01/00030.jpg",
      "transform_matrix": [
        [
          -0.111913,
          0.396802,
          -0.911056,
          2.587794
        ],
        [
          0.9932,
          0.015072,
          -0.115439,
          2.647886
        ],
        [
          -0.032075,
          -0.917781,
          -0.395791,
          1.351913
        ],
        [
          0.0,
          0.0,
          0.0,
          1.0
        ]
      ]
    },
    {
      "file_path": "/media/NFS/ttao/scannet/posed_images/scene0452_01/00039.jpg",
      "transform_matrix": [
        [
          -9.1e-05,
          0.298119,
          -0.954529,
          2.629487
        ],
        [
          0.999996,
          0.002679,
          0.000742,
          2.612385
        ],
        [
          0.002778,
          -0.954525,
          -0.298118,
          1.399542
        ],
        [
          0.0,
          0.0,
          0.0,
          1.0
        ]
      ]
    },
    {
      "file_path": "/media/NFS/ttao/scannet/posed_images/scene0452_01/00046.jpg",
      "transform_matrix": [
        [
          0.075478,
          0.241379,
          -0.967491,
          2.687153
        ],
        [
          0.99699,
          -0.000992,
          0.077532,
          2.516846
        ],
        [
          0.017755,
          -0.970431,
          -0.240728,
          1.445335
        ],
        [
          0.0,
          0.0,
          0.0,
          1.0
        ]
      ]
    },
    {
      "file_path": "/media/NFS/ttao/scannet/posed_images/scene0452_01/00053.jpg",
      "transform_matrix": [
        [
          0.148108,
          0.195039,
          -0.969548,
          2.734663
        ],
        [
          0.988728,
          -0.00748,
          0.149534,
          2.45021
        ],
        [
          0.021912,
          -0.980767,
          -0.193948,
          1.481325
        ],
        [
          0.0,
          0.0,
          0.0,
          1.0
        ]
      ]
    },
    {
      "file_path": "/media/NFS/ttao/scannet/posed_images/scene0452_01/00065.jpg",
      "transform_matrix": [
        [
          0.145374,
          0.084125,
          -0.985794,
          2.811414
        ],
        [
          0.989376,
          -0.010843,
          0.144977,
          2.423749
        ],
        [
          0.001507,
          -0.996396,
          -0.084807,
          1.529734
        ],
        [
          0.0,
          0.0,
          0.0,
          1.0
        ]
      ]
    },
    {
      "file_path": "/media/NFS/ttao/scannet/posed_images/scene0452_01/00072.jpg",
      "transform_matrix": [
        [
          0.130596,
          0.018788,
          -0.991258,
          2.873872
        ],
        [
          0.991345,
          -0.016044,
          0.130304,
          2.435111
        ],
        [
          -0.013456,
          -0.999695,
          -0.020721,
          1.561786
        ],
        [
          0.0,
          0.0,
          0.0,
          1.0
        ]
      ]
    },
    {
      "file_path": "/media/NFS/ttao/scannet/posed_images/scene0452_01/00077.jpg",
      "transform_matrix": [
        [
          0.116108,
          0.002842,
          -0.993233,
          2.904392
        ],
        [
          0.992939,
          -0.024811,
          0.116003,
          2.440584
        ],
        [
          -0.024313,
          -0.999688,
          -0.005703,
          1.583329
        ],
        [
          0.0,
          0.0,
          0.0,
          1.0
        ]
      ]
    },
    {
      "file_path": "/media/NFS/ttao/scannet/posed_images/scene0452_01/00084.jpg",
      "transform_matrix": [
        [
          0.092186,
          -0.044648,
          -0.99474,
          2.929344
        ],
        [
          0.995258,
          -0.026998,
          0.093446,
          2.436748
        ],
        [
          -0.031028,
          -0.998638,
          0.041947,
          1.592222
        ],
        [
          0.0,
          0.0,
          0.0,
          1.0
        ]
      ]
    },
    {
      "file_path": "/media/NFS/ttao/scannet/posed_images/scene0452_01/00095.jpg",
      "transform_matrix": [
        [
          -0.042763,
          -0.114529,
          -0.992499,
          2.915464
        ],
        [
          0.997478,
          -0.061229,
          -0.035911,
          2.437676
        ],
        [
          -0.056657,
          -0.991531,
          0.116859,
          1.576616
        ],
        [
          0.0,
          0.0,
          0.0,
          1.0
        ]
      ]
    },
    {
      "file_path": "/media/NFS/ttao/scannet/posed_images/scene0452_01/00100.jpg",
      "transform_matrix": [
        [
          -0.12685,
          -0.1389,
          -0.982149,
          2.888786
        ],
        [
          0.991611,
          -0.042567,
          -0.122052,
          2.457234
        ],
        [
          -0.024854,
          -0.989391,
          0.143134,
          1.554506
        ],
        [
          0.0,
          0.0,
          0.0,
          1.0
        ]
      ]
    },
    {
      "file_path": "/media/NFS/ttao/scannet/posed_images/scene0452_01/00109.jpg",
      "transform_matrix": [
        [
          -0.187155,
          -0.122495,
          -0.974663,
          2.841218
        ],
        [
          0.982317,
          -0.028528,
          -0.185039,
          2.423993
        ],
        [
          -0.005139,
          -0.992059,
          0.125668,
          1.52201
        ],
        [
          0.0,
          0.0,
          0.0,
          1.0
        ]
      ]
    },
    {
      "file_path": "/media/NFS/ttao/scannet/posed_images/scene0452_01/00116.jpg",
      "transform_matrix": [
        [
          -0.196324,
          -0.070336,
          -0.978013,
          2.801498
        ],
        [
          0.980509,
          -0.021928,
          -0.195247,
          2.401671
        ],
        [
          -0.007713,
          -0.997283,
          0.07327,
          1.51176
        ],
        [
          0.0,
          0.0,
          0.0,
          1.0
        ]
      ]
    },
    {
      "file_path": "/media/NFS/ttao/scannet/posed_images/scene0452_01/00125.jpg",
      "transform_matrix": [
        [
          -0.199466,
          -0.025677,
          -0.979568,
          2.762672
        ],
        [
          0.979662,
          -0.027463,
          -0.198766,
          2.398655
        ],
        [
          -0.021799,
          -0.999293,
          0.030633,
          1.525095
        ],
        [
          0.0,
          0.0,
          0.0,
          1.0
        ]
      ]
    },
    {
      "file_path": "/media/NFS/ttao/scannet/posed_images/scene0452_01/00132.jpg",
      "transform_matrix": [
        [
          -0.241196,
          0.015523,
          -0.970352,
          2.727156
        ],
        [
          0.970336,
          -0.013172,
          -0.241403,
          2.416076
        ],
        [
          -0.016529,
          -0.999793,
          -0.011885,
          1.527158
        ],
        [
          0.0,
          0.0,
          0.0,
          1.0
        ]
      ]
    },
    {
      "file_path": "/media/NFS/ttao/scannet/posed_images/scene0452_01/00144.jpg",
      "transform_matrix": [
        [
          -0.332829,
          0.017451,
          -0.942826,
          2.672862
        ],
        [
          0.94256,
          -0.023964,
          -0.333178,
          2.39196
        ],
        [
          -0.028408,
          -0.999561,
          -0.008472,
          1.510194
        ],
        [
          0.0,
          0.0,
          0.0,
          1.0
        ]
      ]
    },
    {
      "file_path": "/media/NFS/ttao/scannet/posed_images/scene0452_01/00146.jpg",
      "transform_matrix": [
        [
          -0.336285,
          0.014613,
          -0.941647,
          2.665424
        ],
        [
          0.941369,
          -0.023626,
          -0.336552,
          2.370803
        ],
        [
          -0.027166,
          -0.999614,
          -0.005811,
          1.493551
        ],
        [
          0.0,
          0.0,
          0.0,
          1.0
        ]
      ]
    },
    {
      "file_path": "/media/NFS/ttao/scannet/posed_images/scene0452_01/00156.jpg",
      "transform_matrix": [
        [
          -0.393315,
          0.076396,
          -0.916224,
          2.592647
        ],
        [
          0.91879,
          -0.003763,
          -0.39473,
          2.324299
        ],
        [
          -0.033604,
          -0.997071,
          -0.068712,
          1.470839
        ],
        [
          0.0,
          0.0,
          0.0,
          1.0
        ]
      ]
    },
    {
      "file_path": "/media/NFS/ttao/scannet/posed_images/scene0452_01/00160.jpg",
      "transform_matrix": [
        [
          -0.381528,
          0.13795,
          -0.914006,
          2.564177
        ],
        [
          0.923394,
          0.011749,
          -0.383674,
          2.285306
        ],
        [
          -0.042189,
          -0.99037,
          -0.131865,
          1.485544
        ],
        [
          0.0,
          0.0,
          0.0,
          1.0
        ]
      ]
    },
    {
      "file_path": "/media/NFS/ttao/scannet/posed_images/scene0452_01/00169.jpg",
      "transform_matrix": [
        [
          -0.360069,
          0.202587,
          -0.910664,
          2.542024
        ],
        [
          0.932402,
          0.045443,
          -0.358555,
          2.251673
        ],
        [
          -0.031255,
          -0.978209,
          -0.205255,
          1.445157
        ],
        [
          0.0,
          0.0,
          0.0,
          1.0
        ]
      ]
    },
    {
      "file_path": "/media/NFS/ttao/scannet/posed_images/scene0452_01/00176.jpg",
      "transform_matrix": [
        [
          -0.367072,
          0.233624,
          -0.900377,
          2.538649
        ],
        [
          0.929797,
          0.063908,
          -0.362484,
          2.224564
        ],
        [
          -0.027144,
          -0.970225,
          -0.240681,
          1.429628
        ],
        [
          0.0,
          0.0,
          0.0,
          1.0
        ]
      ]
    },
    {
      "file_path": "/media/NFS/ttao/scannet/posed_images/scene0452_01/00186.jpg",
      "transform_matrix": [
        [
          -0.375885,
          0.263923,
          -0.888288,
          2.555609
        ],
        [
          0.925706,
          0.063301,
          -0.372911,
          2.260992
        ],
        [
          -0.04219,
          -0.962465,
          -0.268109,
          1.436263
        ],
        [
          0.0,
          0.0,
          0.0,
          1.0
        ]
      ]
    },
    {
      "file_path": "/media/NFS/ttao/scannet/posed_images/scene0452_01/00193.jpg",
      "transform_matrix": [
        [
          -0.365832,
          0.233934,
          -0.900801,
          2.592551
        ],
        [
          0.928961,
          0.032972,
          -0.368706,
          2.35992
        ],
        [
          -0.056552,
          -0.971694,
          -0.229377,
          1.441436
        ],
        [
          0.0,
          0.0,
          0.0,
          1.0
        ]
      ]
    },
    {
      "file_path": "/media/NFS/ttao/scannet/posed_images/scene0452_01/00204.jpg",
      "transform_matrix": [
        [
          -0.291735,
          0.172078,
          -0.940893,
          2.650302
        ],
        [
          0.956307,
          0.032757,
          -0.290524,
          2.432436
        ],
        [
          -0.019172,
          -0.984539,
          -0.174116,
          1.442034
        ],
        [
          0.0,
          0.0,
          0.0,
          1.0
        ]
      ]
    },
    {
      "file_path": "/media/NFS/ttao/scannet/posed_images/scene0452_01/00207.jpg",
      "transform_matrix": [
        [
          -0.286517,
          0.176694,
          -0.941641,
          2.660017
        ],
        [
          0.957888,
          0.033375,
          -0.285197,
          2.440649
        ],
        [
          -0.018965,
          -0.9837,
          -0.178815,
          1.439958
        ],
        [
          0.0,
          0.0,
          0.0,
          1.0
        ]
      ]
    },
    {
      "file_path": "/media/NFS/ttao/scannet/posed_images/scene0452_01/00218.jpg",
      "transform_matrix": [
        [
          -0.15572,
          0.19885,
          -0.96758,
          2.696713
        ],
        [
          0.987801,
          0.032404,
          -0.152315,
          2.394414
        ],
        [
          0.001066,
          -0.979494,
          -0.20147,
          1.441278
        ],
        [
          0.0,
          0.0,
          0.0,
          1.0
        ]
      ]
    },
    {
      "file_path": "/media/NFS/ttao/scannet/posed_images/scene0452_01/00223.jpg",
      "transform_matrix": [
        [
          -0.060232,
          0.213581,
          -0.975067,
          2.731881
        ],
        [
          0.998149,
          0.004674,
          -0.060634,
          2.331402
        ],
        [
          -0.008393,
          -0.976914,
          -0.213467,
          1.429494
        ],
        [
          0.0,
          0.0,
          0.0,
          1.0
        ]
      ]
    },
    {
      "file_path": "/media/NFS/ttao/scannet/posed_images/scene0452_01/00234.jpg",
      "transform_matrix": [
        [
          0.196275,
          0.270614,
          -0.942467,
          2.774055
        ],
        [
          0.980467,
          -0.041762,
          0.192198,
          2.193642
        ],
        [
          0.012652,
          -0.961782,
          -0.273525,
          1.432679
        ],
        [
          0.0,
          0.0,
          0.0,
          1.0
        ]
      ]
    },
    {
      "file_path": "/media/NFS/ttao/scannet/posed_images/scene0452_01/00239.jpg",
      "transform_matrix": [
        [
          0.234484,
          0.279368,
          -0.931113,
          2.786786
        ],
        [
          0.971996,
          -0.052072,
          0.229157,
          2.184989
        ],
        [
          0.015535,
          -0.958771,
          -0.283755,
          1.421835
        ],
        [
          0.0,
          0.0,
          0.0,
          1.0
        ]
      ]
    },
    {
      "file_path": "/media/NFS/ttao/scannet/posed_images/scene0452_01/00246.jpg",
      "transform_matrix": [
        [
          0.239955,
          0.304353,
          -0.921841,
          2.788735
        ],
        [
          0.970779,
          -0.078432,
          0.226799,
          2.17244
        ],
        [
          -0.003275,
          -0.949325,
          -0.314279,
          1.402564
        ],
        [
          0.0,
          0.0,
          0.0,
          1.0
        ]
      ]
    },
    {
      "file_path": "/media/NFS/ttao/scannet/posed_images/scene0452_01/00253.jpg",
      "transform_matrix": [
        [
          0.238044,
          0.332417,
          -0.912597,
          2.775725
        ],
        [
          0.971115,
          -0.097392,
          0.217833,
          2.184387
        ],
        [
          -0.016468,
          -0.938091,
          -0.345999,
          1.392913
        ],
        [
          0.0,
          0.0,
          0.0,
          1.0
        ]
      ]
    },
    {
      "file_path": "/media/NFS/ttao/scannet/posed_images/scene0452_01/00262.jpg",
      "transform_matrix": [
        [
          0.205009,
          0.349225,
          -0.914338,
          2.734227
        ],
        [
          0.978544,
          -0.092752,
          0.183979,
          2.195837
        ],
        [
          -0.020557,
          -0.932437,
          -0.360747,
          1.378187
        ],
        [
          0.0,
          0.0,
          0.0,
          1.0
        ]
      ]
    },
    {
      "file_path": "/media/NFS/ttao/scannet/posed_images/scene0452_01/00274.jpg",
      "transform_matrix": [
        [
          -0.097858,
          0.35898,
          -0.928201,
          2.634577
        ],
        [
          0.99421,
          -0.006335,
          -0.107268,
          2.300639
        ],
        [
          -0.044387,
          -0.933324,
          -0.356282,
          1.350267
        ],
        [
          0.0,
          0.0,
          0.0,
          1.0
        ]
      ]
    },
    {
      "file_path": "/media/NFS/ttao/scannet/posed_images/scene0452_01/00279.jpg",
      "transform_matrix": [
        [
          -0.183446,
          0.401439,
          -0.897326,
          2.570794
        ],
        [
          0.982173,
          0.036748,
          -0.184351,
          2.345006
        ],
        [
          -0.041031,
          -0.915148,
          -0.401024,
          1.338446
        ],
        [
          0.0,
          0.0,
          0.0,
          1.0
        ]
      ]
    },
    {
      "file_path": "/media/NFS/ttao/scannet/posed_images/scene0452_01/00288.jpg",
      "transform_matrix": [
        [
          -0.329853,
          0.404237,
          -0.853106,
          2.474316
        ],
        [
          0.943251,
          0.104353,
          -0.31526,
          2.420907
        ],
        [
          -0.038416,
          -0.908682,
          -0.415718,
          1.331121
        ],
        [
          0.0,
          0.0,
          0.0,
          1.0
        ]
      ]
    },
    {
      "file_path": "/media/NFS/ttao/scannet/posed_images/scene0452_01/00295.jpg",
      "transform_matrix": [
        [
          -0.409692,
          0.355712,
          -0.840013,
          2.408162
        ],
        [
          0.912052,
          0.141812,
          -0.384774,
          2.465143
        ],
        [
          -0.017745,
          -0.923774,
          -0.382527,
          1.32218
        ],
        [
          0.0,
          0.0,
          0.0,
          1.0
        ]
      ]
    },
    {
      "file_path": "/media/NFS/ttao/scannet/posed_images/scene0452_01/00304.jpg",
      "transform_matrix": [
        [
          -0.531741,
          0.283674,
          -0.797985,
          2.328746
        ],
        [
          0.846812,
          0.163973,
          -0.505987,
          2.508542
        ],
        [
          -0.012687,
          -0.944797,
          -0.32741,
          1.304696
        ],
        [
          0.0,
          0.0,
          0.0,
          1.0
        ]
      ]
    },
    {
      "file_path": "/media/NFS/ttao/scannet/posed_images/scene0452_01/00309.jpg",
      "transform_matrix": [
        [
          -0.587058,
          0.325036,
          -0.741427,
          2.277556
        ],
        [
          0.809531,
          0.241143,
          -0.535267,
          2.531574
        ],
        [
          0.004809,
          -0.914441,
          -0.404692,
          1.304322
        ],
        [
          0.0,
          0.0,
          0.0,
          1.0
        ]
      ]
    },
    {
      "file_path": "/media/NFS/ttao/scannet/posed_images/scene0452_01/00320.jpg",
      "transform_matrix": [
        [
          -0.760699,
          0.280522,
          -0.585359,
          2.230726
        ],
        [
          0.649029,
          0.342585,
          -0.679263,
          2.59766
        ],
        [
          0.009987,
          -0.896629,
          -0.442671,
          1.292331
        ],
        [
          0.0,
          0.0,
          0.0,
          1.0
        ]
      ]
    },
    {
      "file_path": "/media/NFS/ttao/scannet/posed_images/scene0452_01/00323.jpg",
      "transform_matrix": [
        [
          -0.797529,
          0.261524,
          -0.543648,
          2.212531
        ],
        [
          0.602846,
          0.379715,
          -0.701708,
          2.628252
        ],
        [
          0.022918,
          -0.887368,
          -0.460493,
          1.297283
        ],
        [
          0.0,
          0.0,
          0.0,
          1.0
        ]
      ]
    },
    {
      "file_path": "/media/NFS/ttao/scannet/posed_images/scene0452_01/00334.jpg",
      "transform_matrix": [
        [
          -0.877237,
          0.217957,
          -0.427726,
          2.210558
        ],
        [
          0.480051,
          0.393862,
          -0.783852,
          2.661558
        ],
        [
          -0.002381,
          -0.892955,
          -0.450141,
          1.326802
        ],
        [
          0.0,
          0.0,
          0.0,
          1.0
        ]
      ]
    },
    {
      "file_path": "/media/NFS/ttao/scannet/posed_images/scene0452_01/00344.jpg",
      "transform_matrix": [
        [
          -0.892013,
          0.175112,
          -0.416712,
          2.22273
        ],
        [
          0.452006,
          0.341573,
          -0.824026,
          2.653978
        ],
        [
          -0.001959,
          -0.923398,
          -0.383839,
          1.363774
        ],
        [
          0.0,
          0.0,
          0.0,
          1.0
        ]
      ]
    },
    {
      "file_path": "/media/NFS/ttao/scannet/posed_images/scene0452_01/00350.jpg",
      "transform_matrix": [
        [
          -0.891857,
          0.156488,
          -0.424385,
          2.211458
        ],
        [
          0.4523,
          0.300157,
          -0.83984,
          2.65815
        ],
        [
          -0.004043,
          -0.940966,
          -0.338476,
          1.384623
        ],
        [
          0.0,
          0.0,
          0.0,
          1.0
        ]
      ]
    },
    {
      "file_path": "/media/NFS/ttao/scannet/posed_images/scene0452_01/00355.jpg",
      "transform_matrix": [
        [
          -0.900133,
          0.142663,
          -0.411592,
          2.178437
        ],
        [
          0.435587,
          0.284094,
          -0.85414,
          2.657151
        ],
        [
          -0.004924,
          -0.948124,
          -0.317864,
          1.388203
        ],
        [
          0.0,
          0.0,
          0.0,
          1.0
        ]
      ]
    },
    {
      "file_path": "/media/NFS/ttao/scannet/posed_images/scene0452_01/00367.jpg",
      "transform_matrix": [
        [
          -0.951406,
          0.093516,
          -0.293397,
          2.064634
        ],
        [
          0.306491,
          0.379902,
          -0.872776,
          2.647948
        ],
        [
          0.029844,
          -0.920288,
          -0.390103,
          1.348329
        ],
        [
          0.0,
          0.0,
          0.0,
          1.0
        ]
      ]
    },
    {
      "file_path": "/media/NFS/ttao/scannet/posed_images/scene0452_01/00369.jpg",
      "transform_matrix": [
        [
          -0.956034,
          0.098962,
          -0.276054,
          2.046446
        ],
        [
          0.292669,
          0.381531,
          -0.8768,
          2.650158
        ],
        [
          0.018553,
          -0.919043,
          -0.39372,
          1.348709
        ],
        [
          0.0,
          0.0,
          0.0,
          1.0
        ]
      ]
    },
    {
      "file_path": "/media/NFS/ttao/scannet/posed_images/scene0452_01/00378.jpg",
      "transform_matrix": [
        [
          -0.981406,
          0.080399,
          -0.174295,
          2.043238
        ],
        [
          0.191926,
          0.398287,
          -0.896957,
          2.66419
        ],
        [
          -0.002695,
          -0.913731,
          -0.406312,
          1.342555
        ],
        [
          0.0,
          0.0,
          0.0,
          1.0
        ]
      ]
    },
    {
      "file_path": "/media/NFS/ttao/scannet/posed_images/scene0452_01/00390.jpg",
      "transform_matrix": [
        [
          -0.998562,
          -0.018394,
          -0.050367,
          2.162933
        ],
        [
          0.035808,
          0.47043,
          -0.881711,
          2.668271
        ],
        [
          0.039913,
          -0.882246,
          -0.469094,
          1.307271
        ],
        [
          0.0,
          0.0,
          0.0,
          1.0
        ]
      ]
    },
    {
      "file_path": "/media/NFS/ttao/scannet/posed_images/scene0452_01/00399.jpg",
      "transform_matrix": [
        [
          -0.997805,
          -0.023131,
          -0.062049,
          2.244455
        ],
        [
          0.042148,
          0.50087,
          -0.864496,
          2.666154
        ],
        [
          0.051075,
          -0.865214,
          -0.498795,
          1.292466
        ],
        [
          0.0,
          0.0,
          0.0,
          1.0
        ]
      ]
    },
    {
      "file_path": "/media/NFS/ttao/scannet/posed_images/scene0452_01/00406.jpg",
      "transform_matrix": [
        [
          -0.998072,
          -0.017859,
          -0.059442,
          2.268632
        ],
        [
          0.042679,
          0.497895,
          -0.866187,
          2.66921
        ],
        [
          0.045065,
          -0.867054,
          -0.496173,
          1.295561
        ],
        [
          0.0,
          0.0,
          0.0,
          1.0
        ]
      ]
    },
    {
      "file_path": "/media/NFS/ttao/scannet/posed_images/scene0452_01/00408.jpg",
      "transform_matrix": [
        [
          -0.997916,
          -0.022937,
          -0.060315,
          2.266708
        ],
        [
          0.040652,
          0.50244,
          -0.863656,
          2.672125
        ],
        [
          0.050114,
          -0.864308,
          -0.50046,
          1.295492
        ],
        [
          0.0,
          0.0,
          0.0,
          1.0
        ]
      ]
    },
    {
      "file_path": "/media/NFS/ttao/scannet/posed_images/scene0452_01/00422.jpg",
      "transform_matrix": [
        [
          -0.998611,
          -0.004771,
          -0.052483,
          2.090368
        ],
        [
          0.044614,
          0.453569,
          -0.890104,
          2.733194
        ],
        [
          0.028052,
          -0.891209,
          -0.452726,
          1.314443
        ],
        [
          0.0,
          0.0,
          0.0,
          1.0
        ]
      ]
    },
    {
      "file_path": "/media/NFS/ttao/scannet/posed_images/scene0452_01/00425.jpg",
      "transform_matrix": [
        [
          -0.999444,
          -0.025439,
          -0.021577,
          2.029701
        ],
        [
          0.007718,
          0.452944,
          -0.891506,
          2.750114
        ],
        [
          0.032452,
          -0.891176,
          -0.452495,
          1.315169
        ],
        [
          0.0,
          0.0,
          0.0,
          1.0
        ]
      ]
    },
    {
      "file_path": "/media/NFS/ttao/scannet/posed_images/scene0452_01/00434.jpg",
      "transform_matrix": [
        [
          -0.999702,
          -0.021977,
          0.010618,
          1.8839
        ],
        [
          -0.01981,
          0.47646,
          -0.878973,
          2.770839
        ],
        [
          0.014258,
          -0.878922,
          -0.476754,
          1.330374
        ],
        [
          0.0,
          0.0,
          0.0,
          1.0
        ]
      ]
    },
    {
      "file_path": "/media/NFS/ttao/scannet/posed_images/scene0452_01/00439.jpg",
      "transform_matrix": [
        [
          -0.99897,
          -0.017081,
          0.042047,
          1.829119
        ],
        [
          -0.044947,
          0.500509,
          -0.864564,
          2.769319
        ],
        [
          -0.006277,
          -0.865563,
          -0.500761,
          1.320953
        ],
        [
          0.0,
          0.0,
          0.0,
          1.0
        ]
      ]
    },
    {
      "file_path": "/media/NFS/ttao/scannet/posed_images/scene0452_01/00448.jpg",
      "transform_matrix": [
        [
          -0.987999,
          -0.124177,
          0.091867,
          1.749253
        ],
        [
          -0.142152,
          0.498271,
          -0.855289,
          2.742573
        ],
        [
          0.060433,
          -0.858083,
          -0.509942,
          1.299461
        ],
        [
          0.0,
          0.0,
          0.0,
          1.0
        ]
      ]
    },
    {
      "file_path": "/media/NFS/ttao/scannet/posed_images/scene0452_01/00460.jpg",
      "transform_matrix": [
        [
          -0.98406,
          -0.116383,
          0.134468,
          1.588982
        ],
        [
          -0.175382,
          0.509842,
          -0.842201,
          2.705955
        ],
        [
          0.02946,
          -0.85236,
          -0.522126,
          1.32539
        ],
        [
          0.0,
          0.0,
          0.0,
          1.0
        ]
      ]
    },
    {
      "file_path": "/media/NFS/ttao/scannet/posed_images/scene0452_01/00469.jpg",
      "transform_matrix": [
        [
          -0.960175,
          -0.176026,
          0.21698,
          1.407286
        ],
        [
          -0.276383,
          0.484535,
          -0.829963,
          2.71719
        ],
        [
          0.04096,
          -0.856879,
          -0.513889,
          1.326656
        ],
        [
          0.0,
          0.0,
          0.0,
          1.0
        ]
      ]
    },
    {
      "file_path": "/media/NFS/ttao/scannet/posed_images/scene0452_01/00473.jpg",
      "transform_matrix": [
        [
          -0.955907,
          -0.189927,
          0.223989,
          1.32334
        ],
        [
          -0.290137,
          0.492787,
          -0.820355,
          2.710151
        ],
        [
          0.045428,
          -0.84917,
          -0.526163,
          1.329833
        ],
        [
          0.0,
          0.0,
          0.0,
          1.0
        ]
      ]
    },
    {
      "file_path": "/media/NFS/ttao/scannet/posed_images/scene0452_01/00478.jpg",
      "transform_matrix": [
        [
          -0.948674,
          -0.177413,
          0.261808,
          1.252605
        ],
        [
          -0.316145,
          0.50992,
          -0.800022,
          2.711732
        ],
        [
          0.008433,
          -0.841729,
          -0.539836,
          1.329114
        ],
        [
          0.0,
          0.0,
          0.0,
          1.0
        ]
      ]
    },
    {
      "file_path": "/media/NFS/ttao/scannet/posed_images/scene0452_01/00487.jpg",
      "transform_matrix": [
        [
          -0.926675,
          -0.197075,
          0.320055,
          1.200022
        ],
        [
          -0.375228,
          0.534582,
          -0.757249,
          2.724208
        ],
        [
          -0.021861,
          -0.821817,
          -0.569332,
          1.319224
        ],
        [
          0.0,
          0.0,
          0.0,
          1.0
        ]
      ]
    },
    {
      "file_path": "/media/NFS/ttao/scannet/posed_images/scene0452_01/00494.jpg",
      "transform_matrix": [
        [
          -0.893754,
          -0.265514,
          0.361533,
          1.238122
        ],
        [
          -0.4483,
          0.501424,
          -0.740001,
          2.756473
        ],
        [
          0.0152,
          -0.823454,
          -0.567179,
          1.305082
        ],
        [
          0.0,
          0.0,
          0.0,
          1.0
        ]
      ]
    },
    {
      "file_path": "/media/NFS/ttao/scannet/posed_images/scene0452_01/00504.jpg",
      "transform_matrix": [
        [
          -0.791065,
          -0.389696,
          0.471543,
          1.313936
        ],
        [
          -0.609477,
          0.435966,
          -0.662171,
          2.782952
        ],
        [
          0.052469,
          -0.811216,
          -0.582389,
          1.303535
        ],
        [
          0.0,
          0.0,
          0.0,
          1.0
        ]
      ]
    },
    {
      "file_path": "/media/NFS/ttao/scannet/posed_images/scene0452_01/00508.jpg",
      "transform_matrix": [
        [
          -0.762582,
          -0.411836,
          0.498859,
          1.336995
        ],
        [
          -0.643611,
          0.405462,
          -0.649127,
          2.790534
        ],
        [
          0.065066,
          -0.816083,
          -0.574261,
          1.304493
        ],
        [
          0.0,
          0.0,
          0.0,
          1.0
        ]
      ]
    },
    {
      "file_path": "/media/NFS/ttao/scannet/posed_images/scene0452_01/00522.jpg",
      "transform_matrix": [
        [
          -0.767381,
          -0.347478,
          0.538875,
          1.408908
        ],
        [
          -0.640538,
          0.377473,
          -0.66875,
          2.762189
        ],
        [
          0.028965,
          -0.858355,
          -0.512239,
          1.356709
        ],
        [
          0.0,
          0.0,
          0.0,
          1.0
        ]
      ]
    },
    {
      "file_path": "/media/NFS/ttao/scannet/posed_images/scene0452_01/00525.jpg",
      "transform_matrix": [
        [
          -0.777367,
          -0.331832,
          0.534404,
          1.429931
        ],
        [
          -0.628455,
          0.37282,
          -0.682678,
          2.756535
        ],
        [
          0.027298,
          -0.866541,
          -0.49836,
          1.367094
        ],
        [
          0.0,
          0.0,
          0.0,
          1.0
        ]
      ]
    },
    {
      "file_path": "/media/NFS/ttao/scannet/posed_images/scene0452_01/00536.jpg",
      "transform_matrix": [
        [
          -0.816911,
          -0.265068,
          0.512246,
          1.530985
        ],
        [
          -0.575414,
          0.313815,
          -0.755261,
          2.75111
        ],
        [
          0.039445,
          -0.911734,
          -0.408883,
          1.410784
        ],
        [
          0.0,
          0.0,
          0.0,
          1.0
        ]
      ]
    },
    {
      "file_path": "/media/NFS/ttao/scannet/posed_images/scene0452_01/00545.jpg",
      "transform_matrix": [
        [
          -0.830738,
          -0.23394,
          0.505122,
          1.59111
        ],
        [
          -0.554184,
          0.261988,
          -0.790091,
          2.764338
        ],
        [
          0.052498,
          -0.936288,
          -0.347289,
          1.435007
        ],
        [
          0.0,
          0.0,
          0.0,
          1.0
        ]
      ]
    },
    {
      "file_path": "/media/NFS/ttao/scannet/posed_images/scene0452_01/00550.jpg",
      "transform_matrix": [
        [
          -0.828155,
          -0.231986,
          0.510237,
          1.625099
        ],
        [
          -0.557483,
          0.246617,
          -0.792712,
          2.772871
        ],
        [
          0.058065,
          -0.940937,
          -0.333565,
          1.443695
        ],
        [
          0.0,
          0.0,
          0.0,
          1.0
        ]
      ]
    },
    {
      "file_path": "/media/NFS/ttao/scannet/posed_images/scene0452_01/00557.jpg",
      "transform_matrix": [
        [
          -0.787859,
          -0.233412,
          0.569909,
          1.64749
        ],
        [
          -0.613643,
          0.219169,
          -0.758556,
          2.789817
        ],
        [
          0.052149,
          -0.947357,
          -0.315906,
          1.432877
        ],
        [
          0.0,
          0.0,
          0.0,
          1.0
        ]
      ]
    },
    {
      "file_path": "/media/NFS/ttao/scannet/posed_images/scene0452_01/00569.jpg",
      "transform_matrix": [
        [
          -0.741886,
          -0.252408,
          0.621205,
          1.688822
        ],
        [
          -0.668716,
          0.210476,
          -0.713106,
          2.780624
        ],
        [
          0.049245,
          -0.944453,
          -0.324938,
          1.405742
        ],
        [
          0.0,
          0.0,
          0.0,
          1.0
        ]
      ]
    },
    {
      "file_path": "/media/NFS/ttao/scannet/posed_images/scene0452_01/00571.jpg",
      "transform_matrix": [
        [
          -0.745427,
          -0.260669,
          0.613506,
          1.702216
        ],
        [
          -0.664138,
          0.211603,
          -0.717039,
          2.779941
        ],
        [
          0.05709,
          -0.941953,
          -0.330855,
          1.395941
        ],
        [
          0.0,
          0.0,
          0.0,
          1.0
        ]
      ]
    },
    {
      "file_path": "/media/NFS/ttao/scannet/posed_images/scene0452_01/00580.jpg",
      "transform_matrix": [
        [
          -0.729859,
          -0.279803,
          0.623712,
          1.776369
        ],
        [
          -0.681143,
          0.220393,
          -0.698192,
          2.794939
        ],
        [
          0.057894,
          -0.934418,
          -0.351442,
          1.386645
        ],
        [
          0.0,
          0.0,
          0.0,
          1.0
        ]
      ]
    },
    {
      "file_path": "/media/NFS/ttao/scannet/posed_images/scene0452_01/00592.jpg",
      "transform_matrix": [
        [
          -0.784318,
          -0.254896,
          0.565573,
          1.922993
        ],
        [
          -0.619313,
          0.268808,
          -0.737695,
          2.835903
        ],
        [
          0.036005,
          -0.928855,
          -0.368691,
          1.354967
        ],
        [
          0.0,
          0.0,
          0.0,
          1.0
        ]
      ]
    },
    {
      "file_path": "/media/NFS/ttao/scannet/posed_images/scene0452_01/00594.jpg",
      "transform_matrix": [
        [
          -0.792259,
          -0.261705,
          0.551213,
          1.949564
        ],
        [
          -0.608969,
          0.282109,
          -0.741331,
          2.841192
        ],
        [
