{
  "frames": [
    {
      "file_path": "/media/NFS/ttao/scannet/posed_images/scene0685_00/00000.jpg",
      "transform_matrix": [
        [
          -0.570012,
          0.198355,
          -0.797335,
          2.122931
        ],
        [
          0.821614,
          0.144819,
          -0.551342,
          1.582265
        ],
        [
          0.006108,
          -0.969373,
          -0.245519,
          1.391256
        ],
        [
          0.0,
          0.0,
          0.0,
          1.0
        ]
      ]
    },
    {
      "file_path": "/media/NFS/ttao/scannet/posed_images/scene0685_00/00006.jpg",
      "transform_matrix": [
        [
          -0.579167,
          0.222117,
          -0.784366,
          2.124397
        ],
        [
          0.815193,
          0.163703,
          -0.555573,
          1.577289
        ],
        [
          0.005001,
          -0.961179,
          -0.27588,
          1.380221
        ],
        [
          0.0,
          0.0,
          0.0,
          1.0
        ]
      ]
    },
    {
      "file_path": "/media/NFS/ttao/scannet/posed_images/scene0685_00/00014.jpg",
      "transform_matrix": [
        [
          -0.594905,
          0.316291,
          -0.73895,
          2.111975
        ],
        [
          0.803171,
          0.197676,
          -0.561996,
          1.587361
        ],
        [
          -0.031682,
          -0.927839,
          -0.371634,
          1.354684
        ],
        [
          0.0,
          0.0,
          0.0,
          1.0
        ]
      ]
    },
    {
      "file_path": "/media/NFS/ttao/scannet/posed_images/scene0685_00/00023.jpg",
      "transform_matrix": [
        [
          -0.611764,
          0.399979,
          -0.682468,
          2.133688
        ],
        [
          0.789836,
          0.261273,
          -0.554883,
          1.592899
        ],
        [
          -0.043631,
          -0.878495,
          -0.475755,
          1.305152
        ],
        [
          0.0,
          0.0,
          0.0,
          1.0
        ]
      ]
    },
    {
      "file_path": "/media/NFS/ttao/scannet/posed_images/scene0685_00/00029.jpg",
      "transform_matrix": [
        [
          -0.584129,
          0.391661,
          -0.710911,
          2.181231
        ],
        [
          0.811419,
          0.260389,
          -0.523256,
          1.591664
        ],
        [
          -0.019826,
          -0.882496,
          -0.469902,
          1.297496
        ],
        [
          0.0,
          0.0,
          0.0,
          1.0
        ]
      ]
    },
    {
      "file_path": "/media/NFS/ttao/scannet/posed_images/scene0685_00/00031.jpg",
      "transform_matrix": [
        [
          -0.562956,
          0.386932,
          -0.730318,
          2.210553
        ],
        [
          0.826428,
          0.253013,
          -0.502992,
          1.582178
        ],
        [
          -0.009844,
          -0.886718,
          -0.462207,
          1.290505
        ],
        [
          0.0,
          0.0,
          0.0,
          1.0
        ]
      ]
    },
    {
      "file_path": "/media/NFS/ttao/scannet/posed_images/scene0685_00/00041.jpg",
      "transform_matrix": [
        [
          -0.455591,
          0.41118,
          -0.789536,
          2.388215
        ],
        [
          0.889851,
          0.185905,
          -0.41666,
          1.514529
        ],
        [
          -0.024544,
          -0.892396,
          -0.450586,
          1.304751
        ],
        [
          0.0,
          0.0,
          0.0,
          1.0
        ]
      ]
    },
    {
      "file_path": "/media/NFS/ttao/scannet/posed_images/scene0685_00/00049.jpg",
      "transform_matrix": [
        [
          -0.400132,
          0.420321,
          -0.814386,
          2.445613
        ],
        [
          0.916444,
          0.188268,
          -0.353107,
          1.51751
        ],
        [
          0.004905,
          -0.887629,
          -0.460532,
          1.307784
        ],
        [
          0.0,
          0.0,
          0.0,
          1.0
        ]
      ]
    },
    {
      "file_path": "/media/NFS/ttao/scannet/posed_images/scene0685_00/00053.jpg",
      "transform_matrix": [
        [
          -0.364775,
          0.427584,
          -0.82711,
          2.440878
        ],
        [
          0.931076,
          0.161781,
          -0.326992,
          1.53668
        ],
        [
          -0.006005,
          -0.889381,
          -0.457127,
          1.330715
        ],
        [
          0.0,
          0.0,
          0.0,
          1.0
        ]
      ]
    },
    {
      "file_path": "/media/NFS/ttao/scannet/posed_images/scene0685_00/00057.jpg",
      "transform_matrix": [
        [
          -0.341294,
          0.386311,
          -0.856903,
          2.439741
        ],
        [
          0.939396,
          0.108717,
          -0.325138,
          1.561467
        ],
        [
          -0.032444,
          -0.915939,
          -0.400004,
          1.352101
        ],
        [
          0.0,
          0.0,
          0.0,
          1.0
        ]
      ]
    },
    {
      "file_path": "/media/NFS/ttao/scannet/posed_images/scene0685_00/00065.jpg",
      "transform_matrix": [
        [
          -0.34193,
          0.304077,
          -0.889169,
          2.426072
        ],
        [
          0.939317,
          0.082696,
          -0.332934,
          1.603778
        ],
        [
          -0.027707,
          -0.949051,
          -0.313901,
          1.362945
        ],
        [
          0.0,
          0.0,
          0.0,
          1.0
        ]
      ]
    },
    {
      "file_path": "/media/NFS/ttao/scannet/posed_images/scene0685_00/00070.jpg",
      "transform_matrix": [
        [
          -0.368691,
          0.273304,
          -0.888466,
          2.409946
        ],
        [
          0.928653,
          0.066263,
          -0.364984,
          1.611856
        ],
        [
          -0.040879,
          -0.959643,
          -0.278235,
          1.383154
        ],
        [
          0.0,
          0.0,
          0.0,
          1.0
        ]
      ]
    },
    {
      "file_path": "/media/NFS/ttao/scannet/posed_images/scene0685_00/00082.jpg",
      "transform_matrix": [
        [
          -0.453898,
          0.209686,
          -0.86603,
          2.354341
        ],
        [
          0.888826,
          0.03786,
          -0.456678,
          1.601805
        ],
        [
          -0.062971,
          -0.977036,
          -0.203559,
          1.417378
        ],
        [
          0.0,
          0.0,
          0.0,
          1.0
        ]
      ]
    },
    {
      "file_path": "/media/NFS/ttao/scannet/posed_images/scene0685_00/00084.jpg",
      "transform_matrix": [
        [
          -0.467019,
          0.194661,
          -0.862555,
          2.339984
        ],
        [
          0.881788,
          0.029816,
          -0.470703,
          1.597517
        ],
        [
          -0.06591,
          -0.980417,
          -0.185575,
          1.425385
        ],
        [
          0.0,
          0.0,
          0.0,
          1.0
        ]
      ]
    },
    {
      "file_path": "/media/NFS/ttao/scannet/posed_images/scene0685_00/00094.jpg",
      "transform_matrix": [
        [
          -0.442017,
          0.118502,
          -0.889145,
          2.285431
        ],
        [
          0.895714,
          0.005097,
          -0.444603,
          1.591703
        ],
        [
          -0.048154,
          -0.992941,
          -0.108397,
          1.471623
        ],
        [
          0.0,
          0.0,
          0.0,
          1.0
        ]
      ]
    },
    {
      "file_path": "/media/NFS/ttao/scannet/posed_images/scene0685_00/00100.jpg",
      "transform_matrix": [
        [
          -0.486469,
          0.074828,
          -0.870488,
          2.277107
        ],
        [
          0.873528,
          0.021997,
          -0.486277,
          1.606837
        ],
        [
          -0.017239,
          -0.996954,
          -0.076065,
          1.485963
        ],
        [
          0.0,
          0.0,
          0.0,
          1.0
        ]
      ]
    },
    {
      "file_path": "/media/NFS/ttao/scannet/posed_images/scene0685_00/00104.jpg",
      "transform_matrix": [
        [
          -0.501179,
          0.035716,
          -0.864606,
          2.276601
        ],
        [
          0.865336,
          0.024999,
          -0.500569,
          1.618136
        ],
        [
          0.003736,
          -0.999049,
          -0.043435,
          1.504432
        ],
        [
          0.0,
          0.0,
          0.0,
          1.0
        ]
      ]
    },
    {
      "file_path": "/media/NFS/ttao/scannet/posed_images/scene0685_00/00114.jpg",
      "transform_matrix": [
        [
          -0.477849,
          -0.015114,
          -0.878312,
          2.287128
        ],
        [
          0.878291,
          0.010302,
          -0.478015,
          1.646224
        ],
        [
          0.016273,
          -0.999833,
          0.008352,
          1.51394
        ],
        [
          0.0,
          0.0,
          0.0,
          1.0
        ]
      ]
    },
    {
      "file_path": "/media/NFS/ttao/scannet/posed_images/scene0685_00/00117.jpg",
      "transform_matrix": [
        [
          -0.479206,
          -0.018071,
          -0.877517,
          2.290917
        ],
        [
          0.87757,
          0.007518,
          -0.47939,
          1.645623
        ],
        [
          0.01526,
          -0.999808,
          0.012256,
          1.514678
        ],
        [
          0.0,
          0.0,
          0.0,
          1.0
        ]
      ]
    },
    {
      "file_path": "/media/NFS/ttao/scannet/posed_images/scene0685_00/00125.jpg",
      "transform_matrix": [
        [
          -0.456462,
          0.010943,
          -0.889676,
          2.295951
        ],
        [
          0.889683,
          0.017282,
          -0.456252,
          1.638068
        ],
        [
          0.010383,
          -0.999791,
          -0.017624,
          1.486783
        ],
        [
          0.0,
          0.0,
          0.0,
          1.0
        ]
      ]
    },
    {
      "file_path": "/media/NFS/ttao/scannet/posed_images/scene0685_00/00133.jpg",
      "transform_matrix": [
        [
          -0.519398,
          0.080415,
          -0.85074,
          2.289535
        ],
        [
          0.85447,
          0.03677,
          -0.518199,
          1.637618
        ],
        [
          -0.010389,
          -0.996083,
          -0.08781,
          1.448162
        ],
        [
          0.0,
          0.0,
          0.0,
          1.0
        ]
      ]
    },
    {
      "file_path": "/media/NFS/ttao/scannet/posed_images/scene0685_00/00135.jpg",
      "transform_matrix": [
        [
          -0.537493,
          0.109667,
          -0.836107,
          2.286849
        ],
        [
          0.843233,
          0.060881,
          -0.534089,
          1.633376
        ],
        [
          -0.007669,
          -0.992102,
          -0.125198,
          1.434608
        ],
        [
          0.0,
          0.0,
          0.0,
          1.0
        ]
      ]
    },
    {
      "file_path": "/media/NFS/ttao/scannet/posed_images/scene0685_00/00147.jpg",
      "transform_matrix": [
        [
          -0.605774,
          0.28225,
          -0.74389,
          2.285991
        ],
        [
          0.795631,
          0.218404,
          -0.56504,
          1.630508
        ],
        [
          0.002986,
          -0.934149,
          -0.356871,
          1.369977
        ],
        [
          0.0,
          0.0,
          0.0,
          1.0
        ]
      ]
    },
    {
      "file_path": "/media/NFS/ttao/scannet/posed_images/scene0685_00/00153.jpg",
      "transform_matrix": [
        [
          -0.616527,
          0.285912,
          -0.733586,
          2.331801
        ],
        [
          0.786729,
          0.260226,
          -0.559767,
          1.621115
        ],
        [
          0.030854,
          -0.922245,
          -0.385372,
          1.355087
        ],
        [
          0.0,
          0.0,
          0.0,
          1.0
        ]
      ]
    },
    {
      "file_path": "/media/NFS/ttao/scannet/posed_images/scene0685_00/00161.jpg",
      "transform_matrix": [
        [
          -0.653231,
          0.294835,
          -0.697397,
          2.412207
        ],
        [
          0.756151,
          0.301545,
          -0.580781,
          1.629369
        ],
        [
          0.039062,
          -0.906721,
          -0.419918,
          1.33955
        ],
        [
          0.0,
          0.0,
          0.0,
          1.0
        ]
      ]
    },
    {
      "file_path": "/media/NFS/ttao/scannet/posed_images/scene0685_00/00166.jpg",
      "transform_matrix": [
        [
          -0.662156,
          0.294479,
          -0.689081,
          2.443087
        ],
        [
          0.747939,
          0.316452,
          -0.583478,
          1.637069
        ],
        [
          0.046239,
          -0.901743,
          -0.429792,
          1.336174
        ],
        [
          0.0,
          0.0,
          0.0,
          1.0
        ]
      ]
    },
    {
      "file_path": "/media/NFS/ttao/scannet/posed_images/scene0685_00/00172.jpg",
      "transform_matrix": [
        [
          -0.693485,
          0.30403,
          -0.65318,
          2.47316
        ],
        [
          0.720106,
          0.321337,
          -0.614972,
          1.636187
        ],
        [
          0.022921,
          -0.896833,
          -0.441776,
          1.32275
        ],
        [
          0.0,
          0.0,
          0.0,
          1.0
        ]
      ]
    },
    {
      "file_path": "/media/NFS/ttao/scannet/posed_images/scene0685_00/00176.jpg",
      "transform_matrix": [
        [
          -0.731547,
          0.318532,
          -0.602808,
          2.470885
        ],
        [
          0.681768,
          0.349151,
          -0.642874,
          1.631617
        ],
        [
          0.005695,
          -0.881267,
          -0.472585,
          1.315473
        ],
        [
          0.0,
          0.0,
          0.0,
          1.0
        ]
      ]
    },
    {
      "file_path": "/media/NFS/ttao/scannet/posed_images/scene0685_00/00186.jpg",
      "transform_matrix": [
        [
          -0.815542,
          0.270143,
          -0.511776,
          2.396441
        ],
        [
          0.578595,
          0.363891,
          -0.729939,
          1.611034
        ],
        [
          -0.010958,
          -0.891407,
          -0.453071,
          1.3111
        ],
        [
          0.0,
          0.0,
          0.0,
          1.0
        ]
      ]
    },
    {
      "file_path": "/media/NFS/ttao/scannet/posed_images/scene0685_00/00190.jpg",
      "transform_matrix": [
        [
          -0.841457,
          0.261051,
          -0.473078,
          2.353311
        ],
        [
          0.540097,
          0.380968,
          -0.750439,
          1.599475
        ],
        [
          -0.015675,
          -0.88697,
          -0.46156,
          1.314047
        ],
        [
          0.0,
          0.0,
          0.0,
          1.0
        ]
      ]
    },
    {
      "file_path": "/media/NFS/ttao/scannet/posed_images/scene0685_00/00200.jpg",
      "transform_matrix": [
        [
          -0.872859,
          0.247133,
          -0.420765,
          2.283195
        ],
        [
          0.487759,
          0.416293,
          -0.767328,
          1.595985
        ],
        [
          -0.014471,
          -0.875,
          -0.483906,
          1.326505
        ],
        [
          0.0,
          0.0,
          0.0,
          1.0
        ]
      ]
    },
    {
      "file_path": "/media/NFS/ttao/scannet/posed_images/scene0685_00/00202.jpg",
      "transform_matrix": [
        [
          -0.869624,
          0.256494,
          -0.421858,
          2.276953
        ],
        [
          0.493201,
          0.412377,
          -0.765962,
          1.602022
        ],
        [
          -0.0225,
          -0.87416,
          -0.485116,
          1.326305
        ],
        [
          0.0,
          0.0,
          0.0,
          1.0
        ]
      ]
    },
    {
      "file_path": "/media/NFS/ttao/scannet/posed_images/scene0685_00/00208.jpg",
      "transform_matrix": [
        [
          -0.85853,
          0.256901,
          -0.443766,
          2.26906
        ],
        [
          0.512417,
          0.398036,
          -0.760918,
          1.62515
        ],
        [
          -0.018846,
          -0.880664,
          -0.473366,
          1.326114
        ],
        [
          0.0,
          0.0,
          0.0,
          1.0
        ]
      ]
    },
    {
      "file_path": "/media/NFS/ttao/scannet/posed_images/scene0685_00/00215.jpg",
      "transform_matrix": [
        [
          -0.884413,
          0.244717,
          -0.397401,
          2.249795
        ],
        [
          0.46497,
          0.388651,
          -0.795458,
          1.648857
        ],
        [
          -0.040212,
          -0.888293,
          -0.457514,
          1.334061
        ],
        [
          0.0,
          0.0,
          0.0,
          1.0
        ]
      ]
    },
    {
      "file_path": "/media/NFS/ttao/scannet/posed_images/scene0685_00/00223.jpg",
      "transform_matrix": [
        [
          -0.930904,
          0.188465,
          -0.312886,
          2.169213
        ],
        [
          0.36357,
          0.3957,
          -0.84335,
          1.670182
        ],
        [
          -0.035133,
          -0.898834,
          -0.436879,
          1.322972
        ],
        [
          0.0,
          0.0,
          0.0,
          1.0
        ]
      ]
    },
    {
      "file_path": "/media/NFS/ttao/scannet/posed_images/scene0685_00/00227.jpg",
      "transform_matrix": [
        [
          -0.969423,
          0.127764,
          -0.209512,
          2.111419
        ],
        [
          0.244365,
          0.424476,
          -0.87184,
          1.681683
        ],
        [
          -0.022457,
          -0.89638,
          -0.442718,
          1.305951
        ],
        [
          0.0,
          0.0,
          0.0,
          1.0
        ]
      ]
    },
    {
      "file_path": "/media/NFS/ttao/scannet/posed_images/scene0685_00/00233.jpg",
      "transform_matrix": [
        [
          -0.99427,
          0.076996,
          -0.074152,
          2.064527
        ],
        [
          0.101296,
          0.457043,
          -0.883658,
          1.70281
        ],
        [
          -0.034148,
          -0.886106,
          -0.462223,
          1.312199
        ],
        [
          0.0,
          0.0,
          0.0,
          1.0
        ]
      ]
    },
    {
      "file_path": "/media/NFS/ttao/scannet/posed_images/scene0685_00/00245.jpg",
      "transform_matrix": [
        [
          -0.997946,
          -0.016585,
          0.061879,
          2.077886
        ],
        [
          -0.061988,
          0.493796,
          -0.867366,
          1.730346
        ],
        [
          -0.01617,
          -0.86942,
          -0.49381,
          1.297082
        ],
        [
          0.0,
          0.0,
          0.0,
          1.0
        ]
      ]
    },
    {
      "file_path": "/media/NFS/ttao/scannet/posed_images/scene0685_00/00247.jpg",
      "transform_matrix": [
        [
          -0.997655,
          -0.035041,
          0.058791,
          2.082612
        ],
        [
          -0.068433,
          0.497732,
          -0.864627,
          1.735797
        ],
        [
          0.001035,
          -0.866623,
          -0.498963,
          1.289671
        ],
        [
          0.0,
          0.0,
          0.0,
          1.0
        ]
      ]
    },
    {
      "file_path": "/media/NFS/ttao/scannet/posed_images/scene0685_00/00256.jpg",
      "transform_matrix": [
        [
          -0.992555,
          -0.077851,
          0.09367,
          2.095903
        ],
        [
          -0.120894,
          0.536156,
          -0.835417,
          1.753109
        ],
        [
          0.014816,
          -0.840521,
          -0.541576,
          1.275125
        ],
        [
          0.0,
          0.0,
          0.0,
          1.0
        ]
      ]
    },
    {
      "file_path": "/media/NFS/ttao/scannet/posed_images/scene0685_00/00262.jpg",
      "transform_matrix": [
        [
          -0.990465,
          -0.061294,
          0.123379,
          2.079936
        ],
        [
          -0.137205,
          0.519579,
          -0.843334,
          1.751024
        ],
        [
          -0.012414,
          -0.852221,
          -0.523035,
          1.276178
        ],
        [
          0.0,
          0.0,
          0.0,
          1.0
        ]
      ]
    },
    {
      "file_path": "/media/NFS/ttao/scannet/posed_images/scene0685_00/00270.jpg",
      "transform_matrix": [
        [
          -0.972958,
          -0.098606,
          0.208878,
          2.004846
        ],
        [
          -0.228957,
          0.531241,
          -0.815697,
          1.734343
        ],
        [
          -0.030532,
          -0.841463,
          -0.539451,
          1.235297
        ],
        [
          0.0,
          0.0,
          0.0,
          1.0
        ]
      ]
    },
    {
      "file_path": "/media/NFS/ttao/scannet/posed_images/scene0685_00/00272.jpg",
      "transform_matrix": [
        [
          -0.963731,
          -0.12625,
          0.235126,
          1.980518
        ],
        [
          -0.265864,
          0.530853,
          -0.804681,
          1.728983
        ],
        [
          -0.023227,
          -0.838008,
          -0.545164,
          1.228862
        ],
        [
          0.0,
          0.0,
          0.0,
          1.0
        ]
      ]
    },
    {
      "file_path": "/media/NFS/ttao/scannet/posed_images/scene0685_00/00282.jpg",
      "transform_matrix": [
        [
          -0.885006,
          -0.304481,
          0.352215,
          1.825922
        ],
        [
          -0.464911,
          0.537406,
          -0.7036,
          1.716994
        ],
        [
          0.024951,
          -0.786439,
          -0.617164,
          1.216469
        ],
        [
          0.0,
          0.0,
          0.0,
          1.0
        ]
      ]
    },
    {
      "file_path": "/media/NFS/ttao/scannet/posed_images/scene0685_00/00288.jpg",
      "transform_matrix": [
        [
          -0.875673,
          -0.315419,
          0.365661,
          1.780074
        ],
        [
          -0.482751,
          0.55264,
          -0.679367,
          1.714559
        ],
        [
          0.012206,
          -0.771427,
          -0.636201,
          1.218407
        ],
        [
          0.0,
          0.0,
          0.0,
          1.0
        ]
      ]
    },
    {
      "file_path": "/media/NFS/ttao/scannet/posed_images/scene0685_00/00292.jpg",
      "transform_matrix": [
        [
          -0.878107,
          -0.297799,
          0.374491,
          1.770824
        ],
        [
          -0.478452,
          0.541207,
          -0.691505,
          1.709804
        ],
        [
          0.003252,
          -0.786391,
          -0.61772,
          1.230061
        ],
        [
          0.0,
          0.0,
          0.0,
          1.0
        ]
      ]
    },
    {
      "file_path": "/media/NFS/ttao/scannet/posed_images/scene0685_00/00300.jpg",
      "transform_matrix": [
        [
          -0.874783,
          -0.287433,
          0.390046,
          1.777032
        ],
        [
          -0.484366,
          0.498866,
          -0.718695,
          1.706798
        ],
        [
          0.011996,
          -0.817627,
          -0.575623,
          1.258195
        ],
        [
          0.0,
          0.0,
          0.0,
          1.0
        ]
      ]
    },
    {
      "file_path": "/media/NFS/ttao/scannet/posed_images/scene0685_00/00309.jpg",
      "transform_matrix": [
        [
          -0.845699,
          -0.253612,
          0.469547,
          1.742877
        ],
        [
          -0.533543,
          0.420262,
          -0.73397,
          1.722999
        ],
        [
          -0.011189,
          -0.871241,
          -0.490728,
          1.272663
        ],
        [
          0.0,
          0.0,
          0.0,
          1.0
        ]
      ]
    },
    {
      "file_path": "/media/NFS/ttao/scannet/posed_images/scene0685_00/00317.jpg",
      "transform_matrix": [
        [
          -0.808258,
          -0.211464,
          0.549548,
          1.755823
        ],
        [
          -0.585073,
          0.393656,
          -0.709031,
          1.747544
        ],
        [
          -0.066398,
          -0.894605,
          -0.441897,
          1.288635
        ],
        [
          0.0,
          0.0,
          0.0,
          1.0
        ]
      ]
    },
    {
      "file_path": "/media/NFS/ttao/scannet/posed_images/scene0685_00/00323.jpg",
      "transform_matrix": [
        [
          -0.77946,
          -0.231957,
          0.581926,
          1.791519
        ],
        [
          -0.623473,
          0.377732,
          -0.684544,
          1.763294
        ],
        [
          -0.061027,
          -0.89639,
          -0.439046,
          1.295402
        ],
        [
          0.0,
          0.0,
          0.0,
          1.0
        ]
      ]
    },
    {
      "file_path": "/media/NFS/ttao/scannet/posed_images/scene0685_00/00329.jpg",
      "transform_matrix": [
        [
          -0.77167,
          -0.259864,
          0.580513,
          1.851265
        ],
        [
          -0.635377,
          0.356085,
          -0.6852,
          1.774679
        ],
        [
          -0.028653,
          -0.897593,
          -0.439892,
          1.293861
        ],
        [
          0.0,
          0.0,
          0.0,
          1.0
        ]
      ]
    },
    {
      "file_path": "/media/NFS/ttao/scannet/posed_images/scene0685_00/00337.jpg",
      "transform_matrix": [
        [
          -0.804787,
          -0.278384,
          0.524234,
          1.976235
        ],
        [
          -0.593526,
          0.367482,
          -0.716019,
          1.796014
        ],
        [
          0.006682,
          -0.887389,
          -0.460973,
          1.280395
        ],
        [
          0.0,
          0.0,
          0.0,
          1.0
        ]
      ]
    },
    {
      "file_path": "/media/NFS/ttao/scannet/posed_images/scene0685_00/00339.jpg",
      "transform_matrix": [
        [
          -0.811484,
          -0.275107,
          0.515568,
          2.008075
        ],
        [
          -0.584341,
          0.372505,
          -0.720962,
          1.802503
        ],
        [
          0.00629,
          -0.886316,
          -0.463038,
          1.281461
        ],
        [
          0.0,
          0.0,
          0.0,
          1.0
        ]
      ]
    },
    {
      "file_path": "/media/NFS/ttao/scannet/posed_images/scene0685_00/00349.jpg",
      "transform_matrix": [
        [
          -0.827111,
          -0.284326,
          0.484816,
          2.142338
        ],
        [
          -0.562016,
          0.410552,
          -0.718043,
          1.841313
        ],
        [
          0.005116,
          -0.866375,
          -0.499368,
          1.266468
        ],
        [
          0.0,
          0.0,
          0.0,
          1.0
        ]
      ]
    },
    {
      "file_path": "/media/NFS/ttao/scannet/posed_images/scene0685_00/00356.jpg",
      "transform_matrix": [
        [
          -0.798445,
          -0.308712,
          0.516898,
          2.188298
        ],
        [
          -0.601996,
          0.396044,
          -0.693362,
          1.856843
        ],
        [
          0.009335,
          -0.864781,
          -0.502062,
          1.261189
        ],
        [
          0.0,
          0.0,
          0.0,
          1.0
        ]
      ]
    },
    {
      "file_path": "/media/NFS/ttao/scannet/posed_images/scene0685_00/00362.jpg",
      "transform_matrix": [
        [
          -0.782564,
          -0.302549,
          0.544112,
          2.213518
        ],
        [
          -0.622564,
          0.376391,
          -0.686108,
          1.846109
        ],
        [
          0.002783,
          -0.875668,
          -0.482906,
          1.267085
        ],
        [
          0.0,
          0.0,
          0.0,
          1.0
        ]
      ]
    },
    {
      "file_path": "/media/NFS/ttao/scannet/posed_images/scene0685_00/00364.jpg",
      "transform_matrix": [
        [
          -0.781042,
          -0.295578,
          0.550097,
          2.220842
        ],
        [
          -0.624452,
          0.377743,
          -0.683644,
          1.833202
        ],
        [
          -0.005726,
          -0.877464,
          -0.479608,
          1.273083
        ],
        [
          0.0,
          0.0,
          0.0,
          1.0
        ]
      ]
    },
    {
      "file_path": "/media/NFS/ttao/scannet/posed_images/scene0685_00/00374.jpg",
      "transform_matrix": [
        [
          -0.783278,
          -0.252011,
          0.568301,
          2.25064
        ],
        [
          -0.620705,
          0.367991,
          -0.692321,
          1.751754
        ],
        [
          -0.034657,
          -0.895027,
          -0.444664,
          1.301019
        ],
        [
          0.0,
          0.0,
          0.0,
          1.0
        ]
      ]
    },
    {
      "file_path": "/media/NFS/ttao/scannet/posed_images/scene0685_00/00378.jpg",
      "transform_matrix": [
        [
          -0.791963,
          -0.258106,
          0.553332,
          2.27047
        ],
        [
          -0.610157,
          0.367856,
          -0.701705,
          1.727023
        ],
        [
          -0.022432,
          -0.893344,
          -0.448813,
          1.299384
        ],
        [
          0.0,
          0.0,
          0.0,
          1.0
        ]
      ]
    },
    {
      "file_path": "/media/NFS/ttao/scannet/posed_images/scene0685_00/00388.jpg",
      "transform_matrix": [
        [
          -0.80439,
          -0.257817,
          0.535245,
          2.303943
        ],
        [
          -0.594099,
          0.352023,
          -0.723275,
          1.726582
        ],
        [
          -0.001946,
          -0.899783,
          -0.436332,
          1.300273
        ],
        [
          0.0,
          0.0,
          0.0,
          1.0
        ]
      ]
    },
    {
      "file_path": "/media/NFS/ttao/scannet/posed_images/scene0685_00/00396.jpg",
      "transform_matrix": [
        [
          -0.849258,
          -0.229684,
          0.475401,
          2.330599
        ],
        [
          -0.527942,
          0.358768,
          -0.769781,
          1.749247
        ],
        [
          0.006248,
          -0.904727,
          -0.425946,
          1.314605
        ],
        [
          0.0,
          0.0,
          0.0,
          1.0
        ]
      ]
    },
    {
      "file_path": "/media/NFS/ttao/scannet/posed_images/scene0685_00/00397.jpg",
      "transform_matrix": [
        [
          -0.853143,
          -0.22989,
          0.468292,
          2.333174
        ],
        [
          -0.521574,
          0.358113,
          -0.774413,
          1.751871
        ],
        [
          0.010328,
          -0.904934,
          -0.425427,
          1.314214
        ],
        [
          0.0,
          0.0,
          0.0,
          1.0
        ]
      ]
    },
    {
      "file_path": "/media/NFS/ttao/scannet/posed_images/scene0685_00/00407.jpg",
      "transform_matrix": [
        [
          -0.872326,
          -0.247798,
          0.421479,
          2.352175
        ],
        [
          -0.487478,
          0.374523,
          -0.788732,
          1.77121
        ],
        [
          0.037593,
          -0.893493,
          -0.447502,
          1.308279
        ],
        [
          0.0,
          0.0,
          0.0,
          1.0
        ]
      ]
    },
    {
      "file_path": "/media/NFS/ttao/scannet/posed_images/scene0685_00/00415.jpg",
      "transform_matrix": [
        [
          -0.863608,
          -0.247389,
          0.439294,
          2.33304
        ],
        [
          -0.503657,
          0.3843,
          -0.773721,
          1.776024
        ],
        [
          0.02259,
          -0.889445,
          -0.456484,
          1.314062
        ],
        [
          0.0,
          0.0,
          0.0,
          1.0
        ]
      ]
    },
    {
      "file_path": "/media/NFS/ttao/scannet/posed_images/scene0685_00/00417.jpg",
      "transform_matrix": [
        [
          -0.858445,
          -0.24682,
          0.449613,
          2.31779
        ],
        [
          -0.512594,
          0.382278,
          -0.768838,
          1.775511
        ],
        [
          0.017887,
          -0.890474,
          -0.454683,
          1.314027
        ],
        [
          0.0,
          0.0,
          0.0,
          1.0
        ]
      ]
    },
    {
      "file_path": "/media/NFS/ttao/scannet/posed_images/scene0685_00/00423.jpg",
      "transform_matrix": [
        [
          -0.856638,
          -0.240268,
          0.456556,
          2.2481
        ],
        [
          -0.515883,
          0.388519,
          -0.763491,
          1.763521
        ],
        [
          0.006062,
          -0.889564,
          -0.45677,
          1.314119
        ],
        [
          0.0,
          0.0,
          0.0,
          1.0
        ]
      ]
    },
    {
      "file_path": "/media/NFS/ttao/scannet/posed_images/scene0685_00/00431.jpg",
      "transform_matrix": [
        [
          -0.808368,
          -0.244527,
          0.53549,
          2.097774
        ],
        [
          -0.588622,
          0.32321,
          -0.740986,
          1.748056
        ],
        [
          0.008115,
          -0.914189,
          -0.405206,
          1.304674
        ],
        [
          0.0,
          0.0,
          0.0,
          1.0
        ]
      ]
    },
    {
      "file_path": "/media/NFS/ttao/scannet/posed_images/scene0685_00/00441.jpg",
      "transform_matrix": [
        [
          -0.74963,
          -0.301945,
          0.588969,
          1.924597
        ],
        [
          -0.661857,
          0.340671,
          -0.66775,
          1.710395
        ],
        [
          0.00098,
          -0.890378,
          -0.455221,
          1.320727
        ],
        [
          0.0,
          0.0,
          0.0,
          1.0
        ]
      ]
    },
    {
      "file_path": "/media/NFS/ttao/scannet/posed_images/scene0685_00/00446.jpg",
      "transform_matrix": [
        [
          -0.754051,
          -0.301785,
          0.583381,
          1.872243
        ],
        [
          -0.656754,
          0.334219,
          -0.675997,
          1.710745
        ],
        [
          0.009029,
          -0.892874,
          -0.450217,
          1.32562
        ],
        [
          0.0,
          0.0,
          0.0,
          1.0
        ]
      ]
    },
    {
      "file_path": "/media/NFS/ttao/scannet/posed_images/scene0685_00/00454.jpg",
      "transform_matrix": [
        [
          -0.759601,
          -0.296443,
          0.578903,
          1.828207
        ],
        [
          -0.650255,
          0.328012,
          -0.685257,
          1.7213
        ],
        [
          0.013253,
          -0.896956,
          -0.441921,
          1.331052
        ],
        [
          0.0,
          0.0,
          0.0,
          1.0
        ]
      ]
    },
    {
      "file_path": "/media/NFS/ttao/scannet/posed_images/scene0685_00/00456.jpg",
      "transform_matrix": [
        [
          -0.756282,
          -0.29219,
          0.585374,
          1.820993
        ],
        [
          -0.654187,
          0.325749,
          -0.682589,
          1.725604
        ],
        [
          0.008761,
          -0.899173,
          -0.437506,
          1.334719
        ],
        [
          0.0,
          0.0,
          0.0,
          1.0
        ]
      ]
    },
    {
      "file_path": "/media/NFS/ttao/scannet/posed_images/scene0685_00/00464.jpg",
      "transform_matrix": [
        [
          -0.706841,
          -0.311534,
          0.635077,
          1.798833
        ],
        [
          -0.707067,
          0.284758,
          -0.647279,
          1.7605
        ],
        [
          0.020807,
          -0.906565,
          -0.421554,
          1.331531
        ],
        [
          0.0,
          0.0,
          0.0,
          1.0
        ]
      ]
    },
    {
      "file_path": "/media/NFS/ttao/scannet/posed_images/scene0685_00/00470.jpg",
      "transform_matrix": [
        [
          -0.706371,
          -0.338699,
          0.621548,
          1.780344
        ],
        [
          -0.705672,
          0.268259,
          -0.655793,
          1.771916
        ],
        [
          0.055381,
          -0.901842,
          -0.428501,
          1.326892
        ],
        [
          0.0,
          0.0,
          0.0,
          1.0
        ]
      ]
    },
    {
      "file_path": "/media/NFS/ttao/scannet/posed_images/scene0685_00/00478.jpg",
      "transform_matrix": [
        [
          -0.766612,
          -0.329748,
          0.550975,
          1.734146
        ],
        [
          -0.637975,
          0.293906,
          -0.711764,
          1.772485
        ],
        [
          0.072768,
          -0.897154,
          -0.435682,
          1.318665
        ],
        [
          0.0,
          0.0,
          0.0,
          1.0
        ]
      ]
    },
    {
      "file_path": "/media/NFS/ttao/scannet/posed_images/scene0685_00/00486.jpg",
      "transform_matrix": [
        [
          -0.816061,
          -0.308098,
          0.488999,
          1.721865
        ],
        [
          -0.574906,
          0.345774,
          -0.741568,
          1.779341
        ],
        [
          0.059393,
          -0.886293,
          -0.4593,
          1.315232
        ],
        [
          0.0,
          0.0,
          0.0,
          1.0
        ]
      ]
    },
    {
      "file_path": "/media/NFS/ttao/scannet/posed_images/scene0685_00/00488.jpg",
      "transform_matrix": [
        [
          -0.81792,
          -0.306166,
          0.487102,
          1.726009
        ],
        [
          -0.572404,
          0.347747,
          -0.74258,
          1.782981
        ],
        [
          0.057965,
          -0.886191,
          -0.45968,
          1.315534
        ],
        [
          0.0,
          0.0,
          0.0,
          1.0
        ]
      ]
    },
    {
      "file_path": "/media/NFS/ttao/scannet/posed_images/scene0685_00/00499.jpg",
      "transform_matrix": [
        [
          -0.749748,
          -0.334527,
          0.570937,
          1.796785
        ],
        [
          -0.658752,
          0.295653,
          -0.691835,
          1.815957
        ],
        [
          0.062639,
          -0.894808,
          -0.442036,
          1.32629
        ],
        [
          0.0,
          0.0,
          0.0,
          1.0
        ]
      ]
    },
    {
      "file_path": "/media/NFS/ttao/scannet/posed_images/scene0685_00/00501.jpg",
      "transform_matrix": [
        [
          -0.730873,
          -0.342973,
          0.59008,
          1.814952
        ],
        [
          -0.679217,
          0.280627,
          -0.678168,
          1.820244
        ],
        [
          0.067001,
