{
  "frames": [
    {
      "file_path": "/media/NFS/ttao/scannet/posed_images/scene0609_03/00000.jpg",
      "transform_matrix": [
        [
          0.940168,
          -0.214997,
          0.26431,
          1.143563
        ],
        [
          -0.330988,
          -0.392343,
          0.858204,
          1.934606
        ],
        [
          -0.080812,
          -0.89434,
          -0.44003,
          1.47171
        ],
        [
          0.0,
          0.0,
          0.0,
          1.0
        ]
      ]
    },
    {
      "file_path": "/media/NFS/ttao/scannet/posed_images/scene0609_03/00002.jpg",
      "transform_matrix": [
        [
          0.941779,
          -0.217429,
          0.256472,
          1.139045
        ],
        [
          -0.325555,
          -0.398949,
          0.857236,
          1.934481
        ],
        [
          -0.084069,
          -0.890822,
          -0.446507,
          1.466753
        ],
        [
          0.0,
          0.0,
          0.0,
          1.0
        ]
      ]
    },
    {
      "file_path": "/media/NFS/ttao/scannet/posed_images/scene0609_03/00004.jpg",
      "transform_matrix": [
        [
          0.944619,
          -0.218676,
          0.244697,
          1.138232
        ],
        [
          -0.316141,
          -0.406344,
          0.857286,
          1.935452
        ],
        [
          -0.088037,
          -0.887167,
          -0.452973,
          1.468668
        ],
        [
          0.0,
          0.0,
          0.0,
          1.0
        ]
      ]
    },
    {
      "file_path": "/media/NFS/ttao/scannet/posed_images/scene0609_03/00006.jpg",
      "transform_matrix": [
        [
          0.947647,
          -0.219984,
          0.231456,
          1.138821
        ],
        [
          -0.305025,
          -0.409175,
          0.859963,
          1.936055
        ],
        [
          -0.094472,
          -0.885541,
          -0.454854,
          1.47131
        ],
        [
          0.0,
          0.0,
          0.0,
          1.0
        ]
      ]
    },
    {
      "file_path": "/media/NFS/ttao/scannet/posed_images/scene0609_03/00009.jpg",
      "transform_matrix": [
        [
          0.954509,
          -0.218307,
          0.203114,
          1.135883
        ],
        [
          -0.278424,
          -0.408677,
          0.869174,
          1.937238
        ],
        [
          -0.106738,
          -0.886186,
          -0.450868,
          1.475434
        ],
        [
          0.0,
          0.0,
          0.0,
          1.0
        ]
      ]
    },
    {
      "file_path": "/media/NFS/ttao/scannet/posed_images/scene0609_03/00012.jpg",
      "transform_matrix": [
        [
          0.959666,
          -0.196096,
          0.201464,
          1.133242
        ],
        [
          -0.265133,
          -0.392877,
          0.880541,
          1.937724
        ],
        [
          -0.093519,
          -0.89844,
          -0.429022,
          1.479756
        ],
        [
          0.0,
          0.0,
          0.0,
          1.0
        ]
      ]
    },
    {
      "file_path": "/media/NFS/ttao/scannet/posed_images/scene0609_03/00015.jpg",
      "transform_matrix": [
        [
          0.960823,
          -0.180015,
          0.210746,
          1.117162
        ],
        [
          -0.265868,
          -0.383761,
          0.884331,
          1.939919
        ],
        [
          -0.078317,
          -0.905716,
          -0.416587,
          1.486919
        ],
        [
          0.0,
          0.0,
          0.0,
          1.0
        ]
      ]
    },
    {
      "file_path": "/media/NFS/ttao/scannet/posed_images/scene0609_03/00016.jpg",
      "transform_matrix": [
        [
          0.960187,
          -0.178797,
          0.214646,
          1.113732
        ],
        [
          -0.268875,
          -0.382964,
          0.883768,
          1.940219
        ],
        [
          -0.075813,
          -0.906295,
          -0.415791,
          1.485767
        ],
        [
          0.0,
          0.0,
          0.0,
          1.0
        ]
      ]
    },
    {
      "file_path": "/media/NFS/ttao/scannet/posed_images/scene0609_03/00018.jpg",
      "transform_matrix": [
        [
          0.957343,
          -0.176013,
          0.22916,
          1.101696
        ],
        [
          -0.281658,
          -0.391323,
          0.876091,
          1.944146
        ],
        [
          -0.064528,
          -0.903264,
          -0.424206,
          1.482822
        ],
        [
          0.0,
          0.0,
          0.0,
          1.0
        ]
      ]
    },
    {
      "file_path": "/media/NFS/ttao/scannet/posed_images/scene0609_03/00020.jpg",
      "transform_matrix": [
        [
          0.951691,
          -0.178995,
          0.249489,
          1.085197
        ],
        [
          -0.302817,
          -0.412555,
          0.859128,
          1.955209
        ],
        [
          -0.050852,
          -0.893174,
          -0.446827,
          1.487222
        ],
        [
          0.0,
          0.0,
          0.0,
          1.0
        ]
      ]
    },
    {
      "file_path": "/media/NFS/ttao/scannet/posed_images/scene0609_03/00022.jpg",
      "transform_matrix": [
        [
          0.946378,
          -0.180271,
          0.268088,
          1.068207
        ],
        [
          -0.320685,
          -0.423736,
          0.847118,
          1.958902
        ],
        [
          -0.039113,
          -0.887665,
          -0.458825,
          1.479745
        ],
        [
          0.0,
          0.0,
          0.0,
          1.0
        ]
      ]
    },
    {
      "file_path": "/media/NFS/ttao/scannet/posed_images/scene0609_03/00025.jpg",
      "transform_matrix": [
        [
          0.933857,
          -0.19371,
          0.300646,
          1.03968
        ],
        [
          -0.356697,
          -0.443197,
          0.822401,
          1.96894
        ],
        [
          -0.026062,
          -0.875244,
          -0.482978,
          1.473045
        ],
        [
          0.0,
          0.0,
          0.0,
          1.0
        ]
      ]
    },
    {
      "file_path": "/media/NFS/ttao/scannet/posed_images/scene0609_03/00028.jpg",
      "transform_matrix": [
        [
          0.920825,
          -0.222078,
          0.320568,
          1.013202
        ],
        [
          -0.388955,
          -0.463507,
          0.796163,
          1.977566
        ],
        [
          -0.028225,
          -0.857813,
          -0.513187,
          1.470443
        ],
        [
          0.0,
          0.0,
          0.0,
          1.0
        ]
      ]
    },
    {
      "file_path": "/media/NFS/ttao/scannet/posed_images/scene0609_03/00031.jpg",
      "transform_matrix": [
        [
          0.906054,
          -0.258294,
          0.335188,
          0.985719
        ],
        [
          -0.420863,
          -0.467587,
          0.777326,
          1.984437
        ],
        [
          -0.044049,
          -0.845368,
          -0.532365,
          1.468662
        ],
        [
          0.0,
          0.0,
          0.0,
          1.0
        ]
      ]
    },
    {
      "file_path": "/media/NFS/ttao/scannet/posed_images/scene0609_03/00032.jpg",
      "transform_matrix": [
        [
          0.901404,
          -0.268746,
          0.339481,
          0.978424
        ],
        [
          -0.43025,
          -0.468059,
          0.771884,
          1.985493
        ],
        [
          -0.048544,
          -0.841841,
          -0.537538,
          1.467094
        ],
        [
          0.0,
          0.0,
          0.0,
          1.0
        ]
      ]
    },
    {
      "file_path": "/media/NFS/ttao/scannet/posed_images/scene0609_03/00034.jpg",
      "transform_matrix": [
        [
          0.889984,
          -0.287637,
          0.353826,
          0.962747
        ],
        [
          -0.453341,
          -0.474591,
          0.754483,
          1.988791
        ],
        [
          -0.049095,
          -0.831882,
          -0.552776,
          1.46247
        ],
        [
          0.0,
          0.0,
          0.0,
          1.0
        ]
      ]
    },
    {
      "file_path": "/media/NFS/ttao/scannet/posed_images/scene0609_03/00038.jpg",
      "transform_matrix": [
        [
          0.864686,
          -0.326102,
          0.382067,
          0.947138
        ],
        [
          -0.500193,
          -0.489197,
          0.714488,
          1.995543
        ],
        [
          -0.046089,
          -0.808915,
          -0.586116,
          1.460394
        ],
        [
          0.0,
          0.0,
          0.0,
          1.0
        ]
      ]
    },
    {
      "file_path": "/media/NFS/ttao/scannet/posed_images/scene0609_03/00040.jpg",
      "transform_matrix": [
        [
          0.853815,
          -0.340631,
          0.393663,
          0.939137
        ],
        [
          -0.518493,
          -0.488851,
          0.701563,
          1.997829
        ],
        [
          -0.046532,
          -0.803116,
          -0.594003,
          1.456833
        ],
        [
          0.0,
          0.0,
          0.0,
          1.0
        ]
      ]
    },
    {
      "file_path": "/media/NFS/ttao/scannet/posed_images/scene0609_03/00041.jpg",
      "transform_matrix": [
        [
          0.850934,
          -0.344864,
          0.396208,
          0.940866
        ],
        [
          -0.523225,
          -0.489952,
          0.697268,
          1.995898
        ],
        [
          -0.046339,
          -0.800635,
          -0.597358,
          1.456353
        ],
        [
          0.0,
          0.0,
          0.0,
          1.0
        ]
      ]
    },
    {
      "file_path": "/media/NFS/ttao/scannet/posed_images/scene0609_03/00044.jpg",
      "transform_matrix": [
        [
          0.841177,
          -0.352285,
          0.410263,
          0.940988
        ],
        [
          -0.539415,
          -0.493158,
          0.682515,
          1.995243
        ],
        [
          -0.038116,
          -0.795418,
          -0.604861,
          1.456704
        ],
        [
          0.0,
          0.0,
          0.0,
          1.0
        ]
      ]
    },
    {
      "file_path": "/media/NFS/ttao/scannet/posed_images/scene0609_03/00045.jpg",
      "transform_matrix": [
        [
          0.839038,
          -0.352636,
          0.414322,
          0.946981
        ],
        [
          -0.542795,
          -0.490393,
          0.681827,
          1.992306
        ],
        [
          -0.037257,
          -0.796971,
          -0.602867,
          1.459296
        ],
        [
          0.0,
          0.0,
          0.0,
          1.0
        ]
      ]
    },
    {
      "file_path": "/media/NFS/ttao/scannet/posed_images/scene0609_03/00049.jpg",
      "transform_matrix": [
        [
          0.826807,
          -0.355873,
          0.435597,
          0.966367
        ],
        [
          -0.560449,
          -0.455361,
          0.691768,
          1.978447
        ],
        [
          -0.047827,
          -0.816088,
          -0.575945,
          1.471264
        ],
        [
          0.0,
          0.0,
          0.0,
          1.0
        ]
      ]
    },
    {
      "file_path": "/media/NFS/ttao/scannet/posed_images/scene0609_03/00051.jpg",
      "transform_matrix": [
        [
          0.828374,
          -0.347325,
          0.439503,
          0.985992
        ],
        [
          -0.557809,
          -0.439399,
          0.704114,
          1.961378
        ],
        [
          -0.051439,
          -0.828428,
          -0.557728,
          1.472971
        ],
        [
          0.0,
          0.0,
          0.0,
          1.0
        ]
      ]
    },
    {
      "file_path": "/media/NFS/ttao/scannet/posed_images/scene0609_03/00052.jpg",
      "transform_matrix": [
        [
          0.828798,
          -0.343475,
          0.441723,
          0.99244
        ],
        [
          -0.557183,
          -0.434096,
          0.707889,
          1.956032
        ],
        [
          -0.051392,
          -0.832818,
          -0.551156,
          1.474818
        ],
        [
          0.0,
          0.0,
          0.0,
          1.0
        ]
      ]
    },
    {
      "file_path": "/media/NFS/ttao/scannet/posed_images/scene0609_03/00055.jpg",
      "transform_matrix": [
        [
          0.83762,
          -0.323985,
          0.439803,
          1.02235
        ],
        [
          -0.543919,
          -0.420312,
          0.726285,
          1.932314
        ],
        [
          -0.050451,
          -0.847568,
          -0.528283,
          1.479522
        ],
        [
          0.0,
          0.0,
          0.0,
          1.0
        ]
      ]
    },
    {
      "file_path": "/media/NFS/ttao/scannet/posed_images/scene0609_03/00057.jpg",
      "transform_matrix": [
        [
          0.845975,
          -0.309062,
          0.434519,
          1.046943
        ],
        [
          -0.530729,
          -0.409336,
          0.742139,
          1.914486
        ],
        [
          -0.051502,
          -0.858443,
          -0.510316,
          1.482952
        ],
        [
          0.0,
          0.0,
          0.0,
          1.0
        ]
      ]
    },
    {
      "file_path": "/media/NFS/ttao/scannet/posed_images/scene0609_03/00061.jpg",
      "transform_matrix": [
        [
          0.839228,
          -0.30526,
          0.450015,
          1.091377
        ],
        [
          -0.541125,
          -0.387127,
          0.746536,
          1.887013
        ],
        [
          -0.053675,
          -0.870028,
          -0.490072,
          1.487138
        ],
        [
          0.0,
          0.0,
          0.0,
          1.0
        ]
      ]
    },
    {
      "file_path": "/media/NFS/ttao/scannet/posed_images/scene0609_03/00062.jpg",
      "transform_matrix": [
        [
          0.83493,
          -0.306757,
          0.456939,
          1.106444
        ],
        [
          -0.547942,
          -0.385638,
          0.742323,
          1.880194
        ],
        [
          -0.0515,
          -0.870163,
          -0.490065,
          1.489467
        ],
        [
          0.0,
          0.0,
          0.0,
          1.0
        ]
      ]
    },
    {
      "file_path": "/media/NFS/ttao/scannet/posed_images/scene0609_03/00065.jpg",
      "transform_matrix": [
        [
          0.814512,
          -0.314242,
          0.48767,
          1.14367
        ],
        [
          -0.577941,
          -0.366274,
          0.729265,
          1.861835
        ],
        [
          -0.050545,
          -0.87584,
          -0.479948,
          1.490149
        ],
        [
          0.0,
          0.0,
          0.0,
          1.0
        ]
      ]
    },
    {
      "file_path": "/media/NFS/ttao/scannet/posed_images/scene0609_03/00066.jpg",
      "transform_matrix": [
        [
          0.80695,
          -0.320518,
          0.496085,
          1.155991
        ],
        [
          -0.588224,
          -0.360558,
          0.723872,
          1.856697
        ],
        [
          -0.053147,
          -0.875937,
          -0.479489,
          1.489162
        ],
        [
          0.0,
          0.0,
          0.0,
          1.0
        ]
      ]
    },
    {
      "file_path": "/media/NFS/ttao/scannet/posed_images/scene0609_03/00068.jpg",
      "transform_matrix": [
        [
          0.793528,
          -0.333046,
          0.509308,
          1.177746
        ],
        [
          -0.60561,
          -0.35025,
          0.714536,
          1.851081
        ],
        [
          -0.059588,
          -0.875446,
          -0.479629,
          1.492234
        ],
        [
          0.0,
          0.0,
          0.0,
          1.0
        ]
      ]
    },
    {
      "file_path": "/media/NFS/ttao/scannet/posed_images/scene0609_03/00072.jpg",
      "transform_matrix": [
        [
          0.771492,
          -0.342569,
          0.536141,
          1.234833
        ],
        [
          -0.632488,
          -0.321577,
          0.704661,
          1.836342
        ],
        [
          -0.068985,
          -0.882743,
          -0.464765,
          1.481364
        ],
        [
          0.0,
          0.0,
          0.0,
          1.0
        ]
      ]
    },
    {
      "file_path": "/media/NFS/ttao/scannet/posed_images/scene0609_03/00073.jpg",
      "transform_matrix": [
        [
          0.766143,
          -0.34635,
          0.541356,
          1.246618
        ],
        [
          -0.638602,
          -0.315655,
          0.701818,
          1.834507
        ],
        [
          -0.072192,
          -0.883405,
          -0.463017,
          1.478381
        ],
        [
          0.0,
          0.0,
          0.0,
          1.0
        ]
      ]
    },
    {
      "file_path": "/media/NFS/ttao/scannet/posed_images/scene0609_03/00075.jpg",
      "transform_matrix": [
        [
          0.756732,
          -0.356137,
          0.5482,
          1.27052
        ],
        [
          -0.649373,
          -0.31291,
          0.69311,
          1.834548
        ],
        [
          -0.075305,
          -0.880485,
          -0.468055,
          1.468288
        ],
        [
          0.0,
          0.0,
          0.0,
          1.0
        ]
      ]
    },
    {
      "file_path": "/media/NFS/ttao/scannet/posed_images/scene0609_03/00078.jpg",
      "transform_matrix": [
        [
          0.7401,
          -0.370549,
          0.5612,
          1.305367
        ],
        [
          -0.669452,
          -0.326624,
          0.667197,
          1.843817
        ],
        [
          -0.063928,
          -0.869488,
          -0.489799,
          1.460151
        ],
        [
          0.0,
          0.0,
          0.0,
          1.0
        ]
      ]
    },
    {
      "file_path": "/media/NFS/ttao/scannet/posed_images/scene0609_03/00081.jpg",
      "transform_matrix": [
        [
          0.712384,
          -0.387001,
          0.58544,
          1.338279
        ],
        [
          -0.700428,
          -0.340137,
          0.627461,
          1.854901
        ],
        [
          -0.043698,
          -0.857051,
          -0.513375,
          1.444238
        ],
        [
          0.0,
          0.0,
          0.0,
          1.0
        ]
      ]
    },
    {
      "file_path": "/media/NFS/ttao/scannet/posed_images/scene0609_03/00083.jpg",
      "transform_matrix": [
        [
          0.700815,
          -0.398478,
          0.591671,
          1.357517
        ],
        [
          -0.71233,
          -0.346715,
          0.610226,
          1.858666
        ],
        [
          -0.03802,
          -0.84912,
          -0.52683,
          1.442908
        ],
        [
          0.0,
          0.0,
          0.0,
          1.0
        ]
      ]
    },
    {
      "file_path": "/media/NFS/ttao/scannet/posed_images/scene0609_03/00085.jpg",
      "transform_matrix": [
        [
          0.690556,
          -0.40054,
          0.602246,
          1.385388
        ],
        [
          -0.722544,
          -0.344519,
          0.599363,
          1.859789
        ],
        [
          -0.032583,
          -0.849043,
          -0.527317,
          1.444293
        ],
        [
          0.0,
          0.0,
          0.0,
          1.0
        ]
      ]
    },
    {
      "file_path": "/media/NFS/ttao/scannet/posed_images/scene0609_03/00088.jpg",
      "transform_matrix": [
        [
          0.669683,
          -0.417149,
          0.61442,
          1.41577
        ],
        [
          -0.74187,
          -0.337925,
          0.579169,
          1.854933
        ],
        [
          -0.033972,
          -0.843679,
          -0.535773,
          1.43708
        ],
        [
          0.0,
          0.0,
          0.0,
          1.0
        ]
      ]
    },
    {
      "file_path": "/media/NFS/ttao/scannet/posed_images/scene0609_03/00090.jpg",
      "transform_matrix": [
        [
          0.661458,
          -0.417632,
          0.622942,
          1.43912
        ],
        [
          -0.749433,
          -0.336286,
          0.570317,
          1.85207
        ],
        [
          -0.028696,
          -0.844094,
          -0.535426,
          1.431761
        ],
        [
          0.0,
          0.0,
          0.0,
          1.0
        ]
      ]
    },
    {
      "file_path": "/media/NFS/ttao/scannet/posed_images/scene0609_03/00091.jpg",
      "transform_matrix": [
        [
          0.657869,
          -0.42184,
          0.623906,
          1.449823
        ],
        [
          -0.752468,
          -0.333366,
          0.568031,
          1.84562
        ],
        [
          -0.031629,
          -0.843159,
          -0.536732,
          1.429827
        ],
        [
          0.0,
          0.0,
          0.0,
          1.0
        ]
      ]
    },
    {
      "file_path": "/media/NFS/ttao/scannet/posed_images/scene0609_03/00094.jpg",
      "transform_matrix": [
        [
          0.641917,
          -0.440082,
          0.62791,
          1.485951
        ],
        [
          -0.765769,
          -0.326009,
          0.554361,
          1.829762
        ],
        [
          -0.03926,
          -0.836687,
          -0.546272,
          1.424846
        ],
        [
          0.0,
          0.0,
          0.0,
          1.0
        ]
      ]
    },
    {
      "file_path": "/media/NFS/ttao/scannet/posed_images/scene0609_03/00097.jpg",
      "transform_matrix": [
        [
          0.624417,
          -0.459292,
          0.631787,
          1.521404
        ],
        [
          -0.779689,
          -0.318063,
          0.539371,
          1.808355
        ],
        [
          -0.046781,
          -0.82939,
          -0.556708,
          1.41704
        ],
        [
          0.0,
          0.0,
          0.0,
          1.0
        ]
      ]
    },
    {
      "file_path": "/media/NFS/ttao/scannet/posed_images/scene0609_03/00100.jpg",
      "transform_matrix": [
        [
          0.614208,
          -0.480941,
          0.625655,
          1.55981
        ],
        [
          -0.786745,
          -0.311416,
          0.532966,
          1.771863
        ],
        [
          -0.061486,
          -0.819583,
          -0.569652,
          1.411771
        ],
        [
          0.0,
          0.0,
          0.0,
          1.0
        ]
      ]
    },
    {
      "file_path": "/media/NFS/ttao/scannet/posed_images/scene0609_03/00101.jpg",
      "transform_matrix": [
        [
          0.615872,
          -0.483098,
          0.622349,
          1.570475
        ],
        [
          -0.785242,
          -0.312217,
          0.534711,
          1.758758
        ],
        [
          -0.06401,
          -0.818008,
          -0.571634,
          1.413121
        ],
        [
          0.0,
          0.0,
          0.0,
          1.0
        ]
      ]
    },
    {
      "file_path": "/media/NFS/ttao/scannet/posed_images/scene0609_03/00103.jpg",
      "transform_matrix": [
        [
          0.618867,
          -0.485099,
          0.617805,
          1.59353
        ],
        [
          -0.782704,
          -0.314582,
          0.53704,
          1.728678
        ],
        [
          -0.066167,
          -0.815915,
          -0.574374,
          1.411233
        ],
        [
          0.0,
          0.0,
          0.0,
          1.0
        ]
      ]
    },
    {
      "file_path": "/media/NFS/ttao/scannet/posed_images/scene0609_03/00105.jpg",
      "transform_matrix": [
        [
          0.614806,
          -0.49019,
          0.617841,
          1.618427
        ],
        [
          -0.785946,
          -0.315641,
          0.531658,
          1.700372
        ],
        [
          -0.065598,
          -0.812456,
          -0.579321,
          1.416334
        ],
        [
          0.0,
          0.0,
          0.0,
          1.0
        ]
      ]
    },
    {
      "file_path": "/media/NFS/ttao/scannet/posed_images/scene0609_03/00109.jpg",
      "transform_matrix": [
        [
          0.592206,
          -0.492539,
          0.637728,
          1.664284
        ],
        [
          -0.804028,
          -0.308937,
          0.508033,
          1.641628
        ],
        [
          -0.053208,
          -0.813612,
          -0.578969,
          1.414342
        ],
        [
          0.0,
          0.0,
          0.0,
          1.0
        ]
      ]
    },
    {
      "file_path": "/media/NFS/ttao/scannet/posed_images/scene0609_03/00110.jpg",
      "transform_matrix": [
        [
          0.577436,
          -0.498817,
          0.646335,
          1.67288
        ],
        [
          -0.814908,
          -0.303722,
          0.493638,
          1.634052
        ],
        [
          -0.049929,
          -0.811748,
          -0.58187,
          1.412489
        ],
        [
          0.0,
          0.0,
          0.0,
          1.0
        ]
      ]
    },
    {
      "file_path": "/media/NFS/ttao/scannet/posed_images/scene0609_03/00113.jpg",
      "transform_matrix": [
        [
          0.547746,
          -0.506774,
          0.665699,
          1.706005
        ],
        [
          -0.835945,
          -0.298979,
          0.460225,
          1.605894
        ],
        [
          -0.0342,
          -0.808574,
          -0.5874,
          1.41371
        ],
        [
          0.0,
          0.0,
          0.0,
          1.0
        ]
      ]
    },
    {
      "file_path": "/media/NFS/ttao/scannet/posed_images/scene0609_03/00116.jpg",
      "transform_matrix": [
        [
          0.507327,
          -0.516642,
          0.68971,
          1.735361
        ],
        [
          -0.861314,
          -0.278435,
          0.424985,
          1.583349
        ],
        [
          -0.027526,
          -0.809663,
          -0.586249,
          1.415713
        ],
        [
          0.0,
          0.0,
          0.0,
          1.0
        ]
      ]
    },
    {
      "file_path": "/media/NFS/ttao/scannet/posed_images/scene0609_03/00117.jpg",
      "transform_matrix": [
        [
          0.492375,
          -0.520119,
          0.697885,
          1.746668
        ],
        [
          -0.869915,
          -0.267778,
          0.414177,
          1.579791
        ],
        [
          -0.028543,
          -0.811031,
          -0.584306,
          1.421382
        ],
        [
          0.0,
          0.0,
          0.0,
          1.0
        ]
      ]
    },
    {
      "file_path": "/media/NFS/ttao/scannet/posed_images/scene0609_03/00120.jpg",
      "transform_matrix": [
        [
          0.479086,
          -0.512597,
          0.712546,
          1.795108
        ],
        [
          -0.876842,
          -0.242206,
          0.415312,
          1.527621
        ],
        [
          -0.040304,
          -0.82376,
          -0.565504,
          1.426013
        ],
        [
          0.0,
          0.0,
          0.0,
          1.0
        ]
      ]
    },
    {
      "file_path": "/media/NFS/ttao/scannet/posed_images/scene0609_03/00123.jpg",
      "transform_matrix": [
        [
          0.457777,
          -0.503056,
          0.733059,
          1.827882
        ],
        [
          -0.887987,
          -0.218085,
          0.404867,
          1.504027
        ],
        [
          -0.043801,
          -0.836286,
          -0.546541,
          1.422055
        ],
        [
          0.0,
          0.0,
          0.0,
          1.0
        ]
      ]
    },
    {
      "file_path": "/media/NFS/ttao/scannet/posed_images/scene0609_03/00125.jpg",
      "transform_matrix": [
        [
          0.435672,
          -0.501998,
          0.747119,
          1.850123
        ],
        [
          -0.899271,
          -0.207028,
          0.385293,
          1.494873
        ],
        [
          -0.038742,
          -0.839725,
          -0.541629,
          1.420973
        ],
        [
          0.0,
          0.0,
          0.0,
          1.0
        ]
      ]
    },
    {
      "file_path": "/media/NFS/ttao/scannet/posed_images/scene0609_03/00127.jpg",
      "transform_matrix": [
        [
          0.413164,
          -0.504735,
          0.757983,
          1.871039
        ],
        [
          -0.909933,
          -0.195646,
          0.36571,
          1.489565
        ],
        [
          -0.036291,
          -0.840813,
          -0.540108,
          1.417172
        ],
        [
          0.0,
          0.0,
          0.0,
          1.0
        ]
      ]
    },
    {
      "file_path": "/media/NFS/ttao/scannet/posed_images/scene0609_03/00129.jpg",
      "transform_matrix": [
        [
          0.396031,
          -0.508478,
          0.764598,
          1.892961
        ],
        [
          -0.917655,
          -0.189537,
          0.349262,
          1.487096
        ],
        [
          -0.032672,
          -0.839956,
          -0.54167,
          1.413499
        ],
        [
          0.0,
          0.0,
          0.0,
          1.0
        ]
      ]
    },
    {
      "file_path": "/media/NFS/ttao/scannet/posed_images/scene0609_03/00130.jpg",
      "transform_matrix": [
        [
          0.390194,
          -0.507031,
          0.76855,
          1.911469
        ],
        [
          -0.920062,
          -0.182852,
          0.346485,
          1.47257
        ],
        [
          -0.035148,
          -0.842309,
          -0.537847,
          1.406258
        ],
        [
          0.0,
          0.0,
          0.0,
          1.0
        ]
      ]
    },
    {
      "file_path": "/media/NFS/ttao/scannet/posed_images/scene0609_03/00134.jpg",
      "transform_matrix": [
        [
          0.37471,
          -0.487701,
          0.788505,
          1.965478
        ],
        [
          -0.927079,
          -0.187141,
          0.324813,
          1.464859
        ],
        [
          -0.01085,
          -0.852717,
          -0.522261,
          1.405906
        ],
        [
          0.0,
          0.0,
          0.0,
          1.0
        ]
      ]
    },
    {
      "file_path": "/media/NFS/ttao/scannet/posed_images/scene0609_03/00135.jpg",
      "transform_matrix": [
        [
          0.372224,
          -0.484106,
          0.791891,
          1.980122
        ],
        [
          -0.928136,
          -0.190783,
          0.319634,
          1.461755
        ],
        [
          -0.003658,
          -0.853957,
          -0.52033,
          1.404108
        ],
        [
          0.0,
          0.0,
          0.0,
          1.0
        ]
      ]
    },
    {
      "file_path": "/media/NFS/ttao/scannet/posed_images/scene0609_03/00139.jpg",
      "transform_matrix": [
        [
          0.358481,
          -0.474622,
          0.803881,
          2.040188
        ],
        [
          -0.93344,
          -0.194657,
          0.301328,
          1.452094
        ],
        [
          0.013464,
          -0.858395,
          -0.512812,
          1.414352
        ],
        [
          0.0,
          0.0,
          0.0,
          1.0
        ]
      ]
    },
    {
      "file_path": "/media/NFS/ttao/scannet/posed_images/scene0609_03/00141.jpg",
      "transform_matrix": [
        [
          0.351265,
          -0.457172,
          0.817072,
          2.067605
        ],
        [
          -0.936237,
          -0.179517,
          0.302051,
          1.424629
        ],
        [
          0.008589,
          -0.871072,
          -0.491079,
          1.401617
        ],
        [
          0.0,
          0.0,
          0.0,
          1.0
        ]
      ]
    },
    {
      "file_path": "/media/NFS/ttao/scannet/posed_images/scene0609_03/00142.jpg",
      "transform_matrix": [
        [
          0.342247,
          -0.457182,
          0.820885,
          2.07896
        ],
        [
          -0.939584,
          -0.172954,
          0.295411,
          1.417789
        ],
        [
          0.006919,
          -0.872394,
          -0.488754,
          1.399628
        ],
        [
          0.0,
          0.0,
          0.0,
          1.0
        ]
      ]
    },
    {
      "file_path": "/media/NFS/ttao/scannet/posed_images/scene0609_03/00145.jpg",
      "transform_matrix": [
        [
          0.314641,
          -0.468233,
          0.825687,
          2.115094
        ],
        [
          -0.94921,
          -0.156473,
          0.272978,
          1.408328
        ],
        [
          0.00138,
          -0.86964,
          -0.493684,
          1.403583
        ],
        [
          0.0,
          0.0,
          0.0,
          1.0
        ]
      ]
    },
    {
      "file_path": "/media/NFS/ttao/scannet/posed_images/scene0609_03/00146.jpg",
      "transform_matrix": [
        [
          0.306439,
          -0.469863,
          0.827843,
          2.126732
        ],
        [
          -0.95189,
          -0.150953,
          0.266679,
          1.402096
        ],
        [
          -0.000337,
          -0.869737,
          -0.493516,
          1.404591
        ],
        [
          0.0,
          0.0,
          0.0,
          1.0
        ]
      ]
    },
    {
      "file_path": "/media/NFS/ttao/scannet/posed_images/scene0609_03/00150.jpg",
      "transform_matrix": [
        [
          0.289095,
          -0.471196,
          0.833306,
          2.181471
        ],
        [
          -0.957299,
          -0.140701,
          0.252552,
          1.350556
        ],
        [
          -0.001755,
          -0.870734,
          -0.491751,
          1.398021
        ],
        [
          0.0,
          0.0,
          0.0,
          1.0
        ]
      ]
    },
    {
      "file_path": "/media/NFS/ttao/scannet/posed_images/scene0609_03/00151.jpg",
      "transform_matrix": [
        [
          0.283836,
          -0.471457,
          0.834964,
          2.189021
        ],
        [
          -0.95887,
          -0.13763,
          0.248244,
          1.342377
        ],
        [
          -0.00212,
          -0.871083,
          -0.491131,
          1.394416
        ],
        [
          0.0,
          0.0,
          0.0,
          1.0
        ]
      ]
    },
    {
      "file_path": "/media/NFS/ttao/scannet/posed_images/scene0609_03/00155.jpg",
      "transform_matrix": [
        [
          0.268033,
          -0.470446,
          0.840737,
          2.229567
        ],
        [
          -0.963405,
          -0.133449,
          0.232468,
          1.305778
        ],
        [
          0.002832,
          -0.872279,
          -0.488999,
          1.391755
        ],
        [
          0.0,
          0.0,
          0.0,
          1.0
        ]
      ]
    },
    {
      "file_path": "/media/NFS/ttao/scannet/posed_images/scene0609_03/00156.jpg",
      "transform_matrix": [
        [
          0.266452,
          -0.468513,
          0.842318,
          2.239652
        ],
        [
          -0.963835,
          -0.134142,
          0.23028,
          1.294361
        ],
        [
          0.005101,
          -0.873213,
          -0.487311,
          1.391247
        ],
        [
          0.0,
          0.0,
          0.0,
          1.0
        ]
      ]
    },
    {
      "file_path": "/media/NFS/ttao/scannet/posed_images/scene0609_03/00158.jpg",
      "transform_matrix": [
        [
          0.267392,
          -0.466438,
          0.843171,
          2.258621
        ],
        [
          -0.963547,
          -0.137455,
          0.229527,
          1.270195
        ],
        [
          0.008838,
          -0.873809,
          -0.48619,
          1.389689
        ],
        [
          0.0,
          0.0,
          0.0,
          1.0
        ]
      ]
    },
    {
      "file_path": "/media/NFS/ttao/scannet/posed_images/scene0609_03/00160.jpg",
      "transform_matrix": [
        [
          0.270463,
          -0.463619,
          0.843746,
          2.282273
        ],
        [
          -0.962543,
          -0.147489,
          0.227502,
          1.2376
        ],
        [
          0.018969,
          -0.873673,
          -0.486144,
          1.388988
        ],
        [
          0.0,
          0.0,
          0.0,
          1.0
        ]
      ]
    },
    {
      "file_path": "/media/NFS/ttao/scannet/posed_images/scene0609_03/00164.jpg",
      "transform_matrix": [
        [
          0.260768,
          -0.468719,
          0.84398,
          2.322341
        ],
        [
          -0.964981,
          -0.152366,
          0.213535,
          1.191891
        ],
        [
          0.028506,
          -0.870108,
          -0.492037,
          1.385777
        ],
        [
          0.0,
          0.0,
          0.0,
          1.0
        ]
      ]
    },
    {
      "file_path": "/media/NFS/ttao/scannet/posed_images/scene0609_03/00165.jpg",
      "transform_matrix": [
        [
          0.263853,
          -0.471577,
          0.841425,
          2.332138
        ],
        [
          -0.96417,
          -0.153847,
          0.216119,
          1.178576
        ],
        [
          0.027534,
          -0.868301,
          -0.495274,
          1.385795
        ],
        [
          0.0,
          0.0,
          0.0,
          1.0
        ]
      ]
    },
    {
      "file_path": "/media/NFS/ttao/scannet/posed_images/scene0609_03/00168.jpg",
      "transform_matrix": [
        [
          0.28058,
          -0.480059,
          0.831155,
          2.361986
        ],
        [
          -0.959496,
          -0.163153,
          0.229672,
          1.14073
        ],
        [
          0.025349,
          -0.861931,
          -0.506392,
          1.390336
        ],
        [
          0.0,
          0.0,
          0.0,
          1.0
        ]
      ]
    },
    {
      "file_path": "/media/NFS/ttao/scannet/posed_images/scene0609_03/00169.jpg",
      "transform_matrix": [
        [
          0.284427,
          -0.478314,
          0.830853,
          2.372351
        ],
        [
          -0.958274,
          -0.167601,
          0.231561,
          1.128809
        ],
        [
          0.028493,
          -0.862047,
          -0.506027,
          1.389056
        ],
        [
          0.0,
          0.0,
          0.0,
          1.0
        ]
      ]
    },
    {
      "file_path": "/media/NFS/ttao/scannet/posed_images/scene0609_03/00172.jpg",
      "transform_matrix": [
        [
          0.287704,
          -0.48366,
          0.826619,
          2.395598
        ],
        [
          -0.957251,
          -0.172211,
          0.232408,
          1.098883
        ],
        [
          0.029947,
          -0.858147,
          -0.51253,
          1.377637
        ],
        [
          0.0,
          0.0,
          0.0,
          1.0
        ]
      ]
    },
    {
      "file_path": "/media/NFS/ttao/scannet/posed_images/scene0609_03/00175.jpg",
      "transform_matrix": [
        [
          0.279418,
          -0.499518,
          0.820005,
          2.423807
        ],
        [
          -0.960079,
          -0.157103,
          0.231447,
          1.078097
        ],
        [
          0.013213,
          -0.851939,
          -0.523474,
          1.3769
        ],
        [
          0.0,
          0.0,
          0.0,
          1.0
        ]
      ]
    },
    {
      "file_path": "/media/NFS/ttao/scannet/posed_images/scene0609_03/00176.jpg",
      "transform_matrix": [
        [
          0.277076,
          -0.502932,
          0.818711,
          2.433872
        ],
        [
          -0.960817,
          -0.151878,
          0.231871,
          1.07215
        ],
        [
          0.007729,
