{
  "frames": [
    {
      "file_path": "/media/NFS/ttao/scannet/posed_images/scene0663_02/00000.jpg",
      "transform_matrix": [
        [
          -0.918895,
          -0.114381,
          0.377557,
          2.917558
        ],
        [
          -0.394353,
          0.292664,
          -0.87111,
          2.338726
        ],
        [
          -0.010859,
          -0.94935,
          -0.314034,
          1.351043
        ],
        [
          0.0,
          0.0,
          0.0,
          1.0
        ]
      ]
    },
    {
      "file_path": "/media/NFS/ttao/scannet/posed_images/scene0663_02/00009.jpg",
      "transform_matrix": [
        [
          -0.927267,
          -0.160858,
          0.338083,
          2.950219
        ],
        [
          -0.373061,
          0.320647,
          -0.870638,
          2.370631
        ],
        [
          0.031644,
          -0.93344,
          -0.357335,
          1.325538
        ],
        [
          0.0,
          0.0,
          0.0,
          1.0
        ]
      ]
    },
    {
      "file_path": "/media/NFS/ttao/scannet/posed_images/scene0663_02/00021.jpg",
      "transform_matrix": [
        [
          -0.925071,
          -0.151235,
          0.348384,
          2.93329
        ],
        [
          -0.379405,
          0.326466,
          -0.86572,
          2.406196
        ],
        [
          0.017192,
          -0.933032,
          -0.359384,
          1.310013
        ],
        [
          0.0,
          0.0,
          0.0,
          1.0
        ]
      ]
    },
    {
      "file_path": "/media/NFS/ttao/scannet/posed_images/scene0663_02/00035.jpg",
      "transform_matrix": [
        [
          -0.912477,
          -0.203416,
          0.354977,
          2.78702
        ],
        [
          -0.408818,
          0.4195,
          -0.810486,
          2.46054
        ],
        [
          0.015953,
          -0.88467,
          -0.465944,
          1.269036
        ],
        [
          0.0,
          0.0,
          0.0,
          1.0
        ]
      ]
    },
    {
      "file_path": "/media/NFS/ttao/scannet/posed_images/scene0663_02/00044.jpg",
      "transform_matrix": [
        [
          -0.922877,
          -0.167076,
          0.346965,
          2.682582
        ],
        [
          -0.384573,
          0.352892,
          -0.852978,
          2.495481
        ],
        [
          0.020071,
          -0.920627,
          -0.389928,
          1.331416
        ],
        [
          0.0,
          0.0,
          0.0,
          1.0
        ]
      ]
    },
    {
      "file_path": "/media/NFS/ttao/scannet/posed_images/scene0663_02/00053.jpg",
      "transform_matrix": [
        [
          -0.967803,
          -0.070983,
          0.241495,
          2.641249
        ],
        [
          -0.251122,
          0.337896,
          -0.907063,
          2.523542
        ],
        [
          -0.017214,
          -0.938503,
          -0.344842,
          1.350397
        ],
        [
          0.0,
          0.0,
          0.0,
          1.0
        ]
      ]
    },
    {
      "file_path": "/media/NFS/ttao/scannet/posed_images/scene0663_02/00065.jpg",
      "transform_matrix": [
        [
          -0.983675,
          -0.094104,
          0.153387,
          2.669488
        ],
        [
          -0.17766,
          0.372211,
          -0.910986,
          2.639846
        ],
        [
          0.028635,
          -0.923365,
          -0.382853,
          1.3086
        ],
        [
          0.0,
          0.0,
          0.0,
          1.0
        ]
      ]
    },
    {
      "file_path": "/media/NFS/ttao/scannet/posed_images/scene0663_02/00071.jpg",
      "transform_matrix": [
        [
          -0.985185,
          -0.102792,
          0.137278,
          2.666246
        ],
        [
          -0.167297,
          0.399961,
          -0.901134,
          2.698668
        ],
        [
          0.037724,
          -0.91075,
          -0.411232,
          1.297446
        ],
        [
          0.0,
          0.0,
          0.0,
          1.0
        ]
      ]
    },
    {
      "file_path": "/media/NFS/ttao/scannet/posed_images/scene0663_02/00080.jpg",
      "transform_matrix": [
        [
          -0.974267,
          -0.110675,
          0.196357,
          2.61447
        ],
        [
          -0.224963,
          0.423233,
          -0.877648,
          2.787151
        ],
        [
          0.014029,
          -0.899236,
          -0.437239,
          1.287113
        ],
        [
          0.0,
          0.0,
          0.0,
          1.0
        ]
      ]
    },
    {
      "file_path": "/media/NFS/ttao/scannet/posed_images/scene0663_02/00092.jpg",
      "transform_matrix": [
        [
          -0.970227,
          -0.138001,
          0.199039,
          2.508261
        ],
        [
          -0.240493,
          0.451532,
          -0.859234,
          2.892225
        ],
        [
          0.028702,
          -0.881519,
          -0.471276,
          1.273144
        ],
        [
          0.0,
          0.0,
          0.0,
          1.0
        ]
      ]
    },
    {
      "file_path": "/media/NFS/ttao/scannet/posed_images/scene0663_02/00097.jpg",
      "transform_matrix": [
        [
          -0.979252,
          -0.104038,
          0.173901,
          2.483628
        ],
        [
          -0.202371,
          0.457369,
          -0.865944,
          2.924826
        ],
        [
          0.010555,
          -0.88317,
          -0.468934,
          1.271675
        ],
        [
          0.0,
          0.0,
          0.0,
          1.0
        ]
      ]
    },
    {
      "file_path": "/media/NFS/ttao/scannet/posed_images/scene0663_02/00112.jpg",
      "transform_matrix": [
        [
          -0.996484,
          -0.050747,
          0.066668,
          2.480158
        ],
        [
          -0.083626,
          0.553416,
          -0.828696,
          2.999575
        ],
        [
          0.005158,
          -0.831358,
          -0.555714,
          1.225426
        ],
        [
          0.0,
          0.0,
          0.0,
          1.0
        ]
      ]
    },
    {
      "file_path": "/media/NFS/ttao/scannet/posed_images/scene0663_02/00118.jpg",
      "transform_matrix": [
        [
          -0.998666,
          -0.011121,
          0.050429,
          2.458791
        ],
        [
          -0.047461,
          0.582525,
          -0.811426,
          3.00877
        ],
        [
          -0.020352,
          -0.812737,
          -0.582275,
          1.222543
        ],
        [
          0.0,
          0.0,
          0.0,
          1.0
        ]
      ]
    },
    {
      "file_path": "/media/NFS/ttao/scannet/posed_images/scene0663_02/00133.jpg",
      "transform_matrix": [
        [
          -0.999109,
          0.039849,
          0.013887,
          2.363681
        ],
        [
          0.007485,
          0.491215,
          -0.871006,
          2.966787
        ],
        [
          -0.04153,
          -0.870126,
          -0.491076,
          1.286412
        ],
        [
          0.0,
          0.0,
          0.0,
          1.0
        ]
      ]
    },
    {
      "file_path": "/media/NFS/ttao/scannet/posed_images/scene0663_02/00142.jpg",
      "transform_matrix": [
        [
          -0.995392,
          0.068377,
          -0.067233,
          2.312239
        ],
        [
          0.089713,
          0.416358,
          -0.904764,
          2.93219
        ],
        [
          -0.033871,
          -0.906626,
          -0.420574,
          1.321275
        ],
        [
          0.0,
          0.0,
          0.0,
          1.0
        ]
      ]
    },
    {
      "file_path": "/media/NFS/ttao/scannet/posed_images/scene0663_02/00151.jpg",
      "transform_matrix": [
        [
          -0.99782,
          0.065398,
          -0.008828,
          2.327533
        ],
        [
          0.033573,
          0.387918,
          -0.921082,
          2.900248
        ],
        [
          -0.056813,
          -0.919371,
          -0.389268,
          1.341743
        ],
        [
          0.0,
          0.0,
          0.0,
          1.0
        ]
      ]
    },
    {
      "file_path": "/media/NFS/ttao/scannet/posed_images/scene0663_02/00162.jpg",
      "transform_matrix": [
        [
          -0.998962,
          0.044978,
          0.007186,
          2.334784
        ],
        [
          0.011657,
          0.40497,
          -0.914256,
          2.876753
        ],
        [
          -0.044032,
          -0.913223,
          -0.405074,
          1.32585
        ],
        [
          0.0,
          0.0,
          0.0,
          1.0
        ]
      ]
    },
    {
      "file_path": "/media/NFS/ttao/scannet/posed_images/scene0663_02/00171.jpg",
      "transform_matrix": [
        [
          -0.987439,
          0.026913,
          0.155693,
          2.230155
        ],
        [
          -0.132996,
          0.390421,
          -0.910979,
          2.860933
        ],
        [
          -0.085303,
          -0.920243,
          -0.381938,
          1.301425
        ],
        [
          0.0,
          0.0,
          0.0,
          1.0
        ]
      ]
    },
    {
      "file_path": "/media/NFS/ttao/scannet/posed_images/scene0663_02/00183.jpg",
      "transform_matrix": [
        [
          -0.961803,
          0.029772,
          0.272119,
          2.11825
        ],
        [
          -0.241763,
          0.373879,
          -0.895413,
          2.797782
        ],
        [
          -0.128398,
          -0.927,
          -0.352401,
          1.283017
        ],
        [
          0.0,
          0.0,
          0.0,
          1.0
        ]
      ]
    },
    {
      "file_path": "/media/NFS/ttao/scannet/posed_images/scene0663_02/00192.jpg",
      "transform_matrix": [
        [
          -0.944443,
          -0.032062,
          0.327108,
          2.076152
        ],
        [
          -0.319506,
          0.323006,
          -0.890833,
          2.707585
        ],
        [
          -0.077096,
          -0.945854,
          -0.315305,
          1.292245
        ],
        [
          0.0,
          0.0,
          0.0,
          1.0
        ]
      ]
    },
    {
      "file_path": "/media/NFS/ttao/scannet/posed_images/scene0663_02/00201.jpg",
      "transform_matrix": [
        [
          -0.940793,
          -0.070013,
          0.331672,
          2.060141
        ],
        [
          -0.334115,
          0.356714,
          -0.872423,
          2.638349
        ],
        [
          -0.057231,
          -0.931586,
          -0.358987,
          1.293451
        ],
        [
          0.0,
          0.0,
          0.0,
          1.0
        ]
      ]
    },
    {
      "file_path": "/media/NFS/ttao/scannet/posed_images/scene0663_02/00204.jpg",
      "transform_matrix": [
        [
          -0.944476,
          -0.08352,
          0.317788,
          2.070703
        ],
        [
          -0.325844,
          0.362625,
          -0.873115,
          2.636304
        ],
        [
          -0.042315,
          -0.928185,
          -0.369705,
          1.297174
        ],
        [
          0.0,
          0.0,
          0.0,
          1.0
        ]
      ]
    },
    {
      "file_path": "/media/NFS/ttao/scannet/posed_images/scene0663_02/00221.jpg",
      "transform_matrix": [
        [
          -0.971573,
          -0.062803,
          0.22826,
          2.286532
        ],
        [
          -0.236658,
          0.283352,
          -0.929357,
          2.769629
        ],
        [
          -0.006312,
          -0.956957,
          -0.29016,
          1.366014
        ],
        [
          0.0,
          0.0,
          0.0,
          1.0
        ]
      ]
    },
    {
      "file_path": "/media/NFS/ttao/scannet/posed_images/scene0663_02/00230.jpg",
      "transform_matrix": [
        [
          -0.982391,
          -0.060853,
          0.176651,
          2.407842
        ],
        [
          -0.186259,
          0.244562,
          -0.951576,
          2.821419
        ],
        [
          0.014704,
          -0.967722,
          -0.25159,
          1.374855
        ],
        [
          0.0,
          0.0,
          0.0,
          1.0
        ]
      ]
    },
    {
      "file_path": "/media/NFS/ttao/scannet/posed_images/scene0663_02/00242.jpg",
      "transform_matrix": [
        [
          -0.980843,
          -0.083406,
          0.17604,
          2.581637
        ],
        [
          -0.191064,
          0.235799,
          -0.952835,
          2.80905
        ],
        [
          0.037962,
          -0.968216,
          -0.247218,
          1.35512
        ],
        [
          0.0,
          0.0,
          0.0,
          1.0
        ]
      ]
    },
    {
      "file_path": "/media/NFS/ttao/scannet/posed_images/scene0663_02/00251.jpg",
      "transform_matrix": [
        [
          -0.994908,
          -0.056788,
          0.083269,
          2.718219
        ],
        [
          -0.095847,
          0.277515,
          -0.955928,
          2.740009
        ],
        [
          0.031177,
          -0.959042,
          -0.281544,
          1.335644
        ],
        [
          0.0,
          0.0,
          0.0,
          1.0
        ]
      ]
    },
    {
      "file_path": "/media/NFS/ttao/scannet/posed_images/scene0663_02/00254.jpg",
      "transform_matrix": [
        [
          -0.996284,
          -0.064246,
          0.057364,
          2.751832
        ],
        [
          -0.073054,
          0.277556,
          -0.957928,
          2.709434
        ],
        [
          0.045622,
          -0.958559,
          -0.281218,
          1.331997
        ],
        [
          0.0,
          0.0,
          0.0,
          1.0
        ]
      ]
    },
    {
      "file_path": "/media/NFS/ttao/scannet/posed_images/scene0663_02/00272.jpg",
      "transform_matrix": [
        [
          -0.992745,
          -0.050104,
          0.109306,
          2.895623
        ],
        [
          -0.118602,
          0.258395,
          -0.958731,
          2.537156
        ],
        [
          0.019792,
          -0.964739,
          -0.262462,
          1.333756
        ],
        [
          0.0,
          0.0,
          0.0,
          1.0
        ]
      ]
    },
    {
      "file_path": "/media/NFS/ttao/scannet/posed_images/scene0663_02/00275.jpg",
      "transform_matrix": [
        [
          -0.993516,
          -0.04474,
          0.10452,
          2.915769
        ],
        [
          -0.112614,
          0.260881,
          -0.95878,
          2.511764
        ],
        [
          0.015629,
          -0.964334,
          -0.264227,
          1.333348
        ],
        [
          0.0,
          0.0,
          0.0,
          1.0
        ]
      ]
    },
    {
      "file_path": "/media/NFS/ttao/scannet/posed_images/scene0663_02/00289.jpg",
      "transform_matrix": [
        [
          -0.997706,
          -0.06208,
          0.026976,
          3.126579
        ],
        [
          -0.041333,
          0.243155,
          -0.969106,
          2.363555
        ],
        [
          0.053603,
          -0.967999,
          -0.245163,
          1.333056
        ],
        [
          0.0,
          0.0,
          0.0,
          1.0
        ]
      ]
    },
    {
      "file_path": "/media/NFS/ttao/scannet/posed_images/scene0663_02/00292.jpg",
      "transform_matrix": [
        [
          -0.998652,
          -0.051839,
          -0.002437,
          3.179323
        ],
        [
          -0.011297,
          0.262987,
          -0.964733,
          2.319152
        ],
        [
          0.050652,
          -0.963406,
          -0.263218,
          1.3447
        ],
        [
          0.0,
          0.0,
          0.0,
          1.0
        ]
      ]
    },
    {
      "file_path": "/media/NFS/ttao/scannet/posed_images/scene0663_02/00304.jpg",
      "transform_matrix": [
        [
          -0.997849,
          -0.046362,
          -0.046351,
          3.377424
        ],
        [
          0.031324,
          0.283922,
          -0.958336,
          2.187928
        ],
        [
          0.057591,
          -0.957726,
          -0.281859,
          1.327099
        ],
        [
          0.0,
          0.0,
          0.0,
          1.0
        ]
      ]
    },
    {
      "file_path": "/media/NFS/ttao/scannet/posed_images/scene0663_02/00319.jpg",
      "transform_matrix": [
        [
          -0.981238,
          0.090165,
          -0.170417,
          3.590516
        ],
        [
          0.190011,
          0.302476,
          -0.934026,
          2.019458
        ],
        [
          -0.032669,
          -0.948883,
          -0.313934,
          1.338248
        ],
        [
          0.0,
          0.0,
          0.0,
          1.0
        ]
      ]
    },
    {
      "file_path": "/media/NFS/ttao/scannet/posed_images/scene0663_02/00322.jpg",
      "transform_matrix": [
        [
          -0.974432,
          0.108523,
          -0.196735,
          3.626546
        ],
        [
          0.22123,
          0.310523,
          -0.924464,
          1.99816
        ],
        [
          -0.039235,
          -0.944351,
          -0.326592,
          1.349648
        ],
        [
          0.0,
          0.0,
          0.0,
          1.0
        ]
      ]
    },
    {
      "file_path": "/media/NFS/ttao/scannet/posed_images/scene0663_02/00337.jpg",
      "transform_matrix": [
        [
          -0.904558,
          0.08337,
          -0.418121,
          3.841185
        ],
        [
          0.423108,
          0.296276,
          -0.856271,
          1.991865
        ],
        [
          0.052492,
          -0.951457,
          -0.303273,
          1.358222
        ],
        [
          0.0,
          0.0,
          0.0,
          1.0
        ]
      ]
    },
    {
      "file_path": "/media/NFS/ttao/scannet/posed_images/scene0663_02/00343.jpg",
      "transform_matrix": [
        [
          -0.924011,
          0.037631,
          -0.38051,
          3.909181
        ],
        [
          0.371224,
          0.326771,
          -0.869145,
          2.028676
        ],
        [
          0.091633,
          -0.944354,
          -0.31591,
          1.345462
        ],
        [
          0.0,
          0.0,
          0.0,
          1.0
        ]
      ]
    },
    {
      "file_path": "/media/NFS/ttao/scannet/posed_images/scene0663_02/00354.jpg",
      "transform_matrix": [
        [
          -0.960153,
          -0.021073,
          -0.278678,
          3.980942
        ],
        [
          0.250673,
          0.375944,
          -0.892093,
          2.068208
        ],
        [
          0.123566,
          -0.926403,
          -0.355682,
          1.300943
        ],
        [
          0.0,
          0.0,
          0.0,
          1.0
        ]
      ]
    },
    {
      "file_path": "/media/NFS/ttao/scannet/posed_images/scene0663_02/00363.jpg",
      "transform_matrix": [
        [
          -0.990932,
          -0.042263,
          -0.127542,
          3.971941
        ],
        [
          0.092936,
          0.469946,
          -0.877789,
          2.096181
        ],
        [
          0.097035,
          -0.881683,
          -0.461757,
          1.264205
        ],
        [
          0.0,
          0.0,
          0.0,
          1.0
        ]
      ]
    },
    {
      "file_path": "/media/NFS/ttao/scannet/posed_images/scene0663_02/00378.jpg",
      "transform_matrix": [
        [
          -0.997366,
          -0.070389,
          -0.017484,
          3.904942
        ],
        [
          -0.020448,
          0.504176,
          -0.863359,
          2.151376
        ],
        [
          0.069586,
          -0.860728,
          -0.504287,
          1.24971
        ],
        [
          0.0,
          0.0,
          0.0,
          1.0
        ]
      ]
    },
    {
      "file_path": "/media/NFS/ttao/scannet/posed_images/scene0663_02/00390.jpg",
      "transform_matrix": [
        [
          -0.999372,
          -0.028019,
          -0.021681,
          3.888749
        ],
        [
          0.002098,
          0.564092,
          -0.825709,
          2.233705
        ],
        [
          0.035366,
          -0.825236,
          -0.563679,
          1.211105
        ],
        [
          0.0,
          0.0,
          0.0,
          1.0
        ]
      ]
    },
    {
      "file_path": "/media/NFS/ttao/scannet/posed_images/scene0663_02/00393.jpg",
      "transform_matrix": [
        [
          -0.999613,
          -0.020769,
          -0.018531,
          3.893987
        ],
        [
          0.003179,
          0.576221,
          -0.817288,
          2.257501
        ],
        [
          0.027652,
          -0.81703,
          -0.575931,
          1.200399
        ],
        [
          0.0,
          0.0,
          0.0,
          1.0
        ]
      ]
    },
    {
      "file_path": "/media/NFS/ttao/scannet/posed_images/scene0663_02/00405.jpg",
      "transform_matrix": [
        [
          -0.977909,
          -0.12909,
          0.164405,
          3.96181
        ],
        [
          -0.208488,
          0.545805,
          -0.81156,
          2.305658
        ],
        [
          0.015031,
          -0.827909,
          -0.560661,
          1.203116
        ],
        [
          0.0,
          0.0,
          0.0,
          1.0
        ]
      ]
    },
    {
      "file_path": "/media/NFS/ttao/scannet/posed_images/scene0663_02/00413.jpg",
      "transform_matrix": [
        [
          -0.969259,
          -0.155707,
          0.190508,
          3.971405
        ],
        [
          -0.243994,
          0.508518,
          -0.825758,
          2.268751
        ],
        [
          0.0317,
          -0.846856,
          -0.530876,
          1.255772
        ],
        [
          0.0,
          0.0,
          0.0,
          1.0
        ]
      ]
    },
    {
      "file_path": "/media/NFS/ttao/scannet/posed_images/scene0663_02/00428.jpg",
      "transform_matrix": [
        [
          -0.98673,
          -0.023078,
          0.160722,
          3.91864
        ],
        [
          -0.156359,
          0.401914,
          -0.902229,
          2.218231
        ],
        [
          -0.043775,
          -0.915387,
          -0.400189,
          1.381722
        ],
        [
          0.0,
          0.0,
          0.0,
          1.0
        ]
      ]
    },
    {
      "file_path": "/media/NFS/ttao/scannet/posed_images/scene0663_02/00437.jpg",
      "transform_matrix": [
        [
          -0.992002,
          0.029645,
          0.122691,
          3.864788
        ],
        [
          -0.109143,
          0.286782,
          -0.951758,
          2.215371
        ],
        [
          -0.0634,
          -0.957537,
          -0.281253,
          1.443592
        ],
        [
          0.0,
          0.0,
          0.0,
          1.0
        ]
      ]
    },
    {
      "file_path": "/media/NFS/ttao/scannet/posed_images/scene0663_02/00443.jpg",
      "transform_matrix": [
        [
          -0.990954,
          0.032972,
          0.130087,
          3.833262
        ],
        [
          -0.119883,
          0.218169,
          -0.96852,
          2.228726
        ],
        [
          -0.060315,
          -0.975354,
          -0.212243,
          1.466343
        ],
        [
          0.0,
          0.0,
          0.0,
          1.0
        ]
      ]
    },
    {
      "file_path": "/media/NFS/ttao/scannet/posed_images/scene0663_02/00458.jpg",
      "transform_matrix": [
        [
          -0.964289,
          0.042076,
          0.261488,
          3.823267
        ],
        [
          -0.255636,
          0.11031,
          -0.960459,
          2.264603
        ],
        [
          -0.069257,
          -0.993006,
          -0.095614,
          1.505919
        ],
        [
          0.0,
          0.0,
          0.0,
          1.0
        ]
      ]
    },
    {
      "file_path": "/media/NFS/ttao/scannet/posed_images/scene0663_02/00467.jpg",
      "transform_matrix": [
        [
          -0.967044,
          0.033117,
          0.252445,
          3.833763
        ],
        [
          -0.251018,
          0.04191,
          -0.967075,
          2.280654
        ],
        [
          -0.042607,
          -0.998572,
          -0.032216,
          1.526883
        ],
        [
          0.0,
          0.0,
          0.0,
          1.0
        ]
      ]
    },
    {
      "file_path": "/media/NFS/ttao/scannet/posed_images/scene0663_02/00470.jpg",
      "transform_matrix": [
        [
          -0.969726,
          0.019398,
          0.243423,
          3.838553
        ],
        [
          -0.24273,
          0.032441,
          -0.969551,
          2.282222
        ],
        [
          -0.026704,
          -0.999285,
          -0.026751,
          1.52897
        ],
        [
          0.0,
          0.0,
          0.0,
          1.0
        ]
      ]
    },
    {
      "file_path": "/media/NFS/ttao/scannet/posed_images/scene0663_02/00481.jpg",
      "transform_matrix": [
        [
          -0.976421,
          0.02216,
          0.214735,
          3.839003
        ],
        [
          -0.21528,
          -0.026127,
          -0.976203,
          2.287861
        ],
        [
          -0.016023,
          -0.999413,
          0.030281,
          1.557413
        ],
        [
          0.0,
          0.0,
          0.0,
          1.0
        ]
      ]
    },
    {
      "file_path": "/media/NFS/ttao/scannet/posed_images/scene0663_02/00496.jpg",
      "transform_matrix": [
        [
          -0.997243,
          -3e-05,
          0.074203,
          3.841622
        ],
        [
          -0.073257,
          -0.158827,
          -0.984585,
          2.311697
        ],
        [
          0.011815,
          -0.987306,
          0.158387,
          1.575869
        ],
        [
          0.0,
          0.0,
          0.0,
          1.0
        ]
      ]
    },
    {
      "file_path": "/media/NFS/ttao/scannet/posed_images/scene0663_02/00508.jpg",
      "transform_matrix": [
        [
          -0.999663,
          0.007412,
          0.024876,
          3.8416
        ],
        [
          -0.025951,
          -0.266367,
          -0.963522,
          2.334649
        ],
        [
          -0.000515,
          -0.963843,
          0.266469,
          1.600714
        ],
        [
          0.0,
          0.0,
          0.0,
          1.0
        ]
      ]
    },
    {
      "file_path": "/media/NFS/ttao/scannet/posed_images/scene0663_02/00517.jpg",
      "transform_matrix": [
        [
          -0.999955,
          0.001698,
          -0.009299,
          3.838291
        ],
        [
          0.008165,
          -0.340457,
          -0.940225,
          2.351716
        ],
        [
          -0.004762,
          -0.940259,
          0.340428,
          1.608013
        ],
        [
          0.0,
          0.0,
          0.0,
          1.0
        ]
      ]
    },
    {
      "file_path": "/media/NFS/ttao/scannet/posed_images/scene0663_02/00520.jpg",
      "transform_matrix": [
        [
          -0.999851,
          -0.002511,
          -0.017083,
          3.83889
        ],
        [
          0.016903,
          -0.34417,
          -0.938755,
          2.351047
        ],
        [
          -0.003522,
          -0.938904,
          0.344162,
          1.603401
        ],
        [
          0.0,
          0.0,
          0.0,
          1.0
        ]
      ]
    },
    {
      "file_path": "/media/NFS/ttao/scannet/posed_images/scene0663_02/00532.jpg",
      "transform_matrix": [
        [
          -0.993276,
          -0.015797,
          -0.114689,
          3.828355
        ],
        [
          0.113277,
          -0.337163,
          -0.934606,
          2.337931
        ],
        [
          -0.023905,
          -0.941314,
          0.336686,
          1.60923
        ],
        [
          0.0,
          0.0,
          0.0,
          1.0
        ]
      ]
    },
    {
      "file_path": "/media/NFS/ttao/scannet/posed_images/scene0663_02/00543.jpg",
      "transform_matrix": [
        [
          -0.988037,
          -0.024753,
          -0.152217,
          3.824946
        ],
        [
          0.14962,
          -0.393055,
          -0.907261,
          2.361107
        ],
        [
          -0.037373,
          -0.919182,
          0.392056,
          1.623354
        ],
        [
          0.0,
          0.0,
          0.0,
          1.0
        ]
      ]
    },
    {
      "file_path": "/media/NFS/ttao/scannet/posed_images/scene0663_02/00549.jpg",
      "transform_matrix": [
        [
          -0.984538,
          -0.033102,
          -0.172015,
          3.813962
        ],
        [
          0.170326,
          -0.410255,
          -0.895924,
          2.377923
        ],
        [
          -0.040914,
          -0.91137,
          0.40955,
          1.637254
        ],
        [
          0.0,
          0.0,
          0.0,
          1.0
        ]
      ]
    },
    {
      "file_path": "/media/NFS/ttao/scannet/posed_images/scene0663_02/00558.jpg",
      "transform_matrix": [
        [
          -0.959926,
          -0.058895,
          -0.273995,
          3.793367
        ],
        [
          0.276403,
          -0.360461,
          -0.890881,
          2.354585
        ],
        [
          -0.046296,
          -0.930913,
          0.362295,
          1.591084
        ],
        [
          0.0,
          0.0,
          0.0,
          1.0
        ]
      ]
    },
    {
      "file_path": "/media/NFS/ttao/scannet/posed_images/scene0663_02/00576.jpg",
      "transform_matrix": [
        [
          -0.888668,
          0.029093,
          -0.457627,
          3.724765
        ],
        [
          0.44776,
          -0.160168,
          -0.879691,
          2.29684
        ],
        [
          -0.09889,
          -0.986661,
          0.129309,
          1.537105
        ],
        [
          0.0,
          0.0,
          0.0,
          1.0
        ]
      ]
    },
    {
      "file_path": "/media/NFS/ttao/scannet/posed_images/scene0663_02/00582.jpg",
      "transform_matrix": [
        [
          -0.899581,
          0.077041,
          -0.429904,
          3.687467
        ],
        [
          0.423047,
          -0.090948,
          -0.901532,
          2.280062
        ],
        [
          -0.108554,
          -0.992871,
          0.049223,
          1.487611
        ],
        [
          0.0,
          0.0,
          0.0,
          1.0
        ]
      ]
    },
    {
      "file_path": "/media/NFS/ttao/scannet/posed_images/scene0663_02/00597.jpg",
      "transform_matrix": [
        [
          -0.913443,
          0.121969,
          -0.38826,
          3.675947
        ],
        [
          0.402562,
          0.130814,
          -0.905998,
          2.229532
        ],
        [
          -0.059714,
          -0.983876,
          -0.168591,
          1.435338
        ],
        [
          0.0,
          0.0,
          0.0,
          1.0
        ]
      ]
    },
    {
      "file_path": "/media/NFS/ttao/scannet/posed_images/scene0663_02/00599.jpg",
      "transform_matrix": [
        [
          -0.911785,
          0.129447,
          -0.389732,
          3.673501
        ],
        [
          0.406384,
          0.147703,
          -0.901685,
          2.228645
        ],
        [
          -0.059156,
          -0.980524,
          -0.187279,
          1.428552
        ],
        [
          0.0,
          0.0,
          0.0,
          1.0
        ]
      ]
    },
    {
      "file_path": "/media/NFS/ttao/scannet/posed_images/scene0663_02/00608.jpg",
      "transform_matrix": [
        [
          -0.865887,
          0.164567,
          -0.472396,
          3.65691
        ],
        [
          0.497548,
          0.185494,
          -0.847371,
          2.226575
        ],
        [
          -0.051823,
          -0.968767,
          -0.242497,
          1.422387
        ],
        [
          0.0,
          0.0,
          0.0,
          1.0
        ]
      ]
    },
    {
      "file_path": "/media/NFS/ttao/scannet/posed_images/scene0663_02/00620.jpg",
      "transform_matrix": [
        [
          -0.783625,
          0.190248,
          -0.591386,
          3.566783
        ],
        [
          0.615211,
          0.105423,
          -0.781282,
          2.265656
        ],
        [
          -0.086292,
          -0.976059,
          -0.199655,
          1.425844
        ],
        [
          0.0,
          0.0,
          0.0,
          1.0
        ]
      ]
    },
    {
      "file_path": "/media/NFS/ttao/scannet/posed_images/scene0663_02/00629.jpg",
      "transform_matrix": [
        [
          -0.702,
          0.216458,
          -0.678485,
          3.492136
        ],
        [
          0.702234,
          0.051745,
          -0.710064,
          2.263554
        ],
        [
          -0.118591,
          -0.97492,
          -0.188329,
          1.424332
        ],
        [
          0.0,
          0.0,
          0.0,
          1.0
        ]
      ]
    },
    {
      "file_path": "/media/NFS/ttao/scannet/posed_images/scene0663_02/00644.jpg",
      "transform_matrix": [
        [
          -0.554906,
          0.253406,
          -0.792379,
          3.357405
        ],
        [
          0.828203,
          0.078418,
          -0.554915,
          2.290349
        ],
        [
          -0.078482,
          -0.964176,
          -0.253387,
          1.401042
        ],
        [
          0.0,
          0.0,
          0.0,
          1.0
        ]
      ]
    },
    {
      "file_path": "/media/NFS/ttao/scannet/posed_images/scene0663_02/00656.jpg",
      "transform_matrix": [
        [
          -0.436936,
          0.294703,
          -0.849845,
          3.363809
        ],
        [
          0.897495,
          0.079905,
          -0.433726,
          2.264329
        ],
        [
          -0.059914,
          -0.952242,
          -0.299408,
          1.384325
        ],
        [
          0.0,
          0.0,
          0.0,
          1.0
        ]
      ]
    },
    {
      "file_path": "/media/NFS/ttao/scannet/posed_images/scene0663_02/00659.jpg",
      "transform_matrix": [
        [
          -0.403531,
          0.290045,
          -0.867777,
          3.397792
        ],
        [
          0.913617,
          0.076258,
          -0.39936,
          2.241611
        ],
        [
          -0.049658,
          -0.95397,
          -0.295763,
          1.377674
        ],
        [
          0.0,
          0.0,
          0.0,
          1.0
        ]
      ]
    },
    {
      "file_path": "/media/NFS/ttao/scannet/posed_images/scene0663_02/00673.jpg",
      "transform_matrix": [
        [
          -0.190399,
          0.419126,
          -0.887739,
          3.622408
        ],
        [
          0.981184,
          0.051725,
          -0.18602,
          2.068401
        ],
        [
          -0.032048,
          -0.906453,
          -0.421088,
          1.313747
        ],
        [
          0.0,
          0.0,
          0.0,
          1.0
        ]
      ]
    },
    {
      "file_path": "/media/NFS/ttao/scannet/posed_images/scene0663_02/00676.jpg",
      "transform_matrix": [
        [
          -0.169338,
          0.442931,
          -0.880419,
          3.654297
        ],
        [
          0.98534,
          0.057275,
          -0.160704,
          2.051014
        ],
        [
          -0.020755,
          -0.894724,
          -0.446136,
          1.314406
        ],
        [
          0.0,
          0.0,
          0.0,
          1.0
        ]
      ]
    },
    {
      "file_path": "/media/NFS/ttao/scannet/posed_images/scene0663_02/00694.jpg",
      "transform_matrix": [
        [
          -0.025289,
          0.49593,
          -0.867994,
          3.822822
        ],
        [
          0.996849,
          -0.052793,
          -0.059207,
          2.090754
        ],
        [
          -0.075187,
          -0.866756,
          -0.493032,
          1.289711
        ],
        [
          0.0,
          0.0,
          0.0,
          1.0
        ]
      ]
    },
    {
      "file_path": "/media/NFS/ttao/scannet/posed_images/scene0663_02/00700.jpg",
      "transform_matrix": [
        [
          0.019319,
          0.515412,
          -0.856725,
          3.873341
        ],
        [
          0.996344,
          -0.081247,
          -0.026412,
          2.104835
        ],
        [
          -0.08322,
          -0.853082,
          -0.515097,
          1.284088
        ],
        [
          0.0,
          0.0,
          0.0,
          1.0
        ]
      ]
    },
    {
      "file_path": "/media/NFS/ttao/scannet/posed_images/scene0663_02/00712.jpg",
      "transform_matrix": [
        [
          0.103407,
          0.540965,
          -0.834664,
          3.912898
        ],
        [
          0.994274,
          -0.078969,
          0.072,
          2.067651
        ],
        [
          -0.026963,
          -0.83733,
          -0.546033,
          1.288922
        ],
        [
          0.0,
          0.0,
          0.0,
          1.0
        ]
      ]
    },
    {
      "file_path": "/media/NFS/ttao/scannet/posed_images/scene0663_02/00718.jpg",
      "transform_matrix": [
        [
          0.149947,
          0.543987,
          -0.825587,
          3.926296
        ],
        [
          0.988668,
          -0.088629,
          0.121169,
          2.027988
        ],
        [
          -0.007256,
          -0.8344,
          -0.551112,
          1.291445
        ],
        [
          0.0,
          0.0,
          0.0,
          1.0
        ]
      ]
    },
    {
      "file_path": "/media/NFS/ttao/scannet/posed_images/scene0663_02/00732.jpg",
      "transform_matrix": [
        [
          0.356878,
          0.517759,
          -0.777537,
          3.957082
        ],
        [
          0.933285,
          -0.16179,
          0.320629,
          1.966001
        ],
        [
          0.040211,
          -0.840089,
          -0.540956,
          1.29025
        ],
        [
          0.0,
          0.0,
          0.0,
          1.0
        ]
      ]
    },
    {
      "file_path": "/media/NFS/ttao/scannet/posed_images/scene0663_02/00735.jpg",
      "transform_matrix": [
        [
          0.367691,
          0.510915,
          -0.777026,
          3.961447
        ],
        [
          0.92915,
          -0.167237,
          0.329714,
          1.959922
        ],
        [
          0.038509,
          -0.843207,
          -0.536208,
          1.291691
        ],
        [
          0.0,
          0.0,
          0.0,
          1.0
        ]
      ]
    },
    {
      "file_path": "/media/NFS/ttao/scannet/posed_images/scene0663_02/00753.jpg",
      "transform_matrix": [
        [
          0.288865,
          0.410338,
          -0.864974,
          3.920302
        ],
        [
          0.956772,
          -0.155664,
          0.245676,
          1.959428
        ],
        [
          -0.033836,
          -0.89855,
          -0.437566,
          1.349072
        ],
        [
          0.0,
          0.0,
          0.0,
          1.0
        ]
      ]
    },
    {
      "file_path": "/media/NFS/ttao/scannet/posed_images/scene0663_02/00756.jpg",
      "transform_matrix": [
        [
          0.226641,
          0.396626,
          -0.889563,
          3.911084
        ],
        [
          0.972588,
          -0.140946,
          0.184951,
          1.974716
        ],
        [
