{
  "frames": [
    {
      "file_path": "/media/NFS/ttao/scannet/posed_images/scene0505_02/00000.jpg",
      "transform_matrix": [
        [
          -0.835389,
          -0.21329,
          0.506589,
          4.486452
        ],
        [
          -0.548577,
          0.265742,
          -0.792745,
          2.689573
        ],
        [
          0.034463,
          -0.940154,
          -0.339004,
          1.378321
        ],
        [
          0.0,
          0.0,
          0.0,
          1.0
        ]
      ]
    },
    {
      "file_path": "/media/NFS/ttao/scannet/posed_images/scene0505_02/00013.jpg",
      "transform_matrix": [
        [
          -0.821724,
          -0.210732,
          0.529492,
          4.47005
        ],
        [
          -0.569094,
          0.254475,
          -0.781904,
          2.661782
        ],
        [
          0.03003,
          -0.94384,
          -0.329035,
          1.346343
        ],
        [
          0.0,
          0.0,
          0.0,
          1.0
        ]
      ]
    },
    {
      "file_path": "/media/NFS/ttao/scannet/posed_images/scene0505_02/00027.jpg",
      "transform_matrix": [
        [
          -0.838621,
          -0.21531,
          0.500357,
          4.554977
        ],
        [
          -0.544463,
          0.303308,
          -0.782026,
          2.704465
        ],
        [
          0.016616,
          -0.928249,
          -0.371588,
          1.281239
        ],
        [
          0.0,
          0.0,
          0.0,
          1.0
        ]
      ]
    },
    {
      "file_path": "/media/NFS/ttao/scannet/posed_images/scene0505_02/00040.jpg",
      "transform_matrix": [
        [
          -0.884158,
          -0.195836,
          0.424161,
          4.772796
        ],
        [
          -0.465684,
          0.296634,
          -0.833755,
          2.840461
        ],
        [
          0.037458,
          -0.934696,
          -0.353469,
          1.254701
        ],
        [
          0.0,
          0.0,
          0.0,
          1.0
        ]
      ]
    },
    {
      "file_path": "/media/NFS/ttao/scannet/posed_images/scene0505_02/00043.jpg",
      "transform_matrix": [
        [
          -0.894565,
          -0.186492,
          0.40617,
          4.811161
        ],
        [
          -0.444796,
          0.282622,
          -0.849871,
          2.854943
        ],
        [
          0.043702,
          -0.940928,
          -0.335775,
          1.243924
        ],
        [
          0.0,
          0.0,
          0.0,
          1.0
        ]
      ]
    },
    {
      "file_path": "/media/NFS/ttao/scannet/posed_images/scene0505_02/00060.jpg",
      "transform_matrix": [
        [
          -0.900552,
          -0.194042,
          0.389042,
          5.075764
        ],
        [
          -0.43233,
          0.305466,
          -0.848399,
          2.84373
        ],
        [
          0.045786,
          -0.932222,
          -0.358978,
          1.169813
        ],
        [
          0.0,
          0.0,
          0.0,
          1.0
        ]
      ]
    },
    {
      "file_path": "/media/NFS/ttao/scannet/posed_images/scene0505_02/00063.jpg",
      "transform_matrix": [
        [
          -0.908399,
          -0.1983,
          0.368087,
          5.135475
        ],
        [
          -0.414646,
          0.314276,
          -0.85399,
          2.838082
        ],
        [
          0.053666,
          -0.92839,
          -0.367712,
          1.171773
        ],
        [
          0.0,
          0.0,
          0.0,
          1.0
        ]
      ]
    },
    {
      "file_path": "/media/NFS/ttao/scannet/posed_images/scene0505_02/00076.jpg",
      "transform_matrix": [
        [
          -0.975748,
          -0.10007,
          0.194684,
          5.268639
        ],
        [
          -0.21853,
          0.393868,
          -0.892811,
          2.849311
        ],
        [
          0.012664,
          -0.913703,
          -0.406185,
          1.160887
        ],
        [
          0.0,
          0.0,
          0.0,
          1.0
        ]
      ]
    },
    {
      "file_path": "/media/NFS/ttao/scannet/posed_images/scene0505_02/00090.jpg",
      "transform_matrix": [
        [
          -0.987011,
          -0.047546,
          0.153454,
          5.220538
        ],
        [
          -0.160018,
          0.375681,
          -0.91283,
          2.879848
        ],
        [
          -0.014249,
          -0.925529,
          -0.378409,
          1.197942
        ],
        [
          0.0,
          0.0,
          0.0,
          1.0
        ]
      ]
    },
    {
      "file_path": "/media/NFS/ttao/scannet/posed_images/scene0505_02/00103.jpg",
      "transform_matrix": [
        [
          -0.957094,
          -0.04758,
          0.285847,
          4.95091
        ],
        [
          -0.284166,
          0.347315,
          -0.893656,
          2.890823
        ],
        [
          -0.056759,
          -0.936541,
          -0.345934,
          1.257266
        ],
        [
          0.0,
          0.0,
          0.0,
          1.0
        ]
      ]
    },
    {
      "file_path": "/media/NFS/ttao/scannet/posed_images/scene0505_02/00113.jpg",
      "transform_matrix": [
        [
          -0.926928,
          -0.075932,
          0.367478,
          4.810718
        ],
        [
          -0.371421,
          0.325045,
          -0.869709,
          2.832154
        ],
        [
          -0.053408,
          -0.942645,
          -0.329496,
          1.278848
        ],
        [
          0.0,
          0.0,
          0.0,
          1.0
        ]
      ]
    },
    {
      "file_path": "/media/NFS/ttao/scannet/posed_images/scene0505_02/00126.jpg",
      "transform_matrix": [
        [
          -0.904796,
          -0.135582,
          0.403686,
          4.649897
        ],
        [
          -0.425345,
          0.333689,
          -0.841269,
          2.670614
        ],
        [
          -0.020645,
          -0.932882,
          -0.35959,
          1.294051
        ],
        [
          0.0,
          0.0,
          0.0,
          1.0
        ]
      ]
    },
    {
      "file_path": "/media/NFS/ttao/scannet/posed_images/scene0505_02/00133.jpg",
      "transform_matrix": [
        [
          -0.876004,
          -0.167404,
          0.45232,
          4.553934
        ],
        [
          -0.48229,
          0.311285,
          -0.81884,
          2.594346
        ],
        [
          -0.003723,
          -0.935456,
          -0.353424,
          1.303978
        ],
        [
          0.0,
          0.0,
          0.0,
          1.0
        ]
      ]
    },
    {
      "file_path": "/media/NFS/ttao/scannet/posed_images/scene0505_02/00143.jpg",
      "transform_matrix": [
        [
          -0.793562,
          -0.220104,
          0.567287,
          4.422808
        ],
        [
          -0.608432,
          0.27418,
          -0.744739,
          2.480789
        ],
        [
          0.008381,
          -0.936152,
          -0.351497,
          1.355481
        ],
        [
          0.0,
          0.0,
          0.0,
          1.0
        ]
      ]
    },
    {
      "file_path": "/media/NFS/ttao/scannet/posed_images/scene0505_02/00153.jpg",
      "transform_matrix": [
        [
          -0.691756,
          -0.209101,
          0.691195,
          4.357016
        ],
        [
          -0.72211,
          0.193002,
          -0.66431,
          2.359891
        ],
        [
          0.005506,
          -0.958659,
          -0.284504,
          1.393004
        ],
        [
          0.0,
          0.0,
          0.0,
          1.0
        ]
      ]
    },
    {
      "file_path": "/media/NFS/ttao/scannet/posed_images/scene0505_02/00173.jpg",
      "transform_matrix": [
        [
          -0.578569,
          -0.22594,
          0.783715,
          4.421096
        ],
        [
          -0.812806,
          0.079772,
          -0.577047,
          2.121017
        ],
        [
          0.06786,
          -0.97087,
          -0.229798,
          1.394844
        ],
        [
          0.0,
          0.0,
          0.0,
          1.0
        ]
      ]
    },
    {
      "file_path": "/media/NFS/ttao/scannet/posed_images/scene0505_02/00183.jpg",
      "transform_matrix": [
        [
          -0.533745,
          -0.234931,
          0.812357,
          4.428821
        ],
        [
          -0.844111,
          0.090178,
          -0.52853,
          2.006812
        ],
        [
          0.050912,
          -0.96782,
          -0.24644,
          1.406406
        ],
        [
          0.0,
          0.0,
          0.0,
          1.0
        ]
      ]
    },
    {
      "file_path": "/media/NFS/ttao/scannet/posed_images/scene0505_02/00193.jpg",
      "transform_matrix": [
        [
          -0.464879,
          -0.25761,
          0.847069,
          4.425695
        ],
        [
          -0.884473,
          0.091958,
          -0.45744,
          1.903783
        ],
        [
          0.039946,
          -0.961863,
          -0.270598,
          1.41035
        ],
        [
          0.0,
          0.0,
          0.0,
          1.0
        ]
      ]
    },
    {
      "file_path": "/media/NFS/ttao/scannet/posed_images/scene0505_02/00196.jpg",
      "transform_matrix": [
        [
          -0.457053,
          -0.265996,
          0.848734,
          4.428995
        ],
        [
          -0.88849,
          0.092459,
          -0.449485,
          1.885461
        ],
        [
          0.041088,
          -0.95953,
          -0.278593,
          1.411246
        ],
        [
          0.0,
          0.0,
          0.0,
          1.0
        ]
      ]
    },
    {
      "file_path": "/media/NFS/ttao/scannet/posed_images/scene0505_02/00213.jpg",
      "transform_matrix": [
        [
          -0.565867,
          -0.329561,
          0.755767,
          4.465233
        ],
        [
          -0.818992,
          0.118932,
          -0.561344,
          1.932123
        ],
        [
          0.095112,
          -0.936613,
          -0.337208,
          1.401261
        ],
        [
          0.0,
          0.0,
          0.0,
          1.0
        ]
      ]
    },
    {
      "file_path": "/media/NFS/ttao/scannet/posed_images/scene0505_02/00223.jpg",
      "transform_matrix": [
        [
          -0.679945,
          -0.300075,
          0.669051,
          4.515753
        ],
        [
          -0.724161,
          0.13148,
          -0.676982,
          2.09094
        ],
        [
          0.115179,
          -0.944811,
          -0.306702,
          1.382881
        ],
        [
          0.0,
          0.0,
          0.0,
          1.0
        ]
      ]
    },
    {
      "file_path": "/media/NFS/ttao/scannet/posed_images/scene0505_02/00236.jpg",
      "transform_matrix": [
        [
          -0.745493,
          -0.292833,
          0.59874,
          4.51147
        ],
        [
          -0.659899,
          0.198033,
          -0.724787,
          2.169947
        ],
        [
          0.093672,
          -0.935431,
          -0.340872,
          1.378203
        ],
        [
          0.0,
          0.0,
          0.0,
          1.0
        ]
      ]
    },
    {
      "file_path": "/media/NFS/ttao/scannet/posed_images/scene0505_02/00249.jpg",
      "transform_matrix": [
        [
          -0.743314,
          -0.243887,
          0.6229,
          4.433204
        ],
        [
          -0.668832,
          0.254023,
          -0.698667,
          2.180966
        ],
        [
          0.012165,
          -0.935944,
          -0.351938,
          1.351644
        ],
        [
          0.0,
          0.0,
          0.0,
          1.0
        ]
      ]
    },
    {
      "file_path": "/media/NFS/ttao/scannet/posed_images/scene0505_02/00259.jpg",
      "transform_matrix": [
        [
          -0.778767,
          -0.206605,
          0.592314,
          4.422793
        ],
        [
          -0.627226,
          0.272223,
          -0.729714,
          2.202406
        ],
        [
          -0.010479,
          -0.939792,
          -0.341586,
          1.365995
        ],
        [
          0.0,
          0.0,
          0.0,
          1.0
        ]
      ]
    },
    {
      "file_path": "/media/NFS/ttao/scannet/posed_images/scene0505_02/00272.jpg",
      "transform_matrix": [
        [
          -0.847642,
          -0.241879,
          0.472227,
          4.592301
        ],
        [
          -0.520574,
          0.207203,
          -0.828293,
          2.348887
        ],
        [
          0.102499,
          -0.947925,
          -0.30155,
          1.357843
        ],
        [
          0.0,
          0.0,
          0.0,
          1.0
        ]
      ]
    },
    {
      "file_path": "/media/NFS/ttao/scannet/posed_images/scene0505_02/00279.jpg",
      "transform_matrix": [
        [
          -0.890098,
          -0.231375,
          0.392671,
          4.719723
        ],
        [
          -0.442771,
          0.234693,
          -0.865374,
          2.459606
        ],
        [
          0.108069,
          -0.944132,
          -0.311346,
          1.339465
        ],
        [
          0.0,
          0.0,
          0.0,
          1.0
        ]
      ]
    },
    {
      "file_path": "/media/NFS/ttao/scannet/posed_images/scene0505_02/00292.jpg",
      "transform_matrix": [
        [
          -0.956795,
          -0.192835,
          0.217621,
          4.893758
        ],
        [
          -0.264724,
          0.268125,
          -0.926299,
          2.501955
        ],
        [
          0.120273,
          -0.943888,
          -0.307588,
          1.325258
        ],
        [
          0.0,
          0.0,
          0.0,
          1.0
        ]
      ]
    },
    {
      "file_path": "/media/NFS/ttao/scannet/posed_images/scene0505_02/00306.jpg",
      "transform_matrix": [
        [
          -0.992009,
          -0.104041,
          0.071373,
          5.098837
        ],
        [
          -0.096786,
          0.26462,
          -0.959484,
          2.478398
        ],
        [
          0.080939,
          -0.958724,
          -0.272575,
          1.332649
        ],
        [
          0.0,
          0.0,
          0.0,
          1.0
        ]
      ]
    },
    {
      "file_path": "/media/NFS/ttao/scannet/posed_images/scene0505_02/00309.jpg",
      "transform_matrix": [
        [
          -0.99617,
          -0.082387,
          0.029294,
          5.145335
        ],
        [
          -0.050574,
          0.269581,
          -0.961649,
          2.479312
        ],
        [
          0.07133,
          -0.959447,
          -0.272715,
          1.33255
        ],
        [
          0.0,
          0.0,
          0.0,
          1.0
        ]
      ]
    },
    {
      "file_path": "/media/NFS/ttao/scannet/posed_images/scene0505_02/00319.jpg",
      "transform_matrix": [
        [
          -0.99444,
          0.042046,
          -0.096545,
          5.312229
        ],
        [
          0.1047,
          0.296834,
          -0.949172,
          2.505042
        ],
        [
          -0.011251,
          -0.954003,
          -0.299586,
          1.313906
        ],
        [
          0.0,
          0.0,
          0.0,
          1.0
        ]
      ]
    },
    {
      "file_path": "/media/NFS/ttao/scannet/posed_images/scene0505_02/00339.jpg",
      "transform_matrix": [
        [
          -0.959685,
          0.078634,
          -0.269854,
          5.451099
        ],
        [
          0.280765,
          0.313402,
          -0.907166,
          2.503325
        ],
        [
          0.013238,
          -0.946359,
          -0.322845,
          1.317423
        ],
        [
          0.0,
          0.0,
          0.0,
          1.0
        ]
      ]
    },
    {
      "file_path": "/media/NFS/ttao/scannet/posed_images/scene0505_02/00349.jpg",
      "transform_matrix": [
        [
          -0.947879,
          0.118746,
          -0.295676,
          5.432272
        ],
        [
          0.317773,
          0.284329,
          -0.904531,
          2.457574
        ],
        [
          -0.02334,
          -0.951345,
          -0.307244,
          1.320774
        ],
        [
          0.0,
          0.0,
          0.0,
          1.0
        ]
      ]
    },
    {
      "file_path": "/media/NFS/ttao/scannet/posed_images/scene0505_02/00355.jpg",
      "transform_matrix": [
        [
          -0.941429,
          0.133647,
          -0.309597,
          5.449796
        ],
        [
          0.33608,
          0.296723,
          -0.893871,
          2.424389
        ],
        [
          -0.027599,
          -0.945565,
          -0.32426,
          1.305202
        ],
        [
          0.0,
          0.0,
          0.0,
          1.0
        ]
      ]
    },
    {
      "file_path": "/media/NFS/ttao/scannet/posed_images/scene0505_02/00365.jpg",
      "transform_matrix": [
        [
          -0.905441,
          0.150198,
          -0.39701,
          5.504043
        ],
        [
          0.423648,
          0.261548,
          -0.867246,
          2.3601
        ],
        [
          -0.026421,
          -0.953433,
          -0.300447,
          1.306869
        ],
        [
          0.0,
          0.0,
          0.0,
          1.0
        ]
      ]
    },
    {
      "file_path": "/media/NFS/ttao/scannet/posed_images/scene0505_02/00379.jpg",
      "transform_matrix": [
        [
          -0.797089,
          0.218518,
          -0.562937,
          5.682055
        ],
        [
          0.602999,
          0.238235,
          -0.761338,
          2.247351
        ],
        [
          -0.032255,
          -0.946305,
          -0.321661,
          1.296907
        ],
        [
          0.0,
          0.0,
          0.0,
          1.0
        ]
      ]
    },
    {
      "file_path": "/media/NFS/ttao/scannet/posed_images/scene0505_02/00392.jpg",
      "transform_matrix": [
        [
          -0.787012,
          0.237392,
          -0.569436,
          5.699448
        ],
        [
          0.616614,
          0.272776,
          -0.738499,
          2.243394
        ],
        [
          -0.019985,
          -0.932329,
          -0.361057,
          1.295504
        ],
        [
          0.0,
          0.0,
          0.0,
          1.0
        ]
      ]
    },
    {
      "file_path": "/media/NFS/ttao/scannet/posed_images/scene0505_02/00395.jpg",
      "transform_matrix": [
        [
          -0.7869,
          0.245597,
          -0.566102,
          5.689106
        ],
        [
          0.616158,
          0.262574,
          -0.742566,
          2.262737
        ],
        [
          -0.033728,
          -0.933133,
          -0.357946,
          1.299393
        ],
        [
          0.0,
          0.0,
          0.0,
          1.0
        ]
      ]
    },
    {
      "file_path": "/media/NFS/ttao/scannet/posed_images/scene0505_02/00412.jpg",
      "transform_matrix": [
        [
          -0.777243,
          0.245556,
          -0.579307,
          5.542273
        ],
        [
          0.62655,
          0.217624,
          -0.748382,
          2.486614
        ],
        [
          -0.057698,
          -0.944639,
          -0.322999,
          1.294111
        ],
        [
          0.0,
          0.0,
          0.0,
          1.0
        ]
      ]
    },
    {
      "file_path": "/media/NFS/ttao/scannet/posed_images/scene0505_02/00419.jpg",
      "transform_matrix": [
        [
          -0.800519,
          0.244161,
          -0.547316,
          5.515149
        ],
        [
          0.594616,
          0.209543,
          -0.776224,
          2.538513
        ],
        [
          -0.074837,
          -0.946825,
          -0.312925,
          1.316969
        ],
        [
          0.0,
          0.0,
          0.0,
          1.0
        ]
      ]
    },
    {
      "file_path": "/media/NFS/ttao/scannet/posed_images/scene0505_02/00439.jpg",
      "transform_matrix": [
        [
          -0.741727,
          0.20997,
          -0.636988,
          5.546944
        ],
        [
          0.670357,
          0.201602,
          -0.714128,
          2.584979
        ],
        [
          -0.021527,
          -0.956697,
          -0.290289,
          1.29958
        ],
        [
          0.0,
          0.0,
          0.0,
          1.0
        ]
      ]
    },
    {
      "file_path": "/media/NFS/ttao/scannet/posed_images/scene0505_02/00442.jpg",
      "transform_matrix": [
        [
          -0.736147,
          0.212242,
          -0.642683,
          5.54283
        ],
        [
          0.676474,
          0.200277,
          -0.708712,
          2.603964
        ],
        [
          -0.021704,
          -0.956474,
          -0.291009,
          1.301223
        ],
        [
          0.0,
          0.0,
          0.0,
          1.0
        ]
      ]
    },
    {
      "file_path": "/media/NFS/ttao/scannet/posed_images/scene0505_02/00452.jpg",
      "transform_matrix": [
        [
          -0.723681,
          0.251589,
          -0.642643,
          5.518008
        ],
        [
          0.688371,
          0.196598,
          -0.698209,
          2.709875
        ],
        [
          -0.049319,
          -0.947656,
          -0.315461,
          1.299608
        ],
        [
          0.0,
          0.0,
          0.0,
          1.0
        ]
      ]
    },
    {
      "file_path": "/media/NFS/ttao/scannet/posed_images/scene0505_02/00468.jpg",
      "transform_matrix": [
        [
          -0.726323,
          0.266239,
          -0.633697,
          5.392882
        ],
        [
          0.682272,
          0.16735,
          -0.711688,
          2.961
        ],
        [
          -0.08343,
          -0.949268,
          -0.303198,
          1.291278
        ],
        [
          0.0,
          0.0,
          0.0,
          1.0
        ]
      ]
    },
    {
      "file_path": "/media/NFS/ttao/scannet/posed_images/scene0505_02/00478.jpg",
      "transform_matrix": [
        [
          -0.632522,
          0.316456,
          -0.706945,
          5.280301
        ],
        [
          0.768785,
          0.145433,
          -0.622751,
          2.993774
        ],
        [
          -0.094259,
          -0.937393,
          -0.335276,
          1.282919
        ],
        [
          0.0,
          0.0,
          0.0,
          1.0
        ]
      ]
    },
    {
      "file_path": "/media/NFS/ttao/scannet/posed_images/scene0505_02/00488.jpg",
      "transform_matrix": [
        [
          -0.591838,
          0.277051,
          -0.756948,
          5.131963
        ],
        [
          0.805298,
          0.162479,
          -0.570172,
          2.993966
        ],
        [
          -0.034978,
          -0.947018,
          -0.319269,
          1.292401
        ],
        [
          0.0,
          0.0,
          0.0,
          1.0
        ]
      ]
    },
    {
      "file_path": "/media/NFS/ttao/scannet/posed_images/scene0505_02/00505.jpg",
      "transform_matrix": [
        [
          -0.584029,
          0.334681,
          -0.739526,
          4.94448
        ],
        [
          0.810349,
          0.187219,
          -0.555232,
          3.087481
        ],
        [
          -0.047372,
          -0.923546,
          -0.38055,
          1.279346
        ],
        [
          0.0,
          0.0,
          0.0,
          1.0
        ]
      ]
    },
    {
      "file_path": "/media/NFS/ttao/scannet/posed_images/scene0505_02/00508.jpg",
      "transform_matrix": [
        [
          -0.59891,
          0.345098,
          -0.722644,
          4.904675
        ],
        [
          0.798053,
          0.182303,
          -0.574349,
          3.122342
        ],
        [
          -0.066466,
          -0.920692,
          -0.384589,
          1.270066
        ],
        [
          0.0,
          0.0,
          0.0,
          1.0
        ]
      ]
    },
    {
      "file_path": "/media/NFS/ttao/scannet/posed_images/scene0505_02/00522.jpg",
      "transform_matrix": [
        [
          -0.62254,
          0.363925,
          -0.692823,
          4.777808
        ],
        [
          0.78067,
          0.226837,
          -0.582322,
          3.226738
        ],
        [
          -0.054764,
          -0.903385,
          -0.425321,
          1.2471
        ],
        [
          0.0,
          0.0,
          0.0,
          1.0
        ]
      ]
    },
    {
      "file_path": "/media/NFS/ttao/scannet/posed_images/scene0505_02/00538.jpg",
      "transform_matrix": [
        [
          -0.659259,
          0.266738,
          -0.703014,
          4.778085
        ],
        [
          0.751228,
          0.193686,
          -0.630985,
          3.146529
        ],
        [
          -0.032143,
          -0.944106,
          -0.328071,
          1.309548
        ],
        [
          0.0,
          0.0,
          0.0,
          1.0
        ]
      ]
    },
    {
      "file_path": "/media/NFS/ttao/scannet/posed_images/scene0505_02/00545.jpg",
      "transform_matrix": [
        [
          -0.617248,
          0.234257,
          -0.751085,
          4.821198
        ],
        [
          0.786678,
          0.169223,
          -0.593719,
          3.058052
        ],
        [
          -0.011982,
          -0.957333,
          -0.288737,
          1.316981
        ],
        [
          0.0,
          0.0,
          0.0,
          1.0
        ]
      ]
    },
    {
      "file_path": "/media/NFS/ttao/scannet/posed_images/scene0505_02/00555.jpg",
      "transform_matrix": [
        [
          -0.562061,
          0.222005,
          -0.796744,
          4.888155
        ],
        [
          0.826922,
          0.131082,
          -0.546825,
          2.900172
        ],
        [
          -0.016959,
          -0.966194,
          -0.257257,
          1.337717
        ],
        [
          0.0,
          0.0,
          0.0,
          1.0
        ]
      ]
    },
    {
      "file_path": "/media/NFS/ttao/scannet/posed_images/scene0505_02/00561.jpg",
      "transform_matrix": [
        [
          -0.56427,
          0.231494,
          -0.792471,
          4.913264
        ],
        [
          0.825151,
          0.126821,
          -0.550493,
          2.818637
        ],
        [
          -0.026934,
          -0.964535,
          -0.262579,
          1.331046
        ],
        [
          0.0,
          0.0,
          0.0,
          1.0
        ]
      ]
    },
    {
      "file_path": "/media/NFS/ttao/scannet/posed_images/scene0505_02/00581.jpg",
      "transform_matrix": [
        [
          -0.454224,
          0.189854,
          -0.870423,
          5.022874
        ],
        [
          0.890811,
          0.109595,
          -0.440959,
          2.454645
        ],
        [
          0.011676,
          -0.975676,
          -0.218905,
          1.339344
        ],
        [
          0.0,
          0.0,
          0.0,
          1.0
        ]
      ]
    },
    {
      "file_path": "/media/NFS/ttao/scannet/posed_images/scene0505_02/00591.jpg",
      "transform_matrix": [
        [
          -0.315911,
          0.23613,
          -0.918936,
          5.125446
        ],
        [
          0.948542,
          0.056515,
          -0.311567,
          2.294982
        ],
        [
          -0.021636,
          -0.970077,
          -0.241833,
          1.349454
        ],
        [
          0.0,
          0.0,
          0.0,
          1.0
        ]
      ]
    },
    {
      "file_path": "/media/NFS/ttao/scannet/posed_images/scene0505_02/00601.jpg",
      "transform_matrix": [
        [
          -0.257189,
          0.259695,
          -0.930813,
          5.213906
        ],
        [
          0.966188,
          0.087339,
          -0.242596,
          2.127253
        ],
        [
          0.018295,
          -0.961733,
          -0.273377,
          1.340674
        ],
        [
          0.0,
          0.0,
          0.0,
          1.0
        ]
      ]
    },
    {
      "file_path": "/media/NFS/ttao/scannet/posed_images/scene0505_02/00615.jpg",
      "transform_matrix": [
        [
          -0.26457,
          0.302119,
          -0.91582,
          5.230154
        ],
        [
          0.962607,
          0.140077,
          -0.231877,
          2.077586
        ],
        [
          0.058231,
          -0.942923,
          -0.327882,
          1.301331
        ],
        [
          0.0,
          0.0,
          0.0,
          1.0
        ]
      ]
    },
    {
      "file_path": "/media/NFS/ttao/scannet/posed_images/scene0505_02/00621.jpg",
      "transform_matrix": [
        [
          -0.26485,
          0.325855,
          -0.907565,
          5.216952
        ],
        [
          0.963812,
          0.119084,
          -0.238508,
          2.118778
        ],
        [
          0.030358,
          -0.93789,
          -0.345602,
          1.299413
        ],
        [
          0.0,
          0.0,
          0.0,
          1.0
        ]
      ]
    },
    {
      "file_path": "/media/NFS/ttao/scannet/posed_images/scene0505_02/00628.jpg",
      "transform_matrix": [
        [
          -0.268984,
          0.36093,
          -0.89296,
          5.180259
        ],
        [
          0.96238,
          0.063783,
          -0.264115,
          2.248234
        ],
        [
          -0.038372,
          -0.930409,
          -0.364509,
          1.309111
        ],
        [
          0.0,
          0.0,
          0.0,
          1.0
        ]
      ]
    },
    {
      "file_path": "/media/NFS/ttao/scannet/posed_images/scene0505_02/00644.jpg",
      "transform_matrix": [
        [
          -0.342003,
          0.387377,
          -0.856138,
          5.075023
        ],
        [
          0.936564,
          0.066157,
          -0.344197,
          2.574646
        ],
        [
          -0.076695,
          -0.919545,
          -0.38543,
          1.29442
        ],
        [
          0.0,
          0.0,
          0.0,
          1.0
        ]
      ]
    },
    {
      "file_path": "/media/NFS/ttao/scannet/posed_images/scene0505_02/00658.jpg",
      "transform_matrix": [
        [
          -0.315138,
          0.400744,
          -0.860286,
          4.905575
        ],
        [
          0.947304,
          0.077929,
          -0.310713,
          2.76017
        ],
        [
          -0.057475,
          -0.91287,
          -0.404184,
          1.265088
        ],
        [
          0.0,
          0.0,
          0.0,
          1.0
        ]
      ]
    },
    {
      "file_path": "/media/NFS/ttao/scannet/posed_images/scene0505_02/00664.jpg",
      "transform_matrix": [
        [
          -0.362209,
          0.409293,
          -0.837427,
          4.831549
        ],
        [
          0.92975,
          0.094928,
          -0.355745,
          2.852764
        ],
        [
          -0.066109,
          -0.907451,
          -0.414924,
          1.261256
        ],
        [
          0.0,
          0.0,
          0.0,
          1.0
        ]
      ]
    },
    {
      "file_path": "/media/NFS/ttao/scannet/posed_images/scene0505_02/00674.jpg",
      "transform_matrix": [
        [
          -0.446369,
          0.37915,
          -0.810556,
          4.746162
        ],
        [
          0.891238,
          0.107073,
          -0.440715,
          2.987614
        ],
        [
          -0.080308,
          -0.91912,
          -0.385707,
          1.248263
        ],
        [
          0.0,
          0.0,
          0.0,
          1.0
        ]
      ]
    },
    {
      "file_path": "/media/NFS/ttao/scannet/posed_images/scene0505_02/00691.jpg",
      "transform_matrix": [
        [
          -0.699351,
          0.310371,
          -0.643878,
          4.55769
        ],
        [
          0.711558,
          0.216889,
          -0.668315,
          3.160043
        ],
        [
          -0.067775,
          -0.925543,
          -0.372528,
          1.291722
        ],
        [
          0.0,
          0.0,
          0.0,
          1.0
        ]
      ]
    },
    {
      "file_path": "/media/NFS/ttao/scannet/posed_images/scene0505_02/00701.jpg",
      "transform_matrix": [
        [
          -0.697657,
          0.262947,
          -0.666434,
          4.431004
        ],
        [
          0.715883,
          0.219453,
          -0.662836,
          3.107583
        ],
        [
          -0.02804,
          -0.939521,
          -0.341342,
          1.308804
        ],
        [
          0.0,
          0.0,
          0.0,
          1.0
        ]
      ]
    },
    {
      "file_path": "/media/NFS/ttao/scannet/posed_images/scene0505_02/00714.jpg",
      "transform_matrix": [
        [
          -0.758058,
          0.243949,
          -0.604845,
          4.263866
        ],
        [
          0.65152,
          0.241319,
          -0.719226,
          3.029263
        ],
        [
          -0.029494,
          -0.939284,
          -0.341871,
          1.340548
        ],
        [
          0.0,
          0.0,
          0.0,
          1.0
        ]
      ]
    },
    {
      "file_path": "/media/NFS/ttao/scannet/posed_images/scene0505_02/00724.jpg",
      "transform_matrix": [
        [
          -0.807339,
          0.238895,
          -0.539567,
          4.109875
        ],
        [
          0.589796,
          0.297964,
          -0.750572,
          3.003166
        ],
        [
          -0.018536,
          -0.924201,
          -0.381457,
          1.340322
        ],
        [
          0.0,
          0.0,
          0.0,
          1.0
        ]
      ]
    },
    {
      "file_path": "/media/NFS/ttao/scannet/posed_images/scene0505_02/00731.jpg",
      "transform_matrix": [
        [
          -0.812764,
          0.237484,
          -0.531993,
          3.999597
        ],
        [
          0.582128,
          0.294525,
          -0.75788,
          3.002336
        ],
        [
          -0.023299,
          -0.925665,
          -0.377625,
          1.340398
        ],
        [
          0.0,
          0.0,
          0.0,
          1.0
        ]
      ]
    },
    {
      "file_path": "/media/NFS/ttao/scannet/posed_images/scene0505_02/00747.jpg",
      "transform_matrix": [
        [
          -0.78229,
          0.268919,
          -0.561876,
          3.747999
        ],
        [
          0.622889,
          0.329626,
          -0.709476,
          2.969041
        ],
        [
          -0.005583,
          -0.905002,
          -0.42537,
          1.334004
        ],
        [
          0.0,
          0.0,
          0.0,
          1.0
        ]
      ]
    },
    {
      "file_path": "/media/NFS/ttao/scannet/posed_images/scene0505_02/00751.jpg",
      "transform_matrix": [
        [
          -0.782319,
          0.284638,
          -0.554039,
          3.682392
        ],
        [
          0.622655,
          0.333548,
          -0.707847,
          2.967554
        ],
        [
          -0.016682,
          -0.898736,
          -0.438172,
          1.341467
        ],
        [
          0.0,
          0.0,
          0.0,
          1.0
        ]
      ]
    },
    {
      "file_path": "/media/NFS/ttao/scannet/posed_images/scene0505_02/00771.jpg",
      "transform_matrix": [
        [
          -0.991141,
          0.051916,
          -0.122246,
          3.344452
        ],
        [
          0.132725,
          0.420594,
          -0.897488,
          3.13997
        ],
        [
          0.004822,
          -0.905762,
          -0.423759,
          1.364081
        ],
        [
          0.0,
          0.0,
          0.0,
          1.0
        ]
      ]
    },
    {
      "file_path": "/media/NFS/ttao/scannet/posed_images/scene0505_02/00781.jpg",
      "transform_matrix": [
        [
          -0.995238,
          -0.072447,
          0.065209,
          3.220032
        ],
        [
          -0.08802,
          0.380598,
          -0.920542,
          3.181959
        ],
        [
          0.041873,
          -0.921898,
          -0.385163,
          1.350538
        ],
        [
          0.0,
          0.0,
          0.0,
          1.0
        ]
      ]
    },
    {
      "file_path": "/media/NFS/ttao/scannet/posed_images/scene0505_02/00791.jpg",
      "transform_matrix": [
        [
          -0.985387,
          -0.118818,
          0.122042,
          3.035625
        ],
        [
          -0.160132,
          0.402035,
          -0.901513,
          3.200116
        ],
        [
          0.058051,
          -0.907882,
          -0.415187,
          1.368372
        ],
        [
          0.0,
          0.0,
          0.0,
          1.0
        ]
      ]
    },
    {
      "file_path": "/media/NFS/ttao/scannet/posed_images/scene0505_02/00804.jpg",
      "transform_matrix": [
        [
          -0.986996,
          -0.091399,
          0.132233,
          2.665812
        ],
        [
          -0.156056,
          0.347554,
          -0.924583,
          3.387729
        ],
        [
          0.038548,
          -0.933195,
          -0.357298,
          1.436242
        ],
        [
          0.0,
          0.0,
          0.0,
          1.0
        ]
      ]
    },
    {
      "file_path": "/media/NFS/ttao/scannet/posed_images/scene0505_02/00811.jpg",
      "transform_matrix": [
        [
          -0.98988,
          -0.084912,
          0.113699,
          2.654354
        ],
        [
          -0.13338,
          0.283181,
          -0.949746,
          3.435828
        ],
        [
          0.048447,
          -0.9553,
          -0.291641,
          1.467684
        ],
        [
          0.0,
          0.0,
          0.0,
          1.0
        ]
      ]
    },
    {
      "file_path": "/media/NFS/ttao/scannet/posed_images/scene0505_02/00821.jpg",
      "transform_matrix": [
        [
          -0.996336,
          -0.054364,
          0.066026,
          2.655906
        ],
        [
          -0.076314,
          0.216547,
          -0.973285,
          3.52428
        ],
        [
          0.038614,
          -0.974757,
          -0.219902,
          1.485803
        ],
        [
          0.0,
          0.0,
          0.0,
          1.0
        ]
      ]
    },
    {
      "file_path": "/media/NFS/ttao/scannet/posed_images/scene0505_02/00827.jpg",
      "transform_matrix": [
        [
          -0.998183,
          -0.054612,
          0.025468,
          2.646557
        ],
        [
          -0.036559,
          0.212861,
          -0.976398,
          3.572454
        ],
        [
          0.047902,
          -0.975555,
          -0.21447,
          1.484185
        ],
        [
          0.0,
          0.0,
          0.0,
          1.0
        ]
      ]
    },
    {
      "file_path": "/media/NFS/ttao/scannet/posed_images/scene0505_02/00840.jpg",
      "transform_matrix": [
        [
          -0.998117,
          -0.033494,
          -0.051392,
          2.597107
        ],
        [
          0.040957,
          0.25982,
          -0.964788,
          3.605633
        ],
        [
          0.045668,
          -0.965076,
          -0.257959,
          1.469583
        ],
        [
          0.0,
          0.0,
          0.0,
          1.0
        ]
      ]
    },
    {
      "file_path": "/media/NFS/ttao/scannet/posed_images/scene0505_02/00854.jpg",
      "transform_matrix": [
        [
          -0.994267,
          -0.033605,
          -0.101513,
          2.495852
        ],
        [
          0.085304,
          0.323157,
          -0.942493,
          3.601472
        ],
        [
          0.064477,
