{
  "frames": [
    {
      "file_path": "/media/NFS/ttao/scannet/posed_images/scene0431_00/00000.jpg",
      "transform_matrix": [
        [
          -0.771508,
          -0.119563,
          0.624885,
          3.851447
        ],
        [
          -0.626396,
          0.314688,
          -0.713162,
          6.327794
        ],
        [
          -0.111376,
          -0.941635,
          -0.317678,
          1.643302
        ],
        [
          0.0,
          0.0,
          0.0,
          1.0
        ]
      ]
    },
    {
      "file_path": "/media/NFS/ttao/scannet/posed_images/scene0431_00/00004.jpg",
      "transform_matrix": [
        [
          -0.767931,
          -0.128065,
          0.6276,
          3.860671
        ],
        [
          -0.631233,
          0.317666,
          -0.707555,
          6.32545
        ],
        [
          -0.108754,
          -0.939515,
          -0.324785,
          1.639482
        ],
        [
          0.0,
          0.0,
          0.0,
          1.0
        ]
      ]
    },
    {
      "file_path": "/media/NFS/ttao/scannet/posed_images/scene0431_00/00007.jpg",
      "transform_matrix": [
        [
          -0.767402,
          -0.13271,
          0.627282,
          3.876285
        ],
        [
          -0.632655,
          0.315618,
          -0.707201,
          6.323477
        ],
        [
          -0.104129,
          -0.93956,
          -0.326166,
          1.642874
        ],
        [
          0.0,
          0.0,
          0.0,
          1.0
        ]
      ]
    },
    {
      "file_path": "/media/NFS/ttao/scannet/posed_images/scene0431_00/00013.jpg",
      "transform_matrix": [
        [
          -0.785954,
          -0.138152,
          0.602653,
          3.931939
        ],
        [
          -0.609564,
          0.33628,
          -0.717878,
          6.29492
        ],
        [
          -0.103483,
          -0.931574,
          -0.348513,
          1.668006
        ],
        [
          0.0,
          0.0,
          0.0,
          1.0
        ]
      ]
    },
    {
      "file_path": "/media/NFS/ttao/scannet/posed_images/scene0431_00/00016.jpg",
      "transform_matrix": [
        [
          -0.795253,
          -0.138165,
          0.590325,
          3.975616
        ],
        [
          -0.597795,
          0.341003,
          -0.725505,
          6.290187
        ],
        [
          -0.101063,
          -0.929853,
          -0.353778,
          1.677816
        ],
        [
          0.0,
          0.0,
          0.0,
          1.0
        ]
      ]
    },
    {
      "file_path": "/media/NFS/ttao/scannet/posed_images/scene0431_00/00017.jpg",
      "transform_matrix": [
        [
          -0.796899,
          -0.138774,
          0.587957,
          3.988359
        ],
        [
          -0.595807,
          0.341373,
          -0.726966,
          6.288743
        ],
        [
          -0.099828,
          -0.929627,
          -0.354723,
          1.679963
        ],
        [
          0.0,
          0.0,
          0.0,
          1.0
        ]
      ]
    },
    {
      "file_path": "/media/NFS/ttao/scannet/posed_images/scene0431_00/00020.jpg",
      "transform_matrix": [
        [
          -0.802091,
          -0.139067,
          0.580785,
          4.03439
        ],
        [
          -0.589152,
          0.343404,
          -0.731419,
          6.280616
        ],
        [
          -0.097728,
          -0.928835,
          -0.357372,
          1.688613
        ],
        [
          0.0,
          0.0,
          0.0,
          1.0
        ]
      ]
    },
    {
      "file_path": "/media/NFS/ttao/scannet/posed_images/scene0431_00/00027.jpg",
      "transform_matrix": [
        [
          -0.805951,
          -0.132101,
          0.577055,
          4.128581
        ],
        [
          -0.579276,
          0.376869,
          -0.722779,
          6.245075
        ],
        [
          -0.121994,
          -0.916798,
          -0.380261,
          1.721425
        ],
        [
          0.0,
          0.0,
          0.0,
          1.0
        ]
      ]
    },
    {
      "file_path": "/media/NFS/ttao/scannet/posed_images/scene0431_00/00028.jpg",
      "transform_matrix": [
        [
          -0.809807,
          -0.13193,
          0.57167,
          4.142923
        ],
        [
          -0.574047,
          0.379416,
          -0.725613,
          6.235526
        ],
        [
          -0.121171,
          -0.915772,
          -0.382987,
          1.738013
        ],
        [
          0.0,
          0.0,
          0.0,
          1.0
        ]
      ]
    },
    {
      "file_path": "/media/NFS/ttao/scannet/posed_images/scene0431_00/00033.jpg",
      "transform_matrix": [
        [
          -0.852682,
          -0.095649,
          0.5136,
          4.230056
        ],
        [
          -0.510652,
          0.360171,
          -0.780712,
          6.208271
        ],
        [
          -0.110309,
          -0.92797,
          -0.355955,
          1.753231
        ],
        [
          0.0,
          0.0,
          0.0,
          1.0
        ]
      ]
    },
    {
      "file_path": "/media/NFS/ttao/scannet/posed_images/scene0431_00/00037.jpg",
      "transform_matrix": [
        [
          -0.893184,
          -0.065408,
          0.444908,
          4.295255
        ],
        [
          -0.436567,
          0.3634,
          -0.823013,
          6.163783
        ],
        [
          -0.107848,
          -0.929334,
          -0.353138,
          1.751073
        ],
        [
          0.0,
          0.0,
          0.0,
          1.0
        ]
      ]
    },
    {
      "file_path": "/media/NFS/ttao/scannet/posed_images/scene0431_00/00040.jpg",
      "transform_matrix": [
        [
          -0.912024,
          -0.044576,
          0.407707,
          4.330775
        ],
        [
          -0.394824,
          0.364515,
          -0.843352,
          6.105226
        ],
        [
          -0.111022,
          -0.93013,
          -0.350046,
          1.740621
        ],
        [
          0.0,
          0.0,
          0.0,
          1.0
        ]
      ]
    },
    {
      "file_path": "/media/NFS/ttao/scannet/posed_images/scene0431_00/00043.jpg",
      "transform_matrix": [
        [
          -0.923528,
          -0.035479,
          0.381887,
          4.38096
        ],
        [
          -0.367068,
          0.370367,
          -0.853281,
          6.058484
        ],
        [
          -0.111165,
          -0.928208,
          -0.355068,
          1.741083
        ],
        [
          0.0,
          0.0,
          0.0,
          1.0
        ]
      ]
    },
    {
      "file_path": "/media/NFS/ttao/scannet/posed_images/scene0431_00/00047.jpg",
      "transform_matrix": [
        [
          -0.926682,
          -0.021809,
          0.375212,
          4.437043
        ],
        [
          -0.356948,
          0.363635,
          -0.86044,
          5.99406
        ],
        [
          -0.117674,
          -0.931286,
          -0.344759,
          1.756972
        ],
        [
          0.0,
          0.0,
          0.0,
          1.0
        ]
      ]
    },
    {
      "file_path": "/media/NFS/ttao/scannet/posed_images/scene0431_00/00051.jpg",
      "transform_matrix": [
        [
          -0.924433,
          0.002629,
          0.381334,
          4.491099
        ],
        [
          -0.357238,
          0.343914,
          -0.868392,
          5.945307
        ],
        [
          -0.133429,
          -0.938998,
          -0.316986,
          1.76808
        ],
        [
          0.0,
          0.0,
          0.0,
          1.0
        ]
      ]
    },
    {
      "file_path": "/media/NFS/ttao/scannet/posed_images/scene0431_00/00056.jpg",
      "transform_matrix": [
        [
          -0.922853,
          0.044183,
          0.382609,
          4.558692
        ],
        [
          -0.354598,
          0.290292,
          -0.888814,
          5.884367
        ],
        [
          -0.150339,
          -0.955918,
          -0.252229,
          1.785951
        ],
        [
          0.0,
          0.0,
          0.0,
          1.0
        ]
      ]
    },
    {
      "file_path": "/media/NFS/ttao/scannet/posed_images/scene0431_00/00058.jpg",
      "transform_matrix": [
        [
          -0.924413,
          0.057122,
          0.377091,
          4.589448
        ],
        [
          -0.349468,
          0.269128,
          -0.897464,
          5.859766
        ],
        [
          -0.152751,
          -0.961409,
          -0.228823,
          1.790516
        ],
        [
          0.0,
          0.0,
          0.0,
          1.0
        ]
      ]
    },
    {
      "file_path": "/media/NFS/ttao/scannet/posed_images/scene0431_00/00060.jpg",
      "transform_matrix": [
        [
          -0.92827,
          0.068111,
          0.365616,
          4.625653
        ],
        [
          -0.337349,
          0.259632,
          -0.904868,
          5.824897
        ],
        [
          -0.156557,
          -0.963303,
          -0.218032,
          1.805533
        ],
        [
          0.0,
          0.0,
          0.0,
          1.0
        ]
      ]
    },
    {
      "file_path": "/media/NFS/ttao/scannet/posed_images/scene0431_00/00064.jpg",
      "transform_matrix": [
        [
          -0.93586,
          0.103414,
          0.336854,
          4.684591
        ],
        [
          -0.307185,
          0.228912,
          -0.923708,
          5.769945
        ],
        [
          -0.172634,
          -0.967938,
          -0.182462,
          1.820936
        ],
        [
          0.0,
          0.0,
          0.0,
          1.0
        ]
      ]
    },
    {
      "file_path": "/media/NFS/ttao/scannet/posed_images/scene0431_00/00070.jpg",
      "transform_matrix": [
        [
          -0.948444,
          0.144319,
          0.282182,
          4.750268
        ],
        [
          -0.243801,
          0.236695,
          -0.940498,
          5.677793
        ],
        [
          -0.202522,
          -0.960806,
          -0.189307,
          1.832191
        ],
        [
          0.0,
          0.0,
          0.0,
          1.0
        ]
      ]
    },
    {
      "file_path": "/media/NFS/ttao/scannet/posed_images/scene0431_00/00071.jpg",
      "transform_matrix": [
        [
          -0.950414,
          0.145956,
          0.274609,
          4.760105
        ],
        [
          -0.236509,
          0.23414,
          -0.942997,
          5.662374
        ],
        [
          -0.201933,
          -0.961184,
          -0.18801,
          1.841455
        ],
        [
          0.0,
          0.0,
          0.0,
          1.0
        ]
      ]
    },
    {
      "file_path": "/media/NFS/ttao/scannet/posed_images/scene0431_00/00077.jpg",
      "transform_matrix": [
        [
          -0.958329,
          0.157717,
          0.238182,
          4.806999
        ],
        [
          -0.209589,
          0.178354,
          -0.961386,
          5.588745
        ],
        [
          -0.194108,
          -0.971244,
          -0.137866,
          1.835699
        ],
        [
          0.0,
          0.0,
          0.0,
          1.0
        ]
      ]
    },
    {
      "file_path": "/media/NFS/ttao/scannet/posed_images/scene0431_00/00078.jpg",
      "transform_matrix": [
        [
          -0.959074,
          0.156105,
          0.236237,
          4.812607
        ],
        [
          -0.207933,
          0.178028,
          -0.961806,
          5.573012
        ],
        [
          -0.192199,
          -0.971565,
          -0.138282,
          1.833992
        ],
        [
          0.0,
          0.0,
          0.0,
          1.0
        ]
      ]
    },
    {
      "file_path": "/media/NFS/ttao/scannet/posed_images/scene0431_00/00081.jpg",
      "transform_matrix": [
        [
          -0.960731,
          0.145661,
          0.236176,
          4.818245
        ],
        [
          -0.208727,
          0.181464,
          -0.960991,
          5.520972
        ],
        [
          -0.182837,
          -0.97255,
          -0.143935,
          1.810194
        ],
        [
          0.0,
          0.0,
          0.0,
          1.0
        ]
      ]
    },
    {
      "file_path": "/media/NFS/ttao/scannet/posed_images/scene0431_00/00085.jpg",
      "transform_matrix": [
        [
          -0.966143,
          0.116276,
          0.230319,
          4.831317
        ],
        [
          -0.199753,
          0.227893,
          -0.952976,
          5.446756
        ],
        [
          -0.163296,
          -0.966718,
          -0.196951,
          1.779356
        ],
        [
          0.0,
          0.0,
          0.0,
          1.0
        ]
      ]
    },
    {
      "file_path": "/media/NFS/ttao/scannet/posed_images/scene0431_00/00089.jpg",
      "transform_matrix": [
        [
          -0.974603,
          0.071612,
          0.212178,
          4.84251
        ],
        [
          -0.184051,
          0.283583,
          -0.94112,
          5.367106
        ],
        [
          -0.127566,
          -0.95627,
          -0.2632,
          1.748774
        ],
        [
          0.0,
          0.0,
          0.0,
          1.0
        ]
      ]
    },
    {
      "file_path": "/media/NFS/ttao/scannet/posed_images/scene0431_00/00094.jpg",
      "transform_matrix": [
        [
          -0.980335,
          0.021972,
          0.196114,
          4.841518
        ],
        [
          -0.173926,
          0.373331,
          -0.911249,
          5.249177
        ],
        [
          -0.093238,
          -0.927438,
          -0.362168,
          1.718831
        ],
        [
          0.0,
          0.0,
          0.0,
          1.0
        ]
      ]
    },
    {
      "file_path": "/media/NFS/ttao/scannet/posed_images/scene0431_00/00099.jpg",
      "transform_matrix": [
        [
          -0.98159,
          0.009208,
          0.19078,
          4.856308
        ],
        [
          -0.170288,
          0.410199,
          -0.895957,
          5.144212
        ],
        [
          -0.086508,
          -0.91195,
          -0.401079,
          1.690415
        ],
        [
          0.0,
          0.0,
          0.0,
          1.0
        ]
      ]
    },
    {
      "file_path": "/media/NFS/ttao/scannet/posed_images/scene0431_00/00100.jpg",
      "transform_matrix": [
        [
          -0.980864,
          0.012847,
          0.194268,
          4.853685
        ],
        [
          -0.172142,
          0.408914,
          -0.89619,
          5.124167
        ],
        [
          -0.090953,
          -0.912483,
          -0.398878,
          1.674961
        ],
        [
          0.0,
          0.0,
          0.0,
          1.0
        ]
      ]
    },
    {
      "file_path": "/media/NFS/ttao/scannet/posed_images/scene0431_00/00105.jpg",
      "transform_matrix": [
        [
          -0.979484,
          0.002951,
          0.201503,
          4.88
        ],
        [
          -0.182783,
          0.408068,
          -0.894467,
          5.012848
        ],
        [
          -0.084867,
          -0.912947,
          -0.399157,
          1.66231
        ],
        [
          0.0,
          0.0,
          0.0,
          1.0
        ]
      ]
    },
    {
      "file_path": "/media/NFS/ttao/scannet/posed_images/scene0431_00/00108.jpg",
      "transform_matrix": [
        [
          -0.978196,
          0.011245,
          0.207379,
          4.891052
        ],
        [
          -0.18207,
          0.433959,
          -0.882344,
          4.943723
        ],
        [
          -0.099916,
          -0.900863,
          -0.422449,
          1.658764
        ],
        [
          0.0,
          0.0,
          0.0,
          1.0
        ]
      ]
    },
    {
      "file_path": "/media/NFS/ttao/scannet/posed_images/scene0431_00/00110.jpg",
      "transform_matrix": [
        [
          -0.979955,
          0.017818,
          0.198422,
          4.895629
        ],
        [
          -0.170748,
          0.437993,
          -0.882614,
          4.90747
        ],
        [
          -0.102634,
          -0.898802,
          -0.426171,
          1.657519
        ],
        [
          0.0,
          0.0,
          0.0,
          1.0
        ]
      ]
    },
    {
      "file_path": "/media/NFS/ttao/scannet/posed_images/scene0431_00/00115.jpg",
      "transform_matrix": [
        [
          -0.983616,
          0.014959,
          0.179655,
          4.894253
        ],
        [
          -0.150627,
          0.47935,
          -0.864601,
          4.804274
        ],
        [
          -0.099051,
          -0.877496,
          -0.469244,
          1.645185
        ],
        [
          0.0,
          0.0,
          0.0,
          1.0
        ]
      ]
    },
    {
      "file_path": "/media/NFS/ttao/scannet/posed_images/scene0431_00/00120.jpg",
      "transform_matrix": [
        [
          -0.981112,
          -0.004452,
          0.19339,
          4.8704
        ],
        [
          -0.170484,
          0.492287,
          -0.853574,
          4.721904
        ],
        [
          -0.091403,
          -0.870422,
          -0.483747,
          1.618735
        ],
        [
          0.0,
          0.0,
          0.0,
          1.0
        ]
      ]
    },
    {
      "file_path": "/media/NFS/ttao/scannet/posed_images/scene0431_00/00121.jpg",
      "transform_matrix": [
        [
          -0.979433,
          -0.009604,
          0.201541,
          4.862694
        ],
        [
          -0.180064,
          0.492291,
          -0.851603,
          4.704146
        ],
        [
          -0.091038,
          -0.870378,
          -0.483895,
          1.614872
        ],
        [
          0.0,
          0.0,
          0.0,
          1.0
        ]
      ]
    },
    {
      "file_path": "/media/NFS/ttao/scannet/posed_images/scene0431_00/00124.jpg",
      "transform_matrix": [
        [
          -0.971546,
          -0.034278,
          0.234356,
          4.832468
        ],
        [
          -0.220674,
          0.490395,
          -0.843099,
          4.654706
        ],
        [
          -0.086027,
          -0.870826,
          -0.484006,
          1.604964
        ],
        [
          0.0,
          0.0,
          0.0,
          1.0
        ]
      ]
    },
    {
      "file_path": "/media/NFS/ttao/scannet/posed_images/scene0431_00/00127.jpg",
      "transform_matrix": [
        [
          -0.960283,
          -0.066972,
          0.27087,
          4.79442
        ],
        [
          -0.269329,
          0.476181,
          -0.837086,
          4.605446
        ],
        [
          -0.072922,
          -0.876793,
          -0.475306,
          1.595598
        ],
        [
          0.0,
          0.0,
          0.0,
          1.0
        ]
      ]
    },
    {
      "file_path": "/media/NFS/ttao/scannet/posed_images/scene0431_00/00133.jpg",
      "transform_matrix": [
        [
          -0.926216,
          -0.14962,
          0.34603,
          4.717148
        ],
        [
          -0.372995,
          0.49701,
          -0.78349,
          4.519037
        ],
        [
          -0.054755,
          -0.854749,
          -0.516146,
          1.56879
        ],
        [
          0.0,
          0.0,
          0.0,
          1.0
        ]
      ]
    },
    {
      "file_path": "/media/NFS/ttao/scannet/posed_images/scene0431_00/00136.jpg",
      "transform_matrix": [
        [
          -0.897377,
          -0.184938,
          0.400639,
          4.680178
        ],
        [
          -0.435893,
          0.51275,
          -0.739652,
          4.474338
        ],
        [
          -0.068637,
          -0.838383,
          -0.540743,
          1.558599
        ],
        [
          0.0,
          0.0,
          0.0,
          1.0
        ]
      ]
    },
    {
      "file_path": "/media/NFS/ttao/scannet/posed_images/scene0431_00/00138.jpg",
      "transform_matrix": [
        [
          -0.874229,
          -0.20657,
          0.439377,
          4.659168
        ],
        [
          -0.479087,
          0.513791,
          -0.711685,
          4.444602
        ],
        [
          -0.078735,
          -0.832675,
          -0.548136,
          1.554406
        ],
        [
          0.0,
          0.0,
          0.0,
          1.0
        ]
      ]
    },
    {
      "file_path": "/media/NFS/ttao/scannet/posed_images/scene0431_00/00144.jpg",
      "transform_matrix": [
        [
          -0.807028,
          -0.260315,
          0.53004,
          4.593718
        ],
        [
          -0.58418,
          0.483047,
          -0.652226,
          4.342275
        ],
        [
          -0.08625,
          -0.836003,
          -0.541903,
          1.535328
        ],
        [
          0.0,
          0.0,
          0.0,
          1.0
        ]
      ]
    },
    {
      "file_path": "/media/NFS/ttao/scannet/posed_images/scene0431_00/00146.jpg",
      "transform_matrix": [
        [
          -0.785968,
          -0.285465,
          0.548419,
          4.571588
        ],
        [
          -0.61305,
          0.474823,
          -0.631438,
          4.3004
        ],
        [
          -0.080149,
          -0.832498,
          -0.5482,
          1.528316
        ],
        [
          0.0,
          0.0,
          0.0,
          1.0
        ]
      ]
    },
    {
      "file_path": "/media/NFS/ttao/scannet/posed_images/scene0431_00/00151.jpg",
      "transform_matrix": [
        [
          -0.766151,
          -0.325205,
          0.554305,
          4.515723
        ],
        [
          -0.639336,
          0.473309,
          -0.605994,
          4.190661
        ],
        [
          -0.065285,
          -0.81867,
          -0.570542,
          1.523289
        ],
        [
          0.0,
          0.0,
          0.0,
          1.0
        ]
      ]
    },
    {
      "file_path": "/media/NFS/ttao/scannet/posed_images/scene0431_00/00153.jpg",
      "transform_matrix": [
        [
          -0.774177,
          -0.322677,
          0.544544,
          4.49084
        ],
        [
          -0.630735,
          0.465471,
          -0.620894,
          4.140876
        ],
        [
          -0.053122,
          -0.824146,
          -0.563881,
          1.528623
        ],
        [
          0.0,
          0.0,
          0.0,
          1.0
        ]
      ]
    },
    {
      "file_path": "/media/NFS/ttao/scannet/posed_images/scene0431_00/00159.jpg",
      "transform_matrix": [
        [
          -0.814897,
          -0.30687,
          0.491705,
          4.411034
        ],
        [
          -0.577539,
          0.501487,
          -0.644174,
          3.984138
        ],
        [
          -0.048906,
          -0.808914,
          -0.585889,
          1.530725
        ],
        [
          0.0,
          0.0,
          0.0,
          1.0
        ]
      ]
    },
    {
      "file_path": "/media/NFS/ttao/scannet/posed_images/scene0431_00/00160.jpg",
      "transform_matrix": [
        [
          -0.818391,
          -0.301418,
          0.489267,
          4.39705
        ],
        [
          -0.572728,
          0.497587,
          -0.651452,
          3.975543
        ],
        [
          -0.047093,
          -0.81336,
          -0.579852,
          1.526363
        ],
        [
          0.0,
          0.0,
          0.0,
          1.0
        ]
      ]
    },
    {
      "file_path": "/media/NFS/ttao/scannet/posed_images/scene0431_00/00166.jpg",
      "transform_matrix": [
        [
          -0.804698,
          -0.278474,
          0.524322,
          4.294047
        ],
        [
          -0.591379,
          0.453748,
          -0.666621,
          3.834318
        ],
        [
          -0.052273,
          -0.846501,
          -0.529814,
          1.51432
        ],
        [
          0.0,
          0.0,
          0.0,
          1.0
        ]
      ]
    },
    {
      "file_path": "/media/NFS/ttao/scannet/posed_images/scene0431_00/00169.jpg",
      "transform_matrix": [
        [
          -0.779459,
          -0.295713,
          0.552266,
          4.241922
        ],
        [
          -0.624376,
          0.438464,
          -0.646456,
          3.76142
        ],
        [
          -0.050984,
          -0.848707,
          -0.5264,
          1.518981
        ],
        [
          0.0,
          0.0,
          0.0,
          1.0
        ]
      ]
    },
    {
      "file_path": "/media/NFS/ttao/scannet/posed_images/scene0431_00/00171.jpg",
      "transform_matrix": [
        [
          -0.762944,
          -0.31227,
          0.566043,
          4.209954
        ],
        [
          -0.644651,
          0.433047,
          -0.629997,
          3.717307
        ],
        [
          -0.048394,
          -0.845552,
          -0.531696,
          1.514953
        ],
        [
          0.0,
          0.0,
          0.0,
          1.0
        ]
      ]
    },
    {
      "file_path": "/media/NFS/ttao/scannet/posed_images/scene0431_00/00176.jpg",
      "transform_matrix": [
        [
          -0.735992,
          -0.344021,
          0.583065,
          4.150074
        ],
        [
          -0.676297,
          0.412571,
          -0.610251,
          3.610342
        ],
        [
          -0.030617,
          -0.843465,
          -0.53631,
          1.518319
        ],
        [
          0.0,
          0.0,
          0.0,
          1.0
        ]
      ]
    },
    {
      "file_path": "/media/NFS/ttao/scannet/posed_images/scene0431_00/00180.jpg",
      "transform_matrix": [
        [
          -0.717437,
          -0.346501,
          0.604335,
          4.111462
        ],
        [
          -0.695841,
          0.397552,
          -0.598129,
          3.523424
        ],
        [
          -0.033002,
          -0.849641,
          -0.526329,
          1.508729
        ],
        [
          0.0,
          0.0,
          0.0,
          1.0
        ]
      ]
    },
    {
      "file_path": "/media/NFS/ttao/scannet/posed_images/scene0431_00/00181.jpg",
      "transform_matrix": [
        [
          -0.711014,
          -0.349771,
          0.610016,
          4.103671
        ],
        [
          -0.70238,
          0.394602,
          -0.592412,
          3.499838
        ],
        [
          -0.033505,
          -0.849676,
          -0.526239,
          1.506681
        ],
        [
          0.0,
          0.0,
          0.0,
          1.0
        ]
      ]
    },
    {
      "file_path": "/media/NFS/ttao/scannet/posed_images/scene0431_00/00186.jpg",
      "transform_matrix": [
        [
          -0.673727,
          -0.348158,
          0.651827,
          4.065834
        ],
        [
          -0.738265,
          0.355915,
          -0.572965,
          3.378311
        ],
        [
          -0.032512,
          -0.867243,
          -0.496823,
          1.494124
        ],
        [
          0.0,
          0.0,
          0.0,
          1.0
        ]
      ]
    },
    {
      "file_path": "/media/NFS/ttao/scannet/posed_images/scene0431_00/00188.jpg",
      "transform_matrix": [
        [
          -0.656291,
          -0.348463,
          0.66922,
          4.053399
        ],
        [
          -0.75339,
          0.350905,
          -0.55612,
          3.325511
        ],
        [
          -0.041045,
          -0.86916,
          -0.492825,
          1.505274
        ],
        [
          0.0,
          0.0,
          0.0,
          1.0
        ]
      ]
    },
    {
      "file_path": "/media/NFS/ttao/scannet/posed_images/scene0431_00/00192.jpg",
      "transform_matrix": [
        [
          -0.625165,
          -0.348703,
          0.698266,
          4.026045
        ],
        [
          -0.778298,
          0.345568,
          -0.524247,
          3.229572
        ],
        [
          -0.058492,
          -0.8712,
          -0.487432,
          1.520283
        ],
        [
          0.0,
          0.0,
          0.0,
          1.0
        ]
      ]
    },
    {
      "file_path": "/media/NFS/ttao/scannet/posed_images/scene0431_00/00198.jpg",
      "transform_matrix": [
        [
          -0.560023,
          -0.342005,
          0.75459,
          3.985847
        ],
        [
          -0.826051,
          0.300167,
          -0.477012,
          3.100634
        ],
        [
          -0.063363,
          -0.890467,
          -0.450614,
          1.533691
        ],
        [
          0.0,
          0.0,
          0.0,
          1.0
        ]
      ]
    },
    {
      "file_path": "/media/NFS/ttao/scannet/posed_images/scene0431_00/00200.jpg",
      "transform_matrix": [
        [
          -0.531392,
          -0.349948,
          0.771465,
          3.970942
        ],
        [
          -0.844704,
          0.287699,
          -0.451336,
          3.045591
        ],
        [
          -0.064006,
          -0.891496,
          -0.448484,
          1.536394
        ],
        [
          0.0,
          0.0,
          0.0,
          1.0
        ]
      ]
    },
    {
      "file_path": "/media/NFS/ttao/scannet/posed_images/scene0431_00/00202.jpg",
      "transform_matrix": [
        [
          -0.504593,
          -0.357618,
          0.785809,
          3.954921
        ],
        [
          -0.861627,
          0.266195,
          -0.432134,
          2.99717
        ],
        [
          -0.054639,
          -0.895125,
          -0.442454,
          1.532655
        ],
        [
          0.0,
          0.0,
          0.0,
          1.0
        ]
      ]
    },
    {
      "file_path": "/media/NFS/ttao/scannet/posed_images/scene0431_00/00208.jpg",
      "transform_matrix": [
        [
          -0.413026,
          -0.429405,
          0.803132,
          3.906153
        ],
        [
          -0.91049,
          0.214473,
          -0.353567,
          2.849685
        ],
        [
          -0.020427,
          -0.877276,
          -0.479552,
          1.522301
        ],
        [
          0.0,
          0.0,
          0.0,
          1.0
        ]
      ]
    },
    {
      "file_path": "/media/NFS/ttao/scannet/posed_images/scene0431_00/00212.jpg",
      "transform_matrix": [
        [
          -0.346969,
          -0.457621,
          0.818654,
          3.880943
        ],
        [
          -0.937795,
          0.180819,
          -0.296388,
          2.766304
        ],
        [
          -0.012395,
          -0.870567,
          -0.491893,
          1.520214
        ],
        [
          0.0,
          0.0,
          0.0,
          1.0
        ]
      ]
    },
    {
      "file_path": "/media/NFS/ttao/scannet/posed_images/scene0431_00/00213.jpg",
      "transform_matrix": [
        [
          -0.334147,
          -0.463845,
          0.820484,
          3.876879
        ],
        [
          -0.942404,
          0.178116,
          -0.283105,
          2.746352
        ],
        [
          -0.014825,
          -0.867826,
          -0.496647,
          1.517498
        ],
        [
          0.0,
          0.0,
          0.0,
          1.0
        ]
      ]
    },
    {
      "file_path": "/media/NFS/ttao/scannet/posed_images/scene0431_00/00218.jpg",
      "transform_matrix": [
        [
          -0.278637,
          -0.449356,
          0.848787,
          3.857446
        ],
        [
          -0.960043,
          0.154293,
          -0.233475,
          2.640601
        ],
        [
          -0.026048,
          -0.879928,
          -0.474393,
          1.505793
        ],
        [
          0.0,
          0.0,
          0.0,
          1.0
        ]
      ]
    },
    {
      "file_path": "/media/NFS/ttao/scannet/posed_images/scene0431_00/00221.jpg",
      "transform_matrix": [
        [
          -0.250936,
          -0.43814,
          0.863171,
          3.849772
        ],
        [
          -0.967952,
          0.122827,
          -0.219051,
          2.575593
        ],
        [
          -0.010046,
          -0.890476,
          -0.45492,
          1.496081
        ],
        [
          0.0,
          0.0,
          0.0,
          1.0
        ]
      ]
    },
    {
      "file_path": "/media/NFS/ttao/scannet/posed_images/scene0431_00/00225.jpg",
      "transform_matrix": [
        [
          -0.246904,
          -0.454137,
          0.856036,
          3.85078
        ],
        [
          -0.968993,
          0.107034,
          -0.2227,
          2.479671
        ],
        [
          0.009511,
          -0.884479,
          -0.466483,
          1.493522
        ],
        [
          0.0,
          0.0,
          0.0,
          1.0
        ]
      ]
    },
    {
      "file_path": "/media/NFS/ttao/scannet/posed_images/scene0431_00/00230.jpg",
      "transform_matrix": [
        [
          -0.276087,
          -0.462997,
          0.842264,
          3.844188
        ],
        [
          -0.960979,
          0.117295,
          -0.250522,
          2.365209
        ],
        [
          0.017197,
          -0.878564,
          -0.477314,
          1.510282
        ],
        [
          0.0,
          0.0,
          0.0,
          1.0
        ]
      ]
    },
    {
      "file_path": "/media/NFS/ttao/scannet/posed_images/scene0431_00/00233.jpg",
      "transform_matrix": [
        [
          -0.286468,
          -0.444539,
          0.848717,
          3.82894
        ],
        [
          -0.957963,
          0.11847,
          -0.26129,
          2.302478
        ],
        [
          0.015606,
          -0.887891,
          -0.45979,
          1.522936
        ],
        [
          0.0,
          0.0,
          0.0,
          1.0
        ]
      ]
    },
    {
      "file_path": "/media/NFS/ttao/scannet/posed_images/scene0431_00/00237.jpg",
      "transform_matrix": [
        [
          -0.317634,
          -0.422194,
          0.849035,
          3.798031
        ],
        [
          -0.94794,
          0.119901,
          -0.295013,
          2.210259
        ],
        [
          0.022753,
          -0.898541,
          -0.438299,
          1.535135
        ],
        [
          0.0,
          0.0,
          0.0,
          1.0
        ]
      ]
    },
    {
      "file_path": "/media/NFS/ttao/scannet/posed_images/scene0431_00/00239.jpg",
      "transform_matrix": [
        [
          -0.331454,
          -0.419395,
          0.845131,
          3.776547
        ],
        [
          -0.94325,
          0.127886,
          -0.306473,
          2.162549
        ],
        [
          0.020453,
          -0.898751,
          -0.437982,
          1.539312
        ],
        [
          0.0,
          0.0,
          0.0,
          1.0
        ]
      ]
    },
    {
      "file_path": "/media/NFS/ttao/scannet/posed_images/scene0431_00/00242.jpg",
      "transform_matrix": [
        [
          -0.347487,
          -0.400867,
          0.847678,
          3.731367
        ],
        [
          -0.937348,
          0.124258,
          -0.325484,
          2.094141
        ],
        [
          0.025145,
          -0.907671,
          -0.418929,
          1.533412
        ],
        [
          0.0,
          0.0,
          0.0,
          1.0
        ]
      ]
    },
    {
      "file_path": "/media/NFS/ttao/scannet/posed_images/scene0431_00/00248.jpg",
      "transform_matrix": [
        [
          -0.378249,
          -0.39812,
          0.83572,
          3.651465
        ],
        [
          -0.925092,
          0.129735,
          -0.356895,
          1.968462
        ],
        [
          0.033665,
          -0.908113,
          -0.41737,
          1.547853
        ],
        [
          0.0,
          0.0,
          0.0,
          1.0
        ]
      ]
    },
    {
      "file_path": "/media/NFS/ttao/scannet/posed_images/scene0431_00/00250.jpg",
      "transform_matrix": [
        [
          -0.384496,
          -0.402446,
          0.830783,
          3.633812
        ],
        [
          -0.923002,
          0.152792,
          -0.353161,
          1.942545
        ],
        [
          0.015191,
          -0.902603,
          -0.430207,
          1.543642
        ],
        [
          0.0,
          0.0,
          0.0,
          1.0
        ]
      ]
    },
    {
      "file_path": "/media/NFS/ttao/scannet/posed_images/scene0431_00/00255.jpg",
      "transform_matrix": [
        [
          -0.362957,
          -0.339851,
          0.867619,
          3.577945
        ],
        [
          -0.93171,
          0.145735,
          -0.332683,
          1.86239
        ],
        [
          -0.01338,
          -0.929119,
          -0.369538,
          1.558881
        ],
        [
          0.0,
          0.0,
          0.0,
          1.0
        ]
      ]
    },
    {
      "file_path": "/media/NFS/ttao/scannet/posed_images/scene0431_00/00257.jpg",
      "transform_matrix": [
        [
          -0.342563,
          -0.304453,
          0.888796,
          3.557481
        ],
        [
          -0.939144,
          0.136815,
          -0.315103,
          1.834094
        ],
        [
          -0.025667,
          -0.942651,
          -0.332793,
          1.567957
        ],
        [
          0.0,
          0.0,
          0.0,
          1.0
        ]
      ]
    },
    {
      "file_path": "/media/NFS/ttao/scannet/posed_images/scene0431_00/00260.jpg",
      "transform_matrix": [
        [
          -0.31477,
          -0.245223,
          0.916943,
          3.530085
        ],
        [
          -0.948616,
          0.114211,
          -0.295099,
          1.797269
        ],
        [
          -0.03236,
          -0.962716,
          -0.268573,
          1.582174
        ],
        [
          0.0,
          0.0,
          0.0,
          1.0
        ]
      ]
    },
    {
      "file_path": "/media/NFS/ttao/scannet/posed_images/scene0431_00/00265.jpg",
      "transform_matrix": [
        [
          -0.272755,
          -0.215442,
          0.937651,
          3.496643
        ],
        [
          -0.961603,
          0.091858,
          -0.258617,
          1.730609
        ],
        [
          -0.030414,
          -0.972187,
          -0.232225,
          1.611864
        ],
        [
          0.0,
          0.0,
          0.0,
          1.0
        ]
      ]
    },
    {
      "file_path": "/media/NFS/ttao/scannet/posed_images/scene0431_00/00267.jpg",
      "transform_matrix": [
        [
          -0.25044,
          -0.208105,
          0.945501,
          3.481568
        ],
        [
          -0.967797,
          0.079517,
          -0.238844,
          1.703611
        ],
        [
          -0.025479,
          -0.974869,
          -0.221318,
          1.621335
        ],
        [
          0.0,
          0.0,
          0.0,
          1.0
        ]
      ]
    },
    {
      "file_path": "/media/NFS/ttao/scannet/posed_images/scene0431_00/00272.jpg",
      "transform_matrix": [
        [
          -0.170784,
          -0.19583,
          0.965652,
          3.441343
        ],
        [
          -0.984751,
          0.066887,
          -0.160597,
          1.635274
        ],
        [
          -0.03314,
          -0.978354,
          -0.204267,
          1.642367
        ],
        [
          0.0,
          0.0,
          0.0,
          1.0
        ]
      ]
    },
    {
      "file_path": "/media/NFS/ttao/scannet/posed_images/scene0431_00/00275.jpg",
      "transform_matrix": [
        [
          -0.137191,
          -0.166743,
          0.976409,
          3.409883
        ],
        [
          -0.989595,
          0.066228,
          -0.127733,
