{
  "frames": [
    {
      "file_path": "/media/NFS/ttao/scannet/posed_images/scene0054_00/00000.jpg",
      "transform_matrix": [
        [
          -0.996429,
          -0.081152,
          -0.023325,
          7.365378
        ],
        [
          -0.01119,
          0.400709,
          -0.916137,
          2.610504
        ],
        [
          0.083693,
          -0.912604,
          -0.400187,
          1.343957
        ],
        [
          0.0,
          0.0,
          0.0,
          1.0
        ]
      ]
    },
    {
      "file_path": "/media/NFS/ttao/scannet/posed_images/scene0054_00/00027.jpg",
      "transform_matrix": [
        [
          -0.998708,
          -0.050403,
          -0.006517,
          7.461441
        ],
        [
          -0.008706,
          0.29601,
          -0.955145,
          2.707478
        ],
        [
          0.050072,
          -0.953854,
          -0.296066,
          1.383657
        ],
        [
          0.0,
          0.0,
          0.0,
          1.0
        ]
      ]
    },
    {
      "file_path": "/media/NFS/ttao/scannet/posed_images/scene0054_00/00046.jpg",
      "transform_matrix": [
        [
          -0.992262,
          0.056848,
          -0.11038,
          7.570635
        ],
        [
          0.121738,
          0.270777,
          -0.954913,
          2.581814
        ],
        [
          -0.024396,
          -0.960962,
          -0.275603,
          1.35247
        ],
        [
          0.0,
          0.0,
          0.0,
          1.0
        ]
      ]
    },
    {
      "file_path": "/media/NFS/ttao/scannet/posed_images/scene0054_00/00060.jpg",
      "transform_matrix": [
        [
          -0.991967,
          0.003712,
          -0.126444,
          7.740696
        ],
        [
          0.119106,
          0.364118,
          -0.923706,
          2.497782
        ],
        [
          0.042612,
          -0.931346,
          -0.361635,
          1.295016
        ],
        [
          0.0,
          0.0,
          0.0,
          1.0
        ]
      ]
    },
    {
      "file_path": "/media/NFS/ttao/scannet/posed_images/scene0054_00/00086.jpg",
      "transform_matrix": [
        [
          -0.90919,
          0.115434,
          -0.400061,
          8.035423
        ],
        [
          0.414308,
          0.346566,
          -0.84157,
          2.326365
        ],
        [
          0.041502,
          -0.930896,
          -0.36292,
          1.269852
        ],
        [
          0.0,
          0.0,
          0.0,
          1.0
        ]
      ]
    },
    {
      "file_path": "/media/NFS/ttao/scannet/posed_images/scene0054_00/00119.jpg",
      "transform_matrix": [
        [
          -0.602166,
          0.251711,
          -0.757653,
          8.230225
        ],
        [
          0.798337,
          0.198528,
          -0.568545,
          1.997049
        ],
        [
          0.007306,
          -0.947222,
          -0.320497,
          1.338823
        ],
        [
          0.0,
          0.0,
          0.0,
          1.0
        ]
      ]
    },
    {
      "file_path": "/media/NFS/ttao/scannet/posed_images/scene0054_00/00126.jpg",
      "transform_matrix": [
        [
          -0.585633,
          0.246201,
          -0.772281,
          8.235976
        ],
        [
          0.810371,
          0.1993,
          -0.55098,
          1.970008
        ],
        [
          0.018263,
          -0.948507,
          -0.316231,
          1.342601
        ],
        [
          0.0,
          0.0,
          0.0,
          1.0
        ]
      ]
    },
    {
      "file_path": "/media/NFS/ttao/scannet/posed_images/scene0054_00/00152.jpg",
      "transform_matrix": [
        [
          -0.55146,
          0.195252,
          -0.81103,
          8.223667
        ],
        [
          0.8342,
          0.130765,
          -0.535733,
          1.990838
        ],
        [
          0.001451,
          -0.971997,
          -0.234991,
          1.396481
        ],
        [
          0.0,
          0.0,
          0.0,
          1.0
        ]
      ]
    },
    {
      "file_path": "/media/NFS/ttao/scannet/posed_images/scene0054_00/00172.jpg",
      "transform_matrix": [
        [
          -0.700603,
          0.155498,
          -0.696402,
          8.138197
        ],
        [
          0.710867,
          0.067527,
          -0.700077,
          2.248128
        ],
        [
          -0.061835,
          -0.985526,
          -0.157848,
          1.442054
        ],
        [
          0.0,
          0.0,
          0.0,
          1.0
        ]
      ]
    },
    {
      "file_path": "/media/NFS/ttao/scannet/posed_images/scene0054_00/00205.jpg",
      "transform_matrix": [
        [
          -0.809048,
          0.297611,
          -0.506822,
          8.059629
        ],
        [
          0.583804,
          0.307273,
          -0.751503,
          2.389684
        ],
        [
          -0.067924,
          -0.903887,
          -0.422345,
          1.272055
        ],
        [
          0.0,
          0.0,
          0.0,
          1.0
        ]
      ]
    },
    {
      "file_path": "/media/NFS/ttao/scannet/posed_images/scene0054_00/00219.jpg",
      "transform_matrix": [
        [
          -0.91591,
          0.152891,
          -0.371125,
          7.874781
        ],
        [
          0.400472,
          0.285786,
          -0.870602,
          2.536816
        ],
        [
          -0.027045,
          -0.946018,
          -0.322983,
          1.323889
        ],
        [
          0.0,
          0.0,
          0.0,
          1.0
        ]
      ]
    },
    {
      "file_path": "/media/NFS/ttao/scannet/posed_images/scene0054_00/00245.jpg",
      "transform_matrix": [
        [
          -0.971787,
          0.002221,
          -0.23585,
          7.590401
        ],
        [
          0.2352,
          0.083877,
          -0.968321,
          2.671064
        ],
        [
          0.017632,
          -0.996474,
          -0.082033,
          1.483183
        ],
        [
          0.0,
          0.0,
          0.0,
          1.0
        ]
      ]
    },
    {
      "file_path": "/media/NFS/ttao/scannet/posed_images/scene0054_00/00259.jpg",
      "transform_matrix": [
        [
          -0.990552,
          -0.056198,
          -0.125093,
          7.503165
        ],
        [
          0.126083,
          -0.014421,
          -0.991915,
          2.819816
        ],
        [
          0.05394,
          -0.998316,
          0.021371,
          1.546888
        ],
        [
          0.0,
          0.0,
          0.0,
          1.0
        ]
      ]
    },
    {
      "file_path": "/media/NFS/ttao/scannet/posed_images/scene0054_00/00285.jpg",
      "transform_matrix": [
        [
          -0.923517,
          -0.069442,
          -0.377218,
          7.419359
        ],
        [
          0.381009,
          -0.052934,
          -0.923055,
          2.865003
        ],
        [
          0.044131,
          -0.996181,
          0.075343,
          1.60249
        ],
        [
          0.0,
          0.0,
          0.0,
          1.0
        ]
      ]
    },
    {
      "file_path": "/media/NFS/ttao/scannet/posed_images/scene0054_00/00318.jpg",
      "transform_matrix": [
        [
          -0.859173,
          0.113612,
          -0.498913,
          7.434287
        ],
        [
          0.51102,
          0.240228,
          -0.825318,
          2.726727
        ],
        [
          0.026086,
          -0.964045,
          -0.264455,
          1.402622
        ],
        [
          0.0,
          0.0,
          0.0,
          1.0
        ]
      ]
    },
    {
      "file_path": "/media/NFS/ttao/scannet/posed_images/scene0054_00/00331.jpg",
      "transform_matrix": [
        [
          -0.855646,
          0.172124,
          -0.488101,
          7.386157
        ],
        [
          0.517291,
          0.314847,
          -0.79579,
          2.745252
        ],
        [
          0.016702,
          -0.933405,
          -0.358436,
          1.365648
        ],
        [
          0.0,
          0.0,
          0.0,
          1.0
        ]
      ]
    },
    {
      "file_path": "/media/NFS/ttao/scannet/posed_images/scene0054_00/00365.jpg",
      "transform_matrix": [
        [
          -0.613464,
          0.277827,
          -0.739239,
          7.659664
        ],
        [
          0.785415,
          0.312277,
          -0.534421,
          2.415331
        ],
        [
          0.082371,
          -0.908458,
          -0.409781,
          1.294324
        ],
        [
          0.0,
          0.0,
          0.0,
          1.0
        ]
      ]
    },
    {
      "file_path": "/media/NFS/ttao/scannet/posed_images/scene0054_00/00384.jpg",
      "transform_matrix": [
        [
          -0.528848,
          0.202597,
          -0.824181,
          7.739975
        ],
        [
          0.82801,
          0.336359,
          -0.448622,
          2.307674
        ],
        [
          0.186331,
          -0.919684,
          -0.345635,
          1.266708
        ],
        [
          0.0,
          0.0,
          0.0,
          1.0
        ]
      ]
    },
    {
      "file_path": "/media/NFS/ttao/scannet/posed_images/scene0054_00/00391.jpg",
      "transform_matrix": [
        [
          -0.526111,
          0.186996,
          -0.829602,
          7.754498
        ],
        [
          0.826532,
          0.342006,
          -0.447075,
          2.297749
        ],
        [
          0.200127,
          -0.920904,
          -0.334492,
          1.254052
        ],
        [
          0.0,
          0.0,
          0.0,
          1.0
        ]
      ]
    },
    {
      "file_path": "/media/NFS/ttao/scannet/posed_images/scene0054_00/00431.jpg",
      "transform_matrix": [
        [
          -0.474312,
          0.257201,
          -0.841948,
          7.599687
        ],
        [
          0.879814,
          0.104913,
          -0.463595,
          2.542964
        ],
        [
          -0.030905,
          -0.960646,
          -0.27605,
          1.395338
        ],
        [
          0.0,
          0.0,
          0.0,
          1.0
        ]
      ]
    },
    {
      "file_path": "/media/NFS/ttao/scannet/posed_images/scene0054_00/00451.jpg",
      "transform_matrix": [
        [
          -0.418479,
          0.391787,
          -0.819377,
          7.543925
        ],
        [
          0.906809,
          0.129865,
          -0.401039,
          2.630462
        ],
        [
          -0.050714,
          -0.910845,
          -0.409622,
          1.354805
        ],
        [
          0.0,
          0.0,
          0.0,
          1.0
        ]
      ]
    },
    {
      "file_path": "/media/NFS/ttao/scannet/posed_images/scene0054_00/00464.jpg",
      "transform_matrix": [
        [
          -0.30209,
          0.465005,
          -0.832174,
          7.561358
        ],
        [
          0.952624,
          0.114881,
          -0.281621,
          2.647594
        ],
        [
          -0.035354,
          -0.877823,
          -0.477679,
          1.307323
        ],
        [
          0.0,
          0.0,
          0.0,
          1.0
        ]
      ]
    },
    {
      "file_path": "/media/NFS/ttao/scannet/posed_images/scene0054_00/00484.jpg",
      "transform_matrix": [
        [
          -0.41762,
          0.307336,
          -0.855066,
          7.449606
        ],
        [
          0.908275,
          0.115195,
          -0.402203,
          2.822741
        ],
        [
          -0.025112,
          -0.944603,
          -0.327254,
          1.414585
        ],
        [
          0.0,
          0.0,
          0.0,
          1.0
        ]
      ]
    },
    {
      "file_path": "/media/NFS/ttao/scannet/posed_images/scene0054_00/00504.jpg",
      "transform_matrix": [
        [
          -0.563228,
          0.193662,
          -0.803287,
          7.338153
        ],
        [
          0.824358,
          0.065061,
          -0.562317,
          2.910268
        ],
        [
          -0.056637,
          -0.978909,
          -0.196291,
          1.447466
        ],
        [
          0.0,
          0.0,
          0.0,
          1.0
        ]
      ]
    },
    {
      "file_path": "/media/NFS/ttao/scannet/posed_images/scene0054_00/00524.jpg",
      "transform_matrix": [
        [
          -0.801016,
          0.067801,
          -0.594791,
          7.237031
        ],
        [
          0.597839,
          0.039129,
          -0.800661,
          3.0046
        ],
        [
          -0.031012,
          -0.996932,
          -0.071877,
          1.530099
        ],
        [
          0.0,
          0.0,
          0.0,
          1.0
        ]
      ]
    },
    {
      "file_path": "/media/NFS/ttao/scannet/posed_images/scene0054_00/00550.jpg",
      "transform_matrix": [
        [
          -0.88852,
          -0.059739,
          -0.454933,
          7.18922
        ],
        [
          0.458541,
          -0.079955,
          -0.885069,
          3.166437
        ],
        [
          0.016499,
          -0.995007,
          0.098435,
          1.633855
        ],
        [
          0.0,
          0.0,
          0.0,
          1.0
        ]
      ]
    },
    {
      "file_path": "/media/NFS/ttao/scannet/posed_images/scene0054_00/00570.jpg",
      "transform_matrix": [
        [
          -0.750407,
          -0.036955,
          -0.659942,
          7.102831
        ],
        [
          0.660974,
          -0.039497,
          -0.749368,
          3.186455
        ],
        [
          0.001627,
          -0.998536,
          0.054066,
          1.626479
        ],
        [
          0.0,
          0.0,
          0.0,
          1.0
        ]
      ]
    },
    {
      "file_path": "/media/NFS/ttao/scannet/posed_images/scene0054_00/00603.jpg",
      "transform_matrix": [
        [
          -0.672827,
          0.248146,
          -0.696942,
          7.001884
        ],
        [
          0.739657,
          0.20711,
          -0.640323,
          3.238779
        ],
        [
          -0.01455,
          -0.946324,
          -0.322892,
          1.380715
        ],
        [
          0.0,
          0.0,
          0.0,
          1.0
        ]
      ]
    },
    {
      "file_path": "/media/NFS/ttao/scannet/posed_images/scene0054_00/00630.jpg",
      "transform_matrix": [
        [
          -0.59982,
          0.420194,
          -0.68092,
          6.861366
        ],
        [
          0.800026,
          0.32902,
          -0.501702,
          3.278554
        ],
        [
          0.013224,
          -0.845685,
          -0.533519,
          1.286025
        ],
        [
          0.0,
          0.0,
          0.0,
          1.0
        ]
      ]
    },
    {
      "file_path": "/media/NFS/ttao/scannet/posed_images/scene0054_00/00650.jpg",
      "transform_matrix": [
        [
          -0.722472,
          0.305037,
          -0.620473,
          6.628013
        ],
        [
          0.687792,
          0.408644,
          -0.59996,
          3.344017
        ],
        [
          0.070543,
          -0.860211,
          -0.505036,
          1.338994
        ],
        [
          0.0,
          0.0,
          0.0,
          1.0
        ]
      ]
    },
    {
      "file_path": "/media/NFS/ttao/scannet/posed_images/scene0054_00/00656.jpg",
      "transform_matrix": [
        [
          -0.7531,
          0.267276,
          -0.601169,
          6.582301
        ],
        [
          0.653999,
          0.403565,
          -0.639859,
          3.40204
        ],
        [
          0.071593,
          -0.875042,
          -0.478723,
          1.345606
        ],
        [
          0.0,
          0.0,
          0.0,
          1.0
        ]
      ]
    },
    {
      "file_path": "/media/NFS/ttao/scannet/posed_images/scene0054_00/00683.jpg",
      "transform_matrix": [
        [
          -0.866595,
          0.216986,
          -0.449367,
          6.43019
        ],
        [
          0.49763,
          0.442772,
          -0.745867,
          3.67836
        ],
        [
          0.037123,
          -0.869983,
          -0.491682,
          1.372246
        ],
        [
          0.0,
          0.0,
          0.0,
          1.0
        ]
      ]
    },
    {
      "file_path": "/media/NFS/ttao/scannet/posed_images/scene0054_00/00716.jpg",
      "transform_matrix": [
        [
          -0.746509,
          0.141135,
          -0.650235,
          6.717123
        ],
        [
          0.656929,
          0.31155,
          -0.686572,
          3.412701
        ],
        [
          0.105681,
          -0.93969,
          -0.325291,
          1.402345
        ],
        [
          0.0,
          0.0,
          0.0,
          1.0
        ]
      ]
    },
    {
      "file_path": "/media/NFS/ttao/scannet/posed_images/scene0054_00/00742.jpg",
      "transform_matrix": [
        [
          -0.501217,
          0.122202,
          -0.856649,
          6.954313
        ],
        [
          0.856126,
          0.213971,
          -0.470388,
          2.985601
        ],
        [
          0.125816,
          -0.969166,
          -0.211867,
          1.413159
        ],
        [
          0.0,
          0.0,
          0.0,
          1.0
        ]
      ]
    },
    {
      "file_path": "/media/NFS/ttao/scannet/posed_images/scene0054_00/00756.jpg",
      "transform_matrix": [
        [
          -0.303941,
          0.213695,
          -0.928415,
          7.077979
        ],
        [
          0.952632,
          0.079045,
          -0.293674,
          2.795222
        ],
        [
          0.01063,
          -0.973697,
          -0.227597,
          1.429639
        ],
        [
          0.0,
          0.0,
          0.0,
          1.0
        ]
      ]
    },
    {
      "file_path": "/media/NFS/ttao/scannet/posed_images/scene0054_00/00776.jpg",
      "transform_matrix": [
        [
          -0.152042,
          0.332121,
          -0.930902,
          6.99179
        ],
        [
          0.988236,
          0.035335,
          -0.1488,
          2.612009
        ],
        [
          -0.016526,
          -0.942575,
          -0.333586,
          1.365647
        ],
        [
          0.0,
          0.0,
          0.0,
          1.0
        ]
      ]
    },
    {
      "file_path": "/media/NFS/ttao/scannet/posed_images/scene0054_00/00802.jpg",
      "transform_matrix": [
        [
          0.088609,
          0.236784,
          -0.967513,
          6.866768
        ],
        [
          0.995809,
          0.001037,
          0.091454,
          2.329565
        ],
        [
          0.022658,
          -0.971562,
          -0.235699,
          1.419614
        ],
        [
          0.0,
          0.0,
          0.0,
          1.0
        ]
      ]
    },
    {
      "file_path": "/media/NFS/ttao/scannet/posed_images/scene0054_00/00815.jpg",
      "transform_matrix": [
        [
          0.115754,
          0.151879,
          -0.981598,
          6.837447
        ],
        [
          0.992671,
          0.016856,
          0.119668,
          2.254574
        ],
        [
          0.034721,
          -0.988256,
          -0.148814,
          1.4547
        ],
        [
          0.0,
          0.0,
          0.0,
          1.0
        ]
      ]
    },
    {
      "file_path": "/media/NFS/ttao/scannet/posed_images/scene0054_00/00835.jpg",
      "transform_matrix": [
        [
          0.022427,
          0.001791,
          -0.999747,
          6.756109
        ],
        [
          0.999672,
          -0.012396,
          0.022403,
          2.338543
        ],
        [
          -0.012353,
          -0.999922,
          -0.002068,
          1.528091
        ],
        [
          0.0,
          0.0,
          0.0,
          1.0
        ]
      ]
    },
    {
      "file_path": "/media/NFS/ttao/scannet/posed_images/scene0054_00/00875.jpg",
      "transform_matrix": [
        [
          -0.06324,
          -0.111614,
          -0.991737,
          6.625356
        ],
        [
          0.997852,
          -0.02409,
          -0.060919,
          2.494452
        ],
        [
          -0.017091,
          -0.99346,
          0.112898,
          1.656907
        ],
        [
          0.0,
          0.0,
          0.0,
          1.0
        ]
      ]
    },
    {
      "file_path": "/media/NFS/ttao/scannet/posed_images/scene0054_00/00895.jpg",
      "transform_matrix": [
        [
          0.162149,
          -0.083241,
          -0.983249,
          6.671804
        ],
        [
          0.986761,
          0.016909,
          0.161296,
          2.241587
        ],
        [
          0.0032,
          -0.996386,
          0.084881,
          1.596542
        ],
        [
          0.0,
          0.0,
          0.0,
          1.0
        ]
      ]
    },
    {
      "file_path": "/media/NFS/ttao/scannet/posed_images/scene0054_00/00915.jpg",
      "transform_matrix": [
        [
          0.243668,
          -0.049208,
          -0.96861,
          6.76111
        ],
        [
          0.969859,
          0.013336,
          0.243305,
          2.096442
        ],
        [
          0.000945,
          -0.9987,
          0.050974,
          1.586429
        ],
        [
          0.0,
          0.0,
          0.0,
          1.0
        ]
      ]
    },
    {
      "file_path": "/media/NFS/ttao/scannet/posed_images/scene0054_00/00935.jpg",
      "transform_matrix": [
        [
          0.33793,
          0.093921,
          -0.936473,
          6.869834
        ],
        [
          0.940928,
          -0.056359,
          0.333885,
          2.029692
        ],
        [
          -0.02142,
          -0.993983,
          -0.107419,
          1.52775
        ],
        [
          0.0,
          0.0,
          0.0,
          1.0
        ]
      ]
    },
    {
      "file_path": "/media/NFS/ttao/scannet/posed_images/scene0054_00/00948.jpg",
      "transform_matrix": [
        [
          0.371562,
          0.106185,
          -0.922316,
          6.839458
        ],
        [
          0.928251,
          -0.060796,
          0.366954,
          1.986711
        ],
        [
          -0.017108,
          -0.992486,
          -0.121156,
          1.503972
        ],
        [
          0.0,
          0.0,
          0.0,
          1.0
        ]
      ]
    },
    {
      "file_path": "/media/NFS/ttao/scannet/posed_images/scene0054_00/00981.jpg",
      "transform_matrix": [
        [
          0.604937,
          0.182239,
          -0.775139,
          6.540588
        ],
        [
          0.795315,
          -0.090529,
          0.599399,
          1.82573
        ],
        [
          0.039061,
          -0.979078,
          -0.199702,
          1.476823
        ],
        [
          0.0,
          0.0,
          0.0,
          1.0
        ]
      ]
    },
    {
      "file_path": "/media/NFS/ttao/scannet/posed_images/scene0054_00/00988.jpg",
      "transform_matrix": [
        [
          0.616676,
          0.175023,
          -0.767514,
          6.520237
        ],
        [
          0.785892,
          -0.080318,
          0.613126,
          1.807536
        ],
        [
          0.045666,
          -0.981283,
          -0.187079,
          1.476549
        ],
        [
          0.0,
          0.0,
          0.0,
          1.0
        ]
      ]
    },
    {
      "file_path": "/media/NFS/ttao/scannet/posed_images/scene0054_00/01027.jpg",
      "transform_matrix": [
        [
          0.719695,
          0.2444,
          -0.649852,
          6.46946
        ],
        [
          0.691378,
          -0.166638,
          0.703014,
          1.779855
        ],
        [
          0.063527,
          -0.955249,
          -0.288902,
          1.380441
        ],
        [
          0.0,
          0.0,
          0.0,
          1.0
        ]
      ]
    },
    {
      "file_path": "/media/NFS/ttao/scannet/posed_images/scene0054_00/01041.jpg",
      "transform_matrix": [
        [
          0.739232,
          0.249245,
          -0.62563,
          6.468024
        ],
        [
          0.670313,
          -0.182737,
          0.719228,
          1.767857
        ],
        [
          0.064938,
          -0.951044,
          -0.302157,
          1.380472
        ],
        [
          0.0,
          0.0,
          0.0,
          1.0
        ]
      ]
    },
    {
      "file_path": "/media/NFS/ttao/scannet/posed_images/scene0054_00/01074.jpg",
      "transform_matrix": [
        [
          0.792938,
          0.264512,
          -0.548893,
          6.549875
        ],
        [
          0.609302,
          -0.342928,
          0.714948,
          1.768342
        ],
        [
          0.000881,
          -0.901351,
          -0.433088,
          1.341758
        ],
        [
          0.0,
          0.0,
          0.0,
          1.0
        ]
      ]
    },
    {
      "file_path": "/media/NFS/ttao/scannet/posed_images/scene0054_00/01087.jpg",
      "transform_matrix": [
        [
          0.857465,
          0.176421,
          -0.483352,
          6.458277
        ],
        [
          0.514541,
          -0.291439,
          0.806418,
          1.728905
        ],
        [
          0.001402,
          -0.94018,
          -0.340675,
          1.398698
        ],
        [
          0.0,
          0.0,
          0.0,
          1.0
        ]
      ]
    },
    {
      "file_path": "/media/NFS/ttao/scannet/posed_images/scene0054_00/01100.jpg",
      "transform_matrix": [
        [
          0.891366,
          0.086843,
          -0.444889,
          6.364232
        ],
        [
          0.452669,
          -0.221693,
          0.86368,
          1.676151
        ],
        [
          -0.023624,
          -0.971242,
          -0.236921,
          1.471574
        ],
        [
          0.0,
          0.0,
          0.0,
          1.0
        ]
      ]
    },
    {
      "file_path": "/media/NFS/ttao/scannet/posed_images/scene0054_00/01120.jpg",
      "transform_matrix": [
        [
          0.890097,
          -8.4e-05,
          -0.455771,
          6.366111
        ],
        [
          0.4513,
          -0.13957,
          0.88139,
          1.672848
        ],
        [
          -0.063686,
          -0.990212,
          -0.124193,
          1.585526
        ],
        [
          0.0,
          0.0,
          0.0,
          1.0
        ]
      ]
    },
    {
      "file_path": "/media/NFS/ttao/scannet/posed_images/scene0054_00/01160.jpg",
      "transform_matrix": [
        [
          0.596711,
          -0.072283,
          -0.799194,
          6.770483
        ],
        [
          0.794855,
          -0.083512,
          0.601025,
          1.901608
        ],
        [
          -0.110186,
          -0.993882,
          0.007622,
          1.616817
        ],
        [
          0.0,
          0.0,
          0.0,
          1.0
        ]
      ]
    },
    {
      "file_path": "/media/NFS/ttao/scannet/posed_images/scene0054_00/01173.jpg",
      "transform_matrix": [
        [
          0.611732,
          -0.003705,
          -0.791056,
          6.784453
        ],
        [
          0.789428,
          -0.061434,
          0.610761,
          1.997002
        ],
        [
          -0.05086,
          -0.998105,
          -0.034656,
          1.578632
        ],
        [
          0.0,
          0.0,
          0.0,
          1.0
        ]
      ]
    },
    {
      "file_path": "/media/NFS/ttao/scannet/posed_images/scene0054_00/01200.jpg",
      "transform_matrix": [
        [
          0.436698,
          0.102128,
          -0.893792,
          7.016462
        ],
        [
          0.898932,
          -0.088047,
          0.429149,
          2.264364
        ],
        [
          -0.034868,
          -0.990867,
          -0.130256,
          1.512892
        ],
        [
          0.0,
          0.0,
          0.0,
          1.0
        ]
      ]
    },
    {
      "file_path": "/media/NFS/ttao/scannet/posed_images/scene0054_00/01226.jpg",
      "transform_matrix": [
        [
          0.438035,
          0.30207,
          -0.846687,
          7.075847
        ],
        [
          0.898896,
          -0.158283,
          0.408575,
          2.331284
        ],
        [
          -0.010598,
          -0.940054,
          -0.340863,
          1.418932
        ],
        [
          0.0,
          0.0,
          0.0,
          1.0
        ]
      ]
    },
    {
      "file_path": "/media/NFS/ttao/scannet/posed_images/scene0054_00/01246.jpg",
      "transform_matrix": [
        [
          0.491485,
          0.432252,
          -0.756042,
          7.006855
        ],
        [
          0.869777,
          -0.199841,
          0.451167,
          2.343651
        ],
        [
          0.04393,
          -0.87933,
          -0.474182,
          1.340719
        ],
        [
          0.0,
          0.0,
          0.0,
          1.0
        ]
      ]
    },
    {
      "file_path": "/media/NFS/ttao/scannet/posed_images/scene0054_00/01260.jpg",
      "transform_matrix": [
        [
          0.414052,
          0.428069,
          -0.803317,
          7.103456
        ],
        [
          0.910021,
          -0.174711,
          0.37595,
          2.469913
        ],
        [
          0.020584,
          -0.886698,
          -0.461891,
          1.337345
        ],
        [
          0.0,
          0.0,
          0.0,
          1.0
        ]
      ]
    },
    {
      "file_path": "/media/NFS/ttao/scannet/posed_images/scene0054_00/01286.jpg",
      "transform_matrix": [
        [
          0.530357,
          0.424638,
          -0.73376,
          7.222231
        ],
        [
          0.847478,
          -0.288441,
          0.445626,
          2.721357
        ],
        [
          -0.022417,
          -0.858187,
          -0.512849,
          1.32569
        ],
        [
          0.0,
          0.0,
          0.0,
          1.0
        ]
      ]
    },
    {
      "file_path": "/media/NFS/ttao/scannet/posed_images/scene0054_00/01313.jpg",
      "transform_matrix": [
        [
          0.616512,
          0.146427,
          -0.773609,
          7.204346
        ],
        [
          0.78607,
          -0.170359,
          0.594198,
          2.69793
        ],
        [
          -0.044785,
          -0.974442,
          -0.220131,
          1.482035
        ],
        [
          0.0,
          0.0,
          0.0,
          1.0
        ]
      ]
    },
    {
      "file_path": "/media/NFS/ttao/scannet/posed_images/scene0054_00/01326.jpg",
      "transform_matrix": [
        [
          0.579317,
          0.060664,
          -0.812842,
          7.325281
        ],
        [
          0.814865,
          -0.06719,
          0.575745,
          2.823444
        ],
        [
          -0.019688,
          -0.995895,
          -0.088357,
          1.541736
        ],
        [
          0.0,
          0.0,
          0.0,
          1.0
        ]
      ]
    },
    {
      "file_path": "/media/NFS/ttao/scannet/posed_images/scene0054_00/01352.jpg",
      "transform_matrix": [
        [
          0.483784,
          0.001048,
          -0.875187,
          7.518895
        ],
        [
          0.868656,
          -0.122515,
          0.480027,
          3.107673
        ],
        [
          -0.10672,
          -0.992466,
          -0.060181,
          1.550945
        ],
        [
          0.0,
          0.0,
          0.0,
          1.0
        ]
      ]
    },
    {
      "file_path": "/media/NFS/ttao/scannet/posed_images/scene0054_00/01372.jpg",
      "transform_matrix": [
        [
          0.571751,
          0.016976,
          -0.820251,
          7.541184
        ],
        [
          0.819193,
          -0.066626,
          0.569635,
          3.119891
        ],
        [
          -0.04498,
          -0.997634,
          -0.052,
          1.557445
        ],
        [
          0.0,
          0.0,
          0.0,
          1.0
        ]
      ]
    },
    {
      "file_path": "/media/NFS/ttao/scannet/posed_images/scene0054_00/01392.jpg",
      "transform_matrix": [
        [
          0.679228,
          0.007527,
          -0.733889,
          7.606864
        ],
        [
          0.73317,
          -0.052369,
          0.678026,
          3.165174
        ],
        [
          -0.03333,
          -0.9986,
          -0.041089,
          1.599937
        ],
        [
          0.0,
          0.0,
          0.0,
          1.0
        ]
      ]
    },
    {
      "file_path": "/media/NFS/ttao/scannet/posed_images/scene0054_00/01425.jpg",
      "transform_matrix": [
        [
          0.753758,
          0.150821,
          -0.63961,
          7.54278
        ],
        [
          0.655552,
          -0.240428,
          0.715853,
          3.100178
        ],
        [
          -0.045814,
          -0.958878,
          -0.280096,
          1.442289
        ],
        [
          0.0,
          0.0,
          0.0,
          1.0
        ]
      ]
    },
    {
      "file_path": "/media/NFS/ttao/scannet/posed_images/scene0054_00/01432.jpg",
      "transform_matrix": [
        [
          0.759079,
          0.170861,
          -0.628176,
          7.502367
        ],
        [
          0.650053,
          -0.25092,
          0.717266,
          3.093121
        ],
        [
          -0.035069,
          -0.95281,
          -0.301537,
          1.422246
        ],
        [
          0.0,
          0.0,
          0.0,
          1.0
        ]
      ]
    },
    {
      "file_path": "/media/NFS/ttao/scannet/posed_images/scene0054_00/01458.jpg",
      "transform_matrix": [
        [
          0.602509,
          0.197496,
          -0.773291,
          7.659056
        ],
        [
          0.796618,
          -0.208083,
          0.567541,
          3.261644
        ],
        [
          -0.048822,
          -0.957965,
          -0.2827,
          1.43229
        ],
        [
          0.0,
          0.0,
          0.0,
          1.0
        ]
      ]
    },
    {
      "file_path": "/media/NFS/ttao/scannet/posed_images/scene0054_00/01485.jpg",
      "transform_matrix": [
        [
          0.751483,
          0.25846,
          -0.607019,
          7.518401
        ],
        [
          0.659745,
          -0.298817,
          0.689525,
          3.185535
        ],
        [
          -0.003172,
          -0.918644,
          -0.395074,
          1.392124
        ],
        [
          0.0,
          0.0,
          0.0,
          1.0
        ]
      ]
    },
    {
      "file_path": "/media/NFS/ttao/scannet/posed_images/scene0054_00/01511.jpg",
      "transform_matrix": [
        [
          0.856757,
          0.242646,
          -0.455072,
          7.125884
        ],
        [
          0.515059,
          -0.357918,
          0.778851,
          2.977757
        ],
        [
          0.026107,
          -0.901675,
          -0.431626,
          1.359555
        ],
        [
          0.0,
          0.0,
          0.0,
          1.0
        ]
      ]
    },
    {
      "file_path": "/media/NFS/ttao/scannet/posed_images/scene0054_00/01518.jpg",
      "transform_matrix": [
        [
          0.902711,
          0.171091,
          -0.394767,
          7.003701
        ],
        [
          0.429178,
          -0.422722,
          0.798193,
          3.010335
        ],
        [
          -0.030313,
          -0.889963,
          -0.455024,
          1.371513
        ],
        [
          0.0,
          0.0,
          0.0,
          1.0
        ]
      ]
    },
    {
      "file_path": "/media/NFS/ttao/scannet/posed_images/scene0054_00/01551.jpg",
      "transform_matrix": [
        [
          0.998168,
          0.049463,
          -0.034853,
          6.547111
        ],
        [
          0.055006,
          -0.501744,
          0.863266,
          3.145883
        ],
        [
          0.025213,
          -0.863601,
          -0.503546,
          1.343499
        ],
        [
          0.0,
          0.0,
          0.0,
          1.0
        ]
      ]
    },
    {
      "file_path": "/media/NFS/ttao/scannet/posed_images/scene0054_00/01571.jpg",
      "transform_matrix": [
        [
          0.967525,
          -0.125862,
          0.219211,
          6.367978
        ],
        [
          -0.252713,
          -0.462596,
          0.849789,
          3.325839
        ],
        [
          -0.00555,
          -0.87759,
          -0.479381,
          1.277504
        ],
        [
          0.0,
          0.0,
          0.0,
          1.0
        ]
      ]
    },
    {
      "file_path": "/media/NFS/ttao/scannet/posed_images/scene0054_00/01604.jpg",
      "transform_matrix": [
        [
          0.698085,
          -0.271023,
          0.66274,
          5.923053
        ],
        [
          -0.711719,
          -0.363892,
          0.600865,
          3.533454
        ],
        [
          0.078318,
          -0.891139,
          -0.44692,
          1.236742
        ],
        [
          0.0,
          0.0,
          0.0,
          1.0
        ]
      ]
    },
    {
      "file_path": "/media/NFS/ttao/scannet/posed_images/scene0054_00/01611.jpg",
      "transform_matrix": [
        [
          0.695124,
          -0.258164,
          0.670935,
          5.919115
        ],
        [
          -0.713776,
          -0.358975,
          0.601382,
          3.53041
        ],
        [
          0.085594,
          -0.896933,
          -0.433804,
          1.24127
        ],
        [
          0.0,
          0.0,
          0.0,
          1.0
        ]
      ]
    },
    {
      "file_path": "/media/NFS/ttao/scannet/posed_images/scene0054_00/01637.jpg",
      "transform_matrix": [
        [
          0.637218,
          -0.370723,
          0.67566,
          5.974256
        ],
        [
          -0.767178,
          -0.388645,
          0.510287,
          3.464489
        ],
        [
          0.073417,
          -0.843516,
          -0.532062,
          1.191885
        ],
        [
          0.0,
          0.0,
          0.0,
          1.0
        ]
      ]
    },
    {
      "file_path": "/media/NFS/ttao/scannet/posed_images/scene0054_00/01657.jpg",
      "transform_matrix": [
        [
          0.562098,
          -0.348922,
          0.749866,
          6.083776
        ],
        [
          -0.826491,
          -0.270915,
          0.493476,
          3.395992
        ],
        [
          0.030966,
          -0.897139,
          -0.440661,
          1.284002
        ],
        [
          0.0,
          0.0,
          0.0,
          1.0
        ]
      ]
    },
    {
      "file_path": "/media/NFS/ttao/scannet/posed_images/scene0054_00/01684.jpg",
      "transform_matrix": [
        [
          0.51468,
          -0.418179,
          0.748486,
          6.230642
        ],
        [
          -0.857328,
          -0.260865,
          0.443778,
          3.213174
        ],
        [
          0.009675,
          -0.870102,
          -0.492778,
          1.248943
        ],
        [
          0.0,
          0.0,
          0.0,
          1.0
        ]
      ]
    },
    {
      "file_path": "/media/NFS/ttao/scannet/posed_images/scene0054_00/01704.jpg",
      "transform_matrix": [
        [
          0.464297,
          -0.315158,
          0.82771,
          6.284932
        ],
        [
          -0.885457,
          -0.186135,
          0.425817,
          3.166183
        ],
        [
          0.019866,
          -0.930607,
          -0.36548,
          1.308838
        ],
        [
