{
  "frames": [
    {
      "file_path": "/media/NFS/ttao/scannet/posed_images/scene0166_02/00000.jpg",
      "transform_matrix": [
        [
          -0.974953,
          0.094504,
          -0.201334,
          2.822807
        ],
        [
          0.222364,
          0.432705,
          -0.873682,
          2.535029
        ],
        [
          0.004552,
          -0.896569,
          -0.442881,
          1.334823
        ],
        [
          0.0,
          0.0,
          0.0,
          1.0
        ]
      ]
    },
    {
      "file_path": "/media/NFS/ttao/scannet/posed_images/scene0166_02/00011.jpg",
      "transform_matrix": [
        [
          -0.986211,
          0.064888,
          -0.15224,
          2.754154
        ],
        [
          0.165477,
          0.398772,
          -0.901997,
          2.545109
        ],
        [
          0.002181,
          -0.914752,
          -0.404011,
          1.339959
        ],
        [
          0.0,
          0.0,
          0.0,
          1.0
        ]
      ]
    },
    {
      "file_path": "/media/NFS/ttao/scannet/posed_images/scene0166_02/00017.jpg",
      "transform_matrix": [
        [
          -0.985155,
          0.049812,
          -0.164283,
          2.736103
        ],
        [
          0.170982,
          0.370208,
          -0.913078,
          2.543429
        ],
        [
          0.015336,
          -0.927613,
          -0.373229,
          1.342163
        ],
        [
          0.0,
          0.0,
          0.0,
          1.0
        ]
      ]
    },
    {
      "file_path": "/media/NFS/ttao/scannet/posed_images/scene0166_02/00028.jpg",
      "transform_matrix": [
        [
          -0.977155,
          0.099231,
          -0.187938,
          2.736428
        ],
        [
          0.212373,
          0.422287,
          -0.881233,
          2.533344
        ],
        [
          -0.008082,
          -0.901015,
          -0.433714,
          1.298222
        ],
        [
          0.0,
          0.0,
          0.0,
          1.0
        ]
      ]
    },
    {
      "file_path": "/media/NFS/ttao/scannet/posed_images/scene0166_02/00042.jpg",
      "transform_matrix": [
        [
          -0.924404,
          0.166185,
          -0.343307,
          2.882501
        ],
        [
          0.380743,
          0.455457,
          -0.804732,
          2.473354
        ],
        [
          0.022627,
          -0.874609,
          -0.4843,
          1.25265
        ],
        [
          0.0,
          0.0,
          0.0,
          1.0
        ]
      ]
    },
    {
      "file_path": "/media/NFS/ttao/scannet/posed_images/scene0166_02/00045.jpg",
      "transform_matrix": [
        [
          -0.918888,
          0.175383,
          -0.353392,
          2.913476
        ],
        [
          0.39382,
          0.46106,
          -0.795191,
          2.458235
        ],
        [
          0.023471,
          -0.869865,
          -0.492732,
          1.251382
        ],
        [
          0.0,
          0.0,
          0.0,
          1.0
        ]
      ]
    },
    {
      "file_path": "/media/NFS/ttao/scannet/posed_images/scene0166_02/00059.jpg",
      "transform_matrix": [
        [
          -0.905353,
          0.196814,
          -0.376299,
          2.994885
        ],
        [
          0.424635,
          0.409943,
          -0.807237,
          2.308566
        ],
        [
          -0.004614,
          -0.890624,
          -0.454717,
          1.248322
        ],
        [
          0.0,
          0.0,
          0.0,
          1.0
        ]
      ]
    },
    {
      "file_path": "/media/NFS/ttao/scannet/posed_images/scene0166_02/00067.jpg",
      "transform_matrix": [
        [
          -0.875292,
          0.238038,
          -0.420953,
          3.024655
        ],
        [
          0.483258,
          0.398098,
          -0.77973,
          2.181556
        ],
        [
          -0.018025,
          -0.885921,
          -0.463485,
          1.266811
        ],
        [
          0.0,
          0.0,
          0.0,
          1.0
        ]
      ]
    },
    {
      "file_path": "/media/NFS/ttao/scannet/posed_images/scene0166_02/00076.jpg",
      "transform_matrix": [
        [
          -0.8146,
          0.252727,
          -0.52207,
          3.073998
        ],
        [
          0.579996,
          0.363662,
          -0.72894,
          2.069956
        ],
        [
          0.005634,
          -0.896593,
          -0.44282,
          1.267893
        ],
        [
          0.0,
          0.0,
          0.0,
          1.0
        ]
      ]
    },
    {
      "file_path": "/media/NFS/ttao/scannet/posed_images/scene0166_02/00087.jpg",
      "transform_matrix": [
        [
          -0.692522,
          0.290134,
          -0.660482,
          3.196978
        ],
        [
          0.720248,
          0.329731,
          -0.610344,
          1.934939
        ],
        [
          0.0407,
          -0.898388,
          -0.437314,
          1.264889
        ],
        [
          0.0,
          0.0,
          0.0,
          1.0
        ]
      ]
    },
    {
      "file_path": "/media/NFS/ttao/scannet/posed_images/scene0166_02/00096.jpg",
      "transform_matrix": [
        [
          -0.590591,
          0.301536,
          -0.748517,
          3.234182
        ],
        [
          0.803789,
          0.302098,
          -0.512503,
          1.829805
        ],
        [
          0.071587,
          -0.90433,
          -0.420788,
          1.254545
        ],
        [
          0.0,
          0.0,
          0.0,
          1.0
        ]
      ]
    },
    {
      "file_path": "/media/NFS/ttao/scannet/posed_images/scene0166_02/00107.jpg",
      "transform_matrix": [
        [
          -0.531644,
          0.297903,
          -0.792848,
          3.199852
        ],
        [
          0.846447,
          0.219692,
          -0.485038,
          1.724471
        ],
        [
          0.029687,
          -0.928972,
          -0.368957,
          1.248034
        ],
        [
          0.0,
          0.0,
          0.0,
          1.0
        ]
      ]
    },
    {
      "file_path": "/media/NFS/ttao/scannet/posed_images/scene0166_02/00115.jpg",
      "transform_matrix": [
        [
          -0.528189,
          0.261986,
          -0.8077,
          3.168726
        ],
        [
          0.848396,
          0.202261,
          -0.489197,
          1.633815
        ],
        [
          0.035204,
          -0.943639,
          -0.3291,
          1.287627
        ],
        [
          0.0,
          0.0,
          0.0,
          1.0
        ]
      ]
    },
    {
      "file_path": "/media/NFS/ttao/scannet/posed_images/scene0166_02/00121.jpg",
      "transform_matrix": [
        [
          -0.541321,
          0.24592,
          -0.804049,
          3.145134
        ],
        [
          0.839312,
          0.215206,
          -0.49924,
          1.579259
        ],
        [
          0.050263,
          -0.945098,
          -0.322899,
          1.29893
        ],
        [
          0.0,
          0.0,
          0.0,
          1.0
        ]
      ]
    },
    {
      "file_path": "/media/NFS/ttao/scannet/posed_images/scene0166_02/00129.jpg",
      "transform_matrix": [
        [
          -0.426963,
          0.273416,
          -0.861943,
          3.115317
        ],
        [
          0.9037,
          0.162835,
          -0.395994,
          1.502116
        ],
        [
          0.032084,
          -0.948013,
          -0.31661,
          1.321664
        ],
        [
          0.0,
          0.0,
          0.0,
          1.0
        ]
      ]
    },
    {
      "file_path": "/media/NFS/ttao/scannet/posed_images/scene0166_02/00146.jpg",
      "transform_matrix": [
        [
          -0.222339,
          0.30846,
          -0.924888,
          3.041007
        ],
        [
          0.972827,
          0.133041,
          -0.189492,
          1.397071
        ],
        [
          0.064597,
          -0.941888,
          -0.329659,
          1.325783
        ],
        [
          0.0,
          0.0,
          0.0,
          1.0
        ]
      ]
    },
    {
      "file_path": "/media/NFS/ttao/scannet/posed_images/scene0166_02/00155.jpg",
      "transform_matrix": [
        [
          -0.100251,
          0.315355,
          -0.943664,
          3.013869
        ],
        [
          0.988891,
          0.136197,
          -0.059541,
          1.36437
        ],
        [
          0.109748,
          -0.939149,
          -0.325506,
          1.310557
        ],
        [
          0.0,
          0.0,
          0.0,
          1.0
        ]
      ]
    },
    {
      "file_path": "/media/NFS/ttao/scannet/posed_images/scene0166_02/00163.jpg",
      "transform_matrix": [
        [
          -0.045631,
          0.305538,
          -0.951086,
          2.997848
        ],
        [
          0.990546,
          0.137137,
          -0.003468,
          1.341142
        ],
        [
          0.129369,
          -0.942253,
          -0.308908,
          1.293872
        ],
        [
          0.0,
          0.0,
          0.0,
          1.0
        ]
      ]
    },
    {
      "file_path": "/media/NFS/ttao/scannet/posed_images/scene0166_02/00169.jpg",
      "transform_matrix": [
        [
          -0.018674,
          0.320702,
          -0.946996,
          2.984275
        ],
        [
          0.990414,
          0.135588,
          0.026387,
          1.337713
        ],
        [
          0.136863,
          -0.937425,
          -0.32016,
          1.291672
        ],
        [
          0.0,
          0.0,
          0.0,
          1.0
        ]
      ]
    },
    {
      "file_path": "/media/NFS/ttao/scannet/posed_images/scene0166_02/00180.jpg",
      "transform_matrix": [
        [
          0.055082,
          0.335163,
          -0.940549,
          2.979568
        ],
        [
          0.98741,
          0.121605,
          0.10116,
          1.343107
        ],
        [
          0.14828,
          -0.93428,
          -0.324245,
          1.283108
        ],
        [
          0.0,
          0.0,
          0.0,
          1.0
        ]
      ]
    },
    {
      "file_path": "/media/NFS/ttao/scannet/posed_images/scene0166_02/00188.jpg",
      "transform_matrix": [
        [
          0.061464,
          0.329079,
          -0.9423,
          2.997644
        ],
        [
          0.988569,
          0.110145,
          0.102948,
          1.379085
        ],
        [
          0.137668,
          -0.937857,
          -0.318548,
          1.287422
        ],
        [
          0.0,
          0.0,
          0.0,
          1.0
        ]
      ]
    },
    {
      "file_path": "/media/NFS/ttao/scannet/posed_images/scene0166_02/00200.jpg",
      "transform_matrix": [
        [
          -0.105906,
          0.363376,
          -0.925603,
          3.076722
        ],
        [
          0.991114,
          0.113908,
          -0.068683,
          1.548458
        ],
        [
          0.080476,
          -0.924653,
          -0.372211,
          1.278041
        ],
        [
          0.0,
          0.0,
          0.0,
          1.0
        ]
      ]
    },
    {
      "file_path": "/media/NFS/ttao/scannet/posed_images/scene0166_02/00205.jpg",
      "transform_matrix": [
        [
          -0.114599,
          0.378825,
          -0.918346,
          3.107497
        ],
        [
          0.989895,
          0.121265,
          -0.073505,
          1.655807
        ],
        [
          0.083517,
          -0.91749,
          -0.388894,
          1.267825
        ],
        [
          0.0,
          0.0,
          0.0,
          1.0
        ]
      ]
    },
    {
      "file_path": "/media/NFS/ttao/scannet/posed_images/scene0166_02/00216.jpg",
      "transform_matrix": [
        [
          -0.180226,
          0.438918,
          -0.880267,
          3.143618
        ],
        [
          0.982918,
          0.114294,
          -0.144253,
          1.848092
        ],
        [
          0.037294,
          -0.891229,
          -0.452019,
          1.267692
        ],
        [
          0.0,
          0.0,
          0.0,
          1.0
        ]
      ]
    },
    {
      "file_path": "/media/NFS/ttao/scannet/posed_images/scene0166_02/00228.jpg",
      "transform_matrix": [
        [
          -0.158292,
          0.444038,
          -0.881915,
          3.081697
        ],
        [
          0.986904,
          0.099222,
          -0.127178,
          2.001889
        ],
        [
          0.031034,
          -0.890498,
          -0.453929,
          1.239375
        ],
        [
          0.0,
          0.0,
          0.0,
          1.0
        ]
      ]
    },
    {
      "file_path": "/media/NFS/ttao/scannet/posed_images/scene0166_02/00233.jpg",
      "transform_matrix": [
        [
          -0.204898,
          0.448315,
          -0.870075,
          3.019797
        ],
        [
          0.978037,
          0.128479,
          -0.164122,
          2.080304
        ],
        [
          0.038208,
          -0.884594,
          -0.464794,
          1.26856
        ],
        [
          0.0,
          0.0,
          0.0,
          1.0
        ]
      ]
    },
    {
      "file_path": "/media/NFS/ttao/scannet/posed_images/scene0166_02/00244.jpg",
      "transform_matrix": [
        [
          -0.202776,
          0.483527,
          -0.851518,
          2.931489
        ],
        [
          0.978594,
          0.131272,
          -0.158496,
          2.224375
        ],
        [
          0.035143,
          -0.86543,
          -0.499796,
          1.243825
        ],
        [
          0.0,
          0.0,
          0.0,
          1.0
        ]
      ]
    },
    {
      "file_path": "/media/NFS/ttao/scannet/posed_images/scene0166_02/00250.jpg",
      "transform_matrix": [
        [
          -0.292749,
          0.469382,
          -0.833054,
          2.914103
        ],
        [
          0.955766,
          0.169565,
          -0.240331,
          2.31605
        ],
        [
          0.028449,
          -0.866561,
          -0.498259,
          1.246034
        ],
        [
          0.0,
          0.0,
          0.0,
          1.0
        ]
      ]
    },
    {
      "file_path": "/media/NFS/ttao/scannet/posed_images/scene0166_02/00264.jpg",
      "transform_matrix": [
        [
          -0.375668,
          0.432797,
          -0.819488,
          2.880057
        ],
        [
          0.926398,
          0.199869,
          -0.319121,
          2.416305
        ],
        [
          0.025675,
          -0.879056,
          -0.476027,
          1.267202
        ],
        [
          0.0,
          0.0,
          0.0,
          1.0
        ]
      ]
    },
    {
      "file_path": "/media/NFS/ttao/scannet/posed_images/scene0166_02/00270.jpg",
      "transform_matrix": [
        [
          -0.373822,
          0.40277,
          -0.835484,
          2.892629
        ],
        [
          0.927485,
          0.157108,
          -0.339248,
          2.398129
        ],
        [
          -0.005378,
          -0.901717,
          -0.432294,
          1.265947
        ],
        [
          0.0,
          0.0,
          0.0,
          1.0
        ]
      ]
    },
    {
      "file_path": "/media/NFS/ttao/scannet/posed_images/scene0166_02/00278.jpg",
      "transform_matrix": [
        [
          -0.285445,
          0.374879,
          -0.882036,
          2.932394
        ],
        [
          0.95806,
          0.135946,
          -0.252268,
          2.287513
        ],
        [
          0.025339,
          -0.917052,
          -0.397962,
          1.258379
        ],
        [
          0.0,
          0.0,
          0.0,
          1.0
        ]
      ]
    },
    {
      "file_path": "/media/NFS/ttao/scannet/posed_images/scene0166_02/00292.jpg",
      "transform_matrix": [
        [
          -0.237367,
          0.353157,
          -0.904951,
          3.027837
        ],
        [
          0.965917,
          0.184825,
          -0.181231,
          2.052065
        ],
        [
          0.103254,
          -0.917126,
          -0.384992,
          1.228921
        ],
        [
          0.0,
          0.0,
          0.0,
          1.0
        ]
      ]
    },
    {
      "file_path": "/media/NFS/ttao/scannet/posed_images/scene0166_02/00303.jpg",
      "transform_matrix": [
        [
          -0.179397,
          0.404439,
          -0.896797,
          3.030861
        ],
        [
          0.97516,
          0.193492,
          -0.107812,
          1.961574
        ],
        [
          0.12992,
          -0.893862,
          -0.429105,
          1.188706
        ],
        [
          0.0,
          0.0,
          0.0,
          1.0
        ]
      ]
    },
    {
      "file_path": "/media/NFS/ttao/scannet/posed_images/scene0166_02/00312.jpg",
      "transform_matrix": [
        [
          -0.217251,
          0.393279,
          -0.893383,
          3.040612
        ],
        [
          0.962419,
          0.239088,
          -0.12879,
          1.914705
        ],
        [
          0.162946,
          -0.887789,
          -0.430442,
          1.159189
        ],
        [
          0.0,
          0.0,
          0.0,
          1.0
        ]
      ]
    },
    {
      "file_path": "/media/NFS/ttao/scannet/posed_images/scene0166_02/00318.jpg",
      "transform_matrix": [
        [
          -0.284276,
          0.385857,
          -0.877668,
          3.05527
        ],
        [
          0.946772,
          0.257191,
          -0.193587,
          1.892637
        ],
        [
          0.151031,
          -0.885984,
          -0.438432,
          1.159224
        ],
        [
          0.0,
          0.0,
          0.0,
          1.0
        ]
      ]
    },
    {
      "file_path": "/media/NFS/ttao/scannet/posed_images/scene0166_02/00329.jpg",
      "transform_matrix": [
        [
          -0.362671,
          0.323615,
          -0.873924,
          3.06989
        ],
        [
          0.9262,
          0.228879,
          -0.299611,
          1.904263
        ],
        [
          0.103064,
          -0.918089,
          -0.382741,
          1.208521
        ],
        [
          0.0,
          0.0,
          0.0,
          1.0
        ]
      ]
    },
    {
      "file_path": "/media/NFS/ttao/scannet/posed_images/scene0166_02/00340.jpg",
      "transform_matrix": [
        [
          -0.488622,
          0.264475,
          -0.831445,
          3.072785
        ],
        [
          0.872197,
          0.172975,
          -0.457549,
          1.971411
        ],
        [
          0.022809,
          -0.948753,
          -0.315194,
          1.271069
        ],
        [
          0.0,
          0.0,
          0.0,
          1.0
        ]
      ]
    },
    {
      "file_path": "/media/NFS/ttao/scannet/posed_images/scene0166_02/00348.jpg",
      "transform_matrix": [
        [
          -0.666664,
          0.213547,
          -0.714113,
          3.049303
        ],
        [
          0.745359,
          0.190477,
          -0.638873,
          2.110128
        ],
        [
          -0.000407,
          -0.958184,
          -0.286153,
          1.294776
        ],
        [
          0.0,
          0.0,
          0.0,
          1.0
        ]
      ]
    },
    {
      "file_path": "/media/NFS/ttao/scannet/posed_images/scene0166_02/00360.jpg",
      "transform_matrix": [
        [
          -0.759601,
          0.11254,
          -0.640579,
          3.005915
        ],
        [
          0.64883,
          0.199291,
          -0.734372,
          2.275558
        ],
        [
          0.045016,
          -0.973457,
          -0.224401,
          1.362787
        ],
        [
          0.0,
          0.0,
          0.0,
          1.0
        ]
      ]
    },
    {
      "file_path": "/media/NFS/ttao/scannet/posed_images/scene0166_02/00362.jpg",
      "transform_matrix": [
        [
          -0.762444,
          0.110913,
          -0.637478,
          3.014372
        ],
        [
          0.645368,
          0.201449,
          -0.73683,
          2.291388
        ],
        [
          0.046696,
          -0.973199,
          -0.225173,
          1.372203
        ],
        [
          0.0,
          0.0,
          0.0,
          1.0
        ]
      ]
    },
    {
      "file_path": "/media/NFS/ttao/scannet/posed_images/scene0166_02/00377.jpg",
      "transform_matrix": [
        [
          -0.812764,
          0.092386,
          -0.575222,
          3.107545
        ],
        [
          0.5823,
          0.160169,
          -0.79704,
          2.409748
        ],
        [
          0.018498,
          -0.982757,
          -0.183976,
          1.442487
        ],
        [
          0.0,
          0.0,
          0.0,
          1.0
        ]
      ]
    },
    {
      "file_path": "/media/NFS/ttao/scannet/posed_images/scene0166_02/00382.jpg",
      "transform_matrix": [
        [
          -0.822354,
          0.087737,
          -0.562171,
          3.131593
        ],
        [
          0.568969,
          0.121962,
          -0.813265,
          2.43826
        ],
        [
          -0.00279,
          -0.98865,
          -0.150215,
          1.455298
        ],
        [
          0.0,
          0.0,
          0.0,
          1.0
        ]
      ]
    },
    {
      "file_path": "/media/NFS/ttao/scannet/posed_images/scene0166_02/00391.jpg",
      "transform_matrix": [
        [
          -0.864288,
          0.053226,
          -0.500173,
          3.137952
        ],
        [
          0.502786,
          0.062603,
          -0.862141,
          2.487983
        ],
        [
          -0.014577,
          -0.996618,
          -0.080868,
          1.499943
        ],
        [
          0.0,
          0.0,
          0.0,
          1.0
        ]
      ]
    },
    {
      "file_path": "/media/NFS/ttao/scannet/posed_images/scene0166_02/00407.jpg",
      "transform_matrix": [
        [
          -0.93427,
          -0.023292,
          -0.355806,
          3.082826
        ],
        [
          0.356477,
          -0.083535,
          -0.930562,
          2.586384
        ],
        [
          -0.008048,
          -0.996233,
          0.086347,
          1.57395
        ],
        [
          0.0,
          0.0,
          0.0,
          1.0
        ]
      ]
    },
    {
      "file_path": "/media/NFS/ttao/scannet/posed_images/scene0166_02/00413.jpg",
      "transform_matrix": [
        [
          -0.937182,
          -0.038382,
          -0.346723,
          3.073245
        ],
        [
          0.348791,
          -0.119855,
          -0.929505,
          2.616208
        ],
        [
          -0.00588,
          -0.992049,
          0.125713,
          1.601177
        ],
        [
          0.0,
          0.0,
          0.0,
          1.0
        ]
      ]
    },
    {
      "file_path": "/media/NFS/ttao/scannet/posed_images/scene0166_02/00422.jpg",
      "transform_matrix": [
        [
          -0.931222,
          -0.059931,
          -0.35949,
          3.048999
        ],
        [
          0.364442,
          -0.160359,
          -0.917315,
          2.649699
        ],
        [
          -0.002672,
          -0.985238,
          0.171171,
          1.624794
        ],
        [
          0.0,
          0.0,
          0.0,
          1.0
        ]
      ]
    },
    {
      "file_path": "/media/NFS/ttao/scannet/posed_images/scene0166_02/00436.jpg",
      "transform_matrix": [
        [
          -0.885994,
          -0.030217,
          -0.462711,
          3.041263
        ],
        [
          0.463648,
          -0.043372,
          -0.884957,
          2.607001
        ],
        [
          0.006672,
          -0.998602,
          0.052437,
          1.554988
        ],
        [
          0.0,
          0.0,
          0.0,
          1.0
        ]
      ]
    },
    {
      "file_path": "/media/NFS/ttao/scannet/posed_images/scene0166_02/00441.jpg",
      "transform_matrix": [
        [
          -0.87114,
          -0.021711,
          -0.490554,
          3.032318
        ],
        [
          0.490849,
          -0.011071,
          -0.871174,
          2.589424
        ],
        [
          0.013483,
          -0.999703,
          0.020301,
          1.517546
        ],
        [
          0.0,
          0.0,
          0.0,
          1.0
        ]
      ]
    },
    {
      "file_path": "/media/NFS/ttao/scannet/posed_images/scene0166_02/00447.jpg",
      "transform_matrix": [
        [
          -0.821313,
          -0.008357,
          -0.570417,
          3.043208
        ],
        [
          0.569832,
          0.035557,
          -0.820992,
          2.551065
        ],
        [
          0.027143,
          -0.999333,
          -0.024442,
          1.537438
        ],
        [
          0.0,
          0.0,
          0.0,
          1.0
        ]
      ]
    },
    {
      "file_path": "/media/NFS/ttao/scannet/posed_images/scene0166_02/00464.jpg",
      "transform_matrix": [
        [
          -0.650682,
          -0.059921,
          -0.756983,
          3.055865
        ],
        [
          0.757179,
          0.024131,
          -0.652761,
          2.497691
        ],
        [
          0.05738,
          -0.997912,
          0.02967,
          1.53991
        ],
        [
          0.0,
          0.0,
          0.0,
          1.0
        ]
      ]
    },
    {
      "file_path": "/media/NFS/ttao/scannet/posed_images/scene0166_02/00472.jpg",
      "transform_matrix": [
        [
          -0.598192,
          -0.057147,
          -0.799312,
          3.046762
        ],
        [
          0.798711,
          0.038411,
          -0.600488,
          2.472787
        ],
        [
          0.065019,
          -0.997627,
          0.022667,
          1.552246
        ],
        [
          0.0,
          0.0,
          0.0,
          1.0
        ]
      ]
    },
    {
      "file_path": "/media/NFS/ttao/scannet/posed_images/scene0166_02/00475.jpg",
      "transform_matrix": [
        [
          -0.582204,
          -0.052356,
          -0.811355,
          3.034802
        ],
        [
          0.8108,
          0.036678,
          -0.584172,
          2.469856
        ],
        [
          0.060343,
          -0.997955,
          0.021097,
          1.559786
        ],
        [
          0.0,
          0.0,
          0.0,
          1.0
        ]
      ]
    },
    {
      "file_path": "/media/NFS/ttao/scannet/posed_images/scene0166_02/00492.jpg",
      "transform_matrix": [
        [
          -0.501157,
          0.018168,
          -0.865166,
          2.942503
        ],
        [
          0.863863,
          0.069222,
          -0.498948,
          2.367601
        ],
        [
          0.050823,
          -0.997436,
          -0.050386,
          1.496239
        ],
        [
          0.0,
          0.0,
          0.0,
          1.0
        ]
      ]
    },
    {
      "file_path": "/media/NFS/ttao/scannet/posed_images/scene0166_02/00500.jpg",
      "transform_matrix": [
        [
          -0.477926,
          0.063605,
          -0.876094,
          2.86551
        ],
        [
          0.876902,
          0.092766,
          -0.471632,
          2.356758
        ],
        [
          0.051273,
          -0.993654,
          -0.100111,
          1.424301
        ],
        [
          0.0,
          0.0,
          0.0,
          1.0
        ]
      ]
    },
    {
      "file_path": "/media/NFS/ttao/scannet/posed_images/scene0166_02/00503.jpg",
      "transform_matrix": [
        [
          -0.472851,
          0.075239,
          -0.877924,
          2.855371
        ],
        [
          0.879801,
          0.09527,
          -0.465697,
          2.346011
        ],
        [
          0.048601,
          -0.992604,
          -0.111244,
          1.406062
        ],
        [
          0.0,
          0.0,
          0.0,
          1.0
        ]
      ]
    },
    {
      "file_path": "/media/NFS/ttao/scannet/posed_images/scene0166_02/00520.jpg",
      "transform_matrix": [
        [
          -0.290352,
          0.212225,
          -0.93309,
          2.885958
        ],
        [
          0.956751,
          0.082699,
          -0.278905,
          2.255485
        ],
        [
          0.017975,
          -0.973716,
          -0.227058,
          1.335012
        ],
        [
          0.0,
          0.0,
          0.0,
          1.0
        ]
      ]
    },
    {
      "file_path": "/media/NFS/ttao/scannet/posed_images/scene0166_02/00525.jpg",
      "transform_matrix": [
        [
          -0.237745,
          0.230127,
          -0.943673,
          2.906367
        ],
        [
          0.971301,
          0.063487,
          -0.229223,
          2.221071
        ],
        [
          0.007161,
          -0.971088,
          -0.238617,
          1.327677
        ],
        [
          0.0,
          0.0,
          0.0,
          1.0
        ]
      ]
    },
    {
      "file_path": "/media/NFS/ttao/scannet/posed_images/scene0166_02/00540.jpg",
      "transform_matrix": [
        [
          -0.119171,
          0.263317,
          -0.95732,
          2.863856
        ],
        [
          0.991917,
          0.073892,
          -0.103154,
          2.160886
        ],
        [
          0.043576,
          -0.961876,
          -0.269994,
          1.340519
        ],
        [
          0.0,
          0.0,
          0.0,
          1.0
        ]
      ]
    },
    {
      "file_path": "/media/NFS/ttao/scannet/posed_images/scene0166_02/00542.jpg",
      "transform_matrix": [
        [
          -0.105302,
          0.261312,
          -0.959493,
          2.852322
        ],
        [
          0.993608,
          0.067116,
          -0.090767,
          2.147038
        ],
        [
          0.040679,
          -0.962918,
          -0.266709,
          1.334516
        ],
        [
          0.0,
          0.0,
          0.0,
          1.0
        ]
      ]
    },
    {
      "file_path": "/media/NFS/ttao/scannet/posed_images/scene0166_02/00554.jpg",
      "transform_matrix": [
        [
          0.064144,
          0.379966,
          -0.922774,
          2.751348
        ],
        [
          0.9977,
          -0.004118,
          0.067656,
          2.085077
        ],
        [
          0.021907,
          -0.924991,
          -0.379357,
          1.295037
        ],
        [
          0.0,
          0.0,
          0.0,
          1.0
        ]
      ]
    },
    {
      "file_path": "/media/NFS/ttao/scannet/posed_images/scene0166_02/00565.jpg",
      "transform_matrix": [
        [
          0.266598,
          0.410038,
          -0.872235,
          2.710604
        ],
        [
          0.96245,
          -0.065241,
          0.263502,
          1.97875
        ],
        [
          0.051141,
          -0.909732,
          -0.412034,
          1.271361
        ],
        [
          0.0,
          0.0,
          0.0,
          1.0
        ]
      ]
    },
    {
      "file_path": "/media/NFS/ttao/scannet/posed_images/scene0166_02/00573.jpg",
      "transform_matrix": [
        [
          0.362921,
          0.403773,
          -0.839795,
          2.713204
        ],
        [
          0.930336,
          -0.106179,
          0.350999,
          1.867915
        ],
        [
          0.052555,
          -0.908677,
          -0.414179,
          1.252843
        ],
        [
          0.0,
          0.0,
          0.0,
          1.0
        ]
      ]
    },
    {
      "file_path": "/media/NFS/ttao/scannet/posed_images/scene0166_02/00582.jpg",
      "transform_matrix": [
        [
          0.383505,
          0.418001,
          -0.823529,
          2.73538
        ],
        [
          0.923025,
          -0.14375,
          0.356876,
          1.813396
        ],
        [
          0.030792,
          -0.897002,
          -0.440954,
          1.235419
        ],
        [
          0.0,
          0.0,
          0.0,
          1.0
        ]
      ]
    },
    {
      "file_path": "/media/NFS/ttao/scannet/posed_images/scene0166_02/00596.jpg",
      "transform_matrix": [
        [
          0.463821,
          0.444745,
          -0.766206,
          2.831622
        ],
        [
          0.885371,
          -0.202,
          0.418706,
          1.793437
        ],
        [
          0.031444,
          -0.872581,
          -0.487456,
          1.22753
        ],
        [
          0.0,
          0.0,
          0.0,
          1.0
        ]
      ]
    },
    {
      "file_path": "/media/NFS/ttao/scannet/posed_images/scene0166_02/00599.jpg",
      "transform_matrix": [
        [
          0.475619,
          0.443432,
          -0.759707,
          2.852339
        ],
        [
          0.879147,
          -0.210389,
          0.427594,
          1.790457
        ],
        [
          0.029775,
          -0.871266,
          -0.489907,
          1.231463
        ],
        [
          0.0,
          0.0,
          0.0,
          1.0
        ]
      ]
    },
    {
      "file_path": "/media/NFS/ttao/scannet/posed_images/scene0166_02/00613.jpg",
      "transform_matrix": [
        [
          0.49693,
          0.384049,
          -0.778182,
          2.872018
        ],
        [
          0.866639,
          -0.173437,
          0.467821,
          1.897899
        ],
        [
          0.044701,
          -0.906877,
          -0.419018,
          1.226693
        ],
        [
          0.0,
          0.0,
          0.0,
          1.0
        ]
      ]
    },
    {
      "file_path": "/media/NFS/ttao/scannet/posed_images/scene0166_02/00615.jpg",
      "transform_matrix": [
        [
          0.491466,
          0.393557,
          -0.7769,
          2.855266
        ],
        [
          0.869087,
          -0.164155,
          0.466627,
          1.917851
        ],
        [
          0.056112,
          -0.904525,
          -0.422712,
          1.231248
        ],
        [
          0.0,
          0.0,
          0.0,
          1.0
        ]
      ]
    },
    {
      "file_path": "/media/NFS/ttao/scannet/posed_images/scene0166_02/00632.jpg",
      "transform_matrix": [
        [
          0.4719,
          0.402652,
          -0.784335,
          2.789376
        ],
        [
          0.881628,
          -0.222019,
          0.41646,
          2.183859
        ],
        [
          -0.006448,
          -0.88802,
          -0.459761,
          1.250042
        ],
        [
          0.0,
          0.0,
          0.0,
          1.0
        ]
      ]
    },
    {
      "file_path": "/media/NFS/ttao/scannet/posed_images/scene0166_02/00635.jpg",
      "transform_matrix": [
        [
          0.458824,
          0.400387,
          -0.793202,
          2.796548
        ],
        [
          0.888523,
          -0.209193,
          0.408367,
          2.227123
        ],
        [
          -0.002427,
          -0.892148,
          -0.451737,
          1.249478
        ],
        [
          0.0,
          0.0,
          0.0,
          1.0
        ]
      ]
    },
    {
      "file_path": "/media/NFS/ttao/scannet/posed_images/scene0166_02/00652.jpg",
      "transform_matrix": [
        [
          0.310655,
          0.439449,
          -0.84284,
          2.84981
        ],
        [
          0.949995,
          -0.113987,
          0.290718,
          2.44658
        ],
        [
          0.031683,
          -0.891006,
          -0.452885,
          1.260142
        ],
        [
          0.0,
          0.0,
          0.0,
          1.0
        ]
      ]
    },
    {
      "file_path": "/media/NFS/ttao/scannet/posed_images/scene0166_02/00655.jpg",
      "transform_matrix": [
        [
          0.319392,
          0.444722,
          -0.836786,
          2.845308
        ],
        [
          0.947101,
          -0.120511,
          0.29745,
          2.463849
        ],
        [
          0.031441,
          -0.887524,
          -0.459687,
          1.260828
        ],
        [
          0.0,
          0.0,
          0.0,
          1.0
        ]
      ]
    },
    {
      "file_path": "/media/NFS/ttao/scannet/posed_images/scene0166_02/00663.jpg",
      "transform_matrix": [
        [
          0.340454,
          0.439072,
          -0.831449,
          2.826474
        ],
        [
          0.940095,
          -0.142342,
          0.309774,
          2.488147
        ],
        [
          0.017663,
          -0.887105,
          -0.461231,
          1.252899
        ],
        [
          0.0,
          0.0,
          0.0,
          1.0
        ]
      ]
    },
    {
      "file_path": "/media/NFS/ttao/scannet/posed_images/scene0166_02/00674.jpg",
      "transform_matrix": [
        [
          0.368691,
          0.501993,
          -0.782349,
          2.766543
        ],
        [
          0.929417,
          -0.213402,
          0.301069,
          2.514272
        ],
        [
          -0.01582,
          -0.83813,
          -0.545241,
          1.211395
        ],
        [
          0.0,
          0.0,
          0.0,
          1.0
        ]
      ]
    },
    {
      "file_path": "/media/NFS/ttao/scannet/posed_images/scene0166_02/00688.jpg",
      "transform_matrix": [
        [
          0.330003,
          0.477854,
          -0.814096,
          2.699478
        ],
        [
          0.943933,
          -0.15844,
          0.289633,
          2.570284
        ],
        [
          0.009417,
          -0.864032,
          -0.503348,
          1.247995
        ],
        [
          0.0,
          0.0,
          0.0,
          1.0
        ]
      ]
    },
    {
      "file_path": "/media/NFS/ttao/scannet/posed_images/scene0166_02/00694.jpg",
      "transform_matrix": [
        [
          0.33962,
          0.476447,
          -0.81096,
          2.665731
        ],
        [
          0.938373,
          -0.112834,
          0.326688,
          2.611061
        ],
        [
          0.064146,
          -0.871933,
          -0.485406,
          1.256802
        ],
        [
          0.0,
          0.0,
          0.0,
          1.0
        ]
      ]
    },
    {
      "file_path": "/media/NFS/ttao/scannet/posed_images/scene0166_02/00700.jpg",
      "transform_matrix": [
        [
          0.269545,
          0.459469,
          -0.846306,
          2.640331
        ],
        [
          0.960932,
          -0.070936,
          0.267541,
          2.630352
        ],
        [
          0.062893,
          -0.885357,
          -0.460639,
          1.283824
        ],
        [
          0.0,
          0.0,
          0.0,
          1.0
        ]
      ]
    },
    {
      "file_path": "/media/NFS/ttao/scannet/posed_images/scene0166_02/00714.jpg",
      "transform_matrix": [
        [
          0.315395,
          0.314212,
          -0.895431,
          2.512288
        ],
        [
          0.947553,
          -0.052897,
          0.315192,
          2.538593
        ],
        [
          0.051671,
          -0.947878,
          -0.314416,
          1.329392
        ],
        [
          0.0,
          0.0,
          0.0,
          1.0
        ]
      ]
    },
    {
      "file_path": "/media/NFS/ttao/scannet/posed_images/scene0166_02/00722.jpg",
      "transform_matrix": [
        [
          0.411464,
          0.272819,
          -0.869636,
          2.419316
        ],
        [
          0.91114,
          -0.099222,
          0.399974,
          2.460107
        ],
        [
          0.022833,
          -0.956935,
          -0.289403,
          1.341029
        ],
        [
