{
  "frames": [
    {
      "file_path": "/media/NFS/ttao/scannet/posed_images/scene0559_02/00001.jpg",
      "transform_matrix": [
        [
          0.447655,
          0.089676,
          -0.889699,
          3.533042
        ],
        [
          0.891442,
          -0.122932,
          0.436141,
          4.664958
        ],
        [
          -0.070261,
          -0.988355,
          -0.134972,
          1.468522
        ],
        [
          0.0,
          0.0,
          0.0,
          1.0
        ]
      ]
    },
    {
      "file_path": "/media/NFS/ttao/scannet/posed_images/scene0559_02/00003.jpg",
      "transform_matrix": [
        [
          0.451086,
          0.092051,
          -0.887721,
          3.532525
        ],
        [
          0.889929,
          -0.121554,
          0.439603,
          4.659241
        ],
        [
          -0.06744,
          -0.988307,
          -0.13675,
          1.474444
        ],
        [
          0.0,
          0.0,
          0.0,
          1.0
        ]
      ]
    },
    {
      "file_path": "/media/NFS/ttao/scannet/posed_images/scene0559_02/00004.jpg",
      "transform_matrix": [
        [
          0.451497,
          0.090913,
          -0.887629,
          3.532695
        ],
        [
          0.889912,
          -0.118193,
          0.440553,
          4.657068
        ],
        [
          -0.064859,
          -0.98882,
          -0.134268,
          1.470421
        ],
        [
          0.0,
          0.0,
          0.0,
          1.0
        ]
      ]
    },
    {
      "file_path": "/media/NFS/ttao/scannet/posed_images/scene0559_02/00008.jpg",
      "transform_matrix": [
        [
          0.444923,
          0.082749,
          -0.891738,
          3.539257
        ],
        [
          0.893358,
          -0.110937,
          0.435437,
          4.656675
        ],
        [
          -0.062895,
          -0.990377,
          -0.123282,
          1.473166
        ],
        [
          0.0,
          0.0,
          0.0,
          1.0
        ]
      ]
    },
    {
      "file_path": "/media/NFS/ttao/scannet/posed_images/scene0559_02/00009.jpg",
      "transform_matrix": [
        [
          0.442875,
          0.082813,
          -0.892751,
          3.540936
        ],
        [
          0.894299,
          -0.111839,
          0.433269,
          4.654693
        ],
        [
          -0.063964,
          -0.99027,
          -0.12359,
          1.481243
        ],
        [
          0.0,
          0.0,
          0.0,
          1.0
        ]
      ]
    },
    {
      "file_path": "/media/NFS/ttao/scannet/posed_images/scene0559_02/00013.jpg",
      "transform_matrix": [
        [
          0.433149,
          0.073945,
          -0.898284,
          3.541501
        ],
        [
          0.899216,
          -0.103559,
          0.425073,
          4.640186
        ],
        [
          -0.061594,
          -0.991871,
          -0.111349,
          1.477955
        ],
        [
          0.0,
          0.0,
          0.0,
          1.0
        ]
      ]
    },
    {
      "file_path": "/media/NFS/ttao/scannet/posed_images/scene0559_02/00015.jpg",
      "transform_matrix": [
        [
          0.427664,
          0.080879,
          -0.900313,
          3.53845
        ],
        [
          0.901838,
          -0.106035,
          0.418863,
          4.639256
        ],
        [
          -0.061587,
          -0.991068,
          -0.118287,
          1.477331
        ],
        [
          0.0,
          0.0,
          0.0,
          1.0
        ]
      ]
    },
    {
      "file_path": "/media/NFS/ttao/scannet/posed_images/scene0559_02/00016.jpg",
      "transform_matrix": [
        [
          0.423398,
          0.080224,
          -0.902385,
          3.540514
        ],
        [
          0.903862,
          -0.104901,
          0.414765,
          4.640985
        ],
        [
          -0.061387,
          -0.991242,
          -0.116926,
          1.468118
        ],
        [
          0.0,
          0.0,
          0.0,
          1.0
        ]
      ]
    },
    {
      "file_path": "/media/NFS/ttao/scannet/posed_images/scene0559_02/00018.jpg",
      "transform_matrix": [
        [
          0.410155,
          0.089252,
          -0.907638,
          3.536454
        ],
        [
          0.909998,
          -0.106209,
          0.400778,
          4.645387
        ],
        [
          -0.06063,
          -0.99033,
          -0.124781,
          1.46196
        ],
        [
          0.0,
          0.0,
          0.0,
          1.0
        ]
      ]
    },
    {
      "file_path": "/media/NFS/ttao/scannet/posed_images/scene0559_02/00021.jpg",
      "transform_matrix": [
        [
          0.374109,
          0.125837,
          -0.918808,
          3.531549
        ],
        [
          0.92541,
          -0.115275,
          0.361009,
          4.678427
        ],
        [
          -0.060487,
          -0.985331,
          -0.159576,
          1.448992
        ],
        [
          0.0,
          0.0,
          0.0,
          1.0
        ]
      ]
    },
    {
      "file_path": "/media/NFS/ttao/scannet/posed_images/scene0559_02/00023.jpg",
      "transform_matrix": [
        [
          0.341476,
          0.156156,
          -0.926828,
          3.52479
        ],
        [
          0.937912,
          -0.120556,
          0.325249,
          4.707341
        ],
        [
          -0.060945,
          -0.980348,
          -0.187628,
          1.441921
        ],
        [
          0.0,
          0.0,
          0.0,
          1.0
        ]
      ]
    },
    {
      "file_path": "/media/NFS/ttao/scannet/posed_images/scene0559_02/00026.jpg",
      "transform_matrix": [
        [
          0.281476,
          0.180362,
          -0.942465,
          3.525832
        ],
        [
          0.957813,
          -0.112183,
          0.264592,
          4.754955
        ],
        [
          -0.058006,
          -0.977182,
          -0.20433,
          1.413782
        ],
        [
          0.0,
          0.0,
          0.0,
          1.0
        ]
      ]
    },
    {
      "file_path": "/media/NFS/ttao/scannet/posed_images/scene0559_02/00029.jpg",
      "transform_matrix": [
        [
          0.212341,
          0.202466,
          -0.955991,
          3.519808
        ],
        [
          0.976009,
          -0.092143,
          0.197273,
          4.827431
        ],
        [
          -0.048147,
          -0.974945,
          -0.217174,
          1.414051
        ],
        [
          0.0,
          0.0,
          0.0,
          1.0
        ]
      ]
    },
    {
      "file_path": "/media/NFS/ttao/scannet/posed_images/scene0559_02/00032.jpg",
      "transform_matrix": [
        [
          0.162318,
          0.207204,
          -0.964738,
          3.518006
        ],
        [
          0.98669,
          -0.043713,
          0.156624,
          4.919018
        ],
        [
          -0.009718,
          -0.977321,
          -0.211541,
          1.413347
        ],
        [
          0.0,
          0.0,
          0.0,
          1.0
        ]
      ]
    },
    {
      "file_path": "/media/NFS/ttao/scannet/posed_images/scene0559_02/00033.jpg",
      "transform_matrix": [
        [
          0.164877,
          0.204076,
          -0.964971,
          3.51639
        ],
        [
          0.986301,
          -0.029058,
          0.162376,
          4.928825
        ],
        [
          0.005097,
          -0.978524,
          -0.206072,
          1.42207
        ],
        [
          0.0,
          0.0,
          0.0,
          1.0
        ]
      ]
    },
    {
      "file_path": "/media/NFS/ttao/scannet/posed_images/scene0559_02/00036.jpg",
      "transform_matrix": [
        [
          0.158714,
          0.161747,
          -0.973985,
          3.515414
        ],
        [
          0.986602,
          0.011761,
          0.162723,
          4.986143
        ],
        [
          0.037775,
          -0.986762,
          -0.157713,
          1.427229
        ],
        [
          0.0,
          0.0,
          0.0,
          1.0
        ]
      ]
    },
    {
      "file_path": "/media/NFS/ttao/scannet/posed_images/scene0559_02/00039.jpg",
      "transform_matrix": [
        [
          0.141824,
          0.165757,
          -0.975915,
          3.511619
        ],
        [
          0.988838,
          0.021754,
          0.147397,
          5.028718
        ],
        [
          0.045662,
          -0.985927,
          -0.160821,
          1.431908
        ],
        [
          0.0,
          0.0,
          0.0,
          1.0
        ]
      ]
    },
    {
      "file_path": "/media/NFS/ttao/scannet/posed_images/scene0559_02/00040.jpg",
      "transform_matrix": [
        [
          0.132465,
          0.162209,
          -0.977825,
          3.503599
        ],
        [
          0.990496,
          0.015183,
          0.1367,
          5.056184
        ],
        [
          0.03702,
          -0.98664,
          -0.158656,
          1.436627
        ],
        [
          0.0,
          0.0,
          0.0,
          1.0
        ]
      ]
    },
    {
      "file_path": "/media/NFS/ttao/scannet/posed_images/scene0559_02/00042.jpg",
      "transform_matrix": [
        [
          0.122922,
          0.160213,
          -0.979399,
          3.496292
        ],
        [
          0.99213,
          0.003852,
          0.12515,
          5.077529
        ],
        [
          0.023823,
          -0.987075,
          -0.158479,
          1.438198
        ],
        [
          0.0,
          0.0,
          0.0,
          1.0
        ]
      ]
    },
    {
      "file_path": "/media/NFS/ttao/scannet/posed_images/scene0559_02/00046.jpg",
      "transform_matrix": [
        [
          0.089137,
          0.163147,
          -0.982567,
          3.476117
        ],
        [
          0.996019,
          -0.014583,
          0.087936,
          5.149507
        ],
        [
          1.8e-05,
          -0.986494,
          -0.163798,
          1.429672
        ],
        [
          0.0,
          0.0,
          0.0,
          1.0
        ]
      ]
    },
    {
      "file_path": "/media/NFS/ttao/scannet/posed_images/scene0559_02/00048.jpg",
      "transform_matrix": [
        [
          0.075468,
          0.166614,
          -0.98313,
          3.454046
        ],
        [
          0.997097,
          -0.022556,
          0.072718,
          5.197835
        ],
        [
          -0.01006,
          -0.985764,
          -0.167832,
          1.429134
        ],
        [
          0.0,
          0.0,
          0.0,
          1.0
        ]
      ]
    },
    {
      "file_path": "/media/NFS/ttao/scannet/posed_images/scene0559_02/00049.jpg",
      "transform_matrix": [
        [
          0.07071,
          0.167493,
          -0.983334,
          3.445624
        ],
        [
          0.997443,
          -0.022087,
          0.067963,
          5.217402
        ],
        [
          -0.010336,
          -0.985626,
          -0.168626,
          1.431046
        ],
        [
          0.0,
          0.0,
          0.0,
          1.0
        ]
      ]
    },
    {
      "file_path": "/media/NFS/ttao/scannet/posed_images/scene0559_02/00052.jpg",
      "transform_matrix": [
        [
          0.060612,
          0.154077,
          -0.986198,
          3.404404
        ],
        [
          0.998159,
          -0.011491,
          0.059552,
          5.27785
        ],
        [
          -0.002156,
          -0.987992,
          -0.15449,
          1.43158
        ],
        [
          0.0,
          0.0,
          0.0,
          1.0
        ]
      ]
    },
    {
      "file_path": "/media/NFS/ttao/scannet/posed_images/scene0559_02/00054.jpg",
      "transform_matrix": [
        [
          0.059434,
          0.148143,
          -0.987178,
          3.382103
        ],
        [
          0.998208,
          -0.001882,
          0.059816,
          5.310404
        ],
        [
          0.007003,
          -0.988964,
          -0.14799,
          1.435171
        ],
        [
          0.0,
          0.0,
          0.0,
          1.0
        ]
      ]
    },
    {
      "file_path": "/media/NFS/ttao/scannet/posed_images/scene0559_02/00058.jpg",
      "transform_matrix": [
        [
          0.040649,
          0.158669,
          -0.986495,
          3.329921
        ],
        [
          0.999171,
          -0.004123,
          0.040509,
          5.39312
        ],
        [
          0.00236,
          -0.987323,
          -0.158705,
          1.450268
        ],
        [
          0.0,
          0.0,
          0.0,
          1.0
        ]
      ]
    },
    {
      "file_path": "/media/NFS/ttao/scannet/posed_images/scene0559_02/00059.jpg",
      "transform_matrix": [
        [
          0.03311,
          0.15734,
          -0.986989,
          3.323615
        ],
        [
          0.999451,
          -0.00409,
          0.032876,
          5.408836
        ],
        [
          0.001136,
          -0.987536,
          -0.157389,
          1.441146
        ],
        [
          0.0,
          0.0,
          0.0,
          1.0
        ]
      ]
    },
    {
      "file_path": "/media/NFS/ttao/scannet/posed_images/scene0559_02/00061.jpg",
      "transform_matrix": [
        [
          0.012949,
          0.174699,
          -0.984537,
          3.300336
        ],
        [
          0.999911,
          -0.005311,
          0.012208,
          5.439438
        ],
        [
          -0.003096,
          -0.984608,
          -0.174752,
          1.445284
        ],
        [
          0.0,
          0.0,
          0.0,
          1.0
        ]
      ]
    },
    {
      "file_path": "/media/NFS/ttao/scannet/posed_images/scene0559_02/00065.jpg",
      "transform_matrix": [
        [
          -0.059069,
          0.204015,
          -0.977184,
          3.248229
        ],
        [
          0.998254,
          0.012008,
          -0.057835,
          5.517738
        ],
        [
          -6.5e-05,
          -0.978894,
          -0.204368,
          1.454167
        ],
        [
          0.0,
          0.0,
          0.0,
          1.0
        ]
      ]
    },
    {
      "file_path": "/media/NFS/ttao/scannet/posed_images/scene0559_02/00067.jpg",
      "transform_matrix": [
        [
          -0.081535,
          0.205312,
          -0.975294,
          3.22512
        ],
        [
          0.996638,
          0.024712,
          -0.078117,
          5.551415
        ],
        [
          0.008063,
          -0.978385,
          -0.206637,
          1.453806
        ],
        [
          0.0,
          0.0,
          0.0,
          1.0
        ]
      ]
    },
    {
      "file_path": "/media/NFS/ttao/scannet/posed_images/scene0559_02/00070.jpg",
      "transform_matrix": [
        [
          -0.123076,
          0.186124,
          -0.974787,
          3.180756
        ],
        [
          0.992077,
          0.048038,
          -0.116087,
          5.627976
        ],
        [
          0.02522,
          -0.981351,
          -0.190562,
          1.460869
        ],
        [
          0.0,
          0.0,
          0.0,
          1.0
        ]
      ]
    },
    {
      "file_path": "/media/NFS/ttao/scannet/posed_images/scene0559_02/00071.jpg",
      "transform_matrix": [
        [
          -0.128902,
          0.177462,
          -0.975649,
          3.169932
        ],
        [
          0.991145,
          0.054676,
          -0.121004,
          5.64733
        ],
        [
          0.031871,
          -0.982608,
          -0.182938,
          1.46814
        ],
        [
          0.0,
          0.0,
          0.0,
          1.0
        ]
      ]
    },
    {
      "file_path": "/media/NFS/ttao/scannet/posed_images/scene0559_02/00073.jpg",
      "transform_matrix": [
        [
          -0.13267,
          0.141583,
          -0.980996,
          3.138364
        ],
        [
          0.989221,
          0.080799,
          -0.122121,
          5.709253
        ],
        [
          0.061973,
          -0.986624,
          -0.150776,
          1.46219
        ],
        [
          0.0,
          0.0,
          0.0,
          1.0
        ]
      ]
    },
    {
      "file_path": "/media/NFS/ttao/scannet/posed_images/scene0559_02/00076.jpg",
      "transform_matrix": [
        [
          -0.146375,
          0.149312,
          -0.977896,
          3.090729
        ],
        [
          0.985541,
          0.107296,
          -0.131136,
          5.789836
        ],
        [
          0.085344,
          -0.982952,
          -0.162858,
          1.480819
        ],
        [
          0.0,
          0.0,
          0.0,
          1.0
        ]
      ]
    },
    {
      "file_path": "/media/NFS/ttao/scannet/posed_images/scene0559_02/00078.jpg",
      "transform_matrix": [
        [
          -0.156884,
          0.14659,
          -0.976677,
          3.067528
        ],
        [
          0.983567,
          0.11266,
          -0.141081,
          5.826636
        ],
        [
          0.089351,
          -0.982761,
          -0.161856,
          1.47971
        ],
        [
          0.0,
          0.0,
          0.0,
          1.0
        ]
      ]
    },
    {
      "file_path": "/media/NFS/ttao/scannet/posed_images/scene0559_02/00082.jpg",
      "transform_matrix": [
        [
          -0.201169,
          0.168251,
          -0.964999,
          3.003556
        ],
        [
          0.976476,
          0.112511,
          -0.183945,
          5.892143
        ],
        [
          0.077624,
          -0.979302,
          -0.186927,
          1.491375
        ],
        [
          0.0,
          0.0,
          0.0,
          1.0
        ]
      ]
    },
    {
      "file_path": "/media/NFS/ttao/scannet/posed_images/scene0559_02/00083.jpg",
      "transform_matrix": [
        [
          -0.209393,
          0.168373,
          -0.963227,
          2.991204
        ],
        [
          0.97464,
          0.115468,
          -0.19169,
          5.90529
        ],
        [
          0.078947,
          -0.978937,
          -0.188281,
          1.495936
        ],
        [
          0.0,
          0.0,
          0.0,
          1.0
        ]
      ]
    },
    {
      "file_path": "/media/NFS/ttao/scannet/posed_images/scene0559_02/00086.jpg",
      "transform_matrix": [
        [
          -0.24386,
          0.155084,
          -0.95733,
          2.938327
        ],
        [
          0.965944,
          0.1269,
          -0.225496,
          5.955299
        ],
        [
          0.086515,
          -0.979717,
          -0.180748,
          1.497344
        ],
        [
          0.0,
          0.0,
          0.0,
          1.0
        ]
      ]
    },
    {
      "file_path": "/media/NFS/ttao/scannet/posed_images/scene0559_02/00089.jpg",
      "transform_matrix": [
        [
          -0.286316,
          0.127155,
          -0.94966,
          2.885119
        ],
        [
          0.952242,
          0.14753,
          -0.267341,
          6.002504
        ],
        [
          0.10611,
          -0.98085,
          -0.163322,
          1.502162
        ],
        [
          0.0,
          0.0,
          0.0,
          1.0
        ]
      ]
    },
    {
      "file_path": "/media/NFS/ttao/scannet/posed_images/scene0559_02/00090.jpg",
      "transform_matrix": [
        [
          -0.294435,
          0.124309,
          -0.947552,
          2.874481
        ],
        [
          0.949048,
          0.154563,
          -0.274623,
          6.017514
        ],
        [
          0.112319,
          -0.980131,
          -0.163484,
          1.487069
        ],
        [
          0.0,
          0.0,
          0.0,
          1.0
        ]
      ]
    },
    {
      "file_path": "/media/NFS/ttao/scannet/posed_images/scene0559_02/00092.jpg",
      "transform_matrix": [
        [
          -0.317128,
          0.16092,
          -0.934631,
          2.833714
        ],
        [
          0.941339,
          0.173298,
          -0.289567,
          6.05231
        ],
        [
          0.115372,
          -0.971634,
          -0.206438,
          1.497544
        ],
        [
          0.0,
          0.0,
          0.0,
          1.0
        ]
      ]
    },
    {
      "file_path": "/media/NFS/ttao/scannet/posed_images/scene0559_02/00094.jpg",
      "transform_matrix": [
        [
          -0.334048,
          0.166275,
          -0.927774,
          2.810835
        ],
        [
          0.936111,
          0.173434,
          -0.305967,
          6.075294
        ],
        [
          0.110033,
          -0.970708,
          -0.213587,
          1.498763
        ],
        [
          0.0,
          0.0,
          0.0,
          1.0
        ]
      ]
    },
    {
      "file_path": "/media/NFS/ttao/scannet/posed_images/scene0559_02/00097.jpg",
      "transform_matrix": [
        [
          -0.377038,
          0.195278,
          -0.905378,
          2.765308
        ],
        [
          0.921001,
          0.182452,
          -0.344192,
          6.118785
        ],
        [
          0.097975,
          -0.963628,
          -0.248643,
          1.513028
        ],
        [
          0.0,
          0.0,
          0.0,
          1.0
        ]
      ]
    },
    {
      "file_path": "/media/NFS/ttao/scannet/posed_images/scene0559_02/00099.jpg",
      "transform_matrix": [
        [
          -0.398664,
          0.183431,
          -0.898565,
          2.747078
        ],
        [
          0.912014,
          0.182312,
          -0.367414,
          6.140205
        ],
        [
          0.096424,
          -0.965979,
          -0.239972,
          1.517726
        ],
        [
          0.0,
          0.0,
          0.0,
          1.0
        ]
      ]
    },
    {
      "file_path": "/media/NFS/ttao/scannet/posed_images/scene0559_02/00103.jpg",
      "transform_matrix": [
        [
          -0.476485,
          0.163397,
          -0.863865,
          2.709749
        ],
        [
          0.873758,
          0.196995,
          -0.44468,
          6.208033
        ],
        [
          0.097517,
          -0.966693,
          -0.236635,
          1.530939
        ],
        [
          0.0,
          0.0,
          0.0,
          1.0
        ]
      ]
    },
    {
      "file_path": "/media/NFS/ttao/scannet/posed_images/scene0559_02/00104.jpg",
      "transform_matrix": [
        [
          -0.490669,
          0.154564,
          -0.857528,
          2.701029
        ],
        [
          0.865526,
          0.200014,
          -0.459194,
          6.222547
        ],
        [
          0.100542,
          -0.967525,
          -0.23192,
          1.529263
        ],
        [
          0.0,
          0.0,
          0.0,
          1.0
        ]
      ]
    },
    {
      "file_path": "/media/NFS/ttao/scannet/posed_images/scene0559_02/00107.jpg",
      "transform_matrix": [
        [
          -0.538369,
          0.122433,
          -0.833768,
          2.671371
        ],
        [
          0.832626,
          0.229875,
          -0.503876,
          6.285728
        ],
        [
          0.129971,
          -0.965488,
          -0.225698,
          1.531335
        ],
        [
          0.0,
          0.0,
          0.0,
          1.0
        ]
      ]
    },
    {
      "file_path": "/media/NFS/ttao/scannet/posed_images/scene0559_02/00109.jpg",
      "transform_matrix": [
        [
          -0.558472,
          0.102384,
          -0.823181,
          2.657242
        ],
        [
          0.815902,
          0.246897,
          -0.522825,
          6.317055
        ],
        [
          0.149712,
          -0.963618,
          -0.221421,
          1.532938
        ],
        [
          0.0,
          0.0,
          0.0,
          1.0
        ]
      ]
    },
    {
      "file_path": "/media/NFS/ttao/scannet/posed_images/scene0559_02/00112.jpg",
      "transform_matrix": [
        [
          -0.608654,
          0.107468,
          -0.786124,
          2.632398
        ],
        [
          0.778967,
          0.269286,
          -0.5663,
          6.373075
        ],
        [
          0.150833,
          -0.957046,
          -0.247615,
          1.537283
        ],
        [
          0.0,
          0.0,
          0.0,
          1.0
        ]
      ]
    },
    {
      "file_path": "/media/NFS/ttao/scannet/posed_images/scene0559_02/00115.jpg",
      "transform_matrix": [
        [
          -0.646229,
          0.110248,
          -0.755138,
          2.60856
        ],
        [
          0.749246,
          0.279639,
          -0.60036,
          6.418961
        ],
        [
          0.144977,
          -0.953754,
          -0.263314,
          1.531686
        ],
        [
          0.0,
          0.0,
          0.0,
          1.0
        ]
      ]
    },
    {
      "file_path": "/media/NFS/ttao/scannet/posed_images/scene0559_02/00116.jpg",
      "transform_matrix": [
        [
          -0.652578,
          0.112518,
          -0.749321,
          2.599927
        ],
        [
          0.744331,
          0.280288,
          -0.606144,
          6.426341
        ],
        [
          0.141824,
          -0.953299,
          -0.266661,
          1.534587
        ],
        [
          0.0,
          0.0,
          0.0,
          1.0
        ]
      ]
    },
    {
      "file_path": "/media/NFS/ttao/scannet/posed_images/scene0559_02/00118.jpg",
      "transform_matrix": [
        [
          -0.662879,
          0.111405,
          -0.740392,
          2.588003
        ],
        [
          0.735793,
          0.279933,
          -0.616641,
          6.440649
        ],
        [
          0.138563,
          -0.953534,
          -0.267533,
          1.535022
        ],
        [
          0.0,
          0.0,
          0.0,
          1.0
        ]
      ]
    },
    {
      "file_path": "/media/NFS/ttao/scannet/posed_images/scene0559_02/00122.jpg",
      "transform_matrix": [
        [
          -0.695345,
          0.106004,
          -0.710816,
          2.545996
        ],
        [
          0.707454,
          0.275063,
          -0.651037,
          6.463703
        ],
        [
          0.126507,
          -0.955565,
          -0.266256,
          1.539932
        ],
        [
          0.0,
          0.0,
          0.0,
          1.0
        ]
      ]
    },
    {
      "file_path": "/media/NFS/ttao/scannet/posed_images/scene0559_02/00123.jpg",
      "transform_matrix": [
        [
          -0.711295,
          0.117469,
          -0.693008,
          2.530053
        ],
        [
          0.693066,
          0.281511,
          -0.663636,
          6.466864
        ],
        [
          0.117133,
          -0.952341,
          -0.281651,
          1.555486
        ],
        [
          0.0,
          0.0,
          0.0,
          1.0
        ]
      ]
    },
    {
      "file_path": "/media/NFS/ttao/scannet/posed_images/scene0559_02/00125.jpg",
      "transform_matrix": [
        [
          -0.733456,
          0.104081,
          -0.671721,
          2.520811
        ],
        [
          0.669433,
          0.282019,
          -0.687259,
          6.478815
        ],
        [
          0.117907,
          -0.953747,
          -0.276524,
          1.554746
        ],
        [
          0.0,
          0.0,
          0.0,
          1.0
        ]
      ]
    },
    {
      "file_path": "/media/NFS/ttao/scannet/posed_images/scene0559_02/00128.jpg",
      "transform_matrix": [
        [
          -0.78776,
          0.113698,
          -0.605398,
          2.496533
        ],
        [
          0.608698,
          0.294376,
          -0.736769,
          6.488959
        ],
        [
          0.094445,
          -0.948902,
          -0.301106,
          1.555816
        ],
        [
          0.0,
          0.0,
          0.0,
          1.0
        ]
      ]
    },
    {
      "file_path": "/media/NFS/ttao/scannet/posed_images/scene0559_02/00131.jpg",
      "transform_matrix": [
        [
          -0.830082,
          0.114585,
          -0.545742,
          2.45427
        ],
        [
          0.550659,
          0.322824,
          -0.769779,
          6.493294
        ],
        [
          0.087974,
          -0.939497,
          -0.331068,
          1.576659
        ],
        [
          0.0,
          0.0,
          0.0,
          1.0
        ]
      ]
    },
    {
      "file_path": "/media/NFS/ttao/scannet/posed_images/scene0559_02/00134.jpg",
      "transform_matrix": [
        [
          -0.864195,
          0.076027,
          -0.497379,
          2.436616
        ],
        [
          0.493022,
          0.32535,
          -0.806893,
          6.488065
        ],
        [
          0.100477,
          -0.942533,
          -0.318649,
          1.578044
        ],
        [
          0.0,
          0.0,
          0.0,
          1.0
        ]
      ]
    },
    {
      "file_path": "/media/NFS/ttao/scannet/posed_images/scene0559_02/00135.jpg",
      "transform_matrix": [
        [
          -0.873503,
          0.069154,
          -0.481883,
          2.4226
        ],
        [
          0.476373,
          0.325386,
          -0.816819,
          6.489134
        ],
        [
          0.100312,
          -0.943049,
          -0.317169,
          1.577441
        ],
        [
          0.0,
          0.0,
          0.0,
          1.0
        ]
      ]
    },
    {
      "file_path": "/media/NFS/ttao/scannet/posed_images/scene0559_02/00137.jpg",
      "transform_matrix": [
        [
          -0.889357,
          0.055693,
          -0.453809,
          2.404006
        ],
        [
          0.445719,
          0.326772,
          -0.8334,
          6.491496
        ],
        [
          0.101878,
          -0.943461,
          -0.315441,
          1.574894
        ],
        [
          0.0,
          0.0,
          0.0,
          1.0
        ]
      ]
    },
    {
      "file_path": "/media/NFS/ttao/scannet/posed_images/scene0559_02/00141.jpg",
      "transform_matrix": [
        [
          -0.923909,
          0.013411,
          -0.382378,
          2.335534
        ],
        [
          0.362785,
          0.348255,
          -0.864353,
          6.487137
        ],
        [
          0.121574,
          -0.937304,
          -0.326621,
          1.592614
        ],
        [
          0.0,
          0.0,
          0.0,
          1.0
        ]
      ]
    },
    {
      "file_path": "/media/NFS/ttao/scannet/posed_images/scene0559_02/00142.jpg",
      "transform_matrix": [
        [
          -0.930313,
          0.001824,
          -0.366763,
          2.32335
        ],
        [
          0.344326,
          0.348762,
          -0.871668,
          6.484354
        ],
        [
          0.126323,
          -0.93721,
          -0.325086,
          1.589051
        ],
        [
          0.0,
          0.0,
          0.0,
          1.0
        ]
      ]
    },
    {
      "file_path": "/media/NFS/ttao/scannet/posed_images/scene0559_02/00144.jpg",
      "transform_matrix": [
        [
          -0.940735,
          -0.012244,
          -0.338922,
          2.295229
        ],
        [
          0.312337,
          0.358129,
          -0.87988,
          6.480858
        ],
        [
          0.132151,
          -0.933592,
          -0.33308,
          1.587594
        ],
        [
          0.0,
          0.0,
          0.0,
          1.0
        ]
      ]
    },
    {
      "file_path": "/media/NFS/ttao/scannet/posed_images/scene0559_02/00148.jpg",
      "transform_matrix": [
        [
          -0.960351,
          -0.02804,
          -0.277379,
          2.266797
        ],
        [
          0.247139,
          0.374834,
          -0.893545,
          6.452382
        ],
        [
          0.129026,
          -0.926668,
          -0.353043,
          1.584257
        ],
        [
          0.0,
          0.0,
          0.0,
          1.0
        ]
      ]
    },
    {
      "file_path": "/media/NFS/ttao/scannet/posed_images/scene0559_02/00150.jpg",
      "transform_matrix": [
        [
          -0.970501,
          -0.043848,
          -0.237078,
          2.237364
        ],
        [
          0.203016,
          0.381792,
          -0.901676,
          6.424159
        ],
        [
          0.130051,
          -0.923208,
          -0.361627,
          1.593043
        ],
        [
          0.0,
          0.0,
          0.0,
          1.0
        ]
      ]
    },
    {
      "file_path": "/media/NFS/ttao/scannet/posed_images/scene0559_02/00152.jpg",
      "transform_matrix": [
        [
          -0.974007,
          -0.048184,
          -0.221336,
          2.242696
        ],
        [
          0.186667,
          0.382798,
          -0.904777,
          6.40017
        ],
        [
          0.128322,
          -0.922575,
          -0.363854,
          1.588052
        ],
        [
          0.0,
          0.0,
          0.0,
          1.0
        ]
      ]
    },
    {
      "file_path": "/media/NFS/ttao/scannet/posed_images/scene0559_02/00155.jpg",
      "transform_matrix": [
        [
          -0.979352,
          -0.052218,
          -0.1953,
          2.235923
        ],
        [
          0.160332,
          0.387805,
          -0.90769,
          6.362164
        ],
        [
          0.123136,
          -0.920261,
          -0.371426,
          1.586432
        ],
        [
          0.0,
          0.0,
          0.0,
          1.0
        ]
      ]
    },
    {
      "file_path": "/media/NFS/ttao/scannet/posed_images/scene0559_02/00156.jpg",
      "transform_matrix": [
        [
          -0.981668,
          -0.058329,
          -0.181451,
          2.236235
        ],
        [
          0.1457,
          0.384098,
          -0.911724,
          6.327586
        ],
        [
          0.122875,
          -0.921448,
          -0.368558,
          1.58755
        ],
        [
          0.0,
          0.0,
          0.0,
          1.0
        ]
      ]
    },
    {
      "file_path": "/media/NFS/ttao/scannet/posed_images/scene0559_02/00160.jpg",
      "transform_matrix": [
        [
          -0.985333,
          -0.067964,
          -0.156526,
          2.208663
        ],
        [
          0.122198,
          0.359226,
          -0.925216,
          6.262416
        ],
        [
          0.119109,
          -0.930773,
          -0.345652,
          1.59775
        ],
        [
          0.0,
          0.0,
          0.0,
          1.0
        ]
      ]
    },
    {
      "file_path": "/media/NFS/ttao/scannet/posed_images/scene0559_02/00161.jpg",
      "transform_matrix": [
        [
          -0.985577,
          -0.064315,
          -0.156531,
          2.21199
        ],
        [
          0.123584,
          0.358357,
          -0.925369,
          6.244626
        ],
        [
          0.115609,
          -0.931367,
          -0.34524,
          1.600123
        ],
        [
          0.0,
          0.0,
          0.0,
          1.0
        ]
      ]
    },
    {
      "file_path": "/media/NFS/ttao/scannet/posed_images/scene0559_02/00165.jpg",
      "transform_matrix": [
        [
          -0.986538,
          -0.052882,
          -0.154746,
          2.235317
        ],
        [
          0.128154,
          0.337809,
          -0.932449,
          6.147322
        ],
        [
          0.101584,
          -0.939728,
          -0.326485,
          1.607718
        ],
        [
          0.0,
          0.0,
          0.0,
          1.0
        ]
      ]
    },
    {
      "file_path": "/media/NFS/ttao/scannet/posed_images/scene0559_02/00166.jpg",
      "transform_matrix": [
        [
          -0.987222,
          -0.049933,
          -0.151325,
          2.232903
        ],
        [
          0.125473,
          0.341813,
          -0.931354,
          6.130675
        ],
        [
          0.09823,
          -0.938441,
          -0.33118,
          1.609371
        ],
        [
          0.0,
          0.0,
          0.0,
          1.0
        ]
      ]
    },
    {
      "file_path": "/media/NFS/ttao/scannet/posed_images/scene0559_02/00169.jpg",
      "transform_matrix": [
        [
          -0.989034,
          -0.041603,
          -0.141711,
          2.240458
        ],
        [
          0.119166,
          0.342032,
          -0.932102,
          6.062372
        ],
        [
          0.087248,
          -0.938767,
          -0.333324,
          1.614177
        ],
        [
          0.0,
          0.0,
          0.0,
          1.0
        ]
      ]
    },
    {
      "file_path": "/media/NFS/ttao/scannet/posed_images/scene0559_02/00170.jpg",
      "transform_matrix": [
        [
          -0.989081,
          -0.041317,
          -0.141464,
          2.241784
        ],
        [
          0.118803,
          0.344468,
          -0.931251,
          6.046798
        ],
        [
          0.087207,
          -0.937889,
          -0.335798,
          1.617354
        ],
        [
          0.0,
          0.0,
          0.0,
          1.0
        ]
      ]
    },
    {
      "file_path": "/media/NFS/ttao/scannet/posed_images/scene0559_02/00173.jpg",
      "transform_matrix": [
        [
          -0.990373,
          -0.037755,
          -0.133176,
          2.246868
        ],
        [
          0.111816,
          0.348934,
          -0.930453,
          5.991283
        ],
        [
          0.081599,
          -0.936386,
          -0.341354,
          1.612363
        ],
        [
          0.0,
          0.0,
          0.0,
          1.0
        ]
      ]
    },
    {
      "file_path": "/media/NFS/ttao/scannet/posed_images/scene0559_02/00177.jpg",
      "transform_matrix": [
        [
          -0.99333,
          -0.049909,
          -0.103945,
          2.24717
        ],
        [
          0.080457,
          0.345743,
          -0.934874,
          5.885986
        ],
        [
          0.082597,
          -0.937001,
          -0.339421,
          1.61037
        ],
        [
          0.0,
          0.0,
          0.0,
          1.0
        ]
      ]
    },
    {
      "file_path": "/media/NFS/ttao/scannet/posed_images/scene0559_02/00178.jpg",
      "transform_matrix": [
        [
          -0.993926,
          -0.049363,
          -0.098358,
          2.243712
        ],
        [
          0.075645,
          0.342705,
          -0.936393,
          5.8676
        ],
        [
          0.079931,
          -0.938146,
          -0.336889,
          1.609673
        ],
        [
          0.0,
          0.0,
          0.0,
          1.0
        ]
      ]
    },
    {
      "file_path": "/media/NFS/ttao/scannet/posed_images/scene0559_02/00181.jpg",
      "transform_matrix": [
        [
          -0.996915,
          -0.0538,
          -0.057145,
          2.233643
        ],
        [
          0.036729,
          0.323655,
          -0.945462,
          5.776596
        ],
        [
          0.069361,
          -0.944645,
          -0.32068,
          1.621322
        ],
        [
          0.0,
          0.0,
          0.0,
          1.0
        ]
      ]
    },
    {
      "file_path": "/media/NFS/ttao/scannet/posed_images/scene0559_02/00184.jpg",
      "transform_matrix": [
        [
          -0.996929,
          -0.073141,
          -0.027982,
          2.224959
        ],
        [
          0.003778,
          0.311977,
          -0.950082,
          5.710159
        ],
        [
          0.078219,
          -0.94727,
          -0.310742,
          1.631104
