{
  "frames": [
    {
      "file_path": "/media/NFS/ttao/scannet/posed_images/scene0220_02/00000.jpg",
      "transform_matrix": [
        [
          -0.924673,
          0.193899,
          -0.327692,
          3.677347
        ],
        [
          0.379727,
          0.532984,
          -0.756132,
          3.307677
        ],
        [
          0.028042,
          -0.823609,
          -0.566465,
          1.424491
        ],
        [
          0.0,
          0.0,
          0.0,
          1.0
        ]
      ]
    },
    {
      "file_path": "/media/NFS/ttao/scannet/posed_images/scene0220_02/00008.jpg",
      "transform_matrix": [
        [
          -0.92507,
          0.17254,
          -0.338342,
          3.691977
        ],
        [
          0.37588,
          0.54353,
          -0.750526,
          3.288693
        ],
        [
          0.054404,
          -0.821465,
          -0.567658,
          1.42519
        ],
        [
          0.0,
          0.0,
          0.0,
          1.0
        ]
      ]
    },
    {
      "file_path": "/media/NFS/ttao/scannet/posed_images/scene0220_02/00012.jpg",
      "transform_matrix": [
        [
          -0.927182,
          0.158466,
          -0.339443,
          3.706772
        ],
        [
          0.368904,
          0.543803,
          -0.753783,
          3.292281
        ],
        [
          0.065141,
          -0.824116,
          -0.562663,
          1.402409
        ],
        [
          0.0,
          0.0,
          0.0,
          1.0
        ]
      ]
    },
    {
      "file_path": "/media/NFS/ttao/scannet/posed_images/scene0220_02/00018.jpg",
      "transform_matrix": [
        [
          -0.924468,
          0.156942,
          -0.347461,
          3.719743
        ],
        [
          0.372783,
          0.563207,
          -0.737449,
          3.275385
        ],
        [
          0.079955,
          -0.811275,
          -0.579172,
          1.401497
        ],
        [
          0.0,
          0.0,
          0.0,
          1.0
        ]
      ]
    },
    {
      "file_path": "/media/NFS/ttao/scannet/posed_images/scene0220_02/00030.jpg",
      "transform_matrix": [
        [
          -0.93298,
          0.132307,
          -0.334727,
          3.760982
        ],
        [
          0.35345,
          0.512419,
          -0.782624,
          3.238189
        ],
        [
          0.067974,
          -0.848482,
          -0.524841,
          1.433771
        ],
        [
          0.0,
          0.0,
          0.0,
          1.0
        ]
      ]
    },
    {
      "file_path": "/media/NFS/ttao/scannet/posed_images/scene0220_02/00036.jpg",
      "transform_matrix": [
        [
          -0.93623,
          0.122039,
          -0.329515,
          3.77687
        ],
        [
          0.346095,
          0.48242,
          -0.804668,
          3.22326
        ],
        [
          0.060764,
          -0.867397,
          -0.493893,
          1.449899
        ],
        [
          0.0,
          0.0,
          0.0,
          1.0
        ]
      ]
    },
    {
      "file_path": "/media/NFS/ttao/scannet/posed_images/scene0220_02/00045.jpg",
      "transform_matrix": [
        [
          -0.93835,
          0.085686,
          -0.334899,
          3.802822
        ],
        [
          0.339187,
          0.415196,
          -0.844136,
          3.196412
        ],
        [
          0.066718,
          -0.905688,
          -0.418662,
          1.47991
        ],
        [
          0.0,
          0.0,
          0.0,
          1.0
        ]
      ]
    },
    {
      "file_path": "/media/NFS/ttao/scannet/posed_images/scene0220_02/00051.jpg",
      "transform_matrix": [
        [
          -0.937553,
          0.065189,
          -0.341679,
          3.813183
        ],
        [
          0.341112,
          0.364596,
          -0.866437,
          3.18798
        ],
        [
          0.068093,
          -0.928881,
          -0.364065,
          1.502534
        ],
        [
          0.0,
          0.0,
          0.0,
          1.0
        ]
      ]
    },
    {
      "file_path": "/media/NFS/ttao/scannet/posed_images/scene0220_02/00057.jpg",
      "transform_matrix": [
        [
          -0.934482,
          0.038584,
          -0.353912,
          3.803601
        ],
        [
          0.34725,
          0.317957,
          -0.882225,
          3.174591
        ],
        [
          0.078489,
          -0.94732,
          -0.310524,
          1.524798
        ],
        [
          0.0,
          0.0,
          0.0,
          1.0
        ]
      ]
    },
    {
      "file_path": "/media/NFS/ttao/scannet/posed_images/scene0220_02/00063.jpg",
      "transform_matrix": [
        [
          -0.931687,
          0.012934,
          -0.363031,
          3.782477
        ],
        [
          0.353103,
          0.266925,
          -0.896699,
          3.159623
        ],
        [
          0.085304,
          -0.963631,
          -0.253258,
          1.551326
        ],
        [
          0.0,
          0.0,
          0.0,
          1.0
        ]
      ]
    },
    {
      "file_path": "/media/NFS/ttao/scannet/posed_images/scene0220_02/00071.jpg",
      "transform_matrix": [
        [
          -0.948,
          -0.023802,
          -0.31738,
          3.719062
        ],
        [
          0.306302,
          0.202663,
          -0.930111,
          3.149313
        ],
        [
          0.08646,
          -0.978959,
          -0.184834,
          1.585506
        ],
        [
          0.0,
          0.0,
          0.0,
          1.0
        ]
      ]
    },
    {
      "file_path": "/media/NFS/ttao/scannet/posed_images/scene0220_02/00073.jpg",
      "transform_matrix": [
        [
          -0.952847,
          -0.036743,
          -0.301218,
          3.690794
        ],
        [
          0.289279,
          0.189829,
          -0.938234,
          3.150624
        ],
        [
          0.091653,
          -0.981129,
          -0.170249,
          1.598893
        ],
        [
          0.0,
          0.0,
          0.0,
          1.0
        ]
      ]
    },
    {
      "file_path": "/media/NFS/ttao/scannet/posed_images/scene0220_02/00079.jpg",
      "transform_matrix": [
        [
          -0.972833,
          -0.056412,
          -0.22453,
          3.614531
        ],
        [
          0.216019,
          0.127597,
          -0.968016,
          3.154505
        ],
        [
          0.083257,
          -0.990221,
          -0.111945,
          1.622131
        ],
        [
          0.0,
          0.0,
          0.0,
          1.0
        ]
      ]
    },
    {
      "file_path": "/media/NFS/ttao/scannet/posed_images/scene0220_02/00089.jpg",
      "transform_matrix": [
        [
          -0.994363,
          -0.018075,
          -0.104476,
          3.514953
        ],
        [
          0.103206,
          0.060827,
          -0.992799,
          3.140517
        ],
        [
          0.0243,
          -0.997985,
          -0.058619,
          1.657082
        ],
        [
          0.0,
          0.0,
          0.0,
          1.0
        ]
      ]
    },
    {
      "file_path": "/media/NFS/ttao/scannet/posed_images/scene0220_02/00097.jpg",
      "transform_matrix": [
        [
          -0.999156,
          -0.012173,
          -0.039234,
          3.45094
        ],
        [
          0.039058,
          0.01438,
          -0.999134,
          3.095231
        ],
        [
          0.012727,
          -0.999822,
          -0.013892,
          1.644338
        ],
        [
          0.0,
          0.0,
          0.0,
          1.0
        ]
      ]
    },
    {
      "file_path": "/media/NFS/ttao/scannet/posed_images/scene0220_02/00099.jpg",
      "transform_matrix": [
        [
          -0.999445,
          -0.016556,
          -0.028917,
          3.435409
        ],
        [
          0.028813,
          0.006531,
          -0.999564,
          3.076905
        ],
        [
          0.016738,
          -0.999842,
          -0.00605,
          1.646573
        ],
        [
          0.0,
          0.0,
          0.0,
          1.0
        ]
      ]
    },
    {
      "file_path": "/media/NFS/ttao/scannet/posed_images/scene0220_02/00111.jpg",
      "transform_matrix": [
        [
          -0.997351,
          -0.049192,
          0.053584,
          3.348393
        ],
        [
          -0.047906,
          -0.110117,
          -0.992764,
          2.936803
        ],
        [
          0.054736,
          -0.992701,
          0.107469,
          1.643734
        ],
        [
          0.0,
          0.0,
          0.0,
          1.0
        ]
      ]
    },
    {
      "file_path": "/media/NFS/ttao/scannet/posed_images/scene0220_02/00115.jpg",
      "transform_matrix": [
        [
          -0.996204,
          -0.065529,
          0.057306,
          3.324759
        ],
        [
          -0.047996,
          -0.135735,
          -0.989582,
          2.898897
        ],
        [
          0.072624,
          -0.988576,
          0.132075,
          1.65455
        ],
        [
          0.0,
          0.0,
          0.0,
          1.0
        ]
      ]
    },
    {
      "file_path": "/media/NFS/ttao/scannet/posed_images/scene0220_02/00124.jpg",
      "transform_matrix": [
        [
          -0.988249,
          -0.014759,
          0.152138,
          3.269674
        ],
        [
          -0.146694,
          -0.188092,
          -0.971135,
          2.8503
        ],
        [
          0.04295,
          -0.98204,
          0.183717,
          1.667043
        ],
        [
          0.0,
          0.0,
          0.0,
          1.0
        ]
      ]
    },
    {
      "file_path": "/media/NFS/ttao/scannet/posed_images/scene0220_02/00128.jpg",
      "transform_matrix": [
        [
          -0.972834,
          0.008754,
          0.231337,
          3.244488
        ],
        [
          -0.228946,
          -0.184466,
          -0.955801,
          2.835836
        ],
        [
          0.034306,
          -0.9828,
          0.181459,
          1.668194
        ],
        [
          0.0,
          0.0,
          0.0,
          1.0
        ]
      ]
    },
    {
      "file_path": "/media/NFS/ttao/scannet/posed_images/scene0220_02/00136.jpg",
      "transform_matrix": [
        [
          -0.900549,
          -0.014606,
          0.434509,
          3.172221
        ],
        [
          -0.427731,
          -0.149148,
          -0.891516,
          2.800138
        ],
        [
          0.077827,
          -0.988707,
          0.128067,
          1.669442
        ],
        [
          0.0,
          0.0,
          0.0,
          1.0
        ]
      ]
    },
    {
      "file_path": "/media/NFS/ttao/scannet/posed_images/scene0220_02/00146.jpg",
      "transform_matrix": [
        [
          -0.773611,
          -0.051712,
          0.631547,
          3.065071
        ],
        [
          -0.62502,
          -0.101765,
          -0.773947,
          2.749877
        ],
        [
          0.104291,
          -0.993464,
          0.046406,
          1.672707
        ],
        [
          0.0,
          0.0,
          0.0,
          1.0
        ]
      ]
    },
    {
      "file_path": "/media/NFS/ttao/scannet/posed_images/scene0220_02/00148.jpg",
      "transform_matrix": [
        [
          -0.749631,
          -0.05744,
          0.659358,
          3.051628
        ],
        [
          -0.653978,
          -0.088967,
          -0.751264,
          2.740505
        ],
        [
          0.101814,
          -0.994377,
          0.029128,
          1.667901
        ],
        [
          0.0,
          0.0,
          0.0,
          1.0
        ]
      ]
    },
    {
      "file_path": "/media/NFS/ttao/scannet/posed_images/scene0220_02/00158.jpg",
      "transform_matrix": [
        [
          -0.666077,
          -0.112415,
          0.737363,
          3.039078
        ],
        [
          -0.737711,
          -0.046649,
          -0.673503,
          2.721887
        ],
        [
          0.110109,
          -0.992566,
          -0.051859,
          1.608428
        ],
        [
          0.0,
          0.0,
          0.0,
          1.0
        ]
      ]
    },
    {
      "file_path": "/media/NFS/ttao/scannet/posed_images/scene0220_02/00166.jpg",
      "transform_matrix": [
        [
          -0.583199,
          -0.218636,
          0.782354,
          3.038293
        ],
        [
          -0.803315,
          0.012141,
          -0.595431,
          2.713575
        ],
        [
          0.120684,
          -0.975731,
          -0.182714,
          1.594009
        ],
        [
          0.0,
          0.0,
          0.0,
          1.0
        ]
      ]
    },
    {
      "file_path": "/media/NFS/ttao/scannet/posed_images/scene0220_02/00170.jpg",
      "transform_matrix": [
        [
          -0.547718,
          -0.214887,
          0.808597,
          3.038136
        ],
        [
          -0.830249,
          0.020155,
          -0.557028,
          2.726765
        ],
        [
          0.103401,
          -0.976431,
          -0.189449,
          1.587562
        ],
        [
          0.0,
          0.0,
          0.0,
          1.0
        ]
      ]
    },
    {
      "file_path": "/media/NFS/ttao/scannet/posed_images/scene0220_02/00174.jpg",
      "transform_matrix": [
        [
          -0.507928,
          -0.19624,
          0.838749,
          3.032666
        ],
        [
          -0.856823,
          0.014862,
          -0.515396,
          2.725456
        ],
        [
          0.088676,
          -0.980443,
          -0.175692,
          1.580896
        ],
        [
          0.0,
          0.0,
          0.0,
          1.0
        ]
      ]
    },
    {
      "file_path": "/media/NFS/ttao/scannet/posed_images/scene0220_02/00182.jpg",
      "transform_matrix": [
        [
          -0.453445,
          -0.2496,
          0.855621,
          3.044189
        ],
        [
          -0.882384,
          -0.009612,
          -0.470433,
          2.742309
        ],
        [
          0.125644,
          -0.968301,
          -0.215885,
          1.544642
        ],
        [
          0.0,
          0.0,
          0.0,
          1.0
        ]
      ]
    },
    {
      "file_path": "/media/NFS/ttao/scannet/posed_images/scene0220_02/00188.jpg",
      "transform_matrix": [
        [
          -0.403366,
          -0.271419,
          0.873858,
          3.051677
        ],
        [
          -0.906952,
          -0.008094,
          -0.421157,
          2.740033
        ],
        [
          0.121382,
          -0.962427,
          -0.242899,
          1.533987
        ],
        [
          0.0,
          0.0,
          0.0,
          1.0
        ]
      ]
    },
    {
      "file_path": "/media/NFS/ttao/scannet/posed_images/scene0220_02/00194.jpg",
      "transform_matrix": [
        [
          -0.362083,
          -0.307106,
          0.880103,
          3.071536
        ],
        [
          -0.925946,
          0.009787,
          -0.377529,
          2.749223
        ],
        [
          0.107328,
          -0.951625,
          -0.287907,
          1.520613
        ],
        [
          0.0,
          0.0,
          0.0,
          1.0
        ]
      ]
    },
    {
      "file_path": "/media/NFS/ttao/scannet/posed_images/scene0220_02/00201.jpg",
      "transform_matrix": [
        [
          -0.309493,
          -0.349262,
          0.884438,
          3.091585
        ],
        [
          -0.946245,
          0.021184,
          -0.322756,
          2.762073
        ],
        [
          0.093991,
          -0.936786,
          -0.337043,
          1.504102
        ],
        [
          0.0,
          0.0,
          0.0,
          1.0
        ]
      ]
    },
    {
      "file_path": "/media/NFS/ttao/scannet/posed_images/scene0220_02/00213.jpg",
      "transform_matrix": [
        [
          -0.219089,
          -0.419842,
          0.880757,
          3.113319
        ],
        [
          -0.970228,
          -0.001765,
          -0.242187,
          2.779893
        ],
        [
          0.103234,
          -0.907595,
          -0.406956,
          1.459383
        ],
        [
          0.0,
          0.0,
          0.0,
          1.0
        ]
      ]
    },
    {
      "file_path": "/media/NFS/ttao/scannet/posed_images/scene0220_02/00215.jpg",
      "transform_matrix": [
        [
          -0.208105,
          -0.42647,
          0.880236,
          3.115107
        ],
        [
          -0.972775,
          -0.003598,
          -0.231726,
          2.780145
        ],
        [
          0.101991,
          -0.904494,
          -0.414111,
          1.455794
        ],
        [
          0.0,
          0.0,
          0.0,
          1.0
        ]
      ]
    },
    {
      "file_path": "/media/NFS/ttao/scannet/posed_images/scene0220_02/00227.jpg",
      "transform_matrix": [
        [
          -0.105335,
          -0.483023,
          0.869249,
          3.155723
        ],
        [
          -0.992759,
          0.000321,
          -0.120124,
          2.806387
        ],
        [
          0.057743,
          -0.875608,
          -0.479559,
          1.41745
        ],
        [
          0.0,
          0.0,
          0.0,
          1.0
        ]
      ]
    },
    {
      "file_path": "/media/NFS/ttao/scannet/posed_images/scene0220_02/00231.jpg",
      "transform_matrix": [
        [
          -0.04771,
          -0.48629,
          0.872494,
          3.18693
        ],
        [
          -0.99726,
          -0.026248,
          -0.069163,
          2.845121
        ],
        [
          0.056534,
          -0.873403,
          -0.483705,
          1.407059
        ],
        [
          0.0,
          0.0,
          0.0,
          1.0
        ]
      ]
    },
    {
      "file_path": "/media/NFS/ttao/scannet/posed_images/scene0220_02/00237.jpg",
      "transform_matrix": [
        [
          0.040103,
          -0.461578,
          0.886193,
          3.228568
        ],
        [
          -0.998454,
          -0.052678,
          0.017746,
          2.86246
        ],
        [
          0.038492,
          -0.885534,
          -0.462977,
          1.408779
        ],
        [
          0.0,
          0.0,
          0.0,
          1.0
        ]
      ]
    },
    {
      "file_path": "/media/NFS/ttao/scannet/posed_images/scene0220_02/00243.jpg",
      "transform_matrix": [
        [
          0.082051,
          -0.434368,
          0.896991,
          3.286215
        ],
        [
          -0.996528,
          -0.048543,
          0.067649,
          2.890496
        ],
        [
          0.014158,
          -0.899426,
          -0.436843,
          1.407202
        ],
        [
          0.0,
          0.0,
          0.0,
          1.0
        ]
      ]
    },
    {
      "file_path": "/media/NFS/ttao/scannet/posed_images/scene0220_02/00249.jpg",
      "transform_matrix": [
        [
          0.110347,
          -0.405428,
          0.907443,
          3.345374
        ],
        [
          -0.993832,
          -0.055134,
          0.096219,
          2.898354
        ],
        [
          0.011021,
          -0.912463,
          -0.409011,
          1.411057
        ],
        [
          0.0,
          0.0,
          0.0,
          1.0
        ]
      ]
    },
    {
      "file_path": "/media/NFS/ttao/scannet/posed_images/scene0220_02/00257.jpg",
      "transform_matrix": [
        [
          0.142792,
          -0.339138,
          0.929836,
          3.428918
        ],
        [
          -0.98961,
          -0.03295,
          0.139953,
          2.881923
        ],
        [
          -0.016826,
          -0.940159,
          -0.340319,
          1.424079
        ],
        [
          0.0,
          0.0,
          0.0,
          1.0
        ]
      ]
    },
    {
      "file_path": "/media/NFS/ttao/scannet/posed_images/scene0220_02/00267.jpg",
      "transform_matrix": [
        [
          0.303487,
          -0.250048,
          0.919441,
          3.52792
        ],
        [
          -0.952831,
          -0.076589,
          0.293679,
          2.801251
        ],
        [
          -0.003015,
          -0.9652,
          -0.261497,
          1.447744
        ],
        [
          0.0,
          0.0,
          0.0,
          1.0
        ]
      ]
    },
    {
      "file_path": "/media/NFS/ttao/scannet/posed_images/scene0220_02/00274.jpg",
      "transform_matrix": [
        [
          0.42175,
          -0.254536,
          0.870252,
          3.606635
        ],
        [
          -0.906667,
          -0.108792,
          0.407578,
          2.734482
        ],
        [
          -0.009067,
          -0.960925,
          -0.276663,
          1.517061
        ],
        [
          0.0,
          0.0,
          0.0,
          1.0
        ]
      ]
    },
    {
      "file_path": "/media/NFS/ttao/scannet/posed_images/scene0220_02/00276.jpg",
      "transform_matrix": [
        [
          0.432439,
          -0.247767,
          0.866954,
          3.620297
        ],
        [
          -0.901648,
          -0.124571,
          0.414143,
          2.715437
        ],
        [
          0.005386,
          -0.960778,
          -0.277267,
          1.51207
        ],
        [
          0.0,
          0.0,
          0.0,
          1.0
        ]
      ]
    },
    {
      "file_path": "/media/NFS/ttao/scannet/posed_images/scene0220_02/00286.jpg",
      "transform_matrix": [
        [
          0.496365,
          -0.229375,
          0.837262,
          3.709549
        ],
        [
          -0.86808,
          -0.139668,
          0.476372,
          2.62725
        ],
        [
          0.00767,
          -0.963265,
          -0.268442,
          1.497844
        ],
        [
          0.0,
          0.0,
          0.0,
          1.0
        ]
      ]
    },
    {
      "file_path": "/media/NFS/ttao/scannet/posed_images/scene0220_02/00290.jpg",
      "transform_matrix": [
        [
          0.520513,
          -0.204765,
          0.828937,
          3.742373
        ],
        [
          -0.853129,
          -0.164721,
          0.495014,
          2.624594
        ],
        [
          0.035182,
          -0.964851,
          -0.260431,
          1.483613
        ],
        [
          0.0,
          0.0,
          0.0,
          1.0
        ]
      ]
    },
    {
      "file_path": "/media/NFS/ttao/scannet/posed_images/scene0220_02/00300.jpg",
      "transform_matrix": [
        [
          0.614242,
          -0.154349,
          0.773875,
          3.785808
        ],
        [
          -0.789118,
          -0.119227,
          0.60256,
          2.650079
        ],
        [
          -0.000738,
          -0.980796,
          -0.195034,
          1.495248
        ],
        [
          0.0,
          0.0,
          0.0,
          1.0
        ]
      ]
    },
    {
      "file_path": "/media/NFS/ttao/scannet/posed_images/scene0220_02/00304.jpg",
      "transform_matrix": [
        [
          0.653782,
          -0.138777,
          0.743847,
          3.851358
        ],
        [
          -0.756565,
          -0.10256,
          0.645826,
          2.614769
        ],
        [
          -0.013337,
          -0.984999,
          -0.172046,
          1.5189
        ],
        [
          0.0,
          0.0,
          0.0,
          1.0
        ]
      ]
    },
    {
      "file_path": "/media/NFS/ttao/scannet/posed_images/scene0220_02/00310.jpg",
      "transform_matrix": [
        [
          0.705698,
          -0.087571,
          0.70308,
          3.872737
        ],
        [
          -0.708378,
          -0.106511,
          0.69775,
          2.619118
        ],
        [
          0.013783,
          -0.990448,
          -0.137198,
          1.547566
        ],
        [
          0.0,
          0.0,
          0.0,
          1.0
        ]
      ]
    },
    {
      "file_path": "/media/NFS/ttao/scannet/posed_images/scene0220_02/00318.jpg",
      "transform_matrix": [
        [
          0.812544,
          -0.038834,
          0.581604,
          4.007137
        ],
        [
          -0.58105,
          -0.13338,
          0.802864,
          2.550035
        ],
        [
          0.046396,
          -0.990304,
          -0.130942,
          1.539512
        ],
        [
          0.0,
          0.0,
          0.0,
          1.0
        ]
      ]
    },
    {
      "file_path": "/media/NFS/ttao/scannet/posed_images/scene0220_02/00322.jpg",
      "transform_matrix": [
        [
          0.837612,
          -0.035086,
          0.545137,
          3.999781
        ],
        [
          -0.543555,
          -0.15282,
          0.825345,
          2.588512
        ],
        [
          0.054349,
          -0.987631,
          -0.147075,
          1.557709
        ],
        [
          0.0,
          0.0,
          0.0,
          1.0
        ]
      ]
    },
    {
      "file_path": "/media/NFS/ttao/scannet/posed_images/scene0220_02/00330.jpg",
      "transform_matrix": [
        [
          0.878333,
          -0.004902,
          0.478025,
          4.090104
        ],
        [
          -0.473613,
          -0.144844,
          0.868741,
          2.622543
        ],
        [
          0.06498,
          -0.989442,
          -0.129543,
          1.56827
        ],
        [
          0.0,
          0.0,
          0.0,
          1.0
        ]
      ]
    },
    {
      "file_path": "/media/NFS/ttao/scannet/posed_images/scene0220_02/00338.jpg",
      "transform_matrix": [
        [
          0.911485,
          -0.005131,
          0.411301,
          4.163376
        ],
        [
          -0.408878,
          -0.120404,
          0.904612,
          2.720173
        ],
        [
          0.044881,
          -0.992712,
          -0.111844,
          1.60173
        ],
        [
          0.0,
          0.0,
          0.0,
          1.0
        ]
      ]
    },
    {
      "file_path": "/media/NFS/ttao/scannet/posed_images/scene0220_02/00348.jpg",
      "transform_matrix": [
        [
          0.947303,
          0.000602,
          0.32034,
          4.242662
        ],
        [
          -0.319559,
          -0.068054,
          0.94512,
          2.834252
        ],
        [
          0.02237,
          -0.997682,
          -0.064275,
          1.609231
        ],
        [
          0.0,
          0.0,
          0.0,
          1.0
        ]
      ]
    },
    {
      "file_path": "/media/NFS/ttao/scannet/posed_images/scene0220_02/00355.jpg",
      "transform_matrix": [
        [
          0.96805,
          0.024987,
          0.249509,
          4.264452
        ],
        [
          -0.247115,
          -0.073919,
          0.966163,
          2.92863
        ],
        [
          0.042585,
          -0.996951,
          -0.065382,
          1.616799
        ],
        [
          0.0,
          0.0,
          0.0,
          1.0
        ]
      ]
    },
    {
      "file_path": "/media/NFS/ttao/scannet/posed_images/scene0220_02/00359.jpg",
      "transform_matrix": [
        [
          0.982147,
          0.040036,
          0.183805,
          4.300146
        ],
        [
          -0.180794,
          -0.069025,
          0.981096,
          2.965444
        ],
        [
          0.051966,
          -0.996812,
          -0.060554,
          1.61634
        ],
        [
          0.0,
          0.0,
          0.0,
          1.0
        ]
      ]
    },
    {
      "file_path": "/media/NFS/ttao/scannet/posed_images/scene0220_02/00367.jpg",
      "transform_matrix": [
        [
          0.997357,
          0.062536,
          0.036999,
          4.40254
        ],
        [
          -0.028858,
          -0.126406,
          0.991559,
          3.058808
        ],
        [
          0.066685,
          -0.990006,
          -0.124267,
          1.592001
        ],
        [
          0.0,
          0.0,
          0.0,
          1.0
        ]
      ]
    },
    {
      "file_path": "/media/NFS/ttao/scannet/posed_images/scene0220_02/00373.jpg",
      "transform_matrix": [
        [
          0.995164,
          0.085813,
          -0.047796,
          4.462488
        ],
        [
          0.06214,
          -0.173162,
          0.982931,
          3.125053
        ],
        [
          0.076071,
          -0.981148,
          -0.177657,
          1.586003
        ],
        [
          0.0,
          0.0,
          0.0,
          1.0
        ]
      ]
    },
    {
      "file_path": "/media/NFS/ttao/scannet/posed_images/scene0220_02/00377.jpg",
      "transform_matrix": [
        [
          0.992198,
          0.082297,
          -0.09365,
          4.493032
        ],
        [
          0.107483,
          -0.184038,
          0.977025,
          3.167959
        ],
        [
          0.063171,
          -0.979468,
          -0.191447,
          1.571689
        ],
        [
          0.0,
          0.0,
          0.0,
          1.0
        ]
      ]
    },
    {
      "file_path": "/media/NFS/ttao/scannet/posed_images/scene0220_02/00389.jpg",
      "transform_matrix": [
        [
          0.963583,
          0.130092,
          -0.233634,
          4.54477
        ],
        [
          0.259157,
          -0.23891,
          0.93582,
          3.309351
        ],
        [
          0.065925,
          -0.962288,
          -0.263924,
          1.52777
        ],
        [
          0.0,
          0.0,
          0.0,
          1.0
        ]
      ]
    },
    {
      "file_path": "/media/NFS/ttao/scannet/posed_images/scene0220_02/00393.jpg",
      "transform_matrix": [
        [
          0.937111,
          0.158961,
          -0.310731,
          4.563624
        ],
        [
          0.340135,
          -0.216207,
          0.915184,
          3.352108
        ],
        [
          0.078296,
          -0.96332,
          -0.256679,
          1.522933
        ],
        [
          0.0,
          0.0,
          0.0,
          1.0
        ]
      ]
    },
    {
      "file_path": "/media/NFS/ttao/scannet/posed_images/scene0220_02/00399.jpg",
      "transform_matrix": [
        [
          0.877015,
          0.176867,
          -0.446724,
          4.581398
        ],
        [
          0.475226,
          -0.182431,
          0.860743,
          3.394027
        ],
        [
          0.070741,
          -0.96718,
          -0.244047,
          1.522263
        ],
        [
          0.0,
          0.0,
          0.0,
          1.0
        ]
      ]
    },
    {
      "file_path": "/media/NFS/ttao/scannet/posed_images/scene0220_02/00403.jpg",
      "transform_matrix": [
        [
          0.840135,
          0.192174,
          -0.507189,
          4.590309
        ],
        [
          0.53753,
          -0.170296,
          0.825869,
          3.403376
        ],
        [
          0.072339,
          -0.966472,
          -0.246371,
          1.507672
        ],
        [
          0.0,
          0.0,
          0.0,
          1.0
        ]
      ]
    },
    {
      "file_path": "/media/NFS/ttao/scannet/posed_images/scene0220_02/00413.jpg",
      "transform_matrix": [
        [
          0.657779,
          0.21455,
          -0.722008,
          4.672836
        ],
        [
          0.750881,
          -0.111429,
          0.650971,
          3.409091
        ],
        [
          0.059213,
          -0.970336,
          -0.234397,
          1.491051
        ],
        [
          0.0,
          0.0,
          0.0,
          1.0
        ]
      ]
    },
    {
      "file_path": "/media/NFS/ttao/scannet/posed_images/scene0220_02/00419.jpg",
      "transform_matrix": [
        [
          0.566943,
          0.251596,
          -0.784395,
          4.715937
        ],
        [
          0.821456,
          -0.101546,
          0.561158,
          3.412825
        ],
        [
          0.061533,
          -0.96249,
          -0.264246,
          1.483685
        ],
        [
          0.0,
          0.0,
          0.0,
          1.0
        ]
      ]
    },
    {
      "file_path": "/media/NFS/ttao/scannet/posed_images/scene0220_02/00430.jpg",
      "transform_matrix": [
        [
          0.410058,
          0.29147,
          -0.864233,
          4.714283
        ],
        [
          0.910596,
          -0.077177,
          0.406028,
          3.354098
        ],
        [
          0.051647,
          -0.953462,
          -0.297059,
          1.494398
        ],
        [
          0.0,
          0.0,
          0.0,
          1.0
        ]
      ]
    },
    {
      "file_path": "/media/NFS/ttao/scannet/posed_images/scene0220_02/00434.jpg",
      "transform_matrix": [
        [
          0.343587,
          0.292549,
          -0.892392,
          4.724234
        ],
        [
          0.938294,
          -0.067061,
          0.339275,
          3.359215
        ],
        [
          0.03941,
          -0.953896,
          -0.297538,
          1.491555
        ],
        [
          0.0,
          0.0,
          0.0,
          1.0
        ]
      ]
    },
    {
      "file_path": "/media/NFS/ttao/scannet/posed_images/scene0220_02/00438.jpg",
      "transform_matrix": [
        [
          0.281659,
          0.297174,
          -0.912336,
          4.720138
        ],
        [
          0.95888,
          -0.052586,
          0.278899,
          3.36046
        ],
        [
          0.034905,
          -0.953374,
          -0.299765,
          1.488323
        ],
        [
          0.0,
          0.0,
          0.0,
          1.0
        ]
      ]
    },
    {
      "file_path": "/media/NFS/ttao/scannet/posed_images/scene0220_02/00446.jpg",
      "transform_matrix": [
        [
          0.172451,
          0.296694,
          -0.939273,
          4.676698
        ],
        [
          0.984333,
          -0.016345,
          0.175561,
          3.347132
        ],
        [
          0.036736,
          -0.954833,
          -0.294865,
          1.480458
        ],
        [
          0.0,
          0.0,
          0.0,
          1.0
        ]
      ]
    },
    {
      "file_path": "/media/NFS/ttao/scannet/posed_images/scene0220_02/00452.jpg",
      "transform_matrix": [
        [
          0.095462,
          0.296919,
          -0.950119,
          4.62595
        ],
        [
          0.994606,
          0.01045,
          0.103198,
          3.342195
        ],
        [
          0.04057,
          -0.954846,
          -0.29432,
          1.471043
        ],
        [
          0.0,
          0.0,
          0.0,
          1.0
        ]
      ]
    },
    {
      "file_path": "/media/NFS/ttao/scannet/posed_images/scene0220_02/00458.jpg",
      "transform_matrix": [
        [
          0.012025,
          0.290156,
          -0.956904,
          4.572189
        ],
        [
          0.999244,
          0.031905,
          0.022232,
          3.340803
        ],
        [
          0.036981,
          -0.956447,
          -0.289553,
          1.472976
        ],
        [
          0.0,
          0.0,
          0.0,
          1.0
        ]
      ]
    },
    {
      "file_path": "/media/NFS/ttao/scannet/posed_images/scene0220_02/00464.jpg",
      "transform_matrix": [
        [
          -0.063351,
          0.27993,
          -0.957928,
          4.513595
        ],
        [
          0.997192,
          0.056172,
          -0.049533,
          3.312638
        ],
        [
          0.039943,
          -0.958376,
          -0.282702,
          1.463962
        ],
        [
          0.0,
          0.0,
          0.0,
          1.0
        ]
      ]
    },
    {
      "file_path": "/media/NFS/ttao/scannet/posed_images/scene0220_02/00472.jpg",
      "transform_matrix": [
        [
          -0.139723,
          0.295671,
          -0.945017,
          4.445021
        ],
        [
          0.989447,
          0.078669,
          -0.121678,
          3.315229
        ],
        [
          0.038367,
          -0.952045,
          -0.303542,
          1.463634
        ],
        [
          0.0,
          0.0,
          0.0,
          1.0
        ]
      ]
    },
    {
      "file_path": "/media/NFS/ttao/scannet/posed_images/scene0220_02/00482.jpg",
      "transform_matrix": [
        [
          -0.280292,
          0.318183,
          -0.905647,
          4.357203
        ],
        [
          0.959905,
          0.097194,
          -0.262938,
          3.345465
        ],
        [
          0.004361,
          -0.943034,
          -0.332668,
          1.458776
        ],
        [
          0.0,
          0.0,
          0.0,
          1.0
        ]
      ]
    },
    {
      "file_path": "/media/NFS/ttao/scannet/posed_images/scene0220_02/00490.jpg",
      "transform_matrix": [
        [
          -0.398999,
          0.333944,
          -0.85398,
          4.285065
        ],
        [
          0.916886,
          0.134145,
          -0.375933,
          3.39819
        ],
        [
          -0.010983,
          -0.932999,
          -0.359712,
          1.460295
        ],
        [
          0.0,
          0.0,
          0.0,
          1.0
        ]
      ]
    },
    {
      "file_path": "/media/NFS/ttao/scannet/posed_images/scene0220_02/00496.jpg",
      "transform_matrix": [
        [
          -0.474246,
          0.338225,
          -0.812831,
          4.234292
        ],
        [
          0.880378,
          0.187475,
          -0.435647,
          3.440428
        ],
        [
          0.005039,
          -0.922202,
          -0.386676,
          1.469008
        ],
        [
          0.0,
          0.0,
          0.0,
          1.0
        ]
      ]
    },
    {
      "file_path": "/media/NFS/ttao/scannet/posed_images/scene0220_02/00500.jpg",
      "transform_matrix": [
        [
          -0.51475,
          0.338435,
          -0.787715,
          4.227221
        ],
        [
          0.857262,
          0.215633,
          -0.467552,
          3.458349
        ],
        [
          0.011621,
          -0.91595,
          -0.401124,
          1.471791
        ],
        [
          0.0,
          0.0,
          0.0,
          1.0
        ]
      ]
    },
    {
      "file_path": "/media/NFS/ttao/scannet/posed_images/scene0220_02/00511.jpg",
      "transform_matrix": [
        [
          -0.633459,
          0.308609,
          -0.70957,
          4.10737
        ],
        [
          0.773775,
          0.250481,
          -0.581836,
          3.475101
        ],
        [
          -0.001826,
          -0.917616,
          -0.397463,
          1.478647
        ],
        [
          0.0,
          0.0,
          0.0,
          1.0
        ]
      ]
    },
    {
      "file_path": "/media/NFS/ttao/scannet/posed_images/scene0220_02/00513.jpg",
      "transform_matrix": [
        [
          -0.644642,
          0.296451,
          -0.704666,
          4.081338
        ],
        [
          0.764482,
          0.252339,
          -0.593205,
          3.473103
        ],
        [
          0.001959,
          -0.921109,
          -0.3893,
          1.482846
        ],
        [
          0.0,
          0.0,
          0.0,
          1.0
        ]
      ]
    },
    {
      "file_path": "/media/NFS/ttao/scannet/posed_images/scene0220_02/00521.jpg",
      "transform_matrix": [
        [
          -0.703331,
          0.222071,
          -0.675285,
          4.013429
        ],
        [
          0.710843,
          0.226883,
          -0.665753,
          3.433119
        ],
        [
          0.005366,
          -0.948266,
          -0.317431,
          1.498715
