{
  "frames": [
    {
      "file_path": "/media/NFS/ttao/scannet/posed_images/scene0184_00/00000.jpg",
      "transform_matrix": [
        [
          -0.935878,
          -0.161972,
          0.312885,
          1.123681
        ],
        [
          -0.352322,
          0.433116,
          -0.829627,
          2.231354
        ],
        [
          -0.001139,
          -0.886666,
          -0.46241,
          1.408983
        ],
        [
          0.0,
          0.0,
          0.0,
          1.0
        ]
      ]
    },
    {
      "file_path": "/media/NFS/ttao/scannet/posed_images/scene0184_00/00016.jpg",
      "transform_matrix": [
        [
          -0.931841,
          -0.171069,
          0.320014,
          1.124493
        ],
        [
          -0.362795,
          0.456924,
          -0.812158,
          2.230389
        ],
        [
          -0.007287,
          -0.872901,
          -0.487844,
          1.412938
        ],
        [
          0.0,
          0.0,
          0.0,
          1.0
        ]
      ]
    },
    {
      "file_path": "/media/NFS/ttao/scannet/posed_images/scene0184_00/00019.jpg",
      "transform_matrix": [
        [
          -0.9313,
          -0.172102,
          0.321033,
          1.124263
        ],
        [
          -0.36419,
          0.456522,
          -0.81176,
          2.229882
        ],
        [
          -0.006853,
          -0.872908,
          -0.487837,
          1.413585
        ],
        [
          0.0,
          0.0,
          0.0,
          1.0
        ]
      ]
    },
    {
      "file_path": "/media/NFS/ttao/scannet/posed_images/scene0184_00/00038.jpg",
      "transform_matrix": [
        [
          -0.92083,
          -0.098355,
          0.377356,
          1.108085
        ],
        [
          -0.389677,
          0.195014,
          -0.900067,
          2.248677
        ],
        [
          0.014936,
          -0.975856,
          -0.217902,
          1.462954
        ],
        [
          0.0,
          0.0,
          0.0,
          1.0
        ]
      ]
    },
    {
      "file_path": "/media/NFS/ttao/scannet/posed_images/scene0184_00/00045.jpg",
      "transform_matrix": [
        [
          -0.914814,
          -0.080235,
          0.395825,
          1.097097
        ],
        [
          -0.403735,
          0.155817,
          -0.90151,
          2.246314
        ],
        [
          0.010657,
          -0.984522,
          -0.174938,
          1.476871
        ],
        [
          0.0,
          0.0,
          0.0,
          1.0
        ]
      ]
    },
    {
      "file_path": "/media/NFS/ttao/scannet/posed_images/scene0184_00/00051.jpg",
      "transform_matrix": [
        [
          -0.898192,
          -0.09386,
          0.429466,
          1.100437
        ],
        [
          -0.439552,
          0.176797,
          -0.880646,
          2.237489
        ],
        [
          0.006729,
          -0.979762,
          -0.200054,
          1.483362
        ],
        [
          0.0,
          0.0,
          0.0,
          1.0
        ]
      ]
    },
    {
      "file_path": "/media/NFS/ttao/scannet/posed_images/scene0184_00/00061.jpg",
      "transform_matrix": [
        [
          -0.834447,
          -0.099387,
          0.542052,
          1.078474
        ],
        [
          -0.551067,
          0.141839,
          -0.822318,
          2.237356
        ],
        [
          0.004844,
          -0.984888,
          -0.173126,
          1.483677
        ],
        [
          0.0,
          0.0,
          0.0,
          1.0
        ]
      ]
    },
    {
      "file_path": "/media/NFS/ttao/scannet/posed_images/scene0184_00/00077.jpg",
      "transform_matrix": [
        [
          -0.750238,
          -0.060933,
          0.658355,
          1.133201
        ],
        [
          -0.661021,
          0.048102,
          -0.748824,
          2.195655
        ],
        [
          0.01396,
          -0.996982,
          -0.076366,
          1.493364
        ],
        [
          0.0,
          0.0,
          0.0,
          1.0
        ]
      ]
    },
    {
      "file_path": "/media/NFS/ttao/scannet/posed_images/scene0184_00/00083.jpg",
      "transform_matrix": [
        [
          -0.71255,
          -0.064115,
          0.698686,
          1.171234
        ],
        [
          -0.701065,
          0.025395,
          -0.712645,
          2.176149
        ],
        [
          0.027948,
          -0.997619,
          -0.063044,
          1.506178
        ],
        [
          0.0,
          0.0,
          0.0,
          1.0
        ]
      ]
    },
    {
      "file_path": "/media/NFS/ttao/scannet/posed_images/scene0184_00/00103.jpg",
      "transform_matrix": [
        [
          -0.568076,
          -0.209897,
          0.79576,
          1.256621
        ],
        [
          -0.822932,
          0.154915,
          -0.546612,
          2.084271
        ],
        [
          -0.008543,
          -0.965373,
          -0.260734,
          1.48898
        ],
        [
          0.0,
          0.0,
          0.0,
          1.0
        ]
      ]
    },
    {
      "file_path": "/media/NFS/ttao/scannet/posed_images/scene0184_00/00106.jpg",
      "transform_matrix": [
        [
          -0.539689,
          -0.221034,
          0.81233,
          1.263064
        ],
        [
          -0.841601,
          0.165802,
          -0.51402,
          2.059834
        ],
        [
          -0.02107,
          -0.961069,
          -0.275504,
          1.49122
        ],
        [
          0.0,
          0.0,
          0.0,
          1.0
        ]
      ]
    },
    {
      "file_path": "/media/NFS/ttao/scannet/posed_images/scene0184_00/00119.jpg",
      "transform_matrix": [
        [
          -0.27706,
          -0.308223,
          0.910075,
          1.262293
        ],
        [
          -0.96029,
          0.121228,
          -0.251289,
          1.902246
        ],
        [
          -0.032874,
          -0.943558,
          -0.329571,
          1.473709
        ],
        [
          0.0,
          0.0,
          0.0,
          1.0
        ]
      ]
    },
    {
      "file_path": "/media/NFS/ttao/scannet/posed_images/scene0184_00/00128.jpg",
      "transform_matrix": [
        [
          -0.071527,
          -0.362264,
          0.929327,
          1.316941
        ],
        [
          -0.995731,
          0.080437,
          -0.045283,
          1.850307
        ],
        [
          -0.058348,
          -0.928598,
          -0.366471,
          1.501796
        ],
        [
          0.0,
          0.0,
          0.0,
          1.0
        ]
      ]
    },
    {
      "file_path": "/media/NFS/ttao/scannet/posed_images/scene0184_00/00141.jpg",
      "transform_matrix": [
        [
          0.179137,
          -0.3983,
          0.899593,
          1.456697
        ],
        [
          -0.983747,
          -0.061045,
          0.168866,
          1.927833
        ],
        [
          -0.012344,
          -0.915222,
          -0.402762,
          1.496573
        ],
        [
          0.0,
          0.0,
          0.0,
          1.0
        ]
      ]
    },
    {
      "file_path": "/media/NFS/ttao/scannet/posed_images/scene0184_00/00151.jpg",
      "transform_matrix": [
        [
          0.340326,
          -0.385468,
          0.857667,
          1.545172
        ],
        [
          -0.940144,
          -0.122464,
          0.318014,
          1.955123
        ],
        [
          -0.017551,
          -0.914559,
          -0.404073,
          1.482177
        ],
        [
          0.0,
          0.0,
          0.0,
          1.0
        ]
      ]
    },
    {
      "file_path": "/media/NFS/ttao/scannet/posed_images/scene0184_00/00157.jpg",
      "transform_matrix": [
        [
          0.42423,
          -0.38842,
          0.818021,
          1.592533
        ],
        [
          -0.904806,
          -0.145093,
          0.400342,
          1.945614
        ],
        [
          -0.036812,
          -0.909988,
          -0.412998,
          1.471799
        ],
        [
          0.0,
          0.0,
          0.0,
          1.0
        ]
      ]
    },
    {
      "file_path": "/media/NFS/ttao/scannet/posed_images/scene0184_00/00176.jpg",
      "transform_matrix": [
        [
          0.760422,
          -0.290939,
          0.580614,
          1.738339
        ],
        [
          -0.647143,
          -0.264507,
          0.715012,
          1.897056
        ],
        [
          -0.054449,
          -0.919451,
          -0.389416,
          1.49272
        ],
        [
          0.0,
          0.0,
          0.0,
          1.0
        ]
      ]
    },
    {
      "file_path": "/media/NFS/ttao/scannet/posed_images/scene0184_00/00183.jpg",
      "transform_matrix": [
        [
          0.821699,
          -0.262593,
          0.505822,
          1.784767
        ],
        [
          -0.567047,
          -0.287663,
          0.771821,
          1.912238
        ],
        [
          -0.057169,
          -0.921029,
          -0.385275,
          1.486457
        ],
        [
          0.0,
          0.0,
          0.0,
          1.0
        ]
      ]
    },
    {
      "file_path": "/media/NFS/ttao/scannet/posed_images/scene0184_00/00189.jpg",
      "transform_matrix": [
        [
          0.873489,
          -0.216969,
          0.435823,
          1.8451
        ],
        [
          -0.48472,
          -0.304055,
          0.82012,
          1.949921
        ],
        [
          -0.045426,
          -0.927618,
          -0.370758,
          1.478293
        ],
        [
          0.0,
          0.0,
          0.0,
          1.0
        ]
      ]
    },
    {
      "file_path": "/media/NFS/ttao/scannet/posed_images/scene0184_00/00205.jpg",
      "transform_matrix": [
        [
          0.97543,
          -0.101368,
          0.195606,
          1.994736
        ],
        [
          -0.219247,
          -0.359497,
          0.907024,
          2.062089
        ],
        [
          -0.021623,
          -0.927624,
          -0.372889,
          1.488008
        ],
        [
          0.0,
          0.0,
          0.0,
          1.0
        ]
      ]
    },
    {
      "file_path": "/media/NFS/ttao/scannet/posed_images/scene0184_00/00218.jpg",
      "transform_matrix": [
        [
          0.991463,
          -0.000999,
          -0.130385,
          2.18532
        ],
        [
          0.121237,
          -0.360974,
          0.924662,
          2.055418
        ],
        [
          -0.04799,
          -0.932576,
          -0.357771,
          1.500374
        ],
        [
          0.0,
          0.0,
          0.0,
          1.0
        ]
      ]
    },
    {
      "file_path": "/media/NFS/ttao/scannet/posed_images/scene0184_00/00228.jpg",
      "transform_matrix": [
        [
          0.945273,
          0.059101,
          -0.320883,
          2.242999
        ],
        [
          0.322318,
          -0.321941,
          0.890205,
          2.035841
        ],
        [
          -0.050694,
          -0.944913,
          -0.323372,
          1.527734
        ],
        [
          0.0,
          0.0,
          0.0,
          1.0
        ]
      ]
    },
    {
      "file_path": "/media/NFS/ttao/scannet/posed_images/scene0184_00/00234.jpg",
      "transform_matrix": [
        [
          0.904586,
          0.083593,
          -0.418014,
          2.270993
        ],
        [
          0.423129,
          -0.295272,
          0.856607,
          2.008091
        ],
        [
          -0.051821,
          -0.951749,
          -0.30247,
          1.521108
        ],
        [
          0.0,
          0.0,
          0.0,
          1.0
        ]
      ]
    },
    {
      "file_path": "/media/NFS/ttao/scannet/posed_images/scene0184_00/00244.jpg",
      "transform_matrix": [
        [
          0.827452,
          0.14062,
          -0.543644,
          2.30735
        ],
        [
          0.560424,
          -0.267706,
          0.783747,
          1.935798
        ],
        [
          -0.035326,
          -0.953184,
          -0.300321,
          1.511728
        ],
        [
          0.0,
          0.0,
          0.0,
          1.0
        ]
      ]
    },
    {
      "file_path": "/media/NFS/ttao/scannet/posed_images/scene0184_00/00256.jpg",
      "transform_matrix": [
        [
          0.701248,
          0.187619,
          -0.687787,
          2.39101
        ],
        [
          0.712676,
          -0.209651,
          0.669433,
          1.920587
        ],
        [
          -0.018597,
          -0.959607,
          -0.280728,
          1.530668
        ],
        [
          0.0,
          0.0,
          0.0,
          1.0
        ]
      ]
    },
    {
      "file_path": "/media/NFS/ttao/scannet/posed_images/scene0184_00/00269.jpg",
      "transform_matrix": [
        [
          0.513858,
          0.26186,
          -0.816933,
          2.490125
        ],
        [
          0.85775,
          -0.173098,
          0.484048,
          1.962014
        ],
        [
          -0.014657,
          -0.949456,
          -0.313558,
          1.544934
        ],
        [
          0.0,
          0.0,
          0.0,
          1.0
        ]
      ]
    },
    {
      "file_path": "/media/NFS/ttao/scannet/posed_images/scene0184_00/00276.jpg",
      "transform_matrix": [
        [
          0.427861,
          0.277056,
          -0.860335,
          2.482916
        ],
        [
          0.903327,
          -0.163294,
          0.396655,
          1.981562
        ],
        [
          -0.030592,
          -0.946876,
          -0.320139,
          1.583145
        ],
        [
          0.0,
          0.0,
          0.0,
          1.0
        ]
      ]
    },
    {
      "file_path": "/media/NFS/ttao/scannet/posed_images/scene0184_00/00289.jpg",
      "transform_matrix": [
        [
          0.315044,
          0.285447,
          -0.905134,
          2.450089
        ],
        [
          0.948354,
          -0.1319,
          0.28849,
          1.977855
        ],
        [
          -0.037038,
          -0.949275,
          -0.31226,
          1.56673
        ],
        [
          0.0,
          0.0,
          0.0,
          1.0
        ]
      ]
    },
    {
      "file_path": "/media/NFS/ttao/scannet/posed_images/scene0184_00/00298.jpg",
      "transform_matrix": [
        [
          0.215709,
          0.300626,
          -0.929028,
          2.416582
        ],
        [
          0.975918,
          -0.098011,
          0.194881,
          2.008338
        ],
        [
          -0.032468,
          -0.948693,
          -0.314529,
          1.551241
        ],
        [
          0.0,
          0.0,
          0.0,
          1.0
        ]
      ]
    },
    {
      "file_path": "/media/NFS/ttao/scannet/posed_images/scene0184_00/00308.jpg",
      "transform_matrix": [
        [
          0.072765,
          0.299629,
          -0.951277,
          2.39131
        ],
        [
          0.994583,
          -0.092787,
          0.046852,
          2.017215
        ],
        [
          -0.074228,
          -0.949533,
          -0.304758,
          1.496097
        ],
        [
          0.0,
          0.0,
          0.0,
          1.0
        ]
      ]
    },
    {
      "file_path": "/media/NFS/ttao/scannet/posed_images/scene0184_00/00327.jpg",
      "transform_matrix": [
        [
          -0.295131,
          0.331012,
          -0.896286,
          2.319782
        ],
        [
          0.951502,
          0.016559,
          -0.307197,
          2.098123
        ],
        [
          -0.086844,
          -0.943481,
          -0.319846,
          1.506179
        ],
        [
          0.0,
          0.0,
          0.0,
          1.0
        ]
      ]
    },
    {
      "file_path": "/media/NFS/ttao/scannet/posed_images/scene0184_00/00337.jpg",
      "transform_matrix": [
        [
          -0.450394,
          0.315501,
          -0.835227,
          2.288185
        ],
        [
          0.887281,
          0.054032,
          -0.458054,
          2.115923
        ],
        [
          -0.099387,
          -0.947386,
          -0.304274,
          1.481252
        ],
        [
          0.0,
          0.0,
          0.0,
          1.0
        ]
      ]
    },
    {
      "file_path": "/media/NFS/ttao/scannet/posed_images/scene0184_00/00340.jpg",
      "transform_matrix": [
        [
          -0.491092,
          0.304843,
          -0.816026,
          2.276288
        ],
        [
          0.866083,
          0.070397,
          -0.494919,
          2.112438
        ],
        [
          -0.093427,
          -0.949797,
          -0.298591,
          1.482243
        ],
        [
          0.0,
          0.0,
          0.0,
          1.0
        ]
      ]
    },
    {
      "file_path": "/media/NFS/ttao/scannet/posed_images/scene0184_00/00356.jpg",
      "transform_matrix": [
        [
          -0.665885,
          0.264192,
          -0.69771,
          2.199616
        ],
        [
          0.74379,
          0.162279,
          -0.648415,
          2.048575
        ],
        [
          -0.058082,
          -0.95072,
          -0.304563,
          1.47371
        ],
        [
          0.0,
          0.0,
          0.0,
          1.0
        ]
      ]
    },
    {
      "file_path": "/media/NFS/ttao/scannet/posed_images/scene0184_00/00365.jpg",
      "transform_matrix": [
        [
          -0.775692,
          0.252352,
          -0.578464,
          2.150731
        ],
        [
          0.626054,
          0.191865,
          -0.755808,
          2.041873
        ],
        [
          -0.079743,
          -0.948423,
          -0.306814,
          1.462848
        ],
        [
          0.0,
          0.0,
          0.0,
          1.0
        ]
      ]
    },
    {
      "file_path": "/media/NFS/ttao/scannet/posed_images/scene0184_00/00378.jpg",
      "transform_matrix": [
        [
          -0.929219,
          0.154129,
          -0.335852,
          2.11292
        ],
        [
          0.364967,
          0.240406,
          -0.899447,
          2.070797
        ],
        [
          -0.05789,
          -0.958358,
          -0.279641,
          1.482766
        ],
        [
          0.0,
          0.0,
          0.0,
          1.0
        ]
      ]
    },
    {
      "file_path": "/media/NFS/ttao/scannet/posed_images/scene0184_00/00382.jpg",
      "transform_matrix": [
        [
          -0.951676,
          0.130314,
          -0.278086,
          2.110378
        ],
        [
          0.303229,
          0.255316,
          -0.918077,
          2.078823
        ],
        [
          -0.048639,
          -0.958035,
          -0.282493,
          1.490419
        ],
        [
          0.0,
          0.0,
          0.0,
          1.0
        ]
      ]
    },
    {
      "file_path": "/media/NFS/ttao/scannet/posed_images/scene0184_00/00401.jpg",
      "transform_matrix": [
        [
          -0.980385,
          0.07653,
          -0.181627,
          2.130152
        ],
        [
          0.194013,
          0.212486,
          -0.95771,
          2.109744
        ],
        [
          -0.034701,
          -0.974163,
          -0.223166,
          1.510839
        ],
        [
          0.0,
          0.0,
          0.0,
          1.0
        ]
      ]
    },
    {
      "file_path": "/media/NFS/ttao/scannet/posed_images/scene0184_00/00404.jpg",
      "transform_matrix": [
        [
          -0.978776,
          0.078387,
          -0.189352,
          2.132377
        ],
        [
          0.20175,
          0.206293,
          -0.957466,
          2.113403
        ],
        [
          -0.035991,
          -0.975345,
          -0.217729,
          1.511717
        ],
        [
          0.0,
          0.0,
          0.0,
          1.0
        ]
      ]
    },
    {
      "file_path": "/media/NFS/ttao/scannet/posed_images/scene0184_00/00423.jpg",
      "transform_matrix": [
        [
          -0.907954,
          0.063616,
          -0.414213,
          2.119441
        ],
        [
          0.418236,
          0.075232,
          -0.905218,
          2.122394
        ],
        [
          -0.026424,
          -0.995135,
          -0.094913,
          1.560501
        ],
        [
          0.0,
          0.0,
          0.0,
          1.0
        ]
      ]
    },
    {
      "file_path": "/media/NFS/ttao/scannet/posed_images/scene0184_00/00430.jpg",
      "transform_matrix": [
        [
          -0.870356,
          0.042003,
          -0.490629,
          2.120929
        ],
        [
          0.492266,
          0.049035,
          -0.869062,
          2.115994
        ],
        [
          -0.012445,
          -0.997914,
          -0.063354,
          1.546019
        ],
        [
          0.0,
          0.0,
          0.0,
          1.0
        ]
      ]
    },
    {
      "file_path": "/media/NFS/ttao/scannet/posed_images/scene0184_00/00442.jpg",
      "transform_matrix": [
        [
          -0.802067,
          0.012668,
          -0.5971,
          2.121853
        ],
        [
          0.597214,
          0.008847,
          -0.802033,
          2.107399
        ],
        [
          -0.004878,
          -0.999881,
          -0.014662,
          1.545012
        ],
        [
          0.0,
          0.0,
          0.0,
          1.0
        ]
      ]
    },
    {
      "file_path": "/media/NFS/ttao/scannet/posed_images/scene0184_00/00452.jpg",
      "transform_matrix": [
        [
          -0.758177,
          0.048813,
          -0.65022,
          2.121536
        ],
        [
          0.652047,
          0.059428,
          -0.755846,
          2.090165
        ],
        [
          0.001747,
          -0.997039,
          -0.076885,
          1.517831
        ],
        [
          0.0,
          0.0,
          0.0,
          1.0
        ]
      ]
    },
    {
      "file_path": "/media/NFS/ttao/scannet/posed_images/scene0184_00/00462.jpg",
      "transform_matrix": [
        [
          -0.743113,
          0.1359,
          -0.65522,
          2.111201
        ],
        [
          0.669165,
          0.14954,
          -0.727912,
          2.077131
        ],
        [
          -0.000942,
          -0.979372,
          -0.202064,
          1.497005
        ],
        [
          0.0,
          0.0,
          0.0,
          1.0
        ]
      ]
    },
    {
      "file_path": "/media/NFS/ttao/scannet/posed_images/scene0184_00/00468.jpg",
      "transform_matrix": [
        [
          -0.754896,
          0.187831,
          -0.628372,
          2.106635
        ],
        [
          0.655837,
          0.211906,
          -0.72455,
          2.073846
        ],
        [
          -0.002938,
          -0.95907,
          -0.283154,
          1.47712
        ],
        [
          0.0,
          0.0,
          0.0,
          1.0
        ]
      ]
    },
    {
      "file_path": "/media/NFS/ttao/scannet/posed_images/scene0184_00/00478.jpg",
      "transform_matrix": [
        [
          -0.787991,
          0.257671,
          -0.559175,
          2.088966
        ],
        [
          0.615489,
          0.306653,
          -0.726042,
          2.077523
        ],
        [
          -0.015607,
          -0.91628,
          -0.400233,
          1.453035
        ],
        [
          0.0,
          0.0,
          0.0,
          1.0
        ]
      ]
    },
    {
      "file_path": "/media/NFS/ttao/scannet/posed_images/scene0184_00/00491.jpg",
      "transform_matrix": [
        [
          -0.84993,
          0.259194,
          -0.458735,
          2.079137
        ],
        [
          0.526336,
          0.377542,
          -0.761861,
          2.09091
        ],
        [
          -0.024278,
          -0.888977,
          -0.457308,
          1.423593
        ],
        [
          0.0,
          0.0,
          0.0,
          1.0
        ]
      ]
    },
    {
      "file_path": "/media/NFS/ttao/scannet/posed_images/scene0184_00/00500.jpg",
      "transform_matrix": [
        [
          -0.913801,
          0.20544,
          -0.350375,
          2.093632
        ],
        [
          0.405713,
          0.421097,
          -0.811218,
          2.091744
        ],
        [
          -0.019115,
          -0.883443,
          -0.468149,
          1.419087
        ],
        [
          0.0,
          0.0,
          0.0,
          1.0
        ]
      ]
    },
    {
      "file_path": "/media/NFS/ttao/scannet/posed_images/scene0184_00/00516.jpg",
      "transform_matrix": [
        [
          -0.980242,
          0.097086,
          -0.172333,
          2.267495
        ],
        [
          0.197791,
          0.488913,
          -0.849613,
          2.031919
        ],
        [
          0.00177,
          -0.866913,
          -0.498456,
          1.39583
        ],
        [
          0.0,
          0.0,
          0.0,
          1.0
        ]
      ]
    },
    {
      "file_path": "/media/NFS/ttao/scannet/posed_images/scene0184_00/00529.jpg",
      "transform_matrix": [
        [
          -0.985969,
          0.062188,
          -0.15491,
          2.474295
        ],
        [
          0.16256,
          0.568587,
          -0.806401,
          1.959085
        ],
        [
          0.037932,
          -0.820269,
          -0.570719,
          1.386241
        ],
        [
          0.0,
          0.0,
          0.0,
          1.0
        ]
      ]
    },
    {
      "file_path": "/media/NFS/ttao/scannet/posed_images/scene0184_00/00535.jpg",
      "transform_matrix": [
        [
          -0.980033,
          0.066718,
          -0.187307,
          2.556154
        ],
        [
          0.19115,
          0.57549,
          -0.795156,
          1.908298
        ],
        [
          0.054742,
          -0.815083,
          -0.576752,
          1.370326
        ],
        [
          0.0,
          0.0,
          0.0,
          1.0
        ]
      ]
    },
    {
      "file_path": "/media/NFS/ttao/scannet/posed_images/scene0184_00/00545.jpg",
      "transform_matrix": [
        [
          -0.973609,
          0.156128,
          -0.166461,
          2.660206
        ],
        [
          0.227448,
          0.603759,
          -0.764031,
          1.796184
        ],
        [
          -0.018784,
          -0.781728,
          -0.623336,
          1.358662
        ],
        [
          0.0,
          0.0,
          0.0,
          1.0
        ]
      ]
    },
    {
      "file_path": "/media/NFS/ttao/scannet/posed_images/scene0184_00/00558.jpg",
      "transform_matrix": [
        [
          -0.938701,
          0.252598,
          -0.234595,
          2.791462
        ],
        [
          0.340824,
          0.577833,
          -0.741585,
          1.697728
        ],
        [
          -0.051766,
          -0.776082,
          -0.628504,
          1.365322
        ],
        [
          0.0,
          0.0,
          0.0,
          1.0
        ]
      ]
    },
    {
      "file_path": "/media/NFS/ttao/scannet/posed_images/scene0184_00/00571.jpg",
      "transform_matrix": [
        [
          -0.84546,
          0.404321,
          -0.348886,
          2.903684
        ],
        [
          0.526831,
          0.524489,
          -0.668851,
          1.586515
        ],
        [
          -0.087444,
          -0.74929,
          -0.656443,
          1.380337
        ],
        [
          0.0,
          0.0,
          0.0,
          1.0
        ]
      ]
    },
    {
      "file_path": "/media/NFS/ttao/scannet/posed_images/scene0184_00/00574.jpg",
      "transform_matrix": [
        [
          -0.838866,
          0.411409,
          -0.356435,
          2.920116
        ],
        [
          0.537435,
          0.522031,
          -0.662304,
          1.565065
        ],
        [
          -0.086407,
          -0.747146,
          -0.65902,
          1.372556
        ],
        [
          0.0,
          0.0,
          0.0,
          1.0
        ]
      ]
    },
    {
      "file_path": "/media/NFS/ttao/scannet/posed_images/scene0184_00/00590.jpg",
      "transform_matrix": [
        [
          -0.821333,
          0.402337,
          -0.404397,
          3.006169
        ],
        [
          0.568677,
          0.521648,
          -0.635995,
          1.44321
        ],
        [
          -0.044931,
          -0.752335,
          -0.657247,
          1.364686
        ],
        [
          0.0,
          0.0,
          0.0,
          1.0
        ]
      ]
    },
    {
      "file_path": "/media/NFS/ttao/scannet/posed_images/scene0184_00/00600.jpg",
      "transform_matrix": [
        [
          -0.757555,
          0.413253,
          -0.505305,
          3.045439
        ],
        [
          0.65225,
          0.44826,
          -0.611256,
          1.348575
        ],
        [
          -0.026095,
          -0.792645,
          -0.609125,
          1.388612
        ],
        [
          0.0,
          0.0,
          0.0,
          1.0
        ]
      ]
    },
    {
      "file_path": "/media/NFS/ttao/scannet/posed_images/scene0184_00/00606.jpg",
      "transform_matrix": [
        [
          -0.732654,
          0.383884,
          -0.562006,
          3.056378
        ],
        [
          0.680366,
          0.391419,
          -0.619591,
          1.309941
        ],
        [
          -0.017871,
          -0.836316,
          -0.547956,
          1.413574
        ],
        [
          0.0,
          0.0,
          0.0,
          1.0
        ]
      ]
    },
    {
      "file_path": "/media/NFS/ttao/scannet/posed_images/scene0184_00/00625.jpg",
      "transform_matrix": [
        [
          -0.664326,
          0.293275,
          -0.687503,
          3.063496
        ],
        [
          0.746745,
          0.220695,
          -0.627428,
          1.27012
        ],
        [
          -0.032281,
          -0.930206,
          -0.365615,
          1.489153
        ],
        [
          0.0,
          0.0,
          0.0,
          1.0
        ]
      ]
    },
    {
      "file_path": "/media/NFS/ttao/scannet/posed_images/scene0184_00/00635.jpg",
      "transform_matrix": [
        [
          -0.644936,
          0.255274,
          -0.720342,
          3.050071
        ],
        [
          0.763202,
          0.166106,
          -0.624445,
          1.278678
        ],
        [
          -0.039751,
          -0.952494,
          -0.301954,
          1.511132
        ],
        [
          0.0,
          0.0,
          0.0,
          1.0
        ]
      ]
    },
    {
      "file_path": "/media/NFS/ttao/scannet/posed_images/scene0184_00/00648.jpg",
      "transform_matrix": [
        [
          -0.607228,
          0.24269,
          -0.756555,
          3.019814
        ],
        [
          0.79375,
          0.143192,
          -0.591149,
          1.277397
        ],
        [
          -0.035133,
          -0.959478,
          -0.279585,
          1.534202
        ],
        [
          0.0,
          0.0,
          0.0,
          1.0
        ]
      ]
    },
    {
      "file_path": "/media/NFS/ttao/scannet/posed_images/scene0184_00/00657.jpg",
      "transform_matrix": [
        [
          -0.607951,
          0.242648,
          -0.755988,
          2.986355
        ],
        [
          0.792635,
          0.130211,
          -0.595629,
          1.302225
        ],
        [
          -0.046091,
          -0.961336,
          -0.271493,
          1.551864
        ],
        [
          0.0,
          0.0,
          0.0,
          1.0
        ]
      ]
    },
    {
      "file_path": "/media/NFS/ttao/scannet/posed_images/scene0184_00/00660.jpg",
      "transform_matrix": [
        [
          -0.605102,
          0.239632,
          -0.759229,
          2.96789
        ],
        [
          0.794703,
          0.124363,
          -0.594123,
          1.312898
        ],
        [
          -0.047951,
          -0.962866,
          -0.265688,
          1.55923
        ],
        [
          0.0,
          0.0,
          0.0,
          1.0
        ]
      ]
    },
    {
      "file_path": "/media/NFS/ttao/scannet/posed_images/scene0184_00/00670.jpg",
      "transform_matrix": [
        [
          -0.559287,
          0.210612,
          -0.801773,
          2.904508
        ],
        [
          0.826698,
          0.070078,
          -0.558265,
          1.405593
        ],
        [
          -0.061391,
          -0.975055,
          -0.213306,
          1.556551
        ],
        [
          0.0,
          0.0,
          0.0,
          1.0
        ]
      ]
    },
    {
      "file_path": "/media/NFS/ttao/scannet/posed_images/scene0184_00/00689.jpg",
      "transform_matrix": [
        [
          -0.525048,
          0.112941,
          -0.843545,
          2.773231
        ],
        [
          0.849259,
          0.004853,
          -0.527955,
          1.606745
        ],
        [
          -0.055534,
          -0.99359,
          -0.098464,
          1.559995
        ],
        [
          0.0,
          0.0,
          0.0,
          1.0
        ]
      ]
    },
    {
      "file_path": "/media/NFS/ttao/scannet/posed_images/scene0184_00/00699.jpg",
      "transform_matrix": [
        [
          -0.476969,
          0.05069,
          -0.877457,
          2.722083
        ],
        [
          0.87746,
          -0.03007,
          -0.478707,
          1.655718
        ],
        [
          -0.050651,
          -0.998262,
          -0.030136,
          1.572669
        ],
        [
          0.0,
          0.0,
          0.0,
          1.0
        ]
      ]
    },
    {
      "file_path": "/media/NFS/ttao/scannet/posed_images/scene0184_00/00712.jpg",
      "transform_matrix": [
        [
          -0.378743,
          0.151431,
          -0.913029,
          2.606537
        ],
        [
          0.923058,
          -0.009844,
          -0.384536,
          1.643496
        ],
        [
          -0.067219,
          -0.988419,
          -0.136051,
          1.533413
        ],
        [
          0.0,
          0.0,
          0.0,
          1.0
        ]
      ]
    },
    {
      "file_path": "/media/NFS/ttao/scannet/posed_images/scene0184_00/00718.jpg",
      "transform_matrix": [
        [
          -0.374957,
          0.183849,
          -0.908629,
          2.544023
        ],
        [
          0.926174,
          0.031893,
          -0.375744,
          1.62134
        ],
        [
          -0.040101,
          -0.982437,
          -0.182235,
          1.520131
        ],
        [
          0.0,
          0.0,
          0.0,
          1.0
        ]
      ]
    },
    {
      "file_path": "/media/NFS/ttao/scannet/posed_images/scene0184_00/00731.jpg",
      "transform_matrix": [
        [
          -0.353699,
          0.366138,
          -0.860721,
          2.406804
        ],
        [
          0.933748,
          0.084228,
          -0.347879,
          1.607538
        ],
        [
          -0.054875,
          -0.926741,
          -0.371672,
          1.468589
        ],
        [
          0.0,
          0.0,
          0.0,
          1.0
        ]
      ]
    },
    {
      "file_path": "/media/NFS/ttao/scannet/posed_images/scene0184_00/00734.jpg",
      "transform_matrix": [
        [
          -0.364255,
          0.407735,
          -0.837299,
          2.377116
        ],
        [
          0.929018,
          0.096205,
          -0.357308,
          1.618148
        ],
        [
          -0.065134,
          -0.908018,
          -0.413837,
          1.458206
        ],
        [
          0.0,
          0.0,
          0.0,
          1.0
        ]
      ]
    },
    {
      "file_path": "/media/NFS/ttao/scannet/posed_images/scene0184_00/00750.jpg",
      "transform_matrix": [
        [
          -0.537348,
          0.480879,
          -0.69283,
          2.18841
        ],
        [
          0.837121,
          0.204383,
          -0.507401,
          1.782665
        ],
        [
          -0.102396,
          -0.852633,
          -0.512379,
          1.432163
        ],
        [
          0.0,
          0.0,
          0.0,
          1.0
        ]
      ]
    },
    {
      "file_path": "/media/NFS/ttao/scannet/posed_images/scene0184_00/00763.jpg",
      "transform_matrix": [
        [
          -0.64329,
          0.424628,
          -0.637078,
          2.022708
        ],
        [
          0.756156,
          0.221926,
          -0.615611,
          1.884124
        ],
        [
          -0.120021,
          -0.877747,
          -0.463848,
          1.422321
        ],
        [
          0.0,
          0.0,
          0.0,
          1.0
        ]
      ]
    },
    {
      "file_path": "/media/NFS/ttao/scannet/posed_images/scene0184_00/00769.jpg",
      "transform_matrix": [
        [
          -0.677113,
          0.383085,
          -0.628302,
          1.920346
        ],
        [
          0.730479,
          0.246668,
          -0.636832,
          1.898911
        ],
        [
          -0.088979,
          -0.890169,
          -0.446858,
          1.42055
        ],
        [
          0.0,
          0.0,
          0.0,
          1.0
        ]
      ]
    },
    {
      "file_path": "/media/NFS/ttao/scannet/posed_images/scene0184_00/00785.jpg",
      "transform_matrix": [
        [
          -0.794565,
          0.333319,
          -0.507509,
          1.634094
        ],
        [
          0.595411,
          0.26397,
          -0.758818,
          1.955096
        ],
        [
          -0.118961,
          -0.905107,
          -0.408203,
          1.428215
        ],
        [
          0.0,
          0.0,
          0.0,
          1.0
        ]
      ]
    },
    {
      "file_path": "/media/NFS/ttao/scannet/posed_images/scene0184_00/00789.jpg",
      "transform_matrix": [
        [
          -0.832521,
          0.309756,
          -0.459303,
          1.562479
        ],
        [
          0.541302,
          0.278389,
          -0.793405,
          1.978463
        ],
        [
          -0.117897,
          -0.909148,
          -0.399436,
          1.431007
        ],
        [
          0.0,
          0.0,
          0.0,
          1.0
        ]
      ]
    },
    {
      "file_path": "/media/NFS/ttao/scannet/posed_images/scene0184_00/00798.jpg",
      "transform_matrix": [
        [
          -0.931206,
          0.234065,
          -0.279408,
          1.424739
        ],
        [
          0.349087,
          0.352206,
          -0.868383,
          2.016157
        ],
        [
          -0.104849,
          -0.906182,
          -0.409685,
          1.4401
        ],
        [
          0.0,
          0.0,
          0.0,
          1.0
        ]
      ]
    },
    {
      "file_path": "/media/NFS/ttao/scannet/posed_images/scene0184_00/00818.jpg",
      "transform_matrix": [
        [
          -0.983848,
          0.013286,
          0.178514,
          1.287179
        ],
        [
          -0.157845,
          0.405975,
          -0.900149,
          1.931413
        ],
        [
          -0.084432,
          -0.913787,
          -0.397321,
          1.453432
        ],
        [
          0.0,
          0.0,
          0.0,
          1.0
        ]
      ]
    },
    {
      "file_path": "/media/NFS/ttao/scannet/posed_images/scene0184_00/00827.jpg",
      "transform_matrix": [
        [
          -0.941906,
          -0.032057,
          0.334344,
          1.219752
        ],
        [
          -0.322955,
          0.359892,
          -0.875316,
          1.922932
        ],
        [
